openEpochMillis,closeEpochMillis,open,high,low,close,volume,sourceBars
1412121600000,1412121659000,0.87376,0.8739,0.87373,0.87386,81290000,1
1412121660000,1412121719000,0.87388,0.8739,0.87383,0.87383,32050000,1
1412121720000,1412121779000,0.87381,0.87383,0.87367,0.8737,62710000,1
1412121780000,1412121839000,0.87372,0.87382,0.8737,0.87381,36560000,1
1412121840000,1412121899000,0.8738,0.8738,0.87366,0.87371,53690000,1
1412121900000,1412121959000,0.8737,0.87372,0.87361,0.87361,31580000,1
1412121960000,1412122019000,0.87361,0.87368,0.87359,0.87365,46060000,1
1412122020000,1412122079000,0.87365,0.87365,0.87362,0.87362,26570000,1
1412122080000,1412122139000,0.87363,0.87363,0.8736,0.8736,12250000,1
1412122140000,1412122199000,0.87359,0.87359,0.87341,0.8735,39290000,1
1412122200000,1412122259000,0.87351,0.87363,0.87346,0.87353,48240000,1
1412122260000,1412122319000,0.87352,0.8738,0.87352,0.8738,41570000,1
1412122320000,1412122379000,0.87382,0.87394,0.8737,0.87392,88330000,1
1412122380000,1412122439000,0.8739,0.87391,0.87387,0.87389,54750000,1
1412122440000,1412122499000,0.87389,0.87389,0.8737,0.87374,26750000,1
1412122500000,1412122559000,0.87371,0.87371,0.87363,0.87369,28160000,1
1412122560000,1412122619000,0.87368,0.87395,0.87368,0.87387,52460000,1
1412122620000,1412122679000,0.87387,0.87402,0.87387,0.87398,67360000,1
1412122680000,1412122739000,0.87398,0.87403,0.87398,0.87402,36510000,1
1412122740000,1412122799000,0.87398,0.8741,0.87396,0.87402,52730000,1
1412122800000,1412122859000,0.87402,0.87405,0.87402,0.87405,17070000,1
1412122860000,1412122919000,0.87405,0.8741,0.87397,0.87409,61820000,1
1412122920000,1412122979000,0.87411,0.87412,0.87389,0.87389,40500000,1
1412122980000,1412123039000,0.87389,0.8739,0.87385,0.87385,20750000,1
1412123040000,1412123099000,0.87384,0.8739,0.87384,0.8739,28020000,1
1412123100000,1412123159000,0.8739,0.87393,0.87387,0.87387,18510000,1
1412123160000,1412123219000,0.87387,0.87387,0.87367,0.87378,60150000,1
1412123220000,1412123279000,0.87378,0.87397,0.87378,0.8739,44700000,1
1412123280000,1412123339000,0.8739,0.87405,0.87385,0.87392,71270000,1
1412123340000,1412123399000,0.87391,0.87391,0.87372,0.87379,29800000,1
1412123400000,1412123459000,0.87379,0.87384,0.87378,0.87378,28050000,1
1412123460000,1412123519000,0.87379,0.87383,0.87362,0.87362,50600000,1
1412123520000,1412123579000,0.87361,0.87361,0.87339,0.87339,53650000,1
1412123580000,1412123639000,0.87338,0.87373,0.87338,0.87361,97620000,1
1412123640000,1412123699000,0.87362,0.87367,0.87329,0.87332,123810000,1
1412123700000,1412123759000,0.87336,0.87351,0.87319,0.87339,82660000,1
1412123760000,1412123819000,0.8734,0.87346,0.87318,0.87318,72760000,1
1412123820000,1412123879000,0.87318,0.87328,0.87312,0.87325,60230000,1
1412123880000,1412123939000,0.87325,0.87341,0.87316,0.87318,61130000,1
1412123940000,1412123999000,0.87318,0.87318,0.87286,0.87298,98810000,1
1412124000000,1412124059000,0.87298,0.87302,0.87297,0.87297,68620000,1
1412124060000,1412124119000,0.87297,0.8732,0.87296,0.87311,101480000,1
1412124120000,1412124179000,0.87309,0.87336,0.87309,0.87336,134110000,1
1412124180000,1412124239000,0.87334,0.87334,0.87314,0.87319,58790000,1
1412124240000,1412124299000,0.87319,0.87332,0.87315,0.87318,71620000,1
1412124300000,1412124359000,0.87318,0.87322,0.87296,0.87296,57170000,1
1412124360000,1412124419000,0.873,0.873,0.87287,0.87287,47060000,1
1412124420000,1412124479000,0.87288,0.87311,0.87288,0.87311,57390000,1
1412124480000,1412124539000,0.8731,0.87311,0.87303,0.87309,36940000,1
1412124540000,1412124599000,0.8731,0.87314,0.87303,0.87309,38500000,1
1412124600000,1412124659000,0.87307,0.87313,0.873,0.87302,50500000,1
1412124660000,1412124719000,0.873,0.87303,0.87297,0.87297,45320000,1
1412124720000,1412124779000,0.87297,0.87298,0.87291,0.87298,17380000,1
1412124780000,1412124839000,0.873,0.873,0.87284,0.87287,41010000,1
1412124840000,1412124899000,0.87287,0.87305,0.87279,0.87284,62940000,1
1412124900000,1412124959000,0.87287,0.87295,0.87271,0.87271,104720000,1
1412124960000,1412125019000,0.87271,0.8728,0.87266,0.8728,35050000,1
1412125020000,1412125079000,0.87282,0.87287,0.87269,0.87269,58830000,1
1412125080000,1412125139000,0.87271,0.87271,0.8724,0.87267,144070000,1
1412125140000,1412125199000,0.87267,0.87331,0.87261,0.87315,156290000,1
1412125200000,1412125259000,0.87314,0.8732,0.87285,0.87316,144950000,1
1412125260000,1412125319000,0.87315,0.8732,0.87286,0.87298,73610000,1
1412125320000,1412125379000,0.87296,0.87306,0.87272,0.87301,94490000,1
1412125380000,1412125439000,0.87301,0.87301,0.87269,0.87271,78770000,1
1412125440000,1412125499000,0.87271,0.87282,0.87221,0.87227,102790000,1
1412125500000,1412125559000,0.87225,0.87239,0.872,0.87228,144290000,1
1412125560000,1412125619000,0.87227,0.87227,0.87196,0.87203,89750000,1
1412125620000,1412125679000,0.87203,0.87213,0.87177,0.87209,103860000,1
1412125680000,1412125739000,0.87207,0.87213,0.87197,0.8721,55840000,1
1412125740000,1412125799000,0.87208,0.87238,0.87207,0.87236,99690000,1
1412125800000,1412125859000,0.87238,0.87255,0.87235,0.87251,87300000,1
1412125860000,1412125919000,0.8725,0.87264,0.87248,0.87262,67160000,1
1412125920000,1412125979000,0.87262,0.87263,0.87244,0.87244,35540000,1
1412125980000,1412126039000,0.87242,0.87242,0.87221,0.87234,68450000,1
1412126040000,1412126099000,0.87234,0.87235,0.87227,0.87228,21580000,1
1412126100000,1412126159000,0.87228,0.87233,0.87212,0.87227,44020000,1
1412126160000,1412126219000,0.87224,0.87226,0.87213,0.87223,41340000,1
1412126220000,1412126279000,0.87224,0.87232,0.87213,0.87214,76560000,1
1412126280000,1412126339000,0.87216,0.8723,0.87215,0.87228,33890000,1
1412126340000,1412126399000,0.87228,0.87233,0.87211,0.87212,55790000,1
1412126400000,1412126459000,0.87212,0.87213,0.87203,0.87203,42350000,1
1412126460000,1412126519000,0.87201,0.87202,0.87197,0.87197,33020000,1
1412126520000,1412126579000,0.87197,0.872,0.87189,0.87194,79530000,1
1412126580000,1412126639000,0.87194,0.87204,0.8719,0.8719,78350000,1
1412126640000,1412126699000,0.87189,0.8719,0.87181,0.87187,22460000,1
1412126700000,1412126759000,0.87187,0.87188,0.8716,0.87188,91160000,1
1412126760000,1412126819000,0.87189,0.87193,0.87181,0.87188,42560000,1
1412126820000,1412126879000,0.87189,0.87205,0.87189,0.87192,60710000,1
1412126880000,1412126939000,0.87193,0.8721,0.87192,0.87202,49130000,1
1412126940000,1412126999000,0.87202,0.87202,0.87157,0.87162,129860000,1
1412127000000,1412127059000,0.87162,0.87162,0.86928,0.87001,385130000,1
1412127060000,1412127119000,0.86998,0.87012,0.86886,0.86889,244940000,1
1412127120000,1412127179000,0.86888,0.86889,0.86864,0.86878,205380000,1
1412127180000,1412127239000,0.86877,0.869,0.86839,0.86839,205800000,1
1412127240000,1412127299000,0.86841,0.86859,0.86812,0.86816,131550000,1
1412127300000,1412127359000,0.86817,0.86873,0.86817,0.86869,200870000,1
1412127360000,1412127419000,0.8687,0.86879,0.86843,0.86867,135780000,1
1412127420000,1412127479000,0.86868,0.86907,0.86868,0.86901,176020000,1
1412127480000,1412127539000,0.86901,0.86901,0.86851,0.86857,146260000,1
1412127540000,1412127599000,0.86857,0.86877,0.86857,0.86867,90350000,1
1412127600000,1412127659000,0.86868,0.86895,0.86865,0.86887,142660000,1
1412127660000,1412127719000,0.86887,0.86921,0.86887,0.86915,167050000,1
1412127720000,1412127779000,0.86916,0.86955,0.86916,0.86955,107130000,1
1412127780000,1412127839000,0.86954,0.86967,0.86941,0.86967,97030000,1
1412127840000,1412127899000,0.86967,0.86967,0.86941,0.86943,92170000,1
1412127900000,1412127959000,0.86942,0.86956,0.8693,0.86931,70320000,1
1412127960000,1412128019000,0.86931,0.86931,0.86913,0.86915,92060000,1
1412128020000,1412128079000,0.86917,0.86918,0.86887,0.8689,95280000,1
1412128080000,1412128139000,0.86888,0.8689,0.86853,0.86853,100360000,1
1412128140000,1412128199000,0.86853,0.86865,0.86839,0.86863,132910000,1
1412128200000,1412128259000,0.86864,0.86864,0.86842,0.86852,58480000,1
1412128260000,1412128319000,0.86852,0.86873,0.86851,0.86873,99140000,1
1412128320000,1412128379000,0.86874,0.86911,0.86873,0.86911,96620000,1
1412128380000,1412128439000,0.86909,0.86909,0.8688,0.86893,108870000,1
1412128440000,1412128499000,0.86893,0.86903,0.86886,0.86892,112850000,1
1412128500000,1412128559000,0.86893,0.86909,0.86891,0.86897,98840000,1
1412128560000,1412128619000,0.869,0.86921,0.86891,0.869,81520000,1
1412128620000,1412128679000,0.86901,0.86914,0.86896,0.8691,68020000,1
1412128680000,1412128739000,0.8691,0.86945,0.8691,0.86944,111190000,1
1412128740000,1412128799000,0.86944,0.86944,0.86916,0.86918,69480000,1
1412128800000,1412128859000,0.86917,0.86923,0.86909,0.86923,70250000,1
1412128860000,1412128919000,0.86924,0.86926,0.8691,0.8691,31290000,1
1412128920000,1412128979000,0.8691,0.86911,0.86894,0.86904,69020000,1
1412128980000,1412129039000,0.86903,0.86924,0.86903,0.86909,84560000,1
1412129040000,1412129099000,0.86909,0.86909,0.86871,0.86885,136760000,1
1412129100000,1412129159000,0.86885,0.86885,0.86868,0.86868,44600000,1
1412129160000,1412129219000,0.86866,0.86875,0.86842,0.86842,93160000,1
1412129220000,1412129279000,0.86841,0.86841,0.86778,0.86792,169770000,1
1412129280000,1412129339000,0.86792,0.86792,0.86727,0.86736,172770000,1
1412129340000,1412129399000,0.86735,0.86743,0.86716,0.86743,144790000,1
1412129400000,1412129459000,0.86744,0.86772,0.86742,0.86757,84230000,1
1412129460000,1412129519000,0.86759,0.86789,0.86754,0.86754,137490000,1
1412129520000,1412129579000,0.86753,0.86758,0.86712,0.86723,122110000,1
1412129580000,1412129639000,0.86725,0.86747,0.86723,0.86735,103880000,1
1412129640000,1412129699000,0.86735,0.86735,0.86687,0.86687,98170000,1
1412129700000,1412129759000,0.86689,0.86708,0.86659,0.86707,176910000,1
1412129760000,1412129819000,0.86705,0.86757,0.86702,0.86746,174170000,1
1412129820000,1412129879000,0.86748,0.86748,0.86681,0.86697,182580000,1
1412129880000,1412129939000,0.86696,0.8671,0.86683,0.8671,109290000,1
1412129940000,1412129999000,0.86711,0.86746,0.86706,0.8674,92100000,1
1412130000000,1412130059000,0.86749,0.86774,0.86749,0.86772,87960000,1
1412130060000,1412130119000,0.86769,0.86798,0.86767,0.8677,113020000,1
1412130120000,1412130179000,0.86773,0.86784,0.86767,0.8677,40570000,1
1412130180000,1412130239000,0.86769,0.8677,0.86751,0.86751,82180000,1
1412130240000,1412130299000,0.86751,0.86756,0.86721,0.86722,94560000,1
1412130300000,1412130359000,0.86721,0.86724,0.86682,0.86682,102780000,1
1412130360000,1412130419000,0.86682,0.86731,0.86682,0.86727,144520000,1
1412130420000,1412130479000,0.86729,0.86769,0.86727,0.86756,125610000,1
1412130480000,1412130539000,0.86757,0.86788,0.86746,0.86775,224440000,1
1412130540000,1412130599000,0.86774,0.86786,0.86757,0.86782,92080000,1
1412130600000,1412130659000,0.86781,0.86781,0.86767,0.86767,32500000,1
1412130660000,1412130719000,0.86767,0.86783,0.86747,0.86747,82170000,1
1412130720000,1412130779000,0.86747,0.86749,0.8673,0.86743,62070000,1
1412130780000,1412130839000,0.86744,0.86779,0.86743,0.86766,96670000,1
1412130840000,1412130899000,0.86767,0.86783,0.86757,0.86769,76680000,1
1412130900000,1412130959000,0.86767,0.86767,0.86748,0.86755,46030000,1
1412130960000,1412131019000,0.86757,0.86761,0.8673,0.86732,44690000,1
1412131020000,1412131079000,0.86732,0.8674,0.8671,0.86739,90000000,1
1412131080000,1412131139000,0.86739,0.86746,0.8672,0.86724,82090000,1
1412131140000,1412131199000,0.86724,0.86724,0.86683,0.86702,92560000,1
1412131200000,1412131259000,0.867,0.86714,0.86669,0.86675,100490000,1
1412131260000,1412131319000,0.86675,0.86685,0.86664,0.86681,84810000,1
1412131320000,1412131379000,0.86681,0.86717,0.86681,0.86716,93840000,1
1412131380000,1412131439000,0.86717,0.86745,0.86717,0.86736,80740000,1
1412131440000,1412131499000,0.86736,0.86754,0.86722,0.86754,80920000,1
1412131500000,1412131559000,0.86754,0.86758,0.86742,0.86745,66970000,1
1412131560000,1412131619000,0.86746,0.86751,0.86728,0.86728,59750000,1
1412131620000,1412131679000,0.86725,0.86725,0.86671,0.86684,148870000,1
1412131680000,1412131739000,0.86685,0.86725,0.86685,0.86725,59860000,1
1412131740000,1412131799000,0.86724,0.86724,0.86714,0.86723,29550000,1
1412131800000,1412131859000,0.86724,0.86736,0.86724,0.86736,73940000,1
1412131860000,1412131919000,0.86741,0.86773,0.86739,0.86769,84230000,1
1412131920000,1412131979000,0.86768,0.86775,0.86751,0.86767,80100000,1
1412131980000,1412132039000,0.86766,0.8679,0.86766,0.86787,55980000,1
1412132040000,1412132099000,0.86789,0.86791,0.86763,0.86766,63650000,1
1412132100000,1412132159000,0.86765,0.86765,0.86742,0.86746,36890000,1
1412132160000,1412132219000,0.86747,0.86755,0.86732,0.86732,59340000,1
1412132220000,1412132279000,0.86731,0.86756,0.86731,0.86743,47950000,1
1412132280000,1412132339000,0.86745,0.86754,0.86745,0.86745,33490000,1
1412132340000,1412132399000,0.86743,0.8675,0.86734,0.86747,36390000,1
1412132400000,1412132459000,0.86747,0.86747,0.86717,0.86722,62530000,1
1412132460000,1412132519000,0.86723,0.86724,0.86701,0.86704,43820000,1
1412132520000,1412132579000,0.86705,0.8672,0.86701,0.86707,67030000,1
1412132580000,1412132639000,0.86707,0.8672,0.86691,0.86717,76010000,1
1412132640000,1412132699000,0.86716,0.86741,0.86716,0.86737,41000000,1
1412132700000,1412132759000,0.86737,0.86744,0.86736,0.86743,20510000,1
1412132760000,1412132819000,0.86743,0.86759,0.86724,0.86731,84280000,1
1412132820000,1412132879000,0.8673,0.86738,0.86715,0.86735,51520000,1
1412132880000,1412132939000,0.86733,0.86733,0.86707,0.86718,71670000,1
1412132940000,1412132999000,0.86718,0.86732,0.86717,0.86721,70210000,1
1412133000000,1412133059000,0.86722,0.86741,0.86722,0.86733,38260000,1
1412133060000,1412133119000,0.86733,0.86746,0.86718,0.86718,66370000,1
1412133120000,1412133179000,0.86719,0.86726,0.86719,0.86721,39630000,1
1412133180000,1412133239000,0.86725,0.86744,0.86725,0.86744,60990000,1
1412133240000,1412133299000,0.86744,0.86744,0.8673,0.86738,32350000,1
1412133300000,1412133359000,0.86739,0.86758,0.86739,0.86758,54650000,1
1412133360000,1412133419000,0.86761,0.86761,0.86752,0.86756,54630000,1
1412133420000,1412133479000,0.86758,0.86774,0.86758,0.86774,60540000,1
1412133480000,1412133539000,0.86774,0.86784,0.86771,0.86777,55490000,1
1412133540000,1412133599000,0.86778,0.86786,0.86771,0.86774,69120000,1
1412133600000,1412133659000,0.86775,0.86781,0.86772,0.86774,79450000,1
1412133660000,1412133719000,0.86773,0.86774,0.86772,0.86772,7500000,1
1412133720000,1412133779000,0.86772,0.86794,0.86772,0.86789,54990000,1
1412133780000,1412133839000,0.86791,0.86791,0.86775,0.86787,73590000,1
1412133840000,1412133899000,0.86789,0.86793,0.8678,0.86791,65850000,1
1412133900000,1412133959000,0.86789,0.86789,0.86773,0.86782,34420000,1
1412133960000,1412134019000,0.86781,0.86787,0.8678,0.86787,21750000,1
1412134020000,1412134079000,0.86787,0.86788,0.86785,0.86785,19500000,1
1412134080000,1412134139000,0.86785,0.86795,0.86785,0.86786,49260000,1
1412134140000,1412134199000,0.86786,0.86786,0.86773,0.86782,47860000,1
1412134200000,1412134259000,0.86783,0.86788,0.86781,0.86783,29780000,1
1412134260000,1412134319000,0.86781,0.86781,0.86771,0.86771,39570000,1
1412134320000,1412134379000,0.86772,0.86786,0.86771,0.86783,59410000,1
1412134380000,1412134439000,0.86786,0.86796,0.86786,0.86793,43360000,1
1412134440000,1412134499000,0.86793,0.86797,0.86791,0.86791,40730000,1
1412134500000,1412134559000,0.8679,0.8679,0.86771,0.86783,48500000,1
1412134560000,1412134619000,0.86782,0.86782,0.8678,0.86782,12200000,1
1412134620000,1412134679000,0.86781,0.86782,0.86781,0.86781,21380000,1
1412134680000,1412134739000,0.86783,0.86795,0.86783,0.86783,41250000,1
1412134740000,1412134799000,0.86785,0.86831,0.86785,0.86819,145010000,1
1412134800000,1412134859000,0.86818,0.86829,0.86802,0.86807,90910000,1
1412134860000,1412134919000,0.86808,0.86824,0.86799,0.86799,86600000,1
1412134920000,1412134979000,0.86799,0.86799,0.86787,0.86787,16000000,1
1412134980000,1412135039000,0.86788,0.86805,0.86787,0.86802,42650000,1
1412135040000,1412135099000,0.86804,0.86804,0.86794,0.86797,20580000,1
1412135100000,1412135159000,0.86795,0.86803,0.86794,0.86803,17240000,1
1412135160000,1412135219000,0.86801,0.86802,0.86768,0.86777,72670000,1
1412135220000,1412135279000,0.86776,0.86793,0.86775,0.86793,33910000,1
1412135280000,1412135339000,0.8679,0.8679,0.86769,0.86786,55000000,1
1412135340000,1412135399000,0.86785,0.86786,0.86777,0.86777,28950000,1
1412135400000,1412135459000,0.86778,0.86786,0.86778,0.86783,36710000,1
1412135460000,1412135519000,0.86784,0.86795,0.86783,0.86795,20600000,1
1412135520000,1412135579000,0.86795,0.86795,0.86788,0.86792,44610000,1
1412135580000,1412135639000,0.86793,0.86793,0.86789,0.86792,30250000,1
1412135640000,1412135699000,0.86793,0.86824,0.86793,0.86818,103970000,1
1412135700000,1412135759000,0.86816,0.86816,0.86801,0.86801,121030000,1
1412135760000,1412135819000,0.86802,0.86806,0.86797,0.86797,41810000,1
1412135820000,1412135879000,0.86798,0.86798,0.86788,0.86788,59450000,1
1412135880000,1412135939000,0.86785,0.86787,0.86785,0.86786,13240000,1
1412135940000,1412135999000,0.86785,0.86793,0.86778,0.86785,73200000,1
1412136000000,1412136059000,0.86783,0.86783,0.8677,0.86776,24680000,1
1412136060000,1412136119000,0.86776,0.86785,0.86776,0.86783,20630000,1
1412136120000,1412136179000,0.86782,0.8679,0.86769,0.86788,65790000,1
1412136180000,1412136239000,0.86788,0.86796,0.86788,0.86793,35720000,1
1412136240000,1412136299000,0.86792,0.86794,0.8678,0.86786,65110000,1
1412136300000,1412136359000,0.86786,0.86786,0.8676,0.8676,45000000,1
1412136360000,1412136419000,0.8676,0.8676,0.86753,0.86756,23070000,1
1412136420000,1412136479000,0.86757,0.86774,0.86757,0.86768,35150000,1
1412136480000,1412136539000,0.86768,0.86775,0.86767,0.86774,18230000,1
1412136540000,1412136599000,0.86774,0.86784,0.86774,0.8678,34860000,1
1412136600000,1412136659000,0.86782,0.86784,0.8678,0.86782,13470000,1
1412136660000,1412136719000,0.86781,0.86782,0.86778,0.86778,22560000,1
1412136720000,1412136779000,0.86778,0.86778,0.86771,0.86772,30240000,1
1412136780000,1412136839000,0.86773,0.86784,0.86758,0.86763,96680000,1
1412136840000,1412136899000,0.86763,0.86763,0.86739,0.86741,63050000,1
1412136900000,1412136959000,0.8674,0.8675,0.86739,0.86748,25010000,1
1412136960000,1412137019000,0.8675,0.86773,0.86749,0.86768,115130000,1
1412137020000,1412137079000,0.86769,0.86771,0.86761,0.86761,46990000,1
1412137080000,1412137139000,0.86761,0.86766,0.86761,0.86766,73620000,1
1412137140000,1412137199000,0.86766,0.86766,0.86752,0.86757,17120000,1
1412137200000,1412137259000,0.86757,0.86774,0.86749,0.86756,43350000,1
1412137260000,1412137319000,0.86756,0.86756,0.86742,0.86746,18690000,1
1412137320000,1412137379000,0.86749,0.86756,0.86743,0.86749,27100000,1
1412137380000,1412137439000,0.86749,0.86749,0.86737,0.86739,45450000,1
1412137440000,1412137499000,0.86738,0.86738,0.86729,0.86733,24990000,1
1412137500000,1412137559000,0.86733,0.86733,0.86702,0.86719,60070000,1
1412137560000,1412137619000,0.86719,0.86724,0.86707,0.86709,58960000,1
1412137620000,1412137679000,0.86709,0.86712,0.86699,0.86699,44170000,1
1412137680000,1412137739000,0.86699,0.86699,0.86683,0.86694,55120000,1
1412137740000,1412137799000,0.86694,0.86702,0.86692,0.86701,47810000,1
1412137800000,1412137859000,0.86701,0.86714,0.86701,0.86707,51620000,1
1412137860000,1412137919000,0.86705,0.86711,0.86697,0.86701,73900000,1
1412137920000,1412137979000,0.867,0.867,0.8669,0.86693,17880000,1
1412137980000,1412138039000,0.86692,0.86692,0.86664,0.86664,67010000,1
1412138040000,1412138099000,0.86662,0.86689,0.86662,0.86677,95330000,1
1412138100000,1412138159000,0.86677,0.86686,0.86672,0.86675,48970000,1
1412138160000,1412138219000,0.86676,0.86676,0.86652,0.86662,75960000,1
1412138220000,1412138279000,0.86665,0.86673,0.8666,0.86673,52610000,1
1412138280000,1412138339000,0.86672,0.86673,0.86672,0.86672,5100000,1
1412138340000,1412138399000,0.86672,0.86676,0.86672,0.86674,20670000,1
1412138400000,1412138459000,0.86675,0.86678,0.86661,0.86675,68110000,1
1412138460000,1412138519000,0.86675,0.86675,0.86674,0.86675,19410000,1
1412138520000,1412138579000,0.86675,0.86689,0.86675,0.8668,48090000,1
1412138580000,1412138639000,0.86682,0.86689,0.86673,0.86676,58390000,1
1412138640000,1412138699000,0.86676,0.86688,0.86667,0.86678,55580000,1
1412138700000,1412138759000,0.8668,0.8669,0.86674,0.86675,38430000,1
1412138760000,1412138819000,0.86675,0.86683,0.86674,0.86679,37470000,1
1412138820000,1412138879000,0.86679,0.86695,0.86679,0.86687,95990000,1
1412138880000,1412138939000,0.86689,0.86696,0.86689,0.86693,19070000,1
1412138940000,1412138999000,0.86693,0.86694,0.86691,0.86691,18170000,1
1412139000000,1412139059000,0.86692,0.86692,0.8668,0.86681,48070000,1
1412139060000,1412139119000,0.86681,0.86683,0.86681,0.86681,22120000,1
1412139120000,1412139179000,0.86681,0.86683,0.86675,0.86675,21730000,1
1412139180000,1412139239000,0.86675,0.86688,0.86651,0.86655,102070000,1
1412139240000,1412139299000,0.86656,0.86658,0.86643,0.86653,59620000,1
1412139300000,1412139359000,0.86655,0.86663,0.86646,0.86653,94180000,1
1412139360000,1412139419000,0.86654,0.86663,0.86654,0.86657,44060000,1
1412139420000,1412139479000,0.86659,0.86659,0.86647,0.86651,58900000,1
1412139480000,1412139539000,0.86651,0.86657,0.86638,0.86657,78100000,1
1412139540000,1412139599000,0.86656,0.8666,0.86649,0.86653,48520000,1
1412139600000,1412139659000,0.86653,0.86653,0.86639,0.86643,68810000,1
1412139660000,1412139719000,0.8664,0.86645,0.86636,0.86641,57850000,1
1412139720000,1412139779000,0.86641,0.86641,0.8663,0.86633,99830000,1
1412139780000,1412139839000,0.86633,0.86654,0.86633,0.8665,56730000,1
1412139840000,1412139899000,0.86649,0.86663,0.86649,0.86663,52870000,1
1412139900000,1412139959000,0.86663,0.86664,0.86641,0.86651,53150000,1
1412139960000,1412140019000,0.86651,0.86662,0.86651,0.86662,47990000,1
1412140020000,1412140079000,0.86662,0.86669,0.86657,0.86658,29480000,1
1412140080000,1412140139000,0.86658,0.86658,0.86647,0.86654,34050000,1
1412140140000,1412140199000,0.86655,0.8666,0.86655,0.86659,16790000,1
1412140200000,1412140259000,0.86658,0.86665,0.86658,0.86665,17040000,1
1412140260000,1412140319000,0.86665,0.86674,0.86665,0.86673,21640000,1
1412140320000,1412140379000,0.86673,0.86686,0.86673,0.86681,42520000,1
1412140380000,1412140439000,0.86681,0.86681,0.86672,0.86674,20600000,1
1412140440000,1412140499000,0.86674,0.86676,0.86673,0.86676,12080000,1
1412140500000,1412140559000,0.86677,0.86707,0.86677,0.86706,52460000,1
1412140560000,1412140619000,0.86706,0.8672,0.86697,0.86719,116360000,1
1412140620000,1412140679000,0.8672,0.86738,0.86715,0.86727,105450000,1
1412140680000,1412140739000,0.86727,0.86747,0.86727,0.86747,68140000,1
1412140740000,1412140799000,0.86745,0.8677,0.86743,0.86757,80640000,1
1412140800000,1412140859000,0.86757,0.86765,0.86747,0.86759,67910000,1
1412140860000,1412140919000,0.86759,0.8676,0.86746,0.86747,28170000,1
1412140920000,1412140979000,0.86748,0.86748,0.86746,0.86746,11750000,1
1412140980000,1412141039000,0.86747,0.86804,0.86747,0.86804,49690000,1
1412141040000,1412141099000,0.86803,0.86827,0.86797,0.86805,82670000,1
1412141100000,1412141159000,0.86805,0.86819,0.86799,0.86815,118120000,1
1412141160000,1412141219000,0.86815,0.86816,0.86776,0.86778,89430000,1
1412141220000,1412141279000,0.86773,0.86788,0.86762,0.86776,86430000,1
1412141280000,1412141339000,0.86776,0.86787,0.86768,0.86782,83460000,1
1412141340000,1412141399000,0.86782,0.86787,0.86774,0.86782,92960000,1
1412141400000,1412141459000,0.86782,0.86784,0.86772,0.86778,19420000,1
1412141460000,1412141519000,0.86775,0.86775,0.86747,0.86763,106490000,1
1412141520000,1412141579000,0.86761,0.86772,0.86757,0.86772,58430000,1
1412141580000,1412141639000,0.86772,0.86772,0.8676,0.86771,61180000,1
1412141640000,1412141699000,0.86771,0.86795,0.86771,0.86795,100390000,1
1412141700000,1412141759000,0.86795,0.86802,0.86789,0.86794,87710000,1
1412141760000,1412141819000,0.86794,0.86794,0.86789,0.8679,15000000,1
1412141820000,1412141879000,0.8679,0.86799,0.86789,0.86797,28440000,1
1412141880000,1412141939000,0.86797,0.8681,0.86796,0.86798,57080000,1
1412141940000,1412141999000,0.86797,0.86798,0.86764,0.86766,109250000,1
1412142000000,1412142059000,0.86766,0.86785,0.86766,0.86771,30380000,1
1412142060000,1412142119000,0.86771,0.86784,0.86769,0.86773,45270000,1
1412142120000,1412142179000,0.86773,0.86786,0.86771,0.86776,44040000,1
1412142180000,1412142239000,0.86776,0.86791,0.8677,0.86777,77070000,1
1412142240000,1412142299000,0.86779,0.8678,0.86771,0.86771,39570000,1
1412142300000,1412142359000,0.86771,0.86791,0.8677,0.8678,73390000,1
1412142360000,1412142419000,0.86781,0.86796,0.86772,0.86794,71290000,1
1412142420000,1412142479000,0.86794,0.8681,0.86794,0.86803,59800000,1
1412142480000,1412142539000,0.86804,0.86806,0.86791,0.86803,79520000,1
1412142540000,1412142599000,0.86803,0.86803,0.86787,0.86803,96490000,1
1412142600000,1412142659000,0.86803,0.86856,0.86802,0.86855,133690000,1
1412142660000,1412142719000,0.86855,0.8692,0.86855,0.86904,188510000,1
1412142720000,1412142779000,0.86904,0.86946,0.86904,0.86936,127250000,1
1412142780000,1412142839000,0.86936,0.86936,0.86902,0.86904,137760000,1
1412142840000,1412142899000,0.86905,0.86905,0.86877,0.86895,72570000,1
1412142900000,1412142959000,0.86894,0.86895,0.86886,0.86887,53850000,1
1412142960000,1412143019000,0.86887,0.8693,0.86887,0.8693,82470000,1
1412143020000,1412143079000,0.8693,0.86934,0.86911,0.86916,73560000,1
1412143080000,1412143139000,0.86916,0.86924,0.86908,0.86919,66790000,1
1412143140000,1412143199000,0.86921,0.8694,0.86919,0.86932,72730000,1
1412143200000,1412143259000,0.86932,0.86932,0.86907,0.86925,81340000,1
1412143260000,1412143319000,0.86925,0.86979,0.86922,0.86956,137450000,1
1412143320000,1412143379000,0.86956,0.86956,0.86913,0.86926,54510000,1
1412143380000,1412143439000,0.86925,0.86926,0.869,0.869,84400000,1
1412143440000,1412143499000,0.869,0.869,0.8688,0.86882,100560000,1
1412143500000,1412143559000,0.86882,0.86883,0.86864,0.86871,80870000,1
1412143560000,1412143619000,0.86871,0.86875,0.86859,0.86871,102080000,1
1412143620000,1412143679000,0.8687,0.86872,0.86867,0.86869,32730000,1
1412143680000,1412143739000,0.8687,0.86877,0.86869,0.86876,120360000,1
1412143740000,1412143799000,0.86876,0.86882,0.86874,0.86876,32390000,1
1412143800000,1412143859000,0.86876,0.8688,0.86864,0.86878,50470000,1
1412143860000,1412143919000,0.86878,0.86907,0.86877,0.86896,96070000,1
1412143920000,1412143979000,0.86896,0.86898,0.86885,0.86898,35330000,1
1412143980000,1412144039000,0.86899,0.86915,0.86897,0.86898,64520000,1
1412144040000,1412144099000,0.869,0.86906,0.86897,0.86897,36240000,1
1412144100000,1412144159000,0.86898,0.86898,0.8688,0.86893,78670000,1
1412144160000,1412144219000,0.86894,0.86896,0.86877,0.86877,25220000,1
1412144220000,1412144279000,0.86877,0.86887,0.86875,0.86886,37430000,1
1412144280000,1412144339000,0.86887,0.86903,0.86887,0.8689,46510000,1
1412144340000,1412144399000,0.86888,0.86893,0.86887,0.86889,53190000,1
1412144400000,1412144459000,0.8689,0.8689,0.86875,0.86878,21580000,1
1412144460000,1412144519000,0.86878,0.86901,0.86878,0.86901,61740000,1
1412144520000,1412144579000,0.86899,0.86926,0.86899,0.86917,75840000,1
1412144580000,1412144639000,0.86918,0.86929,0.8691,0.86928,72340000,1
1412144640000,1412144699000,0.86928,0.86941,0.86928,0.86938,59590000,1
1412144700000,1412144759000,0.86939,0.86956,0.86937,0.86951,91250000,1
1412144760000,1412144819000,0.8695,0.86951,0.86937,0.86937,78410000,1
1412144820000,1412144879000,0.86938,0.86941,0.86928,0.86938,40380000,1
1412144880000,1412144939000,0.86938,0.86947,0.86932,0.86943,63310000,1
1412144940000,1412144999000,0.86943,0.86949,0.86942,0.86944,66200000,1
1412145000000,1412145059000,0.86943,0.86944,0.86942,0.86943,17670000,1
1412145060000,1412145119000,0.86943,0.86959,0.86941,0.86959,65290000,1
1412145120000,1412145179000,0.86959,0.87002,0.86959,0.86967,153100000,1
1412145180000,1412145239000,0.86968,0.86991,0.86966,0.86966,81130000,1
1412145240000,1412145299000,0.86966,0.86969,0.86951,0.86953,47930000,1
1412145300000,1412145359000,0.86954,0.86955,0.86944,0.86953,55210000,1
1412145360000,1412145419000,0.86952,0.87011,0.86952,0.87007,141530000,1
1412145420000,1412145479000,0.87007,0.87053,0.87007,0.87036,181610000,1
1412145480000,1412145539000,0.87035,0.87035,0.87011,0.87013,113200000,1
1412145540000,1412145599000,0.87015,0.87015,0.86985,0.86987,59360000,1
1412145600000,1412145659000,0.86987,0.87018,0.86987,0.87012,59030000,1
1412145660000,1412145719000,0.87012,0.87017,0.87001,0.8701,88340000,1
1412145720000,1412145779000,0.87008,0.87008,0.86987,0.86988,48660000,1
1412145780000,1412145839000,0.86988,0.87005,0.86977,0.86977,119840000,1
1412145840000,1412145899000,0.86977,0.86986,0.86977,0.8698,59960000,1
1412145900000,1412145959000,0.8698,0.86998,0.86977,0.8699,77600000,1
1412145960000,1412146019000,0.86987,0.87001,0.86982,0.86999,94760000,1
1412146020000,1412146079000,0.86998,0.87016,0.86996,0.87014,51890000,1
1412146080000,1412146139000,0.87009,0.87009,0.86969,0.86986,94050000,1
1412146140000,1412146199000,0.86986,0.86986,0.86973,0.86975,78080000,1
1412146200000,1412146259000,0.86975,0.86975,0.8696,0.8696,43690000,1
1412146260000,1412146319000,0.8696,0.86966,0.86957,0.86966,57480000,1
1412146320000,1412146379000,0.86966,0.86979,0.86966,0.86977,66020000,1
1412146380000,1412146439000,0.86977,0.86977,0.86952,0.86955,51990000,1
1412146440000,1412146499000,0.86955,0.86988,0.86955,0.86987,79360000,1
1412146500000,1412146559000,0.86987,0.86987,0.8698,0.8698,32890000,1
1412146560000,1412146619000,0.8698,0.86988,0.86977,0.86987,97900000,1
1412146620000,1412146679000,0.86987,0.86988,0.86962,0.86963,50920000,1
1412146680000,1412146739000,0.86963,0.86965,0.86954,0.86964,70910000,1
1412146740000,1412146799000,0.86964,0.86981,0.86964,0.86968,67840000,1
1412146800000,1412146859000,0.86968,0.86974,0.8696,0.86962,78860000,1
1412146860000,1412146919000,0.86962,0.86966,0.86952,0.86956,48950000,1
1412146920000,1412146979000,0.86956,0.86956,0.86951,0.86952,31340000,1
1412146980000,1412147039000,0.86953,0.86976,0.86953,0.86976,79110000,1
1412147040000,1412147099000,0.86976,0.86979,0.86945,0.86963,54800000,1
1412147100000,1412147159000,0.86965,0.86977,0.86965,0.86972,99910000,1
1412147160000,1412147219000,0.86973,0.86979,0.8697,0.86971,36990000,1
1412147220000,1412147279000,0.86971,0.86974,0.86952,0.86967,59760000,1
1412147280000,1412147339000,0.86968,0.8702,0.86968,0.87017,127700000,1
1412147340000,1412147399000,0.8702,0.87037,0.87015,0.87019,95120000,1
1412147400000,1412147459000,0.87019,0.87039,0.87012,0.87035,61820000,1
1412147460000,1412147519000,0.87035,0.87035,0.87011,0.87017,68050000,1
1412147520000,1412147579000,0.87017,0.87023,0.86987,0.86987,123750000,1
1412147580000,1412147639000,0.86984,0.87004,0.86976,0.87004,88280000,1
1412147640000,1412147699000,0.87004,0.87007,0.86981,0.86981,81700000,1
1412147700000,1412147759000,0.8698,0.86986,0.86958,0.86966,117410000,1
1412147760000,1412147819000,0.86966,0.86966,0.86944,0.86958,115580000,1
1412147820000,1412147879000,0.86958,0.86966,0.86947,0.86957,76600000,1
1412147880000,1412147939000,0.86957,0.86997,0.86948,0.86986,117980000,1
1412147940000,1412147999000,0.86987,0.86995,0.86978,0.86981,78170000,1
1412148000000,1412148059000,0.86979,0.86983,0.86963,0.86967,65400000,1
1412148060000,1412148119000,0.86972,0.86993,0.86963,0.86992,91380000,1
1412148120000,1412148179000,0.86996,0.86997,0.86979,0.86985,77840000,1
1412148180000,1412148239000,0.86985,0.86985,0.86972,0.86977,39880000,1
1412148240000,1412148299000,0.86978,0.87007,0.86977,0.87004,74710000,1
1412148300000,1412148359000,0.86999,0.87,0.86979,0.86986,112410000,1
1412148360000,1412148419000,0.86986,0.8699,0.8698,0.86988,46740000,1
1412148420000,1412148479000,0.86987,0.86988,0.86962,0.86962,38970000,1
1412148480000,1412148539000,0.86962,0.86966,0.86947,0.86953,75380000,1
1412148540000,1412148599000,0.86953,0.86957,0.8695,0.86956,57010000,1
1412148600000,1412148659000,0.86956,0.86957,0.8695,0.86957,40150000,1
1412148660000,1412148719000,0.86957,0.8696,0.86942,0.86942,56280000,1
1412148720000,1412148779000,0.86942,0.86943,0.86937,0.86937,52470000,1
1412148780000,1412148839000,0.86935,0.86939,0.86921,0.86933,70810000,1
1412148840000,1412148899000,0.86932,0.86947,0.86932,0.86938,58590000,1
1412148900000,1412148959000,0.86937,0.86978,0.86937,0.86965,74900000,1
1412148960000,1412149019000,0.86965,0.86967,0.86947,0.8695,94030000,1
1412149020000,1412149079000,0.86948,0.86963,0.86942,0.86963,94640000,1
1412149080000,1412149139000,0.86965,0.86974,0.86947,0.86948,71400000,1
1412149140000,1412149199000,0.86948,0.86966,0.86928,0.86957,105170000,1
1412149200000,1412149259000,0.86957,0.86979,0.86957,0.86958,105780000,1
1412149260000,1412149319000,0.86958,0.86977,0.86958,0.86976,77940000,1
1412149320000,1412149379000,0.86976,0.86994,0.86972,0.86994,111020000,1
1412149380000,1412149439000,0.86992,0.86992,0.86967,0.86975,70980000,1
1412149440000,1412149499000,0.86975,0.86976,0.86962,0.86965,33490000,1
1412149500000,1412149559000,0.86965,0.86968,0.8695,0.86951,88180000,1
1412149560000,1412149619000,0.86952,0.86955,0.86899,0.86905,104220000,1
1412149620000,1412149679000,0.86906,0.86906,0.86894,0.86905,60660000,1
1412149680000,1412149739000,0.86905,0.86918,0.86887,0.86897,88710000,1
1412149740000,1412149799000,0.86895,0.86895,0.86885,0.86889,52340000,1
1412149800000,1412149859000,0.86887,0.86891,0.86867,0.8687,82140000,1
1412149860000,1412149919000,0.8687,0.86885,0.8687,0.86877,59370000,1
1412149920000,1412149979000,0.86877,0.86894,0.86876,0.86882,58770000,1
1412149980000,1412150039000,0.86882,0.86885,0.86869,0.86881,49520000,1
1412150040000,1412150099000,0.86879,0.8688,0.86871,0.86871,33850000,1
1412150100000,1412150159000,0.86871,0.86872,0.86847,0.86856,105690000,1
1412150160000,1412150219000,0.86856,0.86886,0.86856,0.86885,120830000,1
1412150220000,1412150279000,0.86885,0.86917,0.86885,0.86903,127600000,1
1412150280000,1412150339000,0.86903,0.86912,0.86892,0.869,101790000,1
1412150340000,1412150399000,0.86901,0.86933,0.86901,0.86928,63790000,1
1412150400000,1412150459000,0.86928,0.86928,0.86912,0.86913,75090000,1
1412150460000,1412150519000,0.86911,0.86926,0.869,0.86901,112060000,1
1412150520000,1412150579000,0.86901,0.86907,0.86885,0.86885,94750000,1
1412150580000,1412150639000,0.86885,0.86921,0.86885,0.86918,77990000,1
1412150640000,1412150699000,0.8692,0.86937,0.86916,0.86937,75470000,1
1412150700000,1412150759000,0.86937,0.86954,0.86934,0.86948,100860000,1
1412150760000,1412150819000,0.86948,0.86956,0.86937,0.86937,42310000,1
1412150820000,1412150879000,0.86937,0.86965,0.86937,0.86957,49890000,1
1412150880000,1412150939000,0.86957,0.86958,0.86956,0.86957,44370000,1
1412150940000,1412150999000,0.86957,0.87001,0.86952,0.86995,125690000,1
1412151000000,1412151059000,0.86995,0.87045,0.86995,0.87034,154250000,1
1412151060000,1412151119000,0.87037,0.87055,0.87037,0.87045,95310000,1
1412151120000,1412151179000,0.87045,0.87108,0.87035,0.87105,101660000,1
1412151180000,1412151239000,0.87104,0.87152,0.87097,0.87127,157330000,1
1412151240000,1412151299000,0.87129,0.87131,0.87112,0.87127,89560000,1
1412151300000,1412151359000,0.87127,0.8714,0.8712,0.87127,94930000,1
1412151360000,1412151419000,0.87129,0.87176,0.87127,0.87171,136140000,1
1412151420000,1412151479000,0.8717,0.87172,0.87115,0.8712,113930000,1
1412151480000,1412151539000,0.8712,0.87122,0.87083,0.87093,157450000,1
1412151540000,1412151599000,0.87093,0.87107,0.87078,0.87084,126040000,1
1412151600000,1412151659000,0.87084,0.87095,0.87064,0.87095,107270000,1
1412151660000,1412151719000,0.87096,0.87109,0.8708,0.87092,89300000,1
1412151720000,1412151779000,0.87092,0.871,0.87057,0.871,139810000,1
1412151780000,1412151839000,0.871,0.871,0.87068,0.87084,98770000,1
1412151840000,1412151899000,0.87086,0.87122,0.87086,0.87117,88350000,1
1412151900000,1412151959000,0.87117,0.87117,0.87097,0.87098,43510000,1
1412151960000,1412152019000,0.87098,0.87098,0.87067,0.87074,83350000,1
1412152020000,1412152079000,0.87073,0.87106,0.87069,0.87106,48640000,1
1412152080000,1412152139000,0.87107,0.87113,0.8709,0.8711,105960000,1
1412152140000,1412152199000,0.87109,0.87117,0.87104,0.87115,55250000,1
1412152200000,1412152259000,0.87115,0.87115,0.87084,0.87104,152300000,1
1412152260000,1412152319000,0.87106,0.87113,0.871,0.87106,66520000,1
1412152320000,1412152379000,0.87106,0.87129,0.87087,0.87128,126430000,1
1412152380000,1412152439000,0.87129,0.87131,0.87122,0.87127,68340000,1
1412152440000,1412152499000,0.87127,0.87128,0.87117,0.87126,61600000,1
1412152500000,1412152559000,0.87126,0.87161,0.87126,0.87158,141480000,1
1412152560000,1412152619000,0.87157,0.8716,0.87145,0.87152,80390000,1
1412152620000,1412152679000,0.87153,0.87169,0.87142,0.87142,86120000,1
1412152680000,1412152739000,0.87142,0.8715,0.87129,0.87131,68920000,1
1412152740000,1412152799000,0.87131,0.87156,0.87121,0.87156,94160000,1
1412152800000,1412152859000,0.87157,0.8717,0.87157,0.87159,71370000,1
1412152860000,1412152919000,0.87159,0.87159,0.87139,0.87139,78790000,1
1412152920000,1412152979000,0.87137,0.87139,0.87129,0.87131,57190000,1
1412152980000,1412153039000,0.87132,0.87132,0.87118,0.87118,51500000,1
1412153040000,1412153099000,0.87117,0.87118,0.87102,0.87103,72720000,1
1412153100000,1412153159000,0.87101,0.8712,0.87098,0.8712,54760000,1
1412153160000,1412153219000,0.8712,0.8713,0.87105,0.87114,57710000,1
1412153220000,1412153279000,0.87116,0.8712,0.87115,0.87118,30140000,1
1412153280000,1412153339000,0.8712,0.87159,0.87111,0.87157,107300000,1
1412153340000,1412153399000,0.87157,0.87215,0.87157,0.8721,144880000,1
1412153400000,1412153459000,0.87211,0.8725,0.87211,0.87241,139340000,1
1412153460000,1412153519000,0.8724,0.87262,0.8724,0.87247,102960000,1
1412153520000,1412153579000,0.87247,0.87271,0.87231,0.87233,145380000,1
1412153580000,1412153639000,0.87232,0.87232,0.87199,0.87207,117370000,1
1412153640000,1412153699000,0.87207,0.87207,0.87185,0.87185,70260000,1
1412153700000,1412153759000,0.87185,0.87191,0.87178,0.87187,105700000,1
1412153760000,1412153819000,0.87185,0.87187,0.87179,0.87187,61020000,1
1412153820000,1412153879000,0.87187,0.87189,0.87177,0.87177,58950000,1
1412153880000,1412153939000,0.87177,0.87199,0.8717,0.87188,87210000,1
1412153940000,1412153999000,0.87186,0.87203,0.87179,0.87202,119840000,1
1412154000000,1412154059000,0.87202,0.87204,0.87168,0.87171,86940000,1
1412154060000,1412154119000,0.87171,0.87179,0.87157,0.87164,69580000,1
1412154120000,1412154179000,0.87162,0.87169,0.87158,0.87166,50140000,1
1412154180000,1412154239000,0.87166,0.87167,0.87159,0.87165,51080000,1
1412154240000,1412154299000,0.87165,0.87165,0.87155,0.87161,69700000,1
1412154300000,1412154359000,0.87161,0.87161,0.87146,0.87152,45360000,1
1412154360000,1412154419000,0.87152,0.87153,0.87144,0.87151,51430000,1
1412154420000,1412154479000,0.87151,0.87168,0.87147,0.87159,74040000,1
1412154480000,1412154539000,0.87159,0.87168,0.87157,0.87158,78820000,1
1412154540000,1412154599000,0.87158,0.87159,0.87151,0.87152,68440000,1
1412154600000,1412154659000,0.87152,0.8716,0.87152,0.8716,51320000,1
1412154660000,1412154719000,0.8716,0.87182,0.8716,0.8718,92350000,1
1412154720000,1412154779000,0.87176,0.87203,0.8717,0.872,119630000,1
1412154780000,1412154839000,0.87202,0.87208,0.87169,0.87185,81040000,1
1412154840000,1412154899000,0.87184,0.87187,0.8717,0.87186,75620000,1
1412154900000,1412154959000,0.87186,0.8721,0.87186,0.8721,90390000,1
1412154960000,1412155019000,0.8721,0.8721,0.87187,0.87192,98720000,1
1412155020000,1412155079000,0.87192,0.87201,0.8719,0.8719,39060000,1
1412155080000,1412155139000,0.87191,0.87202,0.87187,0.87201,65990000,1
1412155140000,1412155199000,0.87199,0.8722,0.87199,0.8722,45730000,1
1412155200000,1412155259000,0.8722,0.87232,0.87218,0.87228,79450000,1
1412155260000,1412155319000,0.87228,0.87237,0.87222,0.87237,79500000,1
1412155320000,1412155379000,0.87237,0.87271,0.87237,0.8726,119020000,1
1412155380000,1412155439000,0.87263,0.87266,0.87228,0.8725,129860000,1
1412155440000,1412155499000,0.8725,0.8725,0.87218,0.87225,73550000,1
1412155500000,1412155559000,0.87225,0.87231,0.87208,0.8721,67380000,1
1412155560000,1412155619000,0.8721,0.87231,0.87209,0.87231,42740000,1
1412155620000,1412155679000,0.8723,0.87231,0.8721,0.87212,88490000,1
1412155680000,1412155739000,0.87212,0.87212,0.87206,0.87209,37700000,1
1412155740000,1412155799000,0.87209,0.87218,0.87209,0.87213,73150000,1
1412155800000,1412155859000,0.87213,0.87231,0.87205,0.87223,92570000,1
1412155860000,1412155919000,0.87223,0.8723,0.87208,0.87211,100070000,1
1412155920000,1412155979000,0.87211,0.87211,0.87188,0.87196,76710000,1
1412155980000,1412156039000,0.87196,0.87218,0.87196,0.87217,52170000,1
1412156040000,1412156099000,0.87217,0.87217,0.87202,0.8721,60840000,1
1412156100000,1412156159000,0.87207,0.87207,0.87189,0.87189,60090000,1
1412156160000,1412156219000,0.87189,0.87203,0.87187,0.87197,59590000,1
1412156220000,1412156279000,0.87197,0.87199,0.87187,0.87191,45830000,1
1412156280000,1412156339000,0.87189,0.872,0.87189,0.87192,31610000,1
1412156340000,1412156399000,0.87192,0.87192,0.87179,0.87188,32340000,1
1412156400000,1412156459000,0.87188,0.87188,0.87172,0.87172,73320000,1
1412156460000,1412156519000,0.87172,0.87172,0.87153,0.87158,38770000,1
1412156520000,1412156579000,0.87158,0.87184,0.87158,0.87178,39230000,1
1412156580000,1412156639000,0.87179,0.87211,0.87179,0.872,62770000,1
1412156640000,1412156699000,0.87196,0.87208,0.87178,0.87178,75640000,1
1412156700000,1412156759000,0.87177,0.8719,0.87172,0.87177,61110000,1
1412156760000,1412156819000,0.87177,0.87177,0.87151,0.87167,60480000,1
1412156820000,1412156879000,0.87167,0.87167,0.87156,0.87159,44000000,1
1412156880000,1412156939000,0.87155,0.87156,0.8714,0.8714,61720000,1
1412156940000,1412156999000,0.8714,0.87158,0.87139,0.87139,52610000,1
1412157000000,1412157059000,0.87139,0.87171,0.87137,0.87167,94350000,1
1412157060000,1412157119000,0.87163,0.8718,0.87159,0.8718,114650000,1
1412157120000,1412157179000,0.8718,0.87191,0.87179,0.87191,65720000,1
1412157180000,1412157239000,0.87191,0.87195,0.87172,0.87174,68140000,1
1412157240000,1412157299000,0.87174,0.8718,0.87165,0.87168,60790000,1
1412157300000,1412157359000,0.87168,0.87168,0.87142,0.87149,50210000,1
1412157360000,1412157419000,0.87149,0.87171,0.87147,0.87167,97530000,1
1412157420000,1412157479000,0.87167,0.87167,0.87151,0.87157,44690000,1
1412157480000,1412157539000,0.87157,0.87166,0.87152,0.87161,95810000,1
1412157540000,1412157599000,0.8716,0.8716,0.87133,0.8714,63370000,1
1412157600000,1412157659000,0.87137,0.8715,0.87129,0.8715,96980000,1
1412157660000,1412157719000,0.8715,0.87157,0.87114,0.87114,64190000,1
1412157720000,1412157779000,0.87114,0.87114,0.87053,0.87059,136800000,1
1412157780000,1412157839000,0.87059,0.87081,0.87059,0.87061,102860000,1
1412157840000,1412157899000,0.87058,0.87059,0.87039,0.87043,51420000,1
1412157900000,1412157959000,0.87043,0.87063,0.87043,0.87061,58810000,1
1412157960000,1412158019000,0.8706,0.8706,0.87048,0.87058,99160000,1
1412158020000,1412158079000,0.87056,0.87059,0.87056,0.87058,51270000,1
1412158080000,1412158139000,0.87058,0.87059,0.87049,0.87058,48430000,1
1412158140000,1412158199000,0.87058,0.87058,0.87051,0.87051,37610000,1
1412158200000,1412158259000,0.87051,0.87051,0.87036,0.87036,45270000,1
1412158260000,1412158319000,0.87036,0.87038,0.87028,0.87028,52440000,1
1412158320000,1412158379000,0.87028,0.87038,0.87022,0.87038,54480000,1
1412158380000,1412158439000,0.87038,0.8705,0.87038,0.8705,56460000,1
1412158440000,1412158499000,0.87051,0.87051,0.87022,0.87022,69590000,1
1412158500000,1412158559000,0.87022,0.87038,0.87022,0.87027,94410000,1
1412158560000,1412158619000,0.87027,0.87027,0.87004,0.87006,67810000,1
1412158620000,1412158679000,0.87006,0.8705,0.87002,0.87043,77050000,1
1412158680000,1412158739000,0.87042,0.87042,0.87022,0.87031,87370000,1
1412158740000,1412158799000,0.87029,0.87031,0.8702,0.87031,44530000,1
1412158800000,1412158859000,0.87031,0.8704,0.87028,0.8703,61860000,1
1412158860000,1412158919000,0.8703,0.87033,0.8703,0.8703,33210000,1
1412158920000,1412158979000,0.8703,0.87049,0.87029,0.87049,21850000,1
1412158980000,1412159039000,0.87046,0.87058,0.87044,0.87052,68470000,1
1412159040000,1412159099000,0.8705,0.87061,0.8705,0.87061,36770000,1
1412159100000,1412159159000,0.87059,0.87059,0.87048,0.87053,34250000,1
1412159160000,1412159219000,0.87054,0.87074,0.87054,0.87065,129330000,1
1412159220000,1412159279000,0.87067,0.87073,0.87048,0.8705,44500000,1
1412159280000,1412159339000,0.87049,0.87055,0.87049,0.87051,45000000,1
1412159340000,1412159399000,0.87052,0.87073,0.87051,0.87068,75890000,1
1412159400000,1412159459000,0.8707,0.8712,0.8707,0.8712,112050000,1
1412159460000,1412159519000,0.87121,0.87122,0.87099,0.87116,63710000,1
1412159520000,1412159579000,0.87116,0.87118,0.87101,0.87101,61260000,1
1412159580000,1412159639000,0.87103,0.87108,0.87089,0.87092,34880000,1
1412159640000,1412159699000,0.87092,0.87092,0.87079,0.87079,38460000,1
1412159700000,1412159759000,0.87079,0.87085,0.87073,0.87084,37310000,1
1412159760000,1412159819000,0.87083,0.87084,0.8706,0.8706,72280000,1
1412159820000,1412159879000,0.8706,0.87061,0.87055,0.8706,22770000,1
1412159880000,1412159939000,0.8706,0.87061,0.87046,0.87048,47530000,1
1412159940000,1412159999000,0.87048,0.87048,0.87025,0.87025,66590000,1
1412160000000,1412160059000,0.87025,0.87029,0.87024,0.87028,60250000,1
1412160060000,1412160119000,0.87028,0.87029,0.87019,0.87019,46900000,1
1412160120000,1412160179000,0.87019,0.87029,0.87005,0.87005,76120000,1
1412160180000,1412160239000,0.87005,0.8702,0.87003,0.87018,39630000,1
1412160240000,1412160299000,0.87016,0.8702,0.87012,0.8702,16290000,1
1412160300000,1412160359000,0.87019,0.87019,0.87002,0.87002,35760000,1
1412160360000,1412160419000,0.87002,0.87003,0.8699,0.8699,33240000,1
1412160420000,1412160479000,0.86994,0.86998,0.86991,0.86996,38630000,1
1412160480000,1412160539000,0.86998,0.87013,0.86998,0.87011,43070000,1
1412160540000,1412160599000,0.8701,0.87014,0.87005,0.87012,60320000,1
1412160600000,1412160659000,0.87012,0.87012,0.87,0.87007,49620000,1
1412160660000,1412160719000,0.87003,0.87008,0.86998,0.86998,33270000,1
1412160720000,1412160779000,0.86998,0.86998,0.86987,0.8699,37000000,1
1412160780000,1412160839000,0.8699,0.8699,0.86987,0.8699,49470000,1
1412160840000,1412160899000,0.8699,0.86998,0.8699,0.86992,24000000,1
1412160900000,1412160959000,0.86991,0.86998,0.86984,0.86998,36230000,1
1412160960000,1412161019000,0.86997,0.86997,0.86984,0.86985,28040000,1
1412161020000,1412161079000,0.86985,0.86987,0.86975,0.86977,51060000,1
1412161080000,1412161139000,0.86977,0.86977,0.86974,0.86977,22160000,1
1412161140000,1412161199000,0.86977,0.8698,0.86967,0.86967,42120000,1
1412161200000,1412161259000,0.86967,0.86976,0.86967,0.86973,61510000,1
1412161260000,1412161319000,0.86974,0.86992,0.86974,0.86992,43580000,1
1412161320000,1412161379000,0.86991,0.86999,0.8699,0.86999,35120000,1
1412161380000,1412161439000,0.87,0.87011,0.87,0.87009,33230000,1
1412161440000,1412161499000,0.87009,0.87011,0.87002,0.87007,40340000,1
1412161500000,1412161559000,0.87007,0.87007,0.86989,0.86997,32200000,1
1412161560000,1412161619000,0.86997,0.87001,0.86992,0.86997,36120000,1
1412161620000,1412161679000,0.86997,0.86997,0.86982,0.86983,37420000,1
1412161680000,1412161739000,0.86984,0.86985,0.86959,0.86959,42230000,1
1412161740000,1412161799000,0.86959,0.8697,0.86953,0.86956,87530000,1
1412161800000,1412161859000,0.86956,0.86956,0.8693,0.86936,73180000,1
1412161860000,1412161919000,0.86933,0.86945,0.86925,0.86927,59890000,1
1412161920000,1412161979000,0.86928,0.86941,0.86928,0.86933,53590000,1
1412161980000,1412162039000,0.86933,0.86936,0.86917,0.86921,80310000,1
1412162040000,1412162099000,0.86921,0.86948,0.86919,0.86947,68060000,1
1412162100000,1412162159000,0.86947,0.8696,0.86946,0.86952,75040000,1
1412162160000,1412162219000,0.86952,0.86959,0.86951,0.86953,26560000,1
1412162220000,1412162279000,0.86952,0.86952,0.86925,0.86928,64860000,1
1412162280000,1412162339000,0.86929,0.86954,0.86929,0.86954,79680000,1
1412162340000,1412162399000,0.86957,0.8696,0.86949,0.86958,63680000,1
1412162400000,1412162459000,0.86958,0.86958,0.86942,0.86942,53490000,1
1412162460000,1412162519000,0.86942,0.86943,0.8694,0.8694,9000000,1
1412162520000,1412162579000,0.8694,0.86951,0.8694,0.8695,42990000,1
1412162580000,1412162639000,0.86953,0.86972,0.86953,0.86971,95400000,1
1412162640000,1412162699000,0.8697,0.86973,0.86962,0.8697,51260000,1
1412162700000,1412162759000,0.86969,0.86983,0.86969,0.86981,52990000,1
1412162760000,1412162819000,0.86981,0.86996,0.86974,0.8699,75500000,1
1412162820000,1412162879000,0.8699,0.8699,0.8698,0.86983,51150000,1
1412162880000,1412162939000,0.86982,0.86992,0.86982,0.86988,37270000,1
1412162940000,1412162999000,0.86988,0.86989,0.86981,0.86981,24420000,1
1412163000000,1412163059000,0.86981,0.86982,0.86978,0.86978,21330000,1
1412163060000,1412163119000,0.86978,0.86978,0.86962,0.86963,46630000,1
1412163120000,1412163179000,0.86964,0.8697,0.86957,0.86967,56350000,1
1412163180000,1412163239000,0.86967,0.86969,0.86962,0.86969,24760000,1
1412163240000,1412163299000,0.86969,0.8697,0.86967,0.8697,21650000,1
1412163300000,1412163359000,0.86969,0.86971,0.86967,0.86968,32960000,1
1412163360000,1412163419000,0.86968,0.86968,0.8694,0.86942,50600000,1
1412163420000,1412163479000,0.86941,0.86952,0.86938,0.8695,47750000,1
1412163480000,1412163539000,0.8695,0.86977,0.86947,0.86965,87100000,1
1412163540000,1412163599000,0.86965,0.8698,0.86962,0.8698,24350000,1
1412163600000,1412163659000,0.8698,0.8698,0.86972,0.86977,83680000,1
1412163660000,1412163719000,0.86977,0.86979,0.86976,0.86976,25570000,1
1412163720000,1412163779000,0.86976,0.86983,0.86972,0.86977,61140000,1
1412163780000,1412163839000,0.86977,0.8698,0.86977,0.86978,9290000,1
1412163840000,1412163899000,0.86977,0.86997,0.86977,0.86988,60390000,1
1412163900000,1412163959000,0.86989,0.86998,0.86988,0.86992,39250000,1
1412163960000,1412164019000,0.8699,0.86992,0.86989,0.86991,16940000,1
1412164020000,1412164079000,0.86991,0.86991,0.86987,0.86991,26560000,1
1412164080000,1412164139000,0.8699,0.8699,0.86983,0.86986,24520000,1
1412164140000,1412164199000,0.86986,0.86987,0.86964,0.86967,30510000,1
1412164200000,1412164259000,0.86965,0.86978,0.86965,0.86978,11100000,1
1412164260000,1412164319000,0.86979,0.86998,0.86979,0.86997,92240000,1
1412164320000,1412164379000,0.86996,0.86999,0.86992,0.86997,57440000,1
1412164380000,1412164439000,0.86998,0.86998,0.8699,0.8699,31900000,1
1412164440000,1412164499000,0.8699,0.8699,0.86974,0.86977,64750000,1
1412164500000,1412164559000,0.86978,0.86978,0.86977,0.86977,5500000,1
1412164560000,1412164619000,0.86978,0.86978,0.86975,0.86976,14690000,1
1412164620000,1412164679000,0.86975,0.86978,0.86967,0.86968,21260000,1
1412164680000,1412164739000,0.86968,0.86975,0.86967,0.86973,23500000,1
1412164740000,1412164799000,0.86975,0.86975,0.86968,0.8697,19000000,1
1412164800000,1412164859000,0.86969,0.86983,0.86969,0.86983,37700000,1
1412164860000,1412164919000,0.86983,0.86994,0.86977,0.86977,54680000,1
1412164920000,1412164979000,0.86977,0.86992,0.86977,0.86992,49750000,1
1412164980000,1412165039000,0.86991,0.87,0.86981,0.87,63410000,1
1412165040000,1412165099000,0.86999,0.87,0.86983,0.86987,37510000,1
1412165100000,1412165159000,0.86985,0.86991,0.8698,0.8698,36710000,1
1412165160000,1412165219000,0.86981,0.86981,0.86937,0.86938,62940000,1
1412165220000,1412165279000,0.86938,0.86947,0.86927,0.86928,54070000,1
1412165280000,1412165339000,0.86926,0.86939,0.86924,0.86931,37760000,1
1412165340000,1412165399000,0.86929,0.86935,0.86927,0.86934,34690000,1
1412165400000,1412165459000,0.86935,0.86941,0.86928,0.86938,47360000,1
1412165460000,1412165519000,0.86939,0.86939,0.86934,0.86939,26330000,1
1412165520000,1412165579000,0.86939,0.86939,0.86924,0.86928,66070000,1
1412165580000,1412165639000,0.8693,0.86938,0.86927,0.86938,37010000,1
1412165640000,1412165699000,0.86937,0.86938,0.86916,0.8692,194660000,1
1412165700000,1412165759000,0.86918,0.86948,0.86875,0.86942,324400000,1
1412165760000,1412165819000,0.86943,0.86957,0.86917,0.86919,174720000,1
1412165820000,1412165879000,0.86918,0.86934,0.86918,0.86918,115290000,1
1412165880000,1412165939000,0.86917,0.86936,0.86914,0.86929,169640000,1
1412165940000,1412165999000,0.86928,0.86954,0.86928,0.86945,177240000,1
1412166000000,1412166059000,0.86947,0.86984,0.86941,0.86968,238660000,1
1412166060000,1412166119000,0.8697,0.87046,0.86947,0.87021,305920000,1
1412166120000,1412166179000,0.8702,0.87047,0.8702,0.87025,179250000,1
1412166180000,1412166239000,0.87026,0.8708,0.87026,0.87078,202080000,1
1412166240000,1412166299000,0.87076,0.87079,0.87058,0.87067,156110000,1
1412166300000,1412166359000,0.87067,0.87067,0.87019,0.87033,146070000,1
1412166360000,1412166419000,0.87033,0.87041,0.87027,0.87036,106290000,1
1412166420000,1412166479000,0.87036,0.87071,0.87036,0.8707,125880000,1
1412166480000,1412166539000,0.8707,0.8711,0.8707,0.87089,144180000,1
1412166540000,1412166599000,0.87089,0.87134,0.87082,0.87131,161770000,1
1412166600000,1412166659000,0.8713,0.8713,0.87077,0.87099,96840000,1
1412166660000,1412166719000,0.87099,0.87149,0.87099,0.87146,219040000,1
1412166720000,1412166779000,0.87146,0.87168,0.87131,0.87131,160020000,1
1412166780000,1412166839000,0.87129,0.87167,0.87118,0.87163,168510000,1
1412166840000,1412166899000,0.8716,0.87182,0.87132,0.87182,169390000,1
1412166900000,1412166959000,0.87183,0.87184,0.87153,0.87179,107030000,1
1412166960000,1412167019000,0.87179,0.87227,0.87179,0.87209,170530000,1
1412167020000,1412167079000,0.87207,0.87217,0.87175,0.8719,128200000,1
1412167080000,1412167139000,0.87191,0.87223,0.87182,0.87183,105580000,1
1412167140000,1412167199000,0.87182,0.87182,0.87155,0.8716,103470000,1
1412167200000,1412167259000,0.8716,0.87169,0.87149,0.87151,78390000,1
1412167260000,1412167319000,0.87151,0.87151,0.87135,0.87138,82310000,1
1412167320000,1412167379000,0.87137,0.87148,0.87125,0.87128,90420000,1
1412167380000,1412167439000,0.87128,0.87149,0.87095,0.87149,107020000,1
1412167440000,1412167499000,0.87149,0.87149,0.87099,0.871,72950000,1
1412167500000,1412167559000,0.87104,0.8712,0.87104,0.87119,49130000,1
1412167560000,1412167619000,0.87119,0.87154,0.87119,0.87154,165790000,1
1412167620000,1412167679000,0.87158,0.87158,0.8714,0.87147,130430000,1
1412167680000,1412167739000,0.87146,0.87176,0.87139,0.87162,104640000,1
1412167740000,1412167799000,0.87165,0.87171,0.87161,0.87164,51260000,1
1412167800000,1412167859000,0.87163,0.87168,0.87157,0.87157,54450000,1
1412167860000,1412167919000,0.87157,0.87189,0.87157,0.87189,70760000,1
1412167920000,1412167979000,0.87189,0.87214,0.87183,0.87202,111000000,1
1412167980000,1412168039000,0.87202,0.8721,0.87192,0.87201,81070000,1
1412168040000,1412168099000,0.87201,0.87218,0.87201,0.87218,64990000,1
1412168100000,1412168159000,0.87218,0.87231,0.87212,0.87223,100930000,1
1412168160000,1412168219000,0.87221,0.87222,0.87201,0.87201,61990000,1
1412168220000,1412168279000,0.87201,0.87219,0.87179,0.87211,123640000,1
1412168280000,1412168339000,0.87211,0.87211,0.8719,0.87191,77470000,1
1412168340000,1412168399000,0.87191,0.87197,0.8719,0.87191,90690000,1
1412168400000,1412168459000,0.87189,0.8721,0.87189,0.87208,70420000,1
1412168460000,1412168519000,0.87207,0.87207,0.87193,0.872,51720000,1
1412168520000,1412168579000,0.872,0.872,0.87175,0.8718,68940000,1
1412168580000,1412168639000,0.87181,0.87187,0.87169,0.87176,56260000,1
1412168640000,1412168699000,0.87177,0.87179,0.87157,0.87159,72280000,1
1412168700000,1412168759000,0.87159,0.87162,0.87152,0.87159,55990000,1
1412168760000,1412168819000,0.87158,0.87178,0.87158,0.87177,69510000,1
1412168820000,1412168879000,0.87177,0.87185,0.87168,0.87173,89770000,1
1412168880000,1412168939000,0.87173,0.87199,0.87173,0.87193,67170000,1
1412168940000,1412168999000,0.87192,0.87193,0.8718,0.87191,41750000,1
1412169000000,1412169059000,0.87189,0.87189,0.87153,0.87162,89710000,1
1412169060000,1412169119000,0.87162,0.87162,0.87143,0.87143,55000000,1
1412169120000,1412169179000,0.87146,0.87151,0.87138,0.8715,91060000,1
1412169180000,1412169239000,0.87154,0.87185,0.87154,0.8717,83350000,1
1412169240000,1412169299000,0.87171,0.87173,0.87162,0.87166,51260000,1
1412169300000,1412169359000,0.87166,0.87194,0.87162,0.87166,84270000,1
1412169360000,1412169419000,0.87167,0.87167,0.87145,0.87149,35890000,1
1412169420000,1412169479000,0.87149,0.87152,0.87135,0.87151,35100000,1
1412169480000,1412169539000,0.87151,0.87162,0.87141,0.87147,60610000,1
1412169540000,1412169599000,0.87147,0.87149,0.8714,0.87142,24000000,1
1412169600000,1412169659000,0.8714,0.8715,0.87138,0.8715,53950000,1
1412169660000,1412169719000,0.87149,0.87149,0.87129,0.8713,24000000,1
1412169720000,1412169779000,0.87129,0.87131,0.87121,0.87131,34320000,1
1412169780000,1412169839000,0.87131,0.87137,0.87128,0.8713,40280000,1
1412169840000,1412169899000,0.8713,0.8713,0.87107,0.87109,65350000,1
1412169900000,1412169959000,0.87108,0.87117,0.87105,0.87114,76370000,1
1412169960000,1412170019000,0.87114,0.87131,0.87114,0.87131,34010000,1
1412170020000,1412170079000,0.87131,0.87138,0.87126,0.8713,41580000,1
1412170080000,1412170139000,0.8713,0.87141,0.87112,0.87117,76650000,1
1412170140000,1412170199000,0.87118,0.87122,0.87117,0.87119,74120000,1
1412170200000,1412170259000,0.87119,0.87119,0.87112,0.87117,111910000,1
1412170260000,1412170319000,0.87117,0.87152,0.87117,0.87148,119430000,1
1412170320000,1412170379000,0.87149,0.8716,0.87128,0.87132,90600000,1
1412170380000,1412170439000,0.87133,0.87135,0.87123,0.87123,46230000,1
1412170440000,1412170499000,0.87123,0.87123,0.87105,0.87106,61090000,1
1412170500000,1412170559000,0.87106,0.87139,0.87106,0.87139,86560000,1
1412170560000,1412170619000,0.87138,0.87164,0.87138,0.87164,79020000,1
1412170620000,1412170679000,0.87164,0.87167,0.87148,0.87163,51140000,1
1412170680000,1412170739000,0.87163,0.87185,0.8716,0.87181,107650000,1
1412170740000,1412170799000,0.87181,0.87202,0.8718,0.87188,141580000,1
1412170800000,1412170859000,0.87187,0.87193,0.87182,0.8719,103900000,1
1412170860000,1412170919000,0.87189,0.87189,0.87159,0.8716,114570000,1
1412170920000,1412170979000,0.8716,0.87188,0.8716,0.87175,76140000,1
1412170980000,1412171039000,0.87174,0.87174,0.87149,0.87152,63210000,1
1412171040000,1412171099000,0.87152,0.87183,0.8715,0.87179,74950000,1
1412171100000,1412171159000,0.87179,0.87203,0.87179,0.87187,130480000,1
1412171160000,1412171219000,0.87187,0.87195,0.87162,0.8718,95820000,1
1412171220000,1412171279000,0.8718,0.87192,0.87171,0.87181,72270000,1
1412171280000,1412171339000,0.87181,0.87228,0.87181,0.87228,115550000,1
1412171340000,1412171399000,0.87228,0.87249,0.8722,0.8724,93780000,1
1412171400000,1412171459000,0.87239,0.8727,0.8723,0.87266,190980000,1
1412171460000,1412171519000,0.87266,0.87283,0.87241,0.87241,155260000,1
1412171520000,1412171579000,0.87239,0.8726,0.87227,0.87228,102640000,1
1412171580000,1412171639000,0.87228,0.87239,0.8722,0.87221,63460000,1
1412171640000,1412171699000,0.87221,0.87239,0.87221,0.87239,50450000,1
1412171700000,1412171759000,0.8724,0.87246,0.87234,0.87246,40930000,1
1412171760000,1412171819000,0.87246,0.87246,0.87235,0.87236,32500000,1
1412171820000,1412171879000,0.87235,0.87238,0.87225,0.87229,63720000,1
1412171880000,1412171939000,0.87229,0.87229,0.87214,0.8722,102790000,1
1412171940000,1412171999000,0.87223,0.87228,0.8713,0.87155,274440000,1
1412172000000,1412172059000,0.87155,0.87355,0.87155,0.87353,302760000,1
1412172060000,1412172119000,0.87355,0.87382,0.87342,0.87348,218280000,1
1412172120000,1412172179000,0.87348,0.87374,0.87328,0.87374,148930000,1
1412172180000,1412172239000,0.87374,0.87429,0.87358,0.87429,150860000,1
1412172240000,1412172299000,0.87428,0.87443,0.87397,0.8743,211140000,1
1412172300000,1412172359000,0.87432,0.87475,0.87422,0.87467,234310000,1
1412172360000,1412172419000,0.87467,0.87478,0.87452,0.87466,193950000,1
1412172420000,1412172479000,0.87466,0.87473,0.87432,0.87444,248170000,1
1412172480000,1412172539000,0.87444,0.87454,0.87427,0.87446,170210000,1
1412172540000,1412172599000,0.87445,0.87445,0.87402,0.87402,136490000,1
1412172600000,1412172659000,0.87402,0.87438,0.87393,0.87437,162820000,1
1412172660000,1412172719000,0.87437,0.87437,0.87412,0.87412,63580000,1
1412172720000,1412172779000,0.87416,0.87416,0.87377,0.87383,94170000,1
1412172780000,1412172839000,0.87383,0.87387,0.87363,0.87363,101910000,1
1412172840000,1412172899000,0.87363,0.87385,0.87347,0.87348,126520000,1
1412172900000,1412172959000,0.87347,0.87357,0.87312,0.87348,123870000,1
1412172960000,1412173019000,0.87348,0.87356,0.87327,0.87345,132850000,1
1412173020000,1412173079000,0.87346,0.87376,0.87337,0.87369,90510000,1
1412173080000,1412173139000,0.87368,0.87397,0.87368,0.87396,117460000,1
1412173140000,1412173199000,0.87397,0.87398,0.87357,0.87357,58080000,1
1412173200000,1412173259000,0.87357,0.8736,0.87335,0.8736,88630000,1
1412173260000,1412173319000,0.87361,0.87375,0.87337,0.87357,115830000,1
1412173320000,1412173379000,0.87357,0.87358,0.87333,0.87334,90960000,1
1412173380000,1412173439000,0.87333,0.87338,0.87298,0.87306,132050000,1
1412173440000,1412173499000,0.87307,0.87318,0.87276,0.87276,132940000,1
1412173500000,1412173559000,0.87274,0.87295,0.87267,0.87284,133650000,1
1412173560000,1412173619000,0.87284,0.87293,0.87259,0.87266,110230000,1
1412173620000,1412173679000,0.87271,0.87273,0.8724,0.87271,136020000,1
1412173680000,1412173739000,0.87271,0.87271,0.87245,0.87246,95960000,1
1412173740000,1412173799000,0.87246,0.87288,0.87237,0.87287,143940000,1
1412173800000,1412173859000,0.87289,0.87292,0.87265,0.87289,111160000,1
1412173860000,1412173919000,0.8729,0.87316,0.87287,0.8729,113610000,1
1412173920000,1412173979000,0.8729,0.87305,0.8729,0.87297,68900000,1
1412173980000,1412174039000,0.87297,0.87297,0.87279,0.87296,107250000,1
1412174040000,1412174099000,0.87297,0.87297,0.87279,0.8729,75570000,1
1412174100000,1412174159000,0.87288,0.87316,0.87277,0.87304,103120000,1
1412174160000,1412174219000,0.87304,0.87327,0.873,0.87326,121580000,1
1412174220000,1412174279000,0.87326,0.87341,0.87317,0.87317,74990000,1
1412174280000,1412174339000,0.87317,0.87319,0.87283,0.87318,122640000,1
1412174340000,1412174399000,0.87317,0.87317,0.87287,0.87287,81410000,1
1412174400000,1412174459000,0.87287,0.87296,0.87257,0.87285,117280000,1
1412174460000,1412174519000,0.87282,0.87285,0.87246,0.8726,154080000,1
1412174520000,1412174579000,0.87258,0.87287,0.87256,0.87267,131290000,1
1412174580000,1412174639000,0.87267,0.87275,0.87227,0.87229,137200000,1
1412174640000,1412174699000,0.8723,0.87258,0.8723,0.87241,130310000,1
1412174700000,1412174759000,0.8724,0.87269,0.8724,0.87248,98200000,1
1412174760000,1412174819000,0.87249,0.87258,0.8714,0.87176,276450000,1
1412174820000,1412174879000,0.87175,0.87196,0.87112,0.87134,230040000,1
1412174880000,1412174939000,0.87133,0.8714,0.87098,0.87105,240740000,1
1412174940000,1412174999000,0.87106,0.87147,0.87089,0.87137,173740000,1
1412175000000,1412175059000,0.87137,0.87137,0.87105,0.87125,146450000,1
1412175060000,1412175119000,0.87125,0.87125,0.87061,0.87075,151050000,1
1412175120000,1412175179000,0.87074,0.87097,0.87069,0.87096,102690000,1
1412175180000,1412175239000,0.87085,0.87099,0.87085,0.87096,73760000,1
1412175240000,1412175299000,0.87097,0.87144,0.87096,0.87142,106110000,1
1412175300000,1412175359000,0.87141,0.87147,0.8713,0.87139,105520000,1
1412175360000,1412175419000,0.87137,0.8714,0.87075,0.87075,159670000,1
1412175420000,1412175479000,0.87075,0.87116,0.87075,0.87115,148780000,1
1412175480000,1412175539000,0.87112,0.87115,0.87087,0.87088,140910000,1
1412175540000,1412175599000,0.87091,0.87095,0.87048,0.8706,232530000,1
1412175600000,1412175659000,0.87065,0.87086,0.87062,0.87076,130880000,1
1412175660000,1412175719000,0.87076,0.87078,0.87056,0.87075,131950000,1
1412175720000,1412175779000,0.87077,0.87127,0.87077,0.87098,125920000,1
1412175780000,1412175839000,0.87098,0.87116,0.87086,0.87089,147300000,1
1412175840000,1412175899000,0.87089,0.87089,0.87068,0.87076,89360000,1
1412175900000,1412175959000,0.87077,0.87087,0.87074,0.87077,78020000,1
1412175960000,1412176019000,0.87078,0.87081,0.87053,0.87066,96250000,1
1412176020000,1412176079000,0.87066,0.87093,0.87066,0.87072,71200000,1
1412176080000,1412176139000,0.87071,0.87071,0.87051,0.87069,84900000,1
1412176140000,1412176199000,0.87069,0.87089,0.87069,0.87088,81360000,1
1412176200000,1412176259000,0.87088,0.87095,0.87082,0.87095,34010000,1
1412176260000,1412176319000,0.87095,0.87127,0.87095,0.87127,105040000,1
1412176320000,1412176379000,0.87128,0.87137,0.87119,0.87135,126430000,1
1412176380000,1412176439000,0.87134,0.87141,0.87134,0.87138,39670000,1
1412176440000,1412176499000,0.87138,0.87138,0.87122,0.87126,62410000,1
1412176500000,1412176559000,0.87126,0.87133,0.87101,0.87107,88400000,1
1412176560000,1412176619000,0.87107,0.87117,0.87094,0.87098,85020000,1
1412176620000,1412176679000,0.87097,0.87106,0.87097,0.871,33780000,1
1412176680000,1412176739000,0.87097,0.87097,0.87079,0.87085,20220000,1
1412176740000,1412176799000,0.87086,0.87088,0.87077,0.87087,53520000,1
1412176800000,1412176859000,0.87088,0.87096,0.87086,0.87087,44460000,1
1412176860000,1412176919000,0.87087,0.87095,0.87085,0.87085,45630000,1
1412176920000,1412176979000,0.87086,0.87096,0.87082,0.87088,60410000,1
1412176980000,1412177039000,0.87086,0.87086,0.87067,0.87069,48260000,1
1412177040000,1412177099000,0.87068,0.87077,0.87067,0.87075,77710000,1
1412177100000,1412177159000,0.87075,0.87083,0.87068,0.87079,70930000,1
1412177160000,1412177219000,0.87081,0.87094,0.87081,0.87093,82740000,1
1412177220000,1412177279000,0.87098,0.87099,0.87086,0.87089,136400000,1
1412177280000,1412177339000,0.87087,0.87106,0.87087,0.87105,117880000,1
1412177340000,1412177399000,0.87106,0.87114,0.87104,0.87114,90770000,1
1412177400000,1412177459000,0.87112,0.87115,0.87097,0.87101,109510000,1
1412177460000,1412177519000,0.87099,0.87116,0.87097,0.87115,95160000,1
1412177520000,1412177579000,0.87113,0.87128,0.87113,0.87117,101130000,1
1412177580000,1412177639000,0.87117,0.87125,0.871,0.87108,77010000,1
1412177640000,1412177699000,0.87111,0.87125,0.87107,0.87107,111360000,1
1412177700000,1412177759000,0.87107,0.8712,0.87105,0.87117,61780000,1
1412177760000,1412177819000,0.87116,0.87123,0.87114,0.87119,60810000,1
1412177820000,1412177879000,0.87117,0.87142,0.87117,0.8714,111960000,1
1412177880000,1412177939000,0.8714,0.87143,0.87126,0.87127,56070000,1
1412177940000,1412177999000,0.87127,0.87146,0.87127,0.87142,61630000,1
1412178000000,1412178059000,0.87145,0.87147,0.87139,0.87146,51530000,1
1412178060000,1412178119000,0.87146,0.87157,0.87146,0.87156,68480000,1
1412178120000,1412178179000,0.87157,0.87176,0.87156,0.87176,100960000,1
1412178180000,1412178239000,0.87176,0.87206,0.87176,0.87206,105890000,1
1412178240000,1412178299000,0.87206,0.87212,0.87189,0.87211,96140000,1
1412178300000,1412178359000,0.87214,0.87237,0.87214,0.8723,121560000,1
1412178360000,1412178419000,0.87228,0.8726,0.87226,0.8726,133430000,1
1412178420000,1412178479000,0.87259,0.8729,0.87247,0.8729,116080000,1
1412178480000,1412178539000,0.87292,0.87305,0.87253,0.87264,139420000,1
1412178540000,1412178599000,0.87264,0.87298,0.87259,0.87295,124080000,1
1412178600000,1412178659000,0.87295,0.87297,0.87276,0.87286,125520000,1
1412178660000,1412178719000,0.87288,0.87296,0.87274,0.87287,94960000,1
1412178720000,1412178779000,0.87287,0.87315,0.87287,0.8731,104400000,1
1412178780000,1412178839000,0.8731,0.87313,0.87291,0.87303,81600000,1
1412178840000,1412178899000,0.87302,0.87306,0.87268,0.87285,146420000,1
1412178900000,1412178959000,0.87286,0.87308,0.87285,0.87307,93540000,1
1412178960000,1412179019000,0.87307,0.87326,0.87302,0.87326,57170000,1
1412179020000,1412179079000,0.87327,0.87356,0.87327,0.87349,103110000,1
1412179080000,1412179139000,0.87348,0.8735,0.87334,0.87347,74440000,1
1412179140000,1412179199000,0.87347,0.87349,0.87331,0.87334,51400000,1
1412179200000,1412179259000,0.87334,0.87334,0.87311,0.87313,75840000,1
1412179260000,1412179319000,0.87313,0.87317,0.87297,0.873,100810000,1
1412179320000,1412179379000,0.87297,0.87346,0.87297,0.87337,64770000,1
1412179380000,1412179439000,0.87336,0.87358,0.87332,0.87348,103980000,1
1412179440000,1412179499000,0.87354,0.87359,0.87327,0.87327,68620000,1
1412179500000,1412179559000,0.87327,0.87338,0.87325,0.87334,68290000,1
1412179560000,1412179619000,0.87334,0.87337,0.87298,0.87298,89530000,1
1412179620000,1412179679000,0.87302,0.87346,0.87302,0.87337,87260000,1
1412179680000,1412179739000,0.87337,0.87347,0.87307,0.87318,136450000,1
1412179740000,1412179799000,0.87319,0.87337,0.87307,0.87326,92880000,1
1412179800000,1412179859000,0.87326,0.87335,0.87307,0.87308,77250000,1
1412179860000,1412179919000,0.87306,0.87307,0.87288,0.87307,44360000,1
1412179920000,1412179979000,0.87306,0.87354,0.87295,0.87348,104350000,1
1412179980000,1412180039000,0.87348,0.8738,0.87347,0.87376,142070000,1
1412180040000,1412180099000,0.87376,0.87386,0.87358,0.87377,153330000,1
1412180100000,1412180159000,0.87377,0.87377,0.87353,0.87365,72210000,1
1412180160000,1412180219000,0.87363,0.87363,0.87327,0.87336,85070000,1
1412180220000,1412180279000,0.87337,0.87353,0.87337,0.87344,77830000,1
1412180280000,1412180339000,0.87344,0.87344,0.87324,0.87325,50100000,1
1412180340000,1412180399000,0.87325,0.87349,0.87324,0.87346,63020000,1
1412180400000,1412180459000,0.87346,0.87357,0.87337,0.87345,86860000,1
1412180460000,1412180519000,0.87345,0.87357,0.87332,0.8734,83480000,1
1412180520000,1412180579000,0.8734,0.87366,0.8734,0.87357,49460000,1
1412180580000,1412180639000,0.87357,0.8736,0.87333,0.87336,74110000,1
1412180640000,1412180699000,0.87334,0.87365,0.87334,0.87354,67970000,1
1412180700000,1412180759000,0.87354,0.87354,0.87342,0.87342,54130000,1
1412180760000,1412180819000,0.87342,0.87367,0.87342,0.87367,48070000,1
1412180820000,1412180879000,0.87366,0.87366,0.87357,0.8736,23220000,1
1412180880000,1412180939000,0.87361,0.87387,0.87358,0.87381,57960000,1
1412180940000,1412180999000,0.8738,0.8738,0.87372,0.87375,34560000,1
1412181000000,1412181059000,0.87374,0.87374,0.87347,0.87347,52440000,1
1412181060000,1412181119000,0.87347,0.87348,0.87315,0.87315,88230000,1
1412181120000,1412181179000,0.87316,0.87326,0.87314,0.87317,56180000,1
1412181180000,1412181239000,0.87318,0.87319,0.87308,0.87311,68970000,1
1412181240000,1412181299000,0.87314,0.87316,0.87287,0.87305,94240000,1
1412181300000,1412181359000,0.87304,0.87307,0.87277,0.87277,114170000,1
1412181360000,1412181419000,0.87278,0.873,0.87278,0.87298,90390000,1
1412181420000,1412181479000,0.87298,0.87298,0.8729,0.87293,32510000,1
1412181480000,1412181539000,0.87293,0.87295,0.87283,0.87283,44140000,1
1412181540000,1412181599000,0.87282,0.87291,0.87277,0.87278,61840000,1
1412181600000,1412181659000,0.87279,0.87304,0.87276,0.87296,72400000,1
1412181660000,1412181719000,0.87296,0.87297,0.87281,0.87297,34560000,1
1412181720000,1412181779000,0.87297,0.87297,0.87278,0.87285,38790000,1
1412181780000,1412181839000,0.87284,0.87297,0.87278,0.87296,51860000,1
1412181840000,1412181899000,0.87297,0.87304,0.87295,0.87304,13000000,1
1412181900000,1412181959000,0.87304,0.87304,0.87287,0.87295,50250000,1
1412181960000,1412182019000,0.87296,0.87299,0.87278,0.87279,51570000,1
1412182020000,1412182079000,0.87278,0.87278,0.87247,0.87253,59090000,1
1412182080000,1412182139000,0.87255,0.87259,0.87247,0.87256,93900000,1
1412182140000,1412182199000,0.87256,0.87267,0.87251,0.87258,86170000,1
1412182200000,1412182259000,0.87258,0.87261,0.87247,0.87249,69160000,1
1412182260000,1412182319000,0.87251,0.8726,0.87248,0.87255,48380000,1
1412182320000,1412182379000,0.87253,0.8727,0.87252,0.87261,69160000,1
1412182380000,1412182439000,0.8726,0.8726,0.87241,0.87247,57310000,1
1412182440000,1412182499000,0.87249,0.87256,0.87247,0.87248,52920000,1
1412182500000,1412182559000,0.87248,0.87254,0.87247,0.87248,19570000,1
1412182560000,1412182619000,0.87248,0.87253,0.87238,0.87245,31290000,1
1412182620000,1412182679000,0.87245,0.87247,0.87238,0.87239,26560000,1
1412182680000,1412182739000,0.8724,0.87241,0.87226,0.87228,37080000,1
1412182740000,1412182799000,0.87226,0.87226,0.87221,0.87226,23960000,1
1412182800000,1412182859000,0.87227,0.87228,0.87207,0.87207,37890000,1
1412182860000,1412182919000,0.87207,0.87217,0.87205,0.87217,24400000,1
1412182920000,1412182979000,0.87216,0.87227,0.87215,0.87227,45800000,1
1412182980000,1412183039000,0.87226,0.87226,0.87211,0.87217,37610000,1
1412183040000,1412183099000,0.87218,0.87253,0.87217,0.87248,119050000,1
1412183100000,1412183159000,0.87249,0.87252,0.87247,0.87247,27760000,1
1412183160000,1412183219000,0.8725,0.87266,0.87247,0.87248,47420000,1
1412183220000,1412183279000,0.8725,0.87254,0.87247,0.87253,24610000,1
1412183280000,1412183339000,0.87254,0.87255,0.87228,0.87232,32290000,1
1412183340000,1412183399000,0.87229,0.87243,0.87224,0.87226,42990000,1
1412183400000,1412183459000,0.87226,0.87238,0.87226,0.87228,28470000,1
1412183460000,1412183519000,0.87228,0.87237,0.87224,0.87237,16000000,1
1412183520000,1412183579000,0.87237,0.87237,0.87204,0.87204,48000000,1
1412183580000,1412183639000,0.87204,0.87215,0.87198,0.87207,37930000,1
1412183640000,1412183699000,0.87208,0.87213,0.87203,0.87208,48130000,1
1412183700000,1412183759000,0.87208,0.87214,0.87186,0.87196,56360000,1
1412183760000,1412183819000,0.87197,0.87216,0.87197,0.87209,82760000,1
1412183820000,1412183879000,0.87208,0.87216,0.87208,0.87208,27920000,1
1412183880000,1412183939000,0.87209,0.87222,0.87208,0.8721,27970000,1
1412183940000,1412183999000,0.87211,0.87217,0.87207,0.87207,104800000,1
1412184000000,1412184059000,0.87207,0.87207,0.87197,0.87197,39700000,1
1412184060000,1412184119000,0.87197,0.87207,0.87195,0.87207,25180000,1
1412184120000,1412184179000,0.87208,0.87218,0.87207,0.87217,19750000,1
1412184180000,1412184239000,0.87217,0.8723,0.87217,0.8723,30660000,1
1412184240000,1412184299000,0.87229,0.87236,0.87217,0.8722,48390000,1
1412184300000,1412184359000,0.87219,0.87237,0.87217,0.87237,55750000,1
1412184360000,1412184419000,0.87237,0.87237,0.87229,0.87234,42860000,1
1412184420000,1412184479000,0.87234,0.87235,0.87229,0.87229,14990000,1
1412184480000,1412184539000,0.87229,0.87244,0.87229,0.87244,38640000,1
1412184540000,1412184599000,0.87246,0.87256,0.87244,0.87256,26280000,1
1412184600000,1412184659000,0.87255,0.87255,0.87227,0.87227,25910000,1
1412184660000,1412184719000,0.87227,0.87227,0.87208,0.87208,37830000,1
1412184720000,1412184779000,0.8721,0.87229,0.87208,0.87217,36740000,1
1412184780000,1412184839000,0.87214,0.87218,0.87199,0.87218,36500000,1
1412184840000,1412184899000,0.87218,0.87236,0.87218,0.87228,35630000,1
1412184900000,1412184959000,0.87226,0.87226,0.87203,0.87207,33210000,1
1412184960000,1412185019000,0.87207,0.87216,0.87206,0.87215,19570000,1
1412185020000,1412185079000,0.87215,0.87215,0.87207,0.87207,24540000,1
1412185080000,1412185139000,0.87208,0.8723,0.87208,0.87227,52560000,1
1412185140000,1412185199000,0.87227,0.87234,0.87227,0.87228,54620000,1
1412185200000,1412185259000,0.8723,0.87234,0.8723,0.87234,13490000,1
1412185260000,1412185319000,0.87235,0.87247,0.87235,0.87247,25480000,1
1412185320000,1412185379000,0.87247,0.87247,0.87227,0.87227,16250000,1
1412185380000,1412185439000,0.87227,0.8724,0.87227,0.87237,16840000,1
1412185440000,1412185499000,0.87237,0.87239,0.87227,0.87227,24610000,1
1412185500000,1412185559000,0.87227,0.87227,0.87218,0.87226,34880000,1
1412185560000,1412185619000,0.87226,0.87236,0.87224,0.87236,12050000,1
1412185620000,1412185679000,0.87236,0.8724,0.87228,0.87237,38060000,1
1412185680000,1412185739000,0.87237,0.87247,0.87237,0.8724,14600000,1
1412185740000,1412185799000,0.8724,0.87246,0.87239,0.8724,33440000,1
1412185800000,1412185859000,0.87242,0.87247,0.8724,0.87247,27090000,1
1412185860000,1412185919000,0.87248,0.87249,0.87227,0.87227,19120000,1
1412185920000,1412185979000,0.87227,0.87229,0.87227,0.87227,4640000,1
1412185980000,1412186039000,0.87227,0.87227,0.87208,0.87208,16670000,1
1412186040000,1412186099000,0.87207,0.87207,0.87202,0.87206,28330000,1
1412186100000,1412186159000,0.87205,0.87207,0.87199,0.87199,21590000,1
1412186160000,1412186219000,0.87199,0.87199,0.8718,0.87185,59770000,1
1412186220000,1412186279000,0.87186,0.87195,0.87185,0.87187,39900000,1
1412186280000,1412186339000,0.87188,0.87194,0.87187,0.87188,39400000,1
1412186340000,1412186399000,0.87187,0.87188,0.87159,0.87186,68820000,1
1412186400000,1412186459000,0.87186,0.87188,0.87173,0.87176,29110000,1
1412186460000,1412186519000,0.87177,0.87182,0.87177,0.87178,22000000,1
1412186520000,1412186579000,0.87178,0.87193,0.87178,0.87187,38660000,1
1412186580000,1412186639000,0.87187,0.87188,0.87165,0.87165,22320000,1
1412186640000,1412186699000,0.87165,0.87175,0.87147,0.87147,69770000,1
1412186700000,1412186759000,0.87151,0.87157,0.87148,0.87154,73830000,1
1412186760000,1412186819000,0.87155,0.87175,0.87154,0.87175,70600000,1
1412186820000,1412186879000,0.87177,0.87187,0.87177,0.87185,34430000,1
1412186880000,1412186939000,0.87186,0.87204,0.87186,0.87203,52360000,1
1412186940000,1412186999000,0.87205,0.87206,0.87204,0.87205,6000000,1
1412187000000,1412187059000,0.87207,0.87217,0.87207,0.87215,38760000,1
1412187060000,1412187119000,0.87214,0.87215,0.87212,0.87212,56750000,1
1412187120000,1412187179000,0.87212,0.87238,0.87212,0.87234,63720000,1
1412187180000,1412187239000,0.87234,0.87245,0.87234,0.87236,34710000,1
1412187240000,1412187299000,0.87234,0.87246,0.87231,0.87245,33440000,1
1412187300000,1412187359000,0.87249,0.87258,0.87227,0.87228,49670000,1
1412187360000,1412187419000,0.87228,0.87246,0.87228,0.87245,46700000,1
1412187420000,1412187479000,0.87246,0.87246,0.87226,0.87235,34990000,1
1412187480000,1412187539000,0.87235,0.87258,0.87224,0.87256,37000000,1
1412187540000,1412187599000,0.87256,0.87265,0.87256,0.87264,20020000,1
1412187600000,1412187659000,0.87264,0.87264,0.87247,0.87264,23000000,1
1412187660000,1412187719000,0.87264,0.87283,0.87258,0.87258,39360000,1
1412187720000,1412187779000,0.87259,0.87264,0.87254,0.87254,41180000,1
1412187780000,1412187839000,0.8725,0.8725,0.87236,0.87236,27260000,1
1412187840000,1412187899000,0.87236,0.87256,0.87236,0.87247,26610000,1
1412187900000,1412187959000,0.87247,0.87247,0.87246,0.87246,11000000,1
1412187960000,1412188019000,0.87246,0.87256,0.87244,0.87256,26690000,1
1412188020000,1412188079000,0.87256,0.87256,0.87239,0.87244,38750000,1
1412188080000,1412188139000,0.87243,0.87246,0.87237,0.87246,19000000,1
1412188140000,1412188199000,0.87248,0.87256,0.87245,0.87256,37940000,1
1412188200000,1412188259000,0.87255,0.87255,0.87247,0.87255,28870000,1
1412188260000,1412188319000,0.87256,0.87265,0.87256,0.87258,17370000,1
1412188320000,1412188379000,0.87259,0.87277,0.87259,0.87276,35090000,1
1412188380000,1412188439000,0.87276,0.87287,0.87276,0.87277,26600000,1
1412188440000,1412188499000,0.87278,0.87287,0.87278,0.87286,10000000,1
1412188500000,1412188559000,0.87288,0.8729,0.87286,0.87289,19460000,1
1412188560000,1412188619000,0.87289,0.87301,0.87288,0.873,23850000,1
1412188620000,1412188679000,0.873,0.87309,0.873,0.87307,40720000,1
1412188680000,1412188739000,0.87306,0.87316,0.87302,0.8731,39310000,1
1412188740000,1412188799000,0.87311,0.87313,0.87307,0.87307,9500000,1
1412188800000,1412188859000,0.87306,0.87311,0.87306,0.87307,7650000,1
1412188860000,1412188919000,0.87307,0.87307,0.87297,0.87297,5000000,1
1412188920000,1412188979000,0.87297,0.87306,0.87297,0.87306,21770000,1
1412188980000,1412189039000,0.87307,0.87315,0.87301,0.87307,27640000,1
1412189040000,1412189099000,0.87307,0.87307,0.87301,0.87307,11640000,1
1412189100000,1412189159000,0.87306,0.87308,0.87287,0.87297,33460000,1
1412189160000,1412189219000,0.87295,0.87295,0.87287,0.87295,22320000,1
1412189220000,1412189279000,0.87297,0.87306,0.87297,0.87306,12600000,1
1412189280000,1412189339000,0.87306,0.87308,0.873,0.873,12250000,1
1412189340000,1412189399000,0.87298,0.87299,0.87277,0.87278,21500000,1
1412189400000,1412189459000,0.87277,0.87286,0.8727,0.87286,17000000,1
1412189460000,1412189519000,0.87285,0.87303,0.87285,0.87296,44410000,1
1412189520000,1412189579000,0.87297,0.87299,0.87287,0.87297,25800000,1
1412189580000,1412189639000,0.87296,0.87299,0.87287,0.87297,55090000,1
1412189640000,1412189699000,0.87298,0.87298,0.87288,0.87289,9170000,1
1412189700000,1412189759000,0.8729,0.873,0.87287,0.87297,30980000,1
1412189760000,1412189819000,0.87296,0.87297,0.87287,0.87287,34680000,1
1412189820000,1412189879000,0.87287,0.87287,0.87286,0.87286,7710000,1
1412189880000,1412189939000,0.87286,0.87289,0.8728,0.87285,31860000,1
1412189940000,1412189999000,0.87284,0.87284,0.87258,0.87258,57490000,1
1412190000000,1412190059000,0.87258,0.87258,0.87256,0.87256,11260000,1
1412190060000,1412190119000,0.87257,0.8726,0.87256,0.87258,15690000,1
1412190120000,1412190179000,0.87258,0.87258,0.87253,0.87257,16140000,1
1412190180000,1412190239000,0.87257,0.87265,0.87213,0.87225,57340000,1
1412190240000,1412190299000,0.87226,0.87239,0.87226,0.87236,56110000,1
1412190300000,1412190359000,0.87237,0.87257,0.87237,0.87257,75840000,1
1412190360000,1412190419000,0.87257,0.87278,0.87252,0.87278,49760000,1
1412190420000,1412190479000,0.87277,0.87286,0.87275,0.87278,48650000,1
1412190480000,1412190539000,0.87275,0.87275,0.87263,0.87263,28040000,1
1412190540000,1412190599000,0.87261,0.87265,0.87251,0.87256,55690000,1
1412190600000,1412190659000,0.87256,0.87258,0.87249,0.87249,42120000,1
1412190660000,1412190719000,0.87249,0.87256,0.87246,0.87256,48250000,1
1412190720000,1412190779000,0.87257,0.87276,0.87257,0.87276,45600000,1
1412190780000,1412190839000,0.87276,0.87281,0.87276,0.87279,28170000,1
1412190840000,1412190899000,0.8728,0.87295,0.8728,0.87295,36740000,1
1412190900000,1412190959000,0.87294,0.873,0.87287,0.87293,49470000,1
1412190960000,1412191019000,0.87292,0.87306,0.87287,0.87297,81280000,1
1412191020000,1412191079000,0.87298,0.87318,0.87298,0.87307,50520000,1
1412191080000,1412191139000,0.87308,0.87327,0.87308,0.87327,37240000,1
1412191140000,1412191199000,0.87326,0.87346,0.87306,0.87346,51080000,1
1412191200000,1412191259000,0.87343,0.87344,0.87307,0.87337,98440000,1
1412191260000,1412191319000,0.87338,0.87377,0.87337,0.87348,115370000,1
1412191320000,1412191379000,0.87351,0.87358,0.87337,0.87337,56440000,1
1412191380000,1412191439000,0.87336,0.87356,0.87322,0.87337,72520000,1
1412191440000,1412191499000,0.87337,0.87337,0.87327,0.87334,31670000,1
1412191500000,1412191559000,0.87335,0.87366,0.87335,0.87357,60460000,1
1412191560000,1412191619000,0.87357,0.87357,0.87338,0.87347,24820000,1
1412191620000,1412191679000,0.87347,0.87347,0.87338,0.87347,30620000,1
1412191680000,1412191739000,0.87345,0.87347,0.87338,0.87344,32470000,1
1412191740000,1412191799000,0.87344,0.87357,0.87342,0.87347,40850000,1
1412191800000,1412191859000,0.87346,0.87346,0.87329,0.87333,44970000,1
1412191860000,1412191919000,0.87329,0.87329,0.87317,0.87327,61690000,1
1412191920000,1412191979000,0.87326,0.87326,0.87307,0.87307,12000000,1
1412191980000,1412192039000,0.87307,0.87307,0.87281,0.87287,67130000,1
1412192040000,1412192099000,0.87288,0.87293,0.87264,0.87276,46310000,1
1412192100000,1412192159000,0.87277,0.87297,0.87277,0.87297,65540000,1
1412192160000,1412192219000,0.87296,0.87296,0.8728,0.87285,24070000,1
1412192220000,1412192279000,0.87287,0.87289,0.87269,0.87269,34890000,1
1412192280000,1412192339000,0.8727,0.87277,0.8727,0.87277,21770000,1
1412192340000,1412192399000,0.87279,0.87289,0.8727,0.87286,35120000,1
1412192400000,1412192459000,0.87287,0.87295,0.87277,0.87279,63610000,1
1412192460000,1412192519000,0.8728,0.87311,0.87277,0.87308,47220000,1
1412192520000,1412192579000,0.87306,0.87306,0.87265,0.87265,79010000,1
1412192580000,1412192639000,0.87265,0.87277,0.8726,0.87267,45340000,1
1412192640000,1412192699000,0.87266,0.87287,0.87262,0.87285,72730000,1
1412192700000,1412192759000,0.87284,0.87308,0.87278,0.87307,57110000,1
1412192760000,1412192819000,0.87308,0.87317,0.87287,0.87297,82770000,1
1412192820000,1412192879000,0.87299,0.87306,0.87283,0.87294,71470000,1
1412192880000,1412192939000,0.87294,0.87315,0.87278,0.87278,68570000,1
1412192940000,1412192999000,0.87278,0.87312,0.87278,0.87307,56860000,1
1412193000000,1412193059000,0.8731,0.8731,0.87293,0.87293,35620000,1
1412193060000,1412193119000,0.87295,0.87316,0.87277,0.87277,84670000,1
1412193120000,1412193179000,0.8728,0.87296,0.87278,0.8729,41210000,1
1412193180000,1412193239000,0.87292,0.87293,0.87273,0.87285,45740000,1
1412193240000,1412193299000,0.87285,0.87293,0.87285,0.87292,37990000,1
1412193300000,1412193359000,0.87293,0.87293,0.87292,0.87292,12580000,1
1412193360000,1412193419000,0.87293,0.87293,0.87274,0.87277,39890000,1
1412193420000,1412193479000,0.87277,0.87277,0.87258,0.87267,47510000,1
1412193480000,1412193539000,0.87269,0.87279,0.87269,0.87272,56750000,1
1412193540000,1412193599000,0.87273,0.87322,0.87273,0.87295,88070000,1
1412193600000,1412193659000,0.87295,0.87322,0.87295,0.87314,100250000,1
1412193660000,1412193719000,0.87314,0.87319,0.8731,0.87319,39440000,1
1412193720000,1412193779000,0.8732,0.87352,0.8732,0.87347,110590000,1
1412193780000,1412193839000,0.87346,0.87355,0.87345,0.87352,51890000,1
1412193840000,1412193899000,0.87352,0.87354,0.87344,0.87352,43890000,1
1412193900000,1412193959000,0.87352,0.87361,0.87348,0.87354,60860000,1
1412193960000,1412194019000,0.87354,0.8736,0.87349,0.8736,33890000,1
1412194020000,1412194079000,0.8736,0.8736,0.87351,0.87351,51060000,1
1412194080000,1412194139000,0.87353,0.87353,0.87311,0.87328,85160000,1
1412194140000,1412194199000,0.87328,0.87329,0.87311,0.87321,135000000,1
1412194200000,1412194259000,0.87321,0.87324,0.87313,0.87317,100800000,1
1412194260000,1412194319000,0.87316,0.87336,0.87311,0.87332,63330000,1
1412194320000,1412194379000,0.87333,0.87335,0.87312,0.87325,121210000,1
1412194380000,1412194439000,0.87326,0.87363,0.87326,0.87362,86050000,1
1412194440000,1412194499000,0.8736,0.8736,0.87343,0.8735,89100000,1
1412194500000,1412194559000,0.87351,0.87352,0.87328,0.87328,52110000,1
1412194560000,1412194619000,0.87328,0.87328,0.87314,0.87319,36350000,1
1412194620000,1412194679000,0.87319,0.87332,0.87319,0.87326,27970000,1
1412194680000,1412194739000,0.87326,0.87328,0.87324,0.87324,30020000,1
1412194740000,1412194799000,0.87324,0.87329,0.87324,0.87329,24780000,1
1412194800000,1412194859000,0.8733,0.87331,0.87324,0.87329,41270000,1
1412194860000,1412194919000,0.87329,0.8733,0.87322,0.87327,22090000,1
1412194920000,1412194979000,0.87325,0.87327,0.87324,0.87326,20500000,1
1412194980000,1412195039000,0.87326,0.87328,0.87326,0.87328,10200000,1
1412195040000,1412195099000,0.87328,0.87347,0.87328,0.87341,63810000,1
1412195100000,1412195159000,0.87341,0.87341,0.87324,0.87324,28560000,1
1412195160000,1412195219000,0.87324,0.87336,0.87324,0.87332,42030000,1
1412195220000,1412195279000,0.87332,0.87335,0.87332,0.87333,26440000,1
1412195280000,1412195339000,0.87333,0.87342,0.87333,0.87341,40570000,1
1412195340000,1412195399000,0.87343,0.87348,0.87331,0.8734,112670000,1
1412195400000,1412195459000,0.8734,0.8734,0.87332,0.87337,54460000,1
1412195460000,1412195519000,0.87336,0.87336,0.87332,0.87332,17000000,1
1412195520000,1412195579000,0.87332,0.87332,0.87325,0.87325,15960000,1
1412195580000,1412195639000,0.87325,0.87337,0.87325,0.87337,59770000,1
1412195640000,1412195699000,0.87337,0.8734,0.87336,0.8734,26520000,1
1412195700000,1412195759000,0.87342,0.87353,0.8734,0.87353,28440000,1
1412195760000,1412195819000,0.87354,0.87362,0.87354,0.87362,6120000,1
1412195820000,1412195879000,0.8736,0.87372,0.87355,0.87362,30210000,1
1412195880000,1412195939000,0.87362,0.87381,0.8736,0.87375,37810000,1
1412195940000,1412195999000,0.87376,0.87389,0.87374,0.87384,38220000,1
1412196000000,1412196059000,0.87384,0.87385,0.87373,0.87373,58700000,1
1412196060000,1412196119000,0.87373,0.87373,0.87371,0.87372,26500000,1
1412196120000,1412196179000,0.87372,0.87372,0.87355,0.87364,52890000,1
1412196180000,1412196239000,0.87364,0.87371,0.87363,0.87369,36840000,1
1412196240000,1412196299000,0.87366,0.87372,0.87354,0.87371,49510000,1
1412196300000,1412196359000,0.87371,0.87375,0.87371,0.87373,39620000,1
1412196360000,1412196419000,0.87372,0.87376,0.8737,0.87376,50560000,1
1412196420000,1412196479000,0.87376,0.87376,0.87369,0.8737,63070000,1
1412196480000,1412196539000,0.87369,0.87377,0.87367,0.87377,18490000,1
1412196540000,1412196599000,0.87376,0.87376,0.87362,0.87369,35400000,1
1412196600000,1412196659000,0.8737,0.8737,0.87364,0.87366,23000000,1
1412196660000,1412196719000,0.87366,0.87369,0.87366,0.87367,27670000,1
1412196720000,1412196779000,0.87369,0.87369,0.87364,0.87364,28910000,1
1412196780000,1412196839000,0.87364,0.87367,0.87363,0.87367,23500000,1
1412196840000,1412196899000,0.87367,0.87374,0.87367,0.87368,39410000,1
1412196900000,1412196959000,0.87369,0.87369,0.87368,0.87369,18070000,1
1412196960000,1412197019000,0.87369,0.87376,0.87368,0.87376,19770000,1
1412197020000,1412197079000,0.87374,0.87389,0.87374,0.87389,55340000,1
1412197080000,1412197139000,0.87389,0.87405,0.87385,0.87398,55300000,1
1412197140000,1412197199000,0.874,0.87401,0.87368,0.87368,49450000,1
1412197200000,1412197259000,0.87368,0.87377,0.87243,0.87299,14370000,1
1412197260000,1412197319000,0.87303,0.87334,0.87256,0.87259,8670000,1
1412197320000,1412197379000,0.87257,0.87301,0.87237,0.87296,28990000,1
1412197380000,1412197439000,0.87292,0.87334,0.87292,0.87316,9110000,1
1412197440000,1412197499000,0.87311,0.87315,0.87311,0.87312,13480000,1
1412197500000,1412197559000,0.87311,0.87311,0.87295,0.87295,14450000,1
1412197560000,1412197619000,0.87295,0.87298,0.87295,0.87298,17550000,1
1412197620000,1412197679000,0.87298,0.87298,0.87295,0.87297,13420000,1
1412197680000,1412197739000,0.87297,0.87297,0.87295,0.87295,19880000,1
1412197740000,1412197799000,0.87295,0.87312,0.87282,0.87282,41630000,1
1412197800000,1412197859000,0.8728,0.87298,0.87277,0.87298,54830000,1
1412197860000,1412197919000,0.87303,0.87311,0.87303,0.87311,10210000,1
1412197920000,1412197979000,0.87311,0.87312,0.87308,0.87312,18260000,1
1412198040000,1412198099000,0.87317,0.87323,0.87317,0.87323,6500000,1
1412198100000,1412198159000,0.87322,0.87322,0.87316,0.87316,11740000,1
1412198160000,1412198219000,0.87321,0.87322,0.87321,0.87322,2000000,1
1412198220000,1412198279000,0.87319,0.87321,0.87318,0.87321,4000000,1
1412198280000,1412198339000,0.8732,0.87323,0.8732,0.87322,6000000,1
1412198340000,1412198399000,0.87321,0.87321,0.87317,0.87317,8000000,1
1412198400000,1412198459000,0.87328,0.87364,0.87328,0.87364,15570000,1
1412198460000,1412198519000,0.87363,0.87363,0.87361,0.87362,7500000,1
1412198520000,1412198579000,0.87362,0.87362,0.87355,0.87355,19000000,1
1412198580000,1412198639000,0.87355,0.87355,0.8735,0.87354,11000000,1
1412198640000,1412198699000,0.87354,0.87354,0.87304,0.87311,56010000,1
1412198700000,1412198759000,0.87311,0.87311,0.87304,0.87306,14070000,1
1412198760000,1412198819000,0.87308,0.87317,0.87306,0.87306,28200000,1
1412198820000,1412198879000,0.87309,0.87313,0.87295,0.87299,16500000,1
1412198880000,1412198939000,0.87303,0.87303,0.87295,0.87295,5000000,1
1412198940000,1412198999000,0.87296,0.873,0.87294,0.873,4650000,1
1412199000000,1412199059000,0.873,0.87315,0.873,0.87308,20370000,1
1412199060000,1412199119000,0.87306,0.87306,0.87299,0.873,17500000,1
1412199120000,1412199179000,0.87299,0.87315,0.87299,0.87313,23670000,1
1412199180000,1412199239000,0.87313,0.87313,0.87297,0.87307,22550000,1
1412199240000,1412199299000,0.87307,0.87308,0.87301,0.87308,7000000,1
1412199300000,1412199359000,0.87306,0.87307,0.87302,0.87306,12500000,1
1412199360000,1412199419000,0.87306,0.87308,0.87298,0.873,53420000,1
1412199420000,1412199479000,0.87306,0.87306,0.8729,0.8729,27250000,1
1412199480000,1412199539000,0.87293,0.87303,0.8728,0.87287,51840000,1
1412199540000,1412199599000,0.87286,0.87287,0.87262,0.87279,45240000,1
1412199600000,1412199659000,0.87278,0.87284,0.87273,0.87278,21000000,1
1412199660000,1412199719000,0.87278,0.87281,0.87263,0.8727,47880000,1
1412199720000,1412199779000,0.87266,0.87279,0.8726,0.8726,40040000,1
1412199780000,1412199839000,0.87259,0.87266,0.87259,0.87259,16740000,1
1412199840000,1412199899000,0.8726,0.87268,0.87259,0.87268,20900000,1
1412199900000,1412199959000,0.87265,0.87282,0.87265,0.87275,42570000,1
1412199960000,1412200019000,0.87276,0.87276,0.87275,0.87275,2500000,1
1412200020000,1412200079000,0.87276,0.87276,0.87275,0.87275,2000000,1
1412200080000,1412200139000,0.87275,0.87276,0.87275,0.87276,2000000,1
1412200140000,1412200199000,0.87276,0.87286,0.87276,0.87285,12310000,1
1412200200000,1412200259000,0.87285,0.87285,0.8728,0.87282,19500000,1
1412200260000,1412200319000,0.87283,0.87286,0.8728,0.8728,9000000,1
1412200320000,1412200379000,0.87279,0.87279,0.87279,0.87279,1000000,1
1412200380000,1412200439000,0.8728,0.87293,0.87278,0.87293,17560000,1
1412200440000,1412200499000,0.87292,0.87311,0.87292,0.87311,16850000,1
1412200500000,1412200559000,0.87309,0.87316,0.87303,0.87308,52250000,1
1412200560000,1412200619000,0.87308,0.87328,0.87308,0.87321,34520000,1
1412200620000,1412200679000,0.8732,0.87331,0.87318,0.87318,34800000,1
1412200680000,1412200739000,0.87318,0.87325,0.87318,0.87325,31920000,1
1412200740000,1412200799000,0.87329,0.87329,0.87324,0.87326,8750000,1
1412200800000,1412200859000,0.87328,0.87328,0.87315,0.87319,23450000,1
1412200860000,1412200919000,0.87319,0.87338,0.87317,0.87338,52970000,1
1412200920000,1412200979000,0.87338,0.87339,0.87337,0.87337,13480000,1
1412200980000,1412201039000,0.87337,0.87338,0.87336,0.87337,12370000,1
1412201040000,1412201099000,0.87336,0.87341,0.87331,0.87338,38510000,1
1412201100000,1412201159000,0.87337,0.87338,0.87333,0.87336,13000000,1
1412201160000,1412201219000,0.87335,0.8734,0.87334,0.8734,11000000,1
1412201220000,1412201279000,0.87338,0.8734,0.87337,0.87339,9000000,1
1412201280000,1412201339000,0.87339,0.8734,0.87339,0.8734,9500000,1
1412201340000,1412201399000,0.87339,0.87339,0.87331,0.87335,15500000,1
1412201400000,1412201459000,0.87335,0.87337,0.87329,0.87336,16000000,1
1412201460000,1412201519000,0.87336,0.87336,0.87332,0.87336,12500000,1
1412201520000,1412201579000,0.87335,0.87335,0.87329,0.87333,20000000,1
1412201580000,1412201639000,0.87333,0.87338,0.87332,0.87338,17000000,1
1412201640000,1412201699000,0.87335,0.87337,0.87335,0.87335,11500000,1
1412201700000,1412201759000,0.87335,0.87339,0.87334,0.87338,12000000,1
1412201760000,1412201819000,0.87335,0.87338,0.87335,0.87335,19500000,1
1412201820000,1412201879000,0.87335,0.87339,0.87334,0.87335,28070000,1
1412201880000,1412201939000,0.87337,0.87339,0.87336,0.87336,6000000,1
1412201940000,1412201999000,0.87336,0.8734,0.87336,0.8734,4000000,1
1412202000000,1412202059000,0.8734,0.8734,0.87335,0.8734,4000000,1
1412202060000,1412202119000,0.87336,0.8734,0.87336,0.8734,8000000,1
1412202120000,1412202179000,0.8734,0.87349,0.8734,0.87349,14500000,1
1412202180000,1412202239000,0.87349,0.8735,0.87345,0.87349,12500000,1
1412202240000,1412202299000,0.87344,0.87344,0.8733,0.87336,23420000,1
1412202300000,1412202359000,0.87336,0.87339,0.8733,0.87339,43000000,1
1412202360000,1412202419000,0.87337,0.8734,0.8733,0.8734,23500000,1
1412202420000,1412202479000,0.87337,0.87338,0.87334,0.87336,42000000,1
1412202480000,1412202539000,0.87335,0.87336,0.87334,0.87335,37500000,1
1412202540000,1412202599000,0.87334,0.87336,0.87324,0.87336,33650000,1
1412202600000,1412202659000,0.87336,0.87336,0.87331,0.87331,22500000,1
1412202660000,1412202719000,0.87331,0.87332,0.87329,0.8733,14500000,1
1412202720000,1412202779000,0.8733,0.8733,0.87328,0.87329,6500000,1
1412202780000,1412202839000,0.8733,0.87332,0.87329,0.8733,10500000,1
1412202840000,1412202899000,0.87329,0.87345,0.87317,0.87345,46130000,1
1412202900000,1412202959000,0.8735,0.8735,0.87349,0.87349,5500000,1
1412202960000,1412203019000,0.87346,0.8735,0.87339,0.87339,14250000,1
1412203020000,1412203079000,0.87339,0.87339,0.87324,0.87324,23250000,1
1412203080000,1412203139000,0.87326,0.87326,0.87312,0.87312,17500000,1
1412203140000,1412203199000,0.87312,0.87317,0.87312,0.87315,9000000,1
1412203200000,1412203259000,0.87315,0.8732,0.87306,0.87306,17500000,1
1412203260000,1412203319000,0.87306,0.87307,0.87301,0.87305,11000000,1
1412203320000,1412203379000,0.87306,0.87309,0.87302,0.87306,13000000,1
1412203380000,1412203439000,0.87307,0.87308,0.87291,0.87296,24500000,1
1412203440000,1412203499000,0.87295,0.87298,0.8729,0.87297,18750000,1
1412203500000,1412203559000,0.87295,0.87297,0.87295,0.87296,3500000,1
1412203560000,1412203619000,0.87298,0.8734,0.87298,0.8734,73320000,1
1412203620000,1412203679000,0.8734,0.87359,0.8734,0.87358,57710000,1
1412203680000,1412203739000,0.87358,0.87358,0.87353,0.87353,17110000,1
1412203740000,1412203799000,0.87352,0.87352,0.87337,0.87341,30430000,1
1412203800000,1412203859000,0.87341,0.87356,0.8733,0.87354,75300000,1
1412203860000,1412203919000,0.87354,0.87354,0.87348,0.87353,39700000,1
1412203920000,1412203979000,0.87354,0.8736,0.87354,0.87357,23170000,1
1412203980000,1412204039000,0.87358,0.8736,0.87356,0.8736,22750000,1
1412204040000,1412204099000,0.8736,0.8736,0.87357,0.87357,16110000,1
1412204100000,1412204159000,0.87357,0.87368,0.87357,0.87368,44490000,1
1412204160000,1412204219000,0.87368,0.87379,0.87368,0.87369,28530000,1
1412204220000,1412204279000,0.87368,0.87368,0.8736,0.87363,15000000,1
1412204280000,1412204339000,0.87364,0.8737,0.87359,0.8737,20000000,1
1412204340000,1412204399000,0.87368,0.87368,0.87365,0.87365,6500000,1
1412204400000,1412204459000,0.87364,0.87369,0.87364,0.87364,19000000,1
1412204460000,1412204519000,0.87364,0.87367,0.87364,0.87367,3000000,1
1412204520000,1412204579000,0.87367,0.87367,0.87367,0.87367,2500000,1
1412204580000,1412204639000,0.87369,0.87383,0.87369,0.87382,16500000,1
1412204640000,1412204699000,0.87382,0.87393,0.87382,0.87391,26730000,1
1412204700000,1412204759000,0.87391,0.87391,0.87382,0.87383,11610000,1
1412204760000,1412204819000,0.87382,0.87382,0.87372,0.87372,16500000,1
1412204820000,1412204879000,0.87372,0.87373,0.87372,0.87372,8750000,1
1412204880000,1412204939000,0.87372,0.87372,0.87365,0.87365,22370000,1
1412204940000,1412204999000,0.87365,0.87366,0.87365,0.87366,10000000,1
1412205000000,1412205059000,0.87366,0.87367,0.87366,0.87366,10000000,1
1412205060000,1412205119000,0.87366,0.87368,0.87366,0.87368,20310000,1
1412205120000,1412205179000,0.87368,0.87368,0.87352,0.87354,28620000,1
1412205180000,1412205239000,0.87353,0.87353,0.87347,0.87347,22500000,1
1412205240000,1412205299000,0.87347,0.87347,0.87338,0.87342,34070000,1
1412205300000,1412205359000,0.87342,0.87352,0.87342,0.87348,28370000,1
1412205360000,1412205419000,0.87349,0.87353,0.87344,0.87351,34130000,1
1412205420000,1412205479000,0.87351,0.87363,0.87351,0.87363,65510000,1
1412205480000,1412205539000,0.87363,0.87373,0.87363,0.8737,63960000,1
1412205540000,1412205599000,0.8737,0.87375,0.87365,0.87375,60860000,1
1412205600000,1412205659000,0.87375,0.87402,0.87375,0.87402,82230000,1
1412205660000,1412205719000,0.87402,0.87414,0.87401,0.87414,73740000,1
1412205720000,1412205779000,0.87415,0.87432,0.87414,0.8743,51880000,1
1412205780000,1412205839000,0.8743,0.8745,0.8743,0.87448,47200000,1
1412205840000,1412205899000,0.87448,0.87481,0.87448,0.87478,73170000,1
1412205900000,1412205959000,0.87477,0.87477,0.87435,0.87439,73010000,1
1412205960000,1412206019000,0.87441,0.87443,0.87432,0.87435,44300000,1
1412206020000,1412206079000,0.87435,0.87439,0.87435,0.87439,56460000,1
1412206080000,1412206139000,0.8744,0.87457,0.87439,0.87454,69210000,1
1412206140000,1412206199000,0.87454,0.87463,0.8745,0.87457,57390000,1
1412206200000,1412206259000,0.87457,0.87474,0.87455,0.87474,86110000,1
1412206260000,1412206319000,0.87473,0.87479,0.8747,0.8747,33350000,1
1412206320000,1412206379000,0.8747,0.87479,0.87468,0.87477,27640000,1
1412206380000,1412206439000,0.87478,0.87478,0.87454,0.8746,39410000,1
1412206440000,1412206499000,0.8746,0.87465,0.87457,0.87463,25230000,1
1412206500000,1412206559000,0.87463,0.87466,0.87457,0.87466,20520000,1
1412206560000,1412206619000,0.87466,0.87468,0.87466,0.87468,7000000,1
1412206620000,1412206679000,0.87464,0.87468,0.87464,0.87465,11950000,1
1412206680000,1412206739000,0.87465,0.87466,0.87465,0.87465,7070000,1
1412206740000,1412206799000,0.87464,0.87465,0.87464,0.87464,3000000,1
1412206800000,1412206859000,0.87466,0.87479,0.87466,0.87479,33960000,1
1412206860000,1412206919000,0.8748,0.87492,0.8748,0.8749,106700000,1
1412206920000,1412206979000,0.8749,0.87513,0.87485,0.87513,105990000,1
1412206980000,1412207039000,0.87513,0.87514,0.87489,0.87493,132960000,1
1412207040000,1412207099000,0.87492,0.87492,0.87488,0.87488,63580000,1
1412207100000,1412207159000,0.87487,0.87488,0.87484,0.87484,17970000,1
1412207160000,1412207219000,0.87485,0.87488,0.87444,0.87448,69740000,1
1412207220000,1412207279000,0.87446,0.87455,0.87441,0.87442,69500000,1
1412207280000,1412207339000,0.87442,0.87449,0.87442,0.87448,34470000,1
1412207340000,1412207399000,0.87447,0.8745,0.87445,0.87445,41520000,1
1412207400000,1412207459000,0.87446,0.87453,0.87446,0.87451,41430000,1
1412207460000,1412207519000,0.87449,0.87453,0.87448,0.87448,49310000,1
1412207520000,1412207579000,0.87448,0.87449,0.87447,0.87447,109150000,1
1412207580000,1412207639000,0.87447,0.87448,0.87445,0.87445,48940000,1
1412207640000,1412207699000,0.87447,0.87447,0.87442,0.87445,17500000,1
1412207700000,1412207759000,0.87445,0.87452,0.87442,0.87447,23540000,1
1412207760000,1412207819000,0.87446,0.87449,0.87446,0.87448,12460000,1
1412207820000,1412207879000,0.87446,0.87447,0.87442,0.87443,22680000,1
1412207880000,1412207939000,0.87445,0.87445,0.87441,0.87442,31810000,1
1412207940000,1412207999000,0.87442,0.87443,0.87425,0.87426,84720000,1
1412208000000,1412208059000,0.87426,0.87432,0.87424,0.87426,69490000,1
1412208060000,1412208119000,0.87424,0.87427,0.87421,0.87427,34130000,1
1412208120000,1412208179000,0.87428,0.87445,0.87428,0.87442,54540000,1
1412208180000,1412208239000,0.87443,0.87444,0.87433,0.87434,29350000,1
1412208240000,1412208299000,0.87434,0.87436,0.87429,0.8743,33990000,1
1412208300000,1412208359000,0.87431,0.87479,0.87431,0.87479,90240000,1
1412208360000,1412208419000,0.87479,0.87484,0.87476,0.87477,43850000,1
1412208420000,1412208479000,0.87477,0.87486,0.87477,0.87483,47670000,1
1412208480000,1412208539000,0.87484,0.87503,0.87462,0.87462,90080000,1
1412208540000,1412208599000,0.87462,0.87511,0.87462,0.8751,94530000,1
1412208600000,1412208659000,0.8751,0.8751,0.8748,0.87494,97600000,1
1412208660000,1412208719000,0.87493,0.87514,0.87492,0.87512,80150000,1
1412208720000,1412208779000,0.87512,0.87516,0.87504,0.87512,50340000,1
1412208780000,1412208839000,0.87512,0.87564,0.87512,0.87563,109570000,1
1412208840000,1412208899000,0.8756,0.8756,0.87521,0.87536,103540000,1
1412208900000,1412208959000,0.87536,0.87536,0.87511,0.87511,55180000,1
1412208960000,1412209019000,0.87513,0.87526,0.87511,0.87524,82740000,1
1412209020000,1412209079000,0.87523,0.8754,0.87522,0.87522,59890000,1
1412209080000,1412209139000,0.87522,0.8755,0.87522,0.87539,90620000,1
1412209140000,1412209199000,0.8754,0.87543,0.87533,0.87534,52010000,1
1412209200000,1412209259000,0.87533,0.87543,0.87532,0.87534,41820000,1
1412209260000,1412209319000,0.87532,0.87538,0.87523,0.87524,19460000,1
1412209320000,1412209379000,0.87524,0.87524,0.87501,0.87501,75840000,1
1412209380000,1412209439000,0.87501,0.87502,0.87481,0.87482,71760000,1
1412209440000,1412209499000,0.87481,0.87482,0.87477,0.87482,29330000,1
1412209500000,1412209559000,0.87482,0.87488,0.87481,0.87482,53740000,1
1412209560000,1412209619000,0.87482,0.87482,0.87457,0.87457,55110000,1
1412209620000,1412209679000,0.87457,0.87462,0.87452,0.87453,64300000,1
1412209680000,1412209739000,0.87454,0.87472,0.8744,0.87452,85420000,1
1412209740000,1412209799000,0.87451,0.87454,0.87436,0.87436,136060000,1
1412209800000,1412209859000,0.87435,0.87451,0.87435,0.87445,40260000,1
1412209860000,1412209919000,0.87445,0.87447,0.87399,0.87405,82590000,1
1412209920000,1412209979000,0.87405,0.87444,0.87405,0.87435,112800000,1
1412209980000,1412210039000,0.87435,0.87435,0.87429,0.87432,41420000,1
1412210040000,1412210099000,0.87433,0.87433,0.87428,0.87428,28500000,1
1412210100000,1412210159000,0.87431,0.87455,0.87424,0.87455,75750000,1
1412210160000,1412210219000,0.87455,0.87462,0.87454,0.87455,16000000,1
1412210220000,1412210279000,0.87456,0.87464,0.8745,0.87451,67730000,1
1412210280000,1412210339000,0.87451,0.87453,0.8743,0.87443,48990000,1
1412210340000,1412210399000,0.87443,0.87462,0.87443,0.87455,59710000,1
1412210400000,1412210459000,0.87453,0.87455,0.87442,0.87443,58640000,1
1412210460000,1412210519000,0.87445,0.87476,0.87444,0.87475,49000000,1
1412210520000,1412210579000,0.87475,0.87485,0.87472,0.87478,36940000,1
1412210580000,1412210639000,0.87478,0.87478,0.87455,0.87463,42010000,1
1412210640000,1412210699000,0.87461,0.87461,0.87445,0.87445,11000000,1
1412210700000,1412210759000,0.87445,0.87458,0.87445,0.87458,30380000,1
1412210760000,1412210819000,0.87461,0.87464,0.87455,0.87455,23710000,1
1412210820000,1412210879000,0.87454,0.87457,0.87454,0.87457,11070000,1
1412210880000,1412210939000,0.87456,0.87462,0.8745,0.87452,50360000,1
1412210940000,1412210999000,0.87453,0.87453,0.87437,0.87442,63250000,1
1412211000000,1412211059000,0.87442,0.87446,0.87423,0.87433,99700000,1
1412211060000,1412211119000,0.87434,0.87446,0.87425,0.87442,61650000,1
1412211120000,1412211179000,0.87441,0.87445,0.87424,0.87424,55020000,1
1412211180000,1412211239000,0.87425,0.87442,0.87425,0.87442,44200000,1
1412211240000,1412211299000,0.87442,0.87464,0.87442,0.87455,100150000,1
1412211300000,1412211359000,0.87452,0.8747,0.87447,0.87462,53850000,1
1412211360000,1412211419000,0.87462,0.87462,0.87449,0.87455,45670000,1
1412211420000,1412211479000,0.87455,0.87455,0.87455,0.87455,15160000,1
1412211480000,1412211539000,0.87459,0.87473,0.87459,0.87473,79540000,1
1412211540000,1412211599000,0.87472,0.87485,0.8747,0.87483,55430000,1
1412211600000,1412211659000,0.87485,0.87519,0.87485,0.87519,71140000,1
1412211660000,1412211719000,0.8752,0.87557,0.8752,0.87548,82850000,1
1412211720000,1412211779000,0.87548,0.87557,0.87546,0.87551,52810000,1
1412211780000,1412211839000,0.87554,0.87555,0.87527,0.87527,30000000,1
1412211840000,1412211899000,0.87529,0.87538,0.87527,0.87537,40770000,1
1412211900000,1412211959000,0.87535,0.87546,0.87535,0.87546,33810000,1
1412211960000,1412212019000,0.87548,0.87556,0.87545,0.87545,33920000,1
1412212020000,1412212079000,0.87543,0.87552,0.8753,0.87538,90340000,1
1412212080000,1412212139000,0.87536,0.87536,0.87526,0.87528,47070000,1
1412212140000,1412212199000,0.87526,0.87548,0.87519,0.87547,70830000,1
1412212200000,1412212259000,0.87547,0.87593,0.87547,0.87588,124010000,1
1412212260000,1412212319000,0.87588,0.87607,0.87588,0.87607,74310000,1
1412212320000,1412212379000,0.87606,0.87616,0.87576,0.87581,84780000,1
1412212380000,1412212439000,0.87582,0.87585,0.8757,0.8757,41720000,1
1412212440000,1412212499000,0.87568,0.87579,0.87567,0.87573,58420000,1
1412212500000,1412212559000,0.87573,0.87583,0.87572,0.87582,48950000,1
1412212560000,1412212619000,0.87585,0.87585,0.8757,0.87575,37750000,1
1412212620000,1412212679000,0.87575,0.87575,0.87559,0.87561,33140000,1
1412212680000,1412212739000,0.87561,0.87562,0.87533,0.87541,73260000,1
1412212740000,1412212799000,0.87541,0.87556,0.87541,0.87547,58000000,1
1412212800000,1412212859000,0.87545,0.87547,0.87543,0.87545,19000000,1
1412212860000,1412212919000,0.87546,0.87604,0.87546,0.87584,82420000,1
1412212920000,1412212979000,0.87583,0.87586,0.8756,0.87565,61160000,1
1412212980000,1412213039000,0.87565,0.87567,0.87565,0.87566,15570000,1
1412213040000,1412213099000,0.87565,0.87567,0.87532,0.87535,84350000,1
1412213100000,1412213159000,0.87535,0.87547,0.87534,0.87538,60690000,1
1412213160000,1412213219000,0.8754,0.87547,0.87531,0.87547,40500000,1
1412213220000,1412213279000,0.87547,0.8757,0.87537,0.87537,75260000,1
1412213280000,1412213339000,0.87537,0.8755,0.87532,0.87536,74230000,1
1412213340000,1412213399000,0.87536,0.87553,0.87527,0.87538,112710000,1
1412213400000,1412213459000,0.87539,0.87726,0.87539,0.87714,319820000,1
1412213460000,1412213519000,0.87714,0.87716,0.87621,0.87621,208010000,1
1412213520000,1412213579000,0.87621,0.87661,0.8762,0.87637,100430000,1
1412213580000,1412213639000,0.87637,0.87637,0.87608,0.87616,69560000,1
1412213640000,1412213699000,0.87617,0.87637,0.87604,0.87634,99820000,1
1412213700000,1412213759000,0.87634,0.87656,0.8763,0.87656,89240000,1
1412213760000,1412213819000,0.87656,0.8768,0.87656,0.87673,76940000,1
1412213820000,1412213879000,0.87667,0.87703,0.87652,0.87686,136810000,1
1412213880000,1412213939000,0.87686,0.87686,0.87674,0.87675,36570000,1
1412213940000,1412213999000,0.87675,0.87726,0.87675,0.87725,69010000,1
1412214000000,1412214059000,0.87725,0.87725,0.87704,0.87704,98070000,1
1412214060000,1412214119000,0.87705,0.87713,0.87695,0.87705,85510000,1
1412214120000,1412214179000,0.87704,0.87708,0.87689,0.87689,66210000,1
1412214180000,1412214239000,0.87686,0.87704,0.87674,0.87703,104910000,1
1412214240000,1412214299000,0.87709,0.87766,0.87709,0.87765,178050000,1
1412214300000,1412214359000,0.87766,0.87821,0.87766,0.87799,183040000,1
1412214360000,1412214419000,0.87798,0.87806,0.87778,0.87792,107510000,1
1412214420000,1412214479000,0.87792,0.87793,0.87778,0.8778,68520000,1
1412214480000,1412214539000,0.87778,0.87778,0.87759,0.87776,88750000,1
1412214540000,1412214599000,0.87776,0.87794,0.87772,0.87785,93160000,1
1412214600000,1412214659000,0.87789,0.87833,0.87789,0.87825,127640000,1
1412214660000,1412214719000,0.87823,0.87832,0.87822,0.87826,36520000,1
1412214720000,1412214779000,0.87826,0.87826,0.87808,0.8782,86900000,1
1412214780000,1412214839000,0.8782,0.87829,0.8782,0.87829,46760000,1
1412214840000,1412214899000,0.87828,0.87854,0.87826,0.8785,89950000,1
1412214900000,1412214959000,0.87851,0.87895,0.87851,0.87886,169150000,1
1412214960000,1412215019000,0.87888,0.87932,0.87885,0.87928,146030000,1
1412215020000,1412215079000,0.87928,0.87928,0.87877,0.87879,123610000,1
1412215080000,1412215139000,0.8788,0.87887,0.87868,0.87873,110260000,1
1412215140000,1412215199000,0.87873,0.87873,0.87846,0.87846,56670000,1
1412215200000,1412215259000,0.87846,0.87846,0.87826,0.87832,72920000,1
1412215260000,1412215319000,0.87832,0.87846,0.87832,0.87838,57820000,1
1412215320000,1412215379000,0.87838,0.87838,0.87829,0.87833,43640000,1
1412215380000,1412215439000,0.87833,0.87833,0.87824,0.87832,49160000,1
1412215440000,1412215499000,0.87831,0.87835,0.87808,0.87808,69470000,1
1412215500000,1412215559000,0.87808,0.87835,0.87807,0.87815,69150000,1
1412215560000,1412215619000,0.8781,0.87822,0.8779,0.87808,132650000,1
1412215620000,1412215679000,0.87809,0.87814,0.87782,0.8779,53570000,1
1412215680000,1412215739000,0.8779,0.87809,0.87779,0.87785,106220000,1
1412215740000,1412215799000,0.87785,0.87807,0.87785,0.87806,89870000,1
1412215800000,1412215859000,0.87808,0.87825,0.87807,0.87807,73180000,1
1412215860000,1412215919000,0.87807,0.87807,0.87795,0.878,32210000,1
1412215920000,1412215979000,0.87801,0.87802,0.87799,0.878,10500000,1
1412215980000,1412216039000,0.87801,0.87801,0.87782,0.87795,55320000,1
1412216040000,1412216099000,0.87797,0.878,0.8777,0.87776,72820000,1
1412216100000,1412216159000,0.87777,0.87837,0.87776,0.8783,94950000,1
1412216160000,1412216219000,0.87829,0.87869,0.87829,0.87856,108190000,1
1412216220000,1412216279000,0.87858,0.87917,0.87857,0.87907,153460000,1
1412216280000,1412216339000,0.87907,0.87969,0.87907,0.87951,210170000,1
1412216340000,1412216399000,0.87951,0.87968,0.87938,0.87968,133540000,1
1412216400000,1412216459000,0.87967,0.87967,0.87917,0.87935,128570000,1
1412216460000,1412216519000,0.87933,0.8795,0.87906,0.87948,142280000,1
1412216520000,1412216579000,0.87947,0.87947,0.87906,0.87906,86340000,1
1412216580000,1412216639000,0.87906,0.87908,0.87872,0.87873,121620000,1
1412216640000,1412216699000,0.87873,0.87906,0.87873,0.87898,73880000,1
1412216700000,1412216759000,0.87898,0.87911,0.87867,0.87877,96610000,1
1412216760000,1412216819000,0.87875,0.87877,0.87857,0.87857,29850000,1
1412216820000,1412216879000,0.87857,0.87857,0.87837,0.87837,95330000,1
1412216880000,1412216939000,0.87837,0.87862,0.87836,0.87861,64850000,1
1412216940000,1412216999000,0.87861,0.87875,0.87847,0.87868,58920000,1
1412217000000,1412217059000,0.87867,0.87879,0.87867,0.87877,31500000,1
1412217060000,1412217119000,0.87877,0.87877,0.87847,0.87874,141450000,1
1412217120000,1412217179000,0.87874,0.879,0.87867,0.87886,61630000,1
1412217180000,1412217239000,0.87886,0.87906,0.87864,0.87885,119490000,1
1412217240000,1412217299000,0.87885,0.87916,0.87882,0.87906,85660000,1
1412217300000,1412217359000,0.87904,0.87937,0.87898,0.8793,91050000,1
1412217360000,1412217419000,0.87929,0.87929,0.87905,0.87923,97270000,1
1412217420000,1412217479000,0.87923,0.87972,0.87923,0.87966,71540000,1
1412217480000,1412217539000,0.87966,0.88005,0.87947,0.87948,162840000,1
1412217540000,1412217599000,0.87946,0.87957,0.87934,0.87939,61820000,1
1412217600000,1412217659000,0.8794,0.87963,0.87902,0.87937,117400000,1
1412217660000,1412217719000,0.8794,0.87945,0.87923,0.87938,46680000,1
1412217720000,1412217779000,0.87935,0.87939,0.87924,0.87928,74530000,1
1412217780000,1412217839000,0.87931,0.87968,0.87931,0.87956,117290000,1
1412217840000,1412217899000,0.87957,0.87977,0.87957,0.87962,128720000,1
1412217900000,1412217959000,0.87964,0.87973,0.87922,0.87933,99440000,1
1412217960000,1412218019000,0.87933,0.87933,0.8791,0.87933,84780000,1
1412218020000,1412218079000,0.87932,0.87965,0.8793,0.87957,86670000,1
1412218080000,1412218139000,0.87958,0.8796,0.87946,0.87958,27360000,1
1412218140000,1412218199000,0.87957,0.87958,0.87915,0.87957,138190000,1
1412218200000,1412218259000,0.87954,0.87963,0.87935,0.87935,62980000,1
1412218260000,1412218319000,0.87937,0.87955,0.87927,0.87947,67210000,1
1412218320000,1412218379000,0.87947,0.87992,0.87943,0.8798,90040000,1
1412218380000,1412218439000,0.8798,0.87989,0.87954,0.87984,69540000,1
1412218440000,1412218499000,0.87985,0.88005,0.87975,0.87997,122800000,1
1412218500000,1412218559000,0.87998,0.88018,0.87995,0.88017,89430000,1
1412218560000,1412218619000,0.88017,0.88026,0.87967,0.87967,131310000,1
1412218620000,1412218679000,0.87967,0.87977,0.87967,0.8797,32930000,1
1412218680000,1412218739000,0.8797,0.8799,0.87968,0.87989,37060000,1
1412218740000,1412218799000,0.87989,0.87999,0.87987,0.87995,65740000,1
1412218800000,1412218859000,0.87993,0.87996,0.87984,0.87991,92220000,1
1412218860000,1412218919000,0.87991,0.87991,0.87967,0.87982,56690000,1
1412218920000,1412218979000,0.87981,0.87981,0.87947,0.87947,61120000,1
1412218980000,1412219039000,0.87949,0.87953,0.87872,0.87932,152030000,1
1412219040000,1412219099000,0.87932,0.87937,0.879,0.87935,117240000,1
1412219100000,1412219159000,0.87935,0.87963,0.87928,0.87935,96390000,1
1412219160000,1412219219000,0.87935,0.87993,0.87926,0.87979,203230000,1
1412219220000,1412219279000,0.87979,0.8801,0.87955,0.88007,130340000,1
1412219280000,1412219339000,0.88003,0.88073,0.88,0.88073,194020000,1
1412219340000,1412219399000,0.88075,0.88154,0.88072,0.88144,268340000,1
1412219400000,1412219459000,0.88145,0.88152,0.881,0.88147,246480000,1
1412219460000,1412219519000,0.88147,0.88147,0.88078,0.88102,207710000,1
1412219520000,1412219579000,0.88103,0.88136,0.88095,0.88134,108960000,1
1412219580000,1412219639000,0.88137,0.88151,0.88108,0.88138,99790000,1
1412219640000,1412219699000,0.88139,0.88139,0.88087,0.88098,112000000,1
1412219700000,1412219759000,0.88097,0.88126,0.8809,0.88117,159800000,1
1412219760000,1412219819000,0.88117,0.88117,0.88077,0.88111,134520000,1
1412219820000,1412219879000,0.88115,0.88151,0.88081,0.88097,186540000,1
1412219880000,1412219939000,0.88097,0.88126,0.88071,0.88099,104710000,1
1412219940000,1412219999000,0.881,0.88135,0.88099,0.88123,96000000,1
1412220000000,1412220059000,0.88123,0.88142,0.88077,0.88093,118740000,1
1412220060000,1412220119000,0.88091,0.88126,0.88082,0.88098,165280000,1
1412220120000,1412220179000,0.88097,0.88114,0.88072,0.88074,98400000,1
1412220180000,1412220239000,0.88074,0.88074,0.88037,0.88038,111640000,1
1412220240000,1412220299000,0.88038,0.88046,0.88005,0.88006,115490000,1
1412220300000,1412220359000,0.88009,0.88077,0.88009,0.8805,125950000,1
1412220360000,1412220419000,0.8805,0.88062,0.88039,0.88048,82780000,1
1412220420000,1412220479000,0.8805,0.88087,0.8805,0.88087,61250000,1
1412220480000,1412220539000,0.88087,0.88087,0.88057,0.88076,122970000,1
1412220540000,1412220599000,0.88076,0.88076,0.88064,0.88067,22000000,1
1412220600000,1412220659000,0.88067,0.881,0.88067,0.88098,85080000,1
1412220660000,1412220719000,0.88098,0.88098,0.88055,0.88084,101390000,1
1412220720000,1412220779000,0.88081,0.88081,0.88044,0.88047,96690000,1
1412220780000,1412220839000,0.88047,0.88077,0.88047,0.8807,128320000,1
1412220840000,1412220899000,0.88073,0.88088,0.88053,0.88069,105430000,1
1412220900000,1412220959000,0.88068,0.88071,0.88039,0.88067,134630000,1
1412220960000,1412221019000,0.88067,0.88087,0.88052,0.88066,133800000,1
1412221020000,1412221079000,0.88067,0.88085,0.88047,0.88085,85850000,1
1412221080000,1412221139000,0.88085,0.88085,0.88057,0.88066,68920000,1
1412221140000,1412221199000,0.88067,0.8811,0.88067,0.88107,119600000,1
1412221200000,1412221259000,0.88107,0.88127,0.8808,0.88118,151940000,1
1412221260000,1412221319000,0.88117,0.88119,0.881,0.88118,73180000,1
1412221320000,1412221379000,0.88116,0.88136,0.88109,0.8811,91780000,1
1412221380000,1412221439000,0.88114,0.88119,0.88107,0.88116,20720000,1
1412221440000,1412221499000,0.88116,0.88139,0.88107,0.88139,72800000,1
1412221500000,1412221559000,0.88139,0.88146,0.88121,0.88137,69760000,1
1412221560000,1412221619000,0.88136,0.88136,0.88127,0.88127,36370000,1
1412221620000,1412221679000,0.88128,0.88134,0.88117,0.88127,51520000,1
1412221680000,1412221739000,0.88128,0.88133,0.88107,0.88117,38440000,1
1412221740000,1412221799000,0.88117,0.88119,0.88099,0.8811,46950000,1
1412221800000,1412221859000,0.88112,0.88139,0.88112,0.88138,40180000,1
1412221860000,1412221919000,0.88138,0.88139,0.88095,0.88095,58250000,1
1412221920000,1412221979000,0.88095,0.88132,0.88095,0.88111,58230000,1
1412221980000,1412222039000,0.8811,0.88126,0.88095,0.88119,94930000,1
1412222040000,1412222099000,0.88119,0.88119,0.88104,0.8811,60660000,1
1412222100000,1412222159000,0.8811,0.88115,0.88099,0.88107,45570000,1
1412222160000,1412222219000,0.88109,0.8812,0.88105,0.88117,35660000,1
1412222220000,1412222279000,0.88118,0.88127,0.88108,0.88126,65770000,1
1412222280000,1412222339000,0.88126,0.88126,0.88087,0.88087,89120000,1
1412222340000,1412222399000,0.88087,0.88096,0.88085,0.88096,24020000,1
1412222400000,1412222459000,0.88096,0.88096,0.88079,0.88088,45070000,1
1412222460000,1412222519000,0.88088,0.88088,0.88087,0.88087,12500000,1
1412222520000,1412222579000,0.88088,0.88088,0.88076,0.88077,7500000,1
1412222580000,1412222639000,0.88077,0.88078,0.88042,0.88049,76690000,1
1412222640000,1412222699000,0.88047,0.88047,0.88032,0.88042,65640000,1
1412222700000,1412222759000,0.88042,0.88042,0.88007,0.88017,81470000,1
1412222760000,1412222819000,0.88021,0.88026,0.88003,0.88005,75520000,1
1412222820000,1412222879000,0.88004,0.88007,0.88002,0.88007,11940000,1
1412222880000,1412222939000,0.88007,0.88007,0.88007,0.88007,1000000,1
1412222940000,1412222999000,0.88007,0.88007,0.87972,0.87977,58010000,1
1412223000000,1412223059000,0.87975,0.87986,0.87948,0.87976,95550000,1
1412223060000,1412223119000,0.87971,0.87987,0.87952,0.87968,127550000,1
1412223120000,1412223179000,0.87968,0.88006,0.87968,0.87997,102190000,1
1412223180000,1412223239000,0.87996,0.88019,0.87978,0.88019,102760000,1
1412223240000,1412223299000,0.88017,0.88037,0.88007,0.88037,77200000,1
1412223300000,1412223359000,0.88036,0.88036,0.88007,0.88015,57440000,1
1412223360000,1412223419000,0.88016,0.88033,0.8801,0.88013,67490000,1
1412223420000,1412223479000,0.88013,0.88021,0.88005,0.88019,54070000,1
1412223480000,1412223539000,0.88019,0.8804,0.88018,0.88038,66870000,1
1412223540000,1412223599000,0.88037,0.88046,0.88032,0.88036,95370000,1
1412223600000,1412223659000,0.88036,0.88052,0.88036,0.88047,34080000,1
1412223660000,1412223719000,0.88047,0.88047,0.88027,0.88028,74070000,1
1412223720000,1412223779000,0.88028,0.88028,0.88016,0.88017,6100000,1
1412223780000,1412223839000,0.88019,0.88027,0.88007,0.88007,30340000,1
1412223840000,1412223899000,0.8801,0.88019,0.88002,0.88006,42500000,1
1412223900000,1412223959000,0.88006,0.88029,0.88006,0.88028,48120000,1
1412223960000,1412224019000,0.88028,0.8805,0.88028,0.88038,40470000,1
1412224020000,1412224079000,0.88037,0.88048,0.88035,0.88046,34070000,1
1412224080000,1412224139000,0.88046,0.88055,0.88041,0.88046,59010000,1
1412224140000,1412224199000,0.88047,0.88048,0.88044,0.88046,12000000,1
1412224200000,1412224259000,0.88046,0.88048,0.88029,0.8803,45370000,1
1412224260000,1412224319000,0.8803,0.88037,0.8803,0.88037,7070000,1
1412224320000,1412224379000,0.88036,0.88042,0.88027,0.88027,20600000,1
1412224380000,1412224439000,0.88027,0.88027,0.88009,0.88009,23290000,1
1412224440000,1412224499000,0.88013,0.88018,0.88002,0.88005,31690000,1
1412224500000,1412224559000,0.88003,0.88005,0.87979,0.87987,66890000,1
1412224560000,1412224619000,0.87987,0.87999,0.87955,0.87998,104580000,1
1412224620000,1412224679000,0.88,0.88027,0.88,0.88008,77080000,1
1412224680000,1412224739000,0.88007,0.88008,0.87999,0.88006,33290000,1
1412224740000,1412224799000,0.88006,0.88006,0.87987,0.87987,18660000,1
1412224800000,1412224859000,0.87987,0.88017,0.87982,0.88017,42010000,1
1412224860000,1412224919000,0.88016,0.88016,0.88004,0.88006,16570000,1
1412224920000,1412224979000,0.88009,0.88016,0.88009,0.88016,8370000,1
1412224980000,1412225039000,0.88017,0.88037,0.88017,0.8803,54750000,1
1412225040000,1412225099000,0.8803,0.88037,0.88027,0.88031,25270000,1
1412225100000,1412225159000,0.88033,0.88076,0.88033,0.88056,82040000,1
1412225160000,1412225219000,0.88056,0.88065,0.88039,0.88053,53140000,1
1412225220000,1412225279000,0.88054,0.88086,0.88054,0.8807,70470000,1
1412225280000,1412225339000,0.88069,0.88077,0.88068,0.8807,58500000,1
1412225340000,1412225399000,0.88073,0.8809,0.88073,0.8808,67070000,1
1412225400000,1412225459000,0.88079,0.88084,0.88078,0.88082,28060000,1
1412225460000,1412225519000,0.88082,0.88111,0.88082,0.88098,61740000,1
1412225520000,1412225579000,0.88097,0.88099,0.88093,0.88099,25070000,1
1412225580000,1412225639000,0.88095,0.88095,0.88072,0.88072,14600000,1
1412225640000,1412225699000,0.88075,0.88088,0.88057,0.88076,69920000,1
1412225700000,1412225759000,0.88076,0.88094,0.88067,0.88092,97360000,1
1412225760000,1412225819000,0.88091,0.88104,0.88091,0.88104,32050000,1
1412225820000,1412225879000,0.88105,0.88105,0.88083,0.88086,68160000,1
1412225880000,1412225939000,0.88089,0.88098,0.88067,0.88072,133920000,1
1412225940000,1412225999000,0.88072,0.88092,0.88072,0.88089,83590000,1
1412226000000,1412226059000,0.88088,0.8809,0.88055,0.88081,180650000,1
1412226060000,1412226119000,0.88081,0.88095,0.88075,0.88092,39280000,1
1412226120000,1412226179000,0.88093,0.88093,0.8807,0.8807,97670000,1
1412226180000,1412226239000,0.88067,0.88073,0.88048,0.88053,103420000,1
1412226240000,1412226299000,0.88055,0.88069,0.88047,0.88053,113100000,1
1412226300000,1412226359000,0.88054,0.88083,0.88054,0.88077,92210000,1
1412226360000,1412226419000,0.88076,0.88087,0.88075,0.88087,66490000,1
1412226420000,1412226479000,0.88083,0.88089,0.88078,0.88088,19570000,1
1412226480000,1412226539000,0.88088,0.88088,0.8808,0.88086,17140000,1
1412226540000,1412226599000,0.88087,0.88092,0.88086,0.8809,44870000,1
1412226600000,1412226659000,0.8809,0.88107,0.88087,0.88105,106220000,1
1412226660000,1412226719000,0.88106,0.88108,0.88103,0.88103,29020000,1
1412226720000,1412226779000,0.88101,0.88103,0.88097,0.88102,30530000,1
1412226780000,1412226839000,0.881,0.88101,0.881,0.88101,2500000,1
1412226840000,1412226899000,0.88102,0.88102,0.881,0.881,9070000,1
1412226900000,1412226959000,0.88101,0.88101,0.88074,0.88076,41540000,1
1412226960000,1412227019000,0.88076,0.8808,0.88076,0.88077,15890000,1
1412227020000,1412227079000,0.88077,0.88078,0.88068,0.88069,26260000,1
1412227080000,1412227139000,0.88067,0.88097,0.88066,0.88096,25260000,1
1412227140000,1412227199000,0.88096,0.88096,0.88077,0.88083,41980000,1
1412227200000,1412227259000,0.88084,0.88096,0.88077,0.88096,51730000,1
1412227260000,1412227319000,0.88094,0.88104,0.88094,0.881,34810000,1
1412227320000,1412227379000,0.88098,0.88098,0.88084,0.88087,14430000,1
1412227380000,1412227439000,0.88087,0.88087,0.8808,0.8808,7000000,1
1412227440000,1412227499000,0.8808,0.8808,0.88059,0.88059,31230000,1
1412227500000,1412227559000,0.88059,0.88059,0.88039,0.88047,39080000,1
1412227560000,1412227619000,0.8805,0.88066,0.88047,0.88047,54380000,1
1412227620000,1412227679000,0.88046,0.88056,0.88037,0.88037,50550000,1
1412227680000,1412227739000,0.88037,0.88049,0.88034,0.88039,70840000,1
1412227740000,1412227799000,0.88039,0.88049,0.8803,0.88046,100880000,1
1412227800000,1412227859000,0.88046,0.88046,0.88027,0.88027,41570000,1
1412227860000,1412227919000,0.88027,0.88057,0.88027,0.88057,96170000,1
1412227920000,1412227979000,0.88058,0.88074,0.88049,0.88058,89250000,1
1412227980000,1412228039000,0.88058,0.88058,0.88039,0.88046,46570000,1
1412228040000,1412228099000,0.88046,0.88058,0.88046,0.88048,53640000,1
1412228100000,1412228159000,0.88044,0.88047,0.88035,0.88035,57900000,1
1412228160000,1412228219000,0.88035,0.88042,0.88024,0.88035,68420000,1
1412228220000,1412228279000,0.88035,0.88039,0.88031,0.88038,46820000,1
1412228280000,1412228339000,0.88038,0.88038,0.88035,0.88036,10030000,1
1412228340000,1412228399000,0.88036,0.88045,0.88028,0.88045,36730000,1
1412228400000,1412228459000,0.88044,0.88056,0.88037,0.88056,74970000,1
1412228460000,1412228519000,0.88058,0.88064,0.88049,0.88055,46820000,1
1412228520000,1412228579000,0.88055,0.88056,0.88049,0.88053,40670000,1
1412228580000,1412228639000,0.88053,0.88068,0.88039,0.88059,42600000,1
1412228640000,1412228699000,0.8806,0.88076,0.8806,0.8807,68030000,1
1412228700000,1412228759000,0.8807,0.88084,0.8807,0.88071,81390000,1
1412228760000,1412228819000,0.88071,0.88089,0.88071,0.88088,81350000,1
1412228820000,1412228879000,0.8809,0.88131,0.8809,0.8812,110080000,1
1412228880000,1412228939000,0.88119,0.88119,0.88096,0.88102,81440000,1
1412228940000,1412228999000,0.88103,0.88103,0.88081,0.88094,41910000,1
1412229000000,1412229059000,0.88094,0.88095,0.88071,0.88084,79980000,1
1412229060000,1412229119000,0.88081,0.88156,0.88081,0.88156,99580000,1
1412229120000,1412229179000,0.88157,0.88159,0.88139,0.88139,50400000,1
1412229180000,1412229239000,0.8814,0.88152,0.88127,0.88128,78640000,1
1412229240000,1412229299000,0.88126,0.88146,0.88115,0.88127,108110000,1
1412229300000,1412229359000,0.88127,0.8814,0.88088,0.88112,100490000,1
1412229360000,1412229419000,0.88112,0.88118,0.88088,0.881,78290000,1
1412229420000,1412229479000,0.881,0.88119,0.881,0.88109,67000000,1
1412229480000,1412229539000,0.88109,0.88121,0.88097,0.88097,60790000,1
1412229540000,1412229599000,0.88097,0.8812,0.88095,0.88115,126870000,1
1412229600000,1412229659000,0.88115,0.8813,0.88115,0.88117,78980000,1
1412229660000,1412229719000,0.88118,0.88147,0.88113,0.88147,122310000,1
1412229720000,1412229779000,0.88147,0.88149,0.88081,0.88081,125800000,1
1412229780000,1412229839000,0.88083,0.88089,0.88075,0.88077,97540000,1
1412229840000,1412229899000,0.88077,0.88077,0.88047,0.8805,132510000,1
1412229900000,1412229959000,0.8805,0.88052,0.88026,0.88037,81850000,1
1412229960000,1412230019000,0.88037,0.88046,0.88035,0.88046,48360000,1
1412230020000,1412230079000,0.88046,0.88046,0.88002,0.88017,86410000,1
1412230080000,1412230139000,0.88017,0.88047,0.88016,0.88027,69910000,1
1412230140000,1412230199000,0.88027,0.88043,0.88004,0.88028,153820000,1
1412230200000,1412230259000,0.88028,0.88028,0.88008,0.88017,64450000,1
1412230260000,1412230319000,0.8802,0.8803,0.87979,0.87986,115740000,1
1412230320000,1412230379000,0.87989,0.87991,0.87965,0.87985,117310000,1
1412230380000,1412230439000,0.87981,0.87991,0.87965,0.8797,109970000,1
1412230440000,1412230499000,0.8797,0.87975,0.87916,0.87917,147850000,1
1412230500000,1412230559000,0.87917,0.8795,0.87903,0.87948,168490000,1
1412230560000,1412230619000,0.87948,0.87962,0.87948,0.87958,53270000,1
1412230620000,1412230679000,0.87958,0.87994,0.87958,0.87976,118020000,1
1412230680000,1412230739000,0.87976,0.88006,0.87976,0.87997,59200000,1
1412230740000,1412230799000,0.87997,0.88008,0.87987,0.88008,42850000,1
1412230800000,1412230859000,0.88008,0.88008,0.87984,0.87997,89770000,1
1412230860000,1412230919000,0.87997,0.87997,0.87947,0.87948,78080000,1
1412230920000,1412230979000,0.87948,0.88006,0.87948,0.87987,60450000,1
1412230980000,1412231039000,0.87986,0.88006,0.87978,0.88006,71970000,1
1412231040000,1412231099000,0.88006,0.88017,0.87988,0.87988,121370000,1
1412231100000,1412231159000,0.87986,0.88014,0.87977,0.88001,63770000,1
1412231160000,1412231219000,0.88001,0.88002,0.87987,0.88001,72150000,1
1412231220000,1412231279000,0.88,0.88023,0.87988,0.88007,81990000,1
1412231280000,1412231339000,0.88003,0.8801,0.87985,0.87985,84730000,1
1412231340000,1412231399000,0.87985,0.87997,0.87985,0.8799,61120000,1
1412231400000,1412231459000,0.87988,0.87988,0.87967,0.87967,53040000,1
1412231460000,1412231519000,0.87967,0.87977,0.87938,0.87938,104590000,1
1412231520000,1412231579000,0.87938,0.87958,0.87932,0.87936,108010000,1
1412231580000,1412231639000,0.87936,0.87944,0.87907,0.87927,136300000,1
1412231640000,1412231699000,0.87927,0.87929,0.87887,0.87897,87110000,1
1412231700000,1412231759000,0.87897,0.87901,0.8788,0.87886,68580000,1
1412231760000,1412231819000,0.87886,0.87902,0.87878,0.87899,117650000,1
1412231820000,1412231879000,0.87899,0.87899,0.87867,0.87874,113970000,1
1412231880000,1412231939000,0.87873,0.87886,0.87863,0.87867,83290000,1
1412231940000,1412231999000,0.87867,0.87888,0.87867,0.87877,50590000,1
1412232000000,1412232059000,0.87877,0.87877,0.87847,0.87868,99640000,1
1412232060000,1412232119000,0.87867,0.87878,0.87843,0.87843,100780000,1
1412232120000,1412232179000,0.87844,0.87869,0.87843,0.87856,113300000,1
1412232180000,1412232239000,0.87856,0.87869,0.87854,0.87865,79660000,1
1412232240000,1412232299000,0.87864,0.87877,0.87855,0.87875,88380000,1
1412232300000,1412232359000,0.87876,0.87886,0.87875,0.87884,52280000,1
1412232360000,1412232419000,0.87882,0.87882,0.87851,0.87869,138930000,1
1412232420000,1412232479000,0.87869,0.87874,0.87837,0.87855,100210000,1
1412232480000,1412232539000,0.87855,0.87855,0.87827,0.87828,70800000,1
1412232540000,1412232599000,0.87826,0.87872,0.87825,0.87872,105810000,1
1412232600000,1412232659000,0.87872,0.87875,0.87865,0.87875,29620000,1
1412232660000,1412232719000,0.87875,0.87886,0.87862,0.87877,91450000,1
1412232720000,1412232779000,0.87877,0.879,0.87869,0.879,71110000,1
1412232780000,1412232839000,0.87901,0.87907,0.87868,0.87898,115840000,1
1412232840000,1412232899000,0.87898,0.87903,0.87868,0.87868,55210000,1
1412232900000,1412232959000,0.87868,0.87871,0.87847,0.87853,70020000,1
1412232960000,1412233019000,0.87851,0.87851,0.87822,0.87827,94360000,1
1412233020000,1412233079000,0.87827,0.87846,0.87823,0.8783,63230000,1
1412233080000,1412233139000,0.87827,0.87857,0.87827,0.87844,96240000,1
1412233140000,1412233199000,0.87843,0.87861,0.87839,0.87858,60730000,1
1412233200000,1412233259000,0.8786,0.87883,0.87852,0.87883,93590000,1
1412233260000,1412233319000,0.87883,0.87889,0.87837,0.8785,127580000,1
1412233320000,1412233379000,0.87853,0.87855,0.87838,0.8785,96630000,1
1412233380000,1412233439000,0.8785,0.87864,0.87847,0.87853,77530000,1
1412233440000,1412233499000,0.87853,0.87893,0.87849,0.87887,130770000,1
1412233500000,1412233559000,0.87887,0.87896,0.8786,0.87878,122070000,1
1412233560000,1412233619000,0.87878,0.87888,0.87867,0.87872,101750000,1
1412233620000,1412233679000,0.87872,0.87876,0.87855,0.87865,103850000,1
1412233680000,1412233739000,0.87865,0.87866,0.87838,0.87838,119870000,1
1412233740000,1412233799000,0.87836,0.87845,0.87817,0.87837,177390000,1
1412233800000,1412233859000,0.87837,0.87847,0.87836,0.8784,89270000,1
1412233860000,1412233919000,0.87838,0.87838,0.87796,0.87798,134410000,1
1412233920000,1412233979000,0.87798,0.87805,0.87785,0.87794,105210000,1
1412233980000,1412234039000,0.87794,0.87794,0.87767,0.87771,77800000,1
1412234040000,1412234099000,0.87765,0.87798,0.87765,0.87778,101320000,1
1412234100000,1412234159000,0.87778,0.87786,0.87766,0.87786,84900000,1
1412234160000,1412234219000,0.87787,0.87817,0.87787,0.87817,100960000,1
1412234220000,1412234279000,0.87817,0.87823,0.87792,0.87792,133730000,1
1412234280000,1412234339000,0.87793,0.87829,0.87793,0.87829,115210000,1
1412234340000,1412234399000,0.8783,0.87847,0.87819,0.87827,138010000,1
1412234400000,1412234459000,0.87827,0.87827,0.87798,0.87817,102950000,1
1412234460000,1412234519000,0.87818,0.87837,0.87817,0.87837,68610000,1
1412234520000,1412234579000,0.87838,0.87838,0.87812,0.87827,91850000,1
1412234580000,1412234639000,0.87827,0.87853,0.87827,0.87851,73220000,1
1412234640000,1412234699000,0.87853,0.87853,0.87832,0.87837,72900000,1
1412234700000,1412234759000,0.87837,0.87837,0.87827,0.87827,38170000,1
1412234760000,1412234819000,0.87827,0.87827,0.87815,0.87815,43670000,1
1412234820000,1412234879000,0.87815,0.87827,0.87808,0.87808,50960000,1
1412234880000,1412234939000,0.87808,0.87813,0.87795,0.87798,75050000,1
1412234940000,1412234999000,0.87798,0.87819,0.87788,0.87816,82350000,1
1412235000000,1412235059000,0.87817,0.8783,0.87812,0.87817,100300000,1
1412235060000,1412235119000,0.87815,0.87839,0.87815,0.87838,86730000,1
1412235120000,1412235179000,0.87838,0.87852,0.87837,0.87837,95910000,1
1412235180000,1412235239000,0.8784,0.87848,0.87837,0.87848,46730000,1
1412235240000,1412235299000,0.87848,0.87857,0.87837,0.87857,49600000,1
1412235300000,1412235359000,0.87857,0.87866,0.87857,0.87865,39860000,1
1412235360000,1412235419000,0.87865,0.87869,0.87857,0.87857,79850000,1
1412235420000,1412235479000,0.87858,0.87874,0.87858,0.87868,88960000,1
1412235480000,1412235539000,0.87868,0.87868,0.87825,0.87862,136700000,1
1412235540000,1412235599000,0.8786,0.87867,0.8785,0.87857,86340000,1
1412235600000,1412235659000,0.87857,0.87879,0.87857,0.87873,82860000,1
1412235660000,1412235719000,0.87871,0.87877,0.87857,0.87877,86980000,1
1412235720000,1412235779000,0.87878,0.87886,0.87877,0.87883,72970000,1
1412235780000,1412235839000,0.87883,0.87885,0.87871,0.87877,67890000,1
1412235840000,1412235899000,0.87878,0.87885,0.87875,0.87884,50430000,1
1412235900000,1412235959000,0.87883,0.87884,0.87867,0.87883,124140000,1
1412235960000,1412236019000,0.87882,0.87887,0.8787,0.87872,104950000,1
1412236020000,1412236079000,0.87872,0.87873,0.87855,0.8787,101860000,1
1412236080000,1412236139000,0.8787,0.8787,0.87856,0.87857,79320000,1
1412236140000,1412236199000,0.87858,0.87868,0.87858,0.87866,41130000,1
1412236200000,1412236259000,0.87863,0.87864,0.87837,0.87842,101090000,1
1412236260000,1412236319000,0.87843,0.8785,0.87837,0.87847,60850000,1
1412236320000,1412236379000,0.87849,0.87858,0.87848,0.87858,75680000,1
1412236380000,1412236439000,0.87855,0.87855,0.87846,0.87854,29500000,1
1412236440000,1412236499000,0.87854,0.87854,0.87838,0.87838,33680000,1
1412236500000,1412236559000,0.87836,0.87844,0.87827,0.8784,58790000,1
1412236560000,1412236619000,0.87838,0.8784,0.87831,0.87834,61810000,1
1412236620000,1412236679000,0.87832,0.87856,0.87831,0.8785,65590000,1
1412236680000,1412236739000,0.8785,0.87851,0.87843,0.87844,30040000,1
1412236740000,1412236799000,0.87844,0.87851,0.87838,0.87845,37500000,1
1412236800000,1412236859000,0.87845,0.87849,0.87833,0.87847,60030000,1
1412236860000,1412236919000,0.87846,0.87846,0.87833,0.8784,52630000,1
1412236920000,1412236979000,0.8784,0.87841,0.87836,0.8784,47950000,1
1412236980000,1412237039000,0.87841,0.87841,0.87833,0.8784,42570000,1
1412237040000,1412237099000,0.87839,0.87849,0.87831,0.87846,76940000,1
1412237100000,1412237159000,0.87848,0.87858,0.87848,0.87856,62400000,1
1412237160000,1412237219000,0.87857,0.87863,0.87846,0.87854,80180000,1
1412237220000,1412237279000,0.87855,0.87856,0.8785,0.87856,41440000,1
1412237280000,1412237339000,0.87854,0.87858,0.87847,0.87855,53120000,1
1412237340000,1412237399000,0.87855,0.87855,0.87836,0.87836,34510000,1
1412237400000,1412237459000,0.87836,0.87846,0.87821,0.87821,50370000,1
1412237460000,1412237519000,0.87821,0.87827,0.87815,0.87817,100010000,1
1412237520000,1412237579000,0.87817,0.87835,0.87807,0.87812,136760000,1
1412237580000,1412237639000,0.87812,0.87837,0.87812,0.87836,79290000,1
1412237640000,1412237699000,0.87836,0.87838,0.87823,0.87827,90750000,1
1412237700000,1412237759000,0.87827,0.87856,0.87827,0.87856,112520000,1
1412237760000,1412237819000,0.87855,0.87855,0.87837,0.87843,91720000,1
1412237820000,1412237879000,0.87842,0.87855,0.87842,0.87854,79380000,1
1412237880000,1412237939000,0.87855,0.87942,0.87853,0.8793,230840000,1
1412237940000,1412237999000,0.87932,0.87964,0.87922,0.87948,188390000,1
1412238000000,1412238059000,0.87949,0.87955,0.87906,0.87908,115550000,1
1412238060000,1412238119000,0.87907,0.87919,0.87904,0.87917,101580000,1
1412238120000,1412238179000,0.87917,0.87925,0.87896,0.87898,111490000,1
1412238180000,1412238239000,0.87896,0.87896,0.87865,0.87867,92150000,1
1412238240000,1412238299000,0.87867,0.87888,0.87858,0.87888,69900000,1
1412238300000,1412238359000,0.87888,0.87899,0.87877,0.87896,79940000,1
1412238360000,1412238419000,0.87896,0.87896,0.87876,0.87893,64850000,1
1412238420000,1412238479000,0.87893,0.87893,0.87871,0.87872,101010000,1
1412238480000,1412238539000,0.87872,0.87877,0.87856,0.87857,71610000,1
1412238540000,1412238599000,0.87857,0.87876,0.87841,0.87859,131720000,1
1412238600000,1412238659000,0.87859,0.87866,0.87837,0.87837,99620000,1
1412238660000,1412238719000,0.87837,0.8785,0.87807,0.87837,148230000,1
1412238720000,1412238779000,0.87836,0.87847,0.87827,0.87836,68330000,1
1412238780000,1412238839000,0.87838,0.87895,0.87835,0.8788,167950000,1
1412238840000,1412238899000,0.8788,0.87887,0.87865,0.87875,114330000,1
1412238900000,1412238959000,0.87876,0.87877,0.87857,0.87872,126420000,1
1412238960000,1412239019000,0.87874,0.87875,0.87834,0.87846,144770000,1
1412239020000,1412239079000,0.87846,0.87858,0.87823,0.87858,82160000,1
1412239080000,1412239139000,0.87859,0.87888,0.87857,0.87858,108820000,1
1412239140000,1412239199000,0.87858,0.87878,0.87844,0.87872,192690000,1
1412239200000,1412239259000,0.87871,0.87894,0.8786,0.8786,181800000,1
1412239260000,1412239319000,0.87862,0.87868,0.87847,0.87864,132110000,1
1412239320000,1412239379000,0.87863,0.8789,0.87838,0.87879,190320000,1
1412239380000,1412239439000,0.8788,0.87941,0.8788,0.8794,172750000,1
1412239440000,1412239499000,0.87942,0.87966,0.87928,0.87957,124120000,1
1412239500000,1412239559000,0.87957,0.88047,0.87948,0.88047,214820000,1
1412239560000,1412239619000,0.88047,0.88047,0.88004,0.88007,144250000,1
1412239620000,1412239679000,0.88005,0.88037,0.88005,0.88008,164760000,1
1412239680000,1412239739000,0.88008,0.88024,0.87999,0.88008,106430000,1
1412239740000,1412239799000,0.88008,0.88024,0.8797,0.87976,134130000,1
1412239800000,1412239859000,0.87977,0.87978,0.87956,0.87978,118710000,1
1412239860000,1412239919000,0.87977,0.87981,0.87933,0.87933,88870000,1
1412239920000,1412239979000,0.87933,0.87936,0.87915,0.8793,160450000,1
1412239980000,1412240039000,0.8793,0.87936,0.8791,0.87934,135940000,1
1412240040000,1412240099000,0.87934,0.87938,0.87925,0.87927,51380000,1
1412240100000,1412240159000,0.87928,0.87987,0.87923,0.87987,83890000,1
1412240160000,1412240219000,0.87987,0.88074,0.87987,0.88049,278050000,1
1412240220000,1412240279000,0.88047,0.88083,0.8803,0.88077,185110000,1
1412240280000,1412240339000,0.88078,0.88078,0.87992,0.88005,171700000,1
1412240340000,1412240399000,0.88005,0.88005,0.87973,0.87976,139200000,1
1412240400000,1412240459000,0.87976,0.87976,0.87938,0.87938,135630000,1
1412240460000,1412240519000,0.87938,0.87962,0.87907,0.87956,124080000,1
1412240520000,1412240579000,0.87959,0.87986,0.87957,0.87968,140710000,1
1412240580000,1412240639000,0.87972,0.87984,0.8796,0.87962,105800000,1
1412240640000,1412240699000,0.87961,0.87975,0.87949,0.87962,97910000,1
1412240700000,1412240759000,0.87962,0.87967,0.87949,0.87956,97720000,1
1412240760000,1412240819000,0.87956,0.87977,0.87956,0.87971,69260000,1
1412240820000,1412240879000,0.87971,0.87971,0.87947,0.87967,100510000,1
1412240880000,1412240939000,0.87967,0.87967,0.87922,0.87928,122620000,1
1412240940000,1412240999000,0.87926,0.87926,0.87894,0.87897,146070000,1
1412241000000,1412241059000,0.87897,0.87897,0.87872,0.87876,99330000,1
1412241060000,1412241119000,0.87876,0.87896,0.87865,0.87895,132550000,1
1412241120000,1412241179000,0.87895,0.87901,0.87849,0.87853,144790000,1
1412241180000,1412241239000,0.87853,0.87856,0.87828,0.87828,56210000,1
1412241240000,1412241299000,0.87827,0.87881,0.87827,0.87845,122240000,1
1412241300000,1412241359000,0.87845,0.87845,0.87827,0.87828,55400000,1
1412241360000,1412241419000,0.87828,0.87838,0.87817,0.87825,68630000,1
1412241420000,1412241479000,0.87823,0.87835,0.87805,0.87827,105190000,1
1412241480000,1412241539000,0.87826,0.87838,0.8782,0.87826,84970000,1
1412241540000,1412241599000,0.87826,0.87826,0.87804,0.87817,69520000,1
1412241600000,1412241659000,0.87819,0.87821,0.87787,0.87787,78150000,1
1412241660000,1412241719000,0.87788,0.87798,0.87767,0.87767,80950000,1
1412241720000,1412241779000,0.87767,0.87796,0.87767,0.87794,102640000,1
1412241780000,1412241839000,0.87794,0.87803,0.87787,0.87787,74880000,1
1412241840000,1412241899000,0.87787,0.87824,0.87775,0.87823,155910000,1
1412241900000,1412241959000,0.87821,0.87821,0.87797,0.87797,45640000,1
1412241960000,1412242019000,0.87797,0.87817,0.87785,0.87817,89160000,1
1412242020000,1412242079000,0.8782,0.8785,0.8782,0.87837,92500000,1
1412242080000,1412242139000,0.87837,0.87843,0.87827,0.87836,46780000,1
1412242140000,1412242199000,0.87835,0.87836,0.87806,0.87807,75770000,1
1412242200000,1412242259000,0.87807,0.87816,0.87794,0.87798,60770000,1
1412242260000,1412242319000,0.87798,0.87808,0.87784,0.87787,108470000,1
1412242320000,1412242379000,0.87785,0.87786,0.8776,0.8776,105730000,1
1412242380000,1412242439000,0.87758,0.87758,0.87727,0.87747,117170000,1
1412242440000,1412242499000,0.87748,0.87754,0.87746,0.87748,31700000,1
1412242500000,1412242559000,0.87748,0.87778,0.87747,0.87765,96810000,1
1412242560000,1412242619000,0.87765,0.87775,0.87765,0.87771,46140000,1
1412242620000,1412242679000,0.8777,0.87798,0.8777,0.87798,69690000,1
1412242680000,1412242739000,0.87798,0.87798,0.87743,0.87747,75100000,1
1412242740000,1412242799000,0.87748,0.87764,0.87748,0.87749,28870000,1
1412242800000,1412242859000,0.87749,0.87768,0.87749,0.87768,55520000,1
1412242860000,1412242919000,0.8777,0.87775,0.87767,0.87773,40090000,1
1412242920000,1412242979000,0.87773,0.87773,0.87757,0.87765,51680000,1
1412242980000,1412243039000,0.87768,0.87793,0.87765,0.87787,105580000,1
1412243040000,1412243099000,0.87787,0.87818,0.87779,0.87817,80070000,1
1412243100000,1412243159000,0.87817,0.87817,0.87789,0.87789,87430000,1
1412243160000,1412243219000,0.87788,0.87788,0.87767,0.87777,49300000,1
1412243220000,1412243279000,0.87781,0.87806,0.8778,0.87796,76480000,1
1412243280000,1412243339000,0.87796,0.87796,0.8778,0.87784,58920000,1
1412243340000,1412243399000,0.87785,0.87786,0.87768,0.87768,28020000,1
1412243400000,1412243459000,0.87769,0.87792,0.87767,0.87787,58670000,1
1412243460000,1412243519000,0.87787,0.87798,0.87786,0.87796,64030000,1
1412243520000,1412243579000,0.87797,0.87816,0.87796,0.87796,87910000,1
1412243580000,1412243639000,0.87796,0.87796,0.87764,0.87778,73230000,1
1412243640000,1412243699000,0.87778,0.87778,0.87755,0.87756,54290000,1
1412243700000,1412243759000,0.87756,0.87758,0.87753,0.87758,79540000,1
1412243760000,1412243819000,0.87757,0.87765,0.87723,0.87726,83770000,1
1412243820000,1412243879000,0.87726,0.87729,0.87712,0.87725,91780000,1
1412243880000,1412243939000,0.87725,0.87752,0.87721,0.87747,100570000,1
1412243940000,1412243999000,0.87749,0.87757,0.87722,0.87737,65730000,1
1412244000000,1412244059000,0.87738,0.87756,0.87737,0.87739,53440000,1
1412244060000,1412244119000,0.87739,0.87745,0.87739,0.87741,41570000,1
1412244120000,1412244179000,0.87741,0.87741,0.87727,0.87728,43170000,1
1412244180000,1412244239000,0.87728,0.87729,0.8772,0.87728,76340000,1
1412244240000,1412244299000,0.87728,0.87728,0.87694,0.87698,98010000,1
1412244300000,1412244359000,0.87696,0.87705,0.87686,0.87692,76630000,1
1412244360000,1412244419000,0.87693,0.87697,0.87673,0.87677,76560000,1
1412244420000,1412244479000,0.87677,0.87677,0.87651,0.87652,88750000,1
1412244480000,1412244539000,0.87653,0.87667,0.87652,0.87658,65450000,1
1412244540000,1412244599000,0.87658,0.87666,0.87645,0.87666,80690000,1
1412244600000,1412244659000,0.87665,0.87683,0.87665,0.87681,79390000,1
1412244660000,1412244719000,0.87678,0.87698,0.87677,0.87686,64370000,1
1412244720000,1412244779000,0.87688,0.87715,0.87688,0.87708,69860000,1
1412244780000,1412244839000,0.87707,0.87725,0.877,0.87725,50890000,1
1412244840000,1412244899000,0.87728,0.87732,0.87715,0.87718,139590000,1
1412244900000,1412244959000,0.87718,0.8772,0.87709,0.87717,70050000,1
1412244960000,1412245019000,0.87717,0.8774,0.87717,0.87728,75610000,1
1412245020000,1412245079000,0.87728,0.87734,0.8772,0.87727,59230000,1
1412245080000,1412245139000,0.87727,0.87734,0.87693,0.87727,96760000,1
1412245140000,1412245199000,0.87727,0.87727,0.8771,0.87724,35470000,1
1412245200000,1412245259000,0.87724,0.87733,0.87717,0.87731,49900000,1
1412245260000,1412245319000,0.87731,0.87736,0.87696,0.87696,77360000,1
1412245320000,1412245379000,0.87696,0.87716,0.87677,0.87716,103940000,1
1412245380000,1412245439000,0.87716,0.87716,0.87711,0.87715,29000000,1
1412245440000,1412245499000,0.87716,0.87719,0.87696,0.87705,65490000,1
1412245500000,1412245559000,0.87707,0.87707,0.8769,0.87697,37360000,1
1412245560000,1412245619000,0.87697,0.87719,0.87697,0.87707,64590000,1
1412245620000,1412245679000,0.87707,0.87729,0.87707,0.87729,88340000,1
1412245680000,1412245739000,0.87729,0.87729,0.87707,0.87723,58340000,1
1412245740000,1412245799000,0.87725,0.87736,0.87723,0.87723,35130000,1
1412245800000,1412245859000,0.87723,0.87739,0.87721,0.87737,63890000,1
1412245860000,1412245919000,0.87738,0.87742,0.87737,0.87741,31110000,1
1412245920000,1412245979000,0.87743,0.87757,0.87743,0.87747,63310000,1
1412245980000,1412246039000,0.87746,0.87747,0.8774,0.87744,41180000,1
1412246040000,1412246099000,0.87744,0.87751,0.8774,0.87744,58000000,1
1412246100000,1412246159000,0.87743,0.87758,0.87735,0.8775,52800000,1
1412246160000,1412246219000,0.87752,0.87779,0.8775,0.87769,60130000,1
1412246220000,1412246279000,0.87768,0.87802,0.8776,0.87797,147500000,1
1412246280000,1412246339000,0.87798,0.87799,0.87777,0.87777,72660000,1
1412246340000,1412246399000,0.87777,0.87792,0.8777,0.87788,42440000,1
1412246400000,1412246459000,0.87788,0.87797,0.87788,0.87797,71760000,1
1412246460000,1412246519000,0.87797,0.87801,0.87794,0.87801,26800000,1
1412246520000,1412246579000,0.87799,0.87807,0.87789,0.87794,58700000,1
1412246580000,1412246639000,0.87794,0.87797,0.87788,0.87797,61370000,1
1412246640000,1412246699000,0.87795,0.87795,0.87789,0.87793,65790000,1
1412246700000,1412246759000,0.87793,0.87804,0.87789,0.878,86540000,1
1412246760000,1412246819000,0.87798,0.87805,0.87786,0.87786,55870000,1
1412246820000,1412246879000,0.87789,0.878,0.87777,0.87777,68710000,1
1412246880000,1412246939000,0.87779,0.87817,0.87779,0.87816,41110000,1
1412246940000,1412246999000,0.87816,0.87828,0.87807,0.87828,72310000,1
1412247000000,1412247059000,0.87828,0.87828,0.87817,0.87817,54400000,1
1412247060000,1412247119000,0.87817,0.87817,0.87807,0.87808,62030000,1
1412247120000,1412247179000,0.87808,0.87817,0.87803,0.87817,30260000,1
1412247180000,1412247239000,0.87816,0.87816,0.87777,0.87777,62980000,1
1412247240000,1412247299000,0.87777,0.87789,0.87767,0.87767,70380000,1
1412247300000,1412247359000,0.87767,0.87776,0.87757,0.87762,82700000,1
1412247360000,1412247419000,0.87763,0.87767,0.87747,0.87757,94700000,1
1412247420000,1412247479000,0.87757,0.87765,0.87747,0.87765,58460000,1
1412247480000,1412247539000,0.87767,0.87771,0.87766,0.87767,39420000,1
1412247540000,1412247599000,0.87761,0.87767,0.87757,0.87767,20470000,1
1412247600000,1412247659000,0.87766,0.87766,0.87758,0.87758,12500000,1
1412247660000,1412247719000,0.87758,0.87758,0.87757,0.87757,8500000,1
1412247720000,1412247779000,0.87757,0.8777,0.87756,0.87767,53100000,1
1412247780000,1412247839000,0.87767,0.87767,0.87755,0.87755,30970000,1
1412247840000,1412247899000,0.87755,0.87783,0.87755,0.87783,56530000,1
1412247900000,1412247959000,0.87782,0.87791,0.87775,0.87786,72000000,1
1412247960000,1412248019000,0.87786,0.87787,0.87777,0.87777,41000000,1
1412248020000,1412248079000,0.87777,0.87777,0.87758,0.8776,43960000,1
1412248080000,1412248139000,0.87758,0.87778,0.87749,0.87767,56690000,1
1412248140000,1412248199000,0.87767,0.87789,0.87757,0.87776,46930000,1
1412248200000,1412248259000,0.87777,0.87778,0.87764,0.87769,55240000,1
1412248260000,1412248319000,0.87769,0.87772,0.87767,0.87767,16210000,1
1412248320000,1412248379000,0.87767,0.87768,0.87757,0.87767,39880000,1
1412248380000,1412248439000,0.87767,0.8777,0.87757,0.87768,34520000,1
1412248440000,1412248499000,0.87769,0.87798,0.87769,0.87789,54470000,1
1412248500000,1412248559000,0.8779,0.8779,0.87778,0.87788,17640000,1
1412248560000,1412248619000,0.87786,0.8781,0.8778,0.87808,49050000,1
1412248620000,1412248679000,0.87805,0.87819,0.87799,0.87818,48520000,1
1412248680000,1412248739000,0.87816,0.87816,0.87787,0.87788,70830000,1
1412248740000,1412248799000,0.87786,0.87786,0.87756,0.87777,71370000,1
1412248800000,1412248859000,0.87777,0.87777,0.87767,0.87775,68640000,1
1412248860000,1412248919000,0.87775,0.87776,0.87757,0.87757,47290000,1
1412248920000,1412248979000,0.87757,0.87767,0.87757,0.87767,40260000,1
1412248980000,1412249039000,0.87765,0.8777,0.87759,0.87768,71340000,1
1412249040000,1412249099000,0.87772,0.87775,0.87766,0.87772,69870000,1
1412249100000,1412249159000,0.87773,0.87789,0.8777,0.87777,114200000,1
1412249160000,1412249219000,0.87776,0.87784,0.87768,0.87768,60500000,1
1412249220000,1412249279000,0.87769,0.87775,0.8775,0.87751,97150000,1
1412249280000,1412249339000,0.87751,0.87775,0.87749,0.87772,73350000,1
1412249340000,1412249399000,0.87771,0.87798,0.87771,0.8779,77860000,1
1412249400000,1412249459000,0.8779,0.87797,0.87777,0.87796,50950000,1
1412249460000,1412249519000,0.87796,0.87807,0.87767,0.87785,112490000,1
1412249520000,1412249579000,0.87785,0.87787,0.87768,0.87772,65650000,1
1412249580000,1412249639000,0.87774,0.87785,0.87773,0.87779,58190000,1
1412249640000,1412249699000,0.87779,0.87787,0.87777,0.8778,55170000,1
1412249700000,1412249759000,0.87779,0.87794,0.87777,0.8779,41030000,1
1412249760000,1412249819000,0.87791,0.87791,0.87785,0.87786,14500000,1
1412249820000,1412249879000,0.87786,0.87813,0.87777,0.87806,51390000,1
1412249880000,1412249939000,0.87806,0.87818,0.87798,0.87815,69040000,1
1412249940000,1412249999000,0.87815,0.87818,0.87807,0.87816,46550000,1
1412250000000,1412250059000,0.87816,0.87819,0.87808,0.87817,39360000,1
1412250060000,1412250119000,0.8782,0.87823,0.8782,0.87821,69750000,1
1412250120000,1412250179000,0.87821,0.87822,0.87816,0.87818,69830000,1
1412250180000,1412250239000,0.87818,0.87819,0.87818,0.87819,85740000,1
1412250240000,1412250299000,0.87819,0.87819,0.8776,0.87762,90480000,1
1412250300000,1412250359000,0.87762,0.87805,0.87757,0.87757,141640000,1
1412250360000,1412250419000,0.87757,0.87796,0.8775,0.87756,143940000,1
1412250420000,1412250479000,0.87756,0.8776,0.87717,0.87746,136260000,1
1412250480000,1412250539000,0.8775,0.87778,0.87736,0.87778,120620000,1
1412250540000,1412250599000,0.87779,0.87784,0.87733,0.87768,103690000,1
1412250600000,1412250659000,0.87766,0.87768,0.8773,0.8773,86480000,1
1412250660000,1412250719000,0.87727,0.87757,0.87727,0.87746,154040000,1
1412250720000,1412250779000,0.87747,0.87758,0.87727,0.87754,71530000,1
1412250780000,1412250839000,0.87754,0.87756,0.87737,0.87742,85500000,1
1412250840000,1412250899000,0.8774,0.87749,0.87737,0.87749,53480000,1
1412250900000,1412250959000,0.87751,0.87751,0.87716,0.87718,62480000,1
1412250960000,1412251019000,0.87718,0.87718,0.87695,0.87695,88180000,1
1412251020000,1412251079000,0.87694,0.8773,0.87694,0.87728,68970000,1
1412251080000,1412251139000,0.87727,0.87738,0.87718,0.87723,81820000,1
1412251140000,1412251199000,0.87723,0.87727,0.87714,0.87717,39170000,1
1412251200000,1412251259000,0.87716,0.8775,0.87707,0.87749,112660000,1
1412251260000,1412251319000,0.87749,0.87779,0.8774,0.87753,79140000,1
1412251320000,1412251379000,0.87753,0.87753,0.87735,0.87744,51740000,1
1412251380000,1412251439000,0.87741,0.87741,0.877,0.87728,71920000,1
1412251440000,1412251499000,0.87728,0.87736,0.87714,0.87727,75440000,1
1412251500000,1412251559000,0.87727,0.8773,0.87708,0.87716,98840000,1
1412251560000,1412251619000,0.87716,0.87746,0.87716,0.87744,86470000,1
1412251620000,1412251679000,0.87747,0.87747,0.87727,0.87736,61790000,1
1412251680000,1412251739000,0.87734,0.87743,0.87734,0.87737,21900000,1
1412251740000,1412251799000,0.87737,0.87737,0.87724,0.87724,33760000,1
1412251800000,1412251859000,0.87724,0.87725,0.8772,0.87725,49180000,1
1412251860000,1412251919000,0.87725,0.87739,0.8772,0.87728,37240000,1
1412251920000,1412251979000,0.87728,0.87738,0.87728,0.87738,29610000,1
1412251980000,1412252039000,0.87738,0.87738,0.87736,0.87737,15960000,1
1412252040000,1412252099000,0.87737,0.87758,0.87736,0.87758,35650000,1
1412252100000,1412252159000,0.87754,0.87773,0.87748,0.87767,87430000,1
1412252160000,1412252219000,0.87767,0.87779,0.87762,0.87777,57860000,1
1412252220000,1412252279000,0.87777,0.87786,0.87762,0.87786,80730000,1
1412252280000,1412252339000,0.87786,0.87799,0.87777,0.87788,67470000,1
1412252340000,1412252399000,0.87789,0.87792,0.87785,0.87787,32690000,1
1412252400000,1412252459000,0.8779,0.87792,0.87766,0.87777,59110000,1
1412252460000,1412252519000,0.87779,0.87784,0.87763,0.87763,24370000,1
1412252520000,1412252579000,0.87761,0.87763,0.8773,0.87731,62700000,1
1412252580000,1412252639000,0.8773,0.87745,0.87717,0.87741,106140000,1
1412252640000,1412252699000,0.87742,0.87742,0.87722,0.8773,63050000,1
1412252700000,1412252759000,0.87731,0.87743,0.8773,0.87743,65280000,1
1412252760000,1412252819000,0.87742,0.8776,0.87742,0.87752,64340000,1
1412252820000,1412252879000,0.87752,0.8777,0.87742,0.8777,88060000,1
1412252880000,1412252939000,0.87769,0.87769,0.8775,0.87755,60650000,1
1412252940000,1412252999000,0.87758,0.87765,0.87743,0.87757,139450000,1
1412253000000,1412253059000,0.87756,0.87776,0.87722,0.87735,171280000,1
1412253060000,1412253119000,0.87735,0.87759,0.87732,0.87735,100360000,1
1412253120000,1412253179000,0.87735,0.87746,0.87732,0.87738,86460000,1
1412253180000,1412253239000,0.87738,0.87777,0.87731,0.87756,187730000,1
1412253240000,1412253299000,0.87766,0.87769,0.87717,0.87741,129320000,1
1412253300000,1412253359000,0.87741,0.87753,0.87714,0.87734,106420000,1
1412253360000,1412253419000,0.87735,0.87758,0.87729,0.87746,88610000,1
1412253420000,1412253479000,0.87746,0.87747,0.87721,0.87738,123360000,1
1412253480000,1412253539000,0.87738,0.87757,0.87703,0.87747,276970000,1
1412253540000,1412253599000,0.87746,0.87777,0.87716,0.87721,260250000,1
1412253600000,1412253659000,0.87721,0.87776,0.87705,0.87774,250230000,1
1412253660000,1412253719000,0.87773,0.87807,0.87749,0.87796,268650000,1
1412253720000,1412253779000,0.87796,0.87819,0.87756,0.87766,222780000,1
1412253780000,1412253839000,0.87766,0.87805,0.87755,0.87788,193310000,1
1412253840000,1412253899000,0.87786,0.87787,0.87737,0.87758,184680000,1
1412253900000,1412253959000,0.87757,0.87785,0.87753,0.87757,117980000,1
1412253960000,1412254019000,0.87757,0.8779,0.87757,0.87773,119300000,1
1412254020000,1412254079000,0.87771,0.87788,0.87751,0.87768,152960000,1
1412254080000,1412254139000,0.87768,0.87804,0.87762,0.87787,108030000,1
1412254140000,1412254199000,0.87787,0.87827,0.87787,0.87825,114880000,1
1412254200000,1412254259000,0.87825,0.87825,0.87758,0.87766,155410000,1
1412254260000,1412254319000,0.87766,0.87807,0.8776,0.87786,175390000,1
1412254320000,1412254379000,0.87785,0.87802,0.87772,0.87777,176330000,1
1412254380000,1412254439000,0.87777,0.87788,0.87753,0.87756,161860000,1
1412254440000,1412254499000,0.87756,0.87763,0.87731,0.87737,81240000,1
1412254500000,1412254559000,0.87737,0.87738,0.87721,0.87723,78830000,1
1412254560000,1412254619000,0.87727,0.87739,0.87727,0.87728,60480000,1
1412254620000,1412254679000,0.87727,0.87771,0.87722,0.87764,144990000,1
1412254680000,1412254739000,0.87762,0.87798,0.87747,0.87798,193400000,1
1412254740000,1412254799000,0.87798,0.87818,0.87783,0.87785,188800000,1
1412254800000,1412254859000,0.87784,0.87798,0.87759,0.87789,141910000,1
1412254860000,1412254919000,0.87789,0.87848,0.87783,0.87816,165410000,1
1412254920000,1412254979000,0.87816,0.87828,0.878,0.87805,123000000,1
1412254980000,1412255039000,0.87805,0.87805,0.87754,0.87756,115580000,1
1412255040000,1412255099000,0.87756,0.87784,0.87756,0.87778,137630000,1
1412255100000,1412255159000,0.87778,0.87778,0.87735,0.87737,133900000,1
1412255160000,1412255219000,0.87737,0.87782,0.87737,0.87776,127830000,1
1412255220000,1412255279000,0.87777,0.87813,0.87774,0.87807,156310000,1
1412255280000,1412255339000,0.87807,0.87824,0.87781,0.87785,138320000,1
1412255340000,1412255399000,0.87785,0.87785,0.87737,0.87747,128880000,1
1412255400000,1412255459000,0.87743,0.87773,0.8774,0.87751,86690000,1
1412255460000,1412255519000,0.87751,0.8777,0.87751,0.87767,94030000,1
1412255520000,1412255579000,0.87767,0.87804,0.87767,0.8779,148090000,1
1412255580000,1412255639000,0.8779,0.87843,0.8779,0.87839,140030000,1
1412255640000,1412255699000,0.87837,0.87899,0.8783,0.87882,192830000,1
1412255700000,1412255759000,0.8788,0.87902,0.87851,0.87901,155280000,1
1412255760000,1412255819000,0.87903,0.87912,0.87867,0.87883,181020000,1
1412255820000,1412255879000,0.87882,0.87891,0.87867,0.87887,120260000,1
1412255880000,1412255939000,0.87884,0.87884,0.87838,0.87847,83030000,1
1412255940000,1412255999000,0.87848,0.87858,0.8784,0.87848,79510000,1
1412256000000,1412256059000,0.87848,0.87942,0.87848,0.87927,189770000,1
1412256060000,1412256119000,0.87931,0.87957,0.8791,0.87953,184260000,1
1412256120000,1412256179000,0.87957,0.87973,0.8793,0.87958,185510000,1
1412256180000,1412256239000,0.87956,0.87969,0.87945,0.87959,144770000,1
1412256240000,1412256299000,0.87963,0.8806,0.87963,0.88047,189130000,1
1412256300000,1412256359000,0.88047,0.88047,0.87978,0.8798,170180000,1
1412256360000,1412256419000,0.8798,0.8798,0.87925,0.87926,130510000,1
1412256420000,1412256479000,0.87926,0.87943,0.87872,0.87905,222420000,1
1412256480000,1412256539000,0.87907,0.87914,0.8789,0.879,137040000,1
1412256540000,1412256599000,0.879,0.8791,0.8789,0.8789,124490000,1
1412256600000,1412256659000,0.8789,0.87899,0.87841,0.87849,164990000,1
1412256660000,1412256719000,0.87849,0.87866,0.87845,0.87852,115870000,1
1412256720000,1412256779000,0.87853,0.87859,0.87812,0.87813,144400000,1
1412256780000,1412256839000,0.87812,0.87818,0.87803,0.87806,153420000,1
1412256840000,1412256899000,0.87806,0.87834,0.87804,0.87828,109870000,1
1412256900000,1412256959000,0.87828,0.87839,0.87792,0.87792,130400000,1
1412256960000,1412257019000,0.87792,0.87821,0.87792,0.87803,111760000,1
1412257020000,1412257079000,0.87803,0.87831,0.87803,0.87817,122320000,1
1412257080000,1412257139000,0.87816,0.87837,0.87808,0.87822,106360000,1
1412257140000,1412257199000,0.87822,0.87826,0.87793,0.87809,124760000,1
1412257200000,1412257259000,0.87809,0.87827,0.87802,0.87805,125290000,1
1412257260000,1412257319000,0.87804,0.87827,0.87803,0.87808,104700000,1
1412257320000,1412257379000,0.87808,0.87811,0.87777,0.87811,106530000,1
1412257380000,1412257439000,0.87811,0.87821,0.87803,0.87811,140940000,1
1412257440000,1412257499000,0.87812,0.87828,0.87804,0.87828,101300000,1
1412257500000,1412257559000,0.87828,0.87832,0.87813,0.87823,106420000,1
1412257560000,1412257619000,0.87823,0.87832,0.87817,0.87821,128340000,1
1412257620000,1412257679000,0.87825,0.87842,0.87811,0.87831,107100000,1
1412257680000,1412257739000,0.8783,0.87839,0.8782,0.87821,111980000,1
1412257740000,1412257799000,0.87822,0.87877,0.87822,0.87877,114350000,1
1412257800000,1412257859000,0.87877,0.87883,0.87852,0.87882,114700000,1
1412257860000,1412257919000,0.87882,0.87882,0.87847,0.87849,155540000,1
1412257920000,1412257979000,0.87851,0.87863,0.87848,0.87854,63590000,1
1412257980000,1412258039000,0.87853,0.87868,0.87852,0.87855,75860000,1
1412258040000,1412258099000,0.87849,0.87849,0.87827,0.87834,71180000,1
1412258100000,1412258159000,0.87834,0.87852,0.87834,0.87834,75050000,1
1412258160000,1412258219000,0.87834,0.87849,0.87832,0.87842,62170000,1
1412258220000,1412258279000,0.87842,0.87879,0.87842,0.87879,64500000,1
1412258280000,1412258339000,0.8788,0.87894,0.87877,0.87877,68360000,1
1412258340000,1412258399000,0.87877,0.87883,0.87857,0.87867,131540000,1
1412258400000,1412258459000,0.87867,0.87887,0.87831,0.87831,194960000,1
1412258460000,1412258519000,0.87831,0.87839,0.8781,0.8781,105450000,1
1412258520000,1412258579000,0.87811,0.87819,0.87782,0.87791,125530000,1
1412258580000,1412258639000,0.87793,0.87818,0.87789,0.8781,99120000,1
1412258640000,1412258699000,0.87811,0.8784,0.87811,0.87837,133160000,1
1412258700000,1412258759000,0.87839,0.87876,0.87824,0.87873,137610000,1
1412258760000,1412258819000,0.87873,0.87873,0.87819,0.87823,152070000,1
1412258820000,1412258879000,0.87824,0.87839,0.87804,0.8782,146650000,1
1412258880000,1412258939000,0.8782,0.87827,0.87797,0.87797,106410000,1
1412258940000,1412258999000,0.87797,0.87818,0.8778,0.87786,127070000,1
1412259000000,1412259059000,0.87786,0.87809,0.87784,0.87799,119920000,1
1412259060000,1412259119000,0.87799,0.87803,0.87784,0.87792,91340000,1
1412259120000,1412259179000,0.8779,0.87793,0.87769,0.87781,138330000,1
1412259180000,1412259239000,0.8778,0.8781,0.87777,0.87809,155460000,1
1412259240000,1412259299000,0.87809,0.87809,0.87793,0.87803,59090000,1
1412259300000,1412259359000,0.87803,0.87821,0.87803,0.87819,62320000,1
1412259360000,1412259419000,0.87819,0.87833,0.8781,0.87833,89580000,1
1412259420000,1412259479000,0.87833,0.8784,0.87818,0.87821,65490000,1
1412259480000,1412259539000,0.87818,0.87859,0.87815,0.87859,90670000,1
1412259540000,1412259599000,0.8786,0.87868,0.87849,0.87856,129090000,1
1412259600000,1412259659000,0.8786,0.87863,0.87825,0.8784,98290000,1
1412259660000,1412259719000,0.87844,0.87848,0.87809,0.8783,104320000,1
1412259720000,1412259779000,0.87829,0.87853,0.87817,0.87817,106160000,1
1412259780000,1412259839000,0.87817,0.87837,0.87809,0.87809,56400000,1
1412259840000,1412259899000,0.87809,0.87826,0.87799,0.87808,116370000,1
1412259900000,1412259959000,0.87807,0.87807,0.87764,0.87774,79220000,1
1412259960000,1412260019000,0.8777,0.87779,0.87728,0.87733,130340000,1
1412260020000,1412260079000,0.87733,0.87762,0.87733,0.87737,82040000,1
1412260080000,1412260139000,0.87737,0.87759,0.87735,0.87749,80750000,1
1412260140000,1412260199000,0.87749,0.8775,0.87722,0.87724,115640000,1
1412260200000,1412260259000,0.87724,0.87727,0.87708,0.87708,127200000,1
1412260260000,1412260319000,0.87702,0.87712,0.87684,0.877,156940000,1
1412260320000,1412260379000,0.87705,0.87732,0.87687,0.8769,181380000,1
1412260380000,1412260439000,0.87691,0.87709,0.8769,0.877,88700000,1
1412260440000,1412260499000,0.87701,0.87721,0.87696,0.87718,73500000,1
1412260500000,1412260559000,0.87721,0.87725,0.87669,0.87678,150430000,1
1412260560000,1412260619000,0.87676,0.87689,0.87672,0.87682,77890000,1
1412260620000,1412260679000,0.87682,0.8769,0.87666,0.87688,77870000,1
1412260680000,1412260739000,0.87686,0.87702,0.87683,0.87699,91920000,1
1412260740000,1412260799000,0.87704,0.87716,0.87699,0.87699,58800000,1
1412260800000,1412260859000,0.87699,0.8771,0.87681,0.87692,55390000,1
1412260860000,1412260919000,0.87691,0.87721,0.87688,0.87718,59520000,1
1412260920000,1412260979000,0.87717,0.87738,0.87701,0.87701,137350000,1
1412260980000,1412261039000,0.87702,0.87747,0.87702,0.87742,160570000,1
1412261040000,1412261099000,0.87744,0.87777,0.87741,0.87757,136190000,1
1412261100000,1412261159000,0.87757,0.87764,0.87744,0.8776,86500000,1
1412261160000,1412261219000,0.8776,0.87768,0.8774,0.87759,92730000,1
1412261220000,1412261279000,0.87758,0.87769,0.87749,0.87757,42980000,1
1412261280000,1412261339000,0.87757,0.87786,0.87752,0.87783,75320000,1
1412261340000,1412261399000,0.87785,0.87787,0.87769,0.87769,56720000,1
1412261400000,1412261459000,0.87769,0.8781,0.87769,0.87801,97010000,1
1412261460000,1412261519000,0.878,0.87836,0.87797,0.87804,123240000,1
1412261520000,1412261579000,0.87804,0.87822,0.87796,0.87808,111900000,1
1412261580000,1412261639000,0.87807,0.8783,0.87799,0.87829,130340000,1
1412261640000,1412261699000,0.8783,0.87835,0.8779,0.8779,93650000,1
1412261700000,1412261759000,0.87791,0.87802,0.87758,0.87758,128430000,1
1412261760000,1412261819000,0.87758,0.87758,0.8774,0.87756,166860000,1
1412261820000,1412261879000,0.87753,0.87764,0.87741,0.87752,140820000,1
1412261880000,1412261939000,0.87755,0.87758,0.8774,0.87744,110470000,1
1412261940000,1412261999000,0.87743,0.87757,0.87721,0.87721,192400000,1
1412262000000,1412262059000,0.8772,0.87724,0.87711,0.87714,187900000,1
1412262060000,1412262119000,0.87716,0.87717,0.87686,0.87697,86880000,1
1412262120000,1412262179000,0.87698,0.87715,0.87689,0.87695,130170000,1
1412262180000,1412262239000,0.87696,0.87696,0.87653,0.87655,135120000,1
1412262240000,1412262299000,0.87656,0.87664,0.87654,0.87664,63440000,1
1412262300000,1412262359000,0.87664,0.87671,0.87661,0.87668,37330000,1
1412262360000,1412262419000,0.87668,0.87684,0.87668,0.8768,71390000,1
1412262420000,1412262479000,0.87679,0.87679,0.87672,0.87678,16820000,1
1412262480000,1412262539000,0.87679,0.87713,0.87677,0.87701,86940000,1
1412262540000,1412262599000,0.87702,0.87711,0.87699,0.87701,52870000,1
1412262600000,1412262659000,0.87702,0.8771,0.87696,0.87698,55700000,1
1412262660000,1412262719000,0.87698,0.87712,0.87696,0.87702,61580000,1
1412262720000,1412262779000,0.87701,0.87731,0.87694,0.87729,80630000,1
1412262780000,1412262839000,0.87727,0.87734,0.87727,0.87733,52460000,1
1412262840000,1412262899000,0.87735,0.87742,0.87731,0.87731,35060000,1
1412262900000,1412262959000,0.8773,0.87732,0.87719,0.8773,85280000,1
1412262960000,1412263019000,0.87728,0.87748,0.87727,0.87743,93530000,1
1412263020000,1412263079000,0.87746,0.8775,0.87737,0.87744,104150000,1
1412263080000,1412263139000,0.87744,0.87744,0.87725,0.87738,74780000,1
1412263140000,1412263199000,0.87738,0.87738,0.87723,0.87724,108900000,1
1412263200000,1412263259000,0.87724,0.87724,0.8771,0.8771,29870000,1
1412263260000,1412263319000,0.8771,0.87716,0.87709,0.8771,49860000,1
1412263320000,1412263379000,0.87708,0.87728,0.87701,0.87728,73490000,1
1412263380000,1412263439000,0.87726,0.87726,0.8771,0.87722,73240000,1
1412263440000,1412263499000,0.87722,0.87722,0.87702,0.87707,76000000,1
1412263500000,1412263559000,0.87707,0.87707,0.87701,0.87702,20800000,1
1412263560000,1412263619000,0.87701,0.8771,0.87701,0.8771,26310000,1
1412263620000,1412263679000,0.87708,0.87711,0.87707,0.87707,11920000,1
1412263680000,1412263739000,0.87707,0.87737,0.87707,0.87737,79900000,1
1412263740000,1412263799000,0.87737,0.8774,0.87728,0.87728,26810000,1
1412263800000,1412263859000,0.87727,0.87727,0.87707,0.87708,88310000,1
1412263860000,1412263919000,0.87707,0.87708,0.87688,0.87688,57240000,1
1412263920000,1412263979000,0.87688,0.87688,0.8767,0.87677,47110000,1
1412263980000,1412264039000,0.87677,0.87696,0.87677,0.87696,43420000,1
1412264040000,1412264099000,0.87696,0.87698,0.87671,0.87671,91090000,1
1412264100000,1412264159000,0.87669,0.87676,0.8765,0.87662,67550000,1
1412264160000,1412264219000,0.87665,0.87665,0.8766,0.87665,52250000,1
1412264220000,1412264279000,0.87665,0.87698,0.87664,0.87695,114010000,1
1412264280000,1412264339000,0.87696,0.87708,0.87687,0.87687,70400000,1
1412264340000,1412264399000,0.87688,0.87688,0.87677,0.87687,22670000,1
1412264400000,1412264459000,0.87688,0.87778,0.87688,0.87774,154430000,1
1412264460000,1412264519000,0.87776,0.87809,0.87757,0.87757,181010000,1
1412264520000,1412264579000,0.87751,0.87782,0.8774,0.87743,143770000,1
1412264580000,1412264639000,0.87744,0.87745,0.87717,0.87718,97240000,1
1412264640000,1412264699000,0.87718,0.87726,0.87705,0.87716,103820000,1
1412264700000,1412264759000,0.87716,0.87726,0.87702,0.87726,117650000,1
1412264760000,1412264819000,0.87731,0.87758,0.87731,0.87757,123440000,1
1412264820000,1412264879000,0.87757,0.87767,0.87714,0.87727,177940000,1
1412264880000,1412264939000,0.87724,0.87759,0.87723,0.87759,90800000,1
1412264940000,1412264999000,0.87758,0.87783,0.87757,0.87765,113120000,1
1412265000000,1412265059000,0.87766,0.87767,0.87751,0.87766,76140000,1
1412265060000,1412265119000,0.87767,0.87769,0.87739,0.87767,113710000,1
1412265120000,1412265179000,0.87765,0.87782,0.87744,0.87757,124770000,1
1412265180000,1412265239000,0.87758,0.878,0.87757,0.87797,93550000,1
1412265240000,1412265299000,0.87796,0.87797,0.87782,0.87797,75630000,1
1412265300000,1412265359000,0.87797,0.87835,0.87797,0.87799,146890000,1
1412265360000,1412265419000,0.87798,0.8782,0.87798,0.87818,67620000,1
1412265420000,1412265479000,0.87815,0.87873,0.87815,0.87865,121320000,1
1412265480000,1412265539000,0.87866,0.87912,0.87865,0.87912,124550000,1
1412265540000,1412265599000,0.87911,0.87927,0.87908,0.87925,127790000,1
1412265600000,1412265659000,0.87927,0.87927,0.87878,0.87878,100070000,1
1412265660000,1412265719000,0.87877,0.87887,0.87859,0.87881,143680000,1
1412265720000,1412265779000,0.8788,0.87917,0.8788,0.87897,118100000,1
1412265780000,1412265839000,0.87895,0.87928,0.87887,0.87926,85420000,1
1412265840000,1412265899000,0.87926,0.87992,0.87926,0.87943,157340000,1
1412265900000,1412265959000,0.87944,0.8795,0.87927,0.87938,95520000,1
1412265960000,1412266019000,0.87937,0.87945,0.87921,0.87921,82030000,1
1412266020000,1412266079000,0.87919,0.87919,0.87895,0.87908,78790000,1
1412266080000,1412266139000,0.87908,0.87918,0.87868,0.87887,107800000,1
1412266140000,1412266199000,0.87888,0.8793,0.87888,0.879,125780000,1
1412266200000,1412266259000,0.87899,0.87913,0.87866,0.87877,124300000,1
1412266260000,1412266319000,0.87877,0.87891,0.87871,0.87879,105120000,1
1412266320000,1412266379000,0.8788,0.87887,0.87847,0.87877,98270000,1
1412266380000,1412266439000,0.87875,0.87878,0.87857,0.87876,87750000,1
1412266440000,1412266499000,0.87872,0.87891,0.87869,0.87888,48960000,1
1412266500000,1412266559000,0.87887,0.87918,0.87887,0.87911,82260000,1
1412266560000,1412266619000,0.87915,0.8795,0.87909,0.8793,133360000,1
1412266620000,1412266679000,0.87932,0.87948,0.8791,0.87927,138010000,1
1412266680000,1412266739000,0.87927,0.8796,0.87924,0.87959,93790000,1
1412266740000,1412266799000,0.87959,0.87959,0.8793,0.8795,86850000,1
1412266800000,1412266859000,0.87952,0.87965,0.87931,0.87931,93680000,1
1412266860000,1412266919000,0.8793,0.8793,0.87896,0.87905,74990000,1
1412266920000,1412266979000,0.87905,0.87914,0.879,0.87907,39390000,1
1412266980000,1412267039000,0.87907,0.87947,0.87907,0.87947,72160000,1
1412267040000,1412267099000,0.87948,0.87957,0.87909,0.8791,87450000,1
1412267100000,1412267159000,0.87911,0.87918,0.87884,0.87918,111410000,1
1412267160000,1412267219000,0.87917,0.87931,0.87909,0.8791,54830000,1
1412267220000,1412267279000,0.8791,0.8791,0.87878,0.87888,107840000,1
1412267280000,1412267339000,0.87888,0.87891,0.87864,0.87884,86380000,1
1412267340000,1412267399000,0.87886,0.879,0.87869,0.879,65820000,1
1412267400000,1412267459000,0.87902,0.87934,0.879,0.87929,118170000,1
1412267460000,1412267519000,0.87928,0.87953,0.87928,0.87935,106440000,1
1412267520000,1412267579000,0.87935,0.88013,0.87927,0.8801,133920000,1
1412267580000,1412267639000,0.88006,0.88006,0.87975,0.87975,89090000,1
1412267640000,1412267699000,0.87975,0.8799,0.87965,0.87979,92140000,1
1412267700000,1412267759000,0.87977,0.87978,0.87967,0.87974,43420000,1
1412267760000,1412267819000,0.87974,0.88006,0.87972,0.87985,168520000,1
1412267820000,1412267879000,0.87985,0.88023,0.87974,0.88017,117440000,1
1412267880000,1412267939000,0.88018,0.88019,0.87977,0.87984,109120000,1
1412267940000,1412267999000,0.87983,0.88009,0.87981,0.87993,132890000,1
1412268000000,1412268059000,0.87995,0.88013,0.87987,0.87996,118160000,1
1412268060000,1412268119000,0.87996,0.88029,0.87996,0.88027,87750000,1
1412268120000,1412268179000,0.88027,0.88062,0.88009,0.8805,86060000,1
1412268180000,1412268239000,0.8805,0.8805,0.88019,0.8803,70920000,1
1412268240000,1412268299000,0.8803,0.88037,0.88007,0.88007,57830000,1
1412268300000,1412268359000,0.88008,0.88017,0.87987,0.88,87020000,1
1412268360000,1412268419000,0.88,0.88,0.87978,0.87986,54490000,1
1412268420000,1412268479000,0.87986,0.8802,0.87986,0.88019,67600000,1
1412268480000,1412268539000,0.88016,0.88031,0.88007,0.88027,37880000,1
1412268540000,1412268599000,0.88027,0.88039,0.88019,0.88039,53000000,1
1412268600000,1412268659000,0.88033,0.88033,0.88007,0.88022,60430000,1
1412268660000,1412268719000,0.8802,0.8802,0.87999,0.88007,60300000,1
1412268720000,1412268779000,0.88005,0.88012,0.87989,0.87996,64550000,1
1412268780000,1412268839000,0.87996,0.88005,0.87983,0.88004,101690000,1
1412268840000,1412268899000,0.88004,0.8801,0.87982,0.87995,68930000,1
1412268900000,1412268959000,0.87993,0.87995,0.87977,0.87977,52640000,1
1412268960000,1412269019000,0.87978,0.87995,0.87966,0.87966,73810000,1
1412269020000,1412269079000,0.87966,0.87999,0.87966,0.87995,83940000,1
1412269080000,1412269139000,0.87995,0.87995,0.87977,0.87978,42830000,1
1412269140000,1412269199000,0.87978,0.87995,0.87971,0.87971,84280000,1
1412269200000,1412269259000,0.87968,0.87979,0.87959,0.87967,58070000,1
1412269260000,1412269319000,0.87967,0.87967,0.87937,0.87947,127920000,1
1412269320000,1412269379000,0.87947,0.87998,0.87947,0.87985,79010000,1
1412269380000,1412269439000,0.87984,0.88011,0.87981,0.87998,93410000,1
1412269440000,1412269499000,0.87997,0.88007,0.8799,0.87995,47550000,1
1412269500000,1412269559000,0.87995,0.87998,0.87972,0.87985,77810000,1
1412269560000,1412269619000,0.87985,0.87985,0.87947,0.87949,91430000,1
1412269620000,1412269679000,0.87951,0.87967,0.8795,0.87967,74770000,1
1412269680000,1412269739000,0.87969,0.87994,0.87969,0.87988,47540000,1
1412269740000,1412269799000,0.87988,0.88001,0.87988,0.87989,25740000,1
1412269800000,1412269859000,0.87988,0.87989,0.87973,0.87974,40010000,1
1412269860000,1412269919000,0.87973,0.8801,0.87971,0.88007,67370000,1
1412269920000,1412269979000,0.88007,0.88007,0.87979,0.87979,38730000,1
1412269980000,1412270039000,0.87979,0.87979,0.87967,0.87967,29600000,1
1412270040000,1412270099000,0.87967,0.87995,0.8796,0.87984,72210000,1
1412270100000,1412270159000,0.87984,0.87985,0.87967,0.87976,54740000,1
1412270160000,1412270219000,0.87976,0.87977,0.87963,0.87977,52850000,1
1412270220000,1412270279000,0.87977,0.87977,0.87967,0.87967,12070000,1
1412270280000,1412270339000,0.87967,0.87998,0.87967,0.87997,98330000,1
1412270340000,1412270399000,0.87998,0.88024,0.87994,0.88007,123930000,1
1412270400000,1412270459000,0.88007,0.88027,0.88006,0.88018,67560000,1
1412270460000,1412270519000,0.88018,0.88058,0.88018,0.88052,78350000,1
1412270520000,1412270579000,0.88054,0.88054,0.88038,0.88044,42490000,1
1412270580000,1412270639000,0.88042,0.88057,0.88037,0.88038,56990000,1
1412270640000,1412270699000,0.88037,0.88046,0.88034,0.88044,39510000,1
1412270700000,1412270759000,0.88046,0.88046,0.88027,0.88031,34150000,1
1412270760000,1412270819000,0.88031,0.88032,0.88012,0.88018,64120000,1
1412270820000,1412270879000,0.88018,0.88057,0.88015,0.88044,87920000,1
1412270880000,1412270939000,0.88044,0.88044,0.88028,0.88028,37580000,1
1412270940000,1412270999000,0.8803,0.88037,0.8803,0.88037,12570000,1
1412271000000,1412271059000,0.88037,0.88037,0.88009,0.88021,61650000,1
1412271060000,1412271119000,0.88021,0.88037,0.88017,0.88037,37900000,1
1412271120000,1412271179000,0.88034,0.88037,0.88027,0.88028,42380000,1
1412271180000,1412271239000,0.8803,0.88037,0.88027,0.88037,64340000,1
1412271240000,1412271299000,0.88038,0.88057,0.8803,0.88057,71940000,1
1412271300000,1412271359000,0.88057,0.88057,0.88037,0.88038,50900000,1
1412271360000,1412271419000,0.88037,0.88038,0.88027,0.8803,50800000,1
1412271420000,1412271479000,0.88031,0.88036,0.88031,0.88032,21290000,1
1412271480000,1412271539000,0.88032,0.88034,0.8803,0.88032,22050000,1
1412271540000,1412271599000,0.88032,0.88037,0.88027,0.88027,37850000,1
1412271600000,1412271659000,0.88027,0.88036,0.88025,0.88027,66600000,1
1412271660000,1412271719000,0.88027,0.88028,0.88017,0.88017,51500000,1
1412271720000,1412271779000,0.88017,0.88018,0.8801,0.8801,32510000,1
1412271780000,1412271839000,0.88009,0.88016,0.88005,0.88011,42470000,1
1412271840000,1412271899000,0.88009,0.88027,0.88005,0.88027,39070000,1
1412271900000,1412271959000,0.88031,0.8804,0.88028,0.8804,20970000,1
1412271960000,1412272019000,0.88038,0.8804,0.88037,0.88039,8000000,1
1412272020000,1412272079000,0.88038,0.88038,0.8802,0.88031,42930000,1
1412272080000,1412272139000,0.8803,0.8803,0.88027,0.88027,5000000,1
1412272140000,1412272199000,0.88027,0.88037,0.88027,0.88037,19180000,1
1412272200000,1412272259000,0.88036,0.88036,0.88028,0.88028,7500000,1
1412272260000,1412272319000,0.88028,0.88028,0.88018,0.88024,29000000,1
1412272320000,1412272379000,0.88023,0.88023,0.88018,0.88018,7000000,1
1412272380000,1412272439000,0.88019,0.88024,0.88017,0.88018,15800000,1
1412272440000,1412272499000,0.88016,0.88016,0.88006,0.88006,14750000,1
1412272500000,1412272559000,0.88007,0.88007,0.88,0.88006,11500000,1
1412272560000,1412272619000,0.88007,0.88027,0.88007,0.88027,18820000,1
1412272620000,1412272679000,0.88028,0.8803,0.88027,0.88028,24440000,1
1412272680000,1412272739000,0.88028,0.8803,0.88017,0.88025,26500000,1
1412272740000,1412272799000,0.88026,0.88039,0.88026,0.88036,20560000,1
1412272800000,1412272859000,0.88037,0.88056,0.88037,0.88047,36900000,1
1412272860000,1412272919000,0.88047,0.88058,0.88047,0.88047,22690000,1
1412272920000,1412272979000,0.88047,0.88058,0.88037,0.88057,27820000,1
1412272980000,1412273039000,0.88056,0.88076,0.88056,0.88066,78000000,1
1412273040000,1412273099000,0.88066,0.88083,0.88066,0.88067,47010000,1
1412273100000,1412273159000,0.88067,0.88083,0.88067,0.88082,23650000,1
1412273160000,1412273219000,0.88083,0.88088,0.88079,0.88079,23440000,1
1412273220000,1412273279000,0.88079,0.88079,0.88048,0.88048,37370000,1
1412273280000,1412273339000,0.88048,0.88048,0.88042,0.88047,25420000,1
1412273340000,1412273399000,0.88047,0.88047,0.88036,0.88037,45760000,1
1412273400000,1412273459000,0.88038,0.88046,0.88038,0.88046,14700000,1
1412273460000,1412273519000,0.88046,0.88046,0.88046,0.88046,2070000,1
1412273520000,1412273579000,0.88047,0.88047,0.88037,0.88038,12390000,1
1412273580000,1412273639000,0.88038,0.88045,0.88034,0.88045,15400000,1
1412273640000,1412273699000,0.88046,0.88076,0.88046,0.88076,39710000,1
1412273700000,1412273759000,0.88076,0.88076,0.88062,0.88066,24120000,1
1412273760000,1412273819000,0.88068,0.8807,0.88066,0.88067,17390000,1
1412273820000,1412273879000,0.88067,0.88067,0.88047,0.88047,35070000,1
1412273880000,1412273939000,0.88047,0.88065,0.88047,0.88065,21590000,1
1412273940000,1412273999000,0.88067,0.88069,0.88065,0.88066,12000000,1
1412274000000,1412274059000,0.88067,0.88076,0.88064,0.88076,22000000,1
1412274060000,1412274119000,0.88078,0.88085,0.88075,0.88077,22840000,1
1412274120000,1412274179000,0.88077,0.88077,0.88074,0.88074,12500000,1
1412274180000,1412274239000,0.88073,0.88079,0.88069,0.88077,26500000,1
1412274240000,1412274299000,0.88077,0.88087,0.88077,0.88085,15450000,1
1412274300000,1412274359000,0.88086,0.88116,0.88086,0.88108,40730000,1
1412274360000,1412274419000,0.88108,0.88108,0.88082,0.88107,49200000,1
1412274420000,1412274479000,0.88107,0.88112,0.88097,0.88108,49190000,1
1412274480000,1412274539000,0.88107,0.88135,0.88107,0.88132,48470000,1
1412274540000,1412274599000,0.88132,0.88146,0.88131,0.88145,77010000,1
1412274600000,1412274659000,0.88145,0.88192,0.88145,0.88192,138710000,1
1412274660000,1412274719000,0.88192,0.88192,0.88168,0.88168,111610000,1
1412274720000,1412274779000,0.88166,0.88175,0.88156,0.88163,39160000,1
1412274780000,1412274839000,0.88163,0.88248,0.88163,0.88248,125600000,1
1412274840000,1412274899000,0.88251,0.88263,0.88229,0.8826,98560000,1
1412274900000,1412274959000,0.88259,0.88259,0.8823,0.8823,88200000,1
1412274960000,1412275019000,0.8823,0.88237,0.88212,0.8822,57420000,1
1412275020000,1412275079000,0.88218,0.88218,0.88189,0.88198,72670000,1
1412275080000,1412275139000,0.88198,0.88199,0.88187,0.88196,59400000,1
1412275140000,1412275199000,0.88198,0.88205,0.88184,0.88195,52940000,1
1412275200000,1412275259000,0.88195,0.88199,0.88194,0.88195,56400000,1
1412275260000,1412275319000,0.88196,0.88196,0.8818,0.8818,53960000,1
1412275320000,1412275379000,0.88179,0.88188,0.88174,0.88188,29090000,1
1412275380000,1412275439000,0.88189,0.88193,0.8816,0.88164,66390000,1
1412275440000,1412275499000,0.88163,0.88168,0.88147,0.88157,68890000,1
1412275500000,1412275559000,0.88155,0.88165,0.88134,0.88138,60470000,1
1412275560000,1412275619000,0.88136,0.88156,0.88128,0.88155,49460000,1
1412275620000,1412275679000,0.88155,0.88158,0.88134,0.88134,32010000,1
1412275680000,1412275739000,0.88134,0.88134,0.8809,0.8809,58340000,1
1412275740000,1412275799000,0.88093,0.88098,0.8808,0.8808,68000000,1
1412275800000,1412275859000,0.88079,0.88079,0.88052,0.88073,79590000,1
1412275860000,1412275919000,0.88072,0.88076,0.88069,0.88072,62610000,1
1412275920000,1412275979000,0.88072,0.88076,0.88051,0.88051,51640000,1
1412275980000,1412276039000,0.88055,0.88078,0.88043,0.88069,50390000,1
1412276040000,1412276099000,0.88072,0.88078,0.88069,0.88078,15810000,1
1412276100000,1412276159000,0.88077,0.88078,0.88072,0.88078,44570000,1
1412276160000,1412276219000,0.88078,0.88083,0.88076,0.88077,24620000,1
1412276220000,1412276279000,0.88076,0.88076,0.88053,0.88059,29120000,1
1412276280000,1412276339000,0.88059,0.88059,0.8803,0.88036,45000000,1
1412276340000,1412276399000,0.88035,0.88057,0.88032,0.88051,91690000,1
1412276400000,1412276459000,0.88052,0.88067,0.88049,0.8805,64880000,1
1412276460000,1412276519000,0.88054,0.8806,0.88054,0.8806,10500000,1
1412276520000,1412276579000,0.88059,0.88063,0.8805,0.88057,17750000,1
1412276580000,1412276639000,0.88057,0.88059,0.8805,0.8805,18750000,1
1412276640000,1412276699000,0.88051,0.88057,0.8805,0.8805,32520000,1
1412276700000,1412276759000,0.8805,0.8805,0.8804,0.88048,39140000,1
1412276760000,1412276819000,0.88048,0.88049,0.88039,0.88039,32090000,1
1412276820000,1412276879000,0.88037,0.88042,0.88007,0.88022,72230000,1
1412276880000,1412276939000,0.88022,0.88047,0.88022,0.88036,64980000,1
1412276940000,1412276999000,0.88035,0.88035,0.8802,0.88027,26690000,1
1412277000000,1412277059000,0.88027,0.88041,0.88026,0.88039,17350000,1
1412277060000,1412277119000,0.88038,0.88052,0.88031,0.88051,38000000,1
1412277120000,1412277179000,0.88051,0.88058,0.88049,0.88051,31670000,1
1412277180000,1412277239000,0.88052,0.88057,0.8804,0.8804,44000000,1
1412277240000,1412277299000,0.88041,0.88056,0.88041,0.88056,34950000,1
1412277300000,1412277359000,0.88055,0.88059,0.88047,0.88059,46070000,1
1412277360000,1412277419000,0.88058,0.88058,0.88058,0.88058,3300000,1
1412277420000,1412277479000,0.88059,0.88062,0.88059,0.88062,4000000,1
1412277480000,1412277539000,0.88062,0.88082,0.8806,0.88082,48130000,1
1412277540000,1412277599000,0.88079,0.88079,0.8806,0.8806,48840000,1
1412277600000,1412277659000,0.88059,0.88059,0.88057,0.88059,5000000,1
1412277660000,1412277719000,0.8806,0.88066,0.88059,0.88062,25900000,1
1412277720000,1412277779000,0.88063,0.88066,0.88062,0.88062,9000000,1
1412277780000,1412277839000,0.88063,0.88071,0.88062,0.88069,12500000,1
1412277840000,1412277899000,0.88067,0.88068,0.88059,0.88059,6950000,1
1412277900000,1412277959000,0.88059,0.8806,0.88054,0.88059,33380000,1
1412278020000,1412278079000,0.88058,0.88058,0.88058,0.88058,1000000,1
1412278140000,1412278199000,0.88058,0.88058,0.88049,0.88056,20870000,1
1412278200000,1412278259000,0.88056,0.88056,0.88044,0.88047,19920000,1
1412278260000,1412278319000,0.88047,0.88054,0.88047,0.8805,8070000,1
1412278320000,1412278379000,0.88049,0.8807,0.88049,0.88066,26820000,1
1412278380000,1412278439000,0.88065,0.88065,0.88059,0.8806,10340000,1
1412278440000,1412278499000,0.88059,0.88061,0.88058,0.88059,21330000,1
1412278500000,1412278559000,0.88058,0.88058,0.8805,0.8805,10080000,1
1412278560000,1412278619000,0.88051,0.88058,0.8805,0.88057,17900000,1
1412278620000,1412278679000,0.88057,0.88064,0.88057,0.8806,27030000,1
1412278680000,1412278739000,0.88061,0.88065,0.88058,0.88061,22420000,1
1412278740000,1412278799000,0.88061,0.88061,0.88052,0.88052,23460000,1
1412278800000,1412278859000,0.8805,0.8805,0.88045,0.88047,32260000,1
1412278860000,1412278919000,0.88047,0.88048,0.88039,0.88039,28340000,1
1412278920000,1412278979000,0.88039,0.88039,0.88028,0.88033,42360000,1
1412278980000,1412279039000,0.88034,0.88035,0.88018,0.88018,56480000,1
1412279040000,1412279099000,0.88018,0.88018,0.88014,0.88017,14860000,1
1412279100000,1412279159000,0.88017,0.88027,0.88014,0.88027,26310000,1
1412279160000,1412279219000,0.88027,0.88047,0.88027,0.8803,51290000,1
1412279220000,1412279279000,0.88028,0.88029,0.8802,0.88028,15150000,1
1412279280000,1412279339000,0.88029,0.88038,0.88022,0.88038,44500000,1
1412279340000,1412279399000,0.88037,0.88044,0.88034,0.88043,22140000,1
1412279400000,1412279459000,0.88043,0.88058,0.88039,0.88043,57310000,1
1412279460000,1412279519000,0.88043,0.88043,0.88037,0.88041,17000000,1
1412279520000,1412279579000,0.88041,0.88041,0.88028,0.88041,28680000,1
1412279580000,1412279639000,0.88042,0.88052,0.88042,0.8805,19000000,1
1412279640000,1412279699000,0.8805,0.8805,0.88041,0.88041,12000000,1
1412279700000,1412279759000,0.88041,0.88044,0.88038,0.88039,9520000,1
1412279760000,1412279819000,0.88039,0.88039,0.88027,0.88033,32300000,1
1412279820000,1412279879000,0.88032,0.88032,0.88029,0.88029,8250000,1
1412279880000,1412279939000,0.88029,0.88029,0.8801,0.8801,70400000,1
1412279940000,1412279999000,0.8801,0.8801,0.87998,0.88002,83270000,1
1412280000000,1412280059000,0.88001,0.88001,0.87967,0.87979,111420000,1
1412280060000,1412280119000,0.87978,0.8799,0.87978,0.8799,36720000,1
1412280120000,1412280179000,0.8799,0.87995,0.87987,0.87987,41740000,1
1412280180000,1412280239000,0.87987,0.87989,0.87987,0.87988,16580000,1
1412280240000,1412280299000,0.87987,0.87988,0.87986,0.87986,9030000,1
1412280300000,1412280359000,0.87987,0.8799,0.87987,0.87989,47920000,1
1412280360000,1412280419000,0.87989,0.87996,0.87989,0.87996,14180000,1
1412280420000,1412280479000,0.87998,0.88012,0.87998,0.88012,17970000,1
1412280480000,1412280539000,0.88011,0.88012,0.88009,0.8801,9790000,1
1412280540000,1412280599000,0.8801,0.8801,0.88009,0.8801,6000000,1
1412280600000,1412280659000,0.88009,0.88011,0.88009,0.88011,23730000,1
1412280660000,1412280719000,0.88011,0.88013,0.8801,0.8801,6000000,1
1412280720000,1412280779000,0.88011,0.88011,0.88009,0.88009,7800000,1
1412280780000,1412280839000,0.8801,0.8801,0.88008,0.88008,2100000,1
1412280840000,1412280899000,0.88008,0.88009,0.88008,0.88009,7220000,1
1412280900000,1412280959000,0.88008,0.88008,0.87997,0.87997,20340000,1
1412280960000,1412281019000,0.87997,0.87997,0.87991,0.87991,19190000,1
1412281020000,1412281079000,0.87989,0.87991,0.87983,0.87991,36890000,1
1412281080000,1412281139000,0.87993,0.87999,0.87993,0.87999,16750000,1
1412281140000,1412281199000,0.87999,0.88019,0.87999,0.88019,37240000,1
1412281200000,1412281259000,0.88019,0.88029,0.88019,0.88029,14000000,1
1412281260000,1412281319000,0.88029,0.88029,0.88029,0.88029,15000000,1
1412281320000,1412281379000,0.88028,0.88029,0.88028,0.88028,48000000,1
1412281380000,1412281439000,0.88028,0.88036,0.88028,0.88036,39870000,1
1412281440000,1412281499000,0.88036,0.88041,0.88036,0.88041,13070000,1
1412281500000,1412281559000,0.88043,0.88057,0.88043,0.88054,29420000,1
1412281560000,1412281619000,0.88054,0.88055,0.88051,0.88051,14500000,1
1412281620000,1412281679000,0.8805,0.8805,0.88049,0.88049,18500000,1
1412281680000,1412281739000,0.88049,0.8805,0.88049,0.8805,13000000,1
1412281740000,1412281799000,0.8805,0.88064,0.8805,0.88062,42250000,1
1412281800000,1412281859000,0.88062,0.88063,0.88062,0.88063,2000000,1
1412281860000,1412281919000,0.88062,0.88062,0.88043,0.88048,23490000,1
1412281920000,1412281979000,0.88048,0.88049,0.88048,0.88048,26000000,1
1412282040000,1412282099000,0.88051,0.88051,0.88043,0.88043,23000000,1
1412282100000,1412282159000,0.8804,0.88041,0.8804,0.88041,4500000,1
1412282160000,1412282219000,0.8804,0.8804,0.8804,0.8804,1500000,1
1412282220000,1412282279000,0.88039,0.8804,0.88039,0.8804,2500000,1
1412282280000,1412282339000,0.88038,0.88038,0.88025,0.88028,31380000,1
1412282340000,1412282399000,0.88028,0.88034,0.88028,0.88031,17160000,1
1412282400000,1412282459000,0.8803,0.8803,0.88002,0.88002,67940000,1
1412282460000,1412282519000,0.88002,0.88003,0.88,0.88,14990000,1
1412282520000,1412282579000,0.87999,0.88003,0.87999,0.88002,10440000,1
1412282580000,1412282639000,0.88,0.88002,0.88,0.88002,8500000,1
1412282640000,1412282699000,0.88001,0.88012,0.88001,0.88009,25220000,1
1412282700000,1412282759000,0.88009,0.8801,0.88003,0.88005,22850000,1
1412282760000,1412282819000,0.88004,0.88016,0.88004,0.88015,35840000,1
1412282820000,1412282879000,0.88016,0.8802,0.88011,0.88011,43380000,1
1412282880000,1412282939000,0.88012,0.88012,0.88012,0.88012,1000000,1
1412282940000,1412282999000,0.88012,0.88013,0.88011,0.88013,6000000,1
1412283000000,1412283059000,0.88011,0.88011,0.88011,0.88011,2000000,1
1412283060000,1412283119000,0.8801,0.88011,0.88009,0.8801,6000000,1
1412283120000,1412283179000,0.88013,0.88016,0.88013,0.88015,8000000,1
1412283180000,1412283239000,0.88015,0.88017,0.88015,0.88017,5000000,1
1412283240000,1412283299000,0.88017,0.88017,0.8801,0.8801,4000000,1
1412283300000,1412283359000,0.88009,0.88011,0.88009,0.88011,3000000,1
1412283360000,1412283419000,0.88012,0.88015,0.88009,0.88009,11000000,1
1412283420000,1412283479000,0.88012,0.88017,0.88009,0.88015,36000000,1
1412283480000,1412283539000,0.88007,0.88048,0.88007,0.88017,92300000,1
1412283540000,1412283599000,0.88019,0.88039,0.88002,0.88018,37070000,1
1412283600000,1412283659000,0.88022,0.88022,0.87998,0.87998,1900000,1
1412283660000,1412283719000,0.87998,0.88007,0.87996,0.87998,7110000,1
1412283780000,1412283839000,0.87998,0.87998,0.87996,0.87996,700000,1
1412283840000,1412283899000,0.87996,0.87996,0.87993,0.87993,3640000,1
1412283900000,1412283959000,0.88,0.88,0.88,0.88,8370000,1
1412283960000,1412284019000,0.87996,0.87996,0.87995,0.87996,7270000,1
1412284020000,1412284079000,0.87997,0.87998,0.87995,0.87995,7500000,1
1412284080000,1412284139000,0.87996,0.87997,0.87995,0.87996,19460000,1
1412284140000,1412284199000,0.87996,0.87996,0.87995,0.87996,19080000,1
1412284200000,1412284259000,0.87995,0.87996,0.87995,0.87996,6160000,1
1412284260000,1412284319000,0.87997,0.87998,0.87995,0.87997,16560000,1
1412284320000,1412284379000,0.87997,0.88001,0.87997,0.88001,10500000,1
1412284380000,1412284439000,0.88,0.88,0.88,0.88,1000000,1
1412284440000,1412284499000,0.88005,0.88006,0.88,0.88006,9500000,1
1412284500000,1412284559000,0.88007,0.88014,0.88007,0.88012,13750000,1
1412284560000,1412284619000,0.88012,0.88012,0.88007,0.88011,15000000,1
1412284620000,1412284679000,0.88011,0.88011,0.87999,0.88006,18500000,1
1412284680000,1412284739000,0.88006,0.8801,0.88006,0.88009,6690000,1
1412284740000,1412284799000,0.8801,0.8801,0.87993,0.87993,8500000,1
1412284800000,1412284859000,0.87992,0.87992,0.87992,0.87992,1000000,1
1412284860000,1412284919000,0.87989,0.87989,0.87989,0.87989,3300000,1
1412284920000,1412284979000,0.8799,0.8799,0.8799,0.8799,1100000,1
1412284980000,1412285039000,0.87989,0.87989,0.87988,0.87988,4390000,1
1412285040000,1412285099000,0.87988,0.87989,0.87988,0.87988,5070000,1
1412285100000,1412285159000,0.87988,0.87988,0.87986,0.87986,3000000,1
1412285160000,1412285219000,0.87985,0.87996,0.87985,0.87995,14260000,1
1412285220000,1412285279000,0.87995,0.88008,0.87995,0.88008,26500000,1
1412285280000,1412285339000,0.88007,0.8801,0.88001,0.88001,11650000,1
1412285340000,1412285399000,0.88002,0.88003,0.88001,0.88002,10100000,1
1412285400000,1412285459000,0.88002,0.88007,0.87969,0.88006,77790000,1
1412285460000,1412285519000,0.88007,0.88008,0.88004,0.88005,11070000,1
1412285520000,1412285579000,0.88005,0.88005,0.88003,0.88004,8570000,1
1412285580000,1412285639000,0.88004,0.88008,0.88003,0.88004,18670000,1
1412285640000,1412285699000,0.88004,0.88013,0.88003,0.88008,17460000,1
1412285700000,1412285759000,0.88011,0.88018,0.88008,0.88008,23060000,1
1412285760000,1412285819000,0.88009,0.88018,0.87991,0.87998,16050000,1
1412285820000,1412285879000,0.88005,0.88005,0.88004,0.88004,9390000,1
1412285880000,1412285939000,0.88007,0.88008,0.88004,0.88006,15070000,1
1412285940000,1412285999000,0.88,0.88001,0.87996,0.87996,10480000,1
1412286000000,1412286059000,0.87996,0.87997,0.87993,0.87997,15900000,1
1412286060000,1412286119000,0.87995,0.87998,0.8799,0.87992,22580000,1
1412286120000,1412286179000,0.87989,0.87999,0.87989,0.87999,15580000,1
1412286180000,1412286239000,0.87999,0.88004,0.87994,0.87999,38500000,1
1412286240000,1412286299000,0.88,0.88,0.87992,0.87994,33700000,1
1412286300000,1412286359000,0.87989,0.87995,0.87989,0.87993,22140000,1
1412286360000,1412286419000,0.87992,0.88003,0.87992,0.88003,11820000,1
1412286420000,1412286479000,0.88004,0.88004,0.88003,0.88003,11000000,1
1412286480000,1412286539000,0.88004,0.88004,0.87996,0.87996,10500000,1
1412286540000,1412286599000,0.87996,0.88,0.87996,0.87998,13440000,1
1412286600000,1412286659000,0.87996,0.87996,0.8799,0.87994,7090000,1
1412286660000,1412286719000,0.87995,0.87996,0.87991,0.87991,28290000,1
1412286720000,1412286779000,0.87993,0.87996,0.8799,0.87991,22140000,1
1412286780000,1412286839000,0.87991,0.87992,0.87991,0.87992,11760000,1
1412286840000,1412286899000,0.87992,0.87996,0.87991,0.87994,10190000,1
1412286900000,1412286959000,0.87994,0.87995,0.87994,0.87995,3500000,1
1412286960000,1412287019000,0.87994,0.87994,0.87989,0.87991,8500000,1
1412287020000,1412287079000,0.87994,0.87999,0.87989,0.87999,15500000,1
1412287080000,1412287139000,0.87997,0.88,0.87992,0.87994,13000000,1
1412287140000,1412287199000,0.87994,0.87994,0.87989,0.8799,8250000,1
1412287200000,1412287259000,0.8799,0.87995,0.87984,0.87994,75000000,1
1412287260000,1412287319000,0.87996,0.87999,0.87992,0.87994,27750000,1
1412287320000,1412287379000,0.87997,0.87998,0.87992,0.87993,40500000,1
1412287380000,1412287439000,0.87993,0.87993,0.87983,0.87983,26250000,1
1412287440000,1412287499000,0.87984,0.87984,0.87979,0.87979,18000000,1
1412287500000,1412287559000,0.87979,0.8798,0.8797,0.8797,21750000,1
1412287560000,1412287619000,0.8797,0.87971,0.87967,0.87971,9500000,1
1412287620000,1412287679000,0.87969,0.87969,0.87965,0.87966,6000000,1
1412287680000,1412287739000,0.87964,0.87964,0.87948,0.87949,24250000,1
1412287740000,1412287799000,0.87948,0.87954,0.87948,0.87949,9500000,1
1412287800000,1412287859000,0.8795,0.87963,0.8795,0.87957,15870000,1
1412287860000,1412287919000,0.8796,0.87966,0.8796,0.87961,24500000,1
1412287920000,1412287979000,0.8796,0.8796,0.8796,0.8796,1500000,1
1412287980000,1412288039000,0.8796,0.8796,0.87946,0.87955,22620000,1
1412288040000,1412288099000,0.87955,0.87955,0.87951,0.87955,15000000,1
1412288100000,1412288159000,0.87956,0.87956,0.87952,0.87952,9000000,1
1412288160000,1412288219000,0.87951,0.87953,0.87951,0.87953,2000000,1
1412288220000,1412288279000,0.87953,0.87962,0.87951,0.87956,15000000,1
1412288280000,1412288339000,0.87956,0.87956,0.87945,0.87945,10500000,1
1412288340000,1412288399000,0.87945,0.8796,0.87945,0.8796,14470000,1
1412288400000,1412288459000,0.8796,0.87968,0.8796,0.87968,13550000,1
1412288460000,1412288519000,0.87971,0.87971,0.87969,0.8797,8000000,1
1412288520000,1412288579000,0.87971,0.87973,0.8797,0.87973,5000000,1
1412288580000,1412288639000,0.87974,0.87974,0.87974,0.87974,1000000,1
1412288640000,1412288699000,0.87974,0.87989,0.87974,0.87989,9500000,1
1412288700000,1412288759000,0.87989,0.87989,0.87979,0.87986,11470000,1
1412288760000,1412288819000,0.87986,0.87986,0.87985,0.87985,4000000,1
1412288820000,1412288879000,0.87985,0.87985,0.87967,0.87967,16000000,1
1412288880000,1412288939000,0.87967,0.87969,0.87962,0.87962,13000000,1
1412288940000,1412288999000,0.87962,0.87963,0.87962,0.87963,3000000,1
1412289000000,1412289059000,0.87963,0.87963,0.87961,0.87962,8500000,1
1412289060000,1412289119000,0.87961,0.87968,0.87961,0.87968,19110000,1
1412289120000,1412289179000,0.87971,0.87971,0.87967,0.87967,12000000,1
1412289180000,1412289239000,0.87967,0.87967,0.87967,0.87967,3620000,1
1412289240000,1412289299000,0.87968,0.87968,0.87968,0.87968,1000000,1
1412289300000,1412289359000,0.87967,0.8797,0.8796,0.87966,10000000,1
1412289360000,1412289419000,0.87966,0.87969,0.87954,0.87954,25490000,1
1412289420000,1412289479000,0.87954,0.87954,0.87934,0.87934,20150000,1
1412289480000,1412289539000,0.87934,0.87949,0.87912,0.8792,53620000,1
1412289540000,1412289599000,0.87923,0.87926,0.87917,0.87921,27940000,1
1412289600000,1412289659000,0.87921,0.87921,0.87917,0.87917,5000000,1
1412289660000,1412289719000,0.87918,0.87921,0.87915,0.87921,25490000,1
1412289720000,1412289779000,0.87921,0.87925,0.87917,0.87925,28430000,1
1412289780000,1412289839000,0.87925,0.87933,0.87925,0.87929,16460000,1
1412289840000,1412289899000,0.87931,0.87931,0.87929,0.87929,23970000,1
1412289900000,1412289959000,0.8793,0.87931,0.87929,0.8793,14780000,1
1412289960000,1412290019000,0.87931,0.87931,0.87928,0.87931,4070000,1
1412290020000,1412290079000,0.8793,0.87934,0.87929,0.87933,13260000,1
1412290080000,1412290139000,0.87937,0.87943,0.87937,0.87942,20290000,1
1412290140000,1412290199000,0.87943,0.87943,0.87943,0.87943,1000000,1
1412290200000,1412290259000,0.87941,0.87961,0.87941,0.87949,30000000,1
1412290260000,1412290319000,0.87949,0.87949,0.87947,0.87947,6550000,1
1412290320000,1412290379000,0.87947,0.87956,0.87947,0.87951,19030000,1
1412290380000,1412290439000,0.87952,0.87961,0.87952,0.87959,25910000,1
1412290440000,1412290499000,0.8796,0.87962,0.8796,0.87962,5670000,1
1412290500000,1412290559000,0.87962,0.87983,0.87962,0.87982,36210000,1
1412290560000,1412290619000,0.87984,0.87991,0.87982,0.8799,24370000,1
1412290620000,1412290679000,0.87989,0.87989,0.87985,0.87986,16250000,1
1412290680000,1412290739000,0.87985,0.87985,0.87983,0.87983,5500000,1
1412290740000,1412290799000,0.87983,0.87983,0.87974,0.87977,32250000,1
1412290800000,1412290859000,0.87977,0.87978,0.87971,0.87971,24250000,1
1412290860000,1412290919000,0.87971,0.87971,0.87966,0.87969,10500000,1
1412290920000,1412290979000,0.87969,0.8797,0.87956,0.8796,34000000,1
1412290980000,1412291039000,0.87963,0.87972,0.87963,0.8797,21870000,1
1412291040000,1412291099000,0.87969,0.87969,0.87969,0.87969,1500000,1
1412291100000,1412291159000,0.8797,0.8798,0.8797,0.87979,14000000,1
1412291160000,1412291219000,0.87981,0.87982,0.8797,0.87971,22000000,1
1412291220000,1412291279000,0.87972,0.87982,0.87969,0.87982,16250000,1
1412291280000,1412291339000,0.87982,0.87984,0.87982,0.87984,2000000,1
1412291340000,1412291399000,0.87983,0.87983,0.8798,0.8798,8250000,1
1412291400000,1412291459000,0.8798,0.8798,0.87972,0.87972,29870000,1
1412291460000,1412291519000,0.87972,0.87972,0.87967,0.87967,5070000,1
1412291520000,1412291579000,0.87968,0.87972,0.87968,0.87972,3000000,1
1412291640000,1412291699000,0.87971,0.87971,0.87971,0.87971,1000000,1
1412291700000,1412291759000,0.87971,0.87971,0.87964,0.87964,13000000,1
1412291760000,1412291819000,0.87967,0.87967,0.87967,0.87967,2000000,1
1412291820000,1412291879000,0.87967,0.87967,0.87961,0.87961,8000000,1
1412291880000,1412291939000,0.87961,0.87966,0.87961,0.87966,9500000,1
1412291940000,1412291999000,0.87966,0.87966,0.87961,0.87961,11500000,1
1412292000000,1412292059000,0.87961,0.87961,0.87961,0.87961,2500000,1
1412292060000,1412292119000,0.87964,0.87965,0.87963,0.87965,8000000,1
1412292120000,1412292179000,0.87965,0.87966,0.87965,0.87966,3000000,1
1412292180000,1412292239000,0.87965,0.87965,0.87965,0.87965,1000000,1
1412292240000,1412292299000,0.87967,0.87969,0.87967,0.87968,4620000,1
1412292300000,1412292359000,0.87967,0.87972,0.87967,0.87967,13400000,1
1412292360000,1412292419000,0.87967,0.87967,0.87966,0.87966,4000000,1
1412292420000,1412292479000,0.87966,0.8797,0.87966,0.8797,9000000,1
1412292480000,1412292539000,0.87967,0.8797,0.87967,0.87967,7540000,1
1412292540000,1412292599000,0.87967,0.87968,0.87962,0.87968,11000000,1
1412292600000,1412292659000,0.87968,0.87968,0.87967,0.87968,8740000,1
1412292660000,1412292719000,0.87968,0.87968,0.87962,0.87962,9000000,1
1412292720000,1412292779000,0.87963,0.87966,0.87963,0.87966,5250000,1
1412292780000,1412292839000,0.87967,0.87967,0.87966,0.87966,33120000,1
1412292840000,1412292899000,0.87967,0.87968,0.87966,0.87966,28710000,1
1412292900000,1412292959000,0.87966,0.87966,0.87965,0.87966,13000000,1
1412292960000,1412293019000,0.87966,0.87966,0.87964,0.87965,13500000,1
1412293020000,1412293079000,0.87965,0.87966,0.8796,0.8796,25500000,1
1412293080000,1412293139000,0.87963,0.87967,0.87963,0.87967,17000000,1
1412293140000,1412293199000,0.87967,0.87967,0.87965,0.87966,17500000,1
1412293200000,1412293259000,0.87966,0.87967,0.87966,0.87966,6000000,1
1412293260000,1412293319000,0.87966,0.8797,0.87966,0.87967,52970000,1
1412293320000,1412293379000,0.87968,0.87968,0.87967,0.87967,6750000,1
1412293380000,1412293439000,0.87967,0.87973,0.87967,0.87971,31550000,1
1412293440000,1412293499000,0.87973,0.87983,0.87973,0.87983,34940000,1
1412293500000,1412293559000,0.87983,0.87983,0.87982,0.87982,12470000,1
1412293560000,1412293619000,0.87982,0.87982,0.87977,0.87977,25250000,1
1412293620000,1412293679000,0.87975,0.87975,0.87972,0.87973,43750000,1
1412293680000,1412293739000,0.87973,0.87976,0.87968,0.8797,24600000,1
1412293740000,1412293799000,0.8797,0.87972,0.8797,0.87972,11000000,1
1412293800000,1412293859000,0.87971,0.87972,0.87971,0.87972,4000000,1
1412293860000,1412293919000,0.87971,0.87976,0.87968,0.87976,48190000,1
1412293920000,1412293979000,0.87976,0.87977,0.87975,0.87975,5000000,1
1412293980000,1412294039000,0.87975,0.87975,0.87963,0.87968,80820000,1
1412294040000,1412294099000,0.8797,0.8797,0.87948,0.87951,30240000,1
1412294100000,1412294159000,0.8795,0.8795,0.87947,0.8795,9250000,1
1412294160000,1412294219000,0.8795,0.8795,0.8794,0.8794,32820000,1
1412294220000,1412294279000,0.8794,0.87942,0.8794,0.87942,5900000,1
1412294280000,1412294339000,0.87943,0.87943,0.87937,0.87938,5000000,1
1412294340000,1412294399000,0.87938,0.87939,0.87924,0.87931,76960000,1
1412294400000,1412294459000,0.8793,0.87939,0.87924,0.87933,56090000,1
1412294460000,1412294519000,0.87933,0.87933,0.87927,0.87927,35450000,1
1412294520000,1412294579000,0.87927,0.87927,0.87917,0.87917,24750000,1
1412294580000,1412294639000,0.87916,0.87919,0.87905,0.8791,113840000,1
1412294640000,1412294699000,0.87909,0.87912,0.87906,0.8791,33020000,1
1412294700000,1412294759000,0.87909,0.87923,0.87906,0.87919,52250000,1
1412294760000,1412294819000,0.8792,0.87982,0.8792,0.87938,167690000,1
1412294820000,1412294879000,0.87938,0.87959,0.87931,0.8794,63520000,1
1412294880000,1412294939000,0.87943,0.87961,0.87937,0.87937,38470000,1
1412294940000,1412294999000,0.87937,0.87943,0.87931,0.87937,17500000,1
1412295000000,1412295059000,0.87934,0.87966,0.87934,0.87946,70780000,1
1412295060000,1412295119000,0.87946,0.87952,0.87945,0.87945,17500000,1
1412295120000,1412295179000,0.87945,0.87953,0.87907,0.87907,111010000,1
1412295180000,1412295239000,0.87907,0.87915,0.87872,0.87876,93840000,1
1412295240000,1412295299000,0.87876,0.87878,0.87807,0.87826,134520000,1
1412295300000,1412295359000,0.87826,0.87841,0.87825,0.8784,100790000,1
1412295360000,1412295419000,0.87842,0.87842,0.87833,0.87841,42300000,1
1412295420000,1412295479000,0.87841,0.87842,0.87834,0.8784,43300000,1
1412295480000,1412295539000,0.8784,0.87861,0.87838,0.87854,55030000,1
1412295540000,1412295599000,0.87854,0.87874,0.87843,0.87845,92610000,1
1412295600000,1412295659000,0.87843,0.87864,0.87841,0.87852,68450000,1
1412295660000,1412295719000,0.87852,0.87863,0.87827,0.87841,87060000,1
1412295720000,1412295779000,0.87845,0.87865,0.87845,0.87863,43250000,1
1412295780000,1412295839000,0.8786,0.87879,0.8786,0.87862,71560000,1
1412295840000,1412295899000,0.87862,0.87884,0.87862,0.87873,75460000,1
1412295900000,1412295959000,0.87872,0.87887,0.87872,0.87874,32450000,1
1412295960000,1412296019000,0.87874,0.87884,0.87874,0.87884,20680000,1
1412296020000,1412296079000,0.87882,0.87884,0.87872,0.87874,31500000,1
1412296080000,1412296139000,0.87874,0.87875,0.87874,0.87874,20750000,1
1412296140000,1412296199000,0.87874,0.8788,0.87874,0.87874,20000000,1
1412296200000,1412296259000,0.87874,0.87874,0.87852,0.87854,22500000,1
1412296260000,1412296319000,0.87854,0.87864,0.87842,0.87843,34270000,1
1412296320000,1412296379000,0.87843,0.87853,0.87843,0.8785,30940000,1
1412296380000,1412296439000,0.8785,0.8785,0.87836,0.87841,21160000,1
1412296440000,1412296499000,0.8784,0.87852,0.87838,0.87852,41360000,1
1412296500000,1412296559000,0.87853,0.87854,0.87841,0.87853,52950000,1
1412296560000,1412296619000,0.87851,0.87851,0.8784,0.87841,22830000,1
1412296620000,1412296679000,0.87843,0.87851,0.87843,0.87844,23860000,1
1412296680000,1412296739000,0.87843,0.87851,0.87843,0.87851,10140000,1
1412296740000,1412296799000,0.8785,0.87852,0.87849,0.87849,42630000,1
1412296800000,1412296859000,0.8785,0.87868,0.87842,0.87868,82850000,1
1412296860000,1412296919000,0.87869,0.87914,0.87869,0.87914,119500000,1
1412296920000,1412296979000,0.87917,0.87935,0.87906,0.87934,69770000,1
1412296980000,1412297039000,0.87934,0.87934,0.87924,0.87924,27600000,1
1412297040000,1412297099000,0.87924,0.87924,0.87914,0.87914,27820000,1
1412297100000,1412297159000,0.87915,0.87915,0.87909,0.87912,41820000,1
1412297160000,1412297219000,0.87913,0.87928,0.87911,0.87924,32070000,1
1412297220000,1412297279000,0.87924,0.87925,0.87924,0.87924,12500000,1
1412297280000,1412297339000,0.87924,0.87924,0.87915,0.87915,9000000,1
1412297340000,1412297399000,0.87915,0.87933,0.87915,0.87925,79560000,1
1412297400000,1412297459000,0.87925,0.87925,0.87907,0.87907,81550000,1
1412297460000,1412297519000,0.87907,0.87913,0.87905,0.87905,23500000,1
1412297520000,1412297579000,0.87905,0.87907,0.8788,0.8789,64660000,1
1412297580000,1412297639000,0.87891,0.87892,0.87875,0.87883,54510000,1
1412297640000,1412297699000,0.87882,0.87882,0.8787,0.8787,25770000,1
1412297700000,1412297759000,0.87871,0.87906,0.87871,0.87901,69660000,1
1412297760000,1412297819000,0.879,0.8791,0.87892,0.87894,104650000,1
1412297820000,1412297879000,0.87894,0.87898,0.87859,0.87889,139170000,1
1412297880000,1412297939000,0.8789,0.87906,0.87869,0.87876,134450000,1
1412297940000,1412297999000,0.87876,0.87876,0.87852,0.87872,95540000,1
1412298000000,1412298059000,0.87874,0.87897,0.87874,0.87883,34970000,1
1412298060000,1412298119000,0.87884,0.87904,0.8788,0.87901,60050000,1
1412298120000,1412298179000,0.87903,0.87916,0.87901,0.87913,21950000,1
1412298180000,1412298239000,0.87914,0.8793,0.87913,0.8793,40390000,1
1412298240000,1412298299000,0.87933,0.87965,0.87925,0.87964,87250000,1
1412298300000,1412298359000,0.87964,0.87973,0.87946,0.87972,60190000,1
1412298360000,1412298419000,0.87972,0.87972,0.87952,0.87962,52110000,1
1412298420000,1412298479000,0.87962,0.87971,0.87957,0.87961,36530000,1
1412298480000,1412298539000,0.87961,0.87961,0.87952,0.87952,31610000,1
1412298540000,1412298599000,0.87952,0.87952,0.87946,0.87946,24820000,1
1412298600000,1412298659000,0.87945,0.87946,0.87922,0.87922,65060000,1
1412298660000,1412298719000,0.87918,0.87918,0.87883,0.87888,101060000,1
1412298720000,1412298779000,0.8789,0.87913,0.8789,0.87912,81610000,1
1412298780000,1412298839000,0.87912,0.87921,0.87897,0.8791,59580000,1
1412298840000,1412298899000,0.87908,0.8791,0.87892,0.87905,50870000,1
1412298900000,1412298959000,0.87905,0.87914,0.87899,0.87909,86960000,1
1412298960000,1412299019000,0.87909,0.87913,0.87905,0.87905,50820000,1
1412299020000,1412299079000,0.87905,0.87905,0.87883,0.87883,21240000,1
1412299080000,1412299139000,0.87883,0.87883,0.87869,0.87872,28600000,1
1412299140000,1412299199000,0.87872,0.87903,0.87872,0.879,22750000,1
1412299200000,1412299259000,0.87899,0.87905,0.87895,0.87902,43980000,1
1412299260000,1412299319000,0.87901,0.87902,0.87881,0.87899,52470000,1
1412299320000,1412299379000,0.87899,0.87902,0.87896,0.87901,18000000,1
1412299380000,1412299439000,0.87902,0.87911,0.87891,0.87903,57740000,1
1412299440000,1412299499000,0.87903,0.87905,0.87881,0.8789,31440000,1
1412299500000,1412299559000,0.8789,0.87893,0.87884,0.8789,26820000,1
1412299560000,1412299619000,0.8789,0.8789,0.87889,0.8789,27470000,1
1412299620000,1412299679000,0.8789,0.87924,0.8789,0.8792,120140000,1
1412299680000,1412299739000,0.8792,0.8792,0.87903,0.87903,61240000,1
1412299740000,1412299799000,0.87899,0.87899,0.87885,0.8789,36800000,1
1412299800000,1412299859000,0.87892,0.8791,0.87892,0.8791,52590000,1
1412299860000,1412299919000,0.87911,0.87911,0.87892,0.87893,23190000,1
1412299920000,1412299979000,0.87895,0.87895,0.87885,0.87885,16100000,1
1412299980000,1412300039000,0.87885,0.87885,0.87861,0.87863,47640000,1
1412300040000,1412300099000,0.87863,0.87869,0.87863,0.87864,26770000,1
1412300100000,1412300159000,0.87865,0.87875,0.87865,0.87873,42240000,1
1412300160000,1412300219000,0.87871,0.87874,0.87869,0.87874,10500000,1
1412300220000,1412300279000,0.87873,0.87874,0.87871,0.87874,18500000,1
1412300280000,1412300339000,0.87873,0.87873,0.87871,0.87872,6820000,1
1412300340000,1412300399000,0.87873,0.87881,0.87872,0.87877,14300000,1
1412300400000,1412300459000,0.87878,0.87904,0.87878,0.87904,50910000,1
1412300460000,1412300519000,0.87904,0.87913,0.87902,0.87903,77490000,1
1412300520000,1412300579000,0.87904,0.87915,0.879,0.87914,54940000,1
1412300580000,1412300639000,0.87912,0.87912,0.879,0.87904,17190000,1
1412300640000,1412300699000,0.87905,0.8791,0.87903,0.8791,42610000,1
1412300700000,1412300759000,0.87912,0.87921,0.87912,0.8792,38240000,1
1412300760000,1412300819000,0.8792,0.87926,0.8792,0.87924,27540000,1
1412300820000,1412300879000,0.87924,0.87936,0.87924,0.87934,19660000,1
1412300880000,1412300939000,0.87934,0.87941,0.87929,0.87933,31680000,1
1412300940000,1412300999000,0.87933,0.87933,0.87931,0.87933,6320000,1
1412301000000,1412301059000,0.87933,0.87933,0.87914,0.87915,66930000,1
1412301060000,1412301119000,0.87915,0.87918,0.87913,0.87913,22490000,1
1412301120000,1412301179000,0.87911,0.87911,0.87897,0.87904,53000000,1
1412301180000,1412301239000,0.87905,0.87913,0.87903,0.87905,45360000,1
1412301240000,1412301299000,0.87905,0.87905,0.87902,0.87902,29140000,1
1412301300000,1412301359000,0.87903,0.87903,0.87888,0.8789,53590000,1
1412301360000,1412301419000,0.8789,0.8789,0.87866,0.87872,71500000,1
1412301420000,1412301479000,0.87874,0.87874,0.87826,0.87837,100000000,1
1412301480000,1412301539000,0.87837,0.87851,0.87827,0.87827,83180000,1
1412301540000,1412301599000,0.87828,0.87849,0.87828,0.87841,83010000,1
1412301600000,1412301659000,0.8784,0.8784,0.87822,0.87822,61780000,1
1412301660000,1412301719000,0.87821,0.87821,0.8778,0.87808,64420000,1
1412301720000,1412301779000,0.87808,0.87813,0.87783,0.87795,89130000,1
1412301780000,1412301839000,0.87793,0.87793,0.87742,0.87744,81380000,1
1412301840000,1412301899000,0.87744,0.87783,0.87737,0.87774,157230000,1
1412301900000,1412301959000,0.87775,0.87781,0.87765,0.87772,45110000,1
1412301960000,1412302019000,0.87772,0.87787,0.87772,0.87782,33300000,1
1412302020000,1412302079000,0.87782,0.87783,0.8777,0.87779,57150000,1
1412302080000,1412302139000,0.8778,0.87814,0.8778,0.87795,106440000,1
1412302140000,1412302199000,0.87794,0.87819,0.87793,0.87809,85610000,1
1412302200000,1412302259000,0.8781,0.87825,0.87788,0.87793,73230000,1
1412302260000,1412302319000,0.87791,0.87806,0.87763,0.87806,141330000,1
1412302320000,1412302379000,0.87807,0.87812,0.87781,0.87808,91880000,1
1412302380000,1412302439000,0.8781,0.87826,0.8781,0.87824,47060000,1
1412302440000,1412302499000,0.87825,0.87825,0.87822,0.87823,27360000,1
1412302500000,1412302559000,0.87823,0.87824,0.87819,0.87823,76380000,1
1412302560000,1412302619000,0.87825,0.87853,0.87825,0.87843,92880000,1
1412302620000,1412302679000,0.87841,0.87841,0.87823,0.87833,44950000,1
1412302680000,1412302739000,0.87833,0.87855,0.87811,0.87811,86940000,1
1412302740000,1412302799000,0.87812,0.87844,0.87812,0.8784,128720000,1
1412302800000,1412302859000,0.87839,0.87839,0.87825,0.87834,45300000,1
1412302860000,1412302919000,0.87835,0.8784,0.87827,0.8783,75960000,1
1412302920000,1412302979000,0.8783,0.8783,0.87811,0.87811,32070000,1
1412302980000,1412303039000,0.87811,0.87811,0.87789,0.87801,61550000,1
1412303040000,1412303099000,0.878,0.87831,0.87771,0.87815,144150000,1
1412303100000,1412303159000,0.87814,0.87814,0.87773,0.87814,97890000,1
1412303160000,1412303219000,0.87814,0.87843,0.87814,0.87837,42670000,1
1412303220000,1412303279000,0.87837,0.87837,0.87834,0.87837,22010000,1
1412303280000,1412303339000,0.87836,0.87844,0.87833,0.87835,47930000,1
1412303340000,1412303399000,0.87835,0.87853,0.87835,0.87845,20460000,1
1412303400000,1412303459000,0.87846,0.87846,0.87825,0.87833,42770000,1
1412303460000,1412303519000,0.87833,0.87834,0.87823,0.87824,22250000,1
1412303520000,1412303579000,0.87824,0.87825,0.87823,0.87824,6500000,1
1412303580000,1412303639000,0.87823,0.87834,0.87823,0.87829,32770000,1
1412303640000,1412303699000,0.87824,0.87852,0.87824,0.8785,103310000,1
1412303700000,1412303759000,0.8785,0.87859,0.8785,0.87856,32610000,1
1412303760000,1412303819000,0.87854,0.8787,0.87854,0.87863,31610000,1
1412303820000,1412303879000,0.87864,0.87873,0.87864,0.87872,18250000,1
1412303880000,1412303939000,0.87872,0.87874,0.87867,0.87874,29270000,1
1412303940000,1412303999000,0.87873,0.87873,0.87862,0.87873,15120000,1
1412304000000,1412304059000,0.87873,0.87883,0.87868,0.87871,57500000,1
1412304060000,1412304119000,0.87871,0.87914,0.87871,0.87899,107510000,1
1412304120000,1412304179000,0.87897,0.87897,0.87878,0.87891,83610000,1
1412304180000,1412304239000,0.8789,0.8789,0.8787,0.8787,31390000,1
1412304240000,1412304299000,0.8787,0.87873,0.87862,0.87863,22000000,1
1412304300000,1412304359000,0.87863,0.87874,0.87863,0.87871,26970000,1
1412304360000,1412304419000,0.87869,0.87871,0.87861,0.87869,43310000,1
1412304420000,1412304479000,0.87867,0.87869,0.87863,0.87865,47470000,1
1412304480000,1412304539000,0.87865,0.87866,0.8786,0.87864,14020000,1
1412304540000,1412304599000,0.87862,0.87863,0.87856,0.87856,24000000,1
1412304600000,1412304659000,0.87856,0.87864,0.87838,0.8786,68560000,1
1412304660000,1412304719000,0.87861,0.87871,0.87859,0.87863,31540000,1
1412304720000,1412304779000,0.87862,0.87872,0.87849,0.87849,92130000,1
1412304780000,1412304839000,0.87853,0.87871,0.87853,0.87859,119660000,1
1412304840000,1412304899000,0.87857,0.87871,0.87856,0.87864,63280000,1
1412304900000,1412304959000,0.87865,0.87868,0.87854,0.87854,19590000,1
1412304960000,1412305019000,0.87854,0.87854,0.87853,0.87853,11000000,1
1412305020000,1412305079000,0.87853,0.87864,0.87852,0.8786,26550000,1
1412305080000,1412305139000,0.87862,0.87865,0.87861,0.87864,31210000,1
1412305140000,1412305199000,0.87864,0.87864,0.87861,0.87861,12240000,1
1412305200000,1412305259000,0.87861,0.87893,0.87861,0.87865,53090000,1
1412305260000,1412305319000,0.87863,0.87864,0.87853,0.87862,52920000,1
1412305320000,1412305379000,0.87862,0.87862,0.87862,0.87862,12880000,1
1412305380000,1412305439000,0.87862,0.87874,0.87862,0.87874,32200000,1
1412305440000,1412305499000,0.87875,0.87875,0.87873,0.87873,35890000,1
1412305500000,1412305559000,0.87873,0.87873,0.87855,0.87859,38940000,1
1412305560000,1412305619000,0.87858,0.87864,0.87856,0.87864,30270000,1
1412305620000,1412305679000,0.87865,0.87865,0.87864,0.87864,4140000,1
1412305680000,1412305739000,0.87864,0.87874,0.87859,0.87867,46230000,1
1412305740000,1412305799000,0.87867,0.8787,0.87864,0.87868,29000000,1
1412305800000,1412305859000,0.87867,0.87901,0.87867,0.87897,55400000,1
1412305860000,1412305919000,0.87897,0.8791,0.87896,0.87907,31100000,1
1412305920000,1412305979000,0.87908,0.87908,0.87895,0.87896,22070000,1
1412305980000,1412306039000,0.87897,0.87916,0.87896,0.8791,23540000,1
1412306040000,1412306099000,0.8791,0.8791,0.87892,0.87896,43690000,1
1412306100000,1412306159000,0.87898,0.87905,0.87893,0.87901,40690000,1
1412306160000,1412306219000,0.879,0.879,0.87888,0.8789,43220000,1
1412306220000,1412306279000,0.8789,0.8789,0.87889,0.8789,5850000,1
1412306280000,1412306339000,0.87891,0.87893,0.87891,0.87893,5770000,1
1412306400000,1412306459000,0.87894,0.87924,0.87894,0.87898,69370000,1
1412306460000,1412306519000,0.87899,0.87923,0.87897,0.87923,32690000,1
1412306520000,1412306579000,0.87924,0.87925,0.87919,0.87925,36460000,1
1412306580000,1412306639000,0.87925,0.87925,0.8791,0.87923,33340000,1
1412306640000,1412306699000,0.87921,0.87921,0.87898,0.87909,42100000,1
1412306700000,1412306759000,0.87909,0.87913,0.87908,0.87909,26400000,1
1412306760000,1412306819000,0.87909,0.8792,0.87909,0.8792,17230000,1
1412306820000,1412306879000,0.87919,0.8792,0.87919,0.8792,4380000,1
1412306880000,1412306939000,0.87922,0.87923,0.87918,0.8792,25370000,1
1412306940000,1412306999000,0.8792,0.87923,0.8792,0.87922,30550000,1
1412307000000,1412307059000,0.87924,0.87924,0.87909,0.8791,31300000,1
1412307060000,1412307119000,0.87911,0.87913,0.87896,0.87901,70800000,1
1412307120000,1412307179000,0.87901,0.8791,0.87901,0.87909,29740000,1
1412307180000,1412307239000,0.87908,0.87912,0.87907,0.87908,12940000,1
1412307240000,1412307299000,0.87908,0.8791,0.87907,0.8791,15810000,1
1412307300000,1412307359000,0.87911,0.87911,0.8791,0.8791,5270000,1
1412307360000,1412307419000,0.87911,0.87914,0.87911,0.87914,2100000,1
1412307480000,1412307539000,0.87912,0.87912,0.87877,0.87885,60720000,1
1412307540000,1412307599000,0.87886,0.87903,0.87886,0.87903,45040000,1
1412307600000,1412307659000,0.87903,0.87926,0.87903,0.87915,106070000,1
1412307660000,1412307719000,0.87915,0.87925,0.879,0.87901,50500000,1
1412307720000,1412307779000,0.87901,0.87901,0.87891,0.87896,23670000,1
1412307780000,1412307839000,0.87895,0.87906,0.87882,0.87903,64970000,1
1412307840000,1412307899000,0.87901,0.87917,0.87901,0.87915,58140000,1
1412307900000,1412307959000,0.87916,0.87917,0.8789,0.87894,42890000,1
1412307960000,1412308019000,0.87892,0.87893,0.87876,0.87884,73020000,1
1412308020000,1412308079000,0.87884,0.87896,0.87881,0.87881,46350000,1
1412308080000,1412308139000,0.87882,0.87891,0.87881,0.87891,26190000,1
1412308140000,1412308199000,0.87889,0.87889,0.87862,0.87883,49150000,1
1412308200000,1412308259000,0.87883,0.87885,0.87877,0.87882,21140000,1
1412308260000,1412308319000,0.87882,0.87886,0.87875,0.87884,32360000,1
1412308320000,1412308379000,0.87885,0.87896,0.87885,0.87893,27480000,1
1412308380000,1412308439000,0.87893,0.87893,0.87886,0.87886,18000000,1
1412308440000,1412308499000,0.87886,0.87893,0.87886,0.87893,7360000,1
1412308500000,1412308559000,0.87892,0.87892,0.87892,0.87892,16720000,1
1412308560000,1412308619000,0.87893,0.87904,0.87892,0.87904,53050000,1
1412308620000,1412308679000,0.87903,0.87906,0.87903,0.87904,18070000,1
1412308680000,1412308739000,0.87904,0.87917,0.87904,0.87914,24310000,1
1412308740000,1412308799000,0.87914,0.87927,0.87904,0.87904,65890000,1
1412308800000,1412308859000,0.87904,0.87911,0.87904,0.87906,28910000,1
1412308860000,1412308919000,0.87907,0.87912,0.87894,0.87894,23170000,1
1412308920000,1412308979000,0.87894,0.87894,0.8789,0.8789,17650000,1
1412308980000,1412309039000,0.8789,0.87896,0.87884,0.87889,36740000,1
1412309040000,1412309099000,0.87889,0.87893,0.87883,0.87893,34110000,1
1412309100000,1412309159000,0.87893,0.87894,0.87885,0.87886,36050000,1
1412309160000,1412309219000,0.87886,0.87886,0.87885,0.87885,10650000,1
1412309220000,1412309279000,0.87885,0.87886,0.87882,0.87883,13500000,1
1412309280000,1412309339000,0.87882,0.87886,0.87882,0.87885,9000000,1
1412309340000,1412309399000,0.87885,0.87885,0.87884,0.87884,8500000,1
1412309400000,1412309459000,0.87884,0.87886,0.87881,0.87886,15500000,1
1412309460000,1412309519000,0.87886,0.87891,0.87886,0.8789,72350000,1
1412309520000,1412309579000,0.8789,0.87891,0.87887,0.87887,29410000,1
1412309580000,1412309639000,0.87887,0.87889,0.87887,0.87889,52120000,1
1412309640000,1412309699000,0.87888,0.87888,0.87888,0.87888,5620000,1
1412309700000,1412309759000,0.87889,0.87889,0.87887,0.87889,69170000,1
1412309760000,1412309819000,0.87889,0.87891,0.87889,0.87891,16070000,1
1412309820000,1412309879000,0.87891,0.87894,0.87891,0.87893,9400000,1
1412309880000,1412309939000,0.87893,0.87902,0.8789,0.87902,29270000,1
1412309940000,1412309999000,0.87903,0.87903,0.87903,0.87903,3370000,1
1412310000000,1412310059000,0.87903,0.87903,0.87902,0.87902,11020000,1
1412310060000,1412310119000,0.87903,0.8791,0.87901,0.87901,76820000,1
1412310120000,1412310179000,0.87901,0.87912,0.879,0.87904,37340000,1
1412310180000,1412310239000,0.87904,0.87904,0.87892,0.87893,6220000,1
1412310240000,1412310299000,0.87893,0.87893,0.87893,0.87893,2000000,1
1412310360000,1412310419000,0.87892,0.87892,0.87892,0.87892,3490000,1
1412310420000,1412310479000,0.87892,0.87902,0.8789,0.87891,34060000,1
1412310480000,1412310539000,0.87889,0.87891,0.87887,0.87887,19880000,1
1412310540000,1412310599000,0.87887,0.87892,0.87887,0.87891,13440000,1
1412310600000,1412310659000,0.87891,0.87895,0.8789,0.87893,11760000,1
1412310660000,1412310719000,0.87892,0.87892,0.87888,0.87888,31610000,1
1412310720000,1412310779000,0.87888,0.87914,0.8788,0.87914,70150000,1
1412310780000,1412310839000,0.87913,0.87918,0.8791,0.87918,40960000,1
1412310840000,1412310899000,0.87919,0.87923,0.87915,0.87916,11820000,1
1412310900000,1412310959000,0.87915,0.87915,0.87915,0.87915,4140000,1
1412310960000,1412311019000,0.87916,0.87924,0.87916,0.87916,35700000,1
1412311020000,1412311079000,0.87916,0.87917,0.87915,0.87916,8500000,1
1412311080000,1412311139000,0.87915,0.87915,0.87915,0.87915,10000000,1
1412311140000,1412311199000,0.87915,0.87916,0.87915,0.87915,5500000,1
1412311200000,1412311259000,0.87916,0.87923,0.87916,0.87918,19360000,1
1412311260000,1412311319000,0.87918,0.87924,0.87911,0.87915,40190000,1
1412311320000,1412311379000,0.87915,0.87919,0.87911,0.87911,30630000,1
1412311380000,1412311439000,0.87912,0.87912,0.879,0.87902,35930000,1
1412311440000,1412311499000,0.87904,0.8791,0.87886,0.87886,43110000,1
1412311500000,1412311559000,0.87888,0.87916,0.87888,0.87916,37190000,1
1412311560000,1412311619000,0.87914,0.87915,0.87911,0.87914,9600000,1
1412311620000,1412311679000,0.87913,0.87914,0.87913,0.87913,15570000,1
1412311680000,1412311739000,0.87913,0.87914,0.87913,0.87914,10820000,1
1412311740000,1412311799000,0.87915,0.8792,0.87914,0.87914,20320000,1
1412311800000,1412311859000,0.87914,0.87914,0.87912,0.87912,8500000,1
1412311860000,1412311919000,0.87912,0.87915,0.87902,0.87904,31940000,1
1412311920000,1412311979000,0.87904,0.87905,0.87902,0.87904,20270000,1
1412312040000,1412312099000,0.87904,0.87904,0.87904,0.87904,33000000,1
1412312100000,1412312159000,0.87904,0.87906,0.87904,0.87906,21000000,1
1412312160000,1412312219000,0.87906,0.87906,0.87906,0.87906,17000000,1
1412312220000,1412312279000,0.87906,0.87914,0.87905,0.87913,24250000,1
1412312280000,1412312339000,0.87915,0.87915,0.87913,0.87913,4000000,1
1412312340000,1412312399000,0.87915,0.87915,0.87914,0.87914,6500000,1
1412312400000,1412312459000,0.87913,0.87913,0.87909,0.87913,16890000,1
1412312460000,1412312519000,0.87913,0.87913,0.87908,0.87908,51500000,1
1412312520000,1412312579000,0.8791,0.87914,0.87903,0.87905,34000000,1
1412312580000,1412312639000,0.87905,0.87907,0.87902,0.87902,25630000,1
1412312640000,1412312699000,0.87904,0.87905,0.87903,0.87903,33500000,1
1412312700000,1412312759000,0.87903,0.87905,0.87903,0.87905,30120000,1
1412312760000,1412312819000,0.87905,0.87907,0.87904,0.87906,38190000,1
1412312820000,1412312879000,0.87907,0.87907,0.87869,0.87886,73780000,1
1412312880000,1412312939000,0.87886,0.87913,0.87886,0.87912,25670000,1
1412312940000,1412312999000,0.87912,0.87912,0.87895,0.87907,33610000,1
1412313000000,1412313059000,0.87907,0.87907,0.87902,0.87906,46500000,1
1412313060000,1412313119000,0.87906,0.87906,0.87903,0.87906,34000000,1
1412313120000,1412313179000,0.87906,0.87921,0.87906,0.87911,45520000,1
1412313180000,1412313239000,0.87913,0.87916,0.87911,0.87912,17090000,1
1412313240000,1412313299000,0.87912,0.87912,0.87912,0.87912,7240000,1
1412313300000,1412313359000,0.87912,0.87913,0.87912,0.87912,16500000,1
1412313360000,1412313419000,0.87912,0.87914,0.87912,0.87914,10500000,1
1412313420000,1412313479000,0.87914,0.87916,0.87914,0.87916,75500000,1
1412313480000,1412313539000,0.87916,0.87923,0.87916,0.87923,14420000,1
1412313600000,1412313659000,0.87923,0.87932,0.87922,0.87929,31030000,1
1412313660000,1412313719000,0.87928,0.8794,0.87928,0.8794,58480000,1
1412313720000,1412313779000,0.87937,0.87942,0.87934,0.8794,35760000,1
1412313780000,1412313839000,0.87939,0.87941,0.87934,0.87936,17810000,1
1412313840000,1412313899000,0.87934,0.87934,0.87918,0.87923,34690000,1
1412313900000,1412313959000,0.87925,0.87936,0.8792,0.87936,51290000,1
1412313960000,1412314019000,0.87936,0.87943,0.87927,0.87931,69020000,1
1412314020000,1412314079000,0.87933,0.87933,0.87925,0.87925,26000000,1
1412314080000,1412314139000,0.87925,0.87926,0.87925,0.87926,10000000,1
1412314140000,1412314199000,0.87929,0.87939,0.87929,0.87934,29500000,1
1412314200000,1412314259000,0.87934,0.8794,0.87933,0.87939,54140000,1
1412314260000,1412314319000,0.87938,0.87939,0.87933,0.87933,17060000,1
1412314320000,1412314379000,0.87932,0.87932,0.87925,0.87925,22600000,1
1412314380000,1412314439000,0.87927,0.87927,0.87925,0.87927,28000000,1
1412314440000,1412314499000,0.87927,0.87927,0.87926,0.87926,32000000,1
1412314500000,1412314559000,0.87927,0.87931,0.87926,0.8793,25540000,1
1412314560000,1412314619000,0.8793,0.87931,0.87923,0.87929,46890000,1
1412314620000,1412314679000,0.87928,0.87931,0.87913,0.87914,57610000,1
1412314680000,1412314739000,0.87912,0.87919,0.8791,0.87918,71030000,1
1412314740000,1412314799000,0.87918,0.87924,0.87918,0.87924,21750000,1
1412314800000,1412314859000,0.87925,0.87932,0.87921,0.87923,46730000,1
1412314860000,1412314919000,0.87921,0.87921,0.87913,0.87913,25000000,1
1412314920000,1412314979000,0.87913,0.87926,0.87913,0.87921,52690000,1
1412314980000,1412315039000,0.87921,0.87931,0.87917,0.8793,48350000,1
1412315040000,1412315099000,0.8793,0.8793,0.87926,0.87929,30460000,1
1412315100000,1412315159000,0.8793,0.87932,0.87927,0.87929,52520000,1
1412315160000,1412315219000,0.87929,0.87933,0.87929,0.87933,16000000,1
1412315220000,1412315279000,0.8793,0.8793,0.87915,0.87915,33200000,1
1412315280000,1412315339000,0.87915,0.87917,0.87887,0.87891,41840000,1
1412315340000,1412315399000,0.87891,0.87903,0.87887,0.87902,68630000,1
1412315400000,1412315459000,0.87902,0.87902,0.87902,0.87902,32250000,1
1412315460000,1412315519000,0.87903,0.87911,0.87901,0.87901,53280000,1
1412315520000,1412315579000,0.87898,0.87902,0.87892,0.879,63710000,1
1412315580000,1412315639000,0.879,0.87901,0.87895,0.87896,73010000,1
1412315640000,1412315699000,0.87897,0.87898,0.87894,0.87896,20740000,1
1412315700000,1412315759000,0.87894,0.87895,0.87884,0.87885,43000000,1
1412315760000,1412315819000,0.87885,0.87886,0.87883,0.87883,19000000,1
1412315820000,1412315879000,0.87883,0.87883,0.87873,0.8788,26470000,1
1412315880000,1412315939000,0.8788,0.87881,0.87879,0.8788,41220000,1
1412315940000,1412315999000,0.87881,0.87895,0.87881,0.87895,33750000,1
1412316000000,1412316059000,0.87895,0.87902,0.87892,0.879,140550000,1
1412316060000,1412316119000,0.879,0.87902,0.87898,0.879,64350000,1
1412316120000,1412316179000,0.87899,0.87899,0.87885,0.87885,50000000,1
1412316180000,1412316239000,0.87885,0.87887,0.87879,0.87883,41390000,1
1412316240000,1412316299000,0.87883,0.87904,0.87876,0.87901,59440000,1
1412316300000,1412316359000,0.87899,0.87906,0.87894,0.87906,21890000,1
1412316360000,1412316419000,0.87905,0.87913,0.87904,0.87905,44000000,1
1412316420000,1412316479000,0.87905,0.87907,0.87895,0.87895,33300000,1
1412316480000,1412316539000,0.87895,0.87913,0.8789,0.87894,63210000,1
1412316540000,1412316599000,0.87894,0.87898,0.87894,0.87895,21660000,1
1412316600000,1412316659000,0.87895,0.87895,0.87873,0.87876,50250000,1
1412316660000,1412316719000,0.87876,0.87914,0.87876,0.8791,89440000,1
1412316720000,1412316779000,0.8791,0.87912,0.87892,0.87893,39210000,1
1412316780000,1412316839000,0.87893,0.87898,0.87893,0.87893,36480000,1
1412316840000,1412316899000,0.87893,0.87895,0.87893,0.87893,14500000,1
1412316900000,1412316959000,0.87893,0.87896,0.87893,0.87893,9670000,1
1412316960000,1412317019000,0.8789,0.8789,0.8788,0.87885,44780000,1
1412317020000,1412317079000,0.87885,0.87913,0.87885,0.8791,62300000,1
1412317080000,1412317139000,0.8791,0.87912,0.87902,0.8791,41790000,1
1412317140000,1412317199000,0.8791,0.87924,0.8791,0.87912,34300000,1
1412317200000,1412317259000,0.87913,0.87943,0.87913,0.87943,50210000,1
1412317260000,1412317319000,0.87942,0.87945,0.8793,0.8793,34160000,1
1412317320000,1412317379000,0.87936,0.87936,0.8792,0.8792,24240000,1
1412317380000,1412317439000,0.8792,0.87923,0.8792,0.87923,11370000,1
1412317440000,1412317499000,0.87923,0.87935,0.87923,0.87934,64980000,1
1412317500000,1412317559000,0.87934,0.87937,0.87933,0.87935,35500000,1
1412317560000,1412317619000,0.87935,0.87935,0.87935,0.87935,6000000,1
1412317620000,1412317679000,0.87935,0.87935,0.87934,0.87934,36500000,1
1412317680000,1412317739000,0.87934,0.87944,0.87934,0.87943,49020000,1
1412317740000,1412317799000,0.87942,0.87944,0.87942,0.87943,19190000,1
1412317800000,1412317859000,0.87943,0.87948,0.87942,0.87943,37390000,1
1412317860000,1412317919000,0.87941,0.87948,0.8794,0.87942,29420000,1
1412317920000,1412317979000,0.87942,0.87961,0.87942,0.8796,61850000,1
1412317980000,1412318039000,0.8796,0.87966,0.8796,0.87961,32460000,1
1412318040000,1412318099000,0.87962,0.87965,0.87957,0.87957,34560000,1
1412318100000,1412318159000,0.87957,0.87961,0.87955,0.87957,30750000,1
1412318160000,1412318219000,0.87956,0.87964,0.87954,0.87962,42580000,1
1412318220000,1412318279000,0.87962,0.87962,0.87938,0.8795,72510000,1
1412318280000,1412318339000,0.87953,0.87975,0.8795,0.87975,63050000,1
1412318340000,1412318399000,0.87976,0.88004,0.87975,0.87996,190030000,1
1412318400000,1412318459000,0.87995,0.87997,0.87982,0.87994,95810000,1
1412318460000,1412318519000,0.87998,0.88006,0.87997,0.88003,70570000,1
1412318520000,1412318579000,0.88004,0.88058,0.87994,0.88044,159860000,1
1412318580000,1412318639000,0.88044,0.88048,0.8803,0.8803,77820000,1
1412318640000,1412318699000,0.8803,0.88036,0.8803,0.88036,22040000,1
1412318700000,1412318759000,0.88036,0.88048,0.88034,0.88042,35190000,1
1412318760000,1412318819000,0.88042,0.88042,0.88037,0.88041,52950000,1
1412318820000,1412318879000,0.8804,0.88046,0.88038,0.88038,26200000,1
1412318880000,1412318939000,0.88037,0.88037,0.88004,0.88004,136270000,1
1412318940000,1412318999000,0.88007,0.88007,0.87982,0.87982,66580000,1
1412319000000,1412319059000,0.87982,0.87983,0.87954,0.87957,89060000,1
1412319060000,1412319119000,0.87955,0.87968,0.87953,0.87961,67970000,1
1412319120000,1412319179000,0.87961,0.87961,0.87932,0.87951,72820000,1
1412319180000,1412319239000,0.87951,0.87987,0.8795,0.87986,75990000,1
1412319240000,1412319299000,0.87988,0.88011,0.87988,0.88004,106740000,1
1412319300000,1412319359000,0.88004,0.88007,0.87995,0.87995,67480000,1
1412319360000,1412319419000,0.87992,0.88,0.87987,0.87994,61840000,1
1412319420000,1412319479000,0.87994,0.88004,0.87994,0.88001,28240000,1
1412319480000,1412319539000,0.88002,0.88025,0.88001,0.88025,44680000,1
1412319540000,1412319599000,0.88024,0.88026,0.87991,0.87991,57320000,1
1412319600000,1412319659000,0.87991,0.87991,0.87951,0.87966,73800000,1
1412319660000,1412319719000,0.87968,0.87979,0.87968,0.87976,41130000,1
1412319720000,1412319779000,0.87976,0.87983,0.87962,0.87983,58880000,1
1412319780000,1412319839000,0.87982,0.87982,0.87959,0.87959,72080000,1
1412319840000,1412319899000,0.87959,0.87959,0.8795,0.8795,35160000,1
1412319900000,1412319959000,0.8795,0.8796,0.87943,0.87959,73780000,1
1412319960000,1412320019000,0.87959,0.8796,0.87953,0.87953,47170000,1
1412320020000,1412320079000,0.87952,0.87962,0.87952,0.87955,65320000,1
1412320080000,1412320139000,0.87955,0.87963,0.87951,0.87955,57270000,1
1412320140000,1412320199000,0.87955,0.87955,0.87955,0.87955,35500000,1
1412320200000,1412320259000,0.87955,0.87962,0.87955,0.8796,28500000,1
1412320260000,1412320319000,0.8796,0.87962,0.87949,0.87952,26900000,1
1412320320000,1412320379000,0.87949,0.87952,0.87934,0.87946,51060000,1
1412320380000,1412320439000,0.87944,0.87948,0.8793,0.87943,59410000,1
1412320440000,1412320499000,0.87942,0.8795,0.87928,0.87931,49870000,1
1412320500000,1412320559000,0.87933,0.87933,0.87898,0.87924,75230000,1
1412320560000,1412320619000,0.87924,0.87926,0.87924,0.87925,8000000,1
1412320620000,1412320679000,0.87925,0.87936,0.87925,0.87933,37380000,1
1412320680000,1412320739000,0.87933,0.87938,0.87932,0.87936,36050000,1
1412320740000,1412320799000,0.87934,0.87935,0.87916,0.87916,52110000,1
1412320800000,1412320859000,0.87916,0.87953,0.87916,0.87953,61130000,1
1412320860000,1412320919000,0.87952,0.87976,0.87952,0.87972,54340000,1
1412320920000,1412320979000,0.87972,0.87989,0.87964,0.87965,77410000,1
1412320980000,1412321039000,0.87965,0.87991,0.87965,0.87985,49760000,1
1412321040000,1412321099000,0.87985,0.87993,0.87975,0.8798,63890000,1
1412321100000,1412321159000,0.8798,0.8798,0.8796,0.87962,63330000,1
1412321160000,1412321219000,0.87962,0.87963,0.87954,0.87954,15640000,1
1412321220000,1412321279000,0.87954,0.87963,0.87952,0.87953,42050000,1
1412321280000,1412321339000,0.87953,0.87953,0.87939,0.87941,27220000,1
1412321340000,1412321399000,0.87941,0.87941,0.87931,0.87933,33000000,1
1412321400000,1412321459000,0.87935,0.87937,0.87933,0.87936,29700000,1
1412321460000,1412321519000,0.87936,0.87954,0.87932,0.87954,60870000,1
1412321520000,1412321579000,0.87953,0.87963,0.87953,0.87957,42430000,1
1412321580000,1412321639000,0.87957,0.87957,0.87942,0.87942,75090000,1
1412321640000,1412321699000,0.87942,0.87945,0.87932,0.87935,55110000,1
1412321700000,1412321759000,0.87935,0.87955,0.87935,0.87947,52600000,1
1412321760000,1412321819000,0.87947,0.87964,0.87947,0.87963,53390000,1
1412321820000,1412321879000,0.87963,0.87974,0.87961,0.87973,63650000,1
1412321880000,1412321939000,0.87978,0.87984,0.87954,0.87954,92090000,1
1412321940000,1412321999000,0.87954,0.87956,0.87944,0.87946,63700000,1
1412322000000,1412322059000,0.87947,0.87956,0.87943,0.87956,75400000,1
1412322060000,1412322119000,0.87957,0.87957,0.87944,0.87947,58740000,1
1412322120000,1412322179000,0.87947,0.87969,0.87947,0.8796,83280000,1
1412322180000,1412322239000,0.87962,0.87962,0.8795,0.87955,63530000,1
1412322240000,1412322299000,0.87955,0.87959,0.87948,0.87952,48460000,1
1412322300000,1412322359000,0.87954,0.87954,0.87947,0.8795,20900000,1
1412322360000,1412322419000,0.87946,0.87955,0.8793,0.87952,68750000,1
1412322420000,1412322479000,0.87952,0.87954,0.87939,0.87939,38490000,1
1412322480000,1412322539000,0.87941,0.87943,0.8793,0.87943,57500000,1
1412322540000,1412322599000,0.87942,0.87945,0.87933,0.87935,58630000,1
1412322600000,1412322659000,0.87933,0.87945,0.87933,0.87943,65260000,1
1412322660000,1412322719000,0.87943,0.87949,0.87933,0.87935,47540000,1
1412322720000,1412322779000,0.87934,0.87934,0.87923,0.87925,47380000,1
1412322780000,1412322839000,0.87923,0.87925,0.87902,0.87902,64080000,1
1412322840000,1412322899000,0.879,0.87918,0.879,0.87912,96750000,1
1412322900000,1412322959000,0.87912,0.87916,0.87908,0.87908,34480000,1
1412322960000,1412323019000,0.87908,0.87908,0.87903,0.87904,27850000,1
1412323020000,1412323079000,0.87905,0.87905,0.87879,0.87881,63860000,1
1412323080000,1412323139000,0.87881,0.87895,0.87867,0.87867,103290000,1
1412323140000,1412323199000,0.87867,0.87868,0.87859,0.87866,56040000,1
1412323200000,1412323259000,0.87865,0.87866,0.87818,0.87818,64330000,1
1412323260000,1412323319000,0.87816,0.87844,0.87816,0.87821,141080000,1
1412323320000,1412323379000,0.87819,0.87822,0.87798,0.87817,107590000,1
1412323380000,1412323439000,0.87817,0.8783,0.87817,0.8783,97660000,1
1412323440000,1412323499000,0.8783,0.8785,0.8783,0.8785,62700000,1
1412323500000,1412323559000,0.87852,0.87855,0.87847,0.87849,76730000,1
1412323560000,1412323619000,0.87849,0.8785,0.87842,0.87842,53160000,1
1412323620000,1412323679000,0.87843,0.87863,0.87843,0.87862,31540000,1
1412323680000,1412323739000,0.87865,0.87874,0.87865,0.87866,56830000,1
1412323740000,1412323799000,0.87866,0.87869,0.87856,0.87862,61240000,1
1412323800000,1412323859000,0.87862,0.87862,0.87852,0.87852,66060000,1
1412323860000,1412323919000,0.87852,0.87862,0.87852,0.87856,45610000,1
1412323920000,1412323979000,0.87858,0.87867,0.87853,0.87855,48120000,1
1412323980000,1412324039000,0.87855,0.87855,0.87831,0.87832,24280000,1
1412324040000,1412324099000,0.87832,0.87833,0.87828,0.8783,30120000,1
1412324100000,1412324159000,0.87831,0.87846,0.87827,0.87844,31650000,1
1412324160000,1412324219000,0.87844,0.87855,0.87844,0.87854,65810000,1
1412324220000,1412324279000,0.87855,0.87864,0.87855,0.87857,51730000,1
1412324280000,1412324339000,0.87856,0.87865,0.87855,0.87863,50220000,1
1412324340000,1412324399000,0.87863,0.87865,0.87846,0.87846,84550000,1
1412324400000,1412324459000,0.87846,0.87846,0.87842,0.87844,21930000,1
1412324460000,1412324519000,0.87843,0.8787,0.87843,0.8787,79850000,1
1412324520000,1412324579000,0.87868,0.87868,0.87863,0.87867,47420000,1
1412324580000,1412324639000,0.87871,0.87878,0.87867,0.87869,45560000,1
1412324640000,1412324699000,0.87867,0.87881,0.87862,0.87881,65140000,1
1412324700000,1412324759000,0.87883,0.87887,0.87862,0.87863,76030000,1
1412324760000,1412324819000,0.87864,0.87866,0.87861,0.87863,44910000,1
1412324820000,1412324879000,0.87862,0.87865,0.87852,0.87852,57640000,1
1412324880000,1412324939000,0.87853,0.87853,0.8785,0.87851,45980000,1
1412324940000,1412324999000,0.87851,0.87851,0.87847,0.87851,37640000,1
1412325000000,1412325059000,0.87851,0.87855,0.87851,0.87854,50240000,1
1412325060000,1412325119000,0.87854,0.87855,0.87832,0.87832,56590000,1
1412325120000,1412325179000,0.8783,0.87844,0.8783,0.87844,55540000,1
1412325180000,1412325239000,0.87842,0.87845,0.87837,0.87845,44030000,1
1412325240000,1412325299000,0.87845,0.87845,0.87843,0.87845,16550000,1
1412325300000,1412325359000,0.87844,0.87844,0.87843,0.87844,55390000,1
1412325360000,1412325419000,0.87844,0.87844,0.87827,0.87827,46470000,1
1412325420000,1412325479000,0.87827,0.87827,0.87809,0.87813,66700000,1
1412325480000,1412325539000,0.87811,0.87814,0.87791,0.87791,78270000,1
1412325540000,1412325599000,0.87793,0.87834,0.87791,0.87833,79600000,1
1412325600000,1412325659000,0.87831,0.87831,0.87803,0.87803,82550000,1
1412325660000,1412325719000,0.87804,0.87804,0.87777,0.87781,70890000,1
1412325720000,1412325779000,0.87781,0.87781,0.87765,0.87766,98730000,1
1412325780000,1412325839000,0.87766,0.87773,0.87764,0.8777,72510000,1
1412325840000,1412325899000,0.8777,0.87803,0.87769,0.87803,68050000,1
1412325900000,1412325959000,0.87803,0.87818,0.87801,0.87801,67530000,1
1412325960000,1412326019000,0.87802,0.87805,0.87792,0.87801,124590000,1
1412326020000,1412326079000,0.87801,0.87802,0.87798,0.87801,37940000,1
1412326080000,1412326139000,0.87801,0.87802,0.87782,0.87784,74290000,1
1412326140000,1412326199000,0.87785,0.87785,0.8777,0.8777,75140000,1
1412326200000,1412326259000,0.8777,0.87772,0.87764,0.87764,58010000,1
1412326260000,1412326319000,0.87765,0.87766,0.87753,0.87762,80390000,1
1412326320000,1412326379000,0.87763,0.87785,0.87762,0.87765,79850000,1
1412326380000,1412326439000,0.87762,0.87768,0.87762,0.87766,38430000,1
1412326440000,1412326499000,0.87767,0.87784,0.87765,0.87783,30140000,1
1412326500000,1412326559000,0.87783,0.87795,0.87783,0.87785,68750000,1
1412326560000,1412326619000,0.87782,0.87786,0.87782,0.87785,7100000,1
1412326620000,1412326679000,0.87784,0.87808,0.87784,0.87807,58290000,1
1412326680000,1412326739000,0.87807,0.87831,0.87807,0.87827,63220000,1
1412326740000,1412326799000,0.87828,0.8783,0.87805,0.87806,60200000,1
1412326800000,1412326859000,0.87805,0.87817,0.87805,0.87813,51110000,1
1412326860000,1412326919000,0.87813,0.87813,0.87792,0.87793,25940000,1
1412326920000,1412326979000,0.87793,0.87796,0.87783,0.87793,55520000,1
1412326980000,1412327039000,0.87792,0.87792,0.87782,0.87784,21100000,1
1412327040000,1412327099000,0.87784,0.878,0.87784,0.87789,63300000,1
1412327100000,1412327159000,0.87789,0.87793,0.87784,0.87784,37230000,1
1412327160000,1412327219000,0.87784,0.87787,0.87772,0.87782,53360000,1
1412327220000,1412327279000,0.87782,0.87783,0.87763,0.87763,70060000,1
1412327280000,1412327339000,0.87763,0.8778,0.87759,0.87774,86760000,1
1412327340000,1412327399000,0.87774,0.87786,0.87774,0.87786,49230000,1
1412327400000,1412327459000,0.87785,0.87796,0.87785,0.87796,44380000,1
1412327460000,1412327519000,0.87796,0.87803,0.87791,0.87792,83110000,1
1412327520000,1412327579000,0.87792,0.87792,0.87785,0.87785,61060000,1
1412327580000,1412327639000,0.87785,0.87792,0.87785,0.87785,68530000,1
1412327640000,1412327699000,0.87785,0.87785,0.87771,0.87774,36310000,1
1412327700000,1412327759000,0.87775,0.87795,0.87767,0.87768,138550000,1
1412327760000,1412327819000,0.87768,0.8777,0.87756,0.8777,64520000,1
1412327820000,1412327879000,0.87772,0.87774,0.87772,0.87772,19780000,1
1412327880000,1412327939000,0.87774,0.87775,0.8777,0.8777,44390000,1
1412327940000,1412327999000,0.87769,0.87773,0.87766,0.87769,51090000,1
1412328000000,1412328059000,0.87769,0.87775,0.87769,0.87771,33460000,1
1412328060000,1412328119000,0.87771,0.87774,0.87752,0.87761,71970000,1
1412328120000,1412328179000,0.87764,0.87766,0.87761,0.87764,30210000,1
1412328180000,1412328239000,0.87764,0.87775,0.87762,0.87762,62110000,1
1412328240000,1412328299000,0.87762,0.87765,0.87762,0.87764,16100000,1
1412328300000,1412328359000,0.87764,0.87774,0.87762,0.87771,55560000,1
1412328360000,1412328419000,0.87769,0.87773,0.87769,0.87771,57130000,1
1412328420000,1412328479000,0.87771,0.87771,0.87722,0.87734,82390000,1
1412328480000,1412328539000,0.87734,0.87734,0.87716,0.87717,29220000,1
1412328540000,1412328599000,0.87717,0.8773,0.8769,0.87729,107550000,1
1412328600000,1412328659000,0.87729,0.8773,0.87724,0.87724,46510000,1
1412328660000,1412328719000,0.87723,0.87723,0.87686,0.877,110590000,1
1412328720000,1412328779000,0.877,0.87702,0.87673,0.87674,100700000,1
1412328780000,1412328839000,0.87674,0.87674,0.8765,0.87661,107250000,1
1412328840000,1412328899000,0.87662,0.87685,0.87662,0.87685,55120000,1
1412328900000,1412328959000,0.87683,0.87683,0.87662,0.87669,47910000,1
1412328960000,1412329019000,0.87672,0.87676,0.8767,0.87676,71380000,1
1412329020000,1412329079000,0.87676,0.87682,0.87669,0.87681,81300000,1
1412329080000,1412329139000,0.87681,0.87681,0.87666,0.87666,64260000,1
1412329140000,1412329199000,0.87666,0.87666,0.87652,0.87653,68470000,1
1412329200000,1412329259000,0.87652,0.87673,0.87646,0.87657,127600000,1
1412329260000,1412329319000,0.87658,0.87664,0.87658,0.8766,70770000,1
1412329320000,1412329379000,0.8766,0.87663,0.8766,0.87663,47810000,1
1412329380000,1412329439000,0.87663,0.87663,0.87657,0.87663,33130000,1
1412329440000,1412329499000,0.87663,0.87663,0.87637,0.87637,36270000,1
1412329500000,1412329559000,0.87631,0.87655,0.87618,0.87655,117730000,1
1412329560000,1412329619000,0.87655,0.87656,0.87636,0.87636,27720000,1
1412329620000,1412329679000,0.87636,0.87653,0.87635,0.87649,91400000,1
1412329680000,1412329739000,0.87649,0.87661,0.87649,0.87656,56680000,1
1412329740000,1412329799000,0.87655,0.8766,0.87655,0.87655,34540000,1
1412329800000,1412329859000,0.87655,0.87662,0.87654,0.87655,49440000,1
1412329860000,1412329919000,0.87655,0.87661,0.8765,0.87655,55730000,1
1412329920000,1412329979000,0.87654,0.87663,0.87653,0.87661,57720000,1
1412329980000,1412330039000,0.87659,0.87659,0.87618,0.87618,87190000,1
1412330040000,1412330099000,0.87615,0.87616,0.87605,0.87609,50970000,1
1412330100000,1412330159000,0.87609,0.87625,0.87609,0.87623,26260000,1
1412330160000,1412330219000,0.87621,0.8763,0.87621,0.8763,56290000,1
1412330220000,1412330279000,0.8763,0.87641,0.87627,0.8764,41550000,1
1412330280000,1412330339000,0.8764,0.87642,0.8764,0.87641,23600000,1
1412330340000,1412330399000,0.87641,0.87642,0.87632,0.87632,53130000,1
1412330400000,1412330459000,0.87633,0.87639,0.87624,0.87632,57380000,1
1412330460000,1412330519000,0.87632,0.87641,0.87624,0.87631,103720000,1
1412330520000,1412330579000,0.87631,0.87642,0.87627,0.87627,61800000,1
1412330580000,1412330639000,0.87627,0.87633,0.87627,0.87628,65260000,1
1412330640000,1412330699000,0.87628,0.8763,0.87621,0.87621,44530000,1
1412330700000,1412330759000,0.87621,0.87629,0.8762,0.87628,50200000,1
1412330760000,1412330819000,0.87628,0.8763,0.8761,0.87621,94330000,1
1412330820000,1412330879000,0.87621,0.87638,0.87621,0.87623,73000000,1
1412330880000,1412330939000,0.87623,0.87623,0.87609,0.87613,28590000,1
1412330940000,1412330999000,0.87613,0.87613,0.87592,0.87602,109690000,1
1412331000000,1412331059000,0.87602,0.87625,0.87601,0.87625,75890000,1
1412331060000,1412331119000,0.87627,0.87634,0.87623,0.87623,46390000,1
1412331120000,1412331179000,0.87623,0.87623,0.87607,0.87609,56440000,1
1412331180000,1412331239000,0.87609,0.87611,0.87607,0.87611,44670000,1
1412331240000,1412331299000,0.87611,0.87611,0.87593,0.87601,47380000,1
1412331300000,1412331359000,0.87601,0.87602,0.87572,0.87574,51460000,1
1412331360000,1412331419000,0.87565,0.87569,0.87548,0.87548,104080000,1
1412331420000,1412331479000,0.87549,0.87613,0.87548,0.8761,143020000,1
1412331480000,1412331539000,0.87614,0.87622,0.87611,0.87611,63460000,1
1412331540000,1412331599000,0.87612,0.87614,0.87601,0.87604,54510000,1
1412331600000,1412331659000,0.87603,0.8763,0.87602,0.87624,42010000,1
1412331660000,1412331719000,0.87625,0.87629,0.87607,0.87607,24570000,1
1412331720000,1412331779000,0.87607,0.8761,0.87597,0.8761,66530000,1
1412331780000,1412331839000,0.87609,0.87621,0.87609,0.87617,25690000,1
1412331840000,1412331899000,0.87617,0.87621,0.87617,0.87621,36170000,1
1412331900000,1412331959000,0.8762,0.87621,0.87618,0.87619,51070000,1
1412331960000,1412332019000,0.87619,0.8762,0.87615,0.87615,14360000,1
1412332020000,1412332079000,0.87614,0.87637,0.87614,0.87624,46480000,1
1412332080000,1412332139000,0.87624,0.87626,0.87613,0.87624,58550000,1
1412332140000,1412332199000,0.87624,0.87655,0.87616,0.87642,101890000,1
1412332200000,1412332259000,0.87643,0.87644,0.87626,0.87627,48740000,1
1412332260000,1412332319000,0.87625,0.87651,0.87623,0.87643,90290000,1
1412332320000,1412332379000,0.87643,0.87644,0.87635,0.87638,59740000,1
1412332380000,1412332439000,0.87641,0.87657,0.87641,0.87655,34640000,1
1412332440000,1412332499000,0.87655,0.87662,0.87655,0.87655,47050000,1
1412332500000,1412332559000,0.87655,0.87664,0.87655,0.87664,42650000,1
1412332560000,1412332619000,0.87664,0.87664,0.87664,0.87664,29590000,1
1412332620000,1412332679000,0.87664,0.87668,0.87664,0.87666,39660000,1
1412332680000,1412332739000,0.87666,0.87666,0.8765,0.87653,38770000,1
1412332740000,1412332799000,0.87653,0.87654,0.8765,0.87653,44530000,1
1412332800000,1412332859000,0.87653,0.87654,0.87653,0.87654,25180000,1
1412332860000,1412332919000,0.87655,0.87655,0.87625,0.87626,45190000,1
1412332920000,1412332979000,0.87626,0.87631,0.87621,0.87621,57380000,1
1412332980000,1412333039000,0.87621,0.87624,0.87614,0.87624,33070000,1
1412333040000,1412333099000,0.87623,0.87642,0.87623,0.87633,41090000,1
1412333100000,1412333159000,0.87633,0.87633,0.8761,0.87612,99420000,1
1412333160000,1412333219000,0.87614,0.87629,0.8761,0.87624,84410000,1
1412333220000,1412333279000,0.87624,0.87624,0.87621,0.87623,30970000,1
1412333280000,1412333339000,0.87624,0.87624,0.87621,0.87624,59190000,1
1412333340000,1412333399000,0.87623,0.87624,0.8761,0.87623,40590000,1
1412333400000,1412333459000,0.87623,0.87623,0.8761,0.87614,12960000,1
1412333460000,1412333519000,0.87614,0.87615,0.8761,0.8761,23400000,1
1412333520000,1412333579000,0.8761,0.8761,0.87589,0.87595,60630000,1
1412333580000,1412333639000,0.87595,0.87595,0.87554,0.87554,86140000,1
1412333640000,1412333699000,0.87554,0.87558,0.87552,0.87558,32130000,1
1412333700000,1412333759000,0.87556,0.87573,0.87554,0.87557,49030000,1
1412333760000,1412333819000,0.87555,0.87557,0.87548,0.87557,48860000,1
1412333820000,1412333879000,0.87556,0.87558,0.87548,0.87557,61640000,1
1412333880000,1412333939000,0.87557,0.87557,0.87556,0.87556,28450000,1
1412333940000,1412333999000,0.87556,0.87562,0.87556,0.87562,111190000,1
1412334000000,1412334059000,0.87564,0.8758,0.87564,0.87575,39540000,1
1412334060000,1412334119000,0.87575,0.87583,0.87572,0.8758,63220000,1
1412334120000,1412334179000,0.87583,0.87583,0.87575,0.87578,70720000,1
1412334180000,1412334239000,0.87576,0.8758,0.87574,0.87579,49830000,1
1412334240000,1412334299000,0.87578,0.87585,0.87578,0.87585,51630000,1
1412334300000,1412334359000,0.87585,0.87585,0.87573,0.87575,65000000,1
1412334360000,1412334419000,0.87575,0.87589,0.87575,0.87587,32390000,1
1412334420000,1412334479000,0.87588,0.87599,0.87588,0.87599,39950000,1
1412334480000,1412334539000,0.87599,0.87615,0.87598,0.87615,60440000,1
1412334540000,1412334599000,0.87615,0.87622,0.87606,0.87606,26500000,1
1412334600000,1412334659000,0.87606,0.87606,0.87592,0.87601,50350000,1
1412334660000,1412334719000,0.87599,0.876,0.87581,0.87581,30050000,1
1412334720000,1412334779000,0.87581,0.87581,0.87569,0.87573,35150000,1
1412334780000,1412334839000,0.87571,0.87573,0.8757,0.87573,9000000,1
1412334840000,1412334899000,0.87572,0.87573,0.87572,0.87573,2000000,1
1412334900000,1412334959000,0.87578,0.87602,0.87578,0.87601,67500000,1
1412334960000,1412335019000,0.87601,0.87613,0.87592,0.87612,48770000,1
1412335020000,1412335079000,0.87611,0.87611,0.87582,0.87585,51200000,1
1412335080000,1412335139000,0.87585,0.87585,0.87571,0.87581,49750000,1
1412335140000,1412335199000,0.87581,0.8759,0.87581,0.87584,31450000,1
1412335200000,1412335259000,0.87583,0.87583,0.87582,0.87582,2500000,1
1412335260000,1412335319000,0.87583,0.87583,0.87582,0.87583,25070000,1
1412335320000,1412335379000,0.87583,0.87583,0.87583,0.87583,8080000,1
1412335380000,1412335439000,0.87583,0.87602,0.87583,0.87594,26660000,1
1412335440000,1412335499000,0.87595,0.87598,0.87585,0.87585,16250000,1
1412335500000,1412335559000,0.87585,0.87598,0.87583,0.87592,41810000,1
1412335560000,1412335619000,0.87592,0.87593,0.8758,0.8758,18940000,1
1412335620000,1412335679000,0.8758,0.87587,0.8758,0.87584,14040000,1
1412335680000,1412335739000,0.87586,0.87612,0.87586,0.87612,31510000,1
1412335740000,1412335799000,0.8761,0.87615,0.87605,0.87612,72390000,1
1412335800000,1412335859000,0.87612,0.87615,0.87605,0.87605,29080000,1
1412335860000,1412335919000,0.87605,0.87605,0.87581,0.87586,68510000,1
1412335920000,1412335979000,0.87584,0.87593,0.87582,0.87592,58820000,1
1412335980000,1412336039000,0.87593,0.87594,0.87588,0.87594,24140000,1
1412336040000,1412336099000,0.87594,0.87594,0.87582,0.8759,70120000,1
1412336100000,1412336159000,0.8759,0.8759,0.87573,0.87573,38260000,1
1412336160000,1412336219000,0.87573,0.87576,0.87562,0.87562,35710000,1
1412336220000,1412336279000,0.87563,0.87567,0.87556,0.87556,35740000,1
1412336280000,1412336339000,0.87556,0.87556,0.8755,0.87553,21500000,1
1412336340000,1412336399000,0.87553,0.87553,0.87515,0.87533,81710000,1
1412336400000,1412336459000,0.87532,0.87533,0.8753,0.8753,35510000,1
1412336460000,1412336519000,0.87531,0.87544,0.87531,0.87543,20440000,1
1412336520000,1412336579000,0.87542,0.87556,0.87542,0.87556,38180000,1
1412336580000,1412336639000,0.87557,0.87562,0.87554,0.87556,25920000,1
1412336640000,1412336699000,0.87554,0.87554,0.87532,0.87532,30440000,1
1412336700000,1412336759000,0.87532,0.87535,0.87524,0.87527,41910000,1
1412336760000,1412336819000,0.87527,0.87537,0.87524,0.87524,52490000,1
1412336820000,1412336879000,0.87524,0.87532,0.87524,0.87524,33600000,1
1412336880000,1412336939000,0.87526,0.8754,0.87525,0.87537,21350000,1
1412336940000,1412336999000,0.87536,0.87539,0.87525,0.87531,34620000,1
1412337000000,1412337059000,0.87527,0.87528,0.87523,0.87525,50390000,1
1412337060000,1412337119000,0.87524,0.87524,0.87498,0.87501,52680000,1
1412337120000,1412337179000,0.87501,0.87531,0.875,0.87531,47120000,1
1412337180000,1412337239000,0.87531,0.87535,0.87512,0.87513,30070000,1
1412337240000,1412337299000,0.87514,0.87514,0.87513,0.87514,6070000,1
1412337300000,1412337359000,0.87514,0.87532,0.87513,0.87532,69140000,1
1412337360000,1412337419000,0.8753,0.87534,0.87524,0.87532,61690000,1
1412337420000,1412337479000,0.87534,0.87553,0.87534,0.87553,58930000,1
1412337480000,1412337539000,0.87554,0.87556,0.8754,0.87543,49450000,1
1412337540000,1412337599000,0.87543,0.87543,0.87525,0.8753,30300000,1
1412337600000,1412337659000,0.8753,0.87536,0.87524,0.87524,31660000,1
1412337660000,1412337719000,0.87526,0.87547,0.87523,0.87546,77030000,1
1412337720000,1412337779000,0.87548,0.87557,0.87544,0.87544,93250000,1
1412337780000,1412337839000,0.87544,0.87545,0.87522,0.87543,53670000,1
1412337840000,1412337899000,0.87543,0.87544,0.8753,0.87531,63900000,1
1412337900000,1412337959000,0.87531,0.87531,0.87524,0.87524,12000000,1
1412337960000,1412338019000,0.87525,0.87546,0.87524,0.87535,77740000,1
1412338020000,1412338079000,0.87535,0.87541,0.87534,0.87541,40860000,1
1412338080000,1412338139000,0.87543,0.87546,0.87543,0.87545,35260000,1
1412338140000,1412338199000,0.87544,0.87555,0.87543,0.87549,31220000,1
1412338200000,1412338259000,0.87549,0.87549,0.8753,0.87537,63740000,1
1412338260000,1412338319000,0.87535,0.87537,0.8753,0.8753,34120000,1
1412338320000,1412338379000,0.8753,0.87531,0.8752,0.87523,78050000,1
1412338380000,1412338439000,0.8752,0.87526,0.8752,0.87523,70260000,1
1412338440000,1412338499000,0.87524,0.87524,0.87513,0.87514,34380000,1
1412338500000,1412338559000,0.87513,0.87523,0.87513,0.87517,62230000,1
1412338560000,1412338619000,0.87518,0.87543,0.87518,0.87543,56710000,1
1412338620000,1412338679000,0.87543,0.87548,0.87534,0.87538,107240000,1
1412338680000,1412338739000,0.87538,0.8755,0.87535,0.87549,67830000,1
1412338740000,1412338799000,0.87549,0.87561,0.87546,0.87547,91630000,1
1412338800000,1412338859000,0.87547,0.87551,0.87542,0.87545,77090000,1
1412338860000,1412338919000,0.87545,0.87545,0.87535,0.87535,58250000,1
1412338920000,1412338979000,0.87535,0.87554,0.87535,0.87554,63060000,1
1412338980000,1412339039000,0.87554,0.87603,0.87554,0.87595,112300000,1
1412339040000,1412339099000,0.87594,0.87603,0.87586,0.8759,64940000,1
1412339100000,1412339159000,0.8759,0.8759,0.87571,0.87584,39040000,1
1412339160000,1412339219000,0.87584,0.87598,0.87584,0.87588,40570000,1
1412339220000,1412339279000,0.87589,0.87622,0.87587,0.87622,64250000,1
1412339280000,1412339339000,0.87625,0.87652,0.87625,0.87645,85900000,1
1412339340000,1412339399000,0.87645,0.8765,0.87515,0.87523,255830000,1
1412339400000,1412339459000,0.87523,0.87523,0.87007,0.87041,480490000,1
1412339460000,1412339519000,0.87039,0.87058,0.86998,0.87045,398230000,1
1412339520000,1412339579000,0.8705,0.8715,0.87019,0.87134,425800000,1
1412339580000,1412339639000,0.87136,0.87163,0.87117,0.87143,335640000,1
1412339640000,1412339699000,0.87143,0.87236,0.87143,0.87236,300740000,1
1412339700000,1412339759000,0.87238,0.87288,0.87229,0.87248,271370000,1
1412339760000,1412339819000,0.87245,0.87246,0.87157,0.87208,290340000,1
1412339820000,1412339879000,0.87208,0.87256,0.87192,0.87239,278090000,1
1412339880000,1412339939000,0.87235,0.87286,0.87211,0.87255,238360000,1
1412339940000,1412339999000,0.87252,0.87291,0.87246,0.8726,220650000,1
1412340000000,1412340059000,0.8726,0.87281,0.8721,0.87211,198360000,1
1412340060000,1412340119000,0.8721,0.87223,0.87173,0.87173,209030000,1
1412340120000,1412340179000,0.87173,0.87179,0.87128,0.8713,218770000,1
1412340180000,1412340239000,0.87133,0.87189,0.87114,0.8715,193400000,1
1412340240000,1412340299000,0.87138,0.87153,0.87079,0.87104,248450000,1
1412340300000,1412340359000,0.87103,0.8711,0.87037,0.87058,258090000,1
1412340360000,1412340419000,0.8706,0.87101,0.87022,0.87083,215920000,1
1412340420000,1412340479000,0.87086,0.87099,0.8705,0.8705,221140000,1
1412340480000,1412340539000,0.87048,0.8706,0.87017,0.8705,241450000,1
1412340540000,1412340599000,0.87051,0.87113,0.87051,0.87113,193430000,1
1412340600000,1412340659000,0.87109,0.87113,0.87053,0.87095,134450000,1
1412340660000,1412340719000,0.87095,0.87155,0.87095,0.87146,139950000,1
1412340720000,1412340779000,0.87148,0.87173,0.87122,0.87153,122850000,1
1412340780000,1412340839000,0.87153,0.87161,0.8712,0.8712,113750000,1
1412340840000,1412340899000,0.87118,0.87161,0.87113,0.87132,164820000,1
1412340900000,1412340959000,0.87129,0.87155,0.87117,0.87122,121760000,1
1412340960000,1412341019000,0.87122,0.8714,0.87113,0.8712,133630000,1
1412341020000,1412341079000,0.8712,0.87153,0.87117,0.87151,154490000,1
1412341080000,1412341139000,0.87151,0.87176,0.8714,0.87173,143760000,1
1412341140000,1412341199000,0.87173,0.87213,0.87173,0.87198,153150000,1
1412341200000,1412341259000,0.87197,0.87197,0.87133,0.87133,185120000,1
1412341260000,1412341319000,0.87133,0.87139,0.87103,0.87139,137100000,1
1412341320000,1412341379000,0.8714,0.87163,0.87134,0.87145,106010000,1
1412341380000,1412341439000,0.87148,0.87174,0.87145,0.87174,114470000,1
1412341440000,1412341499000,0.87175,0.87212,0.87174,0.87198,139440000,1
1412341500000,1412341559000,0.87199,0.87231,0.87192,0.87203,169960000,1
1412341560000,1412341619000,0.87203,0.87258,0.87203,0.87254,183440000,1
1412341620000,1412341679000,0.87256,0.87257,0.87212,0.87219,155680000,1
1412341680000,1412341739000,0.87219,0.87219,0.87183,0.87202,182550000,1
1412341740000,1412341799000,0.87202,0.87202,0.87162,0.87171,121590000,1
1412341800000,1412341859000,0.87171,0.87213,0.87171,0.87184,109900000,1
1412341860000,1412341919000,0.87183,0.87193,0.87162,0.87185,94140000,1
1412341920000,1412341979000,0.87185,0.87204,0.87167,0.87199,100460000,1
1412341980000,1412342039000,0.87197,0.87204,0.87182,0.87188,109960000,1
1412342040000,1412342099000,0.87187,0.87189,0.87107,0.87122,181170000,1
1412342100000,1412342159000,0.87122,0.87132,0.87097,0.87117,140560000,1
1412342160000,1412342219000,0.8712,0.87131,0.87097,0.87113,140370000,1
1412342220000,1412342279000,0.87113,0.87113,0.87063,0.87085,155110000,1
1412342280000,1412342339000,0.87085,0.87085,0.87023,0.87026,202070000,1
1412342340000,1412342399000,0.87025,0.87027,0.86914,0.86922,301180000,1
1412342400000,1412342459000,0.86926,0.86971,0.869,0.86908,251670000,1
1412342460000,1412342519000,0.86908,0.86957,0.86906,0.86916,191650000,1
1412342520000,1412342579000,0.86922,0.86922,0.8689,0.86913,186100000,1
1412342580000,1412342639000,0.86913,0.8694,0.86913,0.86932,94720000,1
1412342640000,1412342699000,0.86932,0.8694,0.86885,0.86911,128830000,1
1412342700000,1412342759000,0.86912,0.86912,0.86862,0.86872,130430000,1
1412342760000,1412342819000,0.86872,0.86901,0.86868,0.869,106340000,1
1412342820000,1412342879000,0.86903,0.86951,0.86896,0.86896,153300000,1
1412342880000,1412342939000,0.86895,0.86918,0.86872,0.86905,117100000,1
1412342940000,1412342999000,0.86899,0.86911,0.86867,0.86902,180310000,1
1412343000000,1412343059000,0.86901,0.86913,0.86862,0.86873,198950000,1
1412343060000,1412343119000,0.86869,0.86897,0.86868,0.86884,148340000,1
1412343120000,1412343179000,0.86881,0.86898,0.86873,0.86884,112950000,1
1412343180000,1412343239000,0.86886,0.86923,0.86884,0.86922,122720000,1
1412343240000,1412343299000,0.86922,0.86922,0.86883,0.86904,165050000,1
1412343300000,1412343359000,0.86904,0.86911,0.86903,0.86908,115320000,1
1412343360000,1412343419000,0.86912,0.86958,0.8691,0.86958,146880000,1
1412343420000,1412343479000,0.86958,0.86973,0.86951,0.86972,147380000,1
1412343480000,1412343539000,0.86972,0.86991,0.86962,0.86966,201990000,1
1412343540000,1412343599000,0.86963,0.86986,0.86952,0.86953,147260000,1
1412343600000,1412343659000,0.86953,0.86956,0.86924,0.86931,94880000,1
1412343660000,1412343719000,0.86925,0.86925,0.86896,0.86902,74130000,1
1412343720000,1412343779000,0.86905,0.86923,0.86905,0.86906,83900000,1
1412343780000,1412343839000,0.86906,0.86906,0.8689,0.8689,54570000,1
1412343840000,1412343899000,0.8689,0.86895,0.86863,0.86863,80410000,1
1412343900000,1412343959000,0.86863,0.86866,0.86836,0.86838,92960000,1
1412343960000,1412344019000,0.86838,0.86838,0.86757,0.86766,196650000,1
1412344020000,1412344079000,0.86768,0.86781,0.86736,0.86753,217540000,1
1412344080000,1412344139000,0.86753,0.86761,0.86725,0.86728,201010000,1
1412344140000,1412344199000,0.86728,0.86784,0.86724,0.86773,155400000,1
1412344200000,1412344259000,0.86773,0.86773,0.8674,0.86751,146820000,1
1412344260000,1412344319000,0.86751,0.86805,0.86751,0.86792,162270000,1
1412344320000,1412344379000,0.86792,0.86821,0.86792,0.8682,134230000,1
1412344380000,1412344439000,0.86822,0.86822,0.86785,0.86785,116900000,1
1412344440000,1412344499000,0.86785,0.868,0.86749,0.868,177020000,1
1412344500000,1412344559000,0.868,0.86812,0.86779,0.8681,147090000,1
1412344560000,1412344619000,0.8681,0.86821,0.86805,0.86821,97780000,1
1412344620000,1412344679000,0.86821,0.86848,0.86821,0.86848,107750000,1
1412344680000,1412344739000,0.86848,0.86862,0.86842,0.86845,109530000,1
1412344740000,1412344799000,0.86845,0.86847,0.86795,0.86818,155640000,1
1412344800000,1412344859000,0.86818,0.86818,0.86777,0.86777,157630000,1
1412344860000,1412344919000,0.86777,0.86777,0.86715,0.8675,149120000,1
1412344920000,1412344979000,0.86749,0.86759,0.86728,0.86733,132490000,1
1412344980000,1412345039000,0.86731,0.86777,0.86725,0.86771,130930000,1
1412345040000,1412345099000,0.86771,0.86789,0.86771,0.86786,98880000,1
1412345100000,1412345159000,0.86786,0.86793,0.86784,0.86793,39840000,1
1412345160000,1412345219000,0.86793,0.86816,0.86783,0.86811,106450000,1
1412345220000,1412345279000,0.86811,0.86825,0.86788,0.86791,101140000,1
1412345280000,1412345339000,0.86793,0.86799,0.86749,0.86749,105930000,1
1412345340000,1412345399000,0.86747,0.86756,0.86726,0.86734,102650000,1
1412345400000,1412345459000,0.86734,0.86774,0.8673,0.86772,108530000,1
1412345460000,1412345519000,0.86772,0.86782,0.86738,0.86738,83730000,1
1412345520000,1412345579000,0.86737,0.86743,0.86713,0.86722,141310000,1
1412345580000,1412345639000,0.86723,0.86732,0.86702,0.86704,95940000,1
1412345640000,1412345699000,0.86705,0.86741,0.86705,0.86741,89310000,1
1412345700000,1412345759000,0.86741,0.86796,0.86738,0.86795,164330000,1
1412345760000,1412345819000,0.86795,0.86795,0.86771,0.86773,86070000,1
1412345820000,1412345879000,0.86776,0.86783,0.86747,0.86747,132140000,1
1412345880000,1412345939000,0.86747,0.86748,0.86726,0.86737,129230000,1
1412345940000,1412345999000,0.86737,0.86742,0.86712,0.86736,114340000,1
1412346000000,1412346059000,0.86739,0.86742,0.86713,0.86714,108360000,1
1412346060000,1412346119000,0.86714,0.86738,0.86705,0.86719,143740000,1
1412346120000,1412346179000,0.86719,0.86722,0.86703,0.86715,131660000,1
1412346180000,1412346239000,0.86715,0.86717,0.86666,0.86677,130850000,1
1412346240000,1412346299000,0.8668,0.86704,0.86672,0.86698,149180000,1
1412346300000,1412346359000,0.86696,0.86696,0.86672,0.86686,122370000,1
1412346360000,1412346419000,0.86686,0.86687,0.86613,0.86613,154190000,1
1412346420000,1412346479000,0.86612,0.86638,0.8661,0.86621,153800000,1
1412346480000,1412346539000,0.86619,0.86625,0.865,0.86516,200930000,1
1412346540000,1412346599000,0.86516,0.86549,0.86463,0.86524,376040000,1
1412346600000,1412346659000,0.86525,0.86564,0.86521,0.86547,214520000,1
1412346660000,1412346719000,0.86546,0.86615,0.86543,0.86601,203430000,1
1412346720000,1412346779000,0.86604,0.86605,0.86554,0.86557,134260000,1
1412346780000,1412346839000,0.86558,0.86591,0.86556,0.8658,133260000,1
1412346840000,1412346899000,0.8658,0.86597,0.8658,0.86581,70430000,1
1412346900000,1412346959000,0.86581,0.86581,0.86529,0.86536,134490000,1
1412346960000,1412347019000,0.86536,0.86537,0.86472,0.86496,133860000,1
1412347020000,1412347079000,0.86497,0.86552,0.86492,0.86531,175660000,1
1412347080000,1412347139000,0.86532,0.86555,0.86532,0.86547,103840000,1
1412347140000,1412347199000,0.86545,0.86557,0.86538,0.86541,77080000,1
1412347200000,1412347259000,0.8654,0.86541,0.86517,0.86526,107700000,1
1412347260000,1412347319000,0.86525,0.86529,0.86517,0.86524,78790000,1
1412347320000,1412347379000,0.86524,0.86528,0.86496,0.86501,137910000,1
1412347380000,1412347439000,0.86501,0.86506,0.86425,0.86431,155130000,1
1412347440000,1412347499000,0.86426,0.86461,0.86425,0.86457,175560000,1
1412347500000,1412347559000,0.86458,0.86506,0.86457,0.86468,161380000,1
1412347560000,1412347619000,0.86466,0.86518,0.86457,0.86512,172300000,1
1412347620000,1412347679000,0.86509,0.86513,0.8649,0.8649,82470000,1
1412347680000,1412347739000,0.8649,0.86516,0.86482,0.86499,115940000,1
1412347740000,1412347799000,0.86499,0.86504,0.86478,0.86478,137640000,1
1412347800000,1412347859000,0.86478,0.86488,0.86452,0.86457,59830000,1
1412347860000,1412347919000,0.86459,0.86467,0.86457,0.86465,83750000,1
1412347920000,1412347979000,0.86467,0.86501,0.86467,0.86478,79790000,1
1412347980000,1412348039000,0.86479,0.86484,0.86457,0.86461,68030000,1
1412348040000,1412348099000,0.8646,0.8649,0.86459,0.86486,111300000,1
1412348100000,1412348159000,0.86486,0.86517,0.86477,0.86517,120650000,1
1412348160000,1412348219000,0.86518,0.86542,0.86517,0.86542,160760000,1
1412348220000,1412348279000,0.86542,0.86578,0.86527,0.8657,156250000,1
1412348280000,1412348339000,0.86569,0.86609,0.86567,0.866,155900000,1
1412348340000,1412348399000,0.86599,0.86611,0.86585,0.86602,214280000,1
1412348400000,1412348459000,0.86605,0.86637,0.86602,0.8663,245960000,1
1412348460000,1412348519000,0.86627,0.86664,0.86627,0.86638,173410000,1
1412348520000,1412348579000,0.86637,0.86637,0.86601,0.86606,170890000,1
1412348580000,1412348639000,0.86606,0.86617,0.86596,0.86615,109840000,1
1412348640000,1412348699000,0.86616,0.86658,0.86612,0.86639,131980000,1
1412348700000,1412348759000,0.8664,0.86655,0.86622,0.86655,146090000,1
1412348760000,1412348819000,0.86656,0.8668,0.86651,0.86658,120580000,1
1412348820000,1412348879000,0.86658,0.86693,0.86654,0.86683,175110000,1
1412348880000,1412348939000,0.86683,0.86683,0.86666,0.86668,117280000,1
1412348940000,1412348999000,0.86667,0.86668,0.86635,0.86657,134300000,1
1412349000000,1412349059000,0.86659,0.86666,0.86641,0.86651,106880000,1
1412349060000,1412349119000,0.86654,0.8668,0.86651,0.86673,152940000,1
1412349120000,1412349179000,0.86673,0.86678,0.8665,0.86663,92280000,1
1412349180000,1412349239000,0.86665,0.86679,0.86653,0.86679,90490000,1
1412349240000,1412349299000,0.86681,0.86682,0.8665,0.8666,75970000,1
1412349300000,1412349359000,0.8666,0.86674,0.8665,0.86662,81100000,1
1412349360000,1412349419000,0.86662,0.86677,0.86657,0.86667,66000000,1
1412349420000,1412349479000,0.86667,0.86683,0.86662,0.86683,54080000,1
1412349480000,1412349539000,0.86682,0.86691,0.86679,0.86687,50880000,1
1412349540000,1412349599000,0.86687,0.86718,0.86684,0.86714,121360000,1
1412349600000,1412349659000,0.86713,0.86716,0.86702,0.86707,84780000,1
1412349660000,1412349719000,0.86708,0.86739,0.86693,0.86733,90840000,1
1412349720000,1412349779000,0.86734,0.86737,0.86711,0.86713,91490000,1
1412349780000,1412349839000,0.86712,0.86751,0.8671,0.8675,115340000,1
1412349840000,1412349899000,0.86748,0.86748,0.86738,0.8674,39060000,1
1412349900000,1412349959000,0.86738,0.86742,0.86694,0.8671,103040000,1
1412349960000,1412350019000,0.86712,0.86761,0.86712,0.86761,87330000,1
1412350020000,1412350079000,0.86763,0.86784,0.86761,0.86777,117420000,1
1412350080000,1412350139000,0.86778,0.8678,0.86747,0.86755,82250000,1
1412350140000,1412350199000,0.86757,0.86781,0.86757,0.8678,103110000,1
1412350200000,1412350259000,0.8678,0.86782,0.86745,0.86747,78120000,1
1412350260000,1412350319000,0.86749,0.86756,0.86718,0.86723,90690000,1
1412350320000,1412350379000,0.86723,0.86729,0.8672,0.86723,66270000,1
1412350380000,1412350439000,0.86725,0.8674,0.86723,0.86723,63660000,1
1412350440000,1412350499000,0.86726,0.86738,0.86725,0.86725,58340000,1
1412350500000,1412350559000,0.86725,0.86725,0.86707,0.86724,57750000,1
1412350560000,1412350619000,0.86724,0.86727,0.86714,0.86716,66690000,1
1412350620000,1412350679000,0.86716,0.86728,0.86715,0.86723,43860000,1
1412350680000,1412350739000,0.86723,0.8673,0.86715,0.86726,62800000,1
1412350740000,1412350799000,0.86725,0.86727,0.86705,0.86707,59630000,1
1412350800000,1412350859000,0.86707,0.86707,0.86692,0.86697,75920000,1
1412350860000,1412350919000,0.86697,0.86702,0.86676,0.86702,70550000,1
1412350920000,1412350979000,0.86698,0.86713,0.86697,0.86709,32760000,1
1412350980000,1412351039000,0.8671,0.8671,0.86689,0.86691,43150000,1
1412351040000,1412351099000,0.86694,0.86709,0.86692,0.86707,76550000,1
1412351100000,1412351159000,0.86707,0.86707,0.86692,0.86693,72740000,1
1412351160000,1412351219000,0.86693,0.86696,0.8667,0.86677,75430000,1
1412351220000,1412351279000,0.86677,0.86681,0.8667,0.86677,56290000,1
1412351280000,1412351339000,0.86674,0.86674,0.8666,0.86661,45350000,1
1412351340000,1412351399000,0.86661,0.86667,0.86659,0.86665,50860000,1
1412351400000,1412351459000,0.86666,0.86667,0.86665,0.86666,38190000,1
1412351460000,1412351519000,0.86666,0.8671,0.86665,0.86697,88070000,1
1412351520000,1412351579000,0.86697,0.86717,0.86696,0.86708,80160000,1
1412351580000,1412351639000,0.86708,0.86716,0.86706,0.86707,34090000,1
1412351640000,1412351699000,0.86707,0.86707,0.86685,0.86687,42270000,1
1412351700000,1412351759000,0.86688,0.86721,0.86688,0.86717,49110000,1
1412351760000,1412351819000,0.86718,0.86744,0.86715,0.86735,70000000,1
1412351820000,1412351879000,0.86735,0.86749,0.86735,0.86749,29490000,1
1412351880000,1412351939000,0.86748,0.8675,0.86737,0.86737,39670000,1
1412351940000,1412351999000,0.86737,0.8674,0.86732,0.86737,30790000,1
1412352000000,1412352059000,0.86736,0.86739,0.86704,0.86708,81680000,1
1412352060000,1412352119000,0.86708,0.86708,0.86703,0.86706,39140000,1
1412352120000,1412352179000,0.86706,0.86708,0.86694,0.86697,56670000,1
1412352180000,1412352239000,0.86695,0.86695,0.86676,0.86687,67300000,1
1412352240000,1412352299000,0.86687,0.86687,0.86664,0.86677,81110000,1
1412352300000,1412352359000,0.86676,0.86677,0.86668,0.86668,38360000,1
1412352360000,1412352419000,0.86666,0.8667,0.86657,0.86669,61240000,1
1412352420000,1412352479000,0.86669,0.867,0.86669,0.867,40070000,1
1412352480000,1412352539000,0.867,0.867,0.86682,0.8669,46670000,1
1412352540000,1412352599000,0.86688,0.86701,0.86688,0.867,28100000,1
1412352600000,1412352659000,0.867,0.86709,0.86691,0.86709,55880000,1
1412352660000,1412352719000,0.86709,0.86712,0.86697,0.86697,24500000,1
1412352720000,1412352779000,0.86697,0.86723,0.86694,0.86722,49920000,1
1412352780000,1412352839000,0.86722,0.86731,0.86714,0.86723,48610000,1
1412352840000,1412352899000,0.86722,0.86722,0.86712,0.8672,36070000,1
1412352900000,1412352959000,0.86721,0.8674,0.86721,0.8674,32550000,1
1412352960000,1412353019000,0.86741,0.86753,0.86738,0.86753,16670000,1
1412353020000,1412353079000,0.86757,0.86767,0.86756,0.86762,41360000,1
1412353080000,1412353139000,0.86763,0.86763,0.86752,0.86757,38400000,1
1412353140000,1412353199000,0.86757,0.86757,0.86745,0.86747,55270000,1
1412353200000,1412353259000,0.86747,0.86747,0.86742,0.86742,47500000,1
1412353260000,1412353319000,0.86742,0.8675,0.8674,0.8674,35570000,1
1412353320000,1412353379000,0.8674,0.86741,0.86724,0.86725,41240000,1
1412353380000,1412353439000,0.86725,0.86735,0.86718,0.86733,38720000,1
1412353440000,1412353499000,0.86731,0.86748,0.86725,0.86747,29670000,1
1412353500000,1412353559000,0.86747,0.86763,0.86747,0.86753,32540000,1
1412353560000,1412353619000,0.86753,0.86753,0.86738,0.86738,18320000,1
1412353620000,1412353679000,0.86736,0.86738,0.86732,0.86732,26010000,1
1412353680000,1412353739000,0.86732,0.86732,0.86729,0.86729,13500000,1
1412353740000,1412353799000,0.86729,0.86729,0.86692,0.86692,47750000,1
1412353800000,1412353859000,0.86692,0.86692,0.86677,0.86678,39890000,1
1412353860000,1412353919000,0.86679,0.8669,0.86679,0.8669,21860000,1
1412353920000,1412353979000,0.8669,0.8669,0.86667,0.8667,38790000,1
1412353980000,1412354039000,0.86668,0.86668,0.86655,0.8666,51590000,1
1412354040000,1412354099000,0.8666,0.8666,0.86649,0.86651,50530000,1
1412354100000,1412354159000,0.86653,0.86653,0.86634,0.86634,58910000,1
1412354160000,1412354219000,0.86635,0.86661,0.86632,0.8664,87840000,1
1412354220000,1412354279000,0.86639,0.86669,0.86639,0.86664,41100000,1
1412354280000,1412354339000,0.86662,0.86662,0.86652,0.8666,22000000,1
1412354340000,1412354399000,0.8666,0.86662,0.86656,0.86656,8500000,1
1412354400000,1412354459000,0.86658,0.86682,0.86658,0.86681,26060000,1
1412354460000,1412354519000,0.8668,0.867,0.8668,0.86695,65440000,1
1412354520000,1412354579000,0.86695,0.86695,0.86678,0.86678,39820000,1
1412354580000,1412354639000,0.86678,0.86698,0.86678,0.86698,28720000,1
1412354640000,1412354699000,0.86697,0.86705,0.86694,0.86698,32820000,1
1412354700000,1412354759000,0.86698,0.86711,0.86698,0.86706,45750000,1
1412354760000,1412354819000,0.86708,0.86725,0.86707,0.86722,52000000,1
1412354820000,1412354879000,0.86722,0.86722,0.86713,0.86717,16350000,1
1412354880000,1412354939000,0.86717,0.86717,0.86705,0.86714,34750000,1
1412354940000,1412354999000,0.86714,0.86722,0.86714,0.86717,39250000,1
1412355000000,1412355059000,0.86717,0.86717,0.86712,0.86712,28500000,1
1412355060000,1412355119000,0.86712,0.86717,0.86712,0.86717,13000000,1
1412355120000,1412355179000,0.86717,0.86728,0.86708,0.86708,49900000,1
1412355180000,1412355239000,0.86707,0.86711,0.86707,0.86709,37990000,1
1412355240000,1412355299000,0.86709,0.86722,0.86708,0.8672,29110000,1
1412355300000,1412355359000,0.86723,0.86739,0.86721,0.86734,45890000,1
1412355360000,1412355419000,0.86734,0.86734,0.86711,0.86712,29750000,1
1412355420000,1412355479000,0.86712,0.86712,0.86707,0.86708,18140000,1
1412355480000,1412355539000,0.86708,0.86718,0.86706,0.86711,43900000,1
1412355540000,1412355599000,0.8671,0.86721,0.86705,0.8672,36620000,1
1412355600000,1412355659000,0.8672,0.86727,0.86715,0.8672,51740000,1
1412355660000,1412355719000,0.86719,0.86735,0.86711,0.86734,28080000,1
1412355720000,1412355779000,0.86734,0.86744,0.86733,0.86737,50420000,1
1412355780000,1412355839000,0.86737,0.8674,0.86737,0.86738,21160000,1
1412355840000,1412355899000,0.86738,0.8677,0.86738,0.8676,45650000,1
1412355900000,1412355959000,0.8676,0.8676,0.86742,0.86746,39730000,1
1412355960000,1412356019000,0.86746,0.86746,0.86737,0.86737,36410000,1
1412356020000,1412356079000,0.86737,0.86737,0.86725,0.86725,39890000,1
1412356080000,1412356139000,0.86725,0.86727,0.86725,0.86727,11000000,1
1412356140000,1412356199000,0.86727,0.86728,0.86727,0.86728,8500000,1
1412356200000,1412356259000,0.86727,0.86728,0.86724,0.86728,34890000,1
1412356260000,1412356319000,0.86731,0.86732,0.86724,0.86727,28900000,1
1412356320000,1412356379000,0.86728,0.86747,0.86727,0.86747,33520000,1
1412356380000,1412356439000,0.86748,0.86749,0.86734,0.86735,41000000,1
1412356440000,1412356499000,0.86736,0.86741,0.86736,0.86741,15460000,1
1412356500000,1412356559000,0.86741,0.86774,0.86741,0.86761,99140000,1
1412356560000,1412356619000,0.86761,0.86778,0.86739,0.86751,70250000,1
1412356620000,1412356679000,0.86749,0.8675,0.86745,0.86748,25500000,1
1412356680000,1412356739000,0.86748,0.8675,0.86747,0.8675,5000000,1
1412356740000,1412356799000,0.8675,0.86755,0.8675,0.86754,12500000,1
1412356800000,1412356859000,0.86755,0.86756,0.86752,0.86755,36260000,1
1412356860000,1412356919000,0.86757,0.86759,0.86753,0.86757,24690000,1
1412356920000,1412356979000,0.86759,0.8676,0.86758,0.86758,6750000,1
1412356980000,1412357039000,0.86757,0.8676,0.86752,0.86755,30030000,1
1412357040000,1412357099000,0.86755,0.86757,0.86754,0.86756,15940000,1
1412357100000,1412357159000,0.86756,0.8676,0.86756,0.86757,22530000,1
1412357160000,1412357219000,0.86757,0.86758,0.86751,0.86753,10100000,1
1412357220000,1412357279000,0.86753,0.86756,0.8673,0.8673,43120000,1
1412357280000,1412357339000,0.86732,0.86749,0.86732,0.86748,26150000,1
1412357340000,1412357399000,0.86748,0.86749,0.86747,0.86747,3500000,1
1412357400000,1412357459000,0.86747,0.86755,0.86747,0.8675,22070000,1
1412357460000,1412357519000,0.86751,0.86751,0.86751,0.86751,1000000,1
1412357520000,1412357579000,0.86751,0.86751,0.86741,0.86741,19750000,1
1412357580000,1412357639000,0.86741,0.86741,0.86736,0.86739,19250000,1
1412357640000,1412357699000,0.8674,0.8674,0.8674,0.8674,1000000,1
1412357700000,1412357759000,0.86741,0.86741,0.8674,0.8674,5270000,1
1412357760000,1412357819000,0.8674,0.8674,0.8674,0.8674,1000000,1
1412357820000,1412357879000,0.86737,0.86738,0.86737,0.86737,11960000,1
1412357880000,1412357939000,0.86737,0.86737,0.8673,0.8673,18460000,1
1412357940000,1412357999000,0.8673,0.8673,0.86728,0.86729,10000000,1
1412358000000,1412358059000,0.86729,0.8673,0.86727,0.86727,21840000,1
1412358060000,1412358119000,0.86727,0.86728,0.86727,0.86728,6770000,1
1412358120000,1412358179000,0.86729,0.86743,0.86729,0.86743,14450000,1
1412358180000,1412358239000,0.86743,0.8675,0.86743,0.8675,10640000,1
1412358240000,1412358299000,0.8675,0.86752,0.86744,0.86752,14100000,1
1412358300000,1412358359000,0.86751,0.86751,0.86751,0.86751,1000000,1
1412358360000,1412358419000,0.86749,0.86749,0.86742,0.86743,19500000,1
1412358420000,1412358479000,0.86743,0.86743,0.86742,0.86742,5000000,1
1412358480000,1412358539000,0.86742,0.86742,0.86735,0.86735,20170000,1
1412358540000,1412358599000,0.86735,0.86736,0.86733,0.86734,31210000,1
1412358600000,1412358659000,0.86734,0.86734,0.86733,0.86734,14500000,1
1412358660000,1412358719000,0.86734,0.86734,0.86733,0.86734,14000000,1
1412358720000,1412358779000,0.86734,0.86737,0.86733,0.86736,32950000,1
1412358780000,1412358839000,0.86736,0.86741,0.86735,0.86741,29500000,1
1412358900000,1412358959000,0.86742,0.86749,0.86742,0.86742,21960000,1
1412358960000,1412359019000,0.86743,0.86753,0.86743,0.86753,20340000,1
1412359020000,1412359079000,0.86752,0.86762,0.86752,0.86762,17500000,1
1412359080000,1412359139000,0.8676,0.86772,0.8676,0.86771,20670000,1
1412359140000,1412359199000,0.86772,0.86781,0.8677,0.86781,19540000,1
1412359200000,1412359259000,0.86781,0.86781,0.86774,0.86774,17000000,1
1412359260000,1412359319000,0.86774,0.86774,0.86762,0.86762,38250000,1
1412359320000,1412359379000,0.86761,0.86761,0.86759,0.86759,2000000,1
1412359380000,1412359439000,0.86762,0.86762,0.86762,0.86762,1000000,1
1412359440000,1412359499000,0.86763,0.86769,0.86763,0.86767,26640000,1
1412359500000,1412359559000,0.86767,0.86767,0.86759,0.86759,28590000,1
1412359560000,1412359619000,0.8676,0.86761,0.8676,0.86761,6000000,1
1412359620000,1412359679000,0.86762,0.86762,0.86759,0.8676,10000000,1
1412359680000,1412359739000,0.86761,0.8677,0.86761,0.86766,12830000,1
1412359740000,1412359799000,0.86767,0.8677,0.86761,0.86761,24840000,1
1412359800000,1412359859000,0.86761,0.86761,0.86748,0.86748,28240000,1
1412359860000,1412359919000,0.86748,0.86748,0.8674,0.8674,8500000,1
1412359920000,1412359979000,0.86741,0.86762,0.86741,0.86761,19820000,1
1412359980000,1412360039000,0.86761,0.86771,0.86761,0.86769,8600000,1
1412360040000,1412360099000,0.8677,0.8677,0.86764,0.86764,3500000,1
1412360100000,1412360159000,0.86764,0.86771,0.86764,0.86771,12820000,1
1412360160000,1412360219000,0.86772,0.86778,0.86772,0.86778,5000000,1
1412360220000,1412360279000,0.86778,0.86778,0.86772,0.86772,26500000,1
1412360280000,1412360339000,0.86771,0.86772,0.8677,0.8677,12710000,1
1412360340000,1412360399000,0.8677,0.8677,0.8677,0.8677,3750000,1
1412360400000,1412360459000,0.8677,0.8677,0.86763,0.86766,22460000,1
1412360460000,1412360519000,0.86766,0.86767,0.86764,0.86767,11420000,1
1412360520000,1412360579000,0.86768,0.86772,0.86766,0.8677,12120000,1
1412360580000,1412360639000,0.86771,0.86778,0.86771,0.86777,12820000,1
1412360640000,1412360699000,0.86776,0.86778,0.86776,0.86778,6830000,1
1412360700000,1412360759000,0.86777,0.86778,0.86774,0.86778,8390000,1
1412360760000,1412360819000,0.86777,0.86778,0.86777,0.86777,4250000,1
1412360820000,1412360879000,0.86778,0.86778,0.86778,0.86778,1000000,1
1412360880000,1412360939000,0.86778,0.86778,0.86777,0.86777,3250000,1
1412360940000,1412360999000,0.86778,0.86778,0.86777,0.86777,16810000,1
1412361000000,1412361059000,0.86777,0.86777,0.86775,0.86776,10790000,1
1412361060000,1412361119000,0.86776,0.86777,0.86776,0.86776,7000000,1
1412361120000,1412361179000,0.86776,0.86777,0.86775,0.86775,31400000,1
1412361180000,1412361239000,0.86775,0.86775,0.86764,0.86769,29150000,1
1412361240000,1412361299000,0.86769,0.86769,0.86752,0.86752,24920000,1
1412361300000,1412361359000,0.86751,0.86751,0.86734,0.86741,40540000,1
1412361360000,1412361419000,0.86741,0.86745,0.86737,0.8674,13640000,1
1412361420000,1412361479000,0.8674,0.86741,0.8674,0.86741,3000000,1
1412361480000,1412361539000,0.86739,0.86741,0.86738,0.86738,9000000,1
1412361540000,1412361599000,0.86737,0.86738,0.86737,0.86737,5500000,1
1412361600000,1412361659000,0.86737,0.86746,0.86737,0.86746,38540000,1
1412361660000,1412361719000,0.86747,0.8675,0.86745,0.86749,45530000,1
1412361720000,1412361779000,0.86749,0.86756,0.86748,0.86756,20150000,1
1412361780000,1412361839000,0.86757,0.86757,0.86738,0.86738,54290000,1
1412361840000,1412361899000,0.86737,0.86737,0.86737,0.86737,24500000,1
1412361900000,1412361959000,0.86737,0.86738,0.86737,0.86738,21750000,1
1412361960000,1412362019000,0.86742,0.86747,0.86742,0.86746,18910000,1
1412362020000,1412362079000,0.86746,0.86747,0.86737,0.86737,23000000,1
1412362080000,1412362139000,0.86737,0.86737,0.86737,0.86737,3000000,1
1412362140000,1412362199000,0.86737,0.86738,0.86736,0.86738,12000000,1
1412362200000,1412362259000,0.86738,0.86738,0.86726,0.86728,17070000,1
1412362260000,1412362319000,0.86728,0.86728,0.86717,0.86717,12500000,1
1412362320000,1412362379000,0.86719,0.86723,0.86718,0.86718,8000000,1
1412362380000,1412362439000,0.86718,0.86727,0.86717,0.86717,19100000,1
1412362440000,1412362499000,0.86717,0.86719,0.86717,0.86718,21270000,1
1412362500000,1412362559000,0.86719,0.86722,0.86714,0.86717,25250000,1
1412362560000,1412362619000,0.86717,0.86717,0.86717,0.86717,11000000,1
1412362620000,1412362679000,0.86717,0.86718,0.86717,0.86718,9000000,1
1412362680000,1412362739000,0.8672,0.86723,0.8672,0.86722,5100000,1
1412362740000,1412362799000,0.86722,0.86722,0.8671,0.8671,63670000,1
1412362800000,1412362859000,0.8671,0.86716,0.86709,0.86709,41250000,1
1412362860000,1412362919000,0.86709,0.86717,0.86709,0.86712,20850000,1
1412362920000,1412362979000,0.86712,0.86716,0.86711,0.86716,35070000,1
1412362980000,1412363039000,0.86715,0.86716,0.86711,0.86715,33800000,1
1412363040000,1412363099000,0.86714,0.86715,0.86713,0.86715,4000000,1
1412363100000,1412363159000,0.86714,0.86714,0.86697,0.86697,34570000,1
1412363160000,1412363219000,0.86697,0.86698,0.86697,0.86698,38000000,1
1412363220000,1412363279000,0.86698,0.86698,0.86673,0.86676,48350000,1
1412363280000,1412363339000,0.86676,0.86679,0.86673,0.86678,9720000,1
1412363340000,1412363399000,0.8668,0.86681,0.86654,0.86656,38000000,1
1412363400000,1412363459000,0.86658,0.8666,0.86654,0.86656,32570000,1
1412363460000,1412363519000,0.86655,0.86659,0.86654,0.86658,18070000,1
1412363520000,1412363579000,0.86657,0.8666,0.86657,0.86659,10000000,1
1412363580000,1412363639000,0.86661,0.86669,0.86659,0.86667,29500000,1
1412363640000,1412363699000,0.86668,0.8667,0.86667,0.86668,24750000,1
1412363700000,1412363759000,0.86667,0.86668,0.86666,0.86666,55300000,1
1412363760000,1412363819000,0.86666,0.86668,0.86653,0.86654,32090000,1
1412363820000,1412363879000,0.86655,0.8666,0.86655,0.8666,4000000,1
1412363880000,1412363939000,0.86659,0.86659,0.86659,0.86659,1000000,1
1412363940000,1412363999000,0.86658,0.86658,0.86652,0.86658,11850000,1
1412364000000,1412364059000,0.86659,0.86661,0.86658,0.8666,11700000,1
1412364060000,1412364119000,0.86663,0.86669,0.86663,0.86669,12000000,1
1412364120000,1412364179000,0.86669,0.86669,0.86658,0.86658,20000000,1
1412364180000,1412364239000,0.86659,0.86659,0.86658,0.86658,3500000,1
1412364240000,1412364299000,0.86659,0.8666,0.86657,0.86657,16730000,1
1412364300000,1412364359000,0.86658,0.8666,0.86657,0.8666,15230000,1
1412364360000,1412364419000,0.86658,0.86674,0.86658,0.86673,23890000,1
1412364420000,1412364479000,0.86674,0.86674,0.86672,0.86674,16340000,1
1412364480000,1412364539000,0.86673,0.86737,0.86673,0.86735,53710000,1
1412364540000,1412364599000,0.86735,0.86735,0.86707,0.86707,32250000,1
1412364600000,1412364659000,0.86707,0.86707,0.86698,0.86698,21000000,1
1412364660000,1412364719000,0.86696,0.86696,0.86687,0.86687,14500000,1
1412364720000,1412364779000,0.86687,0.86687,0.86687,0.86687,1000000,1
1412364780000,1412364839000,0.86688,0.86688,0.86688,0.86688,1000000,1
1412364840000,1412364899000,0.86686,0.86688,0.86684,0.86688,8190000,1
1412364900000,1412364959000,0.86688,0.86688,0.86687,0.86688,4000000,1
1412364960000,1412365019000,0.86687,0.867,0.86687,0.86697,20030000,1
1412365020000,1412365079000,0.86703,0.86708,0.86703,0.86707,11290000,1
1412365080000,1412365139000,0.86707,0.86711,0.86707,0.86707,39780000,1
1412365140000,1412365199000,0.86707,0.86709,0.86707,0.86708,12990000,1
1412365200000,1412365259000,0.8671,0.86714,0.86707,0.86707,26690000,1
1412365260000,1412365319000,0.86706,0.86717,0.86706,0.86717,17500000,1
1412365320000,1412365379000,0.86718,0.8674,0.86718,0.86738,28340000,1
1412365380000,1412365439000,0.86738,0.8674,0.86724,0.86736,26220000,1
1412365440000,1412365499000,0.86737,0.86737,0.86737,0.86737,1000000,1
1412365500000,1412365559000,0.86737,0.86746,0.86731,0.8674,69340000,1
1412365560000,1412365619000,0.86738,0.86738,0.86724,0.86724,26690000,1
1412365620000,1412365679000,0.86728,0.86737,0.86728,0.86736,24070000,1
1412365680000,1412365739000,0.86736,0.86738,0.86725,0.86738,20410000,1
1412365740000,1412365799000,0.86737,0.86738,0.86735,0.86738,8840000,1
1412365800000,1412365859000,0.86738,0.86744,0.86738,0.86744,10100000,1
1412365860000,1412365919000,0.86746,0.86746,0.86746,0.86746,1000000,1
1412365920000,1412365979000,0.86745,0.86746,0.86743,0.86746,13000000,1
1412365980000,1412366039000,0.86746,0.86746,0.86737,0.86737,12500000,1
1412366040000,1412366099000,0.86737,0.86738,0.86737,0.86737,8000000,1
1412366100000,1412366159000,0.86737,0.86737,0.86736,0.86737,3000000,1
1412366160000,1412366219000,0.86735,0.86736,0.86722,0.86722,22350000,1
1412366220000,1412366279000,0.86722,0.86728,0.86714,0.86728,14950000,1
1412366280000,1412366339000,0.86727,0.86728,0.86725,0.86727,10250000,1
1412366340000,1412366399000,0.86725,0.8673,0.86724,0.86727,38250000,1
1412366400000,1412366459000,0.86729,0.86739,0.86724,0.8673,39990000,1
1412366460000,1412366519000,0.8673,0.86737,0.86729,0.86737,21440000,1
1412366520000,1412366579000,0.86737,0.86737,0.86726,0.86726,48400000,1
1412366580000,1412366639000,0.86726,0.86726,0.86723,0.86725,10000000,1
1412366640000,1412366699000,0.86727,0.8673,0.86722,0.86722,20000000,1
1412366700000,1412366759000,0.8672,0.86721,0.8672,0.8672,7900000,1
1412366760000,1412366819000,0.8672,0.8672,0.86719,0.86719,4000000,1
1412366820000,1412366879000,0.8672,0.8672,0.86719,0.8672,10660000,1
1412366880000,1412366939000,0.8672,0.86725,0.8672,0.86723,28810000,1
1412366940000,1412366999000,0.86723,0.86723,0.86723,0.86723,18300000,1
1412367000000,1412367059000,0.86723,0.86725,0.86719,0.86719,44560000,1
1412367060000,1412367119000,0.86719,0.86723,0.86718,0.86723,12940000,1
1412367120000,1412367179000,0.86722,0.86722,0.86721,0.86721,5000000,1
1412367180000,1412367239000,0.8672,0.86723,0.86717,0.86722,12340000,1
1412367240000,1412367299000,0.86722,0.86745,0.86722,0.86745,17470000,1
1412367300000,1412367359000,0.86745,0.86745,0.86744,0.86744,2000000,1
1412367360000,1412367419000,0.86744,0.86753,0.86744,0.86753,23860000,1
1412367420000,1412367479000,0.86754,0.86755,0.86752,0.86753,19820000,1
1412367480000,1412367539000,0.8675,0.86751,0.8675,0.86751,5240000,1
1412367540000,1412367599000,0.8675,0.86752,0.8675,0.8675,5570000,1
1412367600000,1412367659000,0.8675,0.8675,0.86741,0.86741,9640000,1
1412367660000,1412367719000,0.86741,0.86741,0.86717,0.86721,34240000,1
1412367720000,1412367779000,0.8672,0.8672,0.867,0.867,20990000,1
1412367780000,1412367839000,0.86697,0.86701,0.86694,0.86701,14310000,1
1412367840000,1412367899000,0.86702,0.86708,0.86702,0.86704,8510000,1
1412367900000,1412367959000,0.86704,0.86709,0.86702,0.86708,10760000,1
1412367960000,1412368019000,0.86708,0.86708,0.86703,0.86703,15340000,1
1412368020000,1412368079000,0.86702,0.86702,0.86701,0.86701,3000000,1
1412368080000,1412368139000,0.86701,0.86701,0.86693,0.86693,12320000,1
1412368140000,1412368199000,0.86692,0.86692,0.86691,0.86691,7790000,1
1412368200000,1412368259000,0.86691,0.86694,0.86691,0.86694,2000000,1
1412368260000,1412368319000,0.86695,0.86697,0.8669,0.8669,11500000,1
1412368320000,1412368379000,0.86691,0.86692,0.8669,0.86691,18010000,1
1412368380000,1412368439000,0.86694,0.86695,0.86694,0.86695,2000000,1
1412368440000,1412368499000,0.86693,0.86694,0.86691,0.86693,9000000,1
1412368500000,1412368559000,0.86696,0.86696,0.86695,0.86695,2000000,1
1412368560000,1412368619000,0.86695,0.86695,0.86695,0.86695,1000000,1
1412368620000,1412368679000,0.86694,0.86698,0.86694,0.86698,8500000,1
1412368680000,1412368739000,0.86698,0.86699,0.86697,0.86698,7500000,1
1412368740000,1412368799000,0.86699,0.86703,0.86699,0.86699,13440000,1
1412368800000,1412368859000,0.867,0.86703,0.867,0.86703,5500000,1
1412368860000,1412368919000,0.86705,0.8674,0.86705,0.8674,31940000,1
1412368920000,1412368979000,0.8674,0.86748,0.86736,0.86737,31000000,1
1412368980000,1412369039000,0.86737,0.86738,0.86733,0.86735,36000000,1
1412369040000,1412369099000,0.86735,0.86744,0.86726,0.86744,34980000,1
1412369100000,1412369159000,0.86744,0.86765,0.86741,0.8676,58250000,1
1412369160000,1412369219000,0.8676,0.8676,0.86747,0.86747,12500000,1
1412369220000,1412369279000,0.86747,0.86748,0.86726,0.8673,19500000,1
1412369280000,1412369339000,0.86732,0.86732,0.86732,0.86732,1000000,1
1412369340000,1412369399000,0.86732,0.86732,0.8672,0.8672,15000000,1
1412369400000,1412369459000,0.86721,0.86723,0.86719,0.86723,10500000,1
1412369460000,1412369519000,0.86723,0.86726,0.86723,0.86724,13000000,1
1412369520000,1412369579000,0.86724,0.8673,0.86724,0.8673,11000000,1
1412369580000,1412369639000,0.86729,0.8675,0.86729,0.8675,29000000,1
1412369640000,1412369699000,0.86749,0.8675,0.86741,0.8675,16500000,1
1412369700000,1412369759000,0.86751,0.86767,0.86748,0.86767,32500000,1
1412369760000,1412369819000,0.86766,0.86766,0.86762,0.86762,6000000,1
1412369820000,1412369879000,0.86762,0.86762,0.86755,0.86755,20000000,1
1412369880000,1412369939000,0.86741,0.86744,0.8673,0.86743,95300000,1
1412369940000,1412369999000,0.86742,0.86752,0.8669,0.86709,32750000,1
1412542800000,1412542859000,0.8674,0.86761,0.8674,0.86761,600000,1
1412542860000,1412542919000,0.86762,0.86762,0.86762,0.86762,100000,1
1412542920000,1412542979000,0.8676,0.8676,0.8675,0.8675,200000,1
1412542980000,1412543039000,0.8675,0.8675,0.86748,0.86749,350000,1
1412543040000,1412543099000,0.86739,0.8674,0.86739,0.8674,4000000,1
1412543100000,1412543159000,0.86739,0.8675,0.86739,0.8675,30180000,1
1412543160000,1412543219000,0.86749,0.86749,0.86748,0.86748,5390000,1
1412543220000,1412543279000,0.86748,0.86748,0.86734,0.86734,37740000,1
1412543280000,1412543339000,0.86742,0.86743,0.86742,0.86742,18260000,1
1412543340000,1412543399000,0.86743,0.86743,0.86742,0.86743,18830000,1
1412543400000,1412543459000,0.86743,0.86745,0.86743,0.86745,9990000,1
1412543460000,1412543519000,0.86745,0.86745,0.86744,0.86745,4600000,1
1412543520000,1412543579000,0.86747,0.86766,0.86746,0.86765,12820000,1
1412543580000,1412543639000,0.86765,0.86766,0.86763,0.86763,7000000,1
1412543640000,1412543699000,0.86763,0.86763,0.8675,0.86755,14500000,1
1412543700000,1412543759000,0.8675,0.86751,0.86729,0.86734,14840000,1
1412543760000,1412543819000,0.86747,0.86747,0.8674,0.86742,9940000,1
1412543880000,1412543939000,0.86743,0.86743,0.86742,0.86743,3500000,1
1412543940000,1412543999000,0.86742,0.86753,0.86728,0.86728,9150000,1
1412544000000,1412544059000,0.86728,0.86729,0.86727,0.86728,18700000,1
1412544060000,1412544119000,0.86728,0.86729,0.86728,0.86728,8820000,1
1412544120000,1412544179000,0.86728,0.86729,0.86728,0.86729,5650000,1
1412544180000,1412544239000,0.86728,0.86729,0.86728,0.86729,4970000,1
1412544240000,1412544299000,0.86728,0.86728,0.86727,0.86727,8140000,1
1412544300000,1412544359000,0.86728,0.86728,0.86728,0.86728,2150000,1
1412544360000,1412544419000,0.86727,0.86728,0.86727,0.86728,4000000,1
1412544480000,1412544539000,0.86728,0.86728,0.86728,0.86728,2500000,1
1412544540000,1412544599000,0.86729,0.86729,0.8672,0.86723,24330000,1
1412544600000,1412544659000,0.86723,0.86724,0.86722,0.86722,18140000,1
1412544660000,1412544719000,0.86722,0.86722,0.86716,0.86716,12670000,1
1412544720000,1412544779000,0.86716,0.86716,0.86686,0.86688,23040000,1
1412544780000,1412544839000,0.86696,0.86705,0.86696,0.86705,10720000,1
1412544840000,1412544899000,0.86705,0.86705,0.86704,0.86705,13560000,1
1412544900000,1412544959000,0.86704,0.86704,0.86695,0.86695,7420000,1
1412544960000,1412545019000,0.86692,0.86704,0.86685,0.86704,48420000,1
1412545020000,1412545079000,0.86705,0.86705,0.86705,0.86705,2320000,1
1412545080000,1412545139000,0.86705,0.86705,0.86701,0.86703,60320000,1
1412545140000,1412545199000,0.86702,0.86705,0.86701,0.86705,23030000,1
1412545200000,1412545259000,0.86702,0.8672,0.86701,0.86706,31320000,1
1412545260000,1412545319000,0.86704,0.86721,0.86704,0.86721,8000000,1
1412545320000,1412545379000,0.8672,0.86735,0.867,0.86709,20820000,1
1412545380000,1412545439000,0.86706,0.86706,0.86701,0.86702,9280000,1
1412545440000,1412545499000,0.867,0.867,0.867,0.867,4220000,1
1412545500000,1412545559000,0.867,0.86701,0.867,0.86701,5270000,1
1412545560000,1412545619000,0.86701,0.86701,0.867,0.867,7950000,1
1412545620000,1412545679000,0.86685,0.86685,0.86667,0.8668,55780000,1
1412545680000,1412545739000,0.86681,0.86686,0.86681,0.86682,16640000,1
1412545740000,1412545799000,0.86693,0.86698,0.86683,0.86697,11690000,1
1412545800000,1412545859000,0.86697,0.86698,0.86697,0.86698,5100000,1
1412545860000,1412545919000,0.86697,0.86698,0.86697,0.86698,2500000,1
1412545920000,1412545979000,0.86697,0.86698,0.86697,0.86697,11000000,1
1412545980000,1412546039000,0.86698,0.86698,0.86697,0.86697,9770000,1
1412546040000,1412546099000,0.86697,0.86698,0.86697,0.86698,3070000,1
1412546100000,1412546159000,0.86697,0.86697,0.86697,0.86697,3650000,1
1412546160000,1412546219000,0.86697,0.86703,0.86697,0.86699,5640000,1
1412546220000,1412546279000,0.86703,0.8671,0.86692,0.86709,41850000,1
1412546280000,1412546339000,0.86708,0.86753,0.86708,0.86744,39760000,1
1412546340000,1412546399000,0.86741,0.8676,0.86741,0.86759,5270000,1
1412546400000,1412546459000,0.86764,0.86768,0.86741,0.86765,21670000,1
1412546460000,1412546519000,0.86765,0.86783,0.8676,0.86771,39490000,1
1412546520000,1412546579000,0.86772,0.86777,0.86772,0.86777,8220000,1
1412546580000,1412546639000,0.86776,0.86777,0.86766,0.86767,15670000,1
1412546640000,1412546699000,0.86767,0.8677,0.86762,0.8677,32250000,1
1412546700000,1412546759000,0.86768,0.86768,0.86717,0.86723,94000000,1
1412546760000,1412546819000,0.86724,0.86741,0.86707,0.86707,76760000,1
1412546820000,1412546879000,0.86707,0.86713,0.86707,0.86708,17520000,1
1412546880000,1412546939000,0.86707,0.86721,0.86707,0.86717,42270000,1
1412546940000,1412546999000,0.8672,0.8674,0.8672,0.8674,23470000,1
1412547000000,1412547059000,0.86742,0.86744,0.86737,0.86743,9000000,1
1412547060000,1412547119000,0.86743,0.86745,0.86743,0.86744,12500000,1
1412547120000,1412547179000,0.86742,0.86742,0.86734,0.86739,17000000,1
1412547180000,1412547239000,0.86739,0.86739,0.86732,0.86732,20500000,1
1412547240000,1412547299000,0.86731,0.86731,0.86722,0.86722,8500000,1
1412547300000,1412547359000,0.86722,0.86729,0.86722,0.86723,30000000,1
1412547360000,1412547419000,0.86722,0.86722,0.86722,0.86722,26500000,1
1412547420000,1412547479000,0.86722,0.86727,0.86699,0.86711,49450000,1
1412547480000,1412547539000,0.86711,0.86712,0.86703,0.86705,43650000,1
1412547540000,1412547599000,0.86702,0.86702,0.86683,0.86683,37340000,1
1412547600000,1412547659000,0.86683,0.86685,0.86677,0.86681,16500000,1
1412547660000,1412547719000,0.86679,0.86679,0.86677,0.86677,2500000,1
1412547720000,1412547779000,0.86679,0.86679,0.86667,0.8667,10500000,1
1412547780000,1412547839000,0.86669,0.86669,0.86663,0.86669,15500000,1
1412547840000,1412547899000,0.8667,0.86671,0.86667,0.86667,10500000,1
1412547900000,1412547959000,0.86668,0.86668,0.86645,0.86647,39500000,1
1412547960000,1412548019000,0.86647,0.86647,0.86646,0.86646,2500000,1
1412548020000,1412548079000,0.86649,0.86656,0.86649,0.86656,5500000,1
1412548080000,1412548139000,0.86654,0.86663,0.86653,0.86663,15500000,1
1412548140000,1412548199000,0.86664,0.86664,0.86664,0.86664,2000000,1
1412548200000,1412548259000,0.86663,0.86666,0.86663,0.86664,18520000,1
1412548260000,1412548319000,0.86665,0.86668,0.8666,0.8666,11460000,1
1412548320000,1412548379000,0.86659,0.86673,0.86659,0.86673,20460000,1
1412548380000,1412548439000,0.86674,0.8668,0.86674,0.86676,16590000,1
1412548440000,1412548499000,0.86677,0.86687,0.86673,0.86687,21400000,1
1412548500000,1412548559000,0.86686,0.86704,0.86686,0.86704,28500000,1
1412548560000,1412548619000,0.86704,0.86718,0.86704,0.86716,23520000,1
1412548620000,1412548679000,0.86716,0.86716,0.86703,0.86703,12000000,1
1412548680000,1412548739000,0.86703,0.86703,0.86701,0.86701,5500000,1
1412548740000,1412548799000,0.86702,0.86702,0.86695,0.86695,6500000,1
1412548800000,1412548859000,0.86695,0.86695,0.86695,0.86695,3500000,1
1412548860000,1412548919000,0.86696,0.86696,0.86672,0.86672,24250000,1
1412548920000,1412548979000,0.86673,0.86679,0.86637,0.86637,35740000,1
1412548980000,1412549039000,0.86639,0.86669,0.86639,0.86656,53690000,1
1412549040000,1412549099000,0.86655,0.86656,0.86643,0.86643,20570000,1
1412549100000,1412549159000,0.86642,0.86649,0.86638,0.86647,19000000,1
1412549160000,1412549219000,0.86647,0.86647,0.86637,0.86637,14000000,1
1412549220000,1412549279000,0.86636,0.86636,0.8662,0.86624,9500000,1
1412549280000,1412549339000,0.86624,0.86624,0.86621,0.86621,19000000,1
1412549340000,1412549399000,0.86619,0.86622,0.866,0.866,46500000,1
1412549400000,1412549459000,0.86602,0.86603,0.86601,0.86601,7000000,1
1412549460000,1412549519000,0.866,0.866,0.8658,0.8658,30540000,1
1412549520000,1412549579000,0.86581,0.86581,0.86557,0.8656,43650000,1
1412549580000,1412549639000,0.8656,0.86563,0.86547,0.86547,27500000,1
1412549640000,1412549699000,0.86549,0.86553,0.86545,0.86547,42970000,1
1412549700000,1412549759000,0.86548,0.86549,0.86545,0.86549,11000000,1
1412549760000,1412549819000,0.86548,0.8657,0.86545,0.86565,56390000,1
1412549820000,1412549879000,0.86569,0.86589,0.86553,0.86553,93570000,1
1412549880000,1412549939000,0.86552,0.86552,0.86537,0.86537,30320000,1
1412549940000,1412549999000,0.86537,0.86544,0.86525,0.86544,69250000,1
1412550000000,1412550059000,0.86545,0.86598,0.86541,0.86597,53000000,1
1412550060000,1412550119000,0.86595,0.86596,0.86577,0.86577,28750000,1
1412550120000,1412550179000,0.86579,0.86586,0.86574,0.86586,21000000,1
1412550180000,1412550239000,0.86588,0.86599,0.86578,0.86578,39500000,1
1412550240000,1412550299000,0.86578,0.86578,0.86569,0.86569,32000000,1
1412550300000,1412550359000,0.8657,0.86573,0.8657,0.86573,11000000,1
1412550360000,1412550419000,0.86571,0.86573,0.86569,0.86569,11000000,1
1412550420000,1412550479000,0.86568,0.86582,0.86568,0.86582,22500000,1
1412550480000,1412550539000,0.86583,0.86589,0.86583,0.86588,16500000,1
1412550540000,1412550599000,0.86589,0.86589,0.86587,0.86587,10500000,1
1412550600000,1412550659000,0.86585,0.86586,0.86577,0.86585,19000000,1
1412550660000,1412550719000,0.86585,0.86585,0.86585,0.86585,2000000,1
1412550720000,1412550779000,0.86588,0.86589,0.86577,0.86577,15820000,1
1412550780000,1412550839000,0.86575,0.86575,0.86555,0.86559,29000000,1
1412550840000,1412550899000,0.86559,0.86559,0.86545,0.86545,34000000,1
1412550900000,1412550959000,0.86545,0.86549,0.86545,0.86549,15750000,1
1412550960000,1412551019000,0.86549,0.86549,0.86545,0.86546,6000000,1
1412551020000,1412551079000,0.86547,0.8655,0.86545,0.86547,23750000,1
1412551080000,1412551139000,0.86547,0.86548,0.86547,0.86548,2500000,1
1412551140000,1412551199000,0.86547,0.86559,0.86547,0.86558,16250000,1
1412551200000,1412551259000,0.86559,0.86561,0.86558,0.86558,14000000,1
1412551260000,1412551319000,0.86557,0.86557,0.86556,0.86556,6500000,1
1412551320000,1412551379000,0.86556,0.86556,0.86548,0.86548,17000000,1
1412551380000,1412551439000,0.86547,0.86588,0.86547,0.86587,28850000,1
1412551440000,1412551499000,0.86586,0.86605,0.86586,0.86605,7500000,1
1412551500000,1412551559000,0.86604,0.86604,0.86597,0.866,7000000,1
1412551560000,1412551619000,0.86597,0.86605,0.86597,0.86605,13250000,1
1412551620000,1412551679000,0.86604,0.86609,0.86604,0.86607,9750000,1
1412551680000,1412551739000,0.86607,0.86608,0.86607,0.86608,4500000,1
1412551740000,1412551799000,0.86609,0.86641,0.86609,0.86641,39500000,1
1412551800000,1412551859000,0.86641,0.86641,0.86635,0.86637,29500000,1
1412551860000,1412551919000,0.86637,0.86657,0.86627,0.86657,49470000,1
1412551920000,1412551979000,0.86658,0.86666,0.86657,0.86661,54240000,1
1412551980000,1412552039000,0.86661,0.86662,0.86649,0.8665,29250000,1
1412552040000,1412552099000,0.86649,0.86649,0.86634,0.86634,17250000,1
1412552100000,1412552159000,0.86634,0.86641,0.86629,0.86641,32500000,1
1412552160000,1412552219000,0.86642,0.86661,0.86641,0.86658,32750000,1
1412552220000,1412552279000,0.86656,0.86656,0.8665,0.86655,15250000,1
1412552280000,1412552339000,0.86654,0.86666,0.86654,0.86666,12750000,1
1412552340000,1412552399000,0.86666,0.86678,0.86665,0.86678,26250000,1
1412552400000,1412552459000,0.86678,0.86688,0.86673,0.86673,58570000,1
1412552460000,1412552519000,0.86678,0.86678,0.86647,0.86647,34000000,1
1412552520000,1412552579000,0.86648,0.86656,0.86648,0.86656,9820000,1
1412552580000,1412552639000,0.86655,0.86667,0.86654,0.86667,12600000,1
1412552640000,1412552699000,0.86667,0.86667,0.86655,0.86656,13500000,1
1412552700000,1412552759000,0.86655,0.86657,0.86655,0.86656,17140000,1
1412552760000,1412552819000,0.86656,0.86656,0.86623,0.86623,25690000,1
1412552820000,1412552879000,0.86621,0.86621,0.86611,0.86614,16500000,1
1412552880000,1412552939000,0.86614,0.86616,0.86607,0.86614,38870000,1
1412552940000,1412552999000,0.86615,0.86615,0.86611,0.86611,6820000,1
1412553000000,1412553059000,0.86614,0.86618,0.86613,0.86613,22250000,1
1412553060000,1412553119000,0.86613,0.86636,0.86612,0.86636,36000000,1
1412553120000,1412553179000,0.86638,0.86643,0.86638,0.8664,5500000,1
1412553180000,1412553239000,0.86641,0.86641,0.86637,0.86638,16000000,1
1412553240000,1412553299000,0.86637,0.86637,0.86622,0.86625,30320000,1
1412553300000,1412553359000,0.86625,0.86628,0.86625,0.86628,6000000,1
1412553360000,1412553419000,0.86628,0.86628,0.86627,0.86627,2000000,1
1412553420000,1412553479000,0.86627,0.86628,0.86625,0.86628,27250000,1
1412553480000,1412553539000,0.86627,0.86627,0.86614,0.86615,10570000,1
1412553540000,1412553599000,0.86615,0.8662,0.86612,0.86619,20750000,1
1412553600000,1412553659000,0.86621,0.86627,0.86621,0.86627,23480000,1
1412553660000,1412553719000,0.86628,0.86628,0.86626,0.86627,12320000,1
1412553720000,1412553779000,0.86628,0.86665,0.86628,0.86663,72380000,1
1412553780000,1412553839000,0.86668,0.86675,0.86662,0.86673,49880000,1
1412553840000,1412553899000,0.86671,0.86682,0.86671,0.86682,14500000,1
1412553900000,1412553959000,0.86683,0.86697,0.86682,0.86697,21500000,1
1412553960000,1412554019000,0.86695,0.86702,0.86695,0.86698,33500000,1
1412554020000,1412554079000,0.86699,0.86716,0.86697,0.86716,38570000,1
1412554080000,1412554139000,0.86717,0.86726,0.86716,0.8672,48750000,1
1412554140000,1412554199000,0.8672,0.86723,0.86685,0.86685,60010000,1
1412554200000,1412554259000,0.86683,0.86739,0.86678,0.86737,88280000,1
1412554260000,1412554319000,0.86737,0.86774,0.86737,0.86766,79790000,1
1412554320000,1412554379000,0.86767,0.8677,0.86743,0.86745,30220000,1
1412554380000,1412554439000,0.86745,0.86776,0.8674,0.86767,65180000,1
1412554440000,1412554499000,0.86765,0.86767,0.86745,0.8676,54500000,1
1412554500000,1412554559000,0.8676,0.86767,0.86744,0.86766,91990000,1
1412554560000,1412554619000,0.86766,0.86786,0.86758,0.86776,50250000,1
1412554620000,1412554679000,0.86776,0.86779,0.8676,0.86764,46620000,1
1412554680000,1412554739000,0.86764,0.86766,0.86742,0.86745,51490000,1
1412554740000,1412554799000,0.86743,0.86752,0.86737,0.86745,32520000,1
1412554800000,1412554859000,0.86745,0.86746,0.8671,0.86725,86600000,1
1412554860000,1412554919000,0.86725,0.8673,0.86697,0.86697,54180000,1
1412554920000,1412554979000,0.86697,0.86697,0.86691,0.86697,6500000,1
1412554980000,1412555039000,0.86696,0.86706,0.86696,0.86706,22650000,1
1412555040000,1412555099000,0.86706,0.86709,0.86706,0.86707,16000000,1
1412555100000,1412555159000,0.86707,0.86707,0.86682,0.86687,55640000,1
1412555160000,1412555219000,0.86687,0.86706,0.86687,0.86703,46230000,1
1412555220000,1412555279000,0.86704,0.86714,0.86704,0.86714,32520000,1
1412555280000,1412555339000,0.86712,0.86729,0.8671,0.86727,54130000,1
1412555340000,1412555399000,0.86727,0.86727,0.86723,0.86725,29230000,1
1412555400000,1412555459000,0.86725,0.86729,0.86703,0.86706,79230000,1
1412555460000,1412555519000,0.86706,0.86729,0.86691,0.86726,67100000,1
1412555520000,1412555579000,0.86724,0.86747,0.86707,0.86746,77700000,1
1412555580000,1412555639000,0.86745,0.8676,0.86737,0.8676,54900000,1
1412555640000,1412555699000,0.86758,0.86775,0.86756,0.86771,60790000,1
1412555700000,1412555759000,0.8677,0.86772,0.86747,0.86756,34500000,1
1412555760000,1412555819000,0.86754,0.86766,0.86747,0.86765,31000000,1
1412555820000,1412555879000,0.86759,0.86759,0.8673,0.86747,47820000,1
1412555880000,1412555939000,0.86748,0.86748,0.86746,0.86746,14500000,1
1412555940000,1412555999000,0.86746,0.86746,0.86727,0.86727,37010000,1
1412556000000,1412556059000,0.86727,0.86744,0.86725,0.86744,64370000,1
1412556060000,1412556119000,0.86743,0.86757,0.86743,0.86757,37880000,1
1412556120000,1412556179000,0.86757,0.86764,0.86747,0.86747,24930000,1
1412556180000,1412556239000,0.86747,0.86748,0.8674,0.8674,15000000,1
1412556240000,1412556299000,0.86737,0.86745,0.86733,0.86736,15500000,1
1412556300000,1412556359000,0.86738,0.86746,0.86735,0.86746,25940000,1
1412556360000,1412556419000,0.86749,0.8675,0.86746,0.8675,9000000,1
1412556420000,1412556479000,0.86749,0.86806,0.86749,0.86806,51190000,1
1412556480000,1412556539000,0.8681,0.86832,0.86797,0.86797,112940000,1
1412556540000,1412556599000,0.86797,0.86797,0.86785,0.86795,46220000,1
1412556600000,1412556659000,0.86793,0.86796,0.86783,0.86796,32820000,1
1412556660000,1412556719000,0.86796,0.86796,0.86769,0.86769,54510000,1
1412556720000,1412556779000,0.86769,0.86769,0.86759,0.86762,39500000,1
1412556780000,1412556839000,0.86764,0.86787,0.86764,0.86787,33650000,1
1412556840000,1412556899000,0.86784,0.86784,0.86766,0.86768,34340000,1
1412556900000,1412556959000,0.86767,0.86776,0.86762,0.86776,52350000,1
1412556960000,1412557019000,0.86777,0.86785,0.86776,0.86776,38310000,1
1412557020000,1412557079000,0.86776,0.86776,0.86763,0.86766,23000000,1
1412557080000,1412557139000,0.86765,0.86771,0.8676,0.86766,29470000,1
1412557140000,1412557199000,0.86766,0.86766,0.86757,0.86765,21610000,1
1412557200000,1412557259000,0.86765,0.86775,0.86765,0.86775,19000000,1
1412557260000,1412557319000,0.86775,0.86775,0.86763,0.86769,35000000,1
1412557320000,1412557379000,0.86765,0.86776,0.8676,0.86776,30570000,1
1412557380000,1412557439000,0.86776,0.86787,0.86767,0.86774,46610000,1
1412557440000,1412557499000,0.86775,0.86775,0.8676,0.86772,21650000,1
1412557500000,1412557559000,0.8677,0.8677,0.86757,0.86768,46000000,1
1412557560000,1412557619000,0.86769,0.86776,0.86769,0.86775,26750000,1
1412557620000,1412557679000,0.86776,0.86803,0.86776,0.86794,45840000,1
1412557680000,1412557739000,0.86794,0.86811,0.86789,0.86811,66140000,1
1412557740000,1412557799000,0.8681,0.8683,0.868,0.86825,98790000,1
1412557800000,1412557859000,0.86825,0.86836,0.86819,0.86828,50210000,1
1412557860000,1412557919000,0.86828,0.86845,0.86822,0.86845,49380000,1
1412557920000,1412557979000,0.86844,0.8688,0.86838,0.86877,115920000,1
1412557980000,1412558039000,0.86876,0.86885,0.86862,0.86864,76120000,1
1412558040000,1412558099000,0.86864,0.86864,0.86847,0.86847,38730000,1
1412558100000,1412558159000,0.86847,0.86862,0.86839,0.86862,52870000,1
1412558160000,1412558219000,0.86863,0.86886,0.86861,0.86886,76950000,1
1412558220000,1412558279000,0.86885,0.86886,0.86867,0.86875,47150000,1
1412558280000,1412558339000,0.86875,0.86875,0.86865,0.86868,26070000,1
1412558340000,1412558399000,0.86868,0.86868,0.86857,0.86857,15570000,1
1412558400000,1412558459000,0.86858,0.86878,0.86858,0.86878,24270000,1
1412558460000,1412558519000,0.86879,0.86883,0.86867,0.86867,29310000,1
1412558520000,1412558579000,0.8687,0.86892,0.8687,0.86888,42190000,1
1412558580000,1412558639000,0.86887,0.8689,0.86882,0.86888,52970000,1
1412558640000,1412558699000,0.86887,0.86887,0.86887,0.86887,4500000,1
1412558700000,1412558759000,0.86887,0.86887,0.86877,0.86877,27210000,1
1412558760000,1412558819000,0.8688,0.86902,0.86878,0.86897,63220000,1
1412558820000,1412558879000,0.86897,0.8691,0.86896,0.86907,69280000,1
1412558880000,1412558939000,0.86908,0.86911,0.86899,0.86899,29950000,1
1412558940000,1412558999000,0.86899,0.86899,0.86885,0.86886,35540000,1
1412559000000,1412559059000,0.86885,0.86885,0.86876,0.86878,13440000,1
1412559060000,1412559119000,0.86878,0.86878,0.86857,0.86871,44950000,1
1412559120000,1412559179000,0.86872,0.86878,0.86872,0.86875,32500000,1
1412559180000,1412559239000,0.86875,0.86899,0.86875,0.86898,26320000,1
1412559240000,1412559299000,0.86898,0.86898,0.86894,0.86896,25130000,1
1412559300000,1412559359000,0.86897,0.86906,0.8689,0.8689,30320000,1
1412559360000,1412559419000,0.86889,0.869,0.86887,0.86897,33420000,1
1412559420000,1412559479000,0.869,0.86907,0.869,0.86904,13900000,1
1412559480000,1412559539000,0.86904,0.86905,0.86904,0.86904,29000000,1
1412559540000,1412559599000,0.86904,0.86905,0.86897,0.86897,27190000,1
1412559600000,1412559659000,0.86898,0.86898,0.86874,0.86883,49500000,1
1412559660000,1412559719000,0.86884,0.86886,0.86881,0.86886,8000000,1
1412559720000,1412559779000,0.86885,0.86885,0.86867,0.86877,51500000,1
1412559780000,1412559839000,0.86876,0.86876,0.86876,0.86876,1500000,1
1412559840000,1412559899000,0.86878,0.8688,0.86873,0.86876,14250000,1
1412559900000,1412559959000,0.86878,0.86899,0.86878,0.86898,33320000,1
1412559960000,1412560019000,0.86899,0.86906,0.86897,0.86904,44380000,1
1412560020000,1412560079000,0.86904,0.86907,0.869,0.86901,47940000,1
1412560080000,1412560139000,0.869,0.869,0.86897,0.86898,18700000,1
1412560140000,1412560199000,0.86896,0.86896,0.86869,0.86885,52670000,1
1412560200000,1412560259000,0.86885,0.86886,0.86879,0.86879,28070000,1
1412560260000,1412560319000,0.86879,0.86886,0.86869,0.86874,39320000,1
1412560320000,1412560379000,0.86878,0.86894,0.86878,0.86892,56000000,1
1412560380000,1412560439000,0.86892,0.86895,0.86891,0.86891,20500000,1
1412560440000,1412560499000,0.86891,0.86891,0.86868,0.86868,42200000,1
1412560500000,1412560559000,0.86863,0.86863,0.86842,0.86842,60060000,1
1412560560000,1412560619000,0.86842,0.86849,0.86839,0.86844,51390000,1
1412560620000,1412560679000,0.86844,0.86844,0.86818,0.86818,35900000,1
1412560680000,1412560739000,0.86819,0.86824,0.86817,0.86818,34390000,1
1412560740000,1412560799000,0.86818,0.86825,0.86807,0.86817,55310000,1
1412560800000,1412560859000,0.86817,0.86818,0.86806,0.86818,20300000,1
1412560860000,1412560919000,0.86815,0.86838,0.86812,0.86838,28180000,1
1412560920000,1412560979000,0.86833,0.86845,0.86827,0.86829,44110000,1
1412560980000,1412561039000,0.8683,0.86832,0.86817,0.86827,62350000,1
1412561040000,1412561099000,0.8683,0.86846,0.8683,0.86846,15230000,1
1412561100000,1412561159000,0.86845,0.86846,0.86837,0.86846,14700000,1
1412561160000,1412561219000,0.86847,0.86878,0.86847,0.86868,68970000,1
1412561220000,1412561279000,0.8687,0.86884,0.86865,0.86876,65940000,1
1412561280000,1412561339000,0.86874,0.86877,0.86864,0.86875,35140000,1
1412561340000,1412561399000,0.86876,0.86876,0.86857,0.86865,26020000,1
1412561400000,1412561459000,0.86865,0.86866,0.86865,0.86866,5500000,1
1412561460000,1412561519000,0.86869,0.86881,0.86867,0.86878,34900000,1
1412561520000,1412561579000,0.86877,0.86878,0.86857,0.86857,54460000,1
1412561580000,1412561639000,0.86857,0.86857,0.86857,0.86857,6000000,1
1412561640000,1412561699000,0.86857,0.86858,0.86857,0.86858,23500000,1
1412561700000,1412561759000,0.86858,0.8686,0.86857,0.86857,5820000,1
1412561760000,1412561819000,0.86857,0.86857,0.86853,0.86853,13000000,1
1412561820000,1412561879000,0.86855,0.86856,0.86844,0.86846,22140000,1
1412561880000,1412561939000,0.86847,0.86847,0.86847,0.86847,2000000,1
1412561940000,1412561999000,0.86846,0.86846,0.86846,0.86846,12000000,1
1412562000000,1412562059000,0.86846,0.86846,0.86845,0.86845,9000000,1
1412562060000,1412562119000,0.86847,0.86847,0.86843,0.86844,24750000,1
1412562120000,1412562179000,0.86845,0.86845,0.86833,0.86838,18400000,1
1412562180000,1412562239000,0.86837,0.86855,0.86835,0.86855,23940000,1
1412562240000,1412562299000,0.86856,0.86859,0.86851,0.86851,20100000,1
1412562300000,1412562359000,0.8685,0.8686,0.86838,0.86838,42340000,1
1412562360000,1412562419000,0.86838,0.86856,0.86837,0.86848,53990000,1
1412562420000,1412562479000,0.86849,0.86849,0.86845,0.86845,9570000,1
1412562480000,1412562539000,0.86846,0.86855,0.86846,0.86855,13320000,1
1412562540000,1412562599000,0.86854,0.86854,0.86847,0.86848,9820000,1
1412562600000,1412562659000,0.86848,0.86859,0.86848,0.86859,32180000,1
1412562660000,1412562719000,0.8686,0.86871,0.86859,0.86859,59700000,1
1412562720000,1412562779000,0.8686,0.8686,0.8686,0.8686,1000000,1
1412562780000,1412562839000,0.86861,0.86861,0.86852,0.86852,32070000,1
1412562840000,1412562899000,0.86851,0.86851,0.86845,0.86846,18770000,1
1412562900000,1412562959000,0.86846,0.8685,0.86845,0.86847,33700000,1
1412562960000,1412563019000,0.86848,0.86865,0.86848,0.86864,29430000,1
1412563020000,1412563079000,0.86864,0.86867,0.86857,0.86867,30000000,1
1412563080000,1412563139000,0.86868,0.86879,0.86868,0.86875,32290000,1
1412563140000,1412563199000,0.86877,0.86878,0.86868,0.86876,34640000,1
1412563200000,1412563259000,0.86879,0.8689,0.86872,0.86889,28600000,1
1412563260000,1412563319000,0.8689,0.86898,0.86877,0.86878,48560000,1
1412563320000,1412563379000,0.86875,0.86894,0.86875,0.86883,37280000,1
1412563380000,1412563439000,0.86884,0.86886,0.86883,0.86886,8100000,1
1412563440000,1412563499000,0.86887,0.86895,0.86883,0.86895,12070000,1
1412563500000,1412563559000,0.86896,0.86909,0.86896,0.86908,28480000,1
1412563560000,1412563619000,0.86909,0.86916,0.86903,0.86916,31760000,1
1412563620000,1412563679000,0.86917,0.86932,0.86914,0.86932,65920000,1
1412563680000,1412563739000,0.86933,0.86942,0.8693,0.86933,79740000,1
1412563740000,1412563799000,0.86933,0.86937,0.86932,0.86936,42270000,1
1412563800000,1412563859000,0.86936,0.86936,0.86926,0.86926,13950000,1
1412563860000,1412563919000,0.86927,0.86929,0.86927,0.86927,9070000,1
1412563920000,1412563979000,0.86926,0.86926,0.86899,0.86899,28190000,1
1412563980000,1412564039000,0.86898,0.86915,0.86897,0.86906,33390000,1
1412564040000,1412564099000,0.86906,0.86908,0.86902,0.86907,11000000,1
1412564100000,1412564159000,0.86907,0.86933,0.86907,0.86932,43500000,1
1412564160000,1412564219000,0.86932,0.86932,0.86927,0.86927,6070000,1
1412564220000,1412564279000,0.86926,0.86926,0.86918,0.86918,6000000,1
1412564280000,1412564339000,0.86917,0.86917,0.86917,0.86917,1500000,1
1412564340000,1412564399000,0.86917,0.86928,0.86915,0.86928,32320000,1
1412564400000,1412564459000,0.86928,0.86932,0.86927,0.86932,22250000,1
1412564460000,1412564519000,0.86933,0.86944,0.86928,0.86938,37250000,1
1412564520000,1412564579000,0.86938,0.86965,0.86938,0.8696,41120000,1
1412564580000,1412564639000,0.8696,0.86983,0.86951,0.86981,85840000,1
1412564640000,1412564699000,0.86981,0.86994,0.86971,0.86984,98500000,1
1412564700000,1412564759000,0.86982,0.86992,0.86974,0.86974,54200000,1
1412564760000,1412564819000,0.86974,0.86982,0.86974,0.86978,39080000,1
1412564820000,1412564879000,0.86973,0.86978,0.86972,0.86977,15550000,1
1412564880000,1412564939000,0.86978,0.86981,0.86975,0.86979,22500000,1
1412564940000,1412564999000,0.8698,0.86988,0.86978,0.86985,20190000,1
1412565000000,1412565059000,0.86985,0.86996,0.86982,0.86986,61000000,1
1412565060000,1412565119000,0.86985,0.86988,0.86985,0.86988,12690000,1
1412565120000,1412565179000,0.86985,0.86992,0.86974,0.86985,59370000,1
1412565180000,1412565239000,0.86986,0.86988,0.86984,0.86986,18920000,1
1412565240000,1412565299000,0.86983,0.86983,0.86951,0.86975,58760000,1
1412565300000,1412565359000,0.86974,0.86974,0.86957,0.86967,33290000,1
1412565360000,1412565419000,0.86967,0.86967,0.86957,0.86957,16250000,1
1412565420000,1412565479000,0.86957,0.86961,0.86957,0.86961,5670000,1
1412565480000,1412565539000,0.8696,0.86965,0.86957,0.86962,31760000,1
1412565540000,1412565599000,0.8696,0.8696,0.86958,0.86958,6320000,1
1412565600000,1412565659000,0.86957,0.86976,0.86952,0.86967,67540000,1
1412565660000,1412565719000,0.86967,0.86967,0.86947,0.86947,16150000,1
1412565720000,1412565779000,0.86949,0.86957,0.86949,0.8695,44160000,1
1412565780000,1412565839000,0.8695,0.8697,0.86932,0.86968,70030000,1
1412565840000,1412565899000,0.86965,0.86965,0.86948,0.86948,44540000,1
1412565900000,1412565959000,0.86942,0.86962,0.86937,0.86947,78680000,1
1412565960000,1412566019000,0.86947,0.86965,0.86944,0.86948,73140000,1
1412566020000,1412566079000,0.86948,0.86965,0.86935,0.86965,79400000,1
1412566080000,1412566139000,0.86967,0.8697,0.86966,0.86969,46880000,1
1412566140000,1412566199000,0.86969,0.86971,0.86968,0.86969,29460000,1
1412566200000,1412566259000,0.86969,0.86969,0.86958,0.86958,7940000,1
1412566260000,1412566319000,0.86958,0.86958,0.86949,0.86958,25650000,1
1412566320000,1412566379000,0.86957,0.86968,0.86957,0.86968,13510000,1
1412566380000,1412566439000,0.86968,0.86968,0.86967,0.86967,14700000,1
1412566440000,1412566499000,0.86967,0.86968,0.86953,0.86957,37840000,1
1412566500000,1412566559000,0.86957,0.86958,0.86955,0.86958,11400000,1
1412566560000,1412566619000,0.86958,0.86958,0.86947,0.86948,18040000,1
1412566620000,1412566679000,0.86949,0.8696,0.86945,0.86958,37860000,1
1412566680000,1412566739000,0.86957,0.86957,0.86957,0.86957,1500000,1
1412566740000,1412566799000,0.86958,0.86958,0.86944,0.86946,20690000,1
1412566800000,1412566859000,0.86946,0.86946,0.86937,0.86937,5000000,1
1412566860000,1412566919000,0.86937,0.86937,0.86932,0.86936,18410000,1
1412566920000,1412566979000,0.86937,0.86937,0.86934,0.86934,23570000,1
1412566980000,1412567039000,0.86934,0.86937,0.8693,0.86937,25350000,1
1412567040000,1412567099000,0.86937,0.86947,0.86937,0.86946,16120000,1
1412567100000,1412567159000,0.86947,0.86947,0.86946,0.86947,12070000,1
1412567160000,1412567219000,0.86947,0.86947,0.86937,0.86937,10250000,1
1412567220000,1412567279000,0.86937,0.86937,0.8693,0.86937,18230000,1
1412567280000,1412567339000,0.86938,0.86948,0.86937,0.86948,19510000,1
1412567340000,1412567399000,0.86947,0.86957,0.86947,0.86957,33410000,1
1412567400000,1412567459000,0.86956,0.86956,0.86949,0.86949,8250000,1
1412567460000,1412567519000,0.86949,0.86949,0.86947,0.86947,3500000,1
1412567520000,1412567579000,0.86947,0.86957,0.86947,0.86957,29190000,1
1412567580000,1412567639000,0.86956,0.86959,0.86947,0.86948,39710000,1
1412567640000,1412567699000,0.86946,0.86947,0.86938,0.86939,22690000,1
1412567700000,1412567759000,0.86938,0.86938,0.86937,0.86937,15850000,1
1412567820000,1412567879000,0.86937,0.86938,0.8693,0.8693,9450000,1
1412567880000,1412567939000,0.8693,0.86938,0.86929,0.86936,50530000,1
1412567940000,1412567999000,0.86936,0.86936,0.86936,0.86936,1500000,1
1412568000000,1412568059000,0.86937,0.86937,0.86936,0.86936,6320000,1
1412568060000,1412568119000,0.86934,0.86934,0.8692,0.86924,28220000,1
1412568120000,1412568179000,0.86927,0.86938,0.86927,0.86927,30260000,1
1412568180000,1412568239000,0.86928,0.86928,0.86916,0.86918,23520000,1
1412568240000,1412568299000,0.86918,0.86918,0.86909,0.86909,20840000,1
1412568300000,1412568359000,0.8691,0.86929,0.8691,0.86926,36020000,1
1412568360000,1412568419000,0.86927,0.8694,0.86927,0.86937,65280000,1
1412568420000,1412568479000,0.86936,0.86936,0.86918,0.86925,36530000,1
1412568480000,1412568539000,0.86926,0.86926,0.86918,0.86926,29070000,1
1412568540000,1412568599000,0.86925,0.86926,0.86917,0.86926,36590000,1
1412568600000,1412568659000,0.86925,0.86925,0.86901,0.86901,36420000,1
1412568660000,1412568719000,0.86901,0.86919,0.8689,0.86918,80690000,1
1412568720000,1412568779000,0.86918,0.86919,0.86909,0.86909,27800000,1
1412568780000,1412568839000,0.86909,0.8691,0.86908,0.86908,10140000,1
1412568840000,1412568899000,0.86909,0.8691,0.86904,0.86908,21940000,1
1412568900000,1412568959000,0.86907,0.86909,0.86897,0.86897,18000000,1
1412568960000,1412569019000,0.86897,0.86908,0.86894,0.86908,33500000,1
1412569020000,1412569079000,0.86908,0.8691,0.86897,0.86897,18220000,1
1412569080000,1412569139000,0.86897,0.86913,0.86897,0.86908,38330000,1
1412569140000,1412569199000,0.86909,0.86909,0.86908,0.86908,8390000,1
1412569200000,1412569259000,0.86908,0.86908,0.86897,0.86908,46370000,1
1412569260000,1412569319000,0.86907,0.86907,0.86907,0.86907,1500000,1
1412569320000,1412569379000,0.86907,0.86907,0.86906,0.86906,8320000,1
1412569380000,1412569439000,0.86907,0.86907,0.86907,0.86907,1000000,1
1412569440000,1412569499000,0.86906,0.8691,0.86906,0.86907,22620000,1
1412569500000,1412569559000,0.86909,0.86909,0.86901,0.86901,13000000,1
1412569560000,1412569619000,0.869,0.869,0.86899,0.86899,3150000,1
1412569620000,1412569679000,0.86903,0.86905,0.86903,0.86904,21470000,1
1412569680000,1412569739000,0.86904,0.86909,0.86904,0.86907,45780000,1
1412569740000,1412569799000,0.86907,0.86909,0.86902,0.86907,41610000,1
1412569800000,1412569859000,0.86907,0.86911,0.86907,0.8691,16880000,1
1412569860000,1412569919000,0.8691,0.86916,0.8691,0.8691,18510000,1
1412569920000,1412569979000,0.86911,0.86917,0.8691,0.86917,17500000,1
1412569980000,1412570039000,0.86918,0.86926,0.86917,0.8692,15500000,1
1412570040000,1412570099000,0.86922,0.86922,0.86919,0.86921,11860000,1
1412570100000,1412570159000,0.86921,0.86926,0.86914,0.86917,23210000,1
1412570160000,1412570219000,0.86917,0.86921,0.86911,0.86911,32500000,1
1412570220000,1412570279000,0.86913,0.86919,0.8691,0.86916,29070000,1
1412570280000,1412570339000,0.86916,0.86916,0.8691,0.86911,16150000,1
1412570340000,1412570399000,0.86911,0.86911,0.86901,0.86901,14220000,1
1412570400000,1412570459000,0.86899,0.86899,0.86887,0.86896,27730000,1
1412570460000,1412570519000,0.86895,0.86896,0.86891,0.86891,9110000,1
1412570520000,1412570579000,0.86888,0.86888,0.86869,0.86876,59190000,1
1412570580000,1412570639000,0.86878,0.8688,0.86877,0.86878,28140000,1
1412570640000,1412570699000,0.86878,0.86881,0.86871,0.86877,21870000,1
1412570700000,1412570759000,0.86876,0.8688,0.86876,0.86877,11260000,1
1412570760000,1412570819000,0.8688,0.86888,0.8688,0.86881,10600000,1
1412570820000,1412570879000,0.86879,0.8688,0.86879,0.86879,15850000,1
1412570880000,1412570939000,0.8688,0.8688,0.86877,0.86878,6000000,1
1412570940000,1412570999000,0.8688,0.8688,0.86877,0.86879,17890000,1
1412571000000,1412571059000,0.8688,0.8688,0.8687,0.86876,14960000,1
1412571060000,1412571119000,0.86875,0.86875,0.86867,0.86869,33150000,1
1412571120000,1412571179000,0.8687,0.86877,0.86867,0.8687,42050000,1
1412571180000,1412571239000,0.86867,0.86868,0.8686,0.86861,23840000,1
1412571240000,1412571299000,0.86861,0.86867,0.86861,0.86867,10210000,1
1412571300000,1412571359000,0.86867,0.86871,0.86867,0.86867,12500000,1
1412571360000,1412571419000,0.86867,0.86872,0.86867,0.8687,7000000,1
1412571420000,1412571479000,0.8687,0.86881,0.8687,0.86877,44010000,1
1412571480000,1412571539000,0.86879,0.86885,0.86879,0.86881,20140000,1
1412571540000,1412571599000,0.86881,0.86881,0.86879,0.86879,24140000,1
1412571600000,1412571659000,0.86879,0.8688,0.86879,0.86879,46250000,1
1412571660000,1412571719000,0.8688,0.86891,0.8688,0.8689,37490000,1
1412571720000,1412571779000,0.86889,0.86892,0.86889,0.8689,21540000,1
1412571780000,1412571839000,0.8689,0.86891,0.86889,0.86891,13710000,1
1412571840000,1412571899000,0.86889,0.86889,0.86875,0.86876,35680000,1
1412571900000,1412571959000,0.86874,0.86891,0.86872,0.86889,90440000,1
1412571960000,1412572019000,0.86884,0.86884,0.86877,0.86877,30250000,1
1412572020000,1412572079000,0.86877,0.86878,0.86877,0.86878,14580000,1
1412572080000,1412572139000,0.86878,0.8688,0.86878,0.86879,79660000,1
1412572140000,1412572199000,0.86881,0.86883,0.86878,0.86878,100520000,1
1412572200000,1412572259000,0.86877,0.86884,0.86877,0.8688,16490000,1
1412572260000,1412572319000,0.86881,0.86897,0.86881,0.86896,42230000,1
1412572320000,1412572379000,0.86896,0.86925,0.86896,0.86916,61630000,1
1412572380000,1412572439000,0.86918,0.86951,0.86918,0.86947,52650000,1
1412572440000,1412572499000,0.86947,0.86959,0.86934,0.86957,43050000,1
1412572500000,1412572559000,0.86957,0.86957,0.86937,0.86939,46250000,1
1412572560000,1412572619000,0.86939,0.86946,0.86939,0.86942,24070000,1
1412572620000,1412572679000,0.86942,0.86945,0.86927,0.86927,34440000,1
1412572680000,1412572739000,0.86927,0.86928,0.86918,0.86927,28780000,1
1412572740000,1412572799000,0.86927,0.86928,0.86919,0.86926,29770000,1
1412572800000,1412572859000,0.86927,0.86929,0.86918,0.86918,11890000,1
1412572860000,1412572919000,0.86917,0.86945,0.86917,0.86929,61600000,1
1412572920000,1412572979000,0.86929,0.86937,0.86929,0.86937,28350000,1
1412572980000,1412573039000,0.86936,0.86936,0.86923,0.86927,18420000,1
1412573040000,1412573099000,0.86927,0.86928,0.86926,0.86926,6650000,1
1412573100000,1412573159000,0.86926,0.86927,0.86926,0.86927,12760000,1
1412573160000,1412573219000,0.86927,0.86927,0.86927,0.86927,5310000,1
1412573220000,1412573279000,0.86927,0.86928,0.86926,0.86926,5500000,1
1412573280000,1412573339000,0.86926,0.86926,0.8692,0.8692,8000000,1
1412573340000,1412573399000,0.86919,0.8692,0.86919,0.86919,3500000,1
1412573400000,1412573459000,0.86921,0.86929,0.8692,0.86926,22820000,1
1412573460000,1412573519000,0.86926,0.86937,0.86926,0.86936,37140000,1
1412573520000,1412573579000,0.86936,0.8696,0.86936,0.86957,85020000,1
1412573580000,1412573639000,0.86957,0.86957,0.86947,0.86947,59560000,1
1412573640000,1412573699000,0.86948,0.86959,0.86947,0.86947,45280000,1
1412573700000,1412573759000,0.86946,0.86958,0.86944,0.86957,28460000,1
1412573760000,1412573819000,0.86957,0.86959,0.86948,0.86958,17690000,1
1412573820000,1412573879000,0.86957,0.86958,0.86957,0.86958,2000000,1
1412573880000,1412573939000,0.86956,0.86956,0.86939,0.86939,16380000,1
1412573940000,1412573999000,0.8694,0.8694,0.8694,0.8694,1100000,1
1412574000000,1412574059000,0.86939,0.86945,0.86939,0.86945,9240000,1
1412574060000,1412574119000,0.86945,0.86949,0.86941,0.86947,15020000,1
1412574120000,1412574179000,0.86947,0.8695,0.86945,0.86947,39370000,1
1412574180000,1412574239000,0.86947,0.86951,0.86947,0.8695,12570000,1
1412574240000,1412574299000,0.86951,0.86966,0.86951,0.86962,47100000,1
1412574300000,1412574359000,0.86962,0.86962,0.8695,0.86956,31020000,1
1412574360000,1412574419000,0.86957,0.86957,0.86957,0.86957,1000000,1
1412574420000,1412574479000,0.86956,0.86957,0.86951,0.86955,21210000,1
1412574480000,1412574539000,0.86956,0.86957,0.86955,0.86957,35710000,1
1412574540000,1412574599000,0.86955,0.86956,0.86948,0.86953,37350000,1
1412574600000,1412574659000,0.86953,0.86956,0.86948,0.86956,54440000,1
1412574660000,1412574719000,0.86956,0.86956,0.86956,0.86956,5470000,1
1412574720000,1412574779000,0.86956,0.86956,0.86947,0.86948,43150000,1
1412574780000,1412574839000,0.86948,0.8695,0.86947,0.86948,16960000,1
1412574840000,1412574899000,0.86949,0.86949,0.86947,0.86947,11740000,1
1412574900000,1412574959000,0.86947,0.86947,0.86947,0.86947,25320000,1
1412574960000,1412575019000,0.86947,0.86964,0.86946,0.86963,56080000,1
1412575020000,1412575079000,0.86963,0.86973,0.86952,0.86958,59120000,1
1412575080000,1412575139000,0.86957,0.86957,0.86947,0.86947,56410000,1
1412575140000,1412575199000,0.86948,0.86957,0.86948,0.86957,29330000,1
1412575200000,1412575259000,0.86958,0.86964,0.86927,0.86937,66000000,1
1412575260000,1412575319000,0.86938,0.86955,0.86937,0.86954,87630000,1
1412575320000,1412575379000,0.86954,0.86962,0.86947,0.86958,32840000,1
1412575380000,1412575439000,0.86958,0.86965,0.86948,0.86952,60240000,1
1412575440000,1412575499000,0.86952,0.86957,0.8695,0.86957,21750000,1
1412575500000,1412575559000,0.86957,0.86978,0.86957,0.86977,44200000,1
1412575560000,1412575619000,0.86977,0.86978,0.86977,0.86978,24000000,1
1412575620000,1412575679000,0.86978,0.86988,0.86978,0.86988,26790000,1
1412575680000,1412575739000,0.86988,0.87009,0.86988,0.87007,95400000,1
1412575740000,1412575799000,0.87006,0.87033,0.87006,0.8702,98280000,1
1412575800000,1412575859000,0.8702,0.87038,0.87007,0.87038,61360000,1
1412575860000,1412575919000,0.8704,0.8705,0.8702,0.87047,106280000,1
1412575920000,1412575979000,0.87048,0.8705,0.87027,0.87047,58410000,1
1412575980000,1412576039000,0.87047,0.87083,0.87046,0.87077,89590000,1
1412576040000,1412576099000,0.87077,0.87077,0.87057,0.87057,68610000,1
1412576100000,1412576159000,0.87058,0.87069,0.87057,0.87069,75360000,1
1412576160000,1412576219000,0.87068,0.87078,0.87059,0.87065,83920000,1
1412576220000,1412576279000,0.87067,0.87076,0.87048,0.87057,76660000,1
1412576280000,1412576339000,0.87057,0.8707,0.87057,0.87068,54280000,1
1412576340000,1412576399000,0.87065,0.87078,0.8705,0.87076,104240000,1
1412576400000,1412576459000,0.87078,0.87116,0.87077,0.87088,101510000,1
1412576460000,1412576519000,0.87088,0.87108,0.87088,0.87098,114310000,1
1412576520000,1412576579000,0.87096,0.87097,0.8707,0.87096,97070000,1
1412576580000,1412576639000,0.87096,0.8711,0.87089,0.87106,161870000,1
1412576640000,1412576699000,0.87104,0.87104,0.87075,0.87085,68370000,1
1412576700000,1412576759000,0.87085,0.87096,0.87083,0.87096,33820000,1
1412576760000,1412576819000,0.87096,0.871,0.87087,0.87088,47010000,1
1412576820000,1412576879000,0.87088,0.87097,0.87088,0.87097,35450000,1
1412576880000,1412576939000,0.87096,0.87108,0.87096,0.87098,32290000,1
1412576940000,1412576999000,0.87099,0.87103,0.87087,0.87087,72700000,1
1412577000000,1412577059000,0.87087,0.87095,0.87087,0.87095,48600000,1
1412577060000,1412577119000,0.87096,0.87116,0.87096,0.87102,77260000,1
1412577120000,1412577179000,0.87103,0.87115,0.87103,0.87115,81890000,1
1412577180000,1412577239000,0.87115,0.8713,0.87115,0.87128,61110000,1
1412577240000,1412577299000,0.87128,0.87134,0.87107,0.87129,74390000,1
1412577300000,1412577359000,0.87131,0.87133,0.87107,0.87117,59940000,1
1412577360000,1412577419000,0.87117,0.87129,0.87107,0.87118,86010000,1
1412577420000,1412577479000,0.87118,0.87119,0.87115,0.87115,31450000,1
1412577480000,1412577539000,0.87115,0.87125,0.87102,0.87105,53660000,1
1412577540000,1412577599000,0.87105,0.87159,0.87105,0.87145,125090000,1
1412577600000,1412577659000,0.87145,0.87156,0.87137,0.87149,104930000,1
1412577660000,1412577719000,0.87154,0.87191,0.87154,0.87184,145370000,1
1412577720000,1412577779000,0.87185,0.87209,0.87185,0.87185,113670000,1
1412577780000,1412577839000,0.87185,0.87193,0.87185,0.87193,40710000,1
1412577840000,1412577899000,0.87193,0.87207,0.87193,0.87195,54000000,1
1412577900000,1412577959000,0.87195,0.87195,0.87175,0.87191,121100000,1
1412577960000,1412578019000,0.87191,0.87191,0.87177,0.87178,121770000,1
1412578020000,1412578079000,0.87178,0.87194,0.87171,0.87189,109180000,1
1412578080000,1412578139000,0.87189,0.87191,0.87177,0.87191,82710000,1
1412578140000,1412578199000,0.87191,0.87191,0.87162,0.87163,71240000,1
1412578200000,1412578259000,0.87164,0.87174,0.87153,0.87154,61520000,1
1412578260000,1412578319000,0.87154,0.87175,0.87154,0.87172,142840000,1
1412578320000,1412578379000,0.8717,0.87174,0.87154,0.87154,99110000,1
1412578380000,1412578439000,0.87154,0.87176,0.87154,0.87167,94670000,1
1412578440000,1412578499000,0.87167,0.87167,0.87157,0.87167,71470000,1
1412578500000,1412578559000,0.87169,0.87198,0.87169,0.87198,111930000,1
1412578560000,1412578619000,0.87198,0.872,0.87197,0.87197,46640000,1
1412578620000,1412578679000,0.87197,0.87198,0.8719,0.8719,19820000,1
1412578680000,1412578739000,0.8719,0.87194,0.87182,0.87189,104800000,1
1412578740000,1412578799000,0.8719,0.87204,0.8719,0.87196,64070000,1
1412578800000,1412578859000,0.87197,0.87207,0.87197,0.87207,76030000,1
1412578860000,1412578919000,0.87207,0.8722,0.87207,0.87207,161140000,1
1412578920000,1412578979000,0.87207,0.87207,0.87179,0.8718,68040000,1
1412578980000,1412579039000,0.87182,0.87184,0.87178,0.87184,89440000,1
1412579040000,1412579099000,0.87184,0.87186,0.8718,0.8718,68340000,1
1412579100000,1412579159000,0.87177,0.87201,0.87177,0.8719,159570000,1
1412579160000,1412579219000,0.8719,0.872,0.8719,0.87196,139290000,1
1412579220000,1412579279000,0.87197,0.87198,0.87177,0.87185,152190000,1
1412579280000,1412579339000,0.87185,0.87185,0.87175,0.87178,53830000,1
1412579340000,1412579399000,0.87178,0.87178,0.87149,0.87149,106300000,1
1412579400000,1412579459000,0.87149,0.87169,0.87149,0.87167,93330000,1
1412579460000,1412579519000,0.87167,0.87182,0.87167,0.87181,113140000,1
1412579520000,1412579579000,0.87181,0.87181,0.87157,0.87162,99220000,1
1412579580000,1412579639000,0.87162,0.87167,0.87157,0.87167,71700000,1
1412579640000,1412579699000,0.87167,0.87186,0.87163,0.87185,70040000,1
1412579700000,1412579759000,0.87186,0.87217,0.87186,0.87217,165820000,1
1412579760000,1412579819000,0.87218,0.87221,0.87216,0.87217,83210000,1
1412579820000,1412579879000,0.87217,0.8722,0.87207,0.8721,75830000,1
1412579880000,1412579939000,0.8721,0.87215,0.87199,0.87201,58670000,1
1412579940000,1412579999000,0.87201,0.87205,0.87191,0.87205,106830000,1
1412580000000,1412580059000,0.87205,0.87205,0.87186,0.87194,57980000,1
1412580060000,1412580119000,0.87194,0.87203,0.87187,0.87197,77000000,1
1412580120000,1412580179000,0.87197,0.87207,0.87197,0.87206,66690000,1
1412580180000,1412580239000,0.87206,0.87216,0.87206,0.87213,31520000,1
1412580240000,1412580299000,0.87211,0.87215,0.87194,0.87197,81960000,1
1412580300000,1412580359000,0.87197,0.872,0.87184,0.87186,36810000,1
1412580360000,1412580419000,0.87186,0.87213,0.87186,0.87207,40100000,1
1412580420000,1412580479000,0.87207,0.87208,0.87191,0.87208,65810000,1
1412580480000,1412580539000,0.87207,0.87242,0.87207,0.87242,77740000,1
1412580540000,1412580599000,0.87242,0.87249,0.87235,0.87246,81650000,1
1412580600000,1412580659000,0.87247,0.87329,0.87247,0.87307,203900000,1
1412580660000,1412580719000,0.87307,0.87319,0.87292,0.87308,112910000,1
1412580720000,1412580779000,0.8731,0.87328,0.87302,0.87315,157870000,1
1412580780000,1412580839000,0.87309,0.87309,0.87297,0.87305,64380000,1
1412580840000,1412580899000,0.87305,0.87309,0.87275,0.87285,83570000,1
1412580900000,1412580959000,0.87285,0.87315,0.87284,0.87313,157110000,1
1412580960000,1412581019000,0.87313,0.87328,0.87302,0.87306,110280000,1
1412581020000,1412581079000,0.87307,0.87321,0.87307,0.87307,79310000,1
1412581080000,1412581139000,0.87308,0.87308,0.87276,0.87276,35460000,1
1412581140000,1412581199000,0.87276,0.87283,0.87276,0.87277,58790000,1
1412581200000,1412581259000,0.87278,0.87287,0.87263,0.87266,79780000,1
1412581260000,1412581319000,0.87266,0.87266,0.87258,0.87258,45900000,1
1412581320000,1412581379000,0.87258,0.87258,0.87233,0.87238,81260000,1
1412581380000,1412581439000,0.87238,0.87248,0.87237,0.87237,30420000,1
1412581440000,1412581499000,0.87237,0.8726,0.87237,0.87259,35550000,1
1412581500000,1412581559000,0.87259,0.87268,0.87254,0.87256,64800000,1
1412581560000,1412581619000,0.87256,0.87257,0.87227,0.87227,49750000,1
1412581620000,1412581679000,0.87227,0.87236,0.87227,0.87228,44380000,1
1412581680000,1412581739000,0.87228,0.87235,0.87224,0.87227,52930000,1
1412581740000,1412581799000,0.87227,0.87227,0.87208,0.87227,66160000,1
1412581800000,1412581859000,0.87229,0.87237,0.87227,0.87227,36950000,1
1412581860000,1412581919000,0.87227,0.87228,0.87207,0.87207,47350000,1
1412581920000,1412581979000,0.87207,0.87207,0.87206,0.87206,17600000,1
1412581980000,1412582039000,0.87206,0.87219,0.87206,0.87219,52040000,1
1412582040000,1412582099000,0.87219,0.87226,0.87202,0.87209,77750000,1
1412582100000,1412582159000,0.87212,0.87238,0.87212,0.87238,92240000,1
1412582160000,1412582219000,0.87241,0.87255,0.87241,0.87247,48900000,1
1412582220000,1412582279000,0.87247,0.87272,0.87247,0.8726,71030000,1
1412582280000,1412582339000,0.87258,0.87294,0.87257,0.87277,107850000,1
1412582340000,1412582399000,0.8728,0.873,0.87277,0.87291,66070000,1
1412582400000,1412582459000,0.87293,0.873,0.87283,0.87293,87760000,1
1412582460000,1412582519000,0.87293,0.87305,0.87287,0.87287,69510000,1
1412582520000,1412582579000,0.87287,0.87287,0.87243,0.87243,82940000,1
1412582580000,1412582639000,0.87244,0.87248,0.87228,0.87246,63410000,1
1412582640000,1412582699000,0.87246,0.87251,0.87246,0.87247,43610000,1
1412582700000,1412582759000,0.87247,0.87257,0.8724,0.87257,55240000,1
1412582760000,1412582819000,0.87258,0.87285,0.87258,0.87283,78360000,1
1412582820000,1412582879000,0.87277,0.87278,0.87267,0.87267,28250000,1
1412582880000,1412582939000,0.87267,0.8728,0.87254,0.87257,43270000,1
1412582940000,1412582999000,0.87257,0.87259,0.8724,0.87252,94920000,1
1412583000000,1412583059000,0.87252,0.87267,0.87237,0.87259,111450000,1
1412583060000,1412583119000,0.87262,0.87267,0.87257,0.87258,43820000,1
1412583120000,1412583179000,0.87257,0.87269,0.87257,0.87269,43380000,1
1412583180000,1412583239000,0.87269,0.87269,0.87252,0.87266,63090000,1
1412583240000,1412583299000,0.87266,0.87266,0.87256,0.87258,21250000,1
1412583300000,1412583359000,0.87258,0.87258,0.87238,0.87238,23200000,1
1412583360000,1412583419000,0.87238,0.87256,0.87237,0.87256,49330000,1
1412583420000,1412583479000,0.87256,0.87256,0.87247,0.87247,62300000,1
1412583480000,1412583539000,0.87247,0.87257,0.87237,0.87237,47290000,1
1412583540000,1412583599000,0.87237,0.87245,0.87228,0.87245,19080000,1
1412583600000,1412583659000,0.87245,0.87257,0.8724,0.87257,63610000,1
1412583660000,1412583719000,0.87257,0.87257,0.87238,0.87248,100770000,1
1412583720000,1412583779000,0.87249,0.87257,0.87236,0.87237,61660000,1
1412583780000,1412583839000,0.87236,0.87246,0.87232,0.87237,71050000,1
1412583840000,1412583899000,0.87237,0.87258,0.87237,0.87258,59270000,1
1412583900000,1412583959000,0.87259,0.87267,0.87259,0.87267,58240000,1
1412583960000,1412584019000,0.87264,0.87265,0.87251,0.87256,29040000,1
1412584020000,1412584079000,0.87256,0.87263,0.87256,0.87258,59240000,1
1412584080000,1412584139000,0.87258,0.87258,0.87235,0.87235,34070000,1
1412584140000,1412584199000,0.87235,0.87248,0.87235,0.87248,75240000,1
1412584200000,1412584259000,0.87248,0.87248,0.87238,0.87238,64420000,1
1412584260000,1412584319000,0.87237,0.87239,0.87223,0.87237,84540000,1
1412584320000,1412584379000,0.87237,0.87261,0.87237,0.87257,78420000,1
1412584380000,1412584439000,0.87258,0.87268,0.87241,0.87247,125980000,1
1412584440000,1412584499000,0.87247,0.87256,0.87225,0.87229,61280000,1
1412584500000,1412584559000,0.87228,0.87238,0.87224,0.87229,72720000,1
1412584560000,1412584619000,0.87228,0.87248,0.87228,0.87246,37610000,1
1412584620000,1412584679000,0.87246,0.87259,0.87239,0.87259,35580000,1
1412584680000,1412584739000,0.8726,0.87278,0.87259,0.87278,47420000,1
1412584740000,1412584799000,0.87277,0.87277,0.87257,0.87258,45420000,1
1412584800000,1412584859000,0.87257,0.87257,0.87227,0.87227,56500000,1
1412584860000,1412584919000,0.87227,0.87227,0.87209,0.87221,78280000,1
1412584920000,1412584979000,0.87221,0.87225,0.87205,0.87207,77010000,1
1412584980000,1412585039000,0.87207,0.87207,0.87206,0.87206,64860000,1
1412585040000,1412585099000,0.87206,0.87214,0.87202,0.87207,64410000,1
1412585100000,1412585159000,0.87207,0.87237,0.87204,0.87236,79680000,1
1412585160000,1412585219000,0.87236,0.87247,0.87228,0.8723,26720000,1
1412585220000,1412585279000,0.8723,0.8724,0.87227,0.87237,66950000,1
1412585280000,1412585339000,0.87237,0.8724,0.87221,0.87237,65600000,1
1412585340000,1412585399000,0.87237,0.87237,0.87207,0.87207,65180000,1
1412585400000,1412585459000,0.87207,0.8722,0.87207,0.87215,24330000,1
1412585460000,1412585519000,0.8721,0.87216,0.87207,0.87215,16210000,1
1412585520000,1412585579000,0.87215,0.87229,0.87215,0.87227,29590000,1
1412585580000,1412585639000,0.87227,0.87237,0.87227,0.87237,56160000,1
1412585640000,1412585699000,0.87237,0.87237,0.87234,0.87236,8050000,1
1412585700000,1412585759000,0.87236,0.87238,0.87236,0.87238,11320000,1
1412585760000,1412585819000,0.87238,0.87258,0.87237,0.87258,47040000,1
1412585880000,1412585939000,0.87259,0.8728,0.87257,0.8728,65210000,1
1412585940000,1412585999000,0.87283,0.8732,0.87283,0.87308,101200000,1
1412586000000,1412586059000,0.87307,0.87328,0.87307,0.87327,62310000,1
1412586060000,1412586119000,0.87327,0.87371,0.87323,0.87347,90620000,1
1412586120000,1412586179000,0.87347,0.87347,0.87308,0.87308,69460000,1
1412586180000,1412586239000,0.87308,0.87317,0.87289,0.87289,101060000,1
1412586240000,1412586299000,0.87287,0.87308,0.87277,0.87308,59380000,1
1412586300000,1412586359000,0.87307,0.87307,0.87297,0.87307,52410000,1
1412586360000,1412586419000,0.87307,0.87331,0.87307,0.87319,78510000,1
1412586420000,1412586479000,0.87319,0.87319,0.87298,0.87306,56600000,1
1412586480000,1412586539000,0.87306,0.87317,0.87306,0.87314,13580000,1
1412586540000,1412586599000,0.87312,0.87317,0.87297,0.87297,49970000,1
1412586600000,1412586659000,0.87299,0.87311,0.87297,0.87297,56720000,1
1412586660000,1412586719000,0.87297,0.87298,0.87277,0.87277,74330000,1
1412586720000,1412586779000,0.87277,0.87279,0.87267,0.87267,49120000,1
1412586780000,1412586839000,0.87267,0.87277,0.87267,0.87268,37780000,1
1412586840000,1412586899000,0.87268,0.87277,0.87248,0.87253,44210000,1
1412586900000,1412586959000,0.87253,0.87263,0.87247,0.87256,57270000,1
1412586960000,1412587019000,0.87256,0.87256,0.87237,0.87247,19200000,1
1412587020000,1412587079000,0.87246,0.87259,0.87232,0.87257,88290000,1
1412587080000,1412587139000,0.87259,0.87259,0.87249,0.87252,62260000,1
1412587140000,1412587199000,0.87252,0.87265,0.87252,0.87265,37430000,1
1412587200000,1412587259000,0.87265,0.87281,0.87257,0.8727,51990000,1
1412587260000,1412587319000,0.87267,0.87267,0.87251,0.87251,36920000,1
1412587320000,1412587379000,0.87251,0.87256,0.87244,0.87255,59400000,1
1412587380000,1412587439000,0.87255,0.87258,0.87252,0.87258,12170000,1
1412587440000,1412587499000,0.87257,0.87258,0.87237,0.87254,55870000,1
1412587500000,1412587559000,0.87253,0.87254,0.87226,0.87226,44600000,1
1412587560000,1412587619000,0.87226,0.87235,0.87223,0.87227,29310000,1
1412587620000,1412587679000,0.87227,0.87227,0.87215,0.87215,49100000,1
1412587680000,1412587739000,0.87215,0.87227,0.8721,0.87217,51550000,1
1412587740000,1412587799000,0.87217,0.87236,0.87217,0.87228,27980000,1
1412587800000,1412587859000,0.87228,0.87228,0.87217,0.87217,44580000,1
1412587860000,1412587919000,0.87217,0.87228,0.87214,0.87214,33280000,1
1412587920000,1412587979000,0.87213,0.8722,0.87207,0.8722,47230000,1
1412587980000,1412588039000,0.87225,0.87227,0.87207,0.87207,38160000,1
1412588040000,1412588099000,0.87207,0.87207,0.87184,0.87186,102010000,1
1412588100000,1412588159000,0.87186,0.87186,0.87163,0.87186,66920000,1
1412588160000,1412588219000,0.87186,0.87196,0.87174,0.87189,58870000,1
1412588220000,1412588279000,0.87192,0.87206,0.87192,0.87206,58020000,1
1412588280000,1412588339000,0.87206,0.87207,0.87194,0.87196,36400000,1
1412588340000,1412588399000,0.87196,0.87196,0.8716,0.87168,46190000,1
1412588400000,1412588459000,0.87166,0.87177,0.87166,0.87168,30500000,1
1412588460000,1412588519000,0.87168,0.87187,0.87167,0.87177,50940000,1
1412588520000,1412588579000,0.87177,0.87187,0.87168,0.87178,45740000,1
1412588580000,1412588639000,0.87178,0.87186,0.87173,0.87185,28500000,1
1412588640000,1412588699000,0.87185,0.87186,0.87185,0.87185,26960000,1
1412588700000,1412588759000,0.87185,0.87192,0.87185,0.87191,25950000,1
1412588760000,1412588819000,0.87193,0.87207,0.87193,0.87198,41310000,1
1412588820000,1412588879000,0.87198,0.8721,0.87167,0.87168,62580000,1
1412588880000,1412588939000,0.87166,0.87175,0.87166,0.87167,35900000,1
1412588940000,1412588999000,0.8717,0.87184,0.87167,0.87178,49030000,1
1412589000000,1412589059000,0.87177,0.87197,0.87177,0.87182,71350000,1
1412589060000,1412589119000,0.8718,0.87199,0.8718,0.87196,78050000,1
1412589120000,1412589179000,0.87196,0.87198,0.87194,0.87196,56750000,1
1412589180000,1412589239000,0.87195,0.87207,0.87189,0.87202,80150000,1
1412589240000,1412589299000,0.87201,0.87208,0.87189,0.87201,65100000,1
1412589300000,1412589359000,0.87201,0.87219,0.87201,0.87217,51120000,1
1412589360000,1412589419000,0.87217,0.87226,0.87217,0.87226,21360000,1
1412589420000,1412589479000,0.87226,0.87228,0.8722,0.87224,30410000,1
1412589480000,1412589539000,0.87224,0.87239,0.87221,0.87232,57150000,1
1412589540000,1412589599000,0.87231,0.87239,0.87226,0.87232,72760000,1
1412589600000,1412589659000,0.8723,0.87239,0.87227,0.87227,66180000,1
1412589660000,1412589719000,0.87229,0.87235,0.87209,0.8721,68480000,1
1412589720000,1412589779000,0.8721,0.87215,0.87206,0.87215,56550000,1
1412589780000,1412589839000,0.87217,0.87223,0.87198,0.87206,44530000,1
1412589840000,1412589899000,0.87206,0.87206,0.87192,0.87196,44240000,1
1412589900000,1412589959000,0.87196,0.87217,0.87196,0.87211,35500000,1
1412589960000,1412590019000,0.87211,0.87229,0.87211,0.8722,61770000,1
1412590020000,1412590079000,0.87217,0.87239,0.8721,0.87239,63060000,1
1412590080000,1412590139000,0.8724,0.87258,0.87239,0.87249,38030000,1
1412590140000,1412590199000,0.87249,0.87249,0.87239,0.87245,28380000,1
1412590200000,1412590259000,0.87245,0.87249,0.87239,0.87245,51690000,1
1412590260000,1412590319000,0.87247,0.87266,0.87245,0.87258,51620000,1
1412590320000,1412590379000,0.8726,0.87287,0.8726,0.87266,86550000,1
1412590380000,1412590439000,0.87266,0.87282,0.87257,0.87257,78020000,1
1412590440000,1412590499000,0.87257,0.87281,0.87247,0.87281,86020000,1
1412590500000,1412590559000,0.87281,0.87281,0.87248,0.87248,93630000,1
1412590560000,1412590619000,0.87247,0.87259,0.87247,0.87247,30080000,1
1412590620000,1412590679000,0.87247,0.87247,0.87238,0.87238,10580000,1
1412590680000,1412590739000,0.87237,0.87237,0.87221,0.87225,77450000,1
1412590740000,1412590799000,0.87225,0.87237,0.87224,0.87227,60550000,1
1412590800000,1412590859000,0.87225,0.8723,0.87217,0.87217,44380000,1
1412590860000,1412590919000,0.87217,0.87218,0.87216,0.87216,18120000,1
1412590920000,1412590979000,0.87216,0.87224,0.87211,0.87217,54660000,1
1412590980000,1412591039000,0.87217,0.87227,0.87209,0.87218,70940000,1
1412591040000,1412591099000,0.87218,0.87223,0.87211,0.87217,34700000,1
1412591100000,1412591159000,0.87217,0.87217,0.8721,0.8721,36190000,1
1412591160000,1412591219000,0.8721,0.87227,0.87205,0.87217,49660000,1
1412591220000,1412591279000,0.87218,0.87222,0.87214,0.87222,19070000,1
1412591280000,1412591339000,0.87225,0.8723,0.87225,0.87228,42850000,1
1412591340000,1412591399000,0.87226,0.87249,0.87209,0.87248,74010000,1
1412591400000,1412591459000,0.87248,0.87248,0.87238,0.87238,16980000,1
1412591460000,1412591519000,0.87238,0.87252,0.87228,0.87247,58350000,1
1412591520000,1412591579000,0.87247,0.87274,0.87247,0.87269,68820000,1
1412591580000,1412591639000,0.87268,0.87277,0.87261,0.87277,58230000,1
1412591640000,1412591699000,0.87279,0.87282,0.87277,0.87277,59030000,1
1412591700000,1412591759000,0.87279,0.87306,0.87279,0.87306,79560000,1
1412591760000,1412591819000,0.87306,0.8731,0.8729,0.87309,78410000,1
1412591820000,1412591879000,0.87308,0.87314,0.87306,0.87306,46010000,1
1412591880000,1412591939000,0.87308,0.87318,0.87306,0.87313,93100000,1
1412591940000,1412591999000,0.87315,0.87328,0.87314,0.87328,50620000,1
1412592000000,1412592059000,0.87328,0.87329,0.87305,0.87305,52810000,1
1412592060000,1412592119000,0.87303,0.87309,0.87298,0.87308,53630000,1
1412592120000,1412592179000,0.87307,0.87316,0.87297,0.87307,58080000,1
1412592180000,1412592239000,0.87307,0.87323,0.87307,0.87323,50510000,1
1412592240000,1412592299000,0.87326,0.87328,0.8732,0.87326,51060000,1
1412592300000,1412592359000,0.87326,0.87343,0.87326,0.8734,26790000,1
1412592360000,1412592419000,0.8734,0.8734,0.87312,0.87312,55780000,1
1412592420000,1412592479000,0.87312,0.87332,0.87301,0.87301,102990000,1
1412592480000,1412592539000,0.873,0.873,0.87296,0.87296,20450000,1
1412592540000,1412592599000,0.87296,0.87296,0.87287,0.87287,40400000,1
1412592600000,1412592659000,0.87288,0.87288,0.8727,0.87274,74920000,1
1412592660000,1412592719000,0.87274,0.87301,0.87274,0.87295,58060000,1
1412592720000,1412592779000,0.87295,0.87298,0.87295,0.87295,27250000,1
1412592780000,1412592839000,0.87296,0.87318,0.87296,0.87308,71140000,1
1412592840000,1412592899000,0.87308,0.87308,0.8728,0.87287,72030000,1
1412592900000,1412592959000,0.87288,0.8731,0.87287,0.87308,81990000,1
1412592960000,1412593019000,0.87307,0.87308,0.87301,0.87308,13290000,1
1412593020000,1412593079000,0.87307,0.87323,0.87307,0.87317,41940000,1
1412593080000,1412593139000,0.87318,0.87339,0.87311,0.87311,44540000,1
1412593140000,1412593199000,0.8731,0.8731,0.87287,0.87287,35580000,1
1412593200000,1412593259000,0.87287,0.87298,0.87285,0.87297,16160000,1
1412593260000,1412593319000,0.87297,0.87301,0.8729,0.87292,31470000,1
1412593320000,1412593379000,0.87295,0.87308,0.87295,0.87307,21700000,1
1412593380000,1412593439000,0.87306,0.87306,0.87295,0.87298,22200000,1
1412593440000,1412593499000,0.87299,0.87309,0.87297,0.87297,58440000,1
1412593500000,1412593559000,0.87297,0.87298,0.87289,0.8729,50830000,1
1412593560000,1412593619000,0.8729,0.87297,0.87288,0.87297,44950000,1
1412593620000,1412593679000,0.87298,0.87298,0.87288,0.87296,36980000,1
1412593680000,1412593739000,0.87293,0.87302,0.87289,0.87292,32900000,1
1412593740000,1412593799000,0.87292,0.87296,0.87288,0.87296,16430000,1
1412593800000,1412593859000,0.87301,0.87319,0.87301,0.87311,51430000,1
1412593860000,1412593919000,0.87311,0.87312,0.87309,0.8731,9000000,1
1412593920000,1412593979000,0.87308,0.87314,0.87303,0.87309,38170000,1
1412593980000,1412594039000,0.8731,0.87318,0.87307,0.87307,21510000,1
1412594040000,1412594099000,0.87307,0.87321,0.87307,0.87321,13730000,1
1412594100000,1412594159000,0.87323,0.87345,0.87323,0.87343,38680000,1
1412594160000,1412594219000,0.8734,0.8734,0.87339,0.87339,14000000,1
1412594220000,1412594279000,0.87338,0.87339,0.87311,0.87311,45480000,1
1412594280000,1412594339000,0.8731,0.87325,0.8731,0.87325,21760000,1
1412594340000,1412594399000,0.87325,0.87336,0.87325,0.87328,43520000,1
1412594400000,1412594459000,0.87329,0.87329,0.87321,0.87327,20950000,1
1412594460000,1412594519000,0.87327,0.87327,0.87315,0.8732,19130000,1
1412594520000,1412594579000,0.87315,0.8732,0.87308,0.8732,18600000,1
1412594580000,1412594639000,0.87318,0.87331,0.87317,0.87322,39750000,1
1412594640000,1412594699000,0.87322,0.87328,0.8732,0.87322,28570000,1
1412594700000,1412594759000,0.87322,0.87324,0.87316,0.87317,15690000,1
1412594760000,1412594819000,0.87317,0.87317,0.87302,0.87308,20930000,1
1412594820000,1412594879000,0.87308,0.87308,0.87301,0.87308,29580000,1
1412594880000,1412594939000,0.87308,0.87308,0.8729,0.8729,17000000,1
1412594940000,1412594999000,0.87291,0.87306,0.87287,0.87297,55190000,1
1412595000000,1412595059000,0.87296,0.87301,0.87291,0.87301,20070000,1
1412595060000,1412595119000,0.873,0.8731,0.873,0.8731,17250000,1
1412595120000,1412595179000,0.8731,0.87315,0.8731,0.87313,18500000,1
1412595180000,1412595239000,0.87312,0.87316,0.8731,0.8731,30820000,1
1412595240000,1412595299000,0.87305,0.87311,0.87301,0.8731,45080000,1
1412595300000,1412595359000,0.8731,0.87312,0.87297,0.87298,48630000,1
1412595360000,1412595419000,0.87298,0.87298,0.87294,0.87297,18000000,1
1412595420000,1412595479000,0.87297,0.87302,0.87297,0.87298,44500000,1
1412595480000,1412595539000,0.87299,0.87303,0.87294,0.87294,38070000,1
1412595540000,1412595599000,0.87294,0.87306,0.87294,0.87301,63080000,1
1412595600000,1412595659000,0.87301,0.87301,0.87294,0.87296,41440000,1
1412595660000,1412595719000,0.87296,0.87302,0.87292,0.87293,32670000,1
1412595720000,1412595779000,0.87292,0.87292,0.87282,0.87282,26880000,1
1412595780000,1412595839000,0.87282,0.87283,0.87278,0.87281,21560000,1
1412595840000,1412595899000,0.8728,0.87291,0.87279,0.87289,27520000,1
1412595900000,1412595959000,0.8729,0.87298,0.87285,0.87287,33940000,1
1412595960000,1412596019000,0.87287,0.87292,0.87287,0.87289,23760000,1
1412596020000,1412596079000,0.87288,0.87292,0.87284,0.8729,36250000,1
1412596080000,1412596139000,0.8729,0.8729,0.87285,0.8729,24000000,1
1412596140000,1412596199000,0.8729,0.87294,0.87289,0.87292,39640000,1
1412596200000,1412596259000,0.87292,0.87292,0.87282,0.87285,15000000,1
1412596260000,1412596319000,0.87285,0.87285,0.87284,0.87284,22000000,1
1412596320000,1412596379000,0.87284,0.87292,0.8728,0.8729,46000000,1
1412596380000,1412596439000,0.87289,0.87289,0.87278,0.87279,47340000,1
1412596440000,1412596499000,0.87278,0.87291,0.87277,0.8729,74270000,1
1412596500000,1412596559000,0.87289,0.87292,0.87285,0.87288,59440000,1
1412596560000,1412596619000,0.87287,0.8729,0.87287,0.87288,33170000,1
1412596620000,1412596679000,0.87288,0.87341,0.87288,0.87341,67250000,1
1412596680000,1412596739000,0.87341,0.87399,0.8734,0.87378,146740000,1
1412596740000,1412596799000,0.87378,0.87389,0.87376,0.87376,51990000,1
1412596800000,1412596859000,0.87378,0.87403,0.87374,0.87401,120860000,1
1412596860000,1412596919000,0.87403,0.87405,0.87341,0.87347,137480000,1
1412596920000,1412596979000,0.87348,0.87359,0.87337,0.87349,56040000,1
1412596980000,1412597039000,0.87349,0.87366,0.87339,0.87358,103040000,1
1412597040000,1412597099000,0.87356,0.87378,0.87348,0.87377,87310000,1
1412597100000,1412597159000,0.87378,0.87401,0.87378,0.87395,71360000,1
1412597160000,1412597219000,0.87394,0.87429,0.87394,0.87429,69300000,1
1412597220000,1412597279000,0.87428,0.8744,0.874,0.87413,162190000,1
1412597280000,1412597339000,0.87411,0.87421,0.87408,0.87412,128460000,1
1412597340000,1412597399000,0.87412,0.87441,0.87412,0.87432,84070000,1
1412597400000,1412597459000,0.87432,0.87432,0.8739,0.87405,127770000,1
1412597460000,1412597519000,0.87407,0.87429,0.87407,0.87429,91430000,1
1412597520000,1412597579000,0.87429,0.87429,0.87408,0.87408,36830000,1
1412597580000,1412597639000,0.87408,0.8741,0.87387,0.87389,41720000,1
1412597640000,1412597699000,0.87388,0.87393,0.87369,0.87369,60250000,1
1412597700000,1412597759000,0.87369,0.8738,0.87365,0.87379,49890000,1
1412597760000,1412597819000,0.87379,0.8738,0.87355,0.87359,61740000,1
1412597820000,1412597879000,0.87357,0.87357,0.87308,0.8731,91740000,1
1412597880000,1412597939000,0.87307,0.87311,0.87255,0.87258,128160000,1
1412597940000,1412597999000,0.87257,0.87259,0.87239,0.8725,104020000,1
1412598000000,1412598059000,0.8725,0.87275,0.8725,0.87257,97260000,1
1412598060000,1412598119000,0.87258,0.87258,0.87222,0.87228,84620000,1
1412598120000,1412598179000,0.87227,0.87244,0.87227,0.87243,70890000,1
1412598180000,1412598239000,0.87243,0.87244,0.87223,0.8723,99990000,1
1412598240000,1412598299000,0.87228,0.87253,0.87228,0.87253,65140000,1
1412598300000,1412598359000,0.87251,0.87251,0.87243,0.87245,54820000,1
1412598360000,1412598419000,0.87245,0.87245,0.87227,0.8723,51840000,1
1412598420000,1412598479000,0.87231,0.87245,0.87213,0.87215,72740000,1
1412598480000,1412598539000,0.87216,0.87221,0.87216,0.87219,42140000,1
1412598540000,1412598599000,0.8722,0.8722,0.87195,0.87199,115710000,1
1412598600000,1412598659000,0.87198,0.87206,0.87188,0.872,118950000,1
1412598660000,1412598719000,0.872,0.87208,0.87188,0.87196,92270000,1
1412598720000,1412598779000,0.87196,0.87199,0.87177,0.87198,68540000,1
1412598780000,1412598839000,0.87198,0.87207,0.87188,0.87188,45710000,1
1412598840000,1412598899000,0.87188,0.87205,0.87177,0.87205,49310000,1
1412598900000,1412598959000,0.87204,0.87229,0.87197,0.87206,121060000,1
1412598960000,1412599019000,0.87202,0.87214,0.87198,0.872,45260000,1
1412599020000,1412599079000,0.87201,0.87218,0.87177,0.87177,97170000,1
1412599080000,1412599139000,0.87177,0.87201,0.87176,0.87197,100600000,1
1412599140000,1412599199000,0.87198,0.87199,0.87187,0.87199,91610000,1
1412599200000,1412599259000,0.87199,0.87199,0.87172,0.87188,62820000,1
1412599260000,1412599319000,0.87188,0.87199,0.87178,0.87187,60480000,1
1412599320000,1412599379000,0.87187,0.87193,0.87173,0.87188,53400000,1
1412599380000,1412599439000,0.87186,0.87186,0.87177,0.87177,61320000,1
1412599440000,1412599499000,0.87177,0.87188,0.87175,0.8718,49100000,1
1412599500000,1412599559000,0.87182,0.87182,0.87168,0.87174,88170000,1
1412599560000,1412599619000,0.87174,0.87184,0.87172,0.87173,50030000,1
1412599620000,1412599679000,0.87175,0.87184,0.87175,0.87183,32440000,1
1412599680000,1412599739000,0.87184,0.87184,0.87166,0.87172,34570000,1
1412599740000,1412599799000,0.87172,0.87181,0.87167,0.87177,70630000,1
1412599800000,1412599859000,0.87177,0.87177,0.87168,0.87168,19490000,1
1412599860000,1412599919000,0.87166,0.8717,0.87165,0.87166,20360000,1
1412599920000,1412599979000,0.87166,0.87166,0.87133,0.87135,73500000,1
1412599980000,1412600039000,0.87132,0.87134,0.87112,0.87128,100150000,1
1412600040000,1412600099000,0.87128,0.87137,0.87125,0.87125,68310000,1
1412600100000,1412600159000,0.87125,0.87147,0.87125,0.87146,102340000,1
1412600160000,1412600219000,0.87148,0.87162,0.87143,0.87145,79180000,1
1412600220000,1412600279000,0.87145,0.87165,0.87144,0.87147,41110000,1
1412600280000,1412600339000,0.87147,0.8716,0.87147,0.87157,56180000,1
1412600340000,1412600399000,0.87157,0.87159,0.8715,0.87158,69430000,1
1412600400000,1412600459000,0.87158,0.87158,0.87122,0.8713,69510000,1
1412600460000,1412600519000,0.8713,0.87132,0.87088,0.87096,141420000,1
1412600520000,1412600579000,0.87096,0.87114,0.87091,0.8711,110610000,1
1412600580000,1412600639000,0.8711,0.87122,0.87109,0.87119,70670000,1
1412600640000,1412600699000,0.87118,0.87124,0.87108,0.87124,81060000,1
1412600700000,1412600759000,0.87126,0.87159,0.87125,0.87159,73570000,1
1412600760000,1412600819000,0.8716,0.87171,0.87149,0.87151,100090000,1
1412600820000,1412600879000,0.87154,0.87168,0.87138,0.87138,104260000,1
1412600880000,1412600939000,0.87136,0.87136,0.87087,0.87096,107220000,1
1412600940000,1412600999000,0.87096,0.87117,0.87087,0.87115,126600000,1
1412601000000,1412601059000,0.87116,0.87125,0.87098,0.87098,72790000,1
1412601060000,1412601119000,0.87098,0.87107,0.87089,0.87092,59610000,1
1412601120000,1412601179000,0.87089,0.87098,0.87086,0.87098,31410000,1
1412601180000,1412601239000,0.87098,0.8713,0.87098,0.8713,65610000,1
1412601240000,1412601299000,0.8713,0.87157,0.87127,0.87152,95490000,1
1412601300000,1412601359000,0.87151,0.87158,0.87143,0.87146,66060000,1
1412601360000,1412601419000,0.87146,0.87148,0.87142,0.87147,32420000,1
1412601420000,1412601479000,0.87146,0.87158,0.87145,0.87156,68850000,1
1412601480000,1412601539000,0.87156,0.87156,0.87143,0.87147,83440000,1
1412601540000,1412601599000,0.87145,0.87155,0.87142,0.87155,43600000,1
1412601600000,1412601659000,0.87156,0.87171,0.87156,0.8717,27330000,1
1412601660000,1412601719000,0.8717,0.87178,0.87164,0.87167,110580000,1
1412601720000,1412601779000,0.87167,0.87174,0.87165,0.87167,60630000,1
1412601780000,1412601839000,0.87166,0.8718,0.87166,0.87167,60820000,1
1412601840000,1412601899000,0.87171,0.87184,0.87167,0.87177,62110000,1
1412601900000,1412601959000,0.87177,0.87179,0.87157,0.87157,61880000,1
1412601960000,1412602019000,0.87157,0.87201,0.87157,0.872,103450000,1
1412602020000,1412602079000,0.872,0.872,0.87177,0.8719,86790000,1
1412602080000,1412602139000,0.87188,0.87189,0.87167,0.87187,90490000,1
1412602140000,1412602199000,0.87187,0.872,0.87168,0.87175,79420000,1
1412602200000,1412602259000,0.87175,0.87179,0.87169,0.87177,72800000,1
1412602260000,1412602319000,0.87178,0.87187,0.87165,0.87165,49830000,1
1412602320000,1412602379000,0.87164,0.87197,0.8716,0.87197,62090000,1
1412602380000,1412602439000,0.87197,0.87202,0.87177,0.87179,80920000,1
1412602440000,1412602499000,0.87178,0.87178,0.87167,0.87168,22510000,1
1412602500000,1412602559000,0.87165,0.87176,0.87162,0.87167,56300000,1
1412602560000,1412602619000,0.87167,0.8718,0.87167,0.87167,50790000,1
1412602620000,1412602679000,0.87165,0.87165,0.87153,0.87155,16680000,1
1412602680000,1412602739000,0.87156,0.87158,0.87152,0.87155,17270000,1
1412602740000,1412602799000,0.87155,0.87156,0.87154,0.87155,9290000,1
1412602800000,1412602859000,0.87155,0.87177,0.87147,0.87177,92420000,1
1412602860000,1412602919000,0.87177,0.8719,0.87177,0.87189,62180000,1
1412602920000,1412602979000,0.87189,0.87194,0.87187,0.87194,57390000,1
1412602980000,1412603039000,0.87195,0.87208,0.87195,0.87199,58630000,1
1412603040000,1412603099000,0.872,0.87211,0.87198,0.87198,70680000,1
1412603100000,1412603159000,0.87198,0.87206,0.87197,0.87206,67570000,1
1412603160000,1412603219000,0.87207,0.87219,0.87207,0.87219,101760000,1
1412603220000,1412603279000,0.87219,0.8723,0.87217,0.8723,76460000,1
1412603280000,1412603339000,0.87228,0.87231,0.87227,0.87228,80880000,1
1412603340000,1412603399000,0.87231,0.87254,0.87228,0.87239,71490000,1
1412603400000,1412603459000,0.8724,0.8724,0.87215,0.87218,92910000,1
1412603460000,1412603519000,0.87216,0.87226,0.87204,0.87205,115730000,1
1412603520000,1412603579000,0.87207,0.87207,0.87197,0.87199,83650000,1
1412603580000,1412603639000,0.87199,0.87207,0.87187,0.87187,57450000,1
1412603640000,1412603699000,0.87187,0.87187,0.87179,0.87179,17880000,1
1412603700000,1412603759000,0.87179,0.87192,0.87167,0.87167,47080000,1
1412603760000,1412603819000,0.87168,0.87177,0.87168,0.87177,46590000,1
1412603820000,1412603879000,0.87172,0.87179,0.87169,0.87179,39750000,1
1412603880000,1412603939000,0.8718,0.8719,0.87171,0.87187,48580000,1
1412603940000,1412603999000,0.87187,0.87206,0.87185,0.872,78270000,1
1412604000000,1412604059000,0.87201,0.87232,0.87201,0.8723,91690000,1
1412604060000,1412604119000,0.87229,0.87236,0.87218,0.8723,150990000,1
1412604120000,1412604179000,0.8723,0.8723,0.87217,0.87225,81260000,1
1412604180000,1412604239000,0.87225,0.87266,0.87225,0.87241,139220000,1
1412604240000,1412604299000,0.8724,0.87258,0.87233,0.87249,107350000,1
1412604300000,1412604359000,0.87249,0.87251,0.8723,0.87246,56150000,1
1412604360000,1412604419000,0.87247,0.87263,0.87246,0.87258,69950000,1
1412604420000,1412604479000,0.87258,0.87265,0.87245,0.87248,84940000,1
1412604480000,1412604539000,0.8725,0.87252,0.8723,0.8723,123580000,1
1412604540000,1412604599000,0.8723,0.87234,0.87209,0.87215,45640000,1
1412604600000,1412604659000,0.87215,0.87227,0.87215,0.87227,29870000,1
1412604660000,1412604719000,0.87226,0.87235,0.87195,0.87215,87430000,1
1412604720000,1412604779000,0.87213,0.87227,0.87208,0.87215,104250000,1
1412604780000,1412604839000,0.87216,0.87228,0.87215,0.87226,66640000,1
1412604840000,1412604899000,0.87231,0.87256,0.87231,0.87252,100130000,1
1412604900000,1412604959000,0.87254,0.87267,0.8725,0.87265,90500000,1
1412604960000,1412605019000,0.87265,0.87269,0.87248,0.87249,95390000,1
1412605020000,1412605079000,0.87251,0.87252,0.87241,0.87241,64060000,1
1412605080000,1412605139000,0.87241,0.8727,0.87241,0.87259,69840000,1
1412605140000,1412605199000,0.87258,0.87282,0.87257,0.87281,63710000,1
1412605200000,1412605259000,0.87285,0.87317,0.87282,0.87311,166910000,1
1412605260000,1412605319000,0.87309,0.87329,0.87303,0.87322,179800000,1
1412605320000,1412605379000,0.87322,0.87332,0.8732,0.87332,82140000,1
1412605380000,1412605439000,0.87332,0.87332,0.873,0.87309,88170000,1
1412605440000,1412605499000,0.8731,0.87332,0.87307,0.87317,95910000,1
1412605500000,1412605559000,0.87316,0.87352,0.8731,0.87352,132380000,1
1412605560000,1412605619000,0.8735,0.87387,0.87341,0.87378,149710000,1
1412605620000,1412605679000,0.87379,0.8739,0.87361,0.87369,90330000,1
1412605680000,1412605739000,0.87369,0.8738,0.87361,0.87364,85090000,1
1412605740000,1412605799000,0.87364,0.8737,0.87363,0.87363,46470000,1
1412605800000,1412605859000,0.87362,0.87362,0.87336,0.87342,76640000,1
1412605860000,1412605919000,0.87344,0.87348,0.87333,0.87337,76520000,1
1412605920000,1412605979000,0.87337,0.87339,0.87315,0.87327,85820000,1
1412605980000,1412606039000,0.87327,0.87352,0.87327,0.87352,58000000,1
1412606040000,1412606099000,0.87352,0.87352,0.87341,0.87343,62080000,1
1412606100000,1412606159000,0.87344,0.87357,0.87334,0.87357,120130000,1
1412606160000,1412606219000,0.87358,0.8736,0.87337,0.87339,131270000,1
1412606220000,1412606279000,0.87338,0.87348,0.87323,0.87342,99050000,1
1412606280000,1412606339000,0.87342,0.87351,0.87342,0.87349,69860000,1
1412606340000,1412606399000,0.87351,0.87371,0.87347,0.87363,63520000,1
1412606400000,1412606459000,0.87365,0.87367,0.87348,0.87354,73540000,1
1412606460000,1412606519000,0.87354,0.87363,0.8735,0.87363,48290000,1
1412606520000,1412606579000,0.87365,0.87366,0.87354,0.87363,67350000,1
1412606580000,1412606639000,0.87364,0.87377,0.87359,0.87366,116400000,1
1412606640000,1412606699000,0.87366,0.87366,0.87351,0.87356,41450000,1
1412606700000,1412606759000,0.87356,0.87364,0.87349,0.87364,59690000,1
1412606760000,1412606819000,0.87363,0.87379,0.87362,0.87374,48020000,1
1412606820000,1412606879000,0.87372,0.87392,0.87372,0.87392,140780000,1
1412606880000,1412606939000,0.87392,0.87421,0.87392,0.87421,93510000,1
1412606940000,1412606999000,0.87421,0.87442,0.87411,0.87429,151310000,1
1412607000000,1412607059000,0.87427,0.87427,0.87414,0.87421,86060000,1
1412607060000,1412607119000,0.87421,0.87421,0.87385,0.87388,92270000,1
1412607120000,1412607179000,0.87389,0.874,0.87381,0.87381,61900000,1
1412607180000,1412607239000,0.87381,0.87393,0.87372,0.87382,62210000,1
1412607240000,1412607299000,0.87382,0.8739,0.87375,0.8739,60180000,1
1412607300000,1412607359000,0.87388,0.87392,0.87378,0.87392,66640000,1
1412607360000,1412607419000,0.87392,0.87392,0.87372,0.87382,91340000,1
1412607420000,1412607479000,0.87382,0.87385,0.87359,0.8737,66650000,1
1412607480000,1412607539000,0.87369,0.87378,0.87325,0.87325,157160000,1
1412607540000,1412607599000,0.87328,0.87334,0.87292,0.87292,171690000,1
1412607600000,1412607659000,0.87293,0.87319,0.87287,0.87287,148770000,1
1412607660000,1412607719000,0.87289,0.87303,0.8728,0.87299,174800000,1
1412607720000,1412607779000,0.873,0.8732,0.873,0.87317,96310000,1
1412607780000,1412607839000,0.87318,0.87325,0.87311,0.87312,118090000,1
1412607840000,1412607899000,0.87311,0.87311,0.87275,0.87277,120360000,1
1412607900000,1412607959000,0.87277,0.87285,0.8727,0.8727,72670000,1
1412607960000,1412608019000,0.87269,0.87276,0.87245,0.87252,118330000,1
1412608020000,1412608079000,0.87252,0.87266,0.87238,0.8724,130710000,1
1412608080000,1412608139000,0.87238,0.87264,0.87238,0.87264,69490000,1
1412608140000,1412608199000,0.87263,0.87293,0.8726,0.87286,155530000,1
1412608200000,1412608259000,0.87285,0.87287,0.87257,0.87258,92670000,1
1412608260000,1412608319000,0.8726,0.87295,0.8726,0.87294,105050000,1
1412608320000,1412608379000,0.87294,0.87319,0.87294,0.87307,80640000,1
1412608380000,1412608439000,0.87307,0.87315,0.87307,0.87307,71600000,1
1412608440000,1412608499000,0.87307,0.87318,0.87307,0.87316,76600000,1
1412608500000,1412608559000,0.87314,0.87332,0.87314,0.87327,100790000,1
1412608560000,1412608619000,0.87326,0.87332,0.87318,0.87325,85900000,1
1412608620000,1412608679000,0.87326,0.87337,0.87314,0.87317,73450000,1
1412608680000,1412608739000,0.87316,0.87318,0.87309,0.87317,25820000,1
1412608740000,1412608799000,0.87317,0.87317,0.87297,0.87298,61950000,1
1412608800000,1412608859000,0.87298,0.87306,0.87284,0.87292,99720000,1
1412608860000,1412608919000,0.87293,0.87299,0.87293,0.87298,17620000,1
1412608920000,1412608979000,0.87297,0.87308,0.87287,0.87308,32890000,1
1412608980000,1412609039000,0.87308,0.87308,0.87297,0.87297,28790000,1
1412609040000,1412609099000,0.87297,0.87326,0.87297,0.87325,73700000,1
1412609100000,1412609159000,0.87325,0.87327,0.87314,0.87317,47060000,1
1412609160000,1412609219000,0.87317,0.87317,0.87305,0.87305,51000000,1
1412609220000,1412609279000,0.87305,0.87315,0.87296,0.87315,80520000,1
1412609280000,1412609339000,0.87316,0.87335,0.87316,0.87318,69610000,1
1412609340000,1412609399000,0.8732,0.87327,0.87313,0.87319,45890000,1
1412609400000,1412609459000,0.87323,0.87325,0.87307,0.87312,18600000,1
1412609460000,1412609519000,0.87315,0.87331,0.87308,0.87329,51800000,1
1412609520000,1412609579000,0.87327,0.87336,0.87327,0.87327,36820000,1
1412609580000,1412609639000,0.87327,0.87327,0.87308,0.87314,59990000,1
1412609640000,1412609699000,0.87312,0.87326,0.87304,0.8732,69280000,1
1412609700000,1412609759000,0.87318,0.87337,0.87315,0.87334,70750000,1
1412609760000,1412609819000,0.87333,0.87344,0.87327,0.87337,73820000,1
1412609820000,1412609879000,0.87337,0.8735,0.87337,0.87338,50990000,1
1412609880000,1412609939000,0.87336,0.87362,0.8732,0.87359,63120000,1
1412609940000,1412609999000,0.87357,0.87361,0.87337,0.87337,78860000,1
1412610000000,1412610059000,0.87337,0.87357,0.87329,0.8735,81440000,1
1412610060000,1412610119000,0.87352,0.8736,0.87347,0.87359,70200000,1
1412610120000,1412610179000,0.87358,0.87368,0.87326,0.87357,121410000,1
1412610180000,1412610239000,0.87357,0.87397,0.87357,0.87357,168890000,1
1412610240000,1412610299000,0.87359,0.87376,0.87358,0.87358,60830000,1
1412610300000,1412610359000,0.87359,0.8738,0.87359,0.8738,118920000,1
1412610360000,1412610419000,0.87379,0.8738,0.87369,0.87376,77850000,1
1412610420000,1412610479000,0.87379,0.87417,0.87378,0.87393,155690000,1
1412610480000,1412610539000,0.87393,0.87394,0.87357,0.87357,57190000,1
1412610540000,1412610599000,0.87357,0.87399,0.87352,0.87381,138580000,1
1412610600000,1412610659000,0.87381,0.87381,0.87357,0.87358,63440000,1
1412610660000,1412610719000,0.87358,0.87369,0.87352,0.87356,79470000,1
1412610720000,1412610779000,0.87357,0.87407,0.87356,0.87394,106660000,1
1412610780000,1412610839000,0.87394,0.87394,0.87372,0.87373,103210000,1
1412610840000,1412610899000,0.87373,0.8739,0.87361,0.87371,87080000,1
1412610900000,1412610959000,0.8737,0.87401,0.87362,0.87401,75040000,1
1412610960000,1412611019000,0.87399,0.87412,0.87394,0.87408,88230000,1
1412611020000,1412611079000,0.87408,0.87421,0.87404,0.87413,55630000,1
1412611080000,1412611139000,0.87413,0.87433,0.87412,0.87427,94080000,1
1412611140000,1412611199000,0.87429,0.87488,0.87429,0.87459,148000000,1
1412611200000,1412611259000,0.87461,0.87462,0.87429,0.8743,80890000,1
1412611260000,1412611319000,0.87431,0.87449,0.87401,0.87402,117620000,1
1412611320000,1412611379000,0.87402,0.87431,0.87391,0.87424,84680000,1
1412611380000,1412611439000,0.87423,0.87428,0.87411,0.87411,61170000,1
1412611440000,1412611499000,0.87411,0.87452,0.87411,0.87452,55190000,1
1412611500000,1412611559000,0.87455,0.87464,0.8744,0.87454,120600000,1
1412611560000,1412611619000,0.87453,0.87461,0.87451,0.87456,88210000,1
1412611620000,1412611679000,0.87456,0.87456,0.87435,0.87435,79710000,1
1412611680000,1412611739000,0.87435,0.87435,0.87422,0.87431,42000000,1
1412611740000,1412611799000,0.87431,0.87432,0.87419,0.87421,21000000,1
1412611800000,1412611859000,0.87421,0.87421,0.87402,0.87402,51000000,1
1412611860000,1412611919000,0.87402,0.87407,0.87392,0.87396,56500000,1
1412611920000,1412611979000,0.87396,0.87396,0.8738,0.8738,36000000,1
1412611980000,1412612039000,0.8738,0.87381,0.8737,0.87376,49640000,1
1412612040000,1412612099000,0.87376,0.87397,0.87376,0.87383,60190000,1
1412612100000,1412612159000,0.87382,0.87382,0.87367,0.87371,37500000,1
1412612160000,1412612219000,0.87371,0.8739,0.87371,0.87388,43690000,1
1412612220000,1412612279000,0.87387,0.87387,0.87374,0.87376,50680000,1
1412612280000,1412612339000,0.87376,0.87387,0.87372,0.87372,47790000,1
1412612340000,1412612399000,0.87371,0.87387,0.87365,0.87373,51690000,1
1412612400000,1412612459000,0.87374,0.87375,0.8736,0.8736,39390000,1
1412612460000,1412612519000,0.8736,0.87369,0.87358,0.87362,41950000,1
1412612520000,1412612579000,0.87362,0.87381,0.87362,0.87381,47850000,1
1412612580000,1412612639000,0.87381,0.87382,0.87377,0.87378,15250000,1
1412612640000,1412612699000,0.87378,0.87382,0.87361,0.87373,83850000,1
1412612700000,1412612759000,0.87373,0.87389,0.87368,0.8737,114440000,1
1412612760000,1412612819000,0.8737,0.8737,0.87358,0.8736,57200000,1
1412612820000,1412612879000,0.87359,0.87361,0.87359,0.8736,5260000,1
1412612880000,1412612939000,0.87361,0.87381,0.87361,0.87381,48820000,1
1412612940000,1412612999000,0.8738,0.8739,0.87376,0.87389,35490000,1
1412613000000,1412613059000,0.87387,0.87389,0.87382,0.87388,36740000,1
1412613060000,1412613119000,0.87387,0.874,0.87387,0.87397,57280000,1
1412613120000,1412613179000,0.87397,0.87421,0.87392,0.87398,99010000,1
1412613180000,1412613239000,0.87399,0.87411,0.87387,0.87388,37670000,1
1412613240000,1412613299000,0.87387,0.87388,0.87375,0.87377,31290000,1
1412613300000,1412613359000,0.87377,0.87388,0.87374,0.87388,41500000,1
1412613360000,1412613419000,0.87388,0.87418,0.87386,0.87396,60350000,1
1412613420000,1412613479000,0.87396,0.87397,0.87381,0.87387,55600000,1
1412613480000,1412613539000,0.87387,0.87395,0.87382,0.87393,33390000,1
1412613540000,1412613599000,0.87392,0.87398,0.87366,0.87366,44230000,1
1412613600000,1412613659000,0.87365,0.87367,0.87354,0.87354,25210000,1
1412613660000,1412613719000,0.87354,0.87357,0.87345,0.87346,26640000,1
1412613720000,1412613779000,0.87348,0.8735,0.87316,0.87331,93230000,1
1412613780000,1412613839000,0.87331,0.87349,0.8733,0.87343,56850000,1
1412613840000,1412613899000,0.87343,0.87345,0.87342,0.87345,12600000,1
1412613900000,1412613959000,0.87343,0.87346,0.87326,0.87328,62300000,1
1412613960000,1412614019000,0.87327,0.87331,0.87314,0.87319,107320000,1
1412614020000,1412614079000,0.87317,0.87321,0.87304,0.87306,102990000,1
1412614080000,1412614139000,0.87306,0.87306,0.87275,0.87276,49340000,1
1412614140000,1412614199000,0.87276,0.87306,0.87267,0.87306,93700000,1
1412614200000,1412614259000,0.87306,0.87314,0.87306,0.87311,62050000,1
1412614260000,1412614319000,0.87312,0.87328,0.87312,0.87325,32600000,1
1412614320000,1412614379000,0.87324,0.8734,0.87324,0.87332,50230000,1
1412614380000,1412614439000,0.87331,0.87333,0.87312,0.87312,80380000,1
1412614440000,1412614499000,0.87313,0.87323,0.87312,0.8732,81100000,1
1412614500000,1412614559000,0.87319,0.87326,0.873,0.8732,161840000,1
1412614560000,1412614619000,0.87316,0.87322,0.87313,0.87314,80830000,1
1412614620000,1412614679000,0.87315,0.87324,0.87314,0.87317,57630000,1
1412614680000,1412614739000,0.87316,0.87325,0.87314,0.87325,104190000,1
1412614740000,1412614799000,0.87326,0.87332,0.87321,0.87323,65810000,1
1412614800000,1412614859000,0.87324,0.87341,0.87324,0.87341,66980000,1
1412614860000,1412614919000,0.87341,0.87341,0.8732,0.87322,88000000,1
1412614920000,1412614979000,0.87323,0.87356,0.87321,0.87344,82850000,1
1412614980000,1412615039000,0.87344,0.87371,0.87341,0.87364,74390000,1
1412615040000,1412615099000,0.87363,0.87367,0.87351,0.87352,91230000,1
1412615100000,1412615159000,0.87352,0.87352,0.87331,0.8734,33770000,1
1412615160000,1412615219000,0.87342,0.87367,0.87342,0.87359,82880000,1
1412615220000,1412615279000,0.8736,0.8736,0.87317,0.87318,112820000,1
1412615280000,1412615339000,0.87317,0.87341,0.87317,0.8734,63790000,1
1412615340000,1412615399000,0.8734,0.87343,0.87331,0.87341,73920000,1
1412615400000,1412615459000,0.8734,0.8734,0.87304,0.87308,76030000,1
1412615460000,1412615519000,0.87308,0.87325,0.87308,0.87322,43220000,1
1412615520000,1412615579000,0.8732,0.87329,0.8732,0.8732,47420000,1
1412615580000,1412615639000,0.87322,0.87332,0.87312,0.87312,21520000,1
1412615640000,1412615699000,0.87313,0.87318,0.87303,0.87303,39990000,1
1412615700000,1412615759000,0.87302,0.87302,0.87299,0.87301,31670000,1
1412615760000,1412615819000,0.87302,0.87309,0.87302,0.87302,18640000,1
1412615820000,1412615879000,0.87302,0.87308,0.87291,0.87291,27420000,1
1412615880000,1412615939000,0.87291,0.87297,0.8729,0.87291,26110000,1
1412615940000,1412615999000,0.87292,0.87312,0.87292,0.87312,48360000,1
1412616000000,1412616059000,0.87312,0.87315,0.87301,0.87301,35000000,1
1412616060000,1412616119000,0.87301,0.8732,0.87301,0.87319,37630000,1
1412616120000,1412616179000,0.87322,0.87322,0.87302,0.87302,27100000,1
1412616180000,1412616239000,0.87303,0.87321,0.87303,0.87321,37450000,1
1412616240000,1412616299000,0.87323,0.87324,0.8732,0.8732,36570000,1
1412616300000,1412616359000,0.8732,0.87327,0.87318,0.87321,34430000,1
1412616360000,1412616419000,0.87321,0.87321,0.87313,0.87313,16990000,1
1412616420000,1412616479000,0.87313,0.87316,0.87301,0.87313,46610000,1
1412616480000,1412616539000,0.87312,0.87312,0.87303,0.87307,48800000,1
1412616540000,1412616599000,0.87308,0.8731,0.87302,0.87308,43740000,1
1412616600000,1412616659000,0.87308,0.87308,0.87302,0.87303,17410000,1
1412616660000,1412616719000,0.87306,0.87311,0.87306,0.8731,28250000,1
1412616720000,1412616779000,0.87312,0.87312,0.87308,0.87308,40650000,1
1412616780000,1412616839000,0.87309,0.87312,0.87308,0.87309,37920000,1
1412616840000,1412616899000,0.8731,0.87331,0.8731,0.87323,49700000,1
1412616900000,1412616959000,0.87324,0.87326,0.87322,0.87322,14890000,1
1412616960000,1412617019000,0.87322,0.87332,0.87322,0.87322,30080000,1
1412617020000,1412617079000,0.87321,0.8734,0.87321,0.87333,58190000,1
1412617080000,1412617139000,0.87333,0.87352,0.87333,0.87352,33650000,1
1412617140000,1412617199000,0.87352,0.87354,0.87352,0.87354,4500000,1
1412617200000,1412617259000,0.87354,0.87361,0.87353,0.87361,10570000,1
1412617260000,1412617319000,0.87366,0.87368,0.87353,0.87353,18500000,1
1412617320000,1412617379000,0.87349,0.8735,0.87343,0.87343,9000000,1
1412617380000,1412617439000,0.87344,0.87346,0.87342,0.87342,6000000,1
1412617440000,1412617499000,0.87341,0.87341,0.87337,0.87337,12920000,1
1412617500000,1412617559000,0.87338,0.87338,0.87337,0.87337,11750000,1
1412617560000,1412617619000,0.87338,0.87338,0.87321,0.87328,32100000,1
1412617620000,1412617679000,0.87327,0.87335,0.87327,0.8733,19480000,1
1412617680000,1412617739000,0.87332,0.8734,0.87328,0.8734,40280000,1
1412617740000,1412617799000,0.8734,0.8734,0.8734,0.8734,3750000,1
1412617800000,1412617859000,0.8734,0.8734,0.87337,0.8734,14450000,1
1412617860000,1412617919000,0.87341,0.87341,0.87335,0.87337,15110000,1
1412617920000,1412617979000,0.87337,0.87337,0.8733,0.87337,16750000,1
1412617980000,1412618039000,0.87338,0.87342,0.87336,0.87342,20550000,1
1412618040000,1412618099000,0.87341,0.87341,0.87341,0.87341,3000000,1
1412618100000,1412618159000,0.87342,0.87342,0.8734,0.8734,3500000,1
1412618160000,1412618219000,0.8734,0.87349,0.87339,0.87349,39980000,1
1412618220000,1412618279000,0.87349,0.87364,0.87349,0.8736,21850000,1
1412618280000,1412618339000,0.8736,0.87363,0.87359,0.87362,15110000,1
1412618340000,1412618399000,0.87362,0.87362,0.87348,0.87348,20940000,1
1412618400000,1412618459000,0.87348,0.87349,0.87348,0.87348,40240000,1
1412618460000,1412618519000,0.87348,0.87362,0.87348,0.87361,17890000,1
1412618520000,1412618579000,0.87361,0.87368,0.87361,0.87362,47320000,1
1412618580000,1412618639000,0.87362,0.87368,0.87362,0.87368,55190000,1
1412618640000,1412618699000,0.87368,0.87389,0.87368,0.87382,48610000,1
1412618700000,1412618759000,0.87384,0.87391,0.87384,0.87391,41260000,1
1412618760000,1412618819000,0.87392,0.87396,0.87386,0.87396,67620000,1
1412618820000,1412618879000,0.87396,0.87404,0.87392,0.87392,49350000,1
1412618880000,1412618939000,0.87392,0.87397,0.87383,0.87397,24390000,1
1412618940000,1412618999000,0.87398,0.874,0.87398,0.87399,9500000,1
1412619000000,1412619059000,0.87399,0.87412,0.87399,0.8741,37240000,1
1412619060000,1412619119000,0.8741,0.87435,0.8741,0.87432,40670000,1
1412619120000,1412619179000,0.87434,0.87487,0.87434,0.87482,86480000,1
1412619180000,1412619239000,0.87483,0.87499,0.87472,0.87473,78230000,1
1412619240000,1412619299000,0.87473,0.87473,0.87455,0.87457,38580000,1
1412619300000,1412619359000,0.87457,0.8746,0.87452,0.87452,46650000,1
1412619360000,1412619419000,0.87452,0.87458,0.8744,0.87452,29840000,1
1412619420000,1412619479000,0.87452,0.87452,0.87429,0.87442,40460000,1
1412619480000,1412619539000,0.87442,0.87442,0.87433,0.87435,18000000,1
1412619540000,1412619599000,0.87435,0.87435,0.87424,0.87424,26600000,1
1412619600000,1412619659000,0.87423,0.87427,0.87406,0.87422,83600000,1
1412619660000,1412619719000,0.87422,0.87429,0.87407,0.87413,53840000,1
1412619720000,1412619779000,0.87411,0.87411,0.87386,0.87387,36530000,1
1412619780000,1412619839000,0.87387,0.87411,0.87384,0.87411,25430000,1
1412619840000,1412619899000,0.87411,0.87421,0.87411,0.87418,27000000,1
1412619900000,1412619959000,0.8742,0.87456,0.8742,0.87447,64430000,1
1412619960000,1412620019000,0.87448,0.87448,0.87421,0.87423,64700000,1
1412620020000,1412620079000,0.87422,0.87426,0.87422,0.87425,12830000,1
1412620080000,1412620139000,0.87426,0.87431,0.87423,0.87427,34230000,1
1412620140000,1412620199000,0.87428,0.8743,0.87416,0.87427,36860000,1
1412620200000,1412620259000,0.87423,0.87429,0.87419,0.87421,50760000,1
1412620260000,1412620319000,0.87421,0.87429,0.87421,0.87429,14900000,1
1412620320000,1412620379000,0.87429,0.87453,0.8742,0.87453,42990000,1
1412620380000,1412620439000,0.87457,0.87581,0.87457,0.87581,220610000,1
1412620440000,1412620499000,0.87579,0.87582,0.87545,0.87557,169570000,1
1412620500000,1412620559000,0.87558,0.87582,0.87558,0.87581,123500000,1
1412620560000,1412620619000,0.87579,0.87579,0.87537,0.87547,95620000,1
1412620620000,1412620679000,0.87547,0.8756,0.87535,0.87558,82030000,1
1412620680000,1412620739000,0.87559,0.8756,0.87539,0.87539,47470000,1
1412620740000,1412620799000,0.87539,0.87551,0.87532,0.87532,67160000,1
1412620800000,1412620859000,0.87532,0.87551,0.87532,0.87548,32070000,1
1412620860000,1412620919000,0.87546,0.87546,0.87529,0.87532,47070000,1
1412620920000,1412620979000,0.87532,0.87541,0.87507,0.87521,113490000,1
1412620980000,1412621039000,0.87521,0.87521,0.87507,0.87507,61000000,1
1412621040000,1412621099000,0.87507,0.87507,0.87486,0.87498,79260000,1
1412621100000,1412621159000,0.87498,0.87501,0.87484,0.87487,36000000,1
1412621160000,1412621219000,0.87488,0.87498,0.87478,0.8748,55920000,1
1412621220000,1412621279000,0.8748,0.8749,0.8748,0.87488,35500000,1
1412621280000,1412621339000,0.87488,0.87489,0.87475,0.87481,67480000,1
1412621340000,1412621399000,0.87481,0.87489,0.87481,0.87484,27570000,1
1412621400000,1412621459000,0.87484,0.87488,0.87477,0.87488,21940000,1
1412621460000,1412621519000,0.87487,0.87487,0.87482,0.87482,13000000,1
1412621520000,1412621579000,0.87485,0.87488,0.87482,0.87483,28250000,1
1412621580000,1412621639000,0.87481,0.87481,0.87467,0.87467,31150000,1
1412621640000,1412621699000,0.87467,0.87471,0.87463,0.87471,24000000,1
1412621700000,1412621759000,0.87471,0.87471,0.87466,0.8747,45000000,1
1412621760000,1412621819000,0.87469,0.87486,0.87468,0.8748,55000000,1
1412621820000,1412621879000,0.8748,0.87489,0.87472,0.87489,57420000,1
1412621880000,1412621939000,0.87488,0.8751,0.8748,0.8751,71720000,1
1412621940000,1412621999000,0.8751,0.87522,0.87505,0.8751,150290000,1
1412622000000,1412622059000,0.8751,0.8751,0.87501,0.87502,33170000,1
1412622060000,1412622119000,0.87501,0.87501,0.87494,0.87497,24100000,1
1412622120000,1412622179000,0.87499,0.87501,0.87481,0.87481,32590000,1
1412622180000,1412622239000,0.87478,0.87481,0.87469,0.8748,28190000,1
1412622240000,1412622299000,0.87482,0.87482,0.87477,0.87477,40070000,1
1412622300000,1412622359000,0.87479,0.87482,0.87472,0.87472,33500000,1
1412622360000,1412622419000,0.87472,0.87484,0.87472,0.87484,10250000,1
1412622420000,1412622479000,0.87482,0.87482,0.8747,0.8748,23500000,1
1412622480000,1412622539000,0.87481,0.87482,0.87475,0.8748,27470000,1
1412622540000,1412622599000,0.87478,0.87495,0.87478,0.87488,35620000,1
1412622600000,1412622659000,0.87488,0.87498,0.87487,0.87487,31000000,1
1412622660000,1412622719000,0.87487,0.87491,0.87487,0.8749,8000000,1
1412622720000,1412622779000,0.87491,0.87501,0.8749,0.87501,12150000,1
1412622780000,1412622839000,0.875,0.875,0.87497,0.87498,8000000,1
1412622840000,1412622899000,0.87497,0.87498,0.87497,0.87498,8570000,1
1412622900000,1412622959000,0.87498,0.87521,0.87498,0.87521,30490000,1
1412622960000,1412623019000,0.87522,0.87531,0.8752,0.87523,50170000,1
1412623020000,1412623079000,0.87525,0.87528,0.87522,0.87528,31500000,1
1412623080000,1412623139000,0.87528,0.87528,0.8752,0.87522,17000000,1
1412623140000,1412623199000,0.8752,0.87527,0.87519,0.8752,54180000,1
1412623200000,1412623259000,0.87522,0.87547,0.87522,0.87547,54340000,1
1412623260000,1412623319000,0.87547,0.87552,0.87547,0.87551,24120000,1
1412623320000,1412623379000,0.87553,0.87568,0.87549,0.87568,64410000,1
1412623380000,1412623439000,0.87567,0.87573,0.87558,0.87563,46990000,1
1412623440000,1412623499000,0.8756,0.8756,0.87554,0.87557,14100000,1
1412623500000,1412623559000,0.87559,0.87559,0.87557,0.87558,8100000,1
1412623560000,1412623619000,0.87557,0.87558,0.8755,0.87551,31590000,1
1412623620000,1412623679000,0.8755,0.8755,0.87544,0.87548,19000000,1
1412623680000,1412623739000,0.87548,0.87566,0.87548,0.87566,36590000,1
1412623740000,1412623799000,0.87567,0.87583,0.87567,0.8758,69410000,1
1412623800000,1412623859000,0.8758,0.87593,0.8758,0.87589,52450000,1
1412623860000,1412623919000,0.87591,0.8765,0.87589,0.8763,151460000,1
1412623920000,1412623979000,0.8763,0.87709,0.8763,0.87708,189550000,1
1412623980000,1412624039000,0.87708,0.87736,0.87678,0.87678,217020000,1
1412624040000,1412624099000,0.87677,0.8768,0.87667,0.8767,88240000,1
1412624100000,1412624159000,0.87669,0.87701,0.87648,0.87694,162640000,1
1412624160000,1412624219000,0.87696,0.87777,0.87696,0.87751,301230000,1
1412624220000,1412624279000,0.87749,0.87798,0.87728,0.87794,149200000,1
1412624280000,1412624339000,0.87793,0.87835,0.87763,0.87769,265300000,1
1412624340000,1412624399000,0.87769,0.87776,0.87749,0.8776,142020000,1
1412624400000,1412624459000,0.87757,0.8778,0.87757,0.87764,88320000,1
1412624460000,1412624519000,0.87765,0.87771,0.87742,0.87747,89890000,1
1412624520000,1412624579000,0.87752,0.87759,0.87731,0.87733,54000000,1
1412624580000,1412624639000,0.87738,0.87767,0.87738,0.87743,89650000,1
1412624640000,1412624699000,0.87743,0.87743,0.87715,0.87719,40500000,1
1412624700000,1412624759000,0.87721,0.87731,0.87709,0.8773,100340000,1
1412624760000,1412624819000,0.8773,0.8774,0.87719,0.87737,78340000,1
1412624820000,1412624879000,0.87739,0.87741,0.87649,0.87651,157450000,1
1412624880000,1412624939000,0.87652,0.87662,0.8764,0.8765,94430000,1
1412624940000,1412624999000,0.87653,0.87665,0.87651,0.87653,86290000,1
1412625000000,1412625059000,0.87653,0.87663,0.87639,0.87645,136600000,1
1412625060000,1412625119000,0.87641,0.87652,0.87633,0.87633,48010000,1
1412625120000,1412625179000,0.87632,0.87643,0.87632,0.87642,38290000,1
1412625180000,1412625239000,0.87638,0.87639,0.87623,0.8763,73050000,1
1412625240000,1412625299000,0.8763,0.8764,0.87626,0.8764,27000000,1
1412625300000,1412625359000,0.87641,0.87642,0.87619,0.87621,44000000,1
1412625360000,1412625419000,0.87619,0.8762,0.8761,0.87612,43500000,1
1412625420000,1412625479000,0.87611,0.87612,0.87593,0.876,43000000,1
1412625480000,1412625539000,0.87602,0.87603,0.87574,0.87581,52130000,1
1412625540000,1412625599000,0.87581,0.87593,0.87567,0.87573,103500000,1
1412625600000,1412625659000,0.87572,0.87572,0.87553,0.87569,79100000,1
1412625660000,1412625719000,0.87571,0.8761,0.87569,0.8761,72670000,1
1412625720000,1412625779000,0.8761,0.87621,0.87604,0.87619,46860000,1
1412625780000,1412625839000,0.87619,0.87619,0.87612,0.87612,46460000,1
1412625840000,1412625899000,0.87612,0.87613,0.87592,0.87592,28820000,1
1412625900000,1412625959000,0.87593,0.87611,0.87592,0.87611,42850000,1
1412625960000,1412626019000,0.87611,0.87611,0.87594,0.87599,26130000,1
1412626020000,1412626079000,0.876,0.87608,0.87586,0.87587,49320000,1
1412626080000,1412626139000,0.87586,0.87592,0.87578,0.87591,70980000,1
1412626140000,1412626199000,0.87591,0.876,0.87591,0.876,53580000,1
1412626200000,1412626259000,0.87601,0.87602,0.87599,0.87599,10070000,1
1412626260000,1412626319000,0.876,0.87617,0.87598,0.87617,35740000,1
1412626320000,1412626379000,0.87618,0.87637,0.87618,0.87633,49390000,1
1412626380000,1412626439000,0.87632,0.87638,0.87632,0.87636,40470000,1
1412626440000,1412626499000,0.87636,0.87639,0.87633,0.87633,34780000,1
1412626500000,1412626559000,0.87634,0.87636,0.87634,0.87635,16500000,1
1412626560000,1412626619000,0.87636,0.87639,0.87633,0.87638,17750000,1
1412626620000,1412626679000,0.87639,0.87643,0.87639,0.87642,17400000,1
1412626680000,1412626739000,0.87642,0.87642,0.87642,0.87642,1000000,1
1412626740000,1412626799000,0.87641,0.87641,0.87629,0.8763,40610000,1
1412626800000,1412626859000,0.8763,0.87634,0.8763,0.8763,35070000,1
1412626860000,1412626919000,0.87631,0.87635,0.8763,0.87631,19690000,1
1412626920000,1412626979000,0.87631,0.87632,0.8763,0.87631,26250000,1
1412626980000,1412627039000,0.87631,0.87632,0.8763,0.87632,10640000,1
1412627040000,1412627099000,0.87632,0.87632,0.87628,0.87631,19670000,1
1412627100000,1412627159000,0.8763,0.87634,0.8763,0.87634,17890000,1
1412627160000,1412627219000,0.87634,0.87637,0.87628,0.8763,27420000,1
1412627220000,1412627279000,0.8763,0.8763,0.87628,0.87628,9500000,1
1412627280000,1412627339000,0.87629,0.87629,0.87629,0.87629,6250000,1
1412627340000,1412627399000,0.87628,0.87628,0.87602,0.8761,83960000,1
1412627400000,1412627459000,0.8761,0.8761,0.87587,0.87587,28100000,1
1412627460000,1412627519000,0.87587,0.87591,0.87587,0.8759,14820000,1
1412627520000,1412627579000,0.8759,0.8759,0.87586,0.87589,18350000,1
1412627580000,1412627639000,0.87592,0.87603,0.87592,0.87603,16070000,1
1412627640000,1412627699000,0.87604,0.87609,0.87597,0.876,21270000,1
1412627700000,1412627759000,0.876,0.87602,0.87593,0.87602,22750000,1
1412627760000,1412627819000,0.87602,0.87606,0.87597,0.87604,20000000,1
1412627820000,1412627879000,0.87605,0.87617,0.87604,0.87616,37720000,1
1412627880000,1412627939000,0.87616,0.87616,0.87613,0.87613,44400000,1
1412627940000,1412627999000,0.87612,0.87623,0.87612,0.87621,28800000,1
1412628000000,1412628059000,0.87621,0.87622,0.87618,0.87619,35150000,1
1412628060000,1412628119000,0.87619,0.8762,0.87615,0.8762,23820000,1
1412628120000,1412628179000,0.87619,0.87643,0.87615,0.87632,60220000,1
1412628180000,1412628239000,0.87635,0.8764,0.87631,0.87631,34180000,1
1412628240000,1412628299000,0.87634,0.87634,0.8762,0.8762,20850000,1
1412628300000,1412628359000,0.8762,0.8762,0.87612,0.87619,35500000,1
1412628360000,1412628419000,0.87619,0.8762,0.87616,0.87616,11500000,1
1412628420000,1412628479000,0.87618,0.87619,0.87616,0.87619,7500000,1
1412628480000,1412628539000,0.87618,0.8763,0.87618,0.87628,17250000,1
1412628540000,1412628599000,0.87628,0.87633,0.87626,0.87627,23750000,1
1412628600000,1412628659000,0.87628,0.8763,0.87625,0.87625,19440000,1
1412628660000,1412628719000,0.87624,0.87624,0.87618,0.87624,37790000,1
1412628720000,1412628779000,0.87623,0.87624,0.87608,0.8761,24970000,1
1412628780000,1412628839000,0.87609,0.87616,0.87608,0.87616,11250000,1
1412628840000,1412628899000,0.87618,0.87618,0.87609,0.87609,22130000,1
1412628900000,1412628959000,0.87611,0.87617,0.87606,0.87612,44240000,1
1412628960000,1412629019000,0.87614,0.87644,0.87613,0.87613,75170000,1
1412629020000,1412629079000,0.87615,0.8762,0.87604,0.87605,20700000,1
1412629080000,1412629139000,0.87614,0.87625,0.87614,0.87618,48830000,1
1412629140000,1412629199000,0.87621,0.87625,0.87617,0.87621,24540000,1
1412629200000,1412629259000,0.87616,0.87624,0.87616,0.87619,1550000,1
1412629260000,1412629319000,0.87621,0.87621,0.87612,0.87612,400000,1
1412629320000,1412629379000,0.87608,0.8761,0.87607,0.8761,350000,1
1412629380000,1412629439000,0.87611,0.87616,0.87611,0.87616,400000,1
1412629440000,1412629499000,0.87612,0.87615,0.87603,0.87615,16650000,1
1412629500000,1412629559000,0.87614,0.8763,0.87606,0.87611,27340000,1
1412629560000,1412629619000,0.87611,0.87627,0.87609,0.87625,31720000,1
1412629620000,1412629679000,0.87623,0.87624,0.87621,0.87624,10500000,1
1412629680000,1412629739000,0.8763,0.87635,0.8763,0.87634,31800000,1
1412629740000,1412629799000,0.87634,0.87634,0.87631,0.87631,20250000,1
1412629800000,1412629859000,0.8763,0.87631,0.8763,0.8763,15670000,1
1412629860000,1412629919000,0.8763,0.87645,0.8763,0.87638,33520000,1
1412629920000,1412629979000,0.8764,0.87658,0.8764,0.87658,67500000,1
1412629980000,1412630039000,0.87658,0.87676,0.8765,0.8765,110730000,1
1412630040000,1412630099000,0.8765,0.87666,0.87621,0.87629,71870000,1
1412630100000,1412630159000,0.87629,0.8763,0.87629,0.87629,4800000,1
1412630160000,1412630219000,0.87627,0.87628,0.87626,0.87626,23700000,1
1412630220000,1412630279000,0.87627,0.87633,0.87626,0.87633,27000000,1
1412630280000,1412630339000,0.87629,0.87655,0.87629,0.87641,13810000,1
1412630340000,1412630399000,0.87641,0.87651,0.87637,0.87651,18370000,1
1412630400000,1412630459000,0.87651,0.87653,0.87651,0.87653,10920000,1
1412630460000,1412630519000,0.87653,0.87653,0.87642,0.87646,9400000,1
1412630520000,1412630579000,0.87645,0.87645,0.87645,0.87645,3270000,1
1412630580000,1412630639000,0.87645,0.87645,0.87642,0.87642,8540000,1
1412630640000,1412630699000,0.87642,0.87642,0.87642,0.87642,1100000,1
1412630700000,1412630759000,0.87643,0.87643,0.87642,0.87642,2000000,1
1412630760000,1412630819000,0.87643,0.87643,0.87643,0.87643,1000000,1
1412630820000,1412630879000,0.87642,0.87642,0.87642,0.87642,7710000,1
1412630880000,1412630939000,0.87643,0.87643,0.87642,0.87642,3070000,1
1412630940000,1412630999000,0.87642,0.87643,0.87642,0.87642,3000000,1
1412631000000,1412631059000,0.87643,0.87643,0.87642,0.87642,2500000,1
1412631060000,1412631119000,0.87643,0.87643,0.87634,0.87634,3500000,1
1412631120000,1412631179000,0.87633,0.87647,0.87632,0.87642,23870000,1
1412631180000,1412631239000,0.87643,0.87657,0.87638,0.87657,28600000,1
1412631240000,1412631299000,0.87656,0.87656,0.8763,0.87635,28920000,1
1412631300000,1412631359000,0.87634,0.87638,0.8763,0.87632,30710000,1
1412631360000,1412631419000,0.8763,0.87633,0.8763,0.87631,46750000,1
1412631420000,1412631479000,0.8763,0.87657,0.87628,0.87628,54600000,1
1412631480000,1412631539000,0.87628,0.87628,0.87626,0.87627,5650000,1
1412631540000,1412631599000,0.87626,0.87626,0.87626,0.87626,2000000,1
1412631600000,1412631659000,0.87626,0.87626,0.87617,0.8762,13500000,1
1412631660000,1412631719000,0.87619,0.8762,0.87618,0.8762,3000000,1
1412631720000,1412631779000,0.87619,0.87621,0.87617,0.87617,14500000,1
1412631780000,1412631839000,0.87618,0.8762,0.8761,0.8761,24440000,1
1412631840000,1412631899000,0.8761,0.8761,0.87579,0.87593,62210000,1
1412631900000,1412631959000,0.87593,0.87613,0.87593,0.87611,52370000,1
1412631960000,1412632019000,0.87609,0.87611,0.87608,0.87608,5900000,1
1412632020000,1412632079000,0.87609,0.87614,0.87609,0.87613,5920000,1
1412632080000,1412632139000,0.87613,0.87613,0.87608,0.8761,13650000,1
1412632140000,1412632199000,0.87612,0.87612,0.87598,0.87602,18920000,1
1412632200000,1412632259000,0.876,0.876,0.87592,0.87597,12170000,1
1412632320000,1412632379000,0.87603,0.87617,0.876,0.87608,47970000,1
1412632380000,1412632439000,0.87607,0.87611,0.87606,0.87606,35310000,1
1412632440000,1412632499000,0.87606,0.87635,0.87606,0.87634,82350000,1
1412632500000,1412632559000,0.87632,0.87639,0.87607,0.87622,105710000,1
1412632560000,1412632619000,0.87621,0.87622,0.8761,0.87622,31420000,1
1412632620000,1412632679000,0.87621,0.87622,0.87608,0.87609,64770000,1
1412632680000,1412632739000,0.87617,0.87619,0.87608,0.87611,92310000,1
1412632740000,1412632799000,0.87611,0.87611,0.87592,0.87592,67620000,1
1412632800000,1412632859000,0.87593,0.87599,0.87592,0.87595,22870000,1
1412632860000,1412632919000,0.87595,0.87595,0.87594,0.87594,2250000,1
1412632920000,1412632979000,0.87597,0.87598,0.87592,0.87592,17940000,1
1412632980000,1412633039000,0.87593,0.87606,0.8759,0.8759,30040000,1
1412633040000,1412633099000,0.8759,0.87594,0.87589,0.8759,12320000,1
1412633100000,1412633159000,0.8759,0.87593,0.87589,0.8759,15380000,1
1412633160000,1412633219000,0.87589,0.8759,0.87588,0.87588,9000000,1
1412633220000,1412633279000,0.87591,0.87601,0.87591,0.87601,42510000,1
1412633280000,1412633339000,0.87601,0.87624,0.87599,0.87611,71830000,1
1412633340000,1412633399000,0.87607,0.87612,0.87606,0.8761,61840000,1
1412633400000,1412633459000,0.8761,0.8761,0.87604,0.87604,39450000,1
1412633460000,1412633519000,0.87604,0.8761,0.87601,0.87602,40190000,1
1412633520000,1412633579000,0.87602,0.87604,0.87596,0.87604,15120000,1
1412633580000,1412633639000,0.87604,0.87604,0.87604,0.87604,2000000,1
1412633640000,1412633699000,0.87603,0.87603,0.87601,0.87601,14500000,1
1412633700000,1412633759000,0.87604,0.87609,0.876,0.87608,20570000,1
1412633760000,1412633819000,0.87608,0.8761,0.87595,0.87596,30270000,1
1412633820000,1412633879000,0.87601,0.87601,0.8759,0.87597,34500000,1
1412633880000,1412633939000,0.87597,0.87597,0.8759,0.87597,35500000,1
1412633940000,1412633999000,0.87597,0.8761,0.87597,0.8761,16100000,1
1412634000000,1412634059000,0.87609,0.87609,0.87608,0.87608,3000000,1
1412634060000,1412634119000,0.87607,0.87607,0.87602,0.87602,4750000,1
1412634180000,1412634239000,0.87604,0.87605,0.87604,0.87605,2000000,1
1412634240000,1412634299000,0.87604,0.87604,0.87597,0.87597,7000000,1
1412634420000,1412634479000,0.87598,0.87598,0.87595,0.87595,4000000,1
1412634480000,1412634539000,0.87596,0.87598,0.87596,0.87596,5000000,1
1412634540000,1412634599000,0.87596,0.87603,0.87591,0.87603,42380000,1
1412634600000,1412634659000,0.87604,0.87614,0.87604,0.87614,25210000,1
1412634660000,1412634719000,0.87615,0.87619,0.87615,0.87618,14500000,1
1412634720000,1412634779000,0.87615,0.87615,0.87613,0.87615,10000000,1
1412634780000,1412634839000,0.87616,0.87628,0.87612,0.87628,15120000,1
1412634840000,1412634899000,0.87627,0.87629,0.87624,0.87627,10500000,1
1412634900000,1412634959000,0.87628,0.87679,0.87628,0.87676,54200000,1
1412634960000,1412635019000,0.87679,0.87679,0.8766,0.87665,22920000,1
1412635020000,1412635079000,0.87667,0.87672,0.87666,0.87672,7000000,1
1412635080000,1412635139000,0.87673,0.87694,0.87673,0.87689,66160000,1
1412635140000,1412635199000,0.87689,0.87691,0.87689,0.87689,4500000,1
1412635200000,1412635259000,0.87689,0.87706,0.87689,0.87706,30500000,1
1412635260000,1412635319000,0.87705,0.87708,0.877,0.87707,22570000,1
1412635320000,1412635379000,0.87707,0.87711,0.87707,0.87708,10500000,1
1412635380000,1412635439000,0.87708,0.87713,0.87707,0.87708,30070000,1
1412635440000,1412635499000,0.87707,0.87707,0.87705,0.87705,4000000,1
1412635500000,1412635559000,0.87705,0.87705,0.87699,0.87699,10350000,1
1412635560000,1412635619000,0.87699,0.87702,0.87696,0.87702,23440000,1
1412635620000,1412635679000,0.87703,0.87711,0.87703,0.87707,13070000,1
1412635680000,1412635739000,0.87708,0.87738,0.87708,0.87718,78600000,1
1412635740000,1412635799000,0.87714,0.87714,0.8771,0.87714,22790000,1
1412635800000,1412635859000,0.87712,0.87712,0.87684,0.87684,28070000,1
1412635860000,1412635919000,0.87685,0.87687,0.87684,0.87684,10000000,1
1412635920000,1412635979000,0.87683,0.877,0.87681,0.877,26220000,1
1412635980000,1412636039000,0.877,0.877,0.87669,0.87669,70000000,1
1412636040000,1412636099000,0.87668,0.87674,0.87662,0.8767,35130000,1
1412636100000,1412636159000,0.87662,0.87667,0.87658,0.87664,35950000,1
1412636160000,1412636219000,0.87664,0.87668,0.87653,0.87655,42250000,1
1412636220000,1412636279000,0.87655,0.87656,0.87649,0.87654,25640000,1
1412636280000,1412636339000,0.87653,0.87653,0.87642,0.87646,20500000,1
1412636340000,1412636399000,0.87646,0.87646,0.8763,0.8763,30250000,1
1412636400000,1412636459000,0.8763,0.87675,0.87628,0.87672,86250000,1
1412636460000,1412636519000,0.8767,0.87673,0.8766,0.8766,32500000,1
1412636520000,1412636579000,0.8766,0.87665,0.87652,0.87653,27750000,1
1412636580000,1412636639000,0.87653,0.87658,0.87642,0.87645,21500000,1
1412636640000,1412636699000,0.87644,0.87651,0.87643,0.87651,12000000,1
1412636700000,1412636759000,0.87651,0.87663,0.87651,0.87662,9000000,1
1412636760000,1412636819000,0.87662,0.87671,0.87661,0.87671,22250000,1
1412636820000,1412636879000,0.8767,0.8769,0.8767,0.87685,39250000,1
1412636880000,1412636939000,0.87687,0.87687,0.87663,0.87682,42750000,1
1412636940000,1412636999000,0.87684,0.87684,0.87675,0.87675,11000000,1
1412637000000,1412637059000,0.87675,0.87676,0.87674,0.87676,20220000,1
1412637060000,1412637119000,0.87676,0.87687,0.87676,0.87687,12390000,1
1412637120000,1412637179000,0.87686,0.87688,0.87686,0.87687,6000000,1
1412637180000,1412637239000,0.87684,0.87684,0.87648,0.87656,63940000,1
1412637240000,1412637299000,0.87656,0.87659,0.87656,0.87658,7650000,1
1412637300000,1412637359000,0.87658,0.87677,0.87658,0.87677,32920000,1
1412637360000,1412637419000,0.87677,0.87677,0.87677,0.87677,7890000,1
1412637420000,1412637479000,0.87677,0.87677,0.87676,0.87677,18250000,1
1412637480000,1412637539000,0.87676,0.87678,0.87676,0.87678,2000000,1
1412637540000,1412637599000,0.87677,0.87687,0.87677,0.87687,10570000,1
1412637600000,1412637659000,0.87686,0.8769,0.87686,0.87689,24420000,1
1412637660000,1412637719000,0.87689,0.87689,0.87682,0.87682,11850000,1
1412637720000,1412637779000,0.87682,0.87683,0.87682,0.87683,2500000,1
1412637780000,1412637839000,0.87683,0.87688,0.87677,0.8768,36250000,1
1412637840000,1412637899000,0.87682,0.8769,0.87681,0.87688,23550000,1
1412637900000,1412637959000,0.87688,0.87688,0.87687,0.87687,7070000,1
1412637960000,1412638019000,0.87687,0.87689,0.87687,0.87688,12570000,1
1412638020000,1412638079000,0.87688,0.87688,0.87688,0.87688,16740000,1
1412638080000,1412638139000,0.87689,0.87689,0.87687,0.87687,11250000,1
1412638140000,1412638199000,0.87687,0.87687,0.87687,0.87687,4570000,1
1412638200000,1412638259000,0.87688,0.8769,0.87688,0.87689,4000000,1
1412638260000,1412638319000,0.87687,0.87692,0.87687,0.87692,21460000,1
1412638320000,1412638379000,0.87692,0.87692,0.87687,0.87687,21670000,1
1412638380000,1412638439000,0.87685,0.87692,0.87685,0.87691,19600000,1
1412638440000,1412638499000,0.87691,0.87691,0.87682,0.87685,44110000,1
1412638500000,1412638559000,0.87685,0.87685,0.87672,0.87673,93580000,1
1412638560000,1412638619000,0.87673,0.87673,0.8767,0.8767,20250000,1
1412638620000,1412638679000,0.87669,0.8767,0.87669,0.8767,7500000,1
1412638680000,1412638739000,0.8767,0.87673,0.8767,0.87671,5500000,1
1412638740000,1412638799000,0.87671,0.87672,0.87669,0.87669,10500000,1
1412638800000,1412638859000,0.87668,0.87669,0.87668,0.87668,19250000,1
1412638860000,1412638919000,0.87669,0.8767,0.87667,0.87667,23950000,1
1412638920000,1412638979000,0.87667,0.87667,0.87666,0.87667,11500000,1
1412638980000,1412639039000,0.87667,0.87671,0.87667,0.87671,18760000,1
1412639040000,1412639099000,0.8767,0.87671,0.8767,0.8767,5250000,1
1412639100000,1412639159000,0.87669,0.87701,0.87669,0.8769,58000000,1
1412639160000,1412639219000,0.87689,0.87689,0.87677,0.87677,50340000,1
1412639220000,1412639279000,0.87678,0.87692,0.87678,0.87692,36930000,1
1412639280000,1412639339000,0.87692,0.87697,0.87692,0.87696,45460000,1
1412639340000,1412639399000,0.87696,0.87697,0.87677,0.87677,26070000,1
1412639400000,1412639459000,0.87677,0.87677,0.87676,0.87676,3570000,1
1412639460000,1412639519000,0.87675,0.87679,0.87675,0.87676,9250000,1
1412639520000,1412639579000,0.87678,0.87683,0.87677,0.87678,18740000,1
1412639580000,1412639639000,0.87678,0.87678,0.87677,0.87677,23400000,1
1412639640000,1412639699000,0.87678,0.87678,0.87677,0.87677,2000000,1
1412639700000,1412639759000,0.87677,0.87677,0.87675,0.87675,5500000,1
1412639760000,1412639819000,0.87676,0.87677,0.87675,0.87676,14380000,1
1412639820000,1412639879000,0.87679,0.87687,0.87677,0.87681,32460000,1
1412639880000,1412639939000,0.87682,0.87706,0.87682,0.87706,45650000,1
1412639940000,1412639999000,0.87709,0.8771,0.87694,0.87699,44570000,1
1412640000000,1412640059000,0.87698,0.87698,0.87677,0.87688,64540000,1
1412640060000,1412640119000,0.87688,0.87698,0.8768,0.87696,56060000,1
1412640120000,1412640179000,0.87697,0.8773,0.87697,0.87729,63910000,1
1412640180000,1412640239000,0.87729,0.87738,0.877,0.87725,77740000,1
1412640240000,1412640299000,0.87726,0.87767,0.87726,0.87767,55390000,1
1412640300000,1412640359000,0.8777,0.87782,0.8777,0.87782,17000000,1
1412640360000,1412640419000,0.87782,0.87793,0.87769,0.8777,52100000,1
1412640420000,1412640479000,0.8777,0.8777,0.87737,0.87748,73070000,1
1412640480000,1412640539000,0.87746,0.87746,0.87722,0.87733,42020000,1
1412640540000,1412640599000,0.87731,0.87731,0.87702,0.87711,48050000,1
1412640600000,1412640659000,0.87711,0.87714,0.87691,0.87714,55700000,1
1412640660000,1412640719000,0.87712,0.87712,0.87701,0.87701,17000000,1
1412640720000,1412640779000,0.87699,0.87708,0.87687,0.87707,22970000,1
1412640780000,1412640839000,0.87707,0.87715,0.87677,0.87684,172720000,1
1412640840000,1412640899000,0.87684,0.87685,0.8767,0.87675,59940000,1
1412640900000,1412640959000,0.87673,0.87706,0.87673,0.87678,106670000,1
1412640960000,1412641019000,0.87675,0.87678,0.87667,0.87678,60400000,1
1412641020000,1412641079000,0.87678,0.87688,0.87666,0.87666,75210000,1
1412641080000,1412641139000,0.87668,0.87678,0.87666,0.87676,49850000,1
1412641140000,1412641199000,0.8768,0.87689,0.87675,0.87677,45240000,1
1412641200000,1412641259000,0.87673,0.87674,0.8765,0.8765,43270000,1
1412641260000,1412641319000,0.87652,0.87697,0.87652,0.87695,102440000,1
1412641320000,1412641379000,0.87692,0.87692,0.8767,0.87675,43240000,1
1412641380000,1412641439000,0.87675,0.87697,0.87666,0.87695,74660000,1
1412641440000,1412641499000,0.87695,0.87695,0.87667,0.87673,39930000,1
1412641500000,1412641559000,0.87674,0.8768,0.87642,0.87646,68890000,1
1412641560000,1412641619000,0.87647,0.8766,0.87647,0.87658,27610000,1
1412641620000,1412641679000,0.87661,0.87667,0.87659,0.87659,46190000,1
1412641680000,1412641739000,0.8766,0.87663,0.87657,0.87658,36450000,1
1412641740000,1412641799000,0.87659,0.8767,0.87655,0.87658,74600000,1
1412641800000,1412641859000,0.87658,0.87667,0.87658,0.8766,31880000,1
1412641860000,1412641919000,0.87659,0.87662,0.87648,0.87654,49820000,1
1412641920000,1412641979000,0.87654,0.87659,0.87649,0.87657,44790000,1
1412641980000,1412642039000,0.87657,0.87657,0.87643,0.87646,26930000,1
1412642040000,1412642099000,0.87646,0.87665,0.87646,0.87665,48300000,1
1412642100000,1412642159000,0.87665,0.87667,0.87651,0.87651,47970000,1
1412642160000,1412642219000,0.87651,0.87654,0.87627,0.87636,77780000,1
1412642220000,1412642279000,0.87635,0.87637,0.87627,0.87635,46210000,1
1412642280000,1412642339000,0.87635,0.87639,0.87631,0.87631,29060000,1
1412642340000,1412642399000,0.87631,0.87649,0.87631,0.87638,32580000,1
1412642400000,1412642459000,0.87638,0.87646,0.87625,0.87646,70130000,1
1412642460000,1412642519000,0.87646,0.87657,0.8764,0.87646,59300000,1
1412642520000,1412642579000,0.87645,0.87647,0.87627,0.87627,32500000,1
1412642580000,1412642639000,0.87624,0.87634,0.87623,0.87633,46000000,1
1412642640000,1412642699000,0.87631,0.87633,0.87617,0.8763,42260000,1
1412642700000,1412642759000,0.87632,0.87634,0.87624,0.87634,50810000,1
1412642760000,1412642819000,0.87636,0.87642,0.87619,0.87624,81950000,1
1412642820000,1412642879000,0.87622,0.87631,0.87615,0.87624,74280000,1
1412642880000,1412642939000,0.87622,0.87623,0.87603,0.87605,43580000,1
1412642940000,1412642999000,0.87606,0.87613,0.87599,0.87607,52720000,1
1412643000000,1412643059000,0.87608,0.87612,0.87607,0.8761,25000000,1
1412643060000,1412643119000,0.87612,0.87614,0.8759,0.87597,48070000,1
1412643120000,1412643179000,0.876,0.87606,0.87597,0.87603,47040000,1
1412643180000,1412643239000,0.87602,0.87603,0.87574,0.87582,76710000,1
1412643240000,1412643299000,0.8758,0.87581,0.8756,0.87568,47840000,1
1412643300000,1412643359000,0.8757,0.87576,0.87565,0.87565,66140000,1
1412643360000,1412643419000,0.87566,0.87578,0.87565,0.87565,52320000,1
1412643420000,1412643479000,0.87565,0.87568,0.87529,0.8753,72360000,1
1412643480000,1412643539000,0.87527,0.87527,0.87497,0.87512,102390000,1
1412643540000,1412643599000,0.87508,0.87511,0.87502,0.87511,49650000,1
1412643600000,1412643659000,0.87511,0.87521,0.87511,0.87521,67950000,1
1412643660000,1412643719000,0.87521,0.87526,0.87514,0.87516,58810000,1
1412643720000,1412643779000,0.87514,0.87515,0.87452,0.87453,88880000,1
1412643780000,1412643839000,0.87453,0.87472,0.87453,0.87465,132790000,1
1412643840000,1412643899000,0.87465,0.87465,0.87437,0.87437,54780000,1
1412643900000,1412643959000,0.87437,0.87454,0.87429,0.87434,97320000,1
1412643960000,1412644019000,0.87434,0.8746,0.87406,0.8746,137220000,1
1412644020000,1412644079000,0.87459,0.87478,0.87444,0.87446,81870000,1
1412644080000,1412644139000,0.87446,0.87473,0.87441,0.8747,65740000,1
1412644140000,1412644199000,0.8747,0.87482,0.8747,0.87477,51350000,1
1412644200000,1412644259000,0.87477,0.87497,0.87465,0.87491,68470000,1
1412644260000,1412644319000,0.87489,0.87496,0.87454,0.87458,88180000,1
1412644320000,1412644379000,0.87456,0.87473,0.87447,0.87458,43960000,1
1412644380000,1412644439000,0.87456,0.87482,0.87447,0.87447,79790000,1
1412644440000,1412644499000,0.87447,0.87466,0.87447,0.87458,50370000,1
1412644500000,1412644559000,0.87458,0.87466,0.87457,0.87459,18070000,1
1412644560000,1412644619000,0.87458,0.87478,0.87452,0.87478,30300000,1
1412644620000,1412644679000,0.87485,0.87498,0.87479,0.8749,83050000,1
1412644680000,1412644739000,0.87491,0.8751,0.87489,0.875,79720000,1
1412644740000,1412644799000,0.87506,0.87522,0.87506,0.87518,69670000,1
1412644800000,1412644859000,0.87515,0.87542,0.87515,0.8753,92510000,1
1412644860000,1412644919000,0.87529,0.87538,0.87527,0.87534,58860000,1
1412644920000,1412644979000,0.87534,0.87542,0.87527,0.87536,28250000,1
1412644980000,1412645039000,0.87536,0.87536,0.87517,0.8753,64730000,1
1412645040000,1412645099000,0.8753,0.87545,0.8753,0.87538,43600000,1
1412645160000,1412645219000,0.87537,0.87538,0.87537,0.87538,2500000,1
1412645220000,1412645279000,0.87538,0.87538,0.87525,0.87527,27140000,1
1412645280000,1412645339000,0.87528,0.8754,0.87528,0.87538,24710000,1
1412645340000,1412645399000,0.87538,0.87538,0.875,0.875,61290000,1
1412645400000,1412645459000,0.87501,0.87515,0.87462,0.87466,109130000,1
1412645460000,1412645519000,0.87466,0.87486,0.87432,0.87432,95130000,1
1412645520000,1412645579000,0.87429,0.87447,0.87429,0.87437,52140000,1
1412645580000,1412645639000,0.87436,0.87436,0.87428,0.87431,31570000,1
1412645640000,1412645699000,0.87431,0.87438,0.87414,0.87438,60990000,1
1412645700000,1412645759000,0.87437,0.87476,0.87437,0.87467,44740000,1
1412645760000,1412645819000,0.87467,0.87469,0.8745,0.87457,61140000,1
1412645820000,1412645879000,0.87457,0.87462,0.87443,0.87443,57930000,1
1412645880000,1412645939000,0.87442,0.87458,0.87431,0.87448,92250000,1
1412645940000,1412645999000,0.87444,0.87457,0.87439,0.87445,48240000,1
1412646000000,1412646059000,0.87445,0.87447,0.87426,0.87428,60700000,1
1412646060000,1412646119000,0.8743,0.87436,0.87408,0.87417,120440000,1
1412646120000,1412646179000,0.87417,0.87426,0.87401,0.87407,65650000,1
1412646180000,1412646239000,0.87411,0.87465,0.87411,0.87439,102890000,1
1412646240000,1412646299000,0.87438,0.87445,0.87437,0.87442,45970000,1
1412646300000,1412646359000,0.87442,0.87443,0.87419,0.87427,68530000,1
1412646360000,1412646419000,0.87426,0.87429,0.874,0.87429,93650000,1
1412646420000,1412646479000,0.87429,0.87434,0.87427,0.87434,41750000,1
1412646480000,1412646539000,0.87435,0.87442,0.87419,0.87426,65750000,1
1412646540000,1412646599000,0.87426,0.87451,0.87426,0.8745,75180000,1
1412646600000,1412646659000,0.87448,0.87448,0.87428,0.87428,38000000,1
1412646660000,1412646719000,0.87426,0.87435,0.87417,0.87429,62790000,1
1412646720000,1412646779000,0.87429,0.87446,0.87429,0.87435,62100000,1
1412646780000,1412646839000,0.87435,0.87463,0.87435,0.87457,89130000,1
1412646840000,1412646899000,0.87458,0.87458,0.87455,0.87455,14000000,1
1412646900000,1412646959000,0.87455,0.87455,0.87448,0.87448,20000000,1
1412646960000,1412647019000,0.87448,0.87473,0.87441,0.8746,128490000,1
1412647020000,1412647079000,0.8746,0.87474,0.87459,0.87465,86460000,1
1412647080000,1412647139000,0.87465,0.87465,0.87462,0.87465,45790000,1
1412647140000,1412647199000,0.87466,0.87467,0.87455,0.87464,68610000,1
1412647200000,1412647259000,0.87466,0.87476,0.87458,0.87467,66250000,1
1412647260000,1412647319000,0.87466,0.87466,0.8746,0.87463,29060000,1
1412647320000,1412647379000,0.87463,0.87465,0.87461,0.87464,23360000,1
1412647380000,1412647439000,0.87466,0.87479,0.87455,0.87478,35660000,1
1412647440000,1412647499000,0.87475,0.87477,0.8747,0.8747,26890000,1
1412647500000,1412647559000,0.87472,0.87477,0.87472,0.87477,16400000,1
1412647560000,1412647619000,0.87477,0.87478,0.87469,0.87478,27870000,1
1412647620000,1412647679000,0.87474,0.87474,0.87469,0.87469,5000000,1
1412647680000,1412647739000,0.87467,0.87467,0.87435,0.87445,72450000,1
1412647740000,1412647799000,0.87445,0.87455,0.87439,0.8744,63840000,1
1412647800000,1412647859000,0.8744,0.87447,0.87427,0.87447,47250000,1
1412647860000,1412647919000,0.87446,0.87453,0.87436,0.87436,32000000,1
1412647920000,1412647979000,0.87436,0.87445,0.87436,0.8744,15140000,1
1412647980000,1412648039000,0.8744,0.8744,0.87436,0.87436,12500000,1
1412648040000,1412648099000,0.87435,0.87443,0.87435,0.87442,23750000,1
1412648100000,1412648159000,0.87442,0.87442,0.87425,0.87425,37500000,1
1412648160000,1412648219000,0.87423,0.87423,0.87409,0.87416,40200000,1
1412648220000,1412648279000,0.87411,0.87413,0.874,0.87407,22200000,1
1412648280000,1412648339000,0.87406,0.87427,0.87406,0.87422,33670000,1
1412648340000,1412648399000,0.87421,0.87421,0.874,0.87402,57000000,1
1412648400000,1412648459000,0.87402,0.87415,0.87387,0.87387,58440000,1
1412648460000,1412648519000,0.87387,0.87387,0.87377,0.87378,48000000,1
1412648520000,1412648579000,0.87375,0.87377,0.87367,0.87377,33000000,1
1412648580000,1412648639000,0.87377,0.87377,0.87366,0.87374,32000000,1
1412648640000,1412648699000,0.87374,0.87381,0.87374,0.87374,21140000,1
1412648700000,1412648759000,0.87374,0.87375,0.87361,0.87366,39190000,1
1412648760000,1412648819000,0.87367,0.87368,0.87346,0.87346,32820000,1
1412648820000,1412648879000,0.87352,0.87355,0.87339,0.87339,54840000,1
1412648880000,1412648939000,0.87339,0.87339,0.87323,0.87328,83120000,1
1412648940000,1412648999000,0.87328,0.87341,0.87318,0.87326,77810000,1
1412649000000,1412649059000,0.87326,0.87336,0.87326,0.87335,56040000,1
1412649060000,1412649119000,0.87335,0.87338,0.87314,0.87333,77330000,1
1412649120000,1412649179000,0.87333,0.87335,0.87327,0.87332,55320000,1
1412649180000,1412649239000,0.87332,0.87336,0.87331,0.87331,13670000,1
1412649240000,1412649299000,0.87329,0.87333,0.87329,0.87333,30690000,1
1412649300000,1412649359000,0.87336,0.87349,0.87333,0.87337,62400000,1
1412649360000,1412649419000,0.87337,0.87337,0.87323,0.87326,28760000,1
1412649420000,1412649479000,0.87326,0.87334,0.87312,0.87331,86980000,1
1412649480000,1412649539000,0.87329,0.87345,0.87329,0.87345,57810000,1
1412649540000,1412649599000,0.87342,0.87353,0.8734,0.87353,62010000,1
1412649600000,1412649659000,0.87354,0.87367,0.87352,0.87367,47380000,1
1412649660000,1412649719000,0.87368,0.87373,0.87355,0.87361,44250000,1
1412649720000,1412649779000,0.8736,0.87374,0.8736,0.87374,17840000,1
1412649780000,1412649839000,0.87374,0.87378,0.87369,0.87374,44710000,1
1412649840000,1412649899000,0.87374,0.87374,0.8736,0.8736,52720000,1
1412649900000,1412649959000,0.87364,0.87366,0.87337,0.87337,59060000,1
1412649960000,1412650019000,0.87339,0.87345,0.87339,0.87344,72190000,1
1412650020000,1412650079000,0.87344,0.87345,0.87344,0.87345,46440000,1
1412650080000,1412650139000,0.87348,0.8737,0.87348,0.8737,27060000,1
1412650140000,1412650199000,0.8737,0.8737,0.87367,0.87367,14380000,1
1412650200000,1412650259000,0.87368,0.87384,0.87368,0.87381,48580000,1
1412650260000,1412650319000,0.87381,0.87394,0.87381,0.87394,29970000,1
1412650320000,1412650379000,0.87393,0.87398,0.87392,0.87397,14500000,1
1412650380000,1412650439000,0.87398,0.87418,0.87397,0.87404,55570000,1
1412650440000,1412650499000,0.87404,0.87407,0.87402,0.87402,24640000,1
1412650500000,1412650559000,0.87402,0.87411,0.874,0.874,33210000,1
1412650560000,1412650619000,0.87404,0.87407,0.8739,0.87407,50790000,1
1412650680000,1412650739000,0.87405,0.87406,0.87396,0.87396,27700000,1
1412650740000,1412650799000,0.87396,0.87397,0.87393,0.87397,15630000,1
1412650800000,1412650859000,0.87397,0.87442,0.87397,0.87429,105390000,1
1412650860000,1412650919000,0.87425,0.87425,0.87404,0.87404,50140000,1
1412650920000,1412650979000,0.87404,0.87408,0.87387,0.874,42430000,1
1412650980000,1412651039000,0.874,0.87408,0.87388,0.87388,31020000,1
1412651040000,1412651099000,0.87388,0.87417,0.87388,0.87417,51920000,1
1412651100000,1412651159000,0.87418,0.87443,0.87418,0.87437,60840000,1
1412651160000,1412651219000,0.87437,0.87437,0.8743,0.87436,22010000,1
1412651220000,1412651279000,0.87436,0.8744,0.8743,0.87434,76500000,1
1412651280000,1412651339000,0.87434,0.8744,0.87432,0.87438,15410000,1
1412651340000,1412651399000,0.87439,0.87453,0.87439,0.87453,15870000,1
1412651400000,1412651459000,0.87453,0.87535,0.87452,0.87487,127600000,1
1412651460000,1412651519000,0.87488,0.87503,0.87484,0.87497,70480000,1
1412651520000,1412651579000,0.87498,0.87503,0.87494,0.87498,55210000,1
1412651580000,1412651639000,0.87499,0.87535,0.87498,0.87528,67380000,1
1412651640000,1412651699000,0.8753,0.8753,0.87513,0.87513,35500000,1
1412651700000,1412651759000,0.87518,0.87526,0.87508,0.87525,50330000,1
1412651760000,1412651819000,0.87525,0.87526,0.87509,0.87512,76860000,1
1412651820000,1412651879000,0.87516,0.87516,0.87491,0.87496,63010000,1
1412651880000,1412651939000,0.87496,0.875,0.87489,0.87493,23570000,1
1412651940000,1412651999000,0.87495,0.87519,0.87494,0.87517,84870000,1
1412652000000,1412652059000,0.87513,0.8752,0.87498,0.87519,77490000,1
1412652060000,1412652119000,0.87519,0.87526,0.87505,0.87512,68070000,1
1412652120000,1412652179000,0.87513,0.87513,0.87492,0.87506,45320000,1
1412652180000,1412652239000,0.87507,0.87525,0.87507,0.87519,23070000,1
1412652240000,1412652299000,0.87519,0.87534,0.87507,0.87534,72870000,1
1412652300000,1412652359000,0.87534,0.87548,0.87519,0.87548,69610000,1
1412652360000,1412652419000,0.87548,0.87562,0.87545,0.87562,40800000,1
1412652420000,1412652479000,0.87562,0.8759,0.87562,0.87574,140000000,1
1412652480000,1412652539000,0.87573,0.87573,0.87562,0.87571,78530000,1
1412652540000,1412652599000,0.87569,0.8757,0.87496,0.87497,154770000,1
1412652600000,1412652659000,0.87497,0.87524,0.87354,0.87394,433860000,1
1412652660000,1412652719000,0.87395,0.87407,0.87263,0.87302,297450000,1
1412652720000,1412652779000,0.87302,0.87317,0.87272,0.87312,217480000,1
1412652780000,1412652839000,0.87312,0.87393,0.87312,0.87393,202850000,1
1412652840000,1412652899000,0.87399,0.87411,0.87359,0.87393,103900000,1
1412652900000,1412652959000,0.87395,0.87409,0.87374,0.87394,115630000,1
1412652960000,1412653019000,0.87397,0.87403,0.87383,0.87386,78090000,1
1412653020000,1412653079000,0.87386,0.87402,0.87383,0.87392,46330000,1
1412653080000,1412653139000,0.87393,0.87517,0.87393,0.87479,192640000,1
1412653140000,1412653199000,0.87476,0.87503,0.87461,0.87493,156450000,1
1412653200000,1412653259000,0.87492,0.87541,0.87485,0.87541,138320000,1
1412653260000,1412653319000,0.8754,0.87541,0.87499,0.87504,97830000,1
1412653320000,1412653379000,0.87504,0.87542,0.87504,0.87541,75460000,1
1412653380000,1412653439000,0.87541,0.87553,0.87534,0.87541,124300000,1
1412653440000,1412653499000,0.8754,0.87546,0.87483,0.87508,106620000,1
1412653500000,1412653559000,0.8751,0.87516,0.87507,0.87514,22750000,1
1412653560000,1412653619000,0.87517,0.87517,0.875,0.87515,61410000,1
1412653620000,1412653679000,0.87515,0.87515,0.87464,0.8747,58540000,1
1412653680000,1412653739000,0.87471,0.87482,0.8744,0.87446,119740000,1
1412653740000,1412653799000,0.87446,0.87465,0.8743,0.87465,108610000,1
1412653800000,1412653859000,0.87467,0.87467,0.87432,0.87434,109140000,1
1412653860000,1412653919000,0.87434,0.87434,0.8742,0.87421,33270000,1
1412653920000,1412653979000,0.87421,0.87421,0.87407,0.87414,52820000,1
1412653980000,1412654039000,0.87413,0.87433,0.87406,0.87428,73960000,1
1412654040000,1412654099000,0.87428,0.8743,0.87418,0.87423,27590000,1
1412654100000,1412654159000,0.87423,0.87426,0.87399,0.87405,24140000,1
1412654160000,1412654219000,0.87406,0.87429,0.87406,0.87422,44320000,1
1412654220000,1412654279000,0.87422,0.87459,0.87422,0.87458,61420000,1
1412654280000,1412654339000,0.87454,0.87455,0.87427,0.87435,52610000,1
1412654340000,1412654399000,0.87435,0.87435,0.8743,0.87433,24450000,1
1412654400000,1412654459000,0.8743,0.8743,0.87425,0.87426,20730000,1
1412654460000,1412654519000,0.87426,0.87453,0.87426,0.8745,23740000,1
1412654520000,1412654579000,0.87451,0.87477,0.87451,0.87456,49110000,1
1412654580000,1412654639000,0.87456,0.87475,0.87456,0.87475,32540000,1
1412654640000,1412654699000,0.87477,0.87489,0.87477,0.87489,40880000,1
1412654700000,1412654759000,0.87492,0.87503,0.8748,0.8748,52420000,1
1412654760000,1412654819000,0.8748,0.87486,0.87476,0.87484,35280000,1
1412654820000,1412654879000,0.87485,0.87501,0.87484,0.87501,25020000,1
1412654880000,1412654939000,0.87502,0.87515,0.87497,0.87506,55640000,1
1412654940000,1412654999000,0.87506,0.87528,0.87504,0.87526,45760000,1
1412655000000,1412655059000,0.87526,0.87526,0.8752,0.87521,29000000,1
1412655060000,1412655119000,0.87521,0.87528,0.87513,0.87517,44890000,1
1412655120000,1412655179000,0.87517,0.87521,0.87507,0.87515,38180000,1
1412655180000,1412655239000,0.87515,0.87526,0.87497,0.87498,35640000,1
1412655240000,1412655299000,0.875,0.87508,0.87492,0.87498,24920000,1
1412655300000,1412655359000,0.87498,0.87498,0.87456,0.87456,63000000,1
1412655360000,1412655419000,0.87456,0.87463,0.87447,0.87462,28560000,1
1412655420000,1412655479000,0.87463,0.87481,0.8746,0.87477,45270000,1
1412655480000,1412655539000,0.87477,0.87481,0.87457,0.87462,42120000,1
1412655540000,1412655599000,0.87459,0.87459,0.87441,0.87444,23220000,1
1412655600000,1412655659000,0.87445,0.87467,0.87445,0.87467,81980000,1
1412655660000,1412655719000,0.87467,0.87468,0.87464,0.87464,100510000,1
1412655720000,1412655779000,0.87467,0.87489,0.87467,0.87478,31700000,1
1412655780000,1412655839000,0.87477,0.87482,0.87476,0.87482,9650000,1
1412655840000,1412655899000,0.87481,0.87482,0.87478,0.87482,20710000,1
1412655900000,1412655959000,0.87481,0.87481,0.87477,0.87477,70690000,1
1412655960000,1412656019000,0.87478,0.87478,0.87478,0.87478,1000000,1
1412656020000,1412656079000,0.87476,0.87476,0.87465,0.87467,28320000,1
1412656080000,1412656139000,0.87466,0.87474,0.87466,0.87473,10020000,1
1412656140000,1412656199000,0.87473,0.87473,0.87473,0.87473,12750000,1
1412656200000,1412656259000,0.87472,0.87473,0.87472,0.87473,19310000,1
1412656260000,1412656319000,0.87471,0.87471,0.87466,0.87466,21720000,1
1412656320000,1412656379000,0.87467,0.87467,0.87455,0.87456,18500000,1
1412656380000,1412656439000,0.87458,0.87464,0.87455,0.87456,20370000,1
1412656440000,1412656499000,0.87456,0.8748,0.87442,0.87476,46970000,1
1412656500000,1412656559000,0.87476,0.87477,0.87471,0.87476,9500000,1
1412656560000,1412656619000,0.87477,0.87477,0.87476,0.87476,8500000,1
1412656620000,1412656679000,0.87476,0.87511,0.87476,0.87495,58690000,1
1412656680000,1412656739000,0.87498,0.87596,0.87498,0.87569,248970000,1
1412656740000,1412656799000,0.87568,0.8759,0.87544,0.87568,136060000,1
1412656800000,1412656859000,0.87565,0.87573,0.87539,0.87568,97920000,1
1412656860000,1412656919000,0.87572,0.87627,0.87549,0.87617,154300000,1
1412656920000,1412656979000,0.87618,0.87685,0.87611,0.87685,187610000,1
1412656980000,1412657039000,0.87687,0.87725,0.87662,0.87662,180760000,1
1412657040000,1412657099000,0.87661,0.87681,0.87635,0.87635,137600000,1
1412657100000,1412657159000,0.87634,0.87649,0.87608,0.8764,154690000,1
1412657160000,1412657219000,0.8764,0.87657,0.87612,0.87628,112610000,1
1412657220000,1412657279000,0.87625,0.87661,0.87615,0.87649,84480000,1
1412657280000,1412657339000,0.87649,0.87657,0.8764,0.87648,55610000,1
1412657340000,1412657399000,0.87648,0.87648,0.87623,0.87634,38810000,1
1412657400000,1412657459000,0.87633,0.87633,0.87596,0.87596,66220000,1
1412657460000,1412657519000,0.87595,0.87619,0.8759,0.87611,57460000,1
1412657520000,1412657579000,0.87611,0.87611,0.8757,0.87588,112320000,1
1412657580000,1412657639000,0.87587,0.87587,0.87571,0.87583,63050000,1
1412657640000,1412657699000,0.87583,0.87641,0.87583,0.87607,180280000,1
1412657700000,1412657759000,0.87607,0.87633,0.87607,0.87613,61780000,1
1412657760000,1412657819000,0.8761,0.8762,0.87607,0.87616,42790000,1
1412657820000,1412657879000,0.87616,0.87616,0.87587,0.87607,61630000,1
1412657880000,1412657939000,0.87607,0.87607,0.87587,0.87587,26010000,1
1412657940000,1412657999000,0.87587,0.87613,0.87577,0.87582,103910000,1
1412658000000,1412658059000,0.87579,0.87618,0.87578,0.87617,79220000,1
1412658060000,1412658119000,0.87616,0.8766,0.87609,0.8763,163470000,1
1412658120000,1412658179000,0.87631,0.87646,0.87619,0.87646,61880000,1
1412658180000,1412658239000,0.87648,0.87659,0.87638,0.87656,60320000,1
1412658240000,1412658299000,0.87657,0.87663,0.87648,0.87656,20870000,1
1412658300000,1412658359000,0.87657,0.87657,0.87627,0.87627,45510000,1
1412658360000,1412658419000,0.87629,0.87643,0.87627,0.87637,45830000,1
1412658420000,1412658479000,0.87637,0.87638,0.87637,0.87638,11000000,1
1412658540000,1412658599000,0.87638,0.87645,0.87632,0.87645,22890000,1
1412658600000,1412658659000,0.87645,0.87664,0.87641,0.87662,41670000,1
1412658660000,1412658719000,0.87661,0.87723,0.8765,0.87717,191530000,1
1412658720000,1412658779000,0.87716,0.87726,0.87682,0.87682,137690000,1
1412658780000,1412658839000,0.87683,0.8771,0.87683,0.87697,89700000,1
1412658840000,1412658899000,0.87695,0.87706,0.87677,0.87698,75690000,1
1412658900000,1412658959000,0.87697,0.87706,0.87679,0.87687,161780000,1
1412658960000,1412659019000,0.87686,0.87693,0.87677,0.87687,52090000,1
1412659020000,1412659079000,0.87686,0.87702,0.8768,0.87687,92950000,1
1412659080000,1412659139000,0.87687,0.87687,0.87667,0.87674,56820000,1
1412659140000,1412659199000,0.87674,0.87683,0.87667,0.8768,47720000,1
1412659200000,1412659259000,0.8768,0.87701,0.87676,0.87697,90510000,1
1412659260000,1412659319000,0.87699,0.87712,0.87689,0.87692,113790000,1
1412659320000,1412659379000,0.87692,0.87699,0.87677,0.87686,63470000,1
1412659380000,1412659439000,0.87686,0.87713,0.87686,0.87694,53210000,1
1412659440000,1412659499000,0.87693,0.87712,0.87685,0.87706,90470000,1
1412659500000,1412659559000,0.87707,0.87707,0.87689,0.87692,69530000,1
1412659560000,1412659619000,0.87693,0.87717,0.87693,0.87717,67600000,1
1412659620000,1412659679000,0.87716,0.87725,0.87715,0.87725,36040000,1
1412659680000,1412659739000,0.87725,0.87751,0.87725,0.87747,92880000,1
1412659740000,1412659799000,0.87747,0.87818,0.87747,0.87786,165180000,1
1412659800000,1412659859000,0.87786,0.87786,0.87758,0.87762,83250000,1
1412659860000,1412659919000,0.87762,0.87763,0.87749,0.87754,55900000,1
1412659920000,1412659979000,0.87754,0.87757,0.8774,0.8774,40060000,1
1412659980000,1412660039000,0.8774,0.87774,0.87729,0.87774,81600000,1
1412660040000,1412660099000,0.87773,0.87813,0.87768,0.87813,196040000,1
1412660100000,1412660159000,0.87812,0.87838,0.87798,0.87815,134110000,1
1412660160000,1412660219000,0.87817,0.87836,0.87797,0.87823,163680000,1
1412660220000,1412660279000,0.87822,0.87842,0.87803,0.87803,109880000,1
1412660280000,1412660339000,0.87801,0.87831,0.87796,0.87807,95800000,1
1412660340000,1412660399000,0.87807,0.87825,0.87802,0.87823,71650000,1
1412660400000,1412660459000,0.87824,0.87849,0.87824,0.87847,127650000,1
1412660460000,1412660519000,0.87847,0.87848,0.87822,0.87827,118510000,1
1412660520000,1412660579000,0.87827,0.87833,0.87788,0.87788,113200000,1
1412660580000,1412660639000,0.87788,0.87788,0.87767,0.87776,38750000,1
1412660640000,1412660699000,0.87777,0.87785,0.87757,0.87757,102630000,1
1412660700000,1412660759000,0.8776,0.87773,0.8776,0.87771,39180000,1
1412660760000,1412660819000,0.8777,0.8777,0.87757,0.87757,36000000,1
1412660820000,1412660879000,0.87757,0.87758,0.87745,0.87753,54180000,1
1412660880000,1412660939000,0.87753,0.87757,0.87753,0.87753,36250000,1
1412660940000,1412660999000,0.87752,0.87752,0.87739,0.8774,41300000,1
1412661000000,1412661059000,0.8774,0.87747,0.87737,0.87738,61960000,1
1412661060000,1412661119000,0.87738,0.87745,0.87714,0.87727,82310000,1
1412661120000,1412661179000,0.87724,0.87726,0.87687,0.87687,89650000,1
1412661180000,1412661239000,0.87687,0.87719,0.87687,0.87708,78760000,1
1412661240000,1412661299000,0.87712,0.87716,0.87702,0.87707,79700000,1
1412661300000,1412661359000,0.87706,0.87708,0.87676,0.87677,125160000,1
1412661360000,1412661419000,0.87677,0.87678,0.87655,0.87675,94110000,1
1412661420000,1412661479000,0.87675,0.87691,0.87666,0.87687,100970000,1
1412661480000,1412661539000,0.87688,0.87691,0.8768,0.8768,86450000,1
1412661540000,1412661599000,0.8768,0.87727,0.8768,0.87726,121070000,1
1412661600000,1412661659000,0.87727,0.87728,0.87704,0.87719,79560000,1
1412661660000,1412661719000,0.87719,0.87752,0.87719,0.87748,92790000,1
1412661720000,1412661779000,0.87749,0.87749,0.87725,0.87726,136130000,1
1412661780000,1412661839000,0.87724,0.87733,0.8771,0.87715,100390000,1
1412661840000,1412661899000,0.87716,0.8774,0.87716,0.87729,79670000,1
1412661900000,1412661959000,0.87731,0.87738,0.8773,0.8773,56560000,1
1412661960000,1412662019000,0.8773,0.87755,0.8773,0.87747,56910000,1
1412662020000,1412662079000,0.87745,0.87766,0.87742,0.87747,92540000,1
1412662080000,1412662139000,0.87747,0.87756,0.87717,0.87723,133050000,1
1412662140000,1412662199000,0.87722,0.87727,0.87707,0.87726,112440000,1
1412662200000,1412662259000,0.87727,0.87729,0.87721,0.87722,76640000,1
1412662260000,1412662319000,0.87724,0.87736,0.87722,0.87734,56300000,1
1412662320000,1412662379000,0.87734,0.87755,0.87732,0.87736,92450000,1
1412662380000,1412662439000,0.87736,0.87748,0.87731,0.87731,52240000,1
1412662440000,1412662499000,0.87731,0.87733,0.87721,0.87726,57070000,1
1412662500000,1412662559000,0.87725,0.8774,0.87725,0.87735,51700000,1
1412662560000,1412662619000,0.87735,0.87745,0.87732,0.87745,36410000,1
1412662620000,1412662679000,0.87745,0.8776,0.87745,0.87757,57020000,1
1412662680000,1412662739000,0.87756,0.87765,0.87755,0.87763,56400000,1
1412662740000,1412662799000,0.87762,0.87785,0.87762,0.87782,119330000,1
1412662800000,1412662859000,0.87782,0.87841,0.87782,0.87827,188930000,1
1412662860000,1412662919000,0.87825,0.87826,0.87799,0.87817,127360000,1
1412662920000,1412662979000,0.87817,0.87826,0.87809,0.87819,51130000,1
1412662980000,1412663039000,0.8782,0.87832,0.87808,0.87818,153160000,1
1412663040000,1412663099000,0.87818,0.87823,0.878,0.87805,89000000,1
1412663100000,1412663159000,0.87805,0.8781,0.878,0.878,52380000,1
1412663160000,1412663219000,0.87801,0.87824,0.87801,0.87818,70050000,1
1412663220000,1412663279000,0.87816,0.87817,0.87797,0.87797,57540000,1
1412663280000,1412663339000,0.87797,0.87806,0.87787,0.87806,60990000,1
1412663340000,1412663399000,0.87806,0.87807,0.87787,0.87806,56840000,1
1412663400000,1412663459000,0.87806,0.87806,0.87772,0.87777,35100000,1
1412663460000,1412663519000,0.87775,0.87775,0.87732,0.87737,119940000,1
1412663520000,1412663579000,0.87737,0.87747,0.87732,0.87732,59870000,1
1412663580000,1412663639000,0.87734,0.87746,0.87732,0.87732,101790000,1
1412663640000,1412663699000,0.87735,0.87747,0.87733,0.87747,68520000,1
1412663700000,1412663759000,0.87747,0.87779,0.87747,0.87768,62120000,1
1412663760000,1412663819000,0.87768,0.87797,0.87767,0.87789,64460000,1
1412663820000,1412663879000,0.87788,0.87795,0.87777,0.87777,83600000,1
1412663880000,1412663939000,0.87777,0.87789,0.87772,0.87785,52590000,1
1412663940000,1412663999000,0.87785,0.87789,0.87767,0.87767,65120000,1
1412664000000,1412664059000,0.87767,0.87778,0.87755,0.87757,80660000,1
1412664060000,1412664119000,0.87757,0.87776,0.87757,0.87768,43410000,1
1412664120000,1412664179000,0.87768,0.87768,0.87758,0.87763,33960000,1
1412664180000,1412664239000,0.87762,0.87787,0.87757,0.87786,64790000,1
1412664240000,1412664299000,0.87786,0.87796,0.87769,0.87769,62460000,1
1412664300000,1412664359000,0.87769,0.87798,0.87761,0.87794,88680000,1
1412664360000,1412664419000,0.87797,0.87837,0.87777,0.87817,211160000,1
1412664420000,1412664479000,0.87817,0.8784,0.87811,0.8784,79880000,1
1412664480000,1412664539000,0.8784,0.87848,0.8779,0.87795,99460000,1
1412664540000,1412664599000,0.87795,0.87845,0.87795,0.87845,105820000,1
1412664600000,1412664659000,0.87839,0.87861,0.87839,0.87839,62440000,1
1412664660000,1412664719000,0.87839,0.87864,0.87837,0.87862,99580000,1
1412664720000,1412664779000,0.87859,0.87881,0.8785,0.87868,78310000,1
1412664780000,1412664839000,0.87868,0.87877,0.87863,0.87869,94200000,1
1412664840000,1412664899000,0.87869,0.87925,0.87869,0.87925,170120000,1
1412664900000,1412664959000,0.87925,0.87953,0.87917,0.87947,192550000,1
1412664960000,1412665019000,0.87947,0.87949,0.8791,0.87919,124020000,1
1412665020000,1412665079000,0.87921,0.87925,0.87899,0.87908,106520000,1
1412665080000,1412665139000,0.87912,0.87939,0.8791,0.87936,97270000,1
1412665140000,1412665199000,0.87936,0.87958,0.87932,0.87934,79950000,1
1412665200000,1412665259000,0.87935,0.87954,0.87932,0.87936,82090000,1
1412665260000,1412665319000,0.87936,0.87961,0.8793,0.87933,129740000,1
1412665320000,1412665379000,0.87933,0.87959,0.87917,0.87953,110380000,1
1412665380000,1412665439000,0.87957,0.87993,0.87956,0.87987,150830000,1
1412665440000,1412665499000,0.87988,0.8802,0.8798,0.8798,167660000,1
1412665500000,1412665559000,0.8798,0.87992,0.8797,0.8799,110570000,1
1412665560000,1412665619000,0.87994,0.88051,0.87992,0.88041,189810000,1
1412665620000,1412665679000,0.88036,0.88036,0.8799,0.87998,208880000,1
1412665680000,1412665739000,0.87998,0.88006,0.8798,0.88006,105830000,1
1412665740000,1412665799000,0.88008,0.88041,0.88,0.88039,120940000,1
1412665800000,1412665859000,0.88039,0.88082,0.88039,0.8808,132920000,1
1412665860000,1412665919000,0.88079,0.88103,0.88051,0.8808,193210000,1
1412665920000,1412665979000,0.8808,0.88105,0.88072,0.88099,163050000,1
1412665980000,1412666039000,0.88098,0.88098,0.88059,0.8807,147440000,1
1412666040000,1412666099000,0.88071,0.8809,0.88052,0.88068,97960000,1
1412666100000,1412666159000,0.88067,0.88081,0.88059,0.88081,136680000,1
1412666160000,1412666219000,0.88079,0.88091,0.8807,0.88071,122360000,1
1412666220000,1412666279000,0.88071,0.88077,0.88048,0.88051,102360000,1
1412666280000,1412666339000,0.88049,0.88049,0.88026,0.88031,112090000,1
1412666340000,1412666399000,0.8803,0.8803,0.88003,0.88007,74720000,1
1412666400000,1412666459000,0.88007,0.88008,0.87991,0.87992,115070000,1
1412666460000,1412666519000,0.87991,0.87991,0.87966,0.87969,112860000,1
1412666520000,1412666579000,0.87969,0.87982,0.87967,0.87982,100880000,1
1412666580000,1412666639000,0.87979,0.87991,0.87972,0.87979,69440000,1
1412666640000,1412666699000,0.87978,0.87988,0.87964,0.87981,95550000,1
1412666700000,1412666759000,0.87981,0.87981,0.87956,0.87962,59270000,1
1412666760000,1412666819000,0.87961,0.87965,0.87931,0.87931,81490000,1
1412666820000,1412666879000,0.87931,0.87949,0.87931,0.87935,89950000,1
1412666880000,1412666939000,0.87935,0.87942,0.87931,0.87933,59980000,1
1412666940000,1412666999000,0.87934,0.88019,0.87934,0.88009,177180000,1
1412667000000,1412667059000,0.88013,0.88018,0.88004,0.88018,67040000,1
1412667060000,1412667119000,0.88018,0.88048,0.87993,0.88002,137310000,1
1412667120000,1412667179000,0.88002,0.88002,0.87982,0.8799,71360000,1
1412667180000,1412667239000,0.8799,0.8799,0.87981,0.87983,46800000,1
1412667240000,1412667299000,0.87984,0.88002,0.87984,0.88,66000000,1
1412667300000,1412667359000,0.88,0.88,0.87968,0.87971,58710000,1
1412667360000,1412667419000,0.87969,0.87978,0.87962,0.87978,72830000,1
1412667420000,1412667479000,0.87977,0.88002,0.87968,0.88001,66010000,1
1412667480000,1412667539000,0.88,0.88038,0.88,0.88037,119600000,1
1412667540000,1412667599000,0.88036,0.88065,0.88022,0.88059,92390000,1
1412667600000,1412667659000,0.88059,0.88068,0.88024,0.88028,98260000,1
1412667660000,1412667719000,0.88026,0.88037,0.88,0.88002,83400000,1
1412667720000,1412667779000,0.88001,0.88011,0.87987,0.87987,143030000,1
1412667780000,1412667839000,0.87987,0.87996,0.87944,0.8799,139820000,1
1412667840000,1412667899000,0.8799,0.87995,0.87973,0.87981,79330000,1
1412667900000,1412667959000,0.8798,0.8798,0.87939,0.8795,133370000,1
1412667960000,1412668019000,0.87948,0.87961,0.87943,0.87956,125210000,1
1412668020000,1412668079000,0.87957,0.87966,0.8794,0.87953,88940000,1
1412668080000,1412668139000,0.87951,0.87951,0.87912,0.87939,130520000,1
1412668140000,1412668199000,0.87939,0.87941,0.87923,0.87923,63360000,1
1412668200000,1412668259000,0.87917,0.8792,0.87913,0.87917,77400000,1
1412668260000,1412668319000,0.87917,0.87919,0.87902,0.87912,125530000,1
1412668320000,1412668379000,0.87911,0.87918,0.87904,0.87904,73020000,1
1412668380000,1412668439000,0.87904,0.87904,0.87861,0.87882,107580000,1
1412668440000,1412668499000,0.87882,0.8791,0.87882,0.8791,120190000,1
1412668500000,1412668559000,0.87909,0.87919,0.87896,0.87913,59530000,1
1412668560000,1412668619000,0.87913,0.87928,0.87913,0.87922,58930000,1
1412668620000,1412668679000,0.87922,0.87928,0.87918,0.87918,57470000,1
1412668680000,1412668739000,0.87917,0.8794,0.87914,0.87937,78970000,1
1412668740000,1412668799000,0.87938,0.87945,0.87932,0.87934,57620000,1
1412668800000,1412668859000,0.87934,0.8794,0.87931,0.87933,78950000,1
1412668860000,1412668919000,0.87933,0.87938,0.87896,0.87896,95840000,1
1412668920000,1412668979000,0.87896,0.87921,0.87896,0.87921,76190000,1
1412668980000,1412669039000,0.87921,0.87922,0.8787,0.87875,57710000,1
1412669040000,1412669099000,0.87875,0.87878,0.87862,0.87862,121330000,1
1412669100000,1412669159000,0.87862,0.87867,0.87835,0.87839,185870000,1
1412669160000,1412669219000,0.87838,0.87838,0.87811,0.87811,146840000,1
1412669220000,1412669279000,0.87811,0.87819,0.87809,0.87818,153450000,1
1412669280000,1412669339000,0.87818,0.87822,0.87803,0.87812,183690000,1
1412669340000,1412669399000,0.87812,0.87859,0.8781,0.87844,200650000,1
1412669400000,1412669459000,0.87846,0.87849,0.87829,0.87831,48640000,1
1412669460000,1412669519000,0.8783,0.87832,0.87811,0.87825,59710000,1
1412669520000,1412669579000,0.87825,0.87825,0.87803,0.87805,56850000,1
1412669580000,1412669639000,0.87805,0.87831,0.87804,0.87831,75460000,1
1412669640000,1412669699000,0.8783,0.87843,0.8783,0.87839,55100000,1
1412669700000,1412669759000,0.87839,0.87859,0.87838,0.87851,104510000,1
1412669760000,1412669819000,0.87851,0.87871,0.8785,0.87869,108700000,1
1412669820000,1412669879000,0.87869,0.87869,0.87851,0.87851,34060000,1
1412669880000,1412669939000,0.87849,0.87849,0.87815,0.87821,96430000,1
1412669940000,1412669999000,0.87824,0.87852,0.87824,0.87852,89680000,1
1412670000000,1412670059000,0.87851,0.87855,0.87842,0.87848,72010000,1
1412670060000,1412670119000,0.87848,0.87849,0.87831,0.87832,78850000,1
1412670120000,1412670179000,0.87829,0.8783,0.87821,0.8783,83140000,1
1412670180000,1412670239000,0.87827,0.87827,0.87814,0.87819,39910000,1
1412670240000,1412670299000,0.87819,0.8783,0.87819,0.8783,56040000,1
1412670300000,1412670359000,0.87829,0.87831,0.87825,0.8783,38740000,1
1412670360000,1412670419000,0.8783,0.8783,0.87819,0.87822,30090000,1
1412670420000,1412670479000,0.87822,0.8783,0.87822,0.87827,57120000,1
1412670480000,1412670539000,0.87828,0.87846,0.87827,0.87846,46080000,1
1412670540000,1412670599000,0.87846,0.87861,0.87846,0.87861,40510000,1
1412670600000,1412670659000,0.87861,0.87861,0.87842,0.87843,59490000,1
1412670660000,1412670719000,0.87843,0.87848,0.87832,0.87837,48360000,1
1412670720000,1412670779000,0.87838,0.87854,0.87838,0.87842,70670000,1
1412670780000,1412670839000,0.87842,0.87881,0.87833,0.87879,88130000,1
1412670840000,1412670899000,0.8788,0.87895,0.87872,0.87891,105220000,1
1412670900000,1412670959000,0.87891,0.87902,0.87875,0.87893,102740000,1
1412670960000,1412671019000,0.87893,0.8792,0.87888,0.8792,70870000,1
1412671020000,1412671079000,0.8792,0.87922,0.8791,0.87913,40820000,1
1412671080000,1412671139000,0.87913,0.87913,0.87864,0.87864,53550000,1
1412671140000,1412671199000,0.87864,0.87897,0.87861,0.8789,48250000,1
1412671200000,1412671259000,0.8789,0.87911,0.87889,0.87903,68530000,1
1412671260000,1412671319000,0.87901,0.87903,0.87866,0.87891,147780000,1
1412671320000,1412671379000,0.87891,0.8791,0.87887,0.87898,82430000,1
1412671380000,1412671439000,0.87898,0.87898,0.87868,0.8789,121730000,1
1412671440000,1412671499000,0.87891,0.87891,0.87872,0.8788,69650000,1
1412671500000,1412671559000,0.8788,0.87886,0.87877,0.8788,56900000,1
1412671560000,1412671619000,0.8788,0.87901,0.8788,0.87899,83010000,1
1412671620000,1412671679000,0.87899,0.87907,0.87894,0.87898,58320000,1
1412671680000,1412671739000,0.87901,0.87919,0.87899,0.87919,62340000,1
1412671740000,1412671799000,0.87919,0.87922,0.87918,0.87918,99100000,1
1412671800000,1412671859000,0.87918,0.87918,0.87902,0.87911,119480000,1
1412671860000,1412671919000,0.87911,0.87923,0.87908,0.87923,65760000,1
1412671920000,1412671979000,0.87923,0.87962,0.87923,0.87962,127940000,1
1412671980000,1412672039000,0.87962,0.87962,0.87934,0.87945,104020000,1
1412672040000,1412672099000,0.87947,0.87954,0.87919,0.87921,79200000,1
1412672100000,1412672159000,0.87923,0.87939,0.87919,0.87919,47220000,1
1412672160000,1412672219000,0.87919,0.87919,0.87903,0.87903,60070000,1
1412672220000,1412672279000,0.87903,0.87911,0.87889,0.87901,63000000,1
1412672280000,1412672339000,0.87902,0.87933,0.87902,0.87933,60160000,1
1412672340000,1412672399000,0.8793,0.87933,0.87914,0.87933,30940000,1
1412672400000,1412672459000,0.87935,0.87973,0.87935,0.87972,64660000,1
1412672460000,1412672519000,0.87972,0.87972,0.87943,0.87949,101730000,1
1412672520000,1412672579000,0.87949,0.87949,0.8792,0.87925,58610000,1
1412672580000,1412672639000,0.87925,0.87944,0.87923,0.87923,57250000,1
1412672640000,1412672699000,0.87922,0.87922,0.87913,0.8792,53460000,1
1412672700000,1412672759000,0.8792,0.87933,0.87916,0.87933,81350000,1
1412672760000,1412672819000,0.87933,0.87939,0.87923,0.8793,83910000,1
1412672820000,1412672879000,0.87927,0.87927,0.87894,0.879,83080000,1
1412672880000,1412672939000,0.879,0.879,0.87876,0.87879,56070000,1
1412672940000,1412672999000,0.87879,0.8789,0.87868,0.87871,44150000,1
1412673000000,1412673059000,0.87871,0.87871,0.8786,0.87871,42030000,1
1412673060000,1412673119000,0.87872,0.87881,0.87858,0.87859,67780000,1
1412673120000,1412673179000,0.87856,0.87872,0.87855,0.87862,65190000,1
1412673180000,1412673239000,0.87862,0.87871,0.87861,0.87863,62650000,1
1412673240000,1412673299000,0.87863,0.87863,0.8785,0.8785,41640000,1
1412673300000,1412673359000,0.8785,0.87853,0.87839,0.8785,48260000,1
1412673360000,1412673419000,0.87851,0.87862,0.87851,0.87854,61290000,1
1412673420000,1412673479000,0.87854,0.87854,0.8783,0.8784,52400000,1
1412673480000,1412673539000,0.8784,0.8784,0.87832,0.87835,52650000,1
1412673540000,1412673599000,0.87835,0.87841,0.87831,0.87837,53320000,1
1412673600000,1412673659000,0.87837,0.87838,0.87825,0.87831,68440000,1
1412673660000,1412673719000,0.87831,0.87831,0.87808,0.87811,83270000,1
1412673720000,1412673779000,0.8781,0.8781,0.8779,0.8779,129490000,1
1412673780000,1412673839000,0.8779,0.87802,0.87787,0.87797,67080000,1
1412673840000,1412673899000,0.87796,0.878,0.87795,0.87796,41860000,1
1412673900000,1412673959000,0.87795,0.87795,0.87775,0.87792,57030000,1
1412673960000,1412674019000,0.87792,0.87806,0.8779,0.87806,33230000,1
1412674020000,1412674079000,0.87808,0.87821,0.87802,0.87821,46680000,1
1412674080000,1412674139000,0.87821,0.87821,0.87806,0.87811,30950000,1
1412674140000,1412674199000,0.87809,0.87811,0.87794,0.87809,49950000,1
1412674200000,1412674259000,0.87809,0.87812,0.87807,0.8781,37000000,1
1412674260000,1412674319000,0.8781,0.87811,0.8779,0.87794,55150000,1
1412674320000,1412674379000,0.87791,0.87795,0.87785,0.87792,33330000,1
1412674380000,1412674439000,0.87793,0.878,0.87777,0.87778,52520000,1
1412674440000,1412674499000,0.87776,0.87792,0.87776,0.87785,47020000,1
1412674500000,1412674559000,0.87782,0.87782,0.87708,0.87718,142410000,1
1412674560000,1412674619000,0.87721,0.87736,0.87685,0.8769,125590000,1
1412674620000,1412674679000,0.8769,0.877,0.87679,0.8769,123440000,1
1412674680000,1412674739000,0.877,0.87731,0.877,0.87717,80040000,1
1412674740000,1412674799000,0.87717,0.87734,0.87715,0.87729,70050000,1
1412674800000,1412674859000,0.87725,0.87753,0.87723,0.87744,94120000,1
1412674860000,1412674919000,0.87744,0.8775,0.87729,0.87739,58290000,1
1412674920000,1412674979000,0.87739,0.87771,0.87735,0.87771,77980000,1
1412674980000,1412675039000,0.8777,0.8777,0.87752,0.87752,55000000,1
1412675040000,1412675099000,0.87752,0.8776,0.87748,0.87751,51630000,1
1412675100000,1412675159000,0.87749,0.87759,0.87749,0.87757,50790000,1
1412675160000,1412675219000,0.87757,0.87757,0.87717,0.87722,60840000,1
1412675220000,1412675279000,0.87722,0.87722,0.87703,0.87705,65450000,1
1412675280000,1412675339000,0.87707,0.87733,0.87706,0.87727,53900000,1
1412675340000,1412675399000,0.8773,0.87731,0.87708,0.87719,71870000,1
1412675400000,1412675459000,0.87719,0.87741,0.87718,0.8774,44820000,1
1412675460000,1412675519000,0.8774,0.87762,0.8774,0.87761,33900000,1
1412675520000,1412675579000,0.87763,0.87765,0.87751,0.87751,21300000,1
1412675580000,1412675639000,0.87749,0.8775,0.8772,0.8772,45510000,1
1412675640000,1412675699000,0.8772,0.87725,0.8771,0.8771,46760000,1
1412675700000,1412675759000,0.87708,0.87731,0.87708,0.87718,60590000,1
1412675760000,1412675819000,0.87718,0.87718,0.87702,0.87705,59870000,1
1412675820000,1412675879000,0.87705,0.87705,0.87665,0.8767,140700000,1
1412675880000,1412675939000,0.87672,0.87695,0.87671,0.87678,149870000,1
1412675940000,1412675999000,0.87678,0.87681,0.8765,0.87669,84230000,1
1412676000000,1412676059000,0.87669,0.87682,0.87669,0.8768,106190000,1
1412676060000,1412676119000,0.87682,0.87693,0.8767,0.87679,133480000,1
1412676120000,1412676179000,0.87679,0.87679,0.87652,0.87656,126930000,1
1412676180000,1412676239000,0.87656,0.87703,0.87656,0.87696,92920000,1
1412676240000,1412676299000,0.87696,0.87696,0.87672,0.87683,65990000,1
1412676300000,1412676359000,0.87683,0.87693,0.87683,0.87691,35360000,1
1412676360000,1412676419000,0.87692,0.87709,0.87692,0.87697,77820000,1
1412676420000,1412676479000,0.87697,0.87701,0.87671,0.87674,81040000,1
1412676480000,1412676539000,0.87674,0.87679,0.87667,0.8767,42410000,1
1412676540000,1412676599000,0.87669,0.87669,0.87651,0.87651,47090000,1
1412676600000,1412676659000,0.8765,0.8769,0.87647,0.8768,130270000,1
1412676660000,1412676719000,0.8768,0.87693,0.87678,0.87691,69860000,1
1412676720000,1412676779000,0.8769,0.87699,0.8768,0.87693,73670000,1
1412676780000,1412676839000,0.87695,0.87704,0.8769,0.87691,81430000,1
1412676840000,1412676899000,0.87691,0.87711,0.87691,0.87701,53830000,1
1412676900000,1412676959000,0.87701,0.8771,0.87701,0.87709,40000000,1
1412676960000,1412677019000,0.87708,0.87712,0.87704,0.87711,39890000,1
1412677020000,1412677079000,0.87711,0.87729,0.87711,0.87723,45080000,1
1412677080000,1412677139000,0.87722,0.8773,0.87713,0.87724,58860000,1
1412677140000,1412677199000,0.87724,0.8774,0.87724,0.87734,96260000,1
1412677200000,1412677259000,0.87734,0.87742,0.8773,0.87731,69130000,1
1412677260000,1412677319000,0.87732,0.87742,0.87729,0.87731,59250000,1
1412677320000,1412677379000,0.87735,0.87747,0.87735,0.87744,58360000,1
1412677380000,1412677439000,0.87744,0.87744,0.87735,0.87735,25740000,1
1412677440000,1412677499000,0.87734,0.87782,0.87734,0.87778,128500000,1
1412677500000,1412677559000,0.87777,0.87778,0.87768,0.87769,66920000,1
1412677560000,1412677619000,0.87771,0.87801,0.87769,0.87792,88320000,1
1412677620000,1412677679000,0.87792,0.87813,0.87792,0.87811,96720000,1
1412677680000,1412677739000,0.87811,0.87813,0.87801,0.87801,38340000,1
1412677740000,1412677799000,0.87801,0.87813,0.87782,0.8781,111250000,1
1412677800000,1412677859000,0.87809,0.87809,0.87801,0.87801,78200000,1
1412677860000,1412677919000,0.87801,0.87801,0.87767,0.87781,109070000,1
1412677920000,1412677979000,0.87783,0.87786,0.87755,0.8777,101870000,1
1412677980000,1412678039000,0.8777,0.8777,0.87751,0.87763,78120000,1
1412678040000,1412678099000,0.87765,0.87767,0.87759,0.87759,50880000,1
1412678100000,1412678159000,0.87759,0.87772,0.87759,0.87762,85640000,1
1412678160000,1412678219000,0.87761,0.87761,0.87743,0.87743,49880000,1
1412678220000,1412678279000,0.87742,0.87749,0.87737,0.87749,69350000,1
1412678280000,1412678339000,0.87749,0.87771,0.87749,0.87771,49380000,1
1412678340000,1412678399000,0.87771,0.87787,0.87771,0.87774,53430000,1
1412678400000,1412678459000,0.87774,0.87774,0.87752,0.87771,58520000,1
1412678460000,1412678519000,0.87771,0.8779,0.87771,0.87785,87080000,1
1412678520000,1412678579000,0.87787,0.87791,0.87778,0.87778,25010000,1
1412678580000,1412678639000,0.87778,0.87778,0.8776,0.8776,29190000,1
1412678640000,1412678699000,0.8776,0.8776,0.87744,0.87749,48470000,1
1412678700000,1412678759000,0.87749,0.87749,0.8773,0.87741,51980000,1
1412678760000,1412678819000,0.87741,0.87741,0.87732,0.87738,68840000,1
1412678820000,1412678879000,0.87738,0.8775,0.87732,0.8775,21700000,1
1412678880000,1412678939000,0.87751,0.87759,0.87742,0.87742,35180000,1
1412678940000,1412678999000,0.87737,0.87763,0.87727,0.87762,60360000,1
1412679000000,1412679059000,0.87762,0.87794,0.87762,0.87782,67600000,1
1412679060000,1412679119000,0.87782,0.87812,0.87782,0.87812,95890000,1
1412679120000,1412679179000,0.8781,0.87824,0.87805,0.8782,60520000,1
1412679180000,1412679239000,0.87819,0.8783,0.8781,0.8783,67770000,1
1412679240000,1412679299000,0.8783,0.87831,0.87823,0.8783,26790000,1
1412679300000,1412679359000,0.8783,0.8783,0.87817,0.87817,40910000,1
1412679360000,1412679419000,0.8782,0.87829,0.87802,0.87802,48990000,1
1412679420000,1412679479000,0.87802,0.87807,0.87774,0.87779,49620000,1
1412679480000,1412679539000,0.8778,0.87781,0.87764,0.87771,67310000,1
1412679540000,1412679599000,0.87771,0.87821,0.87771,0.87815,74200000,1
1412679600000,1412679659000,0.87815,0.87816,0.87801,0.87803,41770000,1
1412679660000,1412679719000,0.87803,0.87803,0.87792,0.87797,31570000,1
1412679720000,1412679779000,0.87797,0.87797,0.87787,0.87791,40290000,1
1412679780000,1412679839000,0.87791,0.87791,0.87771,0.87786,74370000,1
1412679840000,1412679899000,0.87788,0.878,0.87786,0.87795,57110000,1
1412679900000,1412679959000,0.87798,0.87811,0.87796,0.8781,49870000,1
1412679960000,1412680019000,0.87812,0.87835,0.87812,0.87834,47690000,1
1412680020000,1412680079000,0.87833,0.87853,0.87832,0.87852,46240000,1
1412680080000,1412680139000,0.87853,0.8788,0.87853,0.87872,105160000,1
1412680140000,1412680199000,0.87874,0.87874,0.87852,0.87858,83160000,1
1412680200000,1412680259000,0.87859,0.87869,0.87853,0.87864,37770000,1
1412680260000,1412680319000,0.87864,0.87864,0.87841,0.87844,54840000,1
1412680320000,1412680379000,0.87848,0.87852,0.87843,0.87844,38960000,1
1412680380000,1412680439000,0.87845,0.87859,0.87843,0.87846,63180000,1
1412680440000,1412680499000,0.87846,0.8786,0.87845,0.8786,42200000,1
1412680500000,1412680559000,0.87859,0.87869,0.87854,0.87866,38330000,1
1412680560000,1412680619000,0.87867,0.87869,0.87859,0.87868,46510000,1
1412680620000,1412680679000,0.87866,0.87899,0.87858,0.87897,112500000,1
1412680680000,1412680739000,0.87896,0.87904,0.87896,0.87901,49000000,1
1412680740000,1412680799000,0.87899,0.87899,0.87857,0.87869,72820000,1
1412680800000,1412680859000,0.87868,0.87896,0.87868,0.87887,96000000,1
1412680860000,1412680919000,0.87887,0.87902,0.87884,0.87902,42750000,1
1412680920000,1412680979000,0.87903,0.87921,0.87903,0.8792,90130000,1
1412680980000,1412681039000,0.87917,0.87919,0.87907,0.87911,48770000,1
1412681040000,1412681099000,0.87911,0.8792,0.87901,0.87904,51500000,1
1412681100000,1412681159000,0.87904,0.8792,0.87903,0.87918,83810000,1
1412681160000,1412681219000,0.8792,0.87934,0.87916,0.87929,74840000,1
1412681220000,1412681279000,0.87929,0.87943,0.87923,0.8794,87230000,1
1412681280000,1412681339000,0.87939,0.87939,0.87906,0.8791,58200000,1
1412681340000,1412681399000,0.87911,0.87913,0.87902,0.87902,52820000,1
1412681400000,1412681459000,0.87901,0.8792,0.87901,0.87906,45100000,1
1412681460000,1412681519000,0.87905,0.87912,0.87903,0.87912,37010000,1
1412681520000,1412681579000,0.87908,0.87936,0.87899,0.87934,76250000,1
1412681580000,1412681639000,0.87929,0.87929,0.87906,0.8792,73940000,1
1412681640000,1412681699000,0.87919,0.87933,0.87919,0.87921,51580000,1
1412681700000,1412681759000,0.87922,0.87948,0.87922,0.87938,89150000,1
1412681760000,1412681819000,0.87937,0.87937,0.87924,0.87925,33190000,1
1412681820000,1412681879000,0.87925,0.87945,0.8792,0.87944,53240000,1
1412681880000,1412681939000,0.87943,0.87944,0.87927,0.87933,60750000,1
1412681940000,1412681999000,0.87933,0.87943,0.87929,0.87934,69760000,1
1412682000000,1412682059000,0.87933,0.87933,0.87892,0.87897,58000000,1
1412682060000,1412682119000,0.87896,0.87902,0.87877,0.8788,52530000,1
1412682120000,1412682179000,0.8788,0.87894,0.8787,0.87891,75240000,1
1412682180000,1412682239000,0.87893,0.87901,0.87892,0.87901,42010000,1
1412682240000,1412682299000,0.87901,0.87901,0.87883,0.87883,26100000,1
1412682300000,1412682359000,0.87882,0.8789,0.87874,0.87889,51250000,1
1412682360000,1412682419000,0.8789,0.8791,0.87889,0.87902,83010000,1
1412682420000,1412682479000,0.87904,0.8792,0.87904,0.87914,50530000,1
1412682480000,1412682539000,0.87914,0.87914,0.87901,0.87905,20790000,1
1412682540000,1412682599000,0.87905,0.87916,0.87905,0.87914,32700000,1
1412682600000,1412682659000,0.87914,0.87938,0.87914,0.8793,38820000,1
1412682660000,1412682719000,0.87929,0.87938,0.87926,0.87932,32090000,1
1412682720000,1412682779000,0.87934,0.87944,0.87932,0.87944,33380000,1
1412682780000,1412682839000,0.87946,0.88008,0.87946,0.87972,147040000,1
1412682840000,1412682899000,0.87972,0.87973,0.87963,0.87963,60190000,1
1412682900000,1412682959000,0.87966,0.87991,0.87965,0.87991,93170000,1
1412682960000,1412683019000,0.87989,0.88005,0.87989,0.88003,79770000,1
1412683020000,1412683079000,0.88003,0.88049,0.88003,0.88045,162560000,1
1412683080000,1412683139000,0.88045,0.8805,0.88022,0.88023,70270000,1
1412683140000,1412683199000,0.88023,0.88024,0.88002,0.88002,81180000,1
1412683200000,1412683259000,0.88002,0.88015,0.87986,0.87987,90850000,1
1412683260000,1412683319000,0.87985,0.87998,0.8796,0.87969,132570000,1
1412683320000,1412683379000,0.8797,0.87971,0.87959,0.87967,82120000,1
1412683380000,1412683439000,0.87967,0.87978,0.87956,0.87978,72850000,1
1412683440000,1412683499000,0.87977,0.87979,0.8796,0.87968,106590000,1
1412683500000,1412683559000,0.8797,0.87989,0.8797,0.87978,129330000,1
1412683560000,1412683619000,0.87978,0.87999,0.87978,0.87999,118740000,1
1412683620000,1412683679000,0.87999,0.87999,0.87984,0.87988,50070000,1
1412683680000,1412683739000,0.87988,0.87988,0.8797,0.87979,67880000,1
1412683740000,1412683799000,0.87979,0.87988,0.87971,0.87988,137500000,1
1412683800000,1412683859000,0.87988,0.87997,0.87982,0.87997,50080000,1
1412683860000,1412683919000,0.88,0.88051,0.88,0.88049,143500000,1
1412683920000,1412683979000,0.88049,0.88049,0.88008,0.8801,127560000,1
1412683980000,1412684039000,0.8801,0.8801,0.87982,0.87982,74780000,1
1412684040000,1412684099000,0.87982,0.87986,0.87962,0.87986,155010000,1
1412684100000,1412684159000,0.87986,0.87989,0.87983,0.87983,51900000,1
1412684160000,1412684219000,0.87983,0.88,0.87983,0.87991,105460000,1
1412684220000,1412684279000,0.87991,0.87991,0.87984,0.87985,53350000,1
1412684280000,1412684339000,0.87985,0.88,0.87984,0.88,66030000,1
1412684340000,1412684399000,0.88001,0.88003,0.87987,0.87994,127340000,1
1412684400000,1412684459000,0.87994,0.88019,0.87994,0.88015,131200000,1
1412684460000,1412684519000,0.88015,0.88017,0.87992,0.87998,79410000,1
1412684520000,1412684579000,0.87998,0.88033,0.87994,0.88033,125580000,1
1412684580000,1412684639000,0.88033,0.8805,0.88033,0.88045,128880000,1
1412684640000,1412684699000,0.88045,0.88064,0.88045,0.88053,121500000,1
1412684700000,1412684759000,0.88051,0.8806,0.88045,0.8806,101500000,1
1412684760000,1412684819000,0.8806,0.88082,0.88055,0.88079,112520000,1
1412684820000,1412684879000,0.8808,0.88104,0.8808,0.88092,124280000,1
1412684880000,1412684939000,0.88092,0.88102,0.8807,0.88101,177720000,1
1412684940000,1412684999000,0.88099,0.88109,0.88082,0.88084,149900000,1
1412685000000,1412685059000,0.88083,0.88083,0.8804,0.88062,204700000,1
1412685060000,1412685119000,0.88062,0.88082,0.88062,0.88081,125100000,1
1412685120000,1412685179000,0.88081,0.88091,0.88077,0.88078,81250000,1
1412685180000,1412685239000,0.88078,0.88135,0.88078,0.88135,190260000,1
1412685240000,1412685299000,0.88135,0.88162,0.88125,0.88155,217330000,1
1412685300000,1412685359000,0.88154,0.88154,0.88121,0.88143,123040000,1
1412685360000,1412685419000,0.88143,0.88171,0.88143,0.88171,224730000,1
1412685420000,1412685479000,0.8817,0.8817,0.88142,0.88144,128690000,1
1412685480000,1412685539000,0.88142,0.88144,0.88101,0.88101,73370000,1
1412685540000,1412685599000,0.88102,0.88137,0.88102,0.88132,104460000,1
1412685600000,1412685659000,0.88131,0.88147,0.88124,0.88135,127720000,1
1412685660000,1412685719000,0.88135,0.88143,0.88125,0.88138,86700000,1
1412685720000,1412685779000,0.8814,0.88165,0.8814,0.88154,64180000,1
1412685780000,1412685839000,0.88157,0.88161,0.88129,0.88131,135880000,1
1412685840000,1412685899000,0.88131,0.88142,0.88126,0.88141,98550000,1
1412685900000,1412685959000,0.8814,0.88142,0.88101,0.88109,118940000,1
1412685960000,1412686019000,0.8811,0.8811,0.88067,0.88067,82270000,1
1412686020000,1412686079000,0.88065,0.88083,0.88058,0.88083,82470000,1
1412686080000,1412686139000,0.88083,0.88084,0.88053,0.88055,96270000,1
1412686140000,1412686199000,0.88054,0.88054,0.88033,0.8804,83510000,1
1412686200000,1412686259000,0.8804,0.8805,0.88038,0.88039,70180000,1
1412686260000,1412686319000,0.88039,0.88077,0.88039,0.88074,62110000,1
1412686320000,1412686379000,0.88072,0.88092,0.88072,0.88083,47070000,1
1412686380000,1412686439000,0.88082,0.88084,0.88061,0.88084,58260000,1
1412686440000,1412686499000,0.88083,0.88087,0.88056,0.88056,84590000,1
1412686500000,1412686559000,0.8806,0.88063,0.88035,0.8804,117010000,1
1412686560000,1412686619000,0.88039,0.88062,0.88036,0.88045,119000000,1
1412686620000,1412686679000,0.88045,0.88047,0.88026,0.88026,63630000,1
1412686680000,1412686739000,0.88024,0.88065,0.88023,0.88065,90220000,1
1412686740000,1412686799000,0.88064,0.88074,0.88062,0.88062,48550000,1
1412686800000,1412686859000,0.88057,0.88071,0.88047,0.88065,97110000,1
1412686860000,1412686919000,0.88065,0.8807,0.88047,0.88053,73550000,1
1412686920000,1412686979000,0.88053,0.88053,0.88028,0.88038,88280000,1
1412686980000,1412687039000,0.88038,0.88101,0.88038,0.88097,88340000,1
1412687040000,1412687099000,0.88096,0.88124,0.88096,0.88124,82090000,1
1412687100000,1412687159000,0.88123,0.88123,0.88097,0.88097,104900000,1
1412687160000,1412687219000,0.88098,0.88121,0.88098,0.88117,99970000,1
1412687220000,1412687279000,0.88115,0.88122,0.88114,0.88116,68690000,1
1412687280000,1412687339000,0.88117,0.88135,0.88115,0.88132,117620000,1
1412687340000,1412687399000,0.88132,0.88144,0.88106,0.8812,99220000,1
1412687400000,1412687459000,0.8812,0.88139,0.8812,0.8812,143020000,1
1412687460000,1412687519000,0.8812,0.88126,0.88104,0.88109,90180000,1
1412687520000,1412687579000,0.88111,0.88112,0.88084,0.88086,63610000,1
1412687580000,1412687639000,0.88087,0.88087,0.88069,0.88079,75420000,1
1412687640000,1412687699000,0.8808,0.88133,0.88078,0.88131,108900000,1
1412687700000,1412687759000,0.88131,0.88151,0.88131,0.88142,120090000,1
1412687760000,1412687819000,0.88143,0.88155,0.88141,0.8815,53850000,1
1412687820000,1412687879000,0.8815,0.88164,0.88141,0.88163,95390000,1
1412687880000,1412687939000,0.88161,0.88172,0.88153,0.88159,152450000,1
1412687940000,1412687999000,0.88161,0.88161,0.88114,0.8814,127380000,1
1412688000000,1412688059000,0.88139,0.88173,0.88138,0.88173,74390000,1
1412688060000,1412688119000,0.88173,0.88244,0.88172,0.88218,172620000,1
1412688120000,1412688179000,0.88222,0.88243,0.88219,0.88222,166580000,1
1412688180000,1412688239000,0.88222,0.88222,0.88202,0.88207,108210000,1
1412688240000,1412688299000,0.88207,0.88221,0.88199,0.88213,131660000,1
1412688300000,1412688359000,0.88213,0.88214,0.88188,0.88202,110960000,1
1412688360000,1412688419000,0.88203,0.88265,0.88203,0.88251,211150000,1
1412688420000,1412688479000,0.8825,0.88317,0.8825,0.88298,233730000,1
1412688480000,1412688539000,0.88298,0.88303,0.88272,0.88284,200510000,1
1412688540000,1412688599000,0.88284,0.88291,0.88236,0.88242,121890000,1
1412688600000,1412688659000,0.88242,0.88273,0.88239,0.88249,198290000,1
1412688660000,1412688719000,0.88249,0.88299,0.88249,0.8829,201290000,1
1412688720000,1412688779000,0.8829,0.88318,0.88274,0.88304,164280000,1
1412688780000,1412688839000,0.88304,0.88308,0.88282,0.88306,130760000,1
1412688840000,1412688899000,0.88307,0.88315,0.88303,0.88312,142450000,1
1412688900000,1412688959000,0.88314,0.88338,0.88272,0.88272,185810000,1
1412688960000,1412689019000,0.88272,0.88286,0.88243,0.88243,132560000,1
1412689020000,1412689079000,0.88242,0.88253,0.88228,0.88236,129390000,1
1412689080000,1412689139000,0.88232,0.88232,0.88203,0.88217,172280000,1
1412689140000,1412689199000,0.88218,0.88221,0.88185,0.88185,127930000,1
1412689200000,1412689259000,0.88185,0.88201,0.88172,0.88199,147510000,1
1412689260000,1412689319000,0.88199,0.8823,0.88188,0.88214,147880000,1
1412689320000,1412689379000,0.88213,0.88229,0.88205,0.88223,101470000,1
1412689380000,1412689439000,0.88224,0.8824,0.88214,0.88231,71850000,1
1412689440000,1412689499000,0.8823,0.8825,0.88225,0.88239,101190000,1
1412689500000,1412689559000,0.8824,0.88282,0.88239,0.88282,130580000,1
1412689560000,1412689619000,0.88281,0.88291,0.88279,0.88291,63180000,1
1412689620000,1412689679000,0.88291,0.88308,0.8829,0.88298,143740000,1
1412689680000,1412689739000,0.88298,0.8832,0.88298,0.88307,117240000,1
1412689740000,1412689799000,0.88307,0.88307,0.88252,0.88252,115360000,1
1412689800000,1412689859000,0.88252,0.88268,0.8825,0.8826,108180000,1
1412689860000,1412689919000,0.88259,0.88263,0.88239,0.88248,120760000,1
1412689920000,1412689979000,0.88247,0.88271,0.88226,0.88265,154610000,1
1412689980000,1412690039000,0.88265,0.88298,0.88254,0.88293,84760000,1
1412690040000,1412690099000,0.88293,0.88321,0.88285,0.88321,120570000,1
1412690100000,1412690159000,0.88322,0.88322,0.88295,0.883,76060000,1
1412690160000,1412690219000,0.883,0.8831,0.88289,0.88295,49140000,1
1412690220000,1412690279000,0.88293,0.88303,0.88272,0.88272,86410000,1
1412690280000,1412690339000,0.88272,0.88272,0.88256,0.88261,85990000,1
1412690340000,1412690399000,0.88261,0.88281,0.88261,0.8827,165240000,1
1412690400000,1412690459000,0.8827,0.88282,0.88241,0.88244,170210000,1
1412690460000,1412690519000,0.88244,0.88252,0.88213,0.88213,147850000,1
1412690520000,1412690579000,0.88213,0.8823,0.88188,0.88229,156060000,1
1412690580000,1412690639000,0.8823,0.88263,0.8823,0.88241,127620000,1
1412690640000,1412690699000,0.88242,0.88242,0.88186,0.88194,125310000,1
1412690700000,1412690759000,0.88194,0.88206,0.88158,0.88165,155700000,1
1412690760000,1412690819000,0.88165,0.8818,0.88156,0.88171,124770000,1
1412690820000,1412690879000,0.88169,0.8817,0.88156,0.88166,129320000,1
1412690880000,1412690939000,0.88167,0.88171,0.8815,0.88159,120730000,1
1412690940000,1412690999000,0.88158,0.88179,0.88144,0.88177,135120000,1
1412691000000,1412691059000,0.88177,0.8819,0.88154,0.88183,101300000,1
1412691060000,1412691119000,0.88183,0.8819,0.88175,0.8819,103450000,1
1412691120000,1412691179000,0.8819,0.88193,0.88163,0.88186,90680000,1
1412691180000,1412691239000,0.88186,0.88217,0.88186,0.88212,114570000,1
1412691240000,1412691299000,0.88206,0.88231,0.88205,0.88216,109530000,1
1412691300000,1412691359000,0.88216,0.88232,0.88195,0.88226,127540000,1
1412691360000,1412691419000,0.88226,0.88232,0.88213,0.88213,82460000,1
1412691420000,1412691479000,0.88213,0.88214,0.88192,0.88212,118750000,1
1412691480000,1412691539000,0.88213,0.88226,0.88197,0.88203,121820000,1
1412691540000,1412691599000,0.88202,0.88202,0.88189,0.88195,78870000,1
1412691600000,1412691659000,0.88195,0.88197,0.8817,0.88172,100090000,1
1412691660000,1412691719000,0.88172,0.88183,0.88164,0.88164,118980000,1
1412691720000,1412691779000,0.88164,0.88183,0.88164,0.88172,71890000,1
1412691780000,1412691839000,0.88172,0.88187,0.88164,0.88183,102770000,1
1412691840000,1412691899000,0.88187,0.88187,0.88131,0.88131,101160000,1
1412691900000,1412691959000,0.88131,0.88167,0.88131,0.88162,113840000,1
1412691960000,1412692019000,0.88162,0.88162,0.8811,0.88112,102750000,1
1412692020000,1412692079000,0.88114,0.88133,0.88105,0.88127,115680000,1
1412692080000,1412692139000,0.88127,0.88149,0.88125,0.88136,94560000,1
1412692140000,1412692199000,0.88136,0.88136,0.88094,0.88095,106390000,1
1412692200000,1412692259000,0.88095,0.88096,0.88058,0.88058,80180000,1
1412692260000,1412692319000,0.88057,0.881,0.88057,0.88094,159870000,1
1412692320000,1412692379000,0.88096,0.88099,0.88055,0.88063,105880000,1
1412692380000,1412692439000,0.88063,0.88105,0.88063,0.88105,133930000,1
1412692440000,1412692499000,0.88105,0.88121,0.88091,0.8812,89450000,1
1412692500000,1412692559000,0.88119,0.88125,0.88112,0.88125,83800000,1
1412692560000,1412692619000,0.88126,0.88126,0.88089,0.881,74330000,1
1412692620000,1412692679000,0.881,0.88126,0.881,0.88124,44220000,1
1412692680000,1412692739000,0.88124,0.88148,0.88114,0.88148,61800000,1
1412692740000,1412692799000,0.8815,0.88166,0.8813,0.88135,103030000,1
1412692800000,1412692859000,0.88134,0.88143,0.88112,0.88131,109980000,1
1412692860000,1412692919000,0.88131,0.88156,0.88131,0.88154,71930000,1
1412692920000,1412692979000,0.88154,0.88173,0.88154,0.88155,56790000,1
1412692980000,1412693039000,0.88154,0.88154,0.8812,0.88151,100320000,1
1412693040000,1412693099000,0.88154,0.88176,0.88153,0.88169,72850000,1
1412693100000,1412693159000,0.8817,0.8817,0.88146,0.88154,60830000,1
1412693160000,1412693219000,0.88154,0.88154,0.88134,0.88134,75370000,1
1412693220000,1412693279000,0.88135,0.88166,0.88135,0.88151,124990000,1
1412693280000,1412693339000,0.88153,0.88176,0.88144,0.88176,129090000,1
1412693340000,1412693399000,0.8817,0.88171,0.88147,0.88153,86600000,1
1412693400000,1412693459000,0.88153,0.88155,0.8813,0.88135,75740000,1
1412693460000,1412693519000,0.88135,0.88166,0.88129,0.88144,77940000,1
1412693520000,1412693579000,0.88145,0.88174,0.88145,0.88164,61740000,1
1412693580000,1412693639000,0.88164,0.88166,0.88145,0.88166,75600000,1
1412693640000,1412693699000,0.8817,0.88186,0.88157,0.88166,63730000,1
1412693700000,1412693759000,0.88166,0.88174,0.88126,0.88127,67620000,1
1412693760000,1412693819000,0.88126,0.88164,0.88123,0.88158,79550000,1
1412693820000,1412693879000,0.88156,0.88176,0.88139,0.88146,86950000,1
1412693880000,1412693939000,0.88146,0.88167,0.8814,0.88155,102810000,1
1412693940000,1412693999000,0.88155,0.88155,0.88104,0.8813,153750000,1
1412694000000,1412694059000,0.88128,0.88146,0.88121,0.88127,106090000,1
1412694060000,1412694119000,0.88125,0.88143,0.8812,0.88132,88210000,1
1412694120000,1412694179000,0.88132,0.88146,0.88129,0.88132,74850000,1
1412694180000,1412694239000,0.88133,0.88134,0.88122,0.88128,59330000,1
1412694240000,1412694299000,0.88128,0.88132,0.88117,0.88117,102260000,1
1412694300000,1412694359000,0.88116,0.88119,0.88096,0.88097,146840000,1
1412694360000,1412694419000,0.881,0.88111,0.88084,0.88089,156750000,1
1412694420000,1412694479000,0.88089,0.8811,0.88075,0.8811,139300000,1
1412694480000,1412694539000,0.8811,0.88143,0.88108,0.88126,126130000,1
1412694540000,1412694599000,0.88125,0.88125,0.88097,0.88101,74870000,1
1412694600000,1412694659000,0.88102,0.88134,0.881,0.88114,99120000,1
1412694660000,1412694719000,0.88116,0.88124,0.88107,0.88121,130830000,1
1412694720000,1412694779000,0.88122,0.88147,0.88121,0.88145,65450000,1
1412694780000,1412694839000,0.88145,0.88149,0.88121,0.88121,77740000,1
1412694840000,1412694899000,0.8812,0.88146,0.8812,0.8814,85290000,1
1412694900000,1412694959000,0.88138,0.88153,0.88135,0.88153,90090000,1
1412694960000,1412695019000,0.88153,0.88168,0.88144,0.88152,131200000,1
1412695020000,1412695079000,0.88153,0.88162,0.8814,0.88142,121270000,1
1412695080000,1412695139000,0.88143,0.88152,0.88137,0.88138,61870000,1
1412695140000,1412695199000,0.88139,0.88141,0.88131,0.88135,83270000,1
1412695200000,1412695259000,0.88138,0.88148,0.88124,0.88145,125590000,1
1412695260000,1412695319000,0.88145,0.88153,0.88136,0.88139,81710000,1
1412695320000,1412695379000,0.8814,0.88158,0.88138,0.88156,62140000,1
1412695380000,1412695439000,0.88156,0.88157,0.88142,0.88144,42420000,1
1412695440000,1412695499000,0.88144,0.88165,0.88136,0.88136,85010000,1
1412695500000,1412695559000,0.88136,0.8814,0.88115,0.88122,67980000,1
1412695560000,1412695619000,0.88124,0.88137,0.88115,0.88137,104360000,1
1412695620000,1412695679000,0.88136,0.88144,0.88132,0.88134,60140000,1
1412695680000,1412695739000,0.88135,0.88145,0.88135,0.88142,27380000,1
1412695740000,1412695799000,0.8814,0.88164,0.8814,0.8816,85670000,1
1412695800000,1412695859000,0.88159,0.88169,0.88146,0.88155,66680000,1
1412695860000,1412695919000,0.88153,0.88153,0.88118,0.88124,48680000,1
1412695920000,1412695979000,0.88124,0.88145,0.88124,0.88142,50600000,1
1412695980000,1412696039000,0.88141,0.88157,0.8814,0.88157,52540000,1
1412696040000,1412696099000,0.88155,0.88165,0.88155,0.88165,23000000,1
1412696100000,1412696159000,0.88165,0.88195,0.88165,0.88166,119870000,1
1412696160000,1412696219000,0.88165,0.88171,0.88165,0.88166,38960000,1
1412696220000,1412696279000,0.88166,0.88167,0.88161,0.88166,39380000,1
1412696280000,1412696339000,0.88161,0.88165,0.88111,0.88111,55120000,1
1412696340000,1412696399000,0.88114,0.88114,0.88095,0.88111,92210000,1
1412696400000,1412696459000,0.88111,0.88122,0.881,0.88104,61930000,1
1412696460000,1412696519000,0.88104,0.88104,0.88087,0.88098,36810000,1
1412696520000,1412696579000,0.88097,0.88104,0.88097,0.88101,48270000,1
1412696580000,1412696639000,0.88101,0.88108,0.88101,0.88105,26250000,1
1412696640000,1412696699000,0.88105,0.88114,0.88099,0.88107,82560000,1
1412696700000,1412696759000,0.88107,0.88111,0.88099,0.8811,65510000,1
1412696760000,1412696819000,0.8811,0.8811,0.88101,0.88109,82470000,1
1412696820000,1412696879000,0.88107,0.88133,0.88107,0.88125,98160000,1
1412696880000,1412696939000,0.88125,0.88137,0.88125,0.88135,49520000,1
1412696940000,1412696999000,0.88135,0.88136,0.88113,0.88126,57640000,1
1412697000000,1412697059000,0.88124,0.88124,0.88102,0.88102,69140000,1
1412697060000,1412697119000,0.88103,0.88115,0.88099,0.88114,67420000,1
1412697120000,1412697179000,0.88113,0.88136,0.88113,0.88135,43750000,1
1412697180000,1412697239000,0.88128,0.88143,0.88127,0.88142,63370000,1
1412697240000,1412697299000,0.88141,0.88143,0.88114,0.88116,65800000,1
1412697300000,1412697359000,0.88115,0.88115,0.8808,0.8808,96000000,1
1412697360000,1412697419000,0.88079,0.88092,0.8806,0.88063,136320000,1
1412697420000,1412697479000,0.88063,0.88083,0.88063,0.88076,60080000,1
1412697480000,1412697539000,0.88079,0.88096,0.88079,0.88096,38670000,1
1412697540000,1412697599000,0.88096,0.88105,0.88067,0.88068,81770000,1
1412697600000,1412697659000,0.88068,0.88094,0.88068,0.88094,39250000,1
1412697660000,1412697719000,0.88094,0.88104,0.88086,0.88104,40260000,1
1412697720000,1412697779000,0.88104,0.8812,0.88104,0.88116,57490000,1
1412697780000,1412697839000,0.88115,0.88115,0.88092,0.88114,64110000,1
1412697840000,1412697899000,0.88112,0.88118,0.88103,0.88105,40420000,1
1412697900000,1412697959000,0.88104,0.88105,0.88087,0.88098,74390000,1
1412697960000,1412698019000,0.88098,0.88107,0.88098,0.88106,60150000,1
1412698020000,1412698079000,0.88106,0.88113,0.88106,0.88113,44900000,1
1412698080000,1412698139000,0.88112,0.88113,0.8811,0.88112,19440000,1
1412698140000,1412698199000,0.88113,0.88113,0.88113,0.88113,3500000,1
1412698200000,1412698259000,0.88111,0.88123,0.88096,0.88122,85240000,1
1412698260000,1412698319000,0.88122,0.88136,0.88122,0.88136,52180000,1
1412698320000,1412698379000,0.8814,0.88146,0.88136,0.88137,66980000,1
1412698380000,1412698439000,0.88136,0.88143,0.88128,0.88137,60390000,1
1412698440000,1412698499000,0.88136,0.88145,0.88132,0.88145,21790000,1
1412698500000,1412698559000,0.88146,0.88189,0.88146,0.88165,141600000,1
1412698560000,1412698619000,0.88165,0.88183,0.88165,0.88177,75250000,1
1412698620000,1412698679000,0.88177,0.88177,0.88151,0.88174,71390000,1
1412698680000,1412698739000,0.88174,0.88195,0.88174,0.88177,96710000,1
1412698740000,1412698799000,0.88175,0.88199,0.88175,0.88194,50440000,1
1412698800000,1412698859000,0.88192,0.88196,0.8818,0.88182,64830000,1
1412698860000,1412698919000,0.88182,0.88195,0.88175,0.88177,79090000,1
1412698920000,1412698979000,0.88176,0.88177,0.88147,0.88151,38990000,1
1412698980000,1412699039000,0.8815,0.8816,0.88138,0.88155,75480000,1
1412699040000,1412699099000,0.88154,0.88156,0.88128,0.88154,94780000,1
1412699100000,1412699159000,0.88152,0.88152,0.88119,0.88143,67110000,1
1412699160000,1412699219000,0.88144,0.88145,0.88136,0.88137,58260000,1
1412699220000,1412699279000,0.88137,0.88143,0.88121,0.88143,93730000,1
1412699280000,1412699339000,0.88143,0.88143,0.88118,0.88122,85120000,1
1412699340000,1412699399000,0.88122,0.88136,0.88119,0.88136,31850000,1
1412699400000,1412699459000,0.88137,0.88155,0.88137,0.88155,26380000,1
1412699460000,1412699519000,0.88158,0.88165,0.88135,0.88156,85590000,1
1412699520000,1412699579000,0.88155,0.88192,0.88155,0.88176,121180000,1
1412699580000,1412699639000,0.88175,0.88177,0.88168,0.88175,36760000,1
1412699640000,1412699699000,0.88172,0.88173,0.88147,0.8815,111460000,1
1412699700000,1412699759000,0.8815,0.88164,0.88139,0.88161,63260000,1
1412699760000,1412699819000,0.88162,0.8819,0.88162,0.8819,92770000,1
1412699820000,1412699879000,0.88189,0.88202,0.88187,0.882,90500000,1
1412699880000,1412699939000,0.88199,0.88217,0.88196,0.88206,104460000,1
1412699940000,1412699999000,0.88206,0.88206,0.88196,0.88196,60240000,1
1412700000000,1412700059000,0.88197,0.88222,0.88197,0.88205,63530000,1
1412700060000,1412700119000,0.88206,0.88214,0.88185,0.88185,57260000,1
1412700120000,1412700179000,0.88184,0.88187,0.88173,0.88177,72600000,1
1412700180000,1412700239000,0.88177,0.88187,0.88175,0.88185,25920000,1
1412700240000,1412700299000,0.88188,0.88205,0.88188,0.88205,36460000,1
1412700300000,1412700359000,0.88205,0.88205,0.88186,0.88188,52610000,1
1412700360000,1412700419000,0.88187,0.88203,0.88187,0.88198,47200000,1
1412700420000,1412700479000,0.88198,0.88198,0.8819,0.88194,49290000,1
1412700480000,1412700539000,0.88194,0.88205,0.88181,0.88187,57740000,1
1412700540000,1412700599000,0.88191,0.88194,0.8817,0.88174,111790000,1
1412700600000,1412700659000,0.88174,0.88178,0.88156,0.88157,49570000,1
1412700660000,1412700719000,0.88157,0.88157,0.88136,0.88146,80460000,1
1412700720000,1412700779000,0.88145,0.8815,0.88131,0.88147,80480000,1
1412700780000,1412700839000,0.88145,0.88145,0.88134,0.88134,22500000,1
1412700840000,1412700899000,0.88134,0.88144,0.88115,0.8813,104710000,1
1412700900000,1412700959000,0.8813,0.8813,0.88101,0.88108,82890000,1
1412700960000,1412701019000,0.8811,0.88111,0.88087,0.88107,83750000,1
1412701020000,1412701079000,0.88106,0.88123,0.88106,0.88123,39500000,1
1412701080000,1412701139000,0.88122,0.88134,0.88122,0.88133,21270000,1
1412701140000,1412701199000,0.88133,0.88133,0.88122,0.88131,36910000,1
1412701200000,1412701259000,0.88132,0.88133,0.88105,0.88105,59220000,1
1412701260000,1412701319000,0.88105,0.8812,0.88105,0.88112,58580000,1
1412701320000,1412701379000,0.88112,0.88113,0.88106,0.88111,28100000,1
1412701380000,1412701439000,0.8811,0.88114,0.8809,0.88098,70480000,1
1412701440000,1412701499000,0.88099,0.88103,0.88074,0.88078,58640000,1
1412701500000,1412701559000,0.88076,0.88077,0.88042,0.88054,58920000,1
1412701560000,1412701619000,0.88054,0.88084,0.88054,0.88078,80500000,1
1412701620000,1412701679000,0.88076,0.88087,0.88072,0.88082,65960000,1
1412701680000,1412701739000,0.8808,0.88093,0.88073,0.8808,69840000,1
1412701740000,1412701799000,0.88082,0.88093,0.88075,0.88092,64580000,1
1412701800000,1412701859000,0.88093,0.88101,0.88092,0.88092,23630000,1
1412701860000,1412701919000,0.88093,0.88102,0.88093,0.88102,40720000,1
1412701920000,1412701979000,0.881,0.88102,0.88082,0.88089,35290000,1
1412701980000,1412702039000,0.8809,0.88094,0.88072,0.88076,47120000,1
1412702040000,1412702099000,0.88077,0.88081,0.88075,0.88076,24230000,1
1412702100000,1412702159000,0.88076,0.88081,0.88067,0.88076,53140000,1
1412702160000,1412702219000,0.88076,0.88078,0.88058,0.8806,69700000,1
1412702220000,1412702279000,0.88058,0.88061,0.88051,0.88059,44600000,1
1412702280000,1412702339000,0.88059,0.88061,0.88049,0.88049,24600000,1
1412702340000,1412702399000,0.88051,0.88055,0.88041,0.88054,46520000,1
1412702400000,1412702459000,0.88054,0.88054,0.88022,0.88023,58360000,1
1412702460000,1412702519000,0.88021,0.88021,0.88003,0.88011,64190000,1
1412702520000,1412702579000,0.88011,0.88032,0.88011,0.88015,80610000,1
1412702580000,1412702639000,0.88016,0.88022,0.88012,0.88022,22600000,1
1412702640000,1412702699000,0.88021,0.88021,0.88013,0.8802,53470000,1
1412702700000,1412702759000,0.8802,0.88022,0.87997,0.88015,76070000,1
1412702760000,1412702819000,0.88013,0.88034,0.88013,0.88034,22100000,1
1412702820000,1412702879000,0.88031,0.88047,0.88031,0.88045,40080000,1
1412702880000,1412702939000,0.88045,0.88056,0.88045,0.88056,29640000,1
1412702940000,1412702999000,0.88055,0.88055,0.88041,0.88046,20700000,1
1412703000000,1412703059000,0.88045,0.8806,0.88045,0.8806,34360000,1
1412703060000,1412703119000,0.88061,0.88065,0.88056,0.88064,59260000,1
1412703120000,1412703179000,0.88067,0.88075,0.88053,0.88056,40150000,1
1412703180000,1412703239000,0.88058,0.88076,0.88058,0.88073,33660000,1
1412703240000,1412703299000,0.88073,0.88084,0.88062,0.88064,52910000,1
1412703300000,1412703359000,0.88064,0.88064,0.88043,0.88048,15750000,1
1412703360000,1412703419000,0.88047,0.8806,0.88047,0.88059,52040000,1
1412703420000,1412703479000,0.88059,0.88073,0.88059,0.88071,19030000,1
1412703480000,1412703539000,0.88071,0.88075,0.88071,0.88075,12220000,1
1412703540000,1412703599000,0.88075,0.88075,0.88071,0.88074,12670000,1
1412703600000,1412703659000,0.88072,0.88072,0.88062,0.8807,26260000,1
1412703660000,1412703719000,0.8807,0.88083,0.8807,0.88081,35500000,1
1412703720000,1412703779000,0.88085,0.88093,0.88084,0.88092,20190000,1
1412703780000,1412703839000,0.88092,0.88092,0.88085,0.88085,8000000,1
1412703840000,1412703899000,0.88085,0.88085,0.88085,0.88085,11500000,1
1412703900000,1412703959000,0.88085,0.88085,0.88072,0.88075,40500000,1
1412703960000,1412704019000,0.88076,0.88079,0.88071,0.88076,19010000,1
1412704020000,1412704079000,0.88078,0.88091,0.88078,0.88086,15590000,1
1412704080000,1412704139000,0.88086,0.88086,0.88076,0.88076,10000000,1
1412704140000,1412704199000,0.88075,0.88093,0.88074,0.88085,33250000,1
1412704200000,1412704259000,0.88086,0.88086,0.88082,0.88083,22570000,1
1412704260000,1412704319000,0.88086,0.88086,0.88084,0.88086,9000000,1
1412704320000,1412704379000,0.88087,0.88087,0.88073,0.88073,8150000,1
1412704380000,1412704439000,0.88073,0.88076,0.88052,0.88066,61640000,1
1412704440000,1412704499000,0.8807,0.88075,0.8807,0.88075,8750000,1
1412704500000,1412704559000,0.88075,0.88075,0.88065,0.88068,12840000,1
1412704560000,1412704619000,0.88068,0.88072,0.88067,0.88068,21480000,1
1412704620000,1412704679000,0.88066,0.88074,0.88066,0.88073,10570000,1
1412704680000,1412704739000,0.88072,0.88075,0.88072,0.88074,9670000,1
1412704740000,1412704799000,0.88074,0.88083,0.88074,0.88083,10250000,1
1412704800000,1412704859000,0.88082,0.88083,0.88082,0.88083,6640000,1
1412704860000,1412704919000,0.88082,0.88082,0.88082,0.88082,3370000,1
1412704920000,1412704979000,0.88083,0.88083,0.88083,0.88083,1000000,1
1412704980000,1412705039000,0.88082,0.88087,0.88082,0.88087,27430000,1
1412705040000,1412705099000,0.88087,0.88103,0.88087,0.88096,40930000,1
1412705100000,1412705159000,0.88096,0.88104,0.88096,0.88104,12570000,1
1412705160000,1412705219000,0.88104,0.88106,0.88104,0.88106,7000000,1
1412705220000,1412705279000,0.88105,0.88105,0.88103,0.88105,13500000,1
1412705280000,1412705339000,0.88105,0.88106,0.88094,0.88095,20720000,1
1412705340000,1412705399000,0.88095,0.88095,0.88095,0.88095,3000000,1
1412705400000,1412705459000,0.88097,0.88102,0.88095,0.88095,15000000,1
1412705460000,1412705519000,0.88095,0.88104,0.88085,0.88104,40360000,1
1412705520000,1412705579000,0.88104,0.88113,0.88104,0.88112,27600000,1
1412705580000,1412705639000,0.88113,0.88113,0.88112,0.88112,14880000,1
1412705640000,1412705699000,0.88112,0.88112,0.88111,0.88111,3100000,1
1412705700000,1412705759000,0.8811,0.88113,0.8811,0.88113,7440000,1
1412705760000,1412705819000,0.88111,0.88113,0.88111,0.88113,36160000,1
1412705820000,1412705879000,0.88113,0.88114,0.88095,0.88095,30230000,1
1412705880000,1412705939000,0.88094,0.88106,0.88093,0.88105,25190000,1
1412705940000,1412705999000,0.88106,0.88112,0.88106,0.88106,26000000,1
1412706000000,1412706059000,0.88106,0.88109,0.88106,0.88106,11320000,1
1412706060000,1412706119000,0.88105,0.88115,0.88105,0.88115,8040000,1
1412706120000,1412706179000,0.88116,0.88135,0.88116,0.88134,71920000,1
1412706180000,1412706239000,0.88134,0.88143,0.88128,0.88141,78440000,1
1412706240000,1412706299000,0.8814,0.8814,0.8813,0.88134,72500000,1
1412706300000,1412706359000,0.88136,0.88143,0.88132,0.88143,20640000,1
1412706360000,1412706419000,0.88146,0.88155,0.88144,0.88154,63920000,1
1412706420000,1412706479000,0.88154,0.8816,0.88152,0.88156,27390000,1
1412706480000,1412706539000,0.88156,0.88156,0.88154,0.88156,32000000,1
1412706540000,1412706599000,0.88157,0.8816,0.88151,0.88154,14000000,1
1412706600000,1412706659000,0.88154,0.88167,0.88154,0.88162,52630000,1
1412706660000,1412706719000,0.88162,0.88166,0.88155,0.88155,53020000,1
1412706720000,1412706779000,0.88155,0.88155,0.88144,0.8815,29490000,1
1412706780000,1412706839000,0.88148,0.88149,0.88134,0.88141,51970000,1
1412706840000,1412706899000,0.88141,0.88141,0.88122,0.88133,62280000,1
1412706900000,1412706959000,0.88135,0.88138,0.88126,0.88131,72180000,1
1412706960000,1412707019000,0.88131,0.88132,0.88115,0.88126,56600000,1
1412707020000,1412707079000,0.88128,0.88145,0.88126,0.88137,59740000,1
1412707080000,1412707139000,0.88137,0.88163,0.88137,0.88161,40520000,1
1412707140000,1412707199000,0.8816,0.8816,0.88141,0.88152,64200000,1
1412707200000,1412707259000,0.88152,0.88166,0.88146,0.88153,71370000,1
1412707260000,1412707319000,0.88153,0.88163,0.88153,0.88155,49430000,1
1412707320000,1412707379000,0.88155,0.88157,0.8815,0.88156,17350000,1
1412707380000,1412707439000,0.88156,0.88156,0.88144,0.88145,19090000,1
1412707440000,1412707499000,0.88144,0.88145,0.8814,0.88144,19150000,1
1412707500000,1412707559000,0.88144,0.8815,0.8814,0.88144,33000000,1
1412707560000,1412707619000,0.88144,0.88146,0.88142,0.88146,31880000,1
1412707620000,1412707679000,0.88144,0.88144,0.88127,0.88127,45810000,1
1412707680000,1412707739000,0.88127,0.88127,0.88097,0.88101,57020000,1
1412707740000,1412707799000,0.88104,0.88126,0.88104,0.88126,19400000,1
1412707800000,1412707859000,0.88126,0.88146,0.88117,0.88117,58130000,1
1412707860000,1412707919000,0.88117,0.88117,0.88097,0.88098,42860000,1
1412707920000,1412707979000,0.88097,0.88126,0.88097,0.88108,44720000,1
1412707980000,1412708039000,0.8811,0.88117,0.88107,0.88109,44660000,1
1412708040000,1412708099000,0.88112,0.88126,0.88112,0.88123,39400000,1
1412708100000,1412708159000,0.88123,0.88123,0.88107,0.88119,23710000,1
1412708160000,1412708219000,0.88119,0.88119,0.88045,0.88057,87560000,1
1412708220000,1412708279000,0.88057,0.8806,0.88035,0.88037,73030000,1
1412708280000,1412708339000,0.88037,0.88084,0.88037,0.88084,72260000,1
1412708340000,1412708399000,0.88082,0.88117,0.88075,0.88112,187590000,1
1412708400000,1412708459000,0.88112,0.88119,0.88057,0.88061,114880000,1
1412708460000,1412708519000,0.88059,0.88075,0.88043,0.88072,94430000,1
1412708520000,1412708579000,0.88071,0.88071,0.88043,0.88054,57110000,1
1412708580000,1412708639000,0.88057,0.88073,0.88052,0.88073,37210000,1
1412708640000,1412708699000,0.88073,0.88073,0.88066,0.88066,23350000,1
1412708700000,1412708759000,0.88066,0.88081,0.88059,0.88081,36270000,1
1412708760000,1412708819000,0.88081,0.88095,0.88075,0.88094,55180000,1
1412708820000,1412708879000,0.88095,0.88106,0.88095,0.88098,44930000,1
1412708880000,1412708939000,0.88097,0.88113,0.88097,0.88106,37800000,1
1412708940000,1412708999000,0.88108,0.88111,0.88092,0.88103,44080000,1
1412709000000,1412709059000,0.88103,0.88122,0.88103,0.88114,54750000,1
1412709060000,1412709119000,0.88114,0.8812,0.88112,0.88117,33990000,1
1412709120000,1412709179000,0.88115,0.88143,0.88111,0.8814,63860000,1
1412709180000,1412709239000,0.88137,0.88143,0.88125,0.88136,65680000,1
1412709240000,1412709299000,0.88136,0.88168,0.88134,0.88154,172460000,1
1412709300000,1412709359000,0.88154,0.88159,0.88097,0.88101,135060000,1
1412709360000,1412709419000,0.88099,0.88124,0.88094,0.88124,63290000,1
1412709420000,1412709479000,0.88124,0.88147,0.88122,0.88147,76720000,1
1412709480000,1412709539000,0.88149,0.88195,0.88146,0.88178,140870000,1
1412709540000,1412709599000,0.88178,0.8824,0.88178,0.88197,109100000,1
1412709600000,1412709659000,0.88198,0.88238,0.88198,0.88228,107090000,1
1412709660000,1412709719000,0.88225,0.88259,0.8822,0.88243,110920000,1
1412709720000,1412709779000,0.88246,0.8826,0.88209,0.88212,129060000,1
1412709780000,1412709839000,0.88212,0.88218,0.88204,0.8821,65860000,1
1412709840000,1412709899000,0.88209,0.88209,0.88157,0.88165,77000000,1
1412709900000,1412709959000,0.88165,0.88192,0.88165,0.88165,93170000,1
1412709960000,1412710019000,0.88163,0.88195,0.88159,0.88165,84120000,1
1412710020000,1412710079000,0.88164,0.88165,0.88153,0.88164,57810000,1
1412710080000,1412710139000,0.88164,0.88187,0.88164,0.88185,41590000,1
1412710140000,1412710199000,0.88185,0.88185,0.88162,0.88174,56370000,1
1412710200000,1412710259000,0.88175,0.88179,0.88166,0.88172,62800000,1
1412710260000,1412710319000,0.88173,0.88177,0.88165,0.88165,39070000,1
1412710320000,1412710379000,0.88165,0.88185,0.88165,0.88185,64770000,1
1412710380000,1412710439000,0.88185,0.88188,0.88162,0.8817,71640000,1
1412710440000,1412710499000,0.8817,0.88175,0.88155,0.88155,35990000,1
1412710500000,1412710559000,0.88155,0.88184,0.88155,0.88184,81430000,1
1412710560000,1412710619000,0.88184,0.88184,0.88167,0.88176,57350000,1
1412710620000,1412710679000,0.88176,0.88212,0.88176,0.88185,92080000,1
1412710680000,1412710739000,0.88185,0.88185,0.88173,0.88185,52300000,1
1412710740000,1412710799000,0.88186,0.88205,0.88186,0.88204,71410000,1
1412710800000,1412710859000,0.88204,0.88216,0.88184,0.88186,64090000,1
1412710860000,1412710919000,0.88188,0.88215,0.88185,0.88211,47540000,1
1412710920000,1412710979000,0.88211,0.88224,0.88182,0.88187,104660000,1
1412710980000,1412711039000,0.88189,0.88213,0.88186,0.88201,78970000,1
1412711040000,1412711099000,0.882,0.88219,0.88199,0.88199,68620000,1
1412711100000,1412711159000,0.88199,0.88215,0.88199,0.88208,29940000,1
1412711160000,1412711219000,0.88208,0.88208,0.8819,0.88194,23070000,1
1412711220000,1412711279000,0.88191,0.88194,0.88182,0.88182,43960000,1
1412711280000,1412711339000,0.88181,0.88181,0.88163,0.88172,38460000,1
1412711340000,1412711399000,0.88173,0.88187,0.88173,0.88186,15000000,1
1412711400000,1412711459000,0.88182,0.88182,0.88162,0.88162,35000000,1
1412711460000,1412711519000,0.88162,0.88162,0.8814,0.88155,84340000,1
1412711520000,1412711579000,0.88156,0.88163,0.88151,0.88155,38420000,1
1412711580000,1412711639000,0.88155,0.88155,0.88137,0.88155,70590000,1
1412711640000,1412711699000,0.88155,0.88155,0.88145,0.88151,49060000,1
1412711700000,1412711759000,0.88151,0.88165,0.88151,0.88159,51000000,1
1412711760000,1412711819000,0.88158,0.88165,0.88153,0.8816,45070000,1
1412711820000,1412711879000,0.8816,0.8816,0.88143,0.88145,17690000,1
1412711880000,1412711939000,0.88146,0.88151,0.88137,0.88138,45010000,1
1412711940000,1412711999000,0.88138,0.88138,0.88123,0.88125,87260000,1
1412712000000,1412712059000,0.88125,0.88134,0.88123,0.88123,34100000,1
1412712060000,1412712119000,0.88125,0.88125,0.88115,0.88123,38320000,1
1412712120000,1412712179000,0.88126,0.88126,0.88125,0.88126,15000000,1
1412712180000,1412712239000,0.88125,0.88135,0.88123,0.88133,15890000,1
1412712240000,1412712299000,0.88134,0.88172,0.88134,0.88169,50540000,1
1412712300000,1412712359000,0.8817,0.8819,0.8817,0.88189,31070000,1
1412712360000,1412712419000,0.88187,0.88189,0.88182,0.88188,29000000,1
1412712420000,1412712479000,0.88188,0.88189,0.88187,0.88187,10500000,1
1412712480000,1412712539000,0.88187,0.88188,0.88178,0.88186,11440000,1
1412712540000,1412712599000,0.88185,0.88186,0.88171,0.88177,47420000,1
1412712600000,1412712659000,0.88177,0.88177,0.88156,0.88157,43390000,1
1412712660000,1412712719000,0.88156,0.88166,0.88156,0.88166,10500000,1
1412712720000,1412712779000,0.88165,0.88166,0.88165,0.88165,8500000,1
1412712780000,1412712839000,0.88165,0.88165,0.88164,0.88164,10500000,1
1412712840000,1412712899000,0.88164,0.88164,0.88159,0.88159,20500000,1
1412712900000,1412712959000,0.88158,0.88158,0.88148,0.88149,30100000,1
1412712960000,1412713019000,0.88149,0.8815,0.88148,0.88149,9500000,1
1412713020000,1412713079000,0.8815,0.8815,0.88142,0.88144,27150000,1
1412713080000,1412713139000,0.88144,0.88146,0.8814,0.8814,11000000,1
1412713140000,1412713199000,0.8814,0.88144,0.88138,0.8814,33290000,1
1412713200000,1412713259000,0.8814,0.88144,0.88137,0.88138,27500000,1
1412713260000,1412713319000,0.88138,0.88138,0.88126,0.88127,50040000,1
1412713320000,1412713379000,0.88127,0.8813,0.88127,0.88128,41500000,1
1412713380000,1412713439000,0.88128,0.88134,0.8812,0.88127,62460000,1
1412713440000,1412713499000,0.88127,0.88132,0.88125,0.88131,24000000,1
1412713500000,1412713559000,0.88129,0.8813,0.88129,0.8813,5500000,1
1412713560000,1412713619000,0.88129,0.88137,0.88129,0.88137,16710000,1
1412713620000,1412713679000,0.88138,0.88138,0.88137,0.88138,4500000,1
1412713680000,1412713739000,0.88138,0.88138,0.88137,0.88137,9000000,1
1412713740000,1412713799000,0.88137,0.88139,0.88129,0.88133,81170000,1
1412713800000,1412713859000,0.88133,0.88138,0.8813,0.88136,34720000,1
1412713860000,1412713919000,0.88136,0.88136,0.88134,0.88134,13000000,1
1412713920000,1412713979000,0.88135,0.8814,0.88135,0.8814,8580000,1
1412713980000,1412714039000,0.88139,0.8814,0.88139,0.88139,32280000,1
1412714040000,1412714099000,0.88139,0.88139,0.88125,0.88129,34570000,1
1412714100000,1412714159000,0.8813,0.88131,0.88129,0.88129,28690000,1
1412714160000,1412714219000,0.88129,0.8813,0.88129,0.8813,76600000,1
1412714220000,1412714279000,0.88129,0.8813,0.88129,0.8813,12540000,1
1412714280000,1412714339000,0.8813,0.8813,0.88125,0.88128,34660000,1
1412714340000,1412714399000,0.88127,0.88129,0.88125,0.88126,7510000,1
1412714400000,1412714459000,0.88125,0.88127,0.88119,0.88119,14670000,1
1412714460000,1412714519000,0.8812,0.88122,0.88119,0.88121,33790000,1
1412714520000,1412714579000,0.88122,0.88128,0.88119,0.88119,56430000,1
1412714580000,1412714639000,0.88119,0.8812,0.88113,0.88115,25770000,1
1412714640000,1412714699000,0.88115,0.88119,0.88115,0.88118,20000000,1
1412714700000,1412714759000,0.88118,0.88126,0.88117,0.88124,25750000,1
1412714760000,1412714819000,0.88125,0.88141,0.88124,0.88139,27500000,1
1412714820000,1412714879000,0.8814,0.88164,0.8814,0.8816,28320000,1
1412714880000,1412714939000,0.8816,0.88163,0.88159,0.8816,14570000,1
1412714940000,1412714999000,0.88159,0.8816,0.88154,0.88155,16000000,1
1412715000000,1412715059000,0.88155,0.88155,0.88149,0.88149,30500000,1
1412715060000,1412715119000,0.88149,0.88152,0.88148,0.8815,16000000,1
1412715120000,1412715179000,0.8815,0.88152,0.88149,0.88149,47500000,1
1412715180000,1412715239000,0.88149,0.88152,0.8814,0.88149,44000000,1
1412715240000,1412715299000,0.88149,0.88152,0.88149,0.88152,42000000,1
1412715300000,1412715359000,0.88153,0.88153,0.88148,0.88152,28500000,1
1412715360000,1412715419000,0.88152,0.88163,0.88152,0.88163,33000000,1
1412715420000,1412715479000,0.88163,0.88163,0.88162,0.88162,18000000,1
1412715480000,1412715539000,0.88162,0.88173,0.88154,0.88158,31600000,1
1412715540000,1412715599000,0.8816,0.88166,0.88155,0.88166,17520000,1
1412715600000,1412715659000,0.8816,0.88165,0.88155,0.88164,2900000,1
1412715660000,1412715719000,0.88165,0.88167,0.88148,0.88148,3650000,1
1412715720000,1412715779000,0.88148,0.88148,0.88146,0.88146,3750000,1
1412715780000,1412715839000,0.88142,0.88145,0.88133,0.88134,16600000,1
1412715840000,1412715899000,0.88135,0.88138,0.88135,0.88138,4070000,1
1412715900000,1412715959000,0.88138,0.88138,0.88138,0.88138,4500000,1
1412715960000,1412716019000,0.88138,0.88142,0.88137,0.88137,26200000,1
1412716020000,1412716079000,0.88137,0.88137,0.88137,0.88137,17570000,1
1412716080000,1412716139000,0.88136,0.88137,0.88136,0.88136,12410000,1
1412716140000,1412716199000,0.88136,0.88138,0.88135,0.88137,15380000,1
1412716200000,1412716259000,0.88133,0.88136,0.88125,0.88129,23130000,1
1412716260000,1412716319000,0.88127,0.88128,0.88124,0.88124,14670000,1
1412716320000,1412716379000,0.88123,0.88125,0.88122,0.88125,5690000,1
1412716380000,1412716439000,0.88123,0.88138,0.8812,0.88137,13630000,1
1412716440000,1412716499000,0.88137,0.88138,0.88137,0.88137,7500000,1
1412716500000,1412716559000,0.88138,0.8814,0.88138,0.88139,16000000,1
1412716560000,1412716619000,0.88139,0.88139,0.88138,0.88138,8000000,1
1412716620000,1412716679000,0.88138,0.88139,0.88133,0.88133,11000000,1
1412716680000,1412716739000,0.88133,0.88135,0.88133,0.88135,6660000,1
1412716740000,1412716799000,0.88135,0.88142,0.88134,0.88142,14880000,1
1412716800000,1412716859000,0.88142,0.88143,0.88137,0.88143,10000000,1
1412716860000,1412716919000,0.88143,0.88143,0.88135,0.88135,5000000,1
1412716920000,1412716979000,0.88135,0.88144,0.88135,0.88143,14150000,1
1412716980000,1412717039000,0.88143,0.88143,0.88143,0.88143,7500000,1
1412717040000,1412717099000,0.88143,0.88143,0.88138,0.88138,9000000,1
1412717100000,1412717159000,0.88139,0.88139,0.88132,0.88132,6000000,1
1412717160000,1412717219000,0.88137,0.88139,0.88137,0.88138,28500000,1
1412717220000,1412717279000,0.88138,0.88139,0.88134,0.88134,14500000,1
1412717280000,1412717339000,0.88134,0.88143,0.88134,0.88143,12070000,1
1412717340000,1412717399000,0.88143,0.88143,0.88125,0.88126,32500000,1
1412717400000,1412717459000,0.88126,0.8813,0.88104,0.88128,35600000,1
1412717460000,1412717519000,0.88127,0.88128,0.88127,0.88127,8500000,1
1412717520000,1412717579000,0.88127,0.88127,0.88127,0.88127,7000000,1
1412717580000,1412717639000,0.88127,0.88127,0.88122,0.88126,14000000,1
1412717640000,1412717699000,0.88125,0.88126,0.88103,0.88106,42630000,1
1412717700000,1412717759000,0.88106,0.88118,0.88104,0.88109,91840000,1
1412717760000,1412717819000,0.88108,0.88109,0.88091,0.88091,97240000,1
1412717820000,1412717879000,0.88092,0.88094,0.88091,0.88091,25720000,1
1412717880000,1412717939000,0.88093,0.88096,0.88086,0.88092,48280000,1
1412717940000,1412717999000,0.88092,0.88102,0.8808,0.88082,61320000,1
1412718000000,1412718059000,0.88082,0.88082,0.88078,0.8808,17000000,1
1412718060000,1412718119000,0.88079,0.88105,0.88079,0.88105,72230000,1
1412718120000,1412718179000,0.88103,0.88107,0.8809,0.8809,31420000,1
1412718180000,1412718239000,0.8809,0.88091,0.88084,0.88087,20000000,1
1412718240000,1412718299000,0.88088,0.88106,0.88088,0.88097,55580000,1
1412718300000,1412718359000,0.88097,0.88105,0.88075,0.88089,40000000,1
1412718360000,1412718419000,0.8809,0.8809,0.88075,0.8808,41500000,1
1412718420000,1412718479000,0.8808,0.88091,0.88078,0.88091,57640000,1
1412718480000,1412718539000,0.8809,0.88094,0.88082,0.88088,34450000,1
1412718540000,1412718599000,0.88088,0.88091,0.88079,0.8809,46700000,1
1412718600000,1412718659000,0.8809,0.88091,0.88078,0.88081,18050000,1
1412718660000,1412718719000,0.88081,0.88093,0.88072,0.88082,62740000,1
1412718720000,1412718779000,0.88082,0.88085,0.88078,0.88082,48150000,1
1412718780000,1412718839000,0.88085,0.88085,0.88076,0.88077,36000000,1
1412718840000,1412718899000,0.88078,0.88078,0.88069,0.88072,35900000,1
1412718900000,1412718959000,0.88072,0.88074,0.88058,0.88072,60570000,1
1412718960000,1412719019000,0.88071,0.88072,0.8805,0.88054,96370000,1
1412719020000,1412719079000,0.88051,0.88054,0.88035,0.88042,68650000,1
1412719080000,1412719139000,0.88042,0.88046,0.88042,0.88045,11500000,1
1412719140000,1412719199000,0.88046,0.88065,0.88046,0.88065,11350000,1
1412719200000,1412719259000,0.88065,0.88068,0.8805,0.88053,65400000,1
1412719260000,1412719319000,0.88052,0.88052,0.88042,0.88044,32490000,1
1412719320000,1412719379000,0.88046,0.88054,0.88044,0.88054,17550000,1
1412719380000,1412719439000,0.88052,0.88053,0.88052,0.88053,5250000,1
1412719440000,1412719499000,0.88053,0.88072,0.88053,0.88072,41880000,1
1412719500000,1412719559000,0.88072,0.88075,0.88063,0.88064,26870000,1
1412719560000,1412719619000,0.88064,0.88066,0.88064,0.88065,17460000,1
1412719620000,1412719679000,0.88065,0.88066,0.88057,0.88065,40030000,1
1412719680000,1412719739000,0.88066,0.8807,0.88061,0.88068,118780000,1
1412719740000,1412719799000,0.88068,0.88094,0.88068,0.88085,139060000,1
1412719800000,1412719859000,0.88083,0.88085,0.88083,0.88085,43150000,1
1412719860000,1412719919000,0.88085,0.88087,0.88082,0.88085,34770000,1
1412719920000,1412719979000,0.88085,0.88085,0.88084,0.88084,22410000,1
1412719980000,1412720039000,0.88084,0.88085,0.88079,0.8808,18620000,1
1412720040000,1412720099000,0.88079,0.8808,0.88078,0.8808,6670000,1
1412720100000,1412720159000,0.88079,0.88079,0.88079,0.88079,2500000,1
1412720160000,1412720219000,0.8808,0.8808,0.88079,0.88079,4070000,1
1412720220000,1412720279000,0.8808,0.88083,0.8808,0.88081,4000000,1
1412720280000,1412720339000,0.8808,0.8808,0.88063,0.88069,25800000,1
1412720340000,1412720399000,0.88068,0.8807,0.88068,0.88068,4500000,1
1412720400000,1412720459000,0.88068,0.88069,0.88066,0.88069,10220000,1
1412720460000,1412720519000,0.88069,0.88069,0.88063,0.88063,23750000,1
1412720520000,1412720579000,0.88063,0.8807,0.88063,0.8807,13500000,1
1412720580000,1412720639000,0.8807,0.88073,0.8807,0.88072,4000000,1
1412720640000,1412720699000,0.88069,0.88071,0.88069,0.88071,6500000,1
1412720700000,1412720759000,0.88071,0.88071,0.88071,0.88071,3000000,1
1412720760000,1412720819000,0.88071,0.88072,0.8806,0.88066,39080000,1
1412720820000,1412720879000,0.88059,0.88064,0.88042,0.88042,37250000,1
1412720880000,1412720939000,0.88042,0.88043,0.88026,0.88029,25150000,1
1412720940000,1412720999000,0.88028,0.88028,0.88012,0.88023,25140000,1
1412721000000,1412721059000,0.88024,0.88047,0.88023,0.88046,37090000,1
1412721060000,1412721119000,0.88049,0.88061,0.88049,0.8806,14270000,1
1412721120000,1412721179000,0.88059,0.8807,0.88059,0.8807,10500000,1
1412721180000,1412721239000,0.88068,0.8807,0.88068,0.8807,3500000,1
1412721240000,1412721299000,0.8807,0.8807,0.8807,0.8807,1000000,1
1412721300000,1412721359000,0.8807,0.88073,0.88069,0.88069,9600000,1
1412721360000,1412721419000,0.88071,0.88083,0.88069,0.88069,26500000,1
1412721420000,1412721479000,0.8807,0.88075,0.8807,0.88075,8000000,1
1412721480000,1412721539000,0.88075,0.8808,0.88069,0.88079,17250000,1
1412721600000,1412721659000,0.8808,0.88088,0.88078,0.88083,35270000,1
1412721720000,1412721779000,0.88085,0.88085,0.88071,0.88072,23170000,1
1412721780000,1412721839000,0.88072,0.88073,0.88072,0.88073,3000000,1
1412721840000,1412721899000,0.88072,0.88072,0.88072,0.88072,1000000,1
1412721900000,1412721959000,0.88074,0.88078,0.88074,0.88078,8820000,1
1412721960000,1412722019000,0.88077,0.8808,0.88076,0.8808,17180000,1
1412722020000,1412722079000,0.88079,0.88082,0.88079,0.88081,11500000,1
1412722080000,1412722139000,0.88081,0.88083,0.8808,0.8808,7600000,1
1412722140000,1412722199000,0.8808,0.88082,0.88077,0.88077,14820000,1
1412722200000,1412722259000,0.88077,0.88077,0.88065,0.88065,17000000,1
1412722260000,1412722319000,0.88066,0.88066,0.8806,0.8806,19640000,1
1412722320000,1412722379000,0.8806,0.8806,0.8806,0.8806,7550000,1
1412722380000,1412722439000,0.8806,0.88061,0.8806,0.8806,7570000,1
1412722440000,1412722499000,0.88061,0.88061,0.88052,0.88057,22350000,1
1412722500000,1412722559000,0.8806,0.8806,0.88059,0.88059,6140000,1
1412722560000,1412722619000,0.88059,0.88061,0.88059,0.88061,5890000,1
1412722620000,1412722679000,0.88063,0.88065,0.88062,0.88062,8250000,1
1412722680000,1412722739000,0.88062,0.88064,0.88062,0.88064,4000000,1
1412722740000,1412722799000,0.88061,0.88063,0.88052,0.88055,27000000,1
1412722800000,1412722859000,0.88054,0.88098,0.88054,0.88093,87580000,1
1412722860000,1412722919000,0.88093,0.88112,0.88093,0.88106,54760000,1
1412722920000,1412722979000,0.88106,0.88106,0.8809,0.881,37690000,1
1412722980000,1412723039000,0.88102,0.88107,0.881,0.88105,18630000,1
1412723040000,1412723099000,0.88104,0.88119,0.88101,0.88116,33880000,1
1412723100000,1412723159000,0.88116,0.8814,0.88112,0.8814,121290000,1
1412723160000,1412723219000,0.88143,0.88159,0.8814,0.88157,79260000,1
1412723220000,1412723279000,0.88155,0.88172,0.88155,0.88169,42440000,1
1412723280000,1412723339000,0.8817,0.8817,0.88166,0.88167,12500000,1
1412723340000,1412723399000,0.88167,0.88172,0.88164,0.88169,38940000,1
1412723400000,1412723459000,0.8817,0.8817,0.8814,0.8814,33500000,1
1412723460000,1412723519000,0.88138,0.88151,0.88138,0.88149,45210000,1
1412723520000,1412723579000,0.8815,0.8815,0.88147,0.88148,22520000,1
1412723580000,1412723639000,0.88148,0.88148,0.88147,0.88147,4690000,1
1412723640000,1412723699000,0.88148,0.88152,0.88133,0.88152,46320000,1
1412723700000,1412723759000,0.8815,0.8817,0.88145,0.8817,61980000,1
1412723760000,1412723819000,0.8817,0.88179,0.8817,0.88178,26670000,1
1412723820000,1412723879000,0.88178,0.88178,0.88175,0.88178,21170000,1
1412723880000,1412723939000,0.8818,0.88199,0.88178,0.88194,50860000,1
1412723940000,1412723999000,0.88195,0.88204,0.88185,0.88204,54700000,1
1412724000000,1412724059000,0.88205,0.88221,0.88198,0.88198,100550000,1
1412724060000,1412724119000,0.882,0.88232,0.882,0.88214,53610000,1
1412724120000,1412724179000,0.88214,0.88218,0.88205,0.88209,62080000,1
1412724180000,1412724239000,0.88208,0.88208,0.88182,0.88194,86200000,1
1412724240000,1412724299000,0.88194,0.88218,0.88191,0.88215,87920000,1
1412724300000,1412724359000,0.88216,0.8824,0.88216,0.8824,32170000,1
1412724360000,1412724419000,0.8824,0.8828,0.8824,0.88278,65070000,1
1412724420000,1412724479000,0.88278,0.88278,0.88257,0.88261,59000000,1
1412724480000,1412724539000,0.88261,0.8829,0.8826,0.88286,65180000,1
1412724540000,1412724599000,0.88285,0.88291,0.88283,0.88283,56170000,1
1412724600000,1412724659000,0.88283,0.88283,0.88267,0.88267,49340000,1
1412724660000,1412724719000,0.88266,0.88266,0.88234,0.88247,71400000,1
1412724720000,1412724779000,0.88247,0.8825,0.88244,0.88244,49400000,1
1412724780000,1412724839000,0.88244,0.88249,0.88237,0.8824,41820000,1
1412724840000,1412724899000,0.88238,0.88238,0.88229,0.88233,33170000,1
1412724900000,1412724959000,0.88233,0.88233,0.88215,0.88215,33260000,1
1412724960000,1412725019000,0.88215,0.88215,0.88197,0.88202,67990000,1
1412725020000,1412725079000,0.88202,0.88206,0.88186,0.88186,33430000,1
1412725080000,1412725139000,0.88185,0.88198,0.88185,0.88195,28930000,1
1412725140000,1412725199000,0.88196,0.8821,0.88189,0.8821,56550000,1
1412725200000,1412725259000,0.88212,0.88223,0.88212,0.88223,13010000,1
1412725260000,1412725319000,0.88222,0.88222,0.88215,0.88217,23000000,1
1412725320000,1412725379000,0.88217,0.88229,0.88214,0.88223,53420000,1
1412725380000,1412725439000,0.88223,0.88225,0.88182,0.88184,74540000,1
1412725440000,1412725499000,0.88183,0.88187,0.8815,0.88186,75750000,1
1412725500000,1412725559000,0.88187,0.8819,0.88182,0.88188,18710000,1
1412725560000,1412725619000,0.88188,0.88191,0.88173,0.88173,41090000,1
1412725620000,1412725679000,0.88173,0.88173,0.88155,0.88161,30690000,1
1412725680000,1412725739000,0.88161,0.88165,0.88136,0.88136,51570000,1
1412725740000,1412725799000,0.88137,0.88138,0.88133,0.88133,47860000,1
1412725800000,1412725859000,0.88133,0.8816,0.88133,0.88157,67580000,1
1412725860000,1412725919000,0.88157,0.88162,0.88122,0.8813,105550000,1
1412725920000,1412725979000,0.8813,0.8813,0.88124,0.88126,12160000,1
1412725980000,1412726039000,0.88127,0.88128,0.88123,0.88125,75770000,1
1412726040000,1412726099000,0.88125,0.8813,0.88125,0.88129,30530000,1
1412726100000,1412726159000,0.88129,0.88129,0.88127,0.88127,14850000,1
1412726160000,1412726219000,0.88127,0.88138,0.88127,0.88134,35420000,1
1412726220000,1412726279000,0.88134,0.88134,0.88086,0.88088,59700000,1
1412726280000,1412726339000,0.88088,0.88098,0.88081,0.88081,55770000,1
1412726340000,1412726399000,0.88081,0.88089,0.8808,0.88089,41930000,1
1412726400000,1412726459000,0.88091,0.88093,0.88084,0.88087,32250000,1
1412726460000,1412726519000,0.88087,0.88087,0.8808,0.88086,25390000,1
1412726520000,1412726579000,0.88086,0.88087,0.88027,0.88041,101030000,1
1412726580000,1412726639000,0.88039,0.88072,0.88037,0.88071,135020000,1
1412726640000,1412726699000,0.88071,0.88071,0.88019,0.88033,80000000,1
1412726700000,1412726759000,0.88035,0.88077,0.88034,0.88072,104010000,1
1412726760000,1412726819000,0.88072,0.88079,0.8806,0.8806,38510000,1
1412726820000,1412726879000,0.8806,0.88077,0.88049,0.88058,88640000,1
1412726880000,1412726939000,0.88058,0.88058,0.88017,0.88019,99190000,1
1412726940000,1412726999000,0.88017,0.8804,0.88017,0.88039,55760000,1
1412727000000,1412727059000,0.88037,0.88041,0.8802,0.8803,78180000,1
1412727060000,1412727119000,0.8803,0.88032,0.88002,0.88012,55420000,1
1412727120000,1412727179000,0.88013,0.88043,0.88013,0.88041,87370000,1
1412727180000,1412727239000,0.88041,0.88042,0.88028,0.88029,40750000,1
1412727240000,1412727299000,0.88029,0.88053,0.88024,0.88052,43950000,1
1412727300000,1412727359000,0.88052,0.88052,0.88029,0.88031,39070000,1
1412727360000,1412727419000,0.88031,0.88061,0.8803,0.88061,29230000,1
1412727420000,1412727479000,0.88066,0.88111,0.88063,0.88098,94830000,1
1412727480000,1412727539000,0.88101,0.88104,0.88074,0.88082,80500000,1
1412727540000,1412727599000,0.88082,0.88082,0.88039,0.88044,92430000,1
1412727600000,1412727659000,0.88044,0.88044,0.88011,0.88017,94290000,1
1412727660000,1412727719000,0.88017,0.88031,0.88017,0.88028,31570000,1
1412727720000,1412727779000,0.8803,0.88032,0.88022,0.8803,57820000,1
1412727780000,1412727839000,0.88029,0.88058,0.88029,0.88041,70350000,1
1412727840000,1412727899000,0.8804,0.88063,0.8804,0.88059,69120000,1
1412727900000,1412727959000,0.88058,0.88058,0.8804,0.8805,103510000,1
1412727960000,1412728019000,0.88048,0.88062,0.88043,0.8806,44420000,1
1412728020000,1412728079000,0.8806,0.88066,0.88048,0.88066,66340000,1
1412728080000,1412728139000,0.88064,0.88064,0.8805,0.8805,41540000,1
1412728140000,1412728199000,0.8805,0.8805,0.88012,0.88012,57750000,1
1412728200000,1412728259000,0.88014,0.8804,0.88014,0.88019,76370000,1
1412728260000,1412728319000,0.88019,0.88043,0.88019,0.88041,83300000,1
1412728320000,1412728379000,0.88041,0.88064,0.8804,0.88063,50540000,1
1412728380000,1412728439000,0.88065,0.88082,0.8805,0.88061,73630000,1
1412728440000,1412728499000,0.88061,0.88061,0.88041,0.88041,75240000,1
1412728500000,1412728559000,0.88041,0.88062,0.88041,0.88059,38500000,1
1412728560000,1412728619000,0.8806,0.8807,0.88028,0.88066,88790000,1
1412728620000,1412728679000,0.88066,0.88068,0.88041,0.88052,72250000,1
1412728680000,1412728739000,0.88053,0.88053,0.8805,0.8805,8000000,1
1412728740000,1412728799000,0.88048,0.88048,0.88042,0.88046,35500000,1
1412728800000,1412728859000,0.88046,0.8808,0.88046,0.88071,83990000,1
1412728860000,1412728919000,0.88074,0.88098,0.88074,0.8809,106190000,1
1412728920000,1412728979000,0.8809,0.88096,0.88079,0.88083,43670000,1
1412728980000,1412729039000,0.88082,0.88091,0.8808,0.8808,55380000,1
1412729040000,1412729099000,0.88078,0.88123,0.88078,0.88121,68860000,1
1412729100000,1412729159000,0.88121,0.8816,0.88113,0.88151,144760000,1
1412729160000,1412729219000,0.88151,0.88168,0.88151,0.88162,87540000,1
1412729220000,1412729279000,0.8816,0.88167,0.88144,0.88144,71890000,1
1412729280000,1412729339000,0.88143,0.88151,0.88137,0.88137,47310000,1
1412729340000,1412729399000,0.88137,0.8815,0.88134,0.8815,35230000,1
1412729400000,1412729459000,0.88148,0.88157,0.88148,0.88148,44050000,1
1412729460000,1412729519000,0.88148,0.88158,0.88148,0.88148,51220000,1
1412729520000,1412729579000,0.88148,0.88148,0.88118,0.8812,42480000,1
1412729580000,1412729639000,0.8812,0.88132,0.88112,0.88124,77550000,1
1412729640000,1412729699000,0.88124,0.88125,0.88107,0.88108,44070000,1
1412729700000,1412729759000,0.88108,0.88131,0.88099,0.88111,109940000,1
1412729760000,1412729819000,0.88109,0.88125,0.88099,0.88123,122780000,1
1412729820000,1412729879000,0.88123,0.88123,0.88117,0.88117,20750000,1
1412729880000,1412729939000,0.88118,0.88125,0.88118,0.88123,13500000,1
1412729940000,1412729999000,0.88124,0.8816,0.88124,0.88157,88950000,1
1412730000000,1412730059000,0.88157,0.88161,0.88157,0.88157,47310000,1
1412730060000,1412730119000,0.88158,0.88158,0.88149,0.88151,25140000,1
1412730120000,1412730179000,0.88149,0.88149,0.88091,0.88105,108030000,1
1412730180000,1412730239000,0.88105,0.88118,0.88102,0.88108,60590000,1
1412730240000,1412730299000,0.88108,0.88108,0.88107,0.88107,6000000,1
1412730300000,1412730359000,0.88104,0.88105,0.88014,0.88014,126830000,1
1412730360000,1412730419000,0.88012,0.88014,0.87959,0.87973,182170000,1
1412730420000,1412730479000,0.87972,0.87988,0.87941,0.87948,196580000,1
1412730480000,1412730539000,0.87952,0.87969,0.87934,0.8794,234370000,1
1412730540000,1412730599000,0.87939,0.87939,0.87863,0.87911,220830000,1
1412730600000,1412730659000,0.87913,0.87927,0.87887,0.87889,73300000,1
1412730660000,1412730719000,0.87889,0.87889,0.87819,0.87832,177990000,1
1412730720000,1412730779000,0.87834,0.87846,0.87827,0.87835,149320000,1
1412730780000,1412730839000,0.87835,0.87852,0.8783,0.87852,94620000,1
1412730840000,1412730899000,0.87851,0.87875,0.87848,0.87872,104580000,1
1412730900000,1412730959000,0.87873,0.87887,0.87808,0.87808,153040000,1
1412730960000,1412731019000,0.87808,0.87859,0.87805,0.87859,148900000,1
1412731020000,1412731079000,0.8786,0.87866,0.87849,0.87866,66010000,1
1412731080000,1412731139000,0.87867,0.87875,0.8786,0.87868,66550000,1
1412731140000,1412731199000,0.87869,0.8792,0.87867,0.8791,167310000,1
1412731200000,1412731259000,0.87908,0.8793,0.87908,0.87918,78840000,1
1412731260000,1412731319000,0.87917,0.87917,0.87891,0.87908,72480000,1
1412731320000,1412731379000,0.87911,0.87926,0.87882,0.87882,96620000,1
1412731380000,1412731439000,0.87882,0.87902,0.87878,0.87884,55490000,1
1412731440000,1412731499000,0.87884,0.87928,0.87884,0.87919,68520000,1
1412731500000,1412731559000,0.87921,0.87921,0.87885,0.87885,66010000,1
1412731560000,1412731619000,0.87885,0.87891,0.87882,0.87891,18670000,1
1412731620000,1412731679000,0.87891,0.87923,0.87891,0.87909,94290000,1
1412731680000,1412731739000,0.87912,0.87916,0.87824,0.87854,148750000,1
1412731740000,1412731799000,0.87854,0.8788,0.87854,0.87867,121210000,1
1412731800000,1412731859000,0.87862,0.87874,0.87851,0.87865,81730000,1
1412731860000,1412731919000,0.8787,0.87875,0.87868,0.87868,32870000,1
1412731920000,1412731979000,0.87869,0.87871,0.8785,0.87852,58360000,1
1412731980000,1412732039000,0.87852,0.87882,0.8785,0.87878,77940000,1
1412732040000,1412732099000,0.87878,0.87881,0.87875,0.87881,13000000,1
1412732100000,1412732159000,0.87882,0.87905,0.87882,0.87904,88480000,1
1412732160000,1412732219000,0.87903,0.87921,0.87903,0.87921,69760000,1
1412732220000,1412732279000,0.8792,0.8792,0.8791,0.87911,49330000,1
1412732280000,1412732339000,0.87911,0.87913,0.8791,0.8791,10000000,1
1412732340000,1412732399000,0.87907,0.8791,0.87904,0.8791,37430000,1
1412732400000,1412732459000,0.8791,0.87922,0.87907,0.87922,38460000,1
1412732460000,1412732519000,0.87923,0.87959,0.87909,0.87927,129360000,1
1412732520000,1412732579000,0.87927,0.87947,0.87918,0.8794,94280000,1
1412732580000,1412732639000,0.87939,0.87947,0.87925,0.87927,51600000,1
1412732640000,1412732699000,0.87926,0.87928,0.87897,0.87916,169950000,1
1412732700000,1412732759000,0.87916,0.87918,0.87835,0.8786,304350000,1
1412732760000,1412732819000,0.8786,0.87871,0.87845,0.87853,104180000,1
1412732820000,1412732879000,0.87853,0.87864,0.87852,0.87864,51100000,1
1412732880000,1412732939000,0.87865,0.87899,0.87865,0.87898,120600000,1
1412732940000,1412732999000,0.87901,0.87907,0.87872,0.87889,104080000,1
1412733000000,1412733059000,0.87887,0.87892,0.87878,0.87887,44270000,1
1412733060000,1412733119000,0.87887,0.87891,0.87884,0.87887,12940000,1
1412733120000,1412733179000,0.87889,0.8789,0.87887,0.8789,14750000,1
1412733180000,1412733239000,0.8789,0.87921,0.87888,0.87917,83800000,1
1412733240000,1412733299000,0.87918,0.87921,0.87907,0.87915,67880000,1
1412733300000,1412733359000,0.87916,0.87941,0.87916,0.87919,56650000,1
1412733360000,1412733419000,0.87919,0.87949,0.87918,0.87949,66640000,1
1412733420000,1412733479000,0.87949,0.87958,0.8793,0.8793,72390000,1
1412733480000,1412733539000,0.8793,0.87931,0.87919,0.8793,40530000,1
1412733540000,1412733599000,0.8793,0.87938,0.87927,0.87937,37420000,1
1412733600000,1412733659000,0.87937,0.87938,0.87923,0.87923,40380000,1
1412733660000,1412733719000,0.87926,0.87931,0.87921,0.87925,62410000,1
1412733720000,1412733779000,0.87925,0.87927,0.87907,0.87917,50840000,1
1412733780000,1412733839000,0.87918,0.87955,0.87917,0.87948,63750000,1
1412733840000,1412733899000,0.87948,0.87948,0.87927,0.87928,81630000,1
1412733900000,1412733959000,0.87928,0.87928,0.87916,0.87918,36640000,1
1412733960000,1412734019000,0.87919,0.87925,0.87919,0.87924,19820000,1
1412734020000,1412734079000,0.87922,0.87928,0.87915,0.87927,24570000,1
1412734080000,1412734139000,0.87927,0.87935,0.87925,0.87925,19820000,1
1412734140000,1412734199000,0.87925,0.87938,0.87919,0.8793,74160000,1
1412734200000,1412734259000,0.8793,0.87958,0.87927,0.87955,112850000,1
1412734260000,1412734319000,0.87957,0.87972,0.87957,0.87972,78760000,1
1412734320000,1412734379000,0.8797,0.87983,0.87969,0.87983,57810000,1
1412734380000,1412734439000,0.87984,0.8799,0.87966,0.87966,121680000,1
1412734440000,1412734499000,0.87966,0.8798,0.87958,0.87968,78490000,1
1412734500000,1412734559000,0.87967,0.87967,0.87947,0.87961,61820000,1
1412734560000,1412734619000,0.8796,0.87961,0.87959,0.8796,9250000,1
1412734620000,1412734679000,0.8796,0.87988,0.8796,0.87978,108790000,1
1412734680000,1412734739000,0.87978,0.87981,0.87972,0.87979,16670000,1
1412734740000,1412734799000,0.87979,0.87979,0.8797,0.87977,39540000,1
1412734800000,1412734859000,0.87977,0.88008,0.87977,0.88008,60230000,1
1412734860000,1412734919000,0.88008,0.88015,0.88004,0.88011,46680000,1
1412734920000,1412734979000,0.88012,0.88022,0.88012,0.8802,52660000,1
1412734980000,1412735039000,0.88019,0.88021,0.88008,0.88011,41540000,1
1412735040000,1412735099000,0.88011,0.88018,0.88008,0.88011,28820000,1
1412735100000,1412735159000,0.88012,0.8802,0.8801,0.88013,51210000,1
1412735160000,1412735219000,0.88014,0.88017,0.88009,0.8801,38830000,1
1412735220000,1412735279000,0.88008,0.8801,0.88004,0.8801,22820000,1
1412735280000,1412735339000,0.88008,0.88008,0.87993,0.87993,76460000,1
1412735340000,1412735399000,0.87994,0.87994,0.87982,0.87988,74830000,1
1412735400000,1412735459000,0.87988,0.87988,0.87961,0.87964,44310000,1
1412735460000,1412735519000,0.87963,0.87971,0.87959,0.87967,36770000,1
1412735520000,1412735579000,0.87967,0.87971,0.87966,0.87967,31670000,1
1412735580000,1412735639000,0.87967,0.87967,0.8794,0.87957,41220000,1
1412735640000,1412735699000,0.87957,0.87957,0.87902,0.87914,93150000,1
1412735700000,1412735759000,0.87914,0.87926,0.87898,0.87909,100050000,1
1412735760000,1412735819000,0.87908,0.87924,0.87904,0.87923,36720000,1
1412735820000,1412735879000,0.87922,0.87925,0.87894,0.87901,64870000,1
1412735880000,1412735939000,0.879,0.87902,0.87869,0.87887,99490000,1
1412735940000,1412735999000,0.87887,0.87901,0.87885,0.87894,50460000,1
1412736000000,1412736059000,0.87892,0.879,0.87882,0.87882,46260000,1
1412736060000,1412736119000,0.87886,0.87897,0.87882,0.87889,40770000,1
1412736120000,1412736179000,0.87889,0.8789,0.87882,0.8789,48890000,1
1412736180000,1412736239000,0.8789,0.87891,0.8788,0.87887,46060000,1
1412736240000,1412736299000,0.87887,0.87899,0.87885,0.87898,16100000,1
1412736300000,1412736359000,0.87898,0.87921,0.87898,0.87921,80250000,1
1412736360000,1412736419000,0.87922,0.87936,0.87917,0.87921,73690000,1
1412736420000,1412736479000,0.87919,0.87921,0.8791,0.87919,67770000,1
1412736480000,1412736539000,0.87918,0.87918,0.87912,0.87912,17750000,1
1412736540000,1412736599000,0.87912,0.8792,0.87912,0.8792,15940000,1
1412736600000,1412736659000,0.87922,0.87936,0.87922,0.87925,79430000,1
1412736660000,1412736719000,0.87927,0.87929,0.87918,0.8792,33030000,1
1412736720000,1412736779000,0.87918,0.8792,0.87918,0.8792,7040000,1
1412736780000,1412736839000,0.87918,0.87932,0.8791,0.87929,94380000,1
1412736840000,1412736899000,0.87928,0.87937,0.87925,0.8793,44000000,1
1412736900000,1412736959000,0.8793,0.8793,0.87878,0.87882,106970000,1
1412736960000,1412737019000,0.87881,0.87885,0.8788,0.8788,13370000,1
1412737020000,1412737079000,0.8788,0.8788,0.87863,0.8787,82060000,1
1412737080000,1412737139000,0.8787,0.87892,0.87865,0.87892,106090000,1
1412737140000,1412737199000,0.87892,0.87905,0.87888,0.87904,65280000,1
1412737200000,1412737259000,0.87904,0.87904,0.87871,0.87874,108720000,1
1412737260000,1412737319000,0.87874,0.87876,0.87865,0.8787,22320000,1
1412737320000,1412737379000,0.8787,0.87871,0.87869,0.87869,17320000,1
1412737380000,1412737439000,0.87868,0.87869,0.87859,0.87859,35470000,1
1412737440000,1412737499000,0.87858,0.87858,0.87777,0.87787,126520000,1
1412737500000,1412737559000,0.87789,0.87804,0.87778,0.87793,125670000,1
1412737560000,1412737619000,0.87792,0.87805,0.87776,0.87778,147990000,1
1412737620000,1412737679000,0.87776,0.87776,0.87713,0.87727,226400000,1
1412737680000,1412737739000,0.87728,0.8775,0.87724,0.87746,118490000,1
1412737740000,1412737799000,0.87747,0.87759,0.87747,0.87758,63740000,1
1412737800000,1412737859000,0.87759,0.87782,0.87752,0.87778,154390000,1
1412737860000,1412737919000,0.87779,0.8779,0.87767,0.87772,62790000,1
1412737920000,1412737979000,0.87771,0.87809,0.87771,0.87804,69760000,1
1412737980000,1412738039000,0.87803,0.87804,0.87783,0.87783,34740000,1
1412738040000,1412738099000,0.87785,0.87789,0.87782,0.87782,27000000,1
1412738100000,1412738159000,0.87783,0.87798,0.87783,0.87787,39800000,1
1412738160000,1412738219000,0.87787,0.87803,0.8778,0.87803,60050000,1
1412738220000,1412738279000,0.87802,0.87814,0.87799,0.8781,51870000,1
1412738280000,1412738339000,0.87808,0.87811,0.87797,0.87808,47550000,1
1412738340000,1412738399000,0.87809,0.87809,0.87781,0.87787,59000000,1
1412738400000,1412738459000,0.87788,0.87788,0.87706,0.87711,143820000,1
1412738460000,1412738519000,0.8771,0.87719,0.87693,0.87705,110840000,1
1412738520000,1412738579000,0.87706,0.87729,0.87706,0.87717,60760000,1
1412738580000,1412738639000,0.87722,0.8773,0.87709,0.87716,108140000,1
1412738640000,1412738699000,0.87717,0.87725,0.87712,0.87722,49340000,1
1412738700000,1412738759000,0.87722,0.87724,0.87647,0.87658,140890000,1
1412738760000,1412738819000,0.87659,0.87663,0.87616,0.87641,195700000,1
1412738820000,1412738879000,0.87643,0.87674,0.87638,0.87674,122280000,1
1412738880000,1412738939000,0.87676,0.87682,0.87665,0.87669,71570000,1
1412738940000,1412738999000,0.87669,0.87691,0.87669,0.87682,64690000,1
1412739000000,1412739059000,0.87682,0.87702,0.87682,0.87699,56230000,1
1412739060000,1412739119000,0.877,0.877,0.87681,0.87681,56740000,1
1412739120000,1412739179000,0.87681,0.87681,0.8765,0.87651,44940000,1
1412739180000,1412739239000,0.8765,0.87676,0.8765,0.87665,103160000,1
1412739240000,1412739299000,0.87666,0.877,0.87666,0.87698,85870000,1
1412739300000,1412739359000,0.87697,0.87701,0.87689,0.877,77340000,1
1412739360000,1412739419000,0.87698,0.87713,0.8769,0.87692,80780000,1
1412739420000,1412739479000,0.87692,0.87692,0.87668,0.87676,61820000,1
1412739480000,1412739539000,0.87677,0.87686,0.87657,0.87668,109530000,1
1412739540000,1412739599000,0.87667,0.87674,0.87655,0.87665,71090000,1
1412739600000,1412739659000,0.87665,0.87669,0.8766,0.87669,53870000,1
1412739660000,1412739719000,0.87667,0.87676,0.87664,0.87676,33430000,1
1412739720000,1412739779000,0.87677,0.87698,0.87677,0.87698,80300000,1
1412739780000,1412739839000,0.87698,0.87704,0.87694,0.87704,39320000,1
1412739840000,1412739899000,0.87705,0.87715,0.87694,0.87694,51520000,1
1412739900000,1412739959000,0.87694,0.8771,0.87692,0.87692,108380000,1
1412739960000,1412740019000,0.87691,0.87691,0.87684,0.87686,22780000,1
1412740020000,1412740079000,0.87688,0.87693,0.87688,0.87691,46570000,1
1412740080000,1412740139000,0.87692,0.87705,0.87692,0.87705,22310000,1
1412740140000,1412740199000,0.87705,0.87705,0.87684,0.87687,39580000,1
1412740200000,1412740259000,0.87687,0.87689,0.87687,0.87689,4070000,1
1412740260000,1412740319000,0.87689,0.87689,0.87663,0.87667,78050000,1
1412740320000,1412740379000,0.87666,0.87678,0.87662,0.87674,41980000,1
1412740380000,1412740439000,0.87672,0.87673,0.87662,0.87667,32920000,1
1412740440000,1412740499000,0.87667,0.87687,0.87667,0.87686,59400000,1
1412740500000,1412740559000,0.87687,0.87691,0.87672,0.87676,42980000,1
1412740560000,1412740619000,0.87677,0.87688,0.87677,0.87687,14590000,1
1412740620000,1412740679000,0.87687,0.87694,0.87675,0.87678,60040000,1
1412740680000,1412740739000,0.87677,0.87691,0.87677,0.87688,15670000,1
1412740740000,1412740799000,0.87689,0.87693,0.87687,0.87693,21340000,1
1412740800000,1412740859000,0.87695,0.87703,0.87694,0.87698,31890000,1
1412740860000,1412740919000,0.877,0.87728,0.87698,0.87718,86540000,1
1412740920000,1412740979000,0.87716,0.87731,0.87711,0.87725,68290000,1
1412740980000,1412741039000,0.87725,0.87729,0.87707,0.87707,73840000,1
1412741040000,1412741099000,0.87707,0.8772,0.87706,0.87717,17250000,1
1412741100000,1412741159000,0.87717,0.8774,0.87717,0.8774,37620000,1
1412741160000,1412741219000,0.87737,0.87737,0.87729,0.87729,31820000,1
1412741220000,1412741279000,0.87728,0.87739,0.87726,0.87739,24410000,1
1412741280000,1412741339000,0.87738,0.87742,0.87725,0.87728,38240000,1
1412741340000,1412741399000,0.87727,0.87727,0.87714,0.87717,24780000,1
1412741400000,1412741459000,0.87715,0.87727,0.87715,0.87727,71640000,1
1412741460000,1412741519000,0.87727,0.87728,0.87722,0.87722,12390000,1
1412741520000,1412741579000,0.87724,0.87727,0.87721,0.87727,49020000,1
1412741580000,1412741639000,0.87727,0.87727,0.87717,0.87717,7000000,1
1412741640000,1412741699000,0.87717,0.8772,0.87717,0.8772,12640000,1
1412741700000,1412741759000,0.8772,0.8772,0.87717,0.87718,8600000,1
1412741760000,1412741819000,0.87718,0.87718,0.87709,0.87712,16320000,1
1412741820000,1412741879000,0.87714,0.87737,0.87714,0.87737,32030000,1
1412741880000,1412741939000,0.87738,0.8774,0.8772,0.8772,50280000,1
1412741940000,1412741999000,0.87721,0.8774,0.87715,0.8773,102760000,1
1412742000000,1412742059000,0.87728,0.87736,0.87719,0.87719,45390000,1
1412742060000,1412742119000,0.8772,0.87726,0.87717,0.87724,25860000,1
1412742120000,1412742179000,0.87724,0.87735,0.87707,0.87716,48330000,1
1412742180000,1412742239000,0.87716,0.87718,0.87697,0.87716,63990000,1
1412742240000,1412742299000,0.87718,0.87718,0.87705,0.87706,28240000,1
1412742300000,1412742359000,0.87707,0.87721,0.87707,0.87708,59250000,1
1412742360000,1412742419000,0.87708,0.87717,0.87708,0.87715,42840000,1
1412742420000,1412742479000,0.87715,0.87721,0.87707,0.87717,85200000,1
1412742480000,1412742539000,0.87718,0.87731,0.87718,0.87727,23180000,1
1412742540000,1412742599000,0.87727,0.87727,0.8772,0.87722,11600000,1
1412742600000,1412742659000,0.87722,0.87737,0.87722,0.87734,36790000,1
1412742660000,1412742719000,0.87734,0.87739,0.87732,0.87739,43460000,1
1412742720000,1412742779000,0.87739,0.87751,0.87739,0.87751,34320000,1
1412742780000,1412742839000,0.8775,0.87753,0.87748,0.87752,21000000,1
1412742840000,1412742899000,0.87752,0.87767,0.87752,0.87766,48150000,1
1412742900000,1412742959000,0.87766,0.87766,0.8775,0.87752,31140000,1
1412742960000,1412743019000,0.87754,0.8776,0.87753,0.8776,17590000,1
1412743020000,1412743079000,0.87758,0.87759,0.87758,0.87759,4100000,1
1412743080000,1412743139000,0.87759,0.87763,0.87758,0.87762,29850000,1
1412743140000,1412743199000,0.87762,0.87781,0.87762,0.87771,40220000,1
1412743200000,1412743259000,0.8777,0.8777,0.87757,0.87762,15640000,1
1412743260000,1412743319000,0.87763,0.87763,0.87734,0.87739,76940000,1
1412743320000,1412743379000,0.87739,0.8774,0.87715,0.87719,34440000,1
1412743380000,1412743439000,0.87718,0.8775,0.87718,0.8773,53670000,1
1412743440000,1412743499000,0.8773,0.8773,0.8771,0.87719,68750000,1
1412743500000,1412743559000,0.8772,0.8772,0.87713,0.87714,24050000,1
1412743560000,1412743619000,0.87711,0.8772,0.87707,0.87715,40520000,1
1412743620000,1412743679000,0.87716,0.87722,0.87704,0.87706,42170000,1
1412743680000,1412743739000,0.87703,0.87703,0.877,0.87701,12500000,1
1412743740000,1412743799000,0.877,0.87701,0.87689,0.8769,62000000,1
1412743800000,1412743859000,0.8769,0.8769,0.87686,0.87689,24160000,1
1412743860000,1412743919000,0.87689,0.87692,0.87689,0.87692,18000000,1
1412743920000,1412743979000,0.87692,0.87692,0.8769,0.8769,15000000,1
1412743980000,1412744039000,0.87691,0.87705,0.87691,0.87705,42000000,1
1412744040000,1412744099000,0.87704,0.87711,0.87701,0.87703,37640000,1
1412744100000,1412744159000,0.87703,0.8771,0.87703,0.87705,29750000,1
1412744160000,1412744219000,0.87705,0.87712,0.87703,0.87711,29120000,1
1412744220000,1412744279000,0.87709,0.8772,0.87707,0.87708,54250000,1
1412744280000,1412744339000,0.87707,0.87707,0.87695,0.87696,40500000,1
1412744340000,1412744399000,0.87696,0.87699,0.87688,0.87688,18500000,1
1412744400000,1412744459000,0.8769,0.87691,0.87687,0.87688,20570000,1
1412744460000,1412744519000,0.87688,0.87688,0.87675,0.87681,52270000,1
1412744520000,1412744579000,0.8768,0.87697,0.8768,0.87693,28600000,1
1412744580000,1412744639000,0.87692,0.87693,0.87691,0.87692,18260000,1
1412744640000,1412744699000,0.87692,0.87692,0.8769,0.8769,2500000,1
1412744700000,1412744759000,0.8769,0.87692,0.87682,0.87682,28500000,1
1412744760000,1412744819000,0.87682,0.87689,0.87659,0.87661,66920000,1
1412744820000,1412744879000,0.87661,0.87666,0.8765,0.87658,64910000,1
1412744880000,1412744939000,0.87658,0.87658,0.87656,0.87657,5000000,1
1412744940000,1412744999000,0.87656,0.87657,0.8764,0.87641,20500000,1
1412745000000,1412745059000,0.87642,0.87646,0.87599,0.87601,94450000,1
1412745060000,1412745119000,0.87598,0.87612,0.8759,0.87608,129340000,1
1412745120000,1412745179000,0.87608,0.87609,0.87602,0.87607,25790000,1
1412745180000,1412745239000,0.87607,0.87622,0.87607,0.87618,41200000,1
1412745240000,1412745299000,0.87616,0.87616,0.87587,0.87588,35020000,1
1412745300000,1412745359000,0.87587,0.87588,0.87558,0.87576,86750000,1
1412745360000,1412745419000,0.87576,0.87591,0.87555,0.87578,130540000,1
1412745420000,1412745479000,0.87577,0.87584,0.87568,0.87572,68250000,1
1412745480000,1412745539000,0.87571,0.87574,0.87554,0.87573,68470000,1
1412745540000,1412745599000,0.87568,0.87579,0.87565,0.87573,81570000,1
1412745600000,1412745659000,0.87573,0.87589,0.87563,0.87584,136320000,1
1412745660000,1412745719000,0.87586,0.876,0.87586,0.876,90860000,1
1412745720000,1412745779000,0.87603,0.87608,0.87589,0.87603,85590000,1
1412745780000,1412745839000,0.87602,0.87602,0.87578,0.87578,70480000,1
1412745840000,1412745899000,0.8758,0.87585,0.87571,0.87576,56560000,1
1412745900000,1412745959000,0.87577,0.87578,0.87531,0.87558,107940000,1
1412745960000,1412746019000,0.87558,0.87566,0.87544,0.87558,87680000,1
1412746020000,1412746079000,0.87559,0.87559,0.87521,0.87541,116050000,1
1412746080000,1412746139000,0.87543,0.87569,0.87543,0.87556,100360000,1
1412746140000,1412746199000,0.87556,0.87585,0.87556,0.87584,87270000,1
1412746200000,1412746259000,0.87584,0.87609,0.87584,0.87598,90870000,1
1412746260000,1412746319000,0.87599,0.87599,0.87589,0.8759,33070000,1
1412746320000,1412746379000,0.87593,0.87607,0.87587,0.87588,35140000,1
1412746380000,1412746439000,0.8759,0.8759,0.87549,0.87561,134740000,1
1412746440000,1412746499000,0.87561,0.87561,0.87543,0.87547,75320000,1
1412746500000,1412746559000,0.87549,0.87592,0.87549,0.8759,85100000,1
1412746560000,1412746619000,0.87591,0.87622,0.87591,0.87618,78710000,1
1412746620000,1412746679000,0.87619,0.87623,0.87578,0.87597,128000000,1
1412746680000,1412746739000,0.87597,0.87601,0.87597,0.87598,35130000,1
1412746740000,1412746799000,0.87597,0.87618,0.87597,0.87618,35470000,1
1412746800000,1412746859000,0.87618,0.87626,0.87614,0.8762,38180000,1
1412746860000,1412746919000,0.8762,0.8762,0.87614,0.87614,20210000,1
1412746920000,1412746979000,0.87614,0.87617,0.87602,0.87611,66740000,1
1412746980000,1412747039000,0.87613,0.87641,0.87613,0.87637,67810000,1
1412747040000,1412747099000,0.87637,0.87637,0.87632,0.87636,50280000,1
1412747100000,1412747159000,0.8764,0.87643,0.87634,0.87639,62840000,1
1412747160000,1412747219000,0.87641,0.87644,0.8764,0.87641,21530000,1
1412747220000,1412747279000,0.87641,0.87643,0.87637,0.87638,83500000,1
1412747280000,1412747339000,0.87638,0.87638,0.87623,0.87628,42480000,1
1412747340000,1412747399000,0.87628,0.87636,0.87627,0.87633,34590000,1
1412747400000,1412747459000,0.87634,0.8765,0.87629,0.87644,96680000,1
1412747460000,1412747519000,0.87644,0.87668,0.87644,0.87667,111430000,1
1412747520000,1412747579000,0.87667,0.87667,0.87624,0.87635,81480000,1
1412747580000,1412747639000,0.87634,0.87646,0.87634,0.87646,27070000,1
1412747640000,1412747699000,0.87645,0.87646,0.87635,0.87635,32120000,1
1412747700000,1412747759000,0.87635,0.8766,0.87635,0.87651,76520000,1
1412747760000,1412747819000,0.87652,0.87653,0.87625,0.87644,69290000,1
1412747820000,1412747879000,0.87644,0.87656,0.87644,0.87655,73420000,1
1412747880000,1412747939000,0.87656,0.87665,0.87644,0.87647,58550000,1
1412747940000,1412747999000,0.87647,0.87653,0.87646,0.87647,24630000,1
1412748000000,1412748059000,0.87647,0.87684,0.87647,0.87673,154910000,1
1412748060000,1412748119000,0.87674,0.87679,0.87655,0.87675,122870000,1
1412748120000,1412748179000,0.87675,0.87678,0.87671,0.87677,55170000,1
1412748180000,1412748239000,0.87677,0.8771,0.87677,0.87697,145190000,1
1412748240000,1412748299000,0.87696,0.87722,0.87696,0.87698,69990000,1
1412748300000,1412748359000,0.87697,0.87745,0.87697,0.87719,83360000,1
1412748360000,1412748419000,0.87718,0.87727,0.87713,0.87713,44570000,1
1412748420000,1412748479000,0.87712,0.87736,0.87704,0.87731,75840000,1
1412748480000,1412748539000,0.8773,0.8773,0.87697,0.87697,46600000,1
1412748540000,1412748599000,0.87697,0.87697,0.87667,0.87676,88990000,1
1412748600000,1412748659000,0.87676,0.87699,0.87675,0.87697,54170000,1
1412748660000,1412748719000,0.87697,0.87738,0.87697,0.87738,52230000,1
1412748720000,1412748779000,0.87738,0.87756,0.87738,0.87749,37910000,1
1412748780000,1412748839000,0.87748,0.87748,0.87698,0.87705,73540000,1
1412748840000,1412748899000,0.87706,0.87751,0.87706,0.87731,106990000,1
1412748900000,1412748959000,0.87732,0.87738,0.8772,0.87738,58060000,1
1412748960000,1412749019000,0.87743,0.87759,0.87743,0.87757,110370000,1
1412749020000,1412749079000,0.87756,0.87759,0.87731,0.87733,93210000,1
1412749080000,1412749139000,0.87732,0.87732,0.87694,0.87708,115500000,1
1412749140000,1412749199000,0.87708,0.87711,0.87689,0.87698,97320000,1
1412749200000,1412749259000,0.87698,0.87718,0.87698,0.87713,86510000,1
1412749260000,1412749319000,0.87713,0.87713,0.87698,0.87711,70710000,1
1412749320000,1412749379000,0.87711,0.87717,0.87687,0.8771,108970000,1
1412749380000,1412749439000,0.87712,0.87737,0.87711,0.87737,61450000,1
1412749440000,1412749499000,0.87735,0.87737,0.87693,0.87713,88400000,1
1412749500000,1412749559000,0.87711,0.87726,0.87698,0.87724,67200000,1
1412749560000,1412749619000,0.87725,0.87734,0.87712,0.87726,95720000,1
1412749620000,1412749679000,0.87725,0.87727,0.87711,0.87727,44160000,1
1412749680000,1412749739000,0.87727,0.87727,0.87717,0.87717,41410000,1
1412749740000,1412749799000,0.87717,0.87717,0.87698,0.87698,45730000,1
1412749800000,1412749859000,0.87696,0.87707,0.87685,0.87706,53070000,1
1412749860000,1412749919000,0.87708,0.8771,0.87689,0.87696,49580000,1
1412749920000,1412749979000,0.87696,0.87708,0.87689,0.87689,81680000,1
1412749980000,1412750039000,0.87689,0.87705,0.87686,0.87705,52480000,1
1412750040000,1412750099000,0.87705,0.87718,0.87705,0.87717,32060000,1
1412750100000,1412750159000,0.87717,0.87742,0.87712,0.87742,87780000,1
1412750160000,1412750219000,0.87741,0.87763,0.87737,0.87737,140440000,1
1412750220000,1412750279000,0.87737,0.87751,0.87728,0.87744,105150000,1
1412750280000,1412750339000,0.87744,0.87761,0.87741,0.87751,57880000,1
1412750340000,1412750399000,0.8775,0.87759,0.87745,0.87745,29760000,1
1412750400000,1412750459000,0.87745,0.8777,0.87744,0.8777,51170000,1
1412750460000,1412750519000,0.87772,0.87787,0.87772,0.87774,97460000,1
1412750520000,1412750579000,0.87774,0.87788,0.87774,0.87782,30770000,1
1412750580000,1412750639000,0.87783,0.87821,0.87783,0.87817,116630000,1
1412750640000,1412750699000,0.87817,0.87817,0.8778,0.87781,88760000,1
1412750700000,1412750759000,0.8778,0.87818,0.8778,0.87818,80220000,1
1412750760000,1412750819000,0.87818,0.87819,0.87807,0.87807,77840000,1
1412750820000,1412750879000,0.87807,0.87807,0.87787,0.87788,65840000,1
1412750880000,1412750939000,0.87788,0.878,0.87769,0.87769,90110000,1
1412750940000,1412750999000,0.87768,0.8777,0.87755,0.87759,48790000,1
1412751000000,1412751059000,0.87759,0.87793,0.87759,0.87789,67480000,1
1412751060000,1412751119000,0.87788,0.87809,0.87781,0.87807,88100000,1
1412751120000,1412751179000,0.87807,0.87823,0.87807,0.87818,115340000,1
1412751180000,1412751239000,0.87817,0.87835,0.87817,0.8783,94590000,1
1412751240000,1412751299000,0.87831,0.8786,0.8783,0.87849,133790000,1
1412751300000,1412751359000,0.87851,0.87861,0.87838,0.8786,128250000,1
1412751360000,1412751419000,0.87859,0.87859,0.87846,0.87857,50180000,1
1412751420000,1412751479000,0.8786,0.87872,0.87858,0.87872,35700000,1
1412751480000,1412751539000,0.87873,0.8788,0.8787,0.87878,74430000,1
1412751540000,1412751599000,0.87878,0.87879,0.87871,0.87878,60030000,1
1412751600000,1412751659000,0.87879,0.87898,0.87871,0.87897,117000000,1
1412751660000,1412751719000,0.87897,0.87912,0.87881,0.8791,174680000,1
1412751720000,1412751779000,0.87909,0.87917,0.87906,0.87907,76570000,1
1412751780000,1412751839000,0.87907,0.87907,0.87882,0.87882,68250000,1
1412751840000,1412751899000,0.87882,0.87891,0.87862,0.87867,68770000,1
1412751900000,1412751959000,0.87867,0.87874,0.87854,0.87855,71870000,1
1412751960000,1412752019000,0.87854,0.87882,0.87853,0.87873,66000000,1
1412752020000,1412752079000,0.87872,0.87915,0.87872,0.87898,176800000,1
1412752080000,1412752139000,0.87901,0.87901,0.87858,0.87872,120660000,1
1412752140000,1412752199000,0.87872,0.87875,0.87847,0.87866,80330000,1
1412752200000,1412752259000,0.87866,0.87878,0.87866,0.87867,63140000,1
1412752260000,1412752319000,0.87867,0.87879,0.87855,0.87876,86790000,1
1412752320000,1412752379000,0.87876,0.87889,0.87865,0.87878,78270000,1
1412752380000,1412752439000,0.87878,0.879,0.87869,0.879,54420000,1
1412752440000,1412752499000,0.87898,0.87913,0.87882,0.87882,89440000,1
1412752500000,1412752559000,0.8788,0.87881,0.87866,0.87869,66320000,1
1412752560000,1412752619000,0.8787,0.87894,0.8787,0.87889,119630000,1
1412752620000,1412752679000,0.87888,0.87888,0.87867,0.87877,47490000,1
1412752680000,1412752739000,0.87877,0.87877,0.87852,0.87857,66100000,1
1412752740000,1412752799000,0.87857,0.87868,0.87855,0.87855,98290000,1
1412752800000,1412752859000,0.87855,0.8786,0.8785,0.87857,129370000,1
1412752860000,1412752919000,0.87854,0.87862,0.8784,0.87845,87960000,1
1412752920000,1412752979000,0.87848,0.8786,0.87834,0.8786,85560000,1
1412752980000,1412753039000,0.87859,0.8789,0.87858,0.8788,85650000,1
1412753040000,1412753099000,0.8788,0.8788,0.87857,0.87867,40740000,1
1412753100000,1412753159000,0.87863,0.87869,0.87846,0.87847,109360000,1
1412753160000,1412753219000,0.87847,0.87847,0.87817,0.87819,67700000,1
1412753220000,1412753279000,0.87819,0.87819,0.87783,0.87799,144250000,1
1412753280000,1412753339000,0.87798,0.87807,0.87778,0.87799,116300000,1
1412753340000,1412753399000,0.87799,0.87807,0.87777,0.87785,96780000,1
1412753400000,1412753459000,0.87787,0.87807,0.87785,0.87807,87500000,1
1412753460000,1412753519000,0.87807,0.87822,0.8779,0.87802,135530000,1
1412753520000,1412753579000,0.87802,0.87817,0.87796,0.87801,80280000,1
1412753580000,1412753639000,0.878,0.8781,0.87765,0.87768,95580000,1
1412753640000,1412753699000,0.87768,0.87777,0.8776,0.87768,107130000,1
1412753700000,1412753759000,0.87768,0.87768,0.87744,0.87766,85640000,1
1412753760000,1412753819000,0.87766,0.87767,0.87755,0.87757,32210000,1
1412753820000,1412753879000,0.87757,0.87784,0.87754,0.87784,116050000,1
1412753880000,1412753939000,0.87784,0.87794,0.87767,0.87776,203360000,1
1412753940000,1412753999000,0.87777,0.87788,0.87777,0.87788,51190000,1
1412754000000,1412754059000,0.87788,0.87804,0.87788,0.87797,71330000,1
1412754060000,1412754119000,0.87797,0.87798,0.8777,0.87777,49830000,1
1412754120000,1412754179000,0.87777,0.87786,0.87765,0.87777,62750000,1
1412754180000,1412754239000,0.87779,0.87798,0.87779,0.87798,73190000,1
1412754240000,1412754299000,0.87797,0.87805,0.87797,0.87797,65760000,1
1412754300000,1412754359000,0.87797,0.87818,0.8779,0.87797,56530000,1
1412754360000,1412754419000,0.87797,0.87838,0.87797,0.8783,86510000,1
1412754420000,1412754479000,0.8783,0.87871,0.8783,0.8787,92730000,1
1412754480000,1412754539000,0.87871,0.87887,0.87867,0.87887,58440000,1
1412754540000,1412754599000,0.87887,0.87907,0.87867,0.87897,144940000,1
1412754600000,1412754659000,0.87897,0.8792,0.87885,0.87898,113130000,1
1412754660000,1412754719000,0.87895,0.87918,0.8789,0.87909,87350000,1
1412754720000,1412754779000,0.87911,0.87917,0.87907,0.87916,62340000,1
1412754780000,1412754839000,0.87917,0.87918,0.87851,0.87852,84470000,1
1412754840000,1412754899000,0.87856,0.87868,0.87856,0.87858,36890000,1
1412754900000,1412754959000,0.87858,0.87877,0.87858,0.87877,65520000,1
1412754960000,1412755019000,0.87877,0.87918,0.87877,0.87901,103800000,1
1412755020000,1412755079000,0.87897,0.87931,0.87897,0.87919,114770000,1
1412755080000,1412755139000,0.87918,0.87943,0.87917,0.87925,79580000,1
1412755140000,1412755199000,0.87925,0.87927,0.87894,0.87905,113230000,1
1412755200000,1412755259000,0.87908,0.87908,0.87874,0.87877,86900000,1
1412755260000,1412755319000,0.87877,0.87877,0.87865,0.87868,32290000,1
1412755320000,1412755379000,0.87869,0.87878,0.87834,0.87848,109110000,1
1412755380000,1412755439000,0.87846,0.87879,0.87845,0.87879,48250000,1
1412755440000,1412755499000,0.87878,0.87888,0.87871,0.87879,76550000,1
1412755500000,1412755559000,0.87878,0.87878,0.87855,0.87868,100250000,1
1412755560000,1412755619000,0.87867,0.8787,0.87847,0.87857,76980000,1
1412755620000,1412755679000,0.87857,0.87857,0.87837,0.8785,57410000,1
1412755680000,1412755739000,0.87851,0.87871,0.87841,0.87859,85320000,1
1412755740000,1412755799000,0.87867,0.87872,0.87857,0.87871,78320000,1
1412755800000,1412755859000,0.87869,0.87895,0.87866,0.87887,68350000,1
1412755860000,1412755919000,0.87887,0.87914,0.87887,0.87897,75730000,1
1412755920000,1412755979000,0.87896,0.87924,0.87896,0.87915,71590000,1
1412755980000,1412756039000,0.87916,0.87927,0.87907,0.87907,83430000,1
1412756040000,1412756099000,0.87907,0.8794,0.87907,0.87933,134340000,1
1412756100000,1412756159000,0.87935,0.87954,0.87935,0.87945,86540000,1
1412756160000,1412756219000,0.87946,0.8795,0.87907,0.87907,50830000,1
1412756220000,1412756279000,0.87907,0.87937,0.87899,0.87937,71130000,1
1412756280000,1412756339000,0.87936,0.87956,0.8793,0.87948,91700000,1
1412756340000,1412756399000,0.8795,0.87954,0.87935,0.8794,78410000,1
1412756400000,1412756459000,0.8794,0.8794,0.87928,0.8793,62470000,1
1412756460000,1412756519000,0.87932,0.87937,0.87931,0.87937,48230000,1
1412756520000,1412756579000,0.87939,0.87956,0.87937,0.87949,80770000,1
1412756580000,1412756639000,0.87949,0.87949,0.87911,0.87916,47530000,1
1412756640000,1412756699000,0.87918,0.87924,0.879,0.87906,73480000,1
1412756700000,1412756759000,0.87906,0.87906,0.8788,0.87885,55250000,1
1412756760000,1412756819000,0.87884,0.87886,0.87876,0.87881,55170000,1
1412756820000,1412756879000,0.87881,0.87883,0.87867,0.87877,69160000,1
1412756880000,1412756939000,0.87877,0.87885,0.87858,0.8786,96220000,1
1412756940000,1412756999000,0.87859,0.87871,0.87858,0.87868,57030000,1
1412757000000,1412757059000,0.87867,0.87877,0.87857,0.87876,73980000,1
1412757060000,1412757119000,0.87876,0.87877,0.87859,0.87867,98310000,1
1412757120000,1412757179000,0.87867,0.87911,0.87859,0.87908,137100000,1
1412757180000,1412757239000,0.87909,0.87917,0.87909,0.87917,19780000,1
1412757240000,1412757299000,0.87918,0.87928,0.87906,0.87927,48750000,1
1412757300000,1412757359000,0.87927,0.87937,0.8791,0.87928,91500000,1
1412757360000,1412757419000,0.87927,0.87933,0.8789,0.87906,96220000,1
1412757420000,1412757479000,0.87906,0.87941,0.87906,0.87937,119410000,1
1412757480000,1412757539000,0.87941,0.87971,0.87937,0.87947,76030000,1
1412757540000,1412757599000,0.87948,0.87959,0.87939,0.87956,87760000,1
1412757600000,1412757659000,0.87956,0.87957,0.87917,0.87936,101840000,1
1412757660000,1412757719000,0.87936,0.87937,0.87909,0.87914,94720000,1
1412757720000,1412757779000,0.87916,0.87945,0.87914,0.87937,94140000,1
1412757780000,1412757839000,0.87937,0.87937,0.87932,0.87937,25710000,1
1412757840000,1412757899000,0.87936,0.87936,0.87906,0.87908,59590000,1
1412757900000,1412757959000,0.87905,0.87951,0.87904,0.87944,89580000,1
1412757960000,1412758019000,0.87941,0.87947,0.87916,0.87934,70980000,1
1412758020000,1412758079000,0.87936,0.87948,0.87927,0.87937,124770000,1
1412758080000,1412758139000,0.87937,0.87985,0.87927,0.87958,149770000,1
1412758140000,1412758199000,0.87958,0.87976,0.87953,0.87958,120820000,1
1412758200000,1412758259000,0.87958,0.87986,0.87958,0.87986,81110000,1
1412758260000,1412758319000,0.87986,0.88019,0.87986,0.88017,148270000,1
1412758320000,1412758379000,0.88017,0.88017,0.8799,0.88008,131600000,1
1412758380000,1412758439000,0.88007,0.88007,0.87975,0.87976,123510000,1
1412758440000,1412758499000,0.87976,0.87997,0.87965,0.87965,116680000,1
1412758500000,1412758559000,0.87965,0.8799,0.87965,0.87986,125790000,1
1412758560000,1412758619000,0.87986,0.87988,0.87979,0.87986,79080000,1
1412758620000,1412758679000,0.87984,0.88001,0.87975,0.88001,129200000,1
1412758680000,1412758739000,0.88004,0.88015,0.87987,0.87987,81920000,1
1412758740000,1412758799000,0.87988,0.88004,0.87987,0.87988,65360000,1
1412758800000,1412758859000,0.87988,0.87998,0.87955,0.87967,88260000,1
1412758860000,1412758919000,0.8797,0.87977,0.87942,0.8796,78200000,1
1412758920000,1412758979000,0.8796,0.87967,0.8794,0.87947,41600000,1
1412758980000,1412759039000,0.87947,0.87997,0.87935,0.87997,75590000,1
1412759040000,1412759099000,0.87997,0.88011,0.87989,0.87997,69000000,1
1412759100000,1412759159000,0.87997,0.87997,0.87973,0.87985,55270000,1
1412759160000,1412759219000,0.87984,0.88008,0.87975,0.87994,124570000,1
1412759220000,1412759279000,0.87989,0.88022,0.87988,0.87997,96130000,1
1412759280000,1412759339000,0.87996,0.88058,0.87991,0.88058,135760000,1
1412759340000,1412759399000,0.88058,0.88127,0.88058,0.88095,217540000,1
1412759400000,1412759459000,0.88097,0.88111,0.88077,0.88108,126660000,1
1412759460000,1412759519000,0.88109,0.88126,0.881,0.88112,100180000,1
1412759520000,1412759579000,0.88111,0.88116,0.88091,0.8811,162090000,1
1412759580000,1412759639000,0.88111,0.88127,0.88099,0.88105,125970000,1
1412759640000,1412759699000,0.88105,0.88115,0.88087,0.88108,126210000,1
1412759700000,1412759759000,0.88109,0.88145,0.88109,0.88138,148590000,1
1412759760000,1412759819000,0.88142,0.88169,0.88087,0.88108,161990000,1
1412759820000,1412759879000,0.88108,0.88108,0.88087,0.88087,107710000,1
1412759880000,1412759939000,0.88087,0.8812,0.88079,0.88091,137250000,1
1412759940000,1412759999000,0.88092,0.8811,0.88082,0.88101,107400000,1
1412760000000,1412760059000,0.88101,0.88101,0.88057,0.88066,107460000,1
1412760060000,1412760119000,0.88066,0.88083,0.88059,0.88078,91780000,1
1412760120000,1412760179000,0.88081,0.88089,0.88072,0.88081,100720000,1
1412760180000,1412760239000,0.8808,0.88095,0.88078,0.8808,97590000,1
1412760240000,1412760299000,0.88078,0.88079,0.88065,0.88077,54470000,1
1412760300000,1412760359000,0.88076,0.88078,0.88057,0.88057,67440000,1
1412760360000,1412760419000,0.88057,0.88057,0.88038,0.88042,100370000,1
1412760420000,1412760479000,0.88039,0.88079,0.88039,0.88078,80360000,1
1412760480000,1412760539000,0.88074,0.8809,0.88062,0.88062,86840000,1
1412760540000,1412760599000,0.88062,0.88068,0.88057,0.88063,40140000,1
1412760600000,1412760659000,0.88062,0.88062,0.88043,0.88045,93240000,1
1412760660000,1412760719000,0.88045,0.88047,0.88037,0.88037,22250000,1
1412760720000,1412760779000,0.88037,0.88041,0.88024,0.88038,65910000,1
1412760780000,1412760839000,0.88039,0.88043,0.88031,0.88034,78220000,1
1412760840000,1412760899000,0.88034,0.88038,0.8802,0.8802,82600000,1
1412760900000,1412760959000,0.8802,0.88027,0.88015,0.88027,43520000,1
1412760960000,1412761019000,0.88027,0.88027,0.88017,0.88021,36370000,1
1412761020000,1412761079000,0.88021,0.88021,0.88007,0.88011,45630000,1
1412761080000,1412761139000,0.88011,0.88011,0.87996,0.87997,54540000,1
1412761140000,1412761199000,0.87997,0.87997,0.87983,0.8799,38290000,1
1412761200000,1412761259000,0.8799,0.88008,0.8799,0.88006,35690000,1
1412761260000,1412761319000,0.88007,0.88007,0.87969,0.88001,92770000,1
1412761320000,1412761379000,0.88,0.88,0.87987,0.88,64260000,1
1412761380000,1412761439000,0.88002,0.88007,0.8798,0.87981,76620000,1
1412761440000,1412761499000,0.87975,0.87988,0.87971,0.87978,70930000,1
1412761500000,1412761559000,0.87978,0.87978,0.87951,0.87967,69360000,1
1412761560000,1412761619000,0.87968,0.87968,0.87957,0.87968,54390000,1
1412761620000,1412761679000,0.87967,0.87968,0.87952,0.87968,30240000,1
1412761680000,1412761739000,0.8797,0.8797,0.87943,0.87943,91120000,1
1412761740000,1412761799000,0.87942,0.87957,0.8794,0.87947,58050000,1
1412761800000,1412761859000,0.87949,0.87957,0.87939,0.87939,96720000,1
1412761860000,1412761919000,0.87937,0.87958,0.87932,0.87952,79180000,1
1412761920000,1412761979000,0.87952,0.87967,0.87942,0.87944,60410000,1
1412761980000,1412762039000,0.87944,0.87948,0.87939,0.87947,62580000,1
1412762040000,1412762099000,0.87948,0.87962,0.87948,0.87962,48930000,1
1412762100000,1412762159000,0.87961,0.87961,0.87908,0.87918,102070000,1
1412762160000,1412762219000,0.87918,0.87928,0.87908,0.87908,46050000,1
1412762220000,1412762279000,0.87908,0.87917,0.87904,0.87904,50600000,1
1412762280000,1412762339000,0.87907,0.87917,0.87888,0.87916,68980000,1
1412762340000,1412762399000,0.87915,0.87936,0.87911,0.87919,58030000,1
1412762400000,1412762459000,0.87922,0.87956,0.87922,0.87945,82360000,1
1412762460000,1412762519000,0.87949,0.87952,0.87949,0.8795,11000000,1
1412762520000,1412762579000,0.87949,0.87962,0.87938,0.87947,76300000,1
1412762580000,1412762639000,0.87947,0.8795,0.87917,0.87917,109090000,1
1412762640000,1412762699000,0.87917,0.87917,0.8789,0.8789,95550000,1
1412762700000,1412762759000,0.8789,0.87916,0.87886,0.87907,132530000,1
1412762760000,1412762819000,0.87907,0.87918,0.87907,0.87918,60560000,1
1412762820000,1412762879000,0.87916,0.87916,0.87898,0.87908,66280000,1
1412762880000,1412762939000,0.87908,0.87914,0.87893,0.87903,66390000,1
1412762940000,1412762999000,0.87905,0.87905,0.8789,0.87897,48920000,1
1412763000000,1412763059000,0.879,0.87908,0.87899,0.87908,70960000,1
1412763060000,1412763119000,0.87908,0.87908,0.87882,0.8789,70400000,1
1412763120000,1412763179000,0.87889,0.87889,0.87867,0.87871,59980000,1
1412763180000,1412763239000,0.87871,0.87871,0.87853,0.87856,72610000,1
1412763240000,1412763299000,0.87853,0.87853,0.87819,0.87837,108050000,1
1412763300000,1412763359000,0.87836,0.8784,0.87828,0.87839,76600000,1
1412763360000,1412763419000,0.87837,0.8785,0.87835,0.8785,74870000,1
1412763420000,1412763479000,0.8785,0.87861,0.87839,0.87839,110260000,1
1412763480000,1412763539000,0.8784,0.87861,0.87839,0.87851,35990000,1
1412763540000,1412763599000,0.87851,0.87876,0.8784,0.87867,69640000,1
1412763600000,1412763659000,0.87868,0.87884,0.87857,0.87868,96030000,1
1412763660000,1412763719000,0.8787,0.87892,0.87867,0.87888,62880000,1
1412763720000,1412763779000,0.87887,0.87898,0.87878,0.87895,49540000,1
1412763780000,1412763839000,0.87895,0.87895,0.87886,0.87886,30120000,1
1412763840000,1412763899000,0.87887,0.87906,0.87886,0.87899,35540000,1
1412763900000,1412763959000,0.87898,0.87898,0.87887,0.87887,42090000,1
1412763960000,1412764019000,0.87891,0.87898,0.8789,0.87896,51940000,1
1412764020000,1412764079000,0.87896,0.87908,0.87896,0.87899,37390000,1
1412764080000,1412764139000,0.87899,0.87899,0.87894,0.87897,25180000,1
1412764140000,1412764199000,0.87896,0.87899,0.87888,0.87898,33970000,1
1412764200000,1412764259000,0.87898,0.87899,0.87887,0.87887,33960000,1
1412764260000,1412764319000,0.87887,0.87895,0.87878,0.87892,62420000,1
1412764320000,1412764379000,0.87891,0.87898,0.87888,0.87898,31050000,1
1412764380000,1412764439000,0.87896,0.87896,0.87884,0.87884,40780000,1
1412764440000,1412764499000,0.87884,0.87884,0.87873,0.87884,51010000,1
1412764500000,1412764559000,0.87884,0.87888,0.87877,0.8788,56830000,1
1412764560000,1412764619000,0.87881,0.87887,0.87879,0.87885,21290000,1
1412764620000,1412764679000,0.87885,0.87913,0.87885,0.87912,62570000,1
1412764680000,1412764739000,0.8791,0.87937,0.8791,0.87926,111810000,1
1412764740000,1412764799000,0.87926,0.87929,0.87918,0.87926,27690000,1
1412764800000,1412764859000,0.87926,0.87937,0.87918,0.87918,66190000,1
1412764860000,1412764919000,0.87918,0.87918,0.87901,0.87908,66840000,1
1412764920000,1412764979000,0.87907,0.87907,0.87881,0.87883,57120000,1
1412764980000,1412765039000,0.87882,0.87898,0.87879,0.87887,52400000,1
1412765040000,1412765099000,0.87888,0.87902,0.87885,0.87902,57680000,1
1412765100000,1412765159000,0.87902,0.87907,0.87886,0.87891,84670000,1
1412765160000,1412765219000,0.87891,0.87899,0.87879,0.87888,61190000,1
1412765220000,1412765279000,0.87888,0.87898,0.87888,0.87895,67080000,1
1412765280000,1412765339000,0.87895,0.87898,0.87888,0.87888,42580000,1
1412765340000,1412765399000,0.87888,0.87888,0.87872,0.87877,27940000,1
1412765400000,1412765459000,0.87879,0.87888,0.87879,0.87888,13620000,1
1412765460000,1412765519000,0.87888,0.87906,0.87885,0.87898,31330000,1
1412765520000,1412765579000,0.87897,0.8792,0.87892,0.87908,70930000,1
1412765580000,1412765639000,0.87908,0.87908,0.87853,0.87857,117570000,1
1412765640000,1412765699000,0.87857,0.87859,0.87845,0.87858,90800000,1
1412765700000,1412765759000,0.87857,0.87867,0.87856,0.87857,59870000,1
1412765760000,1412765819000,0.87857,0.87857,0.87839,0.87839,50990000,1
1412765820000,1412765879000,0.87839,0.8785,0.87832,0.87847,55740000,1
1412765880000,1412765939000,0.87847,0.87883,0.87847,0.87871,62790000,1
1412765940000,1412765999000,0.8787,0.87878,0.87857,0.87869,77880000,1
1412766000000,1412766059000,0.87869,0.87876,0.87852,0.87857,87110000,1
1412766060000,1412766119000,0.87857,0.87867,0.87854,0.87867,22250000,1
1412766120000,1412766179000,0.87867,0.87882,0.87855,0.87876,66440000,1
1412766180000,1412766239000,0.87876,0.87888,0.87874,0.87886,36890000,1
1412766240000,1412766299000,0.87886,0.87886,0.87867,0.87877,61120000,1
1412766300000,1412766359000,0.87877,0.87883,0.87868,0.87877,33890000,1
1412766360000,1412766419000,0.87877,0.87887,0.8787,0.87873,21690000,1
1412766420000,1412766479000,0.87873,0.87874,0.87842,0.87848,66310000,1
1412766480000,1412766539000,0.87846,0.87847,0.87818,0.87828,59570000,1
1412766540000,1412766599000,0.87826,0.87828,0.87804,0.87806,65940000,1
1412766600000,1412766659000,0.87806,0.87806,0.87785,0.87795,73130000,1
1412766660000,1412766719000,0.87795,0.87798,0.87785,0.87785,61770000,1
1412766720000,1412766779000,0.87784,0.87797,0.87784,0.87797,16340000,1
1412766780000,1412766839000,0.87797,0.87805,0.8779,0.87796,51220000,1
1412766840000,1412766899000,0.87796,0.87798,0.87781,0.87784,90920000,1
1412766900000,1412766959000,0.87786,0.87787,0.87749,0.87768,94920000,1
1412766960000,1412767019000,0.87767,0.87768,0.87754,0.87768,55240000,1
1412767020000,1412767079000,0.87768,0.87784,0.87757,0.87757,99390000,1
1412767080000,1412767139000,0.87757,0.87796,0.87757,0.87796,51280000,1
1412767140000,1412767199000,0.87796,0.87815,0.87793,0.87811,61700000,1
1412767200000,1412767259000,0.87809,0.87825,0.87808,0.87818,82990000,1
1412767260000,1412767319000,0.87817,0.8782,0.87807,0.87807,60110000,1
1412767320000,1412767379000,0.87807,0.87807,0.8779,0.87797,76890000,1
1412767380000,1412767439000,0.87797,0.87807,0.87787,0.87806,92670000,1
1412767440000,1412767499000,0.87807,0.87808,0.87787,0.87788,71400000,1
1412767500000,1412767559000,0.87785,0.87788,0.87772,0.87788,38540000,1
1412767560000,1412767619000,0.87789,0.87795,0.87787,0.87788,53930000,1
1412767620000,1412767679000,0.87788,0.87797,0.8778,0.87788,35750000,1
1412767680000,1412767739000,0.87785,0.87785,0.87768,0.87777,63750000,1
1412767740000,1412767799000,0.87777,0.87785,0.8777,0.87785,35210000,1
1412767800000,1412767859000,0.87784,0.87787,0.87777,0.87786,46330000,1
1412767860000,1412767919000,0.87789,0.87797,0.87771,0.87775,65330000,1
1412767920000,1412767979000,0.87777,0.87797,0.87773,0.87796,93530000,1
1412767980000,1412768039000,0.87796,0.87807,0.8779,0.87806,90150000,1
1412768040000,1412768099000,0.87807,0.87835,0.87806,0.87833,92710000,1
1412768100000,1412768159000,0.8783,0.87833,0.87805,0.87811,71590000,1
1412768160000,1412768219000,0.87811,0.87838,0.87811,0.87837,60460000,1
1412768220000,1412768279000,0.87836,0.87845,0.87828,0.87828,62340000,1
1412768280000,1412768339000,0.87828,0.87828,0.87807,0.87827,93740000,1
1412768340000,1412768399000,0.87827,0.87827,0.87786,0.87805,78530000,1
1412768400000,1412768459000,0.87806,0.87827,0.87806,0.87816,59130000,1
1412768460000,1412768519000,0.87816,0.87838,0.87813,0.87837,73710000,1
1412768520000,1412768579000,0.87839,0.87857,0.87828,0.87828,76990000,1
1412768580000,1412768639000,0.87828,0.87829,0.87814,0.87817,71660000,1
1412768640000,1412768699000,0.87817,0.87817,0.8778,0.87787,64120000,1
1412768700000,1412768759000,0.87788,0.87796,0.87769,0.87784,75340000,1
1412768760000,1412768819000,0.87782,0.87786,0.87742,0.87743,94990000,1
1412768820000,1412768879000,0.87741,0.87749,0.87737,0.87748,60720000,1
1412768880000,1412768939000,0.87745,0.87776,0.87743,0.87757,72140000,1
1412768940000,1412768999000,0.87759,0.87777,0.87759,0.87777,64670000,1
1412769000000,1412769059000,0.8778,0.87798,0.87767,0.87788,94630000,1
1412769060000,1412769119000,0.87788,0.87788,0.87767,0.87767,64370000,1
1412769120000,1412769179000,0.87767,0.87767,0.87747,0.87756,71440000,1
1412769180000,1412769239000,0.87758,0.87777,0.87756,0.87777,47360000,1
1412769240000,1412769299000,0.87777,0.87787,0.87764,0.87785,79170000,1
1412769300000,1412769359000,0.87786,0.87788,0.8777,0.87776,67780000,1
1412769360000,1412769419000,0.87776,0.87777,0.87767,0.87777,78860000,1
1412769420000,1412769479000,0.87775,0.87778,0.87768,0.87776,55010000,1
1412769480000,1412769539000,0.87774,0.87774,0.87747,0.87747,63520000,1
1412769540000,1412769599000,0.87748,0.87766,0.87747,0.87748,88350000,1
1412769600000,1412769659000,0.87747,0.87755,0.87741,0.87748,41110000,1
1412769660000,1412769719000,0.87751,0.87755,0.87715,0.87716,104660000,1
1412769720000,1412769779000,0.87717,0.87723,0.87715,0.87723,46160000,1
1412769780000,1412769839000,0.87723,0.87727,0.87714,0.87717,62920000,1
1412769840000,1412769899000,0.87717,0.87717,0.87697,0.87706,59810000,1
1412769900000,1412769959000,0.87708,0.87715,0.87705,0.87715,36560000,1
1412769960000,1412770019000,0.87715,0.87715,0.87665,0.87665,94330000,1
1412770020000,1412770079000,0.87663,0.87685,0.87655,0.87668,119340000,1
1412770080000,1412770139000,0.87668,0.87673,0.87638,0.87673,98170000,1
1412770140000,1412770199000,0.87674,0.87674,0.87655,0.87658,77450000,1
1412770200000,1412770259000,0.87657,0.87676,0.8765,0.87673,92840000,1
1412770260000,1412770319000,0.87674,0.87688,0.87674,0.87678,107200000,1
1412770320000,1412770379000,0.87678,0.87683,0.87667,0.87675,77340000,1
1412770380000,1412770439000,0.87678,0.87688,0.87675,0.87688,90470000,1
1412770440000,1412770499000,0.87688,0.87716,0.87688,0.87714,102260000,1
1412770500000,1412770559000,0.87713,0.87727,0.877,0.87726,93430000,1
1412770560000,1412770619000,0.87728,0.87731,0.87715,0.87715,31630000,1
1412770620000,1412770679000,0.87715,0.8772,0.87697,0.87717,85190000,1
1412770680000,1412770739000,0.87717,0.87725,0.87712,0.87719,33430000,1
1412770740000,1412770799000,0.87722,0.87735,0.87717,0.87727,60110000,1
1412770800000,1412770859000,0.87727,0.87734,0.8772,0.87726,25050000,1
1412770860000,1412770919000,0.87726,0.87735,0.87717,0.87735,53620000,1
1412770920000,1412770979000,0.87735,0.87748,0.87727,0.87736,59240000,1
1412770980000,1412771039000,0.87736,0.87759,0.87736,0.8775,55050000,1
1412771040000,1412771099000,0.8775,0.8776,0.8775,0.8776,44870000,1
1412771100000,1412771159000,0.8776,0.8776,0.87749,0.87758,34070000,1
1412771160000,1412771219000,0.8776,0.87761,0.87756,0.87761,25660000,1
1412771220000,1412771279000,0.87761,0.87769,0.87754,0.87761,38640000,1
1412771280000,1412771339000,0.87761,0.8777,0.87757,0.8777,48410000,1
1412771340000,1412771399000,0.87769,0.87798,0.87767,0.87798,41540000,1
1412771400000,1412771459000,0.87798,0.87828,0.87782,0.87828,84090000,1
1412771460000,1412771519000,0.87826,0.8783,0.87784,0.87795,108270000,1
1412771520000,1412771579000,0.87796,0.87838,0.87795,0.87838,76350000,1
1412771580000,1412771639000,0.87838,0.87839,0.87816,0.87818,79700000,1
1412771640000,1412771699000,0.8782,0.87824,0.87799,0.87805,56790000,1
1412771700000,1412771759000,0.87806,0.87806,0.87787,0.8779,37190000,1
1412771760000,1412771819000,0.87789,0.87817,0.87787,0.87815,39590000,1
1412771820000,1412771879000,0.87813,0.87842,0.87799,0.87828,96240000,1
1412771880000,1412771939000,0.8783,0.87851,0.87805,0.87807,135510000,1
1412771940000,1412771999000,0.87808,0.8784,0.87807,0.87807,74800000,1
1412772000000,1412772059000,0.87806,0.87832,0.87803,0.8781,107210000,1
1412772060000,1412772119000,0.8781,0.87816,0.87787,0.87787,91170000,1
1412772120000,1412772179000,0.87787,0.87795,0.87773,0.87795,67280000,1
1412772180000,1412772239000,0.87796,0.87817,0.87772,0.87786,96390000,1
1412772240000,1412772299000,0.87786,0.87807,0.87786,0.87797,108950000,1
1412772300000,1412772359000,0.87797,0.87805,0.87777,0.87787,81760000,1
1412772360000,1412772419000,0.8779,0.87795,0.87746,0.87755,111830000,1
1412772420000,1412772479000,0.87755,0.87767,0.8775,0.87765,70720000,1
1412772480000,1412772539000,0.87766,0.87787,0.87766,0.87775,56700000,1
1412772540000,1412772599000,0.87774,0.8779,0.87772,0.8779,40500000,1
1412772600000,1412772659000,0.8779,0.87814,0.8779,0.8781,94620000,1
1412772660000,1412772719000,0.87807,0.87832,0.878,0.87818,92820000,1
1412772720000,1412772779000,0.87816,0.87816,0.87797,0.87797,35570000,1
1412772780000,1412772839000,0.87793,0.87807,0.87783,0.87797,47240000,1
1412772840000,1412772899000,0.87798,0.87828,0.87798,0.87807,66060000,1
1412772900000,1412772959000,0.87805,0.87826,0.87799,0.87825,85670000,1
1412772960000,1412773019000,0.87824,0.87837,0.87807,0.87837,110520000,1
1412773020000,1412773079000,0.87836,0.87841,0.87827,0.87837,54150000,1
1412773080000,1412773139000,0.87839,0.87849,0.8781,0.87816,88820000,1
1412773140000,1412773199000,0.87814,0.87821,0.87797,0.87797,65130000,1
1412773200000,1412773259000,0.878,0.87817,0.87797,0.87815,99300000,1
1412773260000,1412773319000,0.87816,0.87836,0.87812,0.8782,112010000,1
1412773320000,1412773379000,0.87825,0.87826,0.878,0.87825,77430000,1
1412773380000,1412773439000,0.87829,0.87875,0.87827,0.87867,112240000,1
1412773440000,1412773499000,0.87867,0.8789,0.87867,0.87871,124290000,1
1412773500000,1412773559000,0.87869,0.87889,0.87869,0.87871,32010000,1
1412773560000,1412773619000,0.8787,0.87894,0.87859,0.87886,72830000,1
1412773620000,1412773679000,0.87885,0.87885,0.8786,0.87865,61010000,1
1412773680000,1412773739000,0.87865,0.87899,0.87865,0.8789,147860000,1
1412773740000,1412773799000,0.8789,0.87909,0.8789,0.87892,89610000,1
1412773800000,1412773859000,0.87892,0.87895,0.87846,0.87846,108820000,1
1412773860000,1412773919000,0.87846,0.87867,0.87837,0.87838,79900000,1
1412773920000,1412773979000,0.87838,0.87847,0.8783,0.8784,70800000,1
1412773980000,1412774039000,0.8784,0.87846,0.87804,0.87807,78390000,1
1412774040000,1412774099000,0.87808,0.87839,0.87808,0.87817,52470000,1
1412774100000,1412774159000,0.87819,0.87845,0.87819,0.87826,54350000,1
1412774160000,1412774219000,0.87829,0.87842,0.87822,0.87828,39950000,1
1412774220000,1412774279000,0.87829,0.87852,0.87827,0.87827,72960000,1
1412774280000,1412774339000,0.87827,0.87848,0.87827,0.87843,64100000,1
1412774340000,1412774399000,0.87844,0.87858,0.87842,0.87857,32210000,1
1412774400000,1412774459000,0.8786,0.87867,0.87848,0.87854,66700000,1
1412774460000,1412774519000,0.87857,0.87865,0.87847,0.87847,69770000,1
1412774520000,1412774579000,0.87843,0.87854,0.87823,0.87823,75270000,1
1412774580000,1412774639000,0.87822,0.87839,0.8782,0.87828,70170000,1
1412774640000,1412774699000,0.87829,0.87836,0.87821,0.87829,46820000,1
1412774700000,1412774759000,0.87832,0.87856,0.87832,0.87853,47170000,1
1412774760000,1412774819000,0.87851,0.87867,0.8785,0.87857,50850000,1
1412774820000,1412774879000,0.87857,0.87857,0.87835,0.87836,42330000,1
1412774880000,1412774939000,0.87835,0.87835,0.87817,0.87817,34290000,1
1412774940000,1412774999000,0.87815,0.87826,0.8781,0.87819,40490000,1
1412775000000,1412775059000,0.87818,0.87825,0.87817,0.87825,46980000,1
1412775060000,1412775119000,0.87826,0.87837,0.87808,0.87816,84820000,1
1412775120000,1412775179000,0.87816,0.8784,0.87816,0.87837,80430000,1
1412775180000,1412775239000,0.87839,0.87844,0.87837,0.87843,108470000,1
1412775240000,1412775299000,0.87844,0.87846,0.87837,0.8784,74690000,1
1412775300000,1412775359000,0.87842,0.87866,0.87838,0.87847,174820000,1
1412775360000,1412775419000,0.87845,0.87854,0.87834,0.87835,103700000,1
1412775420000,1412775479000,0.87838,0.87843,0.87818,0.87825,137220000,1
1412775480000,1412775539000,0.87823,0.87837,0.87817,0.87817,116680000,1
1412775540000,1412775599000,0.87817,0.87825,0.87802,0.87823,122890000,1
1412775600000,1412775659000,0.87823,0.87834,0.87817,0.87818,66630000,1
1412775660000,1412775719000,0.87816,0.87829,0.87809,0.87826,147660000,1
1412775720000,1412775779000,0.87828,0.87837,0.87787,0.8779,136310000,1
1412775780000,1412775839000,0.8779,0.87796,0.87757,0.87778,122150000,1
1412775840000,1412775899000,0.87776,0.87797,0.87767,0.87787,122850000,1
1412775900000,1412775959000,0.87781,0.87787,0.87767,0.87775,121560000,1
1412775960000,1412776019000,0.87777,0.87793,0.87775,0.87788,51470000,1
1412776020000,1412776079000,0.87788,0.87793,0.87778,0.8779,32250000,1
1412776080000,1412776139000,0.87791,0.87791,0.87769,0.87769,34610000,1
1412776140000,1412776199000,0.87772,0.87787,0.8777,0.8778,63490000,1
1412776200000,1412776259000,0.8778,0.87807,0.87779,0.87795,69690000,1
1412776260000,1412776319000,0.87793,0.87813,0.87791,0.87803,82930000,1
1412776320000,1412776379000,0.87803,0.87824,0.87798,0.87818,69940000,1
1412776380000,1412776439000,0.87817,0.87824,0.87812,0.87814,51280000,1
1412776440000,1412776499000,0.87807,0.87814,0.87797,0.87802,57910000,1
1412776500000,1412776559000,0.87802,0.87809,0.87792,0.87792,98090000,1
1412776560000,1412776619000,0.87792,0.87795,0.87769,0.87769,70800000,1
1412776620000,1412776679000,0.87771,0.87788,0.87768,0.87777,117020000,1
1412776680000,1412776739000,0.87778,0.8779,0.87775,0.87777,59600000,1
1412776740000,1412776799000,0.87776,0.87776,0.87739,0.87739,96440000,1
1412776800000,1412776859000,0.87739,0.87739,0.87728,0.87735,54210000,1
1412776860000,1412776919000,0.87736,0.87738,0.87717,0.87738,65530000,1
1412776920000,1412776979000,0.87737,0.87742,0.8773,0.87737,66020000,1
1412776980000,1412777039000,0.87736,0.87747,0.8773,0.87739,85930000,1
1412777040000,1412777099000,0.87737,0.87775,0.87737,0.87775,101110000,1
1412777100000,1412777159000,0.8777,0.87786,0.8774,0.87786,138690000,1
1412777160000,1412777219000,0.87788,0.87803,0.87756,0.87756,185430000,1
1412777220000,1412777279000,0.87758,0.87784,0.87758,0.87784,100630000,1
1412777280000,1412777339000,0.87784,0.87803,0.87777,0.87788,96720000,1
1412777340000,1412777399000,0.87788,0.87788,0.87759,0.87765,101240000,1
1412777400000,1412777459000,0.87766,0.87766,0.8774,0.87748,80490000,1
1412777460000,1412777519000,0.87748,0.87748,0.87677,0.87697,115190000,1
1412777520000,1412777579000,0.87697,0.87705,0.87678,0.8768,145570000,1
1412777580000,1412777639000,0.87679,0.8768,0.87633,0.87638,151180000,1
1412777640000,1412777699000,0.87637,0.87659,0.87629,0.87659,130030000,1
1412777700000,1412777759000,0.8766,0.87681,0.87653,0.8767,156810000,1
1412777760000,1412777819000,0.87671,0.87674,0.87657,0.87666,107870000,1
1412777820000,1412777879000,0.87666,0.87672,0.87657,0.87672,76440000,1
1412777880000,1412777939000,0.87672,0.87675,0.87633,0.87634,65510000,1
1412777940000,1412777999000,0.87634,0.87636,0.87603,0.87614,89710000,1
1412778000000,1412778059000,0.87614,0.87615,0.87591,0.87596,80180000,1
1412778060000,1412778119000,0.87598,0.87617,0.87597,0.87597,88010000,1
1412778120000,1412778179000,0.87597,0.87604,0.87541,0.87543,115910000,1
1412778180000,1412778239000,0.87543,0.87575,0.87543,0.87566,67070000,1
1412778240000,1412778299000,0.87566,0.87567,0.87548,0.87566,96410000,1
1412778300000,1412778359000,0.87566,0.87592,0.87565,0.87577,89420000,1
1412778360000,1412778419000,0.87577,0.87577,0.87557,0.87568,58100000,1
1412778420000,1412778479000,0.87566,0.87596,0.87561,0.87588,86190000,1
1412778480000,1412778539000,0.87586,0.87594,0.87583,0.87587,48320000,1
1412778540000,1412778599000,0.87587,0.87596,0.87577,0.87596,92010000,1
1412778600000,1412778659000,0.87596,0.87596,0.87551,0.87556,81290000,1
1412778660000,1412778719000,0.87557,0.87576,0.87542,0.87547,148740000,1
1412778720000,1412778779000,0.87547,0.87583,0.87547,0.87577,103460000,1
1412778780000,1412778839000,0.87577,0.87587,0.87547,0.87558,139250000,1
1412778840000,1412778899000,0.87556,0.87564,0.87547,0.87559,65530000,1
1412778900000,1412778959000,0.87559,0.87559,0.87525,0.87547,129030000,1
1412778960000,1412779019000,0.87549,0.87562,0.87547,0.87547,84120000,1
1412779020000,1412779079000,0.87544,0.87562,0.8753,0.87557,127810000,1
1412779080000,1412779139000,0.87557,0.87585,0.87555,0.87585,135530000,1
1412779140000,1412779199000,0.87585,0.87585,0.87565,0.87577,150430000,1
1412779200000,1412779259000,0.87579,0.87583,0.87547,0.87547,118300000,1
1412779260000,1412779319000,0.87548,0.87576,0.87547,0.87565,110320000,1
1412779320000,1412779379000,0.87563,0.87563,0.87537,0.87538,78550000,1
1412779380000,1412779439000,0.87538,0.87546,0.87488,0.87516,127110000,1
1412779440000,1412779499000,0.87514,0.87527,0.8749,0.87513,157810000,1
1412779500000,1412779559000,0.87513,0.87526,0.87508,0.87526,101010000,1
1412779560000,1412779619000,0.87528,0.87556,0.87521,0.87531,136700000,1
1412779620000,1412779679000,0.87533,0.87535,0.875,0.87508,98230000,1
1412779680000,1412779739000,0.87514,0.87515,0.87495,0.87505,99720000,1
1412779740000,1412779799000,0.87505,0.87522,0.87505,0.87517,93690000,1
1412779800000,1412779859000,0.87518,0.87529,0.87507,0.87512,108950000,1
1412779860000,1412779919000,0.87516,0.87536,0.87508,0.87535,111560000,1
1412779920000,1412779979000,0.87535,0.87546,0.87517,0.87538,134390000,1
1412779980000,1412780039000,0.87538,0.87538,0.8751,0.87518,74470000,1
1412780040000,1412780099000,0.87516,0.87534,0.87511,0.8752,68560000,1
1412780100000,1412780159000,0.8752,0.87526,0.87497,0.87497,116530000,1
1412780160000,1412780219000,0.87497,0.87505,0.87459,0.87469,161100000,1
1412780220000,1412780279000,0.8747,0.8752,0.87466,0.87517,109330000,1
1412780280000,1412780339000,0.87518,0.87542,0.87504,0.87538,121920000,1
1412780340000,1412780399000,0.87537,0.87539,0.87484,0.87487,131410000,1
1412780400000,1412780459000,0.87489,0.87528,0.87487,0.87526,157270000,1
1412780460000,1412780519000,0.87525,0.87543,0.87503,0.87503,112110000,1
1412780520000,1412780579000,0.87503,0.87515,0.87503,0.87508,56750000,1
1412780580000,1412780639000,0.87508,0.87513,0.87504,0.87513,30400000,1
1412780640000,1412780699000,0.87512,0.87522,0.87512,0.87518,24350000,1
1412780700000,1412780759000,0.87518,0.87518,0.87497,0.87499,37130000,1
1412780760000,1412780819000,0.875,0.875,0.87469,0.87469,58500000,1
1412780820000,1412780879000,0.87468,0.87481,0.87465,0.87481,74640000,1
1412780880000,1412780939000,0.87481,0.87483,0.8747,0.87478,75420000,1
1412780940000,1412780999000,0.87479,0.87482,0.87447,0.87447,88410000,1
1412781000000,1412781059000,0.87452,0.87482,0.87443,0.87477,87620000,1
1412781060000,1412781119000,0.87475,0.87502,0.87467,0.875,77670000,1
1412781120000,1412781179000,0.87499,0.87514,0.87487,0.87507,90390000,1
1412781180000,1412781239000,0.87508,0.87524,0.87506,0.87506,38760000,1
1412781240000,1412781299000,0.87506,0.87536,0.87506,0.87532,97250000,1
1412781300000,1412781359000,0.87532,0.8755,0.87518,0.87525,103710000,1
1412781360000,1412781419000,0.87527,0.87527,0.87497,0.87504,55550000,1
1412781420000,1412781479000,0.87505,0.87525,0.87499,0.87506,55320000,1
1412781480000,1412781539000,0.87506,0.87516,0.87501,0.87516,33590000,1
1412781540000,1412781599000,0.87516,0.87516,0.87487,0.87493,81140000,1
1412781600000,1412781659000,0.87496,0.87514,0.87488,0.875,64850000,1
1412781660000,1412781719000,0.87503,0.87506,0.87483,0.87495,84740000,1
1412781720000,1412781779000,0.87495,0.87496,0.87468,0.87474,81730000,1
1412781780000,1412781839000,0.8747,0.87477,0.87459,0.87465,56800000,1
1412781840000,1412781899000,0.87466,0.87488,0.87454,0.87488,58670000,1
1412781900000,1412781959000,0.87485,0.87492,0.87475,0.87487,80560000,1
1412781960000,1412782019000,0.87489,0.8751,0.87489,0.87506,82710000,1
1412782020000,1412782079000,0.87506,0.87509,0.87483,0.87498,57630000,1
1412782080000,1412782139000,0.87498,0.87498,0.87473,0.87477,60520000,1
1412782140000,1412782199000,0.87476,0.87488,0.87473,0.87483,51360000,1
1412782200000,1412782259000,0.87483,0.87486,0.87457,0.8746,79470000,1
1412782260000,1412782319000,0.8746,0.87477,0.87457,0.87474,44560000,1
1412782320000,1412782379000,0.87475,0.87485,0.87474,0.87476,70190000,1
1412782380000,1412782439000,0.87477,0.87484,0.87474,0.87479,50220000,1
1412782440000,1412782499000,0.87478,0.87515,0.87477,0.87507,118500000,1
1412782500000,1412782559000,0.87507,0.87527,0.87507,0.87527,80450000,1
1412782560000,1412782619000,0.87525,0.87527,0.8752,0.87521,37000000,1
1412782620000,1412782679000,0.8752,0.87528,0.8752,0.87528,12000000,1
1412782680000,1412782739000,0.87528,0.87528,0.87479,0.8748,60500000,1
1412782740000,1412782799000,0.8748,0.87487,0.8748,0.87485,26610000,1
1412782800000,1412782859000,0.87485,0.87506,0.87481,0.87506,66850000,1
1412782860000,1412782919000,0.87508,0.87516,0.87489,0.87496,50740000,1
1412782920000,1412782979000,0.87496,0.87496,0.87489,0.87496,23040000,1
1412782980000,1412783039000,0.87498,0.87508,0.87498,0.87508,31350000,1
1412783040000,1412783099000,0.87507,0.87507,0.87496,0.87506,51410000,1
1412783100000,1412783159000,0.87506,0.87506,0.87488,0.87498,51030000,1
1412783160000,1412783219000,0.87496,0.87501,0.87487,0.87487,47310000,1
1412783220000,1412783279000,0.87487,0.87494,0.87485,0.87487,34760000,1
1412783280000,1412783339000,0.87487,0.87502,0.87487,0.87497,25400000,1
1412783340000,1412783399000,0.87498,0.87513,0.87497,0.87509,42650000,1
1412783400000,1412783459000,0.87508,0.87512,0.87502,0.87507,24150000,1
1412783460000,1412783519000,0.87506,0.87513,0.87497,0.8751,78410000,1
1412783520000,1412783579000,0.87509,0.87527,0.87507,0.87526,55090000,1
1412783580000,1412783639000,0.87526,0.87526,0.87494,0.87494,54360000,1
1412783640000,1412783699000,0.87497,0.87504,0.8749,0.87497,41690000,1
1412783700000,1412783759000,0.875,0.87513,0.875,0.87507,27500000,1
1412783760000,1412783819000,0.87508,0.87508,0.87505,0.87506,11260000,1
1412783820000,1412783879000,0.87505,0.87508,0.87499,0.87502,30340000,1
1412783880000,1412783939000,0.87502,0.87502,0.87487,0.87497,35360000,1
1412783940000,1412783999000,0.87497,0.87497,0.87486,0.87497,36680000,1
1412784000000,1412784059000,0.87497,0.87506,0.87492,0.87495,49090000,1
1412784060000,1412784119000,0.87495,0.87545,0.87495,0.87545,89600000,1
1412784120000,1412784179000,0.87544,0.8756,0.87537,0.8756,43500000,1
1412784180000,1412784239000,0.87561,0.87568,0.8755,0.87556,85630000,1
1412784240000,1412784299000,0.87557,0.87559,0.87531,0.87536,63330000,1
1412784300000,1412784359000,0.87535,0.87547,0.87524,0.87536,71150000,1
1412784360000,1412784419000,0.87536,0.87543,0.87533,0.87537,60630000,1
1412784420000,1412784479000,0.87536,0.87544,0.87528,0.87538,66030000,1
1412784480000,1412784539000,0.87537,0.87537,0.87531,0.87536,62610000,1
1412784540000,1412784599000,0.87538,0.87542,0.87531,0.87531,70680000,1
1412784600000,1412784659000,0.87532,0.87541,0.87522,0.87526,72150000,1
1412784660000,1412784719000,0.87527,0.87537,0.87527,0.87527,47690000,1
1412784720000,1412784779000,0.87528,0.87535,0.87527,0.87527,51890000,1
1412784780000,1412784839000,0.87527,0.87538,0.87527,0.87533,37160000,1
1412784840000,1412784899000,0.87534,0.87534,0.87525,0.87525,27670000,1
1412784900000,1412784959000,0.87525,0.87537,0.87525,0.87537,23890000,1
1412784960000,1412785019000,0.87536,0.87536,0.87529,0.87536,27280000,1
1412785020000,1412785079000,0.87536,0.87545,0.87534,0.87534,32870000,1
1412785080000,1412785139000,0.87534,0.87538,0.87534,0.87538,12420000,1
1412785140000,1412785199000,0.87536,0.87544,0.87532,0.87537,22970000,1
1412785200000,1412785259000,0.87537,0.87537,0.87518,0.87518,31890000,1
1412785260000,1412785319000,0.87518,0.87519,0.87512,0.87516,37620000,1
1412785320000,1412785379000,0.87516,0.87517,0.87515,0.87516,9670000,1
1412785380000,1412785439000,0.87516,0.87516,0.8751,0.87515,43320000,1
1412785440000,1412785499000,0.87515,0.87517,0.87514,0.87516,24310000,1
1412785500000,1412785559000,0.87516,0.87523,0.87512,0.87516,47380000,1
1412785560000,1412785619000,0.87514,0.87517,0.8751,0.87517,11570000,1
1412785620000,1412785679000,0.87517,0.87518,0.87512,0.87518,14280000,1
1412785680000,1412785739000,0.87518,0.87523,0.875,0.87505,38310000,1
1412785740000,1412785799000,0.87505,0.87506,0.87502,0.87506,23610000,1
1412785800000,1412785859000,0.87507,0.87507,0.87496,0.87496,14000000,1
1412785860000,1412785919000,0.87496,0.87496,0.87476,0.87476,29690000,1
1412785920000,1412785979000,0.87476,0.87476,0.87472,0.87476,29750000,1
1412785980000,1412786039000,0.87476,0.87476,0.87476,0.87476,7000000,1
1412786040000,1412786099000,0.87477,0.87487,0.87475,0.87487,28320000,1
1412786100000,1412786159000,0.87488,0.87488,0.87487,0.87488,5500000,1
1412786160000,1412786219000,0.87487,0.87507,0.87486,0.87506,40390000,1
1412786220000,1412786279000,0.87507,0.87507,0.87506,0.87506,2000000,1
1412786280000,1412786339000,0.87508,0.87512,0.87505,0.87508,24000000,1
1412786340000,1412786399000,0.87507,0.87508,0.87507,0.87507,3100000,1
1412786400000,1412786459000,0.87506,0.8752,0.87506,0.8752,15270000,1
1412786460000,1412786519000,0.87519,0.87519,0.87492,0.87495,31080000,1
1412786520000,1412786579000,0.87495,0.87497,0.87495,0.87497,4000000,1
1412786580000,1412786639000,0.87497,0.87506,0.87497,0.87506,14220000,1
1412786640000,1412786699000,0.87505,0.87513,0.87497,0.87498,50290000,1
1412786700000,1412786759000,0.87498,0.87505,0.87498,0.87505,4300000,1
1412786760000,1412786819000,0.87505,0.87514,0.87505,0.87514,27490000,1
1412786820000,1412786879000,0.87515,0.87526,0.87514,0.87526,19180000,1
1412786880000,1412786939000,0.87528,0.87546,0.87527,0.87539,46550000,1
1412786940000,1412786999000,0.8754,0.87545,0.87515,0.87526,59440000,1
1412787000000,1412787059000,0.87526,0.87535,0.87517,0.87527,53100000,1
1412787060000,1412787119000,0.87528,0.87545,0.87528,0.87536,62400000,1
1412787120000,1412787179000,0.87536,0.8755,0.87535,0.87535,36090000,1
1412787180000,1412787239000,0.87535,0.87535,0.87527,0.87527,55920000,1
1412787240000,1412787299000,0.87527,0.87527,0.87526,0.87526,6100000,1
1412787300000,1412787359000,0.87526,0.87526,0.87517,0.87524,30040000,1
1412787360000,1412787419000,0.87524,0.87546,0.87524,0.87545,29210000,1
1412787420000,1412787479000,0.87545,0.87555,0.87537,0.87555,42500000,1
1412787480000,1412787539000,0.87555,0.87572,0.8755,0.87571,53690000,1
1412787540000,1412787599000,0.87566,0.87579,0.87558,0.87567,88430000,1
1412787600000,1412787659000,0.87567,0.87571,0.87558,0.87562,44070000,1
1412787660000,1412787719000,0.8756,0.87564,0.87526,0.87541,71080000,1
1412787720000,1412787779000,0.87537,0.87538,0.87522,0.87522,67810000,1
1412787780000,1412787839000,0.87522,0.87532,0.87513,0.87532,36940000,1
1412787840000,1412787899000,0.87534,0.87555,0.87516,0.87516,67470000,1
1412787900000,1412787959000,0.87515,0.87515,0.87499,0.87503,28750000,1
1412787960000,1412788019000,0.87504,0.87506,0.87497,0.87502,27070000,1
1412788020000,1412788079000,0.87502,0.87538,0.87502,0.87528,71560000,1
1412788080000,1412788139000,0.87534,0.87547,0.87534,0.87547,13000000,1
1412788140000,1412788199000,0.87546,0.87546,0.87536,0.87536,21760000,1
1412788200000,1412788259000,0.87532,0.87535,0.87509,0.87515,46170000,1
1412788260000,1412788319000,0.87515,0.87515,0.87501,0.87505,55300000,1
1412788320000,1412788379000,0.87504,0.87504,0.87494,0.87503,23910000,1
1412788380000,1412788439000,0.87503,0.87515,0.87503,0.87505,32920000,1
1412788440000,1412788499000,0.87505,0.87523,0.87505,0.87515,40360000,1
1412788500000,1412788559000,0.87515,0.87515,0.87497,0.87504,23310000,1
1412788560000,1412788619000,0.87499,0.87505,0.87497,0.87497,20340000,1
1412788620000,1412788679000,0.87497,0.87498,0.87458,0.87458,121260000,1
1412788680000,1412788739000,0.87457,0.87476,0.87437,0.87466,92000000,1
1412788740000,1412788799000,0.87469,0.8747,0.87466,0.87466,24650000,1
1412788800000,1412788859000,0.87466,0.87476,0.87451,0.87451,49590000,1
1412788860000,1412788919000,0.87448,0.87467,0.87447,0.87467,50070000,1
1412788920000,1412788979000,0.87465,0.87467,0.87452,0.87467,26200000,1
1412788980000,1412789039000,0.87468,0.87479,0.87462,0.87462,56920000,1
1412789040000,1412789099000,0.87462,0.87462,0.87438,0.87438,46750000,1
1412789100000,1412789159000,0.87438,0.87438,0.87405,0.87405,43490000,1
1412789160000,1412789219000,0.87408,0.87445,0.87408,0.87445,64940000,1
1412789220000,1412789279000,0.87446,0.87446,0.87427,0.87435,56920000,1
1412789280000,1412789339000,0.87436,0.87436,0.87427,0.87433,39740000,1
1412789340000,1412789399000,0.87433,0.87435,0.87427,0.87433,18600000,1
1412789400000,1412789459000,0.87433,0.87433,0.87395,0.87397,57750000,1
1412789460000,1412789519000,0.87397,0.87402,0.87367,0.87368,48700000,1
1412789520000,1412789579000,0.8737,0.87376,0.87347,0.87352,154440000,1
1412789580000,1412789639000,0.87351,0.87368,0.87351,0.87359,82330000,1
1412789640000,1412789699000,0.87358,0.87366,0.87337,0.87366,90980000,1
1412789700000,1412789759000,0.87367,0.87386,0.87367,0.87378,56440000,1
1412789760000,1412789819000,0.87378,0.87379,0.87376,0.87377,28070000,1
1412789820000,1412789879000,0.87377,0.87381,0.87365,0.87374,49880000,1
1412789880000,1412789939000,0.87374,0.87376,0.87372,0.87373,23000000,1
1412789940000,1412789999000,0.87376,0.87376,0.8737,0.8737,22450000,1
1412790000000,1412790059000,0.8737,0.87384,0.8737,0.87383,26390000,1
1412790060000,1412790119000,0.87383,0.87392,0.87383,0.87391,53360000,1
1412790120000,1412790179000,0.87391,0.87405,0.87385,0.87404,52900000,1
1412790180000,1412790239000,0.87405,0.87405,0.87382,0.87386,42300000,1
1412790240000,1412790299000,0.87385,0.87385,0.8737,0.8737,36710000,1
1412790300000,1412790359000,0.8737,0.874,0.8737,0.87393,79410000,1
1412790360000,1412790419000,0.87391,0.87391,0.87383,0.87383,15150000,1
1412790420000,1412790479000,0.87382,0.87385,0.87382,0.87384,24210000,1
1412790480000,1412790539000,0.87384,0.87398,0.87384,0.87397,72160000,1
1412790540000,1412790599000,0.87396,0.87405,0.87394,0.87394,38490000,1
1412790600000,1412790659000,0.87394,0.87394,0.87385,0.87389,24670000,1
1412790660000,1412790719000,0.87389,0.87395,0.87385,0.87395,38200000,1
1412790720000,1412790779000,0.87396,0.87413,0.87396,0.87405,64490000,1
1412790780000,1412790839000,0.87406,0.87418,0.87405,0.87407,50670000,1
1412790840000,1412790899000,0.87408,0.8744,0.87408,0.87425,52860000,1
1412790900000,1412790959000,0.87423,0.87423,0.87414,0.87415,31560000,1
1412790960000,1412791019000,0.87417,0.87432,0.87417,0.87427,39100000,1
1412791020000,1412791079000,0.87428,0.87432,0.87425,0.87428,48500000,1
1412791080000,1412791139000,0.87427,0.87452,0.87417,0.87443,87000000,1
1412791140000,1412791199000,0.87442,0.87442,0.87389,0.87391,115910000,1
1412791200000,1412791259000,0.8739,0.87657,0.87386,0.87649,280040000,1
1412791260000,1412791319000,0.87651,0.87734,0.87617,0.87651,387850000,1
1412791320000,1412791379000,0.87652,0.87708,0.8763,0.87675,410820000,1
1412791380000,1412791439000,0.87677,0.87791,0.87677,0.87783,345840000,1
1412791440000,1412791499000,0.87783,0.87922,0.87783,0.87872,284440000,1
1412791500000,1412791559000,0.8787,0.87973,0.8787,0.87906,243950000,1
1412791560000,1412791619000,0.87906,0.87969,0.87896,0.87931,277510000,1
1412791620000,1412791679000,0.87929,0.88061,0.87927,0.87984,233810000,1
1412791680000,1412791739000,0.87989,0.87997,0.87921,0.87935,181090000,1
1412791740000,1412791799000,0.87937,0.87951,0.87847,0.87853,205730000,1
1412791800000,1412791859000,0.87855,0.87925,0.87854,0.87906,193260000,1
1412791860000,1412791919000,0.87907,0.87942,0.87887,0.87942,153910000,1
1412791920000,1412791979000,0.87946,0.87998,0.87922,0.87978,214470000,1
1412791980000,1412792039000,0.87976,0.88071,0.87957,0.88055,235100000,1
1412792040000,1412792099000,0.88053,0.8818,0.88048,0.88147,306510000,1
1412792100000,1412792159000,0.88147,0.88172,0.8811,0.88112,142840000,1
1412792160000,1412792219000,0.88112,0.88165,0.88075,0.88127,250390000,1
1412792220000,1412792279000,0.88126,0.88156,0.88106,0.88109,150800000,1
1412792280000,1412792339000,0.88108,0.88124,0.88085,0.88088,209690000,1
1412792340000,1412792399000,0.88087,0.88091,0.88051,0.88057,155940000,1
1412792400000,1412792459000,0.8806,0.88083,0.88026,0.88046,145790000,1
1412792460000,1412792519000,0.88046,0.88102,0.88033,0.881,146500000,1
1412792520000,1412792579000,0.881,0.88113,0.88084,0.88084,139090000,1
1412792580000,1412792639000,0.8808,0.8808,0.88007,0.88012,198950000,1
1412792640000,1412792699000,0.88012,0.88027,0.87967,0.88008,170070000,1
1412792700000,1412792759000,0.88006,0.88076,0.88006,0.88057,168930000,1
1412792760000,1412792819000,0.8806,0.88065,0.88037,0.88042,123270000,1
1412792820000,1412792879000,0.88044,0.88085,0.88037,0.88073,158140000,1
1412792880000,1412792939000,0.88072,0.88123,0.88067,0.88115,184330000,1
1412792940000,1412792999000,0.88115,0.8817,0.88097,0.88169,161780000,1
1412793000000,1412793059000,0.88169,0.88211,0.88169,0.88197,196360000,1
1412793060000,1412793119000,0.88198,0.88237,0.88197,0.88237,157660000,1
1412793120000,1412793179000,0.88237,0.88279,0.88237,0.88242,229150000,1
1412793180000,1412793239000,0.8824,0.88316,0.88237,0.88314,176450000,1
1412793240000,1412793299000,0.88313,0.88334,0.88293,0.88295,209190000,1
1412793300000,1412793359000,0.88295,0.88313,0.88279,0.88284,132410000,1
1412793360000,1412793419000,0.88284,0.88305,0.88238,0.88304,176000000,1
1412793420000,1412793479000,0.88305,0.88335,0.88268,0.88325,216030000,1
1412793480000,1412793539000,0.88325,0.88382,0.88315,0.8838,220690000,1
1412793540000,1412793599000,0.8838,0.8839,0.8837,0.88384,117200000,1
1412793600000,1412793659000,0.88384,0.88413,0.88384,0.88411,126660000,1
1412793660000,1412793719000,0.88408,0.88451,0.88404,0.88446,173000000,1
1412793720000,1412793779000,0.88446,0.88463,0.88413,0.88421,164660000,1
1412793780000,1412793839000,0.88421,0.88424,0.88365,0.8837,186190000,1
1412793840000,1412793899000,0.8837,0.8837,0.88315,0.88318,153550000,1
1412793900000,1412793959000,0.88315,0.88321,0.88282,0.8829,135390000,1
1412793960000,1412794019000,0.8829,0.8832,0.88286,0.88318,138800000,1
1412794020000,1412794079000,0.88319,0.88387,0.88308,0.88387,86140000,1
1412794080000,1412794139000,0.8839,0.8839,0.88347,0.88362,120130000,1
1412794140000,1412794199000,0.88363,0.88371,0.88348,0.88348,91750000,1
1412794200000,1412794259000,0.88349,0.88349,0.88317,0.88317,90710000,1
1412794260000,1412794319000,0.88317,0.88329,0.88292,0.88329,124840000,1
1412794320000,1412794379000,0.88329,0.88367,0.88327,0.88367,111540000,1
1412794380000,1412794439000,0.88368,0.88368,0.88325,0.88327,106520000,1
1412794440000,1412794499000,0.88324,0.88359,0.88321,0.88337,126730000,1
1412794500000,1412794559000,0.88337,0.88385,0.88327,0.88385,94880000,1
1412794560000,1412794619000,0.88385,0.88399,0.88353,0.88379,187590000,1
1412794620000,1412794679000,0.88381,0.88384,0.88337,0.88347,107780000,1
1412794680000,1412794739000,0.88347,0.88368,0.88315,0.88359,203360000,1
1412794740000,1412794799000,0.88359,0.88374,0.88316,0.88323,169990000,1
1412794800000,1412794859000,0.88322,0.88339,0.88315,0.88339,120770000,1
1412794860000,1412794919000,0.88339,0.88382,0.88339,0.88365,104040000,1
1412794920000,1412794979000,0.88366,0.88374,0.88354,0.88367,95300000,1
1412794980000,1412795039000,0.88367,0.88397,0.88366,0.88371,142570000,1
1412795040000,1412795099000,0.88371,0.88384,0.88354,0.88355,111780000,1
1412795100000,1412795159000,0.88355,0.88374,0.88355,0.88374,36270000,1
1412795160000,1412795219000,0.88375,0.88375,0.88325,0.88331,99360000,1
1412795220000,1412795279000,0.8833,0.88333,0.88278,0.88301,168170000,1
1412795280000,1412795339000,0.883,0.88314,0.88282,0.88296,176800000,1
1412795340000,1412795399000,0.88292,0.88292,0.88248,0.88258,128690000,1
1412795400000,1412795459000,0.88256,0.88288,0.88251,0.88278,115920000,1
1412795460000,1412795519000,0.88278,0.88278,0.88247,0.88275,110050000,1
1412795520000,1412795579000,0.88275,0.88313,0.88257,0.88311,173660000,1
1412795580000,1412795639000,0.88314,0.88338,0.8831,0.8832,103240000,1
1412795640000,1412795699000,0.88318,0.88321,0.8829,0.88319,105730000,1
1412795700000,1412795759000,0.88319,0.88324,0.883,0.88323,80510000,1
1412795760000,1412795819000,0.88324,0.88345,0.88318,0.88318,113760000,1
1412795820000,1412795879000,0.88318,0.88345,0.88307,0.88343,152320000,1
1412795880000,1412795939000,0.88344,0.8837,0.88344,0.88368,81130000,1
1412795940000,1412795999000,0.88365,0.88365,0.88352,0.8836,85090000,1
1412796000000,1412796059000,0.88359,0.88359,0.88321,0.88337,87790000,1
1412796060000,1412796119000,0.8834,0.88354,0.88318,0.88329,66330000,1
1412796120000,1412796179000,0.88328,0.88345,0.88294,0.883,127990000,1
1412796180000,1412796239000,0.88301,0.88335,0.88301,0.88312,93180000,1
1412796240000,1412796299000,0.88315,0.88326,0.88315,0.88322,47330000,1
1412796300000,1412796359000,0.88322,0.88322,0.88305,0.88312,49790000,1
1412796360000,1412796419000,0.8831,0.88352,0.8831,0.8832,100340000,1
1412796420000,1412796479000,0.8832,0.88343,0.88318,0.88331,71470000,1
1412796480000,1412796539000,0.88331,0.88337,0.88324,0.88337,67920000,1
1412796540000,1412796599000,0.88338,0.88345,0.88317,0.88318,66830000,1
1412796600000,1412796659000,0.88318,0.88324,0.88317,0.88322,33280000,1
1412796660000,1412796719000,0.88323,0.88331,0.88321,0.88323,32170000,1
1412796720000,1412796779000,0.88323,0.88324,0.8831,0.88311,56810000,1
1412796780000,1412796839000,0.88311,0.88311,0.88286,0.88304,58420000,1
1412796840000,1412796899000,0.88305,0.88307,0.88282,0.88284,76810000,1
1412796900000,1412796959000,0.88283,0.88292,0.88282,0.88292,21600000,1
1412796960000,1412797019000,0.88292,0.88323,0.8829,0.88308,106500000,1
1412797020000,1412797079000,0.88308,0.88323,0.88298,0.88298,58810000,1
1412797080000,1412797139000,0.88299,0.88309,0.88298,0.88303,44830000,1
1412797140000,1412797199000,0.88303,0.8832,0.88294,0.88298,88660000,1
1412797200000,1412797259000,0.88293,0.88308,0.88291,0.88307,54360000,1
1412797260000,1412797319000,0.88307,0.88327,0.88307,0.88327,75920000,1
1412797320000,1412797379000,0.88327,0.88341,0.88324,0.88336,66350000,1
1412797380000,1412797439000,0.88339,0.88365,0.88339,0.88364,68050000,1
1412797440000,1412797499000,0.88362,0.88386,0.88361,0.88385,63710000,1
1412797500000,1412797559000,0.88385,0.88423,0.8838,0.88422,84450000,1
1412797560000,1412797619000,0.88424,0.88454,0.88421,0.88441,135840000,1
1412797620000,1412797679000,0.88442,0.88459,0.88438,0.88459,69200000,1
1412797680000,1412797739000,0.88461,0.88469,0.88461,0.88467,58650000,1
1412797740000,1412797799000,0.88467,0.88481,0.88458,0.88468,127710000,1
1412797800000,1412797859000,0.88468,0.88496,0.88463,0.88494,79250000,1
1412797860000,1412797919000,0.88491,0.885,0.88467,0.88477,99650000,1
1412797920000,1412797979000,0.88478,0.88482,0.88464,0.88467,102130000,1
1412797980000,1412798039000,0.88467,0.88474,0.8846,0.88463,64820000,1
1412798040000,1412798099000,0.88464,0.88478,0.8846,0.88467,87820000,1
1412798100000,1412798159000,0.88473,0.88482,0.8847,0.88476,53490000,1
1412798160000,1412798219000,0.88476,0.88476,0.88466,0.8847,47360000,1
1412798220000,1412798279000,0.88469,0.88472,0.88464,0.88467,71810000,1
1412798280000,1412798339000,0.88467,0.88467,0.88447,0.88449,71170000,1
1412798340000,1412798399000,0.88449,0.88465,0.88439,0.88465,108360000,1
1412798400000,1412798459000,0.88465,0.88467,0.88458,0.88458,65430000,1
1412798460000,1412798519000,0.88458,0.88469,0.88455,0.88459,54990000,1
1412798520000,1412798579000,0.88459,0.88461,0.88455,0.88458,50050000,1
1412798580000,1412798639000,0.88458,0.8848,0.88458,0.88475,46680000,1
1412798640000,1412798699000,0.88475,0.88476,0.88466,0.8847,36930000,1
1412798700000,1412798759000,0.88471,0.88486,0.88471,0.88486,29890000,1
1412798760000,1412798819000,0.88484,0.88493,0.88481,0.88484,77270000,1
1412798820000,1412798879000,0.88485,0.88492,0.88482,0.88491,90520000,1
1412798880000,1412798939000,0.88493,0.88495,0.88484,0.88488,80330000,1
1412798940000,1412798999000,0.88486,0.88486,0.8847,0.88481,38510000,1
1412799000000,1412799059000,0.88481,0.88484,0.88481,0.88484,19250000,1
1412799060000,1412799119000,0.88483,0.88488,0.88482,0.88482,33240000,1
1412799120000,1412799179000,0.88482,0.88484,0.88479,0.88479,25710000,1
1412799180000,1412799239000,0.88477,0.88491,0.88477,0.88488,91560000,1
1412799240000,1412799299000,0.88485,0.88492,0.88485,0.88492,40220000,1
1412799300000,1412799359000,0.88494,0.88501,0.88492,0.88501,75810000,1
1412799360000,1412799419000,0.88501,0.88506,0.88494,0.88494,20970000,1
1412799420000,1412799479000,0.88495,0.885,0.88484,0.88484,31490000,1
1412799480000,1412799539000,0.88484,0.88485,0.88474,0.88482,40610000,1
1412799540000,1412799599000,0.88482,0.88487,0.88479,0.8848,42720000,1
1412799600000,1412799659000,0.88478,0.88481,0.88468,0.88472,32200000,1
1412799660000,1412799719000,0.88472,0.88477,0.8847,0.8847,43030000,1
1412799720000,1412799779000,0.8847,0.88471,0.88465,0.88466,29050000,1
1412799780000,1412799839000,0.88465,0.88465,0.8846,0.88461,45670000,1
1412799840000,1412799899000,0.88461,0.88463,0.88459,0.88459,36150000,1
1412799900000,1412799959000,0.88459,0.88465,0.88459,0.88465,37670000,1
1412799960000,1412800019000,0.88465,0.88473,0.88465,0.88472,32730000,1
1412800020000,1412800079000,0.88471,0.88473,0.8847,0.88472,18400000,1
1412800080000,1412800139000,0.88471,0.88471,0.8846,0.88461,60170000,1
1412800140000,1412800199000,0.88461,0.88462,0.88445,0.8845,70420000,1
1412800200000,1412800259000,0.8845,0.88453,0.88435,0.88439,33720000,1
1412800260000,1412800319000,0.88441,0.88441,0.88438,0.8844,50450000,1
1412800320000,1412800379000,0.8844,0.88451,0.88439,0.88451,36800000,1
1412800380000,1412800439000,0.88453,0.88453,0.88451,0.88451,5570000,1
1412800440000,1412800499000,0.88452,0.88453,0.88432,0.88434,25080000,1
1412800500000,1412800559000,0.88433,0.8844,0.88433,0.88439,21170000,1
1412800560000,1412800619000,0.88439,0.88444,0.88438,0.88441,12460000,1
1412800620000,1412800679000,0.88441,0.88442,0.88433,0.88433,22390000,1
1412800680000,1412800739000,0.88433,0.88437,0.88431,0.88434,24830000,1
1412800740000,1412800799000,0.88434,0.88446,0.88431,0.88443,34160000,1
1412800800000,1412800859000,0.88443,0.88443,0.88432,0.88437,48400000,1
1412800860000,1412800919000,0.88437,0.88437,0.88434,0.88434,37390000,1
1412800920000,1412800979000,0.88433,0.88434,0.88427,0.88434,45480000,1
1412800980000,1412801039000,0.88435,0.88444,0.88434,0.88444,27950000,1
1412801040000,1412801099000,0.88444,0.88444,0.88424,0.88432,38140000,1
1412801100000,1412801159000,0.8843,0.88434,0.88426,0.88426,45880000,1
1412801160000,1412801219000,0.88426,0.88427,0.88416,0.88418,58280000,1
1412801220000,1412801279000,0.88418,0.88419,0.88417,0.88418,40080000,1
1412801280000,1412801339000,0.88419,0.88422,0.88418,0.8842,34320000,1
1412801340000,1412801399000,0.8842,0.88424,0.88419,0.88419,29800000,1
1412801400000,1412801459000,0.88421,0.88424,0.88417,0.88419,47790000,1
1412801460000,1412801519000,0.88418,0.88418,0.88403,0.88405,39350000,1
1412801520000,1412801579000,0.88405,0.88413,0.88405,0.88407,55340000,1
1412801580000,1412801639000,0.88406,0.88406,0.88374,0.88379,47140000,1
1412801640000,1412801699000,0.88379,0.88388,0.88379,0.88385,18690000,1
1412801700000,1412801759000,0.88387,0.88393,0.88387,0.88393,34850000,1
1412801760000,1412801819000,0.88396,0.884,0.88396,0.88399,24580000,1
1412801820000,1412801879000,0.884,0.88403,0.88394,0.88394,15630000,1
1412801880000,1412801939000,0.88394,0.88397,0.88393,0.88394,44640000,1
1412801940000,1412801999000,0.88394,0.88404,0.88387,0.88394,36450000,1
1412802000000,1412802059000,0.88393,0.88395,0.88391,0.88394,800000,1
1412802060000,1412802119000,0.88395,0.88396,0.88395,0.88396,1600000,1
1412802120000,1412802179000,0.88398,0.88405,0.88398,0.88404,9850000,1
1412802180000,1412802239000,0.88401,0.88401,0.88398,0.88398,4500000,1
1412802240000,1412802299000,0.88398,0.884,0.88398,0.884,11540000,1
1412802300000,1412802359000,0.88399,0.88399,0.88391,0.88391,38390000,1
1412802360000,1412802419000,0.8839,0.88392,0.88387,0.88392,16130000,1
1412802420000,1412802479000,0.88391,0.88393,0.88386,0.88387,14500000,1
1412802480000,1412802539000,0.8839,0.88391,0.88358,0.88375,52420000,1
1412802540000,1412802599000,0.88379,0.88379,0.88379,0.88379,1000000,1
1412802600000,1412802659000,0.88379,0.88379,0.88375,0.88375,8000000,1
1412802660000,1412802719000,0.88375,0.88375,0.8837,0.88374,9100000,1
1412802720000,1412802779000,0.88377,0.8838,0.8837,0.8837,8000000,1
1412802780000,1412802839000,0.8837,0.8837,0.8837,0.8837,2000000,1
1412802840000,1412802899000,0.8837,0.8837,0.88356,0.88362,11500000,1
1412802900000,1412802959000,0.88363,0.88369,0.8836,0.88363,22750000,1
1412802960000,1412803019000,0.88368,0.88375,0.88363,0.88375,22000000,1
1412803020000,1412803079000,0.88373,0.88373,0.88344,0.88362,26570000,1
1412803080000,1412803139000,0.88361,0.88362,0.88329,0.8833,42200000,1
1412803140000,1412803199000,0.88333,0.88341,0.88324,0.88339,23090000,1
1412803200000,1412803259000,0.8834,0.88345,0.88334,0.88345,22590000,1
1412803260000,1412803319000,0.88345,0.88356,0.88345,0.88356,38370000,1
1412803320000,1412803379000,0.88359,0.88365,0.88356,0.88363,20610000,1
1412803380000,1412803439000,0.88362,0.88377,0.88359,0.88377,27060000,1
1412803440000,1412803499000,0.88375,0.88401,0.8837,0.88389,53780000,1
1412803500000,1412803559000,0.88392,0.88402,0.88391,0.88393,19500000,1
1412803560000,1412803619000,0.88393,0.88394,0.88367,0.88367,25100000,1
1412803620000,1412803679000,0.88367,0.88367,0.88367,0.88367,6500000,1
1412803680000,1412803739000,0.88368,0.88368,0.88368,0.88368,1000000,1
1412803740000,1412803799000,0.88367,0.88367,0.88358,0.88358,6850000,1
1412803800000,1412803859000,0.88358,0.88368,0.88353,0.88368,21170000,1
1412803920000,1412803979000,0.88368,0.88368,0.88368,0.88368,1000000,1
1412803980000,1412804039000,0.88367,0.88376,0.88367,0.88376,6000000,1
1412804040000,1412804099000,0.88375,0.88378,0.88375,0.88376,7500000,1
1412804100000,1412804159000,0.88376,0.88386,0.88376,0.88386,4100000,1
1412804160000,1412804219000,0.88386,0.88386,0.88377,0.88379,15500000,1
1412804220000,1412804279000,0.88379,0.88398,0.88377,0.88395,17350000,1
1412804280000,1412804339000,0.88395,0.88409,0.88391,0.88404,69840000,1
1412804340000,1412804399000,0.88404,0.88404,0.88372,0.88372,18200000,1
1412804400000,1412804459000,0.88372,0.88404,0.88372,0.88375,70300000,1
1412804460000,1412804519000,0.88376,0.88379,0.88357,0.88367,44910000,1
1412804520000,1412804579000,0.88372,0.88392,0.88355,0.88357,71400000,1
1412804580000,1412804639000,0.88349,0.8836,0.88349,0.8836,25770000,1
1412804640000,1412804699000,0.88357,0.88357,0.88355,0.88355,10570000,1
1412804700000,1412804759000,0.88355,0.88356,0.88332,0.8835,55820000,1
1412804760000,1412804819000,0.88349,0.88352,0.88334,0.88334,31000000,1
1412804820000,1412804879000,0.88334,0.88335,0.88334,0.88335,4000000,1
1412804880000,1412804939000,0.88336,0.88343,0.8833,0.8833,24500000,1
1412804940000,1412804999000,0.8833,0.8833,0.88324,0.88324,9500000,1
1412805000000,1412805059000,0.88322,0.88322,0.8832,0.8832,3000000,1
1412805060000,1412805119000,0.88319,0.88319,0.88317,0.88317,13000000,1
1412805120000,1412805179000,0.88317,0.88331,0.88309,0.88317,18200000,1
1412805180000,1412805239000,0.88317,0.88317,0.88317,0.88317,6000000,1
1412805240000,1412805299000,0.88317,0.88317,0.88317,0.88317,5500000,1
1412805300000,1412805359000,0.88318,0.88318,0.88314,0.88314,19000000,1
1412805360000,1412805419000,0.88314,0.88317,0.88314,0.88317,11500000,1
1412805420000,1412805479000,0.88318,0.88318,0.88317,0.88317,13500000,1
1412805480000,1412805539000,0.88318,0.88318,0.88317,0.88318,22000000,1
1412805540000,1412805599000,0.88318,0.88318,0.88315,0.88316,12750000,1
1412805600000,1412805659000,0.88317,0.88322,0.88315,0.88316,26780000,1
1412805660000,1412805719000,0.88315,0.88319,0.88315,0.88318,49250000,1
1412805720000,1412805779000,0.88316,0.88322,0.88316,0.88317,21310000,1
1412805780000,1412805839000,0.88316,0.88317,0.88311,0.88314,30850000,1
1412805840000,1412805899000,0.88312,0.88321,0.88312,0.88317,59060000,1
1412805900000,1412805959000,0.88317,0.8832,0.88317,0.88318,50990000,1
1412805960000,1412806019000,0.88318,0.88318,0.88314,0.88314,17720000,1
1412806020000,1412806079000,0.88314,0.88318,0.88314,0.88318,37500000,1
1412806080000,1412806139000,0.88318,0.88322,0.88312,0.88321,47690000,1
1412806140000,1412806199000,0.88325,0.88336,0.88325,0.88326,41840000,1
1412806200000,1412806259000,0.88326,0.88329,0.88324,0.88329,22260000,1
1412806260000,1412806319000,0.88328,0.88328,0.88325,0.88325,8640000,1
1412806320000,1412806379000,0.88324,0.88324,0.8832,0.88324,10300000,1
1412806380000,1412806439000,0.88324,0.88324,0.88318,0.88319,29500000,1
1412806440000,1412806499000,0.88318,0.88319,0.88317,0.88318,11500000,1
1412806500000,1412806559000,0.88318,0.88321,0.88318,0.8832,20500000,1
1412806560000,1412806619000,0.8832,0.8832,0.88309,0.88317,18070000,1
1412806620000,1412806679000,0.88317,0.88317,0.88317,0.88317,17000000,1
1412806680000,1412806739000,0.88317,0.88317,0.88307,0.88315,35440000,1
1412806740000,1412806799000,0.88312,0.88312,0.88302,0.88306,39140000,1
1412806800000,1412806859000,0.88306,0.88309,0.88306,0.88306,20850000,1
1412806860000,1412806919000,0.88305,0.88305,0.88272,0.88285,76770000,1
1412806920000,1412806979000,0.88285,0.88301,0.88285,0.88294,58640000,1
1412806980000,1412807039000,0.88292,0.88292,0.88292,0.88292,1000000,1
1412807040000,1412807099000,0.88293,0.88293,0.8829,0.8829,36810000,1
1412807100000,1412807159000,0.8829,0.88294,0.8829,0.88291,16600000,1
1412807160000,1412807219000,0.88291,0.88292,0.8829,0.8829,5000000,1
1412807220000,1412807279000,0.88293,0.88293,0.88282,0.88282,12000000,1
1412807280000,1412807339000,0.88282,0.8829,0.8828,0.88289,31200000,1
1412807340000,1412807399000,0.88289,0.88292,0.88281,0.88281,16490000,1
1412807400000,1412807459000,0.88281,0.8829,0.88281,0.8829,18810000,1
1412807460000,1412807519000,0.88291,0.88315,0.88289,0.88298,98370000,1
1412807520000,1412807579000,0.88297,0.88321,0.88297,0.88321,33820000,1
1412807580000,1412807639000,0.8832,0.88332,0.8832,0.88332,19610000,1
1412807640000,1412807699000,0.88332,0.88352,0.88332,0.88352,26560000,1
1412807700000,1412807759000,0.88351,0.88354,0.8835,0.8835,17910000,1
1412807760000,1412807819000,0.8835,0.88356,0.8835,0.88351,37430000,1
1412807820000,1412807879000,0.8835,0.88363,0.88349,0.88362,26700000,1
1412807880000,1412807939000,0.88363,0.88363,0.88352,0.88352,12640000,1
1412807940000,1412807999000,0.88352,0.8836,0.88352,0.88359,39530000,1
1412808000000,1412808059000,0.88359,0.8836,0.88353,0.88353,65850000,1
1412808060000,1412808119000,0.88352,0.88352,0.88351,0.88351,9680000,1
1412808120000,1412808179000,0.8835,0.8835,0.88342,0.88343,14900000,1
1412808180000,1412808239000,0.88344,0.88346,0.88329,0.88329,26240000,1
1412808240000,1412808299000,0.88329,0.8834,0.88329,0.88339,60730000,1
1412808300000,1412808359000,0.88339,0.88355,0.88339,0.88348,52950000,1
1412808360000,1412808419000,0.8835,0.88351,0.88345,0.88347,23750000,1
1412808420000,1412808479000,0.88348,0.88348,0.88345,0.88345,16500000,1
1412808480000,1412808539000,0.88344,0.88344,0.88344,0.88344,7500000,1
1412808540000,1412808599000,0.88344,0.88346,0.88342,0.88346,5000000,1
1412808600000,1412808659000,0.88343,0.88346,0.88341,0.88344,27570000,1
1412808660000,1412808719000,0.88343,0.8835,0.88342,0.88345,42850000,1
1412808720000,1412808779000,0.88342,0.88344,0.88342,0.88343,17350000,1
1412808780000,1412808839000,0.88343,0.88343,0.88342,0.88342,28890000,1
1412808840000,1412808899000,0.88342,0.88344,0.8834,0.88344,19280000,1
1412808900000,1412808959000,0.88342,0.88347,0.88342,0.88344,11740000,1
1412808960000,1412809019000,0.88344,0.88362,0.88344,0.88362,34210000,1
1412809020000,1412809079000,0.8836,0.88367,0.8836,0.88367,7100000,1
1412809080000,1412809139000,0.88367,0.88369,0.88352,0.88353,29750000,1
1412809140000,1412809199000,0.88353,0.88354,0.88351,0.88352,10000000,1
1412809200000,1412809259000,0.8835,0.88364,0.8835,0.88358,45690000,1
1412809260000,1412809319000,0.88358,0.8836,0.8834,0.8834,31690000,1
1412809320000,1412809379000,0.88338,0.88351,0.88337,0.88346,42320000,1
1412809380000,1412809439000,0.88346,0.8835,0.88344,0.88344,23500000,1
1412809440000,1412809499000,0.88344,0.88344,0.8832,0.88329,51500000,1
1412809500000,1412809559000,0.88328,0.88328,0.88323,0.88324,28690000,1
1412809560000,1412809619000,0.88324,0.88332,0.88324,0.88332,10750000,1
1412809620000,1412809679000,0.88331,0.88334,0.8833,0.88331,13000000,1
1412809680000,1412809739000,0.88332,0.88352,0.88332,0.88348,26190000,1
1412809740000,1412809799000,0.8835,0.88353,0.88348,0.88351,22250000,1
1412809800000,1412809859000,0.88352,0.88374,0.88352,0.88373,45670000,1
1412809860000,1412809919000,0.88374,0.88385,0.88374,0.88382,60220000,1
1412809920000,1412809979000,0.88382,0.88386,0.88372,0.88372,68780000,1
1412809980000,1412810039000,0.88372,0.88372,0.88364,0.88368,24540000,1
1412810040000,1412810099000,0.88368,0.88372,0.88365,0.88367,43590000,1
1412810100000,1412810159000,0.88366,0.88366,0.88355,0.88355,50780000,1
1412810160000,1412810219000,0.88354,0.88355,0.88347,0.88348,25560000,1
1412810220000,1412810279000,0.88345,0.88349,0.88344,0.88348,43960000,1
1412810280000,1412810339000,0.88348,0.88358,0.88348,0.88353,83880000,1
1412810340000,1412810399000,0.88353,0.88357,0.88353,0.88357,17440000,1
1412810400000,1412810459000,0.88357,0.88359,0.88357,0.88357,18860000,1
1412810460000,1412810519000,0.88356,0.88371,0.88356,0.88371,25000000,1
1412810520000,1412810579000,0.8837,0.88373,0.8837,0.88371,37580000,1
1412810580000,1412810639000,0.8837,0.88371,0.88365,0.88368,42060000,1
1412810640000,1412810699000,0.88368,0.8837,0.88367,0.88367,8220000,1
1412810700000,1412810759000,0.88367,0.88369,0.88347,0.88363,101650000,1
1412810760000,1412810819000,0.88363,0.8838,0.88363,0.8838,79370000,1
1412810820000,1412810879000,0.88381,0.88383,0.88378,0.88382,89640000,1
1412810880000,1412810939000,0.88381,0.88391,0.88381,0.88391,46470000,1
1412810940000,1412810999000,0.88391,0.88415,0.88391,0.88415,44950000,1
1412811000000,1412811059000,0.88417,0.88424,0.88415,0.88418,47590000,1
1412811060000,1412811119000,0.88418,0.88444,0.88418,0.88444,50020000,1
1412811120000,1412811179000,0.88442,0.88442,0.88436,0.88436,31900000,1
1412811180000,1412811239000,0.88434,0.88436,0.88431,0.88436,21160000,1
1412811240000,1412811299000,0.88435,0.88435,0.88421,0.8843,32740000,1
1412811300000,1412811359000,0.8843,0.88442,0.8842,0.88425,60620000,1
1412811360000,1412811419000,0.88425,0.8843,0.88425,0.8843,35620000,1
1412811420000,1412811479000,0.88431,0.88458,0.88431,0.88458,44840000,1
1412811480000,1412811539000,0.88458,0.88462,0.88455,0.88457,30320000,1
1412811540000,1412811599000,0.88457,0.88463,0.88456,0.88462,47210000,1
1412811600000,1412811659000,0.88461,0.88462,0.88443,0.88462,186430000,1
1412811660000,1412811719000,0.88462,0.88513,0.88462,0.88487,227990000,1
1412811720000,1412811779000,0.88487,0.88487,0.88455,0.88484,174400000,1
1412811780000,1412811839000,0.88483,0.88483,0.88426,0.88426,161970000,1
1412811840000,1412811899000,0.88425,0.88427,0.88413,0.88414,67040000,1
1412811900000,1412811959000,0.88415,0.88423,0.88414,0.88414,53270000,1
1412811960000,1412812019000,0.88414,0.88414,0.88382,0.88384,70770000,1
1412812020000,1412812079000,0.88388,0.88417,0.88383,0.88417,75760000,1
1412812080000,1412812139000,0.88417,0.88436,0.88413,0.88413,137120000,1
1412812140000,1412812199000,0.88413,0.8842,0.88402,0.88418,100090000,1
1412812200000,1412812259000,0.88415,0.88429,0.88404,0.88409,116890000,1
1412812260000,1412812319000,0.88409,0.8843,0.88401,0.88407,253070000,1
1412812320000,1412812379000,0.88405,0.88405,0.88398,0.88399,91590000,1
1412812380000,1412812439000,0.88399,0.88403,0.88381,0.88384,127750000,1
1412812440000,1412812499000,0.88383,0.88384,0.8836,0.88367,86280000,1
1412812500000,1412812559000,0.88369,0.88386,0.88366,0.88366,75010000,1
1412812560000,1412812619000,0.88367,0.88374,0.88366,0.88373,57460000,1
1412812620000,1412812679000,0.88373,0.88388,0.88373,0.88379,83720000,1
1412812680000,1412812739000,0.88379,0.88385,0.88374,0.88385,124410000,1
1412812740000,1412812799000,0.88385,0.88387,0.88376,0.88377,54940000,1
1412812800000,1412812859000,0.88376,0.88383,0.88365,0.88377,130640000,1
1412812860000,1412812919000,0.88377,0.88389,0.88365,0.88369,112000000,1
1412812920000,1412812979000,0.88368,0.88369,0.88361,0.88361,94090000,1
1412812980000,1412813039000,0.88361,0.88364,0.88353,0.88355,67390000,1
1412813040000,1412813099000,0.88354,0.88377,0.88354,0.88375,54580000,1
1412813100000,1412813159000,0.88374,0.88375,0.88354,0.88362,151230000,1
1412813160000,1412813219000,0.88361,0.88376,0.88355,0.88374,118090000,1
1412813220000,1412813279000,0.88374,0.88385,0.88372,0.88385,58500000,1
1412813280000,1412813339000,0.88386,0.88395,0.8837,0.88383,95500000,1
1412813340000,1412813399000,0.88382,0.88394,0.88382,0.88386,72250000,1
1412813400000,1412813459000,0.88384,0.8839,0.8838,0.88387,70140000,1
1412813460000,1412813519000,0.88386,0.88392,0.88386,0.8839,44340000,1
1412813520000,1412813579000,0.88391,0.884,0.88365,0.88385,64440000,1
1412813580000,1412813639000,0.88386,0.88394,0.88322,0.8834,87750000,1
1412813640000,1412813699000,0.88339,0.88387,0.88339,0.88374,63630000,1
1412813700000,1412813759000,0.88371,0.88373,0.88319,0.88324,71380000,1
1412813760000,1412813819000,0.88327,0.88329,0.88291,0.8831,89570000,1
1412813820000,1412813879000,0.88308,0.88308,0.88285,0.88288,90580000,1
1412813880000,1412813939000,0.88288,0.88288,0.88264,0.88269,65500000,1
1412813940000,1412813999000,0.88268,0.88274,0.8826,0.8826,77250000,1
1412814000000,1412814059000,0.88259,0.88276,0.88254,0.8826,62750000,1
1412814060000,1412814119000,0.8826,0.88272,0.88256,0.88264,58500000,1
1412814120000,1412814179000,0.88264,0.8827,0.88264,0.88265,22000000,1
1412814180000,1412814239000,0.88265,0.88267,0.88265,0.88266,18000000,1
1412814240000,1412814299000,0.8827,0.88302,0.88262,0.88272,79010000,1
1412814300000,1412814359000,0.88273,0.88281,0.8827,0.88273,78750000,1
1412814360000,1412814419000,0.88276,0.8828,0.8827,0.8827,86190000,1
1412814420000,1412814479000,0.88272,0.88301,0.88272,0.88291,83150000,1
1412814480000,1412814539000,0.8829,0.88292,0.8828,0.88292,45500000,1
1412814540000,1412814599000,0.88288,0.88317,0.88249,0.88251,140010000,1
1412814600000,1412814659000,0.88251,0.88275,0.87914,0.88068,431950000,1
1412814660000,1412814719000,0.88067,0.8813,0.88067,0.88078,280130000,1
1412814720000,1412814779000,0.88075,0.88105,0.8804,0.88078,200750000,1
1412814780000,1412814839000,0.8808,0.88111,0.88071,0.88074,150330000,1
1412814840000,1412814899000,0.88074,0.88074,0.87971,0.88029,189070000,1
1412814900000,1412814959000,0.8803,0.88064,0.8803,0.88062,153810000,1
1412814960000,1412815019000,0.88062,0.8809,0.88062,0.8808,92380000,1
1412815020000,1412815079000,0.88081,0.88163,0.88081,0.88152,150880000,1
1412815080000,1412815139000,0.88152,0.88173,0.88103,0.88168,171570000,1
1412815140000,1412815199000,0.88168,0.88233,0.88167,0.88207,119400000,1
1412815200000,1412815259000,0.88207,0.88224,0.88198,0.88211,132250000,1
1412815260000,1412815319000,0.88211,0.88211,0.88157,0.88157,100500000,1
1412815320000,1412815379000,0.88157,0.8817,0.88142,0.88169,102070000,1
1412815380000,1412815439000,0.88168,0.88189,0.88158,0.88188,63630000,1
1412815440000,1412815499000,0.88187,0.88237,0.88187,0.88236,83090000,1
1412815500000,1412815559000,0.88235,0.88272,0.88235,0.88272,115000000,1
1412815560000,1412815619000,0.88264,0.88277,0.88261,0.88262,85750000,1
1412815620000,1412815679000,0.88261,0.88287,0.88245,0.88265,87690000,1
1412815680000,1412815739000,0.88265,0.88301,0.8826,0.88301,115000000,1
1412815740000,1412815799000,0.88302,0.88361,0.88302,0.88327,125500000,1
1412815800000,1412815859000,0.88327,0.88334,0.88293,0.883,133000000,1
1412815860000,1412815919000,0.883,0.883,0.88284,0.88285,36500000,1
1412815920000,1412815979000,0.88285,0.88306,0.8827,0.88278,90750000,1
1412815980000,1412816039000,0.88281,0.88281,0.88269,0.88269,49500000,1
1412816040000,1412816099000,0.88271,0.88289,0.88271,0.88289,27000000,1
1412816100000,1412816159000,0.88289,0.88352,0.88289,0.88352,133700000,1
1412816160000,1412816219000,0.8835,0.88381,0.8834,0.88381,82500000,1
1412816220000,1412816279000,0.88381,0.88402,0.88381,0.88399,79750000,1
1412816280000,1412816339000,0.88401,0.88507,0.88399,0.88468,240820000,1
1412816340000,1412816399000,0.88469,0.8848,0.88445,0.88452,111320000,1
1412816400000,1412816459000,0.88451,0.88478,0.88439,0.88472,137070000,1
1412816460000,1412816519000,0.88473,0.88546,0.8847,0.88542,172780000,1
1412816520000,1412816579000,0.88545,0.88548,0.8851,0.88532,178910000,1
1412816580000,1412816639000,0.88534,0.88534,0.88497,0.88501,90040000,1
1412816640000,1412816699000,0.88504,0.88551,0.88504,0.88537,159110000,1
1412816700000,1412816759000,0.88537,0.88545,0.88522,0.88538,88380000,1
1412816760000,1412816819000,0.88539,0.88539,0.88514,0.88525,75070000,1
1412816820000,1412816879000,0.88522,0.88546,0.88511,0.88511,110940000,1
1412816880000,1412816939000,0.8851,0.88512,0.88487,0.88511,116500000,1
1412816940000,1412816999000,0.88509,0.88511,0.88485,0.88486,76370000,1
1412817000000,1412817059000,0.88487,0.88503,0.88474,0.8849,101920000,1
1412817060000,1412817119000,0.8849,0.88494,0.88482,0.88482,66000000,1
1412817120000,1412817179000,0.88484,0.88503,0.88478,0.8849,71500000,1
1412817180000,1412817239000,0.88486,0.88501,0.88484,0.88492,69690000,1
1412817240000,1412817299000,0.88493,0.88552,0.88492,0.88543,109190000,1
1412817300000,1412817359000,0.88541,0.88551,0.88535,0.88549,65000000,1
1412817360000,1412817419000,0.88547,0.88551,0.88528,0.88529,65750000,1
1412817420000,1412817479000,0.88529,0.8853,0.88492,0.8852,90500000,1
1412817480000,1412817539000,0.8852,0.88548,0.8852,0.88542,77750000,1
1412817540000,1412817599000,0.88542,0.88542,0.88521,0.88521,37940000,1
1412817600000,1412817659000,0.88521,0.8853,0.88516,0.8853,36500000,1
1412817660000,1412817719000,0.88529,0.88539,0.88526,0.88532,50250000,1
1412817720000,1412817779000,0.88532,0.88538,0.8851,0.88517,108000000,1
1412817780000,1412817839000,0.88516,0.88519,0.8848,0.8848,110940000,1
1412817840000,1412817899000,0.88481,0.88491,0.88473,0.88481,115750000,1
1412817900000,1412817959000,0.88482,0.88489,0.88469,0.88473,92940000,1
1412817960000,1412818019000,0.88473,0.88476,0.88447,0.8845,56500000,1
1412818020000,1412818079000,0.88447,0.88447,0.88427,0.88432,84940000,1
1412818080000,1412818139000,0.88432,0.8844,0.88421,0.8843,70690000,1
1412818140000,1412818199000,0.8843,0.88442,0.88412,0.88441,109000000,1
1412818200000,1412818259000,0.88441,0.8846,0.88408,0.88418,99440000,1
1412818260000,1412818319000,0.88417,0.88433,0.88412,0.8843,99380000,1
1412818320000,1412818379000,0.88429,0.88429,0.88417,0.88418,27720000,1
1412818380000,1412818439000,0.88418,0.88444,0.88416,0.88444,57970000,1
1412818440000,1412818499000,0.88444,0.88471,0.88443,0.88458,150560000,1
1412818500000,1412818559000,0.88457,0.88466,0.88452,0.88466,63600000,1
1412818560000,1412818619000,0.88469,0.88469,0.88445,0.88449,63530000,1
1412818620000,1412818679000,0.8845,0.88462,0.8844,0.8844,42060000,1
1412818680000,1412818739000,0.88438,0.88448,0.88434,0.88446,45580000,1
1412818740000,1412818799000,0.88447,0.88459,0.88438,0.88438,39070000,1
1412818800000,1412818859000,0.88438,0.88438,0.88437,0.88437,20170000,1
1412818860000,1412818919000,0.88437,0.88445,0.88437,0.88439,55100000,1
1412818920000,1412818979000,0.88439,0.88439,0.88417,0.88417,81700000,1
1412818980000,1412819039000,0.88419,0.88427,0.88415,0.88426,27390000,1
1412819040000,1412819099000,0.88426,0.88431,0.88422,0.88431,35110000,1
1412819100000,1412819159000,0.88433,0.88443,0.88433,0.88439,55020000,1
1412819160000,1412819219000,0.88439,0.88439,0.88428,0.88429,37070000,1
1412819220000,1412819279000,0.88428,0.88444,0.88428,0.88439,102310000,1
1412819280000,1412819339000,0.8844,0.88458,0.8844,0.88458,63700000,1
1412819340000,1412819399000,0.8846,0.8847,0.88451,0.88458,84770000,1
1412819400000,1412819459000,0.8846,0.88474,0.8846,0.88466,146230000,1
1412819460000,1412819519000,0.88467,0.88469,0.88464,0.88464,39640000,1
1412819520000,1412819579000,0.88463,0.88471,0.88448,0.8845,51050000,1
1412819580000,1412819639000,0.88451,0.88456,0.88432,0.88438,72310000,1
1412819640000,1412819699000,0.8844,0.88473,0.8844,0.88471,108070000,1
1412819700000,1412819759000,0.88469,0.88494,0.88469,0.88494,95880000,1
1412819760000,1412819819000,0.88493,0.88498,0.88483,0.88494,91060000,1
1412819820000,1412819879000,0.88493,0.8853,0.88493,0.88501,77140000,1
1412819880000,1412819939000,0.88501,0.88522,0.885,0.88517,44700000,1
1412819940000,1412819999000,0.88516,0.88516,0.88495,0.88501,66840000,1
1412820000000,1412820059000,0.88501,0.88501,0.88477,0.88477,90720000,1
1412820060000,1412820119000,0.88475,0.88489,0.88471,0.88489,33330000,1
1412820120000,1412820179000,0.88493,0.88504,0.88493,0.88501,51400000,1
1412820180000,1412820239000,0.88502,0.8851,0.885,0.8851,32370000,1
1412820240000,1412820299000,0.8851,0.88551,0.8851,0.88547,106650000,1
1412820300000,1412820359000,0.8855,0.88595,0.88544,0.88595,131450000,1
1412820360000,1412820419000,0.88594,0.886,0.88591,0.88593,120240000,1
1412820420000,1412820479000,0.88593,0.88599,0.88581,0.88589,82060000,1
1412820480000,1412820539000,0.88592,0.88599,0.88582,0.88588,126320000,1
1412820540000,1412820599000,0.88588,0.88588,0.88557,0.88575,86260000,1
1412820600000,1412820659000,0.88575,0.88576,0.88558,0.88563,50390000,1
1412820660000,1412820719000,0.88561,0.88561,0.88541,0.88541,53600000,1
1412820720000,1412820779000,0.88541,0.88553,0.8854,0.8855,45150000,1
1412820780000,1412820839000,0.88552,0.88558,0.88541,0.88541,74400000,1
1412820840000,1412820899000,0.88541,0.88551,0.88538,0.88542,94380000,1
1412820900000,1412820959000,0.88542,0.88543,0.88509,0.88512,118110000,1
1412820960000,1412821019000,0.88512,0.88533,0.88508,0.88509,59670000,1
1412821020000,1412821079000,0.88509,0.8851,0.88504,0.88508,22070000,1
1412821080000,1412821139000,0.88507,0.8851,0.88497,0.88498,34500000,1
1412821140000,1412821199000,0.88498,0.88503,0.88497,0.88497,40080000,1
1412821200000,1412821259000,0.88497,0.88512,0.88491,0.8851,48150000,1
1412821260000,1412821319000,0.88512,0.88522,0.88512,0.8852,36680000,1
1412821320000,1412821379000,0.88519,0.88522,0.88517,0.88517,23830000,1
1412821380000,1412821439000,0.88518,0.88521,0.88513,0.88518,36210000,1
1412821440000,1412821499000,0.88517,0.88517,0.88507,0.8851,26460000,1
1412821500000,1412821559000,0.8851,0.88521,0.88507,0.88521,45160000,1
1412821560000,1412821619000,0.88521,0.88532,0.8852,0.8852,61890000,1
1412821620000,1412821679000,0.8852,0.88522,0.88512,0.88517,26990000,1
1412821680000,1412821739000,0.88515,0.88521,0.88508,0.88508,40430000,1
1412821740000,1412821799000,0.88508,0.88511,0.88504,0.88508,17570000,1
1412821800000,1412821859000,0.88508,0.88509,0.88507,0.88507,7000000,1
1412821860000,1412821919000,0.88507,0.88507,0.88497,0.88498,29450000,1
1412821920000,1412821979000,0.88499,0.88518,0.88499,0.88511,47270000,1
1412821980000,1412822039000,0.8851,0.88512,0.88488,0.88493,75360000,1
1412822040000,1412822099000,0.88493,0.88493,0.88457,0.8848,70330000,1
1412822100000,1412822159000,0.88479,0.88479,0.88437,0.88468,88380000,1
1412822160000,1412822219000,0.88468,0.88479,0.88435,0.88477,172990000,1
1412822220000,1412822279000,0.88478,0.88479,0.88457,0.88479,85130000,1
1412822280000,1412822339000,0.88479,0.885,0.88479,0.8849,64360000,1
1412822340000,1412822399000,0.8849,0.88526,0.88483,0.8852,85330000,1
1412822400000,1412822459000,0.88519,0.88527,0.8851,0.8852,41730000,1
1412822460000,1412822519000,0.88523,0.88533,0.88523,0.88528,59640000,1
1412822520000,1412822579000,0.8853,0.8853,0.8852,0.88528,24150000,1
1412822580000,1412822639000,0.88528,0.88531,0.88525,0.88529,31270000,1
1412822640000,1412822699000,0.88529,0.88551,0.88527,0.8855,54550000,1
1412822700000,1412822759000,0.88552,0.88601,0.88552,0.88591,161220000,1
1412822760000,1412822819000,0.88591,0.88605,0.88591,0.88591,53950000,1
1412822820000,1412822879000,0.88593,0.88593,0.88563,0.88567,78650000,1
1412822880000,1412822939000,0.88567,0.88567,0.88555,0.8856,37440000,1
1412822940000,1412822999000,0.8856,0.88561,0.88542,0.88542,41020000,1
1412823000000,1412823059000,0.88542,0.88542,0.88504,0.88524,91860000,1
1412823060000,1412823119000,0.88524,0.8854,0.8852,0.88538,40590000,1
1412823120000,1412823179000,0.88538,0.88539,0.88537,0.88538,21970000,1
1412823180000,1412823239000,0.88538,0.88542,0.8853,0.8853,62350000,1
1412823240000,1412823299000,0.88529,0.88531,0.88521,0.88521,26180000,1
1412823300000,1412823359000,0.88521,0.88525,0.88507,0.88508,109310000,1
1412823360000,1412823419000,0.88508,0.88534,0.88507,0.88529,71610000,1
1412823420000,1412823479000,0.88529,0.88539,0.8851,0.88518,118020000,1
1412823480000,1412823539000,0.88518,0.8854,0.88518,0.8854,112980000,1
1412823540000,1412823599000,0.8854,0.8854,0.88531,0.88532,29000000,1
1412823600000,1412823659000,0.88532,0.8854,0.88525,0.8854,81130000,1
1412823660000,1412823719000,0.8854,0.88547,0.88537,0.88537,92250000,1
1412823720000,1412823779000,0.88537,0.88558,0.88536,0.88536,62770000,1
1412823780000,1412823839000,0.88536,0.88536,0.88522,0.88522,19500000,1
1412823840000,1412823899000,0.88522,0.88535,0.88518,0.88535,86540000,1
1412823900000,1412823959000,0.88535,0.88536,0.8853,0.88531,36310000,1
1412823960000,1412824019000,0.88531,0.88531,0.88531,0.88531,7070000,1
1412824020000,1412824079000,0.88531,0.88537,0.88531,0.88537,11820000,1
1412824080000,1412824139000,0.88537,0.88539,0.88537,0.88539,19600000,1
1412824140000,1412824199000,0.88539,0.8855,0.88539,0.8855,25980000,1
1412824200000,1412824259000,0.88551,0.88615,0.88551,0.88608,229410000,1
1412824260000,1412824319000,0.88608,0.88641,0.88608,0.88619,194560000,1
1412824320000,1412824379000,0.88619,0.88647,0.88588,0.88625,310460000,1
1412824380000,1412824439000,0.88625,0.88638,0.88595,0.88638,170040000,1
1412824440000,1412824499000,0.88638,0.88687,0.88627,0.88687,287280000,1
1412824500000,1412824559000,0.88689,0.88702,0.88682,0.88693,278620000,1
1412824560000,1412824619000,0.88693,0.887,0.88679,0.88698,161480000,1
1412824620000,1412824679000,0.88698,0.88743,0.88698,0.88732,279710000,1
1412824680000,1412824739000,0.88732,0.88763,0.88726,0.88763,158360000,1
1412824740000,1412824799000,0.88765,0.88773,0.88725,0.88732,147060000,1
1412824800000,1412824859000,0.88732,0.88742,0.8873,0.8874,56760000,1
1412824860000,1412824919000,0.88738,0.8874,0.88702,0.88708,74420000,1
1412824920000,1412824979000,0.88708,0.88741,0.88687,0.88722,130090000,1
1412824980000,1412825039000,0.88722,0.88733,0.88722,0.88722,81550000,1
1412825040000,1412825099000,0.88723,0.88726,0.887,0.88711,61800000,1
1412825100000,1412825159000,0.88711,0.88741,0.88708,0.88737,65970000,1
1412825160000,1412825219000,0.88737,0.88737,0.88703,0.88719,121450000,1
1412825220000,1412825279000,0.88722,0.88808,0.88721,0.88771,192920000,1
1412825280000,1412825339000,0.88769,0.88822,0.88762,0.88799,176670000,1
1412825340000,1412825399000,0.88799,0.88813,0.88783,0.88788,113090000,1
1412825400000,1412825459000,0.88787,0.88791,0.88757,0.8876,127770000,1
1412825460000,1412825519000,0.8876,0.8876,0.88733,0.88747,96840000,1
1412825520000,1412825579000,0.88748,0.88781,0.88748,0.8875,105770000,1
1412825580000,1412825639000,0.8875,0.8876,0.88744,0.88758,58650000,1
1412825640000,1412825699000,0.88758,0.88761,0.88737,0.88741,58920000,1
1412825700000,1412825759000,0.88741,0.88742,0.88729,0.88729,59170000,1
1412825760000,1412825819000,0.88732,0.88761,0.88731,0.88761,48910000,1
1412825820000,1412825879000,0.8876,0.88762,0.88754,0.88762,23840000,1
1412825880000,1412825939000,0.88762,0.88762,0.88761,0.88761,10000000,1
1412825940000,1412825999000,0.88761,0.88764,0.88752,0.88762,35200000,1
1412826000000,1412826059000,0.88762,0.88773,0.88758,0.88773,74140000,1
1412826060000,1412826119000,0.88774,0.88808,0.88774,0.88799,65160000,1
1412826120000,1412826179000,0.88799,0.88824,0.88798,0.88803,88950000,1
1412826180000,1412826239000,0.88803,0.88808,0.88763,0.88789,89150000,1
1412826240000,1412826299000,0.88789,0.88789,0.88777,0.88778,48370000,1
1412826300000,1412826359000,0.88778,0.88778,0.88742,0.88743,80700000,1
1412826360000,1412826419000,0.88745,0.88751,0.88727,0.88727,54600000,1
1412826420000,1412826479000,0.88727,0.88741,0.8872,0.88729,49640000,1
1412826480000,1412826539000,0.88728,0.88742,0.88728,0.88737,63080000,1
1412826540000,1412826599000,0.88736,0.88736,0.88719,0.88722,50200000,1
1412826600000,1412826659000,0.88722,0.88732,0.88709,0.88732,75400000,1
1412826660000,1412826719000,0.88733,0.88735,0.88733,0.88733,8750000,1
1412826720000,1412826779000,0.88733,0.88733,0.88696,0.88711,83390000,1
1412826780000,1412826839000,0.88711,0.88722,0.887,0.8872,92730000,1
1412826840000,1412826899000,0.88722,0.88726,0.88717,0.88719,107880000,1
1412826900000,1412826959000,0.88719,0.88724,0.88712,0.88718,38650000,1
1412826960000,1412827019000,0.88718,0.88727,0.88709,0.88716,59840000,1
1412827020000,1412827079000,0.88716,0.8872,0.88707,0.88711,58790000,1
1412827080000,1412827139000,0.88711,0.8872,0.88711,0.88714,26000000,1
1412827140000,1412827199000,0.88714,0.88722,0.88712,0.88712,42140000,1
1412827200000,1412827259000,0.88712,0.88726,0.88712,0.88725,57160000,1
1412827260000,1412827319000,0.88723,0.88741,0.8872,0.88738,86420000,1
1412827320000,1412827379000,0.88739,0.88754,0.88739,0.88754,49880000,1
1412827380000,1412827439000,0.88755,0.88791,0.88752,0.88785,117520000,1
1412827440000,1412827499000,0.88783,0.8879,0.88766,0.88771,74500000,1
1412827500000,1412827559000,0.88769,0.8878,0.88767,0.88771,44000000,1
1412827560000,1412827619000,0.88771,0.88788,0.8877,0.8877,45000000,1
1412827620000,1412827679000,0.88773,0.88773,0.88757,0.88769,46690000,1
1412827680000,1412827739000,0.88769,0.88791,0.88765,0.88789,77520000,1
1412827740000,1412827799000,0.88789,0.88789,0.88754,0.88769,64940000,1
1412827800000,1412827859000,0.88771,0.88802,0.88766,0.88797,97890000,1
1412827860000,1412827919000,0.88797,0.88819,0.88795,0.88809,66150000,1
1412827920000,1412827979000,0.88811,0.88824,0.88791,0.88798,99140000,1
1412827980000,1412828039000,0.88798,0.888,0.88792,0.888,30820000,1
1412828040000,1412828099000,0.88798,0.888,0.88789,0.88793,66210000,1
1412828100000,1412828159000,0.88792,0.88793,0.88781,0.88782,38000000,1
1412828160000,1412828219000,0.88782,0.8881,0.88782,0.88804,74210000,1
1412828220000,1412828279000,0.88802,0.8881,0.888,0.88808,50910000,1
1412828280000,1412828339000,0.88808,0.88821,0.88792,0.888,71380000,1
1412828340000,1412828399000,0.888,0.88811,0.88777,0.88788,77220000,1
1412828400000,1412828459000,0.88787,0.88787,0.88767,0.88768,54760000,1
1412828460000,1412828519000,0.88768,0.88769,0.88756,0.88769,60420000,1
1412828520000,1412828579000,0.88769,0.8878,0.88767,0.88767,61430000,1
1412828580000,1412828639000,0.88767,0.88781,0.88767,0.88778,49210000,1
1412828640000,1412828699000,0.88778,0.88779,0.88762,0.88769,86420000,1
1412828700000,1412828759000,0.88769,0.88771,0.8875,0.88762,56520000,1
1412828760000,1412828819000,0.88764,0.8878,0.8876,0.88771,53140000,1
1412828820000,1412828879000,0.88771,0.88778,0.88762,0.88762,23740000,1
1412828880000,1412828939000,0.88762,0.88772,0.88762,0.88772,23390000,1
1412828940000,1412828999000,0.88776,0.88792,0.88776,0.88792,67450000,1
1412829000000,1412829059000,0.88791,0.88791,0.88781,0.88784,31670000,1
1412829060000,1412829119000,0.88784,0.88784,0.88767,0.8877,77070000,1
1412829120000,1412829179000,0.88773,0.88782,0.88767,0.88767,76400000,1
1412829180000,1412829239000,0.88767,0.88767,0.88759,0.88761,18000000,1
1412829240000,1412829299000,0.88761,0.8877,0.88761,0.88768,16740000,1
1412829300000,1412829359000,0.8877,0.8879,0.8877,0.8879,22120000,1
1412829360000,1412829419000,0.8879,0.88791,0.8878,0.8878,13110000,1
1412829420000,1412829479000,0.88779,0.88781,0.88777,0.88781,19870000,1
1412829480000,1412829539000,0.88781,0.88781,0.88781,0.88781,2070000,1
1412829540000,1412829599000,0.8878,0.88786,0.8878,0.88786,40210000,1
1412829600000,1412829659000,0.88788,0.88825,0.88788,0.88821,74840000,1
1412829660000,1412829719000,0.88821,0.88831,0.88818,0.88822,57370000,1
1412829720000,1412829779000,0.88821,0.88821,0.88808,0.88811,37850000,1
1412829780000,1412829839000,0.8881,0.88813,0.88797,0.88798,33240000,1
1412829840000,1412829899000,0.88798,0.88807,0.88787,0.88807,73290000,1
1412829900000,1412829959000,0.88807,0.88807,0.88787,0.88798,58010000,1
1412829960000,1412830019000,0.88799,0.88801,0.88794,0.888,24920000,1
1412830020000,1412830079000,0.888,0.88801,0.88797,0.88799,15320000,1
1412830080000,1412830139000,0.88798,0.888,0.88794,0.88798,21070000,1
1412830140000,1412830199000,0.88799,0.8882,0.88799,0.88811,43450000,1
1412830200000,1412830259000,0.88811,0.88819,0.88811,0.88811,39380000,1
1412830260000,1412830319000,0.88811,0.88828,0.88811,0.88824,45620000,1
1412830320000,1412830379000,0.88824,0.8884,0.88822,0.88837,77550000,1
1412830380000,1412830439000,0.8884,0.88844,0.88833,0.88833,55080000,1
1412830440000,1412830499000,0.88832,0.88835,0.88817,0.88825,74050000,1
1412830500000,1412830559000,0.88827,0.88831,0.8881,0.8881,77130000,1
1412830560000,1412830619000,0.8881,0.88819,0.88802,0.88807,61280000,1
1412830620000,1412830679000,0.88807,0.88812,0.88806,0.88808,40100000,1
1412830680000,1412830739000,0.88807,0.88811,0.888,0.88802,55750000,1
1412830740000,1412830799000,0.88802,0.88825,0.88802,0.88825,52210000,1
1412830800000,1412830859000,0.88825,0.88843,0.88825,0.88838,143030000,1
1412830860000,1412830919000,0.88838,0.88851,0.88838,0.88849,111790000,1
1412830920000,1412830979000,0.88849,0.88849,0.88833,0.88837,59910000,1
1412830980000,1412831039000,0.88837,0.88841,0.88832,0.88832,44500000,1
1412831040000,1412831099000,0.88832,0.88832,0.88811,0.88812,37390000,1
1412831100000,1412831159000,0.88811,0.88811,0.888,0.888,36500000,1
1412831160000,1412831219000,0.888,0.88801,0.88782,0.88792,101180000,1
1412831220000,1412831279000,0.88786,0.88799,0.88768,0.8878,121580000,1
1412831280000,1412831339000,0.88781,0.88781,0.88757,0.88769,75350000,1
1412831340000,1412831399000,0.88769,0.88779,0.88738,0.88747,77710000,1
1412831400000,1412831459000,0.88747,0.88748,0.88711,0.88711,71880000,1
1412831460000,1412831519000,0.88711,0.88748,0.88711,0.88732,81490000,1
1412831520000,1412831579000,0.88732,0.88759,0.88722,0.88745,101130000,1
1412831580000,1412831639000,0.88745,0.88757,0.88731,0.88743,74440000,1
1412831640000,1412831699000,0.88743,0.88747,0.88717,0.8873,72630000,1
1412831700000,1412831759000,0.8873,0.88741,0.88719,0.88741,82950000,1
1412831760000,1412831819000,0.88741,0.88753,0.88719,0.88753,63290000,1
1412831820000,1412831879000,0.88753,0.88762,0.88739,0.88749,44640000,1
1412831880000,1412831939000,0.88749,0.88761,0.88749,0.88757,46690000,1
1412831940000,1412831999000,0.8876,0.88763,0.88757,0.88757,42150000,1
1412832000000,1412832059000,0.88757,0.88757,0.88711,0.88721,91660000,1
1412832060000,1412832119000,0.88721,0.88721,0.88677,0.88677,69150000,1
1412832120000,1412832179000,0.88677,0.8869,0.88671,0.88672,76000000,1
1412832180000,1412832239000,0.88671,0.8869,0.8867,0.88672,55400000,1
1412832240000,1412832299000,0.88674,0.88697,0.88674,0.88687,85130000,1
1412832300000,1412832359000,0.88688,0.88691,0.88684,0.88687,61320000,1
1412832360000,1412832419000,0.88687,0.88687,0.88662,0.88662,58310000,1
1412832420000,1412832479000,0.88662,0.88666,0.88655,0.88664,64390000,1
1412832480000,1412832539000,0.88664,0.88682,0.88657,0.88662,79290000,1
1412832540000,1412832599000,0.88662,0.88683,0.88662,0.88674,87710000,1
1412832600000,1412832659000,0.88675,0.88693,0.88675,0.88691,54800000,1
1412832660000,1412832719000,0.88692,0.88703,0.88692,0.88703,91700000,1
1412832720000,1412832779000,0.88703,0.8871,0.88692,0.88693,56250000,1
1412832780000,1412832839000,0.88692,0.88727,0.88692,0.88719,107060000,1
1412832840000,1412832899000,0.8872,0.88741,0.8872,0.88731,107520000,1
1412832900000,1412832959000,0.88731,0.88734,0.8871,0.88711,102580000,1
1412832960000,1412833019000,0.88712,0.8873,0.88709,0.88718,44270000,1
1412833020000,1412833079000,0.88718,0.88718,0.88687,0.88687,127450000,1
1412833080000,1412833139000,0.88687,0.88701,0.88677,0.88693,34670000,1
1412833140000,1412833199000,0.88693,0.88693,0.88685,0.88689,62810000,1
1412833200000,1412833259000,0.88689,0.88702,0.88688,0.88702,58810000,1
1412833260000,1412833319000,0.88702,0.88709,0.88699,0.88708,42030000,1
1412833320000,1412833379000,0.88707,0.88707,0.88697,0.88698,75010000,1
1412833380000,1412833439000,0.887,0.8872,0.88696,0.8872,48450000,1
1412833440000,1412833499000,0.8872,0.88731,0.8872,0.88723,41370000,1
1412833500000,1412833559000,0.88726,0.88727,0.88715,0.88727,56070000,1
1412833560000,1412833619000,0.88727,0.88738,0.88722,0.88729,46550000,1
1412833620000,1412833679000,0.88729,0.8873,0.88722,0.88728,27480000,1
1412833680000,1412833739000,0.88729,0.88737,0.88728,0.88737,49160000,1
1412833740000,1412833799000,0.88737,0.88737,0.88727,0.88727,66980000,1
1412833800000,1412833859000,0.88727,0.88732,0.88727,0.88727,77420000,1
1412833860000,1412833919000,0.88727,0.88727,0.88698,0.88698,90100000,1
1412833920000,1412833979000,0.88698,0.8872,0.88697,0.88709,59680000,1
1412833980000,1412834039000,0.88711,0.88711,0.88697,0.88707,54140000,1
1412834040000,1412834099000,0.88707,0.88721,0.88707,0.88719,28730000,1
1412834100000,1412834159000,0.88719,0.88739,0.88711,0.88738,82320000,1
1412834160000,1412834219000,0.88738,0.88743,0.88697,0.88701,89690000,1
1412834220000,1412834279000,0.88701,0.88702,0.8869,0.88698,43360000,1
1412834280000,1412834339000,0.88698,0.88698,0.88685,0.88687,95730000,1
1412834340000,1412834399000,0.88687,0.88687,0.88665,0.88667,63760000,1
1412834400000,1412834459000,0.88668,0.88685,0.88664,0.88668,61260000,1
1412834460000,1412834519000,0.88667,0.88668,0.88637,0.88647,49920000,1
1412834520000,1412834579000,0.88647,0.88685,0.88647,0.88685,68670000,1
1412834580000,1412834639000,0.88689,0.88698,0.88687,0.88697,49870000,1
1412834640000,1412834699000,0.88697,0.88714,0.88697,0.88714,101940000,1
1412834700000,1412834759000,0.88714,0.88721,0.88701,0.88706,62750000,1
1412834760000,1412834819000,0.88708,0.88708,0.88695,0.88701,52330000,1
1412834820000,1412834879000,0.88699,0.8872,0.88693,0.8871,87360000,1
1412834880000,1412834939000,0.8871,0.88742,0.88709,0.88742,99320000,1
1412834940000,1412834999000,0.88741,0.88747,0.88725,0.88741,125150000,1
1412835000000,1412835059000,0.88741,0.88741,0.88732,0.88733,79450000,1
1412835060000,1412835119000,0.88734,0.88736,0.88704,0.88706,67780000,1
1412835120000,1412835179000,0.88707,0.88725,0.8869,0.88708,115820000,1
1412835180000,1412835239000,0.88707,0.88707,0.88657,0.88657,68840000,1
1412835240000,1412835299000,0.88657,0.88661,0.88645,0.88661,83050000,1
1412835300000,1412835359000,0.8866,0.8866,0.88641,0.88653,115870000,1
1412835360000,1412835419000,0.88653,0.88664,0.8865,0.88661,92390000,1
1412835420000,1412835479000,0.88661,0.88684,0.88661,0.88672,77170000,1
1412835480000,1412835539000,0.88674,0.88711,0.88674,0.88707,101170000,1
1412835540000,1412835599000,0.88707,0.88708,0.88669,0.88688,89850000,1
1412835600000,1412835659000,0.88689,0.8869,0.88672,0.88677,50790000,1
1412835660000,1412835719000,0.88675,0.88681,0.88668,0.8868,62280000,1
1412835720000,1412835779000,0.8868,0.88699,0.8868,0.88684,60370000,1
1412835780000,1412835839000,0.88682,0.88682,0.88658,0.88665,63390000,1
1412835840000,1412835899000,0.88666,0.88666,0.88641,0.88644,94120000,1
1412835900000,1412835959000,0.88643,0.88651,0.88642,0.8865,29800000,1
1412835960000,1412836019000,0.88651,0.88658,0.88651,0.88657,42040000,1
1412836020000,1412836079000,0.88657,0.88664,0.88631,0.88631,48850000,1
1412836080000,1412836139000,0.88631,0.88641,0.88631,0.88641,66350000,1
1412836140000,1412836199000,0.88641,0.88649,0.88634,0.88649,55700000,1
1412836200000,1412836259000,0.88647,0.88652,0.88642,0.88647,62700000,1
1412836260000,1412836319000,0.88648,0.88681,0.88648,0.88667,100260000,1
1412836320000,1412836379000,0.8867,0.8868,0.8867,0.88673,51820000,1
1412836380000,1412836439000,0.88673,0.88673,0.88642,0.88647,65120000,1
1412836440000,1412836499000,0.88646,0.88657,0.88643,0.88657,83690000,1
1412836500000,1412836559000,0.88657,0.88679,0.88657,0.88676,96440000,1
1412836560000,1412836619000,0.88676,0.88679,0.88662,0.88677,55360000,1
1412836620000,1412836679000,0.88677,0.88677,0.88636,0.88641,62070000,1
1412836680000,1412836739000,0.88641,0.88652,0.88637,0.88647,45460000,1
1412836740000,1412836799000,0.88647,0.88659,0.88647,0.88657,57630000,1
1412836800000,1412836859000,0.88657,0.88657,0.88625,0.88634,154670000,1
1412836860000,1412836919000,0.88638,0.88638,0.88623,0.88623,124820000,1
1412836920000,1412836979000,0.88622,0.88647,0.88622,0.88636,129580000,1
1412836980000,1412837039000,0.88637,0.88693,0.88634,0.88691,135350000,1
1412837040000,1412837099000,0.88694,0.88726,0.88693,0.88702,158160000,1
1412837100000,1412837159000,0.88703,0.88752,0.88703,0.88739,148960000,1
1412837160000,1412837219000,0.88739,0.88764,0.88734,0.88743,135320000,1
1412837220000,1412837279000,0.88743,0.88782,0.88733,0.88782,112010000,1
1412837280000,1412837339000,0.88782,0.88782,0.88751,0.88777,74780000,1
1412837340000,1412837399000,0.88778,0.88804,0.88769,0.88804,104290000,1
1412837400000,1412837459000,0.88803,0.88809,0.88792,0.88809,126500000,1
1412837460000,1412837519000,0.8881,0.88841,0.88808,0.88808,158220000,1
1412837520000,1412837579000,0.88804,0.88831,0.88793,0.88824,137060000,1
1412837580000,1412837639000,0.88823,0.88829,0.88791,0.88794,82340000,1
1412837640000,1412837699000,0.88794,0.88801,0.88773,0.88773,73850000,1
1412837700000,1412837759000,0.88773,0.88799,0.88773,0.88792,70530000,1
1412837760000,1412837819000,0.88792,0.88794,0.88771,0.88781,80950000,1
1412837820000,1412837879000,0.88779,0.88801,0.88777,0.88783,91000000,1
1412837880000,1412837939000,0.88783,0.88783,0.8877,0.88776,80770000,1
1412837940000,1412837999000,0.88777,0.88807,0.88777,0.88806,154090000,1
1412838000000,1412838059000,0.88806,0.88839,0.88805,0.8882,164140000,1
1412838060000,1412838119000,0.8882,0.88826,0.888,0.88818,209650000,1
1412838120000,1412838179000,0.88818,0.88818,0.88799,0.88802,165970000,1
1412838180000,1412838239000,0.88802,0.88848,0.88798,0.88846,188760000,1
1412838240000,1412838299000,0.88846,0.88846,0.88793,0.88793,121340000,1
1412838300000,1412838359000,0.88794,0.88801,0.88785,0.88787,114160000,1
1412838360000,1412838419000,0.88787,0.88789,0.88758,0.88758,150620000,1
1412838420000,1412838479000,0.88758,0.88786,0.88756,0.88771,180650000,1
1412838480000,1412838539000,0.88772,0.88823,0.8877,0.88823,193880000,1
1412838540000,1412838599000,0.88822,0.88832,0.88797,0.888,163740000,1
1412838600000,1412838659000,0.888,0.888,0.88763,0.88764,151080000,1
1412838660000,1412838719000,0.88764,0.88783,0.88752,0.88781,158810000,1
1412838720000,1412838779000,0.88784,0.8879,0.8877,0.88782,129810000,1
1412838780000,1412838839000,0.88782,0.88782,0.88756,0.88776,78740000,1
1412838840000,1412838899000,0.88777,0.888,0.88774,0.88787,124210000,1
1412838900000,1412838959000,0.88787,0.8881,0.88785,0.88796,93290000,1
1412838960000,1412839019000,0.88799,0.88801,0.88784,0.88793,68350000,1
1412839020000,1412839079000,0.88793,0.8881,0.88793,0.88804,81690000,1
1412839080000,1412839139000,0.88802,0.88802,0.88786,0.88786,72680000,1
1412839140000,1412839199000,0.88787,0.88793,0.8875,0.88755,76860000,1
1412839200000,1412839259000,0.88755,0.88779,0.88755,0.8877,122430000,1
1412839260000,1412839319000,0.88774,0.88779,0.88754,0.88762,96190000,1
1412839320000,1412839379000,0.88762,0.88769,0.88753,0.88757,104950000,1
1412839380000,1412839439000,0.88756,0.8879,0.88756,0.88772,118360000,1
1412839440000,1412839499000,0.88776,0.88792,0.88774,0.88782,65330000,1
1412839500000,1412839559000,0.88781,0.88802,0.88781,0.88798,126290000,1
1412839560000,1412839619000,0.88798,0.88815,0.88798,0.88805,79430000,1
1412839620000,1412839679000,0.88805,0.88826,0.88804,0.88813,74650000,1
1412839680000,1412839739000,0.88812,0.88819,0.888,0.88802,71670000,1
1412839740000,1412839799000,0.888,0.8881,0.88798,0.888,66170000,1
1412839800000,1412839859000,0.88801,0.88805,0.88794,0.88794,72260000,1
1412839860000,1412839919000,0.88796,0.88803,0.88784,0.88784,125470000,1
1412839920000,1412839979000,0.88784,0.88817,0.88782,0.88817,72610000,1
1412839980000,1412840039000,0.88817,0.88838,0.88811,0.88818,105410000,1
1412840040000,1412840099000,0.88818,0.88821,0.88813,0.88817,77210000,1
1412840100000,1412840159000,0.88817,0.88823,0.88804,0.88823,102060000,1
1412840160000,1412840219000,0.88824,0.88841,0.88822,0.88833,89660000,1
1412840220000,1412840279000,0.88833,0.88841,0.88829,0.88833,50930000,1
1412840280000,1412840339000,0.88831,0.88841,0.88819,0.88838,85830000,1
1412840340000,1412840399000,0.88838,0.88847,0.88817,0.88818,125810000,1
1412840400000,1412840459000,0.88818,0.88831,0.88799,0.88804,112470000,1
1412840460000,1412840519000,0.88808,0.88814,0.88792,0.88808,103020000,1
1412840520000,1412840579000,0.88809,0.88834,0.88809,0.88823,154330000,1
1412840580000,1412840639000,0.88822,0.88831,0.88821,0.88822,85490000,1
1412840640000,1412840699000,0.8882,0.8882,0.88793,0.88798,128760000,1
1412840700000,1412840759000,0.88799,0.88829,0.88798,0.88802,107630000,1
1412840760000,1412840819000,0.88802,0.88809,0.88783,0.88804,109620000,1
1412840820000,1412840879000,0.88804,0.88834,0.88804,0.88832,70260000,1
1412840880000,1412840939000,0.88833,0.88873,0.88818,0.8887,141480000,1
1412840940000,1412840999000,0.88868,0.88872,0.8885,0.88863,152810000,1
1412841000000,1412841059000,0.88863,0.88867,0.88844,0.88845,113250000,1
1412841060000,1412841119000,0.88845,0.88862,0.88833,0.88862,85110000,1
1412841120000,1412841179000,0.88862,0.889,0.88862,0.88896,197690000,1
1412841180000,1412841239000,0.88897,0.88918,0.88867,0.88912,227930000,1
1412841240000,1412841299000,0.88912,0.88912,0.8887,0.8889,141010000,1
1412841300000,1412841359000,0.8889,0.88909,0.88881,0.88904,154270000,1
1412841360000,1412841419000,0.88903,0.88917,0.88903,0.88917,77690000,1
1412841420000,1412841479000,0.88917,0.88937,0.88917,0.88937,84070000,1
1412841480000,1412841539000,0.88937,0.88942,0.88928,0.88938,136000000,1
1412841540000,1412841599000,0.88938,0.88943,0.88914,0.88915,88860000,1
1412841600000,1412841659000,0.88915,0.88941,0.88913,0.88934,101060000,1
1412841660000,1412841719000,0.88934,0.88964,0.88932,0.88962,131290000,1
1412841720000,1412841779000,0.8896,0.88976,0.88958,0.88972,142980000,1
1412841780000,1412841839000,0.88974,0.88982,0.88966,0.88971,90820000,1
1412841840000,1412841899000,0.8897,0.8897,0.88926,0.88926,108950000,1
1412841900000,1412841959000,0.88926,0.88927,0.88916,0.88919,106820000,1
1412841960000,1412842019000,0.88919,0.88926,0.88882,0.88882,133560000,1
1412842020000,1412842079000,0.88883,0.88883,0.8887,0.88877,87930000,1
1412842080000,1412842139000,0.88877,0.88891,0.8886,0.88861,93490000,1
1412842140000,1412842199000,0.88861,0.88869,0.88853,0.88869,87950000,1
1412842200000,1412842259000,0.88869,0.8887,0.88857,0.88862,89580000,1
1412842260000,1412842319000,0.88862,0.88862,0.88813,0.88822,94800000,1
1412842320000,1412842379000,0.88823,0.88843,0.88804,0.88811,148490000,1
1412842380000,1412842439000,0.88811,0.88811,0.88791,0.88792,102650000,1
1412842440000,1412842499000,0.88792,0.88834,0.88792,0.88832,86370000,1
1412842500000,1412842559000,0.88833,0.88834,0.88822,0.88823,82230000,1
1412842560000,1412842619000,0.88823,0.88843,0.88823,0.88842,64100000,1
1412842620000,1412842679000,0.88842,0.88861,0.88838,0.88853,64830000,1
1412842680000,1412842739000,0.88853,0.88882,0.88845,0.88881,112680000,1
1412842740000,1412842799000,0.88881,0.88889,0.88855,0.88858,124510000,1
1412842800000,1412842859000,0.88856,0.88861,0.88836,0.88847,130670000,1
1412842860000,1412842919000,0.88844,0.8885,0.88828,0.88834,112250000,1
1412842920000,1412842979000,0.88834,0.88834,0.88812,0.8882,88770000,1
1412842980000,1412843039000,0.88822,0.8884,0.88804,0.88808,57520000,1
1412843040000,1412843099000,0.88809,0.88839,0.88809,0.88833,53050000,1
1412843100000,1412843159000,0.88833,0.88842,0.8882,0.88831,105700000,1
1412843160000,1412843219000,0.88831,0.88831,0.88822,0.88822,67590000,1
1412843220000,1412843279000,0.88822,0.88832,0.88812,0.8882,53930000,1
1412843280000,1412843339000,0.88819,0.88819,0.88811,0.88814,89230000,1
1412843340000,1412843399000,0.88814,0.88833,0.88814,0.88831,109480000,1
1412843400000,1412843459000,0.88832,0.88834,0.88823,0.88829,30880000,1
1412843460000,1412843519000,0.8883,0.88832,0.88799,0.88805,101650000,1
1412843520000,1412843579000,0.88805,0.88823,0.88805,0.88813,95890000,1
1412843580000,1412843639000,0.88813,0.88813,0.88785,0.88785,62640000,1
1412843640000,1412843699000,0.88785,0.88792,0.88781,0.88782,70330000,1
1412843700000,1412843759000,0.88782,0.88792,0.88782,0.88785,95740000,1
1412843760000,1412843819000,0.88785,0.8879,0.88782,0.88784,45530000,1
1412843820000,1412843879000,0.88784,0.8879,0.88774,0.88774,54250000,1
1412843880000,1412843939000,0.88773,0.88773,0.88751,0.88752,56550000,1
1412843940000,1412843999000,0.88752,0.88763,0.88752,0.88762,29500000,1
1412844000000,1412844059000,0.88762,0.88769,0.88746,0.88754,42140000,1
1412844060000,1412844119000,0.88754,0.88762,0.88747,0.88761,51260000,1
1412844120000,1412844179000,0.88762,0.88762,0.88754,0.88761,65540000,1
1412844180000,1412844239000,0.88764,0.88772,0.88736,0.88736,83290000,1
1412844240000,1412844299000,0.88736,0.88741,0.88712,0.88712,86560000,1
1412844300000,1412844359000,0.88712,0.88739,0.8871,0.88733,68810000,1
1412844360000,1412844419000,0.88733,0.88748,0.88733,0.88741,51910000,1
1412844420000,1412844479000,0.88739,0.88739,0.88725,0.88725,51090000,1
1412844480000,1412844539000,0.88725,0.8874,0.88712,0.88739,84590000,1
1412844540000,1412844599000,0.88737,0.88761,0.88722,0.88752,91520000,1
1412844600000,1412844659000,0.88752,0.88752,0.88734,0.88751,66480000,1
1412844660000,1412844719000,0.88751,0.88751,0.88743,0.88743,44340000,1
1412844720000,1412844779000,0.88743,0.88743,0.88732,0.88735,55870000,1
1412844780000,1412844839000,0.88735,0.88735,0.88722,0.88722,59210000,1
1412844840000,1412844899000,0.8872,0.8872,0.88709,0.88714,39090000,1
1412844900000,1412844959000,0.88715,0.88722,0.8871,0.88722,41010000,1
1412844960000,1412845019000,0.88722,0.88722,0.88714,0.88716,60050000,1
1412845020000,1412845079000,0.88716,0.8872,0.88712,0.88715,51490000,1
1412845080000,1412845139000,0.88714,0.88715,0.88694,0.88697,57300000,1
1412845140000,1412845199000,0.88697,0.88707,0.8864,0.88659,173360000,1
1412845200000,1412845259000,0.88659,0.88673,0.88654,0.88663,98150000,1
1412845260000,1412845319000,0.88661,0.88661,0.88647,0.8865,88480000,1
1412845320000,1412845379000,0.8865,0.88661,0.88644,0.8866,75410000,1
1412845380000,1412845439000,0.8866,0.88676,0.88658,0.88676,112240000,1
1412845440000,1412845499000,0.88678,0.88687,0.88671,0.88681,78260000,1
1412845500000,1412845559000,0.88682,0.88688,0.88673,0.88673,59160000,1
1412845560000,1412845619000,0.88673,0.88688,0.88672,0.88677,72830000,1
1412845620000,1412845679000,0.88679,0.88699,0.88679,0.88693,97560000,1
1412845680000,1412845739000,0.88694,0.88717,0.88692,0.88712,77120000,1
1412845740000,1412845799000,0.88712,0.88723,0.88701,0.88718,100580000,1
1412845800000,1412845859000,0.88718,0.88724,0.88712,0.88722,64040000,1
1412845860000,1412845919000,0.88723,0.88732,0.88712,0.88732,56620000,1
1412845920000,1412845979000,0.88733,0.88737,0.88724,0.88724,37670000,1
1412845980000,1412846039000,0.88724,0.88724,0.88657,0.88659,107840000,1
1412846040000,1412846099000,0.88659,0.88688,0.88645,0.88665,109710000,1
1412846100000,1412846159000,0.88665,0.88667,0.8865,0.88655,43670000,1
1412846160000,1412846219000,0.88655,0.88662,0.88641,0.88645,102170000,1
1412846220000,1412846279000,0.88645,0.88659,0.88633,0.88647,90800000,1
1412846280000,1412846339000,0.88647,0.8866,0.88647,0.88654,98000000,1
1412846340000,1412846399000,0.88654,0.88662,0.8864,0.88644,51690000,1
1412846400000,1412846459000,0.88644,0.8865,0.88576,0.88579,152310000,1
1412846460000,1412846519000,0.88577,0.88603,0.88576,0.88592,124710000,1
1412846520000,1412846579000,0.88592,0.88612,0.88592,0.88611,90030000,1
1412846580000,1412846639000,0.88611,0.88617,0.88602,0.88602,76050000,1
1412846640000,1412846699000,0.886,0.88621,0.886,0.8862,39540000,1
1412846700000,1412846759000,0.88617,0.88633,0.88612,0.88624,54830000,1
1412846760000,1412846819000,0.88627,0.88643,0.88627,0.88642,32750000,1
1412846820000,1412846879000,0.88642,0.8866,0.8864,0.88641,89220000,1
1412846880000,1412846939000,0.88642,0.88661,0.88641,0.8865,64520000,1
1412846940000,1412846999000,0.8865,0.8867,0.8865,0.88652,75250000,1
1412847000000,1412847059000,0.88652,0.88657,0.88644,0.88651,55740000,1
1412847060000,1412847119000,0.88657,0.88657,0.88638,0.88643,64510000,1
1412847120000,1412847179000,0.88641,0.88664,0.88639,0.88661,78760000,1
1412847180000,1412847239000,0.88661,0.88672,0.88657,0.88672,48830000,1
1412847240000,1412847299000,0.88672,0.88684,0.8867,0.88676,74110000,1
1412847300000,1412847359000,0.88677,0.88701,0.88674,0.88694,76660000,1
1412847360000,1412847419000,0.88694,0.88706,0.88689,0.88694,46670000,1
1412847420000,1412847479000,0.88694,0.88696,0.88684,0.8869,31430000,1
1412847480000,1412847539000,0.88689,0.88703,0.88683,0.88701,36450000,1
1412847540000,1412847599000,0.88701,0.88722,0.88701,0.88722,73160000,1
1412847600000,1412847659000,0.88718,0.88718,0.88703,0.88709,68620000,1
1412847660000,1412847719000,0.88707,0.88711,0.88702,0.88705,61970000,1
1412847720000,1412847779000,0.88705,0.88713,0.88696,0.88704,60790000,1
1412847780000,1412847839000,0.88704,0.88719,0.88696,0.88712,61280000,1
1412847840000,1412847899000,0.88712,0.88716,0.8871,0.88714,39120000,1
1412847900000,1412847959000,0.88713,0.88722,0.88682,0.88688,79730000,1
1412847960000,1412848019000,0.88689,0.88692,0.88686,0.88689,51980000,1
1412848020000,1412848079000,0.88689,0.88699,0.88667,0.8868,88790000,1
1412848080000,1412848139000,0.8868,0.88682,0.88668,0.88672,70030000,1
1412848140000,1412848199000,0.88669,0.88683,0.88665,0.88682,76320000,1
1412848200000,1412848259000,0.88683,0.88688,0.88672,0.88688,117950000,1
1412848260000,1412848319000,0.88689,0.88703,0.88681,0.88682,57760000,1
1412848320000,1412848379000,0.88681,0.88681,0.88675,0.8868,41740000,1
1412848380000,1412848439000,0.88679,0.88679,0.88671,0.88672,38910000,1
1412848440000,1412848499000,0.88671,0.88672,0.88665,0.88669,41850000,1
1412848500000,1412848559000,0.88669,0.88672,0.8866,0.88662,65490000,1
1412848560000,1412848619000,0.88662,0.88664,0.88627,0.88632,101750000,1
1412848620000,1412848679000,0.88631,0.88631,0.8862,0.88621,65200000,1
1412848680000,1412848739000,0.8862,0.8862,0.88607,0.88618,40940000,1
1412848740000,1412848799000,0.88619,0.88641,0.88607,0.88635,98460000,1
1412848800000,1412848859000,0.88634,0.88634,0.88608,0.88617,80730000,1
1412848860000,1412848919000,0.88617,0.88628,0.88617,0.88626,50940000,1
1412848920000,1412848979000,0.88626,0.88628,0.88618,0.88627,46980000,1
1412848980000,1412849039000,0.88627,0.88637,0.88627,0.88629,29900000,1
1412849040000,1412849099000,0.88628,0.88642,0.88628,0.88641,47290000,1
1412849100000,1412849159000,0.88635,0.88641,0.88615,0.88641,68350000,1
1412849160000,1412849219000,0.8864,0.88664,0.88637,0.88653,83580000,1
1412849220000,1412849279000,0.88652,0.88653,0.88645,0.88652,49280000,1
1412849280000,1412849339000,0.88652,0.8866,0.88652,0.8866,52240000,1
1412849340000,1412849399000,0.88659,0.88683,0.88655,0.88683,67480000,1
1412849400000,1412849459000,0.88682,0.88693,0.88682,0.8869,40570000,1
1412849460000,1412849519000,0.88689,0.88716,0.88687,0.88715,71470000,1
1412849520000,1412849579000,0.88716,0.88741,0.88714,0.88721,74790000,1
1412849580000,1412849639000,0.88723,0.88752,0.88723,0.88744,87310000,1
1412849640000,1412849699000,0.88744,0.88764,0.88734,0.88764,43650000,1
1412849700000,1412849759000,0.88764,0.8877,0.88757,0.88764,54090000,1
1412849760000,1412849819000,0.88766,0.88772,0.88753,0.88771,69820000,1
1412849820000,1412849879000,0.88771,0.88793,0.88767,0.88786,56450000,1
1412849880000,1412849939000,0.88787,0.88788,0.88773,0.88774,61450000,1
1412849940000,1412849999000,0.88773,0.88784,0.88762,0.88766,65930000,1
1412850000000,1412850059000,0.88768,0.88773,0.88754,0.88762,82670000,1
1412850060000,1412850119000,0.8876,0.8876,0.88741,0.88749,43450000,1
1412850120000,1412850179000,0.88747,0.88747,0.88725,0.88727,93350000,1
1412850180000,1412850239000,0.88728,0.88742,0.88727,0.8874,70070000,1
1412850240000,1412850299000,0.88742,0.88751,0.88739,0.88742,45110000,1
1412850300000,1412850359000,0.88742,0.8876,0.88738,0.8876,32730000,1
1412850360000,1412850419000,0.88759,0.88771,0.88758,0.88765,41540000,1
1412850420000,1412850479000,0.88767,0.88767,0.88747,0.8875,37530000,1
1412850480000,1412850539000,0.88752,0.88758,0.88743,0.88754,38740000,1
1412850540000,1412850599000,0.88754,0.88758,0.88754,0.88757,27170000,1
1412850600000,1412850659000,0.88757,0.88768,0.88752,0.88767,75610000,1
1412850660000,1412850719000,0.88767,0.88781,0.88767,0.88773,44590000,1
1412850720000,1412850779000,0.88773,0.88778,0.88772,0.88775,34290000,1
1412850780000,1412850839000,0.88775,0.88775,0.88756,0.88761,44040000,1
1412850840000,1412850899000,0.88761,0.88771,0.88748,0.88771,72560000,1
1412850900000,1412850959000,0.88771,0.88781,0.88762,0.88767,118090000,1
1412850960000,1412851019000,0.88767,0.88767,0.88747,0.88757,34570000,1
1412851020000,1412851079000,0.88757,0.88804,0.88757,0.88803,115730000,1
1412851080000,1412851139000,0.88802,0.88803,0.88791,0.88791,23480000,1
1412851140000,1412851199000,0.88792,0.88801,0.88792,0.88801,29690000,1
1412851200000,1412851259000,0.88801,0.8882,0.88801,0.88812,49130000,1
1412851260000,1412851319000,0.88812,0.88812,0.88793,0.88803,64740000,1
1412851320000,1412851379000,0.88801,0.88803,0.88783,0.88784,36540000,1
1412851380000,1412851439000,0.88784,0.8879,0.88784,0.88787,29390000,1
1412851440000,1412851499000,0.88787,0.88791,0.88782,0.88789,69810000,1
1412851500000,1412851559000,0.88787,0.88788,0.88762,0.88768,77030000,1
1412851560000,1412851619000,0.88768,0.88771,0.88763,0.88763,36470000,1
1412851620000,1412851679000,0.88763,0.88771,0.88759,0.88763,36190000,1
1412851680000,1412851739000,0.88762,0.88767,0.88748,0.88766,63890000,1
1412851740000,1412851799000,0.88766,0.88768,0.88757,0.88766,76280000,1
1412851800000,1412851859000,0.88766,0.88767,0.88763,0.88765,43130000,1
1412851860000,1412851919000,0.88764,0.88778,0.88764,0.88777,34260000,1
1412851920000,1412851979000,0.88776,0.88793,0.88769,0.88791,85460000,1
1412851980000,1412852039000,0.88791,0.88791,0.8878,0.8878,15500000,1
1412852040000,1412852099000,0.8878,0.8878,0.88766,0.8878,72330000,1
1412852100000,1412852159000,0.8878,0.8878,0.88777,0.88779,22750000,1
1412852160000,1412852219000,0.88778,0.88804,0.88777,0.888,43900000,1
1412852220000,1412852279000,0.888,0.88809,0.88795,0.88802,84300000,1
1412852280000,1412852339000,0.88802,0.88802,0.88794,0.88801,77050000,1
1412852340000,1412852399000,0.88801,0.88823,0.88801,0.88818,29770000,1
1412852400000,1412852459000,0.88819,0.88819,0.88789,0.88791,63320000,1
1412852460000,1412852519000,0.88792,0.888,0.88789,0.888,65070000,1
1412852520000,1412852579000,0.88801,0.88826,0.88799,0.88823,118450000,1
1412852580000,1412852639000,0.88824,0.88858,0.88824,0.88842,91580000,1
1412852640000,1412852699000,0.88844,0.88848,0.88839,0.88843,60600000,1
1412852700000,1412852759000,0.88841,0.88841,0.88817,0.88821,47350000,1
1412852760000,1412852819000,0.88821,0.88861,0.88821,0.88861,74160000,1
1412852820000,1412852879000,0.88862,0.88873,0.8886,0.88872,71220000,1
1412852880000,1412852939000,0.88873,0.88881,0.88864,0.88865,61150000,1
1412852940000,1412852999000,0.88864,0.88864,0.8885,0.88858,43990000,1
1412853000000,1412853059000,0.88857,0.88869,0.88832,0.88832,83860000,1
1412853060000,1412853119000,0.88835,0.88835,0.88821,0.8883,84350000,1
1412853120000,1412853179000,0.88828,0.88828,0.88807,0.88817,58810000,1
1412853180000,1412853239000,0.88816,0.88864,0.88816,0.88864,90420000,1
1412853240000,1412853299000,0.88862,0.88862,0.88824,0.88828,96620000,1
1412853300000,1412853359000,0.88827,0.88827,0.88805,0.88822,94290000,1
1412853360000,1412853419000,0.88823,0.88823,0.88812,0.88813,49210000,1
1412853420000,1412853479000,0.88812,0.88812,0.88781,0.888,86870000,1
1412853480000,1412853539000,0.888,0.888,0.88784,0.88784,67330000,1
1412853540000,1412853599000,0.88784,0.88784,0.88763,0.88769,91310000,1
1412853600000,1412853659000,0.8877,0.8878,0.88765,0.88773,73930000,1
1412853660000,1412853719000,0.8877,0.88801,0.88767,0.88801,76890000,1
1412853720000,1412853779000,0.88802,0.88816,0.88802,0.88803,76800000,1
1412853780000,1412853839000,0.88802,0.88808,0.88793,0.88805,67720000,1
1412853840000,1412853899000,0.88805,0.88822,0.88803,0.88821,64040000,1
1412853900000,1412853959000,0.88821,0.8883,0.88814,0.88814,46030000,1
1412853960000,1412854019000,0.88812,0.88812,0.88804,0.88804,30400000,1
1412854020000,1412854079000,0.88805,0.88812,0.88788,0.88788,36360000,1
1412854080000,1412854139000,0.88788,0.88788,0.8875,0.88755,88270000,1
1412854140000,1412854199000,0.88754,0.88761,0.88751,0.88753,30320000,1
1412854200000,1412854259000,0.88753,0.8876,0.88751,0.8876,36220000,1
1412854260000,1412854319000,0.8876,0.88761,0.88728,0.8873,76240000,1
1412854320000,1412854379000,0.88731,0.88752,0.88731,0.88741,64880000,1
1412854380000,1412854439000,0.88741,0.8876,0.88741,0.88759,48690000,1
1412854440000,1412854499000,0.88758,0.8876,0.88744,0.88757,54070000,1
1412854500000,1412854559000,0.88757,0.88757,0.88751,0.88752,10500000,1
1412854560000,1412854619000,0.88755,0.88761,0.88755,0.8876,18850000,1
1412854620000,1412854679000,0.88758,0.88758,0.88751,0.88751,24950000,1
1412854680000,1412854739000,0.88751,0.88751,0.88748,0.88751,42050000,1
1412854740000,1412854799000,0.88751,0.88769,0.8875,0.88769,24320000,1
1412854800000,1412854859000,0.88767,0.88789,0.88765,0.88789,49770000,1
1412854860000,1412854919000,0.88791,0.88806,0.88791,0.88803,88430000,1
1412854920000,1412854979000,0.88803,0.8881,0.88784,0.8881,67810000,1
1412854980000,1412855039000,0.8881,0.88827,0.8881,0.8882,69370000,1
1412855040000,1412855099000,0.88822,0.8884,0.88811,0.88811,92430000,1
1412855100000,1412855159000,0.8881,0.88813,0.88796,0.88798,60240000,1
1412855160000,1412855219000,0.88795,0.88806,0.88772,0.88779,130290000,1
1412855220000,1412855279000,0.88779,0.88788,0.88755,0.8876,83840000,1
1412855280000,1412855339000,0.8876,0.88761,0.88743,0.88743,72340000,1
1412855340000,1412855399000,0.88741,0.8876,0.88732,0.88759,79120000,1
1412855400000,1412855459000,0.8876,0.88763,0.8875,0.88761,67890000,1
1412855460000,1412855519000,0.88757,0.88758,0.88736,0.88737,79210000,1
1412855520000,1412855579000,0.88739,0.88745,0.88706,0.88715,97690000,1
1412855580000,1412855639000,0.88714,0.88714,0.887,0.8871,57340000,1
1412855640000,1412855699000,0.88711,0.8872,0.88704,0.88718,79280000,1
1412855700000,1412855759000,0.88717,0.8872,0.88693,0.8872,85080000,1
1412855760000,1412855819000,0.88715,0.88719,0.88701,0.88705,39990000,1
1412855820000,1412855879000,0.88701,0.88704,0.88693,0.88702,38560000,1
1412855880000,1412855939000,0.88703,0.88704,0.88672,0.88672,35850000,1
1412855940000,1412855999000,0.88671,0.88681,0.88648,0.88649,95280000,1
1412856000000,1412856059000,0.88648,0.88669,0.88645,0.88663,82390000,1
1412856060000,1412856119000,0.88663,0.88664,0.88645,0.88658,75390000,1
1412856120000,1412856179000,0.88658,0.88671,0.88652,0.8867,87340000,1
1412856180000,1412856239000,0.88671,0.88695,0.88671,0.88672,81530000,1
1412856240000,1412856299000,0.88672,0.88681,0.88656,0.8867,105150000,1
1412856300000,1412856359000,0.88671,0.88671,0.88648,0.8866,65890000,1
1412856360000,1412856419000,0.88662,0.88662,0.88645,0.88654,35470000,1
1412856420000,1412856479000,0.88654,0.88669,0.88651,0.88669,60900000,1
1412856480000,1412856539000,0.88669,0.88671,0.88652,0.88661,41010000,1
1412856540000,1412856599000,0.88661,0.88661,0.88632,0.8864,66800000,1
1412856600000,1412856659000,0.88641,0.88648,0.88623,0.88623,74690000,1
1412856660000,1412856719000,0.88623,0.88627,0.88616,0.88617,69230000,1
1412856720000,1412856779000,0.88617,0.8862,0.88603,0.8861,127830000,1
1412856780000,1412856839000,0.8861,0.8861,0.88579,0.88581,53030000,1
1412856840000,1412856899000,0.88582,0.88601,0.88577,0.8858,78320000,1
1412856900000,1412856959000,0.8858,0.88602,0.8858,0.8859,81640000,1
1412856960000,1412857019000,0.88589,0.8859,0.88559,0.88563,74450000,1
1412857020000,1412857079000,0.88557,0.8859,0.88551,0.88579,126260000,1
1412857080000,1412857139000,0.88579,0.8858,0.8852,0.8852,108210000,1
1412857140000,1412857199000,0.88523,0.88547,0.88521,0.88531,139550000,1
1412857200000,1412857259000,0.88531,0.88531,0.88479,0.88487,146780000,1
1412857260000,1412857319000,0.88487,0.88497,0.88481,0.88491,90060000,1
1412857320000,1412857379000,0.8849,0.8849,0.88462,0.88471,103190000,1
1412857380000,1412857439000,0.88472,0.88482,0.88472,0.88475,100570000,1
1412857440000,1412857499000,0.88475,0.88477,0.88467,0.88469,93400000,1
1412857500000,1412857559000,0.8847,0.88483,0.8847,0.88479,77060000,1
1412857560000,1412857619000,0.88479,0.88486,0.88477,0.88483,43280000,1
1412857620000,1412857679000,0.88483,0.88483,0.88457,0.88466,67530000,1
1412857680000,1412857739000,0.88468,0.8847,0.88463,0.8847,41010000,1
1412857740000,1412857799000,0.88469,0.8848,0.88427,0.88427,154470000,1
1412857800000,1412857859000,0.88427,0.88434,0.88377,0.88414,166030000,1
1412857860000,1412857919000,0.88415,0.88472,0.88415,0.88462,185690000,1
1412857920000,1412857979000,0.88463,0.88468,0.88422,0.88425,122660000,1
1412857980000,1412858039000,0.88428,0.8844,0.88392,0.88402,159170000,1
1412858040000,1412858099000,0.88403,0.88407,0.88353,0.88361,155480000,1
1412858100000,1412858159000,0.88363,0.88395,0.88352,0.88395,192570000,1
1412858160000,1412858219000,0.88397,0.88434,0.88392,0.8843,150870000,1
1412858220000,1412858279000,0.88432,0.88462,0.88432,0.88441,151580000,1
1412858280000,1412858339000,0.8844,0.88442,0.88417,0.8842,100820000,1
1412858340000,1412858399000,0.8842,0.88429,0.884,0.884,80630000,1
1412858400000,1412858459000,0.884,0.8845,0.884,0.88434,137530000,1
1412858460000,1412858519000,0.88434,0.88434,0.88391,0.88396,94470000,1
1412858520000,1412858579000,0.88397,0.88402,0.88367,0.88367,144770000,1
1412858580000,1412858639000,0.8837,0.8838,0.88352,0.88373,173030000,1
1412858640000,1412858699000,0.88373,0.88376,0.88343,0.88373,156800000,1
1412858700000,1412858759000,0.8837,0.8838,0.88356,0.88358,151510000,1
1412858760000,1412858819000,0.88358,0.88401,0.88353,0.88395,97730000,1
1412858820000,1412858879000,0.88393,0.8841,0.88388,0.8841,82600000,1
1412858880000,1412858939000,0.88411,0.88411,0.88389,0.88402,71420000,1
1412858940000,1412858999000,0.88403,0.88431,0.88395,0.88395,135660000,1
1412859000000,1412859059000,0.88395,0.88416,0.88395,0.88403,138230000,1
1412859060000,1412859119000,0.88402,0.88422,0.88392,0.88402,88760000,1
1412859120000,1412859179000,0.88402,0.8842,0.88401,0.88401,67060000,1
1412859180000,1412859239000,0.88401,0.88416,0.88392,0.88406,107720000,1
1412859240000,1412859299000,0.88404,0.8844,0.88404,0.88438,120500000,1
1412859300000,1412859359000,0.88439,0.88441,0.88433,0.8844,83850000,1
1412859360000,1412859419000,0.88441,0.88468,0.8844,0.88468,110160000,1
1412859420000,1412859479000,0.88467,0.8849,0.88463,0.8848,133180000,1
1412859480000,1412859539000,0.88475,0.8848,0.88453,0.88455,126140000,1
1412859540000,1412859599000,0.88453,0.88462,0.88441,0.88441,56320000,1
1412859600000,1412859659000,0.88441,0.88441,0.88382,0.88389,122960000,1
1412859660000,1412859719000,0.88388,0.88392,0.88373,0.8839,110460000,1
1412859720000,1412859779000,0.88388,0.88403,0.88372,0.88403,78920000,1
1412859780000,1412859839000,0.88404,0.88432,0.88392,0.88402,88870000,1
1412859840000,1412859899000,0.88402,0.88402,0.88374,0.88378,70310000,1
1412859900000,1412859959000,0.88379,0.88424,0.88379,0.88395,106000000,1
1412859960000,1412860019000,0.88398,0.88402,0.88373,0.88377,126180000,1
1412860020000,1412860079000,0.88379,0.88389,0.88358,0.88363,108520000,1
1412860080000,1412860139000,0.88364,0.88381,0.88361,0.88381,47600000,1
1412860140000,1412860199000,0.88381,0.88422,0.88381,0.88383,158590000,1
1412860200000,1412860259000,0.88383,0.88408,0.8837,0.88404,136460000,1
1412860260000,1412860319000,0.88402,0.88412,0.8839,0.88398,118040000,1
1412860320000,1412860379000,0.88398,0.88398,0.88371,0.88373,80620000,1
1412860380000,1412860439000,0.88373,0.88383,0.88361,0.88363,102580000,1
1412860440000,1412860499000,0.88363,0.88371,0.8836,0.88369,69070000,1
1412860500000,1412860559000,0.88372,0.88381,0.88364,0.88371,91320000,1
1412860560000,1412860619000,0.88367,0.8837,0.88351,0.88352,81460000,1
1412860620000,1412860679000,0.88352,0.88357,0.88329,0.88332,60540000,1
1412860680000,1412860739000,0.88332,0.88332,0.88317,0.88321,66050000,1
1412860740000,1412860799000,0.88318,0.88328,0.88291,0.88297,132520000,1
1412860800000,1412860859000,0.88296,0.88299,0.88257,0.8826,188100000,1
1412860860000,1412860919000,0.88263,0.88278,0.88258,0.88271,157230000,1
1412860920000,1412860979000,0.88269,0.88282,0.88249,0.88277,110240000,1
1412860980000,1412861039000,0.8828,0.88301,0.8828,0.88298,110710000,1
1412861040000,1412861099000,0.88298,0.88315,0.88282,0.88301,125750000,1
1412861100000,1412861159000,0.88301,0.88301,0.88263,0.88279,115850000,1
1412861160000,1412861219000,0.88281,0.88311,0.88281,0.88311,104990000,1
1412861220000,1412861279000,0.8831,0.8831,0.88278,0.88301,94320000,1
1412861280000,1412861339000,0.88301,0.88308,0.88296,0.88306,53530000,1
1412861340000,1412861399000,0.88308,0.8831,0.88297,0.88297,55730000,1
1412861400000,1412861459000,0.88297,0.88338,0.88297,0.88336,160350000,1
1412861460000,1412861519000,0.88337,0.8834,0.88321,0.88322,84910000,1
1412861520000,1412861579000,0.88325,0.88365,0.88323,0.88355,127300000,1
1412861580000,1412861639000,0.88352,0.88352,0.88324,0.88337,119650000,1
1412861640000,1412861699000,0.88338,0.88352,0.88333,0.88344,88170000,1
1412861700000,1412861759000,0.88344,0.8836,0.8834,0.88355,80780000,1
1412861760000,1412861819000,0.88355,0.88369,0.88342,0.88369,114840000,1
1412861820000,1412861879000,0.88369,0.8837,0.88362,0.8837,52020000,1
1412861880000,1412861939000,0.88371,0.88393,0.88362,0.88362,129800000,1
1412861940000,1412861999000,0.88362,0.88373,0.88353,0.88372,82560000,1
1412862000000,1412862059000,0.88373,0.88383,0.88372,0.88381,59570000,1
1412862060000,1412862119000,0.88382,0.88404,0.88382,0.88392,56180000,1
1412862120000,1412862179000,0.88391,0.88401,0.88391,0.88395,78600000,1
1412862180000,1412862239000,0.88395,0.88397,0.88388,0.88392,60330000,1
1412862240000,1412862299000,0.88392,0.88393,0.88383,0.88391,68440000,1
1412862300000,1412862359000,0.88392,0.88409,0.88392,0.88405,85970000,1
1412862360000,1412862419000,0.88404,0.88407,0.88394,0.88404,55020000,1
1412862420000,1412862479000,0.88404,0.88413,0.88394,0.88404,71160000,1
1412862480000,1412862539000,0.88405,0.88432,0.88405,0.88432,87300000,1
1412862540000,1412862599000,0.8843,0.88432,0.88424,0.88432,15660000,1
1412862600000,1412862659000,0.8844,0.88481,0.88438,0.88466,110400000,1
1412862660000,1412862719000,0.88466,0.88484,0.88454,0.88483,135710000,1
1412862720000,1412862779000,0.88483,0.88484,0.88461,0.88472,101450000,1
1412862780000,1412862839000,0.88466,0.88475,0.88461,0.88473,94270000,1
1412862840000,1412862899000,0.88472,0.88472,0.88442,0.88444,102980000,1
1412862900000,1412862959000,0.88446,0.88463,0.88443,0.88446,134580000,1
1412862960000,1412863019000,0.88445,0.8845,0.88442,0.88449,73090000,1
1412863020000,1412863079000,0.8845,0.8845,0.88417,0.88437,108710000,1
1412863080000,1412863139000,0.88438,0.88452,0.88437,0.8844,87640000,1
1412863140000,1412863199000,0.88441,0.88441,0.88407,0.88409,116210000,1
1412863200000,1412863259000,0.88409,0.88409,0.88388,0.88388,152910000,1
1412863260000,1412863319000,0.88394,0.88394,0.88373,0.88389,102370000,1
1412863320000,1412863379000,0.88389,0.88392,0.88352,0.88352,113900000,1
1412863380000,1412863439000,0.88354,0.8839,0.88353,0.88354,165270000,1
1412863440000,1412863499000,0.88354,0.88359,0.88343,0.88348,76210000,1
1412863500000,1412863559000,0.88348,0.88363,0.88342,0.88359,116850000,1
1412863560000,1412863619000,0.8836,0.88372,0.8836,0.8837,125470000,1
1412863620000,1412863679000,0.88373,0.88391,0.88371,0.8839,76240000,1
1412863680000,1412863739000,0.88388,0.8841,0.88387,0.88392,109650000,1
1412863740000,1412863799000,0.88392,0.8841,0.88392,0.8841,41930000,1
1412863800000,1412863859000,0.88408,0.88433,0.88403,0.88432,48470000,1
1412863860000,1412863919000,0.88432,0.88438,0.88432,0.88432,40890000,1
1412863920000,1412863979000,0.88429,0.88429,0.88409,0.8842,59360000,1
1412863980000,1412864039000,0.8842,0.88441,0.8842,0.88439,80720000,1
1412864040000,1412864099000,0.8844,0.8844,0.88405,0.88407,68780000,1
1412864100000,1412864159000,0.88407,0.8841,0.88399,0.88404,61890000,1
1412864160000,1412864219000,0.88404,0.88426,0.88404,0.88412,57910000,1
1412864220000,1412864279000,0.88411,0.88423,0.88411,0.88423,21530000,1
1412864280000,1412864339000,0.88422,0.88451,0.88418,0.88449,63260000,1
1412864340000,1412864399000,0.88448,0.88448,0.88423,0.88423,31670000,1
1412864400000,1412864459000,0.88422,0.88422,0.88404,0.88404,52110000,1
1412864460000,1412864519000,0.88404,0.88404,0.88387,0.88399,56840000,1
1412864520000,1412864579000,0.88398,0.88424,0.88397,0.8842,97260000,1
1412864580000,1412864639000,0.88419,0.88452,0.88417,0.88438,133290000,1
1412864640000,1412864699000,0.88437,0.88438,0.88422,0.88423,77310000,1
1412864700000,1412864759000,0.88423,0.88433,0.88413,0.88429,56550000,1
1412864760000,1412864819000,0.88431,0.88432,0.88412,0.88413,69190000,1
1412864820000,1412864879000,0.88413,0.88429,0.88403,0.88414,66830000,1
1412864880000,1412864939000,0.88413,0.88422,0.88412,0.88415,70530000,1
1412864940000,1412864999000,0.88415,0.88415,0.88393,0.88393,74220000,1
1412865000000,1412865059000,0.88393,0.88402,0.88393,0.88395,85620000,1
1412865060000,1412865119000,0.88395,0.88401,0.88369,0.88382,112720000,1
1412865120000,1412865179000,0.88383,0.88394,0.8838,0.88383,74390000,1
1412865180000,1412865239000,0.88383,0.88383,0.88373,0.88374,59540000,1
1412865240000,1412865299000,0.88374,0.88378,0.88366,0.88372,62040000,1
1412865300000,1412865359000,0.88371,0.88378,0.88365,0.88372,80750000,1
1412865360000,1412865419000,0.88372,0.88384,0.88371,0.88376,47960000,1
1412865420000,1412865479000,0.88377,0.88405,0.88377,0.88394,52030000,1
1412865480000,1412865539000,0.88393,0.88395,0.88369,0.88369,76020000,1
1412865540000,1412865599000,0.88364,0.88364,0.8835,0.88351,43690000,1
1412865600000,1412865659000,0.88351,0.88352,0.88297,0.88312,88660000,1
1412865660000,1412865719000,0.88312,0.8832,0.88301,0.88308,74820000,1
1412865720000,1412865779000,0.88308,0.88308,0.88284,0.88284,86340000,1
1412865780000,1412865839000,0.88284,0.88289,0.88268,0.88272,75180000,1
1412865840000,1412865899000,0.88272,0.8829,0.88262,0.88288,85330000,1
1412865900000,1412865959000,0.88289,0.8829,0.88279,0.8829,55460000,1
1412865960000,1412866019000,0.88288,0.8831,0.88282,0.88282,83550000,1
1412866020000,1412866079000,0.88282,0.88282,0.88263,0.88263,53950000,1
1412866080000,1412866139000,0.88267,0.88268,0.8824,0.88245,110700000,1
1412866140000,1412866199000,0.88242,0.88271,0.88242,0.88259,103750000,1
1412866200000,1412866259000,0.88259,0.8827,0.88255,0.88267,86550000,1
1412866260000,1412866319000,0.88268,0.88278,0.88261,0.88278,101180000,1
1412866320000,1412866379000,0.88279,0.88302,0.88279,0.88299,97140000,1
1412866380000,1412866439000,0.88299,0.88314,0.88288,0.88306,72700000,1
1412866440000,1412866499000,0.88305,0.88313,0.8829,0.88294,87240000,1
1412866500000,1412866559000,0.88296,0.88301,0.88291,0.88291,92900000,1
1412866560000,1412866619000,0.88291,0.88291,0.88277,0.88287,62400000,1
1412866620000,1412866679000,0.88289,0.88292,0.88283,0.8829,81190000,1
1412866680000,1412866739000,0.8829,0.883,0.88264,0.88264,128940000,1
1412866740000,1412866799000,0.88261,0.88261,0.88235,0.88242,159800000,1
1412866800000,1412866859000,0.88242,0.88291,0.88241,0.8828,169170000,1
1412866860000,1412866919000,0.88275,0.88279,0.88233,0.88242,118930000,1
1412866920000,1412866979000,0.88243,0.88243,0.88142,0.88146,188680000,1
1412866980000,1412867039000,0.88153,0.88163,0.88142,0.88149,142050000,1
1412867040000,1412867099000,0.88149,0.88157,0.88107,0.88119,154860000,1
1412867100000,1412867159000,0.88119,0.88153,0.88119,0.88153,131450000,1
1412867160000,1412867219000,0.88154,0.88156,0.88093,0.881,115130000,1
1412867220000,1412867279000,0.881,0.881,0.88088,0.88095,97950000,1
1412867280000,1412867339000,0.88092,0.88096,0.8804,0.88041,139860000,1
1412867340000,1412867399000,0.88039,0.88064,0.88035,0.88058,157060000,1
1412867400000,1412867459000,0.88058,0.88058,0.8803,0.88032,121020000,1
1412867460000,1412867519000,0.88031,0.88031,0.8801,0.88011,68780000,1
1412867520000,1412867579000,0.8801,0.88038,0.88006,0.88009,115990000,1
1412867580000,1412867639000,0.8801,0.88018,0.87965,0.87988,157980000,1
1412867640000,1412867699000,0.87987,0.87993,0.87964,0.87991,97920000,1
1412867700000,1412867759000,0.87991,0.87991,0.8795,0.8797,162540000,1
1412867760000,1412867819000,0.87971,0.87997,0.87969,0.87997,123450000,1
1412867820000,1412867879000,0.87998,0.88013,0.87992,0.88001,114800000,1
1412867880000,1412867939000,0.88,0.88027,0.87991,0.88026,110550000,1
1412867940000,1412867999000,0.88025,0.88046,0.88023,0.88031,129000000,1
1412868000000,1412868059000,0.88032,0.88066,0.88032,0.88064,89810000,1
1412868060000,1412868119000,0.88065,0.88065,0.88017,0.88017,94650000,1
1412868120000,1412868179000,0.88017,0.88026,0.87972,0.88003,119530000,1
1412868180000,1412868239000,0.87998,0.8802,0.87975,0.87979,122830000,1
1412868240000,1412868299000,0.87976,0.87979,0.87957,0.87957,74200000,1
1412868300000,1412868359000,0.87957,0.87969,0.87927,0.87969,139400000,1
1412868360000,1412868419000,0.87971,0.87971,0.87927,0.87938,85320000,1
1412868420000,1412868479000,0.87936,0.8796,0.8793,0.8796,103760000,1
1412868480000,1412868539000,0.8796,0.87987,0.87949,0.87986,121580000,1
1412868540000,1412868599000,0.87986,0.87997,0.87964,0.87968,115980000,1
1412868600000,1412868659000,0.87968,0.8798,0.87962,0.87962,89140000,1
1412868660000,1412868719000,0.87962,0.87977,0.87943,0.87945,111560000,1
1412868720000,1412868779000,0.87946,0.87961,0.87946,0.87956,84590000,1
1412868780000,1412868839000,0.87957,0.87984,0.87957,0.87965,74330000,1
1412868840000,1412868899000,0.87964,0.87964,0.87938,0.87942,99670000,1
1412868900000,1412868959000,0.87941,0.87942,0.87927,0.87928,94650000,1
1412868960000,1412869019000,0.87929,0.87941,0.87891,0.87901,124140000,1
1412869020000,1412869079000,0.87901,0.87901,0.87806,0.87845,181090000,1
1412869080000,1412869139000,0.87845,0.87858,0.87827,0.87845,115090000,1
1412869140000,1412869199000,0.87846,0.87886,0.87843,0.87883,155010000,1
1412869200000,1412869259000,0.87882,0.87899,0.8787,0.87896,181900000,1
1412869260000,1412869319000,0.87897,0.87918,0.87895,0.87911,140840000,1
1412869320000,1412869379000,0.87911,0.87929,0.879,0.8792,107110000,1
1412869380000,1412869439000,0.87917,0.87917,0.8789,0.87909,149960000,1
1412869440000,1412869499000,0.8791,0.8794,0.87893,0.87936,121870000,1
1412869500000,1412869559000,0.87934,0.87934,0.87917,0.87928,159570000,1
1412869560000,1412869619000,0.87928,0.87928,0.87899,0.87915,125740000,1
1412869620000,1412869679000,0.87916,0.87958,0.87913,0.87953,165360000,1
1412869680000,1412869739000,0.87953,0.87988,0.87949,0.87979,142090000,1
1412869740000,1412869799000,0.87979,0.87988,0.87967,0.87976,122770000,1
1412869800000,1412869859000,0.87977,0.8801,0.87947,0.87974,121250000,1
1412869860000,1412869919000,0.87974,0.87974,0.87953,0.87962,95630000,1
1412869920000,1412869979000,0.87963,0.87987,0.87887,0.87887,148420000,1
1412869980000,1412870039000,0.87888,0.87906,0.8788,0.87886,156270000,1
1412870040000,1412870099000,0.87886,0.87886,0.87841,0.87841,148360000,1
1412870100000,1412870159000,0.8784,0.87855,0.87735,0.87765,190960000,1
1412870160000,1412870219000,0.87765,0.87785,0.87755,0.87779,175730000,1
1412870220000,1412870279000,0.87782,0.87809,0.87714,0.8776,211620000,1
1412870280000,1412870339000,0.87761,0.8777,0.87686,0.87721,181240000,1
1412870340000,1412870399000,0.87722,0.87783,0.87707,0.87767,164960000,1
1412870400000,1412870459000,0.87767,0.8781,0.87767,0.8781,150620000,1
1412870460000,1412870519000,0.87809,0.87809,0.8774,0.8776,186790000,1
1412870520000,1412870579000,0.87757,0.87779,0.87712,0.87725,187400000,1
1412870580000,1412870639000,0.87726,0.87728,0.87696,0.87708,126510000,1
1412870640000,1412870699000,0.87709,0.87741,0.87692,0.87732,171540000,1
1412870700000,1412870759000,0.87731,0.87747,0.87707,0.87747,162160000,1
1412870760000,1412870819000,0.87745,0.87809,0.87738,0.87807,137630000,1
1412870820000,1412870879000,0.87808,0.87813,0.87788,0.87788,80010000,1
1412870880000,1412870939000,0.87789,0.87819,0.87787,0.87793,138260000,1
1412870940000,1412870999000,0.87796,0.87827,0.87795,0.87798,117060000,1
1412871000000,1412871059000,0.87798,0.87807,0.8778,0.87787,85310000,1
1412871060000,1412871119000,0.87787,0.878,0.87764,0.87789,141000000,1
1412871120000,1412871179000,0.87793,0.87798,0.87747,0.87752,112670000,1
1412871180000,1412871239000,0.87752,0.87786,0.87748,0.87776,95520000,1
1412871240000,1412871299000,0.87778,0.87784,0.87728,0.87728,85140000,1
1412871300000,1412871359000,0.87728,0.87737,0.8772,0.87729,149050000,1
1412871360000,1412871419000,0.87729,0.87739,0.87693,0.877,133500000,1
1412871420000,1412871479000,0.877,0.87716,0.87687,0.87708,117650000,1
1412871480000,1412871539000,0.87708,0.87758,0.87708,0.87744,110140000,1
1412871540000,1412871599000,0.87744,0.87746,0.87698,0.87717,118190000,1
1412871600000,1412871659000,0.87717,0.87757,0.87708,0.87755,119140000,1
1412871660000,1412871719000,0.87755,0.87778,0.87755,0.87777,45380000,1
1412871720000,1412871779000,0.87777,0.87808,0.87766,0.87807,102890000,1
1412871780000,1412871839000,0.87804,0.87805,0.87769,0.87787,124320000,1
1412871840000,1412871899000,0.87787,0.87795,0.87768,0.87778,161640000,1
1412871900000,1412871959000,0.87777,0.87808,0.87757,0.87779,164690000,1
1412871960000,1412872019000,0.87777,0.87798,0.87775,0.87789,126470000,1
1412872020000,1412872079000,0.87789,0.87828,0.87789,0.878,159410000,1
1412872080000,1412872139000,0.878,0.87847,0.87782,0.87828,160710000,1
1412872140000,1412872199000,0.87828,0.87828,0.87766,0.87773,128930000,1
1412872200000,1412872259000,0.87776,0.8779,0.87757,0.87757,79790000,1
1412872260000,1412872319000,0.87761,0.87797,0.87761,0.87797,64750000,1
1412872320000,1412872379000,0.87795,0.87813,0.87777,0.87788,124990000,1
1412872380000,1412872439000,0.87788,0.87788,0.87756,0.87766,101970000,1
1412872440000,1412872499000,0.87766,0.87766,0.87712,0.87729,83320000,1
1412872500000,1412872559000,0.87729,0.87738,0.87725,0.87729,56850000,1
1412872560000,1412872619000,0.8773,0.8777,0.8773,0.87769,99240000,1
1412872620000,1412872679000,0.87769,0.8778,0.87747,0.87747,131400000,1
1412872680000,1412872739000,0.87746,0.87788,0.8774,0.87785,157520000,1
1412872740000,1412872799000,0.87784,0.87784,0.87735,0.87749,179920000,1
1412872800000,1412872859000,0.87749,0.87759,0.87727,0.87734,61210000,1
1412872860000,1412872919000,0.87735,0.87744,0.87719,0.87741,126220000,1
1412872920000,1412872979000,0.8774,0.8774,0.87716,0.87721,54400000,1
1412872980000,1412873039000,0.87723,0.8773,0.8771,0.87728,99640000,1
1412873040000,1412873099000,0.87729,0.87736,0.87723,0.87724,62860000,1
1412873100000,1412873159000,0.87723,0.87737,0.8771,0.87717,117710000,1
1412873160000,1412873219000,0.87717,0.87738,0.8771,0.87712,63920000,1
1412873220000,1412873279000,0.87712,0.87746,0.87707,0.87715,116170000,1
1412873280000,1412873339000,0.87717,0.87737,0.87717,0.87723,104230000,1
1412873340000,1412873399000,0.8772,0.87778,0.87717,0.87777,72270000,1
1412873400000,1412873459000,0.87776,0.87787,0.87762,0.87777,86830000,1
1412873460000,1412873519000,0.87777,0.8779,0.87767,0.8777,54060000,1
1412873520000,1412873579000,0.87771,0.87798,0.87771,0.87797,70300000,1
1412873580000,1412873639000,0.87797,0.87828,0.87788,0.87817,69820000,1
1412873640000,1412873699000,0.87814,0.87877,0.87797,0.87857,160010000,1
1412873700000,1412873759000,0.87854,0.87855,0.87814,0.87814,111350000,1
1412873760000,1412873819000,0.87814,0.87825,0.87805,0.87825,32970000,1
1412873820000,1412873879000,0.87828,0.87846,0.87824,0.87839,85140000,1
1412873880000,1412873939000,0.8784,0.8787,0.8784,0.87858,99730000,1
1412873940000,1412873999000,0.87858,0.87877,0.87848,0.8785,92990000,1
1412874000000,1412874059000,0.87849,0.87866,0.87849,0.87854,48380000,1
1412874060000,1412874119000,0.87854,0.87858,0.87832,0.87835,57470000,1
1412874120000,1412874179000,0.87835,0.87837,0.87807,0.87815,69260000,1
1412874180000,1412874239000,0.87816,0.87823,0.8781,0.87817,45900000,1
1412874240000,1412874299000,0.87817,0.87866,0.87817,0.87856,103910000,1
1412874300000,1412874359000,0.87855,0.87861,0.87834,0.87843,89590000,1
1412874360000,1412874419000,0.87841,0.87876,0.87837,0.87876,122520000,1
1412874420000,1412874479000,0.87879,0.87931,0.87879,0.87917,119740000,1
1412874480000,1412874539000,0.87917,0.87925,0.879,0.87914,110160000,1
1412874540000,1412874599000,0.87917,0.87918,0.87897,0.87913,104220000,1
1412874600000,1412874659000,0.87913,0.87932,0.87904,0.87911,144000000,1
1412874660000,1412874719000,0.8791,0.87915,0.87874,0.87874,128590000,1
1412874720000,1412874779000,0.87877,0.87878,0.87854,0.87856,89350000,1
1412874780000,1412874839000,0.87854,0.87866,0.87847,0.87856,60910000,1
1412874840000,1412874899000,0.87856,0.87856,0.8783,0.87844,115020000,1
1412874900000,1412874959000,0.87844,0.87886,0.87837,0.87879,127060000,1
1412874960000,1412875019000,0.87884,0.87917,0.87877,0.87906,80450000,1
1412875020000,1412875079000,0.87905,0.87921,0.87892,0.87904,119170000,1
1412875080000,1412875139000,0.87904,0.87926,0.87891,0.87926,131740000,1
1412875140000,1412875199000,0.87922,0.87925,0.87897,0.87897,74170000,1
1412875200000,1412875259000,0.87897,0.87906,0.87864,0.87866,93380000,1
1412875260000,1412875319000,0.87866,0.87878,0.8786,0.87861,47260000,1
1412875320000,1412875379000,0.8786,0.87864,0.87851,0.87855,80090000,1
1412875380000,1412875439000,0.87855,0.87861,0.87845,0.87847,72500000,1
1412875440000,1412875499000,0.87848,0.87866,0.87847,0.87866,108080000,1
1412875500000,1412875559000,0.87866,0.87874,0.87852,0.87856,78130000,1
1412875560000,1412875619000,0.87856,0.87867,0.8784,0.87847,92280000,1
1412875620000,1412875679000,0.87847,0.87852,0.87835,0.87835,35310000,1
1412875680000,1412875739000,0.87835,0.87846,0.87822,0.87837,68530000,1
1412875740000,1412875799000,0.87837,0.87837,0.87835,0.87837,20000000,1
1412875800000,1412875859000,0.87837,0.87846,0.87837,0.87838,15720000,1
1412875860000,1412875919000,0.87838,0.87857,0.87831,0.87856,62930000,1
1412875920000,1412875979000,0.87856,0.87858,0.87847,0.87858,24450000,1
1412875980000,1412876039000,0.87858,0.87867,0.87858,0.87863,80030000,1
1412876040000,1412876099000,0.87863,0.87867,0.87838,0.8784,94820000,1
1412876100000,1412876159000,0.87838,0.87848,0.87819,0.87823,75200000,1
1412876160000,1412876219000,0.87824,0.87833,0.87797,0.87808,98950000,1
1412876220000,1412876279000,0.87807,0.87822,0.87795,0.87822,68410000,1
1412876280000,1412876339000,0.87824,0.87837,0.87822,0.87823,38590000,1
1412876340000,1412876399000,0.87824,0.87826,0.87803,0.87815,101980000,1
1412876400000,1412876459000,0.87816,0.87825,0.87802,0.87813,55300000,1
1412876460000,1412876519000,0.87813,0.87826,0.87813,0.87826,54750000,1
1412876520000,1412876579000,0.87826,0.87837,0.87826,0.87836,32430000,1
1412876580000,1412876639000,0.87836,0.87856,0.87836,0.87856,35220000,1
1412876640000,1412876699000,0.87859,0.87865,0.87838,0.87838,30560000,1
1412876700000,1412876759000,0.8784,0.87847,0.87836,0.87836,33860000,1
1412876760000,1412876819000,0.87836,0.87837,0.87827,0.87827,64420000,1
1412876820000,1412876879000,0.87827,0.87828,0.87816,0.87826,57150000,1
1412876880000,1412876939000,0.87827,0.87847,0.87827,0.87827,55700000,1
1412876940000,1412876999000,0.87827,0.87831,0.87819,0.87822,46470000,1
1412877000000,1412877059000,0.87823,0.87825,0.87814,0.87816,40770000,1
1412877060000,1412877119000,0.87817,0.87835,0.87817,0.87832,89050000,1
1412877120000,1412877179000,0.8783,0.87831,0.87817,0.87818,63970000,1
1412877180000,1412877239000,0.87818,0.87838,0.87818,0.87837,47810000,1
1412877240000,1412877299000,0.87837,0.87845,0.87816,0.87816,51290000,1
1412877300000,1412877359000,0.87816,0.8782,0.87808,0.87817,26170000,1
1412877360000,1412877419000,0.87818,0.87846,0.87817,0.87828,67610000,1
1412877420000,1412877479000,0.87827,0.87827,0.87807,0.87807,32990000,1
1412877480000,1412877539000,0.87801,0.87802,0.87732,0.87735,104030000,1
1412877540000,1412877599000,0.87727,0.87776,0.87727,0.87776,86360000,1
1412877600000,1412877659000,0.87776,0.87777,0.87749,0.87758,67130000,1
1412877660000,1412877719000,0.87757,0.87774,0.87747,0.87766,117580000,1
1412877720000,1412877779000,0.87766,0.87797,0.87765,0.87788,51220000,1
1412877780000,1412877839000,0.87786,0.87788,0.87777,0.87788,16190000,1
1412877840000,1412877899000,0.87787,0.8779,0.87767,0.87787,44470000,1
1412877900000,1412877959000,0.87787,0.87787,0.87747,0.87747,76690000,1
1412877960000,1412878019000,0.87748,0.87766,0.87747,0.87757,50700000,1
1412878020000,1412878079000,0.8776,0.87775,0.87757,0.87757,25070000,1
1412878080000,1412878139000,0.87757,0.87775,0.87743,0.87744,64050000,1
1412878140000,1412878199000,0.87746,0.87747,0.87713,0.87715,50380000,1
1412878200000,1412878259000,0.87713,0.87728,0.87706,0.87717,27620000,1
1412878260000,1412878319000,0.87717,0.87717,0.87697,0.87706,47490000,1
1412878320000,1412878379000,0.87706,0.87736,0.87677,0.87736,100570000,1
1412878380000,1412878439000,0.87736,0.87752,0.87732,0.87736,84570000,1
1412878440000,1412878499000,0.87736,0.87751,0.87731,0.87731,66150000,1
1412878500000,1412878559000,0.87729,0.87757,0.87729,0.87757,41370000,1
1412878560000,1412878619000,0.87755,0.87768,0.87742,0.87757,70980000,1
1412878620000,1412878679000,0.87757,0.87764,0.87757,0.87757,33790000,1
1412878680000,1412878739000,0.87757,0.87757,0.8775,0.87756,27260000,1
1412878740000,1412878799000,0.87754,0.87754,0.87729,0.87732,56520000,1
1412878800000,1412878859000,0.8773,0.87742,0.8773,0.87738,22900000,1
1412878860000,1412878919000,0.87736,0.87744,0.87727,0.87728,48980000,1
1412878920000,1412878979000,0.87727,0.87729,0.87722,0.87729,27650000,1
1412878980000,1412879039000,0.87729,0.87729,0.87713,0.87717,57610000,1
1412879040000,1412879099000,0.87717,0.87723,0.87683,0.87686,55550000,1
1412879100000,1412879159000,0.87686,0.87692,0.87662,0.87667,80710000,1
1412879160000,1412879219000,0.87668,0.87678,0.87662,0.87667,58350000,1
1412879220000,1412879279000,0.87668,0.87677,0.87667,0.87673,38160000,1
1412879280000,1412879339000,0.87675,0.87679,0.8767,0.87677,34750000,1
1412879340000,1412879399000,0.87677,0.87679,0.87657,0.87667,112380000,1
1412879400000,1412879459000,0.87668,0.87675,0.87668,0.87673,46630000,1
1412879460000,1412879519000,0.87673,0.8769,0.87673,0.8768,58460000,1
1412879520000,1412879579000,0.8768,0.8768,0.87665,0.87668,58430000,1
1412879580000,1412879639000,0.87668,0.87673,0.87658,0.87664,56920000,1
1412879640000,1412879699000,0.87664,0.87664,0.87651,0.87652,62250000,1
1412879700000,1412879759000,0.87655,0.87656,0.87646,0.87652,52520000,1
1412879760000,1412879819000,0.87652,0.87659,0.87644,0.87656,61870000,1
1412879820000,1412879879000,0.87657,0.87668,0.87649,0.87656,73280000,1
1412879880000,1412879939000,0.87656,0.87685,0.87656,0.87677,67930000,1
1412879940000,1412879999000,0.87677,0.87685,0.87672,0.87685,32490000,1
1412880000000,1412880059000,0.87686,0.87686,0.87667,0.87668,24220000,1
1412880060000,1412880119000,0.87666,0.87668,0.87662,0.87668,29960000,1
1412880120000,1412880179000,0.87668,0.87708,0.87668,0.87707,49810000,1
1412880180000,1412880239000,0.87707,0.87717,0.87707,0.87716,31730000,1
1412880240000,1412880299000,0.87716,0.87716,0.87716,0.87716,10500000,1
1412880300000,1412880359000,0.87716,0.87736,0.87714,0.87736,63980000,1
1412880360000,1412880419000,0.87736,0.87736,0.87715,0.87715,39410000,1
1412880420000,1412880479000,0.87712,0.87712,0.87684,0.87686,48270000,1
1412880480000,1412880539000,0.87687,0.87697,0.87682,0.87697,24690000,1
1412880540000,1412880599000,0.87698,0.87709,0.87698,0.87708,22090000,1
1412880600000,1412880659000,0.87708,0.87716,0.87707,0.87716,20570000,1
1412880660000,1412880719000,0.87716,0.87717,0.87706,0.87707,11000000,1
1412880720000,1412880779000,0.8771,0.87715,0.877,0.87705,56600000,1
1412880780000,1412880839000,0.87705,0.87711,0.87697,0.87711,81020000,1
1412880840000,1412880899000,0.87708,0.87718,0.87707,0.87718,23690000,1
1412880900000,1412880959000,0.87721,0.87729,0.87718,0.87719,52990000,1
1412880960000,1412881019000,0.87719,0.87719,0.87716,0.87716,20000000,1
1412881020000,1412881079000,0.87716,0.8772,0.87716,0.8772,20000000,1
1412881080000,1412881139000,0.87718,0.87722,0.87717,0.87717,16500000,1
1412881140000,1412881199000,0.87717,0.87746,0.87707,0.87728,98950000,1
1412881200000,1412881259000,0.87728,0.87728,0.87707,0.87724,33020000,1
1412881260000,1412881319000,0.87724,0.87735,0.87698,0.87705,50010000,1
1412881320000,1412881379000,0.87705,0.87709,0.87705,0.87707,19890000,1
1412881380000,1412881439000,0.87709,0.87717,0.87709,0.87717,33610000,1
1412881440000,1412881499000,0.87718,0.87726,0.87718,0.87726,28990000,1
1412881500000,1412881559000,0.87727,0.87727,0.87726,0.87726,2500000,1
1412881560000,1412881619000,0.87727,0.87739,0.87727,0.87737,36340000,1
1412881620000,1412881679000,0.87738,0.87738,0.87737,0.87737,4470000,1
1412881680000,1412881739000,0.87737,0.87746,0.87732,0.87746,55060000,1
1412881740000,1412881799000,0.87746,0.87753,0.87744,0.87747,34660000,1
1412881800000,1412881859000,0.87747,0.87756,0.87747,0.87754,49510000,1
1412881860000,1412881919000,0.87755,0.87757,0.87755,0.87757,51040000,1
1412881920000,1412881979000,0.87757,0.87757,0.87756,0.87756,30110000,1
1412881980000,1412882039000,0.87756,0.87766,0.87756,0.87763,36980000,1
1412882040000,1412882099000,0.87763,0.87764,0.87755,0.87757,55920000,1
1412882100000,1412882159000,0.87757,0.87757,0.87755,0.87755,22510000,1
1412882160000,1412882219000,0.87758,0.87763,0.87757,0.87759,16760000,1
1412882220000,1412882279000,0.87761,0.87773,0.8776,0.87768,20180000,1
1412882280000,1412882339000,0.87768,0.87774,0.87764,0.87766,44100000,1
1412882340000,1412882399000,0.87767,0.87768,0.87766,0.87768,7750000,1
1412882400000,1412882459000,0.87767,0.87798,0.87766,0.87797,36060000,1
1412882460000,1412882519000,0.87797,0.87797,0.87757,0.87757,48680000,1
1412882520000,1412882579000,0.87757,0.87785,0.87757,0.87777,36910000,1
1412882580000,1412882639000,0.87777,0.87779,0.87766,0.87777,29120000,1
1412882640000,1412882699000,0.87776,0.87776,0.87759,0.87759,45210000,1
1412882700000,1412882759000,0.87758,0.87762,0.87757,0.87757,32300000,1
1412882760000,1412882819000,0.87757,0.87757,0.87748,0.87753,38030000,1
1412882820000,1412882879000,0.87752,0.87755,0.87739,0.87747,58690000,1
1412882880000,1412882939000,0.87748,0.87748,0.87731,0.87732,64250000,1
1412882940000,1412882999000,0.87732,0.8774,0.87732,0.87732,38390000,1
1412883000000,1412883059000,0.87734,0.87734,0.87711,0.87714,60280000,1
1412883060000,1412883119000,0.87714,0.87723,0.87711,0.87717,57950000,1
1412883120000,1412883179000,0.87718,0.87726,0.87717,0.87726,20420000,1
1412883180000,1412883239000,0.87725,0.87726,0.87723,0.87723,21230000,1
1412883240000,1412883299000,0.87723,0.87726,0.87712,0.87715,25610000,1
1412883300000,1412883359000,0.87716,0.87717,0.8771,0.87715,31260000,1
1412883360000,1412883419000,0.87715,0.87717,0.87709,0.87716,29030000,1
1412883420000,1412883479000,0.87717,0.87726,0.87716,0.87726,28470000,1
1412883480000,1412883539000,0.87726,0.87727,0.87717,0.87718,28010000,1
1412883540000,1412883599000,0.87718,0.8773,0.87715,0.8773,49580000,1
1412883600000,1412883659000,0.87729,0.87757,0.87729,0.87739,76750000,1
1412883660000,1412883719000,0.87741,0.87748,0.8774,0.87746,43980000,1
1412883720000,1412883779000,0.87746,0.87749,0.87746,0.87748,26830000,1
1412883780000,1412883839000,0.87749,0.87749,0.87747,0.87747,12490000,1
1412883840000,1412883899000,0.87749,0.87751,0.87748,0.8775,9000000,1
1412883900000,1412883959000,0.87749,0.87771,0.87749,0.8777,29770000,1
1412883960000,1412884019000,0.8777,0.87774,0.87768,0.87774,40940000,1
1412884020000,1412884079000,0.87776,0.87779,0.87775,0.87777,41500000,1
1412884080000,1412884139000,0.87777,0.87796,0.87777,0.87796,73730000,1
1412884140000,1412884199000,0.87796,0.87796,0.87777,0.87777,32030000,1
1412884200000,1412884259000,0.87777,0.87783,0.87767,0.87777,38700000,1
1412884260000,1412884319000,0.87777,0.87777,0.87774,0.87774,7500000,1
1412884320000,1412884379000,0.87776,0.87776,0.87768,0.87768,16500000,1
1412884380000,1412884439000,0.87768,0.87768,0.87766,0.87767,6500000,1
1412884440000,1412884499000,0.87767,0.87783,0.87767,0.87778,26680000,1
1412884500000,1412884559000,0.87777,0.87784,0.87777,0.87778,16550000,1
1412884560000,1412884619000,0.87777,0.87778,0.87768,0.87774,17950000,1
1412884620000,1412884679000,0.87774,0.87781,0.87771,0.87778,47750000,1
1412884680000,1412884739000,0.87776,0.87778,0.87776,0.87778,4000000,1
1412884740000,1412884799000,0.87778,0.87783,0.87763,0.87765,63860000,1
1412884800000,1412884859000,0.87765,0.87765,0.87759,0.87765,42170000,1
1412884860000,1412884919000,0.87763,0.87775,0.87763,0.87773,28440000,1
1412884920000,1412884979000,0.87774,0.87775,0.87772,0.87773,21420000,1
1412884980000,1412885039000,0.87773,0.87784,0.87772,0.87783,64340000,1
1412885040000,1412885099000,0.87784,0.87807,0.87783,0.87807,39520000,1
1412885100000,1412885159000,0.87807,0.87825,0.87807,0.87822,21020000,1
1412885160000,1412885219000,0.87822,0.87826,0.87822,0.87826,42620000,1
1412885220000,1412885279000,0.87828,0.87829,0.87825,0.87829,10600000,1
1412885280000,1412885339000,0.87829,0.87852,0.87827,0.87852,36170000,1
1412885340000,1412885399000,0.87849,0.87849,0.87846,0.87846,10500000,1
1412885400000,1412885459000,0.87848,0.87848,0.87841,0.87848,13890000,1
1412885460000,1412885519000,0.87847,0.87847,0.87832,0.87833,15000000,1
1412885520000,1412885579000,0.87831,0.87831,0.87819,0.8782,38240000,1
1412885580000,1412885639000,0.87819,0.87819,0.8781,0.8781,14820000,1
1412885640000,1412885699000,0.87809,0.87816,0.87809,0.8781,12770000,1
1412885700000,1412885759000,0.87812,0.87817,0.8781,0.87812,22690000,1
1412885760000,1412885819000,0.87811,0.87811,0.8781,0.87811,12500000,1
1412885820000,1412885879000,0.87811,0.87813,0.87811,0.87811,27570000,1
1412885880000,1412885939000,0.87812,0.87812,0.87811,0.87811,6370000,1
1412885940000,1412885999000,0.87811,0.87812,0.87811,0.87811,6000000,1
1412886000000,1412886059000,0.87812,0.87815,0.87812,0.87812,5000000,1
1412886060000,1412886119000,0.87814,0.87831,0.87814,0.87828,26400000,1
1412886120000,1412886179000,0.87828,0.87838,0.87825,0.87832,25690000,1
1412886180000,1412886239000,0.87831,0.87832,0.87829,0.8783,13130000,1
1412886240000,1412886299000,0.87829,0.87829,0.87825,0.87825,16610000,1
1412886300000,1412886359000,0.87825,0.87825,0.87818,0.87822,19450000,1
1412886360000,1412886419000,0.87822,0.87825,0.87819,0.87819,12650000,1
1412886420000,1412886479000,0.8782,0.8782,0.87819,0.87819,6390000,1
1412886480000,1412886539000,0.87819,0.87822,0.87819,0.8782,36970000,1
1412886540000,1412886599000,0.87822,0.87829,0.87822,0.87824,34790000,1
1412886600000,1412886659000,0.87824,0.87824,0.87819,0.87821,8400000,1
1412886660000,1412886719000,0.87821,0.87823,0.8782,0.8782,30330000,1
1412886720000,1412886779000,0.87819,0.8782,0.87819,0.87819,8070000,1
1412886780000,1412886839000,0.87819,0.87826,0.87819,0.87825,12440000,1
1412886840000,1412886899000,0.87825,0.87826,0.87825,0.87826,2500000,1
1412886900000,1412886959000,0.87825,0.87825,0.87825,0.87825,2320000,1
1412886960000,1412887019000,0.87825,0.87829,0.87825,0.87827,23800000,1
1412887020000,1412887079000,0.87827,0.8783,0.87824,0.87824,23890000,1
1412887080000,1412887139000,0.87824,0.87828,0.87823,0.87825,18990000,1
1412887140000,1412887199000,0.87827,0.87828,0.87826,0.87827,15590000,1
1412887200000,1412887259000,0.87826,0.87827,0.87813,0.87813,26860000,1
1412887260000,1412887319000,0.87813,0.87821,0.87812,0.87817,35650000,1
1412887320000,1412887379000,0.87816,0.87822,0.87816,0.87822,36740000,1
1412887380000,1412887439000,0.87823,0.87825,0.87823,0.87825,13220000,1
1412887440000,1412887499000,0.87828,0.8783,0.87826,0.87827,56190000,1
1412887500000,1412887559000,0.87827,0.8783,0.87827,0.87828,32730000,1
1412887560000,1412887619000,0.87831,0.87831,0.87827,0.87827,19220000,1
1412887620000,1412887679000,0.87827,0.87828,0.87814,0.87819,53500000,1
1412887680000,1412887739000,0.87821,0.87821,0.87815,0.87817,28710000,1
1412887740000,1412887799000,0.87817,0.87817,0.87815,0.87817,14290000,1
1412887800000,1412887859000,0.87817,0.87817,0.87812,0.87813,18740000,1
1412887860000,1412887919000,0.87813,0.87817,0.87807,0.87809,29900000,1
1412887920000,1412887979000,0.87811,0.87813,0.87804,0.87809,31000000,1
1412887980000,1412888039000,0.8781,0.87818,0.87809,0.87818,44540000,1
1412888040000,1412888099000,0.87814,0.87815,0.87811,0.87811,57160000,1
1412888100000,1412888159000,0.8781,0.87813,0.8781,0.87813,4500000,1
1412888220000,1412888279000,0.87812,0.87814,0.87812,0.87814,18800000,1
1412888280000,1412888339000,0.87814,0.87816,0.8781,0.87815,97070000,1
1412888340000,1412888399000,0.87817,0.87818,0.87812,0.87817,18720000,1
1412888400000,1412888459000,0.87816,0.87816,0.87801,0.87803,12840000,1
1412888460000,1412888519000,0.87807,0.87808,0.87806,0.87806,2220000,1
1412888520000,1412888579000,0.87807,0.87807,0.87807,0.87807,1110000,1
1412888580000,1412888639000,0.87808,0.87808,0.87807,0.87807,740000,1
1412888640000,1412888699000,0.87808,0.87808,0.87786,0.87786,12730000,1
1412888700000,1412888759000,0.87786,0.87798,0.87785,0.87796,42700000,1
1412888760000,1412888819000,0.87795,0.87798,0.87791,0.87796,65660000,1
1412888820000,1412888879000,0.87796,0.87806,0.87795,0.87802,37630000,1
1412888880000,1412888939000,0.87801,0.87809,0.87799,0.87803,54930000,1
1412888940000,1412888999000,0.87805,0.87805,0.878,0.87802,19810000,1
1412889000000,1412889059000,0.87804,0.87806,0.87795,0.878,51680000,1
1412889060000,1412889119000,0.87799,0.87812,0.87798,0.87799,99080000,1
1412889120000,1412889179000,0.87798,0.87808,0.87798,0.87808,14740000,1
1412889180000,1412889239000,0.87806,0.87812,0.87803,0.87808,11000000,1
1412889300000,1412889359000,0.87806,0.87806,0.87791,0.87794,17100000,1
1412889360000,1412889419000,0.87794,0.87794,0.87784,0.87787,23000000,1
1412889420000,1412889479000,0.87787,0.87787,0.87782,0.87782,8500000,1
1412889480000,1412889539000,0.87785,0.87793,0.87784,0.87787,17820000,1
1412889540000,1412889599000,0.87787,0.8779,0.87787,0.87787,13650000,1
1412889600000,1412889659000,0.87788,0.87788,0.87787,0.87787,3000000,1
1412889660000,1412889719000,0.87787,0.87788,0.87787,0.87788,2000000,1
1412889720000,1412889779000,0.87787,0.87787,0.8778,0.8778,6000000,1
1412889780000,1412889839000,0.87782,0.87794,0.8778,0.87794,27010000,1
1412889840000,1412889899000,0.8779,0.87802,0.8778,0.87795,26140000,1
1412890020000,1412890079000,0.87795,0.87795,0.8778,0.8778,14500000,1
1412890080000,1412890139000,0.8778,0.87781,0.8778,0.87781,2000000,1
1412890140000,1412890199000,0.87783,0.87787,0.87764,0.87764,26620000,1
1412890200000,1412890259000,0.87763,0.8777,0.87755,0.8777,24290000,1
1412890260000,1412890319000,0.8777,0.8777,0.8775,0.87754,38660000,1
1412890320000,1412890379000,0.87754,0.87754,0.8773,0.87739,86940000,1
1412890380000,1412890439000,0.87744,0.87747,0.87738,0.87738,22000000,1
1412890440000,1412890499000,0.87738,0.87753,0.87724,0.87752,54450000,1
1412890500000,1412890559000,0.87752,0.87756,0.87729,0.87731,51860000,1
1412890560000,1412890619000,0.8773,0.87736,0.87726,0.87729,25750000,1
1412890620000,1412890679000,0.8773,0.8773,0.87725,0.87725,14000000,1
1412890680000,1412890739000,0.87725,0.87728,0.87708,0.87715,63550000,1
1412890740000,1412890799000,0.87716,0.87727,0.87705,0.8771,68100000,1
1412890800000,1412890859000,0.8771,0.8771,0.87709,0.8771,11000000,1
1412890860000,1412890919000,0.87711,0.87712,0.87709,0.8771,42000000,1
1412890920000,1412890979000,0.8771,0.87717,0.87703,0.87703,35070000,1
1412890980000,1412891039000,0.87702,0.87713,0.87702,0.87712,21500000,1
1412891040000,1412891099000,0.87712,0.87726,0.87712,0.87726,12500000,1
1412891100000,1412891159000,0.87726,0.87726,0.87725,0.87725,9500000,1
1412891160000,1412891219000,0.87726,0.87737,0.87722,0.87733,36740000,1
1412891220000,1412891279000,0.87732,0.87737,0.87732,0.87735,17500000,1
1412891280000,1412891339000,0.87735,0.87743,0.87732,0.87737,17500000,1
1412891340000,1412891399000,0.87738,0.87754,0.87738,0.87743,23220000,1
1412891400000,1412891459000,0.87748,0.87748,0.87732,0.8774,31190000,1
1412891460000,1412891519000,0.87742,0.87744,0.87734,0.8774,31500000,1
1412891520000,1412891579000,0.87739,0.87744,0.87738,0.87738,8500000,1
1412891580000,1412891639000,0.87737,0.87737,0.87737,0.87737,1000000,1
1412891640000,1412891699000,0.87737,0.87745,0.87737,0.87744,14500000,1
1412891700000,1412891759000,0.87744,0.87744,0.87715,0.87742,51010000,1
1412891760000,1412891819000,0.87741,0.87741,0.87722,0.87734,38250000,1
1412891820000,1412891879000,0.87734,0.87735,0.87724,0.87724,20500000,1
1412891880000,1412891939000,0.87723,0.87723,0.87705,0.87711,36050000,1
1412891940000,1412891999000,0.87715,0.87717,0.87708,0.87714,26940000,1
1412892000000,1412892059000,0.87712,0.87719,0.87692,0.87702,47500000,1
1412892060000,1412892119000,0.87701,0.87706,0.87695,0.877,60380000,1
1412892120000,1412892179000,0.877,0.87706,0.87696,0.87702,22550000,1
1412892180000,1412892239000,0.87703,0.87707,0.87684,0.87691,47930000,1
1412892240000,1412892299000,0.87691,0.87691,0.87682,0.87691,57120000,1
1412892300000,1412892359000,0.87691,0.87691,0.87671,0.87672,73130000,1
1412892360000,1412892419000,0.87672,0.8768,0.87672,0.87672,25420000,1
1412892420000,1412892479000,0.87673,0.87681,0.87671,0.87676,46140000,1
1412892480000,1412892539000,0.87676,0.87679,0.87668,0.8767,18500000,1
1412892540000,1412892599000,0.8767,0.87671,0.87653,0.87665,49500000,1
1412892600000,1412892659000,0.87666,0.87666,0.87652,0.87665,47240000,1
1412892660000,1412892719000,0.87665,0.87666,0.87665,0.87665,14500000,1
1412892720000,1412892779000,0.87665,0.87685,0.8766,0.87685,56960000,1
1412892780000,1412892839000,0.87686,0.87686,0.87669,0.87683,104660000,1
1412892840000,1412892899000,0.87683,0.87692,0.87683,0.87692,35140000,1
1412892900000,1412892959000,0.87692,0.87699,0.8769,0.87691,58260000,1
1412892960000,1412893019000,0.87691,0.87694,0.87681,0.8769,112810000,1
1412893020000,1412893079000,0.87691,0.87694,0.87689,0.8769,117270000,1
1412893080000,1412893139000,0.8769,0.87704,0.8769,0.87701,57440000,1
1412893140000,1412893199000,0.87702,0.87727,0.87701,0.87722,67260000,1
1412893200000,1412893259000,0.8772,0.87727,0.87717,0.87717,86920000,1
1412893260000,1412893319000,0.87717,0.87732,0.87717,0.87729,52680000,1
1412893320000,1412893379000,0.87729,0.87729,0.87727,0.87727,15550000,1
1412893380000,1412893439000,0.87726,0.87732,0.87718,0.87731,33020000,1
1412893440000,1412893499000,0.87731,0.87731,0.87715,0.87719,27120000,1
1412893500000,1412893559000,0.87719,0.87726,0.87712,0.87712,31770000,1
1412893560000,1412893619000,0.87713,0.87713,0.87704,0.87704,34870000,1
1412893620000,1412893679000,0.87704,0.87706,0.87704,0.87706,7440000,1
1412893680000,1412893739000,0.8771,0.87712,0.8771,0.87711,11930000,1
1412893740000,1412893799000,0.87711,0.87711,0.87704,0.87706,17860000,1
1412893800000,1412893859000,0.87705,0.87705,0.87676,0.87676,62060000,1
1412893860000,1412893919000,0.87677,0.87682,0.87673,0.87682,23110000,1
1412893920000,1412893979000,0.8768,0.8768,0.87649,0.87654,64810000,1
1412893980000,1412894039000,0.87653,0.87653,0.87627,0.87627,40790000,1
1412894040000,1412894099000,0.87627,0.87636,0.87615,0.87615,26040000,1
1412894100000,1412894159000,0.87614,0.87614,0.87588,0.87588,55560000,1
1412894160000,1412894219000,0.87588,0.87623,0.87588,0.87623,94090000,1
1412894220000,1412894279000,0.87624,0.87635,0.87618,0.87621,46750000,1
1412894280000,1412894339000,0.87622,0.87622,0.87614,0.87617,43520000,1
1412894340000,1412894399000,0.87616,0.87616,0.87599,0.87602,52820000,1
1412894400000,1412894459000,0.87602,0.87606,0.87592,0.87592,25490000,1
1412894460000,1412894519000,0.87593,0.8761,0.87585,0.87595,59400000,1
1412894520000,1412894579000,0.87595,0.87609,0.87584,0.87609,51360000,1
1412894580000,1412894639000,0.87609,0.87635,0.87609,0.87633,50920000,1
1412894640000,1412894699000,0.87632,0.87633,0.87629,0.87629,27940000,1
1412894700000,1412894759000,0.87631,0.87643,0.8763,0.87643,15150000,1
1412894760000,1412894819000,0.87642,0.87642,0.8763,0.8763,19800000,1
1412894820000,1412894879000,0.87627,0.87629,0.87617,0.87621,25510000,1
1412894880000,1412894939000,0.87622,0.87625,0.87618,0.87623,34590000,1
1412894940000,1412894999000,0.87624,0.87625,0.8762,0.87624,27270000,1
1412895000000,1412895059000,0.87624,0.87634,0.8762,0.87634,35420000,1
1412895060000,1412895119000,0.87635,0.87643,0.87635,0.87639,39660000,1
1412895120000,1412895179000,0.87638,0.87642,0.87638,0.8764,30760000,1
1412895180000,1412895239000,0.8764,0.87641,0.87638,0.8764,19100000,1
1412895240000,1412895299000,0.87638,0.87641,0.87635,0.87637,42820000,1
1412895300000,1412895359000,0.87637,0.8764,0.87637,0.8764,20600000,1
1412895360000,1412895419000,0.87638,0.8764,0.87635,0.87636,20710000,1
1412895420000,1412895479000,0.87636,0.87638,0.87635,0.87638,8820000,1
1412895480000,1412895539000,0.87638,0.87641,0.87637,0.87638,16920000,1
1412895540000,1412895599000,0.87637,0.8764,0.87627,0.87628,30750000,1
1412895600000,1412895659000,0.87628,0.87628,0.87607,0.87615,33370000,1
1412895660000,1412895719000,0.87614,0.87622,0.87613,0.8762,23610000,1
1412895720000,1412895779000,0.8762,0.87629,0.87618,0.87624,31810000,1
1412895780000,1412895839000,0.87627,0.8763,0.87625,0.87625,9000000,1
1412895840000,1412895899000,0.87622,0.87624,0.87621,0.87621,8500000,1
1412895900000,1412895959000,0.87619,0.87624,0.87597,0.87597,59620000,1
1412895960000,1412896019000,0.87595,0.87614,0.87592,0.8761,59630000,1
1412896020000,1412896079000,0.87611,0.87611,0.87607,0.87607,5190000,1
1412896080000,1412896139000,0.8761,0.87634,0.8761,0.87631,58680000,1
1412896140000,1412896199000,0.8763,0.87631,0.8761,0.8761,49250000,1
1412896200000,1412896259000,0.8761,0.87613,0.87608,0.87608,20750000,1
1412896260000,1412896319000,0.87608,0.87613,0.87606,0.87612,37650000,1
1412896320000,1412896379000,0.87612,0.87617,0.87611,0.87613,53820000,1
1412896380000,1412896439000,0.87611,0.87619,0.87601,0.87604,58420000,1
1412896440000,1412896499000,0.87604,0.87609,0.87602,0.87604,30090000,1
1412896500000,1412896559000,0.87604,0.87607,0.87601,0.87604,49840000,1
1412896560000,1412896619000,0.87604,0.87604,0.8759,0.87592,31500000,1
1412896620000,1412896679000,0.87591,0.87592,0.87587,0.87588,23600000,1
1412896680000,1412896739000,0.87588,0.87596,0.87587,0.87594,32610000,1
1412896740000,1412896799000,0.87594,0.87594,0.8759,0.8759,14000000,1
1412896800000,1412896859000,0.87592,0.87592,0.87585,0.87586,15100000,1
1412896860000,1412896919000,0.87586,0.87587,0.87582,0.87582,17280000,1
1412896920000,1412896979000,0.87582,0.87586,0.8758,0.87586,37500000,1
1412896980000,1412897039000,0.87585,0.87585,0.87583,0.87585,8500000,1
1412897040000,1412897099000,0.87585,0.87597,0.87585,0.87597,22050000,1
1412897100000,1412897159000,0.87597,0.87612,0.87597,0.8761,46750000,1
1412897160000,1412897219000,0.8761,0.87644,0.8761,0.87644,46420000,1
1412897220000,1412897279000,0.87644,0.87672,0.87644,0.8766,112420000,1
1412897280000,1412897339000,0.8766,0.8766,0.87627,0.87632,57440000,1
1412897340000,1412897399000,0.87632,0.87632,0.87604,0.87604,49360000,1
1412897400000,1412897459000,0.87604,0.87616,0.87601,0.87616,41020000,1
1412897460000,1412897519000,0.87618,0.87635,0.87618,0.87635,30080000,1
1412897520000,1412897579000,0.87637,0.87659,0.87636,0.87659,122720000,1
1412897580000,1412897639000,0.87658,0.87658,0.87647,0.87648,28770000,1
1412897640000,1412897699000,0.87648,0.87661,0.87647,0.87657,36010000,1
1412897700000,1412897759000,0.87657,0.87657,0.87654,0.87657,34000000,1
1412897760000,1412897819000,0.87657,0.87678,0.87657,0.87668,49980000,1
1412897820000,1412897879000,0.87668,0.87671,0.8766,0.87663,36670000,1
1412897880000,1412897939000,0.87663,0.87663,0.87658,0.87658,31500000,1
1412897940000,1412897999000,0.87658,0.87658,0.8765,0.87652,33500000,1
1412898000000,1412898059000,0.87654,0.87662,0.87645,0.87645,41670000,1
1412898060000,1412898119000,0.87646,0.87656,0.87633,0.87644,52150000,1
1412898120000,1412898179000,0.87644,0.87646,0.87639,0.87641,52400000,1
1412898180000,1412898239000,0.8764,0.8764,0.87632,0.87633,14620000,1
1412898240000,1412898299000,0.87633,0.87637,0.87633,0.87637,13820000,1
1412898300000,1412898359000,0.87637,0.87637,0.87632,0.87632,39780000,1
1412898360000,1412898419000,0.87633,0.87634,0.87632,0.87634,18380000,1
1412898420000,1412898479000,0.87632,0.87632,0.87618,0.87618,29000000,1
1412898480000,1412898539000,0.87618,0.87623,0.87618,0.87622,22500000,1
1412898540000,1412898599000,0.87622,0.8763,0.87617,0.87627,33570000,1
1412898600000,1412898659000,0.87627,0.8763,0.87609,0.87616,53060000,1
1412898660000,1412898719000,0.87617,0.87617,0.87598,0.876,32440000,1
1412898720000,1412898779000,0.876,0.87609,0.876,0.87605,38710000,1
1412898780000,1412898839000,0.87605,0.87607,0.87593,0.87604,43980000,1
1412898840000,1412898899000,0.87605,0.87615,0.87605,0.87611,38420000,1
1412898900000,1412898959000,0.87609,0.87615,0.87605,0.87605,19000000,1
1412898960000,1412899019000,0.87604,0.87625,0.87604,0.87613,54200000,1
1412899020000,1412899079000,0.87613,0.87614,0.87613,0.87614,28710000,1
1412899080000,1412899139000,0.87614,0.87624,0.87614,0.87622,48450000,1
1412899140000,1412899199000,0.87622,0.87637,0.87619,0.87637,44520000,1
1412899200000,1412899259000,0.87636,0.87636,0.87617,0.87628,78600000,1
1412899260000,1412899319000,0.87626,0.87632,0.87625,0.87625,67410000,1
1412899320000,1412899379000,0.87625,0.87633,0.87618,0.87633,45610000,1
1412899380000,1412899439000,0.87638,0.87641,0.87617,0.87632,68320000,1
1412899440000,1412899499000,0.87633,0.87638,0.87633,0.87637,35070000,1
1412899500000,1412899559000,0.87637,0.87641,0.87625,0.87638,63590000,1
1412899560000,1412899619000,0.87635,0.8764,0.87622,0.87627,117760000,1
1412899620000,1412899679000,0.87627,0.87627,0.87617,0.87626,44320000,1
1412899680000,1412899739000,0.87626,0.87633,0.87617,0.87624,51360000,1
1412899740000,1412899799000,0.87624,0.87634,0.87624,0.87624,32770000,1
1412899800000,1412899859000,0.87624,0.8765,0.87624,0.87648,97430000,1
1412899860000,1412899919000,0.87651,0.87667,0.87639,0.87651,121980000,1
1412899920000,1412899979000,0.87651,0.87666,0.87641,0.87643,51110000,1
1412899980000,1412900039000,0.87644,0.87666,0.87638,0.87653,118020000,1
1412900040000,1412900099000,0.87653,0.87654,0.87626,0.87626,126130000,1
1412900100000,1412900159000,0.87626,0.87634,0.87597,0.87597,103960000,1
1412900160000,1412900219000,0.87597,0.87617,0.87574,0.87587,154890000,1
1412900220000,1412900279000,0.87587,0.87592,0.87531,0.87543,140730000,1
1412900280000,1412900339000,0.87542,0.87542,0.87502,0.87518,134620000,1
1412900340000,1412900399000,0.8752,0.87536,0.87516,0.87516,88540000,1
1412900400000,1412900459000,0.87515,0.87515,0.87466,0.87472,179850000,1
1412900460000,1412900519000,0.87473,0.87541,0.87473,0.87534,150590000,1
1412900520000,1412900579000,0.87534,0.87573,0.87534,0.87566,136390000,1
1412900580000,1412900639000,0.87564,0.87583,0.87557,0.87582,85540000,1
1412900640000,1412900699000,0.87584,0.87596,0.87577,0.87595,102740000,1
1412900700000,1412900759000,0.87595,0.87613,0.87595,0.8761,132980000,1
1412900760000,1412900819000,0.87609,0.87627,0.87599,0.87613,79870000,1
1412900820000,1412900879000,0.87613,0.87629,0.87613,0.8762,44000000,1
1412900880000,1412900939000,0.87618,0.87623,0.87618,0.87618,29000000,1
1412900940000,1412900999000,0.87619,0.87636,0.87618,0.87628,104690000,1
1412901000000,1412901059000,0.8763,0.87631,0.87554,0.87583,147810000,1
1412901060000,1412901119000,0.87582,0.87582,0.87559,0.8756,53340000,1
1412901120000,1412901179000,0.87563,0.8759,0.87554,0.87562,114040000,1
1412901180000,1412901239000,0.87563,0.87577,0.87531,0.87534,123650000,1
1412901240000,1412901299000,0.87534,0.87537,0.8753,0.87533,66080000,1
1412901300000,1412901359000,0.87533,0.87544,0.87529,0.87544,53360000,1
1412901360000,1412901419000,0.87546,0.87546,0.87515,0.87521,85570000,1
1412901420000,1412901479000,0.87522,0.87539,0.87503,0.87517,96070000,1
1412901480000,1412901539000,0.87517,0.87523,0.87497,0.87513,91940000,1
1412901540000,1412901599000,0.87512,0.87522,0.87497,0.87521,116080000,1
1412901600000,1412901659000,0.87521,0.87546,0.8752,0.87545,70700000,1
1412901660000,1412901719000,0.87547,0.87555,0.87545,0.87546,26090000,1
1412901720000,1412901779000,0.87547,0.87567,0.87547,0.8755,109880000,1
1412901780000,1412901839000,0.87551,0.87557,0.87542,0.87542,65500000,1
1412901840000,1412901899000,0.87542,0.87546,0.87542,0.87546,12070000,1
1412901900000,1412901959000,0.87543,0.87547,0.8754,0.87546,29220000,1
1412901960000,1412902019000,0.87546,0.87556,0.87543,0.87556,14460000,1
1412902020000,1412902079000,0.87553,0.87553,0.87543,0.87546,26570000,1
1412902080000,1412902139000,0.87546,0.87547,0.87525,0.87547,46210000,1
1412902140000,1412902199000,0.87547,0.87547,0.87525,0.87547,35420000,1
1412902200000,1412902259000,0.87546,0.87554,0.87528,0.87528,46540000,1
1412902260000,1412902319000,0.87528,0.87554,0.87528,0.87536,86380000,1
1412902320000,1412902379000,0.87536,0.8757,0.87536,0.8757,100800000,1
1412902380000,1412902439000,0.8757,0.87581,0.87567,0.87576,37890000,1
1412902440000,1412902499000,0.87576,0.87593,0.8757,0.87593,56570000,1
1412902500000,1412902559000,0.87593,0.87604,0.8757,0.87574,95000000,1
1412902560000,1412902619000,0.87574,0.87597,0.87572,0.87587,105730000,1
1412902620000,1412902679000,0.87587,0.87587,0.87563,0.87566,47140000,1
1412902680000,1412902739000,0.87566,0.8758,0.8756,0.87576,76670000,1
1412902740000,1412902799000,0.87577,0.87578,0.8756,0.87565,43780000,1
1412902800000,1412902859000,0.87565,0.87568,0.87565,0.87566,11000000,1
1412902860000,1412902919000,0.87566,0.87574,0.87566,0.87574,27490000,1
1412902920000,1412902979000,0.87573,0.87598,0.87568,0.87598,39780000,1
1412902980000,1412903039000,0.87601,0.87601,0.87597,0.87597,22000000,1
1412903040000,1412903099000,0.87597,0.87601,0.87597,0.87597,29750000,1
1412903100000,1412903159000,0.87597,0.87601,0.87595,0.87597,29740000,1
1412903160000,1412903219000,0.87596,0.87605,0.87586,0.87586,60250000,1
1412903220000,1412903279000,0.87589,0.87651,0.87589,0.87636,124010000,1
1412903280000,1412903339000,0.87635,0.87656,0.87623,0.87626,71750000,1
1412903340000,1412903399000,0.8763,0.87667,0.8763,0.87651,63920000,1
1412903400000,1412903459000,0.87649,0.87675,0.87647,0.87673,84130000,1
1412903460000,1412903519000,0.87673,0.87715,0.87668,0.87711,111110000,1
1412903520000,1412903579000,0.8771,0.8771,0.87672,0.87684,143540000,1
1412903580000,1412903639000,0.87684,0.87684,0.87626,0.87627,115760000,1
1412903640000,1412903699000,0.87627,0.87631,0.87567,0.87577,112850000,1
1412903700000,1412903759000,0.87572,0.87591,0.87567,0.87587,55930000,1
1412903760000,1412903819000,0.87585,0.87585,0.87548,0.87565,108850000,1
1412903820000,1412903879000,0.87567,0.87574,0.87556,0.87556,63370000,1
1412903880000,1412903939000,0.87556,0.87563,0.87554,0.87555,17500000,1
1412903940000,1412903999000,0.87556,0.87597,0.87556,0.87588,89880000,1
1412904000000,1412904059000,0.87587,0.87612,0.87587,0.87605,101860000,1
1412904060000,1412904119000,0.87605,0.8764,0.87605,0.87627,145240000,1
1412904120000,1412904179000,0.87627,0.87627,0.87621,0.87625,55000000,1
1412904180000,1412904239000,0.87624,0.87641,0.87622,0.87635,35500000,1
1412904240000,1412904299000,0.87635,0.87643,0.87609,0.87615,79340000,1
1412904300000,1412904359000,0.87616,0.87625,0.87607,0.87616,67280000,1
1412904360000,1412904419000,0.87616,0.87644,0.87612,0.87634,73980000,1
1412904420000,1412904479000,0.87634,0.87653,0.87632,0.87636,53340000,1
1412904480000,1412904539000,0.87634,0.87653,0.87634,0.87635,67660000,1
1412904540000,1412904599000,0.87634,0.87654,0.87634,0.87646,38250000,1
1412904600000,1412904659000,0.87646,0.8765,0.87643,0.87648,31500000,1
1412904660000,1412904719000,0.87648,0.87673,0.87648,0.87661,98570000,1
1412904720000,1412904779000,0.87661,0.87662,0.87652,0.87657,44470000,1
1412904780000,1412904839000,0.87658,0.87658,0.87634,0.87657,60470000,1
1412904840000,1412904899000,0.87657,0.87669,0.87655,0.87667,31770000,1
1412904900000,1412904959000,0.87667,0.87671,0.87637,0.87656,102070000,1
1412904960000,1412905019000,0.87657,0.87685,0.87657,0.87685,41200000,1
1412905020000,1412905079000,0.87685,0.87689,0.8767,0.87686,43940000,1
1412905080000,1412905139000,0.87686,0.87686,0.87667,0.87674,51940000,1
1412905140000,1412905199000,0.87676,0.87678,0.87657,0.87663,66620000,1
1412905200000,1412905259000,0.87665,0.8767,0.87652,0.87652,47200000,1
1412905260000,1412905319000,0.87652,0.87663,0.87624,0.87637,96190000,1
1412905320000,1412905379000,0.87638,0.87638,0.8762,0.8762,23020000,1
1412905380000,1412905439000,0.87618,0.87633,0.87612,0.87626,112340000,1
1412905440000,1412905499000,0.87624,0.87672,0.87617,0.87672,155480000,1
1412905500000,1412905559000,0.87669,0.87673,0.87658,0.87673,49860000,1
1412905560000,1412905619000,0.87675,0.87679,0.87662,0.87676,74660000,1
1412905620000,1412905679000,0.87674,0.87676,0.87657,0.87665,87820000,1
1412905680000,1412905739000,0.87664,0.87664,0.87639,0.87654,74710000,1
1412905740000,1412905799000,0.87654,0.87656,0.87627,0.87628,87530000,1
1412905800000,1412905859000,0.87627,0.87661,0.87621,0.87648,135720000,1
1412905860000,1412905919000,0.87648,0.87648,0.87627,0.87642,84190000,1
1412905920000,1412905979000,0.87644,0.87649,0.87631,0.87636,69210000,1
1412905980000,1412906039000,0.87636,0.87636,0.87612,0.87615,66280000,1
1412906040000,1412906099000,0.87614,0.87629,0.87612,0.87621,58080000,1
1412906100000,1412906159000,0.87621,0.87644,0.87621,0.87638,38720000,1
1412906160000,1412906219000,0.87638,0.87667,0.87637,0.87663,81040000,1
1412906220000,1412906279000,0.87662,0.87713,0.87657,0.87707,110730000,1
1412906280000,1412906339000,0.87708,0.87724,0.87692,0.87696,83140000,1
1412906340000,1412906399000,0.87696,0.87701,0.87678,0.87697,105400000,1
1412906400000,1412906459000,0.87697,0.87697,0.87685,0.87685,38070000,1
1412906460000,1412906519000,0.87685,0.87685,0.87681,0.87681,5740000,1
1412906520000,1412906579000,0.87681,0.87686,0.87671,0.87686,34310000,1
1412906580000,1412906639000,0.87684,0.87704,0.87679,0.87701,46280000,1
1412906640000,1412906699000,0.87701,0.87701,0.87677,0.87688,71680000,1
1412906700000,1412906759000,0.87688,0.87694,0.87669,0.87694,66000000,1
1412906760000,1412906819000,0.87693,0.87723,0.87687,0.87722,81750000,1
1412906820000,1412906879000,0.87722,0.87735,0.87717,0.87725,58070000,1
1412906880000,1412906939000,0.87724,0.87727,0.87719,0.87725,95780000,1
1412906940000,1412906999000,0.87722,0.87733,0.87719,0.87722,90290000,1
1412907000000,1412907059000,0.87724,0.87743,0.87724,0.87738,106060000,1
1412907060000,1412907119000,0.87738,0.87753,0.87738,0.87748,29330000,1
1412907120000,1412907179000,0.87747,0.87747,0.87747,0.87747,1000000,1
1412907180000,1412907239000,0.87747,0.87763,0.87747,0.87762,70170000,1
1412907240000,1412907299000,0.87762,0.87777,0.87761,0.87771,79600000,1
1412907300000,1412907359000,0.8777,0.8777,0.87759,0.8776,44800000,1
1412907360000,1412907419000,0.87761,0.87763,0.87747,0.87747,53820000,1
1412907420000,1412907479000,0.87747,0.87763,0.87739,0.87742,64710000,1
1412907480000,1412907539000,0.87743,0.87747,0.87729,0.87735,36930000,1
1412907540000,1412907599000,0.87735,0.87744,0.87732,0.87744,27690000,1
1412907600000,1412907659000,0.87743,0.87751,0.87729,0.87746,77070000,1
1412907660000,1412907719000,0.87745,0.87746,0.87722,0.87727,116920000,1
1412907720000,1412907779000,0.87727,0.87739,0.87717,0.87733,136570000,1
1412907780000,1412907839000,0.87732,0.87735,0.87728,0.87734,44310000,1
1412907840000,1412907899000,0.87734,0.87744,0.87702,0.87711,145520000,1
1412907900000,1412907959000,0.8771,0.87717,0.87697,0.87699,61320000,1
1412907960000,1412908019000,0.87698,0.8771,0.87698,0.87701,59380000,1
1412908020000,1412908079000,0.877,0.87715,0.87699,0.87707,46130000,1
1412908080000,1412908139000,0.87708,0.87708,0.87681,0.87702,57230000,1
1412908140000,1412908199000,0.87702,0.87713,0.87697,0.87705,53490000,1
1412908200000,1412908259000,0.87705,0.87705,0.87701,0.87701,7000000,1
1412908260000,1412908319000,0.87704,0.87704,0.87694,0.87703,49000000,1
1412908320000,1412908379000,0.87704,0.8771,0.87702,0.87708,35910000,1
1412908380000,1412908439000,0.87707,0.87709,0.87688,0.87696,28320000,1
1412908440000,1412908499000,0.87696,0.87696,0.87679,0.87679,55460000,1
1412908500000,1412908559000,0.87679,0.87681,0.8767,0.87671,32250000,1
1412908560000,1412908619000,0.87671,0.87684,0.8766,0.87677,55510000,1
1412908620000,1412908679000,0.87678,0.87692,0.87677,0.87683,48250000,1
1412908680000,1412908739000,0.87683,0.87683,0.8768,0.8768,18500000,1
1412908740000,1412908799000,0.87679,0.87679,0.8767,0.8767,23250000,1
1412908800000,1412908859000,0.87669,0.87669,0.87658,0.87658,28640000,1
1412908860000,1412908919000,0.87658,0.87672,0.87658,0.87672,41410000,1
1412908920000,1412908979000,0.8767,0.87692,0.87669,0.8769,86290000,1
1412908980000,1412909039000,0.87689,0.87697,0.87687,0.87697,40370000,1
1412909040000,1412909099000,0.87695,0.87704,0.87689,0.87704,43940000,1
1412909100000,1412909159000,0.87704,0.87704,0.8764,0.87653,113770000,1
1412909160000,1412909219000,0.87655,0.87662,0.87643,0.87652,50080000,1
1412909220000,1412909279000,0.87652,0.87663,0.87652,0.87655,42470000,1
1412909280000,1412909339000,0.87655,0.87663,0.87655,0.8766,44290000,1
1412909340000,1412909399000,0.87658,0.87658,0.87641,0.87641,41750000,1
1412909400000,1412909459000,0.87641,0.87664,0.87641,0.87664,31490000,1
1412909460000,1412909519000,0.87664,0.87671,0.87659,0.87667,51410000,1
1412909520000,1412909579000,0.87667,0.87668,0.87667,0.87668,6000000,1
1412909580000,1412909639000,0.87667,0.87686,0.87667,0.87676,41760000,1
1412909640000,1412909699000,0.87676,0.87676,0.87651,0.87651,38390000,1
1412909700000,1412909759000,0.87649,0.87649,0.87643,0.87644,18000000,1
1412909760000,1412909819000,0.87643,0.87646,0.87642,0.87642,41500000,1
1412909820000,1412909879000,0.87642,0.87652,0.87642,0.87647,35070000,1
1412909880000,1412909939000,0.87647,0.87657,0.87647,0.87656,11370000,1
1412909940000,1412909999000,0.87657,0.87667,0.87657,0.87666,13470000,1
1412910000000,1412910059000,0.87665,0.87668,0.87658,0.87663,42860000,1
1412910060000,1412910119000,0.87663,0.87665,0.87658,0.87659,30390000,1
1412910120000,1412910179000,0.8766,0.87663,0.87638,0.87638,78450000,1
1412910180000,1412910239000,0.87639,0.87639,0.87632,0.87632,31460000,1
1412910240000,1412910299000,0.87631,0.87631,0.87614,0.87614,29200000,1
1412910300000,1412910359000,0.87615,0.87625,0.87615,0.87621,36580000,1
1412910360000,1412910419000,0.87621,0.87631,0.87619,0.87626,32040000,1
1412910420000,1412910479000,0.87627,0.87638,0.87627,0.8763,38000000,1
1412910480000,1412910539000,0.87631,0.87631,0.87617,0.87617,27000000,1
1412910540000,1412910599000,0.87617,0.87623,0.87617,0.87618,17000000,1
1412910600000,1412910659000,0.87617,0.87629,0.87617,0.87624,52890000,1
1412910660000,1412910719000,0.87625,0.8763,0.87618,0.87624,40790000,1
1412910720000,1412910779000,0.87624,0.87627,0.87619,0.87627,26060000,1
1412910780000,1412910839000,0.87626,0.87629,0.87625,0.87626,27220000,1
1412910840000,1412910899000,0.87626,0.87627,0.87623,0.87626,31580000,1
1412910900000,1412910959000,0.87626,0.87626,0.87624,0.87625,30500000,1
1412910960000,1412911019000,0.87625,0.87626,0.8762,0.87626,31850000,1
1412911020000,1412911079000,0.87624,0.8763,0.87623,0.87625,30000000,1
1412911080000,1412911139000,0.87625,0.87625,0.87612,0.87624,65240000,1
1412911140000,1412911199000,0.87624,0.8763,0.87619,0.87622,48670000,1
1412911200000,1412911259000,0.8762,0.87625,0.87619,0.87623,29950000,1
1412911260000,1412911319000,0.87622,0.87623,0.8762,0.87621,16500000,1
1412911320000,1412911379000,0.87622,0.87624,0.87619,0.87622,50300000,1
1412911380000,1412911439000,0.87622,0.87633,0.8762,0.8763,47360000,1
1412911440000,1412911499000,0.8763,0.8763,0.87629,0.8763,6750000,1
1412911500000,1412911559000,0.87629,0.87632,0.87622,0.87623,87150000,1
1412911560000,1412911619000,0.87621,0.87622,0.87621,0.87622,8500000,1
1412911620000,1412911679000,0.87622,0.87622,0.87614,0.87615,37560000,1
1412911680000,1412911739000,0.87611,0.87616,0.87611,0.87616,20750000,1
1412911740000,1412911799000,0.87616,0.87626,0.87615,0.87626,36610000,1
1412911800000,1412911859000,0.87626,0.87626,0.8762,0.87624,10190000,1
1412911860000,1412911919000,0.87624,0.87641,0.8762,0.8764,48720000,1
1412911920000,1412911979000,0.87639,0.87643,0.87633,0.87642,34090000,1
1412911980000,1412912039000,0.87643,0.87643,0.87637,0.87639,12320000,1
1412912040000,1412912099000,0.87638,0.87649,0.87638,0.87645,31250000,1
1412912100000,1412912159000,0.87645,0.87648,0.87641,0.87647,20570000,1
1412912160000,1412912219000,0.87645,0.87656,0.87645,0.87647,59700000,1
1412912220000,1412912279000,0.87647,0.87678,0.87647,0.87678,25120000,1
1412912280000,1412912339000,0.87678,0.87678,0.87664,0.87668,47880000,1
1412912340000,1412912399000,0.87667,0.87667,0.87657,0.87658,21990000,1
1412912400000,1412912459000,0.87658,0.87682,0.87658,0.87661,72010000,1
1412912460000,1412912519000,0.87661,0.87661,0.87645,0.87654,57960000,1
1412912520000,1412912579000,0.87654,0.87665,0.87654,0.87661,34360000,1
1412912580000,1412912639000,0.87661,0.87665,0.87657,0.87657,13310000,1
1412912640000,1412912699000,0.87657,0.87657,0.87655,0.87656,3000000,1
1412912700000,1412912759000,0.87656,0.87664,0.87656,0.87664,51210000,1
1412912760000,1412912819000,0.87665,0.87665,0.87656,0.87656,10750000,1
1412912820000,1412912879000,0.87657,0.87668,0.87657,0.87668,24600000,1
1412912880000,1412912939000,0.87669,0.8768,0.87669,0.87673,47890000,1
1412912940000,1412912999000,0.87673,0.87681,0.87673,0.87677,18170000,1
1412913000000,1412913059000,0.87677,0.87681,0.87654,0.87665,82270000,1
1412913060000,1412913119000,0.87665,0.87684,0.87657,0.87682,48690000,1
1412913120000,1412913179000,0.87683,0.87691,0.87683,0.87686,31070000,1
1412913180000,1412913239000,0.87686,0.87686,0.87684,0.87685,31000000,1
1412913240000,1412913299000,0.87685,0.87687,0.87674,0.87674,24200000,1
1412913300000,1412913359000,0.87676,0.87688,0.87676,0.87688,42700000,1
1412913360000,1412913419000,0.87687,0.87701,0.87687,0.87696,24320000,1
1412913420000,1412913479000,0.87695,0.87707,0.87695,0.87706,18620000,1
1412913480000,1412913539000,0.87707,0.87707,0.877,0.877,22000000,1
1412913540000,1412913599000,0.877,0.87709,0.87699,0.87707,18750000,1
1412913600000,1412913659000,0.87706,0.87707,0.87705,0.87705,9500000,1
1412913660000,1412913719000,0.87704,0.87704,0.87699,0.87704,18750000,1
1412913720000,1412913779000,0.87704,0.8771,0.877,0.8771,12000000,1
1412913780000,1412913839000,0.8771,0.8771,0.87706,0.87706,15000000,1
1412913840000,1412913899000,0.87706,0.87708,0.87697,0.87702,31500000,1
1412913900000,1412913959000,0.87702,0.8771,0.877,0.8771,32750000,1
1412913960000,1412914019000,0.87708,0.8771,0.87701,0.87709,27450000,1
1412914020000,1412914079000,0.87709,0.87713,0.87709,0.8771,22250000,1
1412914080000,1412914139000,0.8771,0.87736,0.8771,0.87736,27130000,1
1412914140000,1412914199000,0.87737,0.87748,0.87736,0.87748,25750000,1
1412914200000,1412914259000,0.87747,0.87747,0.87734,0.87736,29750000,1
1412914260000,1412914319000,0.8773,0.87739,0.87727,0.87737,65180000,1
1412914320000,1412914379000,0.87737,0.87742,0.87725,0.8773,46750000,1
1412914380000,1412914439000,0.8773,0.87733,0.87729,0.87729,23500000,1
1412914440000,1412914499000,0.87727,0.87731,0.87723,0.87723,48540000,1
1412914500000,1412914559000,0.87723,0.87734,0.87723,0.87731,56820000,1
1412914560000,1412914619000,0.87731,0.87734,0.87727,0.87727,48240000,1
1412914620000,1412914679000,0.87727,0.87736,0.87727,0.87736,31620000,1
1412914680000,1412914739000,0.87736,0.87736,0.8773,0.8773,11500000,1
1412914740000,1412914799000,0.8773,0.8773,0.87727,0.87727,8800000,1
1412914800000,1412914859000,0.87727,0.87742,0.87727,0.8774,25550000,1
1412914860000,1412914919000,0.8774,0.87756,0.87737,0.8775,39980000,1
1412914920000,1412914979000,0.8775,0.87752,0.87745,0.87749,18490000,1
1412914980000,1412915039000,0.87751,0.87751,0.8775,0.8775,6500000,1
1412915040000,1412915099000,0.87749,0.87761,0.87746,0.8776,48680000,1
1412915100000,1412915159000,0.87762,0.87769,0.87762,0.87767,17500000,1
1412915160000,1412915219000,0.87768,0.87768,0.87767,0.87768,5170000,1
1412915220000,1412915279000,0.87767,0.87768,0.87766,0.87766,13600000,1
1412915280000,1412915339000,0.87765,0.87775,0.87754,0.87767,44840000,1
1412915340000,1412915399000,0.8777,0.87774,0.87757,0.87765,59110000,1
1412915400000,1412915459000,0.87765,0.87771,0.8776,0.87767,45870000,1
1412915460000,1412915519000,0.87767,0.8777,0.8776,0.87768,30780000,1
1412915520000,1412915579000,0.87766,0.87766,0.8775,0.87758,65770000,1
1412915580000,1412915639000,0.87757,0.87764,0.87749,0.87762,115180000,1
1412915640000,1412915699000,0.87762,0.87764,0.87757,0.87764,26400000,1
1412915700000,1412915759000,0.87764,0.87766,0.8776,0.87763,16070000,1
1412915760000,1412915819000,0.87763,0.87773,0.87763,0.87772,48740000,1
1412915820000,1412915879000,0.87772,0.87772,0.87769,0.87769,15680000,1
1412915880000,1412915939000,0.87769,0.8777,0.8776,0.87767,18150000,1
1412915940000,1412915999000,0.87765,0.87765,0.87751,0.87757,32560000,1
1412916000000,1412916059000,0.87755,0.87761,0.87753,0.87757,15520000,1
1412916060000,1412916119000,0.87757,0.87757,0.87752,0.87756,19880000,1
1412916120000,1412916179000,0.87756,0.8776,0.87751,0.87751,20320000,1
1412916180000,1412916239000,0.87748,0.87748,0.87735,0.87735,48000000,1
1412916240000,1412916299000,0.87735,0.87738,0.87731,0.87736,17500000,1
1412916300000,1412916359000,0.87736,0.8774,0.87736,0.87737,20010000,1
1412916360000,1412916419000,0.87736,0.87736,0.8773,0.87733,13900000,1
1412916420000,1412916479000,0.87732,0.87746,0.87732,0.87746,18360000,1
1412916480000,1412916539000,0.87745,0.87746,0.87745,0.87746,38190000,1
1412916540000,1412916599000,0.87745,0.87745,0.87745,0.87745,7640000,1
1412916600000,1412916659000,0.87745,0.87745,0.87739,0.87739,6070000,1
1412916660000,1412916719000,0.87739,0.87744,0.87739,0.87744,7500000,1
1412916720000,1412916779000,0.87746,0.87746,0.87746,0.87746,3840000,1
1412916780000,1412916839000,0.87748,0.8776,0.87742,0.87746,74900000,1
1412916840000,1412916899000,0.87747,0.87747,0.87731,0.87732,42540000,1
1412916900000,1412916959000,0.87732,0.87736,0.87727,0.87729,20500000,1
1412916960000,1412917019000,0.87729,0.87738,0.87722,0.8773,58190000,1
1412917020000,1412917079000,0.87729,0.8773,0.87727,0.87727,13750000,1
1412917080000,1412917139000,0.87723,0.87727,0.87713,0.87719,27120000,1
1412917140000,1412917199000,0.87719,0.8772,0.87712,0.87715,18000000,1
1412917200000,1412917259000,0.87715,0.87722,0.87715,0.87717,37060000,1
1412917260000,1412917319000,0.8772,0.8773,0.8772,0.87727,26000000,1
1412917320000,1412917379000,0.87727,0.87727,0.87712,0.87717,20600000,1
1412917380000,1412917439000,0.87716,0.87717,0.8771,0.87711,16000000,1
1412917440000,1412917499000,0.87711,0.87714,0.87702,0.87714,37770000,1
1412917500000,1412917559000,0.87713,0.87713,0.87712,0.87712,8500000,1
1412917560000,1412917619000,0.87712,0.87721,0.87711,0.87721,26500000,1
1412917620000,1412917679000,0.87721,0.87721,0.87712,0.87712,29000000,1
1412917680000,1412917739000,0.87712,0.87712,0.87698,0.87698,57000000,1
1412917740000,1412917799000,0.87698,0.87708,0.87697,0.87699,49760000,1
1412917800000,1412917859000,0.87697,0.87704,0.87696,0.87697,38250000,1
1412917860000,1412917919000,0.87697,0.87697,0.87689,0.87694,28120000,1
1412917920000,1412917979000,0.87695,0.87695,0.8768,0.87686,80250000,1
1412917980000,1412918039000,0.87686,0.87686,0.87672,0.87672,37390000,1
1412918040000,1412918099000,0.87672,0.87686,0.87672,0.87676,25950000,1
1412918100000,1412918159000,0.87675,0.87697,0.87675,0.87684,72170000,1
1412918160000,1412918219000,0.87685,0.87693,0.87685,0.87687,16020000,1
1412918220000,1412918279000,0.87688,0.87702,0.87677,0.87702,40120000,1
1412918280000,1412918339000,0.87702,0.87702,0.87686,0.87688,48000000,1
1412918340000,1412918399000,0.87689,0.87693,0.87681,0.87685,44960000,1
1412918400000,1412918459000,0.87688,0.87692,0.87682,0.87688,26960000,1
1412918460000,1412918519000,0.87688,0.87695,0.87688,0.87695,20350000,1
1412918520000,1412918579000,0.87694,0.87697,0.87692,0.87697,29990000,1
1412918580000,1412918639000,0.87699,0.87702,0.87693,0.87693,34670000,1
1412918640000,1412918699000,0.87694,0.87695,0.87688,0.87688,30770000,1
1412918700000,1412918759000,0.87688,0.87693,0.87687,0.87687,27620000,1
1412918760000,1412918819000,0.87691,0.87714,0.87691,0.87714,32070000,1
1412918820000,1412918879000,0.87715,0.87727,0.87709,0.87727,36990000,1
1412918880000,1412918939000,0.87728,0.87748,0.87727,0.87747,20570000,1
1412918940000,1412918999000,0.87747,0.87756,0.87745,0.87745,42140000,1
1412919000000,1412919059000,0.87743,0.87783,0.87743,0.87783,39670000,1
1412919060000,1412919119000,0.87782,0.87782,0.87774,0.87777,26250000,1
1412919120000,1412919179000,0.87777,0.87777,0.87762,0.87766,31290000,1
1412919180000,1412919239000,0.87766,0.87779,0.87764,0.87779,62340000,1
1412919240000,1412919299000,0.8778,0.87789,0.87772,0.87784,66290000,1
1412919300000,1412919359000,0.87784,0.87787,0.87777,0.87779,43370000,1
1412919360000,1412919419000,0.87781,0.87811,0.87777,0.87811,72230000,1
1412919420000,1412919479000,0.87811,0.87811,0.878,0.87809,55850000,1
1412919480000,1412919539000,0.87808,0.87808,0.87775,0.87784,70530000,1
1412919540000,1412919599000,0.87784,0.87786,0.87767,0.87782,70240000,1
1412919600000,1412919659000,0.87783,0.87785,0.87768,0.87768,22350000,1
1412919660000,1412919719000,0.87768,0.87772,0.87768,0.8777,8910000,1
1412919720000,1412919779000,0.87767,0.87774,0.87763,0.87767,51770000,1
1412919780000,1412919839000,0.87767,0.87767,0.87729,0.87732,37370000,1
1412919840000,1412919899000,0.87732,0.87749,0.87732,0.87748,27050000,1
1412919900000,1412919959000,0.87751,0.8776,0.87747,0.87759,49580000,1
1412919960000,1412920019000,0.8776,0.87773,0.87756,0.87773,41110000,1
1412920020000,1412920079000,0.87775,0.87775,0.87772,0.87772,21450000,1
1412920080000,1412920139000,0.87769,0.87769,0.87762,0.87767,24100000,1
1412920140000,1412920199000,0.87767,0.8777,0.87763,0.87767,51750000,1
1412920200000,1412920259000,0.87768,0.8777,0.87768,0.87769,13870000,1
1412920260000,1412920319000,0.87767,0.87768,0.87767,0.87768,16800000,1
1412920320000,1412920379000,0.87768,0.87768,0.8774,0.87744,89400000,1
1412920380000,1412920439000,0.87744,0.87744,0.87743,0.87743,3150000,1
1412920440000,1412920499000,0.87743,0.87744,0.87742,0.87744,24470000,1
1412920500000,1412920559000,0.87744,0.87758,0.87744,0.87757,55390000,1
1412920560000,1412920619000,0.87757,0.87767,0.87757,0.87764,57530000,1
1412920620000,1412920679000,0.87767,0.87776,0.87767,0.87776,59000000,1
1412920680000,1412920739000,0.87779,0.87789,0.87779,0.87787,36040000,1
1412920740000,1412920799000,0.87787,0.87791,0.87786,0.87787,46170000,1
1412920800000,1412920859000,0.87786,0.87786,0.87779,0.87785,59250000,1
1412920860000,1412920919000,0.87783,0.87836,0.87783,0.87836,89700000,1
1412920920000,1412920979000,0.87835,0.8785,0.87834,0.87837,71210000,1
1412920980000,1412921039000,0.87837,0.87841,0.87822,0.87822,75520000,1
1412921040000,1412921099000,0.87823,0.87827,0.87814,0.87827,73630000,1
1412921100000,1412921159000,0.87823,0.87823,0.87801,0.87801,58900000,1
1412921160000,1412921219000,0.87801,0.87801,0.87773,0.87775,75890000,1
1412921220000,1412921279000,0.87775,0.87775,0.87757,0.87764,63180000,1
1412921280000,1412921339000,0.87764,0.87773,0.87753,0.87766,73490000,1
1412921340000,1412921399000,0.87766,0.87792,0.87765,0.87767,60840000,1
1412921400000,1412921459000,0.87767,0.87772,0.87756,0.87767,74090000,1
1412921460000,1412921519000,0.87767,0.87767,0.87742,0.8775,56670000,1
1412921520000,1412921579000,0.87748,0.8775,0.87741,0.87746,30440000,1
1412921580000,1412921639000,0.87746,0.87746,0.87715,0.87744,100620000,1
1412921640000,1412921699000,0.87744,0.87752,0.87732,0.87732,33240000,1
1412921700000,1412921759000,0.87732,0.8777,0.87732,0.87769,57750000,1
1412921760000,1412921819000,0.87768,0.87775,0.87747,0.87766,99560000,1
1412921820000,1412921879000,0.87766,0.87766,0.87756,0.87757,42150000,1
1412921880000,1412921939000,0.87757,0.87764,0.87742,0.87754,64370000,1
1412921940000,1412921999000,0.87755,0.87766,0.87753,0.87753,42310000,1
1412922000000,1412922059000,0.87756,0.87756,0.87742,0.87742,41720000,1
1412922060000,1412922119000,0.87742,0.87757,0.87727,0.87736,58420000,1
1412922120000,1412922179000,0.87736,0.87744,0.8772,0.87722,57980000,1
1412922180000,1412922239000,0.87723,0.87739,0.87712,0.87739,48630000,1
1412922240000,1412922299000,0.87741,0.87741,0.87717,0.87724,54340000,1
1412922300000,1412922359000,0.87724,0.87727,0.87724,0.87725,11250000,1
1412922360000,1412922419000,0.87726,0.87726,0.87713,0.87713,29340000,1
1412922420000,1412922479000,0.87714,0.87718,0.87714,0.87714,46950000,1
1412922480000,1412922539000,0.87714,0.87715,0.87709,0.87715,34480000,1
1412922540000,1412922599000,0.87716,0.87717,0.87703,0.87706,90300000,1
1412922600000,1412922659000,0.87706,0.87726,0.87706,0.87724,43370000,1
1412922660000,1412922719000,0.87724,0.87727,0.87723,0.87723,13750000,1
1412922720000,1412922779000,0.87724,0.87738,0.87717,0.87717,43950000,1
1412922780000,1412922839000,0.87719,0.87734,0.87719,0.87731,36520000,1
1412922840000,1412922899000,0.87733,0.87735,0.87727,0.87732,36490000,1
1412922900000,1412922959000,0.87732,0.87732,0.87707,0.87716,80070000,1
1412922960000,1412923019000,0.87715,0.87715,0.87667,0.87674,134420000,1
1412923020000,1412923079000,0.87675,0.87693,0.8767,0.8767,72070000,1
1412923080000,1412923139000,0.87669,0.87712,0.87647,0.87712,110320000,1
1412923140000,1412923199000,0.87712,0.87721,0.87704,0.87705,57440000,1
1412923200000,1412923259000,0.87705,0.87705,0.87693,0.87696,52780000,1
1412923260000,1412923319000,0.87697,0.87697,0.87662,0.87686,77710000,1
1412923320000,1412923379000,0.87688,0.87703,0.87681,0.87681,69120000,1
1412923380000,1412923439000,0.8768,0.87683,0.87661,0.87668,115170000,1
1412923440000,1412923499000,0.87667,0.87667,0.8764,0.87642,64610000,1
1412923500000,1412923559000,0.87642,0.87642,0.87601,0.87604,141280000,1
1412923560000,1412923619000,0.87603,0.87604,0.87571,0.87597,146100000,1
1412923620000,1412923679000,0.87597,0.87627,0.87594,0.87627,129540000,1
1412923680000,1412923739000,0.87631,0.87637,0.87622,0.87628,68980000,1
1412923740000,1412923799000,0.87627,0.87629,0.87591,0.87598,118500000,1
1412923800000,1412923859000,0.87599,0.87599,0.87546,0.87553,149840000,1
1412923860000,1412923919000,0.87551,0.87551,0.87522,0.8754,165170000,1
1412923920000,1412923979000,0.87537,0.87542,0.87524,0.87524,121820000,1
1412923980000,1412924039000,0.87524,0.87524,0.87484,0.87493,161550000,1
1412924040000,1412924099000,0.87493,0.87501,0.8748,0.87488,134160000,1
1412924100000,1412924159000,0.87488,0.8749,0.87479,0.87488,104550000,1
1412924160000,1412924219000,0.87489,0.87505,0.87489,0.87505,67610000,1
1412924220000,1412924279000,0.87504,0.8752,0.87498,0.87512,96470000,1
1412924280000,1412924339000,0.87514,0.87532,0.87512,0.87528,100440000,1
1412924340000,1412924399000,0.87526,0.87553,0.87521,0.87543,142540000,1
1412924400000,1412924459000,0.87541,0.87548,0.8753,0.87544,101720000,1
1412924460000,1412924519000,0.87544,0.87544,0.87514,0.87517,130760000,1
1412924520000,1412924579000,0.87517,0.87517,0.87442,0.87444,150680000,1
1412924580000,1412924639000,0.87443,0.87483,0.87443,0.87472,136900000,1
1412924640000,1412924699000,0.87472,0.87493,0.87464,0.87485,127360000,1
1412924700000,1412924759000,0.87485,0.87516,0.87462,0.87478,146510000,1
1412924760000,1412924819000,0.87476,0.87476,0.87421,0.87443,199200000,1
1412924820000,1412924879000,0.87443,0.87461,0.87425,0.8743,164000000,1
1412924880000,1412924939000,0.87428,0.87428,0.87409,0.87418,142610000,1
1412924940000,1412924999000,0.87418,0.87421,0.87395,0.87415,186760000,1
1412925000000,1412925059000,0.87414,0.8746,0.87414,0.87454,173730000,1
1412925060000,1412925119000,0.87454,0.87483,0.87453,0.87475,139890000,1
1412925120000,1412925179000,0.87475,0.8749,0.87468,0.87481,128800000,1
1412925180000,1412925239000,0.87484,0.87497,0.87465,0.87481,141180000,1
1412925240000,1412925299000,0.87479,0.87495,0.87472,0.87492,104710000,1
1412925300000,1412925359000,0.87489,0.87502,0.87483,0.87495,120640000,1
1412925360000,1412925419000,0.87494,0.875,0.87476,0.87482,101280000,1
1412925420000,1412925479000,0.87483,0.87492,0.87475,0.87491,62860000,1
1412925480000,1412925539000,0.87491,0.87524,0.87485,0.87504,114510000,1
1412925540000,1412925599000,0.87504,0.87525,0.87502,0.8751,135060000,1
1412925600000,1412925659000,0.87512,0.87523,0.87456,0.87466,134030000,1
1412925660000,1412925719000,0.87466,0.87469,0.87442,0.87443,77810000,1
1412925720000,1412925779000,0.87443,0.87474,0.87443,0.87474,105720000,1
1412925780000,1412925839000,0.87472,0.87485,0.8747,0.87474,55270000,1
1412925840000,1412925899000,0.87475,0.87504,0.87474,0.87504,80150000,1
1412925900000,1412925959000,0.87504,0.87504,0.87492,0.87501,70900000,1
1412925960000,1412926019000,0.87499,0.87511,0.87489,0.87506,94890000,1
1412926020000,1412926079000,0.87508,0.8751,0.87483,0.87487,79910000,1
1412926080000,1412926139000,0.87487,0.87508,0.87483,0.87504,112760000,1
1412926140000,1412926199000,0.87503,0.8751,0.87481,0.87487,102900000,1
1412926200000,1412926259000,0.87487,0.87498,0.87487,0.8749,50940000,1
1412926260000,1412926319000,0.87488,0.87493,0.87467,0.87469,123820000,1
1412926320000,1412926379000,0.87469,0.87496,0.87468,0.87494,85260000,1
1412926380000,1412926439000,0.87494,0.87502,0.87478,0.87487,105430000,1
1412926440000,1412926499000,0.87488,0.87506,0.87484,0.8749,69810000,1
1412926500000,1412926559000,0.8749,0.87505,0.87487,0.87502,113760000,1
1412926560000,1412926619000,0.87502,0.87502,0.87478,0.87488,90290000,1
1412926620000,1412926679000,0.87487,0.87493,0.87487,0.87487,46580000,1
1412926680000,1412926739000,0.87487,0.87491,0.87478,0.87485,73380000,1
1412926740000,1412926799000,0.87485,0.87486,0.87463,0.87468,89110000,1
1412926800000,1412926859000,0.87466,0.87468,0.87454,0.87467,88980000,1
1412926860000,1412926919000,0.87469,0.87479,0.87469,0.87474,60170000,1
1412926920000,1412926979000,0.87474,0.87476,0.8747,0.87475,63330000,1
1412926980000,1412927039000,0.87475,0.87475,0.87453,0.87466,86280000,1
1412927040000,1412927099000,0.87467,0.87467,0.87431,0.87431,111240000,1
1412927100000,1412927159000,0.87431,0.87431,0.87395,0.87416,169450000,1
1412927160000,1412927219000,0.87415,0.87416,0.87365,0.87377,177650000,1
1412927220000,1412927279000,0.87378,0.87386,0.87367,0.87371,86450000,1
1412927280000,1412927339000,0.87375,0.87375,0.87358,0.87368,104780000,1
1412927340000,1412927399000,0.87368,0.87368,0.87343,0.87348,42410000,1
1412927400000,1412927459000,0.87347,0.8736,0.8732,0.87327,154490000,1
1412927460000,1412927519000,0.87327,0.8733,0.87307,0.87318,86680000,1
1412927520000,1412927579000,0.87316,0.87328,0.87293,0.87314,178040000,1
1412927580000,1412927639000,0.87313,0.87316,0.87255,0.87268,217980000,1
1412927640000,1412927699000,0.87268,0.87278,0.87219,0.87256,146510000,1
1412927700000,1412927759000,0.87256,0.87263,0.87238,0.87256,119500000,1
1412927760000,1412927819000,0.87257,0.87266,0.87249,0.87258,144510000,1
1412927820000,1412927879000,0.87259,0.87297,0.87259,0.87296,110150000,1
1412927880000,1412927939000,0.87295,0.87309,0.87277,0.87287,111210000,1
1412927940000,1412927999000,0.87287,0.8732,0.87249,0.8725,157070000,1
1412928000000,1412928059000,0.87253,0.87287,0.87253,0.87257,185940000,1
1412928060000,1412928119000,0.87257,0.87266,0.87232,0.87232,159460000,1
1412928120000,1412928179000,0.87232,0.87255,0.87212,0.87255,155360000,1
1412928180000,1412928239000,0.87255,0.87263,0.87249,0.87258,66490000,1
1412928240000,1412928299000,0.87258,0.87286,0.87245,0.87276,112940000,1
1412928300000,1412928359000,0.87275,0.87305,0.87267,0.87301,185370000,1
1412928360000,1412928419000,0.873,0.87307,0.87277,0.87279,194220000,1
1412928420000,1412928479000,0.87277,0.87277,0.87262,0.8727,104320000,1
1412928480000,1412928539000,0.87271,0.87272,0.87237,0.87237,104730000,1
1412928540000,1412928599000,0.87237,0.87237,0.87219,0.87219,147330000,1
1412928600000,1412928659000,0.87217,0.87224,0.87182,0.87198,154620000,1
1412928660000,1412928719000,0.87203,0.87212,0.87145,0.87146,191430000,1
1412928720000,1412928779000,0.87144,0.87156,0.87103,0.87124,157600000,1
1412928780000,1412928839000,0.87124,0.87135,0.87094,0.87097,169830000,1
1412928840000,1412928899000,0.87098,0.87135,0.87097,0.87125,181830000,1
1412928900000,1412928959000,0.87125,0.87144,0.87114,0.87142,188870000,1
1412928960000,1412929019000,0.8714,0.87149,0.87135,0.87143,56090000,1
1412929020000,1412929079000,0.87146,0.87159,0.87141,0.87159,186550000,1
1412929080000,1412929139000,0.87158,0.87179,0.87158,0.87177,88840000,1
1412929140000,1412929199000,0.87177,0.87183,0.87107,0.87117,186580000,1
1412929200000,1412929259000,0.87117,0.87128,0.87068,0.87078,169870000,1
1412929260000,1412929319000,0.87078,0.87096,0.87074,0.87094,136670000,1
1412929320000,1412929379000,0.87093,0.87101,0.87093,0.87095,85410000,1
1412929380000,1412929439000,0.87094,0.8713,0.87094,0.87114,96760000,1
1412929440000,1412929499000,0.87117,0.87137,0.87111,0.8713,111020000,1
1412929500000,1412929559000,0.87134,0.87149,0.87123,0.87143,120010000,1
1412929560000,1412929619000,0.87143,0.87148,0.87131,0.87146,106800000,1
1412929620000,1412929679000,0.87146,0.87164,0.87145,0.87156,83620000,1
1412929680000,1412929739000,0.87154,0.8717,0.87154,0.8717,82730000,1
1412929740000,1412929799000,0.87171,0.87179,0.8717,0.87175,85740000,1
1412929800000,1412929859000,0.87175,0.87214,0.8717,0.87213,118340000,1
1412929860000,1412929919000,0.87214,0.87221,0.87197,0.87208,164770000,1
1412929920000,1412929979000,0.87207,0.87211,0.87187,0.87197,192550000,1
1412929980000,1412930039000,0.87197,0.87207,0.87192,0.87201,107280000,1
1412930040000,1412930099000,0.87203,0.87237,0.87203,0.8723,95610000,1
1412930100000,1412930159000,0.8723,0.87235,0.87224,0.87228,131410000,1
1412930160000,1412930219000,0.87227,0.87251,0.87223,0.87251,94590000,1
1412930220000,1412930279000,0.87253,0.87273,0.87251,0.8727,104910000,1
1412930280000,1412930339000,0.87271,0.87272,0.87261,0.87262,107020000,1
1412930340000,1412930399000,0.87262,0.87267,0.8725,0.87251,26870000,1
1412930400000,1412930459000,0.87252,0.87254,0.87225,0.87225,93470000,1
1412930460000,1412930519000,0.87225,0.87229,0.87225,0.87227,50710000,1
1412930520000,1412930579000,0.87227,0.87255,0.87227,0.87255,81040000,1
1412930580000,1412930639000,0.87256,0.87288,0.87256,0.87286,174650000,1
1412930640000,1412930699000,0.87286,0.87287,0.87276,0.87286,112010000,1
1412930700000,1412930759000,0.87286,0.873,0.87282,0.87282,86280000,1
1412930760000,1412930819000,0.8728,0.87291,0.87237,0.87244,177000000,1
1412930820000,1412930879000,0.87246,0.87258,0.87231,0.87252,125080000,1
1412930880000,1412930939000,0.87252,0.8726,0.87238,0.87247,89040000,1
1412930940000,1412930999000,0.8725,0.87253,0.87187,0.87211,154500000,1
1412931000000,1412931059000,0.87211,0.87213,0.87186,0.87191,124150000,1
1412931060000,1412931119000,0.87189,0.87204,0.8717,0.87177,105610000,1
1412931120000,1412931179000,0.87178,0.87185,0.87174,0.87179,98280000,1
1412931180000,1412931239000,0.87177,0.87193,0.87177,0.87193,51180000,1
1412931240000,1412931299000,0.87193,0.87229,0.87191,0.87229,100020000,1
1412931300000,1412931359000,0.8723,0.87258,0.87229,0.87258,86490000,1
1412931360000,1412931419000,0.87255,0.87255,0.87231,0.87231,132850000,1
1412931420000,1412931479000,0.87232,0.87247,0.87229,0.87247,91340000,1
1412931480000,1412931539000,0.87248,0.87253,0.87242,0.87247,78780000,1
1412931540000,1412931599000,0.87247,0.87264,0.87247,0.87253,82770000,1
1412931600000,1412931659000,0.87253,0.87271,0.87253,0.87268,101110000,1
1412931660000,1412931719000,0.87268,0.87274,0.87253,0.87263,135500000,1
1412931720000,1412931779000,0.87262,0.87263,0.87233,0.87244,91000000,1
1412931780000,1412931839000,0.87244,0.87263,0.87244,0.87247,87260000,1
1412931840000,1412931899000,0.87247,0.87256,0.87233,0.87244,83610000,1
1412931900000,1412931959000,0.87243,0.87244,0.87212,0.87218,51440000,1
1412931960000,1412932019000,0.87218,0.87218,0.872,0.87208,57330000,1
1412932020000,1412932079000,0.87208,0.87245,0.87208,0.87227,73390000,1
1412932080000,1412932139000,0.87227,0.87235,0.87217,0.87223,45450000,1
1412932140000,1412932199000,0.87221,0.87221,0.87177,0.87177,86340000,1
1412932200000,1412932259000,0.87177,0.8718,0.87143,0.87167,194880000,1
1412932260000,1412932319000,0.87167,0.87195,0.87162,0.8719,130070000,1
1412932320000,1412932379000,0.87191,0.87215,0.87178,0.87214,187330000,1
1412932380000,1412932439000,0.87214,0.87223,0.87187,0.87187,133780000,1
1412932440000,1412932499000,0.87188,0.87206,0.87177,0.87201,93400000,1
1412932500000,1412932559000,0.87201,0.87212,0.87187,0.87204,110400000,1
1412932560000,1412932619000,0.87204,0.87208,0.87177,0.87186,130830000,1
1412932620000,1412932679000,0.87187,0.87189,0.87168,0.87189,106990000,1
1412932680000,1412932739000,0.87186,0.87186,0.87158,0.87178,110130000,1
1412932740000,1412932799000,0.87175,0.87178,0.87131,0.87131,126390000,1
1412932800000,1412932859000,0.87133,0.87143,0.87132,0.87138,115360000,1
1412932860000,1412932919000,0.87138,0.87147,0.87122,0.87129,112360000,1
1412932920000,1412932979000,0.87131,0.87167,0.87131,0.87149,130840000,1
1412932980000,1412933039000,0.87147,0.87161,0.87137,0.87159,120940000,1
1412933040000,1412933099000,0.87161,0.87174,0.87148,0.87159,142470000,1
1412933100000,1412933159000,0.87159,0.87172,0.87147,0.8717,79930000,1
1412933160000,1412933219000,0.87172,0.87201,0.87172,0.87201,81790000,1
1412933220000,1412933279000,0.87199,0.87211,0.87197,0.872,133450000,1
1412933280000,1412933339000,0.87197,0.87198,0.8718,0.8719,109060000,1
1412933340000,1412933399000,0.8719,0.87192,0.87172,0.87174,64540000,1
1412933400000,1412933459000,0.87174,0.87174,0.87153,0.87158,106490000,1
1412933460000,1412933519000,0.87159,0.8718,0.87159,0.8717,81960000,1
1412933520000,1412933579000,0.87169,0.87196,0.87169,0.87191,94090000,1
1412933580000,1412933639000,0.8719,0.87222,0.87178,0.87222,115070000,1
1412933640000,1412933699000,0.87221,0.87242,0.87219,0.87241,94390000,1
1412933700000,1412933759000,0.8724,0.87245,0.87212,0.87212,114700000,1
1412933760000,1412933819000,0.87212,0.8724,0.87211,0.87216,93860000,1
1412933820000,1412933879000,0.87216,0.8723,0.87209,0.87229,81580000,1
1412933880000,1412933939000,0.87228,0.87238,0.87221,0.87227,119620000,1
1412933940000,1412933999000,0.87227,0.87235,0.87221,0.87222,78550000,1
1412934000000,1412934059000,0.87222,0.87228,0.87206,0.8721,101640000,1
1412934060000,1412934119000,0.87209,0.87209,0.87181,0.87187,92940000,1
1412934120000,1412934179000,0.87187,0.87194,0.87177,0.87184,59480000,1
1412934180000,1412934239000,0.87182,0.87188,0.87166,0.87177,73770000,1
1412934240000,1412934299000,0.87175,0.87175,0.87152,0.87155,140400000,1
1412934300000,1412934359000,0.87155,0.87162,0.87144,0.87149,58480000,1
1412934360000,1412934419000,0.87149,0.87149,0.87115,0.87118,41970000,1
1412934420000,1412934479000,0.87113,0.87116,0.87101,0.87111,59530000,1
1412934480000,1412934539000,0.87108,0.87126,0.87107,0.87124,89670000,1
1412934540000,1412934599000,0.87126,0.87128,0.8712,0.87126,59560000,1
1412934600000,1412934659000,0.87126,0.87135,0.87121,0.87131,68220000,1
1412934660000,1412934719000,0.87132,0.87134,0.8713,0.87131,33390000,1
1412934720000,1412934779000,0.87133,0.87157,0.8712,0.87151,108230000,1
1412934780000,1412934839000,0.8715,0.8717,0.87146,0.87162,116580000,1
1412934840000,1412934899000,0.87163,0.87165,0.87148,0.87153,65680000,1
1412934900000,1412934959000,0.87153,0.87165,0.87152,0.87152,61720000,1
1412934960000,1412935019000,0.87151,0.87151,0.87123,0.8713,65480000,1
1412935020000,1412935079000,0.8713,0.87157,0.87128,0.87157,67710000,1
1412935080000,1412935139000,0.87157,0.87161,0.87148,0.87158,59380000,1
1412935140000,1412935199000,0.87158,0.87193,0.87158,0.87179,91610000,1
1412935200000,1412935259000,0.87177,0.87218,0.87174,0.87218,119260000,1
1412935260000,1412935319000,0.87219,0.8724,0.87201,0.87201,114040000,1
1412935320000,1412935379000,0.87201,0.8721,0.87133,0.87137,191020000,1
1412935380000,1412935439000,0.87136,0.87157,0.87136,0.87148,78790000,1
1412935440000,1412935499000,0.87149,0.8715,0.87117,0.87131,98120000,1
1412935500000,1412935559000,0.87131,0.87165,0.8713,0.87164,71110000,1
1412935560000,1412935619000,0.87163,0.87178,0.87162,0.87174,53210000,1
1412935620000,1412935679000,0.87177,0.87192,0.87172,0.87192,56880000,1
1412935680000,1412935739000,0.8719,0.8719,0.87165,0.87175,84890000,1
1412935740000,1412935799000,0.8718,0.87201,0.87177,0.87188,96140000,1
1412935800000,1412935859000,0.87192,0.87195,0.87145,0.87167,108990000,1
1412935860000,1412935919000,0.87169,0.8719,0.87155,0.87158,105950000,1
1412935920000,1412935979000,0.8716,0.8716,0.87134,0.87143,112620000,1
1412935980000,1412936039000,0.87144,0.8717,0.8714,0.87167,84770000,1
1412936040000,1412936099000,0.87166,0.87177,0.87162,0.87173,54680000,1
1412936100000,1412936159000,0.87173,0.87177,0.87153,0.87161,89840000,1
1412936160000,1412936219000,0.87156,0.87167,0.87143,0.87151,86320000,1
1412936220000,1412936279000,0.87152,0.87168,0.87149,0.87149,83820000,1
1412936280000,1412936339000,0.87148,0.87181,0.87139,0.8718,84580000,1
1412936340000,1412936399000,0.8718,0.87191,0.87172,0.87189,53550000,1
1412936400000,1412936459000,0.87187,0.87205,0.87187,0.87191,95930000,1
1412936460000,1412936519000,0.87191,0.87191,0.87149,0.87159,85920000,1
1412936520000,1412936579000,0.87158,0.87158,0.87135,0.87138,76890000,1
1412936580000,1412936639000,0.87137,0.87165,0.87137,0.87156,83780000,1
1412936640000,1412936699000,0.87156,0.87156,0.87137,0.87137,54130000,1
1412936700000,1412936759000,0.87137,0.87137,0.87095,0.87097,92840000,1
1412936760000,1412936819000,0.87095,0.87105,0.87074,0.87086,132730000,1
1412936820000,1412936879000,0.87087,0.871,0.87077,0.87098,105340000,1
1412936880000,1412936939000,0.87097,0.87097,0.87054,0.8707,119510000,1
1412936940000,1412936999000,0.8707,0.87106,0.87062,0.87101,117130000,1
1412937000000,1412937059000,0.87102,0.87124,0.8708,0.87123,133300000,1
1412937060000,1412937119000,0.87122,0.87122,0.87109,0.87111,99160000,1
1412937120000,1412937179000,0.87111,0.87128,0.8711,0.87118,56190000,1
1412937180000,1412937239000,0.87118,0.87124,0.87108,0.87116,62450000,1
1412937240000,1412937299000,0.87116,0.87117,0.87067,0.87087,115700000,1
1412937300000,1412937359000,0.87087,0.87098,0.87087,0.87087,48190000,1
1412937360000,1412937419000,0.87087,0.87087,0.87061,0.87067,37660000,1
1412937420000,1412937479000,0.87067,0.87081,0.87058,0.8708,60270000,1
1412937480000,1412937539000,0.8708,0.87104,0.8708,0.87097,71460000,1
1412937540000,1412937599000,0.87097,0.87105,0.87078,0.87096,93640000,1
1412937600000,1412937659000,0.87096,0.87133,0.87096,0.87115,106860000,1
1412937660000,1412937719000,0.87115,0.87115,0.87109,0.87111,31810000,1
1412937720000,1412937779000,0.87109,0.87119,0.87099,0.87111,83520000,1
1412937780000,1412937839000,0.87111,0.8714,0.87111,0.87136,80090000,1
1412937840000,1412937899000,0.87136,0.87151,0.87133,0.87145,66500000,1
1412937900000,1412937959000,0.87145,0.87145,0.87137,0.8714,30170000,1
1412937960000,1412938019000,0.8714,0.87153,0.8714,0.87149,64200000,1
1412938020000,1412938079000,0.87149,0.87158,0.87149,0.87152,52610000,1
1412938080000,1412938139000,0.8715,0.87169,0.87147,0.87167,65750000,1
1412938140000,1412938199000,0.87167,0.87178,0.87167,0.87177,81740000,1
1412938200000,1412938259000,0.87177,0.87188,0.87177,0.87181,34580000,1
1412938260000,1412938319000,0.8718,0.87182,0.87174,0.87181,30740000,1
1412938320000,1412938379000,0.87179,0.87179,0.87169,0.87169,18170000,1
1412938380000,1412938439000,0.87169,0.87178,0.87167,0.87172,77280000,1
1412938440000,1412938499000,0.87172,0.8718,0.87169,0.8718,56200000,1
1412938500000,1412938559000,0.87179,0.87185,0.87171,0.87185,43380000,1
1412938560000,1412938619000,0.87184,0.87195,0.87177,0.87178,47310000,1
1412938620000,1412938679000,0.87178,0.87189,0.87171,0.87189,93530000,1
1412938680000,1412938739000,0.87188,0.8719,0.87177,0.87181,40740000,1
1412938740000,1412938799000,0.87181,0.87181,0.87155,0.87158,85260000,1
1412938800000,1412938859000,0.8716,0.8718,0.8716,0.87178,69830000,1
1412938860000,1412938919000,0.8718,0.87186,0.87167,0.87181,89110000,1
1412938920000,1412938979000,0.87183,0.872,0.87183,0.87195,59070000,1
1412938980000,1412939039000,0.87196,0.8721,0.87194,0.87201,108440000,1
1412939040000,1412939099000,0.87201,0.87226,0.87198,0.87208,139350000,1
1412939100000,1412939159000,0.87208,0.87208,0.87157,0.87157,82470000,1
1412939160000,1412939219000,0.87157,0.87176,0.87157,0.87167,100500000,1
1412939220000,1412939279000,0.87167,0.87175,0.87162,0.87171,115080000,1
1412939280000,1412939339000,0.87171,0.87179,0.87168,0.87168,76850000,1
1412939340000,1412939399000,0.87168,0.87186,0.87163,0.87177,50610000,1
1412939400000,1412939459000,0.87177,0.87186,0.87169,0.87169,70870000,1
1412939460000,1412939519000,0.8717,0.87173,0.87137,0.87137,71470000,1
1412939520000,1412939579000,0.87137,0.87148,0.87126,0.87128,71100000,1
1412939580000,1412939639000,0.8713,0.87135,0.87114,0.87129,79810000,1
1412939640000,1412939699000,0.87132,0.87137,0.87117,0.87137,64190000,1
1412939700000,1412939759000,0.87137,0.87141,0.87117,0.87127,75030000,1
1412939760000,1412939819000,0.87126,0.87131,0.87109,0.87109,71290000,1
1412939820000,1412939879000,0.87112,0.87117,0.87091,0.87098,85640000,1
1412939880000,1412939939000,0.87101,0.87126,0.87101,0.87126,40030000,1
1412939940000,1412939999000,0.87127,0.87152,0.87127,0.87152,78950000,1
1412940000000,1412940059000,0.87152,0.87156,0.87136,0.87153,81450000,1
1412940060000,1412940119000,0.87153,0.87157,0.87107,0.87107,119430000,1
1412940120000,1412940179000,0.87107,0.87141,0.87107,0.8714,96190000,1
1412940180000,1412940239000,0.87139,0.87141,0.87128,0.87128,50800000,1
1412940240000,1412940299000,0.87129,0.87134,0.87112,0.87126,76550000,1
1412940300000,1412940359000,0.87128,0.87136,0.87125,0.87128,51590000,1
1412940360000,1412940419000,0.87128,0.87147,0.87128,0.87147,70430000,1
1412940420000,1412940479000,0.87148,0.87154,0.87128,0.8713,96660000,1
1412940480000,1412940539000,0.87132,0.87154,0.87132,0.87134,75920000,1
1412940540000,1412940599000,0.87133,0.87138,0.8713,0.87132,61760000,1
1412940600000,1412940659000,0.87131,0.87144,0.87131,0.87144,30900000,1
1412940660000,1412940719000,0.87144,0.87168,0.87141,0.87157,55690000,1
1412940720000,1412940779000,0.87157,0.87157,0.87139,0.8714,61700000,1
1412940780000,1412940839000,0.87145,0.87158,0.87142,0.87153,86210000,1
1412940840000,1412940899000,0.87155,0.87168,0.87147,0.87168,48530000,1
1412940900000,1412940959000,0.87166,0.87166,0.87143,0.87147,62580000,1
1412940960000,1412941019000,0.87149,0.87161,0.87149,0.87149,62000000,1
1412941020000,1412941079000,0.87151,0.87166,0.8715,0.87158,67000000,1
1412941080000,1412941139000,0.87158,0.8717,0.87139,0.8717,93450000,1
1412941140000,1412941199000,0.8717,0.87175,0.8716,0.8716,68040000,1
1412941200000,1412941259000,0.8716,0.87162,0.87147,0.87158,70830000,1
1412941260000,1412941319000,0.87158,0.87159,0.87132,0.87146,39540000,1
1412941320000,1412941379000,0.87146,0.87159,0.87146,0.87152,65010000,1
1412941380000,1412941439000,0.87152,0.87167,0.8715,0.87159,54010000,1
1412941440000,1412941499000,0.87159,0.87159,0.87129,0.87133,70870000,1
1412941500000,1412941559000,0.8713,0.8714,0.87111,0.87111,125180000,1
1412941560000,1412941619000,0.8711,0.87114,0.87093,0.87096,87340000,1
1412941620000,1412941679000,0.87095,0.87095,0.87062,0.87067,108530000,1
1412941680000,1412941739000,0.87069,0.87094,0.87069,0.87079,97990000,1
1412941740000,1412941799000,0.87081,0.87096,0.87081,0.87093,101420000,1
1412941800000,1412941859000,0.87094,0.87097,0.87077,0.8708,104510000,1
1412941860000,1412941919000,0.87082,0.87097,0.87077,0.87084,44810000,1
1412941920000,1412941979000,0.8708,0.87088,0.87078,0.87087,70790000,1
1412941980000,1412942039000,0.87092,0.87116,0.87092,0.87108,80190000,1
1412942040000,1412942099000,0.87109,0.8712,0.87108,0.8712,49260000,1
1412942100000,1412942159000,0.87119,0.87125,0.87109,0.87122,87300000,1
1412942160000,1412942219000,0.87122,0.8714,0.87118,0.87138,52350000,1
1412942220000,1412942279000,0.87136,0.87136,0.87119,0.87134,97550000,1
1412942280000,1412942339000,0.87136,0.87139,0.87136,0.87139,24340000,1
1412942340000,1412942399000,0.87139,0.8714,0.87124,0.87127,31500000,1
1412942400000,1412942459000,0.87128,0.87144,0.87128,0.87142,77630000,1
1412942460000,1412942519000,0.87142,0.87144,0.87128,0.87137,99580000,1
1412942520000,1412942579000,0.87137,0.87145,0.87137,0.87143,26670000,1
1412942580000,1412942639000,0.87143,0.87173,0.87143,0.8717,83830000,1
1412942640000,1412942699000,0.87173,0.87181,0.87162,0.87172,80820000,1
1412942700000,1412942759000,0.87172,0.87172,0.87147,0.8716,78320000,1
1412942760000,1412942819000,0.87161,0.87178,0.87161,0.87168,77080000,1
1412942820000,1412942879000,0.87167,0.87167,0.87127,0.87127,70460000,1
1412942880000,1412942939000,0.87129,0.87144,0.87129,0.8714,58740000,1
1412942940000,1412942999000,0.87139,0.87143,0.87124,0.87128,87690000,1
1412943000000,1412943059000,0.8713,0.8713,0.8709,0.87098,121640000,1
1412943060000,1412943119000,0.87098,0.8711,0.87098,0.87101,106600000,1
1412943120000,1412943179000,0.87102,0.8713,0.87099,0.87108,71180000,1
1412943180000,1412943239000,0.87111,0.87118,0.87096,0.87098,123620000,1
1412943240000,1412943299000,0.87099,0.87105,0.87087,0.87094,75610000,1
1412943300000,1412943359000,0.87093,0.87098,0.87078,0.87098,118240000,1
1412943360000,1412943419000,0.87097,0.87097,0.87078,0.87079,88420000,1
1412943420000,1412943479000,0.87083,0.87111,0.87083,0.87098,90490000,1
1412943480000,1412943539000,0.87097,0.87106,0.87069,0.8707,92220000,1
1412943540000,1412943599000,0.87071,0.87075,0.87062,0.87063,131060000,1
1412943600000,1412943659000,0.87063,0.87075,0.87032,0.87039,128630000,1
1412943660000,1412943719000,0.87039,0.8705,0.87029,0.87049,52520000,1
1412943720000,1412943779000,0.8705,0.87051,0.87037,0.87038,122860000,1
1412943780000,1412943839000,0.87038,0.87038,0.87008,0.87009,73630000,1
1412943840000,1412943899000,0.87009,0.87013,0.86999,0.87008,81230000,1
1412943900000,1412943959000,0.87009,0.8702,0.86962,0.86963,158500000,1
1412943960000,1412944019000,0.86962,0.86965,0.86915,0.86922,121160000,1
1412944020000,1412944079000,0.86923,0.86948,0.86918,0.86945,85760000,1
1412944080000,1412944139000,0.86944,0.86945,0.86921,0.86926,126070000,1
1412944140000,1412944199000,0.86926,0.86934,0.86922,0.8693,145560000,1
1412944200000,1412944259000,0.86936,0.87008,0.86917,0.8693,179500000,1
1412944260000,1412944319000,0.8693,0.86969,0.86912,0.86948,157040000,1
1412944320000,1412944379000,0.86948,0.86976,0.86947,0.86957,155260000,1
1412944380000,1412944439000,0.86958,0.86968,0.86935,0.86953,112170000,1
1412944440000,1412944499000,0.86953,0.86963,0.86936,0.86957,155340000,1
1412944500000,1412944559000,0.86959,0.86969,0.86941,0.86949,94610000,1
1412944560000,1412944619000,0.86951,0.86959,0.86914,0.86914,170400000,1
1412944620000,1412944679000,0.86912,0.86935,0.86871,0.86935,196990000,1
1412944680000,1412944739000,0.86935,0.86957,0.86925,0.86957,154750000,1
1412944740000,1412944799000,0.86957,0.86959,0.86947,0.86951,75930000,1
1412944800000,1412944859000,0.86953,0.8699,0.86949,0.86981,81790000,1
1412944860000,1412944919000,0.86983,0.86986,0.8696,0.8698,139660000,1
1412944920000,1412944979000,0.86978,0.87012,0.8697,0.87007,139110000,1
1412944980000,1412945039000,0.87008,0.87018,0.86997,0.86999,134070000,1
1412945040000,1412945099000,0.87,0.87002,0.86977,0.86977,83550000,1
1412945100000,1412945159000,0.86978,0.8698,0.86936,0.86946,93410000,1
1412945160000,1412945219000,0.86946,0.86968,0.86943,0.86964,85330000,1
1412945220000,1412945279000,0.86965,0.86965,0.86945,0.86947,97700000,1
1412945280000,1412945339000,0.86947,0.8697,0.86918,0.86956,168670000,1
1412945340000,1412945399000,0.86956,0.86959,0.86938,0.86957,135350000,1
1412945400000,1412945459000,0.86961,0.86986,0.86956,0.86978,83780000,1
1412945460000,1412945519000,0.8698,0.87027,0.8698,0.87025,144930000,1
1412945520000,1412945579000,0.87025,0.87041,0.87025,0.87038,70360000,1
1412945580000,1412945639000,0.87038,0.87049,0.87038,0.87047,61710000,1
1412945640000,1412945699000,0.87047,0.87063,0.87027,0.87027,81110000,1
1412945700000,1412945759000,0.87026,0.87027,0.87007,0.87007,52180000,1
1412945760000,1412945819000,0.87007,0.87007,0.86979,0.86996,93830000,1
1412945820000,1412945879000,0.86998,0.86998,0.86953,0.86967,118840000,1
1412945880000,1412945939000,0.86967,0.87014,0.86966,0.87014,95650000,1
1412945940000,1412945999000,0.87015,0.87036,0.87013,0.87035,91990000,1
1412946000000,1412946059000,0.87032,0.87058,0.87032,0.87037,69530000,1
1412946060000,1412946119000,0.87037,0.87056,0.87037,0.87047,54930000,1
1412946120000,1412946179000,0.87047,0.87048,0.87025,0.87037,69300000,1
1412946180000,1412946239000,0.87038,0.87062,0.87038,0.8706,55770000,1
1412946240000,1412946299000,0.87059,0.87088,0.87059,0.87086,91100000,1
1412946300000,1412946359000,0.87085,0.87087,0.87058,0.87068,131120000,1
1412946360000,1412946419000,0.87066,0.87081,0.87048,0.87077,102700000,1
1412946420000,1412946479000,0.87078,0.87088,0.87058,0.87069,87350000,1
1412946480000,1412946539000,0.87069,0.8709,0.87059,0.87084,111860000,1
1412946540000,1412946599000,0.87081,0.87102,0.8707,0.87076,112410000,1
1412946600000,1412946659000,0.87076,0.87098,0.87076,0.87078,58860000,1
1412946660000,1412946719000,0.87077,0.87139,0.87077,0.87127,92540000,1
1412946720000,1412946779000,0.87127,0.87131,0.87101,0.87116,102390000,1
1412946780000,1412946839000,0.87118,0.87119,0.87099,0.871,67530000,1
1412946840000,1412946899000,0.871,0.87121,0.87075,0.87115,109290000,1
1412946900000,1412946959000,0.87112,0.87158,0.87107,0.87158,124820000,1
1412946960000,1412947019000,0.87158,0.87166,0.87147,0.87158,83870000,1
1412947020000,1412947079000,0.87157,0.87162,0.87155,0.87159,61570000,1
1412947080000,1412947139000,0.87156,0.87163,0.87146,0.87147,103570000,1
1412947140000,1412947199000,0.87147,0.87163,0.87147,0.87159,88560000,1
1412947200000,1412947259000,0.8716,0.87185,0.8716,0.87178,81680000,1
1412947260000,1412947319000,0.87178,0.8718,0.87168,0.87176,52850000,1
1412947320000,1412947379000,0.87176,0.87178,0.87148,0.87157,57690000,1
1412947380000,1412947439000,0.87158,0.87158,0.87129,0.87138,73810000,1
1412947440000,1412947499000,0.87136,0.8714,0.87117,0.87117,69880000,1
1412947500000,1412947559000,0.87117,0.8715,0.87116,0.87149,59790000,1
1412947560000,1412947619000,0.87152,0.87172,0.8715,0.87172,69150000,1
1412947620000,1412947679000,0.87174,0.87182,0.87169,0.8718,39070000,1
1412947680000,1412947739000,0.87181,0.87223,0.87181,0.87207,107660000,1
1412947740000,1412947799000,0.87209,0.87248,0.87209,0.87241,217110000,1
1412947800000,1412947859000,0.87241,0.8727,0.87239,0.87265,166540000,1
1412947860000,1412947919000,0.87266,0.87268,0.87217,0.87226,164460000,1
1412947920000,1412947979000,0.87226,0.87228,0.87178,0.87178,126520000,1
1412947980000,1412948039000,0.87178,0.87201,0.87178,0.87198,115420000,1
1412948040000,1412948099000,0.87197,0.87198,0.87173,0.87174,104890000,1
1412948100000,1412948159000,0.87172,0.872,0.87168,0.87198,142000000,1
1412948160000,1412948219000,0.87198,0.87211,0.87191,0.872,72680000,1
1412948220000,1412948279000,0.872,0.872,0.87171,0.87187,141680000,1
1412948280000,1412948339000,0.87187,0.87196,0.87174,0.87177,82010000,1
1412948340000,1412948399000,0.87177,0.87218,0.87177,0.87218,93840000,1
1412948400000,1412948459000,0.87219,0.87246,0.87199,0.87246,193090000,1
1412948460000,1412948519000,0.87244,0.87251,0.87216,0.87223,138800000,1
1412948520000,1412948579000,0.87223,0.87239,0.87205,0.87236,128000000,1
1412948580000,1412948639000,0.87236,0.87257,0.87234,0.87257,101730000,1
1412948640000,1412948699000,0.87258,0.8727,0.87249,0.87258,117630000,1
1412948700000,1412948759000,0.87256,0.87269,0.87241,0.87267,128620000,1
1412948760000,1412948819000,0.87268,0.87277,0.87259,0.87266,104510000,1
1412948820000,1412948879000,0.87267,0.8729,0.87266,0.87286,124490000,1
1412948880000,1412948939000,0.87286,0.87287,0.87257,0.87274,97090000,1
1412948940000,1412948999000,0.87274,0.87276,0.87258,0.8726,81620000,1
1412949000000,1412949059000,0.87261,0.87271,0.87261,0.87261,79910000,1
1412949060000,1412949119000,0.8726,0.87281,0.87257,0.87268,71610000,1
1412949120000,1412949179000,0.87263,0.87283,0.87255,0.87283,71220000,1
1412949180000,1412949239000,0.87282,0.87282,0.87271,0.87277,73590000,1
1412949240000,1412949299000,0.87281,0.87316,0.87281,0.87287,138500000,1
1412949300000,1412949359000,0.87288,0.8729,0.87257,0.87267,117090000,1
1412949360000,1412949419000,0.87266,0.87266,0.87225,0.87236,106870000,1
1412949420000,1412949479000,0.87235,0.87238,0.87219,0.87228,92810000,1
1412949480000,1412949539000,0.87228,0.87228,0.87211,0.87218,92900000,1
1412949540000,1412949599000,0.87214,0.87232,0.87211,0.87216,124340000,1
1412949600000,1412949659000,0.87216,0.87228,0.87207,0.87218,116150000,1
1412949660000,1412949719000,0.87218,0.87218,0.87173,0.87178,107290000,1
1412949720000,1412949779000,0.87178,0.87207,0.87173,0.87196,111780000,1
1412949780000,1412949839000,0.87196,0.87197,0.87159,0.87162,72960000,1
1412949840000,1412949899000,0.87162,0.87196,0.87158,0.87185,153090000,1
1412949900000,1412949959000,0.87185,0.87196,0.87167,0.87167,163820000,1
1412949960000,1412950019000,0.87167,0.87169,0.87145,0.87147,89360000,1
1412950020000,1412950079000,0.87147,0.87149,0.87123,0.87128,128580000,1
1412950080000,1412950139000,0.87129,0.87139,0.87089,0.87098,117400000,1
1412950140000,1412950199000,0.87099,0.87108,0.87052,0.87055,176610000,1
1412950200000,1412950259000,0.87056,0.87068,0.8703,0.87068,182240000,1
1412950260000,1412950319000,0.87068,0.87086,0.87027,0.87036,152430000,1
1412950320000,1412950379000,0.87036,0.87036,0.86993,0.86999,200950000,1
1412950380000,1412950439000,0.86999,0.87056,0.86999,0.87047,171400000,1
1412950440000,1412950499000,0.87045,0.87069,0.87039,0.87058,226330000,1
1412950500000,1412950559000,0.87062,0.87105,0.87057,0.871,189310000,1
1412950560000,1412950619000,0.871,0.8711,0.87083,0.87087,139420000,1
1412950620000,1412950679000,0.87087,0.87156,0.87087,0.87138,177780000,1
1412950680000,1412950739000,0.87139,0.87146,0.87107,0.87136,183520000,1
1412950740000,1412950799000,0.87138,0.87155,0.87127,0.87128,136140000,1
1412950800000,1412950859000,0.87127,0.87144,0.87127,0.87128,104280000,1
1412950860000,1412950919000,0.87128,0.87143,0.87097,0.87106,98240000,1
1412950920000,1412950979000,0.87107,0.87127,0.87097,0.87105,112290000,1
1412950980000,1412951039000,0.87109,0.87116,0.87087,0.87107,167330000,1
1412951040000,1412951099000,0.87107,0.87125,0.87089,0.87097,149810000,1
1412951100000,1412951159000,0.87097,0.87097,0.87028,0.87037,195090000,1
1412951160000,1412951219000,0.87037,0.87055,0.8702,0.8702,93490000,1
1412951220000,1412951279000,0.87021,0.87049,0.8702,0.87045,118580000,1
1412951280000,1412951339000,0.87045,0.87049,0.87017,0.87019,109220000,1
1412951340000,1412951399000,0.8702,0.8702,0.86985,0.87012,160760000,1
1412951400000,1412951459000,0.87014,0.87014,0.8697,0.8697,103590000,1
1412951460000,1412951519000,0.8697,0.87003,0.8697,0.87,71870000,1
1412951520000,1412951579000,0.87,0.87001,0.86967,0.86984,108000000,1
1412951580000,1412951639000,0.86985,0.86999,0.86977,0.86996,145470000,1
1412951640000,1412951699000,0.86997,0.87048,0.86997,0.87018,138360000,1
1412951700000,1412951759000,0.87021,0.87051,0.87021,0.87048,55380000,1
1412951760000,1412951819000,0.8705,0.87056,0.87028,0.87032,148770000,1
1412951820000,1412951879000,0.8703,0.87052,0.87025,0.87036,105820000,1
1412951880000,1412951939000,0.87039,0.87067,0.87039,0.87065,127800000,1
1412951940000,1412951999000,0.87065,0.87109,0.87062,0.87089,123790000,1
1412952000000,1412952059000,0.87089,0.87108,0.8708,0.87108,86680000,1
1412952060000,1412952119000,0.87108,0.87108,0.8707,0.8707,84590000,1
1412952120000,1412952179000,0.8707,0.87078,0.8703,0.87034,105270000,1
1412952180000,1412952239000,0.87034,0.87036,0.87013,0.87034,121840000,1
1412952240000,1412952299000,0.87035,0.87047,0.87019,0.87028,128810000,1
1412952300000,1412952359000,0.87028,0.87045,0.87028,0.8704,138450000,1
1412952360000,1412952419000,0.8704,0.87041,0.86995,0.86995,129290000,1
1412952420000,1412952479000,0.86995,0.87002,0.86977,0.86997,206090000,1
1412952480000,1412952539000,0.86997,0.87015,0.86987,0.8699,139300000,1
1412952540000,1412952599000,0.8699,0.8699,0.86967,0.86982,139040000,1
1412952600000,1412952659000,0.86977,0.87027,0.86977,0.87017,159230000,1
1412952660000,1412952719000,0.87012,0.87051,0.87008,0.8704,91630000,1
1412952720000,1412952779000,0.87038,0.87043,0.87024,0.8704,102650000,1
1412952780000,1412952839000,0.87041,0.87095,0.8704,0.87084,148040000,1
1412952840000,1412952899000,0.87083,0.87087,0.87067,0.87086,148500000,1
1412952900000,1412952959000,0.87087,0.87135,0.87079,0.87133,136360000,1
1412952960000,1412953019000,0.87133,0.87164,0.87132,0.87162,122100000,1
1412953020000,1412953079000,0.87158,0.87158,0.87135,0.87147,84890000,1
1412953080000,1412953139000,0.87148,0.87191,0.87148,0.87191,135380000,1
1412953140000,1412953199000,0.87191,0.87202,0.8716,0.87202,145530000,1
1412953200000,1412953259000,0.87197,0.87202,0.87163,0.87195,188020000,1
1412953260000,1412953319000,0.87195,0.87211,0.87181,0.87209,99450000,1
1412953320000,1412953379000,0.87209,0.87236,0.87205,0.87236,103980000,1
1412953380000,1412953439000,0.87249,0.87269,0.87224,0.87225,145890000,1
1412953440000,1412953499000,0.87226,0.87235,0.87196,0.87197,122830000,1
1412953500000,1412953559000,0.87197,0.87231,0.87195,0.87229,122910000,1
1412953560000,1412953619000,0.87229,0.87248,0.87208,0.87232,128440000,1
1412953620000,1412953679000,0.87229,0.87237,0.87217,0.87219,93740000,1
1412953680000,1412953739000,0.87219,0.87229,0.8721,0.87228,76810000,1
1412953740000,1412953799000,0.87228,0.8723,0.87214,0.87217,68840000,1
1412953800000,1412953859000,0.87217,0.87226,0.87196,0.87196,53690000,1
1412953860000,1412953919000,0.87196,0.872,0.87187,0.87197,91950000,1
1412953920000,1412953979000,0.87197,0.87216,0.87197,0.87209,49780000,1
1412953980000,1412954039000,0.87209,0.8721,0.8719,0.87192,108600000,1
1412954040000,1412954099000,0.87196,0.87196,0.87187,0.87191,71350000,1
1412954100000,1412954159000,0.87191,0.87192,0.87165,0.87175,131380000,1
1412954160000,1412954219000,0.87172,0.8718,0.8716,0.87172,91740000,1
1412954220000,1412954279000,0.87172,0.87172,0.8716,0.87165,62320000,1
1412954280000,1412954339000,0.87165,0.87172,0.87154,0.87169,69470000,1
1412954340000,1412954399000,0.87166,0.87187,0.87164,0.87178,118520000,1
1412954400000,1412954459000,0.87178,0.87201,0.87167,0.87195,96580000,1
1412954460000,1412954519000,0.87195,0.87195,0.87172,0.87192,108670000,1
1412954520000,1412954579000,0.87189,0.87198,0.87171,0.8718,79350000,1
1412954580000,1412954639000,0.87182,0.87208,0.8718,0.8719,148110000,1
1412954640000,1412954699000,0.87194,0.87206,0.87189,0.872,90040000,1
1412954700000,1412954759000,0.87201,0.87203,0.87198,0.87201,43240000,1
1412954760000,1412954819000,0.87201,0.87213,0.87198,0.87201,49440000,1
1412954820000,1412954879000,0.87202,0.87209,0.87181,0.87182,57390000,1
1412954880000,1412954939000,0.87182,0.87198,0.87181,0.8719,90160000,1
1412954940000,1412954999000,0.87187,0.87187,0.87169,0.87169,52590000,1
1412955000000,1412955059000,0.87169,0.87169,0.87153,0.87156,39740000,1
1412955060000,1412955119000,0.87154,0.87163,0.87149,0.87158,72520000,1
1412955120000,1412955179000,0.87158,0.87161,0.87153,0.87155,24120000,1
1412955180000,1412955239000,0.87155,0.87161,0.87152,0.87157,56710000,1
1412955240000,1412955299000,0.8716,0.8718,0.87158,0.87178,83540000,1
1412955300000,1412955359000,0.87178,0.87192,0.87178,0.8719,34650000,1
1412955360000,1412955419000,0.8719,0.8719,0.8718,0.87184,51640000,1
1412955420000,1412955479000,0.87184,0.87199,0.8718,0.8719,56500000,1
1412955480000,1412955539000,0.87192,0.87192,0.87169,0.87178,45720000,1
1412955540000,1412955599000,0.87176,0.87176,0.87149,0.87152,53260000,1
1412955600000,1412955659000,0.87152,0.87152,0.87132,0.87132,65430000,1
1412955660000,1412955719000,0.87133,0.87135,0.87121,0.87125,73000000,1
1412955720000,1412955779000,0.87127,0.87139,0.87127,0.87133,70390000,1
1412955780000,1412955839000,0.87134,0.87134,0.87131,0.87133,19500000,1
1412955840000,1412955899000,0.87133,0.87142,0.87132,0.87141,57170000,1
1412955900000,1412955959000,0.87141,0.87153,0.8714,0.87141,59290000,1
1412955960000,1412956019000,0.87142,0.87175,0.87142,0.87172,65210000,1
1412956020000,1412956079000,0.87171,0.87188,0.87171,0.87188,29990000,1
1412956080000,1412956139000,0.87187,0.87205,0.87187,0.87199,55790000,1
1412956140000,1412956199000,0.87199,0.87209,0.87194,0.872,34210000,1
1412956200000,1412956259000,0.87203,0.87227,0.87203,0.87222,42210000,1
1412956260000,1412956319000,0.87222,0.8723,0.87221,0.87229,30530000,1
1412956320000,1412956379000,0.87227,0.87229,0.87221,0.87228,39540000,1
1412956380000,1412956439000,0.87229,0.87252,0.87229,0.87244,60040000,1
1412956440000,1412956499000,0.87245,0.87255,0.87235,0.87235,81000000,1
1412956500000,1412956559000,0.87235,0.87237,0.87195,0.87195,87140000,1
1412956560000,1412956619000,0.87191,0.87191,0.87165,0.87187,77810000,1
1412956620000,1412956679000,0.87187,0.87198,0.87179,0.87188,52910000,1
1412956680000,1412956739000,0.87188,0.87188,0.87187,0.87188,20120000,1
1412956740000,1412956799000,0.87188,0.87197,0.87173,0.87183,56200000,1
1412956800000,1412956859000,0.87181,0.87185,0.87177,0.87177,22570000,1
1412956860000,1412956919000,0.87177,0.87198,0.87177,0.87179,45030000,1
1412956920000,1412956979000,0.8718,0.87216,0.87177,0.87216,113920000,1
1412956980000,1412957039000,0.87216,0.87228,0.87203,0.87203,81230000,1
1412957040000,1412957099000,0.87204,0.87219,0.87204,0.87219,43110000,1
1412957100000,1412957159000,0.87219,0.87233,0.87217,0.87218,75130000,1
1412957160000,1412957219000,0.87218,0.87232,0.87218,0.87232,35150000,1
1412957220000,1412957279000,0.8723,0.87248,0.8723,0.87247,52170000,1
1412957280000,1412957339000,0.87247,0.87252,0.8724,0.87252,37310000,1
1412957340000,1412957399000,0.87254,0.8726,0.87241,0.87244,90190000,1
1412957400000,1412957459000,0.87245,0.87245,0.87235,0.87237,33650000,1
1412957460000,1412957519000,0.87237,0.8724,0.87236,0.87239,29520000,1
1412957520000,1412957579000,0.87238,0.87238,0.87206,0.87206,53220000,1
1412957580000,1412957639000,0.87208,0.87226,0.87207,0.87222,99290000,1
1412957640000,1412957699000,0.87221,0.87272,0.87221,0.8727,94200000,1
1412957700000,1412957759000,0.8727,0.8727,0.87251,0.87264,136730000,1
1412957760000,1412957819000,0.87264,0.87281,0.87262,0.87279,85130000,1
1412957820000,1412957879000,0.87281,0.87281,0.87269,0.87278,59620000,1
1412957880000,1412957939000,0.87279,0.87296,0.87276,0.8729,50290000,1
1412957940000,1412957999000,0.8729,0.87294,0.87267,0.87267,82330000,1
1412958000000,1412958059000,0.87267,0.87267,0.87223,0.87223,87820000,1
1412958060000,1412958119000,0.87224,0.8723,0.87217,0.87217,41400000,1
1412958120000,1412958179000,0.87217,0.8725,0.87217,0.87239,47550000,1
1412958180000,1412958239000,0.87237,0.87257,0.87231,0.8725,59450000,1
1412958240000,1412958299000,0.8725,0.87268,0.8725,0.87254,69830000,1
1412958300000,1412958359000,0.87254,0.87257,0.87241,0.87247,43690000,1
1412958360000,1412958419000,0.87245,0.87248,0.87233,0.87236,71720000,1
1412958420000,1412958479000,0.87237,0.87248,0.87237,0.87237,35120000,1
1412958480000,1412958539000,0.8724,0.87243,0.87239,0.8724,43310000,1
1412958540000,1412958599000,0.87239,0.8724,0.87219,0.87222,64470000,1
1412958600000,1412958659000,0.87221,0.87221,0.87213,0.87217,30270000,1
1412958660000,1412958719000,0.87217,0.87258,0.87217,0.87256,77080000,1
1412958720000,1412958779000,0.87256,0.8728,0.8725,0.8728,61220000,1
1412958780000,1412958839000,0.87281,0.8729,0.8727,0.87289,70400000,1
1412958840000,1412958899000,0.8729,0.87298,0.87289,0.87295,21240000,1
1412958900000,1412958959000,0.87295,0.87299,0.87292,0.87292,52130000,1
1412958960000,1412959019000,0.8729,0.87303,0.8729,0.87291,80180000,1
1412959020000,1412959079000,0.87291,0.873,0.87279,0.87279,34930000,1
1412959080000,1412959139000,0.87279,0.87288,0.87269,0.87277,67740000,1
1412959140000,1412959199000,0.87275,0.87286,0.87257,0.87257,38950000,1
1412959200000,1412959259000,0.87257,0.8726,0.87249,0.87253,31440000,1
1412959260000,1412959319000,0.87253,0.87269,0.87253,0.87264,65820000,1
1412959320000,1412959379000,0.87262,0.87266,0.87259,0.87262,32940000,1
1412959380000,1412959439000,0.87264,0.87298,0.87264,0.8727,73410000,1
1412959440000,1412959499000,0.87267,0.8729,0.87267,0.87285,36460000,1
1412959500000,1412959559000,0.87285,0.87288,0.87271,0.87276,55510000,1
1412959560000,1412959619000,0.87273,0.8728,0.87272,0.8728,16500000,1
1412959620000,1412959679000,0.87277,0.87287,0.87273,0.87281,54490000,1
1412959680000,1412959739000,0.8728,0.87284,0.87263,0.87267,62250000,1
1412959740000,1412959799000,0.87268,0.87279,0.87268,0.87276,21900000,1
1412959800000,1412959859000,0.87276,0.87279,0.87267,0.8727,35470000,1
1412959860000,1412959919000,0.87269,0.87279,0.87267,0.87274,36120000,1
1412959920000,1412959979000,0.87273,0.87275,0.87252,0.87257,90140000,1
1412959980000,1412960039000,0.87257,0.87257,0.87249,0.87251,26000000,1
1412960040000,1412960099000,0.87252,0.87258,0.87249,0.87251,39820000,1
1412960100000,1412960159000,0.87251,0.87252,0.87241,0.87248,31750000,1
1412960160000,1412960219000,0.87248,0.87248,0.87239,0.87239,30750000,1
1412960220000,1412960279000,0.87239,0.87241,0.87227,0.8724,67070000,1
1412960280000,1412960339000,0.87239,0.87262,0.87238,0.87239,46030000,1
1412960340000,1412960399000,0.87238,0.87248,0.87216,0.87218,71460000,1
1412960400000,1412960459000,0.87218,0.87227,0.87218,0.87227,64080000,1
1412960460000,1412960519000,0.87227,0.8723,0.87219,0.8722,37640000,1
1412960520000,1412960579000,0.8722,0.87221,0.87208,0.87212,62420000,1
1412960580000,1412960639000,0.87212,0.87212,0.87199,0.87199,32400000,1
1412960640000,1412960699000,0.87199,0.87243,0.87197,0.87243,45350000,1
1412960700000,1412960759000,0.87243,0.87268,0.87238,0.87238,67430000,1
1412960760000,1412960819000,0.87237,0.87237,0.87217,0.87222,43980000,1
1412960820000,1412960879000,0.87222,0.87237,0.87222,0.87228,47210000,1
1412960880000,1412960939000,0.87228,0.8723,0.87221,0.87221,27560000,1
1412960940000,1412960999000,0.87222,0.87228,0.87221,0.87226,50620000,1
1412961000000,1412961059000,0.87224,0.87236,0.8722,0.87232,66690000,1
1412961060000,1412961119000,0.87231,0.8725,0.8723,0.87237,60330000,1
1412961120000,1412961179000,0.87237,0.87237,0.87228,0.87228,24500000,1
1412961180000,1412961239000,0.87227,0.87237,0.87225,0.87228,39620000,1
1412961240000,1412961299000,0.87228,0.87235,0.87227,0.87228,31550000,1
1412961300000,1412961359000,0.87228,0.87228,0.8722,0.87221,48570000,1
1412961360000,1412961419000,0.8722,0.8722,0.87206,0.87207,28090000,1
1412961420000,1412961479000,0.87207,0.87207,0.87187,0.87188,39190000,1
1412961480000,1412961539000,0.87188,0.87188,0.87182,0.87185,25500000,1
1412961540000,1412961599000,0.87185,0.87186,0.8717,0.8717,34500000,1
1412961600000,1412961659000,0.87169,0.87169,0.87167,0.87167,20000000,1
1412961660000,1412961719000,0.87167,0.87167,0.87156,0.87157,34500000,1
1412961720000,1412961779000,0.87157,0.87157,0.87147,0.87153,70570000,1
1412961780000,1412961839000,0.87153,0.87154,0.8715,0.8715,50250000,1
1412961840000,1412961899000,0.87149,0.87149,0.87139,0.8714,46830000,1
1412961900000,1412961959000,0.87137,0.87146,0.87128,0.87138,63410000,1
1412961960000,1412962019000,0.87139,0.8714,0.87138,0.87138,10450000,1
1412962020000,1412962079000,0.87137,0.87138,0.87126,0.87129,53340000,1
1412962080000,1412962139000,0.87128,0.87128,0.87117,0.87117,46600000,1
1412962140000,1412962199000,0.87117,0.8713,0.87108,0.87128,39040000,1
1412962200000,1412962259000,0.87129,0.87134,0.87129,0.87131,30340000,1
1412962260000,1412962319000,0.8713,0.87148,0.8713,0.87148,50210000,1
1412962320000,1412962379000,0.8715,0.87152,0.8714,0.8714,29020000,1
1412962380000,1412962439000,0.87138,0.87138,0.87104,0.87104,57390000,1
1412962440000,1412962499000,0.87105,0.87107,0.87095,0.87098,52620000,1
1412962500000,1412962559000,0.87099,0.87115,0.87094,0.87096,59890000,1
1412962560000,1412962619000,0.87096,0.87108,0.87094,0.87107,30830000,1
1412962620000,1412962679000,0.87107,0.87122,0.87107,0.87115,22700000,1
1412962680000,1412962739000,0.87119,0.8714,0.87118,0.8714,53410000,1
1412962740000,1412962799000,0.87142,0.87148,0.87127,0.8714,41780000,1
1412962800000,1412962859000,0.8714,0.87145,0.87129,0.87145,30280000,1
1412962860000,1412962919000,0.87144,0.87145,0.87137,0.87138,50080000,1
1412962920000,1412962979000,0.87139,0.87145,0.87135,0.87137,36880000,1
1412962980000,1412963039000,0.87135,0.87145,0.87135,0.8714,44090000,1
1412963040000,1412963099000,0.87138,0.87155,0.87137,0.87154,44880000,1
1412963100000,1412963159000,0.87154,0.87154,0.87149,0.87149,48530000,1
1412963160000,1412963219000,0.87147,0.87148,0.87142,0.87142,20010000,1
1412963220000,1412963279000,0.87142,0.87142,0.87118,0.87118,56660000,1
1412963280000,1412963339000,0.87118,0.87118,0.87115,0.87117,16610000,1
1412963340000,1412963399000,0.87117,0.87119,0.8711,0.87112,48890000,1
1412963400000,1412963459000,0.87112,0.87128,0.87112,0.87128,33040000,1
1412963460000,1412963519000,0.87129,0.87139,0.87129,0.87139,21470000,1
1412963520000,1412963579000,0.87139,0.87139,0.87131,0.87131,30650000,1
1412963580000,1412963639000,0.87131,0.87147,0.87131,0.87137,42460000,1
1412963640000,1412963699000,0.87137,0.87145,0.87131,0.87132,25740000,1
1412963700000,1412963759000,0.87131,0.87143,0.87131,0.87138,21860000,1
1412963760000,1412963819000,0.8714,0.8717,0.8714,0.87167,44830000,1
1412963820000,1412963879000,0.87168,0.87168,0.87163,0.87166,16390000,1
1412963880000,1412963939000,0.87165,0.87175,0.87165,0.87175,34750000,1
1412963940000,1412963999000,0.87176,0.87185,0.87175,0.8718,34370000,1
1412964000000,1412964059000,0.8718,0.8718,0.87161,0.87161,44950000,1
1412964060000,1412964119000,0.87161,0.87169,0.87161,0.87168,16260000,1
1412964120000,1412964179000,0.87168,0.87175,0.87164,0.87172,39470000,1
1412964180000,1412964239000,0.87172,0.87173,0.87171,0.87173,11500000,1
1412964240000,1412964299000,0.87174,0.87181,0.87157,0.87157,61750000,1
1412964300000,1412964359000,0.87157,0.87157,0.87157,0.87157,12440000,1
1412964360000,1412964419000,0.87157,0.8716,0.87147,0.8715,52420000,1
1412964420000,1412964479000,0.8715,0.87156,0.87147,0.87149,46170000,1
1412964480000,1412964539000,0.87151,0.87165,0.87148,0.87148,55950000,1
1412964540000,1412964599000,0.87148,0.87148,0.87147,0.87147,27000000,1
1412964600000,1412964659000,0.87147,0.87147,0.87147,0.87147,11500000,1
1412964660000,1412964719000,0.87147,0.87148,0.87137,0.87137,43840000,1
1412964720000,1412964779000,0.87137,0.87138,0.87137,0.87138,12000000,1
1412964780000,1412964839000,0.87138,0.87138,0.87122,0.87127,32940000,1
1412964840000,1412964899000,0.87127,0.87127,0.87107,0.87108,34000000,1
1412964900000,1412964959000,0.87107,0.87113,0.87107,0.87107,15460000,1
1412964960000,1412965019000,0.87108,0.87111,0.87108,0.87109,15500000,1
1412965020000,1412965079000,0.87109,0.87116,0.87109,0.87116,7000000,1
1412965080000,1412965139000,0.87114,0.87114,0.87108,0.87108,11100000,1
1412965140000,1412965199000,0.87108,0.87108,0.87092,0.87093,44750000,1
1412965200000,1412965259000,0.87093,0.87129,0.87093,0.87129,55300000,1
1412965260000,1412965319000,0.87128,0.8714,0.87124,0.8714,53370000,1
1412965320000,1412965379000,0.87138,0.87139,0.87129,0.87129,30000000,1
1412965380000,1412965439000,0.87127,0.87133,0.87127,0.87128,21000000,1
1412965440000,1412965499000,0.87131,0.87131,0.87129,0.87129,4500000,1
1412965500000,1412965559000,0.8713,0.87139,0.87129,0.87137,43380000,1
1412965560000,1412965619000,0.87137,0.87137,0.87127,0.87127,15000000,1
1412965620000,1412965679000,0.87128,0.87128,0.87122,0.87122,10570000,1
1412965680000,1412965739000,0.87123,0.87131,0.87114,0.87119,76270000,1
1412965740000,1412965799000,0.87119,0.8714,0.87109,0.8714,60130000,1
1412965800000,1412965859000,0.87139,0.87141,0.87138,0.87138,16000000,1
1412965860000,1412965919000,0.87137,0.87139,0.87137,0.87137,21000000,1
1412965920000,1412965979000,0.87137,0.87145,0.87137,0.87144,31890000,1
1412965980000,1412966039000,0.87144,0.87144,0.87138,0.87138,14000000,1
1412966040000,1412966099000,0.87138,0.87138,0.87134,0.87137,18500000,1
1412966100000,1412966159000,0.87137,0.87137,0.87113,0.87128,65480000,1
1412966160000,1412966219000,0.87127,0.87127,0.87122,0.87122,35000000,1
1412966220000,1412966279000,0.87122,0.87127,0.87122,0.87124,13760000,1
1412966280000,1412966339000,0.87124,0.87127,0.87116,0.87126,50640000,1
1412966340000,1412966399000,0.87126,0.87127,0.87123,0.87127,12500000,1
1412966400000,1412966459000,0.87127,0.87127,0.87107,0.87107,36500000,1
1412966460000,1412966519000,0.87107,0.87107,0.87097,0.87097,19940000,1
1412966520000,1412966579000,0.87097,0.87101,0.87097,0.87097,8000000,1
1412966580000,1412966639000,0.87097,0.87107,0.87097,0.87105,50540000,1
1412966640000,1412966699000,0.871,0.87117,0.87096,0.87116,44710000,1
1412966700000,1412966759000,0.87116,0.87128,0.87116,0.87125,36760000,1
1412966760000,1412966819000,0.87122,0.87123,0.87109,0.87117,49890000,1
1412966820000,1412966879000,0.87117,0.87121,0.87117,0.87118,30930000,1
1412966880000,1412966939000,0.87118,0.87118,0.87098,0.87098,31520000,1
1412966940000,1412966999000,0.87098,0.87098,0.87081,0.87081,38450000,1
1412967000000,1412967059000,0.87081,0.87092,0.87081,0.87087,52380000,1
1412967060000,1412967119000,0.87083,0.87087,0.87081,0.87087,11400000,1
1412967120000,1412967179000,0.87086,0.87091,0.8708,0.87088,50150000,1
1412967180000,1412967239000,0.87088,0.87088,0.87086,0.87088,19850000,1
1412967240000,1412967299000,0.87085,0.87088,0.87076,0.87084,33620000,1
1412967300000,1412967359000,0.87084,0.87084,0.87076,0.87076,15870000,1
1412967360000,1412967419000,0.87077,0.87077,0.87076,0.87077,4000000,1
1412967420000,1412967479000,0.87078,0.87078,0.87073,0.87077,12810000,1
1412967480000,1412967539000,0.87077,0.87084,0.8707,0.87074,60130000,1
1412967540000,1412967599000,0.87074,0.87078,0.87053,0.87075,109280000,1
1412967600000,1412967659000,0.87075,0.87076,0.87064,0.87076,40280000,1
1412967660000,1412967719000,0.87076,0.87076,0.87055,0.87065,50470000,1
1412967720000,1412967779000,0.87063,0.87066,0.87057,0.87065,46950000,1
1412967780000,1412967839000,0.87065,0.87065,0.87038,0.87038,39500000,1
1412967840000,1412967899000,0.87038,0.87057,0.87037,0.87056,39380000,1
1412967900000,1412967959000,0.87056,0.8706,0.8705,0.87058,11000000,1
1412967960000,1412968019000,0.87057,0.87059,0.87048,0.87053,60900000,1
1412968020000,1412968079000,0.87053,0.87054,0.87037,0.87037,52710000,1
1412968080000,1412968139000,0.87037,0.87038,0.87018,0.87038,76880000,1
1412968140000,1412968199000,0.87038,0.87038,0.8702,0.87026,32640000,1
1412968200000,1412968259000,0.87024,0.87029,0.87024,0.87029,18570000,1
1412968260000,1412968319000,0.87031,0.87061,0.87029,0.87046,94880000,1
1412968320000,1412968379000,0.87046,0.87058,0.87038,0.87044,54570000,1
1412968380000,1412968439000,0.87043,0.87049,0.87037,0.8704,60800000,1
1412968440000,1412968499000,0.87039,0.87052,0.87031,0.87049,40610000,1
1412968500000,1412968559000,0.87048,0.87048,0.87029,0.8704,53550000,1
1412968560000,1412968619000,0.8704,0.87051,0.87034,0.87049,45170000,1
1412968620000,1412968679000,0.8705,0.87069,0.87048,0.87051,98600000,1
1412968680000,1412968739000,0.87051,0.8707,0.87041,0.87053,91940000,1
1412968740000,1412968799000,0.87053,0.8707,0.87037,0.87037,106590000,1
1412968800000,1412968859000,0.87037,0.87037,0.87027,0.87029,47070000,1
1412968860000,1412968919000,0.87029,0.87029,0.87012,0.87012,39000000,1
1412968920000,1412968979000,0.87011,0.87014,0.87011,0.87011,47850000,1
1412968980000,1412969039000,0.87011,0.87013,0.87008,0.87008,26910000,1
1412969040000,1412969099000,0.87008,0.87011,0.87001,0.87011,41690000,1
1412969100000,1412969159000,0.8701,0.87018,0.8701,0.87016,51010000,1
1412969160000,1412969219000,0.87016,0.87016,0.87002,0.87006,47890000,1
1412969220000,1412969279000,0.87005,0.87007,0.87,0.87003,34480000,1
1412969280000,1412969339000,0.87003,0.87003,0.86977,0.86998,48900000,1
1412969340000,1412969399000,0.86998,0.86998,0.86983,0.86983,51000000,1
1412969400000,1412969459000,0.86984,0.8699,0.8698,0.8699,21250000,1
1412969460000,1412969519000,0.8699,0.8699,0.86978,0.8698,13570000,1
1412969520000,1412969579000,0.8698,0.8698,0.86963,0.8697,23500000,1
1412969580000,1412969639000,0.86969,0.86969,0.86961,0.86964,34650000,1
1412969640000,1412969699000,0.86964,0.86964,0.86952,0.86953,57000000,1
1412969700000,1412969759000,0.86953,0.86957,0.86951,0.86957,39500000,1
1412969760000,1412969819000,0.86957,0.86957,0.86951,0.86952,23300000,1
1412969820000,1412969879000,0.86952,0.86954,0.8695,0.86951,41800000,1
1412969880000,1412969939000,0.86951,0.86967,0.86947,0.86947,66520000,1
1412969940000,1412969999000,0.86947,0.8696,0.86947,0.86959,27290000,1
1412970000000,1412970059000,0.86959,0.86963,0.86949,0.8695,29950000,1
1412970060000,1412970119000,0.86953,0.86958,0.86947,0.86958,45400000,1
1412970120000,1412970179000,0.86957,0.86959,0.86956,0.86958,15100000,1
1412970180000,1412970239000,0.86959,0.86959,0.86959,0.86959,1000000,1
1412970240000,1412970299000,0.86958,0.86959,0.86957,0.86957,12590000,1
1412970300000,1412970359000,0.86957,0.86958,0.86951,0.86954,27190000,1
1412970360000,1412970419000,0.86954,0.86959,0.86954,0.86959,35230000,1
1412970420000,1412970479000,0.86958,0.86958,0.86945,0.86947,31090000,1
1412970480000,1412970539000,0.86947,0.86947,0.86915,0.86915,62930000,1
1412970540000,1412970599000,0.86915,0.86915,0.86874,0.86879,68230000,1
1412970600000,1412970659000,0.86879,0.86879,0.86832,0.86833,65490000,1
1412970660000,1412970719000,0.86833,0.86845,0.86812,0.86817,98770000,1
1412970720000,1412970779000,0.86817,0.86838,0.86812,0.86835,77770000,1
1412970780000,1412970839000,0.86835,0.86864,0.86835,0.86853,105680000,1
1412970840000,1412970899000,0.86853,0.86853,0.86831,0.86838,70050000,1
1412970900000,1412970959000,0.86837,0.86841,0.86823,0.86839,63830000,1
1412970960000,1412971019000,0.86839,0.8684,0.86829,0.86829,61470000,1
1412971020000,1412971079000,0.86829,0.86854,0.86829,0.86854,104460000,1
1412971080000,1412971139000,0.86854,0.86858,0.86843,0.86843,52740000,1
1412971140000,1412971199000,0.86842,0.86848,0.86842,0.86845,57510000,1
1412971200000,1412971259000,0.86845,0.86861,0.86844,0.86845,73490000,1
1412971260000,1412971319000,0.86845,0.86863,0.86845,0.86862,42610000,1
1412971320000,1412971379000,0.86864,0.86864,0.8685,0.86852,30950000,1
1412971380000,1412971439000,0.86854,0.86855,0.86838,0.86838,20580000,1
1412971440000,1412971499000,0.86838,0.86846,0.86838,0.86838,27250000,1
1412971500000,1412971559000,0.86838,0.8684,0.86831,0.86834,49920000,1
1412971560000,1412971619000,0.86834,0.86836,0.86834,0.86834,34950000,1
1412971620000,1412971679000,0.86833,0.86833,0.86812,0.86812,61990000,1
1412971680000,1412971739000,0.86813,0.86815,0.86807,0.8681,19250000,1
1412971740000,1412971799000,0.8681,0.86811,0.8681,0.86811,17710000,1
1412971800000,1412971859000,0.86813,0.86824,0.86813,0.86815,36380000,1
1412971860000,1412971919000,0.86813,0.86819,0.86811,0.86819,42730000,1
1412971920000,1412971979000,0.86819,0.86823,0.86816,0.86816,58200000,1
1412971980000,1412972039000,0.86816,0.86819,0.86812,0.86819,37350000,1
1412972040000,1412972099000,0.86818,0.8682,0.86815,0.86816,34350000,1
1412972100000,1412972159000,0.86818,0.86827,0.86817,0.86821,44150000,1
1412972160000,1412972219000,0.86822,0.86822,0.86804,0.86809,67350000,1
1412972220000,1412972279000,0.86811,0.86818,0.86811,0.86818,12250000,1
1412972280000,1412972339000,0.86818,0.86819,0.86817,0.86819,34680000,1
1412972340000,1412972399000,0.86819,0.86829,0.86817,0.86829,42130000,1
1412972400000,1412972459000,0.86828,0.86831,0.86827,0.86829,65020000,1
1412972460000,1412972519000,0.86829,0.86832,0.86829,0.86832,46640000,1
1412972520000,1412972579000,0.8683,0.86835,0.86822,0.86822,55250000,1
1412972580000,1412972639000,0.86822,0.86822,0.86814,0.86816,26500000,1
1412972640000,1412972699000,0.86814,0.86815,0.86811,0.86815,15140000,1
1412972700000,1412972759000,0.86815,0.86818,0.86812,0.86818,10700000,1
1412972760000,1412972819000,0.86818,0.86818,0.86817,0.86818,7100000,1
1412972820000,1412972879000,0.86821,0.8684,0.86821,0.86836,39920000,1
1412972880000,1412972939000,0.86835,0.86837,0.86835,0.86837,29930000,1
1412972940000,1412972999000,0.86836,0.86846,0.86833,0.86846,63470000,1
1412973000000,1412973059000,0.86845,0.86848,0.86835,0.86848,34940000,1
1412973060000,1412973119000,0.86848,0.86857,0.86846,0.86855,35260000,1
1412973120000,1412973179000,0.86852,0.86864,0.86852,0.86864,33640000,1
1412973180000,1412973239000,0.86855,0.86859,0.86847,0.86856,36320000,1
1412973240000,1412973299000,0.86855,0.86858,0.86853,0.86857,18000000,1
1412973300000,1412973359000,0.86858,0.86864,0.86858,0.86864,11500000,1
1412973360000,1412973419000,0.86865,0.86865,0.86854,0.86854,20750000,1
1412973420000,1412973479000,0.86855,0.86857,0.86855,0.86857,9570000,1
1412973480000,1412973539000,0.86857,0.8686,0.86857,0.8686,9630000,1
1412973540000,1412973599000,0.86857,0.8686,0.86857,0.86859,10880000,1
1412973600000,1412973659000,0.86857,0.86857,0.8683,0.8684,60100000,1
1412973660000,1412973719000,0.86839,0.8685,0.86833,0.86833,21750000,1
1412973720000,1412973779000,0.86832,0.8684,0.86829,0.8684,13250000,1
1412973780000,1412973839000,0.8684,0.86841,0.8684,0.86841,3500000,1
1412973840000,1412973899000,0.8684,0.86844,0.86837,0.86839,17600000,1
1412973900000,1412973959000,0.86842,0.86849,0.86839,0.86843,35500000,1
1412973960000,1412974019000,0.86847,0.8685,0.86832,0.86843,27500000,1
1412974020000,1412974079000,0.86846,0.86848,0.86839,0.86848,9500000,1
1412974080000,1412974139000,0.86849,0.86849,0.86839,0.86839,10500000,1
1412974140000,1412974199000,0.86836,0.86839,0.86826,0.86826,9500000,1
1412974200000,1412974259000,0.86822,0.86834,0.86812,0.86814,37250000,1
1412974260000,1412974319000,0.86814,0.86818,0.86814,0.86816,11000000,1
1412974320000,1412974379000,0.86816,0.86839,0.86816,0.86823,30500000,1
1412974380000,1412974439000,0.86823,0.86823,0.86818,0.86818,9500000,1
1412974440000,1412974499000,0.86821,0.8686,0.86818,0.8686,23200000,1
1412974500000,1412974559000,0.8686,0.8686,0.86831,0.86832,44100000,1
1412974560000,1412974619000,0.86833,0.86846,0.86817,0.86844,85250000,1
1412974620000,1412974679000,0.8684,0.86855,0.8684,0.86852,44390000,1
1412974680000,1412974739000,0.86851,0.86871,0.86848,0.86871,69640000,1
1412974740000,1412974799000,0.86863,0.86877,0.86813,0.86836,43010000,1
1413147600000,1413147659000,0.86915,0.86915,0.86883,0.869,8420000,1
1413147660000,1413147719000,0.869,0.86925,0.869,0.86925,3700000,1
1413147720000,1413147779000,0.86922,0.86944,0.86908,0.86934,4050000,1
1413147780000,1413147839000,0.86936,0.86938,0.86936,0.86938,300000,1
1413147840000,1413147899000,0.86933,0.86934,0.86933,0.86934,3000000,1
1413147900000,1413147959000,0.86934,0.86935,0.86934,0.86935,5370000,1
1413147960000,1413148019000,0.86935,0.86935,0.86933,0.86933,7000000,1
1413148020000,1413148079000,0.86932,0.86932,0.86932,0.86932,3000000,1
1413148080000,1413148139000,0.86933,0.86933,0.86908,0.86908,15060000,1
1413148140000,1413148199000,0.86909,0.86913,0.86909,0.86912,16100000,1
1413148200000,1413148259000,0.86913,0.86925,0.86909,0.86911,61360000,1
1413148260000,1413148319000,0.86911,0.86912,0.86907,0.86907,23020000,1
1413148320000,1413148379000,0.86898,0.86924,0.86894,0.86901,46680000,1
1413148380000,1413148439000,0.86901,0.86904,0.86893,0.86893,8220000,1
1413148440000,1413148499000,0.86897,0.86897,0.86894,0.86894,3500000,1
1413148560000,1413148619000,0.86895,0.86895,0.86894,0.86894,3170000,1
1413148620000,1413148679000,0.86894,0.86895,0.86894,0.86894,3000000,1
1413148740000,1413148799000,0.86894,0.86905,0.86894,0.86905,31750000,1
1413148800000,1413148859000,0.86905,0.86905,0.86904,0.86904,37000000,1
1413148860000,1413148919000,0.86908,0.86908,0.86908,0.86908,2000000,1
1413148920000,1413148979000,0.86908,0.86908,0.86908,0.86908,1000000,1
1413148980000,1413149039000,0.86913,0.86913,0.86913,0.86913,3000000,1
1413149040000,1413149099000,0.86914,0.86923,0.86914,0.86923,3500000,1
1413149100000,1413149159000,0.86924,0.86928,0.86923,0.86925,25840000,1
1413149160000,1413149219000,0.86924,0.86925,0.86924,0.86925,7000000,1
1413149220000,1413149279000,0.86925,0.86925,0.86924,0.86925,8440000,1
1413149280000,1413149339000,0.86925,0.86937,0.86925,0.86925,17760000,1
1413149340000,1413149399000,0.86924,0.86924,0.869,0.869,40790000,1
1413149400000,1413149459000,0.86902,0.86903,0.86892,0.86892,22580000,1
1413149460000,1413149519000,0.86899,0.86905,0.86885,0.86887,42500000,1
1413149520000,1413149579000,0.86884,0.86886,0.86819,0.86829,91110000,1
1413149580000,1413149639000,0.8683,0.86835,0.86813,0.86835,41530000,1
1413149640000,1413149699000,0.86835,0.86841,0.86832,0.86841,24740000,1
1413149700000,1413149759000,0.86838,0.86838,0.86829,0.86829,16520000,1
1413149760000,1413149819000,0.86829,0.86836,0.86825,0.86825,17710000,1
1413149820000,1413149879000,0.86825,0.86825,0.86798,0.86804,23260000,1
1413149880000,1413149939000,0.86805,0.86806,0.86795,0.86799,64940000,1
1413149940000,1413149999000,0.86799,0.86817,0.86799,0.8681,16930000,1
1413150000000,1413150059000,0.8681,0.86819,0.8681,0.86811,15090000,1
1413150060000,1413150119000,0.86811,0.86811,0.86805,0.86806,18370000,1
1413150120000,1413150179000,0.86804,0.86804,0.86795,0.86799,55520000,1
1413150180000,1413150239000,0.86802,0.86828,0.86802,0.86824,54430000,1
1413150240000,1413150299000,0.86825,0.86844,0.86813,0.86825,66650000,1
1413150300000,1413150359000,0.86822,0.86826,0.86806,0.86822,53520000,1
1413150360000,1413150419000,0.86821,0.86821,0.8682,0.8682,10590000,1
1413150420000,1413150479000,0.86822,0.86841,0.86822,0.86824,30350000,1
1413150480000,1413150539000,0.86823,0.86838,0.86823,0.86825,34250000,1
1413150540000,1413150599000,0.86824,0.86827,0.86822,0.86822,15830000,1
1413150600000,1413150659000,0.86822,0.86835,0.86817,0.86828,30950000,1
1413150660000,1413150719000,0.86828,0.86836,0.86811,0.86811,37270000,1
1413150720000,1413150779000,0.86813,0.86813,0.86802,0.86809,22840000,1
1413150780000,1413150839000,0.86805,0.86805,0.86789,0.8679,27350000,1
1413150840000,1413150899000,0.86791,0.86794,0.86791,0.86794,6500000,1
1413150900000,1413150959000,0.86794,0.86799,0.86792,0.86799,21500000,1
1413150960000,1413151019000,0.86799,0.86802,0.86783,0.86786,40610000,1
1413151020000,1413151079000,0.86786,0.86795,0.86777,0.86795,33550000,1
1413151080000,1413151139000,0.86795,0.86795,0.8679,0.86794,28910000,1
1413151140000,1413151199000,0.86795,0.86798,0.86795,0.86797,1520000,1
1413151200000,1413151259000,0.86799,0.86813,0.86799,0.8681,39220000,1
1413151260000,1413151319000,0.86808,0.86816,0.86797,0.86797,47150000,1
1413151320000,1413151379000,0.86797,0.86797,0.86779,0.86785,52120000,1
1413151380000,1413151439000,0.86785,0.86801,0.86776,0.86796,32450000,1
1413151440000,1413151499000,0.86795,0.86807,0.86752,0.86763,148980000,1
1413151500000,1413151559000,0.86762,0.86762,0.86734,0.86736,90700000,1
1413151560000,1413151619000,0.86737,0.86739,0.86669,0.8667,100620000,1
1413151620000,1413151679000,0.86669,0.86687,0.86669,0.86675,39140000,1
1413151680000,1413151739000,0.86674,0.86689,0.86658,0.86689,102200000,1
1413151740000,1413151799000,0.86687,0.86711,0.86681,0.86706,80770000,1
1413151800000,1413151859000,0.86706,0.86721,0.867,0.86707,126720000,1
1413151860000,1413151919000,0.86707,0.86707,0.8668,0.8668,66630000,1
1413151920000,1413151979000,0.86681,0.86685,0.86666,0.8668,61950000,1
1413151980000,1413152039000,0.86682,0.86728,0.86682,0.86722,75460000,1
1413152040000,1413152099000,0.86723,0.86734,0.86721,0.86733,32030000,1
1413152100000,1413152159000,0.86733,0.86743,0.86731,0.86731,69970000,1
1413152160000,1413152219000,0.86729,0.86752,0.86729,0.86746,98320000,1
1413152220000,1413152279000,0.86746,0.86761,0.86746,0.86761,84820000,1
1413152280000,1413152339000,0.8676,0.8677,0.86758,0.8677,104540000,1
1413152340000,1413152399000,0.8677,0.86774,0.86769,0.86773,50060000,1
1413152400000,1413152459000,0.86773,0.86784,0.86773,0.86784,51900000,1
1413152460000,1413152519000,0.86784,0.86784,0.86772,0.8678,69460000,1
1413152520000,1413152579000,0.86778,0.86784,0.8677,0.86773,33080000,1
1413152580000,1413152639000,0.86773,0.86773,0.8673,0.86733,62350000,1
1413152640000,1413152699000,0.86732,0.86742,0.86686,0.86692,128230000,1
1413152700000,1413152759000,0.86691,0.86729,0.86691,0.86715,131650000,1
1413152760000,1413152819000,0.86717,0.86721,0.8669,0.86712,99330000,1
1413152820000,1413152879000,0.86715,0.86733,0.86692,0.86709,165960000,1
1413152880000,1413152939000,0.86709,0.86722,0.86699,0.86722,73270000,1
1413152940000,1413152999000,0.86722,0.86731,0.86708,0.86711,56630000,1
1413153000000,1413153059000,0.86711,0.86712,0.86695,0.86706,79700000,1
1413153060000,1413153119000,0.86706,0.86715,0.86694,0.86706,50990000,1
1413153120000,1413153179000,0.86706,0.86706,0.8667,0.86674,92470000,1
1413153180000,1413153239000,0.86675,0.86676,0.86632,0.86639,106010000,1
1413153240000,1413153299000,0.86638,0.86638,0.8658,0.86591,146370000,1
1413153300000,1413153359000,0.86592,0.86611,0.86591,0.86604,108180000,1
1413153360000,1413153419000,0.86604,0.86641,0.86603,0.86638,111130000,1
1413153420000,1413153479000,0.86641,0.86652,0.8662,0.86627,71440000,1
1413153480000,1413153539000,0.86626,0.86628,0.86617,0.86628,35540000,1
1413153540000,1413153599000,0.86628,0.86636,0.86628,0.86632,41560000,1
1413153600000,1413153659000,0.86632,0.86632,0.86632,0.86632,2500000,1
1413153660000,1413153719000,0.86632,0.86632,0.86559,0.86589,39850000,1
1413153720000,1413153779000,0.8659,0.86615,0.8659,0.86612,48010000,1
1413153780000,1413153839000,0.86612,0.86624,0.86609,0.86609,47030000,1
1413153840000,1413153899000,0.86609,0.86617,0.86603,0.86603,42490000,1
1413153900000,1413153959000,0.86603,0.86634,0.866,0.8661,114190000,1
1413153960000,1413154019000,0.86611,0.86625,0.86608,0.86621,55250000,1
1413154020000,1413154079000,0.86621,0.86622,0.86621,0.86621,27750000,1
1413154080000,1413154139000,0.86621,0.86637,0.86621,0.8663,30350000,1
1413154140000,1413154199000,0.8663,0.8666,0.8663,0.8666,55520000,1
1413154200000,1413154259000,0.86661,0.86661,0.86607,0.86607,51890000,1
1413154260000,1413154319000,0.86607,0.86617,0.86607,0.86615,26600000,1
1413154320000,1413154379000,0.86616,0.8662,0.86612,0.86613,41110000,1
1413154380000,1413154439000,0.86613,0.86617,0.86609,0.86609,22590000,1
1413154440000,1413154499000,0.86609,0.86609,0.86587,0.86601,47390000,1
1413154500000,1413154559000,0.86605,0.86621,0.86605,0.86612,37220000,1
1413154560000,1413154619000,0.86612,0.86612,0.86585,0.86585,38660000,1
1413154620000,1413154679000,0.86585,0.86589,0.86577,0.86589,36780000,1
1413154680000,1413154739000,0.8659,0.8659,0.86578,0.86578,27570000,1
1413154740000,1413154799000,0.86578,0.8658,0.86572,0.86572,35250000,1
1413154800000,1413154859000,0.86571,0.86571,0.86554,0.86554,50990000,1
1413154860000,1413154919000,0.86559,0.86565,0.86541,0.86541,33500000,1
1413154920000,1413154979000,0.86541,0.86561,0.8652,0.86544,49310000,1
1413154980000,1413155039000,0.86544,0.86562,0.86544,0.86561,44400000,1
1413155040000,1413155099000,0.86562,0.86585,0.8656,0.86573,45250000,1
1413155100000,1413155159000,0.86573,0.86601,0.86572,0.866,58240000,1
1413155160000,1413155219000,0.86599,0.86636,0.86589,0.86634,60940000,1
1413155220000,1413155279000,0.86632,0.86632,0.8658,0.86616,74870000,1
1413155280000,1413155339000,0.86616,0.86636,0.86616,0.86629,54740000,1
1413155340000,1413155399000,0.86629,0.8663,0.86593,0.86615,63380000,1
1413155400000,1413155459000,0.86614,0.86614,0.8659,0.86613,76710000,1
1413155460000,1413155519000,0.86613,0.86639,0.86613,0.86626,52690000,1
1413155520000,1413155579000,0.86625,0.86637,0.86625,0.86635,33410000,1
1413155580000,1413155639000,0.86634,0.86634,0.86605,0.86618,55190000,1
1413155640000,1413155699000,0.86619,0.86634,0.86619,0.86634,36570000,1
1413155700000,1413155759000,0.86632,0.86633,0.86617,0.86632,48160000,1
1413155760000,1413155819000,0.86633,0.86651,0.86632,0.86651,25220000,1
1413155820000,1413155879000,0.86651,0.86653,0.86645,0.86647,26520000,1
1413155880000,1413155939000,0.86647,0.86678,0.86646,0.8667,84450000,1
1413155940000,1413155999000,0.8667,0.86685,0.86668,0.86681,34480000,1
1413156000000,1413156059000,0.86681,0.86681,0.86665,0.86666,44070000,1
1413156060000,1413156119000,0.86666,0.86666,0.86641,0.86644,43800000,1
1413156120000,1413156179000,0.86644,0.86657,0.86642,0.86657,53750000,1
1413156180000,1413156239000,0.86657,0.86661,0.86657,0.86659,33620000,1
1413156240000,1413156299000,0.86659,0.86663,0.86659,0.86662,23700000,1
1413156300000,1413156359000,0.86662,0.86674,0.86662,0.86673,19470000,1
1413156360000,1413156419000,0.86673,0.86678,0.86659,0.8666,64110000,1
1413156420000,1413156479000,0.8666,0.8668,0.8666,0.8668,44420000,1
1413156480000,1413156539000,0.86676,0.86723,0.86676,0.86721,63890000,1
1413156540000,1413156599000,0.86718,0.8673,0.86713,0.86726,85110000,1
1413156600000,1413156659000,0.86728,0.86732,0.86723,0.86731,56150000,1
1413156660000,1413156719000,0.86731,0.86742,0.86731,0.86742,55690000,1
1413156720000,1413156779000,0.8674,0.86762,0.86735,0.86758,68950000,1
1413156780000,1413156839000,0.86756,0.86756,0.86747,0.86747,38120000,1
1413156840000,1413156899000,0.86746,0.86751,0.86741,0.86749,38050000,1
1413156900000,1413156959000,0.8675,0.86753,0.86744,0.86744,47780000,1
1413156960000,1413157019000,0.86744,0.8676,0.86743,0.86756,51190000,1
1413157020000,1413157079000,0.86758,0.86759,0.86754,0.86757,39220000,1
1413157080000,1413157139000,0.86757,0.86758,0.86752,0.86755,36850000,1
1413157140000,1413157199000,0.86757,0.86758,0.86754,0.86754,28080000,1
1413157200000,1413157259000,0.86755,0.86755,0.86751,0.86751,18500000,1
1413157260000,1413157319000,0.8675,0.8675,0.86736,0.86743,33000000,1
1413157320000,1413157379000,0.86743,0.86746,0.86732,0.86745,51040000,1
1413157380000,1413157439000,0.86743,0.86744,0.86729,0.86734,38000000,1
1413157440000,1413157499000,0.86733,0.86733,0.86702,0.86706,92340000,1
1413157500000,1413157559000,0.86706,0.86709,0.86701,0.86704,52500000,1
1413157560000,1413157619000,0.86704,0.86719,0.86704,0.86719,30500000,1
1413157620000,1413157679000,0.86722,0.86742,0.86721,0.86739,63210000,1
1413157680000,1413157739000,0.86738,0.86738,0.8672,0.86731,45310000,1
1413157740000,1413157799000,0.86731,0.86732,0.86729,0.86729,18500000,1
1413157800000,1413157859000,0.8673,0.86732,0.86726,0.8673,30640000,1
1413157860000,1413157919000,0.86731,0.86753,0.86731,0.86753,53460000,1
1413157920000,1413157979000,0.86753,0.86784,0.86753,0.86784,75290000,1
1413157980000,1413158039000,0.86784,0.86814,0.86782,0.8681,54050000,1
1413158040000,1413158099000,0.86802,0.86807,0.868,0.86806,33500000,1
1413158100000,1413158159000,0.86807,0.86809,0.868,0.86805,36500000,1
1413158160000,1413158219000,0.86805,0.86807,0.86792,0.86792,23500000,1
1413158220000,1413158279000,0.8679,0.8679,0.86774,0.86774,27500000,1
1413158280000,1413158339000,0.86774,0.86777,0.86774,0.86777,17500000,1
1413158340000,1413158399000,0.86775,0.86777,0.86774,0.86774,18500000,1
1413158400000,1413158459000,0.86774,0.86775,0.8677,0.86774,76130000,1
1413158460000,1413158519000,0.86774,0.86774,0.86752,0.86757,54900000,1
1413158520000,1413158579000,0.86757,0.86759,0.86734,0.86734,31520000,1
1413158580000,1413158639000,0.86734,0.86734,0.86689,0.86704,70210000,1
1413158640000,1413158699000,0.86704,0.86706,0.8666,0.86663,64000000,1
1413158700000,1413158759000,0.86663,0.86663,0.86631,0.86631,85990000,1
1413158760000,1413158819000,0.86631,0.86659,0.86601,0.8661,101150000,1
1413158820000,1413158879000,0.8662,0.86639,0.86529,0.86547,184770000,1
1413158880000,1413158939000,0.86552,0.86564,0.86516,0.8656,119480000,1
1413158940000,1413158999000,0.8656,0.86593,0.8656,0.86589,68270000,1
1413159000000,1413159059000,0.86591,0.8661,0.86591,0.86605,60030000,1
1413159060000,1413159119000,0.86607,0.86625,0.86605,0.86614,72210000,1
1413159120000,1413159179000,0.86614,0.86622,0.86603,0.86603,71260000,1
1413159180000,1413159239000,0.86603,0.86607,0.86602,0.86602,25150000,1
1413159240000,1413159299000,0.86598,0.86631,0.86597,0.86628,87470000,1
1413159300000,1413159359000,0.86628,0.86663,0.86628,0.86663,98330000,1
1413159360000,1413159419000,0.86663,0.86701,0.86663,0.86695,164500000,1
1413159420000,1413159479000,0.86694,0.86712,0.86692,0.86701,36590000,1
1413159480000,1413159539000,0.86701,0.86733,0.86693,0.86722,90230000,1
1413159540000,1413159599000,0.86723,0.86758,0.86723,0.86746,161380000,1
1413159600000,1413159659000,0.86745,0.86752,0.86743,0.86752,146420000,1
1413159660000,1413159719000,0.86751,0.86763,0.86745,0.86763,53450000,1
1413159720000,1413159779000,0.8676,0.86784,0.86756,0.8678,86180000,1
1413159780000,1413159839000,0.86781,0.86803,0.86777,0.86795,128170000,1
1413159840000,1413159899000,0.86796,0.86823,0.86794,0.86819,99650000,1
1413159900000,1413159959000,0.86822,0.86842,0.86822,0.8684,108570000,1
1413159960000,1413160019000,0.86844,0.86862,0.86842,0.86845,85750000,1
1413160020000,1413160079000,0.86844,0.86844,0.8681,0.86819,61030000,1
1413160080000,1413160139000,0.86823,0.86843,0.86823,0.8684,51440000,1
1413160140000,1413160199000,0.8684,0.8684,0.86801,0.86802,56870000,1
1413160200000,1413160259000,0.86802,0.86803,0.86784,0.8679,95870000,1
1413160260000,1413160319000,0.86789,0.86793,0.86775,0.86793,43140000,1
1413160320000,1413160379000,0.86794,0.86795,0.86793,0.86794,9000000,1
1413160380000,1413160439000,0.86793,0.86793,0.8678,0.86784,27060000,1
1413160440000,1413160499000,0.86785,0.86785,0.86785,0.86785,8500000,1
1413160500000,1413160559000,0.86785,0.86798,0.86778,0.86785,73790000,1
1413160560000,1413160619000,0.86783,0.86804,0.86783,0.86802,68170000,1
1413160620000,1413160679000,0.86801,0.86802,0.86789,0.86799,68570000,1
1413160680000,1413160739000,0.86801,0.86803,0.868,0.86803,23900000,1
1413160740000,1413160799000,0.86804,0.86808,0.86802,0.86808,31570000,1
1413160800000,1413160859000,0.86806,0.8682,0.86804,0.86817,46400000,1
1413160860000,1413160919000,0.86818,0.86862,0.86818,0.86861,96560000,1
1413160920000,1413160979000,0.86862,0.86862,0.8685,0.86855,49780000,1
1413160980000,1413161039000,0.86854,0.86881,0.86851,0.86876,105320000,1
1413161040000,1413161099000,0.86874,0.86903,0.86872,0.86901,83270000,1
1413161100000,1413161159000,0.86901,0.86929,0.86896,0.86926,81870000,1
1413161160000,1413161219000,0.86926,0.86931,0.86892,0.86894,92540000,1
1413161220000,1413161279000,0.86893,0.86896,0.8689,0.86893,32150000,1
1413161280000,1413161339000,0.86891,0.86891,0.86883,0.86884,28690000,1
1413161340000,1413161399000,0.86886,0.86893,0.86885,0.86885,16000000,1
1413161400000,1413161459000,0.86885,0.86894,0.86881,0.86884,39820000,1
1413161460000,1413161519000,0.86884,0.86895,0.86884,0.86892,38250000,1
1413161520000,1413161579000,0.86892,0.86915,0.86892,0.86914,42240000,1
1413161580000,1413161639000,0.86913,0.86913,0.86903,0.86903,25000000,1
1413161640000,1413161699000,0.86903,0.86907,0.86903,0.86907,25000000,1
1413161700000,1413161759000,0.86906,0.86916,0.86902,0.86914,38940000,1
1413161760000,1413161819000,0.86919,0.86931,0.86906,0.86923,80820000,1
1413161820000,1413161879000,0.86922,0.86935,0.86922,0.86935,21890000,1
1413161880000,1413161939000,0.86935,0.86942,0.86912,0.86912,41500000,1
1413161940000,1413161999000,0.86912,0.86926,0.86907,0.86924,60810000,1
1413162000000,1413162059000,0.86925,0.86925,0.86909,0.8691,42340000,1
1413162060000,1413162119000,0.86909,0.86909,0.86896,0.86903,48640000,1
1413162120000,1413162179000,0.86904,0.86904,0.86899,0.86902,17070000,1
1413162180000,1413162239000,0.86901,0.86903,0.86898,0.86903,20750000,1
1413162240000,1413162299000,0.86904,0.86915,0.869,0.86915,22950000,1
1413162300000,1413162359000,0.86913,0.86937,0.8691,0.86936,57120000,1
1413162360000,1413162419000,0.86936,0.86937,0.86932,0.86934,25760000,1
1413162420000,1413162479000,0.86934,0.86974,0.8693,0.86968,114440000,1
1413162480000,1413162539000,0.86966,0.86975,0.86951,0.86974,86050000,1
1413162540000,1413162599000,0.86975,0.86979,0.86964,0.86979,96850000,1
1413162600000,1413162659000,0.86979,0.86992,0.86979,0.86991,41770000,1
1413162660000,1413162719000,0.86993,0.87037,0.86993,0.87037,93800000,1
1413162720000,1413162779000,0.87037,0.87062,0.87027,0.87032,148610000,1
1413162780000,1413162839000,0.87032,0.87044,0.87023,0.87043,51390000,1
1413162840000,1413162899000,0.87041,0.87048,0.87033,0.87033,71090000,1
1413162900000,1413162959000,0.87034,0.87034,0.87005,0.8701,48500000,1
1413162960000,1413163019000,0.87012,0.87025,0.86972,0.86994,78460000,1
1413163020000,1413163079000,0.86995,0.87,0.86983,0.87,69410000,1
1413163080000,1413163139000,0.87005,0.87069,0.87005,0.87069,117820000,1
1413163140000,1413163199000,0.87069,0.8707,0.87048,0.87062,97660000,1
1413163200000,1413163259000,0.87062,0.87092,0.87062,0.87092,96720000,1
1413163260000,1413163319000,0.87091,0.87092,0.87071,0.87071,48670000,1
1413163320000,1413163379000,0.87072,0.87075,0.87036,0.87053,117740000,1
1413163380000,1413163439000,0.87053,0.87072,0.87044,0.87072,68460000,1
1413163440000,1413163499000,0.87072,0.87093,0.87064,0.87084,82110000,1
1413163500000,1413163559000,0.87084,0.87113,0.8708,0.87103,69120000,1
1413163560000,1413163619000,0.87104,0.87104,0.87081,0.87086,66450000,1
1413163620000,1413163679000,0.87086,0.87086,0.87079,0.87082,41750000,1
1413163680000,1413163739000,0.87081,0.87094,0.87079,0.87094,41150000,1
1413163740000,1413163799000,0.87095,0.87105,0.87095,0.87105,34560000,1
1413163800000,1413163859000,0.87105,0.87105,0.87092,0.87094,31500000,1
1413163860000,1413163919000,0.87092,0.87105,0.87092,0.87094,35810000,1
1413163920000,1413163979000,0.87094,0.87105,0.87093,0.87093,61680000,1
1413163980000,1413164039000,0.87093,0.87094,0.87082,0.87094,56810000,1
1413164040000,1413164099000,0.87094,0.87109,0.87094,0.87106,33590000,1
1413164100000,1413164159000,0.87106,0.87112,0.87105,0.87109,53020000,1
1413164160000,1413164219000,0.87109,0.87162,0.87109,0.87152,84440000,1
1413164220000,1413164279000,0.87152,0.8717,0.87147,0.87168,108320000,1
1413164280000,1413164339000,0.87168,0.87208,0.8716,0.87168,183670000,1
1413164340000,1413164399000,0.87168,0.87182,0.87124,0.87125,116120000,1
1413164400000,1413164459000,0.87125,0.87138,0.87124,0.87132,54900000,1
1413164460000,1413164519000,0.87129,0.87135,0.87125,0.87125,47390000,1
1413164520000,1413164579000,0.87125,0.87182,0.87122,0.87175,98680000,1
1413164580000,1413164639000,0.87175,0.87179,0.87152,0.87159,89530000,1
1413164640000,1413164699000,0.87157,0.87157,0.8714,0.8714,59370000,1
1413164700000,1413164759000,0.87139,0.87142,0.87121,0.87121,75070000,1
1413164760000,1413164819000,0.87127,0.87127,0.87091,0.87117,106710000,1
1413164820000,1413164879000,0.87117,0.87135,0.87114,0.8712,66620000,1
1413164880000,1413164939000,0.8712,0.87132,0.8712,0.87125,52780000,1
1413164940000,1413164999000,0.87125,0.87137,0.87125,0.87132,42760000,1
1413165000000,1413165059000,0.87133,0.87184,0.87133,0.87176,63890000,1
1413165060000,1413165119000,0.87176,0.87185,0.87151,0.87153,84540000,1
1413165120000,1413165179000,0.87153,0.87182,0.87153,0.87174,56480000,1
1413165180000,1413165239000,0.87174,0.87174,0.87154,0.87156,52820000,1
1413165240000,1413165299000,0.87155,0.87186,0.87153,0.87183,61450000,1
1413165300000,1413165359000,0.87184,0.87222,0.87179,0.87219,205780000,1
1413165360000,1413165419000,0.87221,0.87253,0.87221,0.87253,80880000,1
1413165420000,1413165479000,0.87254,0.87301,0.87253,0.87286,120680000,1
1413165480000,1413165539000,0.87286,0.87324,0.87269,0.87307,186200000,1
1413165540000,1413165599000,0.87304,0.87314,0.87275,0.87278,191830000,1
1413165600000,1413165659000,0.87279,0.87368,0.87181,0.8728,395010000,1
1413165660000,1413165719000,0.8728,0.87293,0.87225,0.8729,278690000,1
1413165720000,1413165779000,0.8729,0.8733,0.87282,0.87329,155800000,1
1413165780000,1413165839000,0.87329,0.87332,0.87299,0.87299,150260000,1
1413165840000,1413165899000,0.87295,0.87311,0.87253,0.87255,201980000,1
1413165900000,1413165959000,0.87255,0.87262,0.87194,0.87203,158860000,1
1413165960000,1413166019000,0.87204,0.87261,0.87204,0.87255,132520000,1
1413166020000,1413166079000,0.87254,0.87294,0.87246,0.87287,79750000,1
1413166080000,1413166139000,0.87287,0.87287,0.87256,0.87276,71580000,1
1413166140000,1413166199000,0.87277,0.87278,0.8725,0.87261,60440000,1
1413166200000,1413166259000,0.87263,0.87272,0.87252,0.8727,33040000,1
1413166260000,1413166319000,0.87271,0.87292,0.87266,0.87272,97750000,1
1413166320000,1413166379000,0.87273,0.87273,0.87257,0.87258,52040000,1
1413166380000,1413166439000,0.87257,0.87264,0.87253,0.87253,33720000,1
1413166440000,1413166499000,0.87252,0.87253,0.87239,0.87252,85900000,1
1413166500000,1413166559000,0.87253,0.8727,0.87251,0.8727,49750000,1
1413166560000,1413166619000,0.8727,0.87292,0.87268,0.87292,87200000,1
1413166620000,1413166679000,0.87292,0.87299,0.87281,0.87284,108740000,1
1413166680000,1413166739000,0.87286,0.87291,0.87281,0.87283,116800000,1
1413166740000,1413166799000,0.87282,0.87282,0.87269,0.87272,47350000,1
1413166800000,1413166859000,0.87272,0.87286,0.87269,0.87284,57800000,1
1413166860000,1413166919000,0.87283,0.87284,0.87272,0.87272,34390000,1
1413166920000,1413166979000,0.87274,0.87294,0.87274,0.87293,33000000,1
1413166980000,1413167039000,0.87291,0.87292,0.87282,0.87292,26150000,1
1413167040000,1413167099000,0.87296,0.87365,0.87294,0.87365,153340000,1
1413167100000,1413167159000,0.8737,0.874,0.8737,0.8739,146850000,1
1413167160000,1413167219000,0.8739,0.87463,0.87387,0.87456,200670000,1
1413167220000,1413167279000,0.87456,0.87497,0.87453,0.87473,135110000,1
1413167280000,1413167339000,0.87472,0.87472,0.8743,0.87437,131160000,1
1413167340000,1413167399000,0.87438,0.8745,0.87421,0.87428,111680000,1
1413167400000,1413167459000,0.87423,0.87434,0.87385,0.87386,133960000,1
1413167460000,1413167519000,0.87388,0.87402,0.87352,0.87352,136420000,1
1413167520000,1413167579000,0.87354,0.87374,0.87354,0.87374,48560000,1
1413167580000,1413167639000,0.87375,0.87426,0.87375,0.87413,84490000,1
1413167640000,1413167699000,0.87412,0.87417,0.87373,0.87373,77900000,1
1413167700000,1413167759000,0.87373,0.87373,0.87353,0.87372,61030000,1
1413167760000,1413167819000,0.87372,0.87407,0.87372,0.87407,68490000,1
1413167820000,1413167879000,0.87408,0.8742,0.87408,0.87417,18860000,1
1413167880000,1413167939000,0.87417,0.87422,0.87395,0.87408,75690000,1
1413167940000,1413167999000,0.87408,0.87409,0.87382,0.87382,21650000,1
1413168000000,1413168059000,0.87382,0.87393,0.87372,0.87374,88110000,1
1413168060000,1413168119000,0.87375,0.87376,0.87337,0.87345,85520000,1
1413168120000,1413168179000,0.87345,0.87348,0.87274,0.87274,124670000,1
1413168180000,1413168239000,0.87275,0.87282,0.8725,0.8726,147030000,1
1413168240000,1413168299000,0.87259,0.8728,0.87259,0.8728,65240000,1
1413168300000,1413168359000,0.87281,0.87281,0.87276,0.87276,7290000,1
1413168360000,1413168419000,0.87276,0.87293,0.87274,0.87293,33350000,1
1413168420000,1413168479000,0.87293,0.87335,0.87293,0.87325,60550000,1
1413168480000,1413168539000,0.87329,0.87349,0.87307,0.87311,63480000,1
1413168540000,1413168599000,0.87311,0.87326,0.87311,0.87321,29660000,1
1413168600000,1413168659000,0.87321,0.87321,0.87314,0.8732,12850000,1
1413168660000,1413168719000,0.87318,0.87324,0.87312,0.87312,39000000,1
1413168720000,1413168779000,0.87314,0.87345,0.87312,0.87341,74080000,1
1413168780000,1413168839000,0.87343,0.87352,0.87314,0.87344,99110000,1
1413168840000,1413168899000,0.87341,0.87341,0.87324,0.87332,38380000,1
1413168900000,1413168959000,0.87332,0.87354,0.8732,0.87334,96510000,1
1413168960000,1413169019000,0.87334,0.87342,0.87325,0.87325,34000000,1
1413169020000,1413169079000,0.87325,0.87325,0.87307,0.87322,36620000,1
1413169080000,1413169139000,0.87322,0.87333,0.87305,0.87305,32440000,1
1413169140000,1413169199000,0.87305,0.87319,0.87294,0.87313,57200000,1
1413169200000,1413169259000,0.87313,0.8734,0.87313,0.87336,50670000,1
1413169260000,1413169319000,0.87337,0.87359,0.87337,0.87352,73000000,1
1413169320000,1413169379000,0.87352,0.87354,0.87336,0.87339,110160000,1
1413169380000,1413169439000,0.8734,0.8734,0.8732,0.87324,41660000,1
1413169440000,1413169499000,0.87322,0.87324,0.87313,0.87321,33120000,1
1413169500000,1413169559000,0.87321,0.87328,0.87319,0.87322,43740000,1
1413169560000,1413169619000,0.87322,0.87322,0.87277,0.87281,87390000,1
1413169620000,1413169679000,0.87281,0.87284,0.87239,0.87249,111790000,1
1413169680000,1413169739000,0.87247,0.87263,0.87243,0.87255,46500000,1
1413169740000,1413169799000,0.87255,0.87269,0.87255,0.87261,47760000,1
1413169800000,1413169859000,0.87261,0.87261,0.87236,0.8724,63000000,1
1413169860000,1413169919000,0.87239,0.87251,0.87195,0.87199,106200000,1
1413169920000,1413169979000,0.87202,0.87233,0.872,0.87233,55880000,1
1413169980000,1413170039000,0.87241,0.87242,0.87218,0.87219,44220000,1
1413170040000,1413170099000,0.87219,0.87222,0.87219,0.87222,9440000,1
1413170100000,1413170159000,0.87222,0.87224,0.87222,0.87222,15370000,1
1413170160000,1413170219000,0.87222,0.87244,0.87222,0.87235,51560000,1
1413170220000,1413170279000,0.87235,0.87263,0.87235,0.87263,80660000,1
1413170280000,1413170339000,0.87262,0.87273,0.87261,0.87266,45520000,1
1413170340000,1413170399000,0.87266,0.87311,0.87266,0.87297,129890000,1
1413170400000,1413170459000,0.87297,0.87306,0.87292,0.87306,45810000,1
1413170460000,1413170519000,0.87308,0.87312,0.87298,0.87298,29000000,1
1413170520000,1413170579000,0.87298,0.873,0.87286,0.87286,35600000,1
1413170580000,1413170639000,0.87284,0.87294,0.8728,0.87293,51020000,1
1413170640000,1413170699000,0.87291,0.87291,0.87262,0.87266,48620000,1
1413170700000,1413170759000,0.87265,0.87265,0.8725,0.87253,49890000,1
1413170760000,1413170819000,0.87253,0.87264,0.87244,0.87244,42320000,1
1413170820000,1413170879000,0.87245,0.87251,0.87236,0.87239,43120000,1
1413170880000,1413170939000,0.87239,0.87254,0.87239,0.87254,31120000,1
1413170940000,1413170999000,0.87254,0.87273,0.87253,0.87263,49930000,1
1413171000000,1413171059000,0.87263,0.87263,0.87252,0.87254,17850000,1
1413171060000,1413171119000,0.87254,0.87269,0.87254,0.87267,34440000,1
1413171120000,1413171179000,0.87267,0.87272,0.87266,0.87266,23860000,1
1413171180000,1413171239000,0.87266,0.87266,0.8725,0.87251,47780000,1
1413171240000,1413171299000,0.87249,0.87249,0.87229,0.87235,64440000,1
1413171300000,1413171359000,0.87237,0.87254,0.87234,0.87249,33130000,1
1413171360000,1413171419000,0.87249,0.87249,0.8724,0.8724,34750000,1
1413171420000,1413171479000,0.87241,0.87246,0.87241,0.87243,26000000,1
1413171480000,1413171539000,0.87242,0.87245,0.8724,0.87243,29650000,1
1413171540000,1413171599000,0.87243,0.87274,0.87241,0.87261,40460000,1
1413171600000,1413171659000,0.87262,0.87264,0.87251,0.87253,36020000,1
1413171660000,1413171719000,0.87255,0.87294,0.87255,0.87294,39760000,1
1413171720000,1413171779000,0.87293,0.87294,0.87287,0.87293,48480000,1
1413171780000,1413171839000,0.87293,0.87307,0.87293,0.87307,28160000,1
1413171840000,1413171899000,0.87306,0.87306,0.87289,0.87294,73960000,1
1413171900000,1413171959000,0.87292,0.87304,0.87292,0.87296,41940000,1
1413171960000,1413172019000,0.87295,0.87323,0.87292,0.87316,64160000,1
1413172020000,1413172079000,0.87315,0.87324,0.87314,0.87316,30660000,1
1413172080000,1413172139000,0.87317,0.87342,0.87311,0.87342,54160000,1
1413172140000,1413172199000,0.87341,0.87341,0.87321,0.87323,22750000,1
1413172200000,1413172259000,0.87323,0.87323,0.87312,0.87313,14750000,1
1413172260000,1413172319000,0.87313,0.87323,0.87313,0.87323,21920000,1
1413172320000,1413172379000,0.87323,0.87324,0.87317,0.87324,22140000,1
1413172380000,1413172439000,0.87324,0.87341,0.87324,0.87341,16000000,1
1413172440000,1413172499000,0.8734,0.87356,0.8734,0.87354,16500000,1
1413172500000,1413172559000,0.87354,0.87365,0.87354,0.87365,25250000,1
1413172560000,1413172619000,0.87365,0.87365,0.8735,0.87352,17500000,1
1413172620000,1413172679000,0.87353,0.87357,0.87353,0.87354,12250000,1
1413172680000,1413172739000,0.87354,0.87354,0.87339,0.87343,31500000,1
1413172740000,1413172799000,0.87344,0.87344,0.87337,0.87337,14600000,1
1413172800000,1413172859000,0.87337,0.87344,0.87335,0.87343,29760000,1
1413172860000,1413172919000,0.87343,0.87355,0.87341,0.87355,26580000,1
1413172920000,1413172979000,0.87355,0.87355,0.87354,0.87354,14570000,1
1413172980000,1413173039000,0.87355,0.87414,0.87353,0.87414,80200000,1
1413173040000,1413173099000,0.87414,0.87433,0.87382,0.87425,114050000,1
1413173100000,1413173159000,0.87425,0.87426,0.87422,0.87425,21000000,1
1413173160000,1413173219000,0.87423,0.87426,0.87404,0.87404,49250000,1
1413173220000,1413173279000,0.87405,0.87415,0.874,0.87415,58200000,1
1413173280000,1413173339000,0.87413,0.87415,0.8741,0.8741,33420000,1
1413173340000,1413173399000,0.8741,0.87423,0.87409,0.87412,24120000,1
1413173400000,1413173459000,0.87412,0.87412,0.87387,0.87387,63850000,1
1413173460000,1413173519000,0.87386,0.87392,0.87374,0.87381,65170000,1
1413173520000,1413173579000,0.87381,0.87382,0.87362,0.87362,50630000,1
1413173580000,1413173639000,0.87362,0.87404,0.87362,0.87401,39940000,1
1413173640000,1413173699000,0.87405,0.87411,0.87389,0.87397,59510000,1
1413173700000,1413173759000,0.87392,0.87398,0.87378,0.87398,73470000,1
1413173760000,1413173819000,0.87396,0.87396,0.87385,0.87385,18500000,1
1413173820000,1413173879000,0.87385,0.87392,0.87384,0.87386,55210000,1
1413173880000,1413173939000,0.87386,0.87402,0.87386,0.87394,22260000,1
1413173940000,1413173999000,0.87394,0.87394,0.87392,0.87392,28000000,1
1413174000000,1413174059000,0.87392,0.87392,0.87392,0.87392,10000000,1
1413174060000,1413174119000,0.87392,0.87395,0.87392,0.87395,6500000,1
1413174120000,1413174179000,0.87393,0.87393,0.8738,0.8738,19000000,1
1413174180000,1413174239000,0.8738,0.8738,0.87359,0.8736,57640000,1
1413174240000,1413174299000,0.8736,0.8736,0.87352,0.87354,24020000,1
1413174300000,1413174359000,0.87354,0.87383,0.87353,0.87382,43780000,1
1413174360000,1413174419000,0.87383,0.87394,0.87382,0.87387,58860000,1
1413174420000,1413174479000,0.87386,0.8739,0.87383,0.87386,15840000,1
1413174480000,1413174539000,0.87387,0.87387,0.87386,0.87387,6000000,1
1413174540000,1413174599000,0.87386,0.87386,0.87364,0.87376,44700000,1
1413174600000,1413174659000,0.87376,0.87376,0.87364,0.87364,14000000,1
1413174660000,1413174719000,0.87363,0.87369,0.87363,0.87364,13820000,1
1413174720000,1413174779000,0.87364,0.87365,0.87364,0.87365,4000000,1
1413174780000,1413174839000,0.87365,0.87365,0.8733,0.87336,45190000,1
1413174840000,1413174899000,0.87337,0.87337,0.87307,0.87322,103500000,1
1413174900000,1413174959000,0.87321,0.87321,0.87319,0.8732,13210000,1
1413174960000,1413175019000,0.87322,0.87338,0.87321,0.87338,61990000,1
1413175020000,1413175079000,0.87338,0.87338,0.87323,0.87323,15800000,1
1413175080000,1413175139000,0.87323,0.87341,0.87323,0.87335,19520000,1
1413175140000,1413175199000,0.87334,0.87334,0.87321,0.87323,53210000,1
1413175200000,1413175259000,0.87323,0.87323,0.87302,0.87315,44200000,1
1413175260000,1413175319000,0.87315,0.87332,0.8731,0.87319,80840000,1
1413175320000,1413175379000,0.87319,0.87319,0.87312,0.87312,14660000,1
1413175380000,1413175439000,0.87312,0.87314,0.873,0.87307,61440000,1
1413175440000,1413175499000,0.87307,0.8731,0.87302,0.8731,22840000,1
1413175500000,1413175559000,0.87309,0.87321,0.87307,0.87317,62450000,1
1413175560000,1413175619000,0.87318,0.8732,0.87294,0.87302,60980000,1
1413175620000,1413175679000,0.87301,0.87303,0.87292,0.873,32940000,1
1413175680000,1413175739000,0.87301,0.87314,0.87298,0.8731,106660000,1
1413175740000,1413175799000,0.87312,0.87316,0.87295,0.87314,119580000,1
1413175800000,1413175859000,0.87313,0.87324,0.87309,0.87323,43880000,1
1413175860000,1413175919000,0.87323,0.87333,0.87321,0.87326,40840000,1
1413175920000,1413175979000,0.87325,0.87325,0.87301,0.87312,48040000,1
1413175980000,1413176039000,0.87312,0.87313,0.87311,0.87312,9000000,1
1413176040000,1413176099000,0.87313,0.87328,0.87313,0.87327,42210000,1
1413176100000,1413176159000,0.87327,0.87354,0.87327,0.87352,38410000,1
1413176160000,1413176219000,0.87352,0.87354,0.87348,0.8735,19340000,1
1413176220000,1413176279000,0.87352,0.87367,0.87352,0.87354,32710000,1
1413176280000,1413176339000,0.87354,0.87354,0.87343,0.87354,45280000,1
1413176340000,1413176399000,0.87354,0.87354,0.87351,0.87354,36390000,1
1413176400000,1413176459000,0.87353,0.87367,0.87352,0.87355,44010000,1
1413176460000,1413176519000,0.87355,0.87363,0.87328,0.87333,75110000,1
1413176520000,1413176579000,0.87334,0.8734,0.87327,0.87327,49220000,1
1413176580000,1413176639000,0.87327,0.87327,0.87317,0.87319,32460000,1
1413176640000,1413176699000,0.87319,0.87322,0.87314,0.87322,23420000,1
1413176700000,1413176759000,0.87323,0.87351,0.87323,0.8735,54270000,1
1413176760000,1413176819000,0.8735,0.87365,0.87342,0.87365,30700000,1
1413176820000,1413176879000,0.87365,0.87372,0.87365,0.87371,33920000,1
1413176880000,1413176939000,0.87371,0.87381,0.87363,0.8738,46460000,1
1413176940000,1413176999000,0.87381,0.87411,0.8738,0.87405,53980000,1
1413177000000,1413177059000,0.87404,0.87405,0.87372,0.87389,60340000,1
1413177060000,1413177119000,0.87387,0.87387,0.87372,0.8738,29490000,1
1413177120000,1413177179000,0.87379,0.8738,0.87353,0.87353,30470000,1
1413177180000,1413177239000,0.87353,0.87356,0.87322,0.87323,64770000,1
1413177240000,1413177299000,0.87323,0.8734,0.87323,0.8734,62030000,1
1413177300000,1413177359000,0.8734,0.87346,0.87334,0.87334,23840000,1
1413177360000,1413177419000,0.87329,0.87332,0.87318,0.87321,39990000,1
1413177420000,1413177479000,0.87319,0.87321,0.87312,0.87321,31690000,1
1413177480000,1413177539000,0.87321,0.87322,0.87312,0.87312,21900000,1
1413177540000,1413177599000,0.87312,0.87343,0.87312,0.87335,83400000,1
1413177600000,1413177659000,0.87333,0.87333,0.87322,0.87322,14700000,1
1413177660000,1413177719000,0.87322,0.87322,0.87304,0.87307,26980000,1
1413177720000,1413177779000,0.87308,0.87313,0.87306,0.87313,38390000,1
1413177780000,1413177839000,0.87314,0.87322,0.87314,0.87318,58420000,1
1413177840000,1413177899000,0.87318,0.87325,0.87314,0.87324,42520000,1
1413177900000,1413177959000,0.87326,0.87346,0.87326,0.87337,26960000,1
1413177960000,1413178019000,0.87337,0.87337,0.8732,0.87322,57640000,1
1413178020000,1413178079000,0.87322,0.87326,0.87316,0.87323,27050000,1
1413178080000,1413178139000,0.87321,0.87322,0.87293,0.87299,65610000,1
1413178140000,1413178199000,0.87299,0.8731,0.87281,0.87291,124420000,1
1413178200000,1413178259000,0.87292,0.87325,0.87292,0.87315,134900000,1
1413178260000,1413178319000,0.87315,0.87317,0.87294,0.87295,77820000,1
1413178320000,1413178379000,0.87295,0.87295,0.87292,0.87295,39720000,1
1413178380000,1413178439000,0.87295,0.87305,0.87286,0.87303,52820000,1
1413178440000,1413178499000,0.87303,0.87315,0.873,0.87302,72270000,1
1413178500000,1413178559000,0.87302,0.87309,0.87302,0.87305,27800000,1
1413178560000,1413178619000,0.87304,0.87306,0.87302,0.87302,14390000,1
1413178620000,1413178679000,0.87302,0.87313,0.87302,0.87305,49030000,1
1413178680000,1413178739000,0.87302,0.87312,0.87294,0.87304,47120000,1
1413178740000,1413178799000,0.87303,0.87313,0.87294,0.87303,71550000,1
1413178800000,1413178859000,0.87302,0.87303,0.87294,0.87303,31640000,1
1413178860000,1413178919000,0.87303,0.87306,0.87302,0.87306,30530000,1
1413178920000,1413178979000,0.87306,0.87323,0.87303,0.87323,66320000,1
1413178980000,1413179039000,0.87325,0.87325,0.87312,0.87314,34520000,1
1413179040000,1413179099000,0.87314,0.87324,0.87313,0.87322,59450000,1
1413179100000,1413179159000,0.87323,0.87336,0.87322,0.87335,52320000,1
1413179160000,1413179219000,0.87335,0.8735,0.87335,0.87344,48340000,1
1413179220000,1413179279000,0.87344,0.87352,0.87344,0.87352,21890000,1
1413179280000,1413179339000,0.8735,0.87352,0.8734,0.8734,53640000,1
1413179340000,1413179399000,0.87341,0.87345,0.8734,0.87344,12810000,1
1413179400000,1413179459000,0.87341,0.87344,0.87331,0.87336,42110000,1
1413179460000,1413179519000,0.87339,0.87351,0.87335,0.87349,71380000,1
1413179520000,1413179579000,0.87349,0.87386,0.87349,0.87376,45270000,1
1413179580000,1413179639000,0.87374,0.87379,0.87374,0.87374,43660000,1
1413179640000,1413179699000,0.87374,0.87379,0.87374,0.87374,37720000,1
1413179700000,1413179759000,0.87374,0.87374,0.87369,0.87369,45990000,1
1413179760000,1413179819000,0.87369,0.87369,0.87334,0.87334,71560000,1
1413179820000,1413179879000,0.87334,0.87357,0.87332,0.87353,33320000,1
1413179880000,1413179939000,0.87351,0.87351,0.87341,0.87341,18250000,1
1413179940000,1413179999000,0.87344,0.87346,0.87335,0.87339,47100000,1
1413180000000,1413180059000,0.87339,0.8734,0.8733,0.87336,70420000,1
1413180060000,1413180119000,0.87336,0.87342,0.87332,0.87332,38590000,1
1413180120000,1413180179000,0.87332,0.87357,0.87332,0.87357,57220000,1
1413180180000,1413180239000,0.87357,0.87381,0.87357,0.87376,61510000,1
1413180240000,1413180299000,0.87377,0.87395,0.87376,0.87386,76290000,1
1413180300000,1413180359000,0.87386,0.87409,0.87386,0.87409,94140000,1
1413180360000,1413180419000,0.87408,0.87417,0.87382,0.8739,97240000,1
1413180420000,1413180479000,0.8739,0.87395,0.87364,0.87364,78440000,1
1413180480000,1413180539000,0.87364,0.87364,0.87342,0.87347,114300000,1
1413180540000,1413180599000,0.87346,0.87349,0.87318,0.8733,96990000,1
1413180600000,1413180659000,0.87331,0.87348,0.87331,0.8734,95440000,1
1413180660000,1413180719000,0.8734,0.87354,0.8734,0.87349,51130000,1
1413180720000,1413180779000,0.87352,0.87355,0.87325,0.87325,41930000,1
1413180780000,1413180839000,0.87325,0.87325,0.87288,0.87316,85870000,1
1413180840000,1413180899000,0.87316,0.87316,0.87269,0.87269,127180000,1
1413180900000,1413180959000,0.87269,0.87285,0.87249,0.87284,181480000,1
1413180960000,1413181019000,0.87283,0.87283,0.87271,0.87271,65080000,1
1413181020000,1413181079000,0.87271,0.87271,0.87223,0.87223,95930000,1
1413181080000,1413181139000,0.87222,0.87244,0.87197,0.87212,214980000,1
1413181140000,1413181199000,0.87212,0.87212,0.87163,0.87191,177870000,1
1413181200000,1413181259000,0.8719,0.87234,0.8719,0.87234,116590000,1
1413181260000,1413181319000,0.87235,0.87248,0.87229,0.87247,67360000,1
1413181320000,1413181379000,0.87247,0.87247,0.87214,0.87236,83270000,1
1413181380000,1413181439000,0.87239,0.87251,0.87239,0.8725,67140000,1
1413181440000,1413181499000,0.87252,0.87252,0.87215,0.87216,69050000,1
1413181500000,1413181559000,0.87217,0.87231,0.87216,0.87227,60770000,1
1413181560000,1413181619000,0.87231,0.87253,0.87231,0.87247,56610000,1
1413181620000,1413181679000,0.87248,0.87254,0.87234,0.87236,54380000,1
1413181680000,1413181739000,0.87236,0.87242,0.87226,0.87226,50240000,1
1413181740000,1413181799000,0.87226,0.87226,0.87194,0.87205,117770000,1
1413181800000,1413181859000,0.87203,0.87216,0.87198,0.87207,54010000,1
1413181860000,1413181919000,0.87208,0.87244,0.87206,0.87244,65250000,1
1413181920000,1413181979000,0.87243,0.87263,0.87242,0.87263,63870000,1
1413181980000,1413182039000,0.87263,0.87263,0.8723,0.87258,83480000,1
1413182040000,1413182099000,0.87256,0.87267,0.87245,0.87266,127430000,1
1413182100000,1413182159000,0.87267,0.87284,0.87252,0.87256,103100000,1
1413182160000,1413182219000,0.87256,0.87258,0.87245,0.87248,94410000,1
1413182220000,1413182279000,0.87248,0.87252,0.87245,0.87252,50950000,1
1413182280000,1413182339000,0.87253,0.87253,0.87225,0.8723,43120000,1
1413182340000,1413182399000,0.87232,0.87236,0.8723,0.87233,67950000,1
1413182400000,1413182459000,0.87233,0.87233,0.87189,0.87193,123090000,1
1413182460000,1413182519000,0.87192,0.87197,0.8716,0.87162,84800000,1
1413182520000,1413182579000,0.8716,0.87163,0.87116,0.87116,150940000,1
1413182580000,1413182639000,0.87118,0.87136,0.87111,0.87136,152820000,1
1413182640000,1413182699000,0.87137,0.87188,0.87125,0.87185,103830000,1
1413182700000,1413182759000,0.87186,0.87216,0.87181,0.87181,198920000,1
1413182760000,1413182819000,0.87182,0.87187,0.87161,0.87176,110260000,1
1413182820000,1413182879000,0.87176,0.87205,0.87176,0.87204,55770000,1
1413182880000,1413182939000,0.87204,0.87216,0.87204,0.87214,47900000,1
1413182940000,1413182999000,0.87214,0.87214,0.87181,0.87206,110130000,1
1413183000000,1413183059000,0.87205,0.87205,0.87185,0.87192,62410000,1
1413183060000,1413183119000,0.87194,0.87207,0.87175,0.87182,106010000,1
1413183120000,1413183179000,0.87182,0.87184,0.87153,0.87164,100220000,1
1413183180000,1413183239000,0.87159,0.87204,0.87153,0.87191,145630000,1
1413183240000,1413183299000,0.87191,0.87197,0.8719,0.87197,83930000,1
1413183300000,1413183359000,0.87197,0.87198,0.87159,0.87162,120690000,1
1413183360000,1413183419000,0.87164,0.87185,0.87163,0.87163,71230000,1
1413183420000,1413183479000,0.87164,0.87178,0.87144,0.87149,69090000,1
1413183480000,1413183539000,0.87153,0.87166,0.8715,0.87162,85800000,1
1413183540000,1413183599000,0.8716,0.87165,0.87142,0.87164,90870000,1
1413183600000,1413183659000,0.87163,0.87163,0.8713,0.87134,113430000,1
1413183660000,1413183719000,0.87134,0.87135,0.87095,0.87107,151410000,1
1413183720000,1413183779000,0.87111,0.87139,0.87111,0.87122,87160000,1
1413183780000,1413183839000,0.8712,0.87134,0.871,0.87123,133030000,1
1413183840000,1413183899000,0.87121,0.87146,0.87116,0.87146,92240000,1
1413183900000,1413183959000,0.87146,0.87173,0.87132,0.8714,157980000,1
1413183960000,1413184019000,0.8714,0.87178,0.8714,0.87157,99890000,1
1413184020000,1413184079000,0.87157,0.8717,0.87146,0.87156,122640000,1
1413184080000,1413184139000,0.87157,0.87166,0.87133,0.87133,110610000,1
1413184140000,1413184199000,0.87134,0.87144,0.87124,0.87132,101700000,1
1413184200000,1413184259000,0.87132,0.87174,0.87132,0.87173,48280000,1
1413184260000,1413184319000,0.87173,0.87202,0.87173,0.87196,85990000,1
1413184320000,1413184379000,0.87198,0.8721,0.87198,0.87207,42050000,1
1413184380000,1413184439000,0.87205,0.87217,0.87205,0.87213,57670000,1
1413184440000,1413184499000,0.87213,0.87213,0.87166,0.87174,81210000,1
1413184500000,1413184559000,0.87174,0.87202,0.87174,0.87202,78620000,1
1413184560000,1413184619000,0.87202,0.87207,0.87186,0.87186,46240000,1
1413184620000,1413184679000,0.87184,0.87186,0.87182,0.87184,57670000,1
1413184680000,1413184739000,0.87184,0.87184,0.87175,0.87175,12500000,1
1413184740000,1413184799000,0.87175,0.87175,0.87102,0.87102,74930000,1
1413184800000,1413184859000,0.87102,0.87144,0.87102,0.87139,107930000,1
1413184860000,1413184919000,0.87139,0.87159,0.87137,0.87153,79560000,1
1413184920000,1413184979000,0.87158,0.8717,0.87158,0.87159,33290000,1
1413184980000,1413185039000,0.87158,0.87165,0.87157,0.87162,33670000,1
1413185040000,1413185099000,0.87162,0.87164,0.87132,0.87136,69410000,1
1413185100000,1413185159000,0.87136,0.87136,0.87105,0.87105,72250000,1
1413185160000,1413185219000,0.87107,0.87121,0.87106,0.87108,96600000,1
1413185220000,1413185279000,0.87108,0.87114,0.87106,0.8711,70870000,1
1413185280000,1413185339000,0.87111,0.87157,0.87111,0.87143,92040000,1
1413185340000,1413185399000,0.87142,0.87153,0.87135,0.87143,74630000,1
1413185400000,1413185459000,0.87142,0.87154,0.87142,0.87144,48960000,1
1413185460000,1413185519000,0.87144,0.87163,0.87135,0.87159,84540000,1
1413185520000,1413185579000,0.87161,0.87162,0.87154,0.87156,33990000,1
1413185580000,1413185639000,0.87156,0.87168,0.87146,0.87166,46680000,1
1413185640000,1413185699000,0.87166,0.87181,0.87156,0.87167,90850000,1
1413185700000,1413185759000,0.87167,0.87184,0.87167,0.87177,82010000,1
1413185760000,1413185819000,0.87177,0.87182,0.87176,0.8718,90050000,1
1413185820000,1413185879000,0.8718,0.87204,0.87175,0.87204,97510000,1
1413185880000,1413185939000,0.87201,0.87203,0.87191,0.87192,90460000,1
1413185940000,1413185999000,0.87191,0.87191,0.87179,0.87186,89480000,1
1413186000000,1413186059000,0.87185,0.87185,0.87171,0.87171,64860000,1
1413186060000,1413186119000,0.87172,0.87182,0.87172,0.87182,69100000,1
1413186120000,1413186179000,0.87185,0.87196,0.87185,0.87193,69840000,1
1413186180000,1413186239000,0.87192,0.87197,0.87192,0.87196,39650000,1
1413186240000,1413186299000,0.87197,0.87214,0.87197,0.87214,44310000,1
1413186300000,1413186359000,0.87216,0.87225,0.87197,0.87204,96650000,1
1413186360000,1413186419000,0.87203,0.87203,0.87174,0.87186,69110000,1
1413186420000,1413186479000,0.87186,0.8721,0.87185,0.87185,105210000,1
1413186480000,1413186539000,0.87191,0.87205,0.87162,0.87162,65170000,1
1413186540000,1413186599000,0.87164,0.87164,0.87139,0.87143,81770000,1
1413186600000,1413186659000,0.87143,0.87164,0.87143,0.87163,42860000,1
1413186660000,1413186719000,0.87165,0.87188,0.87165,0.87187,55050000,1
1413186720000,1413186779000,0.87187,0.87203,0.87187,0.87194,66980000,1
1413186780000,1413186839000,0.87194,0.87214,0.87194,0.87206,25820000,1
1413186840000,1413186899000,0.87206,0.87206,0.87177,0.87194,98180000,1
1413186900000,1413186959000,0.87196,0.87215,0.8719,0.87194,77590000,1
1413186960000,1413187019000,0.87194,0.87213,0.87176,0.87212,82770000,1
1413187020000,1413187079000,0.87212,0.87232,0.87202,0.87224,80860000,1
1413187080000,1413187139000,0.87224,0.87235,0.8721,0.87224,113250000,1
1413187140000,1413187199000,0.87225,0.87264,0.87225,0.87254,62560000,1
1413187200000,1413187259000,0.87252,0.8727,0.87244,0.87267,88780000,1
1413187260000,1413187319000,0.87267,0.87277,0.87262,0.87266,97280000,1
1413187320000,1413187379000,0.87265,0.87303,0.87265,0.87291,124770000,1
1413187380000,1413187439000,0.87291,0.87295,0.87287,0.87294,66520000,1
1413187440000,1413187499000,0.87294,0.8732,0.87294,0.87308,85640000,1
1413187500000,1413187559000,0.87309,0.87327,0.87306,0.87317,73150000,1
1413187560000,1413187619000,0.87316,0.87316,0.87282,0.87282,81320000,1
1413187620000,1413187679000,0.87282,0.87295,0.87271,0.87295,68560000,1
1413187680000,1413187739000,0.87295,0.87305,0.87287,0.87292,100590000,1
1413187740000,1413187799000,0.87292,0.87295,0.87273,0.87275,64910000,1
1413187800000,1413187859000,0.87275,0.87294,0.87263,0.87271,94120000,1
1413187860000,1413187919000,0.87272,0.87284,0.87266,0.87283,105740000,1
1413187920000,1413187979000,0.87281,0.87284,0.87281,0.87284,28850000,1
1413187980000,1413188039000,0.87284,0.87292,0.87271,0.87271,85140000,1
1413188040000,1413188099000,0.87274,0.87293,0.8727,0.8727,68830000,1
1413188100000,1413188159000,0.87267,0.87271,0.87259,0.87271,68350000,1
1413188160000,1413188219000,0.87273,0.87293,0.87273,0.87277,95750000,1
1413188220000,1413188279000,0.87277,0.87325,0.87277,0.87325,86560000,1
1413188280000,1413188339000,0.87325,0.87353,0.87304,0.87305,152660000,1
1413188340000,1413188399000,0.87305,0.87306,0.87267,0.87267,60580000,1
1413188400000,1413188459000,0.87269,0.87286,0.87268,0.87286,77570000,1
1413188460000,1413188519000,0.87286,0.87286,0.87275,0.87282,83860000,1
1413188520000,1413188579000,0.8728,0.87282,0.87262,0.87262,54720000,1
1413188580000,1413188639000,0.87262,0.87265,0.87235,0.87253,95030000,1
1413188640000,1413188699000,0.87254,0.87296,0.87254,0.87284,80440000,1
1413188700000,1413188759000,0.87284,0.87299,0.87273,0.87285,91490000,1
1413188760000,1413188819000,0.87283,0.87295,0.8726,0.87295,100820000,1
1413188820000,1413188879000,0.87297,0.87301,0.87274,0.87291,105470000,1
1413188880000,1413188939000,0.87291,0.87307,0.87287,0.87296,57670000,1
1413188940000,1413188999000,0.87297,0.87305,0.87296,0.87302,43640000,1
1413189000000,1413189059000,0.87302,0.87304,0.87294,0.873,58590000,1
1413189060000,1413189119000,0.873,0.87323,0.873,0.87315,87280000,1
1413189120000,1413189179000,0.87313,0.87325,0.87304,0.87325,82950000,1
1413189180000,1413189239000,0.87325,0.87343,0.87322,0.87333,101960000,1
1413189240000,1413189299000,0.87331,0.87392,0.87324,0.87378,97140000,1
1413189300000,1413189359000,0.87379,0.87379,0.87337,0.87338,132990000,1
1413189360000,1413189419000,0.8734,0.87355,0.87335,0.87354,72830000,1
1413189420000,1413189479000,0.87354,0.87355,0.87331,0.87335,78600000,1
1413189480000,1413189539000,0.87332,0.87332,0.87299,0.87303,86110000,1
1413189540000,1413189599000,0.87301,0.87301,0.87284,0.87291,89260000,1
1413189600000,1413189659000,0.87295,0.87308,0.87295,0.87297,50380000,1
1413189660000,1413189719000,0.87295,0.87304,0.8729,0.873,78850000,1
1413189720000,1413189779000,0.873,0.87303,0.87263,0.87279,83030000,1
1413189780000,1413189839000,0.87278,0.8729,0.87275,0.8728,69190000,1
1413189840000,1413189899000,0.87281,0.87324,0.87281,0.87324,73760000,1
1413189900000,1413189959000,0.87324,0.87334,0.87314,0.87334,88630000,1
1413189960000,1413190019000,0.87333,0.87333,0.87305,0.87307,69850000,1
1413190020000,1413190079000,0.87307,0.87326,0.87283,0.873,118360000,1
1413190080000,1413190139000,0.87301,0.87324,0.87295,0.87324,71650000,1
1413190140000,1413190199000,0.87324,0.87333,0.87292,0.87296,99870000,1
1413190200000,1413190259000,0.87296,0.87305,0.87281,0.87304,143840000,1
1413190260000,1413190319000,0.87304,0.87304,0.8728,0.87286,116830000,1
1413190320000,1413190379000,0.87286,0.87315,0.87282,0.87303,81000000,1
1413190380000,1413190439000,0.87303,0.87305,0.87282,0.8729,73840000,1
1413190440000,1413190499000,0.8729,0.87291,0.87259,0.87263,78570000,1
1413190500000,1413190559000,0.87262,0.87276,0.87257,0.87264,115270000,1
1413190560000,1413190619000,0.87266,0.87281,0.87266,0.87275,52040000,1
1413190620000,1413190679000,0.87277,0.8729,0.87277,0.87287,39170000,1
1413190680000,1413190739000,0.87287,0.87307,0.87287,0.87306,37810000,1
1413190740000,1413190799000,0.87306,0.87318,0.87304,0.87314,123980000,1
1413190800000,1413190859000,0.87314,0.87319,0.87284,0.87292,68950000,1
1413190860000,1413190919000,0.87292,0.87305,0.87292,0.87305,49510000,1
1413190920000,1413190979000,0.87305,0.87305,0.87293,0.87293,49340000,1
1413190980000,1413191039000,0.87293,0.87304,0.87282,0.87283,77240000,1
1413191040000,1413191099000,0.87285,0.87288,0.87285,0.87288,46840000,1
1413191100000,1413191159000,0.87288,0.87288,0.8727,0.87275,34940000,1
1413191160000,1413191219000,0.87275,0.87302,0.87275,0.87302,77580000,1
1413191220000,1413191279000,0.87302,0.87331,0.873,0.87302,111710000,1
1413191280000,1413191339000,0.87302,0.87303,0.8729,0.87294,69140000,1
1413191340000,1413191399000,0.87294,0.87321,0.87294,0.8731,114210000,1
1413191400000,1413191459000,0.8731,0.87311,0.87305,0.87305,55000000,1
1413191460000,1413191519000,0.87307,0.87323,0.87307,0.8731,88760000,1
1413191520000,1413191579000,0.8731,0.8731,0.873,0.87307,85400000,1
1413191580000,1413191639000,0.87307,0.87327,0.873,0.8732,92320000,1
1413191640000,1413191699000,0.8732,0.87336,0.87317,0.87335,100800000,1
1413191700000,1413191759000,0.87337,0.87342,0.8732,0.87321,95060000,1
1413191760000,1413191819000,0.87321,0.87341,0.87317,0.87341,50980000,1
1413191820000,1413191879000,0.87343,0.87355,0.87343,0.87353,87580000,1
1413191880000,1413191939000,0.87351,0.87362,0.8735,0.87362,60780000,1
1413191940000,1413191999000,0.87363,0.87366,0.8735,0.87355,59050000,1
1413192000000,1413192059000,0.87354,0.87356,0.87337,0.87337,36680000,1
1413192060000,1413192119000,0.87339,0.87344,0.87323,0.87324,50400000,1
1413192120000,1413192179000,0.87328,0.87335,0.87317,0.87327,92440000,1
1413192180000,1413192239000,0.87328,0.87346,0.87328,0.87346,80630000,1
1413192240000,1413192299000,0.87346,0.87358,0.87335,0.87335,68520000,1
1413192300000,1413192359000,0.87335,0.87352,0.87332,0.87347,113390000,1
1413192360000,1413192419000,0.87352,0.87364,0.87352,0.87362,138080000,1
1413192420000,1413192479000,0.87362,0.87362,0.87343,0.87354,69400000,1
1413192480000,1413192539000,0.87354,0.87355,0.87344,0.87355,87370000,1
1413192540000,1413192599000,0.87355,0.87365,0.87352,0.87353,46000000,1
1413192600000,1413192659000,0.87356,0.87361,0.87352,0.87355,49370000,1
1413192660000,1413192719000,0.87354,0.87355,0.87348,0.87352,69190000,1
1413192720000,1413192779000,0.87352,0.87356,0.87337,0.87337,37830000,1
1413192780000,1413192839000,0.87337,0.87341,0.87335,0.87336,61110000,1
1413192840000,1413192899000,0.87334,0.87334,0.87324,0.87332,76050000,1
1413192900000,1413192959000,0.87332,0.87346,0.87323,0.87325,86510000,1
1413192960000,1413193019000,0.87325,0.87326,0.87325,0.87325,20500000,1
1413193020000,1413193079000,0.87325,0.8733,0.87308,0.87325,70570000,1
1413193080000,1413193139000,0.87325,0.87351,0.87325,0.87345,46050000,1
1413193140000,1413193199000,0.87345,0.87345,0.87345,0.87345,7000000,1
1413193200000,1413193259000,0.87345,0.8735,0.87337,0.87343,63950000,1
1413193260000,1413193319000,0.87343,0.87352,0.87336,0.87344,53450000,1
1413193320000,1413193379000,0.87344,0.87352,0.87337,0.87349,43280000,1
1413193380000,1413193439000,0.87351,0.87365,0.87348,0.87365,61600000,1
1413193440000,1413193499000,0.87365,0.87376,0.87365,0.87376,42320000,1
1413193500000,1413193559000,0.87376,0.87399,0.87374,0.87396,81890000,1
1413193560000,1413193619000,0.87394,0.87404,0.87394,0.87404,92780000,1
1413193620000,1413193679000,0.87404,0.87415,0.87404,0.87412,85610000,1
1413193680000,1413193739000,0.87412,0.87426,0.87406,0.87421,79140000,1
1413193740000,1413193799000,0.87421,0.87433,0.87415,0.87432,75310000,1
1413193800000,1413193859000,0.87432,0.87453,0.87427,0.8745,118730000,1
1413193860000,1413193919000,0.87451,0.87462,0.87435,0.87441,106530000,1
1413193920000,1413193979000,0.87438,0.87442,0.87428,0.87439,69640000,1
1413193980000,1413194039000,0.87438,0.87471,0.87437,0.87468,131220000,1
1413194040000,1413194099000,0.87467,0.87467,0.87455,0.87457,63040000,1
1413194100000,1413194159000,0.87458,0.87465,0.87445,0.87445,59510000,1
1413194160000,1413194219000,0.87445,0.87447,0.87415,0.87415,106080000,1
1413194220000,1413194279000,0.87415,0.87425,0.87412,0.87412,54950000,1
1413194280000,1413194339000,0.87414,0.87438,0.8739,0.8743,115800000,1
1413194340000,1413194399000,0.87431,0.87453,0.87429,0.87453,61110000,1
1413194400000,1413194459000,0.87453,0.87461,0.87445,0.87447,70400000,1
1413194460000,1413194519000,0.87447,0.87454,0.87431,0.87433,77490000,1
1413194520000,1413194579000,0.87433,0.87435,0.87417,0.87433,75750000,1
1413194580000,1413194639000,0.87429,0.87473,0.87427,0.87473,115610000,1
1413194640000,1413194699000,0.87473,0.87511,0.87456,0.87466,169050000,1
1413194700000,1413194759000,0.87466,0.87492,0.87466,0.87477,126630000,1
1413194760000,1413194819000,0.87477,0.87477,0.87441,0.87451,105040000,1
1413194820000,1413194879000,0.87453,0.87474,0.87453,0.87474,68870000,1
1413194880000,1413194939000,0.87474,0.87537,0.87472,0.87537,74370000,1
1413194940000,1413194999000,0.87537,0.87596,0.87529,0.87571,168210000,1
1413195000000,1413195059000,0.87571,0.87584,0.87554,0.87571,163070000,1
1413195060000,1413195119000,0.87571,0.87576,0.8756,0.87564,65950000,1
1413195120000,1413195179000,0.87565,0.87565,0.87549,0.87555,62220000,1
1413195180000,1413195239000,0.87554,0.87555,0.87518,0.87524,127920000,1
1413195240000,1413195299000,0.87524,0.87526,0.8751,0.87526,88230000,1
1413195300000,1413195359000,0.87526,0.87559,0.87526,0.87554,59430000,1
1413195360000,1413195419000,0.87555,0.87595,0.87555,0.87586,97180000,1
1413195420000,1413195479000,0.87586,0.87586,0.87574,0.87584,52170000,1
1413195480000,1413195539000,0.87582,0.87594,0.87582,0.87592,87340000,1
1413195540000,1413195599000,0.87591,0.87602,0.87582,0.87586,91100000,1
1413195600000,1413195659000,0.87588,0.87595,0.87562,0.87562,48120000,1
1413195660000,1413195719000,0.87562,0.87581,0.87562,0.87576,59730000,1
1413195720000,1413195779000,0.87578,0.876,0.87569,0.87595,128540000,1
1413195780000,1413195839000,0.87594,0.87604,0.87575,0.87601,116520000,1
1413195840000,1413195899000,0.87603,0.8763,0.87603,0.87617,125650000,1
1413195900000,1413195959000,0.87618,0.87618,0.87595,0.87597,81130000,1
1413195960000,1413196019000,0.87597,0.87647,0.87597,0.87626,116140000,1
1413196020000,1413196079000,0.87626,0.87639,0.87616,0.87617,98610000,1
1413196080000,1413196139000,0.87616,0.87635,0.87616,0.87632,73560000,1
1413196140000,1413196199000,0.87631,0.87631,0.87597,0.87604,59530000,1
1413196200000,1413196259000,0.87604,0.87607,0.87597,0.87598,56990000,1
1413196260000,1413196319000,0.876,0.87603,0.87587,0.87591,80580000,1
1413196320000,1413196379000,0.87592,0.87602,0.87574,0.87582,82060000,1
1413196380000,1413196439000,0.87582,0.87593,0.87572,0.87574,57070000,1
1413196440000,1413196499000,0.87572,0.87577,0.87566,0.87573,76020000,1
1413196500000,1413196559000,0.87572,0.87572,0.87547,0.87548,87400000,1
1413196560000,1413196619000,0.87549,0.87555,0.87545,0.87545,54490000,1
1413196620000,1413196679000,0.87545,0.87552,0.8754,0.87551,43350000,1
1413196680000,1413196739000,0.87552,0.87578,0.87551,0.87574,66630000,1
1413196740000,1413196799000,0.87574,0.87575,0.87563,0.87565,60490000,1
1413196800000,1413196859000,0.87565,0.87595,0.87562,0.87588,54070000,1
1413196860000,1413196919000,0.87588,0.87588,0.87557,0.87562,66780000,1
1413196920000,1413196979000,0.87562,0.87566,0.87547,0.87557,77110000,1
1413196980000,1413197039000,0.87557,0.87557,0.87541,0.87555,59580000,1
1413197040000,1413197099000,0.87555,0.87567,0.87543,0.87567,69800000,1
1413197100000,1413197159000,0.87565,0.87566,0.87552,0.87552,51560000,1
1413197160000,1413197219000,0.87557,0.87566,0.87543,0.87566,38990000,1
1413197220000,1413197279000,0.87566,0.87585,0.87566,0.87585,69100000,1
1413197280000,1413197339000,0.87585,0.87587,0.87576,0.87577,43310000,1
1413197340000,1413197399000,0.87577,0.8759,0.87577,0.87588,32310000,1
1413197400000,1413197459000,0.87586,0.87586,0.87547,0.87557,70190000,1
1413197460000,1413197519000,0.87557,0.87565,0.87544,0.87563,66120000,1
1413197520000,1413197579000,0.87563,0.87566,0.87549,0.87564,81800000,1
1413197580000,1413197639000,0.87564,0.87564,0.87555,0.87564,31350000,1
1413197640000,1413197699000,0.87563,0.87565,0.87547,0.87565,50300000,1
1413197700000,1413197759000,0.87566,0.87576,0.87566,0.87572,49010000,1
1413197760000,1413197819000,0.8757,0.87574,0.87567,0.8757,66520000,1
1413197820000,1413197879000,0.87572,0.87572,0.8754,0.87542,85580000,1
1413197880000,1413197939000,0.87542,0.87547,0.87537,0.87544,54050000,1
1413197940000,1413197999000,0.87544,0.87557,0.87544,0.87557,33380000,1
1413198000000,1413198059000,0.87557,0.87557,0.87556,0.87556,6000000,1
1413198060000,1413198119000,0.87556,0.87556,0.87555,0.87556,14000000,1
1413198120000,1413198179000,0.87555,0.87567,0.87555,0.87567,15580000,1
1413198180000,1413198239000,0.87567,0.87567,0.87564,0.87565,5500000,1
1413198240000,1413198299000,0.87567,0.87567,0.87566,0.87566,3000000,1
1413198300000,1413198359000,0.87569,0.87595,0.87569,0.87594,57090000,1
1413198360000,1413198419000,0.87594,0.87598,0.87582,0.87582,78640000,1
1413198420000,1413198479000,0.87582,0.87582,0.87562,0.87575,58150000,1
1413198480000,1413198539000,0.87575,0.87577,0.87558,0.87572,36280000,1
1413198540000,1413198599000,0.87572,0.87572,0.87562,0.87567,19710000,1
1413198600000,1413198659000,0.87565,0.87567,0.87563,0.87567,9000000,1
1413198660000,1413198719000,0.87567,0.87577,0.87567,0.87574,22010000,1
1413198720000,1413198779000,0.87574,0.87576,0.87558,0.87573,41690000,1
1413198780000,1413198839000,0.87574,0.87577,0.87573,0.87573,16260000,1
1413198840000,1413198899000,0.87576,0.87606,0.87575,0.87605,28340000,1
1413198900000,1413198959000,0.87602,0.87618,0.87593,0.87618,52070000,1
1413198960000,1413199019000,0.8762,0.87647,0.8762,0.87647,53090000,1
1413199020000,1413199079000,0.87647,0.87647,0.87625,0.87641,123690000,1
1413199080000,1413199139000,0.8764,0.87644,0.87624,0.87624,67730000,1
1413199140000,1413199199000,0.87626,0.87662,0.87626,0.87656,77920000,1
1413199200000,1413199259000,0.87656,0.87666,0.87656,0.87658,46220000,1
1413199260000,1413199319000,0.87659,0.87672,0.87657,0.87668,70090000,1
1413199320000,1413199379000,0.87667,0.87668,0.87652,0.87653,123700000,1
1413199380000,1413199439000,0.87655,0.87661,0.87618,0.87627,107730000,1
1413199440000,1413199499000,0.87624,0.87659,0.87624,0.87647,87590000,1
1413199500000,1413199559000,0.87647,0.87647,0.87632,0.87635,25570000,1
1413199560000,1413199619000,0.87635,0.87639,0.87634,0.87636,12750000,1
1413199620000,1413199679000,0.87634,0.87644,0.87632,0.87644,11000000,1
1413199680000,1413199739000,0.87644,0.87656,0.87637,0.87656,25720000,1
1413199740000,1413199799000,0.87656,0.87674,0.87656,0.87664,85090000,1
1413199800000,1413199859000,0.87664,0.87687,0.87664,0.87685,57880000,1
1413199860000,1413199919000,0.87684,0.87685,0.87653,0.87653,65750000,1
1413199920000,1413199979000,0.87652,0.87665,0.87626,0.87632,107140000,1
1413199980000,1413200039000,0.87632,0.87635,0.87618,0.87618,59480000,1
1413200040000,1413200099000,0.87617,0.87625,0.87612,0.87617,57650000,1
1413200100000,1413200159000,0.87618,0.87624,0.87614,0.87617,52240000,1
1413200160000,1413200219000,0.87618,0.87625,0.87616,0.87624,44460000,1
1413200220000,1413200279000,0.87623,0.87646,0.87609,0.8761,118570000,1
1413200280000,1413200339000,0.8761,0.8761,0.87584,0.876,63460000,1
1413200340000,1413200399000,0.87599,0.87602,0.87594,0.87597,60230000,1
1413200400000,1413200459000,0.87595,0.87611,0.87591,0.87601,86430000,1
1413200460000,1413200519000,0.876,0.87632,0.87595,0.87624,119080000,1
1413200520000,1413200579000,0.87624,0.87624,0.87608,0.87608,35420000,1
1413200580000,1413200639000,0.87607,0.8761,0.876,0.87607,65020000,1
1413200640000,1413200699000,0.87609,0.87624,0.87601,0.87602,69610000,1
1413200700000,1413200759000,0.876,0.87604,0.87596,0.87598,55620000,1
1413200760000,1413200819000,0.87599,0.87605,0.87591,0.876,80990000,1
1413200820000,1413200879000,0.87599,0.87602,0.87589,0.87593,87460000,1
1413200880000,1413200939000,0.87592,0.87598,0.87585,0.87593,48570000,1
1413200940000,1413200999000,0.87591,0.87593,0.87585,0.87586,30970000,1
1413201000000,1413201059000,0.87585,0.87586,0.87585,0.87586,13000000,1
1413201060000,1413201119000,0.87586,0.87587,0.87561,0.87577,75230000,1
1413201120000,1413201179000,0.87577,0.87587,0.87577,0.87585,27670000,1
1413201180000,1413201239000,0.87585,0.87585,0.87575,0.8758,15840000,1
1413201240000,1413201299000,0.8758,0.87589,0.87575,0.87577,64290000,1
1413201300000,1413201359000,0.87577,0.87593,0.87577,0.87585,80080000,1
1413201360000,1413201419000,0.87585,0.87585,0.87579,0.87579,40800000,1
1413201420000,1413201479000,0.87579,0.87582,0.87571,0.87572,67070000,1
1413201480000,1413201539000,0.87572,0.87572,0.87552,0.87554,83380000,1
1413201540000,1413201599000,0.87554,0.8756,0.87554,0.87555,54400000,1
1413201600000,1413201659000,0.87555,0.8756,0.87548,0.87557,51140000,1
1413201660000,1413201719000,0.87557,0.87573,0.87556,0.87573,35120000,1
1413201720000,1413201779000,0.8757,0.87577,0.8757,0.87573,37000000,1
1413201780000,1413201839000,0.87573,0.87575,0.87573,0.87575,10820000,1
1413201840000,1413201899000,0.87574,0.87575,0.87558,0.87558,41060000,1
1413201900000,1413201959000,0.87556,0.87556,0.87547,0.87555,66900000,1
1413201960000,1413202019000,0.87553,0.87568,0.87552,0.87566,84120000,1
1413202020000,1413202079000,0.87566,0.87571,0.87563,0.87563,24920000,1
1413202080000,1413202139000,0.87563,0.87563,0.87539,0.87548,64910000,1
1413202140000,1413202199000,0.87548,0.87567,0.87545,0.87567,67370000,1
1413202200000,1413202259000,0.87567,0.87571,0.87565,0.8757,35120000,1
1413202260000,1413202319000,0.8757,0.87574,0.87549,0.87553,79680000,1
1413202320000,1413202379000,0.87552,0.87563,0.8755,0.87555,61500000,1
1413202380000,1413202439000,0.87555,0.87556,0.87551,0.87554,53110000,1
1413202440000,1413202499000,0.87554,0.87563,0.87545,0.87558,76180000,1
1413202500000,1413202559000,0.87556,0.87563,0.87549,0.87562,60560000,1
1413202560000,1413202619000,0.87561,0.87561,0.87554,0.87554,36700000,1
1413202620000,1413202679000,0.87554,0.87556,0.87552,0.87552,47300000,1
1413202680000,1413202739000,0.87552,0.87565,0.87551,0.87556,49950000,1
1413202740000,1413202799000,0.87556,0.87557,0.87553,0.87557,12710000,1
1413202800000,1413202859000,0.87557,0.87583,0.87553,0.87583,46170000,1
1413202860000,1413202919000,0.87583,0.87609,0.87583,0.87606,48570000,1
1413202920000,1413202979000,0.87606,0.87609,0.87591,0.87592,56420000,1
1413202980000,1413203039000,0.87591,0.87595,0.87584,0.87593,42230000,1
1413203040000,1413203099000,0.87592,0.87598,0.87587,0.87593,43630000,1
1413203100000,1413203159000,0.87595,0.87597,0.8759,0.87591,38570000,1
1413203160000,1413203219000,0.87594,0.87605,0.87594,0.87605,19250000,1
1413203220000,1413203279000,0.87605,0.87616,0.87599,0.87611,71790000,1
1413203280000,1413203339000,0.87612,0.87643,0.87612,0.87625,115460000,1
1413203340000,1413203399000,0.87626,0.8763,0.87586,0.87616,96280000,1
1413203400000,1413203459000,0.8762,0.87637,0.87615,0.87634,45180000,1
1413203460000,1413203519000,0.87634,0.87643,0.87621,0.87625,61190000,1
1413203520000,1413203579000,0.87625,0.87631,0.87625,0.87631,34220000,1
1413203580000,1413203639000,0.87631,0.87631,0.87619,0.87622,51070000,1
1413203640000,1413203699000,0.87622,0.8763,0.87622,0.87624,32330000,1
1413203700000,1413203759000,0.87624,0.87639,0.87623,0.87639,60540000,1
1413203760000,1413203819000,0.87639,0.87644,0.87639,0.87643,40990000,1
1413203820000,1413203879000,0.8764,0.87644,0.87634,0.87634,83460000,1
1413203880000,1413203939000,0.87634,0.87636,0.87631,0.87634,28800000,1
1413203940000,1413203999000,0.87634,0.87636,0.87632,0.87635,16060000,1
1413204000000,1413204059000,0.87634,0.87644,0.87634,0.87644,47180000,1
1413204060000,1413204119000,0.87644,0.87647,0.87634,0.87646,49940000,1
1413204120000,1413204179000,0.87646,0.87675,0.87646,0.87667,82850000,1
1413204180000,1413204239000,0.87666,0.87666,0.87652,0.87653,11670000,1
1413204240000,1413204299000,0.87655,0.87656,0.87635,0.87635,33820000,1
1413204300000,1413204359000,0.87633,0.87635,0.87627,0.8763,62470000,1
1413204360000,1413204419000,0.87628,0.87635,0.87627,0.87635,27400000,1
1413204420000,1413204479000,0.87638,0.87651,0.87635,0.87645,32330000,1
1413204480000,1413204539000,0.87646,0.87655,0.87645,0.87647,23210000,1
1413204540000,1413204599000,0.87647,0.87648,0.87646,0.87646,18750000,1
1413204600000,1413204659000,0.87646,0.87647,0.87646,0.87646,26250000,1
1413204660000,1413204719000,0.87646,0.87647,0.87641,0.87646,18000000,1
1413204720000,1413204779000,0.87649,0.87665,0.87649,0.87665,28430000,1
1413204780000,1413204839000,0.87663,0.87663,0.87657,0.87662,47170000,1
1413204840000,1413204899000,0.87662,0.87673,0.87658,0.87668,73130000,1
1413204900000,1413204959000,0.87668,0.87668,0.87657,0.87666,28750000,1
1413204960000,1413205019000,0.87666,0.87677,0.8766,0.87676,41000000,1
1413205020000,1413205079000,0.87679,0.87686,0.87679,0.87682,48370000,1
1413205080000,1413205139000,0.87682,0.87687,0.87675,0.87676,54550000,1
1413205140000,1413205199000,0.87676,0.87679,0.87667,0.87679,32770000,1
1413205200000,1413205259000,0.87679,0.8768,0.87669,0.87669,44250000,1
1413205260000,1413205319000,0.8767,0.87695,0.8767,0.87688,51680000,1
1413205320000,1413205379000,0.87688,0.87723,0.87677,0.87708,106650000,1
1413205380000,1413205439000,0.87706,0.87718,0.87706,0.87707,91970000,1
1413205440000,1413205499000,0.87707,0.87707,0.87675,0.87686,73140000,1
1413205500000,1413205559000,0.87684,0.8771,0.87682,0.87705,53670000,1
1413205560000,1413205619000,0.87701,0.87701,0.8767,0.87675,65490000,1
1413205620000,1413205679000,0.87675,0.87686,0.87672,0.87672,42860000,1
1413205680000,1413205739000,0.87672,0.87686,0.87667,0.87675,29670000,1
1413205740000,1413205799000,0.87675,0.87677,0.87661,0.87667,41210000,1
1413205800000,1413205859000,0.87667,0.87667,0.87659,0.87664,31570000,1
1413205860000,1413205919000,0.87667,0.87667,0.87659,0.87666,30580000,1
1413205920000,1413205979000,0.87666,0.87668,0.87641,0.87642,47730000,1
1413205980000,1413206039000,0.87643,0.87654,0.87642,0.87646,59880000,1
1413206040000,1413206099000,0.87646,0.87656,0.87637,0.87655,51050000,1
1413206100000,1413206159000,0.87655,0.87655,0.87637,0.87637,59610000,1
1413206160000,1413206219000,0.87638,0.87669,0.87637,0.87667,65110000,1
1413206220000,1413206279000,0.87669,0.87669,0.87665,0.87665,16640000,1
1413206280000,1413206339000,0.87665,0.87667,0.8766,0.87667,54890000,1
1413206340000,1413206399000,0.87667,0.87711,0.87667,0.87695,75020000,1
1413206400000,1413206459000,0.87693,0.87696,0.87685,0.87696,21740000,1
1413206460000,1413206519000,0.87696,0.87696,0.87674,0.87684,47110000,1
1413206520000,1413206579000,0.87683,0.87687,0.87668,0.87687,47100000,1
1413206580000,1413206639000,0.87688,0.877,0.87688,0.87692,43790000,1
1413206640000,1413206699000,0.87688,0.87699,0.87675,0.87699,74890000,1
1413206700000,1413206759000,0.87701,0.87722,0.87698,0.87722,77250000,1
1413206760000,1413206819000,0.87722,0.87763,0.87717,0.87758,113050000,1
1413206820000,1413206879000,0.87757,0.87759,0.87737,0.87739,72010000,1
1413206880000,1413206939000,0.87738,0.87739,0.87728,0.87737,74760000,1
1413206940000,1413206999000,0.87739,0.87781,0.87739,0.87769,141930000,1
1413207000000,1413207059000,0.87767,0.87767,0.87749,0.87749,51600000,1
1413207060000,1413207119000,0.87749,0.8775,0.87737,0.87739,77920000,1
1413207120000,1413207179000,0.87737,0.87743,0.87737,0.87743,26250000,1
1413207180000,1413207239000,0.87746,0.87777,0.87738,0.87777,96070000,1
1413207240000,1413207299000,0.87778,0.87792,0.8777,0.8777,60660000,1
1413207300000,1413207359000,0.87771,0.87775,0.87757,0.87757,109270000,1
1413207360000,1413207419000,0.87757,0.87765,0.87748,0.87764,80370000,1
1413207420000,1413207479000,0.87766,0.87766,0.87744,0.87758,72970000,1
1413207480000,1413207539000,0.87757,0.87803,0.87757,0.87797,101050000,1
1413207540000,1413207599000,0.87797,0.8787,0.87797,0.87858,135890000,1
1413207600000,1413207659000,0.87858,0.8786,0.87845,0.87846,91030000,1
1413207660000,1413207719000,0.87846,0.87846,0.87806,0.87815,99260000,1
1413207720000,1413207779000,0.87815,0.87848,0.87815,0.87836,96860000,1
1413207780000,1413207839000,0.87836,0.87836,0.87809,0.87809,102820000,1
1413207840000,1413207899000,0.87809,0.87816,0.87795,0.87805,114890000,1
1413207900000,1413207959000,0.87804,0.87806,0.87799,0.878,69800000,1
1413207960000,1413208019000,0.878,0.87807,0.87798,0.87807,58870000,1
1413208020000,1413208079000,0.87802,0.87805,0.87777,0.87788,104080000,1
1413208080000,1413208139000,0.87787,0.87796,0.87767,0.87786,102640000,1
1413208140000,1413208199000,0.87788,0.87793,0.87772,0.87782,97350000,1
1413208200000,1413208259000,0.8778,0.87793,0.87777,0.87781,90750000,1
1413208260000,1413208319000,0.87781,0.87783,0.87762,0.87783,83340000,1
1413208320000,1413208379000,0.87783,0.87809,0.87782,0.87798,52910000,1
1413208380000,1413208439000,0.878,0.87807,0.87792,0.87792,83980000,1
1413208440000,1413208499000,0.87792,0.87793,0.8777,0.8777,65490000,1
1413208500000,1413208559000,0.87771,0.87775,0.87731,0.87742,104830000,1
1413208560000,1413208619000,0.87742,0.87751,0.87737,0.87744,105450000,1
1413208620000,1413208679000,0.87742,0.87758,0.87738,0.87758,106130000,1
1413208680000,1413208739000,0.87756,0.87756,0.87747,0.87755,127910000,1
1413208740000,1413208799000,0.87754,0.87785,0.87754,0.87785,121340000,1
1413208800000,1413208859000,0.87783,0.87796,0.87769,0.87788,156530000,1
1413208860000,1413208919000,0.87785,0.87798,0.87777,0.87788,60460000,1
1413208920000,1413208979000,0.87788,0.87788,0.87757,0.87764,103330000,1
1413208980000,1413209039000,0.87764,0.87767,0.87725,0.87726,130620000,1
1413209040000,1413209099000,0.87727,0.87736,0.8772,0.87726,72480000,1
1413209100000,1413209159000,0.87729,0.87742,0.87714,0.87725,89650000,1
1413209160000,1413209219000,0.87725,0.87725,0.87688,0.87697,88060000,1
1413209220000,1413209279000,0.87697,0.87697,0.87662,0.87666,111060000,1
1413209280000,1413209339000,0.87667,0.87696,0.87658,0.87694,117810000,1
1413209340000,1413209399000,0.87695,0.87707,0.87688,0.87706,77170000,1
1413209400000,1413209459000,0.87708,0.87717,0.87697,0.87716,54380000,1
1413209460000,1413209519000,0.87716,0.87734,0.87713,0.87722,55600000,1
1413209520000,1413209579000,0.87722,0.87729,0.87711,0.87713,68510000,1
1413209580000,1413209639000,0.87713,0.87748,0.87713,0.87745,64840000,1
1413209640000,1413209699000,0.87746,0.87788,0.87745,0.87778,90580000,1
1413209700000,1413209759000,0.87778,0.87786,0.87759,0.87759,102130000,1
1413209760000,1413209819000,0.87759,0.87759,0.87728,0.87741,113050000,1
1413209820000,1413209879000,0.87742,0.87756,0.87733,0.87745,86910000,1
1413209880000,1413209939000,0.87745,0.87745,0.87717,0.87717,56350000,1
1413209940000,1413209999000,0.87715,0.87715,0.87686,0.87688,98110000,1
1413210000000,1413210059000,0.87686,0.87707,0.87678,0.87701,46950000,1
1413210060000,1413210119000,0.87699,0.87727,0.87699,0.87725,75870000,1
1413210120000,1413210179000,0.87726,0.87752,0.87726,0.87737,65370000,1
1413210180000,1413210239000,0.87737,0.87737,0.87696,0.87702,57310000,1
1413210240000,1413210299000,0.87702,0.87706,0.87681,0.87687,66380000,1
1413210300000,1413210359000,0.87687,0.87695,0.8768,0.87681,60770000,1
1413210360000,1413210419000,0.8768,0.8768,0.87657,0.87657,76490000,1
1413210420000,1413210479000,0.87657,0.87657,0.87617,0.87625,124080000,1
1413210480000,1413210539000,0.8762,0.87648,0.87618,0.87626,94960000,1
1413210540000,1413210599000,0.87628,0.87663,0.87626,0.87628,97910000,1
1413210600000,1413210659000,0.87626,0.87626,0.87597,0.87597,68800000,1
1413210660000,1413210719000,0.87598,0.87617,0.87597,0.87607,71740000,1
1413210720000,1413210779000,0.87607,0.87624,0.87598,0.87598,98330000,1
1413210780000,1413210839000,0.87592,0.87606,0.87585,0.87587,119360000,1
1413210840000,1413210899000,0.87588,0.87589,0.87558,0.87564,136470000,1
1413210900000,1413210959000,0.87563,0.87578,0.87553,0.87576,92900000,1
1413210960000,1413211019000,0.87578,0.87604,0.87578,0.87596,84150000,1
1413211020000,1413211079000,0.87596,0.87596,0.87582,0.87593,58250000,1
1413211080000,1413211139000,0.87595,0.87612,0.87595,0.87607,78360000,1
1413211140000,1413211199000,0.87608,0.87634,0.87599,0.87634,121030000,1
1413211200000,1413211259000,0.87634,0.87634,0.87617,0.87625,75060000,1
1413211260000,1413211319000,0.87625,0.87625,0.87606,0.87606,46160000,1
1413211320000,1413211379000,0.87606,0.87616,0.87597,0.87598,90150000,1
1413211380000,1413211439000,0.87598,0.87602,0.87567,0.87586,93080000,1
1413211440000,1413211499000,0.87586,0.87586,0.87567,0.87578,108640000,1
1413211500000,1413211559000,0.87581,0.87596,0.87575,0.87577,52640000,1
1413211560000,1413211619000,0.87577,0.87605,0.87577,0.87587,95970000,1
1413211620000,1413211679000,0.8759,0.87595,0.87575,0.87584,35030000,1
1413211680000,1413211739000,0.87583,0.87585,0.87558,0.87561,79190000,1
1413211740000,1413211799000,0.8756,0.87564,0.87548,0.87555,89970000,1
1413211800000,1413211859000,0.87555,0.87573,0.87555,0.87568,57710000,1
1413211860000,1413211919000,0.87566,0.87567,0.87548,0.87556,90940000,1
1413211920000,1413211979000,0.87557,0.87576,0.87557,0.87562,60250000,1
1413211980000,1413212039000,0.87563,0.87566,0.87553,0.87565,79100000,1
1413212040000,1413212099000,0.87565,0.87596,0.8756,0.87591,60390000,1
1413212100000,1413212159000,0.87591,0.87604,0.87587,0.8759,66520000,1
1413212160000,1413212219000,0.87587,0.87612,0.87587,0.87607,75750000,1
1413212220000,1413212279000,0.87607,0.87617,0.87587,0.87587,93760000,1
1413212280000,1413212339000,0.87587,0.87587,0.87564,0.87567,87110000,1
1413212340000,1413212399000,0.87569,0.87569,0.87503,0.87533,194140000,1
1413212400000,1413212459000,0.87534,0.87536,0.87463,0.87464,195140000,1
1413212460000,1413212519000,0.87466,0.87476,0.87436,0.87457,147160000,1
1413212520000,1413212579000,0.87458,0.87482,0.87457,0.87482,119480000,1
1413212580000,1413212639000,0.87484,0.87491,0.8747,0.87482,100310000,1
1413212640000,1413212699000,0.87482,0.87496,0.87482,0.87496,123930000,1
1413212700000,1413212759000,0.87498,0.87507,0.87485,0.87505,83560000,1
1413212760000,1413212819000,0.87505,0.8754,0.87505,0.87537,82670000,1
1413212820000,1413212879000,0.87537,0.87545,0.87532,0.87534,72730000,1
1413212880000,1413212939000,0.87534,0.87543,0.87525,0.87528,70440000,1
1413212940000,1413212999000,0.87528,0.87534,0.87528,0.87528,29440000,1
1413213000000,1413213059000,0.87531,0.87539,0.87527,0.87532,70060000,1
1413213060000,1413213119000,0.8753,0.87533,0.87498,0.87498,126240000,1
1413213120000,1413213179000,0.87498,0.87505,0.87498,0.87499,74850000,1
1413213180000,1413213239000,0.875,0.87526,0.87499,0.87523,56490000,1
1413213240000,1413213299000,0.87523,0.87534,0.87512,0.87526,61050000,1
1413213300000,1413213359000,0.87526,0.87535,0.87517,0.87517,66440000,1
1413213360000,1413213419000,0.87517,0.87526,0.87516,0.87526,57370000,1
1413213420000,1413213479000,0.87527,0.87534,0.8752,0.87527,55100000,1
1413213480000,1413213539000,0.87526,0.87543,0.87526,0.87537,39470000,1
1413213540000,1413213599000,0.87537,0.87537,0.87517,0.87517,48600000,1
1413213600000,1413213659000,0.87517,0.87522,0.8751,0.8751,49980000,1
1413213660000,1413213719000,0.87509,0.8752,0.87509,0.8752,71500000,1
1413213720000,1413213779000,0.8752,0.87525,0.87511,0.87517,44610000,1
1413213780000,1413213839000,0.87517,0.87534,0.87511,0.87534,72350000,1
1413213840000,1413213899000,0.87534,0.87554,0.87534,0.87551,76450000,1
1413213900000,1413213959000,0.87549,0.87552,0.87525,0.87534,58620000,1
1413213960000,1413214019000,0.87534,0.87561,0.87534,0.87554,75180000,1
1413214020000,1413214079000,0.87555,0.87555,0.87527,0.87532,102580000,1
1413214080000,1413214139000,0.8753,0.87541,0.87529,0.8753,73350000,1
1413214140000,1413214199000,0.87532,0.87536,0.87519,0.8752,53920000,1
1413214200000,1413214259000,0.87522,0.87541,0.87522,0.87538,81020000,1
1413214260000,1413214319000,0.87536,0.87549,0.8753,0.87534,110100000,1
1413214320000,1413214379000,0.87535,0.87555,0.87534,0.87555,98800000,1
1413214380000,1413214439000,0.87555,0.87559,0.87549,0.8755,81240000,1
1413214440000,1413214499000,0.8755,0.87557,0.8755,0.87555,48920000,1
1413214500000,1413214559000,0.87557,0.87575,0.87554,0.87575,47130000,1
1413214560000,1413214619000,0.87576,0.87601,0.87576,0.87587,65060000,1
1413214620000,1413214679000,0.87585,0.87585,0.87572,0.87573,44520000,1
1413214680000,1413214739000,0.87573,0.87573,0.87559,0.87565,70120000,1
1413214740000,1413214799000,0.87564,0.87564,0.87557,0.87559,47910000,1
1413214800000,1413214859000,0.87562,0.87596,0.87562,0.87589,69070000,1
1413214860000,1413214919000,0.8759,0.87608,0.8759,0.87597,56470000,1
1413214920000,1413214979000,0.87596,0.87604,0.87583,0.87583,37250000,1
1413214980000,1413215039000,0.87585,0.87604,0.87585,0.87597,51550000,1
1413215040000,1413215099000,0.87597,0.87605,0.87595,0.87598,44200000,1
1413215100000,1413215159000,0.87598,0.87614,0.87598,0.87614,48810000,1
1413215160000,1413215219000,0.87614,0.87633,0.87614,0.87626,56570000,1
1413215220000,1413215279000,0.87627,0.87642,0.87622,0.87635,72700000,1
1413215280000,1413215339000,0.87634,0.87677,0.87627,0.87668,67560000,1
1413215340000,1413215399000,0.87667,0.87678,0.87657,0.87664,75660000,1
1413215400000,1413215459000,0.87662,0.87681,0.87661,0.8767,49440000,1
1413215460000,1413215519000,0.87667,0.87674,0.87661,0.87667,52460000,1
1413215520000,1413215579000,0.87667,0.87667,0.87656,0.87662,35270000,1
1413215580000,1413215639000,0.87664,0.87675,0.87662,0.87675,14000000,1
1413215640000,1413215699000,0.87673,0.87691,0.87665,0.87671,89060000,1
1413215700000,1413215759000,0.87674,0.87677,0.87653,0.87657,64740000,1
1413215760000,1413215819000,0.87658,0.87661,0.87639,0.87642,51930000,1
1413215820000,1413215879000,0.87642,0.87642,0.8763,0.8763,21190000,1
1413215880000,1413215939000,0.87631,0.87633,0.87591,0.87602,76050000,1
1413215940000,1413215999000,0.87601,0.87605,0.87599,0.87603,39000000,1
1413216000000,1413216059000,0.87603,0.87616,0.87603,0.87606,57340000,1
1413216060000,1413216119000,0.87606,0.87615,0.87606,0.87611,56560000,1
1413216120000,1413216179000,0.87613,0.87615,0.87608,0.87615,47820000,1
1413216180000,1413216239000,0.87615,0.87615,0.87598,0.87598,46500000,1
1413216240000,1413216299000,0.87598,0.87598,0.87585,0.87585,31370000,1
1413216300000,1413216359000,0.87585,0.87585,0.87565,0.87566,39500000,1
1413216360000,1413216419000,0.87566,0.87566,0.87554,0.87555,56000000,1
1413216420000,1413216479000,0.87555,0.87565,0.87553,0.87565,47240000,1
1413216480000,1413216539000,0.87565,0.87565,0.87557,0.87557,27000000,1
1413216540000,1413216599000,0.87557,0.87564,0.87547,0.87561,65440000,1
1413216600000,1413216659000,0.87563,0.87568,0.87563,0.87568,5500000,1
1413216660000,1413216719000,0.87568,0.87598,0.87568,0.87593,42600000,1
1413216720000,1413216779000,0.8759,0.87591,0.87584,0.87588,61190000,1
1413216780000,1413216839000,0.87586,0.87594,0.87572,0.87572,47750000,1
1413216840000,1413216899000,0.87574,0.87575,0.87564,0.87565,34750000,1
1413216900000,1413216959000,0.87565,0.87571,0.87546,0.87568,54000000,1
1413216960000,1413217019000,0.87569,0.87577,0.87567,0.87576,44640000,1
1413217020000,1413217079000,0.87576,0.87594,0.87572,0.87575,65620000,1
1413217080000,1413217139000,0.87575,0.8758,0.8757,0.87574,55690000,1
1413217140000,1413217199000,0.87574,0.87596,0.87573,0.87594,54250000,1
1413217200000,1413217259000,0.87594,0.87605,0.8759,0.8759,57440000,1
1413217260000,1413217319000,0.87591,0.87594,0.87579,0.87582,35000000,1
1413217320000,1413217379000,0.87579,0.87595,0.87577,0.87586,32890000,1
1413217380000,1413217439000,0.87586,0.87593,0.87585,0.8759,39330000,1
1413217440000,1413217499000,0.8759,0.87596,0.8759,0.87594,17600000,1
1413217500000,1413217559000,0.87594,0.876,0.87589,0.87594,33870000,1
1413217560000,1413217619000,0.87593,0.87593,0.87571,0.87583,46070000,1
1413217620000,1413217679000,0.87584,0.87592,0.87584,0.87589,20000000,1
1413217680000,1413217739000,0.87592,0.876,0.87583,0.87585,46000000,1
1413217740000,1413217799000,0.87585,0.87592,0.8758,0.87592,66060000,1
1413217800000,1413217859000,0.87592,0.87636,0.87592,0.87634,76840000,1
1413217860000,1413217919000,0.87633,0.87637,0.87602,0.87602,71300000,1
1413217920000,1413217979000,0.87603,0.87608,0.87585,0.87587,93540000,1
1413217980000,1413218039000,0.8759,0.87592,0.87585,0.87588,30500000,1
1413218040000,1413218099000,0.87587,0.87602,0.87586,0.87598,76940000,1
1413218100000,1413218159000,0.876,0.87615,0.87598,0.87615,45180000,1
1413218160000,1413218219000,0.87618,0.87623,0.87572,0.87575,40870000,1
1413218220000,1413218279000,0.87575,0.87582,0.87575,0.8758,14710000,1
1413218280000,1413218339000,0.8758,0.87581,0.8757,0.87575,44030000,1
1413218340000,1413218399000,0.8757,0.8757,0.87545,0.87554,40190000,1
1413218400000,1413218459000,0.87556,0.87564,0.87555,0.87555,36660000,1
1413218460000,1413218519000,0.87556,0.8757,0.87556,0.87565,29390000,1
1413218520000,1413218579000,0.87566,0.87585,0.87566,0.87585,33860000,1
1413218580000,1413218639000,0.87583,0.87597,0.87575,0.87575,57750000,1
1413218640000,1413218699000,0.87577,0.87584,0.87576,0.87577,50160000,1
1413218700000,1413218759000,0.87576,0.87576,0.87554,0.87556,27620000,1
1413218760000,1413218819000,0.87556,0.8756,0.87547,0.87559,57470000,1
1413218820000,1413218879000,0.87559,0.8757,0.87551,0.87569,72210000,1
1413218880000,1413218939000,0.8757,0.87577,0.87567,0.87576,34500000,1
1413218940000,1413218999000,0.87576,0.87576,0.87544,0.87551,56200000,1
1413219000000,1413219059000,0.8755,0.87552,0.87541,0.87545,52020000,1
1413219060000,1413219119000,0.87546,0.8755,0.87531,0.87535,50410000,1
1413219120000,1413219179000,0.87534,0.87542,0.87532,0.87537,52950000,1
1413219180000,1413219239000,0.87536,0.87552,0.87536,0.87547,80190000,1
1413219240000,1413219299000,0.87548,0.8757,0.87546,0.87568,78120000,1
1413219300000,1413219359000,0.87566,0.87568,0.87558,0.87558,18120000,1
1413219360000,1413219419000,0.87556,0.8757,0.87555,0.87565,37440000,1
1413219420000,1413219479000,0.87565,0.87567,0.87562,0.87562,8500000,1
1413219480000,1413219539000,0.87562,0.87562,0.87554,0.87559,27070000,1
1413219540000,1413219599000,0.87559,0.87564,0.87544,0.8755,38720000,1
1413219600000,1413219659000,0.87551,0.87552,0.87535,0.87535,72740000,1
1413219660000,1413219719000,0.87535,0.87554,0.87535,0.87554,40730000,1
1413219720000,1413219779000,0.87555,0.87563,0.87555,0.87555,28870000,1
1413219780000,1413219839000,0.87555,0.87577,0.8755,0.87577,34240000,1
1413219840000,1413219899000,0.87577,0.87585,0.87574,0.87579,31000000,1
1413219900000,1413219959000,0.87577,0.87592,0.87577,0.87589,64000000,1
1413219960000,1413220019000,0.87589,0.87603,0.87589,0.87597,40520000,1
1413220020000,1413220079000,0.87598,0.87614,0.87598,0.87614,49560000,1
1413220080000,1413220139000,0.87614,0.87628,0.87614,0.87625,46330000,1
1413220140000,1413220199000,0.87625,0.87642,0.87625,0.87636,40390000,1
1413220200000,1413220259000,0.87637,0.87644,0.8763,0.87631,42350000,1
1413220260000,1413220319000,0.87634,0.87653,0.87634,0.87651,75120000,1
1413220320000,1413220379000,0.87651,0.87654,0.87639,0.87648,60000000,1
1413220380000,1413220439000,0.87647,0.87657,0.87638,0.8764,52000000,1
1413220440000,1413220499000,0.8764,0.87663,0.8764,0.87663,37300000,1
1413220500000,1413220559000,0.87662,0.87662,0.8763,0.87633,51500000,1
1413220560000,1413220619000,0.8763,0.8763,0.87624,0.87624,32500000,1
1413220620000,1413220679000,0.87625,0.87625,0.87582,0.87582,54000000,1
1413220680000,1413220739000,0.87584,0.87592,0.87577,0.87585,48540000,1
1413220740000,1413220799000,0.87585,0.87585,0.87578,0.87585,26250000,1
1413220800000,1413220859000,0.87585,0.87594,0.87585,0.87593,14870000,1
1413220860000,1413220919000,0.87591,0.87627,0.87589,0.87625,51200000,1
1413220920000,1413220979000,0.87627,0.87637,0.87611,0.87622,70170000,1
1413220980000,1413221039000,0.87622,0.87631,0.87621,0.87627,36490000,1
1413221040000,1413221099000,0.87627,0.87634,0.87626,0.87633,23500000,1
1413221100000,1413221159000,0.87633,0.87634,0.87624,0.87634,23980000,1
1413221160000,1413221219000,0.87633,0.87645,0.87633,0.87645,8250000,1
1413221220000,1413221279000,0.87645,0.87645,0.87624,0.87635,27500000,1
1413221280000,1413221339000,0.87635,0.87635,0.87624,0.87629,28270000,1
1413221340000,1413221399000,0.87631,0.8764,0.87623,0.87638,51560000,1
1413221400000,1413221459000,0.87637,0.87652,0.87633,0.87646,29250000,1
1413221460000,1413221519000,0.87646,0.87647,0.87634,0.87634,23000000,1
1413221520000,1413221579000,0.87635,0.87643,0.87634,0.87634,38240000,1
1413221580000,1413221639000,0.87634,0.87655,0.87631,0.87655,52000000,1
1413221640000,1413221699000,0.87654,0.87655,0.8764,0.87654,45750000,1
1413221700000,1413221759000,0.87652,0.87664,0.87642,0.87655,46620000,1
1413221760000,1413221819000,0.87653,0.87653,0.87635,0.87635,20000000,1
1413221820000,1413221879000,0.87632,0.87632,0.87612,0.87631,32600000,1
1413221880000,1413221939000,0.87631,0.87633,0.87624,0.87633,12500000,1
1413221940000,1413221999000,0.87634,0.87634,0.87632,0.87633,10000000,1
1413222000000,1413222059000,0.87633,0.87643,0.87632,0.87643,36750000,1
1413222060000,1413222119000,0.87642,0.87645,0.87632,0.87635,33500000,1
1413222120000,1413222179000,0.87635,0.87638,0.87635,0.87635,11500000,1
1413222180000,1413222239000,0.87637,0.87644,0.87632,0.87644,42980000,1
1413222240000,1413222299000,0.87644,0.87644,0.87615,0.87615,70110000,1
1413222300000,1413222359000,0.87614,0.87625,0.87614,0.87621,49790000,1
1413222360000,1413222419000,0.87621,0.87631,0.87621,0.87626,29700000,1
1413222420000,1413222479000,0.87629,0.8764,0.87627,0.8764,30450000,1
1413222480000,1413222539000,0.87641,0.87653,0.87641,0.87647,43110000,1
1413222540000,1413222599000,0.87646,0.8765,0.87632,0.87635,36460000,1
1413222600000,1413222659000,0.87638,0.87641,0.87632,0.87636,52350000,1
1413222660000,1413222719000,0.87635,0.87654,0.87634,0.87648,72110000,1
1413222720000,1413222779000,0.87647,0.87647,0.87634,0.87641,42440000,1
1413222780000,1413222839000,0.8764,0.87643,0.87636,0.87641,31990000,1
1413222840000,1413222899000,0.87643,0.87646,0.87643,0.87645,23000000,1
1413222900000,1413222959000,0.87645,0.87655,0.87645,0.87654,22870000,1
1413222960000,1413223019000,0.87654,0.87654,0.87645,0.87645,31570000,1
1413223020000,1413223079000,0.87648,0.87648,0.87634,0.87636,27620000,1
1413223080000,1413223139000,0.87634,0.87634,0.87615,0.87615,52210000,1
1413223140000,1413223199000,0.87614,0.87624,0.8761,0.87624,51940000,1
1413223200000,1413223259000,0.87628,0.87628,0.87616,0.87616,30000000,1
1413223260000,1413223319000,0.87616,0.87616,0.87606,0.87606,55500000,1
1413223320000,1413223379000,0.87606,0.87611,0.87603,0.87605,15000000,1
1413223380000,1413223439000,0.87605,0.87614,0.87605,0.8761,25630000,1
1413223440000,1413223499000,0.8761,0.87624,0.8761,0.87617,58860000,1
1413223500000,1413223559000,0.87616,0.87624,0.8761,0.87624,48380000,1
1413223560000,1413223619000,0.87624,0.87624,0.87619,0.87623,37990000,1
1413223620000,1413223679000,0.87623,0.87644,0.8762,0.87641,62760000,1
1413223680000,1413223739000,0.87644,0.87649,0.8764,0.87645,33000000,1
1413223740000,1413223799000,0.87648,0.87651,0.87644,0.87651,22000000,1
1413223800000,1413223859000,0.87648,0.87653,0.87646,0.8765,24000000,1
1413223860000,1413223919000,0.8765,0.8765,0.87642,0.87645,16620000,1
1413223920000,1413223979000,0.87642,0.87645,0.87642,0.87642,14000000,1
1413223980000,1413224039000,0.87644,0.87644,0.8764,0.87642,15500000,1
1413224040000,1413224099000,0.87645,0.87647,0.87641,0.87643,16010000,1
1413224100000,1413224159000,0.87641,0.87644,0.87641,0.87644,5000000,1
1413224160000,1413224219000,0.87648,0.87655,0.87648,0.87654,16570000,1
1413224220000,1413224279000,0.87654,0.87654,0.87653,0.87653,23500000,1
1413224280000,1413224339000,0.87653,0.87655,0.87652,0.87652,8500000,1
1413224340000,1413224399000,0.87652,0.87654,0.87644,0.87644,40740000,1
1413224400000,1413224459000,0.87644,0.87647,0.87643,0.87647,14500000,1
1413224460000,1413224519000,0.87648,0.87655,0.87648,0.87655,16120000,1
1413224520000,1413224579000,0.87654,0.87654,0.87654,0.87654,4000000,1
1413224580000,1413224639000,0.87654,0.87655,0.87652,0.87652,6000000,1
1413224640000,1413224699000,0.87652,0.87652,0.87652,0.87652,1000000,1
1413224700000,1413224759000,0.87652,0.87654,0.87652,0.87653,5500000,1
1413224760000,1413224819000,0.87653,0.87654,0.87652,0.87654,19160000,1
1413224820000,1413224879000,0.87655,0.87655,0.87654,0.87654,2500000,1
1413224880000,1413224939000,0.87654,0.87654,0.8765,0.87652,22500000,1
1413224940000,1413224999000,0.87653,0.87657,0.87653,0.87654,19580000,1
1413225000000,1413225059000,0.87652,0.87653,0.8764,0.87641,17750000,1
1413225060000,1413225119000,0.87643,0.87643,0.87626,0.87628,30590000,1
1413225120000,1413225179000,0.87626,0.87642,0.87626,0.87641,37440000,1
1413225180000,1413225239000,0.87642,0.87642,0.87622,0.87625,28580000,1
1413225240000,1413225299000,0.87623,0.87623,0.87611,0.87614,24060000,1
1413225300000,1413225359000,0.87615,0.8762,0.87614,0.87615,27240000,1
1413225360000,1413225419000,0.87615,0.8762,0.87613,0.87615,26690000,1
1413225420000,1413225479000,0.87615,0.87615,0.87612,0.87614,14250000,1
1413225480000,1413225539000,0.87614,0.87622,0.87609,0.87613,53850000,1
1413225540000,1413225599000,0.8761,0.87614,0.87595,0.87597,55620000,1
1413225600000,1413225659000,0.87597,0.87597,0.87592,0.87594,18500000,1
1413225660000,1413225719000,0.87595,0.87599,0.87594,0.87599,24310000,1
1413225720000,1413225779000,0.87599,0.876,0.87594,0.87596,20220000,1
1413225780000,1413225839000,0.87596,0.876,0.87594,0.87597,10000000,1
1413225840000,1413225899000,0.87598,0.87603,0.87598,0.87603,24830000,1
1413225900000,1413225959000,0.87603,0.87603,0.87597,0.87597,17250000,1
1413225960000,1413226019000,0.87597,0.87597,0.87592,0.87593,13750000,1
1413226020000,1413226079000,0.87594,0.87597,0.87594,0.87596,16930000,1
1413226080000,1413226139000,0.87596,0.87597,0.87596,0.87597,8000000,1
1413226140000,1413226199000,0.87597,0.87598,0.87596,0.87596,18580000,1
1413226200000,1413226259000,0.87596,0.87604,0.87596,0.87604,30860000,1
1413226260000,1413226319000,0.87604,0.8762,0.876,0.8762,43240000,1
1413226320000,1413226379000,0.87619,0.87619,0.87616,0.87616,12500000,1
1413226380000,1413226439000,0.87617,0.87618,0.87612,0.87615,23000000,1
1413226440000,1413226499000,0.87615,0.87615,0.87602,0.87602,25500000,1
1413226500000,1413226559000,0.87602,0.87602,0.87597,0.87597,10500000,1
1413226560000,1413226619000,0.87596,0.876,0.87594,0.87594,16250000,1
1413226620000,1413226679000,0.87594,0.87597,0.87594,0.87595,19000000,1
1413226680000,1413226739000,0.87595,0.87595,0.87579,0.87582,42250000,1
1413226740000,1413226799000,0.87584,0.87599,0.87584,0.87595,26750000,1
1413226800000,1413226859000,0.87594,0.87598,0.87594,0.87598,5250000,1
1413226860000,1413226919000,0.87598,0.87609,0.87597,0.87607,52490000,1
1413226920000,1413226979000,0.87605,0.87607,0.87604,0.87607,9000000,1
1413226980000,1413227039000,0.87605,0.87614,0.87605,0.87613,32620000,1
1413227040000,1413227099000,0.87613,0.87613,0.87596,0.87596,23070000,1
1413227100000,1413227159000,0.87594,0.87599,0.87593,0.87597,22240000,1
1413227160000,1413227219000,0.87598,0.87601,0.87594,0.87599,34510000,1
1413227220000,1413227279000,0.87598,0.87598,0.87595,0.87596,7500000,1
1413227280000,1413227339000,0.87594,0.87606,0.87594,0.87604,20820000,1
1413227340000,1413227399000,0.87604,0.87605,0.87595,0.876,40750000,1
1413227400000,1413227459000,0.87597,0.87621,0.87597,0.87607,81580000,1
1413227460000,1413227519000,0.87607,0.87616,0.87607,0.87616,43870000,1
1413227520000,1413227579000,0.87616,0.87616,0.87612,0.87615,12870000,1
1413227580000,1413227639000,0.87617,0.87644,0.87617,0.87644,54680000,1
1413227640000,1413227699000,0.87645,0.87661,0.87645,0.87656,37510000,1
1413227700000,1413227759000,0.87656,0.87657,0.87653,0.87656,17000000,1
1413227760000,1413227819000,0.87656,0.87662,0.87654,0.87656,22650000,1
1413227820000,1413227879000,0.87656,0.87656,0.87642,0.87646,46850000,1
1413227880000,1413227939000,0.87646,0.87649,0.87644,0.87647,35750000,1
1413227940000,1413227999000,0.87647,0.87647,0.87644,0.87646,30500000,1
1413228000000,1413228059000,0.87646,0.87647,0.87643,0.87646,32500000,1
1413228060000,1413228119000,0.87646,0.87646,0.87626,0.87626,35500000,1
1413228120000,1413228179000,0.8762,0.8762,0.87607,0.87613,52830000,1
1413228180000,1413228239000,0.87612,0.87612,0.87612,0.87612,1500000,1
1413228240000,1413228299000,0.87614,0.87615,0.87614,0.87615,9000000,1
1413228300000,1413228359000,0.87615,0.87654,0.87615,0.87649,43240000,1
1413228360000,1413228419000,0.8765,0.87658,0.87645,0.8765,35140000,1
1413228420000,1413228479000,0.87649,0.87651,0.87645,0.87648,16240000,1
1413228480000,1413228539000,0.87647,0.87647,0.87639,0.87643,20000000,1
1413228540000,1413228599000,0.87644,0.87666,0.87644,0.87665,21790000,1
1413228600000,1413228659000,0.87664,0.87671,0.87664,0.87666,43260000,1
1413228660000,1413228719000,0.87666,0.87669,0.87656,0.87668,33340000,1
1413228720000,1413228779000,0.87667,0.87668,0.87654,0.87657,95500000,1
1413228780000,1413228839000,0.87656,0.87663,0.87641,0.87655,51240000,1
1413228840000,1413228899000,0.87655,0.87678,0.87655,0.8767,47670000,1
1413228900000,1413228959000,0.8767,0.87674,0.87664,0.87664,12000000,1
1413228960000,1413229019000,0.8766,0.87674,0.87654,0.87674,31790000,1
1413229020000,1413229079000,0.87674,0.87734,0.87663,0.87726,97200000,1
1413229080000,1413229139000,0.87726,0.87735,0.87719,0.87719,43750000,1
1413229140000,1413229199000,0.87723,0.87724,0.87691,0.87695,52120000,1
1413229200000,1413229259000,0.87693,0.87694,0.87685,0.87694,48230000,1
1413229260000,1413229319000,0.87694,0.87701,0.87684,0.87693,54950000,1
1413229320000,1413229379000,0.87693,0.87713,0.87693,0.87707,68110000,1
1413229380000,1413229439000,0.87705,0.87707,0.87695,0.877,41000000,1
1413229440000,1413229499000,0.87697,0.87702,0.87691,0.87702,54490000,1
1413229500000,1413229559000,0.87703,0.87703,0.87693,0.87695,29120000,1
1413229560000,1413229619000,0.87699,0.87709,0.87692,0.87695,27060000,1
1413229620000,1413229679000,0.87694,0.87694,0.8768,0.87681,49430000,1
1413229680000,1413229739000,0.87684,0.87684,0.8765,0.87674,36630000,1
1413229740000,1413229799000,0.87675,0.87694,0.87675,0.87684,27740000,1
1413229800000,1413229859000,0.87684,0.87684,0.87673,0.87673,21500000,1
1413229860000,1413229919000,0.87673,0.87673,0.87654,0.87654,30810000,1
1413229920000,1413229979000,0.87653,0.87656,0.87641,0.87649,43250000,1
1413229980000,1413230039000,0.87648,0.87649,0.8762,0.8762,56660000,1
1413230040000,1413230099000,0.87619,0.87643,0.87613,0.87643,75680000,1
1413230100000,1413230159000,0.87641,0.87642,0.87622,0.87625,16340000,1
1413230160000,1413230219000,0.87625,0.87625,0.876,0.87601,30300000,1
1413230220000,1413230279000,0.87601,0.87604,0.87583,0.87589,50720000,1
1413230280000,1413230339000,0.87589,0.87589,0.87575,0.87575,35620000,1
1413230340000,1413230399000,0.87575,0.87575,0.87538,0.8754,56550000,1
1413230400000,1413230459000,0.8754,0.87542,0.8753,0.87533,24500000,1
1413230460000,1413230519000,0.87533,0.87555,0.87533,0.87554,45000000,1
1413230520000,1413230579000,0.87552,0.87553,0.87547,0.87547,32200000,1
1413230580000,1413230639000,0.8755,0.87559,0.8755,0.87554,35780000,1
1413230640000,1413230699000,0.87554,0.87579,0.87553,0.87579,38040000,1
1413230700000,1413230759000,0.87578,0.87578,0.87571,0.87573,11500000,1
1413230760000,1413230819000,0.87574,0.87583,0.87574,0.8758,16000000,1
1413230820000,1413230879000,0.87579,0.87592,0.87579,0.87591,27150000,1
1413230880000,1413230939000,0.87591,0.87612,0.87591,0.87612,33020000,1
1413230940000,1413230999000,0.87612,0.87629,0.87612,0.87625,21760000,1
1413231000000,1413231059000,0.87625,0.8763,0.87614,0.87614,29870000,1
1413231060000,1413231119000,0.87614,0.87614,0.876,0.87601,25000000,1
1413231120000,1413231179000,0.876,0.87602,0.8759,0.8759,32500000,1
1413231180000,1413231239000,0.8759,0.87591,0.87581,0.87581,21250000,1
1413231240000,1413231299000,0.8758,0.87583,0.87579,0.8758,25500000,1
1413231300000,1413231359000,0.87584,0.87597,0.87582,0.87597,18100000,1
1413231360000,1413231419000,0.87601,0.87627,0.87601,0.87627,24990000,1
1413231420000,1413231479000,0.87627,0.87654,0.87625,0.87654,40840000,1
1413231480000,1413231539000,0.87657,0.8767,0.87641,0.87641,59460000,1
1413231540000,1413231599000,0.87641,0.87651,0.87631,0.87637,68960000,1
1413231600000,1413231659000,0.87636,0.87649,0.87636,0.87637,39360000,1
1413231660000,1413231719000,0.87635,0.87651,0.87632,0.87632,56470000,1
1413231720000,1413231779000,0.87633,0.87647,0.87629,0.8764,34450000,1
1413231780000,1413231839000,0.87639,0.8764,0.87629,0.87639,23610000,1
1413231840000,1413231899000,0.87639,0.87642,0.87634,0.87641,19370000,1
1413231900000,1413231959000,0.87641,0.87643,0.87634,0.87642,44000000,1
1413231960000,1413232019000,0.8764,0.87657,0.8764,0.8765,44600000,1
1413232020000,1413232079000,0.87649,0.87653,0.87645,0.87653,29420000,1
1413232080000,1413232139000,0.87654,0.87685,0.87654,0.8768,50930000,1
1413232140000,1413232199000,0.87679,0.87694,0.87673,0.87694,35370000,1
1413232200000,1413232259000,0.87692,0.87736,0.87692,0.87736,78390000,1
1413232260000,1413232319000,0.87735,0.87756,0.87735,0.87742,63560000,1
1413232320000,1413232379000,0.87742,0.8775,0.8771,0.87712,54700000,1
1413232380000,1413232439000,0.87712,0.87718,0.87693,0.87693,57680000,1
1413232440000,1413232499000,0.87693,0.87693,0.87681,0.87685,30310000,1
1413232500000,1413232559000,0.87685,0.87729,0.87685,0.87725,48980000,1
1413232560000,1413232619000,0.87725,0.87725,0.87705,0.87706,28000000,1
1413232620000,1413232679000,0.87706,0.87706,0.8769,0.8769,52000000,1
1413232680000,1413232739000,0.87691,0.87695,0.87685,0.87689,45390000,1
1413232740000,1413232799000,0.87689,0.8769,0.87686,0.87689,25500000,1
1413232800000,1413232859000,0.8769,0.87693,0.87689,0.87689,25140000,1
1413232860000,1413232919000,0.87692,0.87708,0.87692,0.87708,60250000,1
1413232920000,1413232979000,0.87709,0.87717,0.87709,0.87717,13500000,1
1413232980000,1413233039000,0.87716,0.87719,0.87704,0.87704,53560000,1
1413233040000,1413233099000,0.87704,0.87736,0.87704,0.87736,42980000,1
1413233100000,1413233159000,0.87736,0.87752,0.87731,0.87745,83860000,1
1413233160000,1413233219000,0.87745,0.87746,0.87729,0.8773,63460000,1
1413233220000,1413233279000,0.87732,0.87743,0.87729,0.87736,47440000,1
1413233280000,1413233339000,0.87736,0.87738,0.87735,0.87736,53980000,1
1413233340000,1413233399000,0.87737,0.8774,0.87729,0.87729,61520000,1
1413233400000,1413233459000,0.8773,0.87737,0.87719,0.8773,85230000,1
1413233460000,1413233519000,0.8773,0.8773,0.87726,0.87726,33500000,1
1413233520000,1413233579000,0.87726,0.87726,0.87717,0.87718,19500000,1
1413233580000,1413233639000,0.87717,0.87718,0.87717,0.87718,14500000,1
1413233640000,1413233699000,0.87717,0.87717,0.87708,0.87716,10000000,1
1413233700000,1413233759000,0.87716,0.87717,0.87714,0.87715,10500000,1
1413233760000,1413233819000,0.87714,0.87714,0.87711,0.87714,19500000,1
1413233820000,1413233879000,0.87715,0.87716,0.87713,0.87715,13500000,1
1413233880000,1413233939000,0.87708,0.87712,0.87706,0.87711,79180000,1
1413233940000,1413233999000,0.87709,0.87709,0.87702,0.87702,7410000,1
1413234000000,1413234059000,0.87703,0.87727,0.87698,0.87723,2150000,1
1413234060000,1413234119000,0.87723,0.87723,0.87703,0.87703,400000,1
1413234120000,1413234179000,0.87702,0.87703,0.87702,0.87703,200000,1
1413234180000,1413234239000,0.87701,0.87705,0.87701,0.87705,400000,1
1413234240000,1413234299000,0.877,0.87701,0.87695,0.87701,10460000,1
1413234300000,1413234359000,0.877,0.87702,0.87699,0.87702,8150000,1
1413234360000,1413234419000,0.87703,0.87708,0.877,0.87703,37380000,1
1413234420000,1413234479000,0.87703,0.87712,0.87703,0.87711,33850000,1
1413234480000,1413234539000,0.8771,0.8771,0.87708,0.87708,34220000,1
1413234540000,1413234599000,0.87708,0.8771,0.87675,0.87679,54880000,1
1413234600000,1413234659000,0.87675,0.87689,0.87675,0.87686,101140000,1
1413234660000,1413234719000,0.87688,0.87688,0.87598,0.87635,115500000,1
1413234720000,1413234779000,0.87633,0.87698,0.87621,0.87675,140340000,1
1413234780000,1413234839000,0.87672,0.87688,0.87658,0.87678,37810000,1
1413234840000,1413234899000,0.87681,0.87683,0.87679,0.87679,4000000,1
1413234900000,1413234959000,0.87678,0.87688,0.87678,0.87688,8000000,1
1413234960000,1413235019000,0.87689,0.87729,0.87688,0.87688,29860000,1
1413235020000,1413235079000,0.87689,0.87702,0.87675,0.87689,33810000,1
1413235080000,1413235139000,0.87693,0.87697,0.87679,0.87689,17570000,1
1413235140000,1413235199000,0.87689,0.87689,0.87673,0.87686,18140000,1
1413235200000,1413235259000,0.87686,0.87686,0.87638,0.8764,39760000,1
1413235260000,1413235319000,0.8764,0.8768,0.87639,0.8768,44210000,1
1413235320000,1413235379000,0.87683,0.87691,0.87683,0.87691,9500000,1
1413235380000,1413235439000,0.87692,0.87698,0.87678,0.87678,21340000,1
1413235440000,1413235499000,0.87676,0.87676,0.87661,0.87674,11880000,1
1413235500000,1413235559000,0.87674,0.87674,0.87617,0.87657,65500000,1
1413235560000,1413235619000,0.87657,0.87659,0.8765,0.87658,36500000,1
1413235620000,1413235679000,0.87658,0.87659,0.8763,0.87648,62520000,1
1413235680000,1413235739000,0.87643,0.87653,0.87633,0.87644,32250000,1
1413235740000,1413235799000,0.87643,0.87643,0.87594,0.87594,47600000,1
1413235800000,1413235859000,0.87597,0.87712,0.87595,0.87644,137070000,1
1413235860000,1413235919000,0.87644,0.87668,0.87633,0.8764,66790000,1
1413235920000,1413235979000,0.8764,0.8764,0.87632,0.87635,24500000,1
1413235980000,1413236039000,0.87635,0.87649,0.87615,0.87634,43500000,1
1413236040000,1413236099000,0.87633,0.8764,0.87629,0.87629,27000000,1
1413236100000,1413236159000,0.87629,0.8764,0.87616,0.87624,26500000,1
1413236160000,1413236219000,0.87624,0.8764,0.8761,0.87621,80610000,1
1413236220000,1413236279000,0.8762,0.87641,0.8762,0.87641,30950000,1
1413236280000,1413236339000,0.87641,0.87641,0.87617,0.87624,36540000,1
1413236340000,1413236399000,0.87614,0.87637,0.87614,0.87634,57770000,1
1413236400000,1413236459000,0.87633,0.87646,0.87625,0.87635,63420000,1
1413236460000,1413236519000,0.87641,0.87647,0.87617,0.87629,61970000,1
1413236520000,1413236579000,0.8763,0.87634,0.87622,0.87622,23500000,1
1413236580000,1413236639000,0.87622,0.87624,0.87621,0.87622,5500000,1
1413236640000,1413236699000,0.87621,0.87634,0.87599,0.87606,35750000,1
1413236700000,1413236759000,0.87604,0.87613,0.87603,0.8761,13310000,1
1413236760000,1413236819000,0.87609,0.87616,0.87609,0.87616,5300000,1
1413236820000,1413236879000,0.87608,0.87615,0.87599,0.8761,25670000,1
1413236880000,1413236939000,0.8761,0.87615,0.87597,0.87604,22180000,1
1413236940000,1413236999000,0.8761,0.8761,0.87599,0.87605,18510000,1
1413237000000,1413237059000,0.87605,0.87612,0.87602,0.87606,20370000,1
1413237060000,1413237119000,0.87608,0.87609,0.87605,0.87605,13000000,1
1413237120000,1413237179000,0.87605,0.87605,0.87595,0.87598,12500000,1
1413237180000,1413237239000,0.87596,0.87607,0.87596,0.87605,29950000,1
1413237240000,1413237299000,0.87606,0.87614,0.87606,0.87612,24300000,1
1413237300000,1413237359000,0.87604,0.87615,0.87604,0.87605,22140000,1
1413237360000,1413237419000,0.87606,0.87613,0.87605,0.87611,20000000,1
1413237420000,1413237479000,0.87611,0.87611,0.87597,0.87604,37020000,1
1413237480000,1413237539000,0.87604,0.87604,0.876,0.87602,26500000,1
1413237540000,1413237599000,0.87602,0.87604,0.87566,0.87601,69120000,1
1413237600000,1413237659000,0.876,0.8761,0.87595,0.876,60750000,1
1413237660000,1413237719000,0.87601,0.87603,0.87592,0.87602,46240000,1
1413237720000,1413237779000,0.87602,0.8761,0.876,0.87603,25900000,1
1413237780000,1413237839000,0.87603,0.87606,0.876,0.87601,6170000,1
1413237840000,1413237899000,0.876,0.8762,0.87594,0.8762,56010000,1
1413237900000,1413237959000,0.8762,0.87623,0.87619,0.87622,28730000,1
1413237960000,1413238019000,0.87622,0.87628,0.87617,0.8762,37020000,1
1413238020000,1413238079000,0.8762,0.8762,0.87611,0.87611,21500000,1
1413238080000,1413238139000,0.87613,0.87614,0.87597,0.87598,55720000,1
1413238140000,1413238199000,0.87596,0.87596,0.87572,0.8759,72960000,1
1413238200000,1413238259000,0.87592,0.87617,0.87585,0.87614,153250000,1
1413238260000,1413238319000,0.87617,0.87617,0.87607,0.8761,76010000,1
1413238320000,1413238379000,0.8761,0.8761,0.87603,0.87603,13280000,1
1413238380000,1413238439000,0.87603,0.8761,0.87603,0.87604,44160000,1
1413238440000,1413238499000,0.87604,0.87606,0.87604,0.87605,56050000,1
1413238500000,1413238559000,0.87605,0.87605,0.87604,0.87604,18620000,1
1413238560000,1413238619000,0.87604,0.87605,0.87603,0.87605,6440000,1
1413238620000,1413238679000,0.87602,0.87606,0.87602,0.87603,13930000,1
1413238680000,1413238739000,0.87604,0.87611,0.87604,0.8761,16090000,1
1413238740000,1413238799000,0.8761,0.87611,0.876,0.876,19490000,1
1413238800000,1413238859000,0.87601,0.8761,0.876,0.87608,23940000,1
1413238860000,1413238919000,0.87608,0.87612,0.87607,0.87612,38750000,1
1413238920000,1413238979000,0.87612,0.87612,0.87602,0.87606,14480000,1
1413238980000,1413239039000,0.87605,0.87605,0.87605,0.87605,1500000,1
1413239040000,1413239099000,0.87605,0.87605,0.87602,0.87602,4400000,1
1413239100000,1413239159000,0.87602,0.87605,0.87589,0.87589,24240000,1
1413239160000,1413239219000,0.87589,0.87589,0.8758,0.87589,35730000,1
1413239220000,1413239279000,0.87586,0.87589,0.87586,0.87588,29450000,1
1413239280000,1413239339000,0.87588,0.87589,0.87587,0.87588,25380000,1
1413239340000,1413239399000,0.87587,0.87588,0.87582,0.87588,46230000,1
1413239400000,1413239459000,0.87588,0.87605,0.87588,0.87605,38640000,1
1413239460000,1413239519000,0.87605,0.87618,0.87605,0.87618,32440000,1
1413239520000,1413239579000,0.87619,0.87628,0.87619,0.87625,24680000,1
1413239580000,1413239639000,0.87625,0.87625,0.87625,0.87625,15270000,1
1413239640000,1413239699000,0.87623,0.87623,0.87603,0.87603,25800000,1
1413239700000,1413239759000,0.87603,0.87603,0.8753,0.87572,98180000,1
1413239760000,1413239819000,0.87573,0.87573,0.87542,0.87545,30500000,1
1413239820000,1413239879000,0.87545,0.87566,0.87537,0.87566,66750000,1
1413239880000,1413239939000,0.87566,0.87577,0.87557,0.87557,51850000,1
1413239940000,1413239999000,0.87557,0.87557,0.87554,0.87554,7000000,1
1413240000000,1413240059000,0.87552,0.87552,0.8755,0.87551,11250000,1
1413240060000,1413240119000,0.87553,0.87581,0.87553,0.87581,33760000,1
1413240120000,1413240179000,0.8758,0.87582,0.87578,0.87581,11140000,1
1413240180000,1413240239000,0.87579,0.8758,0.87578,0.8758,6170000,1
1413240240000,1413240299000,0.87583,0.87585,0.87583,0.87584,7500000,1
1413240300000,1413240359000,0.87584,0.87586,0.87582,0.87582,20770000,1
1413240360000,1413240419000,0.87582,0.87583,0.87577,0.87577,7570000,1
1413240420000,1413240479000,0.87577,0.87582,0.87577,0.87582,5150000,1
1413240540000,1413240599000,0.87582,0.87583,0.87582,0.87583,2000000,1
1413240600000,1413240659000,0.87582,0.87582,0.87555,0.87555,27290000,1
1413240660000,1413240719000,0.87552,0.87561,0.8755,0.87558,56210000,1
1413240720000,1413240779000,0.87558,0.8756,0.87557,0.8756,42650000,1
1413240780000,1413240839000,0.8756,0.87568,0.8756,0.87568,19420000,1
1413240840000,1413240899000,0.87568,0.87568,0.87559,0.87563,27850000,1
1413240900000,1413240959000,0.87559,0.8756,0.87559,0.87559,11620000,1
1413240960000,1413241019000,0.87561,0.87569,0.87561,0.87569,11740000,1
1413241020000,1413241079000,0.87568,0.87568,0.87564,0.87565,7120000,1
1413241080000,1413241139000,0.87565,0.87565,0.87554,0.87557,29830000,1
1413241140000,1413241199000,0.87557,0.87564,0.87554,0.87561,49170000,1
1413241200000,1413241259000,0.87557,0.87571,0.87554,0.87571,39990000,1
1413241260000,1413241319000,0.8757,0.87573,0.87569,0.87571,13190000,1
1413241320000,1413241379000,0.8757,0.87572,0.8757,0.87572,4500000,1
1413241380000,1413241439000,0.87572,0.87573,0.87572,0.87573,17500000,1
1413241440000,1413241499000,0.87572,0.87573,0.87572,0.87573,13750000,1
1413241500000,1413241559000,0.87572,0.87572,0.87567,0.87567,13370000,1
1413241560000,1413241619000,0.87567,0.87568,0.87567,0.87567,3990000,1
1413241620000,1413241679000,0.87567,0.87567,0.87564,0.87564,13500000,1
1413241680000,1413241739000,0.87564,0.87564,0.87535,0.87538,28240000,1
1413241740000,1413241799000,0.87537,0.87546,0.87537,0.87546,24110000,1
1413241800000,1413241859000,0.87544,0.87547,0.87537,0.87537,11240000,1
1413241860000,1413241919000,0.87537,0.87539,0.87537,0.87539,4300000,1
1413241920000,1413241979000,0.87539,0.87539,0.87502,0.87502,47640000,1
1413241980000,1413242039000,0.87502,0.87508,0.87501,0.87508,38660000,1
1413242040000,1413242099000,0.87508,0.8751,0.87506,0.8751,32080000,1
1413242100000,1413242159000,0.87508,0.87517,0.87507,0.87517,41050000,1
1413242160000,1413242219000,0.87517,0.87517,0.87498,0.875,39510000,1
1413242220000,1413242279000,0.875,0.87509,0.87499,0.87509,48440000,1
1413242280000,1413242339000,0.87509,0.87518,0.87506,0.87518,37490000,1
1413242340000,1413242399000,0.87518,0.87538,0.87518,0.87537,46920000,1
1413242400000,1413242459000,0.87537,0.87539,0.87536,0.87538,12050000,1
1413242460000,1413242519000,0.87537,0.87548,0.87537,0.87548,17750000,1
1413242520000,1413242579000,0.87549,0.87563,0.87549,0.8756,43430000,1
1413242580000,1413242639000,0.8756,0.87593,0.8756,0.87588,80280000,1
1413242640000,1413242699000,0.87587,0.87593,0.87586,0.87589,40840000,1
1413242700000,1413242759000,0.87589,0.87611,0.87587,0.8761,35500000,1
1413242760000,1413242819000,0.87614,0.87628,0.87609,0.87609,66220000,1
1413242820000,1413242879000,0.87607,0.87611,0.87602,0.87603,33050000,1
1413242880000,1413242939000,0.87603,0.87604,0.87603,0.87603,11830000,1
1413242940000,1413242999000,0.87603,0.87612,0.87599,0.87603,53690000,1
1413243000000,1413243059000,0.87602,0.87602,0.87562,0.87562,53850000,1
1413243060000,1413243119000,0.87553,0.87555,0.87537,0.87538,25000000,1
1413243120000,1413243179000,0.87538,0.87551,0.87532,0.87549,26500000,1
1413243180000,1413243239000,0.87546,0.87549,0.87537,0.87541,23480000,1
1413243240000,1413243299000,0.87541,0.87542,0.87541,0.87542,24500000,1
1413243300000,1413243359000,0.87542,0.87544,0.8754,0.87541,25500000,1
1413243360000,1413243419000,0.87541,0.87541,0.87535,0.87539,11050000,1
1413243420000,1413243479000,0.87538,0.87538,0.87527,0.87528,16070000,1
1413243480000,1413243539000,0.87524,0.87525,0.87522,0.87522,17600000,1
1413243540000,1413243599000,0.87522,0.87522,0.87514,0.87514,14500000,1
1413243600000,1413243659000,0.87517,0.87517,0.87476,0.87487,48150000,1
1413243660000,1413243719000,0.87487,0.87491,0.87477,0.87487,57140000,1
1413243720000,1413243779000,0.87487,0.875,0.87485,0.87499,51140000,1
1413243780000,1413243839000,0.87499,0.87512,0.87497,0.8751,64800000,1
1413243840000,1413243899000,0.87512,0.8752,0.87508,0.87519,37530000,1
1413243900000,1413243959000,0.87521,0.87521,0.8751,0.8751,18710000,1
1413243960000,1413244019000,0.87522,0.87537,0.87522,0.87533,49870000,1
1413244020000,1413244079000,0.87533,0.87533,0.87531,0.87532,12070000,1
1413244080000,1413244139000,0.8753,0.87534,0.87529,0.87532,11850000,1
1413244140000,1413244199000,0.87531,0.87531,0.8753,0.87531,7840000,1
1413244200000,1413244259000,0.8753,0.8755,0.8753,0.8755,26250000,1
1413244260000,1413244319000,0.87552,0.87552,0.87543,0.87543,15210000,1
1413244320000,1413244379000,0.87543,0.87543,0.87527,0.87528,33600000,1
1413244380000,1413244439000,0.87528,0.87552,0.87526,0.87552,40730000,1
1413244440000,1413244499000,0.87553,0.87553,0.8755,0.8755,12100000,1
1413244500000,1413244559000,0.87551,0.87554,0.87541,0.87547,34820000,1
1413244560000,1413244619000,0.87546,0.87552,0.87543,0.87551,16850000,1
1413244620000,1413244679000,0.87549,0.87549,0.87546,0.87546,13000000,1
1413244680000,1413244739000,0.87546,0.87547,0.87546,0.87546,15780000,1
1413244740000,1413244799000,0.87546,0.87549,0.87537,0.87537,16530000,1
1413244800000,1413244859000,0.87537,0.87537,0.8753,0.8753,50360000,1
1413244860000,1413244919000,0.8753,0.8753,0.87525,0.87525,37230000,1
1413244920000,1413244979000,0.87525,0.87526,0.87505,0.87505,44430000,1
1413244980000,1413245039000,0.87504,0.87527,0.87504,0.87527,71880000,1
1413245040000,1413245099000,0.87527,0.87533,0.87495,0.87499,68880000,1
1413245100000,1413245159000,0.87497,0.87499,0.87466,0.87467,87110000,1
1413245160000,1413245219000,0.87467,0.87483,0.87462,0.87475,84690000,1
1413245220000,1413245279000,0.87474,0.87477,0.87422,0.87434,94900000,1
1413245280000,1413245339000,0.87434,0.87458,0.87434,0.87436,103270000,1
1413245340000,1413245399000,0.87436,0.87475,0.87436,0.87457,100740000,1
1413245400000,1413245459000,0.87457,0.87476,0.87457,0.87466,56430000,1
1413245460000,1413245519000,0.87466,0.87475,0.87465,0.87466,24240000,1
1413245520000,1413245579000,0.87466,0.87475,0.87459,0.87475,59600000,1
1413245580000,1413245639000,0.87473,0.87473,0.87456,0.87466,62760000,1
1413245640000,1413245699000,0.87468,0.87497,0.87468,0.87487,38760000,1
1413245700000,1413245759000,0.87486,0.87486,0.87467,0.87479,61020000,1
1413245760000,1413245819000,0.87479,0.87484,0.87475,0.87478,34740000,1
1413245820000,1413245879000,0.87478,0.87478,0.87446,0.87457,75320000,1
1413245880000,1413245939000,0.87455,0.87466,0.87443,0.87447,62420000,1
1413245940000,1413245999000,0.87445,0.87457,0.87444,0.87457,32550000,1
1413246000000,1413246059000,0.87457,0.87463,0.87447,0.87456,59370000,1
1413246060000,1413246119000,0.87456,0.87456,0.87444,0.87452,47070000,1
1413246120000,1413246179000,0.87449,0.87456,0.87444,0.87449,36790000,1
1413246180000,1413246239000,0.87449,0.87457,0.87447,0.87457,44800000,1
1413246240000,1413246299000,0.87457,0.87457,0.87444,0.87446,35940000,1
1413246300000,1413246359000,0.87446,0.87455,0.87444,0.87444,13540000,1
1413246360000,1413246419000,0.87443,0.87445,0.87422,0.87435,78170000,1
1413246420000,1413246479000,0.87437,0.87451,0.87427,0.87446,78260000,1
1413246480000,1413246539000,0.87444,0.8745,0.87433,0.87447,53300000,1
1413246540000,1413246599000,0.87452,0.87474,0.8745,0.87464,129900000,1
1413246600000,1413246659000,0.87461,0.87461,0.87373,0.87435,358510000,1
1413246660000,1413246719000,0.87434,0.87468,0.87432,0.87468,114140000,1
1413246720000,1413246779000,0.87466,0.87471,0.87462,0.87471,39820000,1
1413246780000,1413246839000,0.87471,0.87472,0.87455,0.87457,58500000,1
1413246840000,1413246899000,0.8746,0.87472,0.87438,0.87445,96470000,1
1413246900000,1413246959000,0.87444,0.87445,0.87412,0.87427,74290000,1
1413246960000,1413247019000,0.87425,0.87426,0.87411,0.87425,35050000,1
1413247020000,1413247079000,0.87423,0.87423,0.87397,0.87409,80590000,1
1413247080000,1413247139000,0.87409,0.87409,0.87379,0.87386,61000000,1
1413247140000,1413247199000,0.87386,0.87398,0.87372,0.87384,104150000,1
1413247200000,1413247259000,0.87385,0.8741,0.87385,0.87409,64550000,1
1413247260000,1413247319000,0.87408,0.87431,0.874,0.87411,106080000,1
1413247320000,1413247379000,0.87409,0.87427,0.87409,0.87418,74740000,1
1413247380000,1413247439000,0.87416,0.87427,0.87415,0.87427,34890000,1
1413247440000,1413247499000,0.87426,0.87426,0.87417,0.87417,6700000,1
1413247500000,1413247559000,0.87417,0.87421,0.8739,0.87394,56700000,1
1413247560000,1413247619000,0.87394,0.87406,0.87387,0.8739,69900000,1
1413247620000,1413247679000,0.87389,0.87389,0.87358,0.87369,71510000,1
1413247680000,1413247739000,0.87369,0.87381,0.87367,0.87378,56260000,1
1413247740000,1413247799000,0.87382,0.87398,0.87371,0.8738,71950000,1
1413247800000,1413247859000,0.8738,0.87414,0.87377,0.87407,132760000,1
1413247860000,1413247919000,0.87407,0.87423,0.87402,0.87418,88020000,1
1413247920000,1413247979000,0.87417,0.87426,0.87408,0.87425,60640000,1
1413247980000,1413248039000,0.87425,0.8743,0.87417,0.87421,45170000,1
1413248040000,1413248099000,0.87424,0.87425,0.87398,0.87414,64680000,1
1413248100000,1413248159000,0.87403,0.87426,0.87395,0.87426,134510000,1
1413248160000,1413248219000,0.87426,0.87437,0.87418,0.87437,36320000,1
1413248220000,1413248279000,0.8744,0.87481,0.8744,0.87481,100530000,1
1413248280000,1413248339000,0.87482,0.87493,0.87469,0.87491,78750000,1
1413248340000,1413248399000,0.8749,0.87493,0.87477,0.87478,86830000,1
1413248400000,1413248459000,0.87478,0.87494,0.87478,0.8749,18420000,1
1413248460000,1413248519000,0.87488,0.87493,0.87477,0.87477,31770000,1
1413248520000,1413248579000,0.87477,0.87485,0.87448,0.87457,56880000,1
1413248580000,1413248639000,0.87457,0.87457,0.87439,0.87447,69330000,1
1413248640000,1413248699000,0.87447,0.87457,0.87447,0.87456,37000000,1
1413248700000,1413248759000,0.87456,0.87468,0.87454,0.87468,38650000,1
1413248760000,1413248819000,0.87467,0.87467,0.87448,0.87452,49000000,1
1413248820000,1413248879000,0.87452,0.87466,0.87452,0.87466,21500000,1
1413248880000,1413248939000,0.87466,0.87469,0.8746,0.87467,48000000,1
1413248940000,1413248999000,0.87467,0.87473,0.87454,0.87466,65980000,1
1413249000000,1413249059000,0.87466,0.87466,0.87442,0.87459,80920000,1
1413249060000,1413249119000,0.8746,0.87465,0.87452,0.87462,39100000,1
1413249120000,1413249179000,0.87462,0.87462,0.87456,0.87456,23500000,1
1413249180000,1413249239000,0.87457,0.87457,0.87444,0.87446,8000000,1
1413249240000,1413249299000,0.87446,0.87474,0.87434,0.87467,58450000,1
1413249300000,1413249359000,0.87467,0.87492,0.87465,0.8749,93060000,1
1413249360000,1413249419000,0.87491,0.87544,0.87477,0.87544,131560000,1
1413249420000,1413249479000,0.87544,0.87546,0.87512,0.87516,104540000,1
1413249480000,1413249539000,0.87516,0.87536,0.87507,0.87508,84820000,1
1413249540000,1413249599000,0.87507,0.87507,0.87467,0.87467,89570000,1
1413249600000,1413249659000,0.87467,0.87508,0.87458,0.87503,71700000,1
1413249660000,1413249719000,0.87505,0.87533,0.87505,0.87524,93430000,1
1413249720000,1413249779000,0.87524,0.87575,0.87524,0.87554,139170000,1
1413249780000,1413249839000,0.87555,0.87563,0.8755,0.87562,33090000,1
1413249840000,1413249899000,0.87562,0.87565,0.87555,0.87558,27400000,1
1413249900000,1413249959000,0.87559,0.87588,0.87559,0.87587,112010000,1
1413249960000,1413250019000,0.87588,0.87615,0.87588,0.87607,110980000,1
1413250020000,1413250079000,0.87607,0.87609,0.87589,0.87595,58880000,1
1413250080000,1413250139000,0.87593,0.87608,0.87589,0.87606,36680000,1
1413250140000,1413250199000,0.87608,0.87649,0.87607,0.87637,100340000,1
1413250200000,1413250259000,0.87639,0.87683,0.87637,0.87674,67030000,1
1413250260000,1413250319000,0.87675,0.87717,0.87667,0.87677,151990000,1
1413250320000,1413250379000,0.87677,0.87683,0.8766,0.87663,46820000,1
1413250380000,1413250439000,0.87663,0.87689,0.87663,0.87682,126120000,1
1413250440000,1413250499000,0.87682,0.87694,0.87659,0.87663,76120000,1
1413250500000,1413250559000,0.87664,0.87674,0.87649,0.87673,105230000,1
1413250560000,1413250619000,0.87677,0.87678,0.8766,0.8766,32600000,1
1413250620000,1413250679000,0.87659,0.87679,0.87655,0.87678,70230000,1
1413250680000,1413250739000,0.87681,0.87694,0.87677,0.8768,121180000,1
1413250740000,1413250799000,0.87679,0.87704,0.87672,0.87704,74650000,1
1413250800000,1413250859000,0.87707,0.87773,0.87705,0.87763,197910000,1
1413250860000,1413250919000,0.87763,0.87802,0.87762,0.87776,143710000,1
1413250920000,1413250979000,0.87776,0.87792,0.87764,0.87791,125570000,1
1413250980000,1413251039000,0.87792,0.87831,0.87787,0.87814,111720000,1
1413251040000,1413251099000,0.87813,0.87823,0.87803,0.8782,96210000,1
1413251100000,1413251159000,0.8782,0.87825,0.87807,0.87818,43770000,1
1413251160000,1413251219000,0.87819,0.87828,0.87777,0.87792,75880000,1
1413251220000,1413251279000,0.87792,0.87807,0.87786,0.87786,75660000,1
1413251280000,1413251339000,0.87786,0.87786,0.87755,0.87765,130760000,1
1413251340000,1413251399000,0.87766,0.87772,0.87766,0.87772,59170000,1
1413251400000,1413251459000,0.87772,0.87772,0.87749,0.87757,109160000,1
1413251460000,1413251519000,0.87763,0.87807,0.87763,0.87798,81980000,1
1413251520000,1413251579000,0.87797,0.87833,0.87796,0.87831,83920000,1
1413251580000,1413251639000,0.87831,0.87844,0.87825,0.87843,83460000,1
1413251640000,1413251699000,0.87842,0.87879,0.8784,0.87875,139750000,1
1413251700000,1413251759000,0.87878,0.87878,0.87842,0.87842,59750000,1
1413251760000,1413251819000,0.87842,0.87855,0.8782,0.87827,103050000,1
1413251820000,1413251879000,0.87827,0.87834,0.87807,0.87831,108160000,1
1413251880000,1413251939000,0.87831,0.87835,0.87828,0.87832,66140000,1
1413251940000,1413251999000,0.87832,0.8784,0.87832,0.87834,38820000,1
1413252000000,1413252059000,0.87834,0.87834,0.87818,0.87832,59200000,1
1413252060000,1413252119000,0.87832,0.87833,0.87817,0.87832,72910000,1
1413252120000,1413252179000,0.87827,0.87832,0.87827,0.87829,31500000,1
1413252180000,1413252239000,0.8783,0.87837,0.87827,0.87834,51210000,1
1413252240000,1413252299000,0.87835,0.87837,0.87827,0.87828,46220000,1
1413252300000,1413252359000,0.87827,0.87827,0.87815,0.87821,55940000,1
1413252360000,1413252419000,0.87822,0.87826,0.87807,0.87818,39750000,1
1413252420000,1413252479000,0.87816,0.87816,0.87811,0.87813,14500000,1
1413252480000,1413252539000,0.87812,0.87824,0.87808,0.87814,59390000,1
1413252540000,1413252599000,0.87815,0.87817,0.87802,0.87817,35640000,1
1413252600000,1413252659000,0.87817,0.87817,0.87801,0.87806,51500000,1
1413252660000,1413252719000,0.87807,0.87819,0.87807,0.87815,44460000,1
1413252720000,1413252779000,0.87814,0.87825,0.87808,0.87825,40910000,1
1413252780000,1413252839000,0.87825,0.87861,0.87825,0.87857,97370000,1
1413252840000,1413252899000,0.87857,0.87857,0.87841,0.87847,25500000,1
1413252900000,1413252959000,0.87847,0.8786,0.87847,0.87854,37460000,1
1413252960000,1413253019000,0.87856,0.87857,0.87837,0.87857,92650000,1
1413253020000,1413253079000,0.87857,0.87869,0.87851,0.87857,58340000,1
1413253080000,1413253139000,0.87859,0.87871,0.87857,0.87869,106650000,1
1413253140000,1413253199000,0.87872,0.87973,0.87872,0.87919,273260000,1
1413253200000,1413253259000,0.8792,0.87932,0.87901,0.87928,166750000,1
1413253260000,1413253319000,0.87928,0.87957,0.87927,0.87936,139650000,1
1413253320000,1413253379000,0.87937,0.87996,0.87937,0.87963,139630000,1
1413253380000,1413253439000,0.87961,0.87965,0.8794,0.87947,173430000,1
1413253440000,1413253499000,0.87947,0.8798,0.87947,0.87968,101150000,1
1413253500000,1413253559000,0.87967,0.8799,0.87967,0.87988,41470000,1
1413253560000,1413253619000,0.87989,0.88095,0.87989,0.88076,249920000,1
1413253620000,1413253679000,0.88076,0.88079,0.88046,0.88066,138880000,1
1413253680000,1413253739000,0.88066,0.88069,0.88049,0.88067,94860000,1
1413253740000,1413253799000,0.88067,0.88119,0.8806,0.88112,196230000,1
1413253800000,1413253859000,0.88112,0.88121,0.88092,0.88092,106940000,1
1413253860000,1413253919000,0.88092,0.88118,0.88072,0.88079,160190000,1
1413253920000,1413253979000,0.88079,0.88082,0.88042,0.88078,194410000,1
1413253980000,1413254039000,0.88077,0.88102,0.88055,0.88068,123890000,1
1413254040000,1413254099000,0.88068,0.88068,0.88041,0.88041,89250000,1
1413254100000,1413254159000,0.8804,0.88073,0.8804,0.88071,92300000,1
1413254160000,1413254219000,0.88073,0.88084,0.88057,0.8806,82890000,1
1413254220000,1413254279000,0.88061,0.88072,0.88045,0.88056,86560000,1
1413254280000,1413254339000,0.88057,0.88069,0.8805,0.88069,51970000,1
1413254340000,1413254399000,0.8807,0.8807,0.88057,0.8806,29750000,1
1413254400000,1413254459000,0.8806,0.8806,0.88029,0.88038,75190000,1
1413254460000,1413254519000,0.88038,0.88042,0.88038,0.88039,16510000,1
1413254520000,1413254579000,0.88038,0.88048,0.88019,0.88048,80570000,1
1413254580000,1413254639000,0.88048,0.88062,0.8804,0.88048,67840000,1
1413254640000,1413254699000,0.88046,0.88046,0.88021,0.88021,79670000,1
1413254700000,1413254759000,0.8802,0.88034,0.8802,0.8803,51430000,1
1413254760000,1413254819000,0.88029,0.8804,0.88017,0.88021,90760000,1
1413254820000,1413254879000,0.8802,0.88025,0.88002,0.88025,86720000,1
1413254880000,1413254939000,0.88026,0.88043,0.88026,0.88042,46570000,1
1413254940000,1413254999000,0.88042,0.8805,0.88042,0.88047,35960000,1
1413255000000,1413255059000,0.88047,0.88047,0.88019,0.88028,35030000,1
1413255060000,1413255119000,0.88029,0.88037,0.88018,0.88027,86910000,1
1413255120000,1413255179000,0.88025,0.88026,0.88025,0.88026,17910000,1
1413255180000,1413255239000,0.88026,0.88026,0.8801,0.88015,78610000,1
1413255240000,1413255299000,0.88017,0.88028,0.88017,0.88028,45470000,1
1413255300000,1413255359000,0.88026,0.88043,0.88017,0.88037,50330000,1
1413255360000,1413255419000,0.88037,0.88037,0.88028,0.88028,19650000,1
1413255420000,1413255479000,0.88028,0.8804,0.88027,0.88027,37830000,1
1413255480000,1413255539000,0.88028,0.88028,0.88028,0.88028,1000000,1
1413255540000,1413255599000,0.88029,0.88035,0.88028,0.88035,13750000,1
1413255600000,1413255659000,0.88037,0.88049,0.88036,0.88047,55120000,1
1413255660000,1413255719000,0.88047,0.88047,0.88037,0.88037,6640000,1
1413255720000,1413255779000,0.88037,0.88038,0.88037,0.88038,12070000,1
1413255780000,1413255839000,0.88033,0.88038,0.88029,0.88032,18610000,1
1413255840000,1413255899000,0.88035,0.88088,0.88035,0.88085,125870000,1
1413255900000,1413255959000,0.88083,0.88083,0.88058,0.88068,81600000,1
1413255960000,1413256019000,0.88068,0.88099,0.88068,0.88091,53170000,1
1413256020000,1413256079000,0.88095,0.88109,0.88081,0.88087,78320000,1
1413256080000,1413256139000,0.8809,0.8809,0.88087,0.88087,10060000,1
1413256140000,1413256199000,0.8809,0.8809,0.88072,0.88075,49060000,1
1413256200000,1413256259000,0.88074,0.88079,0.88058,0.88058,77740000,1
1413256260000,1413256319000,0.88057,0.88064,0.88057,0.8806,19620000,1
1413256320000,1413256379000,0.88057,0.88067,0.88057,0.88067,10970000,1
1413256380000,1413256439000,0.88067,0.8807,0.88037,0.88047,40570000,1
1413256440000,1413256499000,0.88047,0.88051,0.88045,0.88046,24960000,1
1413256500000,1413256559000,0.88047,0.8805,0.88018,0.88018,56500000,1
1413256560000,1413256619000,0.88018,0.88036,0.88014,0.88018,77130000,1
1413256620000,1413256679000,0.88018,0.88036,0.88007,0.88026,61390000,1
1413256680000,1413256739000,0.88026,0.88028,0.88024,0.88027,10750000,1
1413256740000,1413256799000,0.88027,0.88027,0.88026,0.88026,3120000,1
1413256800000,1413256859000,0.88027,0.88029,0.88017,0.88027,51460000,1
1413256860000,1413256919000,0.88028,0.88033,0.88007,0.88018,102440000,1
1413256920000,1413256979000,0.88014,0.88029,0.88014,0.88029,28780000,1
1413256980000,1413257039000,0.88028,0.88029,0.88018,0.88025,33540000,1
1413257040000,1413257099000,0.88025,0.88029,0.88008,0.88008,58170000,1
1413257100000,1413257159000,0.88008,0.88008,0.87976,0.87983,94950000,1
1413257160000,1413257219000,0.87982,0.87985,0.87968,0.87968,95200000,1
1413257220000,1413257279000,0.87968,0.8798,0.87959,0.87977,52470000,1
1413257280000,1413257339000,0.87977,0.87977,0.87963,0.87968,20500000,1
1413257340000,1413257399000,0.87967,0.87978,0.87957,0.87978,26580000,1
1413257400000,1413257459000,0.87977,0.87993,0.87975,0.87978,62410000,1
1413257460000,1413257519000,0.87979,0.87985,0.87971,0.87971,55000000,1
1413257520000,1413257579000,0.87974,0.87983,0.87972,0.87983,56140000,1
1413257580000,1413257639000,0.87983,0.87983,0.87978,0.87978,25900000,1
1413257640000,1413257699000,0.87978,0.87979,0.87977,0.87977,38270000,1
1413257700000,1413257759000,0.87977,0.87987,0.87971,0.87978,99630000,1
1413257760000,1413257819000,0.87978,0.87986,0.87962,0.87986,58700000,1
1413257820000,1413257879000,0.87985,0.87985,0.8797,0.87971,39920000,1
1413257880000,1413257939000,0.8797,0.8797,0.87957,0.87967,38290000,1
1413257940000,1413257999000,0.87967,0.8797,0.87967,0.87967,26200000,1
1413258000000,1413258059000,0.87967,0.87986,0.8796,0.87986,40260000,1
1413258060000,1413258119000,0.87986,0.8799,0.87981,0.87987,39950000,1
1413258120000,1413258179000,0.87987,0.8799,0.87981,0.87987,22750000,1
1413258180000,1413258239000,0.87987,0.87992,0.87982,0.87992,12920000,1
1413258240000,1413258299000,0.87991,0.88012,0.87988,0.88012,46620000,1
1413258300000,1413258359000,0.88011,0.8802,0.88007,0.8802,42500000,1
1413258360000,1413258419000,0.88019,0.88025,0.8801,0.88025,71170000,1
1413258420000,1413258479000,0.88025,0.88026,0.88021,0.88026,40260000,1
1413258480000,1413258539000,0.88025,0.88033,0.88025,0.88032,33110000,1
1413258540000,1413258599000,0.88031,0.88033,0.88027,0.88027,11600000,1
1413258600000,1413258659000,0.88027,0.88027,0.88017,0.88027,23750000,1
1413258660000,1413258719000,0.88027,0.88028,0.88008,0.88008,20460000,1
1413258720000,1413258779000,0.88009,0.88016,0.88007,0.8801,50080000,1
1413258780000,1413258839000,0.88009,0.88009,0.87997,0.87998,17000000,1
1413258840000,1413258899000,0.87996,0.87996,0.87942,0.87945,76170000,1
1413258900000,1413258959000,0.87946,0.8795,0.87941,0.87946,60640000,1
1413258960000,1413259019000,0.87946,0.87947,0.87946,0.87946,25370000,1
1413259020000,1413259079000,0.87946,0.87946,0.87933,0.87937,52000000,1
1413259080000,1413259139000,0.87937,0.87942,0.87937,0.87937,26240000,1
1413259140000,1413259199000,0.87934,0.87936,0.8793,0.87933,40790000,1
1413259200000,1413259259000,0.87932,0.87956,0.87925,0.87955,75320000,1
1413259260000,1413259319000,0.87955,0.87955,0.87945,0.87948,8420000,1
1413259320000,1413259379000,0.87945,0.87945,0.87935,0.87935,20490000,1
1413259380000,1413259439000,0.87936,0.87939,0.87933,0.87935,15170000,1
1413259440000,1413259499000,0.87935,0.87948,0.87935,0.87945,12040000,1
1413259500000,1413259559000,0.87945,0.87948,0.87913,0.87915,57820000,1
1413259560000,1413259619000,0.87915,0.87915,0.87878,0.87887,128930000,1
1413259620000,1413259679000,0.87887,0.87896,0.87882,0.87896,91650000,1
1413259680000,1413259739000,0.87897,0.879,0.8789,0.87894,49910000,1
1413259740000,1413259799000,0.87894,0.879,0.87892,0.87898,47820000,1
1413259800000,1413259859000,0.879,0.87911,0.87891,0.879,56870000,1
1413259860000,1413259919000,0.87898,0.87899,0.87887,0.87888,36000000,1
1413259920000,1413259979000,0.87887,0.87901,0.87874,0.87901,47480000,1
1413259980000,1413260039000,0.87901,0.8791,0.87901,0.87908,7520000,1
1413260040000,1413260099000,0.87904,0.87904,0.87899,0.87902,18000000,1
1413260100000,1413260159000,0.879,0.87929,0.879,0.87928,39070000,1
1413260160000,1413260219000,0.87929,0.8793,0.8792,0.87927,41130000,1
1413260220000,1413260279000,0.87928,0.87935,0.87927,0.87929,46160000,1
1413260280000,1413260339000,0.87929,0.87929,0.87919,0.87925,29500000,1
1413260340000,1413260399000,0.87925,0.87926,0.87917,0.87923,29350000,1
1413260400000,1413260459000,0.87921,0.87943,0.87917,0.8794,72750000,1
1413260460000,1413260519000,0.8794,0.87943,0.87937,0.87937,51490000,1
1413260520000,1413260579000,0.87937,0.87943,0.87937,0.87941,13920000,1
1413260580000,1413260639000,0.87942,0.87944,0.8794,0.87942,16280000,1
1413260640000,1413260699000,0.87942,0.8795,0.87942,0.87947,11070000,1
1413260700000,1413260759000,0.87948,0.8796,0.87947,0.87947,58370000,1
1413260760000,1413260819000,0.87948,0.87958,0.87946,0.87953,45860000,1
1413260820000,1413260879000,0.87953,0.87961,0.87944,0.87945,56690000,1
1413260880000,1413260939000,0.87946,0.87949,0.87946,0.87948,9920000,1
1413260940000,1413260999000,0.87948,0.8797,0.87947,0.8797,29950000,1
1413261000000,1413261059000,0.87967,0.87967,0.87957,0.87957,22500000,1
1413261060000,1413261119000,0.87957,0.87958,0.87947,0.87947,21770000,1
1413261120000,1413261179000,0.87947,0.87947,0.87947,0.87947,1100000,1
1413261180000,1413261239000,0.87947,0.87947,0.87919,0.8794,79220000,1
1413261240000,1413261299000,0.87939,0.87939,0.87937,0.87938,10000000,1
1413261300000,1413261359000,0.87937,0.87937,0.87928,0.87928,6500000,1
1413261360000,1413261419000,0.87927,0.87928,0.87927,0.87928,2500000,1
1413261420000,1413261479000,0.87928,0.87928,0.87905,0.87905,58100000,1
1413261480000,1413261539000,0.87905,0.87915,0.87905,0.87907,35020000,1
1413261540000,1413261599000,0.87907,0.87908,0.87893,0.879,35640000,1
1413261600000,1413261659000,0.87899,0.87899,0.87887,0.87887,25500000,1
1413261660000,1413261719000,0.87887,0.87892,0.87879,0.87884,65810000,1
1413261720000,1413261779000,0.87884,0.87897,0.87879,0.87889,62090000,1
1413261780000,1413261839000,0.87889,0.87924,0.87888,0.87924,74260000,1
1413261840000,1413261899000,0.87922,0.87923,0.87919,0.87919,10290000,1
1413261900000,1413261959000,0.87918,0.87927,0.879,0.87923,78940000,1
1413261960000,1413262019000,0.87924,0.87954,0.87923,0.87938,82420000,1
1413262020000,1413262079000,0.87936,0.87965,0.87936,0.87956,87070000,1
1413262080000,1413262139000,0.87956,0.87956,0.87927,0.87928,42230000,1
1413262140000,1413262199000,0.87928,0.87951,0.87927,0.87947,46690000,1
1413262200000,1413262259000,0.87947,0.87951,0.87937,0.87949,61690000,1
1413262260000,1413262319000,0.87952,0.87953,0.87937,0.87947,48350000,1
1413262320000,1413262379000,0.87947,0.87947,0.87937,0.87937,20490000,1
1413262380000,1413262439000,0.87938,0.87949,0.87937,0.87947,19740000,1
1413262440000,1413262499000,0.87952,0.87985,0.87951,0.87974,74600000,1
1413262500000,1413262559000,0.87972,0.87973,0.8796,0.87963,49890000,1
1413262560000,1413262619000,0.8796,0.87965,0.8795,0.87965,73450000,1
1413262620000,1413262679000,0.87967,0.87987,0.87962,0.87987,109900000,1
1413262680000,1413262739000,0.87986,0.87986,0.87968,0.87978,60500000,1
1413262740000,1413262799000,0.87978,0.87978,0.87951,0.87954,64300000,1
1413262800000,1413262859000,0.87952,0.87969,0.87952,0.87967,39040000,1
1413262860000,1413262919000,0.87968,0.87976,0.87968,0.87968,23720000,1
1413262920000,1413262979000,0.87971,0.8798,0.87967,0.87976,61670000,1
1413262980000,1413263039000,0.87968,0.87986,0.87965,0.8798,61790000,1
1413263040000,1413263099000,0.87981,0.87999,0.87981,0.87998,74850000,1
1413263100000,1413263159000,0.87997,0.88003,0.87986,0.87986,56400000,1
1413263160000,1413263219000,0.87986,0.87986,0.87967,0.87976,27750000,1
1413263220000,1413263279000,0.87976,0.87979,0.87968,0.87968,22750000,1
1413263280000,1413263339000,0.87969,0.87969,0.87932,0.87936,61810000,1
1413263340000,1413263399000,0.87935,0.87936,0.87914,0.87936,51880000,1
1413263400000,1413263459000,0.87937,0.87945,0.87918,0.87932,69060000,1
1413263460000,1413263519000,0.87932,0.87948,0.87932,0.87948,49910000,1
1413263520000,1413263579000,0.8795,0.87974,0.8795,0.87967,63610000,1
1413263580000,1413263639000,0.87967,0.87978,0.87954,0.87968,79020000,1
1413263640000,1413263699000,0.87968,0.87985,0.87963,0.87985,76100000,1
1413263700000,1413263759000,0.87986,0.87987,0.87968,0.87986,78450000,1
1413263760000,1413263819000,0.87985,0.87985,0.87969,0.87969,20250000,1
1413263820000,1413263879000,0.87969,0.8797,0.8796,0.8796,27960000,1
1413263880000,1413263939000,0.8796,0.87966,0.87949,0.87958,85250000,1
1413263940000,1413263999000,0.87959,0.87976,0.87957,0.87975,44190000,1
1413264000000,1413264059000,0.87973,0.87974,0.87958,0.87973,127580000,1
1413264060000,1413264119000,0.87971,0.87972,0.87957,0.87967,77800000,1
1413264120000,1413264179000,0.87969,0.87972,0.87947,0.87947,105870000,1
1413264180000,1413264239000,0.87949,0.87962,0.87931,0.87958,77830000,1
1413264240000,1413264299000,0.87957,0.87957,0.87933,0.87948,47600000,1
1413264300000,1413264359000,0.87949,0.87967,0.87949,0.87967,80810000,1
1413264360000,1413264419000,0.87969,0.8798,0.87959,0.87968,51210000,1
1413264420000,1413264479000,0.87968,0.87977,0.87952,0.87959,54470000,1
1413264480000,1413264539000,0.87959,0.87972,0.87954,0.87968,40500000,1
1413264540000,1413264599000,0.87969,0.87969,0.87968,0.87968,4570000,1
1413264600000,1413264659000,0.87968,0.87968,0.87967,0.87967,2000000,1
1413264660000,1413264719000,0.87966,0.87968,0.87951,0.87967,83130000,1
1413264720000,1413264779000,0.87966,0.87966,0.87941,0.87947,72290000,1
1413264780000,1413264839000,0.87952,0.87956,0.87938,0.87947,79530000,1
1413264840000,1413264899000,0.87948,0.87963,0.87948,0.87962,40620000,1
1413264900000,1413264959000,0.87963,0.87972,0.87963,0.87969,28730000,1
1413264960000,1413265019000,0.87971,0.87971,0.87956,0.8797,54670000,1
1413265020000,1413265079000,0.8797,0.8797,0.87964,0.87964,35530000,1
1413265080000,1413265139000,0.87963,0.87964,0.87957,0.87958,70240000,1
1413265140000,1413265199000,0.87957,0.87957,0.87942,0.87947,31070000,1
1413265200000,1413265259000,0.87948,0.87967,0.87948,0.8795,47020000,1
1413265260000,1413265319000,0.87949,0.87957,0.87944,0.87955,86410000,1
1413265320000,1413265379000,0.87955,0.87955,0.87936,0.87936,58440000,1
1413265380000,1413265439000,0.87936,0.87937,0.87914,0.87923,28870000,1
1413265440000,1413265499000,0.87923,0.87927,0.8791,0.8791,73840000,1
1413265500000,1413265559000,0.8791,0.87927,0.8791,0.8791,56470000,1
1413265560000,1413265619000,0.8791,0.87916,0.87908,0.87913,34190000,1
1413265620000,1413265679000,0.87915,0.87924,0.87915,0.87919,22860000,1
1413265680000,1413265739000,0.87919,0.8792,0.87904,0.87907,67990000,1
1413265740000,1413265799000,0.87907,0.87907,0.87844,0.87845,75470000,1
1413265800000,1413265859000,0.87843,0.87864,0.87837,0.87842,128850000,1
1413265860000,1413265919000,0.87845,0.87856,0.87839,0.87855,101180000,1
1413265920000,1413265979000,0.87855,0.87856,0.87849,0.8785,48090000,1
1413265980000,1413266039000,0.87849,0.87856,0.87847,0.87847,67480000,1
1413266040000,1413266099000,0.87847,0.87867,0.87847,0.87858,68740000,1
1413266100000,1413266159000,0.87859,0.87887,0.87858,0.87887,68630000,1
1413266160000,1413266219000,0.8789,0.87891,0.87855,0.87862,68410000,1
1413266220000,1413266279000,0.8786,0.87869,0.8786,0.87868,27150000,1
1413266280000,1413266339000,0.87867,0.8787,0.87847,0.87847,90370000,1
1413266340000,1413266399000,0.87849,0.87861,0.87842,0.8785,125600000,1
1413266400000,1413266459000,0.87847,0.87856,0.8784,0.87848,64990000,1
1413266460000,1413266519000,0.87847,0.87868,0.87845,0.87865,84270000,1
1413266520000,1413266579000,0.87864,0.87864,0.87861,0.87863,44160000,1
1413266580000,1413266639000,0.87864,0.87867,0.87848,0.87848,75490000,1
1413266640000,1413266699000,0.87848,0.87864,0.87848,0.8785,60420000,1
1413266700000,1413266759000,0.8785,0.87868,0.87845,0.87853,154780000,1
1413266760000,1413266819000,0.87853,0.8786,0.87847,0.87851,92260000,1
1413266820000,1413266879000,0.87851,0.87855,0.87846,0.87855,31630000,1
1413266880000,1413266939000,0.87853,0.87873,0.87853,0.87862,48260000,1
1413266940000,1413266999000,0.87861,0.87886,0.87861,0.87866,95720000,1
1413267000000,1413267059000,0.87866,0.8789,0.87866,0.87884,77640000,1
1413267060000,1413267119000,0.87884,0.87904,0.87884,0.87904,73220000,1
1413267120000,1413267179000,0.87903,0.87903,0.87869,0.8787,49250000,1
1413267180000,1413267239000,0.8787,0.87879,0.8787,0.87877,46620000,1
1413267240000,1413267299000,0.87877,0.87877,0.8785,0.8785,64070000,1
1413267300000,1413267359000,0.87852,0.87857,0.87842,0.87845,46240000,1
1413267360000,1413267419000,0.87841,0.87841,0.87826,0.87837,45100000,1
1413267420000,1413267479000,0.87837,0.87843,0.87835,0.87835,58060000,1
1413267480000,1413267539000,0.87835,0.87836,0.878,0.87806,69000000,1
1413267540000,1413267599000,0.87806,0.87806,0.87771,0.87781,87680000,1
1413267600000,1413267659000,0.87783,0.87818,0.87783,0.87817,94140000,1
1413267660000,1413267719000,0.87817,0.87817,0.87776,0.87777,114230000,1
1413267720000,1413267779000,0.87777,0.87777,0.87742,0.87748,114450000,1
1413267780000,1413267839000,0.87747,0.87756,0.87717,0.87756,177580000,1
1413267840000,1413267899000,0.87757,0.8779,0.8775,0.8778,178620000,1
1413267900000,1413267959000,0.87784,0.87809,0.87781,0.87805,99100000,1
1413267960000,1413268019000,0.87803,0.87805,0.87787,0.87789,73700000,1
1413268020000,1413268079000,0.87792,0.87817,0.87792,0.87816,65560000,1
1413268080000,1413268139000,0.87817,0.87819,0.87801,0.87806,34590000,1
1413268140000,1413268199000,0.87806,0.87817,0.87794,0.87807,75760000,1
1413268200000,1413268259000,0.87807,0.87807,0.87794,0.87796,52880000,1
1413268260000,1413268319000,0.87796,0.87802,0.87787,0.87798,32960000,1
1413268320000,1413268379000,0.87798,0.87798,0.87785,0.87788,33410000,1
1413268380000,1413268439000,0.87787,0.87796,0.87787,0.87796,42320000,1
1413268440000,1413268499000,0.87794,0.87804,0.87792,0.87797,52450000,1
1413268500000,1413268559000,0.87797,0.87804,0.87797,0.87802,64800000,1
1413268560000,1413268619000,0.87802,0.87824,0.87796,0.87815,140130000,1
1413268620000,1413268679000,0.87816,0.87823,0.87816,0.87823,38750000,1
1413268680000,1413268739000,0.87822,0.87831,0.8782,0.87827,80220000,1
1413268740000,1413268799000,0.87827,0.8783,0.87821,0.87823,63850000,1
1413268800000,1413268859000,0.87827,0.87847,0.87827,0.87829,101400000,1
1413268860000,1413268919000,0.87828,0.87849,0.87819,0.87848,95330000,1
1413268920000,1413268979000,0.87848,0.87861,0.87848,0.87857,37040000,1
1413268980000,1413269039000,0.87857,0.87857,0.87848,0.87848,49620000,1
1413269040000,1413269099000,0.87848,0.87848,0.87837,0.87837,26680000,1
1413269100000,1413269159000,0.87837,0.87837,0.87822,0.87827,37320000,1
1413269160000,1413269219000,0.8783,0.87835,0.87827,0.87828,57110000,1
1413269220000,1413269279000,0.87828,0.87842,0.87827,0.87841,62380000,1
1413269280000,1413269339000,0.87841,0.87858,0.87827,0.87837,64100000,1
1413269340000,1413269399000,0.87835,0.87835,0.87798,0.87806,61620000,1
1413269400000,1413269459000,0.87808,0.87817,0.87797,0.87797,51470000,1
1413269460000,1413269519000,0.87794,0.87807,0.8779,0.87792,71220000,1
1413269520000,1413269579000,0.87792,0.87816,0.87792,0.87816,89490000,1
1413269580000,1413269639000,0.87817,0.87833,0.87809,0.87828,74700000,1
1413269640000,1413269699000,0.87828,0.87842,0.87824,0.87832,81750000,1
1413269700000,1413269759000,0.87834,0.87837,0.87815,0.87818,29780000,1
1413269760000,1413269819000,0.87816,0.87828,0.87807,0.87807,52420000,1
1413269820000,1413269879000,0.87807,0.87807,0.87762,0.87777,101000000,1
1413269880000,1413269939000,0.87777,0.87777,0.87758,0.87774,88240000,1
1413269940000,1413269999000,0.87775,0.87787,0.87766,0.87767,62790000,1
1413270000000,1413270059000,0.87766,0.87769,0.87766,0.87766,43370000,1
1413270060000,1413270119000,0.87768,0.87776,0.87761,0.87765,45110000,1
1413270120000,1413270179000,0.87766,0.87779,0.87765,0.87774,31310000,1
1413270180000,1413270239000,0.87774,0.87774,0.87766,0.87768,38550000,1
1413270240000,1413270299000,0.87768,0.87773,0.87765,0.8777,35190000,1
1413270300000,1413270359000,0.87771,0.87778,0.87771,0.87777,22840000,1
1413270360000,1413270419000,0.87771,0.87771,0.87758,0.87758,59430000,1
1413270420000,1413270479000,0.87757,0.87765,0.87733,0.87735,65320000,1
1413270480000,1413270539000,0.87735,0.87744,0.87716,0.87736,122610000,1
1413270540000,1413270599000,0.87736,0.87736,0.87705,0.87707,90180000,1
1413270600000,1413270659000,0.87706,0.87708,0.87691,0.87692,86050000,1
1413270660000,1413270719000,0.87694,0.87717,0.87688,0.87716,144830000,1
1413270720000,1413270779000,0.87717,0.87726,0.87705,0.87717,77990000,1
1413270780000,1413270839000,0.87717,0.87717,0.87696,0.87696,96070000,1
1413270840000,1413270899000,0.87696,0.87714,0.87678,0.87678,138690000,1
1413270900000,1413270959000,0.87679,0.87683,0.87659,0.87667,90340000,1
1413270960000,1413271019000,0.87667,0.87667,0.87605,0.87625,156150000,1
1413271020000,1413271079000,0.87625,0.87659,0.8762,0.8764,175680000,1
1413271080000,1413271139000,0.87642,0.87673,0.87642,0.87667,127690000,1
1413271140000,1413271199000,0.87667,0.87667,0.87631,0.87633,117750000,1
1413271200000,1413271259000,0.87633,0.87655,0.87633,0.87647,102490000,1
1413271260000,1413271319000,0.87648,0.87665,0.87647,0.87652,68270000,1
1413271320000,1413271379000,0.87652,0.87662,0.87648,0.8766,103220000,1
1413271380000,1413271439000,0.87659,0.87677,0.87657,0.87675,130930000,1
1413271440000,1413271499000,0.87674,0.87687,0.87667,0.87678,104000000,1
1413271500000,1413271559000,0.87678,0.87678,0.87668,0.8767,108990000,1
1413271560000,1413271619000,0.87672,0.87688,0.87672,0.87677,64920000,1
1413271620000,1413271679000,0.87676,0.87676,0.87662,0.87676,48610000,1
1413271680000,1413271739000,0.87678,0.87685,0.87678,0.87685,54330000,1
1413271740000,1413271799000,0.87685,0.8769,0.87644,0.87646,107800000,1
1413271800000,1413271859000,0.87645,0.87645,0.87602,0.87608,105760000,1
1413271860000,1413271919000,0.87605,0.87616,0.87592,0.87606,102000000,1
1413271920000,1413271979000,0.87606,0.87625,0.87605,0.87618,93330000,1
1413271980000,1413272039000,0.87618,0.87626,0.87584,0.87594,80270000,1
1413272040000,1413272099000,0.87594,0.87594,0.87563,0.87567,77370000,1
1413272100000,1413272159000,0.87567,0.87584,0.87566,0.87568,104340000,1
1413272160000,1413272219000,0.87567,0.87578,0.87567,0.87577,64090000,1
1413272220000,1413272279000,0.87577,0.87587,0.87577,0.87581,41170000,1
1413272280000,1413272339000,0.87581,0.87588,0.87569,0.87587,80960000,1
1413272340000,1413272399000,0.87587,0.87587,0.87581,0.87584,32220000,1
1413272400000,1413272459000,0.87583,0.87583,0.8755,0.87551,107060000,1
1413272460000,1413272519000,0.8755,0.87554,0.8753,0.87542,118710000,1
1413272520000,1413272579000,0.87542,0.87544,0.87531,0.87531,69640000,1
1413272580000,1413272639000,0.87532,0.87557,0.87532,0.87557,49010000,1
1413272640000,1413272699000,0.87558,0.87579,0.87557,0.87579,84300000,1
1413272700000,1413272759000,0.87581,0.87582,0.87565,0.87566,66490000,1
1413272760000,1413272819000,0.87569,0.87582,0.87569,0.87577,36530000,1
1413272820000,1413272879000,0.87578,0.87578,0.87567,0.87568,41780000,1
1413272880000,1413272939000,0.87568,0.87568,0.87545,0.87545,41450000,1
1413272940000,1413272999000,0.87545,0.87552,0.87531,0.87545,113200000,1
1413273000000,1413273059000,0.87543,0.87547,0.87529,0.87537,87100000,1
1413273060000,1413273119000,0.87538,0.87544,0.87536,0.87536,67230000,1
1413273120000,1413273179000,0.87537,0.87555,0.87537,0.87552,68580000,1
1413273180000,1413273239000,0.87552,0.87565,0.87549,0.87557,83190000,1
1413273240000,1413273299000,0.87556,0.87573,0.8755,0.87568,66360000,1
1413273300000,1413273359000,0.87567,0.87593,0.87567,0.87575,129610000,1
1413273360000,1413273419000,0.87575,0.87577,0.87567,0.87574,89130000,1
1413273420000,1413273479000,0.87572,0.87577,0.87561,0.87577,109460000,1
1413273480000,1413273539000,0.87577,0.87582,0.87572,0.87576,107710000,1
1413273540000,1413273599000,0.87577,0.8758,0.87568,0.87568,65960000,1
1413273600000,1413273659000,0.87566,0.87571,0.87565,0.87568,45920000,1
1413273660000,1413273719000,0.87568,0.87571,0.87539,0.8754,47220000,1
1413273720000,1413273779000,0.8754,0.87546,0.87526,0.87526,91470000,1
1413273780000,1413273839000,0.87526,0.87526,0.87517,0.87518,44570000,1
1413273840000,1413273899000,0.87516,0.87526,0.87513,0.87516,67930000,1
1413273900000,1413273959000,0.87519,0.87519,0.87487,0.87494,117050000,1
1413273960000,1413274019000,0.87494,0.87494,0.87453,0.87455,99400000,1
1413274020000,1413274079000,0.87455,0.87455,0.87439,0.87445,78000000,1
1413274080000,1413274139000,0.87444,0.87477,0.87444,0.87477,106790000,1
1413274140000,1413274199000,0.87479,0.87494,0.87456,0.87456,139460000,1
1413274200000,1413274259000,0.87456,0.87478,0.87449,0.87476,125000000,1
1413274260000,1413274319000,0.87476,0.875,0.87476,0.87499,107050000,1
1413274320000,1413274379000,0.87499,0.87505,0.87462,0.87462,108860000,1
1413274380000,1413274439000,0.87462,0.87465,0.87453,0.87463,41930000,1
1413274440000,1413274499000,0.87463,0.87466,0.87434,0.87465,117560000,1
1413274500000,1413274559000,0.87465,0.87486,0.87454,0.87456,129330000,1
1413274560000,1413274619000,0.87457,0.87462,0.87423,0.87424,132800000,1
1413274620000,1413274679000,0.87424,0.87426,0.87401,0.87409,127950000,1
1413274680000,1413274739000,0.87409,0.87411,0.87389,0.87394,90110000,1
1413274740000,1413274799000,0.87394,0.8741,0.87392,0.87402,93990000,1
1413274800000,1413274859000,0.874,0.87402,0.87377,0.87386,142340000,1
1413274860000,1413274919000,0.87386,0.87406,0.8738,0.87406,79320000,1
1413274920000,1413274979000,0.87406,0.87414,0.87403,0.87413,93900000,1
1413274980000,1413275039000,0.87413,0.87418,0.87405,0.87412,106460000,1
1413275040000,1413275099000,0.87413,0.87414,0.87397,0.87407,78160000,1
1413275100000,1413275159000,0.87409,0.87413,0.87405,0.87406,46980000,1
1413275160000,1413275219000,0.87406,0.87406,0.87372,0.87379,96230000,1
1413275220000,1413275279000,0.87379,0.87396,0.87377,0.87385,98380000,1
1413275280000,1413275339000,0.87385,0.87388,0.87377,0.87388,62190000,1
1413275340000,1413275399000,0.87387,0.87405,0.87385,0.87405,65960000,1
1413275400000,1413275459000,0.87403,0.87414,0.87396,0.87405,125080000,1
1413275460000,1413275519000,0.87406,0.87427,0.87398,0.87426,82530000,1
1413275520000,1413275579000,0.87424,0.87443,0.87424,0.87436,102730000,1
1413275580000,1413275639000,0.87436,0.87458,0.87436,0.87455,100920000,1
1413275640000,1413275699000,0.87454,0.87477,0.87453,0.87476,134550000,1
1413275700000,1413275759000,0.87477,0.87489,0.87477,0.87477,125390000,1
1413275760000,1413275819000,0.87478,0.87488,0.87468,0.87488,78200000,1
1413275820000,1413275879000,0.87487,0.87487,0.87469,0.87475,82150000,1
1413275880000,1413275939000,0.87473,0.87499,0.8747,0.87497,84950000,1
1413275940000,1413275999000,0.87495,0.87501,0.87482,0.87497,104120000,1
1413276000000,1413276059000,0.87497,0.87515,0.87486,0.8751,133780000,1
1413276060000,1413276119000,0.87511,0.87516,0.87497,0.87503,126460000,1
1413276120000,1413276179000,0.87502,0.87523,0.87502,0.87518,99460000,1
1413276180000,1413276239000,0.87519,0.87524,0.87511,0.87515,125180000,1
1413276240000,1413276299000,0.87514,0.87514,0.87477,0.87506,106150000,1
1413276300000,1413276359000,0.87507,0.87526,0.87503,0.87523,163970000,1
1413276360000,1413276419000,0.87521,0.87567,0.87505,0.87549,144600000,1
1413276420000,1413276479000,0.87546,0.87546,0.87515,0.8752,127440000,1
1413276480000,1413276539000,0.87518,0.87555,0.87518,0.87542,168700000,1
1413276540000,1413276599000,0.87541,0.87554,0.87526,0.87527,218720000,1
1413276600000,1413276659000,0.87527,0.87544,0.8752,0.87544,132990000,1
1413276660000,1413276719000,0.87544,0.87548,0.87537,0.87546,94260000,1
1413276720000,1413276779000,0.87546,0.87546,0.87509,0.8752,104090000,1
1413276780000,1413276839000,0.8752,0.87536,0.87515,0.87535,108850000,1
1413276840000,1413276899000,0.87535,0.87544,0.87527,0.87528,66240000,1
1413276900000,1413276959000,0.87527,0.87539,0.87526,0.87537,58130000,1
1413276960000,1413277019000,0.87536,0.87536,0.87522,0.87524,105370000,1
1413277020000,1413277079000,0.87525,0.87552,0.87521,0.87522,111000000,1
1413277080000,1413277139000,0.87525,0.87527,0.87511,0.87514,122300000,1
1413277140000,1413277199000,0.87514,0.87519,0.87483,0.87483,95810000,1
1413277200000,1413277259000,0.87483,0.87492,0.87442,0.87449,192410000,1
1413277260000,1413277319000,0.87448,0.8749,0.87443,0.87475,177640000,1
1413277320000,1413277379000,0.87475,0.87475,0.87452,0.87457,158830000,1
1413277380000,1413277439000,0.87458,0.87478,0.87439,0.87476,134150000,1
1413277440000,1413277499000,0.87476,0.87497,0.87462,0.87489,145750000,1
1413277500000,1413277559000,0.8749,0.87522,0.87483,0.87522,141360000,1
1413277560000,1413277619000,0.87522,0.87522,0.87492,0.87492,102020000,1
1413277620000,1413277679000,0.87492,0.87497,0.87442,0.87444,143250000,1
1413277680000,1413277739000,0.87445,0.87462,0.87444,0.87453,97700000,1
1413277740000,1413277799000,0.87452,0.87454,0.87445,0.87449,125160000,1
1413277800000,1413277859000,0.87456,0.87463,0.87443,0.87446,104180000,1
1413277860000,1413277919000,0.87446,0.87446,0.87415,0.87424,115140000,1
1413277920000,1413277979000,0.87424,0.87436,0.87417,0.87423,154040000,1
1413277980000,1413278039000,0.8742,0.87423,0.87397,0.87419,116020000,1
1413278040000,1413278099000,0.87416,0.87416,0.87396,0.87409,146890000,1
1413278100000,1413278159000,0.87407,0.87409,0.87377,0.8738,104600000,1
1413278160000,1413278219000,0.87378,0.87391,0.87321,0.87321,166680000,1
1413278220000,1413278279000,0.87323,0.87347,0.87315,0.8732,154760000,1
1413278280000,1413278339000,0.8732,0.87361,0.8732,0.87358,104970000,1
1413278340000,1413278399000,0.87357,0.87398,0.87357,0.87396,77820000,1
1413278400000,1413278459000,0.87395,0.87401,0.87363,0.87363,104750000,1
1413278460000,1413278519000,0.87363,0.87371,0.87353,0.87357,114650000,1
1413278520000,1413278579000,0.87359,0.87368,0.87358,0.87362,51410000,1
1413278580000,1413278639000,0.87362,0.87373,0.87362,0.87368,53090000,1
1413278640000,1413278699000,0.87371,0.87387,0.87365,0.87385,94290000,1
1413278700000,1413278759000,0.87385,0.87415,0.87385,0.87403,95980000,1
1413278760000,1413278819000,0.87404,0.87404,0.87385,0.87385,89770000,1
1413278820000,1413278879000,0.87385,0.87385,0.87363,0.87363,44800000,1
1413278880000,1413278939000,0.87366,0.87367,0.87362,0.87363,31270000,1
1413278940000,1413278999000,0.87363,0.87383,0.87363,0.87383,56560000,1
1413279000000,1413279059000,0.87386,0.87395,0.87376,0.87394,88430000,1
1413279060000,1413279119000,0.87394,0.87415,0.87387,0.87406,97410000,1
1413279120000,1413279179000,0.87406,0.87406,0.87385,0.87396,82020000,1
1413279180000,1413279239000,0.87396,0.87403,0.87396,0.87402,57890000,1
1413279240000,1413279299000,0.87401,0.87403,0.87391,0.87392,36610000,1
1413279300000,1413279359000,0.87393,0.87414,0.87392,0.87404,70940000,1
1413279360000,1413279419000,0.87404,0.87411,0.87394,0.87394,56620000,1
1413279420000,1413279479000,0.87394,0.87395,0.87365,0.87372,106960000,1
1413279480000,1413279539000,0.87374,0.87382,0.87373,0.87373,43350000,1
1413279540000,1413279599000,0.87377,0.87377,0.87365,0.87371,77420000,1
1413279600000,1413279659000,0.87368,0.87382,0.87363,0.87382,64520000,1
1413279660000,1413279719000,0.87382,0.87384,0.87375,0.87379,37680000,1
1413279720000,1413279779000,0.87379,0.87391,0.87379,0.87389,40510000,1
1413279780000,1413279839000,0.87387,0.87393,0.87374,0.87375,56950000,1
1413279840000,1413279899000,0.87374,0.87374,0.87331,0.87334,55550000,1
1413279900000,1413279959000,0.87335,0.8734,0.8732,0.87333,67070000,1
1413279960000,1413280019000,0.87333,0.87346,0.87314,0.87323,101540000,1
1413280020000,1413280079000,0.87323,0.87343,0.8732,0.87326,73550000,1
1413280080000,1413280139000,0.87327,0.87327,0.87296,0.87305,85610000,1
1413280140000,1413280199000,0.87306,0.87311,0.87283,0.87283,106520000,1
1413280200000,1413280259000,0.87284,0.87286,0.87257,0.87262,85970000,1
1413280260000,1413280319000,0.87262,0.87262,0.87243,0.87249,96090000,1
1413280320000,1413280379000,0.87248,0.8725,0.87171,0.87204,183090000,1
1413280380000,1413280439000,0.87206,0.87215,0.8719,0.87213,111290000,1
1413280440000,1413280499000,0.87214,0.87246,0.87213,0.87241,124510000,1
1413280500000,1413280559000,0.87241,0.87252,0.87241,0.87246,114610000,1
1413280560000,1413280619000,0.87245,0.87253,0.87243,0.87247,48460000,1
1413280620000,1413280679000,0.8725,0.87273,0.87245,0.8727,84700000,1
1413280680000,1413280739000,0.8727,0.87286,0.8727,0.87283,50810000,1
1413280740000,1413280799000,0.87283,0.87296,0.87283,0.87286,78530000,1
1413280800000,1413280859000,0.87286,0.87306,0.87286,0.87293,103170000,1
1413280860000,1413280919000,0.87291,0.87299,0.87282,0.87296,109250000,1
1413280920000,1413280979000,0.87294,0.87313,0.87292,0.87303,72360000,1
1413280980000,1413281039000,0.87303,0.87324,0.87302,0.87324,64500000,1
1413281040000,1413281099000,0.87323,0.87346,0.87323,0.87345,72970000,1
1413281100000,1413281159000,0.87342,0.87342,0.87296,0.87296,71130000,1
1413281160000,1413281219000,0.87296,0.87309,0.87291,0.87309,62670000,1
1413281220000,1413281279000,0.87308,0.87329,0.87302,0.87316,123510000,1
1413281280000,1413281339000,0.87314,0.87329,0.87314,0.87324,55810000,1
1413281340000,1413281399000,0.87327,0.87329,0.87322,0.87322,58880000,1
1413281400000,1413281459000,0.87322,0.8733,0.87322,0.87324,68030000,1
1413281460000,1413281519000,0.87324,0.87332,0.87322,0.87326,38480000,1
1413281520000,1413281579000,0.87325,0.87326,0.87293,0.87295,68530000,1
1413281580000,1413281639000,0.87297,0.87304,0.87295,0.87303,32100000,1
1413281640000,1413281699000,0.87304,0.87325,0.87303,0.87325,80590000,1
1413281700000,1413281759000,0.87325,0.87334,0.87324,0.87334,40350000,1
1413281760000,1413281819000,0.87334,0.87356,0.87327,0.87354,72930000,1
1413281820000,1413281879000,0.87353,0.87362,0.87351,0.87355,58230000,1
1413281880000,1413281939000,0.87356,0.87376,0.87355,0.87375,82320000,1
1413281940000,1413281999000,0.87374,0.87378,0.87367,0.87376,58900000,1
1413282000000,1413282059000,0.87377,0.87378,0.87374,0.87376,117060000,1
1413282060000,1413282119000,0.87377,0.87384,0.87373,0.87383,36790000,1
1413282120000,1413282179000,0.87382,0.87383,0.87375,0.87381,62060000,1
1413282180000,1413282239000,0.87381,0.87394,0.87379,0.87391,89750000,1
1413282240000,1413282299000,0.87391,0.87403,0.87391,0.87401,81820000,1
1413282300000,1413282359000,0.87399,0.87411,0.8739,0.87395,115580000,1
1413282360000,1413282419000,0.87394,0.87406,0.87394,0.87406,29740000,1
1413282420000,1413282479000,0.87406,0.87417,0.87401,0.87403,73730000,1
1413282480000,1413282539000,0.87399,0.87426,0.87398,0.87424,68340000,1
1413282540000,1413282599000,0.87425,0.87425,0.87405,0.87405,78600000,1
1413282600000,1413282659000,0.87405,0.87405,0.87355,0.87355,69820000,1
1413282660000,1413282719000,0.87353,0.87357,0.8734,0.87344,68010000,1
1413282720000,1413282779000,0.87343,0.87348,0.87319,0.87319,72570000,1
1413282780000,1413282839000,0.87318,0.87322,0.87314,0.87314,40500000,1
1413282840000,1413282899000,0.87314,0.87314,0.87283,0.87294,80460000,1
1413282900000,1413282959000,0.87294,0.87304,0.87287,0.87291,55050000,1
1413282960000,1413283019000,0.87294,0.87311,0.87289,0.87302,124350000,1
1413283020000,1413283079000,0.87301,0.87303,0.87294,0.87294,49410000,1
1413283080000,1413283139000,0.87294,0.87303,0.87282,0.87283,59230000,1
1413283140000,1413283199000,0.87283,0.87286,0.87248,0.87251,84570000,1
1413283200000,1413283259000,0.8725,0.87253,0.87241,0.87252,35900000,1
1413283260000,1413283319000,0.87251,0.87251,0.87232,0.87238,48430000,1
1413283320000,1413283379000,0.87237,0.87237,0.87196,0.87201,134670000,1
1413283380000,1413283439000,0.87211,0.8723,0.87206,0.87225,64160000,1
1413283440000,1413283499000,0.87225,0.87248,0.87225,0.87236,73990000,1
1413283500000,1413283559000,0.87235,0.87242,0.87233,0.87233,59710000,1
1413283560000,1413283619000,0.87233,0.87237,0.87223,0.87225,72160000,1
1413283620000,1413283679000,0.87225,0.87233,0.87225,0.87232,18120000,1
1413283680000,1413283739000,0.87235,0.87254,0.87235,0.87253,84490000,1
1413283740000,1413283799000,0.87253,0.87255,0.87242,0.87245,72310000,1
1413283800000,1413283859000,0.87243,0.87266,0.87243,0.87266,76640000,1
1413283860000,1413283919000,0.87269,0.87285,0.87264,0.87285,71990000,1
1413283920000,1413283979000,0.87285,0.87316,0.87285,0.87314,107970000,1
1413283980000,1413284039000,0.87314,0.87328,0.87306,0.87326,99230000,1
1413284040000,1413284099000,0.87326,0.87333,0.87324,0.87326,71390000,1
1413284100000,1413284159000,0.87325,0.87351,0.87325,0.87346,72470000,1
1413284160000,1413284219000,0.87346,0.87358,0.87343,0.87346,52370000,1
1413284220000,1413284279000,0.87346,0.87353,0.87341,0.8735,71720000,1
1413284280000,1413284339000,0.8735,0.87386,0.87349,0.87377,135870000,1
1413284340000,1413284399000,0.87375,0.87392,0.87372,0.87392,60120000,1
1413284400000,1413284459000,0.87392,0.87392,0.87342,0.87342,95430000,1
1413284460000,1413284519000,0.87343,0.87345,0.87328,0.8734,75510000,1
1413284520000,1413284579000,0.8734,0.8734,0.87336,0.87339,35600000,1
1413284580000,1413284639000,0.87338,0.87338,0.87332,0.87332,30860000,1
1413284640000,1413284699000,0.87332,0.87342,0.87332,0.87342,14870000,1
1413284700000,1413284759000,0.87343,0.87343,0.87341,0.87343,6070000,1
1413284760000,1413284819000,0.87345,0.87352,0.87342,0.87342,26710000,1
1413284820000,1413284879000,0.87342,0.87349,0.8733,0.87333,78060000,1
1413284880000,1413284939000,0.87332,0.87332,0.87295,0.87296,102050000,1
1413284940000,1413284999000,0.87296,0.87316,0.87289,0.87293,90250000,1
1413285000000,1413285059000,0.8729,0.87292,0.87278,0.87278,105020000,1
1413285060000,1413285119000,0.87278,0.87284,0.87274,0.87283,49500000,1
1413285120000,1413285179000,0.87284,0.87294,0.87279,0.87283,84520000,1
1413285180000,1413285239000,0.87283,0.87283,0.87246,0.87248,61990000,1
1413285240000,1413285299000,0.87249,0.87253,0.87236,0.8724,115030000,1
1413285300000,1413285359000,0.87241,0.87264,0.87235,0.87263,68590000,1
1413285360000,1413285419000,0.87264,0.87281,0.87263,0.87281,48500000,1
1413285420000,1413285479000,0.87282,0.87304,0.87282,0.87296,94250000,1
1413285480000,1413285539000,0.87296,0.87302,0.87281,0.87292,81200000,1
1413285540000,1413285599000,0.87292,0.87296,0.87292,0.87295,41790000,1
1413285600000,1413285659000,0.87296,0.87313,0.87292,0.87312,66300000,1
1413285660000,1413285719000,0.87312,0.87312,0.87298,0.8731,78300000,1
1413285720000,1413285779000,0.8731,0.8732,0.87307,0.87312,52480000,1
1413285780000,1413285839000,0.87313,0.87325,0.87313,0.87314,100760000,1
1413285840000,1413285899000,0.87314,0.87326,0.87313,0.87315,32210000,1
1413285900000,1413285959000,0.87315,0.87346,0.87314,0.87336,76740000,1
1413285960000,1413286019000,0.87335,0.87361,0.87335,0.87352,63080000,1
1413286020000,1413286079000,0.87352,0.87366,0.87342,0.87366,92810000,1
1413286080000,1413286139000,0.87366,0.87366,0.87355,0.87363,44690000,1
1413286140000,1413286199000,0.87363,0.87363,0.87336,0.87353,84440000,1
1413286200000,1413286259000,0.87352,0.87361,0.8734,0.8734,140890000,1
1413286260000,1413286319000,0.87342,0.87363,0.87329,0.87353,139740000,1
1413286320000,1413286379000,0.8735,0.8736,0.87342,0.87359,71480000,1
1413286380000,1413286439000,0.87359,0.87365,0.8735,0.87355,65340000,1
1413286440000,1413286499000,0.87355,0.87355,0.8734,0.87351,66400000,1
1413286500000,1413286559000,0.87351,0.8736,0.8734,0.87342,74480000,1
1413286560000,1413286619000,0.87341,0.87344,0.87336,0.8734,28350000,1
1413286620000,1413286679000,0.8734,0.87354,0.87329,0.8733,56880000,1
1413286680000,1413286739000,0.8733,0.8733,0.87316,0.87319,59920000,1
1413286740000,1413286799000,0.8732,0.87324,0.87297,0.87297,72780000,1
1413286800000,1413286859000,0.87298,0.87301,0.87284,0.87291,71470000,1
1413286860000,1413286919000,0.87291,0.87291,0.87258,0.87259,62900000,1
1413286920000,1413286979000,0.87259,0.87266,0.87235,0.87263,77820000,1
1413286980000,1413287039000,0.87263,0.87266,0.87253,0.87257,62630000,1
1413287040000,1413287099000,0.87258,0.87265,0.8725,0.8726,67700000,1
1413287100000,1413287159000,0.87261,0.87274,0.8725,0.87252,64870000,1
1413287160000,1413287219000,0.8725,0.87266,0.8725,0.87263,50530000,1
1413287220000,1413287279000,0.87267,0.87293,0.87263,0.87293,76280000,1
1413287280000,1413287339000,0.87294,0.87296,0.87273,0.87273,58080000,1
1413287340000,1413287399000,0.8727,0.8727,0.87242,0.87242,57090000,1
1413287400000,1413287459000,0.87242,0.87242,0.87226,0.87238,81860000,1
1413287460000,1413287519000,0.87237,0.87275,0.87237,0.87268,48860000,1
1413287520000,1413287579000,0.87268,0.87303,0.87268,0.87303,58220000,1
1413287580000,1413287639000,0.87306,0.87334,0.87303,0.87329,114940000,1
1413287640000,1413287699000,0.87325,0.87336,0.87325,0.87327,48620000,1
1413287700000,1413287759000,0.87326,0.8738,0.87325,0.87379,106540000,1
1413287760000,1413287819000,0.87379,0.87392,0.87361,0.87388,165450000,1
1413287820000,1413287879000,0.87387,0.87387,0.87369,0.87384,82590000,1
1413287880000,1413287939000,0.87384,0.87391,0.87371,0.87374,70270000,1
1413287940000,1413287999000,0.87374,0.87376,0.87354,0.87354,83050000,1
1413288000000,1413288059000,0.87355,0.87355,0.87325,0.8735,82260000,1
1413288060000,1413288119000,0.87354,0.87364,0.87345,0.87354,90590000,1
1413288120000,1413288179000,0.87353,0.87381,0.87346,0.87365,95960000,1
1413288180000,1413288239000,0.87365,0.87389,0.87364,0.87386,68640000,1
1413288240000,1413288299000,0.87386,0.87395,0.87373,0.87373,60460000,1
1413288300000,1413288359000,0.87369,0.8737,0.87337,0.87337,69000000,1
1413288360000,1413288419000,0.87337,0.87337,0.87322,0.87326,71910000,1
1413288420000,1413288479000,0.87325,0.87352,0.87315,0.87343,98390000,1
1413288480000,1413288539000,0.87343,0.87356,0.87339,0.87351,117220000,1
1413288540000,1413288599000,0.8735,0.8737,0.87348,0.87362,78910000,1
1413288600000,1413288659000,0.87362,0.87363,0.87352,0.8736,51500000,1
1413288660000,1413288719000,0.8736,0.8736,0.87342,0.87342,60010000,1
1413288720000,1413288779000,0.87342,0.87361,0.87342,0.87361,38390000,1
1413288780000,1413288839000,0.87362,0.87373,0.87361,0.87366,73770000,1
1413288840000,1413288899000,0.87366,0.87374,0.87363,0.87363,48400000,1
1413288900000,1413288959000,0.87365,0.8739,0.87365,0.87382,66720000,1
1413288960000,1413289019000,0.87383,0.87393,0.87382,0.87393,58570000,1
1413289020000,1413289079000,0.87393,0.87414,0.87392,0.87414,53690000,1
1413289080000,1413289139000,0.87415,0.87426,0.87403,0.87422,74440000,1
1413289140000,1413289199000,0.87423,0.87436,0.87423,0.87435,62230000,1
1413289200000,1413289259000,0.87435,0.87435,0.87424,0.87431,75760000,1
1413289260000,1413289319000,0.87431,0.87441,0.87431,0.8744,39190000,1
1413289320000,1413289379000,0.87441,0.87442,0.87435,0.87436,50640000,1
1413289380000,1413289439000,0.87437,0.87442,0.87423,0.8743,53170000,1
1413289440000,1413289499000,0.87432,0.87435,0.8741,0.87418,82940000,1
1413289500000,1413289559000,0.87418,0.87423,0.87407,0.87415,96830000,1
1413289560000,1413289619000,0.87416,0.87447,0.87416,0.87447,83320000,1
1413289620000,1413289679000,0.87447,0.87498,0.87447,0.87494,101070000,1
1413289680000,1413289739000,0.87494,0.87495,0.87483,0.87484,33500000,1
1413289740000,1413289799000,0.87483,0.87498,0.87483,0.87494,58000000,1
1413289800000,1413289859000,0.87493,0.87493,0.8747,0.8747,68280000,1
1413289860000,1413289919000,0.8747,0.8747,0.87434,0.87442,97650000,1
1413289920000,1413289979000,0.87443,0.87451,0.87441,0.87443,92300000,1
1413289980000,1413290039000,0.87445,0.87512,0.87444,0.87505,99550000,1
1413290040000,1413290099000,0.87505,0.87505,0.87491,0.875,85330000,1
1413290100000,1413290159000,0.87499,0.87505,0.87493,0.87495,66990000,1
1413290160000,1413290219000,0.87493,0.87495,0.87457,0.8747,100790000,1
1413290220000,1413290279000,0.87471,0.87471,0.87452,0.87459,86190000,1
1413290280000,1413290339000,0.8746,0.87481,0.87458,0.87481,96120000,1
1413290340000,1413290399000,0.87482,0.8754,0.87473,0.87495,186550000,1
1413290400000,1413290459000,0.87494,0.875,0.87453,0.87453,95460000,1
1413290460000,1413290519000,0.87456,0.87458,0.87438,0.87445,90650000,1
1413290520000,1413290579000,0.87445,0.87449,0.87424,0.87424,80140000,1
1413290580000,1413290639000,0.87424,0.87424,0.87404,0.87411,64120000,1
1413290640000,1413290699000,0.8741,0.87432,0.87409,0.87431,57180000,1
1413290700000,1413290759000,0.8743,0.87433,0.87414,0.87432,69480000,1
1413290760000,1413290819000,0.87432,0.87432,0.87409,0.87412,57740000,1
1413290820000,1413290879000,0.87412,0.87423,0.87406,0.87409,72780000,1
1413290880000,1413290939000,0.87409,0.87411,0.874,0.87409,52910000,1
1413290940000,1413290999000,0.87407,0.87415,0.87403,0.87414,54750000,1
1413291000000,1413291059000,0.87414,0.87426,0.87406,0.87423,90960000,1
1413291060000,1413291119000,0.87424,0.87424,0.87415,0.87423,28870000,1
1413291120000,1413291179000,0.87424,0.87424,0.87395,0.87395,71550000,1
1413291180000,1413291239000,0.87395,0.87419,0.87395,0.87419,69200000,1
1413291240000,1413291299000,0.87419,0.87423,0.87416,0.87422,44700000,1
1413291300000,1413291359000,0.87422,0.87431,0.87422,0.87426,26360000,1
1413291360000,1413291419000,0.87425,0.87432,0.87422,0.87422,62530000,1
1413291420000,1413291479000,0.87421,0.87459,0.87421,0.87455,90240000,1
1413291480000,1413291539000,0.87457,0.87486,0.87454,0.87483,87080000,1
1413291540000,1413291599000,0.87483,0.87486,0.87463,0.87474,91240000,1
1413291600000,1413291659000,0.8748,0.87495,0.8748,0.87488,92460000,1
1413291660000,1413291719000,0.87487,0.87504,0.8748,0.87492,90010000,1
1413291720000,1413291779000,0.87493,0.87504,0.8749,0.87492,55830000,1
1413291780000,1413291839000,0.87491,0.87494,0.87479,0.87484,73200000,1
1413291840000,1413291899000,0.87484,0.87485,0.87475,0.87484,64390000,1
1413291900000,1413291959000,0.87485,0.87485,0.87476,0.87485,39170000,1
1413291960000,1413292019000,0.87485,0.87487,0.87481,0.87485,55750000,1
1413292020000,1413292079000,0.87484,0.87486,0.87469,0.87484,105170000,1
1413292080000,1413292139000,0.87483,0.87483,0.87461,0.87462,41210000,1
1413292140000,1413292199000,0.87463,0.87467,0.87457,0.87457,50620000,1
1413292200000,1413292259000,0.87457,0.87458,0.87445,0.87451,82940000,1
1413292260000,1413292319000,0.87452,0.87463,0.87452,0.87462,35160000,1
1413292320000,1413292379000,0.87462,0.87464,0.87461,0.87462,28610000,1
1413292380000,1413292439000,0.87464,0.87464,0.87453,0.87454,16500000,1
1413292440000,1413292499000,0.87453,0.87455,0.87444,0.87448,42290000,1
1413292500000,1413292559000,0.87448,0.87452,0.87443,0.87444,49280000,1
1413292560000,1413292619000,0.8744,0.87444,0.87424,0.87424,44780000,1
1413292620000,1413292679000,0.87423,0.87423,0.87407,0.87412,76290000,1
1413292680000,1413292739000,0.87413,0.87432,0.87413,0.87422,52790000,1
1413292740000,1413292799000,0.87423,0.87432,0.87423,0.87432,45510000,1
1413292800000,1413292859000,0.87431,0.87435,0.87424,0.87426,52330000,1
1413292860000,1413292919000,0.87427,0.8743,0.87416,0.87423,43720000,1
1413292920000,1413292979000,0.87424,0.87424,0.87415,0.87422,39850000,1
1413292980000,1413293039000,0.87421,0.87425,0.87421,0.87425,19100000,1
1413293040000,1413293099000,0.87424,0.87434,0.87422,0.87425,48250000,1
1413293100000,1413293159000,0.87425,0.87427,0.87401,0.87404,45020000,1
1413293160000,1413293219000,0.87403,0.87403,0.87383,0.87384,66610000,1
1413293220000,1413293279000,0.87383,0.87383,0.87359,0.87362,130740000,1
1413293280000,1413293339000,0.87364,0.8738,0.87364,0.8737,108890000,1
1413293340000,1413293399000,0.8737,0.87383,0.87368,0.87378,123280000,1
1413293400000,1413293459000,0.87378,0.87388,0.87375,0.87388,130440000,1
1413293460000,1413293519000,0.87385,0.87388,0.87362,0.87363,82350000,1
1413293520000,1413293579000,0.87364,0.87371,0.87359,0.87365,59660000,1
1413293580000,1413293639000,0.87365,0.87365,0.87354,0.87359,72110000,1
1413293640000,1413293699000,0.87359,0.8736,0.87329,0.87338,122000000,1
1413293700000,1413293759000,0.87338,0.87339,0.87318,0.87318,74140000,1
1413293760000,1413293819000,0.87318,0.87344,0.87316,0.87342,82310000,1
1413293820000,1413293879000,0.87342,0.87353,0.87323,0.87325,107080000,1
1413293880000,1413293939000,0.87324,0.87329,0.87302,0.87309,75140000,1
1413293940000,1413293999000,0.8731,0.87333,0.87303,0.87328,105950000,1
1413294000000,1413294059000,0.87327,0.87341,0.87326,0.8734,107540000,1
1413294060000,1413294119000,0.8734,0.87357,0.8734,0.87352,88590000,1
1413294120000,1413294179000,0.87356,0.87368,0.87352,0.87362,80080000,1
1413294180000,1413294239000,0.87362,0.87364,0.87347,0.87362,58540000,1
1413294240000,1413294299000,0.87363,0.87364,0.8732,0.8732,78200000,1
1413294300000,1413294359000,0.87319,0.87325,0.8731,0.87313,66620000,1
1413294360000,1413294419000,0.87313,0.87315,0.87295,0.87296,70280000,1
1413294420000,1413294479000,0.87294,0.87304,0.87294,0.873,39790000,1
1413294480000,1413294539000,0.873,0.87311,0.87285,0.87301,95380000,1
1413294540000,1413294599000,0.87302,0.87302,0.87284,0.87291,56710000,1
1413294600000,1413294659000,0.87291,0.87299,0.87291,0.87292,60460000,1
1413294660000,1413294719000,0.87293,0.87311,0.87293,0.87297,63480000,1
1413294720000,1413294779000,0.87296,0.87301,0.87285,0.87294,50790000,1
1413294780000,1413294839000,0.87294,0.87294,0.87272,0.87279,45260000,1
1413294840000,1413294899000,0.87279,0.87293,0.87279,0.87285,67190000,1
1413294900000,1413294959000,0.87286,0.87288,0.87262,0.87285,77000000,1
1413294960000,1413295019000,0.87284,0.87284,0.87254,0.87255,58220000,1
1413295020000,1413295079000,0.87254,0.87264,0.87254,0.87257,63410000,1
1413295080000,1413295139000,0.87256,0.87263,0.87244,0.87244,70260000,1
1413295140000,1413295199000,0.87244,0.87257,0.87226,0.87253,175310000,1
1413295200000,1413295259000,0.87253,0.87284,0.87252,0.87272,153890000,1
1413295260000,1413295319000,0.87273,0.87283,0.87244,0.87263,151290000,1
1413295320000,1413295379000,0.87262,0.87292,0.87257,0.87285,148120000,1
1413295380000,1413295439000,0.87285,0.8729,0.87272,0.87286,122550000,1
1413295440000,1413295499000,0.87286,0.87292,0.87273,0.87275,64490000,1
1413295500000,1413295559000,0.87274,0.87274,0.87254,0.87254,88790000,1
1413295560000,1413295619000,0.87254,0.87262,0.87245,0.87262,111010000,1
1413295620000,1413295679000,0.87258,0.87275,0.87254,0.87271,75270000,1
1413295680000,1413295739000,0.87271,0.87313,0.87271,0.87297,104130000,1
1413295740000,1413295799000,0.87295,0.87304,0.87291,0.87299,126120000,1
1413295800000,1413295859000,0.87298,0.873,0.87275,0.87281,91800000,1
1413295860000,1413295919000,0.87281,0.87301,0.87277,0.87295,100540000,1
1413295920000,1413295979000,0.87294,0.87294,0.87284,0.87284,44580000,1
1413295980000,1413296039000,0.87284,0.87302,0.87284,0.87299,131420000,1
1413296040000,1413296099000,0.87299,0.87313,0.87277,0.87283,161320000,1
1413296100000,1413296159000,0.87287,0.87318,0.87287,0.87312,129670000,1
1413296160000,1413296219000,0.87312,0.87328,0.87309,0.87313,65390000,1
1413296220000,1413296279000,0.87314,0.87314,0.8729,0.8729,97530000,1
1413296280000,1413296339000,0.87293,0.87294,0.87272,0.87279,85280000,1
1413296340000,1413296399000,0.87279,0.87284,0.87268,0.87273,58950000,1
1413296400000,1413296459000,0.87272,0.87272,0.8725,0.87253,52730000,1
1413296460000,1413296519000,0.87253,0.87253,0.8723,0.87249,124270000,1
1413296520000,1413296579000,0.87251,0.87263,0.87243,0.87243,57920000,1
1413296580000,1413296639000,0.87242,0.87251,0.87232,0.87239,130600000,1
1413296640000,1413296699000,0.87239,0.87241,0.87222,0.87224,116610000,1
1413296700000,1413296759000,0.87224,0.87262,0.87224,0.87262,97110000,1
1413296760000,1413296819000,0.87262,0.87277,0.87257,0.87267,80400000,1
1413296820000,1413296879000,0.87267,0.8727,0.87243,0.87243,76380000,1
1413296880000,1413296939000,0.87244,0.87252,0.87211,0.87225,127190000,1
1413296940000,1413296999000,0.87225,0.87243,0.87217,0.87243,154010000,1
1413297000000,1413297059000,0.87242,0.87272,0.87242,0.87272,72740000,1
1413297060000,1413297119000,0.87272,0.8729,0.87272,0.87285,53670000,1
1413297120000,1413297179000,0.87284,0.87291,0.87262,0.87268,84200000,1
1413297180000,1413297239000,0.87268,0.87268,0.87251,0.87261,96670000,1
1413297240000,1413297299000,0.8726,0.87274,0.8726,0.87261,54860000,1
1413297300000,1413297359000,0.87263,0.87269,0.87253,0.87255,103790000,1
1413297360000,1413297419000,0.87257,0.87262,0.87249,0.87258,95420000,1
1413297420000,1413297479000,0.8726,0.87265,0.87254,0.87262,69060000,1
1413297480000,1413297539000,0.87262,0.87281,0.87259,0.8727,119050000,1
1413297540000,1413297599000,0.87272,0.87277,0.87263,0.87273,81390000,1
1413297600000,1413297659000,0.87273,0.87273,0.87262,0.87272,57650000,1
1413297660000,1413297719000,0.87272,0.87273,0.8725,0.87253,70150000,1
1413297720000,1413297779000,0.87253,0.87255,0.8724,0.8725,93440000,1
1413297780000,1413297839000,0.87251,0.87262,0.87241,0.87243,65210000,1
1413297840000,1413297899000,0.87243,0.87253,0.87239,0.87252,66180000,1
1413297900000,1413297959000,0.87252,0.87262,0.87244,0.87245,63850000,1
1413297960000,1413298019000,0.87245,0.87253,0.87237,0.87252,52470000,1
1413298020000,1413298079000,0.87252,0.87274,0.87252,0.87263,77550000,1
1413298080000,1413298139000,0.87263,0.8727,0.87262,0.87264,45390000,1
1413298140000,1413298199000,0.87264,0.87294,0.87264,0.87293,108050000,1
1413298200000,1413298259000,0.87292,0.87296,0.87284,0.87294,90740000,1
1413298260000,1413298319000,0.87292,0.87296,0.87282,0.87282,83130000,1
1413298320000,1413298379000,0.8728,0.87285,0.87277,0.87283,21910000,1
1413298380000,1413298439000,0.87283,0.87293,0.87282,0.8729,35930000,1
1413298440000,1413298499000,0.87287,0.87302,0.87285,0.87298,105270000,1
1413298500000,1413298559000,0.87297,0.87301,0.87285,0.8729,127090000,1
1413298560000,1413298619000,0.8729,0.87302,0.8728,0.87301,69450000,1
1413298620000,1413298679000,0.87301,0.87301,0.87265,0.87273,85250000,1
1413298680000,1413298739000,0.87273,0.87275,0.87255,0.87258,111520000,1
1413298740000,1413298799000,0.87258,0.87267,0.87233,0.87265,169950000,1
1413298800000,1413298859000,0.87267,0.87302,0.87265,0.87292,177930000,1
1413298860000,1413298919000,0.87293,0.87307,0.87287,0.87294,125470000,1
1413298920000,1413298979000,0.87294,0.87297,0.87285,0.8729,61630000,1
1413298980000,1413299039000,0.87289,0.87296,0.87276,0.87276,52380000,1
1413299040000,1413299099000,0.87277,0.87286,0.87276,0.87284,65360000,1
1413299100000,1413299159000,0.87285,0.87293,0.87272,0.8728,60870000,1
1413299160000,1413299219000,0.87279,0.87283,0.87261,0.8727,72820000,1
1413299220000,1413299279000,0.87271,0.87289,0.87271,0.87283,79980000,1
1413299280000,1413299339000,0.87287,0.87287,0.8728,0.87283,33950000,1
1413299340000,1413299399000,0.87281,0.87288,0.8727,0.87271,39350000,1
1413299400000,1413299459000,0.87271,0.87273,0.87244,0.87273,57390000,1
1413299460000,1413299519000,0.87273,0.87275,0.87272,0.87272,19070000,1
1413299520000,1413299579000,0.87272,0.87272,0.87244,0.87244,56940000,1
1413299580000,1413299639000,0.87245,0.87251,0.87229,0.87245,55630000,1
1413299640000,1413299699000,0.87245,0.87245,0.87203,0.87212,160830000,1
1413299700000,1413299759000,0.87213,0.87216,0.87194,0.87195,113910000,1
1413299760000,1413299819000,0.87195,0.87235,0.87194,0.87233,125840000,1
1413299820000,1413299879000,0.87234,0.87256,0.87231,0.87256,64240000,1
1413299880000,1413299939000,0.87255,0.87273,0.87251,0.87255,116700000,1
1413299940000,1413299999000,0.87256,0.87259,0.87254,0.87257,37750000,1
1413300000000,1413300059000,0.87259,0.87259,0.87237,0.87246,60280000,1
1413300060000,1413300119000,0.87249,0.87268,0.87249,0.87268,60510000,1
1413300120000,1413300179000,0.87267,0.87277,0.87267,0.87273,61890000,1
1413300180000,1413300239000,0.87275,0.87284,0.87272,0.87272,84360000,1
1413300240000,1413300299000,0.87273,0.87273,0.87263,0.87265,43020000,1
1413300300000,1413300359000,0.87266,0.87267,0.87252,0.87259,62170000,1
1413300360000,1413300419000,0.8726,0.87272,0.8726,0.87266,54630000,1
1413300420000,1413300479000,0.87264,0.87264,0.87241,0.87241,60300000,1
1413300480000,1413300539000,0.8724,0.87245,0.87235,0.87245,23450000,1
1413300540000,1413300599000,0.87243,0.87264,0.87243,0.87263,66750000,1
1413300600000,1413300659000,0.87262,0.87264,0.87254,0.87256,69350000,1
1413300660000,1413300719000,0.87256,0.87258,0.87254,0.87254,43010000,1
1413300720000,1413300779000,0.87254,0.87254,0.87253,0.87253,8500000,1
1413300780000,1413300839000,0.87252,0.87252,0.87223,0.87227,56880000,1
1413300840000,1413300899000,0.8723,0.87234,0.8723,0.87233,24530000,1
1413300900000,1413300959000,0.87232,0.87232,0.87206,0.87206,40890000,1
1413300960000,1413301019000,0.87206,0.87206,0.87195,0.872,23330000,1
1413301020000,1413301079000,0.87204,0.87231,0.87202,0.87223,73130000,1
1413301080000,1413301139000,0.87224,0.8724,0.87223,0.87224,43670000,1
1413301140000,1413301199000,0.87225,0.87236,0.87223,0.87234,37570000,1
1413301200000,1413301259000,0.87234,0.87234,0.87214,0.87225,76500000,1
1413301260000,1413301319000,0.87222,0.87222,0.87204,0.87216,39700000,1
1413301320000,1413301379000,0.87217,0.87218,0.87214,0.87217,37250000,1
1413301380000,1413301439000,0.87218,0.87228,0.87218,0.87225,28500000,1
1413301440000,1413301499000,0.87227,0.87245,0.87226,0.87245,43270000,1
1413301500000,1413301559000,0.87243,0.87248,0.8724,0.87246,33320000,1
1413301560000,1413301619000,0.87245,0.87259,0.87245,0.87256,36350000,1
1413301620000,1413301679000,0.87257,0.87273,0.87257,0.8726,68570000,1
1413301680000,1413301739000,0.87262,0.87274,0.87262,0.87268,48810000,1
1413301740000,1413301799000,0.87268,0.87269,0.87243,0.87243,44430000,1
1413301800000,1413301859000,0.87244,0.87248,0.87243,0.87244,19200000,1
1413301860000,1413301919000,0.87245,0.87252,0.87232,0.87232,34810000,1
1413301920000,1413301979000,0.87232,0.87237,0.87232,0.87233,21170000,1
1413301980000,1413302039000,0.87237,0.87252,0.87237,0.87252,32900000,1
1413302040000,1413302099000,0.87253,0.8726,0.87253,0.8726,86710000,1
1413302100000,1413302159000,0.87259,0.87271,0.87257,0.87264,64600000,1
1413302160000,1413302219000,0.87264,0.87265,0.87249,0.87259,59810000,1
1413302220000,1413302279000,0.8726,0.87267,0.87256,0.87267,34330000,1
1413302280000,1413302339000,0.87267,0.87271,0.87263,0.87267,55400000,1
1413302340000,1413302399000,0.87267,0.87267,0.87252,0.87259,88700000,1
1413302400000,1413302459000,0.87261,0.87265,0.87255,0.87255,41090000,1
1413302460000,1413302519000,0.87254,0.87263,0.87254,0.87254,44690000,1
1413302520000,1413302579000,0.87254,0.87266,0.87254,0.87263,48860000,1
1413302580000,1413302639000,0.87263,0.87264,0.87253,0.87253,33650000,1
1413302640000,1413302699000,0.87254,0.87254,0.87252,0.87254,49800000,1
1413302700000,1413302759000,0.87254,0.87263,0.87254,0.87261,31140000,1
1413302760000,1413302819000,0.8726,0.87264,0.87255,0.87263,67300000,1
1413302820000,1413302879000,0.87263,0.87276,0.87253,0.87276,63920000,1
1413302880000,1413302939000,0.87278,0.87292,0.87278,0.87285,80540000,1
1413302940000,1413302999000,0.87285,0.87295,0.87284,0.87289,85430000,1
1413303000000,1413303059000,0.8729,0.87304,0.8729,0.87295,36530000,1
1413303060000,1413303119000,0.87295,0.87295,0.87276,0.8728,26850000,1
1413303120000,1413303179000,0.87281,0.87286,0.8728,0.87283,22820000,1
1413303180000,1413303239000,0.87282,0.87306,0.87282,0.87296,48360000,1
1413303240000,1413303299000,0.87299,0.87307,0.87295,0.87295,88110000,1
1413303300000,1413303359000,0.87295,0.87305,0.87295,0.87304,43210000,1
1413303360000,1413303419000,0.87304,0.87311,0.87299,0.87311,43210000,1
1413303420000,1413303479000,0.87311,0.87313,0.87305,0.87307,60530000,1
1413303480000,1413303539000,0.87307,0.87313,0.87305,0.87305,31090000,1
1413303540000,1413303599000,0.87305,0.87306,0.87297,0.87303,34590000,1
1413303600000,1413303659000,0.87304,0.87306,0.87298,0.87306,49890000,1
1413303660000,1413303719000,0.87307,0.87312,0.87291,0.87296,94400000,1
1413303720000,1413303779000,0.87296,0.873,0.87295,0.87296,37000000,1
1413303780000,1413303839000,0.87296,0.87303,0.87294,0.87297,33610000,1
1413303840000,1413303899000,0.87296,0.87296,0.87284,0.87284,20640000,1
1413303900000,1413303959000,0.87285,0.87292,0.87273,0.87284,44940000,1
1413303960000,1413304019000,0.87284,0.87284,0.87278,0.87281,22630000,1
1413304020000,1413304079000,0.8728,0.87284,0.87266,0.87266,66410000,1
1413304080000,1413304139000,0.87265,0.87273,0.87265,0.87271,27380000,1
1413304140000,1413304199000,0.87271,0.87273,0.87252,0.87261,38860000,1
1413304200000,1413304259000,0.87262,0.87262,0.8726,0.87261,19940000,1
1413304260000,1413304319000,0.87264,0.87264,0.87249,0.87249,53400000,1
1413304320000,1413304379000,0.87249,0.87249,0.87228,0.87231,34570000,1
1413304380000,1413304439000,0.87231,0.87243,0.87231,0.87236,34640000,1
1413304440000,1413304499000,0.87235,0.87252,0.87235,0.87251,45370000,1
1413304500000,1413304559000,0.87251,0.87256,0.87251,0.87253,16320000,1
1413304560000,1413304619000,0.87253,0.87257,0.87248,0.87249,48240000,1
1413304620000,1413304679000,0.87248,0.87254,0.87244,0.87245,35350000,1
1413304680000,1413304739000,0.87245,0.87252,0.87237,0.87252,34850000,1
1413304740000,1413304799000,0.87253,0.87254,0.87252,0.87254,13460000,1
1413304800000,1413304859000,0.87255,0.87255,0.87242,0.87242,25150000,1
1413304860000,1413304919000,0.87244,0.87252,0.87239,0.8725,29680000,1
1413304920000,1413304979000,0.87251,0.8726,0.87247,0.87247,32840000,1
1413304980000,1413305039000,0.87246,0.87246,0.87236,0.87236,39080000,1
1413305040000,1413305099000,0.87236,0.87251,0.87236,0.8725,38430000,1
1413305100000,1413305159000,0.87251,0.87251,0.87245,0.87247,26970000,1
1413305160000,1413305219000,0.87248,0.87265,0.87248,0.87264,31000000,1
1413305220000,1413305279000,0.87265,0.87266,0.87259,0.87264,15500000,1
1413305280000,1413305339000,0.87264,0.87283,0.87264,0.87283,54400000,1
1413305340000,1413305399000,0.87281,0.87305,0.87276,0.87296,54010000,1
1413305400000,1413305459000,0.87296,0.87296,0.87278,0.87287,38490000,1
1413305460000,1413305519000,0.87287,0.87307,0.87287,0.87307,55660000,1
1413305520000,1413305579000,0.87307,0.87307,0.87286,0.87286,29570000,1
1413305580000,1413305639000,0.87286,0.87294,0.87284,0.87284,22500000,1
1413305640000,1413305699000,0.87284,0.87306,0.87284,0.87304,34600000,1
1413305700000,1413305759000,0.87304,0.87305,0.87295,0.87295,25500000,1
1413305760000,1413305819000,0.87295,0.87305,0.87292,0.87296,45340000,1
1413305820000,1413305879000,0.87296,0.87301,0.87296,0.87301,30680000,1
1413305880000,1413305939000,0.87301,0.87301,0.87295,0.87295,22280000,1
1413305940000,1413305999000,0.87293,0.87294,0.87283,0.87284,17500000,1
1413306000000,1413306059000,0.87282,0.8729,0.8728,0.87284,32060000,1
1413306060000,1413306119000,0.87284,0.87289,0.87278,0.87284,38330000,1
1413306120000,1413306179000,0.87285,0.87286,0.87281,0.87286,30200000,1
1413306180000,1413306239000,0.87286,0.87291,0.87286,0.87287,34250000,1
1413306240000,1413306299000,0.87282,0.87291,0.8728,0.87291,41800000,1
1413306300000,1413306359000,0.87292,0.87294,0.87287,0.87287,16320000,1
1413306360000,1413306419000,0.87287,0.87295,0.87285,0.87293,20980000,1
1413306420000,1413306479000,0.87293,0.87302,0.87293,0.87294,49940000,1
1413306480000,1413306539000,0.87292,0.87292,0.8728,0.87285,55820000,1
1413306540000,1413306599000,0.87282,0.87283,0.87275,0.87275,47070000,1
1413306600000,1413306659000,0.87277,0.87288,0.87276,0.87283,31920000,1
1413306660000,1413306719000,0.87283,0.87287,0.87283,0.87285,22690000,1
1413306720000,1413306779000,0.87285,0.87292,0.87277,0.87292,54660000,1
1413306780000,1413306839000,0.87294,0.87296,0.87292,0.87292,19500000,1
1413306840000,1413306899000,0.87292,0.87293,0.87285,0.87289,34940000,1
1413306900000,1413306959000,0.87288,0.87292,0.87285,0.87285,49400000,1
1413307020000,1413307079000,0.87286,0.87286,0.87284,0.87284,32820000,1
1413307080000,1413307139000,0.87286,0.87286,0.87282,0.87285,23450000,1
1413307140000,1413307199000,0.87285,0.87286,0.87285,0.87285,12500000,1
1413307200000,1413307259000,0.87285,0.87288,0.87277,0.87277,35500000,1
1413307260000,1413307319000,0.87277,0.87277,0.87269,0.87274,27870000,1
1413307320000,1413307379000,0.87274,0.87276,0.8727,0.87274,35750000,1
1413307380000,1413307439000,0.87272,0.87275,0.87262,0.87265,59810000,1
1413307440000,1413307499000,0.87263,0.8727,0.8726,0.87265,75770000,1
1413307500000,1413307559000,0.87265,0.87271,0.87262,0.87264,36000000,1
1413307560000,1413307619000,0.87264,0.87266,0.87262,0.87265,39500000,1
1413307620000,1413307679000,0.87265,0.87267,0.87264,0.87267,20120000,1
1413307680000,1413307739000,0.87267,0.87271,0.87261,0.87268,38790000,1
1413307740000,1413307799000,0.87267,0.87274,0.87267,0.87271,58210000,1
1413307800000,1413307859000,0.87271,0.87271,0.8727,0.87271,8070000,1
1413307860000,1413307919000,0.8727,0.87273,0.8727,0.8727,17570000,1
1413307920000,1413307979000,0.87269,0.87269,0.87252,0.87254,39260000,1
1413307980000,1413308039000,0.87255,0.87273,0.87255,0.87273,48930000,1
1413308040000,1413308099000,0.87273,0.87273,0.87269,0.87271,22830000,1
1413308100000,1413308159000,0.87272,0.87272,0.87264,0.87265,31670000,1
1413308160000,1413308219000,0.87265,0.87265,0.87255,0.87255,23500000,1
1413308220000,1413308279000,0.87255,0.87256,0.87249,0.87252,8500000,1
1413308280000,1413308339000,0.87251,0.87252,0.87237,0.87246,52750000,1
1413308340000,1413308399000,0.87248,0.87277,0.87248,0.87273,85440000,1
1413308400000,1413308459000,0.87273,0.87284,0.87273,0.87284,29560000,1
1413308460000,1413308519000,0.87284,0.87284,0.87277,0.87277,12000000,1
1413308520000,1413308579000,0.87277,0.87277,0.87267,0.87273,19620000,1
1413308580000,1413308639000,0.87273,0.87273,0.87268,0.87271,22860000,1
1413308640000,1413308699000,0.87271,0.87273,0.87266,0.87272,11670000,1
1413308700000,1413308759000,0.87269,0.87274,0.8726,0.87265,33360000,1
1413308760000,1413308819000,0.87263,0.87272,0.87263,0.87266,45230000,1
1413308820000,1413308879000,0.87266,0.87273,0.87266,0.87273,23470000,1
1413308880000,1413308939000,0.8727,0.87272,0.87269,0.87272,29430000,1
1413308940000,1413308999000,0.87272,0.87273,0.8727,0.87272,7000000,1
1413309060000,1413309119000,0.87272,0.87272,0.87272,0.87272,1500000,1
1413309120000,1413309179000,0.87269,0.87272,0.87265,0.87271,26570000,1
1413309180000,1413309239000,0.87272,0.87277,0.87262,0.87276,37640000,1
1413309240000,1413309299000,0.87276,0.87284,0.87272,0.87273,48040000,1
1413309300000,1413309359000,0.87275,0.87279,0.87269,0.87273,27620000,1
1413309360000,1413309419000,0.87275,0.8728,0.87269,0.87273,24750000,1
1413309420000,1413309479000,0.87272,0.87274,0.8726,0.8726,48570000,1
1413309480000,1413309539000,0.8726,0.87263,0.87257,0.87262,36590000,1
1413309540000,1413309599000,0.87262,0.87263,0.87257,0.87261,61130000,1
1413309600000,1413309659000,0.87261,0.87272,0.8725,0.8725,55480000,1
1413309660000,1413309719000,0.8725,0.87264,0.8725,0.87262,28530000,1
1413309720000,1413309779000,0.87262,0.87264,0.87257,0.87262,20960000,1
1413309780000,1413309839000,0.87264,0.87264,0.87262,0.87262,7600000,1
1413309840000,1413309899000,0.87262,0.87262,0.87259,0.87261,4000000,1
1413309900000,1413309959000,0.87261,0.87261,0.87252,0.87254,11390000,1
1413309960000,1413310019000,0.87254,0.87255,0.87244,0.87244,37000000,1
1413310020000,1413310079000,0.87244,0.87255,0.87244,0.87254,23950000,1
1413310080000,1413310139000,0.87253,0.87254,0.87251,0.87254,14570000,1
1413310140000,1413310199000,0.87255,0.87265,0.87255,0.87258,21510000,1
1413310200000,1413310259000,0.87259,0.87274,0.87259,0.87274,30620000,1
1413310260000,1413310319000,0.87272,0.87272,0.87252,0.87253,68870000,1
1413310320000,1413310379000,0.87252,0.87268,0.87252,0.87254,43920000,1
1413310380000,1413310439000,0.87254,0.87257,0.87243,0.87247,43820000,1
1413310440000,1413310499000,0.87245,0.87256,0.87245,0.87255,26000000,1
1413310500000,1413310559000,0.87255,0.87255,0.87245,0.87245,40000000,1
1413310560000,1413310619000,0.87245,0.87245,0.87238,0.87238,32510000,1
1413310620000,1413310679000,0.87238,0.87241,0.87231,0.87234,46250000,1
1413310680000,1413310739000,0.87234,0.87245,0.87234,0.87236,44500000,1
1413310740000,1413310799000,0.87236,0.87241,0.87221,0.87221,36140000,1
1413310800000,1413310859000,0.8722,0.87231,0.87209,0.87209,64560000,1
1413310860000,1413310919000,0.87209,0.87209,0.8718,0.87182,55620000,1
1413310920000,1413310979000,0.87184,0.87192,0.87167,0.87172,134400000,1
1413310980000,1413311039000,0.87172,0.87176,0.87109,0.87115,134000000,1
1413311040000,1413311099000,0.87115,0.87123,0.8711,0.8711,105330000,1
1413311100000,1413311159000,0.8711,0.8711,0.8709,0.87102,63440000,1
1413311160000,1413311219000,0.87102,0.87113,0.87102,0.87113,43670000,1
1413311220000,1413311279000,0.87112,0.87132,0.87112,0.87131,105380000,1
1413311280000,1413311339000,0.87133,0.87141,0.87125,0.87138,56290000,1
1413311340000,1413311399000,0.87137,0.87142,0.87111,0.87115,75590000,1
1413311400000,1413311459000,0.87117,0.87124,0.87112,0.87117,38030000,1
1413311460000,1413311519000,0.8712,0.87121,0.87087,0.87099,93190000,1
1413311520000,1413311579000,0.871,0.87103,0.87092,0.87096,55050000,1
1413311580000,1413311639000,0.87096,0.87096,0.87082,0.87083,61570000,1
1413311640000,1413311699000,0.87082,0.87089,0.87079,0.87084,66460000,1
1413311700000,1413311759000,0.87089,0.87112,0.87055,0.87055,89770000,1
1413311760000,1413311819000,0.87055,0.87059,0.87027,0.87038,138130000,1
1413311820000,1413311879000,0.87038,0.87054,0.87035,0.87052,58110000,1
1413311880000,1413311939000,0.87053,0.87066,0.87053,0.87064,56600000,1
1413311940000,1413311999000,0.87062,0.87064,0.87061,0.87063,20700000,1
1413312000000,1413312059000,0.87063,0.87067,0.87059,0.87065,35700000,1
1413312060000,1413312119000,0.87065,0.87068,0.87065,0.87065,18510000,1
1413312120000,1413312179000,0.87066,0.87066,0.87066,0.87066,2000000,1
1413312180000,1413312239000,0.87064,0.87074,0.87064,0.87073,32280000,1
1413312240000,1413312299000,0.87073,0.87079,0.87073,0.87079,14320000,1
1413312300000,1413312359000,0.87077,0.87087,0.87077,0.87082,56880000,1
1413312360000,1413312419000,0.87082,0.87087,0.87073,0.87087,65990000,1
1413312420000,1413312479000,0.87086,0.87088,0.87084,0.87087,20150000,1
1413312480000,1413312539000,0.87086,0.87103,0.87086,0.87103,41690000,1
1413312540000,1413312599000,0.871,0.871,0.87096,0.87096,10320000,1
1413312600000,1413312659000,0.87097,0.87114,0.87096,0.87114,37910000,1
1413312660000,1413312719000,0.87113,0.87116,0.87104,0.87106,47070000,1
1413312720000,1413312779000,0.87106,0.87107,0.87045,0.87045,94760000,1
1413312780000,1413312839000,0.87045,0.87065,0.87045,0.87065,25490000,1
1413312840000,1413312899000,0.87065,0.87084,0.87065,0.87083,22800000,1
1413312900000,1413312959000,0.87082,0.87082,0.87074,0.87074,12820000,1
1413312960000,1413313019000,0.87078,0.87087,0.87071,0.87072,40470000,1
1413313020000,1413313079000,0.87073,0.87101,0.87073,0.87091,61500000,1
1413313080000,1413313139000,0.87091,0.87103,0.87082,0.87082,72150000,1
1413313140000,1413313199000,0.87082,0.87104,0.87067,0.87082,98370000,1
1413313200000,1413313259000,0.87083,0.87099,0.87079,0.87083,65720000,1
1413313260000,1413313319000,0.87084,0.87094,0.87084,0.87094,62890000,1
1413313320000,1413313379000,0.87094,0.87094,0.87085,0.87092,31240000,1
1413313380000,1413313439000,0.87091,0.87095,0.87091,0.87093,13660000,1
1413313440000,1413313499000,0.87093,0.87102,0.87093,0.87095,29510000,1
1413313500000,1413313559000,0.87095,0.87105,0.8708,0.87084,41530000,1
1413313560000,1413313619000,0.87084,0.87095,0.87084,0.87093,32830000,1
1413313620000,1413313679000,0.87089,0.87091,0.87087,0.87089,40180000,1
1413313680000,1413313739000,0.8709,0.87091,0.87084,0.8709,70660000,1
1413313740000,1413313799000,0.8709,0.87091,0.87059,0.87063,103130000,1
1413313800000,1413313859000,0.87063,0.87066,0.87052,0.87064,98180000,1
1413313860000,1413313919000,0.87063,0.87064,0.87032,0.87039,89000000,1
1413313920000,1413313979000,0.87041,0.87041,0.87012,0.87012,99020000,1
1413313980000,1413314039000,0.87005,0.87007,0.8696,0.86971,145300000,1
1413314040000,1413314099000,0.86969,0.86979,0.86953,0.8696,67200000,1
1413314100000,1413314159000,0.86959,0.86959,0.86938,0.86941,87080000,1
1413314160000,1413314219000,0.86941,0.86978,0.86941,0.86972,61810000,1
1413314220000,1413314279000,0.86972,0.86974,0.8697,0.86972,16410000,1
1413314280000,1413314339000,0.86971,0.86973,0.86963,0.86963,32830000,1
1413314340000,1413314399000,0.86963,0.86974,0.86963,0.86973,37070000,1
1413314400000,1413314459000,0.86974,0.86983,0.86965,0.86983,45260000,1
1413314460000,1413314519000,0.86983,0.87021,0.86979,0.87009,135090000,1
1413314520000,1413314579000,0.8701,0.87018,0.87007,0.87014,53780000,1
1413314580000,1413314639000,0.87014,0.87014,0.87003,0.87004,30010000,1
1413314640000,1413314699000,0.87006,0.87033,0.87006,0.87027,93880000,1
1413314700000,1413314759000,0.87027,0.87058,0.87023,0.87048,112050000,1
1413314760000,1413314819000,0.87049,0.87054,0.87028,0.87031,70370000,1
1413314820000,1413314879000,0.8703,0.8703,0.87011,0.87022,68750000,1
1413314880000,1413314939000,0.87022,0.87036,0.87012,0.87036,64090000,1
1413314940000,1413314999000,0.87037,0.87064,0.87036,0.8706,83270000,1
1413315000000,1413315059000,0.87059,0.87059,0.87038,0.87042,31060000,1
1413315060000,1413315119000,0.87045,0.87045,0.87034,0.87043,33110000,1
1413315120000,1413315179000,0.87043,0.87043,0.87013,0.87013,82640000,1
1413315180000,1413315239000,0.87016,0.87021,0.87012,0.87012,42200000,1
1413315240000,1413315299000,0.87013,0.87022,0.87013,0.87016,32620000,1
1413315300000,1413315359000,0.87018,0.87026,0.87002,0.87012,48580000,1
1413315360000,1413315419000,0.87013,0.87017,0.87,0.87012,72490000,1
1413315420000,1413315479000,0.87012,0.87015,0.86996,0.87003,60040000,1
1413315480000,1413315539000,0.87001,0.87023,0.86996,0.87022,66380000,1
1413315540000,1413315599000,0.87023,0.8703,0.87022,0.87024,45180000,1
1413315600000,1413315659000,0.87026,0.87053,0.87026,0.87052,59430000,1
1413315660000,1413315719000,0.87052,0.87063,0.87052,0.87063,31540000,1
1413315720000,1413315779000,0.8706,0.87062,0.8704,0.8704,56150000,1
1413315780000,1413315839000,0.8704,0.87048,0.87034,0.87045,72210000,1
1413315840000,1413315899000,0.87045,0.87049,0.8703,0.87036,100280000,1
1413315900000,1413315959000,0.87037,0.8706,0.87037,0.87053,68760000,1
1413315960000,1413316019000,0.87056,0.87058,0.87053,0.87053,39600000,1
1413316020000,1413316079000,0.87053,0.8706,0.87053,0.87055,28750000,1
1413316080000,1413316139000,0.87056,0.87061,0.87054,0.87054,31040000,1
1413316140000,1413316199000,0.87054,0.87054,0.87042,0.87053,42710000,1
1413316200000,1413316259000,0.87053,0.87063,0.87044,0.87062,64050000,1
1413316260000,1413316319000,0.87061,0.87061,0.87045,0.87045,30250000,1
1413316320000,1413316379000,0.87045,0.87045,0.87041,0.87041,19840000,1
1413316380000,1413316439000,0.87042,0.87054,0.87042,0.8705,54050000,1
1413316440000,1413316499000,0.87051,0.87054,0.87042,0.87042,57940000,1
1413316500000,1413316559000,0.87042,0.8705,0.87039,0.87044,60630000,1
1413316560000,1413316619000,0.87043,0.87052,0.8704,0.87052,47120000,1
1413316620000,1413316679000,0.87052,0.87056,0.8705,0.8705,69930000,1
1413316680000,1413316739000,0.87052,0.87052,0.87043,0.8705,66560000,1
1413316740000,1413316799000,0.8705,0.87053,0.8705,0.87052,53700000,1
1413316800000,1413316859000,0.87052,0.87073,0.8705,0.87071,89220000,1
1413316860000,1413316919000,0.8707,0.87078,0.8707,0.87075,67160000,1
1413316920000,1413316979000,0.87074,0.87091,0.87074,0.87082,48700000,1
1413316980000,1413317039000,0.87083,0.87091,0.87083,0.87089,48740000,1
1413317040000,1413317099000,0.87089,0.87091,0.87079,0.87079,24790000,1
1413317100000,1413317159000,0.8708,0.87082,0.87072,0.8708,50500000,1
1413317160000,1413317219000,0.87079,0.87079,0.87072,0.87074,20260000,1
1413317220000,1413317279000,0.87075,0.8708,0.87068,0.87068,29640000,1
1413317280000,1413317339000,0.87071,0.87072,0.87068,0.87069,37660000,1
1413317340000,1413317399000,0.8707,0.8707,0.87069,0.87069,11570000,1
1413317400000,1413317459000,0.87069,0.8707,0.87066,0.87067,25490000,1
1413317460000,1413317519000,0.87066,0.8707,0.87066,0.87068,20050000,1
1413317520000,1413317579000,0.87067,0.87068,0.87066,0.87066,17530000,1
1413317580000,1413317639000,0.87066,0.87073,0.87066,0.8707,36660000,1
1413317640000,1413317699000,0.87073,0.87073,0.87072,0.87072,5500000,1
1413317700000,1413317759000,0.87071,0.87074,0.87071,0.87074,15220000,1
1413317760000,1413317819000,0.87074,0.87081,0.87074,0.87081,15940000,1
1413317820000,1413317879000,0.87081,0.87085,0.87081,0.87084,46620000,1
1413317880000,1413317939000,0.87084,0.87088,0.87083,0.87087,28020000,1
1413317940000,1413317999000,0.87087,0.87088,0.87087,0.87088,4500000,1
1413318000000,1413318059000,0.87087,0.87092,0.87087,0.87092,16620000,1
1413318060000,1413318119000,0.87092,0.87092,0.87092,0.87092,3200000,1
1413318120000,1413318179000,0.87091,0.87093,0.87089,0.87093,19790000,1
1413318180000,1413318239000,0.87093,0.87104,0.87093,0.87101,36110000,1
1413318240000,1413318299000,0.87101,0.87102,0.87094,0.87098,52440000,1
1413318300000,1413318359000,0.87097,0.87097,0.8709,0.87096,20090000,1
1413318360000,1413318419000,0.87096,0.87098,0.87094,0.87096,18980000,1
1413318420000,1413318479000,0.87096,0.871,0.87095,0.871,35670000,1
1413318480000,1413318539000,0.871,0.87102,0.87098,0.87099,48430000,1
1413318540000,1413318599000,0.87099,0.87101,0.87088,0.87088,60170000,1
1413318600000,1413318659000,0.87088,0.87088,0.8708,0.87081,17500000,1
1413318660000,1413318719000,0.87081,0.87086,0.8708,0.87084,24970000,1
1413318720000,1413318779000,0.87084,0.87086,0.87077,0.87083,36920000,1
1413318780000,1413318839000,0.87082,0.87088,0.87081,0.87084,14140000,1
1413318840000,1413318899000,0.87087,0.87095,0.87087,0.87092,15820000,1
1413318900000,1413318959000,0.87094,0.87099,0.87092,0.87092,28490000,1
1413318960000,1413319019000,0.87092,0.87104,0.87092,0.87099,50270000,1
1413319020000,1413319079000,0.87097,0.87099,0.87093,0.87094,17350000,1
1413319080000,1413319139000,0.87094,0.87096,0.87087,0.87094,16700000,1
1413319140000,1413319199000,0.87094,0.87096,0.87094,0.87094,12000000,1
1413319200000,1413319259000,0.87095,0.87096,0.87092,0.87092,20500000,1
1413319260000,1413319319000,0.87091,0.87097,0.87091,0.87096,16750000,1
1413319320000,1413319379000,0.87096,0.87103,0.87093,0.87101,18480000,1
1413319380000,1413319439000,0.87102,0.87109,0.87095,0.87108,23330000,1
1413319440000,1413319499000,0.87101,0.87148,0.87101,0.87124,71860000,1
1413319500000,1413319559000,0.87124,0.87124,0.87102,0.87105,50100000,1
1413319560000,1413319619000,0.87107,0.87107,0.8709,0.87097,42660000,1
1413319620000,1413319679000,0.87097,0.87098,0.87097,0.87098,21250000,1
1413319680000,1413319739000,0.87097,0.87104,0.87097,0.87103,7500000,1
1413319740000,1413319799000,0.87103,0.87106,0.87102,0.87102,8500000,1
1413319800000,1413319859000,0.87101,0.87118,0.871,0.87115,24230000,1
1413319860000,1413319919000,0.87115,0.87115,0.8711,0.8711,9500000,1
1413319920000,1413319979000,0.87113,0.87115,0.87113,0.87115,14750000,1
1413319980000,1413320039000,0.87115,0.87121,0.87114,0.87121,70710000,1
1413320040000,1413320099000,0.87119,0.87126,0.87114,0.87123,53200000,1
1413320100000,1413320159000,0.87124,0.87128,0.87124,0.87126,13000000,1
1413320160000,1413320219000,0.87126,0.87126,0.87122,0.87124,24750000,1
1413320220000,1413320279000,0.87122,0.87138,0.87122,0.87137,35260000,1
1413320280000,1413320339000,0.87136,0.87145,0.87126,0.8713,94330000,1
1413320340000,1413320399000,0.87131,0.87131,0.87118,0.87119,11050000,1
1413320400000,1413320459000,0.87118,0.87118,0.87104,0.8711,6250000,1
1413320460000,1413320519000,0.87114,0.87121,0.87112,0.87118,5870000,1
1413320520000,1413320579000,0.87128,0.87128,0.87128,0.87128,740000,1
1413320580000,1413320639000,0.87137,0.87138,0.87128,0.87135,10460000,1
1413320640000,1413320699000,0.87133,0.87153,0.87133,0.87139,30280000,1
1413320700000,1413320759000,0.87139,0.8716,0.87139,0.8716,22810000,1
1413320760000,1413320819000,0.87167,0.87169,0.8716,0.8716,10820000,1
1413320820000,1413320879000,0.87158,0.87169,0.87158,0.87162,41000000,1
1413320880000,1413320939000,0.87163,0.87164,0.8715,0.8715,55500000,1
1413320940000,1413320999000,0.8715,0.8715,0.87136,0.87148,54460000,1
1413321000000,1413321059000,0.87149,0.8715,0.87148,0.8715,3500000,1
1413321060000,1413321119000,0.8715,0.8715,0.87111,0.87114,7390000,1
1413321120000,1413321179000,0.87111,0.87136,0.87111,0.87135,17220000,1
1413321180000,1413321239000,0.87136,0.87136,0.87136,0.87136,2000000,1
1413321240000,1413321299000,0.87136,0.87142,0.87134,0.87134,8640000,1
1413321300000,1413321359000,0.8714,0.87142,0.87138,0.87138,4000000,1
1413321360000,1413321419000,0.87137,0.87137,0.87137,0.87137,1000000,1
1413321420000,1413321479000,0.87137,0.87141,0.87135,0.87135,11000000,1
1413321480000,1413321539000,0.87135,0.87137,0.87122,0.87123,22000000,1
1413321540000,1413321599000,0.87123,0.87123,0.87115,0.87115,4000000,1
1413321600000,1413321659000,0.87113,0.87113,0.87091,0.87091,21300000,1
1413321660000,1413321719000,0.8709,0.87104,0.87089,0.87104,34280000,1
1413321720000,1413321779000,0.87105,0.87111,0.87103,0.87107,32730000,1
1413321780000,1413321839000,0.87104,0.87141,0.87098,0.87129,59350000,1
1413321840000,1413321899000,0.87129,0.87132,0.87124,0.87125,37890000,1
1413321900000,1413321959000,0.87124,0.87131,0.87118,0.87131,25120000,1
1413321960000,1413322019000,0.87132,0.87135,0.87127,0.87132,25310000,1
1413322020000,1413322079000,0.87133,0.87133,0.87125,0.87125,31150000,1
1413322080000,1413322139000,0.87125,0.87135,0.87125,0.87135,35210000,1
1413322140000,1413322199000,0.87135,0.87153,0.87135,0.87153,14500000,1
1413322200000,1413322259000,0.8715,0.87155,0.87146,0.87155,12620000,1
1413322260000,1413322319000,0.87155,0.87155,0.87145,0.8715,21620000,1
1413322320000,1413322379000,0.87151,0.87186,0.87151,0.87186,37600000,1
1413322380000,1413322439000,0.87185,0.87185,0.87135,0.87149,64580000,1
1413322440000,1413322499000,0.8715,0.87164,0.87147,0.87162,55770000,1
1413322500000,1413322559000,0.87164,0.87173,0.87162,0.87168,31300000,1
1413322560000,1413322619000,0.87168,0.87171,0.8716,0.87166,35590000,1
1413322620000,1413322679000,0.87166,0.872,0.87166,0.87184,88500000,1
1413322680000,1413322739000,0.87183,0.87191,0.87181,0.87191,33040000,1
1413322740000,1413322799000,0.87191,0.87191,0.87156,0.87167,62750000,1
1413322800000,1413322859000,0.87168,0.87174,0.87165,0.87171,18500000,1
1413322860000,1413322919000,0.87172,0.87174,0.8717,0.87171,9500000,1
1413322920000,1413322979000,0.87174,0.87174,0.87167,0.87172,9670000,1
1413322980000,1413323039000,0.87173,0.87173,0.87172,0.87172,5500000,1
1413323040000,1413323099000,0.87176,0.87184,0.87176,0.87184,19000000,1
1413323100000,1413323159000,0.87185,0.87185,0.87179,0.87181,22500000,1
1413323160000,1413323219000,0.87182,0.87184,0.87176,0.87184,45500000,1
1413323220000,1413323279000,0.87182,0.87198,0.87178,0.87198,55320000,1
1413323280000,1413323339000,0.87197,0.872,0.87187,0.87187,26460000,1
1413323340000,1413323399000,0.87187,0.87189,0.87183,0.87183,13360000,1
1413323400000,1413323459000,0.87183,0.87188,0.87183,0.87188,20870000,1
1413323460000,1413323519000,0.87188,0.87188,0.87183,0.87183,21250000,1
1413323520000,1413323579000,0.8718,0.87186,0.8718,0.87182,7530000,1
1413323580000,1413323639000,0.87181,0.87184,0.87181,0.87184,4070000,1
1413323640000,1413323699000,0.87184,0.87185,0.87183,0.87185,4000000,1
1413323700000,1413323759000,0.87183,0.87183,0.87178,0.87182,15460000,1
1413323760000,1413323819000,0.87183,0.87183,0.87183,0.87183,5480000,1
1413323820000,1413323879000,0.87182,0.87195,0.87182,0.87193,17980000,1
1413323880000,1413323939000,0.87193,0.87193,0.87192,0.87193,9870000,1
1413323940000,1413323999000,0.87193,0.87196,0.87187,0.87191,18460000,1
1413324000000,1413324059000,0.8719,0.87192,0.8717,0.87174,66860000,1
1413324060000,1413324119000,0.87176,0.87181,0.87176,0.87179,21880000,1
1413324120000,1413324179000,0.87176,0.87179,0.87175,0.87175,15140000,1
1413324180000,1413324239000,0.87176,0.87177,0.87174,0.87176,12340000,1
1413324240000,1413324299000,0.87175,0.87184,0.87175,0.87183,9170000,1
1413324300000,1413324359000,0.87182,0.87183,0.87172,0.87174,18910000,1
1413324360000,1413324419000,0.87174,0.87174,0.87161,0.87164,43920000,1
1413324420000,1413324479000,0.87162,0.87163,0.87148,0.87149,57140000,1
1413324480000,1413324539000,0.87148,0.87148,0.87107,0.87109,59950000,1
1413324540000,1413324599000,0.87109,0.87136,0.87093,0.87124,91810000,1
1413324600000,1413324659000,0.87124,0.87128,0.87124,0.87127,15620000,1
1413324660000,1413324719000,0.87128,0.87128,0.87128,0.87128,1000000,1
1413324720000,1413324779000,0.87127,0.87127,0.87127,0.87127,1500000,1
1413324780000,1413324839000,0.87127,0.87131,0.87127,0.87128,29350000,1
1413324840000,1413324899000,0.87128,0.87139,0.87128,0.87133,15990000,1
1413324900000,1413324959000,0.87131,0.87131,0.87122,0.87124,14000000,1
1413324960000,1413325019000,0.87124,0.87124,0.87116,0.87116,28500000,1
1413325020000,1413325079000,0.87115,0.87116,0.87106,0.87116,32320000,1
1413325080000,1413325139000,0.87114,0.87114,0.87087,0.87102,40690000,1
1413325140000,1413325199000,0.87102,0.87102,0.87101,0.87102,14000000,1
1413325200000,1413325259000,0.87102,0.87115,0.87094,0.871,59550000,1
1413325260000,1413325319000,0.871,0.87114,0.871,0.87111,57170000,1
1413325320000,1413325379000,0.87111,0.87114,0.87111,0.87114,14890000,1
1413325380000,1413325439000,0.87114,0.87114,0.8711,0.87111,16070000,1
1413325440000,1413325499000,0.87111,0.87111,0.871,0.87103,27430000,1
1413325500000,1413325559000,0.87103,0.87106,0.87102,0.87105,16360000,1
1413325560000,1413325619000,0.87104,0.8711,0.87104,0.8711,6350000,1
1413325620000,1413325679000,0.87109,0.87109,0.87109,0.87109,1000000,1
1413325680000,1413325739000,0.87109,0.87113,0.87109,0.87112,24650000,1
1413325740000,1413325799000,0.87112,0.87116,0.87111,0.87111,45220000,1
1413325800000,1413325859000,0.87111,0.87116,0.87111,0.87115,21700000,1
1413325860000,1413325919000,0.87114,0.87128,0.87114,0.87127,25850000,1
1413325920000,1413325979000,0.8713,0.87137,0.87111,0.87111,35500000,1
1413325980000,1413326039000,0.8711,0.87141,0.87109,0.87131,86870000,1
1413326040000,1413326099000,0.87132,0.87132,0.87117,0.87117,13500000,1
1413326100000,1413326159000,0.87119,0.87124,0.871,0.87124,114700000,1
1413326160000,1413326219000,0.87124,0.87141,0.87124,0.8713,48370000,1
1413326220000,1413326279000,0.8713,0.8713,0.87116,0.87117,24530000,1
1413326280000,1413326339000,0.87117,0.8712,0.87116,0.8712,19810000,1
1413326340000,1413326399000,0.87118,0.87131,0.87094,0.87131,85470000,1
1413326400000,1413326459000,0.87131,0.87131,0.87111,0.87125,46310000,1
1413326520000,1413326579000,0.87125,0.87125,0.87124,0.87124,6500000,1
1413326580000,1413326639000,0.87124,0.87124,0.87124,0.87124,4500000,1
1413326640000,1413326699000,0.87124,0.87124,0.87117,0.87117,14500000,1
1413326700000,1413326759000,0.87116,0.87116,0.87086,0.87086,26000000,1
1413326760000,1413326819000,0.87086,0.87094,0.87086,0.87087,27120000,1
1413326820000,1413326879000,0.87087,0.87087,0.87086,0.87087,17000000,1
1413326880000,1413326939000,0.87087,0.87087,0.87086,0.87086,19500000,1
1413326940000,1413326999000,0.87086,0.87086,0.87086,0.87086,33000000,1
1413327000000,1413327059000,0.87086,0.8709,0.87084,0.87084,26000000,1
1413327060000,1413327119000,0.87084,0.87084,0.87081,0.87081,13000000,1
1413327120000,1413327179000,0.87081,0.87087,0.87081,0.87082,14500000,1
1413327180000,1413327239000,0.87082,0.87086,0.87082,0.87084,28340000,1
1413327240000,1413327299000,0.87084,0.87084,0.87074,0.87078,19010000,1
1413327300000,1413327359000,0.87078,0.87096,0.87078,0.87092,34850000,1
1413327360000,1413327419000,0.87091,0.87097,0.87091,0.87095,13450000,1
1413327420000,1413327479000,0.87094,0.87094,0.87088,0.87088,15880000,1
1413327480000,1413327539000,0.87089,0.87096,0.87088,0.87096,21750000,1
1413327540000,1413327599000,0.87095,0.87104,0.8708,0.87093,69800000,1
1413327600000,1413327659000,0.8709,0.87107,0.87079,0.87106,54940000,1
1413327660000,1413327719000,0.87103,0.87104,0.871,0.87103,15620000,1
1413327720000,1413327779000,0.87105,0.87117,0.87101,0.87114,21690000,1
1413327780000,1413327839000,0.87114,0.87116,0.87103,0.87103,29750000,1
1413327840000,1413327899000,0.87104,0.87106,0.87089,0.87089,62280000,1
1413327900000,1413327959000,0.87088,0.87093,0.87074,0.87085,69190000,1
1413327960000,1413328019000,0.87087,0.87092,0.87085,0.8709,34740000,1
1413328020000,1413328079000,0.87092,0.87093,0.8709,0.8709,15860000,1
1413328080000,1413328139000,0.87091,0.87096,0.87088,0.87096,14500000,1
1413328140000,1413328199000,0.87097,0.87098,0.87092,0.87095,31370000,1
1413328200000,1413328259000,0.87096,0.87096,0.87055,0.87056,52620000,1
1413328260000,1413328319000,0.87056,0.8706,0.87052,0.87056,48080000,1
1413328320000,1413328379000,0.87056,0.87056,0.8705,0.87051,14320000,1
1413328380000,1413328439000,0.8705,0.8705,0.87043,0.87043,25650000,1
1413328440000,1413328499000,0.87044,0.87046,0.8704,0.87041,18860000,1
1413328500000,1413328559000,0.87041,0.87041,0.87025,0.87025,45380000,1
1413328560000,1413328619000,0.87025,0.87031,0.87025,0.87031,12250000,1
1413328620000,1413328679000,0.87031,0.87031,0.87029,0.8703,20320000,1
1413328680000,1413328739000,0.87031,0.87041,0.87031,0.87034,16890000,1
1413328740000,1413328799000,0.87035,0.8704,0.87033,0.87037,43260000,1
1413328800000,1413328859000,0.87037,0.87037,0.8703,0.8703,15100000,1
1413328860000,1413328919000,0.8703,0.8703,0.8702,0.87023,26960000,1
1413328920000,1413328979000,0.87024,0.87029,0.87024,0.87025,26050000,1
1413328980000,1413329039000,0.87025,0.87029,0.87022,0.87022,10740000,1
1413329040000,1413329099000,0.87022,0.87024,0.87022,0.87023,14000000,1
1413329100000,1413329159000,0.87021,0.87025,0.87021,0.87025,9500000,1
1413329160000,1413329219000,0.87024,0.87024,0.87018,0.87022,9600000,1
1413329220000,1413329279000,0.87022,0.87028,0.87022,0.87026,15970000,1
1413329280000,1413329339000,0.87026,0.87026,0.87026,0.87026,1570000,1
1413329340000,1413329399000,0.87026,0.87027,0.86975,0.86978,72840000,1
1413329400000,1413329459000,0.86978,0.8702,0.86978,0.87012,125040000,1
1413329460000,1413329519000,0.87013,0.87016,0.87011,0.87015,42010000,1
1413329520000,1413329579000,0.87015,0.87016,0.87012,0.87016,17600000,1
1413329580000,1413329639000,0.87017,0.87017,0.87012,0.87013,26640000,1
1413329640000,1413329699000,0.87013,0.87013,0.86984,0.86984,86010000,1
1413329700000,1413329759000,0.86984,0.86987,0.86934,0.86934,79930000,1
1413329760000,1413329819000,0.86935,0.86955,0.86922,0.8693,137420000,1
1413329820000,1413329879000,0.86931,0.86972,0.86931,0.86972,126940000,1
1413329880000,1413329939000,0.86972,0.86984,0.86967,0.86984,42920000,1
1413329940000,1413329999000,0.86986,0.8699,0.86963,0.86988,65970000,1
1413330000000,1413330059000,0.86988,0.86988,0.86977,0.86983,52290000,1
1413330060000,1413330119000,0.86982,0.87039,0.86981,0.87029,97890000,1
1413330120000,1413330179000,0.87031,0.87031,0.87021,0.87024,35660000,1
1413330180000,1413330239000,0.87024,0.8703,0.87022,0.87024,30590000,1
1413330240000,1413330299000,0.87026,0.87033,0.87026,0.87032,22890000,1
1413330300000,1413330359000,0.87032,0.87032,0.87028,0.87031,25960000,1
1413330360000,1413330419000,0.8703,0.87033,0.8703,0.87033,17150000,1
1413330420000,1413330479000,0.87032,0.87032,0.87012,0.87012,37970000,1
1413330480000,1413330539000,0.87012,0.87045,0.86997,0.87043,58540000,1
1413330540000,1413330599000,0.87043,0.8707,0.87043,0.87051,63350000,1
1413330600000,1413330659000,0.87051,0.87059,0.8705,0.87059,20620000,1
1413330660000,1413330719000,0.87059,0.87077,0.87059,0.87076,31350000,1
1413330720000,1413330779000,0.87075,0.87076,0.87072,0.87073,8140000,1
1413330780000,1413330839000,0.87074,0.87077,0.87073,0.87073,16050000,1
1413330840000,1413330899000,0.87073,0.87076,0.87073,0.87076,16670000,1
1413330900000,1413330959000,0.87076,0.87076,0.87067,0.87074,26250000,1
1413330960000,1413331019000,0.8707,0.8707,0.87064,0.87065,16190000,1
1413331020000,1413331079000,0.87065,0.87072,0.87065,0.87072,35130000,1
1413331080000,1413331139000,0.87072,0.87075,0.87071,0.87074,19590000,1
1413331140000,1413331199000,0.87073,0.87092,0.87073,0.87087,25770000,1
1413331200000,1413331259000,0.87087,0.87092,0.87079,0.87091,56470000,1
1413331260000,1413331319000,0.8709,0.87093,0.87087,0.87093,27080000,1
1413331320000,1413331379000,0.87092,0.87092,0.87084,0.87084,27000000,1
1413331380000,1413331439000,0.87084,0.87084,0.87058,0.87058,38690000,1
1413331440000,1413331499000,0.87058,0.87058,0.87013,0.87017,55060000,1
1413331500000,1413331559000,0.87017,0.87017,0.86983,0.86992,107950000,1
1413331560000,1413331619000,0.86987,0.86995,0.86972,0.86975,81420000,1
1413331620000,1413331679000,0.86975,0.8698,0.86972,0.86972,23590000,1
1413331680000,1413331739000,0.86972,0.86972,0.86962,0.86967,30370000,1
1413331740000,1413331799000,0.86965,0.86967,0.86955,0.86957,40740000,1
1413331800000,1413331859000,0.86955,0.8697,0.86954,0.8697,21540000,1
1413331860000,1413331919000,0.8697,0.86983,0.86964,0.86977,39880000,1
1413331920000,1413331979000,0.86977,0.86995,0.8697,0.86988,73540000,1
1413331980000,1413332039000,0.86988,0.87008,0.86977,0.87008,65220000,1
1413332040000,1413332099000,0.8701,0.8703,0.87005,0.87016,128100000,1
1413332100000,1413332159000,0.87016,0.87016,0.87008,0.8701,57080000,1
1413332160000,1413332219000,0.8701,0.87017,0.87007,0.87015,55390000,1
1413332220000,1413332279000,0.87017,0.87017,0.87009,0.8701,10820000,1
1413332280000,1413332339000,0.87011,0.87026,0.87011,0.87021,33610000,1
1413332340000,1413332399000,0.87022,0.87026,0.8702,0.8702,39260000,1
1413332400000,1413332459000,0.8702,0.87027,0.87017,0.87026,35530000,1
1413332460000,1413332519000,0.87026,0.87026,0.87019,0.87024,30260000,1
1413332520000,1413332579000,0.87026,0.87045,0.8701,0.87014,107290000,1
1413332580000,1413332639000,0.87017,0.87017,0.87009,0.87012,22040000,1
1413332640000,1413332699000,0.8701,0.8701,0.86997,0.86999,24370000,1
1413332700000,1413332759000,0.87001,0.87007,0.86998,0.87006,45660000,1
1413332760000,1413332819000,0.87006,0.87016,0.86999,0.87016,25220000,1
1413332820000,1413332879000,0.87016,0.8705,0.87016,0.87048,86120000,1
1413332880000,1413332939000,0.87048,0.87072,0.87047,0.8707,90290000,1
1413332940000,1413332999000,0.87069,0.87069,0.87053,0.87053,24890000,1
1413333000000,1413333059000,0.87052,0.87057,0.87052,0.87057,14900000,1
1413333060000,1413333119000,0.87058,0.87061,0.87039,0.87053,61550000,1
1413333120000,1413333179000,0.87055,0.87069,0.87051,0.87057,45240000,1
1413333180000,1413333239000,0.8706,0.8706,0.87045,0.87048,25750000,1
1413333240000,1413333299000,0.87046,0.87046,0.87044,0.87045,6000000,1
1413333300000,1413333359000,0.87045,0.87053,0.87032,0.8705,38640000,1
1413333360000,1413333419000,0.8705,0.87052,0.87037,0.87044,70870000,1
1413333420000,1413333479000,0.87044,0.87045,0.86991,0.86991,124610000,1
1413333480000,1413333539000,0.86991,0.87014,0.86991,0.86998,114760000,1
1413333540000,1413333599000,0.86996,0.86996,0.86964,0.86967,126300000,1
1413333600000,1413333659000,0.86967,0.86967,0.8694,0.86952,106420000,1
1413333660000,1413333719000,0.86951,0.86957,0.8695,0.86955,58860000,1
1413333720000,1413333779000,0.86955,0.8697,0.86952,0.8697,116740000,1
1413333780000,1413333839000,0.86969,0.86983,0.86962,0.86967,111640000,1
1413333840000,1413333899000,0.86971,0.86985,0.86953,0.86957,95540000,1
1413333900000,1413333959000,0.86955,0.86957,0.86919,0.86925,104740000,1
1413333960000,1413334019000,0.86925,0.86927,0.86911,0.86916,88210000,1
1413334020000,1413334079000,0.86916,0.86916,0.86895,0.869,48710000,1
1413334080000,1413334139000,0.869,0.86902,0.86861,0.86865,121090000,1
1413334140000,1413334199000,0.86865,0.86869,0.86854,0.86864,78630000,1
1413334200000,1413334259000,0.86864,0.86868,0.86862,0.86868,47890000,1
1413334260000,1413334319000,0.86867,0.86891,0.86852,0.86891,95550000,1
1413334320000,1413334379000,0.86888,0.86888,0.86875,0.86879,55770000,1
1413334380000,1413334439000,0.86881,0.86893,0.86879,0.8689,38130000,1
1413334440000,1413334499000,0.8689,0.86892,0.86882,0.86892,58940000,1
1413334500000,1413334559000,0.86891,0.86905,0.86887,0.86891,121450000,1
1413334560000,1413334619000,0.86887,0.86903,0.86886,0.86896,91210000,1
1413334620000,1413334679000,0.86896,0.86896,0.86889,0.86889,10000000,1
1413334680000,1413334739000,0.86889,0.86889,0.86851,0.86854,72310000,1
1413334740000,1413334799000,0.86847,0.86863,0.86847,0.86854,39050000,1
1413334800000,1413334859000,0.86853,0.8686,0.86837,0.86837,53820000,1
1413334860000,1413334919000,0.86836,0.86836,0.86827,0.86827,57870000,1
1413334920000,1413334979000,0.86827,0.86841,0.86822,0.86837,58860000,1
1413334980000,1413335039000,0.86837,0.86862,0.86837,0.86861,106770000,1
1413335040000,1413335099000,0.86861,0.86894,0.86859,0.86894,88980000,1
1413335100000,1413335159000,0.86896,0.86912,0.86895,0.86912,153910000,1
1413335160000,1413335219000,0.86916,0.86939,0.86916,0.86932,84160000,1
1413335220000,1413335279000,0.86937,0.8694,0.86922,0.86928,79820000,1
1413335280000,1413335339000,0.86925,0.86928,0.86921,0.86926,40820000,1
1413335340000,1413335399000,0.86925,0.86929,0.86915,0.86929,28000000,1
1413335400000,1413335459000,0.8693,0.86985,0.8693,0.86981,73110000,1
1413335460000,1413335519000,0.86983,0.87005,0.86972,0.8698,78580000,1
1413335520000,1413335579000,0.8698,0.86983,0.86943,0.86948,62880000,1
1413335580000,1413335639000,0.86947,0.86947,0.86926,0.86928,80960000,1
1413335640000,1413335699000,0.86927,0.86931,0.86868,0.86875,115500000,1
1413335700000,1413335759000,0.86875,0.86877,0.86839,0.86857,114640000,1
1413335760000,1413335819000,0.86856,0.86893,0.86856,0.86887,70360000,1
1413335820000,1413335879000,0.86887,0.86887,0.8686,0.86866,43050000,1
1413335880000,1413335939000,0.86865,0.86865,0.86841,0.86845,52940000,1
1413335940000,1413335999000,0.86845,0.86856,0.86837,0.86855,36040000,1
1413336000000,1413336059000,0.86855,0.86875,0.86831,0.86835,131800000,1
1413336060000,1413336119000,0.86835,0.86875,0.86835,0.8687,71900000,1
1413336120000,1413336179000,0.86871,0.86894,0.86868,0.8689,81740000,1
1413336180000,1413336239000,0.8689,0.869,0.86875,0.86885,85930000,1
1413336240000,1413336299000,0.86885,0.86885,0.86855,0.86855,78330000,1
1413336300000,1413336359000,0.86855,0.86855,0.86801,0.86818,126680000,1
1413336360000,1413336419000,0.86818,0.86832,0.86804,0.86828,98260000,1
1413336420000,1413336479000,0.86827,0.86831,0.86827,0.86827,36920000,1
1413336480000,1413336539000,0.86831,0.86847,0.8683,0.8683,54100000,1
1413336540000,1413336599000,0.86828,0.8687,0.86828,0.86852,182170000,1
1413336600000,1413336659000,0.86852,0.86852,0.86759,0.86767,224800000,1
1413336660000,1413336719000,0.8677,0.8681,0.86753,0.86801,177990000,1
1413336720000,1413336779000,0.86801,0.86872,0.86801,0.86843,159130000,1
1413336780000,1413336839000,0.86844,0.8687,0.86829,0.8687,154820000,1
1413336840000,1413336899000,0.86873,0.86894,0.86867,0.86893,81220000,1
1413336900000,1413336959000,0.86892,0.86915,0.8689,0.8689,59880000,1
1413336960000,1413337019000,0.8689,0.8689,0.86862,0.8687,52380000,1
1413337020000,1413337079000,0.86871,0.86873,0.86842,0.8685,115230000,1
1413337080000,1413337139000,0.8685,0.86884,0.8685,0.86883,69640000,1
1413337140000,1413337199000,0.86886,0.86919,0.86885,0.86919,130630000,1
1413337200000,1413337259000,0.8692,0.86946,0.8692,0.86937,87460000,1
1413337260000,1413337319000,0.86937,0.87011,0.86937,0.87005,138880000,1
1413337320000,1413337379000,0.87006,0.87048,0.87006,0.87017,148080000,1
1413337380000,1413337439000,0.8701,0.87029,0.87,0.87006,114060000,1
1413337440000,1413337499000,0.87004,0.87057,0.86992,0.87037,151140000,1
1413337500000,1413337559000,0.87035,0.87038,0.87007,0.87016,78370000,1
1413337560000,1413337619000,0.87016,0.87049,0.86995,0.87026,131770000,1
1413337620000,1413337679000,0.87024,0.87048,0.87016,0.87046,111990000,1
1413337680000,1413337739000,0.87044,0.87062,0.87044,0.87049,99060000,1
1413337740000,1413337799000,0.8705,0.87052,0.8703,0.87047,87580000,1
1413337800000,1413337859000,0.87046,0.87076,0.87045,0.87071,43850000,1
1413337860000,1413337919000,0.87073,0.87098,0.87073,0.87085,159950000,1
1413337920000,1413337979000,0.87087,0.87106,0.87087,0.87106,69620000,1
1413337980000,1413338039000,0.87108,0.87135,0.87105,0.87108,132700000,1
1413338040000,1413338099000,0.87109,0.87119,0.87091,0.87096,60100000,1
1413338100000,1413338159000,0.87096,0.87102,0.87074,0.87075,52240000,1
1413338160000,1413338219000,0.87075,0.87076,0.87037,0.87046,125920000,1
1413338220000,1413338279000,0.87046,0.87065,0.87042,0.87051,102870000,1
1413338280000,1413338339000,0.87052,0.87083,0.87042,0.87079,75100000,1
1413338340000,1413338399000,0.87078,0.87078,0.87065,0.87065,13250000,1
1413338400000,1413338459000,0.87065,0.87077,0.87065,0.87077,25800000,1
1413338460000,1413338519000,0.87076,0.87081,0.87067,0.87079,48960000,1
1413338520000,1413338579000,0.87079,0.87083,0.87066,0.87067,88700000,1
1413338580000,1413338639000,0.87067,0.87068,0.87052,0.87057,77410000,1
1413338640000,1413338699000,0.87057,0.87065,0.87047,0.87048,67470000,1
1413338700000,1413338759000,0.87045,0.87069,0.87043,0.87069,53080000,1
1413338760000,1413338819000,0.87067,0.87107,0.87062,0.8709,89480000,1
1413338820000,1413338879000,0.87088,0.87093,0.87064,0.87077,115900000,1
1413338880000,1413338939000,0.87078,0.8708,0.8705,0.87062,57240000,1
1413338940000,1413338999000,0.87062,0.87079,0.87062,0.87076,52580000,1
1413339000000,1413339059000,0.87076,0.87076,0.87051,0.87068,61960000,1
1413339060000,1413339119000,0.87066,0.87075,0.87063,0.8707,46320000,1
1413339120000,1413339179000,0.8707,0.87077,0.8706,0.87069,38740000,1
1413339180000,1413339239000,0.87069,0.87076,0.87057,0.87068,47520000,1
1413339240000,1413339299000,0.87068,0.87071,0.87059,0.87071,37690000,1
1413339300000,1413339359000,0.87072,0.87076,0.87067,0.8707,15140000,1
1413339360000,1413339419000,0.8707,0.87074,0.8707,0.87074,12270000,1
1413339420000,1413339479000,0.87076,0.87094,0.87076,0.87086,63060000,1
1413339480000,1413339539000,0.87086,0.87086,0.87072,0.87081,41870000,1
1413339540000,1413339599000,0.87081,0.87081,0.87067,0.87067,37470000,1
1413339600000,1413339659000,0.87067,0.87074,0.87052,0.87071,70340000,1
1413339660000,1413339719000,0.87069,0.87073,0.87056,0.87068,56600000,1
1413339720000,1413339779000,0.87067,0.87067,0.87062,0.87065,31500000,1
1413339780000,1413339839000,0.87063,0.87063,0.87054,0.87054,30750000,1
1413339840000,1413339899000,0.87056,0.87056,0.87042,0.87046,52750000,1
1413339900000,1413339959000,0.87045,0.87052,0.87036,0.8704,59850000,1
1413339960000,1413340019000,0.8704,0.8704,0.87019,0.87019,64910000,1
1413340020000,1413340079000,0.87019,0.87031,0.87004,0.87006,69100000,1
1413340080000,1413340139000,0.87006,0.87022,0.87006,0.87012,86660000,1
1413340140000,1413340199000,0.87014,0.8705,0.87013,0.87036,72880000,1
1413340200000,1413340259000,0.87036,0.87036,0.87025,0.87025,11000000,1
1413340260000,1413340319000,0.87025,0.87031,0.86985,0.86985,78930000,1
1413340320000,1413340379000,0.86985,0.87016,0.86985,0.87016,73500000,1
1413340380000,1413340439000,0.87016,0.87038,0.87016,0.87038,52960000,1
1413340440000,1413340499000,0.87036,0.87038,0.87013,0.87015,31000000,1
1413340500000,1413340559000,0.87016,0.8702,0.86996,0.87007,73430000,1
1413340560000,1413340619000,0.87007,0.87007,0.86997,0.87,55760000,1
1413340620000,1413340679000,0.87,0.87028,0.87,0.87012,44830000,1
1413340680000,1413340739000,0.87011,0.87023,0.87011,0.87017,26800000,1
1413340740000,1413340799000,0.87017,0.87025,0.87007,0.87007,66940000,1
1413340800000,1413340859000,0.87007,0.87023,0.87007,0.87021,33150000,1
1413340860000,1413340919000,0.8702,0.87033,0.8702,0.87027,66930000,1
1413340920000,1413340979000,0.87027,0.87027,0.87017,0.87017,23850000,1
1413340980000,1413341039000,0.87017,0.8702,0.87017,0.87018,18680000,1
1413341040000,1413341099000,0.87015,0.87015,0.87012,0.87013,9690000,1
1413341100000,1413341159000,0.87013,0.87018,0.87012,0.87015,40710000,1
1413341160000,1413341219000,0.87014,0.87019,0.87012,0.87013,24050000,1
1413341220000,1413341279000,0.87011,0.87028,0.87004,0.87028,71790000,1
1413341280000,1413341339000,0.87027,0.87055,0.87027,0.87055,60710000,1
1413341340000,1413341399000,0.87057,0.87084,0.87057,0.87073,78490000,1
1413341400000,1413341459000,0.87072,0.87084,0.87071,0.87077,30160000,1
1413341460000,1413341519000,0.87077,0.87078,0.87074,0.87074,12390000,1
1413341520000,1413341579000,0.87074,0.87076,0.8707,0.87076,41170000,1
1413341580000,1413341639000,0.87076,0.87076,0.87069,0.87075,39900000,1
1413341640000,1413341699000,0.87075,0.87081,0.87075,0.87081,8590000,1
1413341700000,1413341759000,0.87081,0.87081,0.87058,0.87058,16100000,1
1413341760000,1413341819000,0.87058,0.87058,0.87057,0.87057,6000000,1
1413341820000,1413341879000,0.87057,0.87058,0.87057,0.87058,3000000,1
1413341880000,1413341939000,0.87058,0.87068,0.87058,0.87065,38770000,1
1413341940000,1413341999000,0.87067,0.87072,0.87067,0.87071,35630000,1
1413342000000,1413342059000,0.87071,0.87071,0.87067,0.87068,20250000,1
1413342060000,1413342119000,0.87067,0.87068,0.87067,0.87068,2500000,1
1413342120000,1413342179000,0.87071,0.87076,0.87071,0.87076,6000000,1
1413342180000,1413342239000,0.87076,0.87101,0.87076,0.87098,46340000,1
1413342240000,1413342299000,0.871,0.87128,0.871,0.87128,67490000,1
1413342300000,1413342359000,0.87128,0.87157,0.87128,0.87145,61830000,1
1413342360000,1413342419000,0.87145,0.87156,0.8712,0.87121,80660000,1
1413342420000,1413342479000,0.87121,0.87153,0.8712,0.87137,86210000,1
1413342480000,1413342539000,0.87137,0.87156,0.87137,0.87156,35690000,1
1413342540000,1413342599000,0.87156,0.87156,0.8715,0.87152,38230000,1
1413342600000,1413342659000,0.8715,0.87156,0.87144,0.87156,32220000,1
1413342660000,1413342719000,0.87157,0.87185,0.87157,0.87185,69630000,1
1413342720000,1413342779000,0.87184,0.87184,0.87171,0.87171,24210000,1
1413342780000,1413342839000,0.8717,0.8717,0.8716,0.87161,54250000,1
1413342840000,1413342899000,0.87163,0.87167,0.8716,0.87166,50610000,1
1413342900000,1413342959000,0.87166,0.87194,0.87164,0.87188,56580000,1
1413342960000,1413343019000,0.87186,0.87196,0.87186,0.87195,69310000,1
1413343020000,1413343079000,0.87194,0.87205,0.87177,0.872,85730000,1
1413343080000,1413343139000,0.872,0.87205,0.87186,0.87187,57420000,1
1413343140000,1413343199000,0.87187,0.87187,0.87177,0.87177,23740000,1
1413343200000,1413343259000,0.87177,0.87177,0.87155,0.87166,54580000,1
1413343260000,1413343319000,0.87166,0.87166,0.87157,0.87157,51690000,1
1413343320000,1413343379000,0.87157,0.87167,0.87156,0.87157,21950000,1
1413343380000,1413343439000,0.87157,0.87175,0.87157,0.87167,37540000,1
1413343440000,1413343499000,0.8717,0.87174,0.87158,0.8717,40800000,1
1413343500000,1413343559000,0.8717,0.87178,0.87158,0.87165,56460000,1
1413343560000,1413343619000,0.87167,0.87176,0.87157,0.87157,38570000,1
1413343620000,1413343679000,0.87157,0.87157,0.87129,0.87129,76130000,1
1413343680000,1413343739000,0.87127,0.87147,0.87125,0.87138,41180000,1
1413343740000,1413343799000,0.87137,0.87137,0.87124,0.87127,14140000,1
1413343800000,1413343859000,0.87126,0.87128,0.87126,0.87128,14720000,1
1413343860000,1413343919000,0.87126,0.87126,0.87107,0.87116,85100000,1
1413343920000,1413343979000,0.87114,0.87118,0.87108,0.87118,52330000,1
1413343980000,1413344039000,0.87119,0.87136,0.87117,0.87122,76770000,1
1413344040000,1413344099000,0.87122,0.87136,0.87122,0.87127,83690000,1
1413344100000,1413344159000,0.87128,0.87152,0.87128,0.87148,71110000,1
1413344160000,1413344219000,0.87148,0.87157,0.87148,0.87157,35860000,1
1413344220000,1413344279000,0.87158,0.87167,0.87154,0.87167,54410000,1
1413344280000,1413344339000,0.87167,0.8718,0.87167,0.8718,23380000,1
1413344340000,1413344399000,0.87181,0.87185,0.87177,0.87178,19500000,1
1413344400000,1413344459000,0.87177,0.87182,0.87161,0.87164,90530000,1
1413344460000,1413344519000,0.87164,0.87171,0.8716,0.87167,52690000,1
1413344520000,1413344579000,0.87165,0.87167,0.87158,0.87162,64530000,1
1413344580000,1413344639000,0.87162,0.87164,0.8715,0.87152,23070000,1
1413344640000,1413344699000,0.8715,0.8715,0.87121,0.87127,102320000,1
1413344700000,1413344759000,0.87128,0.87131,0.87119,0.87126,49060000,1
1413344760000,1413344819000,0.87125,0.8713,0.87125,0.87127,19200000,1
1413344820000,1413344879000,0.87127,0.87134,0.87123,0.87126,21600000,1
1413344880000,1413344939000,0.87125,0.87151,0.87125,0.87145,56120000,1
1413344940000,1413344999000,0.87144,0.87144,0.87128,0.87143,32370000,1
1413345000000,1413345059000,0.87142,0.87148,0.87138,0.87148,53570000,1
1413345060000,1413345119000,0.87148,0.87148,0.87143,0.87147,15220000,1
1413345120000,1413345179000,0.87147,0.87147,0.87132,0.8714,29560000,1
1413345180000,1413345239000,0.8714,0.87141,0.87136,0.87137,15350000,1
1413345240000,1413345299000,0.87138,0.87145,0.87129,0.87132,22710000,1
1413345300000,1413345359000,0.8713,0.87137,0.87124,0.8713,23730000,1
1413345360000,1413345419000,0.87129,0.87136,0.87128,0.87135,37410000,1
1413345420000,1413345479000,0.87134,0.87145,0.8713,0.87141,39640000,1
1413345480000,1413345539000,0.87144,0.87162,0.87137,0.87156,52440000,1
1413345540000,1413345599000,0.87158,0.87163,0.87156,0.87156,29960000,1
1413345600000,1413345659000,0.87156,0.87156,0.87145,0.87145,23750000,1
1413345660000,1413345719000,0.87145,0.87148,0.87137,0.87148,15750000,1
1413345720000,1413345779000,0.87148,0.87157,0.87144,0.87146,40500000,1
1413345780000,1413345839000,0.87147,0.87156,0.87146,0.87156,9500000,1
1413345840000,1413345899000,0.87155,0.8716,0.8714,0.87158,98380000,1
1413345900000,1413345959000,0.87157,0.87162,0.87155,0.87159,20820000,1
1413345960000,1413346019000,0.87161,0.87161,0.87161,0.87161,1500000,1
1413346020000,1413346079000,0.8716,0.87161,0.87154,0.87156,23390000,1
1413346080000,1413346139000,0.87158,0.87167,0.87158,0.87167,14010000,1
1413346140000,1413346199000,0.87168,0.87193,0.87168,0.87188,28120000,1
1413346200000,1413346259000,0.87184,0.87186,0.8718,0.87186,32850000,1
1413346260000,1413346319000,0.87186,0.87233,0.87186,0.87216,88050000,1
1413346320000,1413346379000,0.87215,0.87241,0.87211,0.87222,99820000,1
1413346380000,1413346439000,0.87223,0.87226,0.87213,0.87214,40960000,1
1413346440000,1413346499000,0.87214,0.87216,0.87197,0.872,38370000,1
1413346500000,1413346559000,0.87198,0.87207,0.87193,0.87199,33250000,1
1413346560000,1413346619000,0.87199,0.87204,0.87199,0.87202,21500000,1
1413346620000,1413346679000,0.87202,0.87202,0.872,0.872,6500000,1
1413346680000,1413346739000,0.872,0.87201,0.872,0.87201,16250000,1
1413346740000,1413346799000,0.87201,0.87201,0.87155,0.87179,51200000,1
1413346800000,1413346859000,0.87179,0.87179,0.87132,0.8714,84530000,1
1413346860000,1413346919000,0.87138,0.87146,0.87125,0.87145,59490000,1
1413346920000,1413346979000,0.87142,0.87144,0.87127,0.87135,61350000,1
1413346980000,1413347039000,0.87135,0.87145,0.87135,0.87138,75760000,1
1413347040000,1413347099000,0.87137,0.87144,0.87129,0.87129,17940000,1
1413347100000,1413347159000,0.8713,0.87143,0.87128,0.87128,50450000,1
1413347160000,1413347219000,0.87128,0.87145,0.87128,0.87145,46070000,1
1413347220000,1413347279000,0.87144,0.87146,0.87141,0.87142,45480000,1
1413347280000,1413347339000,0.87143,0.87143,0.87141,0.87142,10500000,1
1413347340000,1413347399000,0.87142,0.87143,0.87142,0.87142,20500000,1
1413347400000,1413347459000,0.87141,0.87148,0.87141,0.87146,23170000,1
1413347460000,1413347519000,0.87147,0.87164,0.87147,0.87162,97500000,1
1413347520000,1413347579000,0.87162,0.87167,0.87154,0.87154,32640000,1
1413347580000,1413347639000,0.87154,0.87168,0.87149,0.8715,74520000,1
1413347640000,1413347699000,0.8715,0.87159,0.87144,0.87144,31530000,1
1413347700000,1413347759000,0.87145,0.87147,0.87143,0.87147,20990000,1
1413347760000,1413347819000,0.87148,0.87148,0.87135,0.87147,30360000,1
1413347820000,1413347879000,0.87147,0.87147,0.87129,0.87129,44070000,1
1413347880000,1413347939000,0.87129,0.87141,0.87127,0.87128,28250000,1
1413347940000,1413347999000,0.8713,0.87138,0.87129,0.87129,10500000,1
1413348000000,1413348059000,0.87129,0.87141,0.8712,0.87128,43580000,1
1413348060000,1413348119000,0.87127,0.8714,0.87127,0.87136,26080000,1
1413348120000,1413348179000,0.87136,0.87136,0.87117,0.87124,24650000,1
1413348180000,1413348239000,0.87124,0.87128,0.87124,0.87128,10740000,1
1413348240000,1413348299000,0.87128,0.87128,0.87103,0.8711,29000000,1
1413348300000,1413348359000,0.87109,0.87115,0.87109,0.87115,29960000,1
1413348360000,1413348419000,0.87116,0.87123,0.87116,0.8712,10150000,1
1413348420000,1413348479000,0.8712,0.8712,0.87113,0.87113,16570000,1
1413348480000,1413348539000,0.87113,0.87113,0.871,0.871,42820000,1
1413348540000,1413348599000,0.87101,0.87102,0.87085,0.87085,65620000,1
1413348600000,1413348659000,0.87085,0.87086,0.87056,0.87079,83990000,1
1413348660000,1413348719000,0.87079,0.8709,0.87068,0.8709,47850000,1
1413348720000,1413348779000,0.87089,0.87094,0.87087,0.87093,28050000,1
1413348780000,1413348839000,0.87093,0.87136,0.87093,0.87136,69050000,1
1413348840000,1413348899000,0.87138,0.87144,0.87131,0.87137,55260000,1
1413348900000,1413348959000,0.87137,0.87157,0.87137,0.87155,61210000,1
1413348960000,1413349019000,0.87154,0.87164,0.87147,0.87164,88590000,1
1413349020000,1413349079000,0.87166,0.87185,0.87165,0.87185,43370000,1
1413349080000,1413349139000,0.87185,0.87197,0.87185,0.87191,36740000,1
1413349140000,1413349199000,0.87189,0.87208,0.87182,0.87205,60840000,1
1413349200000,1413349259000,0.87205,0.87214,0.87201,0.87213,106650000,1
1413349260000,1413349319000,0.87214,0.87217,0.87209,0.87217,49990000,1
1413349320000,1413349379000,0.87219,0.87235,0.87218,0.87232,55500000,1
1413349380000,1413349439000,0.8723,0.8723,0.87187,0.87187,51180000,1
1413349440000,1413349499000,0.87187,0.87194,0.87156,0.87162,84880000,1
1413349500000,1413349559000,0.87159,0.87224,0.87159,0.87219,98710000,1
1413349560000,1413349619000,0.87217,0.87233,0.87207,0.87211,87900000,1
1413349620000,1413349679000,0.8721,0.87221,0.87208,0.87218,33530000,1
1413349680000,1413349739000,0.8722,0.87257,0.8722,0.87243,71600000,1
1413349740000,1413349799000,0.87243,0.87249,0.87224,0.87224,52120000,1
1413349800000,1413349859000,0.87225,0.87254,0.8722,0.87248,64210000,1
1413349860000,1413349919000,0.87248,0.87249,0.8724,0.87241,32410000,1
1413349920000,1413349979000,0.87241,0.87246,0.87232,0.87237,56800000,1
1413349980000,1413350039000,0.87238,0.87238,0.87234,0.87236,12770000,1
1413350040000,1413350099000,0.87238,0.87243,0.87238,0.87238,23900000,1
1413350100000,1413350159000,0.87239,0.87249,0.87237,0.87249,31750000,1
1413350160000,1413350219000,0.87251,0.87254,0.8725,0.8725,22990000,1
1413350220000,1413350279000,0.87253,0.87254,0.8725,0.87252,18240000,1
1413350280000,1413350339000,0.8725,0.87257,0.87246,0.87257,36250000,1
1413350340000,1413350399000,0.8726,0.87307,0.8726,0.8729,125030000,1
1413350400000,1413350459000,0.8729,0.87341,0.87279,0.87328,127550000,1
1413350460000,1413350519000,0.87328,0.87364,0.87324,0.87361,101180000,1
1413350520000,1413350579000,0.87361,0.87364,0.87329,0.87331,103500000,1
1413350580000,1413350639000,0.8733,0.8733,0.87308,0.87317,51050000,1
1413350640000,1413350699000,0.8732,0.87327,0.87306,0.87326,82970000,1
1413350700000,1413350759000,0.87326,0.87326,0.87289,0.87311,84800000,1
1413350760000,1413350819000,0.87312,0.87337,0.87305,0.87337,64380000,1
1413350820000,1413350879000,0.87337,0.87345,0.87323,0.87326,80630000,1
1413350880000,1413350939000,0.87327,0.87328,0.87314,0.87317,28120000,1
1413350940000,1413350999000,0.87317,0.87321,0.87313,0.87313,25570000,1
1413351000000,1413351059000,0.87311,0.87316,0.87311,0.87315,53260000,1
1413351060000,1413351119000,0.87315,0.87315,0.87302,0.87305,37170000,1
1413351120000,1413351179000,0.87305,0.87305,0.87291,0.87298,33460000,1
1413351180000,1413351239000,0.87297,0.87306,0.87281,0.87281,53820000,1
1413351240000,1413351299000,0.8728,0.8728,0.87269,0.87272,31020000,1
1413351300000,1413351359000,0.87272,0.87284,0.87272,0.87277,45640000,1
1413351360000,1413351419000,0.87276,0.87276,0.87259,0.87262,29700000,1
1413351420000,1413351479000,0.87262,0.87271,0.87257,0.87258,97960000,1
1413351480000,1413351539000,0.87257,0.87277,0.87257,0.87276,43170000,1
1413351540000,1413351599000,0.87275,0.87297,0.87275,0.87293,111960000,1
1413351600000,1413351659000,0.87294,0.87294,0.87258,0.87271,83490000,1
1413351660000,1413351719000,0.87272,0.87287,0.87272,0.87287,62670000,1
1413351720000,1413351779000,0.87287,0.8729,0.8727,0.8727,47950000,1
1413351780000,1413351839000,0.8727,0.8728,0.8727,0.87273,51620000,1
1413351840000,1413351899000,0.87273,0.87279,0.87273,0.87277,39800000,1
1413351900000,1413351959000,0.87277,0.87288,0.87277,0.87285,62130000,1
1413351960000,1413352019000,0.87285,0.87287,0.87282,0.87286,40780000,1
1413352020000,1413352079000,0.87287,0.87287,0.87277,0.87286,56570000,1
1413352080000,1413352139000,0.87285,0.87285,0.87269,0.87278,45800000,1
1413352140000,1413352199000,0.87278,0.873,0.87278,0.87289,50380000,1
1413352200000,1413352259000,0.87288,0.87297,0.87287,0.87297,30140000,1
1413352260000,1413352319000,0.87295,0.87299,0.87288,0.87297,18960000,1
1413352320000,1413352379000,0.87294,0.87326,0.87291,0.87322,108800000,1
1413352380000,1413352439000,0.87322,0.87323,0.87309,0.87313,44950000,1
1413352440000,1413352499000,0.87313,0.87325,0.87296,0.87297,54820000,1
1413352500000,1413352559000,0.87297,0.87308,0.87285,0.87294,66540000,1
1413352560000,1413352619000,0.87294,0.87306,0.87293,0.87306,32070000,1
1413352620000,1413352679000,0.87308,0.8733,0.87308,0.87314,74890000,1
1413352680000,1413352739000,0.87313,0.87313,0.87299,0.87307,47690000,1
1413352740000,1413352799000,0.87307,0.87309,0.87301,0.87307,56260000,1
1413352800000,1413352859000,0.87307,0.87326,0.87307,0.87325,39490000,1
1413352860000,1413352919000,0.87325,0.87335,0.87315,0.87317,65590000,1
1413352920000,1413352979000,0.8732,0.87348,0.87317,0.87348,69240000,1
1413352980000,1413353039000,0.87346,0.87348,0.8734,0.8734,25290000,1
1413353040000,1413353099000,0.8734,0.87361,0.8734,0.87361,46150000,1
1413353100000,1413353159000,0.87359,0.87364,0.87351,0.87352,67910000,1
1413353160000,1413353219000,0.8735,0.87352,0.8733,0.87339,60890000,1
1413353220000,1413353279000,0.87337,0.87347,0.87337,0.87347,35770000,1
1413353280000,1413353339000,0.87347,0.87348,0.87345,0.87346,41630000,1
1413353340000,1413353399000,0.87344,0.87352,0.8733,0.87351,89570000,1
1413353400000,1413353459000,0.87352,0.87394,0.87352,0.8738,131420000,1
1413353460000,1413353519000,0.87379,0.87379,0.8735,0.8737,78780000,1
1413353520000,1413353579000,0.87367,0.87387,0.8736,0.87367,130600000,1
1413353580000,1413353639000,0.87367,0.87367,0.87349,0.87366,80140000,1
1413353640000,1413353699000,0.87367,0.87369,0.87338,0.87339,49410000,1
1413353700000,1413353759000,0.87339,0.87339,0.87312,0.87323,77200000,1
1413353760000,1413353819000,0.87323,0.87344,0.87322,0.87338,84220000,1
1413353820000,1413353879000,0.87338,0.87368,0.87338,0.87359,74360000,1
1413353880000,1413353939000,0.87362,0.87374,0.87362,0.87373,93710000,1
1413353940000,1413353999000,0.87371,0.87371,0.87356,0.87357,58150000,1
1413354000000,1413354059000,0.87357,0.87357,0.87337,0.8735,46100000,1
1413354060000,1413354119000,0.87349,0.87349,0.87321,0.87327,57130000,1
1413354120000,1413354179000,0.87327,0.87337,0.87319,0.8733,50940000,1
1413354180000,1413354239000,0.87333,0.87336,0.87304,0.87313,84580000,1
1413354240000,1413354299000,0.87313,0.87326,0.87302,0.87314,60640000,1
1413354300000,1413354359000,0.87314,0.87323,0.87307,0.87319,108440000,1
1413354360000,1413354419000,0.87318,0.8732,0.87286,0.87288,69570000,1
1413354420000,1413354479000,0.87288,0.87297,0.87278,0.87293,84140000,1
1413354480000,1413354539000,0.87292,0.87328,0.87292,0.87315,94810000,1
1413354540000,1413354599000,0.87315,0.87328,0.87308,0.87326,73350000,1
1413354600000,1413354659000,0.87326,0.8735,0.87323,0.87349,69530000,1
1413354660000,1413354719000,0.8735,0.87366,0.87347,0.87359,66980000,1
1413354720000,1413354779000,0.8736,0.87366,0.87358,0.87363,34070000,1
1413354780000,1413354839000,0.87362,0.87432,0.87359,0.87432,92780000,1
1413354840000,1413354899000,0.87435,0.8744,0.87394,0.874,203190000,1
1413354900000,1413354959000,0.874,0.87422,0.8739,0.87403,74860000,1
1413354960000,1413355019000,0.87403,0.87424,0.87397,0.87399,72690000,1
1413355020000,1413355079000,0.87402,0.87449,0.87402,0.87447,107300000,1
1413355080000,1413355139000,0.87447,0.87456,0.87435,0.87444,107710000,1
1413355140000,1413355199000,0.87443,0.87454,0.87435,0.87436,92130000,1
1413355200000,1413355259000,0.87436,0.8744,0.87429,0.87432,79370000,1
1413355260000,1413355319000,0.8743,0.87433,0.8743,0.87432,18450000,1
1413355320000,1413355379000,0.87432,0.87432,0.8741,0.87421,84390000,1
1413355380000,1413355439000,0.87421,0.87428,0.8742,0.87425,42790000,1
1413355440000,1413355499000,0.87425,0.87455,0.87425,0.87447,67460000,1
1413355500000,1413355559000,0.87447,0.87461,0.87439,0.87457,70120000,1
1413355560000,1413355619000,0.87457,0.87481,0.87457,0.87474,113610000,1
1413355620000,1413355679000,0.87474,0.87483,0.87464,0.87464,113840000,1
1413355680000,1413355739000,0.87464,0.87498,0.87464,0.87494,157280000,1
1413355740000,1413355799000,0.87495,0.875,0.8748,0.87489,110780000,1
1413355800000,1413355859000,0.87489,0.87498,0.87472,0.87483,115570000,1
1413355860000,1413355919000,0.87478,0.87482,0.87461,0.87468,108580000,1
1413355920000,1413355979000,0.87468,0.87468,0.87427,0.87432,83990000,1
1413355980000,1413356039000,0.8743,0.87447,0.87427,0.87447,95060000,1
1413356040000,1413356099000,0.87447,0.87454,0.87437,0.87447,88080000,1
1413356100000,1413356159000,0.87447,0.87461,0.8744,0.8744,96950000,1
1413356160000,1413356219000,0.87438,0.87452,0.87431,0.87435,120000000,1
1413356220000,1413356279000,0.87435,0.87444,0.87427,0.87427,58790000,1
1413356280000,1413356339000,0.87429,0.87437,0.8741,0.8741,76630000,1
1413356340000,1413356399000,0.8741,0.87426,0.8741,0.87414,93450000,1
1413356400000,1413356459000,0.87416,0.8742,0.87404,0.87411,76160000,1
1413356460000,1413356519000,0.87406,0.87426,0.87405,0.87417,117500000,1
1413356520000,1413356579000,0.87419,0.87425,0.87414,0.87424,56740000,1
1413356580000,1413356639000,0.87424,0.87471,0.87424,0.87471,133260000,1
1413356640000,1413356699000,0.87471,0.87475,0.87419,0.87419,176710000,1
1413356700000,1413356759000,0.87419,0.87435,0.87413,0.87435,86740000,1
1413356760000,1413356819000,0.87435,0.87439,0.87377,0.87377,103800000,1
1413356820000,1413356879000,0.87377,0.87387,0.8737,0.87387,74320000,1
1413356880000,1413356939000,0.87387,0.87387,0.87359,0.87369,118380000,1
1413356940000,1413356999000,0.87369,0.87369,0.87289,0.8733,171150000,1
1413357000000,1413357059000,0.87333,0.87339,0.87325,0.87328,57660000,1
1413357060000,1413357119000,0.87328,0.87337,0.87312,0.87316,104850000,1
1413357120000,1413357179000,0.87313,0.87313,0.87283,0.8729,97440000,1
1413357180000,1413357239000,0.8729,0.87321,0.8729,0.87318,58810000,1
1413357240000,1413357299000,0.8732,0.87326,0.87314,0.87318,62370000,1
1413357300000,1413357359000,0.87318,0.87318,0.8727,0.87272,109690000,1
1413357360000,1413357419000,0.87272,0.87326,0.87272,0.87325,139440000,1
1413357420000,1413357479000,0.87323,0.8735,0.87312,0.87328,87640000,1
1413357480000,1413357539000,0.87327,0.87357,0.87325,0.87357,76660000,1
1413357540000,1413357599000,0.87357,0.87368,0.87343,0.87364,182730000,1
1413357600000,1413357659000,0.87363,0.87387,0.87362,0.87367,133370000,1
1413357660000,1413357719000,0.87367,0.87367,0.87325,0.8735,116230000,1
1413357720000,1413357779000,0.87347,0.87352,0.87337,0.87348,111640000,1
1413357780000,1413357839000,0.87344,0.87349,0.87322,0.87333,125210000,1
1413357840000,1413357899000,0.87333,0.87345,0.87327,0.87345,75800000,1
1413357900000,1413357959000,0.87345,0.87363,0.87336,0.87337,71210000,1
1413357960000,1413358019000,0.87335,0.87346,0.87327,0.87334,71040000,1
1413358020000,1413358079000,0.87335,0.87352,0.87325,0.87351,129350000,1
1413358080000,1413358139000,0.8735,0.87353,0.87328,0.87334,100070000,1
1413358140000,1413358199000,0.87334,0.87347,0.8733,0.87336,78160000,1
1413358200000,1413358259000,0.87336,0.87336,0.87307,0.87307,85230000,1
1413358260000,1413358319000,0.87307,0.87317,0.87294,0.87301,173670000,1
1413358320000,1413358379000,0.87299,0.87314,0.87289,0.87314,136680000,1
1413358380000,1413358439000,0.87313,0.87315,0.87301,0.87307,95160000,1
1413358440000,1413358499000,0.87307,0.87317,0.87301,0.87301,61800000,1
1413358500000,1413358559000,0.87298,0.87303,0.87263,0.87267,147210000,1
1413358560000,1413358619000,0.87267,0.87268,0.87233,0.87257,143670000,1
1413358620000,1413358679000,0.87256,0.8727,0.8725,0.87253,88960000,1
1413358680000,1413358739000,0.87252,0.87254,0.87237,0.87245,102130000,1
1413358740000,1413358799000,0.87243,0.87268,0.87243,0.87265,107160000,1
1413358800000,1413358859000,0.87267,0.87292,0.87267,0.87288,96380000,1
1413358860000,1413358919000,0.87289,0.87319,0.87289,0.87311,114210000,1
1413358920000,1413358979000,0.87311,0.87324,0.87299,0.87321,94270000,1
1413358980000,1413359039000,0.87321,0.87321,0.873,0.87307,99010000,1
1413359040000,1413359099000,0.87307,0.87322,0.87306,0.87313,172370000,1
1413359100000,1413359159000,0.87314,0.87324,0.87297,0.87307,83940000,1
1413359160000,1413359219000,0.87308,0.87309,0.87292,0.87298,86150000,1
1413359220000,1413359279000,0.87298,0.87322,0.87298,0.87318,85450000,1
1413359280000,1413359339000,0.87318,0.87319,0.87301,0.8731,119810000,1
1413359340000,1413359399000,0.87311,0.87315,0.87298,0.87313,121160000,1
1413359400000,1413359459000,0.87313,0.87338,0.87313,0.87333,103690000,1
1413359460000,1413359519000,0.87333,0.8737,0.87331,0.87359,84900000,1
1413359520000,1413359579000,0.87359,0.87371,0.87346,0.87347,92170000,1
1413359580000,1413359639000,0.87346,0.87346,0.87334,0.87337,83790000,1
1413359640000,1413359699000,0.87337,0.87347,0.8733,0.87346,96140000,1
1413359700000,1413359759000,0.87346,0.8735,0.87338,0.87346,88010000,1
1413359760000,1413359819000,0.87346,0.87347,0.87337,0.87337,74330000,1
1413359820000,1413359879000,0.87337,0.87338,0.87299,0.87299,111250000,1
1413359880000,1413359939000,0.87299,0.87299,0.87267,0.87267,112380000,1
1413359940000,1413359999000,0.87268,0.87278,0.87266,0.87276,42990000,1
1413360000000,1413360059000,0.87276,0.87276,0.87241,0.87241,113330000,1
1413360060000,1413360119000,0.87241,0.87251,0.87231,0.87231,116840000,1
1413360120000,1413360179000,0.8723,0.87278,0.8722,0.87241,175500000,1
1413360180000,1413360239000,0.87247,0.87257,0.87238,0.87241,112950000,1
1413360240000,1413360299000,0.87243,0.87254,0.87243,0.87248,72520000,1
1413360300000,1413360359000,0.87248,0.87259,0.8724,0.8725,111870000,1
1413360360000,1413360419000,0.8725,0.8725,0.87211,0.87211,80600000,1
1413360420000,1413360479000,0.87211,0.87211,0.87186,0.87187,135030000,1
1413360480000,1413360539000,0.8719,0.87207,0.87181,0.87186,97080000,1
1413360540000,1413360599000,0.87186,0.87197,0.87186,0.87195,106230000,1
1413360600000,1413360659000,0.87196,0.8721,0.87192,0.8721,85330000,1
1413360660000,1413360719000,0.8721,0.87221,0.87209,0.87221,78550000,1
1413360720000,1413360779000,0.87221,0.87222,0.87186,0.87186,116270000,1
1413360780000,1413360839000,0.87186,0.87201,0.87184,0.87187,88980000,1
1413360840000,1413360899000,0.87187,0.87196,0.87183,0.87196,63100000,1
1413360900000,1413360959000,0.87194,0.87197,0.87177,0.87197,74400000,1
1413360960000,1413361019000,0.87195,0.87195,0.87177,0.87189,51620000,1
1413361020000,1413361079000,0.87189,0.87194,0.8718,0.87183,53530000,1
1413361080000,1413361139000,0.87182,0.87197,0.87176,0.87195,119490000,1
1413361140000,1413361199000,0.87195,0.87209,0.87195,0.87207,51350000,1
1413361200000,1413361259000,0.87207,0.87223,0.87197,0.87199,111240000,1
1413361260000,1413361319000,0.87201,0.87235,0.87198,0.87231,122860000,1
1413361320000,1413361379000,0.8723,0.8723,0.87217,0.87223,107640000,1
1413361380000,1413361439000,0.87223,0.87243,0.87218,0.87241,118810000,1
1413361440000,1413361499000,0.87241,0.8727,0.87238,0.87269,153620000,1
1413361500000,1413361559000,0.87267,0.87271,0.8726,0.87269,92310000,1
1413361560000,1413361619000,0.87269,0.87283,0.87268,0.8728,65430000,1
1413361620000,1413361679000,0.87278,0.87278,0.87256,0.87256,70450000,1
1413361680000,1413361739000,0.87255,0.87288,0.87253,0.87286,68200000,1
1413361740000,1413361799000,0.87288,0.87293,0.87274,0.87274,60110000,1
1413361800000,1413361859000,0.87279,0.87279,0.87225,0.87225,106200000,1
1413361860000,1413361919000,0.87225,0.87247,0.87214,0.87224,138060000,1
1413361920000,1413361979000,0.87221,0.87248,0.87219,0.87234,165870000,1
1413361980000,1413362039000,0.87236,0.87246,0.87229,0.87242,65370000,1
1413362040000,1413362099000,0.87242,0.87259,0.87232,0.87258,78720000,1
1413362100000,1413362159000,0.87261,0.87291,0.87259,0.87273,126730000,1
1413362160000,1413362219000,0.87274,0.87283,0.8727,0.8727,77110000,1
1413362220000,1413362279000,0.8727,0.87283,0.87268,0.8728,42820000,1
1413362280000,1413362339000,0.87279,0.87288,0.87278,0.87278,44860000,1
1413362340000,1413362399000,0.87275,0.87275,0.8724,0.87247,93750000,1
1413362400000,1413362459000,0.87247,0.87253,0.87232,0.87247,99360000,1
1413362460000,1413362519000,0.87248,0.87292,0.87248,0.87292,117060000,1
1413362520000,1413362579000,0.87292,0.87292,0.87253,0.87254,147240000,1
1413362580000,1413362639000,0.87254,0.87268,0.87245,0.87266,89230000,1
1413362640000,1413362699000,0.87266,0.87288,0.87266,0.87281,93100000,1
1413362700000,1413362759000,0.87281,0.87285,0.87262,0.87277,98260000,1
1413362760000,1413362819000,0.87277,0.87277,0.87241,0.87264,80970000,1
1413362820000,1413362879000,0.87262,0.87271,0.87239,0.87239,94050000,1
1413362880000,1413362939000,0.87241,0.87251,0.87241,0.87248,60710000,1
1413362940000,1413362999000,0.87249,0.87249,0.87232,0.8724,39370000,1
1413363000000,1413363059000,0.8724,0.87259,0.8724,0.87249,91860000,1
1413363060000,1413363119000,0.87249,0.87249,0.8723,0.87236,78800000,1
1413363120000,1413363179000,0.87235,0.87235,0.8722,0.87235,85750000,1
1413363180000,1413363239000,0.87234,0.87237,0.87221,0.87237,56120000,1
1413363240000,1413363299000,0.87237,0.87238,0.87227,0.87238,44210000,1
1413363300000,1413363359000,0.87238,0.87238,0.87217,0.87217,88960000,1
1413363360000,1413363419000,0.87217,0.87236,0.87217,0.87235,47300000,1
1413363420000,1413363479000,0.87236,0.87243,0.87231,0.87231,42570000,1
1413363480000,1413363539000,0.87233,0.87241,0.87231,0.87234,48800000,1
1413363540000,1413363599000,0.87233,0.87245,0.87227,0.87242,74730000,1
1413363600000,1413363659000,0.8724,0.8724,0.87214,0.87216,86520000,1
1413363660000,1413363719000,0.87216,0.87226,0.87207,0.87217,76030000,1
1413363720000,1413363779000,0.87217,0.87217,0.87144,0.87157,108980000,1
1413363780000,1413363839000,0.87157,0.87186,0.8715,0.87177,86180000,1
1413363840000,1413363899000,0.87178,0.87193,0.87167,0.87177,116410000,1
1413363900000,1413363959000,0.87178,0.87188,0.87178,0.87179,71520000,1
1413363960000,1413364019000,0.87178,0.87192,0.87158,0.8719,70960000,1
1413364020000,1413364079000,0.8719,0.87207,0.87182,0.87198,90070000,1
1413364080000,1413364139000,0.87198,0.87212,0.87194,0.87208,67330000,1
1413364140000,1413364199000,0.87207,0.87275,0.87207,0.87267,156550000,1
1413364200000,1413364259000,0.87267,0.87267,0.87239,0.87246,114850000,1
1413364260000,1413364319000,0.87246,0.87269,0.87239,0.87263,65720000,1
1413364320000,1413364379000,0.87259,0.87274,0.87251,0.87274,69070000,1
1413364380000,1413364439000,0.87274,0.87315,0.87272,0.87309,109410000,1
1413364440000,1413364499000,0.8731,0.8732,0.87295,0.87295,61480000,1
1413364500000,1413364559000,0.87295,0.87301,0.87277,0.87282,137020000,1
1413364560000,1413364619000,0.87273,0.87287,0.8727,0.87272,110290000,1
1413364620000,1413364679000,0.87273,0.87306,0.87267,0.87303,62280000,1
1413364680000,1413364739000,0.87303,0.87306,0.87293,0.873,37220000,1
1413364740000,1413364799000,0.87306,0.87323,0.87306,0.87319,49500000,1
1413364800000,1413364859000,0.87318,0.87318,0.87264,0.87265,46870000,1
1413364860000,1413364919000,0.87267,0.87278,0.87267,0.87273,27670000,1
1413364920000,1413364979000,0.87273,0.87273,0.8726,0.87272,78720000,1
1413364980000,1413365039000,0.87272,0.87273,0.87265,0.87271,67020000,1
1413365040000,1413365099000,0.87271,0.87283,0.87262,0.87278,58060000,1
1413365100000,1413365159000,0.87278,0.87297,0.87275,0.87294,39430000,1
1413365160000,1413365219000,0.87292,0.87301,0.87288,0.87295,56640000,1
1413365220000,1413365279000,0.87295,0.87298,0.87287,0.87297,52950000,1
1413365280000,1413365339000,0.87297,0.87297,0.87287,0.87294,38030000,1
1413365340000,1413365399000,0.87296,0.87296,0.87281,0.87284,36750000,1
1413365400000,1413365459000,0.87284,0.87284,0.87267,0.87267,36630000,1
1413365460000,1413365519000,0.87267,0.87267,0.87257,0.87262,73230000,1
1413365520000,1413365579000,0.87262,0.87276,0.87259,0.87259,80480000,1
1413365580000,1413365639000,0.8726,0.87267,0.8726,0.87265,33500000,1
1413365640000,1413365699000,0.87264,0.87268,0.87259,0.87261,41440000,1
1413365700000,1413365759000,0.87261,0.87261,0.87198,0.872,79340000,1
1413365760000,1413365819000,0.87202,0.87214,0.87192,0.87192,78560000,1
1413365820000,1413365879000,0.87189,0.87227,0.87188,0.87227,76500000,1
1413365880000,1413365939000,0.87228,0.87238,0.87227,0.87232,86590000,1
1413365940000,1413365999000,0.8723,0.8723,0.87206,0.87208,49670000,1
1413366000000,1413366059000,0.87208,0.87236,0.87207,0.87236,87960000,1
1413366060000,1413366119000,0.87236,0.87236,0.87213,0.87234,85910000,1
1413366120000,1413366179000,0.87235,0.87238,0.87227,0.8723,108200000,1
1413366180000,1413366239000,0.8723,0.87239,0.87216,0.87216,81640000,1
1413366240000,1413366299000,0.87218,0.87224,0.87213,0.87213,44200000,1
1413366300000,1413366359000,0.87213,0.87213,0.8717,0.87179,61890000,1
1413366360000,1413366419000,0.87179,0.87183,0.87165,0.87168,84740000,1
1413366420000,1413366479000,0.87168,0.8719,0.87168,0.8718,35290000,1
1413366480000,1413366539000,0.8718,0.8718,0.87137,0.87148,105800000,1
1413366540000,1413366599000,0.87149,0.87156,0.87147,0.8715,91470000,1
1413366600000,1413366659000,0.87148,0.87148,0.87124,0.87137,58820000,1
1413366660000,1413366719000,0.87136,0.87149,0.87125,0.8713,70910000,1
1413366720000,1413366779000,0.8713,0.87148,0.87125,0.87133,137180000,1
1413366780000,1413366839000,0.87134,0.87148,0.87134,0.87147,70330000,1
1413366840000,1413366899000,0.87145,0.87147,0.87111,0.87135,131760000,1
1413366900000,1413366959000,0.87136,0.87147,0.87091,0.87091,131220000,1
1413366960000,1413367019000,0.87089,0.87103,0.87036,0.87099,225310000,1
1413367020000,1413367079000,0.87099,0.87129,0.87099,0.87111,117030000,1
1413367080000,1413367139000,0.8711,0.87122,0.87098,0.87102,146830000,1
1413367140000,1413367199000,0.87102,0.87121,0.87098,0.87121,98410000,1
1413367200000,1413367259000,0.87124,0.87125,0.87117,0.87117,110920000,1
1413367260000,1413367319000,0.87118,0.8714,0.87118,0.87131,102520000,1
1413367320000,1413367379000,0.87129,0.87145,0.87128,0.87145,53880000,1
1413367380000,1413367439000,0.87143,0.87171,0.87143,0.8717,140790000,1
1413367440000,1413367499000,0.87171,0.87171,0.87157,0.87163,63530000,1
1413367500000,1413367559000,0.87163,0.87166,0.87142,0.87151,113620000,1
1413367560000,1413367619000,0.8715,0.87158,0.87147,0.87157,90740000,1
1413367620000,1413367679000,0.87157,0.87198,0.87157,0.87191,100570000,1
1413367680000,1413367739000,0.87191,0.87191,0.87169,0.87174,77660000,1
1413367740000,1413367799000,0.87174,0.87193,0.8717,0.8719,59870000,1
1413367800000,1413367859000,0.87192,0.87192,0.87187,0.87187,31290000,1
1413367860000,1413367919000,0.87187,0.87187,0.87168,0.87187,56110000,1
1413367920000,1413367979000,0.87187,0.87194,0.87187,0.87192,51690000,1
1413367980000,1413368039000,0.87196,0.87221,0.87195,0.87213,169380000,1
1413368040000,1413368099000,0.87213,0.87213,0.87195,0.87207,80880000,1
1413368100000,1413368159000,0.87207,0.8721,0.872,0.87207,41680000,1
1413368160000,1413368219000,0.87207,0.8722,0.87207,0.87207,61270000,1
1413368220000,1413368279000,0.87205,0.87215,0.87199,0.87209,95590000,1
1413368280000,1413368339000,0.87209,0.87221,0.87202,0.87206,45640000,1
1413368340000,1413368399000,0.87206,0.87212,0.87206,0.87207,22910000,1
1413368400000,1413368459000,0.87207,0.87224,0.87207,0.87223,71020000,1
1413368460000,1413368519000,0.87222,0.8724,0.87222,0.87238,41380000,1
1413368520000,1413368579000,0.87238,0.87279,0.87238,0.87268,122520000,1
1413368580000,1413368639000,0.87268,0.87281,0.87259,0.87277,67760000,1
1413368640000,1413368699000,0.87277,0.87277,0.87248,0.87259,110700000,1
1413368700000,1413368759000,0.87258,0.87276,0.87258,0.8727,51500000,1
1413368760000,1413368819000,0.8727,0.8727,0.87257,0.87258,51980000,1
1413368820000,1413368879000,0.87258,0.87267,0.87249,0.87255,49920000,1
1413368880000,1413368939000,0.87255,0.87255,0.87247,0.87249,41010000,1
1413368940000,1413368999000,0.87249,0.87249,0.8724,0.87246,57160000,1
1413369000000,1413369059000,0.87246,0.87247,0.87238,0.87238,46280000,1
1413369060000,1413369119000,0.87241,0.87243,0.87233,0.87243,147530000,1
1413369120000,1413369179000,0.87243,0.87262,0.87243,0.87256,64360000,1
1413369180000,1413369239000,0.87256,0.87256,0.87241,0.87244,88880000,1
1413369240000,1413369299000,0.87243,0.87246,0.87235,0.87246,107860000,1
1413369300000,1413369359000,0.87246,0.8725,0.87238,0.87242,25520000,1
1413369360000,1413369419000,0.87241,0.87242,0.87224,0.87227,115250000,1
1413369420000,1413369479000,0.87227,0.87227,0.87217,0.87217,22210000,1
1413369480000,1413369539000,0.87217,0.87229,0.87214,0.87228,28420000,1
1413369540000,1413369599000,0.87226,0.87226,0.8719,0.87191,72250000,1
1413369600000,1413369659000,0.87191,0.87199,0.8719,0.87197,21810000,1
1413369660000,1413369719000,0.87197,0.87208,0.87197,0.87197,38190000,1
1413369720000,1413369779000,0.87196,0.87196,0.8719,0.87194,30590000,1
1413369780000,1413369839000,0.87194,0.87198,0.87187,0.87188,43410000,1
1413369840000,1413369899000,0.87188,0.87189,0.87179,0.87179,32940000,1
1413369900000,1413369959000,0.87179,0.87186,0.87168,0.8717,80970000,1
1413369960000,1413370019000,0.8717,0.87187,0.8717,0.87187,58390000,1
1413370020000,1413370079000,0.87187,0.87198,0.87186,0.87197,39700000,1
1413370080000,1413370139000,0.87197,0.87226,0.87197,0.87216,91920000,1
1413370140000,1413370199000,0.87216,0.87243,0.87216,0.87227,83080000,1
1413370200000,1413370259000,0.87227,0.87227,0.87217,0.8722,35020000,1
1413370260000,1413370319000,0.8722,0.87227,0.8721,0.87221,42180000,1
1413370320000,1413370379000,0.87221,0.87221,0.87208,0.87208,26920000,1
1413370380000,1413370439000,0.87208,0.87213,0.87201,0.87208,39440000,1
1413370440000,1413370499000,0.8721,0.87213,0.87192,0.8721,41920000,1
1413370500000,1413370559000,0.87209,0.87221,0.87206,0.87216,66750000,1
1413370560000,1413370619000,0.87215,0.87227,0.87207,0.87208,55240000,1
1413370620000,1413370679000,0.87209,0.87241,0.87209,0.8723,54790000,1
1413370680000,1413370739000,0.87232,0.87238,0.87228,0.87235,67910000,1
1413370740000,1413370799000,0.87235,0.87235,0.87224,0.87231,104860000,1
1413370800000,1413370859000,0.87232,0.87257,0.87231,0.87248,78750000,1
1413370860000,1413370919000,0.87247,0.87257,0.87247,0.87257,28080000,1
1413370920000,1413370979000,0.87257,0.87257,0.87237,0.87238,64640000,1
1413370980000,1413371039000,0.87241,0.87253,0.87237,0.87249,55480000,1
1413371040000,1413371099000,0.87249,0.87249,0.87227,0.8723,62630000,1
1413371100000,1413371159000,0.8723,0.87256,0.8723,0.87247,69300000,1
1413371160000,1413371219000,0.87247,0.87261,0.87246,0.8726,82360000,1
1413371220000,1413371279000,0.8726,0.8726,0.87249,0.87256,36110000,1
1413371280000,1413371339000,0.87256,0.87256,0.87247,0.87247,67270000,1
1413371340000,1413371399000,0.87247,0.87247,0.87238,0.87241,30160000,1
1413371400000,1413371459000,0.87241,0.87246,0.87238,0.87245,27590000,1
1413371460000,1413371519000,0.87246,0.87247,0.87229,0.87238,78530000,1
1413371520000,1413371579000,0.8724,0.8724,0.87237,0.87237,33360000,1
1413371580000,1413371639000,0.87237,0.8724,0.87215,0.87217,64860000,1
1413371640000,1413371699000,0.87217,0.87224,0.87207,0.8722,56840000,1
1413371700000,1413371759000,0.87219,0.87231,0.87211,0.87227,57300000,1
1413371760000,1413371819000,0.87227,0.87238,0.87217,0.87227,83170000,1
1413371820000,1413371879000,0.87228,0.8723,0.87217,0.87229,107520000,1
1413371880000,1413371939000,0.8723,0.8723,0.87205,0.87206,93760000,1
1413371940000,1413371999000,0.87205,0.87211,0.87191,0.87206,170140000,1
1413372000000,1413372059000,0.87207,0.87217,0.87197,0.87203,78910000,1
1413372060000,1413372119000,0.87205,0.87217,0.87197,0.87208,88660000,1
1413372120000,1413372179000,0.87209,0.87231,0.87198,0.87206,95020000,1
1413372180000,1413372239000,0.87206,0.8722,0.87204,0.87209,42770000,1
1413372240000,1413372299000,0.87209,0.87223,0.87209,0.87221,40910000,1
1413372300000,1413372359000,0.87221,0.8723,0.87211,0.8723,51220000,1
1413372360000,1413372419000,0.87229,0.87249,0.87226,0.87248,68350000,1
1413372420000,1413372479000,0.8725,0.87254,0.87212,0.87229,134070000,1
1413372480000,1413372539000,0.87229,0.87229,0.87201,0.87201,154040000,1
1413372540000,1413372599000,0.87202,0.87218,0.87198,0.87198,107020000,1
1413372600000,1413372659000,0.87198,0.87208,0.87197,0.87207,30920000,1
1413372660000,1413372719000,0.87209,0.87217,0.87175,0.87179,74350000,1
1413372720000,1413372779000,0.87183,0.87186,0.87167,0.87178,104500000,1
1413372780000,1413372839000,0.87178,0.87191,0.87176,0.87191,64250000,1
1413372840000,1413372899000,0.87189,0.87195,0.87166,0.8717,82120000,1
1413372900000,1413372959000,0.87169,0.87176,0.87169,0.87176,56150000,1
1413372960000,1413373019000,0.87175,0.8719,0.87168,0.8719,61550000,1
1413373020000,1413373079000,0.8719,0.8719,0.87158,0.87178,107880000,1
1413373080000,1413373139000,0.87178,0.87193,0.87176,0.8719,110750000,1
1413373140000,1413373199000,0.8719,0.87196,0.87158,0.87158,84670000,1
1413373200000,1413373259000,0.87158,0.8716,0.87122,0.87128,108840000,1
1413373260000,1413373319000,0.8713,0.87148,0.87122,0.87144,119730000,1
1413373320000,1413373379000,0.87144,0.87171,0.8714,0.87158,113760000,1
1413373380000,1413373439000,0.8716,0.87162,0.8715,0.87152,43200000,1
1413373440000,1413373499000,0.8715,0.87158,0.87131,0.87158,110390000,1
1413373500000,1413373559000,0.8716,0.87189,0.87156,0.87187,116970000,1
1413373560000,1413373619000,0.87189,0.87189,0.87169,0.87182,118920000,1
1413373620000,1413373679000,0.87181,0.87194,0.87172,0.87192,84000000,1
1413373680000,1413373739000,0.8719,0.872,0.87183,0.872,65620000,1
1413373740000,1413373799000,0.87202,0.87205,0.8719,0.872,47110000,1
1413373800000,1413373859000,0.87201,0.8725,0.872,0.87242,119920000,1
1413373860000,1413373919000,0.87243,0.87258,0.8722,0.87254,90450000,1
1413373920000,1413373979000,0.87255,0.87262,0.87246,0.87248,126140000,1
1413373980000,1413374039000,0.87248,0.87252,0.87238,0.87252,64990000,1
1413374040000,1413374099000,0.87251,0.87264,0.87242,0.87242,101370000,1
1413374100000,1413374159000,0.87241,0.87244,0.87231,0.87232,72780000,1
1413374160000,1413374219000,0.8723,0.8723,0.87207,0.87209,91570000,1
1413374220000,1413374279000,0.8721,0.8723,0.87208,0.87229,55400000,1
1413374280000,1413374339000,0.87229,0.8725,0.87223,0.87239,75760000,1
1413374340000,1413374399000,0.87243,0.87252,0.8723,0.87232,70170000,1
1413374400000,1413374459000,0.87233,0.87235,0.8722,0.87229,87290000,1
1413374460000,1413374519000,0.87229,0.87229,0.87222,0.87228,49490000,1
1413374520000,1413374579000,0.87228,0.8723,0.87222,0.87222,45630000,1
1413374580000,1413374639000,0.87222,0.8723,0.87213,0.8723,88830000,1
1413374640000,1413374699000,0.8723,0.8723,0.87202,0.8722,82720000,1
1413374700000,1413374759000,0.87221,0.87233,0.87221,0.87233,68820000,1
1413374760000,1413374819000,0.87242,0.87242,0.8723,0.8723,77940000,1
1413374820000,1413374879000,0.87229,0.87229,0.87208,0.87218,84200000,1
1413374880000,1413374939000,0.87217,0.87222,0.87201,0.87208,67780000,1
1413374940000,1413374999000,0.87208,0.87222,0.87203,0.8722,62100000,1
1413375000000,1413375059000,0.8722,0.87221,0.87211,0.87221,48190000,1
1413375060000,1413375119000,0.8722,0.87224,0.87207,0.87208,61830000,1
1413375120000,1413375179000,0.87208,0.8721,0.87183,0.87184,93340000,1
1413375180000,1413375239000,0.87184,0.87189,0.87176,0.87179,72420000,1
1413375240000,1413375299000,0.87182,0.87185,0.87167,0.87182,104230000,1
1413375300000,1413375359000,0.87182,0.87214,0.8718,0.87209,135140000,1
1413375360000,1413375419000,0.87209,0.87213,0.872,0.87211,99850000,1
1413375420000,1413375479000,0.8721,0.87223,0.8721,0.87212,62210000,1
1413375480000,1413375539000,0.87211,0.8722,0.87198,0.87211,94380000,1
1413375540000,1413375599000,0.87211,0.87221,0.87202,0.87221,86820000,1
1413375600000,1413375659000,0.8722,0.87233,0.87211,0.87231,121700000,1
1413375660000,1413375719000,0.87232,0.87265,0.8723,0.87263,91740000,1
1413375720000,1413375779000,0.87264,0.87271,0.8725,0.87259,94950000,1
1413375780000,1413375839000,0.87261,0.8727,0.87261,0.87268,43000000,1
1413375840000,1413375899000,0.87269,0.87275,0.87262,0.8727,96850000,1
1413375900000,1413375959000,0.87271,0.87273,0.87267,0.87269,79670000,1
1413375960000,1413376019000,0.87269,0.87287,0.87269,0.87272,89780000,1
1413376020000,1413376079000,0.87273,0.87273,0.87262,0.87268,60840000,1
1413376080000,1413376139000,0.87268,0.87269,0.87256,0.87256,55340000,1
1413376140000,1413376199000,0.87257,0.8726,0.87242,0.87242,155490000,1
1413376200000,1413376259000,0.87242,0.87437,0.87242,0.8741,390980000,1
1413376260000,1413376319000,0.87405,0.87416,0.87345,0.8739,287770000,1
1413376320000,1413376379000,0.8739,0.87407,0.87379,0.87394,171240000,1
1413376380000,1413376439000,0.87395,0.87442,0.87395,0.8743,246410000,1
1413376440000,1413376499000,0.8743,0.87438,0.87391,0.87437,207820000,1
1413376500000,1413376559000,0.87437,0.8745,0.87423,0.87434,175870000,1
1413376560000,1413376619000,0.87434,0.87578,0.87434,0.8756,349460000,1
1413376620000,1413376679000,0.87562,0.87621,0.87537,0.87621,229410000,1
1413376680000,1413376739000,0.87623,0.87626,0.87558,0.87592,204900000,1
1413376740000,1413376799000,0.87587,0.87591,0.8756,0.8756,165150000,1
1413376800000,1413376859000,0.87561,0.8757,0.87537,0.87551,174900000,1
1413376860000,1413376919000,0.87552,0.87556,0.8754,0.87555,119190000,1
1413376920000,1413376979000,0.87557,0.8764,0.87557,0.876,209640000,1
1413376980000,1413377039000,0.876,0.876,0.87543,0.87543,137310000,1
1413377040000,1413377099000,0.87546,0.87569,0.87542,0.87558,169900000,1
1413377100000,1413377159000,0.87557,0.87618,0.87557,0.87613,205160000,1
1413377160000,1413377219000,0.87615,0.87662,0.87614,0.87633,231300000,1
1413377220000,1413377279000,0.87633,0.87684,0.87622,0.8768,221060000,1
1413377280000,1413377339000,0.87683,0.87725,0.87672,0.8772,285640000,1
1413377340000,1413377399000,0.8772,0.87731,0.877,0.8771,205780000,1
1413377400000,1413377459000,0.87712,0.8776,0.87705,0.8776,173330000,1
1413377460000,1413377519000,0.87762,0.87787,0.87746,0.87781,191560000,1
1413377520000,1413377579000,0.87781,0.87854,0.87773,0.87817,257520000,1
1413377580000,1413377639000,0.87818,0.8786,0.87818,0.8784,261440000,1
1413377640000,1413377699000,0.87841,0.87846,0.87782,0.87787,226010000,1
1413377700000,1413377759000,0.87787,0.87792,0.87752,0.87757,197230000,1
1413377760000,1413377819000,0.87758,0.87762,0.87722,0.87743,153260000,1
1413377820000,1413377879000,0.87744,0.87752,0.87714,0.87717,139450000,1
1413377880000,1413377939000,0.87717,0.87748,0.87708,0.87714,170960000,1
1413377940000,1413377999000,0.87712,0.87724,0.87682,0.87701,187410000,1
1413378000000,1413378059000,0.87705,0.87711,0.87684,0.87688,165920000,1
1413378060000,1413378119000,0.87689,0.87726,0.87682,0.87725,157590000,1
1413378120000,1413378179000,0.87724,0.87745,0.87721,0.87736,168890000,1
1413378180000,1413378239000,0.87737,0.87788,0.87737,0.87772,240450000,1
1413378240000,1413378299000,0.87771,0.87771,0.87702,0.87737,154850000,1
1413378300000,1413378359000,0.87736,0.87752,0.87732,0.87742,154080000,1
1413378360000,1413378419000,0.87742,0.8775,0.87722,0.87747,120380000,1
1413378420000,1413378479000,0.87747,0.87747,0.87719,0.87719,167560000,1
1413378480000,1413378539000,0.87719,0.87722,0.87684,0.87688,140160000,1
1413378540000,1413378599000,0.87687,0.87702,0.87663,0.87702,155930000,1
1413378600000,1413378659000,0.87704,0.87729,0.87683,0.87728,174760000,1
1413378660000,1413378719000,0.87728,0.87736,0.87694,0.87701,128840000,1
1413378720000,1413378779000,0.87696,0.87741,0.87694,0.87733,77740000,1
1413378780000,1413378839000,0.87736,0.8776,0.87734,0.87749,83620000,1
1413378840000,1413378899000,0.87749,0.87785,0.87749,0.87773,158150000,1
1413378900000,1413378959000,0.87773,0.87794,0.87759,0.87794,111490000,1
1413378960000,1413379019000,0.87794,0.87862,0.87793,0.87854,210850000,1
1413379020000,1413379079000,0.87853,0.87886,0.87843,0.87877,221260000,1
1413379080000,1413379139000,0.87876,0.87883,0.87831,0.87835,160850000,1
1413379140000,1413379199000,0.87834,0.87863,0.8782,0.87861,148200000,1
1413379200000,1413379259000,0.87862,0.8788,0.87843,0.87844,127470000,1
1413379260000,1413379319000,0.87843,0.87853,0.87805,0.87805,143230000,1
1413379320000,1413379379000,0.87804,0.87837,0.87804,0.87807,154440000,1
1413379380000,1413379439000,0.87808,0.87872,0.87808,0.87872,164920000,1
1413379440000,1413379499000,0.87871,0.87889,0.87837,0.87887,172180000,1
1413379500000,1413379559000,0.87886,0.87909,0.87858,0.87862,185730000,1
1413379560000,1413379619000,0.87862,0.87874,0.87843,0.87868,176690000,1
1413379620000,1413379679000,0.87869,0.88036,0.87865,0.87995,229310000,1
1413379680000,1413379739000,0.87993,0.87993,0.87954,0.8799,235230000,1
1413379740000,1413379799000,0.87991,0.88063,0.87989,0.88042,275110000,1
1413379800000,1413379859000,0.88041,0.88099,0.88032,0.88083,258650000,1
1413379860000,1413379919000,0.88083,0.88129,0.88068,0.88072,232260000,1
1413379920000,1413379979000,0.88072,0.88191,0.88068,0.88191,187900000,1
1413379980000,1413380039000,0.88189,0.88257,0.8817,0.88248,294300000,1
1413380040000,1413380099000,0.88249,0.88254,0.88199,0.88254,347230000,1
1413380100000,1413380159000,0.88252,0.88252,0.88186,0.88188,260410000,1
1413380160000,1413380219000,0.88188,0.88288,0.88177,0.88273,265010000,1
1413380220000,1413380279000,0.88275,0.88322,0.88261,0.8831,340150000,1
1413380280000,1413380339000,0.88311,0.88362,0.883,0.8832,286200000,1
1413380340000,1413380399000,0.88319,0.88442,0.88313,0.88431,415660000,1
1413380400000,1413380459000,0.8843,0.88599,0.88423,0.88528,473990000,1
1413380460000,1413380519000,0.88518,0.88519,0.88412,0.88429,285120000,1
1413380520000,1413380579000,0.88426,0.88447,0.88296,0.88296,400170000,1
1413380580000,1413380639000,0.88283,0.88329,0.88173,0.88203,343180000,1
1413380640000,1413380699000,0.88193,0.88208,0.88125,0.8816,383270000,1
1413380700000,1413380759000,0.88163,0.88236,0.88163,0.88217,354420000,1
1413380760000,1413380819000,0.88213,0.8829,0.88172,0.88172,376230000,1
1413380820000,1413380879000,0.88172,0.88181,0.88064,0.88064,341700000,1
1413380880000,1413380939000,0.88062,0.88062,0.87973,0.88032,364980000,1
1413380940000,1413380999000,0.88032,0.88032,0.87933,0.87943,350040000,1
1413381000000,1413381059000,0.87943,0.88015,0.87915,0.87985,399010000,1
1413381060000,1413381119000,0.87985,0.88048,0.87973,0.88032,255400000,1
1413381120000,1413381179000,0.8804,0.88117,0.88035,0.88088,217030000,1
1413381180000,1413381239000,0.88102,0.88144,0.88052,0.88052,255030000,1
1413381240000,1413381299000,0.88052,0.88099,0.8803,0.88098,336670000,1
1413381300000,1413381359000,0.88097,0.88116,0.87999,0.88028,349240000,1
1413381360000,1413381419000,0.88027,0.88141,0.88027,0.88134,179420000,1
1413381420000,1413381479000,0.88135,0.88143,0.8802,0.8805,251120000,1
1413381480000,1413381539000,0.8805,0.88088,0.88021,0.88088,188030000,1
1413381540000,1413381599000,0.88085,0.88086,0.87948,0.88004,297820000,1
1413381600000,1413381659000,0.88007,0.88057,0.87994,0.88005,350870000,1
1413381660000,1413381719000,0.88003,0.88021,0.87923,0.87931,375900000,1
1413381720000,1413381779000,0.87931,0.87961,0.87827,0.87848,400590000,1
1413381780000,1413381839000,0.8785,0.87883,0.87783,0.8779,378280000,1
1413381840000,1413381899000,0.8779,0.87847,0.87784,0.87818,371370000,1
1413381900000,1413381959000,0.8782,0.87873,0.87812,0.87827,357960000,1
1413381960000,1413382019000,0.87826,0.87833,0.8779,0.87831,251880000,1
1413382020000,1413382079000,0.87827,0.87833,0.87784,0.87819,224270000,1
1413382080000,1413382139000,0.87818,0.87841,0.87793,0.87797,252260000,1
1413382140000,1413382199000,0.87795,0.8783,0.87791,0.87826,288500000,1
1413382200000,1413382259000,0.87824,0.8785,0.87812,0.87815,220490000,1
1413382260000,1413382319000,0.87813,0.8793,0.87813,0.87892,267820000,1
1413382320000,1413382379000,0.8789,0.8791,0.87867,0.87909,164810000,1
1413382380000,1413382439000,0.87909,0.87922,0.87872,0.87872,182240000,1
1413382440000,1413382499000,0.87872,0.87901,0.87851,0.87872,162910000,1
1413382500000,1413382559000,0.87875,0.87878,0.87797,0.87811,231190000,1
1413382560000,1413382619000,0.87811,0.8784,0.87802,0.8784,173850000,1
1413382620000,1413382679000,0.87841,0.87955,0.87833,0.87917,260270000,1
1413382680000,1413382739000,0.87921,0.88008,0.87915,0.88,283940000,1
1413382740000,1413382799000,0.87997,0.88051,0.87981,0.88026,272040000,1
1413382800000,1413382859000,0.88026,0.8803,0.8797,0.87979,242710000,1
1413382860000,1413382919000,0.87982,0.88046,0.87964,0.8803,210320000,1
1413382920000,1413382979000,0.88032,0.88032,0.87981,0.88011,301360000,1
1413382980000,1413383039000,0.88007,0.88011,0.87863,0.87869,226530000,1
1413383040000,1413383099000,0.87863,0.87967,0.87858,0.87884,366090000,1
1413383100000,1413383159000,0.87883,0.8789,0.87845,0.87882,259240000,1
1413383160000,1413383219000,0.87881,0.87881,0.87826,0.87837,210620000,1
1413383220000,1413383279000,0.87837,0.87848,0.87792,0.87806,200940000,1
1413383280000,1413383339000,0.87807,0.87823,0.8778,0.87815,208170000,1
1413383340000,1413383399000,0.87814,0.87859,0.87813,0.87834,187440000,1
1413383400000,1413383459000,0.87835,0.87871,0.8783,0.8785,222060000,1
1413383460000,1413383519000,0.87849,0.87857,0.87814,0.87857,239980000,1
1413383520000,1413383579000,0.87859,0.87888,0.87832,0.87883,229190000,1
1413383580000,1413383639000,0.87883,0.87887,0.87835,0.87862,168730000,1
1413383640000,1413383699000,0.87862,0.87914,0.87862,0.87905,142710000,1
1413383700000,1413383759000,0.87906,0.87973,0.87902,0.87973,187000000,1
1413383760000,1413383819000,0.87975,0.87975,0.87923,0.87942,172430000,1
1413383820000,1413383879000,0.87942,0.87957,0.87936,0.8795,148470000,1
1413383880000,1413383939000,0.87951,0.87965,0.87931,0.87933,133550000,1
1413383940000,1413383999000,0.87934,0.87998,0.87934,0.87998,169090000,1
1413384000000,1413384059000,0.88002,0.88012,0.87981,0.87992,149580000,1
1413384060000,1413384119000,0.8799,0.88005,0.8796,0.87981,157880000,1
1413384120000,1413384179000,0.87982,0.87987,0.87969,0.87973,82120000,1
1413384180000,1413384239000,0.87973,0.87977,0.87947,0.87969,165160000,1
1413384240000,1413384299000,0.87967,0.88043,0.8795,0.88021,224870000,1
1413384300000,1413384359000,0.88021,0.88026,0.87987,0.8799,191560000,1
1413384360000,1413384419000,0.87992,0.8801,0.87942,0.87942,209850000,1
1413384420000,1413384479000,0.87942,0.87957,0.87911,0.87953,179280000,1
1413384480000,1413384539000,0.87953,0.87982,0.87911,0.87921,203070000,1
1413384540000,1413384599000,0.87921,0.87924,0.87868,0.87894,197880000,1
1413384600000,1413384659000,0.87896,0.8793,0.87874,0.87905,196240000,1
1413384660000,1413384719000,0.87903,0.87915,0.87832,0.87861,203770000,1
1413384720000,1413384779000,0.87863,0.87893,0.87857,0.87893,128600000,1
1413384780000,1413384839000,0.87891,0.87894,0.87842,0.87879,149210000,1
1413384840000,1413384899000,0.87879,0.879,0.87854,0.87872,191420000,1
1413384900000,1413384959000,0.87869,0.87893,0.87862,0.87889,179420000,1
1413384960000,1413385019000,0.87889,0.87921,0.87864,0.87882,251700000,1
1413385020000,1413385079000,0.87884,0.87909,0.87873,0.87907,188500000,1
1413385080000,1413385139000,0.87907,0.8792,0.87894,0.87906,182290000,1
1413385140000,1413385199000,0.8791,0.8791,0.87842,0.87848,264480000,1
1413385200000,1413385259000,0.87848,0.87881,0.87822,0.87874,246350000,1
1413385260000,1413385319000,0.87873,0.87888,0.87862,0.87862,135900000,1
1413385320000,1413385379000,0.87863,0.87882,0.87852,0.87869,155270000,1
1413385380000,1413385439000,0.87869,0.87872,0.87839,0.87853,144950000,1
1413385440000,1413385499000,0.87854,0.87857,0.87842,0.87852,145080000,1
1413385500000,1413385559000,0.87852,0.87874,0.87852,0.87864,115280000,1
1413385560000,1413385619000,0.87867,0.87912,0.87867,0.87907,107000000,1
1413385620000,1413385679000,0.87908,0.87911,0.87886,0.87911,132640000,1
1413385680000,1413385739000,0.8791,0.87932,0.87902,0.87926,134920000,1
1413385740000,1413385799000,0.87925,0.87941,0.879,0.87934,147020000,1
1413385800000,1413385859000,0.87933,0.87941,0.8793,0.87936,123460000,1
1413385860000,1413385919000,0.87936,0.87948,0.8793,0.87937,123450000,1
1413385920000,1413385979000,0.87937,0.87993,0.87932,0.87978,132000000,1
1413385980000,1413386039000,0.87978,0.87978,0.87942,0.87942,143350000,1
1413386040000,1413386099000,0.87941,0.87971,0.87934,0.87971,109640000,1
1413386100000,1413386159000,0.87971,0.88002,0.87967,0.87976,131550000,1
1413386160000,1413386219000,0.87976,0.88024,0.87967,0.88024,111080000,1
1413386220000,1413386279000,0.88024,0.88024,0.8799,0.88021,115850000,1
1413386280000,1413386339000,0.88023,0.88029,0.87999,0.88018,84120000,1
1413386340000,1413386399000,0.8802,0.8803,0.88005,0.8801,83030000,1
1413386400000,1413386459000,0.8801,0.88083,0.8801,0.88081,205520000,1
1413386460000,1413386519000,0.88084,0.8809,0.88032,0.88053,86180000,1
1413386520000,1413386579000,0.88061,0.88061,0.88009,0.88012,124110000,1
1413386580000,1413386639000,0.88012,0.88018,0.87964,0.87964,169750000,1
1413386640000,1413386699000,0.87964,0.8798,0.87952,0.87952,91180000,1
1413386700000,1413386759000,0.87952,0.87962,0.87945,0.87947,107000000,1
1413386760000,1413386819000,0.87947,0.87971,0.87932,0.87939,127560000,1
1413386820000,1413386879000,0.87939,0.87939,0.87925,0.87932,82660000,1
1413386880000,1413386939000,0.87932,0.87937,0.87911,0.8793,94660000,1
1413386940000,1413386999000,0.87933,0.87939,0.87921,0.87922,107640000,1
1413387000000,1413387059000,0.87922,0.87923,0.87869,0.87877,100570000,1
1413387060000,1413387119000,0.87878,0.87892,0.87877,0.87888,67280000,1
1413387120000,1413387179000,0.87888,0.87888,0.87875,0.87878,63500000,1
1413387180000,1413387239000,0.87882,0.87898,0.87877,0.87896,77220000,1
1413387240000,1413387299000,0.87896,0.87929,0.8789,0.87927,120880000,1
1413387300000,1413387359000,0.87927,0.8793,0.87893,0.87895,129950000,1
1413387360000,1413387419000,0.87897,0.87902,0.87893,0.87901,44180000,1
1413387420000,1413387479000,0.87901,0.87904,0.87894,0.879,67880000,1
1413387480000,1413387539000,0.879,0.87909,0.87892,0.87909,54190000,1
1413387540000,1413387599000,0.87909,0.87926,0.87909,0.87926,73650000,1
1413387600000,1413387659000,0.87926,0.87932,0.8792,0.8792,98690000,1
1413387660000,1413387719000,0.8792,0.87921,0.87888,0.8789,135260000,1
1413387720000,1413387779000,0.87889,0.87889,0.87871,0.87876,80600000,1
1413387780000,1413387839000,0.87876,0.87882,0.87874,0.87875,66060000,1
1413387840000,1413387899000,0.87876,0.87898,0.87876,0.8789,63610000,1
1413387900000,1413387959000,0.87888,0.87891,0.87875,0.87891,57360000,1
1413387960000,1413388019000,0.87893,0.87898,0.87882,0.87895,89120000,1
1413388020000,1413388079000,0.87895,0.8794,0.87895,0.87934,91820000,1
1413388080000,1413388139000,0.87936,0.87939,0.87916,0.87937,170690000,1
1413388140000,1413388199000,0.87935,0.87939,0.87931,0.87934,66980000,1
1413388200000,1413388259000,0.87932,0.87941,0.87921,0.8793,75040000,1
1413388260000,1413388319000,0.87929,0.87942,0.87902,0.87941,131740000,1
1413388320000,1413388379000,0.87938,0.87943,0.87916,0.87921,126650000,1
1413388380000,1413388439000,0.87921,0.87938,0.87912,0.87926,92530000,1
1413388440000,1413388499000,0.87926,0.87926,0.87906,0.8791,68090000,1
1413388500000,1413388559000,0.8791,0.8792,0.8791,0.87916,90780000,1
1413388560000,1413388619000,0.87916,0.87924,0.879,0.87901,100450000,1
1413388620000,1413388679000,0.87901,0.87909,0.8789,0.87892,89830000,1
1413388680000,1413388739000,0.87896,0.87922,0.87896,0.87922,54400000,1
1413388740000,1413388799000,0.8792,0.87939,0.87901,0.87929,83820000,1
1413388800000,1413388859000,0.8793,0.87951,0.87929,0.87934,149590000,1
1413388860000,1413388919000,0.87935,0.87936,0.87914,0.87914,92000000,1
1413388920000,1413388979000,0.87912,0.87912,0.87883,0.87896,89380000,1
1413388980000,1413389039000,0.87896,0.87911,0.87896,0.87903,81110000,1
1413389040000,1413389099000,0.87904,0.87912,0.87883,0.87883,50250000,1
1413389100000,1413389159000,0.87883,0.87888,0.87879,0.87882,63450000,1
1413389160000,1413389219000,0.87882,0.87882,0.87855,0.87862,54040000,1
1413389220000,1413389279000,0.87864,0.87885,0.87862,0.87881,70660000,1
1413389280000,1413389339000,0.87881,0.879,0.87879,0.87882,103820000,1
1413389340000,1413389399000,0.87881,0.87887,0.87875,0.87875,86720000,1
1413389400000,1413389459000,0.87876,0.87897,0.87872,0.87881,117770000,1
1413389460000,1413389519000,0.8788,0.8788,0.87864,0.87864,70030000,1
1413389520000,1413389579000,0.87863,0.87877,0.87853,0.87865,89430000,1
1413389580000,1413389639000,0.87864,0.87866,0.87852,0.87866,83520000,1
1413389640000,1413389699000,0.87868,0.87885,0.87853,0.8786,137390000,1
1413389700000,1413389759000,0.8786,0.87873,0.87831,0.87836,162490000,1
1413389760000,1413389819000,0.87836,0.87843,0.87812,0.87833,121190000,1
1413389820000,1413389879000,0.87833,0.87842,0.87802,0.8781,110750000,1
1413389880000,1413389939000,0.8781,0.87841,0.8781,0.87841,165100000,1
1413389940000,1413389999000,0.87841,0.8791,0.87841,0.8791,115490000,1
1413390000000,1413390059000,0.87908,0.87908,0.87884,0.8789,93620000,1
1413390060000,1413390119000,0.8789,0.87897,0.87861,0.87885,116840000,1
1413390120000,1413390179000,0.87885,0.87894,0.87879,0.8788,64870000,1
1413390180000,1413390239000,0.8788,0.87881,0.87871,0.87876,73210000,1
1413390240000,1413390299000,0.87874,0.8788,0.8786,0.87873,66050000,1
1413390300000,1413390359000,0.87873,0.87873,0.87844,0.87861,65220000,1
1413390360000,1413390419000,0.87861,0.87873,0.87851,0.87873,71490000,1
1413390420000,1413390479000,0.87873,0.87899,0.87873,0.87883,123400000,1
1413390480000,1413390539000,0.87883,0.87904,0.87883,0.87903,64560000,1
1413390540000,1413390599000,0.87902,0.87911,0.87891,0.87891,81780000,1
1413390600000,1413390659000,0.87891,0.87899,0.87889,0.87898,61440000,1
1413390660000,1413390719000,0.87898,0.87944,0.87898,0.87938,128030000,1
1413390720000,1413390779000,0.87938,0.87954,0.8791,0.87921,117230000,1
1413390780000,1413390839000,0.87921,0.87959,0.87918,0.87959,88150000,1
1413390840000,1413390899000,0.87962,0.87962,0.87902,0.87902,122860000,1
1413390900000,1413390959000,0.87903,0.87908,0.87866,0.87869,83230000,1
1413390960000,1413391019000,0.87871,0.87896,0.87866,0.87878,101300000,1
1413391020000,1413391079000,0.87875,0.87888,0.87875,0.87882,62180000,1
1413391080000,1413391139000,0.87883,0.87903,0.87883,0.87903,83060000,1
1413391140000,1413391199000,0.87906,0.87915,0.87896,0.87906,64670000,1
1413391200000,1413391259000,0.87906,0.87907,0.8788,0.87885,74270000,1
1413391260000,1413391319000,0.87885,0.87904,0.87878,0.87888,132080000,1
1413391320000,1413391379000,0.87885,0.87913,0.87882,0.87884,173050000,1
1413391380000,1413391439000,0.87885,0.87952,0.87885,0.87951,160640000,1
1413391440000,1413391499000,0.87951,0.87951,0.87891,0.8792,124320000,1
1413391500000,1413391559000,0.87919,0.87946,0.87916,0.87921,121120000,1
1413391560000,1413391619000,0.87924,0.87931,0.8792,0.87921,60200000,1
1413391620000,1413391679000,0.8792,0.87966,0.8792,0.87954,82130000,1
1413391680000,1413391739000,0.87955,0.88019,0.87955,0.88016,140450000,1
1413391740000,1413391799000,0.88017,0.88052,0.88006,0.88038,176760000,1
1413391800000,1413391859000,0.88038,0.88038,0.87957,0.87959,162070000,1
1413391860000,1413391919000,0.87958,0.87978,0.87958,0.87963,82270000,1
1413391920000,1413391979000,0.87963,0.88002,0.87963,0.88002,92800000,1
1413391980000,1413392039000,0.88006,0.88027,0.87984,0.88023,110560000,1
1413392040000,1413392099000,0.88019,0.88019,0.87973,0.87974,109500000,1
1413392100000,1413392159000,0.87974,0.87991,0.87971,0.87984,122160000,1
1413392160000,1413392219000,0.87988,0.87989,0.87961,0.87961,101370000,1
1413392220000,1413392279000,0.87959,0.87959,0.87922,0.87926,121610000,1
1413392280000,1413392339000,0.87925,0.87925,0.87903,0.8792,68460000,1
1413392340000,1413392399000,0.8792,0.87929,0.87841,0.87842,145900000,1
1413392400000,1413392459000,0.87842,0.87863,0.87802,0.87805,173900000,1
1413392460000,1413392519000,0.87803,0.87803,0.87788,0.87792,103130000,1
1413392520000,1413392579000,0.87797,0.87797,0.87696,0.87708,171290000,1
1413392580000,1413392639000,0.87708,0.87711,0.87586,0.87586,224840000,1
1413392640000,1413392699000,0.87584,0.87634,0.87563,0.87623,153560000,1
1413392700000,1413392759000,0.87623,0.87629,0.87596,0.87629,117320000,1
1413392760000,1413392819000,0.87627,0.87652,0.87612,0.87652,108050000,1
1413392820000,1413392879000,0.87652,0.87659,0.87609,0.8763,170840000,1
1413392880000,1413392939000,0.8763,0.8763,0.87603,0.87608,66060000,1
1413392940000,1413392999000,0.87608,0.87617,0.87606,0.87614,78560000,1
1413393000000,1413393059000,0.87616,0.87644,0.87614,0.87625,152600000,1
1413393060000,1413393119000,0.87623,0.87623,0.8761,0.87613,79860000,1
1413393120000,1413393179000,0.87614,0.87614,0.87549,0.87558,101670000,1
1413393180000,1413393239000,0.87559,0.8758,0.87553,0.87562,119060000,1
1413393240000,1413393299000,0.87564,0.87567,0.87553,0.87556,89150000,1
1413393300000,1413393359000,0.87554,0.87561,0.87544,0.87551,93460000,1
1413393360000,1413393419000,0.87551,0.87563,0.87521,0.87558,125370000,1
1413393420000,1413393479000,0.8756,0.87578,0.87557,0.87577,102690000,1
1413393480000,1413393539000,0.87577,0.8758,0.87531,0.87531,121860000,1
1413393540000,1413393599000,0.87531,0.87531,0.87433,0.87433,169730000,1
1413393600000,1413393659000,0.87433,0.87435,0.87375,0.87386,152580000,1
1413393660000,1413393719000,0.87385,0.87409,0.87375,0.87379,130550000,1
1413393720000,1413393779000,0.87377,0.87382,0.87293,0.87334,180600000,1
1413393780000,1413393839000,0.87333,0.87351,0.87305,0.87325,148490000,1
1413393840000,1413393899000,0.87323,0.87355,0.87318,0.87341,178620000,1
1413393900000,1413393959000,0.87342,0.87348,0.87322,0.87348,135120000,1
1413393960000,1413394019000,0.87348,0.87391,0.87344,0.87383,116830000,1
1413394020000,1413394079000,0.87383,0.87383,0.87373,0.87373,129450000,1
1413394080000,1413394139000,0.87372,0.87372,0.87309,0.87309,117360000,1
1413394140000,1413394199000,0.87309,0.87314,0.87289,0.87292,104320000,1
1413394200000,1413394259000,0.87292,0.873,0.87272,0.87279,105720000,1
1413394260000,1413394319000,0.87273,0.87277,0.872,0.87202,118800000,1
1413394320000,1413394379000,0.87202,0.87229,0.87175,0.87219,145580000,1
1413394380000,1413394439000,0.8722,0.87229,0.87181,0.87217,143050000,1
1413394440000,1413394499000,0.87219,0.87238,0.87219,0.87238,153320000,1
1413394500000,1413394559000,0.87238,0.87269,0.87236,0.87262,130560000,1
1413394560000,1413394619000,0.87259,0.87277,0.87259,0.87271,88920000,1
1413394620000,1413394679000,0.87271,0.87291,0.87264,0.87286,153520000,1
1413394680000,1413394739000,0.87286,0.87301,0.87281,0.87288,91260000,1
1413394740000,1413394799000,0.87288,0.87288,0.87239,0.8727,87590000,1
1413394800000,1413394859000,0.8727,0.87316,0.87263,0.8729,122240000,1
1413394860000,1413394919000,0.87295,0.87317,0.87279,0.87307,124580000,1
1413394920000,1413394979000,0.87308,0.87313,0.87294,0.87313,88370000,1
1413394980000,1413395039000,0.87313,0.8734,0.87302,0.87331,112900000,1
1413395040000,1413395099000,0.87331,0.87341,0.87313,0.87313,90200000,1
1413395100000,1413395159000,0.87314,0.87329,0.87298,0.87314,134820000,1
1413395160000,1413395219000,0.87315,0.87319,0.87279,0.87279,116210000,1
1413395220000,1413395279000,0.87282,0.87331,0.87272,0.87322,134980000,1
1413395280000,1413395339000,0.87322,0.87372,0.87315,0.87364,114270000,1
1413395340000,1413395399000,0.87366,0.87461,0.87366,0.8745,134110000,1
1413395400000,1413395459000,0.87451,0.87459,0.87421,0.87421,73340000,1
1413395460000,1413395519000,0.87421,0.87445,0.87421,0.87424,65870000,1
1413395520000,1413395579000,0.87424,0.87424,0.87401,0.87407,78610000,1
1413395580000,1413395639000,0.87407,0.8741,0.87402,0.8741,57420000,1
1413395640000,1413395699000,0.87412,0.87422,0.8737,0.8738,75300000,1
1413395700000,1413395759000,0.8738,0.87383,0.87356,0.8738,114200000,1
1413395760000,1413395819000,0.87382,0.87387,0.87355,0.87355,71340000,1
1413395820000,1413395879000,0.87354,0.87377,0.87351,0.87374,42420000,1
1413395880000,1413395939000,0.87373,0.87394,0.87371,0.87378,43100000,1
1413395940000,1413395999000,0.87377,0.87387,0.87372,0.87375,47140000,1
1413396000000,1413396059000,0.87375,0.87389,0.87362,0.87383,71790000,1
1413396060000,1413396119000,0.87382,0.87414,0.87358,0.87358,129810000,1
1413396120000,1413396179000,0.87358,0.87381,0.87349,0.87381,41510000,1
1413396180000,1413396239000,0.87381,0.874,0.87359,0.8737,108140000,1
1413396240000,1413396299000,0.8737,0.87373,0.8733,0.87335,57270000,1
1413396300000,1413396359000,0.87335,0.87348,0.87309,0.87313,129640000,1
1413396360000,1413396419000,0.8731,0.87331,0.8731,0.87327,146380000,1
1413396420000,1413396479000,0.87329,0.87331,0.87311,0.87331,83120000,1
1413396480000,1413396539000,0.87331,0.87371,0.8733,0.87367,93130000,1
1413396540000,1413396599000,0.87368,0.87399,0.87368,0.87387,59730000,1
1413396600000,1413396659000,0.87387,0.874,0.87384,0.87393,57070000,1
1413396660000,1413396719000,0.87395,0.87431,0.87395,0.87423,95590000,1
1413396720000,1413396779000,0.87423,0.87433,0.87422,0.87428,54510000,1
1413396780000,1413396839000,0.8743,0.8743,0.87416,0.87421,35970000,1
1413396840000,1413396899000,0.87424,0.87502,0.87422,0.87482,121090000,1
1413396900000,1413396959000,0.87482,0.87563,0.87482,0.87562,156270000,1
1413396960000,1413397019000,0.87561,0.87603,0.87552,0.87581,150000000,1
1413397020000,1413397079000,0.8758,0.87616,0.8758,0.87616,96690000,1
1413397080000,1413397139000,0.87616,0.87622,0.87582,0.87597,75940000,1
1413397140000,1413397199000,0.87601,0.87661,0.87601,0.87652,121450000,1
1413397200000,1413397259000,0.87652,0.87705,0.87644,0.87701,127480000,1
1413397260000,1413397319000,0.87702,0.87713,0.87689,0.87689,78890000,1
1413397320000,1413397379000,0.8769,0.8769,0.87629,0.87641,122050000,1
1413397380000,1413397439000,0.87642,0.87642,0.87621,0.87631,39850000,1
1413397440000,1413397499000,0.87631,0.87631,0.8758,0.87588,100670000,1
1413397500000,1413397559000,0.87588,0.87637,0.87578,0.87637,108990000,1
1413397560000,1413397619000,0.87641,0.87652,0.87615,0.87615,87020000,1
1413397620000,1413397679000,0.87613,0.87659,0.87555,0.87659,192580000,1
1413397680000,1413397739000,0.8766,0.87662,0.87584,0.87651,148360000,1
1413397740000,1413397799000,0.87651,0.87656,0.87622,0.87653,112770000,1
1413397800000,1413397859000,0.87652,0.87663,0.87625,0.87626,98520000,1
1413397860000,1413397919000,0.87627,0.87643,0.87594,0.87641,184480000,1
1413397920000,1413397979000,0.87641,0.87666,0.87632,0.87666,87750000,1
1413397980000,1413398039000,0.87665,0.87726,0.87664,0.87703,99550000,1
1413398040000,1413398099000,0.87703,0.87704,0.87649,0.87682,121250000,1
1413398100000,1413398159000,0.87684,0.87738,0.87684,0.87738,96540000,1
1413398160000,1413398219000,0.87737,0.87737,0.87714,0.87728,100740000,1
1413398220000,1413398279000,0.87731,0.87731,0.87693,0.87709,80030000,1
1413398280000,1413398339000,0.87705,0.87712,0.87696,0.87711,79020000,1
1413398340000,1413398399000,0.87711,0.87731,0.87708,0.87719,88250000,1
1413398400000,1413398459000,0.87721,0.87728,0.87672,0.87687,122230000,1
1413398460000,1413398519000,0.87687,0.8769,0.87641,0.87667,114850000,1
1413398520000,1413398579000,0.87667,0.87669,0.87629,0.87633,60950000,1
1413398580000,1413398639000,0.87639,0.87696,0.87639,0.87689,91080000,1
1413398640000,1413398699000,0.87695,0.87695,0.87634,0.87642,107060000,1
1413398700000,1413398759000,0.87642,0.87703,0.87635,0.87673,116380000,1
1413398760000,1413398819000,0.87673,0.87732,0.87673,0.87722,31270000,1
1413398820000,1413398879000,0.87723,0.87732,0.87707,0.87715,81860000,1
1413398880000,1413398939000,0.87715,0.8772,0.87702,0.8772,106050000,1
1413398940000,1413398999000,0.8772,0.8772,0.87701,0.87701,32570000,1
1413399000000,1413399059000,0.87702,0.87702,0.8769,0.8769,40170000,1
1413399060000,1413399119000,0.87691,0.87693,0.87664,0.87691,77710000,1
1413399120000,1413399179000,0.8769,0.87733,0.87685,0.87701,88420000,1
1413399180000,1413399239000,0.87702,0.87731,0.87702,0.8773,40650000,1
1413399240000,1413399299000,0.8773,0.8773,0.87719,0.87723,24600000,1
1413399300000,1413399359000,0.87721,0.8773,0.87704,0.87712,81510000,1
1413399360000,1413399419000,0.87712,0.8772,0.87712,0.87712,32710000,1
1413399420000,1413399479000,0.87712,0.87763,0.87712,0.8774,133570000,1
1413399480000,1413399539000,0.87745,0.87749,0.87714,0.8772,113410000,1
1413399540000,1413399599000,0.87722,0.87722,0.87698,0.8771,128910000,1
1413399600000,1413399659000,0.87708,0.87708,0.87691,0.87705,109850000,1
1413399660000,1413399719000,0.87707,0.87718,0.87699,0.87701,89410000,1
1413399720000,1413399779000,0.87702,0.87714,0.87698,0.87713,80850000,1
1413399780000,1413399839000,0.87714,0.87742,0.87714,0.87723,75900000,1
1413399840000,1413399899000,0.87725,0.87762,0.87725,0.87752,88020000,1
1413399900000,1413399959000,0.87752,0.87831,0.87752,0.87823,91470000,1
1413399960000,1413400019000,0.87822,0.87864,0.87806,0.87857,123600000,1
1413400020000,1413400079000,0.87859,0.87891,0.87849,0.87887,149060000,1
1413400080000,1413400139000,0.87888,0.87897,0.87878,0.87893,116800000,1
1413400140000,1413400199000,0.87889,0.87899,0.87883,0.87899,78310000,1
1413400200000,1413400259000,0.879,0.879,0.87876,0.87881,75790000,1
1413400260000,1413400319000,0.8788,0.87909,0.8787,0.87909,135110000,1
1413400320000,1413400379000,0.87909,0.87938,0.87888,0.8789,142870000,1
1413400380000,1413400439000,0.8789,0.87902,0.87877,0.87877,88900000,1
1413400440000,1413400499000,0.87877,0.87879,0.8787,0.87873,61780000,1
1413400500000,1413400559000,0.87873,0.87873,0.87852,0.87855,85260000,1
1413400560000,1413400619000,0.8785,0.87861,0.87837,0.8784,45900000,1
1413400620000,1413400679000,0.87842,0.87844,0.8781,0.8781,71620000,1
1413400680000,1413400739000,0.87811,0.87826,0.87769,0.87786,82650000,1
1413400740000,1413400799000,0.87784,0.8781,0.87769,0.8781,91160000,1
1413400800000,1413400859000,0.8781,0.87839,0.87803,0.87837,123680000,1
1413400860000,1413400919000,0.87834,0.87854,0.87831,0.87853,121350000,1
1413400920000,1413400979000,0.87853,0.87853,0.8783,0.87836,54150000,1
1413400980000,1413401039000,0.87836,0.8786,0.87822,0.8786,61640000,1
1413401040000,1413401099000,0.87859,0.87859,0.87828,0.87835,77200000,1
1413401100000,1413401159000,0.87835,0.87835,0.87813,0.87818,78430000,1
1413401160000,1413401219000,0.87818,0.87859,0.87818,0.87859,103750000,1
1413401220000,1413401279000,0.8786,0.87872,0.87852,0.87871,61870000,1
1413401280000,1413401339000,0.87871,0.87877,0.87856,0.87858,64490000,1
1413401340000,1413401399000,0.87858,0.87884,0.87857,0.87883,42780000,1
1413401400000,1413401459000,0.87887,0.87952,0.87887,0.87945,118360000,1
1413401460000,1413401519000,0.87947,0.8797,0.87942,0.87968,95200000,1
1413401520000,1413401579000,0.87968,0.87968,0.87927,0.87935,91400000,1
1413401580000,1413401639000,0.87935,0.87935,0.87911,0.87919,75590000,1
1413401640000,1413401699000,0.87922,0.8796,0.87915,0.87943,151200000,1
1413401700000,1413401759000,0.8794,0.87951,0.87923,0.87924,76640000,1
1413401760000,1413401819000,0.87924,0.87956,0.87924,0.87946,87060000,1
1413401820000,1413401879000,0.87943,0.87996,0.87943,0.87993,93600000,1
1413401880000,1413401939000,0.87994,0.8802,0.87987,0.88014,115700000,1
1413401940000,1413401999000,0.88013,0.88016,0.87992,0.88008,94760000,1
1413402000000,1413402059000,0.88011,0.88014,0.88003,0.88011,46940000,1
1413402060000,1413402119000,0.88011,0.88015,0.88,0.88002,49360000,1
1413402120000,1413402179000,0.87999,0.88042,0.87997,0.88041,102280000,1
1413402180000,1413402239000,0.88043,0.88103,0.88043,0.8808,114300000,1
1413402240000,1413402299000,0.8808,0.88083,0.88063,0.88075,100100000,1
1413402300000,1413402359000,0.88075,0.88116,0.88069,0.88114,124520000,1
1413402360000,1413402419000,0.88116,0.88125,0.88111,0.88111,72730000,1
1413402420000,1413402479000,0.88106,0.88121,0.88099,0.88115,127790000,1
1413402480000,1413402539000,0.88114,0.88126,0.88108,0.88123,85740000,1
1413402540000,1413402599000,0.88125,0.88133,0.8811,0.88114,104780000,1
1413402600000,1413402659000,0.88114,0.88115,0.88112,0.88113,25320000,1
1413402660000,1413402719000,0.88113,0.88117,0.88102,0.88113,73490000,1
1413402720000,1413402779000,0.88112,0.88117,0.88107,0.88113,77940000,1
1413402780000,1413402839000,0.88113,0.88132,0.88113,0.88131,59470000,1
1413402840000,1413402899000,0.88133,0.88135,0.88126,0.88127,86130000,1
1413402900000,1413402959000,0.88127,0.88134,0.88126,0.88134,45810000,1
1413402960000,1413403019000,0.88134,0.88141,0.88134,0.8814,40690000,1
1413403020000,1413403079000,0.8814,0.88193,0.8814,0.88185,74200000,1
1413403080000,1413403139000,0.88185,0.88203,0.88185,0.88195,51480000,1
1413403140000,1413403199000,0.88195,0.882,0.88117,0.88121,55780000,1
1413403200000,1413403259000,0.88121,0.88121,0.88107,0.88119,86080000,1
1413403260000,1413403319000,0.88119,0.88145,0.88118,0.88145,110620000,1
1413403320000,1413403379000,0.88145,0.88146,0.88139,0.88143,52740000,1
1413403380000,1413403439000,0.88142,0.88146,0.8813,0.88143,61390000,1
1413403440000,1413403499000,0.88143,0.88166,0.88137,0.88164,74470000,1
1413403500000,1413403559000,0.88164,0.882,0.88164,0.88169,90570000,1
1413403560000,1413403619000,0.88167,0.88167,0.88154,0.88154,28570000,1
1413403620000,1413403679000,0.88153,0.88153,0.88122,0.88123,72600000,1
1413403680000,1413403739000,0.88121,0.88131,0.88102,0.88131,67690000,1
1413403740000,1413403799000,0.88131,0.88131,0.8811,0.8811,54070000,1
1413403800000,1413403859000,0.8811,0.88112,0.88105,0.88108,45820000,1
1413403860000,1413403919000,0.88108,0.88108,0.881,0.88105,41000000,1
1413403920000,1413403979000,0.88098,0.8811,0.88098,0.88104,39860000,1
1413403980000,1413404039000,0.88098,0.88104,0.88069,0.88071,68680000,1
1413404040000,1413404099000,0.88076,0.88087,0.88076,0.88087,55990000,1
1413404100000,1413404159000,0.88089,0.88105,0.88089,0.88104,42160000,1
1413404160000,1413404219000,0.88105,0.88125,0.88104,0.8812,58720000,1
1413404220000,1413404279000,0.88121,0.88127,0.88105,0.88105,99300000,1
1413404280000,1413404339000,0.88106,0.88121,0.88105,0.88121,25590000,1
1413404340000,1413404399000,0.88122,0.88168,0.88122,0.88167,50810000,1
1413404400000,1413404459000,0.88166,0.88194,0.88156,0.88191,92990000,1
1413404460000,1413404519000,0.8819,0.88203,0.8819,0.88199,69750000,1
1413404520000,1413404579000,0.88199,0.882,0.88192,0.88192,38420000,1
1413404580000,1413404639000,0.88192,0.88228,0.88189,0.88227,62430000,1
1413404640000,1413404699000,0.88227,0.88229,0.88212,0.88222,69780000,1
1413404700000,1413404759000,0.88222,0.88223,0.88217,0.88221,29570000,1
1413404760000,1413404819000,0.88223,0.8823,0.88223,0.88228,72900000,1
1413404820000,1413404879000,0.88228,0.88243,0.88226,0.88237,33220000,1
1413404880000,1413404939000,0.88242,0.883,0.8824,0.883,47960000,1
1413404940000,1413404999000,0.88301,0.88353,0.88301,0.8835,91320000,1
1413405000000,1413405059000,0.88349,0.88365,0.8834,0.88361,55190000,1
1413405060000,1413405119000,0.88361,0.8837,0.88355,0.88361,73440000,1
1413405120000,1413405179000,0.88361,0.88363,0.88327,0.88327,80720000,1
1413405180000,1413405239000,0.88331,0.88331,0.88315,0.88315,31660000,1
1413405240000,1413405299000,0.88312,0.88313,0.88294,0.88302,68690000,1
1413405300000,1413405359000,0.88302,0.88319,0.88295,0.88319,68920000,1
1413405360000,1413405419000,0.8832,0.88324,0.88317,0.88321,72540000,1
1413405420000,1413405479000,0.88321,0.88337,0.88321,0.88334,47870000,1
1413405480000,1413405539000,0.88333,0.88337,0.88322,0.88322,46600000,1
1413405540000,1413405599000,0.88322,0.88322,0.88305,0.88309,42840000,1
1413405600000,1413405659000,0.88308,0.88311,0.88304,0.88304,26910000,1
1413405660000,1413405719000,0.88306,0.88309,0.88304,0.88308,33350000,1
1413405720000,1413405779000,0.88306,0.88315,0.88304,0.88312,57130000,1
1413405780000,1413405839000,0.88314,0.88314,0.88298,0.88301,47410000,1
1413405840000,1413405899000,0.88301,0.88302,0.88244,0.88251,77000000,1
1413405900000,1413405959000,0.8825,0.88251,0.88209,0.88228,162290000,1
1413405960000,1413406019000,0.88229,0.88238,0.88229,0.88236,16000000,1
1413406020000,1413406079000,0.8824,0.8824,0.88234,0.88237,13690000,1
1413406080000,1413406139000,0.88234,0.88237,0.88234,0.88237,5000000,1
1413406140000,1413406199000,0.88237,0.88258,0.88229,0.88258,54690000,1
1413406200000,1413406259000,0.88257,0.88263,0.88257,0.8826,73490000,1
1413406260000,1413406319000,0.88259,0.8829,0.88257,0.8829,62470000,1
1413406320000,1413406379000,0.8829,0.88293,0.88284,0.88289,46870000,1
1413406380000,1413406439000,0.88291,0.88293,0.88288,0.88289,17000000,1
1413406440000,1413406499000,0.88288,0.88292,0.88278,0.88278,34250000,1
1413406500000,1413406559000,0.88281,0.88289,0.88279,0.88283,48500000,1
1413406560000,1413406619000,0.88282,0.8829,0.88276,0.88284,29550000,1
1413406620000,1413406679000,0.88284,0.88288,0.88275,0.88288,17650000,1
1413406680000,1413406739000,0.8828,0.88288,0.88276,0.88288,32270000,1
1413406740000,1413406799000,0.88287,0.88288,0.88267,0.88275,33950000,1
1413406800000,1413406859000,0.88278,0.88295,0.88278,0.88278,2000000,1
1413406860000,1413406919000,0.88271,0.88271,0.88271,0.88271,150000,1
1413406920000,1413406979000,0.88258,0.88271,0.88237,0.8825,7810000,1
1413406980000,1413407039000,0.88248,0.88261,0.88248,0.88256,6320000,1
1413407040000,1413407099000,0.88249,0.88255,0.8824,0.88243,20140000,1
1413407100000,1413407159000,0.88242,0.88253,0.88231,0.88239,31960000,1
1413407160000,1413407219000,0.88245,0.88249,0.88238,0.88248,37410000,1
1413407220000,1413407279000,0.88248,0.88251,0.88243,0.88251,34160000,1
1413407280000,1413407339000,0.88251,0.88259,0.88251,0.88258,11440000,1
1413407340000,1413407399000,0.88261,0.88261,0.88237,0.88237,16490000,1
1413407400000,1413407459000,0.88237,0.88255,0.88234,0.88236,55560000,1
1413407460000,1413407519000,0.88237,0.88244,0.88229,0.88234,42700000,1
1413407520000,1413407579000,0.88235,0.88248,0.88234,0.88248,14700000,1
1413407580000,1413407639000,0.88247,0.88247,0.88242,0.88243,14000000,1
1413407640000,1413407699000,0.88242,0.88243,0.88242,0.88243,2000000,1
1413407700000,1413407759000,0.88241,0.88241,0.88239,0.88239,6500000,1
1413407760000,1413407819000,0.88238,0.88238,0.88238,0.88238,1000000,1
1413407820000,1413407879000,0.88239,0.8824,0.88222,0.88224,9010000,1
1413407880000,1413407939000,0.88221,0.88226,0.88205,0.88225,32200000,1
1413407940000,1413407999000,0.88226,0.8824,0.88225,0.8824,13070000,1
1413408000000,1413408059000,0.88239,0.88239,0.88235,0.88236,3500000,1
1413408060000,1413408119000,0.88238,0.88239,0.88237,0.88237,4000000,1
1413408120000,1413408179000,0.88233,0.88237,0.88227,0.88227,13150000,1
1413408180000,1413408239000,0.88232,0.88235,0.88196,0.88225,46950000,1
1413408240000,1413408299000,0.88225,0.88226,0.88139,0.88188,88190000,1
1413408300000,1413408359000,0.88188,0.88202,0.88171,0.88188,18470000,1
1413408360000,1413408419000,0.88188,0.88195,0.8817,0.88175,28040000,1
1413408420000,1413408479000,0.88175,0.88195,0.88175,0.88189,18910000,1
1413408480000,1413408539000,0.88189,0.88195,0.88188,0.88192,14500000,1
1413408540000,1413408599000,0.88188,0.88188,0.88155,0.8817,46860000,1
1413408600000,1413408659000,0.8817,0.88187,0.88151,0.88151,40170000,1
1413408660000,1413408719000,0.88155,0.88164,0.8814,0.88158,27240000,1
1413408720000,1413408779000,0.88157,0.88157,0.88147,0.88149,53870000,1
1413408780000,1413408839000,0.88149,0.88156,0.88138,0.88147,52020000,1
1413408840000,1413408899000,0.88147,0.88147,0.88116,0.88123,67100000,1
1413408900000,1413408959000,0.88125,0.88151,0.88118,0.88124,78380000,1
1413408960000,1413409019000,0.88129,0.88138,0.88124,0.88137,53360000,1
1413409020000,1413409079000,0.88138,0.88148,0.88131,0.88143,32940000,1
1413409080000,1413409139000,0.88144,0.88145,0.88131,0.88134,38170000,1
1413409140000,1413409199000,0.88133,0.88149,0.88128,0.88146,35030000,1
1413409200000,1413409259000,0.88147,0.88147,0.88121,0.88122,80960000,1
1413409260000,1413409319000,0.88128,0.88148,0.88122,0.88133,42070000,1
1413409320000,1413409379000,0.88133,0.88133,0.8812,0.8812,11000000,1
1413409380000,1413409439000,0.88122,0.88122,0.88112,0.88118,29500000,1
1413409440000,1413409499000,0.88119,0.88133,0.88119,0.88126,19670000,1
1413409500000,1413409559000,0.88126,0.88126,0.88109,0.88113,20500000,1
1413409560000,1413409619000,0.88112,0.88112,0.88087,0.8809,30950000,1
1413409620000,1413409679000,0.88088,0.88105,0.88087,0.88105,25340000,1
1413409680000,1413409739000,0.88106,0.88106,0.88089,0.88089,13870000,1
1413409740000,1413409799000,0.88089,0.88089,0.88069,0.88069,50640000,1
1413409800000,1413409859000,0.88069,0.88079,0.88069,0.88072,24510000,1
1413409860000,1413409919000,0.88071,0.88071,0.88063,0.88068,19600000,1
1413409920000,1413409979000,0.88068,0.88069,0.88067,0.88068,17000000,1
1413409980000,1413410039000,0.88068,0.88071,0.88066,0.88071,23500000,1
1413410040000,1413410099000,0.88072,0.88078,0.88072,0.88078,5000000,1
1413410100000,1413410159000,0.88077,0.88087,0.88077,0.88078,27120000,1
1413410160000,1413410219000,0.88076,0.88083,0.88076,0.88077,42770000,1
1413410220000,1413410279000,0.88078,0.88081,0.88077,0.88079,33000000,1
1413410280000,1413410339000,0.8808,0.881,0.88079,0.88093,27200000,1
1413410340000,1413410399000,0.88092,0.88099,0.88087,0.8809,39830000,1
1413410400000,1413410459000,0.8809,0.88093,0.88057,0.88057,136180000,1
1413410460000,1413410519000,0.88059,0.88068,0.88054,0.88066,86540000,1
1413410520000,1413410579000,0.88067,0.88091,0.88067,0.8809,60070000,1
1413410580000,1413410639000,0.88088,0.8813,0.88082,0.88121,39930000,1
1413410640000,1413410699000,0.88118,0.88123,0.88105,0.88122,72490000,1
1413410700000,1413410759000,0.88122,0.88122,0.88108,0.88115,40090000,1
1413410760000,1413410819000,0.88115,0.88115,0.88082,0.88086,120040000,1
1413410820000,1413410879000,0.88086,0.88104,0.88085,0.88092,105810000,1
1413410880000,1413410939000,0.88092,0.88125,0.8809,0.88125,100670000,1
1413410940000,1413410999000,0.88123,0.88129,0.88122,0.88125,48480000,1
1413411000000,1413411059000,0.88125,0.88125,0.88061,0.88068,95970000,1
1413411060000,1413411119000,0.88073,0.88078,0.88068,0.88073,60540000,1
1413411120000,1413411179000,0.88073,0.8809,0.88064,0.88067,62660000,1
1413411180000,1413411239000,0.88065,0.88073,0.88062,0.88072,69870000,1
1413411240000,1413411299000,0.88072,0.88105,0.88072,0.88099,39510000,1
1413411300000,1413411359000,0.881,0.88107,0.88075,0.88075,59520000,1
1413411360000,1413411419000,0.88075,0.88086,0.88062,0.88065,78920000,1
1413411420000,1413411479000,0.88066,0.88066,0.88052,0.88058,61000000,1
1413411480000,1413411539000,0.88057,0.88057,0.88033,0.8804,57490000,1
1413411540000,1413411599000,0.8804,0.88073,0.88039,0.88057,37990000,1
1413411600000,1413411659000,0.88057,0.88061,0.88027,0.88037,160950000,1
1413411660000,1413411719000,0.88037,0.88073,0.88036,0.8806,79350000,1
1413411720000,1413411779000,0.88067,0.88072,0.88057,0.8806,49660000,1
1413411780000,1413411839000,0.8806,0.88066,0.88056,0.88064,48250000,1
1413411840000,1413411899000,0.88064,0.88067,0.88036,0.8804,45360000,1
1413411900000,1413411959000,0.88039,0.88046,0.88037,0.88044,20570000,1
1413411960000,1413412019000,0.88045,0.88045,0.8804,0.8804,10000000,1
1413412020000,1413412079000,0.8804,0.88042,0.88039,0.8804,10500000,1
1413412080000,1413412139000,0.8804,0.88043,0.88035,0.88036,26050000,1
1413412140000,1413412199000,0.88036,0.88043,0.88036,0.8804,14690000,1
1413412200000,1413412259000,0.8804,0.88047,0.8804,0.88047,32510000,1
1413412260000,1413412319000,0.88047,0.88047,0.88028,0.88028,28040000,1
1413412320000,1413412379000,0.88028,0.88028,0.88001,0.88002,42760000,1
1413412380000,1413412439000,0.87999,0.87999,0.87977,0.87977,24110000,1
1413412440000,1413412499000,0.87975,0.88007,0.87974,0.88007,64670000,1
1413412500000,1413412559000,0.88006,0.88019,0.88005,0.88005,50460000,1
1413412560000,1413412619000,0.88005,0.8801,0.87993,0.87993,30760000,1
1413412620000,1413412679000,0.87993,0.88008,0.87993,0.88,47440000,1
1413412680000,1413412739000,0.88,0.88002,0.87997,0.88,82100000,1
1413412740000,1413412799000,0.88,0.88028,0.87992,0.88018,92140000,1
1413412800000,1413412859000,0.88018,0.88046,0.88018,0.8804,43550000,1
1413412860000,1413412919000,0.8804,0.88042,0.88022,0.88022,50620000,1
1413412920000,1413412979000,0.88022,0.88031,0.88022,0.8803,33570000,1
1413412980000,1413413039000,0.8803,0.8803,0.88015,0.88028,57850000,1
1413413040000,1413413099000,0.88028,0.8804,0.88028,0.88038,27300000,1
1413413100000,1413413159000,0.88038,0.8804,0.88037,0.88038,7500000,1
1413413160000,1413413219000,0.88038,0.88038,0.88035,0.88038,22110000,1
1413413220000,1413413279000,0.88038,0.88048,0.88038,0.88045,40120000,1
1413413280000,1413413339000,0.88044,0.88047,0.88027,0.88031,53470000,1
1413413340000,1413413399000,0.88031,0.88031,0.88013,0.88013,38780000,1
1413413400000,1413413459000,0.88013,0.88013,0.87963,0.87963,61190000,1
1413413460000,1413413519000,0.87965,0.88015,0.87965,0.88011,95000000,1
1413413520000,1413413579000,0.88009,0.88014,0.88005,0.8801,17670000,1
1413413580000,1413413639000,0.8801,0.8801,0.87997,0.87997,22280000,1
1413413640000,1413413699000,0.87996,0.88003,0.87996,0.88002,63390000,1
1413413700000,1413413759000,0.88003,0.8801,0.88003,0.8801,19860000,1
1413413760000,1413413819000,0.88009,0.8803,0.88009,0.88026,24840000,1
1413413820000,1413413879000,0.88026,0.8803,0.88025,0.8803,16000000,1
1413413880000,1413413939000,0.88028,0.88028,0.88022,0.88022,18500000,1
1413413940000,1413413999000,0.88022,0.88022,0.87993,0.87996,56170000,1
1413414000000,1413414059000,0.87997,0.88039,0.87997,0.88039,64480000,1
1413414060000,1413414119000,0.88037,0.88037,0.87994,0.87998,46750000,1
1413414120000,1413414179000,0.88,0.88023,0.87998,0.88004,36610000,1
1413414180000,1413414239000,0.88003,0.88003,0.87983,0.87987,48750000,1
1413414240000,1413414299000,0.87986,0.87999,0.87978,0.8798,53000000,1
1413414300000,1413414359000,0.87971,0.87982,0.87971,0.87982,19250000,1
1413414360000,1413414419000,0.87987,0.87996,0.8798,0.87984,33690000,1
1413414420000,1413414479000,0.87984,0.88004,0.87981,0.87991,55250000,1
1413414480000,1413414539000,0.87989,0.87989,0.87959,0.8796,48900000,1
1413414540000,1413414599000,0.87961,0.87963,0.87944,0.87945,21250000,1
1413414600000,1413414659000,0.87945,0.87974,0.87945,0.87949,51170000,1
1413414660000,1413414719000,0.87949,0.87961,0.87948,0.87959,56350000,1
1413414720000,1413414779000,0.87965,0.87968,0.87964,0.87968,35350000,1
1413414780000,1413414839000,0.87966,0.87966,0.87952,0.87952,39680000,1
1413414840000,1413414899000,0.87952,0.87966,0.87942,0.87966,52440000,1
1413414900000,1413414959000,0.87966,0.87967,0.87933,0.87933,46780000,1
1413414960000,1413415019000,0.87933,0.87937,0.87875,0.87909,86380000,1
1413415020000,1413415079000,0.87909,0.87912,0.87871,0.87879,47450000,1
1413415080000,1413415139000,0.87878,0.87878,0.87862,0.87867,28580000,1
1413415140000,1413415199000,0.87867,0.8787,0.87862,0.8787,20890000,1
1413415200000,1413415259000,0.87873,0.87887,0.87873,0.8788,35540000,1
1413415260000,1413415319000,0.87879,0.87881,0.87867,0.87881,35000000,1
1413415320000,1413415379000,0.87882,0.87886,0.87881,0.87884,9690000,1
1413415380000,1413415439000,0.87885,0.8789,0.87875,0.87875,35440000,1
1413415440000,1413415499000,0.87876,0.87888,0.87875,0.87886,28250000,1
1413415500000,1413415559000,0.87885,0.87886,0.87884,0.87886,5500000,1
1413415560000,1413415619000,0.87886,0.87889,0.87885,0.87887,26500000,1
1413415620000,1413415679000,0.87887,0.87887,0.87841,0.87844,56130000,1
1413415680000,1413415739000,0.87844,0.87844,0.87817,0.87825,57770000,1
1413415740000,1413415799000,0.87826,0.87844,0.87817,0.87827,101660000,1
1413415800000,1413415859000,0.87829,0.87837,0.87824,0.87828,31370000,1
1413415860000,1413415919000,0.87827,0.87827,0.87823,0.87827,12500000,1
1413415920000,1413415979000,0.87827,0.87827,0.87791,0.87795,77440000,1
1413415980000,1413416039000,0.87795,0.87815,0.87793,0.87804,40620000,1
1413416040000,1413416099000,0.87808,0.87808,0.87774,0.87795,77520000,1
1413416100000,1413416159000,0.87794,0.87814,0.87787,0.87803,42820000,1
1413416160000,1413416219000,0.87803,0.87807,0.87788,0.87788,47610000,1
1413416220000,1413416279000,0.8779,0.878,0.87788,0.87794,31100000,1
1413416280000,1413416339000,0.87794,0.87804,0.87794,0.87804,11000000,1
1413416340000,1413416399000,0.87805,0.87837,0.87805,0.87822,61330000,1
1413416400000,1413416459000,0.87825,0.87874,0.87825,0.87872,74730000,1
1413416460000,1413416519000,0.87872,0.8788,0.87857,0.87858,60680000,1
1413416520000,1413416579000,0.87861,0.87861,0.87855,0.87856,23750000,1
1413416580000,1413416639000,0.8786,0.87869,0.8786,0.87865,20280000,1
1413416640000,1413416699000,0.87866,0.87869,0.87866,0.87867,23160000,1
1413416700000,1413416759000,0.87868,0.87892,0.87867,0.87892,54450000,1
1413416760000,1413416819000,0.87896,0.87905,0.87896,0.87902,18000000,1
1413416820000,1413416879000,0.87901,0.87902,0.87885,0.87888,55120000,1
1413416880000,1413416939000,0.87888,0.87888,0.87877,0.87877,33000000,1
1413416940000,1413416999000,0.87875,0.87875,0.87859,0.87869,63550000,1
1413417000000,1413417059000,0.87869,0.87878,0.87869,0.87875,38470000,1
1413417060000,1413417119000,0.87875,0.87875,0.87847,0.87856,74650000,1
1413417120000,1413417179000,0.87856,0.87859,0.87839,0.87844,20690000,1
1413417180000,1413417239000,0.87844,0.87845,0.87839,0.87843,15500000,1
1413417240000,1413417299000,0.87845,0.87878,0.87845,0.87878,21000000,1
1413417300000,1413417359000,0.87878,0.87933,0.87878,0.87932,83820000,1
1413417360000,1413417419000,0.87932,0.87932,0.87912,0.87918,65920000,1
1413417420000,1413417479000,0.87918,0.8792,0.87913,0.87917,26160000,1
1413417480000,1413417539000,0.87916,0.8792,0.87915,0.87915,23390000,1
1413417540000,1413417599000,0.87915,0.87916,0.87913,0.87916,52320000,1
1413417600000,1413417659000,0.87917,0.87942,0.87913,0.87933,95530000,1
1413417660000,1413417719000,0.87931,0.87931,0.87911,0.8792,43510000,1
1413417720000,1413417779000,0.87921,0.87924,0.87919,0.8792,54640000,1
1413417780000,1413417839000,0.87915,0.87918,0.8789,0.8789,67810000,1
1413417840000,1413417899000,0.8789,0.8789,0.87824,0.87832,72000000,1
1413417900000,1413417959000,0.87831,0.87871,0.8783,0.87868,130100000,1
1413417960000,1413418019000,0.87868,0.87902,0.87868,0.87902,134740000,1
1413418020000,1413418079000,0.879,0.87963,0.87899,0.87957,149080000,1
1413418080000,1413418139000,0.87961,0.88007,0.87956,0.87963,235130000,1
1413418140000,1413418199000,0.87962,0.87977,0.87938,0.87972,106650000,1
1413418200000,1413418259000,0.87976,0.8799,0.87966,0.87976,155450000,1
1413418260000,1413418319000,0.87976,0.87999,0.87974,0.87988,141550000,1
1413418320000,1413418379000,0.87991,0.87998,0.87963,0.87974,121960000,1
1413418380000,1413418439000,0.87974,0.8799,0.87966,0.87966,100360000,1
1413418440000,1413418499000,0.87966,0.87975,0.87951,0.87954,104560000,1
1413418500000,1413418559000,0.87954,0.87956,0.87897,0.87901,124190000,1
1413418560000,1413418619000,0.87899,0.8795,0.87899,0.87939,156800000,1
1413418620000,1413418679000,0.87938,0.87949,0.87928,0.87935,123210000,1
1413418680000,1413418739000,0.87935,0.87971,0.87935,0.87965,131310000,1
1413418740000,1413418799000,0.87965,0.87969,0.8794,0.8794,77970000,1
1413418800000,1413418859000,0.8794,0.87951,0.87938,0.87938,74690000,1
1413418860000,1413418919000,0.87938,0.8797,0.87938,0.87964,133560000,1
1413418920000,1413418979000,0.87964,0.87985,0.87956,0.87981,99670000,1
1413418980000,1413419039000,0.87981,0.87983,0.87969,0.87983,60980000,1
1413419040000,1413419099000,0.87983,0.87983,0.87977,0.87977,21610000,1
1413419100000,1413419159000,0.87978,0.88099,0.87978,0.88063,124870000,1
1413419160000,1413419219000,0.88063,0.88104,0.88061,0.88089,179600000,1
1413419220000,1413419279000,0.88089,0.88089,0.88046,0.88079,206600000,1
1413419280000,1413419339000,0.88079,0.88084,0.88059,0.88079,117410000,1
1413419340000,1413419399000,0.88079,0.88088,0.88078,0.88083,46000000,1
1413419400000,1413419459000,0.88083,0.88126,0.88082,0.88121,135280000,1
1413419460000,1413419519000,0.88121,0.88144,0.88119,0.88128,127620000,1
1413419520000,1413419579000,0.8813,0.88132,0.88052,0.88055,242690000,1
1413419580000,1413419639000,0.88055,0.88055,0.8803,0.88038,138450000,1
1413419640000,1413419699000,0.88038,0.88042,0.87996,0.88007,202830000,1
1413419700000,1413419759000,0.88005,0.88047,0.88005,0.88035,179970000,1
1413419760000,1413419819000,0.88035,0.88044,0.88025,0.88043,82120000,1
1413419820000,1413419879000,0.88043,0.88043,0.8798,0.87983,79480000,1
1413419880000,1413419939000,0.87983,0.87998,0.87977,0.87991,164990000,1
1413419940000,1413419999000,0.87991,0.87998,0.87978,0.8798,123570000,1
1413420000000,1413420059000,0.87979,0.87981,0.87937,0.87937,216770000,1
1413420060000,1413420119000,0.87936,0.8794,0.87907,0.8793,230860000,1
1413420120000,1413420179000,0.87932,0.87969,0.87932,0.87954,185310000,1
1413420180000,1413420239000,0.87954,0.87972,0.87943,0.87963,152300000,1
1413420240000,1413420299000,0.87963,0.87972,0.8796,0.87972,87810000,1
1413420300000,1413420359000,0.87972,0.87979,0.87947,0.87957,96780000,1
1413420360000,1413420419000,0.87957,0.87957,0.87912,0.87934,134140000,1
1413420420000,1413420479000,0.87933,0.87935,0.87921,0.87921,66400000,1
1413420480000,1413420539000,0.87921,0.87965,0.87921,0.87956,115140000,1
1413420540000,1413420599000,0.87954,0.87979,0.87954,0.87963,151370000,1
1413420600000,1413420659000,0.87963,0.87978,0.87942,0.87943,88550000,1
1413420660000,1413420719000,0.87943,0.87948,0.87929,0.87945,92120000,1
1413420720000,1413420779000,0.87946,0.87976,0.87946,0.87976,130310000,1
1413420780000,1413420839000,0.87976,0.87995,0.87964,0.87991,126200000,1
1413420840000,1413420899000,0.87991,0.87997,0.87973,0.87983,168350000,1
1413420900000,1413420959000,0.87983,0.88067,0.87978,0.88051,269490000,1
1413420960000,1413421019000,0.88052,0.8807,0.8803,0.88031,182890000,1
1413421020000,1413421079000,0.88029,0.88062,0.88023,0.88062,241780000,1
1413421080000,1413421139000,0.88061,0.88091,0.88052,0.88063,210000000,1
1413421140000,1413421199000,0.88063,0.88063,0.88031,0.88037,130540000,1
1413421200000,1413421259000,0.88043,0.88044,0.87998,0.87998,114520000,1
1413421260000,1413421319000,0.87998,0.88002,0.87981,0.87981,103590000,1
1413421320000,1413421379000,0.87981,0.87989,0.8798,0.87986,70450000,1
1413421380000,1413421439000,0.87986,0.88003,0.87984,0.88002,50480000,1
1413421440000,1413421499000,0.88006,0.88021,0.87999,0.88001,46330000,1
1413421500000,1413421559000,0.88002,0.88002,0.87971,0.87972,172020000,1
1413421560000,1413421619000,0.87971,0.87976,0.87955,0.8797,101890000,1
1413421620000,1413421679000,0.87971,0.8798,0.87944,0.87945,129330000,1
1413421680000,1413421739000,0.87946,0.87953,0.87928,0.87953,129500000,1
1413421740000,1413421799000,0.87952,0.87952,0.87917,0.87933,140120000,1
1413421800000,1413421859000,0.87934,0.87956,0.87934,0.87956,32970000,1
1413421860000,1413421919000,0.87956,0.87967,0.87952,0.87956,35710000,1
1413421920000,1413421979000,0.87958,0.87972,0.87949,0.87953,81120000,1
1413421980000,1413422039000,0.87953,0.87967,0.8795,0.87955,56860000,1
1413422040000,1413422099000,0.87957,0.87992,0.87957,0.87971,106650000,1
1413422100000,1413422159000,0.87971,0.88002,0.87971,0.87986,199310000,1
1413422160000,1413422219000,0.87989,0.88001,0.87979,0.87984,117460000,1
1413422220000,1413422279000,0.87985,0.88025,0.87977,0.88025,104940000,1
1413422280000,1413422339000,0.88024,0.88041,0.8801,0.88029,138640000,1
1413422340000,1413422399000,0.88033,0.88046,0.8803,0.88041,51910000,1
1413422400000,1413422459000,0.88042,0.88045,0.88019,0.88019,62870000,1
1413422460000,1413422519000,0.88019,0.88019,0.87998,0.88004,66230000,1
1413422520000,1413422579000,0.88003,0.88003,0.87979,0.87979,123800000,1
1413422580000,1413422639000,0.87976,0.87996,0.87976,0.87996,54410000,1
1413422640000,1413422699000,0.87996,0.88009,0.87994,0.88004,54300000,1
1413422700000,1413422759000,0.88003,0.88011,0.87991,0.88006,41860000,1
1413422760000,1413422819000,0.88008,0.88012,0.88007,0.88011,17100000,1
1413422820000,1413422879000,0.88012,0.88025,0.88005,0.88005,57250000,1
1413422880000,1413422939000,0.88006,0.88015,0.87993,0.88006,113440000,1
1413422940000,1413422999000,0.88005,0.88022,0.88,0.88017,83540000,1
1413423000000,1413423059000,0.88017,0.88017,0.87993,0.88005,79800000,1
1413423060000,1413423119000,0.88005,0.8802,0.88001,0.88005,68370000,1
1413423120000,1413423179000,0.88003,0.88034,0.88002,0.88034,31930000,1
1413423180000,1413423239000,0.88034,0.88034,0.88014,0.88015,120740000,1
1413423240000,1413423299000,0.88015,0.88092,0.88012,0.88085,165900000,1
1413423300000,1413423359000,0.88084,0.88099,0.88074,0.88074,106680000,1
1413423360000,1413423419000,0.88074,0.88074,0.88052,0.88062,56260000,1
1413423420000,1413423479000,0.88062,0.88069,0.88042,0.88042,57850000,1
1413423480000,1413423539000,0.88042,0.88061,0.88039,0.88044,102850000,1
1413423540000,1413423599000,0.88045,0.88053,0.88,0.88002,207730000,1
1413423600000,1413423659000,0.88,0.8801,0.87978,0.87984,204730000,1
1413423660000,1413423719000,0.87986,0.88,0.87973,0.87987,81360000,1
1413423720000,1413423779000,0.87985,0.88005,0.87984,0.88005,54680000,1
1413423780000,1413423839000,0.88008,0.88011,0.87983,0.87983,96700000,1
1413423840000,1413423899000,0.87983,0.87991,0.87968,0.87977,137410000,1
1413423900000,1413423959000,0.87978,0.87986,0.87973,0.87984,22170000,1
1413423960000,1413424019000,0.87984,0.87998,0.87984,0.87994,56960000,1
1413424020000,1413424079000,0.87998,0.87998,0.87988,0.8799,42440000,1
1413424080000,1413424139000,0.8799,0.88004,0.87986,0.88002,34360000,1
1413424140000,1413424199000,0.88002,0.88002,0.87986,0.87994,51620000,1
1413424200000,1413424259000,0.87995,0.8802,0.87995,0.88018,127930000,1
1413424260000,1413424319000,0.8802,0.8804,0.88011,0.88013,167370000,1
1413424320000,1413424379000,0.88011,0.88048,0.8801,0.88036,153290000,1
1413424380000,1413424439000,0.88035,0.88052,0.88029,0.88045,98570000,1
1413424440000,1413424499000,0.88045,0.88064,0.88045,0.88064,24650000,1
1413424500000,1413424559000,0.88065,0.8807,0.88052,0.88054,57260000,1
1413424560000,1413424619000,0.88052,0.8807,0.88043,0.8807,55000000,1
1413424620000,1413424679000,0.8807,0.88075,0.88046,0.88066,105280000,1
1413424680000,1413424739000,0.88066,0.88077,0.88063,0.88066,59490000,1
1413424740000,1413424799000,0.88066,0.88075,0.88049,0.88051,38550000,1
1413424800000,1413424859000,0.88052,0.88054,0.88032,0.88041,78530000,1
1413424860000,1413424919000,0.8804,0.8804,0.87998,0.88,101750000,1
1413424920000,1413424979000,0.88,0.88006,0.8796,0.8796,238230000,1
1413424980000,1413425039000,0.87963,0.8797,0.8796,0.8796,82070000,1
1413425040000,1413425099000,0.8796,0.8796,0.87941,0.87942,94630000,1
1413425100000,1413425159000,0.87942,0.8796,0.87942,0.87949,79890000,1
1413425160000,1413425219000,0.87949,0.8795,0.8792,0.8792,113080000,1
1413425220000,1413425279000,0.8792,0.8794,0.8792,0.87934,131870000,1
1413425280000,1413425339000,0.87931,0.87935,0.87913,0.87913,76850000,1
1413425340000,1413425399000,0.87913,0.87924,0.87898,0.87911,144890000,1
1413425400000,1413425459000,0.87914,0.87914,0.87868,0.87868,94750000,1
1413425460000,1413425519000,0.87867,0.87885,0.87849,0.8788,187840000,1
1413425520000,1413425579000,0.87879,0.87886,0.87863,0.87863,70770000,1
1413425580000,1413425639000,0.87867,0.87886,0.87864,0.87865,76620000,1
1413425640000,1413425699000,0.87864,0.87897,0.87863,0.87883,100060000,1
1413425700000,1413425759000,0.87883,0.87886,0.8787,0.87881,86860000,1
1413425760000,1413425819000,0.87881,0.87916,0.87881,0.87913,97810000,1
1413425820000,1413425879000,0.87912,0.87966,0.87908,0.87955,212080000,1
1413425880000,1413425939000,0.87955,0.87955,0.87938,0.87939,84270000,1
1413425940000,1413425999000,0.87939,0.87939,0.87924,0.87934,115650000,1
1413426000000,1413426059000,0.87937,0.87937,0.87908,0.87916,91180000,1
1413426060000,1413426119000,0.87916,0.87928,0.87904,0.87916,60350000,1
1413426120000,1413426179000,0.87916,0.87924,0.87908,0.87916,64720000,1
1413426180000,1413426239000,0.87916,0.87935,0.87914,0.87926,57250000,1
1413426240000,1413426299000,0.87928,0.87936,0.87928,0.87936,16000000,1
1413426300000,1413426359000,0.87931,0.87979,0.87931,0.87973,77320000,1
1413426360000,1413426419000,0.87973,0.87985,0.87947,0.87947,71600000,1
1413426420000,1413426479000,0.87947,0.87966,0.87942,0.87966,60210000,1
1413426480000,1413426539000,0.87965,0.87986,0.87963,0.87975,105810000,1
1413426540000,1413426599000,0.87975,0.87985,0.87957,0.87985,62970000,1
1413426600000,1413426659000,0.87985,0.87997,0.87979,0.87982,118590000,1
1413426660000,1413426719000,0.87982,0.88012,0.87977,0.88012,80230000,1
1413426720000,1413426779000,0.88014,0.88022,0.88001,0.88012,82760000,1
1413426780000,1413426839000,0.88013,0.88032,0.87988,0.87989,125960000,1
1413426840000,1413426899000,0.87992,0.88014,0.87989,0.88014,93910000,1
1413426900000,1413426959000,0.88014,0.88014,0.88,0.88013,47760000,1
1413426960000,1413427019000,0.88016,0.88019,0.87992,0.87993,41880000,1
1413427020000,1413427079000,0.87995,0.88014,0.87995,0.88003,55780000,1
1413427080000,1413427139000,0.88005,0.8801,0.88003,0.88003,41840000,1
1413427140000,1413427199000,0.88004,0.88004,0.87979,0.87979,38150000,1
1413427200000,1413427259000,0.87979,0.87989,0.87971,0.87979,73870000,1
1413427260000,1413427319000,0.87979,0.87983,0.87963,0.87972,66250000,1
1413427320000,1413427379000,0.87972,0.87972,0.87948,0.87956,78530000,1
1413427380000,1413427439000,0.87956,0.87956,0.87934,0.87934,38330000,1
1413427440000,1413427499000,0.87934,0.87951,0.87929,0.87951,83680000,1
1413427500000,1413427559000,0.87951,0.87957,0.87939,0.8794,94260000,1
1413427560000,1413427619000,0.87939,0.87949,0.87932,0.87938,97690000,1
1413427620000,1413427679000,0.87938,0.87955,0.87934,0.87952,57760000,1
1413427680000,1413427739000,0.87952,0.87979,0.87952,0.87971,118840000,1
1413427740000,1413427799000,0.87972,0.87983,0.87971,0.87978,104380000,1
1413427800000,1413427859000,0.87979,0.88023,0.87977,0.88017,87830000,1
1413427860000,1413427919000,0.88015,0.88021,0.87999,0.88,129680000,1
1413427920000,1413427979000,0.87997,0.88004,0.87982,0.88002,94750000,1
1413427980000,1413428039000,0.87998,0.87998,0.87982,0.87995,39320000,1
1413428040000,1413428099000,0.87994,0.8802,0.87992,0.8802,59180000,1
1413428100000,1413428159000,0.88022,0.88028,0.87984,0.87986,141850000,1
1413428160000,1413428219000,0.87985,0.87985,0.87965,0.87972,130330000,1
1413428220000,1413428279000,0.87973,0.87996,0.87973,0.87995,65160000,1
1413428280000,1413428339000,0.87996,0.87996,0.87972,0.87972,108390000,1
1413428340000,1413428399000,0.87972,0.87972,0.8795,0.8795,49450000,1
1413428400000,1413428459000,0.8795,0.87994,0.8795,0.87992,83850000,1
1413428460000,1413428519000,0.87992,0.87992,0.87965,0.87972,120820000,1
1413428520000,1413428579000,0.87971,0.87982,0.87963,0.87981,85010000,1
1413428580000,1413428639000,0.87977,0.87977,0.87966,0.87968,59550000,1
1413428640000,1413428699000,0.87968,0.87973,0.87968,0.8797,30390000,1
1413428700000,1413428759000,0.87971,0.87973,0.8797,0.87973,20600000,1
1413428760000,1413428819000,0.87971,0.87971,0.87955,0.8796,40650000,1
1413428820000,1413428879000,0.87962,0.87962,0.8795,0.87953,47030000,1
1413428880000,1413428939000,0.87954,0.87963,0.87954,0.87962,32170000,1
1413428940000,1413428999000,0.87962,0.87964,0.87962,0.87964,14000000,1
1413429000000,1413429059000,0.87964,0.87964,0.87955,0.87956,42360000,1
1413429060000,1413429119000,0.87957,0.87963,0.87955,0.87955,47930000,1
1413429120000,1413429179000,0.87955,0.87957,0.8795,0.87952,35960000,1
1413429180000,1413429239000,0.87952,0.87952,0.87929,0.87936,60730000,1
1413429240000,1413429299000,0.87936,0.87936,0.87932,0.87934,56530000,1
1413429300000,1413429359000,0.87934,0.87937,0.87934,0.87934,21710000,1
1413429360000,1413429419000,0.87934,0.87934,0.87931,0.87934,10500000,1
1413429420000,1413429479000,0.87932,0.87932,0.87923,0.87924,17920000,1
1413429480000,1413429539000,0.87924,0.87925,0.87918,0.87919,26490000,1
1413429540000,1413429599000,0.87919,0.87938,0.87919,0.87937,47150000,1
1413429600000,1413429659000,0.87937,0.87937,0.87918,0.87918,54190000,1
1413429660000,1413429719000,0.8792,0.87925,0.87902,0.87902,71770000,1
1413429720000,1413429779000,0.87903,0.87922,0.87867,0.87917,126890000,1
1413429780000,1413429839000,0.87915,0.87932,0.87915,0.87927,49840000,1
1413429840000,1413429899000,0.87927,0.87931,0.87927,0.87927,27930000,1
1413429900000,1413429959000,0.87927,0.87951,0.87927,0.87951,75810000,1
1413429960000,1413430019000,0.87956,0.87965,0.87956,0.87965,52810000,1
1413430020000,1413430079000,0.87965,0.87993,0.87965,0.87986,88690000,1
1413430080000,1413430139000,0.87986,0.87986,0.87959,0.87962,63940000,1
1413430140000,1413430199000,0.87963,0.87991,0.87951,0.8799,85430000,1
1413430200000,1413430259000,0.8799,0.8799,0.87973,0.87973,26090000,1
1413430260000,1413430319000,0.87975,0.87983,0.87949,0.87952,67820000,1
1413430320000,1413430379000,0.87951,0.87956,0.87942,0.87948,63740000,1
1413430380000,1413430439000,0.87948,0.87951,0.87939,0.87941,33650000,1
1413430440000,1413430499000,0.87943,0.87943,0.87942,0.87942,16530000,1
1413430500000,1413430559000,0.87942,0.87942,0.87926,0.87926,44520000,1
1413430560000,1413430619000,0.87926,0.87927,0.8791,0.87923,111000000,1
1413430620000,1413430679000,0.87921,0.87929,0.87919,0.87923,13950000,1
1413430680000,1413430739000,0.87923,0.87923,0.8792,0.87923,10000000,1
1413430740000,1413430799000,0.87922,0.87922,0.87905,0.87912,56120000,1
1413430800000,1413430859000,0.87913,0.87914,0.87902,0.87902,30000000,1
1413430860000,1413430919000,0.87903,0.87903,0.87892,0.87892,45600000,1
1413430920000,1413430979000,0.87892,0.87892,0.87871,0.87871,40600000,1
1413430980000,1413431039000,0.87874,0.87874,0.8784,0.87843,79720000,1
1413431040000,1413431099000,0.87843,0.87873,0.87842,0.87872,88970000,1
1413431100000,1413431159000,0.87868,0.87868,0.87852,0.87859,27610000,1
1413431160000,1413431219000,0.87859,0.87888,0.87859,0.87888,42010000,1
1413431220000,1413431279000,0.87887,0.87887,0.87874,0.87874,15000000,1
1413431280000,1413431339000,0.87874,0.87875,0.87869,0.8787,18740000,1
1413431340000,1413431399000,0.87871,0.87874,0.87856,0.8787,58630000,1
1413431400000,1413431459000,0.8787,0.8788,0.8787,0.87875,27970000,1
1413431460000,1413431519000,0.87877,0.87893,0.87877,0.87887,59750000,1
1413431520000,1413431579000,0.87888,0.87891,0.87881,0.87882,42880000,1
1413431580000,1413431639000,0.87881,0.87881,0.87862,0.87863,35670000,1
1413431640000,1413431699000,0.87863,0.87863,0.87852,0.87852,17090000,1
1413431700000,1413431759000,0.87852,0.87854,0.87835,0.87841,64600000,1
1413431760000,1413431819000,0.87841,0.87867,0.87839,0.87865,80070000,1
1413431820000,1413431879000,0.87865,0.87868,0.87864,0.87866,10900000,1
1413431880000,1413431939000,0.87867,0.87877,0.87867,0.87873,47960000,1
1413431940000,1413431999000,0.87872,0.87878,0.87872,0.87875,28810000,1
1413432000000,1413432059000,0.87875,0.87876,0.87871,0.87872,22690000,1
1413432060000,1413432119000,0.87872,0.87882,0.87872,0.87882,30110000,1
1413432120000,1413432179000,0.87882,0.87893,0.87881,0.87883,36610000,1
1413432180000,1413432239000,0.87884,0.87885,0.8784,0.87845,92300000,1
1413432240000,1413432299000,0.87842,0.87842,0.8783,0.87842,71300000,1
1413432300000,1413432359000,0.87842,0.87851,0.87832,0.87838,64020000,1
1413432360000,1413432419000,0.87839,0.87853,0.87835,0.87845,81640000,1
1413432420000,1413432479000,0.87845,0.87845,0.87828,0.87828,32250000,1
1413432480000,1413432539000,0.87828,0.87834,0.87824,0.87832,43740000,1
1413432540000,1413432599000,0.87833,0.87852,0.87831,0.87851,56620000,1
1413432600000,1413432659000,0.87853,0.87855,0.87851,0.87855,50980000,1
1413432660000,1413432719000,0.87855,0.87881,0.87855,0.87881,38000000,1
1413432720000,1413432779000,0.8788,0.87905,0.87875,0.87905,76250000,1
1413432780000,1413432839000,0.87905,0.87905,0.87882,0.87886,17670000,1
1413432840000,1413432899000,0.87887,0.87908,0.87887,0.87906,40910000,1
1413432900000,1413432959000,0.87906,0.87906,0.87895,0.87896,35330000,1
1413432960000,1413433019000,0.87896,0.87896,0.87873,0.87875,78450000,1
1413433020000,1413433079000,0.87875,0.87875,0.87863,0.87865,12000000,1
1413433080000,1413433139000,0.87865,0.87866,0.87841,0.87845,33550000,1
1413433140000,1413433199000,0.87846,0.87866,0.87846,0.87864,36520000,1
1413433200000,1413433259000,0.87857,0.87885,0.87855,0.87865,85950000,1
1413433260000,1413433319000,0.87863,0.87864,0.87851,0.87855,22910000,1
1413433320000,1413433379000,0.87857,0.87869,0.87844,0.87853,72980000,1
1413433380000,1413433439000,0.87849,0.87853,0.87838,0.87851,72250000,1
1413433440000,1413433499000,0.87852,0.87859,0.87852,0.87852,18480000,1
1413433500000,1413433559000,0.87852,0.87856,0.87852,0.87856,8600000,1
1413433560000,1413433619000,0.87855,0.87855,0.87844,0.87844,10000000,1
1413433620000,1413433679000,0.87843,0.87854,0.87843,0.87852,22270000,1
1413433680000,1413433739000,0.87852,0.8786,0.87852,0.87854,20640000,1
1413433740000,1413433799000,0.87855,0.87862,0.87855,0.87861,12060000,1
1413433800000,1413433859000,0.87861,0.87862,0.87855,0.87855,18250000,1
1413433860000,1413433919000,0.87855,0.87857,0.87844,0.87845,93620000,1
1413433920000,1413433979000,0.87843,0.87853,0.87842,0.87851,59990000,1
1413433980000,1413434039000,0.87852,0.87853,0.87843,0.87843,27340000,1
1413434040000,1413434099000,0.87843,0.87852,0.87843,0.87852,16070000,1
1413434100000,1413434159000,0.87854,0.87864,0.87852,0.87864,110400000,1
1413434160000,1413434219000,0.87865,0.87865,0.87854,0.87855,15700000,1
1413434220000,1413434279000,0.87856,0.87864,0.87855,0.87862,32790000,1
1413434280000,1413434339000,0.87862,0.87875,0.87861,0.87872,152170000,1
1413434340000,1413434399000,0.87868,0.87874,0.87858,0.8787,121030000,1
1413434400000,1413434459000,0.8787,0.87872,0.87861,0.87864,32440000,1
1413434460000,1413434519000,0.87864,0.87864,0.87853,0.87853,19290000,1
1413434520000,1413434579000,0.87854,0.87865,0.87854,0.87865,11500000,1
1413434580000,1413434639000,0.8786,0.87864,0.87852,0.87862,77510000,1
1413434640000,1413434699000,0.87862,0.87866,0.87858,0.87863,39030000,1
1413434700000,1413434759000,0.87863,0.8788,0.87858,0.8788,35230000,1
1413434760000,1413434819000,0.8788,0.87883,0.87877,0.87879,35880000,1
1413434820000,1413434879000,0.87878,0.87882,0.87877,0.87881,46650000,1
1413434880000,1413434939000,0.87879,0.87881,0.87862,0.87866,18220000,1
1413434940000,1413434999000,0.87866,0.87868,0.8785,0.87866,85860000,1
1413435000000,1413435059000,0.87868,0.87876,0.87868,0.87876,14780000,1
1413435060000,1413435119000,0.87878,0.87883,0.87878,0.87882,17220000,1
1413435120000,1413435179000,0.87882,0.87882,0.87851,0.87851,65770000,1
1413435180000,1413435239000,0.87853,0.87855,0.87852,0.87854,18860000,1
1413435240000,1413435299000,0.87854,0.87877,0.87853,0.8787,28940000,1
1413435300000,1413435359000,0.8787,0.87883,0.8786,0.87882,35090000,1
1413435360000,1413435419000,0.8788,0.87884,0.87876,0.87882,39800000,1
1413435420000,1413435479000,0.87882,0.87897,0.87873,0.8788,62840000,1
1413435480000,1413435539000,0.87881,0.87895,0.87872,0.87894,58930000,1
1413435540000,1413435599000,0.87891,0.87891,0.8787,0.8787,46320000,1
1413435600000,1413435659000,0.8787,0.87876,0.87869,0.87872,82030000,1
1413435660000,1413435719000,0.87872,0.87872,0.87865,0.87871,24840000,1
1413435720000,1413435779000,0.8787,0.87892,0.8787,0.87883,22280000,1
1413435780000,1413435839000,0.87883,0.87911,0.87882,0.87909,142350000,1
1413435840000,1413435899000,0.87909,0.87929,0.87908,0.8792,154780000,1
1413435900000,1413435959000,0.8792,0.87922,0.87898,0.879,74920000,1
1413435960000,1413436019000,0.87898,0.87903,0.87885,0.87885,48290000,1
1413436020000,1413436079000,0.8788,0.87884,0.87869,0.87881,54360000,1
1413436080000,1413436139000,0.87881,0.87915,0.87881,0.87908,60470000,1
1413436140000,1413436199000,0.87906,0.87906,0.87882,0.87882,100930000,1
1413436200000,1413436259000,0.87882,0.87885,0.87877,0.8788,20570000,1
1413436260000,1413436319000,0.8788,0.8788,0.87872,0.87875,17050000,1
1413436320000,1413436379000,0.87875,0.87875,0.87869,0.8787,9270000,1
1413436380000,1413436439000,0.87872,0.87874,0.87864,0.87869,66100000,1
1413436440000,1413436499000,0.87867,0.87867,0.87858,0.8786,52590000,1
1413436500000,1413436559000,0.87863,0.87863,0.87859,0.8786,38070000,1
1413436560000,1413436619000,0.87859,0.87863,0.87859,0.8786,29820000,1
1413436620000,1413436679000,0.87861,0.87863,0.87842,0.87853,47910000,1
1413436680000,1413436739000,0.87851,0.87854,0.87851,0.87852,15950000,1
1413436740000,1413436799000,0.87852,0.87884,0.87845,0.87884,60440000,1
1413436800000,1413436859000,0.87884,0.87892,0.87875,0.87876,33000000,1
1413436860000,1413436919000,0.87873,0.87874,0.87873,0.87873,18000000,1
1413436920000,1413436979000,0.87873,0.87875,0.87871,0.87874,35750000,1
1413436980000,1413437039000,0.87872,0.87875,0.87872,0.87872,25250000,1
1413437040000,1413437099000,0.87871,0.87873,0.87867,0.8787,25750000,1
1413437100000,1413437159000,0.87868,0.87868,0.87862,0.87865,9500000,1
1413437160000,1413437219000,0.87867,0.87875,0.87857,0.87872,46420000,1
1413437220000,1413437279000,0.87872,0.87879,0.8787,0.87872,39210000,1
1413437280000,1413437339000,0.87873,0.87882,0.87873,0.87875,15600000,1
1413437340000,1413437399000,0.87873,0.87873,0.87862,0.87862,14250000,1
1413437400000,1413437459000,0.87862,0.87863,0.87858,0.8786,27710000,1
1413437460000,1413437519000,0.87859,0.87859,0.87853,0.87858,18310000,1
1413437520000,1413437579000,0.87859,0.87859,0.87852,0.87852,13770000,1
1413437580000,1413437639000,0.87852,0.87855,0.87852,0.87852,20710000,1
1413437640000,1413437699000,0.87852,0.87862,0.87852,0.8786,56190000,1
1413437700000,1413437759000,0.8786,0.87872,0.87859,0.87872,63900000,1
1413437760000,1413437819000,0.87872,0.87886,0.87872,0.87886,33190000,1
1413437820000,1413437879000,0.87887,0.87931,0.87887,0.87929,131850000,1
1413437880000,1413437939000,0.8793,0.8793,0.87923,0.87923,33890000,1
1413437940000,1413437999000,0.87923,0.87923,0.8791,0.87919,47990000,1
1413438000000,1413438059000,0.87918,0.87923,0.87909,0.87921,93250000,1
1413438060000,1413438119000,0.87921,0.87955,0.87921,0.87955,112870000,1
1413438120000,1413438179000,0.87953,0.87982,0.87945,0.87971,115370000,1
1413438180000,1413438239000,0.87971,0.87971,0.8796,0.87961,49210000,1
1413438240000,1413438299000,0.8796,0.87981,0.8796,0.8798,51850000,1
1413438300000,1413438359000,0.8798,0.87981,0.87959,0.8796,82740000,1
1413438360000,1413438419000,0.87963,0.87971,0.87961,0.87962,44110000,1
1413438420000,1413438479000,0.87961,0.87964,0.87955,0.87955,22260000,1
1413438480000,1413438539000,0.87955,0.87955,0.8795,0.87952,28000000,1
1413438540000,1413438599000,0.8795,0.87952,0.87949,0.8795,33490000,1
1413438600000,1413438659000,0.8795,0.8795,0.87929,0.87939,46460000,1
1413438660000,1413438719000,0.87938,0.87941,0.8793,0.8793,40370000,1
1413438720000,1413438779000,0.8793,0.8793,0.8791,0.87921,64340000,1
1413438780000,1413438839000,0.87921,0.87933,0.87909,0.87913,120710000,1
1413438840000,1413438899000,0.87913,0.87916,0.87909,0.87911,58840000,1
1413438900000,1413438959000,0.87912,0.87941,0.87912,0.87941,62150000,1
1413438960000,1413439019000,0.87941,0.87941,0.8793,0.87932,32070000,1
1413439020000,1413439079000,0.87932,0.87932,0.87921,0.87927,69950000,1
1413439080000,1413439139000,0.87927,0.87927,0.879,0.87903,79940000,1
1413439140000,1413439199000,0.87903,0.8791,0.87879,0.8791,74560000,1
1413439200000,1413439259000,0.87912,0.87924,0.87912,0.87924,33750000,1
1413439260000,1413439319000,0.87923,0.8793,0.8792,0.87924,51600000,1
1413439320000,1413439379000,0.87924,0.87924,0.87889,0.87889,44310000,1
1413439380000,1413439439000,0.87889,0.87892,0.87849,0.87872,141010000,1
1413439440000,1413439499000,0.87872,0.87876,0.87837,0.87838,119250000,1
1413439500000,1413439559000,0.87838,0.87844,0.87833,0.87842,70420000,1
1413439560000,1413439619000,0.87842,0.8785,0.87825,0.87825,88440000,1
1413439620000,1413439679000,0.87824,0.87826,0.8777,0.87771,157000000,1
1413439680000,1413439739000,0.87771,0.87782,0.8775,0.87752,103420000,1
1413439740000,1413439799000,0.87756,0.8777,0.8773,0.87733,115460000,1
1413439800000,1413439859000,0.87734,0.87742,0.87709,0.87712,134790000,1
1413439860000,1413439919000,0.87711,0.87728,0.87697,0.87724,128960000,1
1413439920000,1413439979000,0.8772,0.87728,0.87719,0.87728,72370000,1
1413439980000,1413440039000,0.87728,0.87732,0.87706,0.8773,153590000,1
1413440040000,1413440099000,0.87729,0.87741,0.87726,0.8774,65460000,1
1413440100000,1413440159000,0.8774,0.87754,0.87735,0.87751,97190000,1
1413440160000,1413440219000,0.87755,0.87782,0.87755,0.87773,80860000,1
1413440220000,1413440279000,0.87774,0.87786,0.87759,0.87766,165810000,1
1413440280000,1413440339000,0.87767,0.87768,0.87752,0.87768,75230000,1
1413440340000,1413440399000,0.87768,0.87768,0.87751,0.87751,33280000,1
1413440400000,1413440459000,0.87751,0.87773,0.8775,0.87773,58180000,1
1413440460000,1413440519000,0.87775,0.87775,0.87757,0.87762,41430000,1
1413440520000,1413440579000,0.87761,0.87761,0.87734,0.87734,48800000,1
1413440580000,1413440639000,0.87734,0.87742,0.87721,0.87724,41830000,1
1413440640000,1413440699000,0.87724,0.8774,0.87703,0.8774,89170000,1
1413440700000,1413440759000,0.87741,0.87751,0.87693,0.87696,84380000,1
1413440760000,1413440819000,0.87698,0.87702,0.87682,0.87682,86230000,1
1413440820000,1413440879000,0.87683,0.87704,0.87682,0.87702,67100000,1
1413440880000,1413440939000,0.87702,0.87702,0.87642,0.87643,92980000,1
1413440940000,1413440999000,0.87648,0.87681,0.87647,0.87681,77790000,1
1413441000000,1413441059000,0.87682,0.87703,0.87681,0.877,87210000,1
1413441060000,1413441119000,0.877,0.877,0.87672,0.87677,79220000,1
1413441120000,1413441179000,0.87677,0.87704,0.87677,0.877,51380000,1
1413441180000,1413441239000,0.877,0.87701,0.87691,0.87691,61110000,1
1413441240000,1413441299000,0.8769,0.8769,0.8767,0.87671,69120000,1
1413441300000,1413441359000,0.87671,0.87681,0.87671,0.87678,67510000,1
1413441360000,1413441419000,0.87678,0.8769,0.87678,0.87681,92590000,1
1413441420000,1413441479000,0.8768,0.87687,0.8768,0.87686,66710000,1
1413441480000,1413441539000,0.87686,0.87687,0.8764,0.87641,82290000,1
1413441540000,1413441599000,0.87642,0.87679,0.87642,0.87679,85220000,1
1413441600000,1413441659000,0.87678,0.87686,0.87662,0.87662,50320000,1
1413441660000,1413441719000,0.87662,0.87663,0.87635,0.8764,60740000,1
1413441720000,1413441779000,0.8764,0.8764,0.87616,0.87621,112610000,1
1413441780000,1413441839000,0.87621,0.87622,0.87613,0.87613,22500000,1
1413441840000,1413441899000,0.87613,0.87629,0.87586,0.87629,108020000,1
1413441900000,1413441959000,0.87629,0.87677,0.87626,0.87676,182210000,1
1413441960000,1413442019000,0.87676,0.87676,0.87643,0.87648,78470000,1
1413442020000,1413442079000,0.87648,0.8771,0.87648,0.87708,81610000,1
1413442080000,1413442139000,0.87709,0.8772,0.87707,0.87717,63630000,1
1413442140000,1413442199000,0.87717,0.87729,0.87687,0.87691,88240000,1
1413442200000,1413442259000,0.87691,0.87691,0.87637,0.87637,106720000,1
1413442260000,1413442319000,0.87637,0.87648,0.87628,0.87648,74900000,1
1413442320000,1413442379000,0.87648,0.87663,0.87634,0.87634,83140000,1
1413442380000,1413442439000,0.87634,0.87661,0.87629,0.87642,75320000,1
1413442440000,1413442499000,0.87642,0.87649,0.87619,0.8763,88790000,1
1413442500000,1413442559000,0.8763,0.8763,0.8759,0.87619,158730000,1
1413442560000,1413442619000,0.87619,0.87658,0.87619,0.87638,135050000,1
1413442620000,1413442679000,0.87638,0.87638,0.87607,0.87607,64910000,1
1413442680000,1413442739000,0.87607,0.8764,0.87607,0.8764,116160000,1
1413442740000,1413442799000,0.8764,0.87677,0.87639,0.87673,123270000,1
1413442800000,1413442859000,0.87673,0.87689,0.87632,0.87638,137940000,1
1413442860000,1413442919000,0.87638,0.87649,0.87617,0.87624,137410000,1
1413442920000,1413442979000,0.87623,0.87679,0.8762,0.87675,152380000,1
1413442980000,1413443039000,0.87675,0.87711,0.87669,0.87692,119650000,1
1413443040000,1413443099000,0.87691,0.87696,0.87682,0.87688,61240000,1
1413443100000,1413443159000,0.87688,0.87717,0.87682,0.87689,112300000,1
1413443160000,1413443219000,0.87689,0.87696,0.87667,0.87667,84100000,1
1413443220000,1413443279000,0.87667,0.8767,0.87636,0.8764,102540000,1
1413443280000,1413443339000,0.87641,0.87667,0.87627,0.87667,101310000,1
1413443340000,1413443399000,0.87667,0.87736,0.87657,0.87727,153970000,1
1413443400000,1413443459000,0.87725,0.87748,0.87707,0.87744,143790000,1
1413443460000,1413443519000,0.87742,0.87782,0.87741,0.87768,137350000,1
1413443520000,1413443579000,0.87768,0.87768,0.87737,0.87745,143720000,1
1413443580000,1413443639000,0.87745,0.87745,0.87717,0.87721,86530000,1
1413443640000,1413443699000,0.87723,0.8774,0.87722,0.8773,92590000,1
1413443700000,1413443759000,0.8773,0.87755,0.87721,0.87747,94530000,1
1413443760000,1413443819000,0.87751,0.87752,0.87642,0.87647,137930000,1
1413443820000,1413443879000,0.87647,0.87657,0.87633,0.87648,131670000,1
1413443880000,1413443939000,0.87647,0.87656,0.87631,0.87639,145670000,1
1413443940000,1413443999000,0.8764,0.87644,0.87617,0.87628,116940000,1
1413444000000,1413444059000,0.87628,0.87636,0.87611,0.87626,134530000,1
1413444060000,1413444119000,0.87626,0.87649,0.87613,0.8763,92700000,1
1413444120000,1413444179000,0.87628,0.87639,0.87627,0.87627,62410000,1
1413444180000,1413444239000,0.87627,0.87627,0.87603,0.87607,81480000,1
1413444240000,1413444299000,0.87607,0.87622,0.87589,0.87592,83360000,1
1413444300000,1413444359000,0.87592,0.87593,0.87548,0.87559,151480000,1
1413444360000,1413444419000,0.87559,0.8758,0.87547,0.87557,125620000,1
1413444420000,1413444479000,0.87557,0.87557,0.87504,0.87519,160760000,1
1413444480000,1413444539000,0.8752,0.87527,0.87507,0.87527,105270000,1
1413444540000,1413444599000,0.87526,0.87537,0.87511,0.87513,101350000,1
1413444600000,1413444659000,0.87512,0.87514,0.8746,0.87485,157240000,1
1413444660000,1413444719000,0.87489,0.87554,0.87489,0.87552,163070000,1
1413444720000,1413444779000,0.87551,0.8758,0.87551,0.87567,141310000,1
1413444780000,1413444839000,0.87571,0.87571,0.87507,0.87507,122290000,1
1413444840000,1413444899000,0.87507,0.87517,0.87499,0.87504,116100000,1
1413444900000,1413444959000,0.87503,0.87503,0.87466,0.87468,169130000,1
1413444960000,1413445019000,0.87467,0.87511,0.87465,0.87505,178930000,1
1413445020000,1413445079000,0.87507,0.87518,0.87487,0.8751,174220000,1
1413445080000,1413445139000,0.87508,0.87532,0.87503,0.87515,117210000,1
1413445140000,1413445199000,0.87515,0.87535,0.87513,0.87528,83950000,1
1413445200000,1413445259000,0.87528,0.87538,0.87501,0.87506,123410000,1
1413445260000,1413445319000,0.87506,0.8751,0.87493,0.87504,111330000,1
1413445320000,1413445379000,0.87505,0.87518,0.87485,0.87485,127390000,1
1413445380000,1413445439000,0.87485,0.87493,0.87457,0.87466,104300000,1
1413445440000,1413445499000,0.87468,0.87486,0.87459,0.87459,141640000,1
1413445500000,1413445559000,0.87459,0.8747,0.87447,0.87466,140410000,1
1413445560000,1413445619000,0.87466,0.87468,0.87435,0.87448,130510000,1
1413445620000,1413445679000,0.87448,0.87476,0.87447,0.87476,121710000,1
1413445680000,1413445739000,0.87476,0.87554,0.87476,0.87497,197410000,1
1413445740000,1413445799000,0.87499,0.8757,0.87497,0.87569,165660000,1
1413445800000,1413445859000,0.87568,0.87633,0.87567,0.87612,222560000,1
1413445860000,1413445919000,0.87611,0.87617,0.87572,0.87582,158020000,1
1413445920000,1413445979000,0.87582,0.87616,0.87577,0.87597,177900000,1
1413445980000,1413446039000,0.87597,0.87621,0.87587,0.87587,173550000,1
1413446040000,1413446099000,0.87587,0.87591,0.87564,0.87567,92100000,1
1413446100000,1413446159000,0.87566,0.87569,0.87542,0.87564,128700000,1
1413446160000,1413446219000,0.87564,0.8757,0.87526,0.87526,125960000,1
1413446220000,1413446279000,0.87525,0.87564,0.87522,0.87558,104290000,1
1413446280000,1413446339000,0.8756,0.87588,0.8756,0.87585,143500000,1
1413446340000,1413446399000,0.87586,0.8762,0.87583,0.87619,107270000,1
1413446400000,1413446459000,0.87619,0.87621,0.87587,0.87598,180240000,1
1413446460000,1413446519000,0.87598,0.87615,0.87587,0.87606,178170000,1
1413446520000,1413446579000,0.87606,0.87607,0.87587,0.87587,151700000,1
1413446580000,1413446639000,0.8759,0.87593,0.8758,0.87583,98180000,1
1413446640000,1413446699000,0.8758,0.87581,0.87562,0.87566,120120000,1
1413446700000,1413446759000,0.87564,0.87615,0.87564,0.87598,162450000,1
1413446760000,1413446819000,0.87598,0.87619,0.87594,0.87619,132070000,1
1413446820000,1413446879000,0.8762,0.87636,0.87604,0.87619,217510000,1
1413446880000,1413446939000,0.87618,0.87618,0.8758,0.87584,138370000,1
1413446940000,1413446999000,0.87587,0.87631,0.87587,0.87628,178560000,1
1413447000000,1413447059000,0.87628,0.87642,0.87627,0.87631,122240000,1
1413447060000,1413447119000,0.87631,0.87636,0.87623,0.87633,86100000,1
1413447120000,1413447179000,0.87632,0.87632,0.87571,0.87602,152690000,1
1413447180000,1413447239000,0.87603,0.8762,0.87593,0.87605,220300000,1
1413447240000,1413447299000,0.87604,0.87607,0.87579,0.87579,115570000,1
1413447300000,1413447359000,0.87579,0.87595,0.87567,0.8757,167440000,1
1413447360000,1413447419000,0.8757,0.87576,0.87554,0.87557,114230000,1
1413447420000,1413447479000,0.87558,0.87561,0.87506,0.87507,140670000,1
1413447480000,1413447539000,0.87506,0.87526,0.87487,0.87503,143530000,1
1413447540000,1413447599000,0.87503,0.87547,0.87502,0.87547,181540000,1
1413447600000,1413447659000,0.87546,0.87594,0.87546,0.87546,179470000,1
1413447660000,1413447719000,0.87546,0.87587,0.87546,0.87587,143000000,1
1413447720000,1413447779000,0.87585,0.87606,0.87571,0.87595,145630000,1
1413447780000,1413447839000,0.876,0.87607,0.87575,0.87577,102280000,1
1413447840000,1413447899000,0.87577,0.87598,0.87555,0.87587,135580000,1
1413447900000,1413447959000,0.87587,0.87605,0.87567,0.87567,119800000,1
1413447960000,1413448019000,0.87567,0.87572,0.87496,0.87507,115940000,1
1413448020000,1413448079000,0.87507,0.87516,0.87439,0.87461,176710000,1
1413448080000,1413448139000,0.87461,0.87469,0.87445,0.87466,131430000,1
1413448140000,1413448199000,0.87468,0.87468,0.87377,0.87377,182350000,1
1413448200000,1413448259000,0.87376,0.87397,0.87366,0.87389,184810000,1
1413448260000,1413448319000,0.87393,0.87439,0.87393,0.87402,176390000,1
1413448320000,1413448379000,0.87402,0.87414,0.87384,0.87408,188170000,1
1413448380000,1413448439000,0.87406,0.87417,0.87371,0.87412,253070000,1
1413448440000,1413448499000,0.8741,0.87428,0.87391,0.87404,167510000,1
1413448500000,1413448559000,0.87404,0.87437,0.87401,0.87437,133330000,1
1413448560000,1413448619000,0.87436,0.87436,0.87399,0.87415,127030000,1
1413448620000,1413448679000,0.8741,0.87414,0.8738,0.87388,158260000,1
1413448680000,1413448739000,0.8739,0.87398,0.87335,0.87335,182810000,1
1413448740000,1413448799000,0.87335,0.87369,0.87315,0.87328,150470000,1
1413448800000,1413448859000,0.87328,0.87362,0.87317,0.87358,154640000,1
1413448860000,1413448919000,0.87358,0.87393,0.87344,0.87392,160400000,1
1413448920000,1413448979000,0.87391,0.87419,0.8738,0.87417,165400000,1
1413448980000,1413449039000,0.87418,0.87446,0.87416,0.87438,135710000,1
1413449040000,1413449099000,0.87437,0.87437,0.87367,0.87372,173190000,1
1413449100000,1413449159000,0.87372,0.87373,0.87344,0.87349,133130000,1
1413449160000,1413449219000,0.87349,0.87356,0.87339,0.87356,125820000,1
1413449220000,1413449279000,0.87356,0.87367,0.87348,0.8735,107340000,1
1413449280000,1413449339000,0.8735,0.87356,0.87327,0.87349,151440000,1
1413449340000,1413449399000,0.87349,0.87388,0.87347,0.87388,146080000,1
1413449400000,1413449459000,0.87388,0.874,0.87376,0.874,112630000,1
1413449460000,1413449519000,0.87401,0.87402,0.87337,0.87346,135140000,1
1413449520000,1413449579000,0.87346,0.8735,0.87319,0.8732,158150000,1
1413449580000,1413449639000,0.87319,0.87321,0.873,0.8731,165530000,1
1413449640000,1413449699000,0.87309,0.87336,0.87301,0.8732,176470000,1
1413449700000,1413449759000,0.87317,0.87345,0.87307,0.87336,172470000,1
1413449760000,1413449819000,0.87336,0.87397,0.87336,0.87395,151630000,1
1413449820000,1413449879000,0.87394,0.87418,0.8737,0.8739,201630000,1
1413449880000,1413449939000,0.87391,0.87405,0.8737,0.87374,133940000,1
1413449940000,1413449999000,0.87373,0.87373,0.87304,0.87312,135080000,1
1413450000000,1413450059000,0.87312,0.8733,0.87306,0.87328,160920000,1
1413450060000,1413450119000,0.87326,0.87379,0.87326,0.87379,219110000,1
1413450120000,1413450179000,0.8738,0.87383,0.87317,0.87337,188160000,1
1413450180000,1413450239000,0.87336,0.87346,0.87309,0.87324,169710000,1
1413450240000,1413450299000,0.87324,0.87338,0.87309,0.87338,171660000,1
1413450300000,1413450359000,0.87337,0.8736,0.8732,0.87351,162260000,1
1413450360000,1413450419000,0.87351,0.87359,0.87338,0.87341,106550000,1
1413450420000,1413450479000,0.87342,0.87361,0.87339,0.8735,156350000,1
1413450480000,1413450539000,0.87349,0.87352,0.87329,0.8734,127980000,1
1413450540000,1413450599000,0.87343,0.87352,0.87306,0.87318,170620000,1
1413450600000,1413450659000,0.87319,0.87324,0.87292,0.87299,140710000,1
1413450660000,1413450719000,0.87299,0.87314,0.87299,0.87307,85240000,1
1413450720000,1413450779000,0.87307,0.87353,0.87293,0.8735,131130000,1
1413450780000,1413450839000,0.87349,0.87378,0.87345,0.87358,132850000,1
1413450840000,1413450899000,0.87357,0.87357,0.87307,0.87316,98980000,1
1413450900000,1413450959000,0.87313,0.87353,0.87296,0.87344,135830000,1
1413450960000,1413451019000,0.87342,0.87361,0.87315,0.87318,119280000,1
1413451020000,1413451079000,0.87316,0.87335,0.87307,0.87322,130370000,1
1413451080000,1413451139000,0.87321,0.8735,0.87318,0.87337,144040000,1
1413451140000,1413451199000,0.87336,0.87336,0.87289,0.87298,142680000,1
1413451200000,1413451259000,0.87298,0.87313,0.87274,0.87278,151080000,1
1413451260000,1413451319000,0.87278,0.87278,0.87248,0.87251,84960000,1
1413451320000,1413451379000,0.87252,0.87254,0.87229,0.8724,193030000,1
1413451380000,1413451439000,0.8724,0.87286,0.8724,0.87286,140810000,1
1413451440000,1413451499000,0.87286,0.87287,0.87277,0.87286,73710000,1
1413451500000,1413451559000,0.87286,0.87286,0.87267,0.87268,48390000,1
1413451560000,1413451619000,0.87264,0.87266,0.87237,0.87254,128940000,1
1413451620000,1413451679000,0.87256,0.87258,0.87244,0.87257,102740000,1
1413451680000,1413451739000,0.87252,0.87267,0.87248,0.87267,133630000,1
1413451740000,1413451799000,0.87267,0.87291,0.87248,0.87289,181230000,1
1413451800000,1413451859000,0.87292,0.87306,0.87272,0.87272,141090000,1
1413451860000,1413451919000,0.87272,0.87276,0.87256,0.87267,104820000,1
1413451920000,1413451979000,0.8727,0.87273,0.87184,0.87184,149440000,1
1413451980000,1413452039000,0.87185,0.87186,0.87134,0.87153,211990000,1
1413452040000,1413452099000,0.87154,0.87159,0.87136,0.87153,226230000,1
1413452100000,1413452159000,0.87153,0.87163,0.87143,0.87154,175240000,1
1413452160000,1413452219000,0.87153,0.87156,0.87122,0.87131,139960000,1
1413452220000,1413452279000,0.87131,0.87151,0.87112,0.87115,214330000,1
1413452280000,1413452339000,0.87113,0.87121,0.87093,0.87099,134480000,1
1413452340000,1413452399000,0.87099,0.87102,0.87081,0.87084,124350000,1
1413452400000,1413452459000,0.87084,0.87094,0.87074,0.8708,174400000,1
1413452460000,1413452519000,0.8708,0.87143,0.87079,0.87138,171010000,1
1413452520000,1413452579000,0.87144,0.87144,0.87109,0.87109,155540000,1
1413452580000,1413452639000,0.87107,0.87128,0.87097,0.87128,166040000,1
1413452640000,1413452699000,0.87133,0.87138,0.87051,0.87056,201700000,1
1413452700000,1413452759000,0.87056,0.87076,0.87042,0.87066,217100000,1
1413452760000,1413452819000,0.87066,0.87095,0.87066,0.87085,159440000,1
1413452820000,1413452879000,0.87086,0.87094,0.87058,0.87075,198830000,1
1413452880000,1413452939000,0.87072,0.87117,0.87068,0.87107,163080000,1
1413452940000,1413452999000,0.87107,0.87139,0.87107,0.87132,183650000,1
1413453000000,1413453059000,0.87131,0.8714,0.87125,0.87129,126090000,1
1413453060000,1413453119000,0.87136,0.87156,0.87132,0.87154,110250000,1
1413453120000,1413453179000,0.87154,0.87154,0.87127,0.87154,125600000,1
1413453180000,1413453239000,0.87154,0.87165,0.87139,0.87142,138300000,1
1413453240000,1413453299000,0.87142,0.87145,0.871,0.871,142120000,1
1413453300000,1413453359000,0.871,0.87108,0.87074,0.87087,153750000,1
1413453360000,1413453419000,0.87088,0.87135,0.87088,0.87124,175700000,1
1413453420000,1413453479000,0.87124,0.8713,0.87069,0.87077,136920000,1
1413453480000,1413453539000,0.87077,0.87077,0.87026,0.87032,142170000,1
1413453540000,1413453599000,0.87032,0.87032,0.86951,0.86955,211250000,1
1413453600000,1413453659000,0.86955,0.86966,0.869,0.86906,221890000,1
1413453660000,1413453719000,0.86904,0.86921,0.86873,0.86921,197460000,1
1413453720000,1413453779000,0.8692,0.8695,0.86916,0.86949,273110000,1
1413453780000,1413453839000,0.8695,0.87053,0.86946,0.87047,237610000,1
1413453840000,1413453899000,0.87051,0.8711,0.87051,0.87079,193880000,1
1413453900000,1413453959000,0.87079,0.87079,0.87016,0.87016,182360000,1
1413453960000,1413454019000,0.87016,0.87028,0.86955,0.86967,183570000,1
1413454020000,1413454079000,0.86967,0.87015,0.86967,0.86978,212580000,1
1413454080000,1413454139000,0.86978,0.8701,0.8696,0.86991,200910000,1
1413454140000,1413454199000,0.86992,0.87063,0.86992,0.87058,209010000,1
1413454200000,1413454259000,0.87061,0.87083,0.87046,0.87067,142210000,1
1413454260000,1413454319000,0.87068,0.87075,0.87032,0.87071,182200000,1
1413454320000,1413454379000,0.87071,0.87087,0.87044,0.87054,205490000,1
1413454380000,1413454439000,0.87054,0.87054,0.86986,0.86989,231310000,1
1413454440000,1413454499000,0.86989,0.86996,0.8697,0.86985,178010000,1
1413454500000,1413454559000,0.86987,0.86988,0.86943,0.86962,227270000,1
1413454560000,1413454619000,0.8697,0.87017,0.86965,0.86978,208930000,1
1413454620000,1413454679000,0.86978,0.86986,0.8693,0.86979,153660000,1
1413454680000,1413454739000,0.86979,0.87005,0.86966,0.86997,169030000,1
1413454740000,1413454799000,0.86992,0.87076,0.86986,0.87067,161280000,1
1413454800000,1413454859000,0.87066,0.8709,0.8703,0.87049,231140000,1
1413454860000,1413454919000,0.87051,0.87116,0.87042,0.87106,206620000,1
1413454920000,1413454979000,0.87106,0.87141,0.87102,0.87123,167430000,1
1413454980000,1413455039000,0.87124,0.87136,0.87096,0.87115,175430000,1
1413455040000,1413455099000,0.87115,0.87142,0.87106,0.87133,128990000,1
1413455100000,1413455159000,0.87134,0.87134,0.87115,0.87124,118090000,1
1413455160000,1413455219000,0.87123,0.87126,0.87104,0.87115,94810000,1
1413455220000,1413455279000,0.87115,0.87115,0.87069,0.87074,142820000,1
1413455280000,1413455339000,0.87074,0.87104,0.87049,0.87093,182800000,1
1413455340000,1413455399000,0.87091,0.87113,0.87071,0.87113,223230000,1
1413455400000,1413455459000,0.87112,0.87153,0.87109,0.87135,213030000,1
1413455460000,1413455519000,0.87134,0.87194,0.87134,0.87177,134210000,1
1413455520000,1413455579000,0.87178,0.87184,0.87133,0.87142,138110000,1
1413455580000,1413455639000,0.87142,0.8718,0.87142,0.87171,128410000,1
1413455640000,1413455699000,0.87173,0.87174,0.8713,0.87132,118980000,1
1413455700000,1413455759000,0.87132,0.87139,0.87112,0.87133,176750000,1
1413455760000,1413455819000,0.87133,0.87154,0.87129,0.87151,136830000,1
1413455820000,1413455879000,0.87153,0.87166,0.87121,0.87125,102810000,1
1413455880000,1413455939000,0.87122,0.87129,0.87079,0.87082,71800000,1
1413455940000,1413455999000,0.87082,0.87096,0.87082,0.87083,114930000,1
1413456000000,1413456059000,0.87083,0.87087,0.87073,0.87082,110580000,1
1413456060000,1413456119000,0.87082,0.87082,0.87061,0.87069,122590000,1
1413456120000,1413456179000,0.87068,0.87096,0.87061,0.87066,168120000,1
1413456180000,1413456239000,0.87066,0.87074,0.87063,0.87063,72520000,1
1413456240000,1413456299000,0.87063,0.87097,0.87052,0.87073,152070000,1
1413456300000,1413456359000,0.87073,0.87107,0.87073,0.87095,117590000,1
1413456360000,1413456419000,0.87098,0.87113,0.87094,0.87094,75240000,1
1413456420000,1413456479000,0.87095,0.87098,0.87082,0.87083,79270000,1
1413456480000,1413456539000,0.87083,0.87113,0.87083,0.87113,102710000,1
1413456540000,1413456599000,0.87113,0.87146,0.87106,0.87134,178300000,1
1413456600000,1413456659000,0.87134,0.87156,0.87134,0.87156,108970000,1
1413456660000,1413456719000,0.87155,0.87155,0.87123,0.87124,138880000,1
1413456720000,1413456779000,0.87127,0.87141,0.8712,0.87125,115480000,1
1413456780000,1413456839000,0.87125,0.87142,0.87114,0.87133,113580000,1
1413456840000,1413456899000,0.87133,0.87144,0.871,0.87101,119320000,1
1413456900000,1413456959000,0.87102,0.87107,0.8709,0.8709,43040000,1
1413456960000,1413457019000,0.8709,0.87141,0.87066,0.87132,149620000,1
1413457020000,1413457079000,0.87133,0.87155,0.87132,0.87145,144940000,1
1413457080000,1413457139000,0.87145,0.8716,0.87143,0.87145,87360000,1
1413457140000,1413457199000,0.87144,0.87151,0.87133,0.87145,121540000,1
1413457200000,1413457259000,0.87145,0.8715,0.87137,0.87146,66980000,1
1413457260000,1413457319000,0.87146,0.87171,0.87144,0.87165,121210000,1
1413457320000,1413457379000,0.87163,0.87171,0.87138,0.87143,97700000,1
1413457380000,1413457439000,0.87142,0.87144,0.87128,0.8713,64820000,1
1413457440000,1413457499000,0.87129,0.87129,0.871,0.87114,103520000,1
1413457500000,1413457559000,0.87114,0.87135,0.87104,0.87135,63720000,1
1413457560000,1413457619000,0.87134,0.87142,0.87124,0.87135,72550000,1
1413457620000,1413457679000,0.87134,0.87149,0.87132,0.87136,85020000,1
1413457680000,1413457739000,0.87136,0.87162,0.87135,0.87154,80240000,1
1413457740000,1413457799000,0.87154,0.87165,0.87117,0.87117,105970000,1
1413457800000,1413457859000,0.87115,0.87145,0.87115,0.87145,97920000,1
1413457860000,1413457919000,0.87144,0.87165,0.87125,0.87154,150630000,1
1413457920000,1413457979000,0.87154,0.87166,0.87142,0.87165,82520000,1
1413457980000,1413458039000,0.87164,0.87165,0.8716,0.87163,82850000,1
1413458040000,1413458099000,0.87161,0.87161,0.8713,0.87138,156700000,1
1413458100000,1413458159000,0.87139,0.87155,0.87133,0.87155,61750000,1
1413458160000,1413458219000,0.87153,0.87176,0.87153,0.87164,68170000,1
1413458220000,1413458279000,0.87164,0.87164,0.87139,0.87139,115540000,1
1413458280000,1413458339000,0.87143,0.87156,0.8712,0.8712,114440000,1
1413458340000,1413458399000,0.87119,0.87126,0.87109,0.87113,127140000,1
1413458400000,1413458459000,0.87114,0.87122,0.87104,0.8712,93820000,1
1413458460000,1413458519000,0.87119,0.87119,0.8708,0.87082,75230000,1
1413458520000,1413458579000,0.87082,0.87096,0.87074,0.87074,129370000,1
1413458580000,1413458639000,0.87073,0.8709,0.87073,0.8709,36770000,1
1413458640000,1413458699000,0.87089,0.87089,0.87081,0.87081,26840000,1
1413458700000,1413458759000,0.87084,0.87089,0.87078,0.87079,49630000,1
1413458760000,1413458819000,0.87078,0.87108,0.87077,0.87108,43200000,1
1413458820000,1413458879000,0.87107,0.87153,0.87105,0.87142,87700000,1
1413458880000,1413458939000,0.8714,0.87143,0.87099,0.87099,62850000,1
1413458940000,1413458999000,0.87099,0.87099,0.87053,0.8707,97760000,1
1413459000000,1413459059000,0.87069,0.87113,0.87066,0.87101,136280000,1
1413459060000,1413459119000,0.87102,0.8717,0.87102,0.87165,184680000,1
1413459120000,1413459179000,0.87166,0.87182,0.87165,0.87166,155020000,1
1413459180000,1413459239000,0.87164,0.87164,0.87151,0.87154,61390000,1
1413459240000,1413459299000,0.87154,0.87174,0.87154,0.87174,39650000,1
1413459300000,1413459359000,0.87174,0.87174,0.87159,0.87164,63960000,1
1413459360000,1413459419000,0.87164,0.87197,0.87164,0.87184,78140000,1
1413459420000,1413459479000,0.87185,0.87196,0.87162,0.87183,88990000,1
1413459480000,1413459539000,0.87183,0.8719,0.87175,0.87185,101370000,1
1413459540000,1413459599000,0.87185,0.87214,0.87185,0.87214,132250000,1
1413459600000,1413459659000,0.87214,0.87227,0.87213,0.87221,145580000,1
1413459660000,1413459719000,0.8722,0.87252,0.8722,0.87251,125570000,1
1413459720000,1413459779000,0.87252,0.87284,0.87252,0.87278,125970000,1
1413459780000,1413459839000,0.87278,0.87283,0.87229,0.87235,133580000,1
1413459840000,1413459899000,0.87235,0.87243,0.87207,0.87211,117230000,1
1413459900000,1413459959000,0.87211,0.87218,0.87193,0.8721,109880000,1
1413459960000,1413460019000,0.87209,0.8721,0.87191,0.87192,88810000,1
1413460020000,1413460079000,0.87192,0.87192,0.87153,0.87174,165030000,1
1413460080000,1413460139000,0.8717,0.87183,0.87162,0.87165,160650000,1
1413460140000,1413460199000,0.87166,0.87203,0.87162,0.87195,117390000,1
1413460200000,1413460259000,0.87194,0.87204,0.87167,0.87173,56600000,1
1413460260000,1413460319000,0.8717,0.8718,0.87162,0.87162,75700000,1
1413460320000,1413460379000,0.87162,0.87173,0.87148,0.87171,72760000,1
1413460380000,1413460439000,0.87169,0.87173,0.87164,0.87169,52130000,1
1413460440000,1413460499000,0.87169,0.87171,0.87159,0.87162,38160000,1
1413460500000,1413460559000,0.87162,0.87163,0.87154,0.87161,57740000,1
1413460560000,1413460619000,0.8716,0.87161,0.8713,0.87135,91020000,1
1413460620000,1413460679000,0.87134,0.87134,0.8709,0.8709,98500000,1
1413460680000,1413460739000,0.87093,0.87126,0.8709,0.87093,103730000,1
1413460740000,1413460799000,0.87093,0.87115,0.87093,0.8711,104260000,1
1413460800000,1413460859000,0.87113,0.87113,0.87012,0.87023,222520000,1
1413460860000,1413460919000,0.87023,0.87039,0.87018,0.87037,103380000,1
1413460920000,1413460979000,0.87037,0.87038,0.87005,0.87007,107350000,1
1413460980000,1413461039000,0.87007,0.87047,0.87005,0.87013,118150000,1
1413461040000,1413461099000,0.87011,0.87031,0.86996,0.87022,155030000,1
1413461100000,1413461159000,0.87024,0.87024,0.86972,0.86972,115040000,1
1413461160000,1413461219000,0.86975,0.87006,0.86962,0.86994,93880000,1
1413461220000,1413461279000,0.86994,0.87018,0.86992,0.86992,89670000,1
1413461280000,1413461339000,0.86992,0.87007,0.86992,0.86998,59970000,1
1413461340000,1413461399000,0.87,0.8702,0.87,0.87015,90730000,1
1413461400000,1413461459000,0.87014,0.87035,0.87013,0.87034,91080000,1
1413461460000,1413461519000,0.87034,0.87056,0.87022,0.87047,95770000,1
1413461520000,1413461579000,0.87048,0.87053,0.87044,0.87044,19640000,1
1413461580000,1413461639000,0.87044,0.87063,0.87044,0.87061,88820000,1
1413461640000,1413461699000,0.87061,0.87061,0.87044,0.87046,38970000,1
1413461700000,1413461759000,0.8705,0.87054,0.87012,0.87023,83110000,1
1413461760000,1413461819000,0.8702,0.8702,0.86981,0.86982,96100000,1
1413461820000,1413461879000,0.86981,0.86995,0.86973,0.86992,100620000,1
1413461880000,1413461939000,0.86994,0.87007,0.86992,0.87006,36910000,1
1413461940000,1413461999000,0.87004,0.87049,0.87004,0.87043,62090000,1
1413462000000,1413462059000,0.87043,0.87064,0.87034,0.87063,118130000,1
1413462060000,1413462119000,0.87064,0.87085,0.87054,0.87069,70760000,1
1413462120000,1413462179000,0.87069,0.87079,0.87058,0.87073,99430000,1
1413462180000,1413462239000,0.87073,0.87102,0.87073,0.87101,110910000,1
1413462240000,1413462299000,0.87101,0.87131,0.8698,0.87028,174680000,1
1413462300000,1413462359000,0.87029,0.87029,0.87015,0.87017,91350000,1
1413462360000,1413462419000,0.87016,0.87027,0.87016,0.87021,58780000,1
1413462420000,1413462479000,0.87022,0.87039,0.8702,0.87032,66110000,1
1413462480000,1413462539000,0.87032,0.87032,0.87018,0.87018,86220000,1
1413462540000,1413462599000,0.87018,0.87019,0.86971,0.86971,237130000,1
1413462600000,1413462659000,0.86971,0.8698,0.86854,0.86907,297920000,1
1413462660000,1413462719000,0.86909,0.8699,0.86901,0.86973,209770000,1
1413462720000,1413462779000,0.86973,0.87033,0.86951,0.87033,185490000,1
1413462780000,1413462839000,0.87031,0.87052,0.86971,0.86985,210210000,1
1413462840000,1413462899000,0.86985,0.87041,0.86966,0.87027,171530000,1
1413462900000,1413462959000,0.87028,0.87028,0.86967,0.86967,146010000,1
1413462960000,1413463019000,0.86969,0.86992,0.86933,0.86944,139700000,1
1413463020000,1413463079000,0.86946,0.86964,0.8692,0.86942,147000000,1
1413463080000,1413463139000,0.86942,0.86954,0.86922,0.86953,126670000,1
1413463140000,1413463199000,0.86958,0.87012,0.86958,0.87006,135260000,1
1413463200000,1413463259000,0.87009,0.87073,0.87005,0.87033,184880000,1
1413463260000,1413463319000,0.87032,0.87038,0.86997,0.87009,153740000,1
1413463320000,1413463379000,0.87009,0.87024,0.87,0.87005,121880000,1
1413463380000,1413463439000,0.87005,0.87005,0.86978,0.86991,115470000,1
1413463440000,1413463499000,0.86991,0.86997,0.86984,0.86994,72660000,1
1413463500000,1413463559000,0.86994,0.87029,0.86994,0.87022,98220000,1
1413463560000,1413463619000,0.87022,0.87045,0.8701,0.8704,141300000,1
1413463620000,1413463679000,0.8704,0.87081,0.87033,0.87072,116380000,1
1413463680000,1413463739000,0.87073,0.87096,0.87063,0.87069,142420000,1
1413463740000,1413463799000,0.87069,0.87074,0.87054,0.87058,94190000,1
1413463800000,1413463859000,0.87058,0.87077,0.87058,0.87073,103260000,1
1413463860000,1413463919000,0.87073,0.87075,0.87057,0.87071,111780000,1
1413463920000,1413463979000,0.87071,0.87076,0.87059,0.87075,64380000,1
1413463980000,1413464039000,0.87075,0.87075,0.87059,0.87065,90750000,1
1413464040000,1413464099000,0.87063,0.87073,0.8706,0.87064,90260000,1
1413464100000,1413464159000,0.87063,0.87066,0.87042,0.87065,90620000,1
1413464160000,1413464219000,0.87064,0.87066,0.87054,0.87054,71000000,1
1413464220000,1413464279000,0.87056,0.87065,0.87054,0.87055,66480000,1
1413464280000,1413464339000,0.87053,0.87065,0.87052,0.87056,98640000,1
1413464340000,1413464399000,0.87055,0.87057,0.87039,0.87039,98990000,1
1413464400000,1413464459000,0.87041,0.87051,0.87018,0.87049,95960000,1
1413464460000,1413464519000,0.87049,0.87052,0.87037,0.87043,80370000,1
1413464520000,1413464579000,0.87043,0.87045,0.87037,0.8704,55350000,1
1413464580000,1413464639000,0.87039,0.87052,0.87039,0.87047,43620000,1
1413464640000,1413464699000,0.87049,0.87051,0.87041,0.87051,63760000,1
1413464700000,1413464759000,0.87052,0.87092,0.87052,0.87085,101640000,1
1413464760000,1413464819000,0.87085,0.87099,0.87084,0.87087,69730000,1
1413464820000,1413464879000,0.87088,0.87104,0.87087,0.87099,60260000,1
1413464880000,1413464939000,0.87101,0.87112,0.87091,0.87112,104280000,1
1413464940000,1413464999000,0.87112,0.87114,0.87094,0.8711,96980000,1
1413465000000,1413465059000,0.8711,0.87111,0.87098,0.87098,119310000,1
1413465060000,1413465119000,0.87098,0.8711,0.87077,0.87087,96320000,1
1413465120000,1413465179000,0.87087,0.87113,0.87079,0.87112,94690000,1
1413465180000,1413465239000,0.87111,0.87126,0.87109,0.87109,49310000,1
1413465240000,1413465299000,0.87109,0.87109,0.87068,0.87068,147160000,1
1413465300000,1413465359000,0.87064,0.87091,0.87014,0.87069,248070000,1
1413465360000,1413465419000,0.87069,0.87101,0.87069,0.8709,113720000,1
1413465420000,1413465479000,0.87091,0.87101,0.8708,0.8709,126510000,1
1413465480000,1413465539000,0.8709,0.87141,0.87077,0.87139,135580000,1
1413465540000,1413465599000,0.87142,0.87173,0.87142,0.87153,111720000,1
1413465600000,1413465659000,0.87153,0.87161,0.87142,0.87154,87880000,1
1413465660000,1413465719000,0.8715,0.87151,0.87109,0.87109,84130000,1
1413465720000,1413465779000,0.87109,0.87109,0.87067,0.87071,117440000,1
1413465780000,1413465839000,0.8707,0.8709,0.87054,0.8709,142270000,1
1413465840000,1413465899000,0.8709,0.87117,0.87087,0.87117,99790000,1
1413465900000,1413465959000,0.8712,0.87139,0.87119,0.8713,148010000,1
1413465960000,1413466019000,0.8713,0.8713,0.87071,0.87073,94820000,1
1413466020000,1413466079000,0.87068,0.87091,0.87064,0.87091,42320000,1
1413466080000,1413466139000,0.87091,0.87113,0.87083,0.87113,65570000,1
1413466140000,1413466199000,0.87113,0.87122,0.87084,0.87093,119880000,1
1413466200000,1413466259000,0.87094,0.87094,0.87065,0.87074,87000000,1
1413466260000,1413466319000,0.87072,0.87118,0.87059,0.87118,151020000,1
1413466320000,1413466379000,0.87121,0.87151,0.87121,0.87141,110330000,1
1413466380000,1413466439000,0.87142,0.87153,0.87128,0.87128,144710000,1
1413466440000,1413466499000,0.87128,0.87138,0.87122,0.87123,71490000,1
1413466500000,1413466559000,0.87123,0.87123,0.87095,0.87102,76650000,1
1413466560000,1413466619000,0.87102,0.87173,0.87102,0.87171,111460000,1
1413466620000,1413466679000,0.87169,0.87184,0.87154,0.87183,97290000,1
1413466680000,1413466739000,0.87183,0.87196,0.87167,0.87169,186830000,1
1413466740000,1413466799000,0.87169,0.87211,0.87166,0.87207,94500000,1
1413466800000,1413466859000,0.87206,0.87275,0.87203,0.87273,148870000,1
1413466860000,1413466919000,0.87274,0.87293,0.87265,0.87279,171180000,1
1413466920000,1413466979000,0.8728,0.87292,0.87271,0.87277,150180000,1
1413466980000,1413467039000,0.87278,0.87299,0.87264,0.87295,148480000,1
1413467040000,1413467099000,0.87299,0.87342,0.87295,0.87302,216060000,1
1413467100000,1413467159000,0.87301,0.87322,0.87264,0.87274,198490000,1
1413467160000,1413467219000,0.87274,0.87276,0.87262,0.87266,131950000,1
1413467220000,1413467279000,0.87266,0.8731,0.87266,0.8731,150170000,1
1413467280000,1413467339000,0.87311,0.87321,0.87308,0.8731,123320000,1
1413467340000,1413467399000,0.87309,0.87321,0.87289,0.87293,143370000,1
1413467400000,1413467459000,0.87294,0.87323,0.87288,0.87305,128100000,1
1413467460000,1413467519000,0.87309,0.87312,0.87282,0.87299,148780000,1
1413467520000,1413467579000,0.87302,0.87307,0.87262,0.87262,146510000,1
1413467580000,1413467639000,0.87262,0.87287,0.87254,0.87254,105750000,1
1413467640000,1413467699000,0.87254,0.87272,0.87239,0.87271,116130000,1
1413467700000,1413467759000,0.87272,0.87284,0.87253,0.87256,125380000,1
1413467760000,1413467819000,0.87256,0.87256,0.87244,0.87246,82470000,1
1413467820000,1413467879000,0.87245,0.87245,0.87222,0.87227,98470000,1
1413467880000,1413467939000,0.87228,0.87264,0.87228,0.87253,114920000,1
1413467940000,1413467999000,0.87252,0.8728,0.87252,0.87258,156030000,1
1413468000000,1413468059000,0.87258,0.87345,0.87249,0.87344,256210000,1
1413468060000,1413468119000,0.87344,0.87348,0.87284,0.87286,144420000,1
1413468120000,1413468179000,0.8729,0.8731,0.87272,0.87281,150790000,1
1413468180000,1413468239000,0.87281,0.87285,0.87244,0.87244,149200000,1
1413468240000,1413468299000,0.87243,0.87271,0.87242,0.87265,121440000,1
1413468300000,1413468359000,0.87268,0.87276,0.87241,0.87241,142420000,1
1413468360000,1413468419000,0.87241,0.87301,0.87233,0.87301,188440000,1
1413468420000,1413468479000,0.873,0.87353,0.87298,0.87353,165310000,1
1413468480000,1413468539000,0.8735,0.8735,0.87284,0.87295,144850000,1
1413468540000,1413468599000,0.87296,0.87327,0.87284,0.87322,150580000,1
1413468600000,1413468659000,0.87323,0.87346,0.87323,0.87328,162210000,1
1413468660000,1413468719000,0.87328,0.87352,0.87319,0.87324,121020000,1
1413468720000,1413468779000,0.87326,0.8734,0.87307,0.87307,104680000,1
1413468780000,1413468839000,0.8731,0.87329,0.87293,0.87294,118090000,1
1413468840000,1413468899000,0.87294,0.87294,0.87232,0.87242,130880000,1
1413468900000,1413468959000,0.87242,0.87265,0.87221,0.87224,156230000,1
1413468960000,1413469019000,0.87224,0.87235,0.87185,0.87187,139460000,1
1413469020000,1413469079000,0.87187,0.87214,0.87186,0.87196,110590000,1
1413469080000,1413469139000,0.87195,0.87235,0.87184,0.87231,161890000,1
1413469140000,1413469199000,0.8723,0.8723,0.87214,0.8723,160260000,1
1413469200000,1413469259000,0.8723,0.87234,0.87196,0.87197,135470000,1
1413469260000,1413469319000,0.87196,0.87384,0.87196,0.87384,224820000,1
1413469320000,1413469379000,0.87386,0.87524,0.87385,0.87489,341670000,1
1413469380000,1413469439000,0.87488,0.87497,0.87435,0.87472,330440000,1
1413469440000,1413469499000,0.87468,0.87515,0.87451,0.87486,297850000,1
1413469500000,1413469559000,0.87489,0.87509,0.87359,0.87361,277630000,1
1413469560000,1413469619000,0.8736,0.8738,0.87341,0.87351,255100000,1
1413469620000,1413469679000,0.8735,0.87358,0.87284,0.87323,221880000,1
1413469680000,1413469739000,0.87323,0.87354,0.8728,0.87347,236930000,1
1413469740000,1413469799000,0.87349,0.87375,0.87333,0.87351,227570000,1
1413469800000,1413469859000,0.87351,0.8739,0.87346,0.87365,200250000,1
1413469860000,1413469919000,0.87365,0.87464,0.87362,0.87444,219240000,1
1413469920000,1413469979000,0.87446,0.87531,0.87446,0.87485,269850000,1
1413469980000,1413470039000,0.87485,0.87524,0.87485,0.87519,210810000,1
1413470040000,1413470099000,0.87519,0.87575,0.87519,0.87561,244900000,1
1413470100000,1413470159000,0.87559,0.87586,0.87549,0.87561,212720000,1
1413470160000,1413470219000,0.87573,0.87678,0.87573,0.87631,282750000,1
1413470220000,1413470279000,0.87631,0.87638,0.87582,0.87592,188970000,1
1413470280000,1413470339000,0.87592,0.87605,0.87572,0.87586,189170000,1
1413470340000,1413470399000,0.87586,0.87603,0.87558,0.87558,142990000,1
1413470400000,1413470459000,0.87554,0.87554,0.87478,0.87514,249080000,1
1413470460000,1413470519000,0.87514,0.87542,0.87492,0.87533,238110000,1
1413470520000,1413470579000,0.87536,0.87546,0.87495,0.87511,200490000,1
1413470580000,1413470639000,0.87511,0.87533,0.87499,0.8751,247450000,1
1413470640000,1413470699000,0.87504,0.8751,0.875,0.87505,145530000,1
1413470700000,1413470759000,0.87506,0.87523,0.87498,0.87501,165180000,1
1413470760000,1413470819000,0.87501,0.87506,0.8749,0.87493,137000000,1
1413470820000,1413470879000,0.87489,0.87513,0.87488,0.87489,215590000,1
1413470880000,1413470939000,0.87492,0.87508,0.87472,0.87494,136630000,1
1413470940000,1413470999000,0.87492,0.87545,0.87492,0.87538,168430000,1
1413471000000,1413471059000,0.87534,0.8758,0.87533,0.87566,207840000,1
1413471060000,1413471119000,0.87568,0.87607,0.87561,0.87605,152030000,1
1413471120000,1413471179000,0.87604,0.87647,0.87604,0.87643,175560000,1
1413471180000,1413471239000,0.87644,0.87696,0.87628,0.87684,170320000,1
1413471240000,1413471299000,0.87687,0.87764,0.87687,0.87758,217650000,1
1413471300000,1413471359000,0.87758,0.87766,0.87671,0.87674,217240000,1
1413471360000,1413471419000,0.87674,0.87682,0.87594,0.87602,152660000,1
1413471420000,1413471479000,0.87602,0.87602,0.87563,0.87582,119430000,1
1413471480000,1413471539000,0.87586,0.87642,0.87584,0.876,160150000,1
1413471540000,1413471599000,0.876,0.87666,0.87595,0.8766,229380000,1
1413471600000,1413471659000,0.87664,0.87666,0.87619,0.87627,199850000,1
1413471660000,1413471719000,0.87628,0.87655,0.87626,0.87635,162260000,1
1413471720000,1413471779000,0.87635,0.87689,0.87634,0.87671,178290000,1
1413471780000,1413471839000,0.87669,0.87693,0.87663,0.87663,209110000,1
1413471840000,1413471899000,0.8766,0.8766,0.876,0.87612,171280000,1
1413471900000,1413471959000,0.87612,0.87628,0.87562,0.87562,161360000,1
1413471960000,1413472019000,0.87563,0.87567,0.875,0.87502,145150000,1
1413472020000,1413472079000,0.87502,0.87541,0.87491,0.8754,123930000,1
1413472080000,1413472139000,0.87541,0.87562,0.87537,0.87561,127550000,1
1413472140000,1413472199000,0.87561,0.87629,0.87561,0.87628,134200000,1
1413472200000,1413472259000,0.87631,0.87631,0.87614,0.87627,117740000,1
1413472260000,1413472319000,0.87629,0.87642,0.87603,0.87606,155260000,1
1413472320000,1413472379000,0.87605,0.87629,0.87604,0.87612,150570000,1
1413472380000,1413472439000,0.87613,0.87616,0.87592,0.87592,183900000,1
1413472440000,1413472499000,0.87592,0.87601,0.87567,0.87572,137800000,1
1413472500000,1413472559000,0.87575,0.87602,0.87575,0.87595,119000000,1
1413472560000,1413472619000,0.87595,0.87595,0.8757,0.87571,117180000,1
1413472620000,1413472679000,0.87576,0.8761,0.87572,0.87605,106590000,1
1413472680000,1413472739000,0.87605,0.87608,0.8759,0.87603,131380000,1
1413472740000,1413472799000,0.87603,0.87633,0.87602,0.87629,131500000,1
1413472800000,1413472859000,0.87627,0.87667,0.87627,0.87665,146370000,1
1413472860000,1413472919000,0.87665,0.87687,0.87662,0.8768,99270000,1
1413472920000,1413472979000,0.8768,0.87716,0.87672,0.87716,108690000,1
1413472980000,1413473039000,0.87714,0.87725,0.87708,0.87708,79860000,1
1413473040000,1413473099000,0.87711,0.8779,0.87711,0.8779,163290000,1
1413473100000,1413473159000,0.87793,0.87793,0.87742,0.87756,168030000,1
1413473160000,1413473219000,0.87756,0.87777,0.8775,0.87777,119780000,1
1413473220000,1413473279000,0.87775,0.87783,0.87762,0.87779,134130000,1
1413473280000,1413473339000,0.87781,0.87844,0.87781,0.87839,219500000,1
1413473340000,1413473399000,0.87837,0.87841,0.87822,0.87832,116360000,1
1413473400000,1413473459000,0.87832,0.87848,0.87829,0.87845,105620000,1
1413473460000,1413473519000,0.87846,0.87883,0.87846,0.8787,186000000,1
1413473520000,1413473579000,0.8787,0.8787,0.8784,0.87855,135880000,1
1413473580000,1413473639000,0.87857,0.87873,0.87823,0.87825,182250000,1
1413473640000,1413473699000,0.87821,0.87825,0.87785,0.878,204890000,1
1413473700000,1413473759000,0.87801,0.87823,0.87799,0.87814,136180000,1
1413473760000,1413473819000,0.87814,0.87815,0.87771,0.87777,107580000,1
1413473820000,1413473879000,0.87777,0.8778,0.87742,0.87752,104600000,1
1413473880000,1413473939000,0.87752,0.8776,0.87752,0.8776,81170000,1
1413473940000,1413473999000,0.8776,0.8776,0.87696,0.877,101210000,1
1413474000000,1413474059000,0.87698,0.87755,0.87692,0.87751,144310000,1
1413474060000,1413474119000,0.87751,0.87752,0.87726,0.87733,76520000,1
1413474120000,1413474179000,0.87733,0.87745,0.87726,0.87727,92730000,1
1413474180000,1413474239000,0.87725,0.87762,0.87723,0.87736,110420000,1
1413474240000,1413474299000,0.87736,0.87755,0.87705,0.87739,156540000,1
1413474300000,1413474359000,0.87739,0.87745,0.87716,0.87721,130780000,1
1413474360000,1413474419000,0.87722,0.87726,0.87704,0.87722,80540000,1
1413474420000,1413474479000,0.87722,0.87735,0.87715,0.87715,110290000,1
1413474480000,1413474539000,0.87717,0.87718,0.87675,0.87677,92270000,1
1413474540000,1413474599000,0.87677,0.87677,0.87636,0.8766,142160000,1
1413474600000,1413474659000,0.87661,0.87661,0.87617,0.87637,120510000,1
1413474660000,1413474719000,0.87639,0.87672,0.8763,0.87632,125670000,1
1413474720000,1413474779000,0.87631,0.87633,0.87614,0.87614,78910000,1
1413474780000,1413474839000,0.87614,0.8762,0.87543,0.87589,131550000,1
1413474840000,1413474899000,0.87588,0.87608,0.87572,0.87572,110120000,1
1413474900000,1413474959000,0.87572,0.87572,0.87542,0.87555,119920000,1
1413474960000,1413475019000,0.87556,0.87604,0.87556,0.87597,167380000,1
1413475020000,1413475079000,0.87601,0.87682,0.87601,0.87665,191760000,1
1413475080000,1413475139000,0.87664,0.87685,0.87645,0.87685,138720000,1
1413475140000,1413475199000,0.87685,0.87685,0.8765,0.87651,111450000,1
1413475200000,1413475259000,0.8765,0.87651,0.8763,0.87633,80090000,1
1413475260000,1413475319000,0.87632,0.87638,0.87604,0.8761,79210000,1
1413475320000,1413475379000,0.87608,0.87645,0.87605,0.87637,128060000,1
1413475380000,1413475439000,0.87637,0.87637,0.87592,0.87595,102490000,1
1413475440000,1413475499000,0.87593,0.87644,0.87589,0.87644,93740000,1
1413475500000,1413475559000,0.87644,0.87687,0.87644,0.87671,129460000,1
1413475560000,1413475619000,0.87672,0.8768,0.87669,0.87678,37890000,1
1413475620000,1413475679000,0.87676,0.87706,0.87676,0.87693,85490000,1
1413475680000,1413475739000,0.87693,0.87733,0.87693,0.87727,91460000,1
1413475740000,1413475799000,0.87727,0.87734,0.87716,0.87731,80240000,1
1413475800000,1413475859000,0.8773,0.87736,0.87716,0.87717,114530000,1
1413475860000,1413475919000,0.87717,0.87717,0.87655,0.87656,87060000,1
1413475920000,1413475979000,0.87656,0.87675,0.87612,0.87675,111750000,1
1413475980000,1413476039000,0.87675,0.87695,0.87675,0.87695,69150000,1
1413476040000,1413476099000,0.87694,0.8772,0.87687,0.87707,89680000,1
1413476100000,1413476159000,0.87707,0.87707,0.87638,0.87661,92580000,1
1413476160000,1413476219000,0.8766,0.87686,0.87641,0.87685,91490000,1
1413476220000,1413476279000,0.87685,0.87698,0.87657,0.87657,102670000,1
1413476280000,1413476339000,0.87656,0.87681,0.87656,0.87681,75150000,1
1413476340000,1413476399000,0.87681,0.87717,0.87681,0.87715,61970000,1
1413476400000,1413476459000,0.87716,0.87731,0.87712,0.87731,67900000,1
1413476460000,1413476519000,0.87731,0.87752,0.8772,0.87751,78580000,1
1413476520000,1413476579000,0.87751,0.87753,0.8773,0.8773,103240000,1
1413476580000,1413476639000,0.8773,0.87733,0.87722,0.87722,58910000,1
1413476640000,1413476699000,0.87722,0.87724,0.87705,0.87707,97350000,1
1413476700000,1413476759000,0.87707,0.87707,0.87685,0.87695,72860000,1
1413476760000,1413476819000,0.87695,0.87706,0.87694,0.87699,61670000,1
1413476820000,1413476879000,0.877,0.87705,0.87669,0.87673,74450000,1
1413476880000,1413476939000,0.87671,0.87671,0.87625,0.87669,119710000,1
1413476940000,1413476999000,0.87672,0.87691,0.87656,0.87661,82620000,1
1413477000000,1413477059000,0.8766,0.87668,0.8765,0.87656,94040000,1
1413477060000,1413477119000,0.87656,0.87667,0.87656,0.87658,65920000,1
1413477120000,1413477179000,0.87658,0.87661,0.87649,0.87654,76140000,1
1413477180000,1413477239000,0.87655,0.87674,0.87654,0.87674,36650000,1
1413477240000,1413477299000,0.87672,0.87676,0.87665,0.87671,90880000,1
1413477300000,1413477359000,0.87673,0.87683,0.87659,0.87681,101320000,1
1413477360000,1413477419000,0.87682,0.87683,0.8766,0.87665,55910000,1
1413477420000,1413477479000,0.87663,0.87666,0.87619,0.87626,94930000,1
1413477480000,1413477539000,0.87624,0.87657,0.87624,0.87656,67370000,1
1413477540000,1413477599000,0.87656,0.87666,0.87644,0.87655,90700000,1
1413477600000,1413477659000,0.87654,0.87677,0.87648,0.87668,110810000,1
1413477660000,1413477719000,0.87666,0.87666,0.87628,0.87636,122430000,1
1413477720000,1413477779000,0.87638,0.87652,0.87633,0.87644,95740000,1
1413477780000,1413477839000,0.87644,0.87646,0.87629,0.87635,80070000,1
1413477840000,1413477899000,0.87635,0.87662,0.8763,0.87653,79170000,1
1413477900000,1413477959000,0.87653,0.87666,0.87647,0.87654,76110000,1
1413477960000,1413478019000,0.87655,0.87657,0.87642,0.87647,59360000,1
1413478020000,1413478079000,0.87647,0.87647,0.87624,0.87638,93170000,1
1413478080000,1413478139000,0.87637,0.87654,0.87633,0.8765,78690000,1
1413478140000,1413478199000,0.8765,0.87672,0.87647,0.87672,61650000,1
1413478200000,1413478259000,0.87671,0.87676,0.87666,0.87666,68490000,1
1413478260000,1413478319000,0.87666,0.87693,0.87666,0.87678,91070000,1
1413478320000,1413478379000,0.87677,0.87682,0.87663,0.87676,44810000,1
1413478380000,1413478439000,0.87676,0.87683,0.8767,0.87681,79810000,1
1413478440000,1413478499000,0.87681,0.87693,0.87668,0.87692,58270000,1
1413478500000,1413478559000,0.87691,0.87725,0.8769,0.87712,75260000,1
1413478560000,1413478619000,0.87712,0.87718,0.87707,0.87707,53160000,1
1413478620000,1413478679000,0.87708,0.8772,0.87708,0.87718,78210000,1
1413478680000,1413478739000,0.87718,0.87732,0.87717,0.87732,63200000,1
1413478740000,1413478799000,0.87734,0.87767,0.8773,0.87753,106020000,1
1413478800000,1413478859000,0.87753,0.87776,0.87753,0.87776,59620000,1
1413478860000,1413478919000,0.87776,0.87776,0.87751,0.87761,64060000,1
1413478920000,1413478979000,0.8776,0.87794,0.87758,0.87771,84770000,1
1413478980000,1413479039000,0.87777,0.87825,0.8777,0.87825,109000000,1
1413479040000,1413479099000,0.87824,0.87837,0.87807,0.87811,138720000,1
1413479100000,1413479159000,0.87812,0.87812,0.87792,0.878,103050000,1
1413479160000,1413479219000,0.878,0.87811,0.87792,0.87806,84310000,1
1413479220000,1413479279000,0.87806,0.87842,0.87802,0.87838,141400000,1
1413479280000,1413479339000,0.87839,0.87847,0.878,0.8782,160960000,1
1413479340000,1413479399000,0.87819,0.87855,0.87816,0.87847,154070000,1
1413479400000,1413479459000,0.87845,0.87853,0.87815,0.87824,129860000,1
1413479460000,1413479519000,0.87824,0.87825,0.87816,0.87825,85400000,1
1413479520000,1413479579000,0.87825,0.87826,0.87806,0.87826,63430000,1
1413479580000,1413479639000,0.87827,0.87837,0.8779,0.8779,131370000,1
1413479640000,1413479699000,0.87793,0.87795,0.8776,0.87775,132790000,1
1413479700000,1413479759000,0.87775,0.8778,0.87745,0.87745,118710000,1
1413479760000,1413479819000,0.87746,0.87752,0.87726,0.87728,91960000,1
1413479820000,1413479879000,0.8773,0.87757,0.8773,0.87755,89810000,1
1413479880000,1413479939000,0.87756,0.87766,0.87743,0.87743,114680000,1
1413479940000,1413479999000,0.87741,0.87747,0.8773,0.87745,117370000,1
1413480000000,1413480059000,0.87744,0.87755,0.87729,0.87746,130860000,1
1413480060000,1413480119000,0.87746,0.87758,0.87746,0.87747,81280000,1
1413480120000,1413480179000,0.8775,0.87787,0.8775,0.87774,75370000,1
1413480180000,1413480239000,0.87773,0.87774,0.87746,0.87756,75060000,1
1413480240000,1413480299000,0.87755,0.87792,0.87733,0.87747,151700000,1
1413480300000,1413480359000,0.87747,0.87771,0.87738,0.87767,117790000,1
1413480360000,1413480419000,0.87767,0.87797,0.87767,0.87772,64610000,1
1413480420000,1413480479000,0.8777,0.87773,0.87748,0.87751,121190000,1
1413480480000,1413480539000,0.87751,0.87753,0.87718,0.87745,116420000,1
1413480540000,1413480599000,0.87745,0.87745,0.87736,0.87743,59250000,1
1413480600000,1413480659000,0.87743,0.8776,0.87736,0.87759,56820000,1
1413480660000,1413480719000,0.87759,0.87766,0.87748,0.87755,63650000,1
1413480720000,1413480779000,0.87757,0.87771,0.87757,0.87766,56840000,1
1413480780000,1413480839000,0.87767,0.87797,0.87766,0.87794,92800000,1
1413480840000,1413480899000,0.87794,0.87812,0.87792,0.87812,64400000,1
1413480900000,1413480959000,0.8781,0.87824,0.87795,0.87822,86810000,1
1413480960000,1413481019000,0.8782,0.87823,0.87789,0.87801,82430000,1
1413481020000,1413481079000,0.87801,0.87807,0.87786,0.87786,77370000,1
1413481080000,1413481139000,0.87786,0.87804,0.8778,0.87795,90200000,1
1413481140000,1413481199000,0.87795,0.87801,0.87774,0.87774,68450000,1
1413481200000,1413481259000,0.87775,0.87783,0.8775,0.8776,110600000,1
1413481260000,1413481319000,0.87763,0.87766,0.87745,0.87753,88590000,1
1413481320000,1413481379000,0.87756,0.8776,0.87746,0.87753,78010000,1
1413481380000,1413481439000,0.87749,0.87761,0.87738,0.87738,74590000,1
1413481440000,1413481499000,0.87738,0.87753,0.87733,0.87746,100770000,1
1413481500000,1413481559000,0.87746,0.87776,0.87745,0.87776,57260000,1
1413481560000,1413481619000,0.87776,0.87786,0.87748,0.87755,86640000,1
1413481620000,1413481679000,0.87755,0.87755,0.87745,0.87745,36070000,1
1413481680000,1413481739000,0.87745,0.87752,0.87716,0.87728,104390000,1
1413481740000,1413481799000,0.8773,0.87751,0.87717,0.87725,127000000,1
1413481800000,1413481859000,0.87722,0.87725,0.87716,0.87725,39750000,1
1413481860000,1413481919000,0.87725,0.87725,0.87676,0.87676,117440000,1
1413481920000,1413481979000,0.87676,0.87694,0.87667,0.87671,107470000,1
1413481980000,1413482039000,0.87671,0.87681,0.87667,0.87675,91230000,1
1413482040000,1413482099000,0.87675,0.87686,0.87674,0.87681,47880000,1
1413482100000,1413482159000,0.87681,0.87682,0.87668,0.87678,56480000,1
1413482160000,1413482219000,0.87676,0.87682,0.87656,0.87672,83070000,1
1413482220000,1413482279000,0.87672,0.87676,0.87658,0.87673,92700000,1
1413482280000,1413482339000,0.87674,0.87674,0.87644,0.87652,125650000,1
1413482340000,1413482399000,0.87653,0.87658,0.87622,0.87632,104770000,1
1413482400000,1413482459000,0.87636,0.87646,0.87621,0.87623,60570000,1
1413482460000,1413482519000,0.87623,0.87636,0.87615,0.87635,108490000,1
1413482520000,1413482579000,0.87634,0.87645,0.87606,0.87627,110370000,1
1413482580000,1413482639000,0.87626,0.87626,0.87588,0.87588,92250000,1
1413482640000,1413482699000,0.87586,0.87627,0.87586,0.87627,51770000,1
1413482700000,1413482759000,0.87628,0.87628,0.87601,0.87601,29540000,1
1413482760000,1413482819000,0.87602,0.87656,0.87602,0.87643,104720000,1
1413482820000,1413482879000,0.87643,0.87647,0.87613,0.87615,53170000,1
1413482880000,1413482939000,0.87615,0.87637,0.87615,0.87637,63760000,1
1413482940000,1413482999000,0.87637,0.87655,0.87632,0.87653,61810000,1
1413483000000,1413483059000,0.87651,0.87675,0.87645,0.87654,80330000,1
1413483060000,1413483119000,0.87654,0.87654,0.87619,0.87625,101440000,1
1413483120000,1413483179000,0.87625,0.8763,0.87619,0.87622,57950000,1
1413483180000,1413483239000,0.8762,0.8762,0.87597,0.87607,70240000,1
1413483240000,1413483299000,0.87604,0.87615,0.87587,0.8761,98340000,1
1413483300000,1413483359000,0.87609,0.87614,0.87606,0.87606,38280000,1
1413483360000,1413483419000,0.87606,0.87606,0.87577,0.87594,53180000,1
1413483420000,1413483479000,0.87595,0.87617,0.87595,0.87597,37150000,1
1413483480000,1413483539000,0.87597,0.87614,0.87587,0.87595,79150000,1
1413483540000,1413483599000,0.87595,0.87616,0.87595,0.87604,104020000,1
1413483600000,1413483659000,0.87604,0.87626,0.87597,0.87623,170430000,1
1413483660000,1413483719000,0.87622,0.87625,0.87607,0.87621,94710000,1
1413483720000,1413483779000,0.8762,0.87631,0.87616,0.87616,99760000,1
1413483780000,1413483839000,0.87617,0.87633,0.87617,0.87628,41270000,1
1413483840000,1413483899000,0.87627,0.87627,0.87597,0.87597,71560000,1
1413483900000,1413483959000,0.87597,0.87616,0.87597,0.87615,20240000,1
1413483960000,1413484019000,0.87615,0.87644,0.87615,0.87644,73900000,1
1413484020000,1413484079000,0.87643,0.87643,0.87619,0.87626,44870000,1
1413484080000,1413484139000,0.87627,0.87635,0.87616,0.87624,41890000,1
1413484140000,1413484199000,0.87624,0.87624,0.87606,0.87618,39100000,1
1413484200000,1413484259000,0.87617,0.87617,0.87602,0.87605,40670000,1
1413484260000,1413484319000,0.87605,0.87636,0.87602,0.87631,53520000,1
1413484320000,1413484379000,0.87631,0.87637,0.87608,0.87637,53540000,1
1413484380000,1413484439000,0.87636,0.87637,0.87627,0.87628,31200000,1
1413484440000,1413484499000,0.87627,0.87627,0.8762,0.87623,59260000,1
1413484500000,1413484559000,0.8762,0.87626,0.8761,0.8761,38940000,1
1413484560000,1413484619000,0.8761,0.87616,0.87607,0.87607,58880000,1
1413484620000,1413484679000,0.87608,0.87614,0.87606,0.87612,30480000,1
1413484680000,1413484739000,0.87612,0.87612,0.87607,0.87609,25410000,1
1413484740000,1413484799000,0.87608,0.87615,0.87607,0.87611,66560000,1
1413484800000,1413484859000,0.8761,0.87617,0.87607,0.87617,30530000,1
1413484860000,1413484919000,0.87617,0.87626,0.87609,0.87624,67530000,1
1413484920000,1413484979000,0.87624,0.87647,0.8762,0.87645,56210000,1
1413484980000,1413485039000,0.87645,0.87646,0.87638,0.87643,59250000,1
1413485040000,1413485099000,0.87643,0.87665,0.87642,0.87665,64310000,1
1413485100000,1413485159000,0.87664,0.87675,0.87657,0.87657,39460000,1
1413485160000,1413485219000,0.87658,0.87658,0.87627,0.87635,56830000,1
1413485220000,1413485279000,0.87635,0.87646,0.87631,0.87636,65420000,1
1413485280000,1413485339000,0.87635,0.87644,0.87628,0.87644,71250000,1
1413485340000,1413485399000,0.87644,0.87647,0.87617,0.87621,93720000,1
1413485400000,1413485459000,0.87621,0.87627,0.87612,0.87625,68540000,1
1413485460000,1413485519000,0.87625,0.87626,0.87611,0.8762,68750000,1
1413485520000,1413485579000,0.8762,0.87625,0.87607,0.87607,45450000,1
1413485580000,1413485639000,0.87607,0.8761,0.87607,0.87607,14590000,1
1413485640000,1413485699000,0.87605,0.87616,0.876,0.876,61600000,1
1413485700000,1413485759000,0.87603,0.8762,0.87601,0.87617,78140000,1
1413485760000,1413485819000,0.87615,0.87625,0.87607,0.87625,80030000,1
1413485820000,1413485879000,0.87626,0.87637,0.87621,0.87636,88150000,1
1413485880000,1413485939000,0.87637,0.87668,0.87636,0.87668,93150000,1
1413485940000,1413485999000,0.87667,0.87672,0.87631,0.87639,123310000,1
1413486000000,1413486059000,0.87643,0.87643,0.87616,0.87617,67480000,1
1413486060000,1413486119000,0.87617,0.87625,0.87614,0.87625,66510000,1
1413486120000,1413486179000,0.87623,0.87637,0.87618,0.87631,39170000,1
1413486180000,1413486239000,0.87631,0.87631,0.87618,0.87622,23370000,1
1413486240000,1413486299000,0.87624,0.8763,0.87583,0.87583,67810000,1
1413486300000,1413486359000,0.87585,0.87597,0.87577,0.8758,75830000,1
1413486360000,1413486419000,0.8758,0.87596,0.87575,0.87594,70330000,1
1413486420000,1413486479000,0.87594,0.87607,0.87589,0.87607,47910000,1
1413486480000,1413486539000,0.87606,0.87611,0.87587,0.87602,47510000,1
1413486540000,1413486599000,0.87602,0.87621,0.87602,0.87618,35460000,1
1413486600000,1413486659000,0.87617,0.87623,0.87609,0.87617,66320000,1
1413486660000,1413486719000,0.87619,0.87655,0.87619,0.87655,57770000,1
1413486720000,1413486779000,0.87656,0.87667,0.87648,0.87667,41730000,1
1413486780000,1413486839000,0.87667,0.87674,0.87651,0.87671,57700000,1
1413486840000,1413486899000,0.87671,0.87686,0.87671,0.87682,40340000,1
1413486900000,1413486959000,0.87682,0.87691,0.87657,0.87657,70090000,1
1413486960000,1413487019000,0.87657,0.87663,0.8765,0.8765,72850000,1
1413487020000,1413487079000,0.87652,0.87664,0.87652,0.87656,48250000,1
1413487080000,1413487139000,0.87658,0.87659,0.87609,0.87615,66560000,1
1413487140000,1413487199000,0.87615,0.87615,0.87606,0.87606,41330000,1
1413487200000,1413487259000,0.87606,0.87606,0.87587,0.87604,67490000,1
1413487260000,1413487319000,0.87604,0.87615,0.87596,0.87596,72960000,1
1413487320000,1413487379000,0.87596,0.87605,0.87596,0.876,46820000,1
1413487380000,1413487439000,0.87599,0.87606,0.87591,0.87599,59130000,1
1413487440000,1413487499000,0.87599,0.87602,0.87587,0.87587,51000000,1
1413487500000,1413487559000,0.87587,0.87596,0.87585,0.87594,51200000,1
1413487560000,1413487619000,0.87594,0.87595,0.87587,0.87595,28710000,1
1413487620000,1413487679000,0.87598,0.87607,0.87579,0.87586,50540000,1
1413487680000,1413487739000,0.87585,0.87606,0.87585,0.87605,42220000,1
1413487740000,1413487799000,0.87605,0.87635,0.87605,0.87633,109220000,1
1413487800000,1413487859000,0.8763,0.87646,0.87629,0.87646,57910000,1
1413487860000,1413487919000,0.87647,0.87648,0.87629,0.87647,83980000,1
1413487920000,1413487979000,0.87645,0.87645,0.87629,0.87637,31490000,1
1413487980000,1413488039000,0.87636,0.87648,0.87635,0.87642,49240000,1
1413488040000,1413488099000,0.87641,0.87648,0.87639,0.87648,12440000,1
1413488100000,1413488159000,0.87648,0.87657,0.87647,0.87655,41940000,1
1413488160000,1413488219000,0.87653,0.87656,0.87638,0.87638,46070000,1
1413488220000,1413488279000,0.87638,0.8764,0.87624,0.8763,32000000,1
1413488280000,1413488339000,0.8763,0.87637,0.87619,0.8762,37090000,1
1413488340000,1413488399000,0.87617,0.87628,0.87612,0.87612,57790000,1
1413488400000,1413488459000,0.87612,0.87612,0.87612,0.87612,18390000,1
1413488460000,1413488519000,0.87612,0.87625,0.87611,0.87625,44790000,1
1413488520000,1413488579000,0.87624,0.87625,0.87616,0.87616,27920000,1
1413488580000,1413488639000,0.87616,0.87625,0.87616,0.87617,14810000,1
1413488640000,1413488699000,0.87615,0.87615,0.87608,0.87609,37960000,1
1413488700000,1413488759000,0.87609,0.87609,0.87597,0.87601,131140000,1
1413488760000,1413488819000,0.87601,0.87605,0.87575,0.87578,60510000,1
1413488820000,1413488879000,0.87581,0.87582,0.87577,0.87577,16380000,1
1413488880000,1413488939000,0.87578,0.87578,0.87574,0.87575,10000000,1
1413488940000,1413488999000,0.87575,0.87578,0.8757,0.87573,35250000,1
1413489000000,1413489059000,0.87573,0.87577,0.87573,0.87575,42330000,1
1413489060000,1413489119000,0.87575,0.87576,0.87575,0.87575,31440000,1
1413489120000,1413489179000,0.87575,0.87587,0.87575,0.87586,30250000,1
1413489180000,1413489239000,0.87584,0.87588,0.87584,0.87587,46250000,1
1413489240000,1413489299000,0.87587,0.8759,0.87584,0.87587,66500000,1
1413489300000,1413489359000,0.87585,0.87585,0.87575,0.87577,26870000,1
1413489360000,1413489419000,0.87577,0.87577,0.8757,0.87576,28000000,1
1413489420000,1413489479000,0.87576,0.87582,0.87566,0.87578,50300000,1
1413489480000,1413489539000,0.87577,0.87578,0.87567,0.87567,54580000,1
1413489540000,1413489599000,0.87567,0.8757,0.87557,0.87562,65000000,1
1413489600000,1413489659000,0.87562,0.87562,0.87555,0.87556,87840000,1
1413489660000,1413489719000,0.87556,0.8756,0.87553,0.87556,41520000,1
1413489720000,1413489779000,0.87555,0.87557,0.87549,0.87557,35100000,1
1413489780000,1413489839000,0.87557,0.8756,0.87557,0.8756,15000000,1
1413489840000,1413489899000,0.87559,0.87566,0.87555,0.87566,33360000,1
1413489900000,1413489959000,0.87566,0.8757,0.87566,0.87567,18000000,1
1413489960000,1413490019000,0.87567,0.87571,0.87567,0.87569,25500000,1
1413490020000,1413490079000,0.8757,0.8757,0.87557,0.87558,16610000,1
1413490080000,1413490139000,0.87558,0.87569,0.87557,0.87569,24720000,1
1413490140000,1413490199000,0.87569,0.87569,0.87569,0.87569,7240000,1
1413490200000,1413490259000,0.87569,0.8757,0.87568,0.8757,20370000,1
1413490260000,1413490319000,0.8757,0.8759,0.8757,0.87587,35950000,1
1413490320000,1413490379000,0.87587,0.87592,0.87587,0.87592,12140000,1
1413490380000,1413490439000,0.8759,0.8759,0.87563,0.87569,79250000,1
1413490440000,1413490499000,0.8757,0.8758,0.87569,0.87577,46500000,1
1413490500000,1413490559000,0.8758,0.8758,0.87572,0.87579,51430000,1
1413490560000,1413490619000,0.8758,0.87583,0.87578,0.87583,17500000,1
1413490620000,1413490679000,0.87583,0.87584,0.87581,0.87583,30000000,1
1413490680000,1413490739000,0.87583,0.87583,0.87577,0.87579,26500000,1
1413490740000,1413490799000,0.87579,0.87582,0.87579,0.87581,36250000,1
1413490800000,1413490859000,0.87581,0.87582,0.87581,0.87582,15200000,1
1413490860000,1413490919000,0.87584,0.8759,0.87581,0.8759,22090000,1
1413490920000,1413490979000,0.8759,0.876,0.8759,0.87599,23670000,1
1413490980000,1413491039000,0.87599,0.87603,0.87597,0.87599,39840000,1
1413491040000,1413491099000,0.87598,0.87598,0.8759,0.87594,34550000,1
1413491100000,1413491159000,0.87595,0.87599,0.87531,0.87537,96130000,1
1413491160000,1413491219000,0.87537,0.87545,0.87519,0.87525,77770000,1
1413491220000,1413491279000,0.87525,0.87526,0.87512,0.87522,61770000,1
1413491280000,1413491339000,0.87522,0.87525,0.87521,0.87524,20500000,1
1413491340000,1413491399000,0.87524,0.87537,0.87524,0.87534,67550000,1
1413491400000,1413491459000,0.87536,0.87548,0.87535,0.87547,24760000,1
1413491460000,1413491519000,0.87548,0.87548,0.87544,0.87545,13000000,1
1413491520000,1413491579000,0.87544,0.87554,0.87544,0.87553,51670000,1
1413491580000,1413491639000,0.87556,0.87556,0.87553,0.87554,26020000,1
1413491640000,1413491699000,0.87555,0.8756,0.87555,0.87556,17680000,1
1413491700000,1413491759000,0.87556,0.87568,0.87554,0.87554,76590000,1
1413491760000,1413491819000,0.87556,0.87563,0.87556,0.87562,34180000,1
1413491820000,1413491879000,0.87562,0.87568,0.87562,0.87564,25670000,1
1413491880000,1413491939000,0.87564,0.87581,0.87564,0.87575,89930000,1
1413491940000,1413491999000,0.87575,0.87575,0.87569,0.87572,43600000,1
1413492000000,1413492059000,0.87572,0.87573,0.87564,0.87572,34170000,1
1413492060000,1413492119000,0.87572,0.87574,0.87565,0.87573,72770000,1
1413492120000,1413492179000,0.87573,0.87586,0.87571,0.8758,46370000,1
1413492180000,1413492239000,0.8758,0.87593,0.87571,0.87576,79210000,1
1413492240000,1413492299000,0.87576,0.8758,0.87568,0.87576,82900000,1
1413492300000,1413492359000,0.87576,0.87581,0.87576,0.87579,31000000,1
1413492360000,1413492419000,0.87582,0.87582,0.87582,0.87582,1000000,1
1413492420000,1413492479000,0.87582,0.87582,0.87578,0.87579,14000000,1
1413492480000,1413492539000,0.87582,0.87582,0.87579,0.87581,18500000,1
1413492540000,1413492599000,0.87581,0.87584,0.87578,0.87584,38500000,1
1413492600000,1413492659000,0.87584,0.87584,0.8757,0.87571,71500000,1
1413492660000,1413492719000,0.8757,0.87573,0.87565,0.87571,18250000,1
1413492720000,1413492779000,0.87571,0.87576,0.87566,0.87574,51000000,1
1413492780000,1413492839000,0.87573,0.87573,0.87569,0.87569,16500000,1
1413492840000,1413492899000,0.87569,0.8757,0.87569,0.8757,20500000,1
1413492900000,1413492959000,0.87569,0.87569,0.87562,0.87563,10000000,1
1413492960000,1413493019000,0.87564,0.87564,0.87559,0.8756,19500000,1
1413493020000,1413493079000,0.8756,0.87567,0.8756,0.87567,7000000,1
1413493080000,1413493139000,0.87558,0.87562,0.8755,0.87553,26930000,1
1413493140000,1413493199000,0.87551,0.8756,0.87543,0.8755,37700000,1
1413493200000,1413493259000,0.8755,0.8755,0.87547,0.87547,200000,1
1413493260000,1413493319000,0.87548,0.87566,0.87548,0.87565,2220000,1
1413493320000,1413493379000,0.87565,0.87565,0.87565,0.87565,370000,1
1413493380000,1413493439000,0.87562,0.8757,0.87546,0.87546,2910000,1
1413493440000,1413493499000,0.87543,0.87544,0.87543,0.87544,4140000,1
1413493500000,1413493559000,0.87544,0.87553,0.87542,0.87553,22680000,1
1413493560000,1413493619000,0.87552,0.87553,0.8755,0.8755,5170000,1
1413493620000,1413493679000,0.87551,0.87554,0.87551,0.87554,6590000,1
1413493680000,1413493739000,0.87554,0.87554,0.87554,0.87554,1070000,1
1413493740000,1413493799000,0.87548,0.87555,0.87548,0.87555,13690000,1
1413493800000,1413493859000,0.87556,0.87556,0.87556,0.87556,3370000,1
1413493860000,1413493919000,0.87556,0.87556,0.87552,0.87552,4370000,1
1413493920000,1413493979000,0.87559,0.87559,0.87554,0.87554,7930000,1
1413493980000,1413494039000,0.87554,0.87554,0.8755,0.87551,13500000,1
1413494040000,1413494099000,0.87552,0.87559,0.87552,0.87559,18460000,1
1413494100000,1413494159000,0.87559,0.87561,0.87555,0.87555,27230000,1
1413494160000,1413494219000,0.87555,0.87556,0.87555,0.87555,23970000,1
1413494220000,1413494279000,0.87555,0.87559,0.87548,0.87548,23410000,1
1413494280000,1413494339000,0.87552,0.87555,0.87545,0.87555,29480000,1
1413494340000,1413494399000,0.87555,0.87555,0.87553,0.87553,21440000,1
1413494400000,1413494459000,0.87553,0.87555,0.87553,0.87554,38400000,1
1413494460000,1413494519000,0.87555,0.87555,0.87553,0.87554,28820000,1
1413494520000,1413494579000,0.87554,0.8756,0.8755,0.87551,56250000,1
1413494580000,1413494639000,0.87553,0.87555,0.87551,0.87551,32000000,1
1413494640000,1413494699000,0.87551,0.87551,0.87549,0.87549,5640000,1
1413494700000,1413494759000,0.87551,0.87551,0.87543,0.87543,22920000,1
1413494760000,1413494819000,0.87542,0.87543,0.87538,0.87543,36250000,1
1413494820000,1413494879000,0.87543,0.87543,0.87541,0.87542,25520000,1
1413494880000,1413494939000,0.87542,0.87549,0.87542,0.87546,25820000,1
1413494940000,1413494999000,0.87546,0.87549,0.87545,0.87547,11450000,1
1413495000000,1413495059000,0.87546,0.87547,0.8754,0.8754,14880000,1
1413495060000,1413495119000,0.87541,0.87541,0.87529,0.87531,29700000,1
1413495120000,1413495179000,0.87531,0.87531,0.87526,0.87527,20490000,1
1413495180000,1413495239000,0.87527,0.87527,0.87526,0.87527,10460000,1
1413495240000,1413495299000,0.87526,0.87527,0.87526,0.87527,23730000,1
1413495300000,1413495359000,0.87527,0.87533,0.87522,0.87527,38630000,1
1413495360000,1413495419000,0.87527,0.87527,0.87509,0.87509,74240000,1
1413495420000,1413495479000,0.87508,0.87521,0.87507,0.87511,54370000,1
1413495480000,1413495539000,0.8751,0.8751,0.87509,0.8751,12500000,1
1413495540000,1413495599000,0.8751,0.87513,0.8751,0.87511,18260000,1
1413495600000,1413495659000,0.87511,0.8752,0.87509,0.87515,22000000,1
1413495660000,1413495719000,0.8752,0.8752,0.87517,0.87519,10000000,1
1413495720000,1413495779000,0.87518,0.87521,0.87479,0.87504,66470000,1
1413495780000,1413495839000,0.87505,0.87536,0.87505,0.87536,38000000,1
1413495840000,1413495899000,0.87539,0.87544,0.87532,0.87532,11000000,1
1413495900000,1413495959000,0.8753,0.8753,0.87505,0.87519,21000000,1
1413495960000,1413496019000,0.87519,0.8753,0.87512,0.8753,32420000,1
1413496020000,1413496079000,0.87529,0.87529,0.87518,0.8752,15240000,1
1413496080000,1413496139000,0.8752,0.87525,0.8752,0.87522,20380000,1
1413496140000,1413496199000,0.87522,0.87526,0.87518,0.8752,32660000,1
1413496200000,1413496259000,0.87519,0.87519,0.87506,0.87506,14080000,1
1413496260000,1413496319000,0.87505,0.87506,0.87471,0.87504,67960000,1
1413496320000,1413496379000,0.87502,0.87502,0.87464,0.87467,32560000,1
1413496380000,1413496439000,0.87468,0.87471,0.87468,0.87471,9500000,1
1413496440000,1413496499000,0.87469,0.87479,0.87465,0.87479,15250000,1
1413496500000,1413496559000,0.8748,0.87484,0.87478,0.87479,17750000,1
1413496560000,1413496619000,0.87477,0.87479,0.87473,0.87475,20250000,1
1413496620000,1413496679000,0.87473,0.87524,0.87468,0.87478,73850000,1
1413496680000,1413496739000,0.87479,0.87481,0.87478,0.8748,7000000,1
1413496740000,1413496799000,0.8748,0.87503,0.87479,0.87501,27100000,1
1413496800000,1413496859000,0.87503,0.87524,0.87501,0.87513,80720000,1
1413496860000,1413496919000,0.87516,0.87521,0.87503,0.87521,42630000,1
1413496920000,1413496979000,0.87522,0.87528,0.87509,0.87513,29780000,1
1413496980000,1413497039000,0.87515,0.87525,0.87501,0.87507,42810000,1
1413497040000,1413497099000,0.87506,0.87508,0.87488,0.87501,38970000,1
1413497100000,1413497159000,0.87503,0.87506,0.87496,0.87505,15570000,1
1413497160000,1413497219000,0.87508,0.87509,0.87497,0.87503,36290000,1
1413497220000,1413497279000,0.87504,0.87507,0.87497,0.87502,60880000,1
1413497280000,1413497339000,0.87501,0.87501,0.87473,0.87475,52420000,1
1413497340000,1413497399000,0.87474,0.87485,0.87456,0.8746,88070000,1
1413497400000,1413497459000,0.87454,0.87509,0.87437,0.87484,272900000,1
1413497460000,1413497519000,0.87484,0.87484,0.87352,0.87367,253300000,1
1413497520000,1413497579000,0.87367,0.87381,0.87343,0.87345,196440000,1
1413497580000,1413497639000,0.87343,0.87368,0.87331,0.8736,148450000,1
1413497640000,1413497699000,0.8736,0.87374,0.87349,0.8736,141960000,1
1413497700000,1413497759000,0.8736,0.87394,0.87349,0.87382,98090000,1
1413497760000,1413497819000,0.87382,0.87411,0.87382,0.87402,180550000,1
1413497820000,1413497879000,0.87397,0.87444,0.87397,0.87444,89500000,1
1413497880000,1413497939000,0.87442,0.87466,0.87432,0.87433,263050000,1
1413497940000,1413497999000,0.87433,0.87468,0.87412,0.87413,232840000,1
1413498000000,1413498059000,0.87415,0.87415,0.87371,0.87371,64990000,1
1413498060000,1413498119000,0.8737,0.87408,0.8737,0.87406,62620000,1
1413498120000,1413498179000,0.87405,0.87456,0.87405,0.87455,52230000,1
1413498180000,1413498239000,0.87455,0.87458,0.87442,0.87456,30870000,1
1413498240000,1413498299000,0.87456,0.87462,0.87455,0.87455,17010000,1
1413498300000,1413498359000,0.87455,0.87481,0.87454,0.8747,101600000,1
1413498360000,1413498419000,0.8747,0.87478,0.87459,0.87477,76500000,1
1413498420000,1413498479000,0.87479,0.87548,0.87479,0.87524,185570000,1
1413498480000,1413498539000,0.87522,0.8754,0.87509,0.87514,73730000,1
1413498540000,1413498599000,0.87514,0.87544,0.87511,0.87514,142200000,1
1413498600000,1413498659000,0.87514,0.87549,0.87514,0.87544,78160000,1
1413498660000,1413498719000,0.87543,0.87543,0.87532,0.87536,16500000,1
1413498720000,1413498779000,0.87535,0.87539,0.87506,0.87506,30150000,1
1413498780000,1413498839000,0.87504,0.87517,0.87492,0.87516,43940000,1
1413498840000,1413498899000,0.87516,0.87516,0.87482,0.87491,55510000,1
1413498900000,1413498959000,0.87491,0.87491,0.87467,0.87475,50750000,1
1413498960000,1413499019000,0.87475,0.8748,0.87452,0.87455,50190000,1
1413499020000,1413499079000,0.87452,0.87478,0.87452,0.87477,57650000,1
1413499080000,1413499139000,0.87476,0.8753,0.87476,0.87529,90620000,1
1413499140000,1413499199000,0.87529,0.87529,0.8752,0.8752,24000000,1
1413499200000,1413499259000,0.87524,0.87528,0.87524,0.87525,7370000,1
1413499260000,1413499319000,0.87525,0.87525,0.87519,0.87524,16000000,1
1413499320000,1413499379000,0.87524,0.87524,0.87519,0.8752,15000000,1
1413499380000,1413499439000,0.8752,0.87522,0.8751,0.87522,18600000,1
1413499440000,1413499499000,0.87522,0.87554,0.87522,0.87554,74540000,1
1413499500000,1413499559000,0.87552,0.87552,0.87512,0.87526,62200000,1
1413499560000,1413499619000,0.87526,0.87551,0.87526,0.87551,34410000,1
1413499620000,1413499679000,0.87551,0.87556,0.8755,0.87556,14140000,1
1413499680000,1413499739000,0.87556,0.87572,0.87556,0.8756,28790000,1
1413499740000,1413499799000,0.87559,0.87561,0.87512,0.87516,43480000,1
1413499800000,1413499859000,0.87516,0.87541,0.87512,0.8754,48870000,1
1413499860000,1413499919000,0.8754,0.87545,0.87529,0.87529,36200000,1
1413499920000,1413499979000,0.87528,0.87529,0.87509,0.87525,62590000,1
1413499980000,1413500039000,0.87526,0.8754,0.87526,0.8754,16640000,1
1413500040000,1413500099000,0.87539,0.87546,0.87534,0.87537,16890000,1
1413500100000,1413500159000,0.87535,0.87542,0.87535,0.87542,12370000,1
1413500160000,1413500219000,0.87541,0.87541,0.87539,0.87541,8710000,1
1413500220000,1413500279000,0.87542,0.87559,0.87542,0.87559,62580000,1
1413500280000,1413500339000,0.87559,0.8757,0.87559,0.8757,28460000,1
1413500340000,1413500399000,0.87569,0.87575,0.87553,0.8756,91960000,1
1413500400000,1413500459000,0.8756,0.87593,0.87557,0.8758,116380000,1
1413500460000,1413500519000,0.8758,0.87612,0.87568,0.87612,79190000,1
1413500520000,1413500579000,0.87611,0.87615,0.87602,0.87604,55690000,1
1413500580000,1413500639000,0.87606,0.87625,0.87606,0.87612,54500000,1
1413500640000,1413500699000,0.87612,0.87627,0.87612,0.87625,40190000,1
1413500700000,1413500759000,0.87626,0.87629,0.87611,0.87629,132070000,1
1413500760000,1413500819000,0.87626,0.87638,0.87615,0.87615,94800000,1
1413500820000,1413500879000,0.87615,0.87641,0.87602,0.87639,68990000,1
1413500880000,1413500939000,0.87639,0.87639,0.87626,0.87628,44930000,1
1413500940000,1413500999000,0.87627,0.87629,0.87621,0.87622,27500000,1
1413501000000,1413501059000,0.87622,0.87634,0.8761,0.8761,61690000,1
1413501060000,1413501119000,0.8761,0.87614,0.87582,0.87582,87570000,1
1413501120000,1413501179000,0.87582,0.87607,0.87582,0.87607,57750000,1
1413501180000,1413501239000,0.87612,0.87612,0.87593,0.876,40540000,1
1413501240000,1413501299000,0.87601,0.8762,0.87593,0.8762,32140000,1
1413501300000,1413501359000,0.8762,0.87627,0.87607,0.87607,46850000,1
1413501360000,1413501419000,0.87607,0.8761,0.87597,0.87597,39400000,1
1413501420000,1413501479000,0.87597,0.87601,0.87597,0.87597,7820000,1
1413501480000,1413501539000,0.87597,0.876,0.87597,0.876,15480000,1
1413501540000,1413501599000,0.87601,0.87601,0.87598,0.87601,7150000,1
1413501600000,1413501659000,0.87599,0.87601,0.87577,0.87578,38050000,1
1413501660000,1413501719000,0.87577,0.8758,0.87577,0.87577,21300000,1
1413501720000,1413501779000,0.87577,0.8758,0.87568,0.8758,32160000,1
1413501780000,1413501839000,0.8758,0.87591,0.87575,0.87583,63470000,1
1413501840000,1413501899000,0.87585,0.87592,0.87585,0.8759,28950000,1
1413501900000,1413501959000,0.8759,0.87638,0.8759,0.87638,79790000,1
1413501960000,1413502019000,0.8764,0.87664,0.87632,0.87664,46050000,1
1413502020000,1413502079000,0.87665,0.87667,0.87644,0.87659,78530000,1
1413502080000,1413502139000,0.87659,0.87659,0.87643,0.87647,48860000,1
1413502140000,1413502199000,0.87647,0.87654,0.87641,0.87645,33940000,1
1413502200000,1413502259000,0.87645,0.87645,0.87637,0.87641,33590000,1
1413502260000,1413502319000,0.87639,0.87669,0.87639,0.87667,76820000,1
1413502320000,1413502379000,0.87667,0.87681,0.87667,0.87679,39290000,1
1413502380000,1413502439000,0.87678,0.87709,0.87674,0.87684,78020000,1
1413502440000,1413502499000,0.87684,0.87713,0.8768,0.8771,74960000,1
1413502500000,1413502559000,0.8771,0.87726,0.87709,0.8772,95000000,1
1413502560000,1413502619000,0.8772,0.87725,0.87714,0.87719,49670000,1
1413502620000,1413502679000,0.87719,0.87729,0.87719,0.87727,26740000,1
1413502680000,1413502739000,0.87726,0.87726,0.87703,0.87703,44000000,1
1413502740000,1413502799000,0.87703,0.8771,0.87688,0.87704,48860000,1
1413502800000,1413502859000,0.87702,0.87702,0.87679,0.87689,63380000,1
1413502860000,1413502919000,0.87689,0.8771,0.87689,0.8771,25270000,1
1413502920000,1413502979000,0.87708,0.87709,0.87702,0.87709,27320000,1
1413502980000,1413503039000,0.87709,0.87715,0.87709,0.87715,8000000,1
1413503040000,1413503099000,0.87716,0.87716,0.87712,0.87712,7500000,1
1413503100000,1413503159000,0.87713,0.87713,0.87702,0.87707,30090000,1
1413503160000,1413503219000,0.87707,0.87707,0.87702,0.87704,23020000,1
1413503220000,1413503279000,0.87704,0.87704,0.877,0.877,31160000,1
1413503280000,1413503339000,0.877,0.877,0.87696,0.877,17190000,1
1413503340000,1413503399000,0.877,0.877,0.87696,0.87698,20470000,1
1413503400000,1413503459000,0.87698,0.87698,0.87667,0.87667,36190000,1
1413503460000,1413503519000,0.87667,0.8767,0.87662,0.87668,23130000,1
1413503520000,1413503579000,0.8767,0.8768,0.87668,0.8768,28680000,1
1413503580000,1413503639000,0.87683,0.87689,0.8768,0.87686,31700000,1
1413503640000,1413503699000,0.87686,0.87686,0.87678,0.87685,36070000,1
1413503700000,1413503759000,0.87685,0.87697,0.87685,0.8769,46530000,1
1413503760000,1413503819000,0.87688,0.87693,0.87688,0.87692,7000000,1
1413503820000,1413503879000,0.87695,0.87701,0.87692,0.87701,21260000,1
1413503880000,1413503939000,0.87699,0.87699,0.87699,0.87699,8390000,1
1413503940000,1413503999000,0.877,0.87712,0.87696,0.87702,85390000,1
1413504000000,1413504059000,0.87702,0.87731,0.87693,0.8773,90460000,1
1413504060000,1413504119000,0.87729,0.87742,0.87726,0.8774,44390000,1
1413504120000,1413504179000,0.8774,0.87802,0.8774,0.87773,100190000,1
1413504180000,1413504239000,0.87773,0.87794,0.87755,0.87781,86370000,1
1413504240000,1413504299000,0.87781,0.8779,0.87781,0.87789,56550000,1
1413504300000,1413504359000,0.8779,0.8779,0.87759,0.87763,99220000,1
1413504360000,1413504419000,0.87763,0.87763,0.87757,0.87761,66590000,1
1413504420000,1413504479000,0.87762,0.87809,0.87761,0.87799,122510000,1
1413504480000,1413504539000,0.87798,0.87798,0.8777,0.87773,85600000,1
1413504540000,1413504599000,0.87772,0.87791,0.87765,0.87783,79160000,1
1413504600000,1413504659000,0.87782,0.87795,0.87768,0.87789,51370000,1
1413504660000,1413504719000,0.87789,0.8779,0.87782,0.87788,21440000,1
1413504720000,1413504779000,0.87789,0.87838,0.87789,0.87824,124550000,1
1413504780000,1413504839000,0.87826,0.87848,0.87812,0.87821,103800000,1
1413504840000,1413504899000,0.8782,0.8782,0.87776,0.87786,93700000,1
1413504900000,1413504959000,0.87788,0.87802,0.87788,0.87791,31510000,1
1413504960000,1413505019000,0.87793,0.87801,0.87789,0.87789,61810000,1
1413505020000,1413505079000,0.87789,0.87794,0.87788,0.87788,23510000,1
1413505080000,1413505139000,0.87788,0.87788,0.87788,0.87788,11010000,1
1413505140000,1413505199000,0.87787,0.87787,0.87783,0.87783,12000000,1
1413505200000,1413505259000,0.87783,0.878,0.87782,0.87791,82840000,1
1413505260000,1413505319000,0.87788,0.87788,0.87771,0.87777,43250000,1
1413505320000,1413505379000,0.87777,0.87778,0.87767,0.87767,64690000,1
1413505380000,1413505439000,0.87771,0.87771,0.87771,0.87771,2500000,1
1413505440000,1413505499000,0.87772,0.87772,0.87771,0.87771,3570000,1
1413505500000,1413505559000,0.87771,0.87791,0.87771,0.87785,39950000,1
1413505560000,1413505619000,0.87785,0.87785,0.8778,0.8778,13020000,1
1413505620000,1413505679000,0.87778,0.87778,0.87764,0.87764,30490000,1
1413505680000,1413505739000,0.87762,0.87778,0.87759,0.8777,43330000,1
1413505740000,1413505799000,0.8777,0.87777,0.87769,0.87777,14000000,1
1413505800000,1413505859000,0.87777,0.87781,0.87777,0.87779,40500000,1
1413505860000,1413505919000,0.87779,0.8778,0.87778,0.87778,11810000,1
1413505920000,1413505979000,0.87778,0.87778,0.87742,0.87742,57130000,1
1413505980000,1413506039000,0.87742,0.8775,0.87721,0.87721,57190000,1
1413506040000,1413506099000,0.87721,0.87721,0.8771,0.8771,34140000,1
1413506100000,1413506159000,0.8771,0.87715,0.8771,0.87711,30720000,1
1413506160000,1413506219000,0.87711,0.87713,0.87708,0.87711,31750000,1
1413506220000,1413506279000,0.87711,0.87713,0.87708,0.8771,25500000,1
1413506280000,1413506339000,0.8771,0.87747,0.8771,0.87745,73170000,1
1413506340000,1413506399000,0.87745,0.87762,0.87742,0.87745,56740000,1
1413506400000,1413506459000,0.87748,0.87755,0.87741,0.87741,60000000,1
1413506460000,1413506519000,0.87741,0.8776,0.87732,0.87752,46020000,1
1413506520000,1413506579000,0.87753,0.87753,0.87741,0.87742,26100000,1
1413506580000,1413506639000,0.87742,0.87752,0.87742,0.8775,20000000,1
1413506640000,1413506699000,0.8775,0.8775,0.87734,0.87735,39250000,1
1413506700000,1413506759000,0.87735,0.8774,0.87722,0.87728,62930000,1
1413506760000,1413506819000,0.87728,0.8773,0.87726,0.8773,9800000,1
1413506820000,1413506879000,0.8773,0.8773,0.87726,0.87727,5760000,1
1413506880000,1413506939000,0.87727,0.87731,0.87695,0.87708,67850000,1
1413506940000,1413506999000,0.87707,0.87721,0.87707,0.87715,43450000,1
1413507000000,1413507059000,0.87715,0.87729,0.87715,0.87729,25510000,1
1413507060000,1413507119000,0.87729,0.87738,0.87729,0.87733,23070000,1
1413507120000,1413507179000,0.87733,0.87752,0.87721,0.87733,111370000,1
1413507180000,1413507239000,0.87733,0.87733,0.87722,0.87731,37000000,1
1413507240000,1413507299000,0.87731,0.87735,0.87722,0.87729,43410000,1
1413507300000,1413507359000,0.87733,0.87733,0.87713,0.8772,110540000,1
1413507360000,1413507419000,0.8772,0.87731,0.87718,0.87729,37200000,1
1413507420000,1413507479000,0.87731,0.87731,0.87723,0.87724,21000000,1
1413507480000,1413507539000,0.87723,0.87729,0.87722,0.87728,38750000,1
1413507540000,1413507599000,0.87728,0.87728,0.87723,0.87724,11000000,1
1413507600000,1413507659000,0.87724,0.87725,0.87721,0.87722,41000000,1
1413507660000,1413507719000,0.87724,0.87728,0.87713,0.87724,59810000,1
1413507720000,1413507779000,0.87727,0.87739,0.87727,0.87738,40720000,1
1413507780000,1413507839000,0.87738,0.87752,0.87729,0.87742,60360000,1
1413507840000,1413507899000,0.87742,0.87799,0.87742,0.87799,103770000,1
1413507900000,1413507959000,0.87798,0.87801,0.87769,0.87776,38030000,1
1413507960000,1413508019000,0.87776,0.87781,0.87773,0.87781,36150000,1
1413508020000,1413508079000,0.87783,0.87804,0.87783,0.87804,29500000,1
1413508080000,1413508139000,0.87802,0.87807,0.87798,0.87806,24000000,1
1413508140000,1413508199000,0.87806,0.87813,0.87802,0.87813,31000000,1
1413508200000,1413508259000,0.87814,0.87814,0.87805,0.87808,30740000,1
1413508260000,1413508319000,0.87809,0.87809,0.87795,0.87795,54220000,1
1413508320000,1413508379000,0.87797,0.87804,0.8779,0.87799,43290000,1
1413508380000,1413508439000,0.87799,0.87801,0.87785,0.87797,60710000,1
1413508440000,1413508499000,0.87797,0.87797,0.8777,0.87771,51540000,1
1413508500000,1413508559000,0.87771,0.87782,0.87765,0.8778,62520000,1
1413508560000,1413508619000,0.87778,0.87783,0.87768,0.87781,25710000,1
1413508620000,1413508679000,0.87781,0.87795,0.87781,0.87795,25440000,1
1413508680000,1413508739000,0.87795,0.87813,0.87795,0.87812,38960000,1
1413508740000,1413508799000,0.8781,0.87825,0.87809,0.87809,42130000,1
1413508800000,1413508859000,0.87809,0.87831,0.87809,0.87821,70150000,1
1413508860000,1413508919000,0.87821,0.87825,0.8782,0.87824,36420000,1
1413508920000,1413508979000,0.87823,0.8783,0.8782,0.87822,49020000,1
1413508980000,1413509039000,0.87822,0.87822,0.87804,0.87818,44590000,1
1413509040000,1413509099000,0.87819,0.87819,0.87808,0.87808,12900000,1
1413509100000,1413509159000,0.87808,0.87811,0.87807,0.87809,26030000,1
1413509160000,1413509219000,0.87809,0.87812,0.87808,0.87812,34140000,1
1413509220000,1413509279000,0.87811,0.87811,0.87806,0.8781,31310000,1
1413509280000,1413509339000,0.8781,0.8781,0.87809,0.8781,10810000,1
1413509340000,1413509399000,0.8781,0.8781,0.87773,0.87775,71140000,1
1413509400000,1413509459000,0.87774,0.87803,0.87774,0.87803,62110000,1
1413509460000,1413509519000,0.87798,0.87805,0.87798,0.878,38410000,1
1413509520000,1413509579000,0.878,0.87812,0.87795,0.8781,35360000,1
1413509580000,1413509639000,0.8781,0.87812,0.87779,0.87788,109790000,1
1413509640000,1413509699000,0.87788,0.87818,0.87788,0.87798,100410000,1
1413509700000,1413509759000,0.87799,0.87825,0.87799,0.87821,93260000,1
1413509760000,1413509819000,0.87821,0.87832,0.87819,0.87827,60940000,1
1413509820000,1413509879000,0.87826,0.87831,0.87821,0.87821,43970000,1
1413509880000,1413509939000,0.87821,0.87821,0.87803,0.87804,52490000,1
1413509940000,1413509999000,0.87804,0.87804,0.87796,0.878,39510000,1
1413510000000,1413510059000,0.878,0.87823,0.878,0.87822,40280000,1
1413510060000,1413510119000,0.87822,0.87827,0.87822,0.87825,10600000,1
1413510120000,1413510179000,0.87825,0.87827,0.87823,0.87826,11500000,1
1413510180000,1413510239000,0.87821,0.87828,0.87821,0.87825,18150000,1
1413510240000,1413510299000,0.87825,0.87826,0.87822,0.87825,53100000,1
1413510300000,1413510359000,0.87825,0.87881,0.87824,0.8788,112600000,1
1413510360000,1413510419000,0.87882,0.87882,0.87858,0.8786,75160000,1
1413510420000,1413510479000,0.87861,0.87873,0.87861,0.8787,60700000,1
1413510480000,1413510539000,0.87871,0.87912,0.8787,0.8789,151090000,1
1413510540000,1413510599000,0.8789,0.87908,0.87883,0.87896,81620000,1
1413510600000,1413510659000,0.87896,0.87903,0.87886,0.87898,52240000,1
1413510660000,1413510719000,0.87898,0.87908,0.87887,0.87887,69870000,1
1413510720000,1413510779000,0.87887,0.87887,0.87867,0.87868,43690000,1
1413510780000,1413510839000,0.87868,0.87879,0.87868,0.87878,30640000,1
1413510840000,1413510899000,0.8788,0.8788,0.87877,0.87878,30160000,1
1413510900000,1413510959000,0.87879,0.87883,0.87878,0.87878,43900000,1
1413510960000,1413511019000,0.87878,0.87878,0.87872,0.87874,12010000,1
1413511020000,1413511079000,0.87873,0.87879,0.87873,0.87875,21750000,1
1413511080000,1413511139000,0.87873,0.87879,0.87865,0.87879,19770000,1
1413511140000,1413511199000,0.87878,0.87878,0.87873,0.87873,8500000,1
1413511200000,1413511259000,0.87873,0.87873,0.87854,0.87859,32500000,1
1413511260000,1413511319000,0.8786,0.87873,0.87852,0.87857,102120000,1
1413511320000,1413511379000,0.87858,0.87862,0.87855,0.87859,20250000,1
1413511380000,1413511439000,0.8786,0.8786,0.87857,0.87858,27000000,1
1413511440000,1413511499000,0.87858,0.87861,0.87856,0.87861,18500000,1
1413511500000,1413511559000,0.87861,0.87861,0.8785,0.87859,34450000,1
1413511560000,1413511619000,0.87859,0.87862,0.87835,0.87859,90660000,1
1413511620000,1413511679000,0.87857,0.87862,0.8785,0.8785,51880000,1
1413511680000,1413511739000,0.8785,0.8785,0.87827,0.87827,50190000,1
1413511740000,1413511799000,0.87827,0.87827,0.87802,0.87802,47910000,1
1413511800000,1413511859000,0.87801,0.87801,0.8778,0.87782,72230000,1
1413511860000,1413511919000,0.87781,0.87786,0.87781,0.87782,15640000,1
1413511920000,1413511979000,0.87782,0.87786,0.87769,0.87771,32000000,1
1413511980000,1413512039000,0.8777,0.87775,0.87769,0.87772,53470000,1
1413512040000,1413512099000,0.87772,0.87772,0.8771,0.87713,87010000,1
1413512100000,1413512159000,0.87713,0.87732,0.8771,0.87729,85180000,1
1413512160000,1413512219000,0.87729,0.87754,0.87729,0.87751,70790000,1
1413512220000,1413512279000,0.8775,0.87759,0.8775,0.87759,39300000,1
1413512280000,1413512339000,0.87759,0.87781,0.87759,0.87779,86240000,1
1413512340000,1413512399000,0.87778,0.8778,0.87762,0.8778,123800000,1
1413512400000,1413512459000,0.87782,0.87802,0.87772,0.87777,113870000,1
1413512460000,1413512519000,0.87776,0.87786,0.87751,0.87756,128460000,1
1413512520000,1413512579000,0.87756,0.87774,0.87756,0.87762,59890000,1
1413512580000,1413512639000,0.87762,0.87769,0.87761,0.87769,26630000,1
1413512640000,1413512699000,0.87771,0.87774,0.87771,0.87773,10750000,1
1413512700000,1413512759000,0.87773,0.87783,0.87773,0.87783,22340000,1
1413512760000,1413512819000,0.87783,0.87797,0.87779,0.87779,85000000,1
1413512820000,1413512879000,0.87779,0.87791,0.87779,0.87784,49890000,1
1413512880000,1413512939000,0.87784,0.8779,0.8777,0.87788,109910000,1
1413512940000,1413512999000,0.87786,0.87786,0.87771,0.87773,31000000,1
1413513000000,1413513059000,0.87773,0.87787,0.8777,0.8777,56220000,1
1413513060000,1413513119000,0.8777,0.87787,0.87769,0.87771,47120000,1
1413513120000,1413513179000,0.87773,0.87782,0.87769,0.87782,77110000,1
1413513180000,1413513239000,0.87781,0.87804,0.87778,0.87789,81980000,1
1413513240000,1413513299000,0.87789,0.87789,0.87783,0.87788,49090000,1
1413513300000,1413513359000,0.87788,0.87788,0.87778,0.87779,107530000,1
1413513360000,1413513419000,0.87779,0.87805,0.87779,0.87803,69160000,1
1413513420000,1413513479000,0.87802,0.87804,0.87787,0.8779,57010000,1
1413513480000,1413513539000,0.87789,0.87789,0.87771,0.87771,39010000,1
1413513540000,1413513599000,0.87771,0.87774,0.87744,0.87768,94690000,1
1413513600000,1413513659000,0.87769,0.87782,0.87762,0.87766,70250000,1
1413513660000,1413513719000,0.87769,0.87769,0.87748,0.87748,52850000,1
1413513720000,1413513779000,0.87751,0.87752,0.87737,0.87743,51830000,1
1413513780000,1413513839000,0.87747,0.87758,0.8774,0.8775,44000000,1
1413513840000,1413513899000,0.8775,0.87753,0.87741,0.87741,38970000,1
1413513900000,1413513959000,0.87741,0.87741,0.87725,0.87726,40630000,1
1413513960000,1413514019000,0.87724,0.87733,0.87722,0.8773,53110000,1
1413514020000,1413514079000,0.87729,0.87735,0.87722,0.87724,46390000,1
1413514080000,1413514139000,0.87723,0.87734,0.87721,0.87729,55510000,1
1413514140000,1413514199000,0.87729,0.87741,0.87721,0.87724,96120000,1
1413514200000,1413514259000,0.87725,0.87733,0.8772,0.8772,81400000,1
1413514260000,1413514319000,0.87723,0.87726,0.87722,0.87726,20990000,1
1413514320000,1413514379000,0.87727,0.87727,0.877,0.8771,97050000,1
1413514380000,1413514439000,0.87712,0.87716,0.87676,0.87679,92980000,1
1413514440000,1413514499000,0.87679,0.87686,0.87679,0.8768,62710000,1
1413514500000,1413514559000,0.8768,0.87692,0.8768,0.87686,85200000,1
1413514560000,1413514619000,0.87688,0.87692,0.87686,0.8769,29370000,1
1413514620000,1413514679000,0.87689,0.87689,0.87683,0.87683,11740000,1
1413514680000,1413514739000,0.87683,0.87688,0.87675,0.87677,22580000,1
1413514740000,1413514799000,0.87677,0.87677,0.87664,0.87666,38420000,1
1413514800000,1413514859000,0.87666,0.87677,0.87659,0.87659,59660000,1
1413514860000,1413514919000,0.87662,0.87668,0.87644,0.8765,94950000,1
1413514920000,1413514979000,0.8765,0.87654,0.87635,0.87643,49000000,1
1413514980000,1413515039000,0.87644,0.87644,0.87633,0.87638,40320000,1
1413515040000,1413515099000,0.87641,0.87643,0.87597,0.87597,94890000,1
1413515100000,1413515159000,0.87599,0.87618,0.87599,0.87615,74030000,1
1413515160000,1413515219000,0.8762,0.87629,0.87616,0.87618,56260000,1
1413515220000,1413515279000,0.87618,0.87621,0.87614,0.87617,71220000,1
1413515280000,1413515339000,0.87617,0.87621,0.87614,0.87621,68790000,1
1413515340000,1413515399000,0.8762,0.87641,0.87618,0.87641,112530000,1
1413515400000,1413515459000,0.87641,0.87645,0.87636,0.87638,108290000,1
1413515460000,1413515519000,0.8764,0.87653,0.8764,0.87653,53280000,1
1413515520000,1413515579000,0.87653,0.87653,0.87652,0.87652,4120000,1
1413515580000,1413515639000,0.87651,0.87678,0.87651,0.87678,49890000,1
1413515640000,1413515699000,0.87676,0.877,0.87675,0.87698,71290000,1
1413515700000,1413515759000,0.87698,0.87701,0.87672,0.87678,56740000,1
1413515760000,1413515819000,0.87678,0.87678,0.87665,0.87668,64250000,1
1413515820000,1413515879000,0.87665,0.87665,0.87618,0.87634,124700000,1
1413515880000,1413515939000,0.87634,0.87634,0.87617,0.87617,56000000,1
1413515940000,1413515999000,0.87617,0.87631,0.87616,0.87621,80550000,1
1413516000000,1413516059000,0.87621,0.87621,0.87569,0.87583,144510000,1
1413516060000,1413516119000,0.87583,0.87584,0.8757,0.8757,81210000,1
1413516120000,1413516179000,0.8757,0.87574,0.87558,0.87571,71100000,1
1413516180000,1413516239000,0.87574,0.87583,0.87569,0.87581,76210000,1
1413516240000,1413516299000,0.87579,0.87603,0.87572,0.87589,112450000,1
1413516300000,1413516359000,0.87587,0.87591,0.87585,0.87591,25400000,1
1413516360000,1413516419000,0.87591,0.87591,0.87589,0.8759,15900000,1
1413516420000,1413516479000,0.8759,0.87592,0.87582,0.87588,21770000,1
1413516480000,1413516539000,0.87586,0.87586,0.87563,0.87571,59690000,1
1413516540000,1413516599000,0.87571,0.87582,0.8755,0.8758,72260000,1
1413516600000,1413516659000,0.87576,0.87576,0.8756,0.8756,23410000,1
1413516660000,1413516719000,0.8756,0.87568,0.8756,0.87563,35170000,1
1413516720000,1413516779000,0.87563,0.87577,0.87563,0.87572,53190000,1
1413516780000,1413516839000,0.87573,0.87576,0.87551,0.87551,77450000,1
1413516840000,1413516899000,0.87552,0.87564,0.87552,0.8756,48800000,1
1413516900000,1413516959000,0.8756,0.87562,0.87514,0.87527,92110000,1
1413516960000,1413517019000,0.87528,0.87528,0.875,0.875,52900000,1
1413517020000,1413517079000,0.87503,0.87521,0.8749,0.8752,81270000,1
1413517080000,1413517139000,0.8752,0.87533,0.87519,0.87529,84990000,1
1413517140000,1413517199000,0.87529,0.87533,0.87525,0.87533,29880000,1
1413517200000,1413517259000,0.87533,0.87546,0.87533,0.87542,55140000,1
1413517260000,1413517319000,0.87542,0.87551,0.87541,0.8755,65830000,1
1413517320000,1413517379000,0.8755,0.87564,0.8755,0.87563,60920000,1
1413517380000,1413517439000,0.87563,0.87563,0.87547,0.87561,43830000,1
1413517440000,1413517499000,0.87561,0.87561,0.87553,0.87561,31420000,1
1413517500000,1413517559000,0.87561,0.87567,0.8756,0.87561,15990000,1
1413517560000,1413517619000,0.87561,0.87562,0.87557,0.87562,17320000,1
1413517620000,1413517679000,0.87562,0.87562,0.8754,0.8754,38140000,1
1413517680000,1413517739000,0.87539,0.87539,0.87529,0.87539,42610000,1
1413517740000,1413517799000,0.87541,0.87541,0.87529,0.87534,30020000,1
1413517800000,1413517859000,0.87534,0.87534,0.87517,0.87517,20600000,1
1413517860000,1413517919000,0.87517,0.87517,0.87462,0.87462,107040000,1
1413517920000,1413517979000,0.87462,0.87464,0.87459,0.8746,49480000,1
1413517980000,1413518039000,0.87458,0.87458,0.8743,0.87431,63190000,1
1413518040000,1413518099000,0.87432,0.87464,0.87432,0.87461,102790000,1
1413518100000,1413518159000,0.87464,0.87491,0.87464,0.87484,56750000,1
1413518160000,1413518219000,0.87483,0.8749,0.87472,0.87477,67060000,1
1413518220000,1413518279000,0.87477,0.87494,0.87477,0.87487,69070000,1
1413518280000,1413518339000,0.87486,0.87486,0.87469,0.87469,45600000,1
1413518340000,1413518399000,0.8747,0.87472,0.87452,0.87458,35960000,1
1413518400000,1413518459000,0.87458,0.87458,0.87442,0.87443,42930000,1
1413518460000,1413518519000,0.87443,0.87443,0.8743,0.8743,22260000,1
1413518520000,1413518579000,0.87429,0.87429,0.87414,0.87415,81630000,1
1413518580000,1413518639000,0.87415,0.87415,0.87382,0.87412,94520000,1
1413518640000,1413518699000,0.87413,0.87428,0.87413,0.87428,52710000,1
1413518700000,1413518759000,0.87429,0.87452,0.87426,0.87448,93340000,1
1413518760000,1413518819000,0.87448,0.87455,0.87446,0.87455,43020000,1
1413518820000,1413518879000,0.87458,0.87471,0.87458,0.87471,54050000,1
1413518880000,1413518939000,0.87469,0.87471,0.87454,0.87461,32810000,1
1413518940000,1413518999000,0.87463,0.87502,0.87463,0.87501,116380000,1
1413519000000,1413519059000,0.875,0.87501,0.87495,0.87496,91740000,1
1413519060000,1413519119000,0.875,0.875,0.87497,0.87499,19330000,1
1413519120000,1413519179000,0.87498,0.87521,0.87497,0.87514,81230000,1
1413519180000,1413519239000,0.87514,0.8752,0.87511,0.8752,55560000,1
1413519240000,1413519299000,0.87519,0.87524,0.87512,0.87516,61340000,1
1413519300000,1413519359000,0.87516,0.87536,0.87511,0.87533,61270000,1
1413519360000,1413519419000,0.87534,0.87546,0.87532,0.87546,64740000,1
1413519420000,1413519479000,0.87544,0.87553,0.87542,0.87553,24570000,1
1413519480000,1413519539000,0.87552,0.87562,0.87543,0.87552,64680000,1
1413519540000,1413519599000,0.87552,0.87561,0.87548,0.87556,34860000,1
1413519600000,1413519659000,0.8756,0.87579,0.8756,0.87577,52360000,1
1413519660000,1413519719000,0.87577,0.87631,0.87577,0.87602,135810000,1
1413519720000,1413519779000,0.87602,0.87602,0.87591,0.87593,46480000,1
1413519780000,1413519839000,0.87593,0.87593,0.87563,0.87564,62690000,1
1413519840000,1413519899000,0.87559,0.87567,0.87557,0.87562,59710000,1
1413519900000,1413519959000,0.87564,0.87587,0.87564,0.87587,79250000,1
1413519960000,1413520019000,0.87588,0.8759,0.87582,0.87587,54700000,1
1413520020000,1413520079000,0.87588,0.87591,0.8758,0.87581,54030000,1
1413520080000,1413520139000,0.87581,0.87582,0.87558,0.87563,62070000,1
1413520140000,1413520199000,0.87563,0.87563,0.87563,0.87563,1000000,1
1413520200000,1413520259000,0.87564,0.87582,0.87564,0.87581,29000000,1
1413520260000,1413520319000,0.8758,0.87586,0.87572,0.87572,31560000,1
1413520320000,1413520379000,0.87572,0.87573,0.87571,0.87571,11250000,1
1413520380000,1413520439000,0.87569,0.87569,0.87557,0.87558,16650000,1
1413520440000,1413520499000,0.87558,0.87558,0.87537,0.87544,46490000,1
1413520500000,1413520559000,0.87543,0.87543,0.87532,0.87534,35990000,1
1413520560000,1413520619000,0.87529,0.87538,0.87529,0.87534,31240000,1
1413520620000,1413520679000,0.87536,0.87547,0.8753,0.8753,63340000,1
1413520680000,1413520739000,0.87533,0.87537,0.87502,0.87505,60870000,1
1413520740000,1413520799000,0.87505,0.87531,0.87484,0.87529,98850000,1
1413520800000,1413520859000,0.87529,0.8755,0.87517,0.87537,68030000,1
1413520860000,1413520919000,0.87532,0.87541,0.87515,0.87515,37400000,1
1413520920000,1413520979000,0.87517,0.87526,0.87517,0.87519,21670000,1
1413520980000,1413521039000,0.87519,0.87527,0.87518,0.87521,24870000,1
1413521040000,1413521099000,0.87518,0.87522,0.87488,0.87517,80690000,1
1413521100000,1413521159000,0.87519,0.87531,0.87513,0.87531,59520000,1
1413521160000,1413521219000,0.87531,0.87531,0.8752,0.8752,23450000,1
1413521220000,1413521279000,0.8752,0.87532,0.87512,0.87532,66920000,1
1413521280000,1413521339000,0.87536,0.87537,0.87518,0.87518,33380000,1
1413521340000,1413521399000,0.87517,0.87531,0.87517,0.87529,87850000,1
1413521400000,1413521459000,0.8753,0.8753,0.87517,0.87519,60610000,1
1413521460000,1413521519000,0.8752,0.87525,0.87518,0.87521,20850000,1
1413521520000,1413521579000,0.87523,0.8753,0.87523,0.8753,10410000,1
1413521580000,1413521639000,0.87529,0.87529,0.87529,0.87529,4500000,1
1413521640000,1413521699000,0.87529,0.87532,0.8752,0.87525,17520000,1
1413521700000,1413521759000,0.87523,0.87529,0.8752,0.87528,25000000,1
1413521760000,1413521819000,0.87528,0.87528,0.87488,0.87491,47260000,1
1413521820000,1413521879000,0.87491,0.87502,0.87459,0.87472,90350000,1
1413521880000,1413521939000,0.87469,0.8748,0.87449,0.87467,88370000,1
1413521940000,1413521999000,0.87468,0.87492,0.87462,0.87488,105660000,1
1413522000000,1413522059000,0.87488,0.87493,0.87478,0.87479,59150000,1
1413522060000,1413522119000,0.87481,0.87482,0.87479,0.87482,15000000,1
1413522120000,1413522179000,0.8748,0.87483,0.87459,0.8746,48140000,1
1413522180000,1413522239000,0.87459,0.87459,0.87418,0.87418,114510000,1
1413522240000,1413522299000,0.8742,0.87429,0.87412,0.87428,53510000,1
1413522300000,1413522359000,0.87428,0.87428,0.87409,0.87411,18190000,1
1413522360000,1413522419000,0.87409,0.87428,0.87409,0.87428,32500000,1
1413522420000,1413522479000,0.87428,0.87429,0.87422,0.87422,10500000,1
1413522480000,1413522539000,0.87422,0.87443,0.87422,0.87442,53400000,1
1413522540000,1413522599000,0.87442,0.87463,0.87442,0.87463,24170000,1
1413522600000,1413522659000,0.87462,0.87484,0.87459,0.87471,46570000,1
1413522660000,1413522719000,0.87469,0.87472,0.87461,0.87463,44140000,1
1413522720000,1413522779000,0.87462,0.87462,0.87449,0.87449,39510000,1
1413522780000,1413522839000,0.87451,0.87474,0.87451,0.87462,51490000,1
1413522840000,1413522899000,0.87463,0.87472,0.87462,0.87462,61190000,1
1413522900000,1413522959000,0.87463,0.87466,0.8746,0.87466,14910000,1
1413522960000,1413523019000,0.87468,0.87494,0.87468,0.8748,55150000,1
1413523020000,1413523079000,0.8748,0.8749,0.8748,0.87481,27480000,1
1413523080000,1413523139000,0.8748,0.87491,0.8748,0.87489,16940000,1
1413523140000,1413523199000,0.87489,0.87491,0.87488,0.87488,10670000,1
1413523200000,1413523259000,0.87489,0.87489,0.87479,0.87479,55070000,1
1413523260000,1413523319000,0.87479,0.87489,0.87476,0.87481,45480000,1
1413523320000,1413523379000,0.87481,0.87481,0.87479,0.87481,7890000,1
1413523380000,1413523439000,0.87481,0.87482,0.87478,0.87482,26590000,1
1413523440000,1413523499000,0.87481,0.8751,0.87479,0.875,41330000,1
1413523500000,1413523559000,0.87501,0.8753,0.87501,0.87513,69020000,1
1413523560000,1413523619000,0.87512,0.87521,0.87503,0.87517,49370000,1
1413523620000,1413523679000,0.8752,0.87522,0.87502,0.87502,24250000,1
1413523680000,1413523739000,0.87502,0.87508,0.875,0.87502,52180000,1
1413523740000,1413523799000,0.87502,0.87524,0.875,0.87522,50690000,1
1413523800000,1413523859000,0.87522,0.87531,0.87519,0.87524,30120000,1
1413523860000,1413523919000,0.87525,0.87528,0.87523,0.87528,28470000,1
1413523920000,1413523979000,0.87528,0.87531,0.87523,0.87531,32990000,1
1413523980000,1413524039000,0.87528,0.87528,0.87519,0.87519,47550000,1
1413524040000,1413524099000,0.8752,0.87532,0.87489,0.87498,84060000,1
1413524100000,1413524159000,0.87496,0.87496,0.87471,0.87471,92820000,1
1413524160000,1413524219000,0.87469,0.87481,0.87469,0.87481,34370000,1
1413524220000,1413524279000,0.8748,0.8749,0.8747,0.8747,59360000,1
1413524280000,1413524339000,0.87468,0.87469,0.87431,0.87431,102860000,1
1413524340000,1413524399000,0.87429,0.87429,0.87391,0.87398,87620000,1
1413524400000,1413524459000,0.87397,0.87409,0.87392,0.87397,85810000,1
1413524460000,1413524519000,0.87395,0.874,0.87367,0.87375,91600000,1
1413524520000,1413524579000,0.87375,0.87411,0.87375,0.87403,92070000,1
1413524580000,1413524639000,0.87401,0.87427,0.87401,0.87418,61860000,1
1413524640000,1413524699000,0.87416,0.87416,0.87391,0.87407,56590000,1
1413524700000,1413524759000,0.87407,0.87418,0.87407,0.87417,47480000,1
1413524760000,1413524819000,0.87419,0.87442,0.87419,0.87422,55330000,1
1413524820000,1413524879000,0.87422,0.87433,0.87421,0.87431,52480000,1
1413524880000,1413524939000,0.87432,0.87432,0.87419,0.8743,25920000,1
1413524940000,1413524999000,0.8743,0.8744,0.8743,0.87438,50020000,1
1413525000000,1413525059000,0.87438,0.87438,0.87417,0.87417,23610000,1
1413525060000,1413525119000,0.87418,0.8742,0.87406,0.87412,71680000,1
1413525120000,1413525179000,0.87412,0.87422,0.87412,0.87422,13520000,1
1413525180000,1413525239000,0.87422,0.8743,0.87422,0.87428,29300000,1
1413525240000,1413525299000,0.8743,0.87439,0.87428,0.87431,49550000,1
1413525300000,1413525359000,0.87431,0.87442,0.87431,0.87442,37090000,1
1413525360000,1413525419000,0.87446,0.87466,0.87446,0.87459,53180000,1
1413525420000,1413525479000,0.8746,0.87471,0.87455,0.87471,48080000,1
1413525480000,1413525539000,0.87471,0.87472,0.87467,0.87467,68890000,1
1413525540000,1413525599000,0.87467,0.87467,0.87448,0.87453,87870000,1
1413525600000,1413525659000,0.87453,0.87468,0.87452,0.87455,65020000,1
1413525660000,1413525719000,0.87456,0.87456,0.874,0.87402,74770000,1
1413525720000,1413525779000,0.87402,0.87409,0.8739,0.8739,90050000,1
1413525780000,1413525839000,0.8739,0.87447,0.8739,0.87445,84560000,1
1413525840000,1413525899000,0.87447,0.87448,0.87394,0.87395,68540000,1
1413525900000,1413525959000,0.87394,0.87422,0.87383,0.87422,80220000,1
1413525960000,1413526019000,0.87414,0.8743,0.87414,0.87429,86450000,1
1413526020000,1413526079000,0.87431,0.87442,0.87424,0.87424,54420000,1
1413526080000,1413526139000,0.87424,0.87426,0.87411,0.87419,62900000,1
1413526140000,1413526199000,0.87417,0.87438,0.87411,0.87432,82140000,1
1413526200000,1413526259000,0.87432,0.8744,0.87422,0.8743,48910000,1
1413526260000,1413526319000,0.87429,0.87429,0.87409,0.87411,91020000,1
1413526320000,1413526379000,0.87411,0.87416,0.8739,0.87414,68820000,1
1413526380000,1413526439000,0.87414,0.87446,0.87414,0.87443,63600000,1
1413526440000,1413526499000,0.87443,0.87446,0.87415,0.87416,38330000,1
1413526500000,1413526559000,0.87414,0.87429,0.87411,0.87418,63480000,1
1413526560000,1413526619000,0.87416,0.8746,0.87401,0.87445,86870000,1
1413526620000,1413526679000,0.87445,0.87453,0.87417,0.87453,116440000,1
1413526680000,1413526739000,0.87453,0.8748,0.87437,0.87466,167430000,1
1413526740000,1413526799000,0.87468,0.87473,0.8746,0.87473,72710000,1
1413526800000,1413526859000,0.87474,0.87479,0.87452,0.87458,109420000,1
1413526860000,1413526919000,0.87458,0.87461,0.87443,0.87444,35400000,1
1413526920000,1413526979000,0.87444,0.87457,0.87439,0.87442,56260000,1
1413526980000,1413527039000,0.87442,0.87454,0.87428,0.87449,94770000,1
1413527040000,1413527099000,0.87449,0.87468,0.87449,0.8746,80510000,1
1413527100000,1413527159000,0.87461,0.87481,0.87461,0.8748,110930000,1
1413527160000,1413527219000,0.8748,0.87489,0.87477,0.8748,76920000,1
1413527220000,1413527279000,0.8748,0.8748,0.87439,0.87439,80740000,1
1413527280000,1413527339000,0.87439,0.87473,0.87439,0.87473,76030000,1
1413527340000,1413527399000,0.87475,0.87486,0.8747,0.87479,110940000,1
1413527400000,1413527459000,0.87481,0.87481,0.8746,0.8746,89460000,1
1413527460000,1413527519000,0.8746,0.8746,0.87418,0.87418,93540000,1
1413527520000,1413527579000,0.87418,0.87448,0.87418,0.87448,81590000,1
1413527580000,1413527639000,0.87447,0.87455,0.8743,0.87437,99010000,1
1413527640000,1413527699000,0.87437,0.8745,0.87437,0.8745,68700000,1
1413527700000,1413527759000,0.87451,0.87472,0.87451,0.87468,86570000,1
1413527760000,1413527819000,0.87469,0.87484,0.87469,0.8748,130820000,1
1413527820000,1413527879000,0.87478,0.87482,0.87475,0.87479,39420000,1
1413527880000,1413527939000,0.87479,0.87479,0.87471,0.87479,63930000,1
1413527940000,1413527999000,0.87479,0.87504,0.87479,0.8749,83110000,1
1413528000000,1413528059000,0.8749,0.8749,0.87469,0.87472,48760000,1
1413528060000,1413528119000,0.87472,0.87482,0.87469,0.87469,50740000,1
1413528120000,1413528179000,0.87469,0.87479,0.87464,0.87478,64740000,1
1413528180000,1413528239000,0.87478,0.87479,0.87473,0.87477,32740000,1
1413528240000,1413528299000,0.87477,0.87498,0.87477,0.87491,43520000,1
1413528300000,1413528359000,0.87492,0.87492,0.87447,0.87463,115190000,1
1413528360000,1413528419000,0.87459,0.87466,0.87451,0.87466,56470000,1
1413528420000,1413528479000,0.87467,0.87473,0.87423,0.87423,71130000,1
1413528480000,1413528539000,0.87423,0.87445,0.87388,0.87394,94180000,1
1413528540000,1413528599000,0.87393,0.87393,0.87365,0.87382,96320000,1
1413528600000,1413528659000,0.87384,0.87412,0.87382,0.87384,100120000,1
1413528660000,1413528719000,0.87384,0.87384,0.8736,0.87367,73210000,1
1413528720000,1413528779000,0.8737,0.8737,0.87355,0.87367,62960000,1
1413528780000,1413528839000,0.87369,0.87379,0.87368,0.87378,30590000,1
1413528840000,1413528899000,0.87378,0.87378,0.87364,0.87373,55020000,1
1413528900000,1413528959000,0.87374,0.87406,0.87374,0.87398,88760000,1
1413528960000,1413529019000,0.87398,0.87411,0.87388,0.87388,51730000,1
1413529020000,1413529079000,0.87387,0.874,0.87382,0.87392,92740000,1
1413529080000,1413529139000,0.87392,0.8743,0.87392,0.87425,123070000,1
1413529140000,1413529199000,0.87425,0.87459,0.87425,0.87453,129410000,1
1413529200000,1413529259000,0.87456,0.87462,0.87448,0.87448,104760000,1
1413529260000,1413529319000,0.87448,0.87448,0.87428,0.87428,75200000,1
1413529320000,1413529379000,0.87428,0.87428,0.87416,0.87421,50740000,1
1413529380000,1413529439000,0.8742,0.87448,0.87419,0.87427,84420000,1
1413529440000,1413529499000,0.87427,0.87437,0.8742,0.87437,36480000,1
1413529500000,1413529559000,0.87436,0.87447,0.87418,0.87418,84520000,1
1413529560000,1413529619000,0.87413,0.87413,0.87383,0.87387,120050000,1
1413529620000,1413529679000,0.87386,0.87398,0.87379,0.87382,124810000,1
1413529680000,1413529739000,0.87382,0.87419,0.87379,0.87419,106050000,1
1413529740000,1413529799000,0.87417,0.8746,0.87414,0.87437,127610000,1
1413529800000,1413529859000,0.87431,0.87462,0.87429,0.8746,94360000,1
1413529860000,1413529919000,0.87459,0.87474,0.87443,0.87464,104340000,1
1413529920000,1413529979000,0.87464,0.8747,0.87446,0.87449,57070000,1
1413529980000,1413530039000,0.87449,0.8747,0.87446,0.87458,92290000,1
1413530040000,1413530099000,0.87458,0.87458,0.8744,0.8745,73550000,1
1413530100000,1413530159000,0.8745,0.87528,0.87444,0.87528,133750000,1
1413530160000,1413530219000,0.87527,0.87527,0.87512,0.87522,88110000,1
1413530220000,1413530279000,0.87521,0.87541,0.87519,0.87534,88750000,1
1413530280000,1413530339000,0.87534,0.87549,0.8752,0.8754,120900000,1
1413530340000,1413530399000,0.87538,0.87542,0.87529,0.87534,60680000,1
1413530400000,1413530459000,0.87534,0.87547,0.8753,0.8753,127360000,1
1413530460000,1413530519000,0.8753,0.8753,0.87481,0.87486,124630000,1
1413530520000,1413530579000,0.87484,0.87515,0.87483,0.87515,99440000,1
1413530580000,1413530639000,0.87519,0.87528,0.87504,0.87528,57140000,1
1413530640000,1413530699000,0.87527,0.87556,0.87527,0.87552,85830000,1
1413530700000,1413530759000,0.87549,0.87552,0.87527,0.87537,116830000,1
1413530760000,1413530819000,0.87537,0.8754,0.87511,0.87516,92020000,1
1413530820000,1413530879000,0.87516,0.8752,0.87497,0.87507,95490000,1
1413530880000,1413530939000,0.87507,0.87507,0.87487,0.87495,89450000,1
1413530940000,1413530999000,0.87496,0.87501,0.87487,0.87487,113660000,1
1413531000000,1413531059000,0.87487,0.87488,0.87481,0.87488,42450000,1
1413531060000,1413531119000,0.87488,0.87504,0.87485,0.87499,85790000,1
1413531120000,1413531179000,0.87498,0.87516,0.87497,0.87498,127670000,1
1413531180000,1413531239000,0.87498,0.87521,0.87491,0.8752,65520000,1
1413531240000,1413531299000,0.87519,0.87551,0.87519,0.8753,136970000,1
1413531300000,1413531359000,0.87531,0.87545,0.87527,0.87536,121060000,1
1413531360000,1413531419000,0.87536,0.87545,0.87527,0.87533,98840000,1
1413531420000,1413531479000,0.87531,0.87537,0.87527,0.87537,52190000,1
1413531480000,1413531539000,0.87537,0.87545,0.87536,0.87545,40460000,1
1413531540000,1413531599000,0.87544,0.87578,0.87537,0.87578,125340000,1
1413531600000,1413531659000,0.87578,0.87584,0.87557,0.8756,133330000,1
1413531660000,1413531719000,0.87562,0.87636,0.8756,0.87636,123750000,1
1413531720000,1413531779000,0.87635,0.87699,0.87628,0.87695,124510000,1
1413531780000,1413531839000,0.87696,0.877,0.87681,0.87689,113430000,1
1413531840000,1413531899000,0.87688,0.87692,0.87665,0.87668,97990000,1
1413531900000,1413531959000,0.87671,0.87696,0.87664,0.87689,113540000,1
1413531960000,1413532019000,0.87689,0.87701,0.87677,0.87701,104110000,1
1413532020000,1413532079000,0.877,0.87736,0.877,0.87722,128740000,1
1413532080000,1413532139000,0.87725,0.87752,0.87687,0.87688,167920000,1
1413532140000,1413532199000,0.87694,0.87713,0.87688,0.87705,151720000,1
1413532200000,1413532259000,0.87705,0.87705,0.87694,0.87702,62850000,1
1413532260000,1413532319000,0.87704,0.87719,0.87704,0.87718,85720000,1
1413532320000,1413532379000,0.87718,0.87739,0.87713,0.87729,93740000,1
1413532380000,1413532439000,0.87728,0.87739,0.87728,0.87734,42620000,1
1413532440000,1413532499000,0.87735,0.87736,0.87718,0.87727,53330000,1
1413532500000,1413532559000,0.87729,0.87749,0.87722,0.87748,91430000,1
1413532560000,1413532619000,0.87748,0.87775,0.87729,0.87729,136870000,1
1413532620000,1413532679000,0.87729,0.87771,0.87729,0.8777,160940000,1
1413532680000,1413532739000,0.87768,0.87768,0.87737,0.87756,100050000,1
1413532740000,1413532799000,0.87752,0.87753,0.87734,0.8774,77650000,1
1413532800000,1413532859000,0.87741,0.87752,0.87738,0.87744,119450000,1
1413532860000,1413532919000,0.87744,0.87746,0.87717,0.87717,80520000,1
1413532920000,1413532979000,0.87717,0.8774,0.87715,0.87728,108140000,1
1413532980000,1413533039000,0.87725,0.87733,0.87711,0.87716,88230000,1
1413533040000,1413533099000,0.87716,0.87716,0.87664,0.87669,172780000,1
1413533100000,1413533159000,0.87666,0.87688,0.87662,0.87687,95720000,1
1413533160000,1413533219000,0.87687,0.87699,0.87683,0.8769,71970000,1
1413533220000,1413533279000,0.87693,0.87729,0.8769,0.87719,53530000,1
1413533280000,1413533339000,0.87719,0.87743,0.87719,0.87728,78730000,1
1413533340000,1413533399000,0.87727,0.87732,0.87707,0.87729,121940000,1
1413533400000,1413533459000,0.87731,0.8775,0.87717,0.87722,99590000,1
1413533460000,1413533519000,0.87722,0.87726,0.8768,0.87682,87330000,1
1413533520000,1413533579000,0.87684,0.8769,0.8767,0.87672,80970000,1
1413533580000,1413533639000,0.87672,0.87672,0.87659,0.87667,39780000,1
1413533640000,1413533699000,0.87669,0.87711,0.87669,0.87702,63700000,1
1413533700000,1413533759000,0.87702,0.87719,0.87698,0.87717,112670000,1
1413533760000,1413533819000,0.87715,0.87715,0.87679,0.87696,81460000,1
1413533820000,1413533879000,0.87697,0.87697,0.87671,0.87692,74610000,1
1413533880000,1413533939000,0.87692,0.877,0.87685,0.8769,85610000,1
1413533940000,1413533999000,0.8769,0.87693,0.87677,0.87682,71340000,1
1413534000000,1413534059000,0.87681,0.87712,0.87679,0.87702,76030000,1
1413534060000,1413534119000,0.87702,0.87702,0.87677,0.87678,67900000,1
1413534120000,1413534179000,0.87679,0.8768,0.87667,0.87667,49450000,1
1413534180000,1413534239000,0.87664,0.87667,0.87624,0.87627,99430000,1
1413534240000,1413534299000,0.87627,0.87652,0.87627,0.87636,125470000,1
1413534300000,1413534359000,0.87636,0.87673,0.87633,0.8767,58860000,1
1413534360000,1413534419000,0.87669,0.87671,0.87652,0.87653,67790000,1
1413534420000,1413534479000,0.87653,0.87662,0.87643,0.87662,83960000,1
1413534480000,1413534539000,0.87661,0.87677,0.87661,0.87672,50250000,1
1413534540000,1413534599000,0.87672,0.87676,0.87664,0.87668,52720000,1
1413534600000,1413534659000,0.87668,0.87668,0.87642,0.87642,50780000,1
1413534660000,1413534719000,0.8764,0.87647,0.87639,0.87646,26560000,1
1413534720000,1413534779000,0.87648,0.8766,0.87646,0.87652,42580000,1
1413534780000,1413534839000,0.87652,0.87667,0.87637,0.87663,65040000,1
1413534840000,1413534899000,0.87663,0.87682,0.87663,0.87681,48660000,1
1413534900000,1413534959000,0.87681,0.87708,0.87681,0.87698,58280000,1
1413534960000,1413535019000,0.87697,0.87702,0.87689,0.87701,48710000,1
1413535020000,1413535079000,0.87701,0.87702,0.87685,0.87689,58220000,1
1413535080000,1413535139000,0.87688,0.87709,0.87688,0.87709,36170000,1
1413535140000,1413535199000,0.87709,0.87725,0.87698,0.8772,62340000,1
1413535200000,1413535259000,0.87723,0.87742,0.8772,0.87738,83370000,1
1413535260000,1413535319000,0.87739,0.87759,0.8773,0.87738,78500000,1
1413535320000,1413535379000,0.87739,0.87739,0.87699,0.8771,55980000,1
1413535380000,1413535439000,0.87705,0.87705,0.8768,0.8768,47410000,1
1413535440000,1413535499000,0.87682,0.87683,0.8765,0.8765,61160000,1
1413535500000,1413535559000,0.87652,0.87661,0.87647,0.87659,76080000,1
1413535560000,1413535619000,0.87666,0.87693,0.87666,0.87693,92770000,1
1413535620000,1413535679000,0.87695,0.87711,0.87695,0.8771,58130000,1
1413535680000,1413535739000,0.87706,0.87707,0.87698,0.87702,59050000,1
1413535740000,1413535799000,0.87702,0.87711,0.87699,0.87699,48100000,1
1413535800000,1413535859000,0.87697,0.87698,0.87679,0.87681,109080000,1
1413535860000,1413535919000,0.87681,0.87717,0.87681,0.87711,116240000,1
1413535920000,1413535979000,0.87711,0.87739,0.87711,0.87729,73120000,1
1413535980000,1413536039000,0.87729,0.87729,0.87729,0.87729,44450000,1
1413536040000,1413536099000,0.87729,0.8777,0.87721,0.87767,83980000,1
1413536100000,1413536159000,0.87767,0.8779,0.87751,0.8779,144960000,1
1413536160000,1413536219000,0.8779,0.87862,0.8779,0.87831,187960000,1
1413536220000,1413536279000,0.87831,0.87834,0.87791,0.87809,117850000,1
1413536280000,1413536339000,0.87811,0.87846,0.87805,0.87842,113760000,1
1413536340000,1413536399000,0.87842,0.87902,0.87842,0.87897,113790000,1
1413536400000,1413536459000,0.87897,0.879,0.8787,0.87891,103240000,1
1413536460000,1413536519000,0.8789,0.87897,0.87829,0.87837,114010000,1
1413536520000,1413536579000,0.87837,0.87862,0.87823,0.87862,114470000,1
1413536580000,1413536639000,0.8786,0.87892,0.8786,0.87882,58450000,1
1413536640000,1413536699000,0.87882,0.87882,0.87852,0.87852,66630000,1
1413536700000,1413536759000,0.87855,0.87855,0.87817,0.87819,97020000,1
1413536760000,1413536819000,0.87819,0.87831,0.8781,0.87813,97980000,1
1413536820000,1413536879000,0.87813,0.87823,0.87812,0.87817,56790000,1
1413536880000,1413536939000,0.87818,0.87823,0.87803,0.87812,84660000,1
1413536940000,1413536999000,0.87812,0.87828,0.87803,0.87825,65530000,1
1413537000000,1413537059000,0.87825,0.87835,0.87816,0.87822,91310000,1
1413537060000,1413537119000,0.87822,0.87831,0.87799,0.87799,78010000,1
1413537120000,1413537179000,0.87801,0.87805,0.87777,0.87777,58830000,1
1413537180000,1413537239000,0.87777,0.87788,0.87772,0.87775,111190000,1
1413537240000,1413537299000,0.87774,0.87774,0.87743,0.87771,100700000,1
1413537300000,1413537359000,0.87774,0.87793,0.87765,0.87782,70050000,1
1413537360000,1413537419000,0.87779,0.87787,0.87772,0.8778,91840000,1
1413537420000,1413537479000,0.87783,0.87784,0.87761,0.87762,41180000,1
1413537480000,1413537539000,0.87762,0.87762,0.87744,0.87753,51590000,1
1413537540000,1413537599000,0.87752,0.87761,0.87744,0.87745,45380000,1
1413537600000,1413537659000,0.87745,0.87753,0.87729,0.87743,75540000,1
1413537660000,1413537719000,0.8774,0.8774,0.87699,0.87733,86650000,1
1413537720000,1413537779000,0.87733,0.87756,0.8773,0.87754,67560000,1
1413537780000,1413537839000,0.87754,0.87771,0.87754,0.8777,36130000,1
1413537840000,1413537899000,0.8777,0.8777,0.87731,0.87743,53750000,1
1413537900000,1413537959000,0.87741,0.87755,0.87736,0.87749,62910000,1
1413537960000,1413538019000,0.87747,0.87767,0.87742,0.87767,64430000,1
1413538020000,1413538079000,0.87766,0.87783,0.87766,0.87782,52880000,1
1413538080000,1413538139000,0.87781,0.87781,0.87768,0.87768,39090000,1
1413538140000,1413538199000,0.87767,0.87767,0.87751,0.87752,43490000,1
1413538200000,1413538259000,0.87752,0.87754,0.8774,0.8774,80390000,1
1413538260000,1413538319000,0.8774,0.87745,0.87731,0.87737,103710000,1
1413538320000,1413538379000,0.87737,0.87743,0.87737,0.8774,46400000,1
1413538380000,1413538439000,0.8774,0.87744,0.87728,0.87728,55030000,1
1413538440000,1413538499000,0.87728,0.87742,0.87728,0.8774,90810000,1
1413538500000,1413538559000,0.8774,0.87757,0.8774,0.87756,47210000,1
1413538560000,1413538619000,0.87756,0.87763,0.87751,0.87762,44040000,1
1413538620000,1413538679000,0.87762,0.87762,0.87752,0.87762,26840000,1
1413538680000,1413538739000,0.87761,0.87761,0.87754,0.87756,17500000,1
1413538740000,1413538799000,0.87754,0.87754,0.87742,0.87753,43530000,1
1413538800000,1413538859000,0.87753,0.87773,0.87742,0.87773,74100000,1
1413538860000,1413538919000,0.87774,0.87804,0.87774,0.87793,85950000,1
1413538920000,1413538979000,0.87791,0.87803,0.87782,0.87784,69210000,1
1413538980000,1413539039000,0.87787,0.87789,0.87752,0.8776,47900000,1
1413539040000,1413539099000,0.8776,0.8776,0.87736,0.87749,55690000,1
1413539100000,1413539159000,0.87749,0.87762,0.87748,0.87762,55080000,1
1413539160000,1413539219000,0.87763,0.87776,0.87762,0.87763,40620000,1
1413539220000,1413539279000,0.87761,0.87763,0.87738,0.87753,62410000,1
1413539280000,1413539339000,0.87751,0.87752,0.87744,0.87751,51920000,1
1413539340000,1413539399000,0.87751,0.87752,0.87724,0.87724,53840000,1
1413539400000,1413539459000,0.87724,0.87724,0.8772,0.87723,28110000,1
1413539460000,1413539519000,0.87723,0.87726,0.87721,0.87725,38360000,1
1413539520000,1413539579000,0.87725,0.87741,0.87723,0.87741,61330000,1
1413539580000,1413539639000,0.87742,0.87743,0.87723,0.87729,59570000,1
1413539640000,1413539699000,0.87728,0.87775,0.87726,0.87764,150700000,1
1413539700000,1413539759000,0.87764,0.87764,0.87742,0.87742,94390000,1
1413539760000,1413539819000,0.87742,0.87754,0.87731,0.87732,94260000,1
1413539820000,1413539879000,0.87732,0.87732,0.87721,0.87725,23200000,1
1413539880000,1413539939000,0.87723,0.87723,0.87715,0.8772,28960000,1
1413539940000,1413539999000,0.8772,0.87744,0.8772,0.87743,93390000,1
1413540000000,1413540059000,0.87743,0.87773,0.87743,0.87772,53640000,1
1413540060000,1413540119000,0.87772,0.87787,0.87772,0.87786,36170000,1
1413540120000,1413540179000,0.87784,0.87784,0.87741,0.87743,76040000,1
1413540180000,1413540239000,0.87743,0.87745,0.8774,0.87742,27980000,1
1413540240000,1413540299000,0.87742,0.87751,0.87741,0.8775,67930000,1
1413540300000,1413540359000,0.8775,0.87777,0.8775,0.87765,56450000,1
1413540360000,1413540419000,0.87768,0.87774,0.87767,0.87774,22070000,1
1413540420000,1413540479000,0.87772,0.87783,0.87772,0.87783,56670000,1
1413540480000,1413540539000,0.87784,0.87811,0.87783,0.87805,40250000,1
1413540540000,1413540599000,0.87805,0.87822,0.87799,0.87813,71480000,1
1413540600000,1413540659000,0.87812,0.87813,0.87792,0.87793,49430000,1
1413540660000,1413540719000,0.87793,0.878,0.87793,0.878,25510000,1
1413540720000,1413540779000,0.878,0.878,0.87793,0.87793,20840000,1
1413540780000,1413540839000,0.87793,0.87799,0.87787,0.87799,30750000,1
1413540840000,1413540899000,0.87799,0.87805,0.87795,0.878,35310000,1
1413540900000,1413540959000,0.878,0.878,0.87763,0.87763,75140000,1
1413540960000,1413541019000,0.87762,0.87774,0.87761,0.87766,91240000,1
1413541020000,1413541079000,0.87767,0.87815,0.87767,0.87815,44070000,1
1413541080000,1413541139000,0.87815,0.87825,0.8781,0.87822,53080000,1
1413541140000,1413541199000,0.87822,0.87858,0.87822,0.87858,103470000,1
1413541200000,1413541259000,0.87856,0.87895,0.87847,0.87881,130180000,1
1413541260000,1413541319000,0.87882,0.87903,0.87872,0.87903,72540000,1
1413541320000,1413541379000,0.87901,0.8793,0.87899,0.87909,136790000,1
1413541380000,1413541439000,0.87909,0.87912,0.87869,0.87872,50540000,1
1413541440000,1413541499000,0.87872,0.87874,0.87852,0.87862,57170000,1
1413541500000,1413541559000,0.87862,0.87874,0.8786,0.8787,95180000,1
1413541560000,1413541619000,0.8787,0.8787,0.87855,0.87861,55870000,1
1413541620000,1413541679000,0.87861,0.87901,0.87861,0.87897,54050000,1
1413541680000,1413541739000,0.87898,0.87904,0.87873,0.87889,80000000,1
1413541740000,1413541799000,0.87889,0.87889,0.87858,0.87858,63810000,1
1413541800000,1413541859000,0.87858,0.87871,0.87858,0.87864,59030000,1
1413541860000,1413541919000,0.87864,0.87864,0.87859,0.87861,34250000,1
1413541920000,1413541979000,0.87861,0.87861,0.87851,0.87851,16010000,1
1413541980000,1413542039000,0.87851,0.87855,0.87841,0.87846,78590000,1
1413542040000,1413542099000,0.8786,0.87884,0.8786,0.87882,45480000,1
1413542100000,1413542159000,0.87884,0.87886,0.87874,0.87874,30250000,1
1413542160000,1413542219000,0.87873,0.8789,0.87871,0.8789,29710000,1
1413542220000,1413542279000,0.87889,0.87892,0.87883,0.87883,46940000,1
1413542280000,1413542339000,0.87875,0.87886,0.87862,0.8788,117210000,1
1413542340000,1413542399000,0.87884,0.87902,0.87882,0.879,44450000,1
1413542400000,1413542459000,0.879,0.87903,0.87882,0.87882,37620000,1
1413542460000,1413542519000,0.87882,0.87882,0.87871,0.87873,34020000,1
1413542520000,1413542579000,0.87873,0.87873,0.87858,0.87865,63620000,1
1413542580000,1413542639000,0.87865,0.8788,0.87865,0.87878,61440000,1
1413542640000,1413542699000,0.87881,0.87881,0.87864,0.87871,64670000,1
1413542700000,1413542759000,0.87871,0.87871,0.87827,0.87837,89470000,1
1413542760000,1413542819000,0.87838,0.87854,0.87838,0.87853,55320000,1
1413542820000,1413542879000,0.87853,0.87853,0.87842,0.87842,66330000,1
1413542880000,1413542939000,0.87845,0.87851,0.87832,0.87845,69940000,1
1413542940000,1413542999000,0.87844,0.87844,0.8784,0.87843,40590000,1
1413543000000,1413543059000,0.87843,0.87844,0.87841,0.87844,46690000,1
1413543060000,1413543119000,0.87844,0.87855,0.87844,0.87855,50630000,1
1413543120000,1413543179000,0.87859,0.87875,0.87859,0.87875,83970000,1
1413543180000,1413543239000,0.87874,0.87874,0.87853,0.87854,55270000,1
1413543240000,1413543299000,0.87857,0.87885,0.87856,0.87885,111010000,1
1413543300000,1413543359000,0.87881,0.87885,0.8787,0.87873,71920000,1
1413543360000,1413543419000,0.87872,0.87872,0.87854,0.87856,82490000,1
1413543420000,1413543479000,0.87856,0.87856,0.87844,0.87851,42400000,1
1413543480000,1413543539000,0.87851,0.87864,0.87851,0.87862,49500000,1
1413543540000,1413543599000,0.87862,0.87866,0.8785,0.87852,71420000,1
1413543600000,1413543659000,0.87852,0.87852,0.87843,0.87848,81190000,1
1413543660000,1413543719000,0.87848,0.87849,0.87842,0.87842,53870000,1
1413543720000,1413543779000,0.87842,0.87842,0.87833,0.87834,25280000,1
1413543780000,1413543839000,0.87839,0.87863,0.87837,0.87863,35710000,1
1413543840000,1413543899000,0.87861,0.87869,0.87842,0.87842,48840000,1
1413543900000,1413543959000,0.87842,0.87842,0.87831,0.87834,31000000,1
1413543960000,1413544019000,0.87835,0.87843,0.8783,0.87836,52790000,1
1413544020000,1413544079000,0.87837,0.87843,0.8782,0.87822,44680000,1
1413544080000,1413544139000,0.87821,0.87833,0.87808,0.8781,91840000,1
1413544140000,1413544199000,0.87808,0.87838,0.87804,0.87818,99520000,1
1413544200000,1413544259000,0.87818,0.87822,0.87803,0.8782,62810000,1
1413544260000,1413544319000,0.8782,0.87823,0.87805,0.87823,51600000,1
1413544320000,1413544379000,0.87822,0.87832,0.87814,0.87814,43060000,1
1413544380000,1413544439000,0.87814,0.87816,0.87813,0.87814,25200000,1
1413544440000,1413544499000,0.87814,0.87816,0.87799,0.878,57030000,1
1413544500000,1413544559000,0.87803,0.87807,0.87792,0.87798,47620000,1
1413544560000,1413544619000,0.87798,0.87812,0.87797,0.87812,20690000,1
1413544620000,1413544679000,0.87812,0.87833,0.87812,0.87833,32240000,1
1413544680000,1413544739000,0.87833,0.87833,0.87822,0.87831,27390000,1
1413544740000,1413544799000,0.8783,0.87835,0.8783,0.87832,31900000,1
1413544800000,1413544859000,0.87832,0.8784,0.87832,0.8784,11460000,1
1413544860000,1413544919000,0.8784,0.87864,0.87834,0.87862,67000000,1
1413544920000,1413544979000,0.87863,0.87884,0.87862,0.87883,63820000,1
1413544980000,1413545039000,0.87883,0.87895,0.87882,0.87895,64740000,1
1413545040000,1413545099000,0.87895,0.87895,0.87883,0.87883,34120000,1
1413545100000,1413545159000,0.87883,0.879,0.87883,0.87898,23970000,1
1413545160000,1413545219000,0.87898,0.8791,0.87894,0.87903,57970000,1
1413545220000,1413545279000,0.87903,0.87903,0.87875,0.87875,31940000,1
1413545280000,1413545339000,0.87875,0.87875,0.87873,0.87874,28500000,1
1413545340000,1413545399000,0.87872,0.87875,0.87856,0.87863,57110000,1
1413545400000,1413545459000,0.87862,0.87862,0.87855,0.87855,19400000,1
1413545460000,1413545519000,0.87851,0.87853,0.8783,0.87832,58930000,1
1413545520000,1413545579000,0.87833,0.87835,0.87832,0.87834,17500000,1
1413545580000,1413545639000,0.87832,0.87833,0.87831,0.87832,13000000,1
1413545640000,1413545699000,0.87834,0.87849,0.87833,0.87833,61750000,1
1413545700000,1413545759000,0.87833,0.87843,0.87833,0.87834,39890000,1
1413545760000,1413545819000,0.87833,0.87834,0.87832,0.87833,20440000,1
1413545820000,1413545879000,0.87833,0.87833,0.87829,0.87831,28000000,1
1413545880000,1413545939000,0.87831,0.87842,0.87831,0.87842,16370000,1
1413545940000,1413545999000,0.87842,0.87854,0.87842,0.87852,20160000,1
1413546000000,1413546059000,0.87852,0.87863,0.87852,0.87862,17170000,1
1413546060000,1413546119000,0.87861,0.87865,0.87857,0.87864,22540000,1
1413546120000,1413546179000,0.87863,0.87888,0.87862,0.87885,48950000,1
1413546180000,1413546239000,0.87883,0.87892,0.87872,0.87873,53580000,1
1413546240000,1413546299000,0.87873,0.8788,0.87873,0.8788,17080000,1
1413546300000,1413546359000,0.87878,0.87901,0.87878,0.87893,33470000,1
1413546360000,1413546419000,0.87893,0.87893,0.87869,0.87869,49840000,1
1413546420000,1413546479000,0.87868,0.87868,0.87853,0.87858,34250000,1
1413546480000,1413546539000,0.87861,0.87862,0.87854,0.87854,32110000,1
1413546540000,1413546599000,0.87852,0.87852,0.87839,0.87841,17190000,1
1413546600000,1413546659000,0.87841,0.87841,0.8783,0.8783,22250000,1
1413546660000,1413546719000,0.87832,0.87861,0.87831,0.8786,24530000,1
1413546720000,1413546779000,0.8786,0.87913,0.8786,0.87913,91760000,1
1413546780000,1413546839000,0.87913,0.87913,0.87878,0.87879,58170000,1
1413546840000,1413546899000,0.87879,0.87881,0.87862,0.87862,58100000,1
1413546900000,1413546959000,0.87861,0.87873,0.87851,0.87861,62910000,1
1413546960000,1413547019000,0.87863,0.87913,0.87863,0.87913,77570000,1
1413547020000,1413547079000,0.87911,0.87924,0.87904,0.87905,56010000,1
1413547080000,1413547139000,0.87905,0.87905,0.87886,0.8789,81420000,1
1413547140000,1413547199000,0.8789,0.87894,0.87885,0.87894,32090000,1
1413547200000,1413547259000,0.87892,0.87893,0.87884,0.87884,43370000,1
1413547260000,1413547319000,0.87883,0.8789,0.87881,0.87883,51950000,1
1413547320000,1413547379000,0.87884,0.87887,0.87871,0.87873,36750000,1
1413547380000,1413547439000,0.87874,0.87895,0.87873,0.87892,30810000,1
1413547440000,1413547499000,0.87892,0.87893,0.87882,0.87882,43570000,1
1413547500000,1413547559000,0.87882,0.87883,0.87872,0.87872,39830000,1
1413547560000,1413547619000,0.87873,0.87873,0.87851,0.87863,51430000,1
1413547620000,1413547679000,0.87863,0.87878,0.8786,0.87862,72360000,1
1413547680000,1413547739000,0.87862,0.87875,0.87852,0.87875,44840000,1
1413547740000,1413547799000,0.87877,0.87877,0.87843,0.87843,45120000,1
1413547800000,1413547859000,0.87845,0.87856,0.87834,0.87837,49340000,1
1413547860000,1413547919000,0.87836,0.87847,0.87832,0.87842,49700000,1
1413547920000,1413547979000,0.87844,0.87846,0.87835,0.87836,31300000,1
1413547980000,1413548039000,0.87837,0.87837,0.87834,0.87836,28000000,1
1413548040000,1413548099000,0.87835,0.87844,0.87833,0.87844,35870000,1
1413548100000,1413548159000,0.8784,0.87853,0.8784,0.87852,32830000,1
1413548160000,1413548219000,0.8785,0.87852,0.87842,0.87842,25570000,1
1413548220000,1413548279000,0.87842,0.87842,0.87839,0.87839,37950000,1
1413548280000,1413548339000,0.87838,0.87944,0.87838,0.87943,177220000,1
1413548340000,1413548399000,0.87945,0.88,0.87902,0.87948,195240000,1
1413548400000,1413548459000,0.8795,0.88116,0.8795,0.88092,265340000,1
1413548460000,1413548519000,0.88089,0.88089,0.88004,0.88022,217360000,1
1413548520000,1413548579000,0.88022,0.88025,0.87963,0.87973,151140000,1
1413548580000,1413548639000,0.87972,0.87984,0.87957,0.87972,127310000,1
1413548640000,1413548699000,0.87972,0.87979,0.8794,0.8796,136240000,1
1413548700000,1413548759000,0.8796,0.87993,0.87957,0.8796,110820000,1
1413548760000,1413548819000,0.87961,0.87962,0.87924,0.87926,111550000,1
1413548820000,1413548879000,0.87926,0.87955,0.87924,0.87954,64350000,1
1413548880000,1413548939000,0.87952,0.87953,0.87935,0.87935,73240000,1
1413548940000,1413548999000,0.87936,0.87938,0.87908,0.87911,108660000,1
1413549000000,1413549059000,0.87912,0.87927,0.87802,0.87865,197800000,1
1413549060000,1413549119000,0.87865,0.87876,0.87838,0.87876,153980000,1
1413549120000,1413549179000,0.87882,0.87902,0.87853,0.87857,131290000,1
1413549180000,1413549239000,0.87854,0.87856,0.87824,0.87844,117200000,1
1413549240000,1413549299000,0.87842,0.87854,0.87823,0.87852,128260000,1
1413549300000,1413549359000,0.87855,0.87894,0.87843,0.87843,145390000,1
1413549360000,1413549419000,0.87845,0.8785,0.87833,0.87835,98080000,1
1413549420000,1413549479000,0.87834,0.87865,0.87833,0.87865,102290000,1
1413549480000,1413549539000,0.87866,0.87938,0.87866,0.87932,90460000,1
1413549540000,1413549599000,0.87933,0.87933,0.87894,0.87894,76210000,1
1413549600000,1413549659000,0.87896,0.87964,0.87892,0.87953,120320000,1
1413549660000,1413549719000,0.87952,0.87958,0.87938,0.87951,107440000,1
1413549720000,1413549779000,0.87951,0.88041,0.87942,0.88025,180260000,1
1413549780000,1413549839000,0.88023,0.88023,0.87963,0.87977,100240000,1
1413549840000,1413549899000,0.87976,0.87978,0.87912,0.87912,116340000,1
1413549900000,1413549959000,0.87912,0.87942,0.87902,0.87923,88280000,1
1413549960000,1413550019000,0.87924,0.87937,0.87917,0.87922,91120000,1
1413550020000,1413550079000,0.87921,0.87922,0.8789,0.8789,114600000,1
1413550080000,1413550139000,0.87889,0.87928,0.87865,0.87928,168170000,1
1413550140000,1413550199000,0.87928,0.87957,0.87924,0.87954,117540000,1
1413550200000,1413550259000,0.87954,0.87976,0.87949,0.8795,139790000,1
1413550260000,1413550319000,0.8795,0.87953,0.87912,0.87922,108510000,1
1413550320000,1413550379000,0.87922,0.87925,0.87861,0.87861,74070000,1
1413550380000,1413550439000,0.87861,0.87883,0.87824,0.87824,106240000,1
1413550440000,1413550499000,0.87825,0.87833,0.87767,0.87769,128250000,1
1413550500000,1413550559000,0.87771,0.87774,0.87722,0.87774,143570000,1
1413550560000,1413550619000,0.87775,0.87815,0.87775,0.87813,99540000,1
1413550620000,1413550679000,0.87813,0.87823,0.87795,0.87822,82880000,1
1413550680000,1413550739000,0.87821,0.87831,0.87749,0.87749,79840000,1
1413550740000,1413550799000,0.87748,0.87786,0.87726,0.87781,138910000,1
1413550800000,1413550859000,0.87781,0.87781,0.87752,0.87752,74180000,1
1413550860000,1413550919000,0.87752,0.87782,0.87752,0.87768,95980000,1
1413550920000,1413550979000,0.87769,0.87776,0.87754,0.87773,89800000,1
1413550980000,1413551039000,0.87772,0.87785,0.87764,0.87765,47320000,1
1413551040000,1413551099000,0.87764,0.8778,0.8775,0.8775,79210000,1
1413551100000,1413551159000,0.87752,0.87763,0.87743,0.87763,69780000,1
1413551160000,1413551219000,0.87761,0.87761,0.87743,0.87743,50400000,1
1413551220000,1413551279000,0.87744,0.87744,0.87687,0.87723,105410000,1
1413551280000,1413551339000,0.87726,0.87726,0.87711,0.87723,50500000,1
1413551340000,1413551399000,0.87724,0.87744,0.87704,0.87744,76300000,1
1413551400000,1413551459000,0.87745,0.87757,0.87744,0.87755,64220000,1
1413551460000,1413551519000,0.87757,0.87757,0.87613,0.87629,136290000,1
1413551520000,1413551579000,0.87638,0.87648,0.87612,0.87643,121020000,1
1413551580000,1413551639000,0.87648,0.87654,0.87624,0.87625,71010000,1
1413551640000,1413551699000,0.87624,0.87634,0.87624,0.87632,45030000,1
1413551700000,1413551759000,0.87631,0.87631,0.87564,0.87575,91450000,1
1413551760000,1413551819000,0.87574,0.87597,0.87572,0.87597,73840000,1
1413551820000,1413551879000,0.87605,0.87634,0.87595,0.87633,87080000,1
1413551880000,1413551939000,0.87633,0.87694,0.87627,0.87693,114840000,1
1413551940000,1413551999000,0.87695,0.87696,0.87675,0.87675,24940000,1
1413552000000,1413552059000,0.87675,0.87686,0.87658,0.87664,62800000,1
1413552060000,1413552119000,0.87663,0.87663,0.87623,0.87634,99480000,1
1413552120000,1413552179000,0.87634,0.87635,0.87626,0.87626,94970000,1
1413552180000,1413552239000,0.87626,0.87635,0.87615,0.87615,45950000,1
1413552240000,1413552299000,0.87615,0.87623,0.87607,0.87615,117900000,1
1413552300000,1413552359000,0.87616,0.87644,0.87612,0.87644,114510000,1
1413552360000,1413552419000,0.87645,0.87682,0.87645,0.87676,90460000,1
1413552420000,1413552479000,0.87677,0.87681,0.87652,0.87655,56580000,1
1413552480000,1413552539000,0.87654,0.87654,0.87608,0.87608,58300000,1
1413552540000,1413552599000,0.87605,0.87619,0.87605,0.87611,85430000,1
1413552600000,1413552659000,0.87614,0.87614,0.87567,0.87573,97970000,1
1413552660000,1413552719000,0.87572,0.87603,0.87572,0.87596,55500000,1
1413552720000,1413552779000,0.87595,0.87627,0.87595,0.87627,31410000,1
1413552780000,1413552839000,0.87626,0.87626,0.87595,0.87599,54830000,1
1413552840000,1413552899000,0.87597,0.8761,0.87595,0.87598,40040000,1
1413552900000,1413552959000,0.87598,0.87629,0.87597,0.87617,60500000,1
1413552960000,1413553019000,0.87618,0.87666,0.87616,0.87659,135350000,1
1413553020000,1413553079000,0.87658,0.87701,0.87658,0.87699,86690000,1
1413553080000,1413553139000,0.87699,0.87699,0.87664,0.87686,62990000,1
1413553140000,1413553199000,0.87686,0.87693,0.87667,0.87667,94380000,1
1413553200000,1413553259000,0.87667,0.87677,0.87657,0.87657,54340000,1
1413553260000,1413553319000,0.87659,0.87666,0.8765,0.87665,86010000,1
1413553320000,1413553379000,0.87665,0.87666,0.87646,0.8765,35080000,1
1413553380000,1413553439000,0.87649,0.87655,0.87627,0.87635,84110000,1
1413553440000,1413553499000,0.87635,0.87639,0.87612,0.87617,49400000,1
1413553500000,1413553559000,0.87617,0.87617,0.87574,0.87595,94070000,1
1413553560000,1413553619000,0.87593,0.87607,0.8757,0.87587,118120000,1
1413553620000,1413553679000,0.87586,0.87597,0.87577,0.87597,84660000,1
1413553680000,1413553739000,0.87593,0.87597,0.87586,0.87587,45200000,1
1413553740000,1413553799000,0.87587,0.87587,0.87566,0.87566,64790000,1
1413553800000,1413553859000,0.87565,0.87565,0.87537,0.87557,121320000,1
1413553860000,1413553919000,0.87556,0.87569,0.87556,0.87567,39270000,1
1413553920000,1413553979000,0.87566,0.87576,0.8756,0.87568,72690000,1
1413553980000,1413554039000,0.87568,0.87591,0.87568,0.87584,70110000,1
1413554040000,1413554099000,0.87584,0.87604,0.87555,0.87558,125340000,1
1413554100000,1413554159000,0.87558,0.87579,0.87457,0.8749,210090000,1
1413554160000,1413554219000,0.87489,0.87498,0.87452,0.87498,153170000,1
1413554220000,1413554279000,0.875,0.87519,0.87462,0.87462,150390000,1
1413554280000,1413554339000,0.87463,0.87497,0.87439,0.87487,150040000,1
1413554340000,1413554399000,0.87487,0.87521,0.87487,0.87501,137750000,1
1413554400000,1413554459000,0.875,0.8757,0.87494,0.87562,174220000,1
1413554460000,1413554519000,0.87562,0.87562,0.87517,0.87522,135380000,1
1413554520000,1413554579000,0.87519,0.87532,0.87513,0.87517,134510000,1
1413554580000,1413554639000,0.87517,0.87556,0.87499,0.87538,120860000,1
1413554640000,1413554699000,0.87539,0.87541,0.87497,0.87507,169730000,1
1413554700000,1413554759000,0.87506,0.8751,0.87479,0.87488,132630000,1
1413554760000,1413554819000,0.87488,0.87505,0.87488,0.87502,67300000,1
1413554820000,1413554879000,0.87502,0.87502,0.87481,0.87482,100070000,1
1413554880000,1413554939000,0.87483,0.87519,0.87481,0.87519,89650000,1
1413554940000,1413554999000,0.87518,0.87557,0.87516,0.87551,126320000,1
1413555000000,1413555059000,0.8755,0.87571,0.87548,0.87562,116920000,1
1413555060000,1413555119000,0.87562,0.87586,0.8756,0.87562,93980000,1
1413555120000,1413555179000,0.87564,0.87569,0.87539,0.87546,103540000,1
1413555180000,1413555239000,0.87546,0.876,0.87537,0.87598,102070000,1
1413555240000,1413555299000,0.87598,0.876,0.87576,0.87587,55640000,1
1413555300000,1413555359000,0.87587,0.87591,0.87573,0.87589,50300000,1
1413555360000,1413555419000,0.8759,0.8764,0.87585,0.87638,109680000,1
1413555420000,1413555479000,0.87637,0.8765,0.87617,0.8762,64520000,1
1413555480000,1413555539000,0.8762,0.8762,0.87587,0.87596,74570000,1
1413555540000,1413555599000,0.87596,0.87596,0.87565,0.87565,38540000,1
1413555600000,1413555659000,0.87564,0.87565,0.87518,0.87526,118560000,1
1413555660000,1413555719000,0.87525,0.87527,0.87494,0.87506,84700000,1
1413555720000,1413555779000,0.87506,0.87535,0.87506,0.87533,67680000,1
1413555780000,1413555839000,0.87533,0.87534,0.87519,0.87534,73060000,1
1413555840000,1413555899000,0.87534,0.87535,0.87479,0.87517,112400000,1
1413555900000,1413555959000,0.87518,0.87547,0.87514,0.8754,145380000,1
1413555960000,1413556019000,0.87543,0.87545,0.87533,0.87533,71150000,1
1413556020000,1413556079000,0.87533,0.87536,0.87527,0.87535,95360000,1
1413556080000,1413556139000,0.87536,0.87567,0.87535,0.87567,85020000,1
1413556140000,1413556199000,0.87566,0.87608,0.87566,0.876,117250000,1
1413556200000,1413556259000,0.876,0.87663,0.876,0.87639,133990000,1
1413556260000,1413556319000,0.87639,0.87639,0.87614,0.87626,117150000,1
1413556320000,1413556379000,0.87625,0.87626,0.87587,0.87623,92870000,1
1413556380000,1413556439000,0.87624,0.87634,0.87604,0.87604,111660000,1
1413556440000,1413556499000,0.87604,0.8766,0.87604,0.87658,97940000,1
1413556500000,1413556559000,0.87658,0.87674,0.87642,0.87646,123890000,1
1413556560000,1413556619000,0.87647,0.87656,0.87633,0.87638,95240000,1
1413556620000,1413556679000,0.87641,0.87702,0.87641,0.87696,134970000,1
1413556680000,1413556739000,0.87696,0.87696,0.87669,0.8767,65090000,1
1413556740000,1413556799000,0.87669,0.87707,0.87667,0.87699,88170000,1
1413556800000,1413556859000,0.877,0.877,0.87659,0.87662,63050000,1
1413556860000,1413556919000,0.87662,0.87688,0.8765,0.87669,82550000,1
1413556920000,1413556979000,0.87667,0.87687,0.87667,0.87667,51480000,1
1413556980000,1413557039000,0.87667,0.87672,0.87667,0.87668,25250000,1
1413557040000,1413557099000,0.87668,0.87668,0.87627,0.87638,91550000,1
1413557100000,1413557159000,0.87644,0.87678,0.87638,0.87675,101510000,1
1413557160000,1413557219000,0.87675,0.8769,0.87674,0.87688,60760000,1
1413557220000,1413557279000,0.87688,0.87689,0.87649,0.87664,136900000,1
1413557280000,1413557339000,0.87661,0.87685,0.87659,0.87672,138120000,1
1413557340000,1413557399000,0.87674,0.87681,0.87661,0.87661,106790000,1
1413557400000,1413557459000,0.87666,0.87713,0.87663,0.8771,92110000,1
1413557460000,1413557519000,0.8771,0.87718,0.87705,0.87715,69370000,1
1413557520000,1413557579000,0.87717,0.87717,0.87688,0.87691,96640000,1
1413557580000,1413557639000,0.87692,0.87692,0.87677,0.87687,60790000,1
1413557640000,1413557699000,0.87686,0.87696,0.87673,0.87676,53730000,1
1413557700000,1413557759000,0.87676,0.87676,0.8765,0.87651,85420000,1
1413557760000,1413557819000,0.87652,0.87678,0.8765,0.87676,86740000,1
1413557820000,1413557879000,0.87676,0.87676,0.87635,0.87635,86040000,1
1413557880000,1413557939000,0.87636,0.87636,0.87614,0.87624,87040000,1
1413557940000,1413557999000,0.87624,0.87628,0.87521,0.8754,179180000,1
1413558000000,1413558059000,0.87539,0.87549,0.87512,0.87544,170750000,1
1413558060000,1413558119000,0.87545,0.87554,0.87542,0.87548,136340000,1
1413558120000,1413558179000,0.87552,0.87562,0.87546,0.87561,95670000,1
1413558180000,1413558239000,0.87561,0.87561,0.87546,0.87549,136820000,1
1413558240000,1413558299000,0.8755,0.87551,0.8753,0.87538,116900000,1
1413558300000,1413558359000,0.87538,0.87555,0.87535,0.87542,83330000,1
1413558360000,1413558419000,0.87542,0.87552,0.87542,0.87548,62630000,1
1413558420000,1413558479000,0.87548,0.87553,0.87535,0.87543,38830000,1
1413558480000,1413558539000,0.87543,0.87544,0.87515,0.87538,94430000,1
1413558540000,1413558599000,0.87537,0.8756,0.87537,0.87555,112870000,1
1413558600000,1413558659000,0.87554,0.87556,0.8755,0.87555,48400000,1
1413558660000,1413558719000,0.87553,0.87555,0.87537,0.87541,106970000,1
1413558720000,1413558779000,0.87541,0.87587,0.87537,0.8758,144980000,1
1413558780000,1413558839000,0.87581,0.87581,0.87549,0.87549,80280000,1
1413558840000,1413558899000,0.87549,0.87558,0.8754,0.87547,144180000,1
1413558900000,1413558959000,0.87547,0.87548,0.87539,0.8754,69610000,1
1413558960000,1413559019000,0.87538,0.87568,0.87527,0.87566,85250000,1
1413559020000,1413559079000,0.87567,0.87579,0.87567,0.87579,89860000,1
1413559080000,1413559139000,0.87578,0.87619,0.87578,0.87617,90460000,1
1413559140000,1413559199000,0.87617,0.87647,0.87598,0.87647,66910000,1
1413559200000,1413559259000,0.87645,0.87647,0.87607,0.87611,95720000,1
1413559260000,1413559319000,0.87607,0.87607,0.87589,0.87596,110470000,1
1413559320000,1413559379000,0.87595,0.87595,0.87558,0.87558,92620000,1
1413559380000,1413559439000,0.87559,0.87585,0.87559,0.87568,39590000,1
1413559440000,1413559499000,0.87566,0.87566,0.87533,0.87533,102840000,1
1413559500000,1413559559000,0.87531,0.87565,0.87527,0.87559,121730000,1
1413559560000,1413559619000,0.87555,0.87566,0.87552,0.87557,24050000,1
1413559620000,1413559679000,0.87557,0.87568,0.87547,0.87547,59530000,1
1413559680000,1413559739000,0.87547,0.87556,0.87509,0.8755,108420000,1
1413559740000,1413559799000,0.8755,0.8755,0.87485,0.87485,67080000,1
1413559800000,1413559859000,0.87485,0.87492,0.87474,0.87484,112910000,1
1413559860000,1413559919000,0.87486,0.87516,0.87483,0.87508,97500000,1
1413559920000,1413559979000,0.87508,0.87526,0.87503,0.87526,62090000,1
1413559980000,1413560039000,0.87526,0.87549,0.87526,0.87547,70930000,1
1413560040000,1413560099000,0.87549,0.87571,0.87549,0.87568,63570000,1
1413560100000,1413560159000,0.87566,0.87567,0.87548,0.87556,45940000,1
1413560160000,1413560219000,0.87556,0.8757,0.87556,0.8757,36220000,1
1413560220000,1413560279000,0.8757,0.87574,0.87547,0.87557,87190000,1
1413560280000,1413560339000,0.87558,0.87601,0.87558,0.87595,65710000,1
1413560340000,1413560399000,0.87595,0.87598,0.87576,0.87587,62040000,1
1413560400000,1413560459000,0.87587,0.87593,0.87577,0.87588,51760000,1
1413560460000,1413560519000,0.87588,0.87604,0.87587,0.87597,48540000,1
1413560520000,1413560579000,0.87597,0.87604,0.87589,0.87596,46620000,1
1413560580000,1413560639000,0.87596,0.87596,0.87564,0.87564,30100000,1
1413560640000,1413560699000,0.87566,0.87566,0.87551,0.87557,41030000,1
1413560700000,1413560759000,0.87557,0.8759,0.87557,0.87588,38110000,1
1413560760000,1413560819000,0.8759,0.87603,0.87587,0.87596,31830000,1
1413560820000,1413560879000,0.87596,0.87631,0.87596,0.87627,70940000,1
1413560880000,1413560939000,0.87627,0.87637,0.87627,0.87637,73050000,1
1413560940000,1413560999000,0.87638,0.87643,0.87637,0.87638,58730000,1
1413561000000,1413561059000,0.87638,0.87638,0.87605,0.87606,48010000,1
1413561060000,1413561119000,0.87606,0.87628,0.87606,0.87628,54190000,1
1413561120000,1413561179000,0.87628,0.87636,0.87615,0.87617,55980000,1
1413561180000,1413561239000,0.87618,0.87623,0.8759,0.87596,38070000,1
1413561240000,1413561299000,0.87595,0.87604,0.87587,0.87588,65650000,1
1413561300000,1413561359000,0.87588,0.87589,0.87557,0.87578,64390000,1
1413561360000,1413561419000,0.87578,0.87606,0.87578,0.87591,80670000,1
1413561420000,1413561479000,0.87591,0.87606,0.87591,0.876,54450000,1
1413561480000,1413561539000,0.876,0.87619,0.87597,0.87607,64550000,1
1413561540000,1413561599000,0.87606,0.87618,0.87589,0.87597,69190000,1
1413561600000,1413561659000,0.87597,0.87607,0.87579,0.87607,61340000,1
1413561660000,1413561719000,0.87607,0.87628,0.87606,0.87616,66430000,1
1413561720000,1413561779000,0.87616,0.87616,0.87599,0.876,51390000,1
1413561780000,1413561839000,0.876,0.87607,0.876,0.87606,47370000,1
1413561840000,1413561899000,0.87607,0.87627,0.87607,0.87625,40370000,1
1413561900000,1413561959000,0.87627,0.87633,0.87618,0.87625,50150000,1
1413561960000,1413562019000,0.8762,0.87639,0.87615,0.87639,42610000,1
1413562020000,1413562079000,0.87637,0.87664,0.87637,0.8766,75320000,1
1413562080000,1413562139000,0.87662,0.87673,0.8766,0.87665,57460000,1
1413562140000,1413562199000,0.87665,0.87665,0.87632,0.87646,83540000,1
1413562200000,1413562259000,0.87646,0.87646,0.87619,0.87626,68460000,1
1413562260000,1413562319000,0.87621,0.87627,0.87609,0.87609,53820000,1
1413562320000,1413562379000,0.87609,0.87622,0.87585,0.87622,60020000,1
1413562380000,1413562439000,0.87622,0.87638,0.87615,0.87637,54110000,1
1413562440000,1413562499000,0.87637,0.87642,0.87637,0.8764,26000000,1
1413562500000,1413562559000,0.87642,0.87642,0.87597,0.87613,61310000,1
1413562560000,1413562619000,0.87614,0.87614,0.87556,0.87585,82850000,1
1413562620000,1413562679000,0.87582,0.87628,0.87579,0.87627,48960000,1
1413562680000,1413562739000,0.87627,0.87627,0.87607,0.87608,23300000,1
1413562740000,1413562799000,0.87605,0.87617,0.87597,0.87601,55060000,1
1413562800000,1413562859000,0.87603,0.87615,0.87599,0.876,48080000,1
1413562860000,1413562919000,0.876,0.87618,0.87598,0.87617,32160000,1
1413562920000,1413562979000,0.87617,0.87626,0.87617,0.87618,24780000,1
1413562980000,1413563039000,0.87618,0.87628,0.87618,0.87627,30980000,1
1413563100000,1413563159000,0.87627,0.87653,0.87627,0.87652,51880000,1
1413563160000,1413563219000,0.87654,0.87668,0.87638,0.87656,57120000,1
1413563220000,1413563279000,0.87656,0.87665,0.87648,0.87656,69750000,1
1413563280000,1413563339000,0.87655,0.87666,0.87647,0.87648,42520000,1
1413563340000,1413563399000,0.87648,0.87656,0.87647,0.87647,47370000,1
1413563400000,1413563459000,0.87647,0.8766,0.87639,0.87639,48990000,1
1413563460000,1413563519000,0.87643,0.87654,0.87637,0.87647,81240000,1
1413563520000,1413563579000,0.87647,0.87647,0.87637,0.87637,56140000,1
1413563580000,1413563639000,0.87637,0.87645,0.87637,0.87637,58260000,1
1413563640000,1413563699000,0.87637,0.87637,0.87621,0.87626,30000000,1
1413563700000,1413563759000,0.87626,0.87626,0.87607,0.87616,57670000,1
1413563760000,1413563819000,0.87616,0.87655,0.87616,0.87655,52500000,1
1413563820000,1413563879000,0.87655,0.87655,0.87637,0.87648,56590000,1
1413563880000,1413563939000,0.87648,0.87648,0.87619,0.87637,48150000,1
1413563940000,1413563999000,0.87637,0.87637,0.87616,0.87617,50170000,1
1413564000000,1413564059000,0.87617,0.87629,0.87607,0.87629,56830000,1
1413564060000,1413564119000,0.8763,0.87647,0.8762,0.87647,64200000,1
1413564120000,1413564179000,0.87645,0.87648,0.87634,0.87638,50160000,1
1413564180000,1413564239000,0.87638,0.87656,0.87638,0.87647,37870000,1
1413564240000,1413564299000,0.87647,0.87647,0.87638,0.87638,28070000,1
1413564300000,1413564359000,0.87637,0.87652,0.87637,0.87651,16820000,1
1413564360000,1413564419000,0.87651,0.87662,0.87647,0.87662,38870000,1
1413564420000,1413564479000,0.87661,0.87678,0.87653,0.87676,63750000,1
1413564480000,1413564539000,0.87674,0.87674,0.87659,0.87665,26390000,1
1413564540000,1413564599000,0.87665,0.87689,0.87663,0.87685,36690000,1
1413564600000,1413564659000,0.87685,0.87697,0.8766,0.87685,92520000,1
1413564660000,1413564719000,0.87686,0.87702,0.87677,0.87684,61030000,1
1413564720000,1413564779000,0.87684,0.87686,0.87668,0.87685,70380000,1
1413564780000,1413564839000,0.87685,0.87687,0.87677,0.87687,46490000,1
1413564840000,1413564899000,0.87691,0.87714,0.87689,0.87709,86380000,1
1413564900000,1413564959000,0.87707,0.87716,0.87702,0.87714,87820000,1
1413564960000,1413565019000,0.87712,0.87737,0.87711,0.87737,62310000,1
1413565020000,1413565079000,0.87738,0.87743,0.87696,0.87708,77560000,1
1413565080000,1413565139000,0.87708,0.87727,0.87706,0.87706,36350000,1
1413565140000,1413565199000,0.87706,0.87717,0.8768,0.87682,57100000,1
1413565200000,1413565259000,0.87682,0.87693,0.87678,0.8768,71060000,1
1413565260000,1413565319000,0.8768,0.87684,0.87674,0.87678,36250000,1
1413565320000,1413565379000,0.87678,0.87686,0.87677,0.87682,56000000,1
1413565380000,1413565439000,0.87682,0.87699,0.87682,0.87695,75010000,1
1413565440000,1413565499000,0.87696,0.87708,0.87688,0.87708,77800000,1
1413565500000,1413565559000,0.87708,0.87708,0.87707,0.87707,2000000,1
1413565560000,1413565619000,0.87707,0.8773,0.87707,0.87728,60520000,1
1413565620000,1413565679000,0.87728,0.87729,0.87696,0.87709,61690000,1
1413565680000,1413565739000,0.87707,0.87707,0.87699,0.87707,13750000,1
1413565740000,1413565799000,0.87707,0.87707,0.87689,0.87689,49580000,1
1413565800000,1413565859000,0.87689,0.87689,0.87684,0.87685,17000000,1
1413565860000,1413565919000,0.87686,0.87694,0.87686,0.87688,8800000,1
1413565920000,1413565979000,0.87687,0.87697,0.87687,0.87688,17400000,1
1413565980000,1413566039000,0.87687,0.87693,0.87667,0.87667,35940000,1
1413566040000,1413566099000,0.87667,0.87677,0.87667,0.87677,39570000,1
1413566100000,1413566159000,0.87676,0.87676,0.87658,0.87658,33140000,1
1413566160000,1413566219000,0.87658,0.87676,0.87658,0.87667,37440000,1
1413566220000,1413566279000,0.87667,0.87667,0.87657,0.87657,10000000,1
1413566280000,1413566339000,0.87655,0.87655,0.87647,0.87648,14640000,1
1413566340000,1413566399000,0.87648,0.87648,0.87647,0.87647,7610000,1
1413566400000,1413566459000,0.87647,0.87647,0.87639,0.87641,18720000,1
1413566460000,1413566519000,0.8764,0.87647,0.8764,0.87647,10010000,1
1413566520000,1413566579000,0.87648,0.87648,0.87628,0.87628,14020000,1
1413566580000,1413566639000,0.87628,0.87658,0.87628,0.87658,51590000,1
1413566640000,1413566699000,0.87657,0.87664,0.87647,0.87647,27430000,1
1413566700000,1413566759000,0.87648,0.87656,0.87647,0.87648,19970000,1
1413566760000,1413566819000,0.87648,0.87648,0.87628,0.87637,41340000,1
1413566820000,1413566879000,0.87637,0.87645,0.87637,0.87637,18680000,1
1413566880000,1413566939000,0.87638,0.87646,0.87638,0.87645,33550000,1
1413566940000,1413566999000,0.87645,0.87647,0.87637,0.87645,30020000,1
1413567000000,1413567059000,0.87645,0.87648,0.87638,0.87638,6500000,1
1413567060000,1413567119000,0.87637,0.87637,0.87628,0.87628,5500000,1
1413567120000,1413567179000,0.87627,0.87633,0.87627,0.87627,20130000,1
1413567180000,1413567239000,0.87628,0.87628,0.87627,0.87628,4000000,1
1413567240000,1413567299000,0.87627,0.87637,0.87627,0.87637,14300000,1
1413567300000,1413567359000,0.87637,0.87644,0.87627,0.87638,35910000,1
1413567360000,1413567419000,0.87638,0.87644,0.87637,0.87637,11300000,1
1413567420000,1413567479000,0.87642,0.87677,0.87637,0.87677,54860000,1
1413567480000,1413567539000,0.87673,0.87673,0.87647,0.87657,73900000,1
1413567540000,1413567599000,0.87655,0.8767,0.87647,0.87662,58970000,1
1413567600000,1413567659000,0.8766,0.87694,0.87659,0.87678,93590000,1
1413567660000,1413567719000,0.87679,0.8768,0.87677,0.87678,26980000,1
1413567720000,1413567779000,0.87677,0.87682,0.87677,0.87682,21110000,1
1413567780000,1413567839000,0.87682,0.87682,0.87679,0.87679,5070000,1
1413567840000,1413567899000,0.87681,0.87688,0.87678,0.87687,29790000,1
1413567900000,1413567959000,0.87688,0.87698,0.87687,0.87688,30560000,1
1413567960000,1413568019000,0.87686,0.87686,0.87679,0.87679,15000000,1
1413568020000,1413568079000,0.87679,0.87686,0.87679,0.87686,12700000,1
1413568080000,1413568139000,0.87686,0.87686,0.87666,0.87666,33780000,1
1413568140000,1413568199000,0.87666,0.87666,0.87658,0.87658,24970000,1
1413568200000,1413568259000,0.87658,0.87697,0.87658,0.87697,47870000,1
1413568260000,1413568319000,0.87696,0.87698,0.87679,0.87698,39030000,1
1413568320000,1413568379000,0.87696,0.87696,0.87681,0.87686,36690000,1
1413568380000,1413568439000,0.87686,0.87706,0.87685,0.87706,16350000,1
1413568440000,1413568499000,0.87707,0.87707,0.87706,0.87706,2000000,1
1413568500000,1413568559000,0.87705,0.87705,0.87698,0.87698,6750000,1
1413568560000,1413568619000,0.87697,0.87697,0.87697,0.87697,8000000,1
1413568620000,1413568679000,0.87697,0.87697,0.87687,0.87687,19760000,1
1413568740000,1413568799000,0.87687,0.8772,0.87685,0.87717,46310000,1
1413568800000,1413568859000,0.87716,0.87716,0.87696,0.87696,22540000,1
1413568860000,1413568919000,0.87696,0.87696,0.87677,0.87677,14500000,1
1413568920000,1413568979000,0.87677,0.87686,0.87677,0.87686,20450000,1
1413568980000,1413569039000,0.87686,0.87686,0.87657,0.87657,38930000,1
1413569040000,1413569099000,0.87657,0.87666,0.87657,0.87666,17460000,1
1413569100000,1413569159000,0.87666,0.87666,0.87657,0.87665,31990000,1
1413569160000,1413569219000,0.87665,0.87673,0.87665,0.87667,8220000,1
1413569220000,1413569279000,0.87667,0.87668,0.87666,0.87666,4000000,1
1413569280000,1413569339000,0.87665,0.87665,0.87627,0.87627,43200000,1
1413569340000,1413569399000,0.87627,0.87627,0.87607,0.87616,47620000,1
1413569400000,1413569459000,0.87616,0.87616,0.87614,0.87616,21070000,1
1413569460000,1413569519000,0.87616,0.87616,0.87609,0.87616,50170000,1
1413569520000,1413569579000,0.87616,0.87618,0.87616,0.87617,13500000,1
1413569580000,1413569639000,0.87617,0.87618,0.87617,0.87617,10870000,1
1413569640000,1413569699000,0.87617,0.87618,0.87617,0.87618,4500000,1
1413569700000,1413569759000,0.87618,0.87618,0.87616,0.87617,6000000,1
1413569760000,1413569819000,0.87617,0.87617,0.87607,0.87607,32500000,1
1413569820000,1413569879000,0.87608,0.87609,0.87603,0.87607,32570000,1
1413569880000,1413569939000,0.87606,0.87615,0.87606,0.87608,14340000,1
1413569940000,1413569999000,0.87606,0.87606,0.87595,0.87595,10000000,1
1413570000000,1413570059000,0.87595,0.87603,0.87595,0.87598,31910000,1
1413570060000,1413570119000,0.87597,0.87606,0.87597,0.87606,7920000,1
1413570120000,1413570179000,0.87607,0.87607,0.87607,0.87607,1000000,1
1413570180000,1413570239000,0.87606,0.87613,0.87606,0.87607,19320000,1
1413570240000,1413570299000,0.87607,0.87616,0.87607,0.87614,8620000,1
1413570300000,1413570359000,0.87615,0.87626,0.87614,0.87626,25210000,1
1413570360000,1413570419000,0.87626,0.87626,0.87609,0.87617,27940000,1
1413570420000,1413570479000,0.87614,0.87615,0.87597,0.87606,29310000,1
1413570480000,1413570539000,0.87601,0.87601,0.87594,0.87597,7300000,1
1413570600000,1413570659000,0.87597,0.87597,0.87575,0.87575,24150000,1
1413570660000,1413570719000,0.87578,0.87628,0.87578,0.87616,66720000,1
1413570720000,1413570779000,0.87616,0.87617,0.87616,0.87617,8230000,1
1413570780000,1413570839000,0.87617,0.87646,0.87617,0.87645,79710000,1
1413570840000,1413570899000,0.87644,0.87645,0.87626,0.87628,22410000,1
1413570900000,1413570959000,0.87628,0.87633,0.87627,0.87628,21830000,1
1413570960000,1413571019000,0.87628,0.87633,0.87614,0.87624,48160000,1
1413571020000,1413571079000,0.87621,0.87621,0.87599,0.87601,26070000,1
1413571080000,1413571139000,0.87605,0.87614,0.87582,0.87597,54440000,1
1413571140000,1413571199000,0.87597,0.87599,0.87597,0.87597,5640000,1
1413571200000,1413571259000,0.87597,0.87603,0.87597,0.87603,15930000,1
1413571260000,1413571319000,0.87604,0.87604,0.87577,0.87577,14050000,1
1413571320000,1413571379000,0.87577,0.87577,0.87574,0.87575,4500000,1
1413571380000,1413571439000,0.87576,0.87586,0.87576,0.87586,11650000,1
1413571440000,1413571499000,0.87586,0.87587,0.87585,0.87585,22770000,1
1413571500000,1413571559000,0.87585,0.87585,0.87575,0.87577,15140000,1
1413571560000,1413571619000,0.87577,0.87587,0.8757,0.87586,61490000,1
1413571620000,1413571679000,0.87585,0.87594,0.87585,0.87587,30490000,1
1413571680000,1413571739000,0.87587,0.87587,0.87576,0.87577,19070000,1
1413571740000,1413571799000,0.87577,0.87593,0.87577,0.87587,29860000,1
1413571800000,1413571859000,0.87587,0.87591,0.87578,0.87588,31680000,1
1413571860000,1413571919000,0.87588,0.87606,0.87588,0.87606,27480000,1
1413571920000,1413571979000,0.87606,0.87606,0.87597,0.87597,7000000,1
1413571980000,1413572039000,0.87598,0.87607,0.87596,0.87607,24770000,1
1413572040000,1413572099000,0.87606,0.87616,0.87606,0.87616,14710000,1
1413572100000,1413572159000,0.87616,0.87616,0.87594,0.87596,31350000,1
1413572160000,1413572219000,0.876,0.87607,0.87597,0.87597,36090000,1
1413572220000,1413572279000,0.87597,0.87605,0.87597,0.87602,27190000,1
1413572280000,1413572339000,0.876,0.876,0.87591,0.87591,20090000,1
1413572340000,1413572399000,0.87594,0.87606,0.87594,0.87606,99170000,1
1413572400000,1413572459000,0.87606,0.87615,0.87593,0.87607,80570000,1
1413572460000,1413572519000,0.87603,0.87618,0.876,0.87611,24180000,1
1413572520000,1413572579000,0.87611,0.87611,0.876,0.87607,19350000,1
1413572580000,1413572639000,0.87607,0.87607,0.87596,0.87599,21360000,1
1413572640000,1413572699000,0.87599,0.87604,0.87597,0.87597,19670000,1
1413572700000,1413572759000,0.87597,0.87603,0.87593,0.87597,31060000,1
1413572760000,1413572819000,0.87597,0.87598,0.87597,0.87598,8000000,1
1413572820000,1413572879000,0.87597,0.87598,0.87593,0.87598,27460000,1
1413572880000,1413572939000,0.876,0.87618,0.87598,0.87607,32000000,1
1413572940000,1413572999000,0.87608,0.87613,0.876,0.87602,32540000,1
1413573000000,1413573059000,0.87603,0.87608,0.87602,0.87608,16800000,1
1413573060000,1413573119000,0.87608,0.87608,0.8759,0.8759,27410000,1
1413573120000,1413573179000,0.87592,0.87597,0.8759,0.87594,53310000,1
1413573180000,1413573239000,0.87594,0.87595,0.87591,0.87594,35560000,1
1413573240000,1413573299000,0.87596,0.87626,0.87596,0.87619,70210000,1
1413573300000,1413573359000,0.8762,0.8762,0.87608,0.87608,29000000,1
1413573360000,1413573419000,0.87606,0.87609,0.87602,0.87602,19940000,1
1413573420000,1413573479000,0.87602,0.87606,0.87602,0.87606,6070000,1
1413573480000,1413573539000,0.87606,0.87606,0.87588,0.87588,40970000,1
1413573540000,1413573599000,0.87588,0.87607,0.87588,0.87607,20720000,1
1413573600000,1413573659000,0.87606,0.87606,0.87577,0.87589,49790000,1
1413573660000,1413573719000,0.87588,0.87589,0.87576,0.8758,42610000,1
1413573720000,1413573779000,0.8758,0.87585,0.87577,0.87577,26370000,1
1413573780000,1413573839000,0.87577,0.87585,0.87574,0.87574,26260000,1
1413573840000,1413573899000,0.87575,0.87576,0.87569,0.87569,19750000,1
1413573900000,1413573959000,0.8757,0.87572,0.8757,0.87571,7000000,1
1413573960000,1413574019000,0.87571,0.87574,0.87569,0.87574,14610000,1
1413574020000,1413574079000,0.87576,0.87599,0.87576,0.87595,29280000,1
1413574080000,1413574139000,0.87595,0.87595,0.87583,0.87586,25020000,1
1413574140000,1413574199000,0.87586,0.87586,0.87571,0.87575,18000000,1
1413574200000,1413574259000,0.87575,0.87583,0.87575,0.87577,20920000,1
1413574260000,1413574319000,0.87579,0.87588,0.87579,0.87588,4250000,1
1413574320000,1413574379000,0.87587,0.87588,0.87587,0.87588,8630000,1
1413574380000,1413574439000,0.87587,0.87587,0.87578,0.8758,10000000,1
1413574440000,1413574499000,0.87578,0.87586,0.87577,0.87585,28460000,1
1413574500000,1413574559000,0.87585,0.87593,0.87577,0.8759,37560000,1
1413574560000,1413574619000,0.87592,0.87595,0.87587,0.87588,42150000,1
1413574620000,1413574679000,0.87588,0.87595,0.87588,0.87595,8900000,1
1413574680000,1413574739000,0.87596,0.87596,0.87596,0.87596,1000000,1
1413574740000,1413574799000,0.87602,0.87603,0.87594,0.87598,31650000,1
1413574800000,1413574859000,0.87596,0.87596,0.87595,0.87595,12260000,1
1413574860000,1413574919000,0.87595,0.87595,0.87595,0.87595,1000000,1
1413574920000,1413574979000,0.87595,0.87601,0.87595,0.87598,10730000,1
1413575040000,1413575099000,0.87597,0.87617,0.87597,0.87617,18060000,1
1413575100000,1413575159000,0.87618,0.87638,0.87617,0.87618,67150000,1
1413575160000,1413575219000,0.87618,0.87625,0.87614,0.87625,60190000,1
1413575220000,1413575279000,0.87626,0.87626,0.87625,0.87626,5520000,1
1413575280000,1413575339000,0.87628,0.87637,0.87622,0.87637,28860000,1
1413575340000,1413575399000,0.87637,0.87638,0.87637,0.87637,6670000,1
1413575400000,1413575459000,0.87637,0.87637,0.87627,0.87627,26200000,1
1413575460000,1413575519000,0.87627,0.87635,0.87627,0.87628,19880000,1
1413575520000,1413575579000,0.87628,0.87629,0.87619,0.87627,25000000,1
1413575580000,1413575639000,0.87625,0.87629,0.87623,0.87629,25190000,1
1413575640000,1413575699000,0.8763,0.87631,0.87627,0.87631,12000000,1
1413575700000,1413575759000,0.87632,0.87632,0.8763,0.8763,5000000,1
1413575760000,1413575819000,0.8763,0.87651,0.8763,0.87651,32000000,1
1413575820000,1413575879000,0.87652,0.87652,0.87638,0.87641,41500000,1
1413575880000,1413575939000,0.8764,0.87641,0.8764,0.87641,12500000,1
1413575940000,1413575999000,0.8764,0.87641,0.87632,0.87636,21970000,1
1413576000000,1413576059000,0.87636,0.87642,0.87636,0.87637,27310000,1
1413576060000,1413576119000,0.87637,0.87638,0.87636,0.87636,27000000,1
1413576120000,1413576179000,0.87636,0.87636,0.87631,0.87631,9000000,1
1413576180000,1413576239000,0.87631,0.87631,0.87627,0.87627,8500000,1
1413576240000,1413576299000,0.87628,0.87628,0.87627,0.87628,3000000,1
1413576300000,1413576359000,0.87626,0.87626,0.87626,0.87626,1000000,1
1413576360000,1413576419000,0.87625,0.87625,0.87625,0.87625,7000000,1
1413576420000,1413576479000,0.87626,0.87626,0.87626,0.87626,1000000,1
1413576480000,1413576539000,0.87625,0.87625,0.87619,0.87619,9810000,1
1413576540000,1413576599000,0.87619,0.87619,0.87616,0.87616,13950000,1
1413576600000,1413576659000,0.87615,0.87615,0.87614,0.87614,14610000,1
1413576660000,1413576719000,0.87614,0.87619,0.87614,0.87617,39380000,1
1413576720000,1413576779000,0.87618,0.87618,0.87617,0.87617,9170000,1
1413576780000,1413576839000,0.87619,0.8762,0.87619,0.8762,7000000,1
1413576840000,1413576899000,0.87623,0.87634,0.87621,0.87632,32490000,1
1413576900000,1413576959000,0.87635,0.87635,0.87634,0.87635,9570000,1
1413576960000,1413577019000,0.87637,0.87662,0.87637,0.87656,60660000,1
1413577020000,1413577079000,0.87655,0.87665,0.87587,0.87597,73580000,1
1413577080000,1413577139000,0.87598,0.8761,0.87598,0.87609,17500000,1
1413577140000,1413577199000,0.8761,0.87637,0.87609,0.87634,27130000,1
1413577200000,1413577259000,0.87633,0.87633,0.87632,0.87633,4000000,1
1413577260000,1413577319000,0.87631,0.87631,0.87622,0.87624,14500000,1
1413577320000,1413577379000,0.87624,0.87637,0.87621,0.87637,18070000,1
1413577380000,1413577439000,0.87637,0.87637,0.87635,0.87635,5000000,1
1413577440000,1413577499000,0.87634,0.87634,0.87632,0.87632,2000000,1
1413577500000,1413577559000,0.87632,0.87635,0.87629,0.8763,21710000,1
1413577560000,1413577619000,0.8763,0.87631,0.8763,0.8763,5500000,1
1413577620000,1413577679000,0.8763,0.8763,0.8763,0.8763,10500000,1
1413577680000,1413577739000,0.8763,0.8763,0.87623,0.87627,18820000,1
1413577740000,1413577799000,0.87625,0.87625,0.87605,0.87612,42360000,1
1413577800000,1413577859000,0.87612,0.87612,0.87611,0.87611,4500000,1
1413577860000,1413577919000,0.8761,0.87611,0.8761,0.87611,2000000,1
1413577920000,1413577979000,0.8761,0.8761,0.8761,0.8761,1500000,1
1413577980000,1413578039000,0.87609,0.87609,0.87609,0.87609,1000000,1
1413578040000,1413578099000,0.87609,0.87609,0.876,0.876,3500000,1
1413578100000,1413578159000,0.87601,0.87601,0.87597,0.87598,8500000,1
1413578160000,1413578219000,0.87597,0.87611,0.87597,0.87609,17000000,1
1413578220000,1413578279000,0.87608,0.87608,0.87603,0.87603,6500000,1
1413578280000,1413578339000,0.87604,0.87606,0.87604,0.87605,3500000,1
1413578340000,1413578399000,0.87606,0.87606,0.8759,0.8759,6250000,1
1413578400000,1413578459000,0.87591,0.87596,0.87575,0.8758,20310000,1
1413578460000,1413578519000,0.8758,0.8758,0.87564,0.87565,26850000,1
1413578520000,1413578579000,0.87565,0.87571,0.87556,0.8756,58850000,1
1413578580000,1413578639000,0.8756,0.87562,0.87559,0.8756,10000000,1
1413578640000,1413578699000,0.87558,0.87571,0.87558,0.87558,16250000,1
1413578700000,1413578759000,0.87558,0.87558,0.8754,0.87549,29000000,1
1413578760000,1413578819000,0.87551,0.87564,0.87551,0.87557,37750000,1
1413578820000,1413578879000,0.87554,0.87567,0.87553,0.87567,12500000,1
1413578880000,1413578939000,0.87567,0.87571,0.87567,0.8757,7000000,1
1413578940000,1413578999000,0.8757,0.8757,0.87506,0.87522,27250000,1
1413579000000,1413579059000,0.87517,0.87529,0.87482,0.87498,85110000,1
1413579060000,1413579119000,0.87495,0.875,0.87484,0.87486,19000000,1
1413579120000,1413579179000,0.87486,0.87486,0.87474,0.87477,10000000,1
1413579180000,1413579239000,0.87477,0.87479,0.87457,0.87464,28500000,1
1413579240000,1413579299000,0.87466,0.87504,0.87466,0.87499,35000000,1
1413579300000,1413579359000,0.87495,0.87516,0.87477,0.8748,52950000,1
1413579360000,1413579419000,0.8748,0.87506,0.87466,0.87491,33250000,1
1413579420000,1413579479000,0.87491,0.87493,0.8746,0.87468,48700000,1
1413579480000,1413579539000,0.87463,0.87487,0.87455,0.87487,66000000,1
1413579540000,1413579599000,0.87487,0.87487,0.8742,0.87432,43000000,1
1413752400000,1413752459000,0.87574,0.87574,0.87554,0.87571,2750000,1
1413752460000,1413752519000,0.87571,0.87571,0.87571,0.87571,1500000,1
1413752520000,1413752579000,0.87571,0.87573,0.87571,0.87573,2350000,1
1413752580000,1413752639000,0.87571,0.87571,0.87568,0.87568,1500000,1
1413752640000,1413752699000,0.87566,0.87566,0.87566,0.87566,2270000,1
1413752700000,1413752759000,0.87566,0.87567,0.87564,0.87564,4100000,1
1413752760000,1413752819000,0.87569,0.87569,0.87543,0.87545,15710000,1
1413752820000,1413752879000,0.87542,0.87561,0.87542,0.87549,48420000,1
1413752880000,1413752939000,0.87548,0.8755,0.87548,0.8755,35990000,1
1413752940000,1413752999000,0.8755,0.8755,0.87549,0.87549,32520000,1
1413753000000,1413753059000,0.87549,0.87563,0.87549,0.87552,40910000,1
1413753060000,1413753119000,0.87553,0.87553,0.87551,0.87551,22100000,1
1413753120000,1413753179000,0.87551,0.87568,0.87551,0.87568,16530000,1
1413753240000,1413753299000,0.87568,0.87579,0.87568,0.87578,24330000,1
1413753300000,1413753359000,0.87578,0.87583,0.87578,0.87579,51990000,1
1413753360000,1413753419000,0.87579,0.87584,0.87579,0.87584,36010000,1
1413753420000,1413753479000,0.87584,0.87591,0.87582,0.87582,67760000,1
1413753480000,1413753539000,0.87582,0.87583,0.87579,0.87582,15500000,1
1413753540000,1413753599000,0.87582,0.87582,0.87579,0.87579,73850000,1
1413753600000,1413753659000,0.8758,0.8758,0.87578,0.87578,29000000,1
1413753660000,1413753719000,0.87578,0.87581,0.87575,0.87575,50430000,1
1413753720000,1413753779000,0.87575,0.87575,0.87575,0.87575,29610000,1
1413753780000,1413753839000,0.87575,0.87575,0.87574,0.87574,6000000,1
1413753840000,1413753899000,0.87574,0.87578,0.87574,0.87578,167900000,1
1413753900000,1413753959000,0.87578,0.87578,0.87575,0.87575,43480000,1
1413753960000,1413754019000,0.87575,0.87578,0.87575,0.87578,14580000,1
1413754020000,1413754079000,0.87578,0.87578,0.87575,0.87575,43390000,1
1413754080000,1413754139000,0.87575,0.87575,0.87575,0.87575,6600000,1
1413754140000,1413754199000,0.87578,0.87578,0.87578,0.87578,31320000,1
1413754200000,1413754259000,0.87579,0.87579,0.87578,0.87578,11690000,1
1413754260000,1413754319000,0.87578,0.87579,0.87565,0.87565,39540000,1
1413754320000,1413754379000,0.87565,0.87586,0.87564,0.87586,26490000,1
1413754380000,1413754439000,0.87586,0.8759,0.87581,0.87582,57880000,1
1413754440000,1413754499000,0.87582,0.87582,0.8758,0.87581,10180000,1
1413754500000,1413754559000,0.87582,0.87584,0.87579,0.87579,74790000,1
1413754560000,1413754619000,0.8758,0.87581,0.87575,0.87575,75190000,1
1413754620000,1413754679000,0.87575,0.87585,0.87574,0.87583,24650000,1
1413754680000,1413754739000,0.87583,0.87586,0.87583,0.87586,37680000,1
1413754740000,1413754799000,0.87586,0.87589,0.87582,0.87583,41960000,1
1413754800000,1413754859000,0.87583,0.87585,0.87582,0.87585,11440000,1
1413754860000,1413754919000,0.87585,0.87592,0.87582,0.87592,5670000,1
1413754920000,1413754979000,0.87587,0.87587,0.87579,0.87587,30600000,1
1413754980000,1413755039000,0.87587,0.87619,0.87587,0.87619,13150000,1
1413755040000,1413755099000,0.87619,0.87641,0.87606,0.87606,37370000,1
1413755100000,1413755159000,0.87606,0.87618,0.87605,0.87618,13920000,1
1413755160000,1413755219000,0.87628,0.87639,0.87622,0.87622,31350000,1
1413755220000,1413755279000,0.87622,0.87626,0.87618,0.87618,20490000,1
1413755280000,1413755339000,0.87617,0.87626,0.87617,0.87619,91550000,1
1413755340000,1413755399000,0.87619,0.87627,0.87618,0.87619,37200000,1
1413755400000,1413755459000,0.87619,0.8763,0.87619,0.8762,18530000,1
1413755460000,1413755519000,0.87624,0.8763,0.87621,0.8763,16200000,1
1413755520000,1413755579000,0.87631,0.87635,0.87629,0.87635,9650000,1
1413755580000,1413755639000,0.87637,0.87643,0.87633,0.87638,20500000,1
1413755640000,1413755699000,0.87638,0.87643,0.87637,0.87642,20420000,1
1413755700000,1413755759000,0.8764,0.87642,0.87636,0.87638,20500000,1
1413755760000,1413755819000,0.87638,0.87646,0.87638,0.87645,28790000,1
1413755820000,1413755879000,0.87643,0.87643,0.87633,0.87639,19190000,1
1413755880000,1413755939000,0.87639,0.87642,0.8762,0.8764,44100000,1
1413755940000,1413755999000,0.87641,0.87641,0.87637,0.87637,10820000,1
1413756000000,1413756059000,0.87638,0.8764,0.8763,0.8763,57070000,1
1413756060000,1413756119000,0.87636,0.87637,0.87617,0.87627,58640000,1
1413756120000,1413756179000,0.87627,0.8763,0.87619,0.87627,27640000,1
1413756180000,1413756239000,0.87627,0.87633,0.87619,0.87619,28400000,1
1413756240000,1413756299000,0.87619,0.87621,0.87616,0.8762,53470000,1
1413756300000,1413756359000,0.8762,0.8762,0.87591,0.876,119200000,1
1413756360000,1413756419000,0.87596,0.876,0.87586,0.8759,127200000,1
1413756420000,1413756479000,0.8759,0.87592,0.87587,0.87592,84300000,1
1413756480000,1413756539000,0.87593,0.87596,0.87591,0.87595,88890000,1
1413756540000,1413756599000,0.87595,0.87596,0.87588,0.8759,62340000,1
1413756600000,1413756659000,0.8759,0.87605,0.8759,0.87603,156200000,1
1413756660000,1413756719000,0.87603,0.87606,0.87597,0.87597,64320000,1
1413756720000,1413756779000,0.87596,0.87601,0.87595,0.87595,49010000,1
1413756780000,1413756839000,0.87596,0.87596,0.87589,0.87589,53970000,1
1413756840000,1413756899000,0.87588,0.87588,0.87562,0.87563,96440000,1
1413756900000,1413756959000,0.8757,0.87571,0.8757,0.8757,38000000,1
1413756960000,1413757019000,0.8757,0.87572,0.8757,0.87572,33000000,1
1413757020000,1413757079000,0.87572,0.87573,0.87564,0.8757,36300000,1
1413757080000,1413757139000,0.8757,0.87571,0.87564,0.87569,33070000,1
1413757140000,1413757199000,0.87569,0.87569,0.87565,0.87567,73850000,1
1413757200000,1413757259000,0.87566,0.87576,0.87552,0.87552,49020000,1
1413757260000,1413757319000,0.87553,0.87553,0.87547,0.87552,36370000,1
1413757320000,1413757379000,0.87552,0.87565,0.87536,0.87565,76450000,1
1413757380000,1413757439000,0.87566,0.87571,0.87561,0.87561,40940000,1
1413757440000,1413757499000,0.87561,0.87568,0.8756,0.87568,92770000,1
1413757500000,1413757559000,0.87568,0.87572,0.87565,0.87572,34540000,1
1413757560000,1413757619000,0.87572,0.87581,0.8757,0.87571,48030000,1
1413757620000,1413757679000,0.87571,0.87573,0.87567,0.87567,24760000,1
1413757680000,1413757739000,0.87568,0.87568,0.87554,0.87554,23100000,1
1413757740000,1413757799000,0.87553,0.87554,0.87539,0.87544,50480000,1
1413757800000,1413757859000,0.87544,0.87547,0.87539,0.87547,15150000,1
1413757860000,1413757919000,0.87547,0.87547,0.8754,0.87543,16000000,1
1413757920000,1413757979000,0.87543,0.87543,0.87517,0.87526,55060000,1
1413757980000,1413758039000,0.87527,0.87541,0.87527,0.87537,39490000,1
1413758040000,1413758099000,0.87539,0.87539,0.87535,0.87539,26660000,1
1413758100000,1413758159000,0.87541,0.87541,0.87532,0.87532,44530000,1
1413758160000,1413758219000,0.87532,0.87532,0.8752,0.87532,46990000,1
1413758220000,1413758279000,0.8753,0.87531,0.87517,0.87518,51920000,1
1413758280000,1413758339000,0.87517,0.8752,0.87517,0.87517,26130000,1
1413758340000,1413758399000,0.87518,0.8754,0.87517,0.8754,21160000,1
1413758400000,1413758459000,0.8754,0.87545,0.8754,0.87545,4000000,1
1413758460000,1413758519000,0.87545,0.87555,0.87545,0.87554,21790000,1
1413758520000,1413758579000,0.87554,0.87554,0.87548,0.87551,36570000,1
1413758580000,1413758639000,0.87551,0.87556,0.87546,0.87546,38360000,1
1413758640000,1413758699000,0.87546,0.87561,0.87544,0.87548,35960000,1
1413758700000,1413758759000,0.87548,0.87548,0.87547,0.87548,31240000,1
1413758760000,1413758819000,0.87554,0.87564,0.87552,0.87558,22200000,1
1413758820000,1413758879000,0.87558,0.87564,0.87557,0.87557,20530000,1
1413758880000,1413758939000,0.87557,0.8756,0.87557,0.87559,23760000,1
1413758940000,1413758999000,0.87558,0.87563,0.87555,0.87556,14230000,1
1413759000000,1413759059000,0.87554,0.87559,0.87553,0.87558,48580000,1
1413759060000,1413759119000,0.87561,0.87573,0.87559,0.87572,27610000,1
1413759120000,1413759179000,0.87573,0.8758,0.87573,0.87578,8500000,1
1413759180000,1413759239000,0.87574,0.87582,0.87574,0.87581,14490000,1
1413759240000,1413759299000,0.8758,0.8758,0.8758,0.8758,7650000,1
1413759300000,1413759359000,0.87581,0.87581,0.8758,0.8758,3000000,1
1413759360000,1413759419000,0.87581,0.87583,0.8758,0.87583,10000000,1
1413759420000,1413759479000,0.87583,0.87583,0.87564,0.87569,48990000,1
1413759480000,1413759539000,0.87569,0.87573,0.87555,0.87555,36000000,1
1413759540000,1413759599000,0.87553,0.87553,0.87477,0.87477,73480000,1
1413759600000,1413759659000,0.87479,0.87514,0.87471,0.87514,117790000,1
1413759660000,1413759719000,0.87516,0.87541,0.87504,0.87511,121120000,1
1413759720000,1413759779000,0.8751,0.87564,0.8751,0.87564,69580000,1
1413759780000,1413759839000,0.87565,0.8757,0.87552,0.87559,42170000,1
1413759840000,1413759899000,0.87559,0.8756,0.87559,0.8756,3000000,1
1413759900000,1413759959000,0.87558,0.87559,0.87554,0.87557,14250000,1
1413759960000,1413760019000,0.8756,0.8756,0.87549,0.8755,23000000,1
1413760020000,1413760079000,0.87549,0.87563,0.87549,0.87562,35560000,1
1413760080000,1413760139000,0.87562,0.87562,0.87562,0.87562,18070000,1
1413760140000,1413760199000,0.87563,0.87574,0.87563,0.87572,40640000,1
1413760200000,1413760259000,0.87572,0.87588,0.87572,0.87588,35990000,1
1413760260000,1413760319000,0.87587,0.87597,0.87587,0.8759,27570000,1
1413760320000,1413760379000,0.87587,0.87591,0.87587,0.87587,7000000,1
1413760380000,1413760439000,0.87587,0.87588,0.87584,0.87588,12650000,1
1413760440000,1413760499000,0.87588,0.87588,0.87587,0.87587,3500000,1
1413760500000,1413760559000,0.87587,0.87587,0.87586,0.87586,13500000,1
1413760560000,1413760619000,0.87586,0.87586,0.87585,0.87585,6000000,1
1413760620000,1413760679000,0.87585,0.87586,0.87584,0.87586,24250000,1
1413760680000,1413760739000,0.87584,0.87587,0.87561,0.87561,35960000,1
1413760740000,1413760799000,0.87561,0.87561,0.8751,0.8751,57810000,1
1413760800000,1413760859000,0.87511,0.87554,0.8751,0.87552,75590000,1
1413760860000,1413760919000,0.87551,0.87557,0.87551,0.87557,9500000,1
1413760920000,1413760979000,0.87557,0.87557,0.87546,0.87548,35000000,1
1413760980000,1413761039000,0.87548,0.87549,0.87548,0.87549,18000000,1
1413761040000,1413761099000,0.87549,0.87552,0.87548,0.87552,11840000,1
1413761100000,1413761159000,0.87552,0.87554,0.87552,0.87552,7370000,1
1413761160000,1413761219000,0.87555,0.87602,0.87555,0.87602,40950000,1
1413761220000,1413761279000,0.87601,0.87615,0.87596,0.87613,42330000,1
1413761280000,1413761339000,0.87616,0.87652,0.87602,0.87602,95370000,1
1413761340000,1413761399000,0.87602,0.87603,0.87575,0.87575,38100000,1
1413761400000,1413761459000,0.87575,0.87582,0.87575,0.87582,12820000,1
1413761460000,1413761519000,0.87584,0.87637,0.87584,0.87617,59300000,1
1413761520000,1413761579000,0.87616,0.87616,0.87594,0.87595,24610000,1
1413761580000,1413761639000,0.87594,0.87594,0.87575,0.87575,24500000,1
1413761640000,1413761699000,0.87575,0.87575,0.87531,0.87531,41440000,1
1413761700000,1413761759000,0.87531,0.8755,0.8753,0.8755,45420000,1
1413761760000,1413761819000,0.87551,0.87551,0.8754,0.87548,40590000,1
1413761820000,1413761879000,0.87548,0.87564,0.87548,0.87564,19230000,1
1413761880000,1413761939000,0.87564,0.87586,0.87564,0.87569,48140000,1
1413761940000,1413761999000,0.87571,0.87571,0.87542,0.87542,38720000,1
1413762000000,1413762059000,0.87542,0.87542,0.87534,0.87534,37750000,1
1413762060000,1413762119000,0.87534,0.87539,0.87532,0.87532,49120000,1
1413762120000,1413762179000,0.87532,0.87533,0.87532,0.87533,2000000,1
1413762180000,1413762239000,0.87534,0.87536,0.87523,0.87529,20600000,1
1413762240000,1413762299000,0.87528,0.87529,0.87526,0.87527,4500000,1
1413762300000,1413762359000,0.87527,0.87527,0.87522,0.87523,10000000,1
1413762360000,1413762419000,0.8752,0.8752,0.8752,0.8752,2000000,1
1413762420000,1413762479000,0.87521,0.87538,0.87521,0.87537,23580000,1
1413762480000,1413762539000,0.87537,0.87565,0.87535,0.87559,43720000,1
1413762540000,1413762599000,0.87559,0.8756,0.87539,0.87543,28070000,1
1413762600000,1413762659000,0.87543,0.87543,0.87541,0.87541,14190000,1
1413762660000,1413762719000,0.8754,0.8754,0.87537,0.87538,12260000,1
1413762720000,1413762779000,0.87539,0.8755,0.87538,0.8755,40340000,1
1413762780000,1413762839000,0.87549,0.87551,0.87549,0.8755,10130000,1
1413762840000,1413762899000,0.87549,0.87573,0.87549,0.8756,25520000,1
1413762900000,1413762959000,0.87559,0.87564,0.87551,0.87557,32540000,1
1413762960000,1413763019000,0.87558,0.87558,0.8755,0.8755,8500000,1
1413763020000,1413763079000,0.87549,0.87562,0.87549,0.8755,61700000,1
1413763080000,1413763139000,0.8755,0.87554,0.87539,0.87539,39500000,1
1413763140000,1413763199000,0.87539,0.8755,0.87532,0.8755,50350000,1
1413763200000,1413763259000,0.87549,0.87579,0.87549,0.87578,62690000,1
1413763260000,1413763319000,0.87579,0.87621,0.87579,0.87614,76630000,1
1413763320000,1413763379000,0.87614,0.87615,0.87594,0.87596,48810000,1
1413763380000,1413763439000,0.87596,0.87602,0.87591,0.87598,68750000,1
1413763440000,1413763499000,0.87598,0.87631,0.87598,0.87631,39170000,1
1413763500000,1413763559000,0.87629,0.8763,0.87622,0.8763,40560000,1
1413763560000,1413763619000,0.8763,0.87679,0.87627,0.87679,98660000,1
1413763620000,1413763679000,0.87682,0.87759,0.8768,0.87758,189030000,1
1413763680000,1413763739000,0.87757,0.87761,0.87689,0.87709,131260000,1
1413763740000,1413763799000,0.87711,0.87735,0.87711,0.8773,97050000,1
1413763800000,1413763859000,0.8773,0.87766,0.87699,0.8774,132580000,1
1413763860000,1413763919000,0.87739,0.87739,0.87719,0.87726,66460000,1
1413763920000,1413763979000,0.87725,0.87725,0.87686,0.87686,27470000,1
1413763980000,1413764039000,0.87689,0.87689,0.87661,0.87661,65670000,1
1413764040000,1413764099000,0.87661,0.87702,0.87661,0.87702,82010000,1
1413764100000,1413764159000,0.87701,0.87701,0.87688,0.87689,34000000,1
1413764160000,1413764219000,0.87689,0.87692,0.87677,0.87679,61070000,1
1413764220000,1413764279000,0.87677,0.8768,0.87663,0.87665,28310000,1
1413764280000,1413764339000,0.87661,0.87705,0.8765,0.87705,68880000,1
1413764340000,1413764399000,0.87702,0.87706,0.87682,0.87704,82500000,1
1413764400000,1413764459000,0.87704,0.8771,0.87699,0.87701,58570000,1
1413764460000,1413764519000,0.87701,0.87704,0.8769,0.87691,58830000,1
1413764520000,1413764579000,0.8769,0.8769,0.87662,0.87662,35720000,1
1413764580000,1413764639000,0.87662,0.87672,0.8763,0.87649,105070000,1
1413764640000,1413764699000,0.87649,0.87675,0.87649,0.87661,77610000,1
1413764700000,1413764759000,0.8766,0.8766,0.87653,0.87655,12760000,1
1413764760000,1413764819000,0.87655,0.87674,0.87655,0.87673,54200000,1
1413764820000,1413764879000,0.87673,0.87683,0.87672,0.87683,31840000,1
1413764880000,1413764939000,0.87684,0.87691,0.87684,0.8769,11500000,1
1413764940000,1413764999000,0.87689,0.87695,0.87689,0.8769,31480000,1
1413765000000,1413765059000,0.8769,0.87692,0.87689,0.87689,17780000,1
1413765060000,1413765119000,0.87689,0.87712,0.87689,0.87712,37710000,1
1413765120000,1413765179000,0.8771,0.87712,0.87693,0.87693,37790000,1
1413765180000,1413765239000,0.87694,0.87694,0.87656,0.87679,80560000,1
1413765240000,1413765299000,0.87681,0.87692,0.87676,0.87678,36650000,1
1413765300000,1413765359000,0.87679,0.87682,0.87665,0.87668,22010000,1
1413765360000,1413765419000,0.87668,0.87682,0.87668,0.87682,31590000,1
1413765420000,1413765479000,0.87684,0.87702,0.87684,0.87692,60710000,1
1413765480000,1413765539000,0.87692,0.87693,0.87687,0.8769,22150000,1
1413765540000,1413765599000,0.8769,0.87691,0.87687,0.87687,13740000,1
1413765600000,1413765659000,0.87687,0.87688,0.87683,0.87684,17650000,1
1413765660000,1413765719000,0.87683,0.87685,0.87669,0.87674,58060000,1
1413765720000,1413765779000,0.87673,0.87682,0.87673,0.87678,15320000,1
1413765780000,1413765839000,0.8768,0.87681,0.87674,0.87675,17000000,1
1413765840000,1413765899000,0.87675,0.87675,0.87633,0.87649,64010000,1
1413765900000,1413765959000,0.87651,0.87702,0.87651,0.87699,68110000,1
1413765960000,1413766019000,0.87699,0.8772,0.87695,0.87695,70780000,1
1413766020000,1413766079000,0.87697,0.87715,0.87696,0.87702,43130000,1
1413766080000,1413766139000,0.87702,0.87702,0.87691,0.87691,56810000,1
1413766140000,1413766199000,0.87691,0.87702,0.87684,0.87702,33020000,1
1413766200000,1413766259000,0.877,0.87716,0.87694,0.87696,102420000,1
1413766260000,1413766319000,0.87697,0.87701,0.87671,0.87672,53380000,1
1413766320000,1413766379000,0.87671,0.87705,0.87668,0.87703,65120000,1
1413766380000,1413766439000,0.87706,0.87706,0.87687,0.87699,61540000,1
1413766440000,1413766499000,0.87699,0.87701,0.87681,0.87691,32480000,1
1413766500000,1413766559000,0.87691,0.87709,0.87687,0.87695,69890000,1
1413766560000,1413766619000,0.87695,0.87703,0.87689,0.877,55320000,1
1413766620000,1413766679000,0.877,0.87712,0.877,0.87712,9520000,1
1413766680000,1413766739000,0.87711,0.87711,0.87695,0.87695,18820000,1
1413766740000,1413766799000,0.87694,0.87696,0.87685,0.87687,58650000,1
1413766800000,1413766859000,0.87688,0.877,0.87683,0.87699,29670000,1
1413766860000,1413766919000,0.87694,0.87703,0.87672,0.87672,131940000,1
1413766920000,1413766979000,0.87673,0.877,0.87673,0.87694,41450000,1
1413766980000,1413767039000,0.87693,0.8771,0.87688,0.8771,60370000,1
1413767040000,1413767099000,0.87711,0.87733,0.87697,0.8773,77510000,1
1413767100000,1413767159000,0.87734,0.87741,0.87727,0.87737,54410000,1
1413767160000,1413767219000,0.87738,0.87738,0.87708,0.87712,46790000,1
1413767220000,1413767279000,0.87712,0.87722,0.87712,0.87722,38020000,1
1413767280000,1413767339000,0.87721,0.87723,0.87711,0.87712,29040000,1
1413767340000,1413767399000,0.87711,0.87722,0.87702,0.87702,43640000,1
1413767400000,1413767459000,0.87703,0.87722,0.87686,0.87688,85610000,1
1413767460000,1413767519000,0.87688,0.87697,0.87686,0.87689,15720000,1
1413767520000,1413767579000,0.87688,0.87688,0.87688,0.87688,1500000,1
1413767580000,1413767639000,0.87689,0.87692,0.87689,0.8769,7120000,1
1413767640000,1413767699000,0.8769,0.87715,0.87675,0.87709,61530000,1
1413767700000,1413767759000,0.87714,0.87725,0.87697,0.87697,61950000,1
1413767760000,1413767819000,0.87697,0.87697,0.87689,0.87692,13500000,1
1413767820000,1413767879000,0.87694,0.87698,0.87673,0.87681,38890000,1
1413767880000,1413767939000,0.87683,0.87696,0.87683,0.87696,52270000,1
1413767940000,1413767999000,0.87695,0.87695,0.87695,0.87695,5000000,1
1413768000000,1413768059000,0.87697,0.87699,0.87691,0.87697,12500000,1
1413768060000,1413768119000,0.87698,0.87702,0.87697,0.877,32940000,1
1413768120000,1413768179000,0.87701,0.87711,0.877,0.87711,16700000,1
1413768180000,1413768239000,0.87712,0.87712,0.87704,0.87711,14450000,1
1413768240000,1413768299000,0.87711,0.87724,0.87711,0.87718,29440000,1
1413768300000,1413768359000,0.87718,0.87721,0.87718,0.8772,3500000,1
1413768360000,1413768419000,0.87721,0.87722,0.87717,0.87717,7500000,1
1413768420000,1413768479000,0.87716,0.87721,0.87714,0.87715,35310000,1
1413768480000,1413768539000,0.87715,0.87715,0.87704,0.8771,26000000,1
1413768540000,1413768599000,0.87711,0.87711,0.87706,0.87711,12000000,1
1413768600000,1413768659000,0.87712,0.87718,0.8771,0.87718,10960000,1
1413768660000,1413768719000,0.8772,0.87725,0.8772,0.87723,19390000,1
1413768720000,1413768779000,0.87723,0.87761,0.87723,0.87756,58700000,1
1413768780000,1413768839000,0.87758,0.87758,0.8774,0.8774,18670000,1
1413768840000,1413768899000,0.8774,0.87741,0.87731,0.87741,22970000,1
1413768900000,1413768959000,0.87739,0.87749,0.87739,0.87749,12790000,1
1413768960000,1413769019000,0.87749,0.87761,0.87749,0.87757,35720000,1
1413769020000,1413769079000,0.87757,0.87773,0.87757,0.8777,44860000,1
1413769080000,1413769139000,0.8777,0.87779,0.87769,0.87778,19750000,1
1413769140000,1413769199000,0.87777,0.87791,0.87777,0.87789,38110000,1
1413769200000,1413769259000,0.87789,0.87802,0.87789,0.87794,110100000,1
1413769260000,1413769319000,0.87793,0.87803,0.87789,0.87803,65530000,1
1413769320000,1413769379000,0.87806,0.87814,0.87777,0.87809,124920000,1
1413769380000,1413769439000,0.8781,0.87837,0.8781,0.8783,101280000,1
1413769440000,1413769499000,0.87828,0.87828,0.87821,0.87827,43980000,1
1413769500000,1413769559000,0.87826,0.87838,0.87822,0.87838,41380000,1
1413769560000,1413769619000,0.87839,0.87843,0.87834,0.87834,27420000,1
1413769620000,1413769679000,0.87834,0.87834,0.87825,0.87827,36750000,1
1413769680000,1413769739000,0.87827,0.87827,0.87759,0.87763,73620000,1
1413769740000,1413769799000,0.87762,0.878,0.87753,0.878,141420000,1
1413769800000,1413769859000,0.878,0.8781,0.87787,0.8779,107380000,1
1413769860000,1413769919000,0.87792,0.87816,0.87792,0.87809,52510000,1
1413769920000,1413769979000,0.8781,0.87811,0.8781,0.87811,25000000,1
1413769980000,1413770039000,0.87814,0.87815,0.8781,0.87815,23500000,1
1413770040000,1413770099000,0.87813,0.87813,0.87803,0.87806,26070000,1
1413770100000,1413770159000,0.87805,0.87805,0.878,0.878,11000000,1
1413770160000,1413770219000,0.878,0.87802,0.87791,0.87799,43160000,1
1413770220000,1413770279000,0.87799,0.87804,0.87799,0.87802,16500000,1
1413770280000,1413770339000,0.87799,0.87799,0.87774,0.87791,45300000,1
1413770340000,1413770399000,0.87791,0.87794,0.87791,0.87793,11070000,1
1413770400000,1413770459000,0.87792,0.87792,0.87781,0.8779,23590000,1
1413770460000,1413770519000,0.87791,0.87809,0.87781,0.87786,77500000,1
1413770520000,1413770579000,0.87784,0.87784,0.87755,0.87756,46500000,1
1413770580000,1413770639000,0.87755,0.87769,0.87733,0.8776,70720000,1
1413770640000,1413770699000,0.87761,0.87786,0.8776,0.87786,52050000,1
1413770700000,1413770759000,0.87786,0.87787,0.87771,0.87782,33820000,1
1413770760000,1413770819000,0.8778,0.87801,0.8778,0.87801,28170000,1
1413770820000,1413770879000,0.87801,0.87801,0.87792,0.87794,38000000,1
1413770880000,1413770939000,0.87795,0.87797,0.8778,0.87782,29870000,1
1413770940000,1413770999000,0.87784,0.87791,0.87782,0.87791,13000000,1
1413771000000,1413771059000,0.87792,0.87803,0.87792,0.87801,27500000,1
1413771060000,1413771119000,0.87802,0.87813,0.87794,0.87813,53890000,1
1413771120000,1413771179000,0.87813,0.87827,0.87812,0.87819,41920000,1
1413771180000,1413771239000,0.8782,0.8783,0.87819,0.87827,22500000,1
1413771240000,1413771299000,0.87826,0.87826,0.87802,0.87806,63510000,1
1413771300000,1413771359000,0.87806,0.87812,0.87806,0.8781,12000000,1
1413771360000,1413771419000,0.8781,0.87815,0.87809,0.87814,24930000,1
1413771420000,1413771479000,0.87813,0.87813,0.87805,0.87805,27030000,1
1413771480000,1413771539000,0.87803,0.87806,0.8778,0.87789,60850000,1
1413771540000,1413771599000,0.8779,0.87834,0.87789,0.87834,62840000,1
1413771600000,1413771659000,0.87833,0.87855,0.87831,0.87835,49570000,1
1413771660000,1413771719000,0.87832,0.87832,0.8782,0.87823,38190000,1
1413771720000,1413771779000,0.87823,0.87829,0.8782,0.87829,37820000,1
1413771780000,1413771839000,0.8783,0.87841,0.87829,0.87841,16190000,1
1413771840000,1413771899000,0.87841,0.87841,0.8783,0.87833,34170000,1
1413771900000,1413771959000,0.87833,0.87835,0.87827,0.87827,14720000,1
1413771960000,1413772019000,0.8783,0.87836,0.8783,0.87836,11280000,1
1413772020000,1413772079000,0.87835,0.87838,0.87832,0.87835,44810000,1
1413772080000,1413772139000,0.87836,0.8784,0.87836,0.8784,12490000,1
1413772140000,1413772199000,0.8784,0.8784,0.87813,0.87815,79810000,1
1413772200000,1413772259000,0.87815,0.87821,0.87814,0.87819,21920000,1
1413772260000,1413772319000,0.87819,0.87836,0.87813,0.87828,68440000,1
1413772320000,1413772379000,0.87825,0.87832,0.87816,0.87832,57640000,1
1413772380000,1413772439000,0.87832,0.87838,0.87819,0.87837,87050000,1
1413772440000,1413772499000,0.87837,0.87873,0.87837,0.8786,58260000,1
1413772500000,1413772559000,0.87858,0.8787,0.8784,0.87868,66530000,1
1413772560000,1413772619000,0.87868,0.87873,0.87859,0.87864,62520000,1
1413772620000,1413772679000,0.87865,0.87874,0.87864,0.87871,74450000,1
1413772680000,1413772739000,0.87871,0.87872,0.87858,0.87861,41500000,1
1413772740000,1413772799000,0.87859,0.8786,0.87858,0.87859,24000000,1
1413772800000,1413772859000,0.87857,0.8786,0.87857,0.87859,18070000,1
1413772860000,1413772919000,0.87859,0.87861,0.87858,0.87861,11120000,1
1413772920000,1413772979000,0.8786,0.8786,0.87848,0.87849,23000000,1
1413772980000,1413773039000,0.87849,0.87849,0.87849,0.87849,18500000,1
1413773040000,1413773099000,0.87849,0.87849,0.8783,0.87834,41500000,1
1413773100000,1413773159000,0.87834,0.87834,0.87813,0.87819,25450000,1
1413773160000,1413773219000,0.87818,0.87831,0.87811,0.87811,81460000,1
1413773220000,1413773279000,0.8781,0.8781,0.8781,0.8781,10640000,1
1413773280000,1413773339000,0.87811,0.87814,0.87811,0.87811,4000000,1
1413773340000,1413773399000,0.87811,0.8784,0.87811,0.8784,40960000,1
1413773400000,1413773459000,0.8784,0.87842,0.87839,0.87839,33110000,1
1413773460000,1413773519000,0.87839,0.87841,0.8783,0.87834,48660000,1
1413773520000,1413773579000,0.87836,0.87853,0.87834,0.87853,50800000,1
1413773580000,1413773639000,0.87853,0.87853,0.87844,0.87849,28590000,1
1413773640000,1413773699000,0.87849,0.87852,0.87847,0.87851,41010000,1
1413773700000,1413773759000,0.87849,0.87852,0.87848,0.87851,15600000,1
1413773760000,1413773819000,0.87849,0.87851,0.87842,0.87843,33000000,1
1413773820000,1413773879000,0.87843,0.87844,0.87829,0.87833,55170000,1
1413773880000,1413773939000,0.87833,0.87833,0.87828,0.87829,39400000,1
1413773940000,1413773999000,0.87828,0.87831,0.87827,0.87828,12210000,1
1413774000000,1413774059000,0.87828,0.87832,0.87828,0.87828,27240000,1
1413774060000,1413774119000,0.87828,0.87831,0.87827,0.87827,27780000,1
1413774120000,1413774179000,0.87827,0.87831,0.87825,0.8783,29760000,1
1413774180000,1413774239000,0.87828,0.87831,0.87825,0.87828,37250000,1
1413774240000,1413774299000,0.87828,0.87828,0.87808,0.87808,43500000,1
1413774300000,1413774359000,0.87811,0.87822,0.87811,0.8782,35430000,1
1413774360000,1413774419000,0.87819,0.87819,0.87804,0.87809,34290000,1
1413774420000,1413774479000,0.87808,0.87833,0.87807,0.87821,64410000,1
1413774480000,1413774539000,0.87821,0.87824,0.87815,0.87815,53750000,1
1413774540000,1413774599000,0.87815,0.87821,0.8781,0.87811,39170000,1
1413774600000,1413774659000,0.87812,0.8782,0.87807,0.8782,42560000,1
1413774660000,1413774719000,0.87818,0.87822,0.87808,0.87812,100350000,1
1413774720000,1413774779000,0.87812,0.8782,0.87808,0.87811,62050000,1
1413774780000,1413774839000,0.87813,0.87818,0.87808,0.87808,76500000,1
1413774840000,1413774899000,0.8781,0.87812,0.87807,0.87808,26070000,1
1413774900000,1413774959000,0.8781,0.8781,0.8779,0.87797,40000000,1
1413774960000,1413775019000,0.87797,0.87821,0.87797,0.87811,60620000,1
1413775020000,1413775079000,0.8781,0.8781,0.87797,0.87797,9000000,1
1413775080000,1413775139000,0.87798,0.87798,0.87774,0.87774,47350000,1
1413775140000,1413775199000,0.87774,0.87785,0.87764,0.87769,57550000,1
1413775200000,1413775259000,0.8777,0.87782,0.8777,0.8778,16630000,1
1413775260000,1413775319000,0.87781,0.87792,0.87781,0.87789,44190000,1
1413775320000,1413775379000,0.87789,0.87792,0.87782,0.8779,37320000,1
1413775380000,1413775439000,0.87791,0.87792,0.87789,0.87791,16750000,1
1413775440000,1413775499000,0.87791,0.87791,0.87768,0.87768,29500000,1
1413775500000,1413775559000,0.87768,0.87768,0.8774,0.87741,36500000,1
1413775560000,1413775619000,0.87739,0.87739,0.8772,0.87739,54110000,1
1413775620000,1413775679000,0.87739,0.87739,0.87719,0.87728,32670000,1
1413775680000,1413775739000,0.8773,0.87751,0.87727,0.8775,63930000,1
1413775740000,1413775799000,0.8775,0.87753,0.87747,0.87748,47990000,1
1413775800000,1413775859000,0.87748,0.87751,0.87722,0.87722,43500000,1
1413775860000,1413775919000,0.87722,0.8773,0.87702,0.87728,85200000,1
1413775920000,1413775979000,0.87728,0.87728,0.87724,0.87724,11700000,1
1413775980000,1413776039000,0.87724,0.87724,0.877,0.87701,33100000,1
1413776040000,1413776099000,0.877,0.87711,0.877,0.87701,48390000,1
1413776100000,1413776159000,0.87702,0.87704,0.877,0.87704,25570000,1
1413776160000,1413776219000,0.87702,0.8771,0.87702,0.87708,22750000,1
1413776220000,1413776279000,0.87708,0.87708,0.87707,0.87707,2500000,1
1413776280000,1413776339000,0.87707,0.87711,0.87707,0.87711,21450000,1
1413776340000,1413776399000,0.87711,0.87722,0.8771,0.8771,28590000,1
1413776400000,1413776459000,0.87709,0.87721,0.87708,0.87714,39400000,1
1413776460000,1413776519000,0.87714,0.87726,0.87714,0.87726,25090000,1
1413776520000,1413776579000,0.87729,0.8774,0.87729,0.8774,11020000,1
1413776580000,1413776639000,0.87739,0.8774,0.87728,0.87728,36980000,1
1413776640000,1413776699000,0.87728,0.8774,0.87724,0.87727,30150000,1
1413776700000,1413776759000,0.87728,0.8773,0.8771,0.87714,58500000,1
1413776760000,1413776819000,0.87715,0.87725,0.877,0.87707,53210000,1
1413776820000,1413776879000,0.87707,0.87724,0.87699,0.87712,72370000,1
1413776880000,1413776939000,0.87712,0.87725,0.87711,0.87725,68670000,1
1413776940000,1413776999000,0.87725,0.87725,0.87689,0.87689,44250000,1
1413777000000,1413777059000,0.87691,0.87699,0.87687,0.87699,54410000,1
1413777060000,1413777119000,0.87699,0.87713,0.87699,0.8771,39530000,1
1413777120000,1413777179000,0.8771,0.8771,0.87703,0.87703,19000000,1
1413777180000,1413777239000,0.87703,0.87703,0.87699,0.87699,20500000,1
1413777240000,1413777299000,0.87699,0.8771,0.87694,0.8771,45920000,1
1413777300000,1413777359000,0.87709,0.8771,0.87709,0.8771,2500000,1
1413777360000,1413777419000,0.87711,0.87744,0.87711,0.8774,54520000,1
1413777420000,1413777479000,0.87738,0.87741,0.87727,0.87734,85810000,1
1413777480000,1413777539000,0.87732,0.87736,0.8773,0.87734,53570000,1
1413777540000,1413777599000,0.87734,0.87739,0.8773,0.87736,39270000,1
1413777600000,1413777659000,0.87734,0.87738,0.87727,0.87734,23490000,1
1413777660000,1413777719000,0.87733,0.8774,0.87727,0.87737,56750000,1
1413777720000,1413777779000,0.87737,0.87737,0.87727,0.87727,9500000,1
1413777780000,1413777839000,0.87727,0.87733,0.87727,0.87728,15450000,1
1413777840000,1413777899000,0.87731,0.87733,0.87724,0.87727,74450000,1
1413777900000,1413777959000,0.87729,0.87732,0.87727,0.87727,30470000,1
1413777960000,1413778019000,0.87727,0.8773,0.87722,0.87723,19110000,1
1413778020000,1413778079000,0.87722,0.87723,0.87722,0.87723,4500000,1
1413778080000,1413778139000,0.87721,0.87727,0.87712,0.87727,21120000,1
1413778140000,1413778199000,0.87727,0.87731,0.87727,0.87731,4500000,1
1413778200000,1413778259000,0.8773,0.87731,0.8773,0.87731,2000000,1
1413778260000,1413778319000,0.87731,0.87731,0.87723,0.8773,13000000,1
1413778320000,1413778379000,0.87731,0.87731,0.8773,0.8773,2500000,1
1413778380000,1413778439000,0.87731,0.87738,0.87731,0.87738,4440000,1
1413778440000,1413778499000,0.87736,0.87736,0.87733,0.87733,14750000,1
1413778500000,1413778559000,0.87735,0.87741,0.87734,0.87739,18850000,1
1413778560000,1413778619000,0.87739,0.87751,0.87739,0.8775,15390000,1
1413778620000,1413778679000,0.8775,0.8775,0.87717,0.87718,40120000,1
1413778680000,1413778739000,0.87718,0.87733,0.87709,0.87717,75810000,1
1413778740000,1413778799000,0.87716,0.87717,0.87716,0.87717,2000000,1
1413778800000,1413778859000,0.87721,0.87727,0.87717,0.87721,47070000,1
1413778860000,1413778919000,0.87721,0.87722,0.87721,0.87721,6000000,1
1413778920000,1413778979000,0.87721,0.87726,0.87721,0.87726,15500000,1
1413778980000,1413779039000,0.87726,0.87726,0.87713,0.87717,27500000,1
1413779040000,1413779099000,0.87719,0.8773,0.87717,0.87729,17670000,1
1413779100000,1413779159000,0.8773,0.87752,0.8773,0.87747,38030000,1
1413779160000,1413779219000,0.87748,0.8775,0.87737,0.87738,26390000,1
1413779220000,1413779279000,0.87738,0.87738,0.87727,0.87727,11500000,1
1413779280000,1413779339000,0.87728,0.87728,0.87727,0.87727,2000000,1
1413779340000,1413779399000,0.87727,0.87732,0.87717,0.87731,31280000,1
1413779400000,1413779459000,0.87731,0.87731,0.87731,0.87731,8000000,1
1413779460000,1413779519000,0.87731,0.87731,0.87722,0.87723,19000000,1
1413779520000,1413779579000,0.87723,0.87725,0.87722,0.87723,15000000,1
1413779580000,1413779639000,0.87723,0.87728,0.87722,0.87722,46070000,1
1413779640000,1413779699000,0.87722,0.87728,0.8772,0.87722,26500000,1
1413779700000,1413779759000,0.87721,0.87724,0.87721,0.87722,8900000,1
1413779760000,1413779819000,0.87722,0.87727,0.87721,0.87726,22270000,1
1413779820000,1413779879000,0.87726,0.87727,0.87721,0.87721,17500000,1
1413779880000,1413779939000,0.87724,0.87724,0.87724,0.87724,1000000,1
1413779940000,1413779999000,0.87721,0.87727,0.87721,0.87727,7000000,1
1413780000000,1413780059000,0.87727,0.87727,0.87721,0.87721,13500000,1
1413780060000,1413780119000,0.87721,0.87722,0.87721,0.87722,3000000,1
1413780120000,1413780179000,0.87721,0.87721,0.87697,0.87701,59190000,1
1413780180000,1413780239000,0.87701,0.87703,0.87685,0.87688,34550000,1
1413780240000,1413780299000,0.87688,0.87699,0.87688,0.87697,15940000,1
1413780300000,1413780359000,0.87697,0.87716,0.87697,0.87716,34160000,1
1413780360000,1413780419000,0.87716,0.87732,0.87712,0.87732,72130000,1
1413780420000,1413780479000,0.87732,0.87737,0.8773,0.87733,58540000,1
1413780480000,1413780539000,0.87735,0.87735,0.87731,0.87734,13500000,1
1413780540000,1413780599000,0.87735,0.87745,0.87729,0.87743,68250000,1
1413780600000,1413780659000,0.87743,0.87743,0.87739,0.87742,6000000,1
1413780660000,1413780719000,0.87742,0.87749,0.87741,0.87749,45170000,1
1413780720000,1413780779000,0.87747,0.87747,0.87741,0.87747,24140000,1
1413780780000,1413780839000,0.87748,0.87763,0.87748,0.87762,24500000,1
1413780840000,1413780899000,0.87762,0.87763,0.8775,0.87753,36750000,1
1413780900000,1413780959000,0.87753,0.87754,0.87732,0.87734,45750000,1
1413780960000,1413781019000,0.87737,0.8775,0.87737,0.87749,17100000,1
1413781020000,1413781079000,0.87751,0.87752,0.87749,0.8775,8000000,1
1413781080000,1413781139000,0.87749,0.87749,0.87749,0.87749,1000000,1
1413781140000,1413781199000,0.87747,0.87747,0.87731,0.87734,50000000,1
1413781200000,1413781259000,0.87736,0.87736,0.87716,0.87719,39010000,1
1413781260000,1413781319000,0.87718,0.87731,0.87718,0.87731,11110000,1
1413781320000,1413781379000,0.87731,0.87732,0.87727,0.87727,19270000,1
1413781380000,1413781439000,0.87731,0.87731,0.87731,0.87731,1000000,1
1413781440000,1413781499000,0.87729,0.87729,0.87717,0.87717,28090000,1
1413781500000,1413781559000,0.87717,0.87718,0.87708,0.87708,8870000,1
1413781560000,1413781619000,0.87707,0.8773,0.87707,0.8773,34580000,1
1413781620000,1413781679000,0.87729,0.87738,0.87729,0.87738,11450000,1
1413781680000,1413781739000,0.87737,0.87745,0.87732,0.87732,29310000,1
1413781740000,1413781799000,0.87732,0.87735,0.87727,0.87735,14560000,1
1413781800000,1413781859000,0.87735,0.87735,0.87717,0.87718,21590000,1
1413781860000,1413781919000,0.87716,0.87723,0.8771,0.87721,35170000,1
1413781920000,1413781979000,0.87719,0.87724,0.87717,0.87724,39050000,1
1413781980000,1413782039000,0.87725,0.87756,0.87725,0.87756,42600000,1
1413782040000,1413782099000,0.87757,0.87775,0.87753,0.87756,68060000,1
1413782100000,1413782159000,0.87756,0.87756,0.87754,0.87754,11000000,1
1413782160000,1413782219000,0.87756,0.87762,0.87756,0.8776,10000000,1
1413782220000,1413782279000,0.87761,0.87761,0.87754,0.87754,23250000,1
1413782280000,1413782339000,0.87754,0.87761,0.87753,0.87761,32250000,1
1413782340000,1413782399000,0.87762,0.87762,0.87757,0.87757,20820000,1
1413782400000,1413782459000,0.87757,0.87759,0.87751,0.87757,28420000,1
1413782460000,1413782519000,0.87758,0.8776,0.87757,0.87759,8600000,1
1413782520000,1413782579000,0.87757,0.87758,0.87737,0.87737,33000000,1
1413782580000,1413782639000,0.87737,0.87737,0.87727,0.87735,39270000,1
1413782640000,1413782699000,0.87734,0.87737,0.87734,0.87734,16500000,1
1413782700000,1413782759000,0.87734,0.87739,0.87733,0.87739,39820000,1
1413782760000,1413782819000,0.87738,0.8774,0.87731,0.87734,35470000,1
1413782820000,1413782879000,0.87734,0.87734,0.87729,0.87729,30070000,1
1413782880000,1413782939000,0.87729,0.87729,0.87709,0.87717,32810000,1
1413782940000,1413782999000,0.87718,0.87718,0.87715,0.87717,17490000,1
1413783000000,1413783059000,0.87717,0.87732,0.8771,0.87732,56090000,1
1413783060000,1413783119000,0.87732,0.8774,0.87732,0.87737,52320000,1
1413783120000,1413783179000,0.87738,0.87743,0.87737,0.87741,27900000,1
1413783180000,1413783239000,0.8774,0.87746,0.8774,0.87742,39980000,1
1413783240000,1413783299000,0.87742,0.87745,0.87742,0.87743,22810000,1
1413783300000,1413783359000,0.87745,0.87746,0.87742,0.87743,16500000,1
1413783360000,1413783419000,0.87743,0.87745,0.87742,0.87744,14000000,1
1413783420000,1413783479000,0.87743,0.87743,0.87741,0.87742,33320000,1
1413783480000,1413783539000,0.87742,0.87742,0.8774,0.8774,9750000,1
1413783540000,1413783599000,0.8774,0.87743,0.8774,0.87743,12610000,1
1413783600000,1413783659000,0.87743,0.87743,0.87715,0.87721,36000000,1
1413783660000,1413783719000,0.87721,0.87721,0.87719,0.87721,9000000,1
1413783720000,1413783779000,0.87721,0.87722,0.87721,0.87721,14500000,1
1413783780000,1413783839000,0.87721,0.87721,0.87714,0.87717,27240000,1
1413783840000,1413783899000,0.87716,0.87716,0.87716,0.87716,19000000,1
1413783900000,1413783959000,0.87716,0.87716,0.877,0.877,21220000,1
1413783960000,1413784019000,0.877,0.87711,0.877,0.87711,10640000,1
1413784020000,1413784079000,0.8771,0.8771,0.87697,0.87697,11570000,1
1413784080000,1413784139000,0.87702,0.87702,0.877,0.87702,12000000,1
1413784140000,1413784199000,0.877,0.87714,0.877,0.87713,32600000,1
1413784200000,1413784259000,0.87713,0.87721,0.87712,0.87712,34820000,1
1413784260000,1413784319000,0.87714,0.87715,0.87714,0.87715,31840000,1
1413784320000,1413784379000,0.87715,0.87728,0.87713,0.87728,75490000,1
1413784380000,1413784439000,0.87728,0.87742,0.87726,0.8773,62740000,1
1413784440000,1413784499000,0.8773,0.8773,0.87721,0.87721,19000000,1
1413784500000,1413784559000,0.87721,0.87726,0.87717,0.87725,48080000,1
1413784560000,1413784619000,0.87725,0.87725,0.87718,0.87721,35300000,1
1413784620000,1413784679000,0.87719,0.87721,0.87711,0.87721,86930000,1
1413784680000,1413784739000,0.87717,0.87722,0.87717,0.87721,39630000,1
1413784740000,1413784799000,0.87722,0.87737,0.87721,0.87737,45170000,1
1413784800000,1413784859000,0.87737,0.87751,0.87737,0.87747,55190000,1
1413784860000,1413784919000,0.87747,0.87749,0.87747,0.87749,23940000,1
1413784920000,1413784979000,0.87749,0.87751,0.87744,0.87751,32460000,1
1413784980000,1413785039000,0.87748,0.87749,0.87744,0.87749,32190000,1
1413785040000,1413785099000,0.87749,0.87749,0.87745,0.87746,20610000,1
1413785100000,1413785159000,0.87748,0.87748,0.87728,0.87731,41560000,1
1413785160000,1413785219000,0.87727,0.87729,0.87727,0.87727,16870000,1
1413785220000,1413785279000,0.87728,0.87728,0.87716,0.87716,22820000,1
1413785280000,1413785339000,0.87716,0.87717,0.87711,0.87712,32000000,1
1413785340000,1413785399000,0.87712,0.87712,0.87698,0.87698,30570000,1
1413785400000,1413785459000,0.87698,0.87698,0.87667,0.87667,46750000,1
1413785460000,1413785519000,0.87663,0.87663,0.87612,0.87622,97580000,1
1413785520000,1413785579000,0.87622,0.87629,0.87593,0.87593,59750000,1
1413785580000,1413785639000,0.87583,0.87588,0.87554,0.87559,94220000,1
1413785640000,1413785699000,0.87559,0.87571,0.87555,0.87571,61840000,1
1413785700000,1413785759000,0.8757,0.87582,0.87568,0.87582,53390000,1
1413785760000,1413785819000,0.87582,0.87601,0.87581,0.87601,42490000,1
1413785820000,1413785879000,0.87601,0.87611,0.87601,0.87609,27970000,1
1413785880000,1413785939000,0.87609,0.87609,0.87591,0.87591,26970000,1
1413785940000,1413785999000,0.87591,0.87593,0.87583,0.87593,44320000,1
1413786000000,1413786059000,0.87591,0.87591,0.87581,0.87581,34700000,1
1413786060000,1413786119000,0.87581,0.87581,0.87558,0.87566,61880000,1
1413786120000,1413786179000,0.87567,0.87569,0.87563,0.87565,19820000,1
1413786180000,1413786239000,0.87565,0.87581,0.87562,0.87581,49110000,1
1413786240000,1413786299000,0.87582,0.87599,0.87571,0.87571,42890000,1
1413786300000,1413786359000,0.87572,0.87611,0.87572,0.87602,88440000,1
1413786360000,1413786419000,0.87602,0.87619,0.87602,0.87619,37130000,1
1413786420000,1413786479000,0.87619,0.87637,0.87619,0.87632,34850000,1
1413786480000,1413786539000,0.87632,0.87632,0.87612,0.87621,58810000,1
1413786540000,1413786599000,0.87621,0.87642,0.8762,0.87642,27420000,1
1413786600000,1413786659000,0.87642,0.87651,0.87642,0.87651,38090000,1
1413786660000,1413786719000,0.87648,0.87649,0.87607,0.87609,116470000,1
1413786720000,1413786779000,0.87609,0.87623,0.87609,0.8762,57570000,1
1413786780000,1413786839000,0.87618,0.87618,0.87582,0.87583,61490000,1
1413786840000,1413786899000,0.87583,0.87615,0.87579,0.87603,94400000,1
1413786900000,1413786959000,0.87601,0.87621,0.87598,0.8762,68840000,1
1413786960000,1413787019000,0.8762,0.87621,0.87611,0.87621,18460000,1
1413787020000,1413787079000,0.87618,0.87625,0.87618,0.87622,32550000,1
1413787080000,1413787139000,0.87622,0.87628,0.87593,0.87593,60920000,1
1413787140000,1413787199000,0.87591,0.87591,0.87577,0.87578,62680000,1
1413787200000,1413787259000,0.8758,0.87582,0.87564,0.8757,103150000,1
1413787260000,1413787319000,0.8757,0.8757,0.8756,0.8756,75930000,1
1413787320000,1413787379000,0.8756,0.87568,0.8756,0.87567,88450000,1
1413787380000,1413787439000,0.87565,0.8757,0.87563,0.87565,74950000,1
1413787440000,1413787499000,0.87565,0.87568,0.87563,0.87567,61600000,1
1413787500000,1413787559000,0.87567,0.87575,0.87563,0.87574,44900000,1
1413787560000,1413787619000,0.87573,0.87591,0.87571,0.8759,29750000,1
1413787620000,1413787679000,0.87591,0.87597,0.8759,0.8759,27090000,1
1413787680000,1413787739000,0.8759,0.87591,0.87569,0.8757,72260000,1
1413787740000,1413787799000,0.87573,0.87577,0.87567,0.87567,54850000,1
1413787800000,1413787859000,0.87567,0.87567,0.87522,0.87532,75480000,1
1413787860000,1413787919000,0.87531,0.87541,0.87528,0.87541,63690000,1
1413787920000,1413787979000,0.87541,0.87541,0.87524,0.87527,37820000,1
1413787980000,1413788039000,0.87527,0.87527,0.87494,0.87505,124900000,1
1413788040000,1413788099000,0.87505,0.87505,0.8749,0.87494,66210000,1
1413788100000,1413788159000,0.87497,0.8751,0.87493,0.87501,107550000,1
1413788160000,1413788219000,0.87499,0.87531,0.87499,0.87524,77450000,1
1413788220000,1413788279000,0.87524,0.87524,0.8751,0.87515,70850000,1
1413788280000,1413788339000,0.87515,0.87575,0.87515,0.87562,168040000,1
1413788340000,1413788399000,0.87562,0.87584,0.87562,0.87583,64060000,1
1413788400000,1413788459000,0.87581,0.87581,0.8756,0.8756,84280000,1
1413788460000,1413788519000,0.8756,0.8756,0.87552,0.87557,72130000,1
1413788520000,1413788579000,0.87557,0.87557,0.87538,0.87544,78880000,1
1413788580000,1413788639000,0.87544,0.87547,0.87534,0.87541,80670000,1
1413788640000,1413788699000,0.87541,0.87548,0.87541,0.87545,56280000,1
1413788700000,1413788759000,0.87545,0.87564,0.87545,0.87558,128550000,1
1413788760000,1413788819000,0.87562,0.87585,0.87562,0.8757,114900000,1
1413788820000,1413788879000,0.87569,0.87584,0.87567,0.8758,91670000,1
1413788880000,1413788939000,0.8758,0.87592,0.87578,0.87581,67990000,1
1413788940000,1413788999000,0.87581,0.8759,0.87577,0.8759,58660000,1
1413789000000,1413789059000,0.8759,0.87591,0.87572,0.87582,81920000,1
1413789060000,1413789119000,0.8758,0.8758,0.87541,0.87544,59560000,1
1413789120000,1413789179000,0.87544,0.8756,0.87532,0.87549,107530000,1
1413789180000,1413789239000,0.87545,0.87551,0.87532,0.87543,103050000,1
1413789240000,1413789299000,0.87543,0.87543,0.8753,0.8753,39440000,1
1413789300000,1413789359000,0.87529,0.87548,0.87522,0.87522,78270000,1
1413789360000,1413789419000,0.87521,0.87533,0.87511,0.87532,92730000,1
1413789420000,1413789479000,0.87532,0.87532,0.87522,0.87528,43560000,1
1413789480000,1413789539000,0.87531,0.87553,0.87528,0.87552,94870000,1
1413789540000,1413789599000,0.87551,0.87569,0.87551,0.87568,87850000,1
1413789600000,1413789659000,0.8757,0.87581,0.8757,0.8758,36140000,1
1413789660000,1413789719000,0.8758,0.87592,0.8758,0.87592,37200000,1
1413789720000,1413789779000,0.87592,0.87593,0.87571,0.87571,73230000,1
1413789780000,1413789839000,0.87571,0.87591,0.87571,0.87583,106560000,1
1413789840000,1413789899000,0.87583,0.87622,0.8758,0.8759,112740000,1
1413789900000,1413789959000,0.8759,0.87602,0.87572,0.87581,59560000,1
1413789960000,1413790019000,0.87582,0.876,0.87582,0.87591,46080000,1
1413790020000,1413790079000,0.87591,0.87591,0.87572,0.87572,37170000,1
1413790080000,1413790139000,0.87572,0.8758,0.87572,0.8758,35370000,1
1413790140000,1413790199000,0.87579,0.87602,0.87567,0.87602,89520000,1
1413790200000,1413790259000,0.87602,0.87602,0.87586,0.87591,37000000,1
1413790260000,1413790319000,0.87591,0.87592,0.87572,0.87572,55180000,1
1413790320000,1413790379000,0.87572,0.87591,0.87558,0.87591,79360000,1
1413790380000,1413790439000,0.87591,0.87603,0.8759,0.87591,50790000,1
1413790440000,1413790499000,0.87593,0.87612,0.87593,0.87607,80100000,1
1413790500000,1413790559000,0.87606,0.87612,0.87602,0.87602,35240000,1
1413790560000,1413790619000,0.87602,0.87608,0.87598,0.87601,57190000,1
1413790620000,1413790679000,0.87602,0.87626,0.87602,0.87624,52040000,1
1413790680000,1413790739000,0.87621,0.87661,0.87621,0.87642,122760000,1
1413790740000,1413790799000,0.87642,0.87642,0.87611,0.87621,78150000,1
1413790800000,1413790859000,0.87622,0.87625,0.87611,0.87621,60910000,1
1413790860000,1413790919000,0.87621,0.87621,0.87612,0.87612,65130000,1
1413790920000,1413790979000,0.87612,0.87622,0.87612,0.87622,34930000,1
1413790980000,1413791039000,0.87627,0.8763,0.87613,0.87613,86670000,1
1413791040000,1413791099000,0.87612,0.87622,0.876,0.876,32980000,1
1413791100000,1413791159000,0.876,0.87628,0.876,0.87628,114850000,1
1413791160000,1413791219000,0.87628,0.8764,0.87628,0.87639,73330000,1
1413791220000,1413791279000,0.87637,0.87641,0.87632,0.8764,57880000,1
1413791280000,1413791339000,0.8764,0.8764,0.87622,0.8763,70650000,1
1413791340000,1413791399000,0.8763,0.87651,0.87622,0.87622,114640000,1
1413791400000,1413791459000,0.87622,0.8763,0.87611,0.87614,73720000,1
1413791460000,1413791519000,0.87614,0.87614,0.87593,0.8761,58350000,1
1413791520000,1413791579000,0.8761,0.87642,0.8759,0.87619,141840000,1
1413791580000,1413791639000,0.87619,0.87632,0.87612,0.87622,65110000,1
1413791640000,1413791699000,0.87621,0.87631,0.8762,0.87622,21330000,1
1413791700000,1413791759000,0.87624,0.87637,0.87621,0.87623,32100000,1
1413791760000,1413791819000,0.87619,0.87632,0.876,0.87632,107440000,1
1413791820000,1413791879000,0.87632,0.8765,0.87622,0.8764,112610000,1
1413791880000,1413791939000,0.8764,0.87649,0.87632,0.87632,37660000,1
1413791940000,1413791999000,0.87629,0.87629,0.87601,0.87609,121190000,1
1413792000000,1413792059000,0.87607,0.87611,0.87602,0.87608,147650000,1
1413792060000,1413792119000,0.87609,0.87641,0.87609,0.87622,89410000,1
1413792120000,1413792179000,0.87622,0.87622,0.87601,0.87602,66600000,1
1413792180000,1413792239000,0.87602,0.8764,0.87602,0.87638,75670000,1
1413792240000,1413792299000,0.87635,0.8765,0.87627,0.87643,100860000,1
1413792300000,1413792359000,0.87643,0.87647,0.87601,0.87622,79770000,1
1413792360000,1413792419000,0.87624,0.87626,0.87611,0.87623,66810000,1
1413792420000,1413792479000,0.87622,0.87631,0.87621,0.87631,50460000,1
1413792480000,1413792539000,0.87631,0.87653,0.87631,0.87643,47880000,1
1413792540000,1413792599000,0.8764,0.87643,0.8762,0.87623,65640000,1
1413792600000,1413792659000,0.87623,0.87634,0.87622,0.87631,32180000,1
1413792660000,1413792719000,0.87631,0.8764,0.87631,0.87639,37310000,1
1413792720000,1413792779000,0.87639,0.87671,0.87639,0.87642,104250000,1
1413792780000,1413792839000,0.87642,0.87653,0.87632,0.87632,59510000,1
1413792840000,1413792899000,0.87632,0.87632,0.87613,0.87623,69020000,1
1413792900000,1413792959000,0.87623,0.87633,0.87611,0.87614,70500000,1
1413792960000,1413793019000,0.87612,0.87624,0.87604,0.87624,72040000,1
1413793020000,1413793079000,0.87624,0.87624,0.87611,0.87611,61270000,1
1413793080000,1413793139000,0.87611,0.87673,0.87611,0.87663,82240000,1
1413793140000,1413793199000,0.87663,0.87673,0.87653,0.87653,57050000,1
1413793200000,1413793259000,0.87653,0.87661,0.87642,0.87642,39630000,1
1413793260000,1413793319000,0.87642,0.87642,0.87631,0.87631,26000000,1
1413793320000,1413793379000,0.87631,0.87659,0.87629,0.87658,90780000,1
1413793380000,1413793439000,0.87659,0.87677,0.87657,0.87664,88570000,1
1413793440000,1413793499000,0.87663,0.87669,0.87661,0.87663,49560000,1
1413793500000,1413793559000,0.87662,0.87662,0.87641,0.87643,39370000,1
1413793560000,1413793619000,0.87643,0.87669,0.87643,0.87662,100200000,1
1413793620000,1413793679000,0.87662,0.87662,0.87648,0.87658,101240000,1
1413793680000,1413793739000,0.8766,0.87661,0.8765,0.87661,36500000,1
1413793740000,1413793799000,0.8766,0.87661,0.87642,0.87643,71870000,1
1413793800000,1413793859000,0.87643,0.87648,0.87641,0.87641,41160000,1
1413793860000,1413793919000,0.87641,0.87641,0.87624,0.87631,60950000,1
1413793920000,1413793979000,0.87631,0.87645,0.8763,0.87643,46130000,1
1413793980000,1413794039000,0.87644,0.87653,0.87632,0.87634,64910000,1
1413794040000,1413794099000,0.87636,0.87652,0.87636,0.87644,79070000,1
1413794100000,1413794159000,0.87644,0.87651,0.87643,0.87643,34020000,1
1413794160000,1413794219000,0.87643,0.87644,0.87612,0.87612,70840000,1
1413794220000,1413794279000,0.87612,0.87645,0.87612,0.87645,57330000,1
1413794280000,1413794339000,0.87644,0.87652,0.87636,0.8764,63970000,1
1413794340000,1413794399000,0.87641,0.87641,0.87634,0.87635,46100000,1
1413794400000,1413794459000,0.87634,0.87638,0.87613,0.87627,67180000,1
1413794460000,1413794519000,0.87627,0.87633,0.87627,0.87631,68010000,1
1413794520000,1413794579000,0.87631,0.87633,0.87626,0.87633,69800000,1
1413794580000,1413794639000,0.87633,0.87639,0.8763,0.87635,58070000,1
1413794640000,1413794699000,0.87634,0.87651,0.87631,0.87651,96280000,1
1413794700000,1413794759000,0.87651,0.87653,0.87642,0.87652,50050000,1
1413794760000,1413794819000,0.87653,0.87653,0.87643,0.87645,63750000,1
1413794820000,1413794879000,0.87645,0.87645,0.87637,0.87638,59660000,1
1413794880000,1413794939000,0.87638,0.87641,0.87637,0.8764,53530000,1
1413794940000,1413794999000,0.8764,0.87641,0.8764,0.8764,41200000,1
1413795000000,1413795059000,0.8764,0.8764,0.8763,0.87639,57620000,1
1413795060000,1413795119000,0.87638,0.87638,0.87604,0.8761,88550000,1
1413795120000,1413795179000,0.87608,0.87628,0.87608,0.87623,74440000,1
1413795180000,1413795239000,0.87625,0.87629,0.87609,0.87627,57890000,1
1413795240000,1413795299000,0.87627,0.87627,0.8761,0.87619,91570000,1
1413795300000,1413795359000,0.87619,0.8762,0.87608,0.87609,50520000,1
1413795360000,1413795419000,0.8761,0.87632,0.8761,0.87631,94460000,1
1413795420000,1413795479000,0.87631,0.87632,0.87607,0.87607,61670000,1
1413795480000,1413795539000,0.87608,0.87608,0.87592,0.87596,67260000,1
1413795540000,1413795599000,0.87596,0.87596,0.87574,0.87574,107400000,1
1413795600000,1413795659000,0.87574,0.87614,0.87572,0.87603,68800000,1
1413795660000,1413795719000,0.87606,0.87612,0.87599,0.8761,122290000,1
1413795720000,1413795779000,0.8761,0.8761,0.87594,0.87595,129530000,1
1413795780000,1413795839000,0.87595,0.87596,0.87591,0.87591,43020000,1
1413795840000,1413795899000,0.87591,0.87591,0.87581,0.87581,48380000,1
1413795900000,1413795959000,0.87581,0.876,0.87581,0.87599,50130000,1
1413795960000,1413796019000,0.87601,0.87612,0.87596,0.87602,54320000,1
1413796020000,1413796079000,0.87602,0.87602,0.8759,0.87594,60120000,1
1413796080000,1413796139000,0.87593,0.87602,0.87591,0.87601,20700000,1
1413796140000,1413796199000,0.87602,0.87611,0.87602,0.8761,11650000,1
1413796200000,1413796259000,0.8761,0.87611,0.876,0.876,31970000,1
1413796260000,1413796319000,0.87599,0.876,0.87599,0.87599,28440000,1
1413796320000,1413796379000,0.87599,0.87604,0.8759,0.87599,48050000,1
1413796380000,1413796439000,0.876,0.87609,0.87599,0.87608,46910000,1
1413796440000,1413796499000,0.87605,0.87607,0.8759,0.87601,41640000,1
1413796500000,1413796559000,0.876,0.87627,0.876,0.87626,57500000,1
1413796560000,1413796619000,0.87625,0.87633,0.87615,0.87632,56710000,1
1413796620000,1413796679000,0.87632,0.87641,0.87632,0.87641,21100000,1
1413796680000,1413796739000,0.87643,0.87674,0.87643,0.87674,44010000,1
1413796740000,1413796799000,0.87674,0.87684,0.87673,0.87684,34000000,1
1413796800000,1413796859000,0.87685,0.87703,0.87673,0.87685,43860000,1
1413796860000,1413796919000,0.87683,0.8769,0.87678,0.8769,27760000,1
1413796920000,1413796979000,0.8769,0.87712,0.8769,0.87709,118390000,1
1413796980000,1413797039000,0.87709,0.87709,0.87698,0.87699,86910000,1
1413797040000,1413797099000,0.877,0.87704,0.87693,0.87693,34740000,1
1413797100000,1413797159000,0.87693,0.87703,0.87692,0.87703,38260000,1
1413797160000,1413797219000,0.87703,0.87705,0.87681,0.87682,33410000,1
1413797220000,1413797279000,0.87681,0.87683,0.87681,0.87681,34460000,1
1413797280000,1413797339000,0.87681,0.87682,0.8766,0.87661,62900000,1
1413797340000,1413797399000,0.87663,0.87674,0.87657,0.87661,78410000,1
1413797400000,1413797459000,0.87665,0.87665,0.87652,0.87655,41410000,1
1413797460000,1413797519000,0.87656,0.8769,0.87656,0.87684,59020000,1
1413797520000,1413797579000,0.87684,0.87691,0.87684,0.87684,39400000,1
1413797580000,1413797639000,0.87684,0.87691,0.87682,0.87682,17140000,1
1413797640000,1413797699000,0.8768,0.87681,0.87671,0.87674,37240000,1
1413797700000,1413797759000,0.87677,0.87691,0.87675,0.87677,42900000,1
1413797760000,1413797819000,0.87677,0.87682,0.87676,0.87681,14390000,1
1413797820000,1413797879000,0.87684,0.87701,0.87683,0.8769,52220000,1
1413797880000,1413797939000,0.87689,0.87689,0.87672,0.87672,42660000,1
1413797940000,1413797999000,0.87672,0.87682,0.87672,0.87682,41540000,1
1413798000000,1413798059000,0.87682,0.87682,0.87671,0.87673,42740000,1
1413798060000,1413798119000,0.87673,0.87679,0.87673,0.87673,25380000,1
1413798120000,1413798179000,0.87673,0.87682,0.87673,0.87682,8850000,1
1413798180000,1413798239000,0.87681,0.87681,0.87673,0.87675,94490000,1
1413798240000,1413798299000,0.87675,0.87722,0.87672,0.87722,95920000,1
1413798300000,1413798359000,0.8772,0.87721,0.87682,0.87682,105530000,1
1413798360000,1413798419000,0.87682,0.87691,0.8768,0.8768,65820000,1
1413798420000,1413798479000,0.8768,0.8768,0.87671,0.87673,53080000,1
1413798480000,1413798539000,0.87673,0.8768,0.87673,0.87679,46880000,1
1413798540000,1413798599000,0.87678,0.87681,0.87672,0.87681,45000000,1
1413798600000,1413798659000,0.87681,0.87681,0.8767,0.8767,33480000,1
1413798660000,1413798719000,0.8767,0.87673,0.87663,0.87673,65690000,1
1413798720000,1413798779000,0.87673,0.87674,0.87672,0.87673,24030000,1
1413798780000,1413798839000,0.87673,0.87682,0.87673,0.87679,51950000,1
1413798840000,1413798899000,0.87679,0.8768,0.8767,0.87673,31660000,1
1413798900000,1413798959000,0.87674,0.87693,0.87673,0.87682,66330000,1
1413798960000,1413799019000,0.87682,0.87682,0.87673,0.87673,20500000,1
1413799020000,1413799079000,0.87673,0.87682,0.87673,0.87682,13280000,1
1413799080000,1413799139000,0.87682,0.87687,0.8768,0.8768,21960000,1
1413799140000,1413799199000,0.87684,0.87689,0.87671,0.87676,119720000,1
1413799200000,1413799259000,0.87675,0.87702,0.87674,0.87699,120570000,1
1413799260000,1413799319000,0.87699,0.87704,0.87695,0.87696,84110000,1
1413799320000,1413799379000,0.87695,0.877,0.87693,0.87695,30810000,1
1413799380000,1413799439000,0.87695,0.87724,0.87695,0.87724,35110000,1
1413799440000,1413799499000,0.87724,0.87733,0.8772,0.87731,75520000,1
1413799500000,1413799559000,0.87731,0.87744,0.87731,0.87742,85910000,1
1413799560000,1413799619000,0.87743,0.87743,0.87743,0.87743,31000000,1
1413799620000,1413799679000,0.87743,0.87753,0.8774,0.87744,60440000,1
1413799680000,1413799739000,0.87744,0.87744,0.87727,0.87727,58390000,1
1413799740000,1413799799000,0.87724,0.87736,0.8772,0.87732,70930000,1
1413799800000,1413799859000,0.87732,0.87741,0.87729,0.87739,49580000,1
1413799860000,1413799919000,0.87739,0.87772,0.87739,0.87762,90110000,1
1413799920000,1413799979000,0.87763,0.87763,0.8775,0.87762,39230000,1
1413799980000,1413800039000,0.87762,0.87768,0.87762,0.87767,9060000,1
1413800040000,1413800099000,0.87768,0.87775,0.87752,0.87774,50390000,1
1413800100000,1413800159000,0.87774,0.8778,0.87772,0.8778,47200000,1
1413800160000,1413800219000,0.87779,0.87783,0.87773,0.87777,31810000,1
1413800220000,1413800279000,0.87777,0.87778,0.87776,0.87777,15500000,1
1413800280000,1413800339000,0.87778,0.87778,0.87767,0.87774,52940000,1
1413800340000,1413800399000,0.87774,0.87791,0.87773,0.87791,33930000,1
1413800400000,1413800459000,0.87792,0.87806,0.87792,0.87793,56010000,1
1413800460000,1413800519000,0.87793,0.87804,0.87793,0.87794,59040000,1
1413800520000,1413800579000,0.87794,0.87801,0.87792,0.87801,23720000,1
1413800580000,1413800639000,0.87801,0.87807,0.87799,0.87805,41550000,1
1413800640000,1413800699000,0.87807,0.87816,0.87793,0.87814,61260000,1
1413800700000,1413800759000,0.87814,0.87825,0.8781,0.87814,53430000,1
1413800760000,1413800819000,0.87814,0.87814,0.87795,0.87795,22250000,1
1413800820000,1413800879000,0.87795,0.87796,0.87774,0.87774,37200000,1
1413800880000,1413800939000,0.87774,0.87782,0.87774,0.8778,28530000,1
1413800940000,1413800999000,0.8778,0.87783,0.87773,0.87773,30120000,1
1413801000000,1413801059000,0.87773,0.87781,0.87753,0.87755,80040000,1
1413801060000,1413801119000,0.87757,0.87761,0.87743,0.87743,41260000,1
1413801120000,1413801179000,0.8774,0.87741,0.8774,0.87741,9000000,1
1413801180000,1413801239000,0.87742,0.87742,0.8773,0.87731,16500000,1
1413801240000,1413801299000,0.8773,0.8773,0.87712,0.87712,38510000,1
1413801300000,1413801359000,0.87712,0.87712,0.8771,0.87711,25560000,1
1413801360000,1413801419000,0.8771,0.87711,0.87703,0.87703,42210000,1
1413801420000,1413801479000,0.87703,0.87733,0.87695,0.87733,77430000,1
1413801480000,1413801539000,0.87733,0.87745,0.87733,0.87733,44800000,1
1413801540000,1413801599000,0.87733,0.87733,0.87722,0.87729,34030000,1
1413801600000,1413801659000,0.87729,0.8773,0.87713,0.87713,39360000,1
1413801660000,1413801719000,0.87713,0.87721,0.87703,0.87721,44430000,1
1413801720000,1413801779000,0.87721,0.87723,0.87721,0.87722,10910000,1
1413801780000,1413801839000,0.87726,0.87743,0.87726,0.87734,36050000,1
1413801840000,1413801899000,0.87734,0.87734,0.8773,0.87731,22390000,1
1413801900000,1413801959000,0.8773,0.8773,0.87712,0.87713,21480000,1
1413801960000,1413802019000,0.87715,0.8772,0.87702,0.87702,37780000,1
1413802020000,1413802079000,0.87702,0.87702,0.87691,0.87691,36120000,1
1413802080000,1413802139000,0.87691,0.87694,0.87685,0.8769,89120000,1
1413802140000,1413802199000,0.87689,0.87702,0.87683,0.87697,84910000,1
1413802200000,1413802259000,0.87695,0.87695,0.87673,0.87674,65250000,1
1413802260000,1413802319000,0.87674,0.87674,0.87639,0.87654,95730000,1
1413802320000,1413802379000,0.87654,0.87654,0.87647,0.87654,18460000,1
1413802380000,1413802439000,0.87654,0.87654,0.87649,0.87652,18450000,1
1413802440000,1413802499000,0.87653,0.87653,0.87625,0.87629,63160000,1
1413802500000,1413802559000,0.87629,0.87652,0.87629,0.87634,93380000,1
1413802560000,1413802619000,0.87634,0.87651,0.87633,0.87651,55200000,1
1413802620000,1413802679000,0.8765,0.8765,0.87634,0.87634,63510000,1
1413802680000,1413802739000,0.87633,0.87633,0.87614,0.8762,104980000,1
1413802740000,1413802799000,0.8762,0.87621,0.87614,0.87619,99290000,1
1413802800000,1413802859000,0.87619,0.8762,0.87587,0.87591,71030000,1
1413802860000,1413802919000,0.87592,0.8763,0.87588,0.8763,107900000,1
1413802920000,1413802979000,0.8763,0.87633,0.8762,0.8762,52460000,1
1413802980000,1413803039000,0.87621,0.87623,0.87611,0.87611,41970000,1
1413803040000,1413803099000,0.87611,0.87629,0.87611,0.87628,67110000,1
1413803100000,1413803159000,0.87627,0.87631,0.87623,0.87631,83400000,1
1413803160000,1413803219000,0.87631,0.87645,0.87621,0.87622,80270000,1
1413803220000,1413803279000,0.87622,0.8763,0.87612,0.87613,66710000,1
1413803280000,1413803339000,0.87613,0.87642,0.87602,0.87611,114340000,1
1413803340000,1413803399000,0.87609,0.87609,0.87602,0.87604,41710000,1
1413803400000,1413803459000,0.87609,0.87614,0.87605,0.87614,28120000,1
1413803460000,1413803519000,0.87614,0.87636,0.87614,0.87634,32870000,1
1413803520000,1413803579000,0.87633,0.87657,0.87633,0.87653,66050000,1
1413803580000,1413803639000,0.87652,0.87656,0.87644,0.87644,33310000,1
1413803640000,1413803699000,0.87644,0.87648,0.87629,0.87632,33170000,1
1413803700000,1413803759000,0.87632,0.87635,0.87618,0.87621,53650000,1
1413803760000,1413803819000,0.87621,0.87627,0.87603,0.87603,46560000,1
1413803820000,1413803879000,0.87603,0.87603,0.87592,0.876,32790000,1
1413803880000,1413803939000,0.876,0.876,0.87593,0.87593,39800000,1
1413803940000,1413803999000,0.87593,0.876,0.87593,0.876,110830000,1
1413804000000,1413804059000,0.876,0.87633,0.876,0.87603,98570000,1
1413804060000,1413804119000,0.87604,0.87612,0.87603,0.87603,50580000,1
1413804120000,1413804179000,0.87603,0.87613,0.876,0.87613,29690000,1
1413804180000,1413804239000,0.87613,0.87633,0.87613,0.87633,12250000,1
1413804240000,1413804299000,0.87632,0.87634,0.87619,0.87621,19720000,1
1413804300000,1413804359000,0.87621,0.8765,0.87621,0.8765,38150000,1
1413804360000,1413804419000,0.87648,0.87653,0.87646,0.87653,18600000,1
1413804420000,1413804479000,0.87652,0.87652,0.87641,0.87641,14020000,1
1413804480000,1413804539000,0.8764,0.87644,0.8764,0.87643,21170000,1
1413804540000,1413804599000,0.87643,0.87644,0.87634,0.87642,28040000,1
1413804600000,1413804659000,0.87642,0.87644,0.87641,0.87642,13210000,1
1413804660000,1413804719000,0.87642,0.87652,0.87642,0.87652,6070000,1
1413804720000,1413804779000,0.87652,0.87652,0.87641,0.87643,25420000,1
1413804780000,1413804839000,0.87642,0.87644,0.8764,0.8764,15350000,1
1413804840000,1413804899000,0.87639,0.87651,0.87639,0.87651,36520000,1
1413804900000,1413804959000,0.87651,0.87663,0.87651,0.87661,58840000,1
1413804960000,1413805019000,0.8766,0.87661,0.87651,0.87652,51360000,1
1413805020000,1413805079000,0.87652,0.87652,0.87639,0.8764,49230000,1
1413805080000,1413805139000,0.8764,0.87659,0.8764,0.87659,46370000,1
1413805140000,1413805199000,0.87657,0.87657,0.87644,0.87645,35350000,1
1413805200000,1413805259000,0.87645,0.87647,0.87642,0.87645,44070000,1
1413805260000,1413805319000,0.87643,0.87645,0.87639,0.87642,58890000,1
1413805320000,1413805379000,0.87641,0.87651,0.87638,0.87651,26520000,1
1413805380000,1413805439000,0.87651,0.87653,0.87647,0.87651,17000000,1
1413805440000,1413805499000,0.87651,0.87651,0.87635,0.87635,14000000,1
1413805500000,1413805559000,0.87635,0.87642,0.87634,0.8764,47980000,1
1413805560000,1413805619000,0.87642,0.87652,0.8764,0.87652,41590000,1
1413805620000,1413805679000,0.87652,0.87653,0.87643,0.8765,60410000,1
1413805680000,1413805739000,0.8765,0.87652,0.8765,0.87652,24570000,1
1413805740000,1413805799000,0.87652,0.8766,0.87652,0.87657,51730000,1
1413805800000,1413805859000,0.87658,0.87661,0.87656,0.8766,48160000,1
1413805860000,1413805919000,0.8766,0.87668,0.87653,0.87653,73990000,1
1413805920000,1413805979000,0.87652,0.87652,0.87651,0.87652,3170000,1
1413805980000,1413806039000,0.87653,0.87653,0.87643,0.87651,31470000,1
1413806040000,1413806099000,0.87651,0.8766,0.87651,0.87652,22030000,1
1413806100000,1413806159000,0.87653,0.87656,0.87642,0.87642,25220000,1
1413806160000,1413806219000,0.87641,0.87643,0.8764,0.87643,12250000,1
1413806220000,1413806279000,0.87643,0.87643,0.8763,0.87632,23500000,1
1413806280000,1413806339000,0.87632,0.87634,0.87632,0.87634,29500000,1
1413806340000,1413806399000,0.87634,0.87641,0.87632,0.87638,21500000,1
1413806400000,1413806459000,0.87638,0.87645,0.87637,0.87644,50470000,1
1413806460000,1413806519000,0.87645,0.87651,0.87645,0.87651,23800000,1
1413806520000,1413806579000,0.8765,0.87651,0.8765,0.87651,2000000,1
1413806580000,1413806639000,0.87651,0.87669,0.87651,0.87668,60100000,1
1413806640000,1413806699000,0.87668,0.8767,0.87668,0.87669,24430000,1
1413806700000,1413806759000,0.87671,0.87679,0.8767,0.87678,31700000,1
1413806760000,1413806819000,0.87678,0.87685,0.87671,0.87683,93800000,1
1413806820000,1413806879000,0.87685,0.87687,0.87681,0.87684,43310000,1
1413806880000,1413806939000,0.87684,0.87692,0.8768,0.87692,52290000,1
1413806940000,1413806999000,0.8769,0.87693,0.87688,0.87693,38110000,1
1413807000000,1413807059000,0.87693,0.87714,0.87693,0.87704,67190000,1
1413807060000,1413807119000,0.87703,0.87714,0.8769,0.87714,69610000,1
1413807120000,1413807179000,0.87714,0.87722,0.87705,0.87722,67490000,1
1413807180000,1413807239000,0.87722,0.87729,0.87714,0.87717,43200000,1
1413807240000,1413807299000,0.87717,0.87733,0.87715,0.87731,79060000,1
1413807300000,1413807359000,0.87729,0.87755,0.87725,0.87733,74020000,1
1413807360000,1413807419000,0.87734,0.87742,0.87725,0.87733,92620000,1
1413807420000,1413807479000,0.87733,0.87753,0.87726,0.87752,106960000,1
1413807480000,1413807539000,0.8775,0.87752,0.87743,0.87743,61050000,1
1413807540000,1413807599000,0.87743,0.87779,0.87743,0.87776,87040000,1
1413807600000,1413807659000,0.87773,0.87773,0.87763,0.87763,59740000,1
1413807660000,1413807719000,0.87763,0.87771,0.87763,0.87767,52290000,1
1413807720000,1413807779000,0.87767,0.87783,0.87765,0.87775,81230000,1
1413807780000,1413807839000,0.87775,0.87789,0.87775,0.87787,39390000,1
1413807840000,1413807899000,0.87786,0.87786,0.87782,0.87782,19860000,1
1413807900000,1413807959000,0.87781,0.87781,0.87771,0.87773,23120000,1
1413807960000,1413808019000,0.87771,0.87772,0.87759,0.87772,78840000,1
1413808020000,1413808079000,0.87778,0.87782,0.87771,0.87772,45140000,1
1413808080000,1413808139000,0.87772,0.87777,0.87771,0.87773,25060000,1
1413808140000,1413808199000,0.87774,0.87774,0.87764,0.87764,10820000,1
1413808200000,1413808259000,0.87764,0.87773,0.87754,0.87771,67290000,1
1413808260000,1413808319000,0.87771,0.87773,0.87754,0.87754,30710000,1
1413808320000,1413808379000,0.87755,0.87762,0.87742,0.87762,41110000,1
1413808380000,1413808439000,0.87762,0.87762,0.87747,0.8775,54490000,1
1413808440000,1413808499000,0.87751,0.87751,0.87742,0.87742,29990000,1
1413808500000,1413808559000,0.87743,0.87744,0.8773,0.87742,70690000,1
1413808560000,1413808619000,0.8774,0.87802,0.8774,0.87793,77370000,1
1413808620000,1413808679000,0.87793,0.87805,0.87793,0.87802,35470000,1
1413808680000,1413808739000,0.87802,0.87802,0.87773,0.87773,31200000,1
1413808740000,1413808799000,0.87773,0.87783,0.87762,0.87783,25330000,1
1413808800000,1413808859000,0.87783,0.87783,0.87772,0.87772,42250000,1
1413808860000,1413808919000,0.87772,0.87783,0.87772,0.87783,19200000,1
1413808920000,1413808979000,0.87781,0.87783,0.87754,0.87762,44060000,1
1413808980000,1413809039000,0.87762,0.87762,0.8776,0.87761,6000000,1
1413809040000,1413809099000,0.87759,0.87759,0.87753,0.87753,48010000,1
1413809100000,1413809159000,0.87753,0.87758,0.87753,0.87758,15660000,1
1413809160000,1413809219000,0.87758,0.8776,0.87756,0.87757,35600000,1
1413809220000,1413809279000,0.87758,0.87783,0.87757,0.87783,38160000,1
1413809280000,1413809339000,0.87781,0.87781,0.87772,0.87781,22730000,1
1413809340000,1413809399000,0.87781,0.87781,0.87772,0.87772,11940000,1
1413809400000,1413809459000,0.87773,0.8779,0.8777,0.8777,37220000,1
1413809460000,1413809519000,0.87774,0.87781,0.87773,0.87773,25950000,1
1413809520000,1413809579000,0.87773,0.87774,0.87762,0.87763,26130000,1
1413809580000,1413809639000,0.87763,0.87773,0.87763,0.87771,34840000,1
1413809640000,1413809699000,0.87772,0.87772,0.87749,0.87752,47750000,1
1413809700000,1413809759000,0.87753,0.87753,0.87742,0.87742,33750000,1
1413809760000,1413809819000,0.87742,0.87745,0.8772,0.87732,72160000,1
1413809820000,1413809879000,0.87733,0.87738,0.8773,0.87735,44360000,1
1413809880000,1413809939000,0.87735,0.87764,0.87735,0.87755,35960000,1
1413809940000,1413809999000,0.87755,0.87755,0.87743,0.87743,31500000,1
1413810000000,1413810059000,0.87744,0.87753,0.87732,0.87742,71720000,1
1413810060000,1413810119000,0.87742,0.87749,0.87733,0.87736,64260000,1
1413810120000,1413810179000,0.87736,0.87737,0.87712,0.87719,80490000,1
1413810180000,1413810239000,0.87719,0.87743,0.87708,0.87743,104590000,1
1413810240000,1413810299000,0.87744,0.87767,0.87744,0.87764,72860000,1
1413810300000,1413810359000,0.87764,0.87777,0.87749,0.87766,76490000,1
1413810360000,1413810419000,0.87765,0.87767,0.87742,0.87753,44290000,1
1413810420000,1413810479000,0.87752,0.87752,0.87721,0.87721,56050000,1
1413810480000,1413810539000,0.87721,0.8775,0.87716,0.87748,63640000,1
1413810540000,1413810599000,0.87748,0.87761,0.87748,0.87755,34070000,1
1413810600000,1413810659000,0.87755,0.87755,0.87739,0.87739,41060000,1
1413810660000,1413810719000,0.8774,0.8774,0.87723,0.8773,64040000,1
1413810720000,1413810779000,0.87731,0.87763,0.8773,0.87763,76220000,1
1413810780000,1413810839000,0.87763,0.87797,0.87763,0.87785,101640000,1
1413810840000,1413810899000,0.87783,0.87784,0.87754,0.87781,79860000,1
1413810900000,1413810959000,0.87783,0.87814,0.87778,0.87814,86800000,1
1413810960000,1413811019000,0.87814,0.87823,0.878,0.87807,168000000,1
1413811020000,1413811079000,0.87807,0.87816,0.878,0.8781,101870000,1
1413811080000,1413811139000,0.87811,0.87814,0.8779,0.87793,117420000,1
1413811140000,1413811199000,0.87793,0.87847,0.8779,0.87847,132110000,1
1413811200000,1413811259000,0.87843,0.87853,0.87836,0.87844,104810000,1
1413811260000,1413811319000,0.87844,0.87847,0.87814,0.87833,95500000,1
1413811320000,1413811379000,0.87833,0.87833,0.8776,0.87762,121460000,1
1413811380000,1413811439000,0.8776,0.8777,0.87734,0.87742,139400000,1
1413811440000,1413811499000,0.87742,0.87761,0.87733,0.8776,131940000,1
1413811500000,1413811559000,0.8776,0.87772,0.87754,0.87762,70860000,1
1413811560000,1413811619000,0.87762,0.87767,0.87745,0.87763,97400000,1
1413811620000,1413811679000,0.87766,0.87789,0.87765,0.87781,50090000,1
1413811680000,1413811739000,0.87782,0.8779,0.87774,0.87789,75880000,1
1413811740000,1413811799000,0.87789,0.8779,0.87773,0.87773,30970000,1
1413811800000,1413811859000,0.87775,0.8779,0.87772,0.87782,61790000,1
1413811860000,1413811919000,0.87784,0.87823,0.87776,0.87778,120650000,1
1413811920000,1413811979000,0.8778,0.8778,0.87742,0.87772,130370000,1
1413811980000,1413812039000,0.87771,0.87794,0.87767,0.87794,68070000,1
1413812040000,1413812099000,0.87794,0.87811,0.87792,0.87792,96540000,1
1413812100000,1413812159000,0.87792,0.87805,0.87791,0.87805,58200000,1
1413812160000,1413812219000,0.87803,0.87809,0.87794,0.878,80590000,1
1413812220000,1413812279000,0.878,0.87809,0.87788,0.87791,108890000,1
1413812280000,1413812339000,0.87792,0.8781,0.87791,0.87799,102860000,1
1413812340000,1413812399000,0.878,0.87801,0.87791,0.87792,97000000,1
1413812400000,1413812459000,0.87791,0.87847,0.8779,0.87844,115280000,1
1413812460000,1413812519000,0.87844,0.87844,0.87822,0.8783,93940000,1
1413812520000,1413812579000,0.8783,0.87838,0.87828,0.8783,34140000,1
1413812580000,1413812639000,0.8783,0.87851,0.87827,0.8785,84020000,1
1413812640000,1413812699000,0.8785,0.8785,0.8784,0.8784,103600000,1
1413812700000,1413812759000,0.8784,0.87841,0.87815,0.8782,96640000,1
1413812760000,1413812819000,0.87818,0.87824,0.87812,0.87824,70360000,1
1413812820000,1413812879000,0.87822,0.87822,0.87801,0.87801,46440000,1
1413812880000,1413812939000,0.87801,0.87801,0.87794,0.878,54850000,1
1413812940000,1413812999000,0.87801,0.87832,0.87799,0.87832,62160000,1
1413813000000,1413813059000,0.8783,0.87843,0.87823,0.87833,94240000,1
1413813060000,1413813119000,0.87836,0.87856,0.87833,0.87853,83220000,1
1413813120000,1413813179000,0.87853,0.87858,0.87829,0.87831,55810000,1
1413813180000,1413813239000,0.87829,0.87829,0.87797,0.87797,45650000,1
1413813240000,1413813299000,0.87798,0.87808,0.87797,0.87803,65940000,1
1413813300000,1413813359000,0.87805,0.87805,0.87796,0.87796,92180000,1
1413813360000,1413813419000,0.87796,0.87812,0.87778,0.87811,108890000,1
1413813420000,1413813479000,0.87812,0.87813,0.87788,0.87812,95910000,1
1413813480000,1413813539000,0.87814,0.87814,0.87807,0.87812,17810000,1
1413813540000,1413813599000,0.87813,0.87823,0.87813,0.87821,68070000,1
1413813600000,1413813659000,0.8782,0.87843,0.8782,0.87842,67310000,1
1413813660000,1413813719000,0.87842,0.87843,0.87832,0.87835,88310000,1
1413813720000,1413813779000,0.87833,0.8786,0.87832,0.87858,88520000,1
1413813780000,1413813839000,0.87857,0.87888,0.87857,0.87882,99610000,1
1413813840000,1413813899000,0.87882,0.87932,0.87882,0.87927,184190000,1
1413813900000,1413813959000,0.87926,0.87937,0.87924,0.87927,77010000,1
1413813960000,1413814019000,0.8793,0.87948,0.87928,0.87934,102350000,1
1413814020000,1413814079000,0.87932,0.87932,0.87924,0.87924,21000000,1
1413814080000,1413814139000,0.87924,0.8797,0.87901,0.87952,112300000,1
1413814140000,1413814199000,0.87952,0.87961,0.8793,0.87951,115520000,1
1413814200000,1413814259000,0.87951,0.87976,0.87942,0.8797,70680000,1
1413814260000,1413814319000,0.8797,0.87977,0.8795,0.8795,84460000,1
1413814320000,1413814379000,0.87948,0.87948,0.87932,0.87935,66060000,1
1413814380000,1413814439000,0.87935,0.87938,0.87924,0.87934,60020000,1
1413814440000,1413814499000,0.87935,0.87935,0.87914,0.87914,50500000,1
1413814500000,1413814559000,0.87913,0.87913,0.87891,0.87901,63810000,1
1413814560000,1413814619000,0.879,0.87902,0.87893,0.87898,66080000,1
1413814620000,1413814679000,0.87898,0.87933,0.87897,0.87917,94050000,1
1413814680000,1413814739000,0.87916,0.87924,0.87892,0.87918,91350000,1
1413814740000,1413814799000,0.87918,0.8792,0.87893,0.87902,110030000,1
1413814800000,1413814859000,0.87903,0.87921,0.87903,0.87914,88640000,1
1413814860000,1413814919000,0.87914,0.87929,0.87914,0.87928,76690000,1
1413814920000,1413814979000,0.8793,0.87948,0.87925,0.87948,77460000,1
1413814980000,1413815039000,0.87948,0.87948,0.87921,0.87921,50320000,1
1413815040000,1413815099000,0.87921,0.87943,0.87917,0.87943,72240000,1
1413815100000,1413815159000,0.87942,0.87943,0.87912,0.87913,89080000,1
1413815160000,1413815219000,0.87913,0.8792,0.87904,0.87907,53540000,1
1413815220000,1413815279000,0.87907,0.87908,0.87902,0.87908,61970000,1
1413815280000,1413815339000,0.87908,0.8791,0.87903,0.87903,28380000,1
1413815340000,1413815399000,0.87903,0.87911,0.87903,0.87911,41370000,1
1413815400000,1413815459000,0.87911,0.87913,0.87909,0.87913,17190000,1
1413815460000,1413815519000,0.87913,0.87913,0.87907,0.8791,11870000,1
1413815520000,1413815579000,0.8791,0.87941,0.87905,0.87932,55450000,1
1413815580000,1413815639000,0.87934,0.87948,0.87934,0.87947,54440000,1
1413815640000,1413815699000,0.87945,0.87945,0.87925,0.87925,61440000,1
1413815700000,1413815759000,0.87921,0.87932,0.87918,0.87921,59450000,1
1413815760000,1413815819000,0.87921,0.87921,0.87899,0.87901,65620000,1
1413815820000,1413815879000,0.87901,0.87911,0.87901,0.8791,59940000,1
1413815880000,1413815939000,0.87911,0.87913,0.87907,0.8791,62020000,1
1413815940000,1413815999000,0.87911,0.87911,0.87904,0.87904,46160000,1
1413816000000,1413816059000,0.87904,0.87911,0.87904,0.8791,68410000,1
1413816060000,1413816119000,0.87909,0.87909,0.87901,0.87901,36850000,1
1413816120000,1413816179000,0.87904,0.87905,0.87902,0.87902,39500000,1
1413816180000,1413816239000,0.87902,0.87902,0.87884,0.87884,41870000,1
1413816240000,1413816299000,0.87884,0.87888,0.87881,0.87883,47700000,1
1413816300000,1413816359000,0.87884,0.87889,0.87882,0.87889,96260000,1
1413816360000,1413816419000,0.87889,0.87903,0.87889,0.87894,53200000,1
1413816420000,1413816479000,0.87894,0.879,0.87893,0.87893,41400000,1
1413816480000,1413816539000,0.87893,0.87895,0.87887,0.87887,44690000,1
1413816540000,1413816599000,0.87887,0.87887,0.8787,0.8787,42380000,1
1413816600000,1413816659000,0.8787,0.87874,0.8784,0.87841,86100000,1
1413816660000,1413816719000,0.8784,0.87852,0.8784,0.87852,40630000,1
1413816720000,1413816779000,0.87851,0.87866,0.87851,0.87851,62740000,1
1413816780000,1413816839000,0.87851,0.87851,0.87843,0.87843,65180000,1
1413816840000,1413816899000,0.87843,0.87845,0.8783,0.8783,42350000,1
1413816900000,1413816959000,0.8783,0.87838,0.87823,0.87838,51140000,1
1413816960000,1413817019000,0.87838,0.87869,0.87838,0.87863,63560000,1
1413817020000,1413817079000,0.87863,0.87863,0.87857,0.87863,58650000,1
1413817080000,1413817139000,0.87859,0.87863,0.87854,0.87854,73910000,1
1413817140000,1413817199000,0.87854,0.87857,0.87825,0.87831,142720000,1
1413817200000,1413817259000,0.87832,0.87834,0.87826,0.87828,116660000,1
1413817260000,1413817319000,0.87828,0.87829,0.87822,0.87822,83130000,1
1413817320000,1413817379000,0.87823,0.87841,0.87812,0.87841,78570000,1
1413817380000,1413817439000,0.87841,0.87841,0.87812,0.87819,108640000,1
1413817440000,1413817499000,0.87819,0.87825,0.87797,0.87799,88330000,1
1413817500000,1413817559000,0.87799,0.87817,0.8779,0.878,123280000,1
1413817560000,1413817619000,0.878,0.87801,0.87784,0.878,68960000,1
1413817620000,1413817679000,0.878,0.87817,0.878,0.87811,72780000,1
1413817680000,1413817739000,0.87811,0.87816,0.8781,0.87813,44910000,1
1413817740000,1413817799000,0.87813,0.87821,0.87813,0.87817,65720000,1
1413817800000,1413817859000,0.8782,0.87827,0.87818,0.87823,38250000,1
1413817860000,1413817919000,0.87824,0.87825,0.87803,0.87809,37920000,1
1413817920000,1413817979000,0.8781,0.87813,0.8781,0.87811,22850000,1
1413817980000,1413818039000,0.87812,0.87817,0.87811,0.87812,64880000,1
1413818040000,1413818099000,0.87812,0.87814,0.8781,0.87813,28300000,1
1413818100000,1413818159000,0.87813,0.87813,0.87812,0.87813,11750000,1
1413818160000,1413818219000,0.87813,0.87817,0.878,0.878,35860000,1
1413818220000,1413818279000,0.878,0.87803,0.8778,0.87792,63190000,1
1413818280000,1413818339000,0.87792,0.87794,0.8779,0.87793,40060000,1
1413818340000,1413818399000,0.87793,0.87794,0.87792,0.87793,11500000,1
1413818400000,1413818459000,0.87792,0.87806,0.87792,0.87805,34790000,1
1413818460000,1413818519000,0.87805,0.87808,0.87802,0.87808,23870000,1
1413818520000,1413818579000,0.87809,0.87809,0.87803,0.87805,36070000,1
1413818580000,1413818639000,0.87805,0.8781,0.87802,0.87808,33630000,1
1413818640000,1413818699000,0.87808,0.87811,0.87808,0.87811,36870000,1
1413818700000,1413818759000,0.8781,0.87819,0.87807,0.87818,49820000,1
1413818760000,1413818819000,0.87818,0.87821,0.87807,0.8781,53450000,1
1413818820000,1413818879000,0.8781,0.8781,0.8779,0.87796,77270000,1
1413818880000,1413818939000,0.87798,0.87806,0.87798,0.87803,51340000,1
1413818940000,1413818999000,0.87803,0.87814,0.87801,0.8781,88620000,1
1413819000000,1413819059000,0.8781,0.87813,0.87809,0.87811,51980000,1
1413819060000,1413819119000,0.87812,0.87812,0.8781,0.87812,35820000,1
1413819120000,1413819179000,0.87812,0.8782,0.87812,0.87813,78230000,1
1413819180000,1413819239000,0.87813,0.87831,0.87813,0.87829,35940000,1
1413819240000,1413819299000,0.87828,0.87832,0.87828,0.87831,35860000,1
1413819300000,1413819359000,0.87832,0.87832,0.87816,0.8782,49510000,1
1413819360000,1413819419000,0.87818,0.8782,0.87818,0.8782,7340000,1
1413819420000,1413819479000,0.8782,0.87821,0.8782,0.8782,7010000,1
1413819480000,1413819539000,0.8782,0.8782,0.87809,0.87814,74400000,1
1413819540000,1413819599000,0.87812,0.87812,0.87796,0.87796,62250000,1
1413819600000,1413819659000,0.87796,0.87823,0.87796,0.87819,79430000,1
1413819660000,1413819719000,0.8782,0.87821,0.87816,0.8782,28770000,1
1413819720000,1413819779000,0.87821,0.87821,0.87818,0.87819,27970000,1
1413819780000,1413819839000,0.87822,0.87832,0.87802,0.87809,59660000,1
1413819840000,1413819899000,0.87808,0.87812,0.87806,0.8781,22850000,1
1413819900000,1413819959000,0.8781,0.87819,0.87806,0.87814,31120000,1
1413819960000,1413820019000,0.87813,0.87818,0.87807,0.8781,35100000,1
1413820020000,1413820079000,0.8781,0.87812,0.87802,0.87812,32620000,1
1413820080000,1413820139000,0.87809,0.87812,0.87809,0.87811,14240000,1
1413820140000,1413820199000,0.87814,0.87825,0.87814,0.87823,19920000,1
1413820200000,1413820259000,0.87823,0.87823,0.87811,0.87811,22250000,1
1413820260000,1413820319000,0.87814,0.87817,0.87806,0.87809,23090000,1
1413820320000,1413820379000,0.87809,0.87817,0.87809,0.87817,40700000,1
1413820380000,1413820439000,0.87817,0.8782,0.87817,0.87817,31290000,1
1413820440000,1413820499000,0.87817,0.87821,0.87812,0.87821,36570000,1
1413820500000,1413820559000,0.87821,0.87827,0.87821,0.87825,52340000,1
1413820560000,1413820619000,0.87826,0.87831,0.87826,0.87828,48680000,1
1413820620000,1413820679000,0.87828,0.87832,0.87828,0.87832,60780000,1
1413820680000,1413820739000,0.87831,0.87841,0.87831,0.87841,35510000,1
1413820740000,1413820799000,0.87841,0.87849,0.87841,0.87846,18750000,1
1413820800000,1413820859000,0.87846,0.87853,0.87846,0.87853,16380000,1
1413820860000,1413820919000,0.87854,0.87867,0.87854,0.87861,27510000,1
1413820920000,1413820979000,0.87859,0.87859,0.87842,0.8785,41070000,1
1413820980000,1413821039000,0.8785,0.87853,0.87849,0.87853,7070000,1
1413821040000,1413821099000,0.87854,0.87872,0.87854,0.87871,23910000,1
1413821100000,1413821159000,0.87872,0.87872,0.87859,0.87862,45160000,1
1413821160000,1413821219000,0.87863,0.87867,0.87859,0.87862,35600000,1
1413821220000,1413821279000,0.87863,0.87863,0.87853,0.87861,38480000,1
1413821280000,1413821339000,0.87861,0.87861,0.87853,0.87853,28320000,1
1413821340000,1413821399000,0.87854,0.87858,0.87852,0.87858,19350000,1
1413821400000,1413821459000,0.87858,0.87869,0.87858,0.87869,31360000,1
1413821460000,1413821519000,0.87868,0.87871,0.87864,0.8787,26440000,1
1413821520000,1413821579000,0.87869,0.87872,0.87869,0.87872,16660000,1
1413821580000,1413821639000,0.87871,0.87871,0.87863,0.87868,38200000,1
1413821640000,1413821699000,0.87867,0.87868,0.87863,0.87866,38020000,1
1413821700000,1413821759000,0.87866,0.8787,0.87864,0.87868,35070000,1
1413821760000,1413821819000,0.87867,0.87867,0.87861,0.87862,12500000,1
1413821820000,1413821879000,0.8786,0.87864,0.87858,0.87861,26480000,1
1413821880000,1413821939000,0.87861,0.87861,0.87841,0.87841,39760000,1
1413821940000,1413821999000,0.87841,0.8785,0.87841,0.8785,9120000,1
1413822000000,1413822059000,0.8785,0.8785,0.87849,0.87849,2000000,1
1413822060000,1413822119000,0.87849,0.87852,0.87849,0.87852,30320000,1
1413822120000,1413822179000,0.8785,0.87852,0.87841,0.87841,30000000,1
1413822180000,1413822239000,0.87841,0.87841,0.87837,0.87841,16000000,1
1413822240000,1413822299000,0.8784,0.8784,0.87832,0.87832,15500000,1
1413822300000,1413822359000,0.8783,0.87831,0.87827,0.8783,21830000,1
1413822360000,1413822419000,0.8783,0.8783,0.87822,0.87822,12000000,1
1413822420000,1413822479000,0.87822,0.87822,0.87821,0.87821,12500000,1
1413822480000,1413822539000,0.87821,0.87821,0.87821,0.87821,26000000,1
1413822540000,1413822599000,0.87822,0.87822,0.87821,0.87821,4500000,1
1413822600000,1413822659000,0.87821,0.87834,0.8782,0.8782,35050000,1
1413822660000,1413822719000,0.87826,0.87826,0.87799,0.878,44340000,1
1413822720000,1413822779000,0.878,0.87818,0.878,0.87818,38850000,1
1413822780000,1413822839000,0.87818,0.87831,0.87818,0.87827,29040000,1
1413822840000,1413822899000,0.87826,0.87826,0.87823,0.87823,9600000,1
1413822900000,1413822959000,0.87824,0.87825,0.87823,0.87823,15000000,1
1413822960000,1413823019000,0.87823,0.87824,0.87822,0.87822,6000000,1
1413823020000,1413823079000,0.87823,0.87823,0.87817,0.8782,26700000,1
1413823080000,1413823139000,0.87821,0.87822,0.87821,0.87821,6250000,1
1413823140000,1413823199000,0.87821,0.87839,0.87818,0.87839,41540000,1
1413823200000,1413823259000,0.8784,0.87856,0.8784,0.87853,24620000,1
1413823260000,1413823319000,0.87852,0.87853,0.87844,0.87849,60860000,1
1413823320000,1413823379000,0.87849,0.8786,0.87849,0.8786,26130000,1
1413823380000,1413823439000,0.87857,0.87862,0.87857,0.87861,16070000,1
1413823440000,1413823499000,0.87861,0.87872,0.87859,0.87862,46720000,1
1413823500000,1413823559000,0.87861,0.87871,0.87861,0.87863,41070000,1
1413823560000,1413823619000,0.87861,0.87863,0.87861,0.87861,10500000,1
1413823620000,1413823679000,0.87861,0.87871,0.8786,0.8786,37230000,1
1413823680000,1413823739000,0.8786,0.87862,0.87859,0.8786,19970000,1
1413823740000,1413823799000,0.8786,0.8787,0.8786,0.87863,46030000,1
1413823800000,1413823859000,0.87866,0.87867,0.87858,0.87858,21500000,1
1413823860000,1413823919000,0.8786,0.87869,0.87859,0.87865,41690000,1
1413823920000,1413823979000,0.87865,0.87892,0.8786,0.87881,68240000,1
1413823980000,1413824039000,0.87879,0.87932,0.87879,0.87932,67670000,1
1413824040000,1413824099000,0.87932,0.87934,0.87922,0.8793,33070000,1
1413824100000,1413824159000,0.8793,0.87932,0.87922,0.87923,26100000,1
1413824160000,1413824219000,0.87923,0.87939,0.87922,0.87939,37190000,1
1413824220000,1413824279000,0.87938,0.87942,0.8793,0.8793,46980000,1
1413824280000,1413824339000,0.8793,0.8793,0.87898,0.87898,52930000,1
1413824340000,1413824399000,0.87898,0.879,0.87872,0.87872,64430000,1
1413824400000,1413824459000,0.87874,0.87885,0.87872,0.87879,45570000,1
1413824460000,1413824519000,0.87877,0.8791,0.87877,0.87907,122670000,1
1413824520000,1413824579000,0.87907,0.87922,0.87891,0.87896,77120000,1
1413824580000,1413824639000,0.87895,0.87896,0.87875,0.87887,90410000,1
1413824640000,1413824699000,0.87887,0.87908,0.87887,0.87902,51820000,1
1413824700000,1413824759000,0.87904,0.87905,0.87897,0.87898,15950000,1
1413824760000,1413824819000,0.87898,0.87902,0.87894,0.879,36520000,1
1413824820000,1413824879000,0.87902,0.87902,0.879,0.87901,17000000,1
1413824880000,1413824939000,0.87901,0.87901,0.87887,0.87892,28510000,1
1413824940000,1413824999000,0.87893,0.87898,0.87893,0.87898,6000000,1
1413825000000,1413825059000,0.87899,0.879,0.8788,0.87881,41030000,1
1413825060000,1413825119000,0.87878,0.87882,0.87878,0.87878,15100000,1
1413825120000,1413825179000,0.87878,0.87881,0.87867,0.87868,33330000,1
1413825180000,1413825239000,0.87868,0.87871,0.87867,0.8787,25300000,1
1413825240000,1413825299000,0.87871,0.87893,0.87871,0.87893,20800000,1
1413825300000,1413825359000,0.87894,0.87903,0.87894,0.879,9320000,1
1413825360000,1413825419000,0.87901,0.87919,0.87901,0.87917,32070000,1
1413825420000,1413825479000,0.87918,0.87921,0.87918,0.8792,8000000,1
1413825480000,1413825539000,0.87921,0.87925,0.87921,0.87925,6000000,1
1413825540000,1413825599000,0.87925,0.8793,0.87923,0.87928,19100000,1
1413825600000,1413825659000,0.87926,0.87927,0.87925,0.87925,13600000,1
1413825660000,1413825719000,0.87927,0.87936,0.87925,0.87932,24430000,1
1413825720000,1413825779000,0.87932,0.87936,0.87932,0.87932,34370000,1
1413825780000,1413825839000,0.87932,0.87935,0.8793,0.8793,17420000,1
1413825840000,1413825899000,0.8793,0.8793,0.87922,0.87922,7000000,1
1413825900000,1413825959000,0.87921,0.87921,0.87921,0.87921,18000000,1
1413825960000,1413826019000,0.87921,0.87928,0.87921,0.87928,31820000,1
1413826020000,1413826079000,0.8793,0.8793,0.87925,0.87925,19070000,1
1413826080000,1413826139000,0.87925,0.87928,0.87913,0.87913,33040000,1
1413826140000,1413826199000,0.87912,0.87912,0.87901,0.87901,16000000,1
1413826200000,1413826259000,0.87901,0.87901,0.87897,0.879,33210000,1
1413826260000,1413826319000,0.87899,0.87918,0.87895,0.87917,53790000,1
1413826320000,1413826379000,0.87917,0.87933,0.87917,0.8793,29640000,1
1413826380000,1413826439000,0.8793,0.87938,0.8793,0.87933,20580000,1
1413826440000,1413826499000,0.87933,0.8794,0.87933,0.87938,41640000,1
1413826500000,1413826559000,0.87938,0.87938,0.87931,0.87931,17000000,1
1413826560000,1413826619000,0.87931,0.87931,0.87928,0.8793,22500000,1
1413826620000,1413826679000,0.8793,0.87938,0.87927,0.87933,49320000,1
1413826680000,1413826739000,0.87933,0.87936,0.8793,0.87931,18200000,1
1413826740000,1413826799000,0.87931,0.87935,0.87931,0.87932,9500000,1
1413826800000,1413826859000,0.87934,0.87934,0.87919,0.87922,43030000,1
1413826860000,1413826919000,0.87919,0.87919,0.879,0.879,45880000,1
1413826920000,1413826979000,0.87903,0.87908,0.879,0.87903,36000000,1
1413826980000,1413827039000,0.87904,0.87904,0.87904,0.87904,7000000,1
1413827040000,1413827099000,0.87907,0.87919,0.87907,0.87912,43360000,1
1413827100000,1413827159000,0.87912,0.87915,0.87911,0.87911,12100000,1
1413827160000,1413827219000,0.87911,0.87918,0.87911,0.87913,20510000,1
1413827220000,1413827279000,0.87913,0.87922,0.87913,0.87913,20220000,1
1413827280000,1413827339000,0.87913,0.87915,0.87913,0.87913,15320000,1
1413827340000,1413827399000,0.87913,0.87913,0.87913,0.87913,18000000,1
1413827400000,1413827459000,0.87913,0.87915,0.87913,0.87913,17000000,1
1413827460000,1413827519000,0.87913,0.87914,0.87913,0.87913,10000000,1
1413827520000,1413827579000,0.87913,0.87914,0.87901,0.87907,32200000,1
1413827580000,1413827639000,0.87908,0.8791,0.87905,0.8791,21260000,1
1413827640000,1413827699000,0.87909,0.87921,0.87909,0.87911,28900000,1
1413827700000,1413827759000,0.8791,0.8792,0.87909,0.87914,23210000,1
1413827760000,1413827819000,0.87915,0.87917,0.87899,0.87899,20190000,1
1413827820000,1413827879000,0.87899,0.87899,0.87881,0.87881,13000000,1
1413827880000,1413827939000,0.8788,0.8788,0.87879,0.87879,4600000,1
1413827940000,1413827999000,0.87879,0.8788,0.87879,0.8788,2000000,1
1413828000000,1413828059000,0.87879,0.87887,0.87879,0.87882,14570000,1
1413828060000,1413828119000,0.87882,0.87892,0.87882,0.87892,17770000,1
1413828120000,1413828179000,0.87892,0.87911,0.87892,0.87909,41760000,1
1413828180000,1413828239000,0.87908,0.87908,0.87899,0.87901,36220000,1
1413828240000,1413828299000,0.879,0.879,0.87893,0.879,12500000,1
1413828300000,1413828359000,0.87903,0.87903,0.87901,0.87901,13000000,1
1413828360000,1413828419000,0.87901,0.87901,0.87901,0.87901,4000000,1
1413828420000,1413828479000,0.87902,0.87902,0.87892,0.87892,16500000,1
1413828480000,1413828539000,0.87891,0.87891,0.87882,0.87884,6750000,1
1413828540000,1413828599000,0.87883,0.87884,0.87882,0.87884,20000000,1
1413828600000,1413828659000,0.87884,0.87884,0.87872,0.87876,24950000,1
1413828660000,1413828719000,0.87876,0.87892,0.87876,0.87892,10770000,1
1413828720000,1413828779000,0.87895,0.87901,0.87892,0.87898,30220000,1
1413828780000,1413828839000,0.87898,0.87902,0.87898,0.87902,2570000,1
1413828840000,1413828899000,0.87901,0.87904,0.87893,0.87903,34820000,1
1413828900000,1413828959000,0.87903,0.87903,0.87885,0.87886,41470000,1
1413828960000,1413829019000,0.87886,0.87886,0.87882,0.87882,14290000,1
1413829020000,1413829079000,0.87883,0.87883,0.87883,0.87883,20410000,1
1413829080000,1413829139000,0.87883,0.87883,0.87882,0.87883,60080000,1
1413829140000,1413829199000,0.87883,0.87902,0.87882,0.87902,28100000,1
1413829200000,1413829259000,0.879,0.879,0.8789,0.87892,9390000,1
1413829260000,1413829319000,0.87892,0.879,0.87892,0.87892,20370000,1
1413829320000,1413829379000,0.87892,0.87898,0.87892,0.87893,25450000,1
1413829380000,1413829439000,0.87893,0.87901,0.87893,0.879,27810000,1
1413829440000,1413829499000,0.879,0.879,0.87893,0.87893,7500000,1
1413829500000,1413829559000,0.87893,0.87893,0.87887,0.87887,5370000,1
1413829560000,1413829619000,0.87887,0.87892,0.87883,0.87892,12970000,1
1413829620000,1413829679000,0.87892,0.87894,0.8789,0.8789,11420000,1
1413829680000,1413829739000,0.87893,0.87912,0.87893,0.87907,26520000,1
1413829740000,1413829799000,0.87907,0.87918,0.87907,0.87918,26780000,1
1413829800000,1413829859000,0.87918,0.87922,0.87916,0.87922,11170000,1
1413829860000,1413829919000,0.87924,0.87935,0.87924,0.87931,27370000,1
1413829920000,1413829979000,0.87932,0.87932,0.8793,0.8793,3500000,1
1413829980000,1413830039000,0.87932,0.87932,0.87932,0.87932,1000000,1
1413830040000,1413830099000,0.8793,0.8793,0.8792,0.87924,41280000,1
1413830100000,1413830159000,0.87922,0.87924,0.8792,0.87923,41140000,1
1413830160000,1413830219000,0.87923,0.87924,0.8792,0.87924,24850000,1
1413830220000,1413830279000,0.87924,0.87924,0.8792,0.87923,32500000,1
1413830280000,1413830339000,0.87923,0.87928,0.87923,0.87924,71860000,1
1413830340000,1413830399000,0.87924,0.87924,0.87907,0.87911,58930000,1
1413830400000,1413830459000,0.87911,0.8792,0.87905,0.87905,24620000,1
1413830460000,1413830519000,0.87906,0.87911,0.87906,0.87911,8470000,1
1413830520000,1413830579000,0.87909,0.87912,0.87905,0.87912,19550000,1
1413830580000,1413830639000,0.87912,0.87912,0.87902,0.87908,30790000,1
1413830640000,1413830699000,0.87908,0.87908,0.87905,0.87908,18670000,1
1413830700000,1413830759000,0.87908,0.87912,0.87908,0.8791,4070000,1
1413830760000,1413830819000,0.87909,0.87909,0.87904,0.87909,15380000,1
1413830820000,1413830879000,0.87908,0.87909,0.87908,0.87909,9280000,1
1413830880000,1413830939000,0.87908,0.87909,0.87908,0.87909,4780000,1
1413830940000,1413830999000,0.87908,0.87909,0.87908,0.87908,17090000,1
1413831000000,1413831059000,0.87908,0.87909,0.87908,0.87909,9390000,1
1413831060000,1413831119000,0.87911,0.87911,0.8791,0.87911,3500000,1
1413831120000,1413831179000,0.87912,0.87912,0.87909,0.87909,6750000,1
1413831180000,1413831239000,0.87909,0.87909,0.87909,0.87909,7250000,1
1413831240000,1413831299000,0.8791,0.8791,0.87907,0.87908,23480000,1
1413831300000,1413831359000,0.87908,0.87908,0.87902,0.87903,42760000,1
1413831360000,1413831419000,0.87903,0.87907,0.87903,0.87904,36900000,1
1413831420000,1413831479000,0.87904,0.87906,0.87903,0.87906,18500000,1
1413831480000,1413831539000,0.87906,0.87908,0.87906,0.87908,14360000,1
1413831540000,1413831599000,0.87909,0.8791,0.87903,0.87906,59550000,1
1413831600000,1413831659000,0.87907,0.8791,0.87907,0.8791,27600000,1
1413831660000,1413831719000,0.8791,0.87911,0.87901,0.87903,31340000,1
1413831720000,1413831779000,0.87903,0.87926,0.87901,0.87921,56350000,1
1413831780000,1413831839000,0.87924,0.87924,0.87918,0.87922,48250000,1
1413831840000,1413831899000,0.87922,0.87926,0.87922,0.87922,31340000,1
1413831900000,1413831959000,0.87922,0.87924,0.87922,0.87923,34500000,1
1413831960000,1413832019000,0.87924,0.87929,0.87922,0.87922,79120000,1
1413832020000,1413832079000,0.87922,0.87925,0.87922,0.87923,30000000,1
1413832080000,1413832139000,0.87923,0.87974,0.87923,0.87974,73660000,1
1413832140000,1413832199000,0.87974,0.87981,0.87969,0.8798,28500000,1
1413832200000,1413832259000,0.87978,0.87981,0.87977,0.87978,69770000,1
1413832260000,1413832319000,0.87978,0.87985,0.87974,0.8798,68970000,1
1413832320000,1413832379000,0.8798,0.87981,0.87972,0.87974,25520000,1
1413832380000,1413832439000,0.87974,0.8798,0.87972,0.87972,31720000,1
1413832440000,1413832499000,0.87969,0.87969,0.87958,0.87967,38640000,1
1413832500000,1413832559000,0.87967,0.87971,0.87967,0.87967,43210000,1
1413832560000,1413832619000,0.87968,0.8797,0.87964,0.87964,27730000,1
1413832620000,1413832679000,0.87964,0.87964,0.87959,0.87959,39900000,1
1413832680000,1413832739000,0.8796,0.8796,0.87959,0.8796,8290000,1
1413832740000,1413832799000,0.87959,0.87959,0.87958,0.87958,8300000,1
1413832800000,1413832859000,0.87958,0.87958,0.87952,0.87952,15000000,1
1413832860000,1413832919000,0.87952,0.87952,0.8795,0.8795,17250000,1
1413832920000,1413832979000,0.8795,0.87962,0.8795,0.87961,16730000,1
1413832980000,1413833039000,0.87961,0.87961,0.87958,0.87959,17500000,1
1413833040000,1413833099000,0.87958,0.87959,0.87954,0.87957,11500000,1
1413833100000,1413833159000,0.87957,0.87964,0.87953,0.87962,28590000,1
1413833160000,1413833219000,0.87964,0.87972,0.87961,0.87972,22540000,1
1413833220000,1413833279000,0.87971,0.87971,0.87971,0.87971,7530000,1
1413833280000,1413833339000,0.87971,0.87991,0.87971,0.87987,51930000,1
1413833340000,1413833399000,0.87987,0.88008,0.87987,0.87997,43950000,1
1413833400000,1413833459000,0.87995,0.87995,0.87988,0.87988,12500000,1
1413833460000,1413833519000,0.87988,0.87991,0.87988,0.87991,5740000,1
1413833520000,1413833579000,0.87991,0.88002,0.87987,0.87999,52830000,1
1413833580000,1413833639000,0.87999,0.88,0.87977,0.87997,63530000,1
1413833640000,1413833699000,0.87998,0.88014,0.87997,0.88003,33060000,1
1413833700000,1413833759000,0.88005,0.8801,0.88005,0.88007,31490000,1
1413833760000,1413833819000,0.88008,0.88011,0.88005,0.88005,21240000,1
1413833820000,1413833879000,0.88004,0.88004,0.88001,0.88002,13810000,1
1413833880000,1413833939000,0.88001,0.88006,0.88001,0.88006,13950000,1
1413833940000,1413833999000,0.88007,0.88007,0.88001,0.88001,37480000,1
1413834000000,1413834059000,0.88001,0.88001,0.87992,0.87992,28810000,1
1413834060000,1413834119000,0.8799,0.8799,0.87973,0.8798,38310000,1
1413834120000,1413834179000,0.8798,0.87987,0.87978,0.8798,20740000,1
1413834240000,1413834299000,0.87981,0.87989,0.87979,0.87989,36230000,1
1413834300000,1413834359000,0.87987,0.8799,0.87983,0.87989,13360000,1
1413834360000,1413834419000,0.87989,0.87989,0.87978,0.87981,20740000,1
1413834420000,1413834479000,0.87984,0.87993,0.87984,0.87993,22390000,1
1413834480000,1413834539000,0.87993,0.87993,0.87983,0.87983,11500000,1
1413834540000,1413834599000,0.87983,0.87991,0.8798,0.87987,23740000,1
1413834600000,1413834659000,0.87987,0.87993,0.87984,0.87984,24550000,1
1413834660000,1413834719000,0.87982,0.87982,0.87962,0.87968,62600000,1
1413834720000,1413834779000,0.87968,0.87973,0.87966,0.87967,30120000,1
1413834780000,1413834839000,0.87967,0.87968,0.87961,0.87961,17570000,1
1413834840000,1413834899000,0.87961,0.87961,0.87939,0.87941,74180000,1
1413834900000,1413834959000,0.87941,0.87947,0.87931,0.87931,57160000,1
1413834960000,1413835019000,0.87931,0.87943,0.87927,0.87943,30310000,1
1413835020000,1413835079000,0.8794,0.87947,0.87939,0.87943,38340000,1
1413835080000,1413835139000,0.87943,0.87946,0.87942,0.87946,21480000,1
1413835140000,1413835199000,0.87945,0.8795,0.87945,0.87949,13670000,1
1413835200000,1413835259000,0.87949,0.87949,0.87937,0.87945,40120000,1
1413835260000,1413835319000,0.87944,0.87952,0.8794,0.87952,30800000,1
1413835320000,1413835379000,0.87952,0.87956,0.87951,0.87956,12500000,1
1413835380000,1413835439000,0.87957,0.8796,0.8793,0.87931,44780000,1
1413835440000,1413835499000,0.87931,0.87931,0.87913,0.87913,30010000,1
1413835500000,1413835559000,0.87915,0.87923,0.87912,0.87918,63190000,1
1413835560000,1413835619000,0.87917,0.87917,0.879,0.87909,31770000,1
1413835620000,1413835679000,0.87909,0.87909,0.87889,0.87893,25470000,1
1413835680000,1413835739000,0.87894,0.879,0.87894,0.879,10670000,1
1413835740000,1413835799000,0.879,0.87905,0.87899,0.87899,21750000,1
1413835800000,1413835859000,0.879,0.87906,0.87896,0.87906,28820000,1
1413835860000,1413835919000,0.87906,0.87908,0.879,0.87905,26400000,1
1413835920000,1413835979000,0.87905,0.87905,0.879,0.87904,17570000,1
1413835980000,1413836039000,0.87903,0.87907,0.87892,0.87892,35960000,1
1413836040000,1413836099000,0.87887,0.87888,0.87879,0.87888,27900000,1
1413836100000,1413836159000,0.8789,0.87893,0.87888,0.87893,11870000,1
1413836160000,1413836219000,0.87893,0.87901,0.87893,0.87901,8490000,1
1413836220000,1413836279000,0.87902,0.87908,0.87902,0.87908,13020000,1
1413836280000,1413836339000,0.87908,0.87908,0.87904,0.87906,20190000,1
1413836340000,1413836399000,0.87909,0.87909,0.87899,0.87899,15010000,1
1413836400000,1413836459000,0.87901,0.87904,0.879,0.87901,18370000,1
1413836460000,1413836519000,0.87901,0.87904,0.87901,0.87904,10210000,1
1413836520000,1413836579000,0.87904,0.87904,0.87904,0.87904,3000000,1
1413836580000,1413836639000,0.87905,0.87905,0.87892,0.87892,14590000,1
1413836640000,1413836699000,0.87892,0.87896,0.87892,0.87895,7000000,1
1413836700000,1413836759000,0.87894,0.87894,0.8789,0.8789,13040000,1
1413836760000,1413836819000,0.8789,0.8789,0.87888,0.87888,28650000,1
1413836820000,1413836879000,0.87888,0.87888,0.87885,0.87885,8830000,1
1413836880000,1413836939000,0.87885,0.87887,0.87885,0.87885,22020000,1
1413836940000,1413836999000,0.87884,0.87888,0.87877,0.87877,41320000,1
1413837000000,1413837059000,0.87878,0.87885,0.87843,0.8785,90280000,1
1413837060000,1413837119000,0.87852,0.87859,0.8784,0.87845,65850000,1
1413837120000,1413837179000,0.87845,0.87851,0.87841,0.87848,30750000,1
1413837180000,1413837239000,0.87848,0.87852,0.87839,0.87842,39160000,1
1413837240000,1413837299000,0.87846,0.87846,0.8784,0.8784,20550000,1
1413837300000,1413837359000,0.87839,0.87843,0.87835,0.87841,34420000,1
1413837420000,1413837479000,0.87841,0.87852,0.87841,0.87843,42620000,1
1413837480000,1413837539000,0.87844,0.87846,0.87844,0.87845,26240000,1
1413837540000,1413837599000,0.87844,0.87874,0.87844,0.87874,71730000,1
1413837600000,1413837659000,0.87874,0.87903,0.87874,0.87897,66690000,1
1413837660000,1413837719000,0.87895,0.87904,0.87892,0.87896,52700000,1
1413837720000,1413837779000,0.87896,0.87899,0.87854,0.87855,110620000,1
1413837780000,1413837839000,0.87855,0.87861,0.87835,0.87839,106250000,1
1413837840000,1413837899000,0.87836,0.87856,0.87836,0.87846,110470000,1
1413837900000,1413837959000,0.87846,0.8786,0.87846,0.87849,83710000,1
1413837960000,1413838019000,0.87849,0.87863,0.87849,0.87863,42240000,1
1413838020000,1413838079000,0.87863,0.87874,0.87863,0.87871,61570000,1
1413838080000,1413838139000,0.87871,0.87871,0.87862,0.87868,40000000,1
1413838140000,1413838199000,0.87868,0.87883,0.87861,0.87881,59120000,1
1413838200000,1413838259000,0.87882,0.87882,0.87864,0.87864,79220000,1
1413838260000,1413838319000,0.87867,0.87871,0.87862,0.87868,42170000,1
1413838320000,1413838379000,0.87868,0.87869,0.87864,0.87864,5500000,1
1413838380000,1413838439000,0.87866,0.87867,0.87861,0.87862,29000000,1
1413838440000,1413838499000,0.87862,0.87864,0.87835,0.87844,53080000,1
1413838500000,1413838559000,0.87847,0.87857,0.87844,0.87857,73500000,1
1413838560000,1413838619000,0.87857,0.87857,0.87848,0.87851,18500000,1
1413838620000,1413838679000,0.87851,0.87852,0.87844,0.87844,41900000,1
1413838680000,1413838739000,0.87844,0.87847,0.87825,0.87825,36220000,1
1413838740000,1413838799000,0.87825,0.87828,0.87815,0.87815,24230000,1
1413838800000,1413838859000,0.87813,0.87828,0.87813,0.87828,2000000,1
1413838860000,1413838919000,0.87829,0.87857,0.87828,0.87834,3170000,1
1413838920000,1413838979000,0.87843,0.87847,0.87832,0.87832,2350000,1
1413838980000,1413839039000,0.87848,0.87866,0.87829,0.87837,5200000,1
1413839040000,1413839099000,0.87837,0.87837,0.87827,0.87831,5090000,1
1413839100000,1413839159000,0.87832,0.87841,0.87827,0.87841,17600000,1
1413839160000,1413839219000,0.87842,0.87842,0.87841,0.87842,3000000,1
1413839220000,1413839279000,0.87841,0.87841,0.87841,0.87841,1000000,1
1413839280000,1413839339000,0.87847,0.87861,0.87847,0.87858,23380000,1
1413839340000,1413839399000,0.87858,0.87858,0.87835,0.87843,22170000,1
1413839400000,1413839459000,0.87834,0.87839,0.87834,0.87836,23210000,1
1413839460000,1413839519000,0.87844,0.87849,0.87842,0.87848,18790000,1
1413839520000,1413839579000,0.87849,0.87855,0.87849,0.87855,9000000,1
1413839580000,1413839639000,0.87861,0.87863,0.87854,0.8786,22000000,1
1413839640000,1413839699000,0.87864,0.87869,0.87857,0.87857,17500000,1
1413839700000,1413839759000,0.87858,0.87858,0.87858,0.87858,1000000,1
1413839760000,1413839819000,0.87854,0.87854,0.87849,0.87849,2500000,1
1413839820000,1413839879000,0.87849,0.87869,0.87849,0.87867,17040000,1
1413839880000,1413839939000,0.87866,0.87866,0.87862,0.87862,7500000,1
1413839940000,1413839999000,0.87864,0.87864,0.87859,0.87859,7000000,1
1413840000000,1413840059000,0.87859,0.87859,0.87859,0.87859,7000000,1
1413840060000,1413840119000,0.87859,0.8786,0.87859,0.8786,27000000,1
1413840120000,1413840179000,0.8786,0.87864,0.87859,0.8786,22000000,1
1413840180000,1413840239000,0.87863,0.87866,0.87859,0.87859,22510000,1
1413840240000,1413840299000,0.8786,0.8786,0.8786,0.8786,1000000,1
1413840300000,1413840359000,0.87859,0.87861,0.87859,0.87861,3500000,1
1413840360000,1413840419000,0.87861,0.87862,0.87859,0.87859,18000000,1
1413840420000,1413840479000,0.8786,0.8786,0.87858,0.8786,6000000,1
1413840480000,1413840539000,0.8786,0.87868,0.87855,0.87861,34790000,1
1413840540000,1413840599000,0.87857,0.87866,0.87855,0.87857,17220000,1
1413840600000,1413840659000,0.87855,0.87855,0.87842,0.87842,24880000,1
1413840660000,1413840719000,0.87844,0.87844,0.8784,0.8784,9220000,1
1413840720000,1413840779000,0.87844,0.87856,0.87838,0.87844,63200000,1
1413840780000,1413840839000,0.87844,0.87873,0.87842,0.87863,74140000,1
1413840840000,1413840899000,0.87861,0.87865,0.87855,0.87862,44040000,1
1413840900000,1413840959000,0.87862,0.87865,0.8783,0.87837,48030000,1
1413840960000,1413841019000,0.87837,0.87838,0.87834,0.87837,17240000,1
1413841020000,1413841079000,0.87837,0.87838,0.87837,0.87838,6750000,1
1413841080000,1413841139000,0.87838,0.87838,0.87837,0.87837,6670000,1
1413841140000,1413841199000,0.87837,0.87838,0.87837,0.87838,16320000,1
1413841200000,1413841259000,0.87838,0.87838,0.87823,0.87835,32720000,1
1413841260000,1413841319000,0.87836,0.87838,0.87808,0.87819,50780000,1
1413841320000,1413841379000,0.87823,0.87823,0.87815,0.87818,18410000,1
1413841380000,1413841439000,0.87818,0.87827,0.87818,0.87824,11000000,1
1413841440000,1413841499000,0.87823,0.87823,0.87823,0.87823,5000000,1
1413841500000,1413841559000,0.87824,0.87842,0.87823,0.87842,21670000,1
1413841560000,1413841619000,0.87841,0.87862,0.87841,0.87857,35960000,1
1413841620000,1413841679000,0.87856,0.87858,0.87837,0.87849,38670000,1
1413841680000,1413841739000,0.87849,0.87858,0.87849,0.87855,31240000,1
1413841740000,1413841799000,0.87855,0.8786,0.87844,0.87844,29240000,1
1413841800000,1413841859000,0.87844,0.87855,0.87842,0.87849,22500000,1
1413841860000,1413841919000,0.8785,0.87852,0.87829,0.87836,42460000,1
1413841920000,1413841979000,0.87835,0.87841,0.8783,0.87838,17190000,1
1413841980000,1413842039000,0.87837,0.87838,0.87829,0.87831,25170000,1
1413842040000,1413842099000,0.87829,0.87831,0.8782,0.8782,18860000,1
1413842100000,1413842159000,0.87822,0.87833,0.87822,0.87833,4150000,1
1413842160000,1413842219000,0.87831,0.87838,0.87831,0.87838,5000000,1
1413842220000,1413842279000,0.87836,0.87836,0.87835,0.87836,6500000,1
1413842280000,1413842339000,0.87835,0.8784,0.87807,0.87807,46840000,1
1413842340000,1413842399000,0.87807,0.87812,0.87794,0.87796,32890000,1
1413842400000,1413842459000,0.87796,0.87822,0.87795,0.87813,72220000,1
1413842460000,1413842519000,0.87814,0.8782,0.87809,0.87818,27550000,1
1413842520000,1413842579000,0.87819,0.87836,0.87819,0.87836,28110000,1
1413842580000,1413842639000,0.87829,0.87836,0.87822,0.87829,20430000,1
1413842640000,1413842699000,0.87829,0.87829,0.87821,0.87822,40100000,1
1413842700000,1413842759000,0.87822,0.87824,0.87816,0.87821,28500000,1
1413842760000,1413842819000,0.87821,0.87824,0.87816,0.87817,62770000,1
1413842820000,1413842879000,0.87818,0.87819,0.87813,0.87818,61640000,1
1413842880000,1413842939000,0.87818,0.8783,0.87815,0.8783,67240000,1
1413842940000,1413842999000,0.8783,0.87842,0.87825,0.87842,75730000,1
1413843000000,1413843059000,0.87841,0.87853,0.87841,0.8785,49020000,1
1413843060000,1413843119000,0.8785,0.8785,0.87849,0.8785,6870000,1
1413843120000,1413843179000,0.87849,0.87853,0.87849,0.87852,8500000,1
1413843180000,1413843239000,0.87853,0.87853,0.87848,0.87848,13000000,1
1413843240000,1413843299000,0.87848,0.87852,0.87848,0.8785,13500000,1
1413843300000,1413843359000,0.87851,0.87852,0.87846,0.87852,12500000,1
1413843360000,1413843419000,0.87852,0.87856,0.87851,0.87852,26750000,1
1413843420000,1413843479000,0.87852,0.87853,0.8785,0.87852,10410000,1
1413843480000,1413843539000,0.8785,0.87858,0.8785,0.87858,22290000,1
1413843540000,1413843599000,0.87858,0.87879,0.87858,0.87879,35500000,1
1413843600000,1413843659000,0.87879,0.87881,0.87875,0.87881,16370000,1
1413843660000,1413843719000,0.8788,0.87886,0.8788,0.87886,11000000,1
1413843720000,1413843779000,0.87887,0.87891,0.87871,0.87886,51720000,1
1413843780000,1413843839000,0.87886,0.8789,0.87874,0.87877,41850000,1
1413843840000,1413843899000,0.87877,0.87887,0.87877,0.87887,14000000,1
1413843900000,1413843959000,0.87888,0.87889,0.87875,0.87877,22550000,1
1413843960000,1413844019000,0.87877,0.87879,0.87872,0.87872,29280000,1
1413844020000,1413844079000,0.87873,0.87875,0.87872,0.87875,17170000,1
1413844080000,1413844139000,0.87876,0.87884,0.87876,0.87883,57540000,1
1413844140000,1413844199000,0.87885,0.87885,0.87883,0.87885,66470000,1
1413844200000,1413844259000,0.87884,0.87926,0.87884,0.87924,42680000,1
1413844260000,1413844319000,0.87924,0.87926,0.87915,0.87923,23640000,1
1413844320000,1413844379000,0.87923,0.87923,0.87911,0.87912,29070000,1
1413844380000,1413844439000,0.87911,0.87912,0.87864,0.87865,48000000,1
1413844440000,1413844499000,0.87865,0.87873,0.87865,0.87872,18260000,1
1413844500000,1413844559000,0.87873,0.87873,0.87873,0.87873,1000000,1
1413844560000,1413844619000,0.87872,0.87877,0.87872,0.87877,15790000,1
1413844620000,1413844679000,0.87877,0.87877,0.87876,0.87876,6500000,1
1413844680000,1413844739000,0.87876,0.87877,0.87876,0.87877,15140000,1
1413844740000,1413844799000,0.87877,0.87877,0.87871,0.87871,25320000,1
1413844800000,1413844859000,0.87871,0.87883,0.87871,0.87883,13530000,1
1413844860000,1413844919000,0.87883,0.87883,0.87883,0.87883,2000000,1
1413844920000,1413844979000,0.87883,0.87883,0.87883,0.87883,2000000,1
1413844980000,1413845039000,0.87884,0.87889,0.87883,0.87889,6650000,1
1413845040000,1413845099000,0.8789,0.8789,0.87889,0.87889,21120000,1
1413845100000,1413845159000,0.87889,0.87895,0.87889,0.8789,10570000,1
1413845160000,1413845219000,0.8789,0.87892,0.87889,0.87892,6760000,1
1413845220000,1413845279000,0.87893,0.87893,0.8789,0.8789,4500000,1
1413845280000,1413845339000,0.8789,0.8789,0.87879,0.87879,17610000,1
1413845340000,1413845399000,0.87879,0.87891,0.87879,0.87891,27730000,1
1413845400000,1413845459000,0.87889,0.87915,0.87885,0.87913,34570000,1
1413845460000,1413845519000,0.87913,0.87922,0.87901,0.87922,39780000,1
1413845520000,1413845579000,0.87923,0.87923,0.87907,0.87907,28320000,1
1413845580000,1413845639000,0.87907,0.87912,0.87898,0.87904,81830000,1
1413845640000,1413845699000,0.87904,0.87905,0.87897,0.87898,15640000,1
1413845700000,1413845759000,0.87898,0.87898,0.87881,0.87881,24980000,1
1413845760000,1413845819000,0.87881,0.87881,0.87875,0.87879,26920000,1
1413845820000,1413845879000,0.87879,0.87891,0.87871,0.8789,43340000,1
1413845880000,1413845939000,0.8789,0.87898,0.87882,0.87882,32610000,1
1413845940000,1413845999000,0.87884,0.87885,0.87871,0.87871,25750000,1
1413846000000,1413846059000,0.8787,0.8788,0.87863,0.87878,41870000,1
1413846060000,1413846119000,0.87878,0.87878,0.87866,0.87866,14000000,1
1413846120000,1413846179000,0.87867,0.87873,0.87867,0.87872,7000000,1
1413846180000,1413846239000,0.87873,0.87873,0.87868,0.87868,10920000,1
1413846240000,1413846299000,0.87869,0.87871,0.87863,0.87868,21500000,1
1413846300000,1413846359000,0.87864,0.87877,0.87864,0.87877,29500000,1
1413846360000,1413846419000,0.87874,0.87874,0.8787,0.87871,12000000,1
1413846420000,1413846479000,0.87871,0.87882,0.87867,0.87881,24480000,1
1413846480000,1413846539000,0.87881,0.87894,0.8788,0.87894,29980000,1
1413846540000,1413846599000,0.87893,0.87893,0.87888,0.8789,16600000,1
1413846600000,1413846659000,0.87887,0.87889,0.8788,0.87883,49210000,1
1413846660000,1413846719000,0.87881,0.87881,0.87879,0.87879,9150000,1
1413846720000,1413846779000,0.8788,0.87883,0.8788,0.87881,17000000,1
1413846780000,1413846839000,0.87881,0.87888,0.8788,0.87886,42630000,1
1413846840000,1413846899000,0.87889,0.87899,0.87886,0.87891,48780000,1
1413846900000,1413846959000,0.87891,0.87894,0.87891,0.87894,7500000,1
1413846960000,1413847019000,0.87895,0.87908,0.87895,0.87907,18240000,1
1413847020000,1413847079000,0.87906,0.87911,0.87903,0.87911,27760000,1
1413847080000,1413847139000,0.8791,0.8791,0.87909,0.8791,6990000,1
1413847140000,1413847199000,0.8791,0.87912,0.87909,0.87912,9980000,1
1413847200000,1413847259000,0.87914,0.87918,0.87904,0.87912,69570000,1
1413847260000,1413847319000,0.8791,0.8791,0.87896,0.87903,59680000,1
1413847320000,1413847379000,0.87901,0.87901,0.87884,0.87886,37250000,1
1413847380000,1413847439000,0.87886,0.87886,0.87844,0.87845,64370000,1
1413847440000,1413847499000,0.87847,0.87857,0.87847,0.87854,41780000,1
1413847500000,1413847559000,0.87854,0.87858,0.8784,0.8784,24520000,1
1413847560000,1413847619000,0.8784,0.87842,0.87828,0.87842,54330000,1
1413847620000,1413847679000,0.87843,0.87872,0.87842,0.87867,49150000,1
1413847680000,1413847739000,0.87867,0.87867,0.87852,0.87865,45340000,1
1413847740000,1413847799000,0.87865,0.87865,0.87865,0.87865,7500000,1
1413847800000,1413847859000,0.87864,0.87864,0.87864,0.87864,4500000,1
1413847860000,1413847919000,0.87865,0.87865,0.87845,0.87845,45500000,1
1413847920000,1413847979000,0.87845,0.87849,0.87842,0.87849,10000000,1
1413847980000,1413848039000,0.8785,0.8785,0.87811,0.87811,43850000,1
1413848040000,1413848099000,0.87811,0.87811,0.87792,0.87795,35650000,1
1413848100000,1413848159000,0.87796,0.87814,0.87796,0.87804,32740000,1
1413848160000,1413848219000,0.8781,0.8781,0.87792,0.87797,43960000,1
1413848220000,1413848279000,0.87799,0.87799,0.87796,0.87796,3150000,1
1413848280000,1413848339000,0.87798,0.87799,0.87784,0.87787,52980000,1
1413848340000,1413848399000,0.87788,0.87803,0.87784,0.87788,58170000,1
1413848400000,1413848459000,0.87788,0.87788,0.87772,0.87775,19770000,1
1413848460000,1413848519000,0.87775,0.87775,0.87775,0.87775,20500000,1
1413848520000,1413848579000,0.87775,0.87777,0.87773,0.87774,35270000,1
1413848580000,1413848639000,0.87774,0.87776,0.87774,0.87776,19500000,1
1413848640000,1413848699000,0.87776,0.87777,0.87772,0.87773,11500000,1
1413848700000,1413848759000,0.87773,0.87773,0.87772,0.87773,5000000,1
1413848760000,1413848819000,0.87773,0.87775,0.87771,0.87775,15500000,1
1413848880000,1413848939000,0.87776,0.87814,0.87775,0.87808,35430000,1
1413848940000,1413848999000,0.87808,0.87838,0.87807,0.87837,33820000,1
1413849000000,1413849059000,0.87837,0.87851,0.87819,0.87822,52800000,1
1413849060000,1413849119000,0.87822,0.87826,0.87821,0.87821,7120000,1
1413849120000,1413849179000,0.87821,0.87821,0.87814,0.87814,42000000,1
1413849180000,1413849239000,0.87815,0.87815,0.87814,0.87814,6750000,1
1413849240000,1413849299000,0.87813,0.87815,0.87811,0.87811,15450000,1
1413849300000,1413849359000,0.87811,0.87814,0.87782,0.87783,66380000,1
1413849360000,1413849419000,0.87774,0.87786,0.87772,0.87776,36790000,1
1413849420000,1413849479000,0.87774,0.87776,0.87763,0.87763,8500000,1
1413849480000,1413849539000,0.8776,0.8776,0.87745,0.87755,42160000,1
1413849540000,1413849599000,0.87757,0.87767,0.87757,0.87767,24220000,1
1413849600000,1413849659000,0.87767,0.87767,0.87739,0.87741,46250000,1
1413849660000,1413849719000,0.87741,0.87757,0.87734,0.87752,55980000,1
1413849720000,1413849779000,0.87754,0.87755,0.87743,0.87747,17220000,1
1413849780000,1413849839000,0.87748,0.87755,0.87744,0.87754,42400000,1
1413849840000,1413849899000,0.87754,0.87763,0.87747,0.87763,59270000,1
1413849900000,1413849959000,0.87762,0.87801,0.87762,0.87788,127790000,1
1413849960000,1413850019000,0.87788,0.87821,0.87784,0.87819,60760000,1
1413850020000,1413850079000,0.87822,0.87822,0.87759,0.87761,95170000,1
1413850080000,1413850139000,0.8776,0.8776,0.87755,0.87755,22850000,1
1413850140000,1413850199000,0.87754,0.87763,0.87751,0.87763,32020000,1
1413850200000,1413850259000,0.87761,0.87783,0.87761,0.87768,72660000,1
1413850260000,1413850319000,0.87768,0.87777,0.87767,0.87777,45990000,1
1413850320000,1413850379000,0.87777,0.87787,0.87766,0.87773,49360000,1
1413850380000,1413850439000,0.87773,0.87787,0.87771,0.87778,73880000,1
1413850440000,1413850499000,0.87776,0.87807,0.87769,0.87796,126490000,1
1413850500000,1413850559000,0.87794,0.87794,0.87772,0.87772,69540000,1
1413850560000,1413850619000,0.87774,0.87785,0.87772,0.87785,62900000,1
1413850620000,1413850679000,0.87785,0.87833,0.87785,0.87822,80550000,1
1413850680000,1413850739000,0.87822,0.87823,0.87798,0.87823,87510000,1
1413850740000,1413850799000,0.87823,0.87826,0.87805,0.87805,65270000,1
1413850800000,1413850859000,0.87804,0.87827,0.87794,0.87827,100730000,1
1413850860000,1413850919000,0.87826,0.87846,0.87825,0.87841,74490000,1
1413850920000,1413850979000,0.87841,0.87841,0.87831,0.87831,20530000,1
1413850980000,1413851039000,0.87831,0.87856,0.87831,0.87855,57350000,1
1413851040000,1413851099000,0.87855,0.87855,0.8783,0.87837,45860000,1
1413851100000,1413851159000,0.87838,0.87907,0.87838,0.87907,159130000,1
1413851160000,1413851219000,0.87909,0.87925,0.87901,0.87909,147170000,1
1413851220000,1413851279000,0.87911,0.87911,0.87877,0.87879,79580000,1
1413851280000,1413851339000,0.87877,0.87885,0.87862,0.87864,94290000,1
1413851340000,1413851399000,0.87864,0.879,0.87864,0.87888,165840000,1
1413851400000,1413851459000,0.87888,0.8797,0.87788,0.87933,348350000,1
1413851460000,1413851519000,0.87933,0.87949,0.8788,0.8788,137720000,1
1413851520000,1413851579000,0.87877,0.87896,0.87867,0.87892,88010000,1
1413851580000,1413851639000,0.87892,0.87895,0.87882,0.87884,38170000,1
1413851640000,1413851699000,0.87883,0.87887,0.87882,0.87882,12500000,1
1413851700000,1413851759000,0.87883,0.8794,0.87882,0.87937,85130000,1
1413851760000,1413851819000,0.87937,0.87948,0.87912,0.87912,81750000,1
1413851820000,1413851879000,0.87912,0.87915,0.87902,0.87912,37170000,1
1413851880000,1413851939000,0.87913,0.87913,0.879,0.87902,15500000,1
1413851940000,1413851999000,0.87902,0.87905,0.87902,0.87905,7500000,1
1413852000000,1413852059000,0.87905,0.87905,0.87861,0.87861,28500000,1
1413852060000,1413852119000,0.87861,0.87862,0.87853,0.87855,16330000,1
1413852120000,1413852179000,0.87854,0.87854,0.87824,0.87832,45000000,1
1413852180000,1413852239000,0.87832,0.87832,0.87821,0.87822,37320000,1
1413852240000,1413852299000,0.87821,0.87845,0.87821,0.87841,36740000,1
1413852300000,1413852359000,0.87842,0.87846,0.87839,0.87843,28440000,1
1413852360000,1413852419000,0.87844,0.87855,0.87839,0.87844,61330000,1
1413852420000,1413852479000,0.87843,0.87844,0.87834,0.87834,33250000,1
1413852480000,1413852539000,0.87834,0.87837,0.87834,0.87837,17000000,1
1413852540000,1413852599000,0.87837,0.87837,0.8783,0.87835,37860000,1
1413852600000,1413852659000,0.87839,0.87862,0.87839,0.87856,47090000,1
1413852660000,1413852719000,0.87855,0.87856,0.87852,0.87856,10500000,1
1413852720000,1413852779000,0.87854,0.87854,0.87835,0.87847,39090000,1
1413852780000,1413852839000,0.87846,0.87846,0.87833,0.87834,45000000,1
1413852840000,1413852899000,0.87834,0.87842,0.87833,0.87842,19750000,1
1413852900000,1413852959000,0.87844,0.87854,0.87844,0.87854,35500000,1
1413852960000,1413853019000,0.87854,0.87855,0.87853,0.87853,4000000,1
1413853020000,1413853079000,0.87854,0.87866,0.87853,0.87864,22600000,1
1413853080000,1413853139000,0.87866,0.87866,0.87862,0.87864,8000000,1
1413853140000,1413853199000,0.87864,0.87864,0.87836,0.87836,26250000,1
1413853200000,1413853259000,0.87837,0.87837,0.87837,0.87837,1000000,1
1413853260000,1413853319000,0.87835,0.87837,0.87814,0.8783,47400000,1
1413853320000,1413853379000,0.87829,0.87844,0.87827,0.8783,58450000,1
1413853380000,1413853439000,0.87833,0.87837,0.87826,0.87834,36250000,1
1413853440000,1413853499000,0.87833,0.87835,0.87827,0.8783,58250000,1
1413853500000,1413853559000,0.8783,0.87834,0.87815,0.87815,25750000,1
1413853560000,1413853619000,0.87815,0.87815,0.87784,0.87787,68710000,1
1413853620000,1413853679000,0.87785,0.87797,0.87762,0.87794,127150000,1
1413853680000,1413853739000,0.87794,0.87822,0.87789,0.87819,62450000,1
1413853740000,1413853799000,0.87816,0.87816,0.87801,0.87801,21270000,1
1413853800000,1413853859000,0.87801,0.87801,0.87776,0.87777,53000000,1
1413853860000,1413853919000,0.87777,0.87777,0.87741,0.87745,60500000,1
1413853920000,1413853979000,0.87743,0.87763,0.87739,0.87747,63860000,1
1413853980000,1413854039000,0.87747,0.87767,0.87744,0.87765,40340000,1
1413854040000,1413854099000,0.87765,0.87765,0.87752,0.87754,66640000,1
1413854100000,1413854159000,0.87755,0.87763,0.8775,0.87763,41500000,1
1413854220000,1413854279000,0.87763,0.87763,0.87757,0.8776,27000000,1
1413854280000,1413854339000,0.87759,0.87762,0.87757,0.87761,31000000,1
1413854340000,1413854399000,0.87763,0.87763,0.87763,0.87763,1000000,1
1413854400000,1413854459000,0.87763,0.87763,0.87756,0.87757,10000000,1
1413854460000,1413854519000,0.87756,0.87763,0.87754,0.8776,34870000,1
1413854520000,1413854579000,0.8776,0.8776,0.87756,0.87757,13350000,1
1413854580000,1413854639000,0.87758,0.87758,0.87754,0.87754,7000000,1
1413854640000,1413854699000,0.87755,0.87755,0.87752,0.87753,7000000,1
1413854700000,1413854759000,0.87754,0.87754,0.87753,0.87753,3000000,1
1413854760000,1413854819000,0.87754,0.87754,0.87742,0.87744,16000000,1
1413854820000,1413854879000,0.87745,0.87745,0.87687,0.87687,62540000,1
1413854880000,1413854939000,0.87687,0.87715,0.87674,0.87692,88930000,1
1413854940000,1413854999000,0.87692,0.87696,0.87692,0.87695,14870000,1
1413855000000,1413855059000,0.87695,0.87724,0.87695,0.87722,22130000,1
1413855060000,1413855119000,0.87722,0.87734,0.87722,0.87724,31220000,1
1413855120000,1413855179000,0.87725,0.87735,0.87724,0.87735,17410000,1
1413855180000,1413855239000,0.87735,0.8774,0.87698,0.87703,96700000,1
1413855240000,1413855299000,0.877,0.87709,0.877,0.87709,47720000,1
1413855300000,1413855359000,0.87709,0.87709,0.87706,0.87707,39230000,1
1413855360000,1413855419000,0.87706,0.87723,0.8769,0.87697,61430000,1
1413855420000,1413855479000,0.87695,0.87708,0.87693,0.87708,64500000,1
1413855480000,1413855539000,0.87708,0.87716,0.87708,0.87716,16140000,1
1413855540000,1413855599000,0.87714,0.87719,0.87712,0.87719,59580000,1
1413855600000,1413855659000,0.87719,0.87742,0.87717,0.87726,99080000,1
1413855660000,1413855719000,0.87725,0.87734,0.87713,0.87726,65560000,1
1413855720000,1413855779000,0.87722,0.87724,0.87689,0.87694,84310000,1
1413855780000,1413855839000,0.87694,0.87708,0.87689,0.87694,59900000,1
1413855840000,1413855899000,0.87694,0.87726,0.87694,0.87725,25900000,1
1413855900000,1413855959000,0.87725,0.87745,0.87725,0.87734,59660000,1
1413855960000,1413856019000,0.87734,0.87747,0.87732,0.87738,70210000,1
1413856020000,1413856079000,0.87737,0.87746,0.87736,0.87742,43420000,1
1413856080000,1413856139000,0.87745,0.87761,0.87745,0.87747,94970000,1
1413856140000,1413856199000,0.87747,0.87755,0.87736,0.87755,50320000,1
1413856200000,1413856259000,0.87753,0.87764,0.87753,0.87764,16550000,1
1413856260000,1413856319000,0.87767,0.87787,0.8776,0.87786,71290000,1
1413856320000,1413856379000,0.87785,0.87788,0.87741,0.87742,99050000,1
1413856380000,1413856439000,0.87742,0.87761,0.8774,0.87754,43030000,1
1413856440000,1413856499000,0.87758,0.8777,0.87758,0.87763,54590000,1
1413856500000,1413856559000,0.87763,0.87767,0.87746,0.87757,53760000,1
1413856560000,1413856619000,0.87756,0.87756,0.87723,0.87729,81680000,1
1413856620000,1413856679000,0.8773,0.87747,0.8773,0.87746,48830000,1
1413856680000,1413856739000,0.87746,0.87759,0.87735,0.87735,61950000,1
1413856740000,1413856799000,0.87735,0.87756,0.87574,0.87704,286620000,1
1413856800000,1413856859000,0.87743,0.88086,0.87743,0.88054,486920000,1
1413856860000,1413856919000,0.88054,0.88143,0.88048,0.88069,261720000,1
1413856920000,1413856979000,0.88069,0.88073,0.88029,0.88061,217810000,1
1413856980000,1413857039000,0.8806,0.88067,0.87993,0.87997,139260000,1
1413857040000,1413857099000,0.87997,0.88005,0.87982,0.87988,135390000,1
1413857100000,1413857159000,0.87988,0.88039,0.87987,0.88015,131510000,1
1413857160000,1413857219000,0.88016,0.88119,0.88016,0.88092,189990000,1
1413857220000,1413857279000,0.8809,0.88131,0.88055,0.88055,204290000,1
1413857280000,1413857339000,0.88055,0.88057,0.87999,0.88001,97300000,1
1413857340000,1413857399000,0.88001,0.88021,0.87953,0.87994,210770000,1
1413857400000,1413857459000,0.87994,0.88017,0.87973,0.88007,126120000,1
1413857460000,1413857519000,0.88008,0.88081,0.88005,0.88056,205720000,1
1413857520000,1413857579000,0.88056,0.88056,0.88014,0.88014,109560000,1
1413857580000,1413857639000,0.88013,0.88027,0.88002,0.88007,92400000,1
1413857640000,1413857699000,0.88007,0.88013,0.87967,0.87977,104650000,1
1413857700000,1413857759000,0.87977,0.88034,0.87972,0.88028,97640000,1
1413857760000,1413857819000,0.88028,0.88067,0.88028,0.88065,84880000,1
1413857820000,1413857879000,0.88065,0.88088,0.88065,0.88088,79950000,1
1413857880000,1413857939000,0.88088,0.88088,0.88037,0.88037,107040000,1
1413857940000,1413857999000,0.88037,0.88037,0.87999,0.87999,65250000,1
1413858000000,1413858059000,0.88001,0.88051,0.88001,0.88033,85500000,1
1413858060000,1413858119000,0.88036,0.88044,0.88019,0.88043,98040000,1
1413858120000,1413858179000,0.88044,0.88049,0.8802,0.88024,75580000,1
1413858180000,1413858239000,0.88024,0.88028,0.88013,0.88015,41790000,1
1413858240000,1413858299000,0.88015,0.88035,0.88014,0.88031,50860000,1
1413858300000,1413858359000,0.88031,0.88031,0.88021,0.88024,10400000,1
1413858360000,1413858419000,0.88022,0.88022,0.87982,0.87994,102560000,1
1413858420000,1413858479000,0.87996,0.87996,0.8796,0.87964,71470000,1
1413858480000,1413858539000,0.87966,0.88006,0.87966,0.87997,103670000,1
1413858540000,1413858599000,0.87997,0.88006,0.87978,0.87978,77080000,1
1413858600000,1413858659000,0.87979,0.87983,0.87974,0.87974,19500000,1
1413858660000,1413858719000,0.87974,0.87974,0.87918,0.87935,141200000,1
1413858720000,1413858779000,0.87935,0.87946,0.87922,0.87933,75400000,1
1413858780000,1413858839000,0.87935,0.87953,0.87935,0.87938,88350000,1
1413858840000,1413858899000,0.87938,0.87942,0.87935,0.87941,20610000,1
1413858900000,1413858959000,0.87942,0.87973,0.87942,0.87967,84110000,1
1413858960000,1413859019000,0.87967,0.87975,0.87967,0.87974,72890000,1
1413859020000,1413859079000,0.87973,0.87987,0.87971,0.87984,44530000,1
1413859080000,1413859139000,0.87983,0.87983,0.87969,0.87969,29850000,1
1413859140000,1413859199000,0.87968,0.87968,0.87959,0.87964,45630000,1
1413859200000,1413859259000,0.87964,0.87967,0.87942,0.87945,46280000,1
1413859260000,1413859319000,0.87945,0.87958,0.87944,0.87955,82830000,1
1413859320000,1413859379000,0.87957,0.87985,0.87957,0.87967,39990000,1
1413859380000,1413859439000,0.87967,0.88007,0.87967,0.88002,111390000,1
1413859440000,1413859499000,0.87999,0.88035,0.87991,0.88031,131440000,1
1413859500000,1413859559000,0.88032,0.88037,0.88023,0.88037,56150000,1
1413859560000,1413859619000,0.88034,0.88034,0.88027,0.8803,35030000,1
1413859620000,1413859679000,0.8803,0.88065,0.88027,0.88058,92900000,1
1413859680000,1413859739000,0.88056,0.88073,0.88048,0.88059,159160000,1
1413859740000,1413859799000,0.88061,0.88069,0.88,0.88011,96070000,1
1413859800000,1413859859000,0.8801,0.88019,0.88008,0.88016,41820000,1
1413859860000,1413859919000,0.88019,0.88022,0.88016,0.88017,126620000,1
1413859920000,1413859979000,0.88015,0.88043,0.88014,0.8804,104260000,1
1413859980000,1413860039000,0.8804,0.88044,0.88017,0.88025,73260000,1
1413860040000,1413860099000,0.88026,0.88044,0.88026,0.88035,50370000,1
1413860100000,1413860159000,0.88034,0.88043,0.88034,0.88035,24120000,1
1413860160000,1413860219000,0.88035,0.88035,0.88012,0.88035,50110000,1
1413860220000,1413860279000,0.88037,0.88037,0.88023,0.88023,45000000,1
1413860280000,1413860339000,0.88022,0.88023,0.8799,0.8799,73820000,1
1413860340000,1413860399000,0.87988,0.88006,0.87984,0.88005,77550000,1
1413860400000,1413860459000,0.88005,0.88047,0.88005,0.88045,82130000,1
1413860460000,1413860519000,0.88045,0.88048,0.8803,0.8803,30740000,1
1413860520000,1413860579000,0.8803,0.8803,0.88012,0.88013,43460000,1
1413860580000,1413860639000,0.88012,0.88017,0.88012,0.88015,25810000,1
1413860640000,1413860699000,0.88015,0.88015,0.8801,0.8801,10000000,1
1413860700000,1413860759000,0.88012,0.88012,0.8798,0.88002,59000000,1
1413860760000,1413860819000,0.87997,0.8801,0.87997,0.8801,31470000,1
1413860820000,1413860879000,0.88008,0.8801,0.88008,0.88009,23000000,1
1413860880000,1413860939000,0.8801,0.8801,0.88009,0.88009,7000000,1
1413860940000,1413860999000,0.88009,0.88016,0.87997,0.87997,40000000,1
1413861000000,1413861059000,0.87997,0.87997,0.87967,0.87976,97340000,1
1413861060000,1413861119000,0.87976,0.87987,0.87969,0.87987,66200000,1
1413861120000,1413861179000,0.87987,0.87992,0.87984,0.87989,33170000,1
1413861180000,1413861239000,0.87988,0.87988,0.87977,0.87984,65110000,1
1413861240000,1413861299000,0.87984,0.87985,0.8798,0.87985,15070000,1
1413861300000,1413861359000,0.87985,0.87987,0.87985,0.87986,70150000,1
1413861360000,1413861419000,0.87986,0.87991,0.87985,0.87989,35450000,1
1413861420000,1413861479000,0.87991,0.88011,0.8799,0.88011,57430000,1
1413861480000,1413861539000,0.88011,0.88014,0.88006,0.88009,35600000,1
1413861540000,1413861599000,0.88009,0.88045,0.88009,0.88038,106810000,1
1413861600000,1413861659000,0.8804,0.88053,0.88038,0.88047,91910000,1
1413861660000,1413861719000,0.88048,0.88068,0.88048,0.88059,72680000,1
1413861720000,1413861779000,0.8806,0.8806,0.88039,0.88055,52080000,1
1413861780000,1413861839000,0.88055,0.88083,0.88055,0.88072,48550000,1
1413861840000,1413861899000,0.88072,0.88076,0.88072,0.88074,39720000,1
1413861900000,1413861959000,0.88073,0.88082,0.88073,0.88078,44640000,1
1413861960000,1413862019000,0.88077,0.8808,0.88072,0.88072,22040000,1
1413862020000,1413862079000,0.88073,0.88074,0.88072,0.88073,19600000,1
1413862080000,1413862139000,0.88073,0.88073,0.88073,0.88073,3600000,1
1413862140000,1413862199000,0.88073,0.88084,0.88073,0.88082,33500000,1
1413862200000,1413862259000,0.8808,0.8808,0.88065,0.88077,45520000,1
1413862260000,1413862319000,0.88076,0.88081,0.88072,0.88077,29100000,1
1413862320000,1413862379000,0.88077,0.88108,0.88077,0.88104,106180000,1
1413862380000,1413862439000,0.88104,0.88104,0.8806,0.88067,73500000,1
1413862440000,1413862499000,0.88066,0.8807,0.88038,0.8807,86720000,1
1413862500000,1413862559000,0.88069,0.88082,0.88067,0.88078,55080000,1
1413862560000,1413862619000,0.88078,0.8808,0.8807,0.8808,85150000,1
1413862620000,1413862679000,0.88083,0.88102,0.88081,0.88097,85100000,1
1413862680000,1413862739000,0.88098,0.88103,0.88069,0.8808,101220000,1
1413862740000,1413862799000,0.88081,0.88091,0.8808,0.88084,54670000,1
1413862800000,1413862859000,0.8808,0.88083,0.88079,0.8808,27410000,1
1413862860000,1413862919000,0.88079,0.88082,0.88066,0.88074,47810000,1
1413862920000,1413862979000,0.88073,0.88087,0.88073,0.88086,20970000,1
1413862980000,1413863039000,0.88085,0.88086,0.88065,0.88072,53750000,1
1413863040000,1413863099000,0.88074,0.88074,0.88061,0.88065,43100000,1
1413863100000,1413863159000,0.88065,0.88086,0.88065,0.88086,63880000,1
1413863160000,1413863219000,0.88087,0.88088,0.88077,0.88077,23670000,1
1413863220000,1413863279000,0.88077,0.88077,0.88052,0.88059,70290000,1
1413863280000,1413863339000,0.8806,0.8806,0.88041,0.88042,76000000,1
1413863340000,1413863399000,0.88042,0.88053,0.88038,0.88045,33270000,1
1413863400000,1413863459000,0.88044,0.88044,0.88001,0.88017,74580000,1
1413863460000,1413863519000,0.8802,0.88037,0.88019,0.88027,61290000,1
1413863520000,1413863579000,0.88029,0.88033,0.88026,0.88033,31650000,1
1413863580000,1413863639000,0.88034,0.88073,0.88034,0.8807,41310000,1
1413863640000,1413863699000,0.8807,0.88093,0.88067,0.88087,61570000,1
1413863700000,1413863759000,0.88089,0.88105,0.88087,0.88099,64220000,1
1413863760000,1413863819000,0.88099,0.88099,0.88087,0.88089,34210000,1
1413863820000,1413863879000,0.88089,0.88103,0.88077,0.88103,111850000,1
1413863880000,1413863939000,0.88103,0.88114,0.88099,0.88108,77240000,1
1413863940000,1413863999000,0.88106,0.88111,0.88098,0.8811,34100000,1
1413864000000,1413864059000,0.8811,0.88121,0.8811,0.8812,26920000,1
1413864060000,1413864119000,0.88119,0.88132,0.88119,0.8813,61970000,1
1413864120000,1413864179000,0.88128,0.88133,0.8811,0.88128,99810000,1
1413864180000,1413864239000,0.8813,0.88145,0.88127,0.88144,73590000,1
1413864240000,1413864299000,0.88146,0.88183,0.88144,0.88177,116830000,1
1413864300000,1413864359000,0.88177,0.88177,0.88156,0.8816,92890000,1
1413864360000,1413864419000,0.88161,0.88179,0.88157,0.88157,78680000,1
1413864420000,1413864479000,0.88157,0.88169,0.88157,0.88169,27870000,1
1413864480000,1413864539000,0.88169,0.8817,0.88157,0.88159,69590000,1
1413864540000,1413864599000,0.88157,0.88157,0.88144,0.88156,40710000,1
1413864600000,1413864659000,0.88157,0.88159,0.88157,0.88157,9000000,1
1413864660000,1413864719000,0.88157,0.88167,0.88142,0.88142,62520000,1
1413864720000,1413864779000,0.88142,0.88158,0.88141,0.88156,50870000,1
1413864780000,1413864839000,0.88157,0.88164,0.88149,0.88164,56570000,1
1413864840000,1413864899000,0.88165,0.88172,0.88158,0.88158,20000000,1
1413864900000,1413864959000,0.88157,0.88167,0.88154,0.88167,69220000,1
1413864960000,1413865019000,0.88169,0.88174,0.88169,0.88174,45340000,1
1413865020000,1413865079000,0.88173,0.88173,0.88144,0.88149,82000000,1
1413865080000,1413865139000,0.8815,0.88165,0.8815,0.88156,64070000,1
1413865140000,1413865199000,0.88157,0.88176,0.88157,0.88175,52660000,1
1413865200000,1413865259000,0.88175,0.88181,0.88157,0.88159,66190000,1
1413865260000,1413865319000,0.88159,0.88172,0.88156,0.88157,59570000,1
1413865320000,1413865379000,0.88157,0.88157,0.88151,0.88154,22150000,1
1413865380000,1413865439000,0.88154,0.88175,0.88154,0.88175,70930000,1
1413865440000,1413865499000,0.88175,0.88176,0.88172,0.88172,18000000,1
1413865500000,1413865559000,0.88171,0.88176,0.88167,0.88171,30650000,1
1413865560000,1413865619000,0.88172,0.88174,0.88163,0.88163,24930000,1
1413865620000,1413865679000,0.88159,0.88184,0.88155,0.88176,55820000,1
1413865680000,1413865739000,0.88175,0.88224,0.88175,0.88205,113930000,1
1413865740000,1413865799000,0.88203,0.88215,0.88202,0.88215,48440000,1
1413865800000,1413865859000,0.88215,0.88218,0.88175,0.88175,98350000,1
1413865860000,1413865919000,0.88176,0.88182,0.88167,0.88179,96410000,1
1413865920000,1413865979000,0.88178,0.88196,0.88177,0.88187,125420000,1
1413865980000,1413866039000,0.88187,0.88204,0.88184,0.88188,110540000,1
1413866040000,1413866099000,0.88186,0.88281,0.88186,0.88256,203230000,1
1413866100000,1413866159000,0.88259,0.88266,0.88227,0.8826,137220000,1
1413866160000,1413866219000,0.88262,0.88276,0.88254,0.88264,131530000,1
1413866220000,1413866279000,0.88264,0.88275,0.88257,0.88275,69680000,1
1413866280000,1413866339000,0.88274,0.88281,0.88238,0.88239,137780000,1
1413866340000,1413866399000,0.88238,0.88238,0.88217,0.88222,116580000,1
1413866400000,1413866459000,0.88222,0.88245,0.88222,0.8824,113940000,1
1413866460000,1413866519000,0.8824,0.88277,0.8824,0.88271,123110000,1
1413866520000,1413866579000,0.88272,0.88281,0.88218,0.8823,163830000,1
1413866580000,1413866639000,0.8823,0.88236,0.88227,0.88227,62200000,1
1413866640000,1413866699000,0.88227,0.88234,0.88159,0.88184,177410000,1
1413866700000,1413866759000,0.88185,0.88205,0.88183,0.88195,83310000,1
1413866760000,1413866819000,0.88195,0.88214,0.88186,0.88187,100010000,1
1413866820000,1413866879000,0.88188,0.88196,0.88168,0.88177,95680000,1
1413866880000,1413866939000,0.88177,0.88186,0.88167,0.8818,112090000,1
1413866940000,1413866999000,0.88179,0.8818,0.88172,0.8818,49440000,1
1413867000000,1413867059000,0.88178,0.88182,0.88169,0.88179,43870000,1
1413867060000,1413867119000,0.88176,0.88205,0.88176,0.882,91740000,1
1413867120000,1413867179000,0.88203,0.88206,0.88197,0.88197,20170000,1
1413867180000,1413867239000,0.88197,0.88216,0.88197,0.88203,58340000,1
1413867240000,1413867299000,0.88203,0.88226,0.88194,0.88195,57570000,1
1413867300000,1413867359000,0.88193,0.88207,0.88191,0.88191,53490000,1
1413867360000,1413867419000,0.88194,0.8823,0.88193,0.88226,104400000,1
1413867420000,1413867479000,0.88226,0.88231,0.88207,0.88231,52390000,1
1413867480000,1413867539000,0.88233,0.88233,0.88197,0.88197,54750000,1
1413867540000,1413867599000,0.88197,0.88197,0.88187,0.88192,49990000,1
1413867600000,1413867659000,0.88194,0.88194,0.88173,0.88179,59900000,1
1413867660000,1413867719000,0.8818,0.8819,0.88178,0.88182,33310000,1
1413867720000,1413867779000,0.88182,0.88182,0.88157,0.88173,92190000,1
1413867780000,1413867839000,0.88172,0.88194,0.88167,0.88177,109880000,1
1413867840000,1413867899000,0.88179,0.88183,0.88164,0.88164,21290000,1
1413867900000,1413867959000,0.88164,0.88164,0.88129,0.88129,59170000,1
1413867960000,1413868019000,0.8813,0.88132,0.88107,0.88117,75810000,1
1413868020000,1413868079000,0.88117,0.88117,0.88094,0.88097,74850000,1
1413868080000,1413868139000,0.88096,0.88109,0.88096,0.88102,63600000,1
1413868140000,1413868199000,0.881,0.88107,0.88085,0.88107,67170000,1
1413868200000,1413868259000,0.88106,0.88122,0.88096,0.88121,70870000,1
1413868260000,1413868319000,0.8812,0.88133,0.88107,0.88115,75290000,1
1413868320000,1413868379000,0.88114,0.88127,0.88107,0.88125,55870000,1
1413868380000,1413868439000,0.88126,0.8815,0.8812,0.88148,43700000,1
1413868440000,1413868499000,0.88146,0.88156,0.88144,0.88153,41480000,1
1413868500000,1413868559000,0.88152,0.88152,0.88131,0.88131,42500000,1
1413868560000,1413868619000,0.88131,0.88147,0.88131,0.88146,41470000,1
1413868620000,1413868679000,0.88146,0.88149,0.88146,0.88147,28600000,1
1413868680000,1413868739000,0.88147,0.88171,0.88146,0.88163,67150000,1
1413868740000,1413868799000,0.88164,0.88165,0.88158,0.8816,59670000,1
1413868800000,1413868859000,0.8816,0.88162,0.88145,0.88147,40820000,1
1413868860000,1413868919000,0.88146,0.88146,0.88143,0.88143,15500000,1
1413868920000,1413868979000,0.88139,0.8815,0.88139,0.88148,49000000,1
1413868980000,1413869039000,0.88146,0.88166,0.88145,0.88166,46070000,1
1413869040000,1413869099000,0.88164,0.88165,0.88129,0.88131,57080000,1
1413869100000,1413869159000,0.88131,0.88131,0.881,0.88117,84330000,1
1413869160000,1413869219000,0.88119,0.88126,0.88105,0.88121,69860000,1
1413869220000,1413869279000,0.88121,0.88128,0.88118,0.88122,28330000,1
1413869280000,1413869339000,0.88124,0.88126,0.88122,0.88124,25260000,1
1413869340000,1413869399000,0.88124,0.88124,0.88102,0.88102,37220000,1
1413869400000,1413869459000,0.88105,0.88124,0.88105,0.88117,57410000,1
1413869460000,1413869519000,0.88117,0.88118,0.88114,0.88117,20060000,1
1413869520000,1413869579000,0.88117,0.88132,0.88114,0.88129,56620000,1
1413869580000,1413869639000,0.88129,0.88138,0.88128,0.88136,59370000,1
1413869640000,1413869699000,0.88136,0.88136,0.8811,0.8811,40270000,1
1413869700000,1413869759000,0.8811,0.88123,0.881,0.88123,54740000,1
1413869760000,1413869819000,0.88122,0.88122,0.88116,0.88117,16540000,1
1413869820000,1413869879000,0.88117,0.88117,0.88102,0.88103,20090000,1
1413869880000,1413869939000,0.88103,0.88103,0.88059,0.88062,102130000,1
1413869940000,1413869999000,0.88063,0.8807,0.88042,0.88061,131620000,1
1413870000000,1413870059000,0.88061,0.88065,0.88052,0.88065,42460000,1
1413870060000,1413870119000,0.88065,0.88078,0.88065,0.88073,29850000,1
1413870120000,1413870179000,0.88073,0.88084,0.88073,0.88084,15170000,1
1413870180000,1413870239000,0.88083,0.88093,0.8808,0.88093,36950000,1
1413870240000,1413870299000,0.88093,0.88113,0.88093,0.88113,54800000,1
1413870300000,1413870359000,0.88113,0.88126,0.88113,0.88126,28650000,1
1413870360000,1413870419000,0.88126,0.88133,0.88125,0.88126,27170000,1
1413870420000,1413870479000,0.88127,0.88137,0.88126,0.88137,37110000,1
1413870480000,1413870539000,0.88136,0.88136,0.88135,0.88135,20710000,1
1413870540000,1413870599000,0.88139,0.88145,0.88136,0.88143,73420000,1
1413870600000,1413870659000,0.88143,0.88147,0.88137,0.88137,63060000,1
1413870660000,1413870719000,0.88137,0.88142,0.88119,0.88122,65680000,1
1413870720000,1413870779000,0.88123,0.88127,0.88122,0.88126,28680000,1
1413870780000,1413870839000,0.88126,0.88126,0.88094,0.88094,43250000,1
1413870840000,1413870899000,0.88092,0.88096,0.88086,0.88089,48780000,1
1413870900000,1413870959000,0.8809,0.88091,0.88088,0.88088,35210000,1
1413870960000,1413871019000,0.88088,0.88099,0.88087,0.88099,18540000,1
1413871020000,1413871079000,0.88099,0.88124,0.88099,0.88124,69420000,1
1413871080000,1413871139000,0.88124,0.88143,0.88124,0.88143,68320000,1
1413871140000,1413871199000,0.88144,0.88188,0.88144,0.88185,111000000,1
1413871200000,1413871259000,0.88185,0.88185,0.88172,0.88176,74240000,1
1413871260000,1413871319000,0.88176,0.88183,0.8817,0.88181,58240000,1
1413871320000,1413871379000,0.8818,0.88184,0.88179,0.88181,51880000,1
1413871380000,1413871439000,0.88181,0.88207,0.88179,0.88204,89670000,1
1413871440000,1413871499000,0.88204,0.88204,0.8818,0.88183,43870000,1
1413871500000,1413871559000,0.88184,0.88191,0.88179,0.88187,41390000,1
1413871560000,1413871619000,0.88187,0.8819,0.88173,0.88173,51240000,1
1413871620000,1413871679000,0.88173,0.88175,0.88159,0.88167,63200000,1
1413871680000,1413871739000,0.88167,0.88175,0.88147,0.88175,108350000,1
1413871740000,1413871799000,0.88178,0.88184,0.88178,0.88178,17070000,1
1413871800000,1413871859000,0.88178,0.88206,0.88178,0.88201,76580000,1
1413871860000,1413871919000,0.882,0.88228,0.88198,0.88228,93010000,1
1413871920000,1413871979000,0.88229,0.88275,0.88222,0.88242,122480000,1
1413871980000,1413872039000,0.88242,0.88266,0.88241,0.88257,98810000,1
1413872040000,1413872099000,0.88257,0.88266,0.88234,0.88244,85100000,1
1413872100000,1413872159000,0.88244,0.8825,0.8824,0.88248,47710000,1
1413872160000,1413872219000,0.88248,0.88251,0.88237,0.88237,38570000,1
1413872220000,1413872279000,0.88241,0.88241,0.8821,0.88214,141760000,1
1413872280000,1413872339000,0.88213,0.88228,0.88209,0.88217,73640000,1
1413872340000,1413872399000,0.88217,0.88217,0.88206,0.88217,16670000,1
1413872400000,1413872459000,0.88214,0.88218,0.88207,0.88216,70690000,1
1413872460000,1413872519000,0.88216,0.88224,0.88206,0.88206,57710000,1
1413872520000,1413872579000,0.88205,0.88236,0.88205,0.88217,68960000,1
1413872580000,1413872639000,0.88217,0.88234,0.88202,0.88206,72800000,1
1413872640000,1413872699000,0.88206,0.88217,0.88188,0.88216,70500000,1
1413872700000,1413872759000,0.88216,0.88216,0.88197,0.88197,65070000,1
1413872760000,1413872819000,0.88197,0.88216,0.88176,0.88177,98430000,1
1413872820000,1413872879000,0.88178,0.88217,0.88178,0.8821,99270000,1
1413872880000,1413872939000,0.8821,0.88216,0.88195,0.88195,74960000,1
1413872940000,1413872999000,0.88191,0.88203,0.88184,0.88194,97060000,1
1413873000000,1413873059000,0.88193,0.88194,0.88176,0.88177,55720000,1
1413873060000,1413873119000,0.88177,0.88179,0.88157,0.88157,72050000,1
1413873120000,1413873179000,0.88158,0.88166,0.88149,0.88149,106550000,1
1413873180000,1413873239000,0.88149,0.88149,0.88129,0.88139,56350000,1
1413873240000,1413873299000,0.88139,0.88139,0.88118,0.88124,86580000,1
1413873300000,1413873359000,0.88125,0.88138,0.88122,0.88127,81030000,1
1413873360000,1413873419000,0.88129,0.88129,0.88106,0.88114,66400000,1
1413873420000,1413873479000,0.88114,0.88147,0.88103,0.88146,101370000,1
1413873480000,1413873539000,0.88146,0.88146,0.88114,0.88116,45860000,1
1413873540000,1413873599000,0.88116,0.88118,0.88094,0.88097,66850000,1
1413873600000,1413873659000,0.88097,0.88097,0.88068,0.88068,78460000,1
1413873660000,1413873719000,0.88068,0.88078,0.88067,0.88076,49370000,1
1413873720000,1413873779000,0.88076,0.88091,0.88076,0.88087,39010000,1
1413873780000,1413873839000,0.88087,0.88103,0.88079,0.88084,69320000,1
1413873840000,1413873899000,0.88084,0.88098,0.88067,0.88088,69030000,1
1413873900000,1413873959000,0.88087,0.88091,0.88002,0.88002,90590000,1
1413873960000,1413874019000,0.87999,0.88065,0.87999,0.88065,102240000,1
1413874020000,1413874079000,0.88067,0.88067,0.88065,0.88066,6000000,1
1413874080000,1413874139000,0.88066,0.88072,0.88066,0.88067,28050000,1
1413874140000,1413874199000,0.88067,0.88067,0.88046,0.88047,41590000,1
1413874200000,1413874259000,0.88048,0.88069,0.88039,0.88056,91260000,1
1413874260000,1413874319000,0.88056,0.88057,0.88049,0.88055,45070000,1
1413874320000,1413874379000,0.88053,0.88053,0.88005,0.88016,102740000,1
1413874380000,1413874439000,0.88016,0.88044,0.88015,0.88042,101830000,1
1413874440000,1413874499000,0.88041,0.88041,0.88017,0.88024,85150000,1
1413874500000,1413874559000,0.88026,0.88034,0.87954,0.87954,166720000,1
1413874560000,1413874619000,0.87948,0.87999,0.87947,0.87999,114270000,1
1413874620000,1413874679000,0.88,0.88039,0.87999,0.88034,111250000,1
1413874680000,1413874739000,0.88033,0.88036,0.88026,0.8803,50390000,1
1413874740000,1413874799000,0.88029,0.88032,0.87976,0.87987,126000000,1
1413874800000,1413874859000,0.87989,0.88024,0.87989,0.88021,65400000,1
1413874860000,1413874919000,0.88019,0.8802,0.88004,0.88017,53470000,1
1413874920000,1413874979000,0.88017,0.88032,0.88017,0.88022,94450000,1
1413874980000,1413875039000,0.88025,0.88034,0.88025,0.88027,49860000,1
1413875040000,1413875099000,0.88029,0.88052,0.88027,0.88027,87420000,1
1413875100000,1413875159000,0.88027,0.88031,0.88019,0.88028,67910000,1
1413875160000,1413875219000,0.88028,0.88039,0.88008,0.88027,149330000,1
1413875220000,1413875279000,0.88027,0.88047,0.88026,0.88026,63650000,1
1413875280000,1413875339000,0.88026,0.88039,0.88025,0.88037,72970000,1
1413875340000,1413875399000,0.88037,0.88052,0.88027,0.88028,94090000,1
1413875400000,1413875459000,0.88028,0.88028,0.88017,0.88026,64980000,1
1413875460000,1413875519000,0.88026,0.88026,0.87997,0.87997,55370000,1
1413875520000,1413875579000,0.87997,0.88007,0.87995,0.88001,70400000,1
1413875580000,1413875639000,0.88001,0.88026,0.88001,0.88026,81550000,1
1413875640000,1413875699000,0.88025,0.88027,0.88008,0.88023,113330000,1
1413875700000,1413875759000,0.88025,0.88036,0.88025,0.88036,66200000,1
1413875760000,1413875819000,0.88036,0.88036,0.88017,0.88017,53510000,1
1413875820000,1413875879000,0.88017,0.88033,0.88017,0.88029,24590000,1
1413875880000,1413875939000,0.88031,0.8805,0.88031,0.88049,94550000,1
1413875940000,1413875999000,0.88049,0.88057,0.88038,0.88046,85230000,1
1413876000000,1413876059000,0.88046,0.88055,0.88037,0.88038,54040000,1
1413876060000,1413876119000,0.88038,0.88051,0.88017,0.88046,78170000,1
1413876120000,1413876179000,0.88046,0.88046,0.88017,0.88036,86450000,1
1413876180000,1413876239000,0.88036,0.88068,0.88036,0.88059,82890000,1
1413876240000,1413876299000,0.88058,0.88077,0.88034,0.88049,83740000,1
1413876300000,1413876359000,0.8805,0.88055,0.88027,0.88028,94990000,1
1413876360000,1413876419000,0.88028,0.88042,0.88027,0.88035,62990000,1
1413876420000,1413876479000,0.88037,0.88057,0.88037,0.88047,45530000,1
1413876480000,1413876539000,0.88047,0.88047,0.88029,0.88036,80890000,1
1413876540000,1413876599000,0.88036,0.88036,0.88035,0.88035,10870000,1
1413876600000,1413876659000,0.88035,0.88038,0.88013,0.88028,58670000,1
1413876660000,1413876719000,0.88029,0.88039,0.88028,0.88039,95650000,1
1413876720000,1413876779000,0.88037,0.8805,0.88032,0.88044,88500000,1
1413876780000,1413876839000,0.88045,0.88057,0.88037,0.88057,46680000,1
1413876840000,1413876899000,0.88056,0.88056,0.88047,0.88055,68670000,1
1413876900000,1413876959000,0.88055,0.88056,0.88037,0.88038,60930000,1
1413876960000,1413877019000,0.88038,0.88056,0.88038,0.88056,56670000,1
1413877020000,1413877079000,0.88056,0.8807,0.88055,0.88067,84820000,1
1413877080000,1413877139000,0.88066,0.88067,0.88047,0.88047,56500000,1
1413877140000,1413877199000,0.88048,0.88051,0.88048,0.8805,12420000,1
1413877200000,1413877259000,0.88051,0.88055,0.88049,0.88054,74680000,1
1413877260000,1413877319000,0.88056,0.88068,0.88056,0.88067,52370000,1
1413877320000,1413877379000,0.88067,0.88106,0.88067,0.88097,107770000,1
1413877380000,1413877439000,0.88097,0.88119,0.88087,0.88112,100750000,1
1413877440000,1413877499000,0.88112,0.88112,0.8808,0.8808,65110000,1
1413877500000,1413877559000,0.88078,0.8811,0.8807,0.88087,104610000,1
1413877560000,1413877619000,0.88087,0.88087,0.88067,0.88078,87800000,1
1413877620000,1413877679000,0.88077,0.88084,0.88067,0.88077,78880000,1
1413877680000,1413877739000,0.88077,0.88122,0.88068,0.88106,108850000,1
1413877740000,1413877799000,0.88106,0.88106,0.88097,0.88097,32000000,1
1413877800000,1413877859000,0.88097,0.8813,0.88092,0.88124,83600000,1
1413877860000,1413877919000,0.88128,0.88128,0.88088,0.88088,34720000,1
1413877920000,1413877979000,0.8809,0.88129,0.8809,0.88129,82160000,1
1413877980000,1413878039000,0.88128,0.88141,0.88117,0.88117,84960000,1
1413878040000,1413878099000,0.88117,0.88147,0.88117,0.88139,66780000,1
1413878100000,1413878159000,0.88139,0.88157,0.88132,0.88137,99560000,1
1413878160000,1413878219000,0.88138,0.88146,0.88108,0.88108,102230000,1
1413878220000,1413878279000,0.88108,0.88116,0.88086,0.88087,91930000,1
1413878280000,1413878339000,0.88087,0.8812,0.88087,0.88087,113170000,1
1413878340000,1413878399000,0.88087,0.88087,0.88074,0.88085,80240000,1
1413878400000,1413878459000,0.88085,0.88116,0.88083,0.88116,50850000,1
1413878460000,1413878519000,0.88116,0.88137,0.88115,0.88127,43950000,1
1413878520000,1413878579000,0.88127,0.88127,0.88092,0.88108,56140000,1
1413878580000,1413878639000,0.88107,0.88129,0.88094,0.88098,93290000,1
1413878640000,1413878699000,0.88096,0.88106,0.88091,0.88106,37200000,1
1413878700000,1413878759000,0.88106,0.88127,0.88106,0.88118,67580000,1
1413878760000,1413878819000,0.88116,0.88116,0.881,0.881,33430000,1
1413878820000,1413878879000,0.88098,0.88101,0.88075,0.88078,81440000,1
1413878880000,1413878939000,0.88078,0.88097,0.88074,0.88082,87780000,1
1413878940000,1413878999000,0.88082,0.88083,0.88048,0.88059,76080000,1
1413879000000,1413879059000,0.88056,0.88056,0.88023,0.8803,104570000,1
1413879060000,1413879119000,0.8803,0.88052,0.88021,0.88039,74960000,1
1413879120000,1413879179000,0.88038,0.88038,0.8802,0.88033,56190000,1
1413879180000,1413879239000,0.88033,0.88057,0.88033,0.88049,88820000,1
1413879240000,1413879299000,0.8805,0.88055,0.88022,0.88028,86460000,1
1413879300000,1413879359000,0.88026,0.88027,0.88022,0.88027,17300000,1
1413879360000,1413879419000,0.88027,0.8803,0.8802,0.88028,42240000,1
1413879420000,1413879479000,0.88029,0.88036,0.88027,0.8803,40200000,1
1413879480000,1413879539000,0.88033,0.88044,0.88031,0.88041,76450000,1
1413879540000,1413879599000,0.8804,0.88042,0.88021,0.88022,81950000,1
1413879600000,1413879659000,0.88021,0.88029,0.8802,0.88028,60250000,1
1413879660000,1413879719000,0.88029,0.88038,0.88026,0.88028,53730000,1
1413879720000,1413879779000,0.88027,0.88029,0.88027,0.88028,21000000,1
1413879780000,1413879839000,0.88028,0.88039,0.88027,0.88037,52150000,1
1413879840000,1413879899000,0.88037,0.88037,0.8802,0.88026,32840000,1
1413879900000,1413879959000,0.88026,0.8803,0.8802,0.88028,33300000,1
1413879960000,1413880019000,0.88027,0.88027,0.88007,0.88015,70660000,1
1413880020000,1413880079000,0.88015,0.88037,0.88015,0.88037,42010000,1
1413880080000,1413880139000,0.88037,0.88046,0.88029,0.8804,43670000,1
1413880140000,1413880199000,0.88039,0.8807,0.88038,0.8806,94170000,1
1413880200000,1413880259000,0.8806,0.88062,0.88042,0.88048,49700000,1
1413880260000,1413880319000,0.88046,0.88049,0.88037,0.8804,27020000,1
1413880320000,1413880379000,0.88042,0.88057,0.88038,0.88053,59130000,1
1413880380000,1413880439000,0.88049,0.88057,0.88047,0.88047,31260000,1
1413880440000,1413880499000,0.88039,0.88039,0.88024,0.88029,37340000,1
1413880500000,1413880559000,0.88027,0.8804,0.88027,0.88036,55620000,1
1413880560000,1413880619000,0.88036,0.88037,0.88027,0.88027,43670000,1
1413880620000,1413880679000,0.88026,0.88037,0.88004,0.88014,96000000,1
1413880680000,1413880739000,0.88014,0.88027,0.88012,0.88018,57910000,1
1413880740000,1413880799000,0.88018,0.88018,0.88007,0.88007,17250000,1
1413880800000,1413880859000,0.88007,0.88018,0.88,0.88007,79140000,1
1413880860000,1413880919000,0.88008,0.88016,0.88,0.88001,59420000,1
1413880920000,1413880979000,0.88001,0.88005,0.87978,0.87978,59770000,1
1413880980000,1413881039000,0.87974,0.87975,0.87946,0.87957,38940000,1
1413881040000,1413881099000,0.87955,0.87976,0.87955,0.87976,70760000,1
1413881100000,1413881159000,0.87976,0.87997,0.87974,0.87997,70800000,1
1413881160000,1413881219000,0.87997,0.87998,0.87975,0.87976,68440000,1
1413881220000,1413881279000,0.87975,0.87988,0.87973,0.87983,62470000,1
1413881280000,1413881339000,0.87982,0.88006,0.87977,0.88004,71260000,1
1413881340000,1413881399000,0.88005,0.88007,0.87995,0.87997,74730000,1
1413881400000,1413881459000,0.87997,0.87998,0.87977,0.87981,37760000,1
1413881460000,1413881519000,0.87981,0.87997,0.8798,0.87988,72020000,1
1413881520000,1413881579000,0.87989,0.88018,0.87989,0.88018,48520000,1
1413881580000,1413881639000,0.88017,0.88031,0.88017,0.88025,56910000,1
1413881640000,1413881699000,0.88022,0.88022,0.88016,0.88017,24840000,1
1413881700000,1413881759000,0.88017,0.88017,0.87944,0.88,134100000,1
1413881760000,1413881819000,0.88003,0.88005,0.87977,0.8799,78510000,1
1413881820000,1413881879000,0.8799,0.8799,0.87977,0.87977,49430000,1
1413881880000,1413881939000,0.87977,0.87977,0.87936,0.87936,58740000,1
1413881940000,1413881999000,0.87936,0.87958,0.87927,0.87939,142080000,1
1413882000000,1413882059000,0.87939,0.87949,0.87929,0.87949,73020000,1
1413882060000,1413882119000,0.87948,0.8795,0.87929,0.8793,49610000,1
1413882120000,1413882179000,0.87932,0.87938,0.87919,0.87933,75850000,1
1413882180000,1413882239000,0.87931,0.87937,0.87928,0.87928,27190000,1
1413882240000,1413882299000,0.87928,0.87956,0.87928,0.87956,75970000,1
1413882300000,1413882359000,0.87957,0.87958,0.87945,0.87957,125790000,1
1413882360000,1413882419000,0.87957,0.87974,0.87957,0.87966,84630000,1
1413882420000,1413882479000,0.87966,0.87977,0.87957,0.87958,58350000,1
1413882480000,1413882539000,0.87958,0.87988,0.87958,0.87969,49760000,1
1413882540000,1413882599000,0.87969,0.88002,0.87969,0.87997,66420000,1
1413882600000,1413882659000,0.87997,0.88042,0.87993,0.88042,125920000,1
1413882660000,1413882719000,0.88045,0.88048,0.88035,0.88038,70140000,1
1413882720000,1413882779000,0.88038,0.88038,0.88027,0.88031,42600000,1
1413882780000,1413882839000,0.88031,0.88036,0.8803,0.88036,15520000,1
1413882840000,1413882899000,0.88037,0.88038,0.88027,0.88038,56980000,1
1413882900000,1413882959000,0.88038,0.88038,0.88027,0.88027,31390000,1
1413882960000,1413883019000,0.88027,0.88048,0.88026,0.88044,41340000,1
1413883020000,1413883079000,0.88045,0.88046,0.88041,0.88041,54600000,1
1413883080000,1413883139000,0.8804,0.8804,0.88027,0.88027,15870000,1
1413883140000,1413883199000,0.88027,0.8804,0.88025,0.88038,25990000,1
1413883200000,1413883259000,0.88038,0.88047,0.88037,0.88047,29670000,1
1413883260000,1413883319000,0.88047,0.88054,0.88046,0.88047,79500000,1
1413883320000,1413883379000,0.88047,0.8805,0.8804,0.88048,46880000,1
1413883380000,1413883439000,0.88048,0.88048,0.88043,0.88047,18540000,1
1413883440000,1413883499000,0.88047,0.88049,0.88045,0.88046,26510000,1
1413883500000,1413883559000,0.88042,0.88045,0.88037,0.88037,20510000,1
1413883560000,1413883619000,0.88037,0.88037,0.88028,0.88028,37760000,1
1413883620000,1413883679000,0.8803,0.88031,0.88028,0.88031,22890000,1
1413883680000,1413883739000,0.88032,0.88049,0.88032,0.88049,14500000,1
1413883740000,1413883799000,0.8805,0.88091,0.8805,0.88082,105590000,1
1413883800000,1413883859000,0.88082,0.88085,0.8799,0.87995,205640000,1
1413883860000,1413883919000,0.87993,0.88067,0.87993,0.88049,193060000,1
1413883920000,1413883979000,0.88047,0.88056,0.88006,0.88009,142200000,1
1413883980000,1413884039000,0.88011,0.8806,0.8801,0.88056,135710000,1
1413884040000,1413884099000,0.88056,0.881,0.88048,0.88079,144550000,1
1413884100000,1413884159000,0.88078,0.8808,0.88038,0.88064,83980000,1
1413884160000,1413884219000,0.88066,0.88086,0.88066,0.88074,71930000,1
1413884220000,1413884279000,0.88074,0.88074,0.88034,0.88035,97410000,1
1413884280000,1413884339000,0.88037,0.88038,0.88017,0.88017,93000000,1
1413884340000,1413884399000,0.88018,0.88059,0.88017,0.88056,79630000,1
1413884400000,1413884459000,0.88056,0.88071,0.88056,0.88069,70830000,1
1413884460000,1413884519000,0.88072,0.88077,0.8803,0.88047,104530000,1
1413884520000,1413884579000,0.88046,0.88058,0.88027,0.88035,115250000,1
1413884580000,1413884639000,0.88035,0.8804,0.88016,0.88026,133770000,1
1413884640000,1413884699000,0.88025,0.88041,0.87987,0.87997,124230000,1
1413884700000,1413884759000,0.87997,0.87997,0.87966,0.87966,134370000,1
1413884760000,1413884819000,0.87966,0.88056,0.87966,0.88056,138020000,1
1413884820000,1413884879000,0.88056,0.88059,0.88039,0.88041,71310000,1
1413884880000,1413884939000,0.88041,0.88075,0.88029,0.88075,110720000,1
1413884940000,1413884999000,0.88075,0.88075,0.88039,0.88047,55070000,1
1413885000000,1413885059000,0.88046,0.88046,0.88027,0.88036,91630000,1
1413885060000,1413885119000,0.88029,0.88046,0.88017,0.88037,70670000,1
1413885120000,1413885179000,0.88038,0.88059,0.88036,0.88058,79980000,1
1413885180000,1413885239000,0.88059,0.88075,0.88059,0.88066,69210000,1
1413885240000,1413885299000,0.88066,0.88084,0.88054,0.88068,99460000,1
1413885300000,1413885359000,0.8807,0.88104,0.88069,0.88102,58440000,1
1413885360000,1413885419000,0.88102,0.88107,0.88059,0.88075,87150000,1
1413885420000,1413885479000,0.88075,0.88103,0.88075,0.88095,89930000,1
1413885480000,1413885539000,0.88095,0.88104,0.88087,0.88097,113000000,1
1413885540000,1413885599000,0.88095,0.88121,0.88077,0.88118,105680000,1
1413885600000,1413885659000,0.88118,0.8813,0.88105,0.88126,108230000,1
1413885660000,1413885719000,0.88126,0.88126,0.88082,0.88083,78690000,1
1413885720000,1413885779000,0.88082,0.88154,0.88077,0.88148,119300000,1
1413885780000,1413885839000,0.88148,0.88149,0.88107,0.88107,99180000,1
1413885840000,1413885899000,0.88107,0.88107,0.88077,0.88086,67890000,1
1413885900000,1413885959000,0.88088,0.88107,0.88088,0.88096,90050000,1
1413885960000,1413886019000,0.88095,0.88095,0.88076,0.88076,49620000,1
1413886020000,1413886079000,0.88076,0.88078,0.88061,0.88076,44850000,1
1413886080000,1413886139000,0.88078,0.88106,0.88078,0.88085,97220000,1
1413886140000,1413886199000,0.88085,0.88085,0.88058,0.88058,32830000,1
1413886200000,1413886259000,0.88058,0.88079,0.88058,0.88075,50220000,1
1413886260000,1413886319000,0.88075,0.88086,0.88066,0.88066,68400000,1
1413886320000,1413886379000,0.88066,0.88076,0.88066,0.88069,70840000,1
1413886380000,1413886439000,0.88068,0.88068,0.88047,0.88065,58440000,1
1413886440000,1413886499000,0.88065,0.88071,0.8806,0.88071,39870000,1
1413886500000,1413886559000,0.8807,0.88076,0.88057,0.88076,81970000,1
1413886560000,1413886619000,0.88073,0.88088,0.8806,0.88066,86700000,1
1413886620000,1413886679000,0.88068,0.8812,0.88067,0.88116,112670000,1
1413886680000,1413886739000,0.88118,0.88127,0.8811,0.8812,93230000,1
1413886740000,1413886799000,0.88119,0.88119,0.88081,0.88097,117120000,1
1413886800000,1413886859000,0.88098,0.88127,0.8809,0.88116,79400000,1
1413886860000,1413886919000,0.88116,0.88135,0.88092,0.88096,98490000,1
1413886920000,1413886979000,0.88092,0.88093,0.88067,0.88088,58220000,1
1413886980000,1413887039000,0.88086,0.88097,0.88075,0.88078,59020000,1
1413887040000,1413887099000,0.88079,0.88097,0.88079,0.88094,50420000,1
1413887100000,1413887159000,0.88094,0.88094,0.88065,0.88066,71230000,1
1413887160000,1413887219000,0.88068,0.88078,0.88057,0.88058,61540000,1
1413887220000,1413887279000,0.88058,0.8806,0.88047,0.8806,85090000,1
1413887280000,1413887339000,0.88063,0.88067,0.88047,0.88055,78800000,1
1413887340000,1413887399000,0.88055,0.88087,0.88046,0.88077,56100000,1
1413887400000,1413887459000,0.88077,0.88089,0.88071,0.88087,35890000,1
1413887460000,1413887519000,0.88088,0.88097,0.88077,0.88087,85990000,1
1413887520000,1413887579000,0.88088,0.88096,0.88076,0.88085,72170000,1
1413887580000,1413887639000,0.88088,0.88108,0.88065,0.8807,106170000,1
1413887640000,1413887699000,0.88069,0.88096,0.88067,0.88074,91820000,1
1413887700000,1413887759000,0.88074,0.88079,0.88065,0.88074,84490000,1
1413887760000,1413887819000,0.88073,0.88073,0.88058,0.88065,66460000,1
1413887820000,1413887879000,0.88063,0.88066,0.88062,0.88066,23390000,1
1413887880000,1413887939000,0.88066,0.88066,0.88057,0.88065,45090000,1
1413887940000,1413887999000,0.88065,0.88065,0.88044,0.88046,40150000,1
1413888000000,1413888059000,0.88046,0.88046,0.88034,0.88045,77220000,1
1413888060000,1413888119000,0.88046,0.88048,0.88038,0.88039,33290000,1
1413888120000,1413888179000,0.88042,0.88049,0.88034,0.88039,37370000,1
1413888180000,1413888239000,0.8804,0.8804,0.8803,0.88039,27420000,1
1413888240000,1413888299000,0.88038,0.88038,0.88031,0.88035,10960000,1
1413888300000,1413888359000,0.88033,0.8804,0.8802,0.88039,61010000,1
1413888360000,1413888419000,0.88041,0.88041,0.88034,0.88036,37160000,1
1413888420000,1413888479000,0.88038,0.8805,0.88038,0.88048,30980000,1
1413888480000,1413888539000,0.88048,0.88057,0.88018,0.88022,86080000,1
1413888540000,1413888599000,0.88022,0.88028,0.88017,0.88028,46720000,1
1413888600000,1413888659000,0.88026,0.88026,0.88017,0.88019,22000000,1
1413888660000,1413888719000,0.88019,0.88032,0.88012,0.88028,47100000,1
1413888720000,1413888779000,0.88028,0.88038,0.88028,0.88035,32310000,1
1413888780000,1413888839000,0.88036,0.88038,0.88029,0.88036,17470000,1
1413888840000,1413888899000,0.88033,0.88037,0.88011,0.88013,81000000,1
1413888900000,1413888959000,0.88013,0.88025,0.88013,0.88017,40650000,1
1413888960000,1413889019000,0.88017,0.88023,0.87984,0.87996,57510000,1
1413889020000,1413889079000,0.87996,0.88006,0.87996,0.88004,96200000,1
1413889080000,1413889139000,0.88004,0.88005,0.87987,0.87992,61410000,1
1413889140000,1413889199000,0.87993,0.87999,0.87977,0.8798,75760000,1
1413889200000,1413889259000,0.8798,0.87988,0.87976,0.87986,60640000,1
1413889260000,1413889319000,0.87986,0.88026,0.87986,0.88019,75370000,1
1413889320000,1413889379000,0.88019,0.88019,0.87988,0.87997,80900000,1
1413889380000,1413889439000,0.87997,0.88026,0.87997,0.88018,59130000,1
1413889440000,1413889499000,0.88018,0.88046,0.88018,0.88046,73080000,1
1413889500000,1413889559000,0.88046,0.88052,0.88037,0.88052,41660000,1
1413889560000,1413889619000,0.88052,0.88058,0.88035,0.88039,82110000,1
1413889620000,1413889679000,0.88043,0.88077,0.8804,0.88077,72780000,1
1413889680000,1413889739000,0.88077,0.8812,0.88077,0.88117,114920000,1
1413889740000,1413889799000,0.88117,0.88117,0.8807,0.88077,67810000,1
1413889800000,1413889859000,0.88078,0.88096,0.88078,0.88096,23310000,1
1413889860000,1413889919000,0.88097,0.88097,0.88084,0.88084,33490000,1
1413889920000,1413889979000,0.88085,0.88087,0.8807,0.8807,55480000,1
1413889980000,1413890039000,0.8807,0.88077,0.88058,0.88076,75400000,1
1413890040000,1413890099000,0.88076,0.88105,0.8807,0.88104,70830000,1
1413890100000,1413890159000,0.88106,0.88114,0.88105,0.88108,91570000,1
1413890160000,1413890219000,0.88108,0.88109,0.88088,0.88088,45260000,1
1413890220000,1413890279000,0.88091,0.88123,0.88091,0.88123,81960000,1
1413890280000,1413890339000,0.88122,0.88174,0.8812,0.88157,89190000,1
1413890340000,1413890399000,0.88157,0.88157,0.88127,0.88127,65440000,1
1413890400000,1413890459000,0.88127,0.88136,0.88127,0.88136,12090000,1
1413890460000,1413890519000,0.88138,0.88143,0.88107,0.88107,67950000,1
1413890520000,1413890579000,0.88107,0.88115,0.88097,0.88098,86020000,1
1413890580000,1413890639000,0.88098,0.88105,0.88095,0.88098,46400000,1
1413890640000,1413890699000,0.88096,0.88098,0.88086,0.88089,56460000,1
1413890700000,1413890759000,0.88087,0.88116,0.88087,0.88116,51840000,1
1413890760000,1413890819000,0.88116,0.88116,0.88096,0.88096,40090000,1
1413890820000,1413890879000,0.88093,0.88096,0.88067,0.88067,120620000,1
1413890880000,1413890939000,0.88067,0.88076,0.88065,0.88067,59060000,1
1413890940000,1413890999000,0.88067,0.88088,0.88067,0.88088,25530000,1
1413891000000,1413891059000,0.88094,0.88107,0.88094,0.88106,47970000,1
1413891060000,1413891119000,0.88106,0.88107,0.88092,0.88094,42800000,1
1413891120000,1413891179000,0.88094,0.88094,0.88088,0.88088,25380000,1
1413891180000,1413891239000,0.88086,0.88086,0.88068,0.88068,24490000,1
1413891240000,1413891299000,0.88071,0.88087,0.88071,0.88087,28890000,1
1413891300000,1413891359000,0.88087,0.88097,0.88087,0.88097,11470000,1
1413891360000,1413891419000,0.88097,0.88115,0.88097,0.88115,40500000,1
1413891420000,1413891479000,0.88117,0.88117,0.88097,0.88097,33370000,1
1413891480000,1413891539000,0.88097,0.88098,0.88084,0.88087,26530000,1
1413891540000,1413891599000,0.88085,0.88087,0.88077,0.88087,45670000,1
1413891600000,1413891659000,0.88088,0.88106,0.88087,0.88105,27630000,1
1413891660000,1413891719000,0.88105,0.88117,0.88096,0.88096,77700000,1
1413891720000,1413891779000,0.88097,0.88109,0.88097,0.88108,10610000,1
1413891780000,1413891839000,0.88107,0.8813,0.88106,0.88129,26400000,1
1413891840000,1413891899000,0.88128,0.88132,0.88117,0.88117,36380000,1
1413891900000,1413891959000,0.88117,0.88119,0.88098,0.88119,63380000,1
1413891960000,1413892019000,0.88119,0.88145,0.88117,0.8813,45020000,1
1413892020000,1413892079000,0.8813,0.88134,0.88118,0.88118,46940000,1
1413892080000,1413892139000,0.88116,0.88127,0.88116,0.88127,9000000,1
1413892140000,1413892199000,0.88127,0.88128,0.88107,0.88121,77720000,1
1413892200000,1413892259000,0.88121,0.88121,0.88113,0.88116,15760000,1
1413892260000,1413892319000,0.88116,0.88116,0.88094,0.88094,22980000,1
1413892320000,1413892379000,0.88094,0.88094,0.88065,0.88066,67960000,1
1413892380000,1413892439000,0.88065,0.88077,0.88065,0.88068,70960000,1
1413892440000,1413892499000,0.88071,0.88076,0.88067,0.88067,31650000,1
1413892500000,1413892559000,0.88067,0.88068,0.88067,0.88067,20000000,1
1413892560000,1413892619000,0.88066,0.88068,0.88058,0.88066,42750000,1
1413892620000,1413892679000,0.88066,0.88079,0.88066,0.88079,13280000,1
1413892680000,1413892739000,0.88078,0.88138,0.88078,0.88126,149670000,1
1413892740000,1413892799000,0.88126,0.88147,0.88096,0.88135,257140000,1
1413892800000,1413892859000,0.88135,0.88138,0.881,0.881,103990000,1
1413892860000,1413892919000,0.88098,0.88113,0.88087,0.88087,122320000,1
1413892920000,1413892979000,0.88087,0.88124,0.88077,0.88117,103580000,1
1413892980000,1413893039000,0.88117,0.88131,0.88104,0.88128,100060000,1
1413893040000,1413893099000,0.88125,0.88137,0.88117,0.88137,63260000,1
1413893100000,1413893159000,0.88137,0.88137,0.88107,0.88127,60940000,1
1413893160000,1413893219000,0.88128,0.88137,0.88117,0.88137,55960000,1
1413893220000,1413893279000,0.88138,0.88162,0.88138,0.88156,83770000,1
1413893280000,1413893339000,0.88156,0.88206,0.88152,0.88181,99390000,1
1413893340000,1413893399000,0.88183,0.88185,0.88167,0.88176,49190000,1
1413893400000,1413893459000,0.88176,0.88177,0.88154,0.88154,47910000,1
1413893460000,1413893519000,0.88154,0.88154,0.88137,0.88147,35610000,1
1413893520000,1413893579000,0.88147,0.88147,0.88127,0.88136,41500000,1
1413893580000,1413893639000,0.88136,0.88157,0.88136,0.88157,33120000,1
1413893640000,1413893699000,0.88157,0.88177,0.88154,0.88167,57830000,1
1413893700000,1413893759000,0.88167,0.88181,0.88161,0.88167,121110000,1
1413893760000,1413893819000,0.88167,0.88167,0.88148,0.88148,72540000,1
1413893820000,1413893879000,0.88147,0.88155,0.88126,0.88137,41620000,1
1413893880000,1413893939000,0.88134,0.88134,0.88116,0.88118,55400000,1
1413893940000,1413893999000,0.88118,0.88148,0.88111,0.88148,33010000,1
1413894000000,1413894059000,0.88146,0.88148,0.88136,0.8814,53920000,1
1413894060000,1413894119000,0.88138,0.88164,0.88137,0.88164,53000000,1
1413894120000,1413894179000,0.88164,0.88166,0.88138,0.88138,60520000,1
1413894180000,1413894239000,0.88138,0.88148,0.88128,0.88148,27960000,1
1413894240000,1413894299000,0.8815,0.88179,0.8815,0.88177,58890000,1
1413894300000,1413894359000,0.88175,0.88182,0.88174,0.88176,42830000,1
1413894360000,1413894419000,0.88176,0.88188,0.88167,0.88185,88260000,1
1413894420000,1413894479000,0.88186,0.88223,0.88186,0.88197,100260000,1
1413894480000,1413894539000,0.88197,0.88197,0.88162,0.88162,107670000,1
1413894540000,1413894599000,0.88162,0.8818,0.88155,0.8818,70810000,1
1413894600000,1413894659000,0.88179,0.88188,0.88173,0.88188,47640000,1
1413894660000,1413894719000,0.88189,0.8821,0.88189,0.88207,40180000,1
1413894720000,1413894779000,0.88207,0.8821,0.88207,0.88208,8370000,1
1413894780000,1413894839000,0.88206,0.88219,0.88201,0.88216,66760000,1
1413894840000,1413894899000,0.88216,0.8822,0.88205,0.88213,76520000,1
1413894900000,1413894959000,0.88213,0.88229,0.88204,0.88223,96670000,1
1413894960000,1413895019000,0.88223,0.88253,0.88222,0.88237,104560000,1
1413895020000,1413895079000,0.88239,0.88266,0.88239,0.88257,88860000,1
1413895080000,1413895139000,0.88257,0.88265,0.88239,0.88249,104110000,1
1413895140000,1413895199000,0.88247,0.88247,0.88217,0.88217,73200000,1
1413895200000,1413895259000,0.88217,0.88217,0.88197,0.88214,110650000,1
1413895260000,1413895319000,0.88215,0.88248,0.88211,0.88246,83930000,1
1413895320000,1413895379000,0.88246,0.88258,0.88246,0.88254,83080000,1
1413895380000,1413895439000,0.88254,0.88323,0.88248,0.8831,178610000,1
1413895440000,1413895499000,0.88311,0.88311,0.88281,0.88288,112410000,1
1413895500000,1413895559000,0.88286,0.88294,0.88252,0.88259,117200000,1
1413895560000,1413895619000,0.8826,0.88262,0.88238,0.88251,76790000,1
1413895620000,1413895679000,0.88252,0.88258,0.88241,0.88246,97280000,1
1413895680000,1413895739000,0.88246,0.8829,0.88246,0.8828,76920000,1
1413895740000,1413895799000,0.8828,0.88295,0.88277,0.88287,92170000,1
1413895800000,1413895859000,0.88291,0.88295,0.88267,0.88268,49900000,1
1413895860000,1413895919000,0.88268,0.88286,0.88257,0.88257,63750000,1
1413895920000,1413895979000,0.88257,0.88262,0.8825,0.8825,48190000,1
1413895980000,1413896039000,0.8825,0.8825,0.88241,0.88241,40110000,1
1413896040000,1413896099000,0.88239,0.88268,0.88238,0.88265,90840000,1
1413896100000,1413896159000,0.88268,0.88268,0.8824,0.88246,92930000,1
1413896160000,1413896219000,0.88246,0.88246,0.88226,0.88227,69410000,1
1413896220000,1413896279000,0.88227,0.88235,0.88215,0.88224,119010000,1
1413896280000,1413896339000,0.88226,0.88226,0.88224,0.88226,13450000,1
1413896340000,1413896399000,0.88226,0.88226,0.88218,0.88226,47730000,1
1413896400000,1413896459000,0.88226,0.88237,0.88226,0.88237,13940000,1
1413896460000,1413896519000,0.88237,0.88257,0.88237,0.88248,47490000,1
1413896520000,1413896579000,0.88246,0.88264,0.88245,0.88257,48190000,1
1413896580000,1413896639000,0.88257,0.88257,0.88223,0.88226,43330000,1
1413896640000,1413896699000,0.88226,0.88239,0.88223,0.88236,60410000,1
1413896700000,1413896759000,0.88236,0.88236,0.88226,0.88226,44250000,1
1413896760000,1413896819000,0.88226,0.88237,0.88225,0.88227,52490000,1
1413896820000,1413896879000,0.88227,0.88227,0.88201,0.88217,66370000,1
1413896880000,1413896939000,0.88217,0.88258,0.88217,0.88247,49170000,1
1413896940000,1413896999000,0.88247,0.88247,0.88217,0.88237,65350000,1
1413897000000,1413897059000,0.88232,0.88232,0.88189,0.88189,78100000,1
1413897060000,1413897119000,0.88189,0.88214,0.88178,0.88214,106870000,1
1413897120000,1413897179000,0.88215,0.88216,0.88197,0.88197,71370000,1
1413897180000,1413897239000,0.88197,0.88203,0.88187,0.88202,84120000,1
1413897240000,1413897299000,0.88205,0.88205,0.88165,0.88165,92010000,1
1413897300000,1413897359000,0.88165,0.88177,0.88145,0.88156,59210000,1
1413897360000,1413897419000,0.88156,0.88167,0.88153,0.88167,31440000,1
1413897420000,1413897479000,0.88167,0.88177,0.88166,0.88166,49120000,1
1413897480000,1413897539000,0.88166,0.88177,0.88166,0.88166,50070000,1
1413897540000,1413897599000,0.88166,0.88177,0.88166,0.88175,95850000,1
1413897600000,1413897659000,0.88175,0.88187,0.8817,0.88186,68910000,1
1413897660000,1413897719000,0.88186,0.88207,0.88179,0.88206,61230000,1
1413897720000,1413897779000,0.88206,0.88206,0.88182,0.88186,44060000,1
1413897780000,1413897839000,0.88186,0.88186,0.88168,0.88168,24000000,1
1413897840000,1413897899000,0.88168,0.88168,0.88158,0.88158,32700000,1
1413897900000,1413897959000,0.88158,0.88165,0.88157,0.88159,71300000,1
1413897960000,1413898019000,0.88159,0.88163,0.88117,0.88126,68890000,1
1413898020000,1413898079000,0.88126,0.88148,0.88126,0.88137,115010000,1
1413898080000,1413898139000,0.88136,0.88146,0.88129,0.88138,118110000,1
1413898140000,1413898199000,0.88138,0.88147,0.88138,0.88147,27900000,1
1413898200000,1413898259000,0.88143,0.88168,0.88143,0.88168,40210000,1
1413898260000,1413898319000,0.88169,0.88184,0.88148,0.8815,103700000,1
1413898320000,1413898379000,0.88149,0.88153,0.88128,0.88128,61000000,1
1413898380000,1413898439000,0.88129,0.88149,0.88128,0.88147,29150000,1
1413898440000,1413898499000,0.88148,0.88148,0.8814,0.88146,19950000,1
1413898500000,1413898559000,0.88147,0.88149,0.88146,0.88147,8330000,1
1413898560000,1413898619000,0.88147,0.88158,0.88147,0.88157,42870000,1
1413898620000,1413898679000,0.88156,0.88156,0.88156,0.88156,6440000,1
1413898680000,1413898739000,0.88156,0.88156,0.88127,0.88128,52330000,1
1413898740000,1413898799000,0.88126,0.88127,0.88119,0.88121,64950000,1
1413898800000,1413898859000,0.8812,0.88124,0.88093,0.88106,105410000,1
1413898860000,1413898919000,0.88107,0.88108,0.88096,0.88098,52010000,1
1413898920000,1413898979000,0.881,0.88145,0.881,0.88145,91950000,1
1413898980000,1413899039000,0.88146,0.88158,0.88142,0.88157,86870000,1
1413899040000,1413899099000,0.88157,0.88179,0.88156,0.88173,123060000,1
1413899100000,1413899159000,0.88172,0.8818,0.8817,0.88178,52800000,1
1413899160000,1413899219000,0.8818,0.88219,0.8818,0.88212,112880000,1
1413899220000,1413899279000,0.88215,0.88215,0.88187,0.88188,61380000,1
1413899280000,1413899339000,0.88188,0.88188,0.88167,0.88177,70520000,1
1413899340000,1413899399000,0.88178,0.8818,0.88159,0.88166,52810000,1
1413899400000,1413899459000,0.88168,0.88197,0.88166,0.88188,80000000,1
1413899460000,1413899519000,0.88188,0.88211,0.88188,0.88208,56820000,1
1413899520000,1413899579000,0.88209,0.88213,0.88207,0.88208,46180000,1
1413899580000,1413899639000,0.88206,0.88206,0.88176,0.88176,76930000,1
1413899640000,1413899699000,0.88176,0.88176,0.88133,0.88134,73050000,1
1413899700000,1413899759000,0.88135,0.88158,0.88135,0.88147,71080000,1
1413899760000,1413899819000,0.8815,0.8816,0.8815,0.88157,34380000,1
1413899820000,1413899879000,0.88157,0.88159,0.88135,0.88136,41630000,1
1413899880000,1413899939000,0.88136,0.88145,0.88124,0.8814,59880000,1
1413899940000,1413899999000,0.88141,0.88163,0.88141,0.88146,160160000,1
1413900000000,1413900059000,0.88146,0.88162,0.88092,0.88113,242480000,1
1413900060000,1413900119000,0.88115,0.88116,0.88092,0.88116,119590000,1
1413900120000,1413900179000,0.88116,0.88128,0.88098,0.88104,125110000,1
1413900180000,1413900239000,0.88102,0.88138,0.88099,0.88137,86280000,1
1413900240000,1413900299000,0.88127,0.8814,0.88117,0.88128,106590000,1
1413900300000,1413900359000,0.88129,0.88137,0.88103,0.88131,155880000,1
1413900360000,1413900419000,0.88127,0.88149,0.88122,0.88139,132060000,1
1413900420000,1413900479000,0.88141,0.88149,0.88134,0.88136,94040000,1
1413900480000,1413900539000,0.88136,0.88156,0.88105,0.88107,100850000,1
1413900540000,1413900599000,0.88109,0.88137,0.88108,0.88125,133260000,1
1413900600000,1413900659000,0.88125,0.88138,0.88125,0.88137,47650000,1
1413900660000,1413900719000,0.88138,0.88156,0.88137,0.8815,97210000,1
1413900720000,1413900779000,0.8815,0.88182,0.88148,0.88182,151020000,1
1413900780000,1413900839000,0.88182,0.88187,0.8815,0.88167,131510000,1
1413900840000,1413900899000,0.88167,0.88167,0.88136,0.88153,92460000,1
1413900900000,1413900959000,0.88153,0.88153,0.88115,0.88121,80270000,1
1413900960000,1413901019000,0.88117,0.88118,0.88067,0.88077,134900000,1
1413901020000,1413901079000,0.88078,0.88097,0.88074,0.88087,117530000,1
1413901080000,1413901139000,0.88087,0.88116,0.88081,0.88115,133950000,1
1413901140000,1413901199000,0.88115,0.88125,0.88107,0.88117,103800000,1
1413901200000,1413901259000,0.88116,0.88117,0.88074,0.88074,120510000,1
1413901260000,1413901319000,0.88073,0.88096,0.88073,0.88085,136050000,1
1413901320000,1413901379000,0.88088,0.88095,0.88085,0.88095,95590000,1
1413901380000,1413901439000,0.88095,0.88103,0.88095,0.88101,41460000,1
1413901440000,1413901499000,0.88103,0.88112,0.881,0.88102,74550000,1
1413901500000,1413901559000,0.88103,0.88103,0.88064,0.8808,90450000,1
1413901560000,1413901619000,0.8808,0.88087,0.88076,0.88087,37710000,1
1413901620000,1413901679000,0.88087,0.88096,0.88087,0.88087,35500000,1
1413901680000,1413901739000,0.88087,0.88087,0.88077,0.88077,42430000,1
1413901740000,1413901799000,0.88077,0.88083,0.8807,0.88076,48570000,1
1413901800000,1413901859000,0.88076,0.88076,0.88057,0.88063,76710000,1
1413901860000,1413901919000,0.88066,0.88079,0.88057,0.88078,49600000,1
1413901920000,1413901979000,0.88079,0.88079,0.88077,0.88078,25500000,1
1413901980000,1413902039000,0.88079,0.88081,0.87998,0.88015,128160000,1
1413902040000,1413902099000,0.88014,0.88019,0.87984,0.87985,130200000,1
1413902100000,1413902159000,0.87986,0.87992,0.87973,0.87981,121310000,1
1413902160000,1413902219000,0.8798,0.88005,0.87974,0.88001,112330000,1
1413902220000,1413902279000,0.88003,0.88018,0.88003,0.88018,127960000,1
1413902280000,1413902339000,0.88022,0.88038,0.88019,0.88038,69110000,1
1413902340000,1413902399000,0.88038,0.8807,0.88037,0.88067,101650000,1
1413902400000,1413902459000,0.88066,0.88074,0.88058,0.88058,50640000,1
1413902460000,1413902519000,0.88059,0.88076,0.88058,0.88065,47100000,1
1413902520000,1413902579000,0.88065,0.88077,0.88065,0.88066,33250000,1
1413902580000,1413902639000,0.88068,0.88068,0.88055,0.88067,82540000,1
1413902640000,1413902699000,0.88069,0.88073,0.88054,0.88065,75390000,1
1413902700000,1413902759000,0.88065,0.88065,0.88045,0.88046,55410000,1
1413902760000,1413902819000,0.88048,0.88072,0.88045,0.88064,102690000,1
1413902820000,1413902879000,0.88065,0.88068,0.88055,0.88056,59520000,1
1413902880000,1413902939000,0.88056,0.88067,0.88053,0.88053,43720000,1
1413902940000,1413902999000,0.88053,0.88067,0.88052,0.88065,49790000,1
1413903000000,1413903059000,0.88065,0.88077,0.88065,0.88076,32960000,1
1413903060000,1413903119000,0.88076,0.88089,0.88073,0.88089,45760000,1
1413903120000,1413903179000,0.88087,0.88087,0.88065,0.88071,121160000,1
1413903180000,1413903239000,0.88072,0.88076,0.88069,0.88069,62030000,1
1413903240000,1413903299000,0.88069,0.88094,0.88067,0.88086,108590000,1
1413903300000,1413903359000,0.88085,0.88085,0.88067,0.88078,105750000,1
1413903360000,1413903419000,0.88079,0.88083,0.88047,0.88047,52230000,1
1413903420000,1413903479000,0.88052,0.88055,0.88035,0.88038,76470000,1
1413903480000,1413903539000,0.88039,0.88045,0.88034,0.88043,60560000,1
1413903540000,1413903599000,0.88042,0.88078,0.88037,0.88077,105570000,1
1413903600000,1413903659000,0.88077,0.88103,0.88056,0.88056,133420000,1
1413903660000,1413903719000,0.88057,0.88066,0.88039,0.88043,113530000,1
1413903720000,1413903779000,0.88043,0.88067,0.88043,0.88049,49340000,1
1413903780000,1413903839000,0.88047,0.88057,0.88038,0.88057,59110000,1
1413903840000,1413903899000,0.88056,0.88058,0.88055,0.88058,14680000,1
1413903900000,1413903959000,0.88058,0.88064,0.88046,0.88047,35590000,1
1413903960000,1413904019000,0.88046,0.88046,0.88032,0.88036,33450000,1
1413904020000,1413904079000,0.88036,0.88048,0.88026,0.88047,66950000,1
1413904080000,1413904139000,0.88047,0.88067,0.88046,0.88058,62040000,1
1413904140000,1413904199000,0.88058,0.88058,0.88027,0.88039,66660000,1
1413904200000,1413904259000,0.88039,0.88057,0.88037,0.88044,80610000,1
1413904260000,1413904319000,0.88044,0.88048,0.88024,0.88033,83090000,1
1413904320000,1413904379000,0.88033,0.88036,0.88025,0.88027,37000000,1
1413904380000,1413904439000,0.88027,0.88035,0.88025,0.88028,46020000,1
1413904440000,1413904499000,0.88028,0.88032,0.88024,0.88024,50910000,1
1413904500000,1413904559000,0.88025,0.88027,0.88016,0.88016,20570000,1
1413904560000,1413904619000,0.88016,0.88016,0.87972,0.87974,109870000,1
1413904620000,1413904679000,0.87974,0.87985,0.87854,0.87854,200650000,1
1413904680000,1413904739000,0.87847,0.87893,0.87759,0.87877,285280000,1
1413904740000,1413904799000,0.87877,0.87907,0.87874,0.87889,178210000,1
1413904800000,1413904859000,0.87888,0.87898,0.87875,0.87897,104970000,1
1413904860000,1413904919000,0.87898,0.87898,0.87868,0.87875,100050000,1
1413904920000,1413904979000,0.87875,0.87912,0.87875,0.87912,87310000,1
1413904980000,1413905039000,0.87912,0.87912,0.87883,0.87888,71050000,1
1413905040000,1413905099000,0.87887,0.87887,0.87867,0.87886,42970000,1
1413905100000,1413905159000,0.87886,0.8789,0.87871,0.87888,60480000,1
1413905160000,1413905219000,0.87886,0.87907,0.87884,0.87907,54010000,1
1413905220000,1413905279000,0.87909,0.87926,0.87907,0.87925,70870000,1
1413905280000,1413905339000,0.87925,0.87928,0.87916,0.87921,63220000,1
1413905340000,1413905399000,0.87922,0.87934,0.87922,0.87927,72390000,1
1413905400000,1413905459000,0.8793,0.87937,0.87895,0.8792,93200000,1
1413905460000,1413905519000,0.87921,0.87933,0.87896,0.87927,93830000,1
1413905520000,1413905579000,0.87927,0.8793,0.87897,0.87904,59270000,1
1413905580000,1413905639000,0.87904,0.87918,0.87904,0.87905,52660000,1
1413905640000,1413905699000,0.87905,0.87925,0.87905,0.87925,39520000,1
1413905700000,1413905759000,0.87925,0.87925,0.87914,0.87916,44220000,1
1413905760000,1413905819000,0.87916,0.87916,0.87912,0.87915,14000000,1
1413905820000,1413905879000,0.87914,0.87935,0.87914,0.87935,54780000,1
1413905880000,1413905939000,0.87935,0.87953,0.87927,0.87928,91400000,1
1413905940000,1413905999000,0.8793,0.87958,0.8793,0.87958,40720000,1
1413906000000,1413906059000,0.87957,0.87959,0.87953,0.87956,54380000,1
1413906060000,1413906119000,0.87956,0.87957,0.87944,0.87945,21640000,1
1413906120000,1413906179000,0.87946,0.87946,0.87931,0.87935,81180000,1
1413906180000,1413906239000,0.87939,0.87939,0.87916,0.8792,84510000,1
1413906240000,1413906299000,0.8792,0.87933,0.87917,0.8792,61050000,1
1413906300000,1413906359000,0.8792,0.87924,0.87915,0.8792,69600000,1
1413906360000,1413906419000,0.8792,0.87924,0.87912,0.8792,58670000,1
1413906420000,1413906479000,0.87922,0.87925,0.87913,0.87913,23000000,1
1413906480000,1413906539000,0.87912,0.87915,0.87889,0.87906,48730000,1
1413906540000,1413906599000,0.87906,0.87926,0.87904,0.87919,58590000,1
1413906600000,1413906659000,0.87919,0.87925,0.87906,0.87907,38010000,1
1413906660000,1413906719000,0.87906,0.87915,0.87897,0.87915,27740000,1
1413906720000,1413906779000,0.87915,0.87938,0.87914,0.87921,56040000,1
1413906780000,1413906839000,0.87921,0.87929,0.87917,0.87927,30800000,1
1413906840000,1413906899000,0.87927,0.87935,0.87918,0.87925,30850000,1
1413906900000,1413906959000,0.87925,0.87945,0.87925,0.87945,29280000,1
1413906960000,1413907019000,0.87946,0.87958,0.87944,0.87953,54400000,1
1413907020000,1413907079000,0.87954,0.87956,0.87945,0.87946,23850000,1
1413907080000,1413907139000,0.87947,0.87955,0.87947,0.87955,35750000,1
1413907140000,1413907199000,0.87955,0.87967,0.87955,0.87957,45670000,1
1413907200000,1413907259000,0.87958,0.87964,0.87951,0.87954,52750000,1
1413907260000,1413907319000,0.87954,0.87965,0.87947,0.87965,55030000,1
1413907320000,1413907379000,0.87965,0.87977,0.87965,0.87977,25850000,1
1413907380000,1413907439000,0.87976,0.88047,0.87976,0.88047,163300000,1
1413907440000,1413907499000,0.88048,0.88048,0.88015,0.88017,68160000,1
1413907500000,1413907559000,0.88016,0.88016,0.88006,0.88006,24500000,1
1413907560000,1413907619000,0.88006,0.88006,0.87996,0.88005,29570000,1
1413907620000,1413907679000,0.88005,0.88033,0.88002,0.88026,29680000,1
1413907680000,1413907739000,0.88025,0.88027,0.88025,0.88026,9500000,1
1413907740000,1413907799000,0.88026,0.88031,0.88026,0.88027,24430000,1
1413907800000,1413907859000,0.88025,0.88027,0.88022,0.88023,40320000,1
1413907860000,1413907919000,0.88022,0.8803,0.88019,0.88019,40920000,1
1413907920000,1413907979000,0.88019,0.88044,0.88019,0.88043,73910000,1
1413907980000,1413908039000,0.88047,0.88054,0.88032,0.88033,79160000,1
1413908040000,1413908099000,0.88033,0.88042,0.8803,0.88033,41710000,1
1413908100000,1413908159000,0.88033,0.88033,0.88015,0.88015,42480000,1
1413908160000,1413908219000,0.88011,0.88021,0.88008,0.88014,50300000,1
1413908220000,1413908279000,0.88014,0.88014,0.88009,0.88013,25520000,1
1413908280000,1413908339000,0.88009,0.88009,0.88002,0.88005,12470000,1
1413908340000,1413908399000,0.88003,0.88006,0.87992,0.87995,74560000,1
1413908400000,1413908459000,0.87998,0.88006,0.87998,0.88003,34130000,1
1413908460000,1413908519000,0.88003,0.88003,0.87966,0.87966,45730000,1
1413908520000,1413908579000,0.87966,0.87973,0.87966,0.87973,32610000,1
1413908580000,1413908639000,0.87973,0.87973,0.87963,0.87964,25250000,1
1413908640000,1413908699000,0.87969,0.87982,0.87951,0.87982,72480000,1
1413908700000,1413908759000,0.87985,0.88009,0.87984,0.87995,75710000,1
1413908760000,1413908819000,0.87993,0.88034,0.87993,0.88022,78960000,1
1413908820000,1413908879000,0.88024,0.88027,0.8802,0.88021,28710000,1
1413908880000,1413908939000,0.88021,0.88021,0.87993,0.87996,38600000,1
1413908940000,1413908999000,0.87991,0.87999,0.87989,0.87989,95770000,1
1413909000000,1413909059000,0.8799,0.87995,0.87975,0.87975,43930000,1
1413909060000,1413909119000,0.87975,0.87993,0.87975,0.87991,55780000,1
1413909120000,1413909179000,0.87991,0.88023,0.87991,0.88014,76760000,1
1413909180000,1413909239000,0.88012,0.88017,0.88008,0.88017,37280000,1
1413909240000,1413909299000,0.88018,0.88018,0.88001,0.88006,50770000,1
1413909300000,1413909359000,0.88004,0.88021,0.88002,0.88021,31870000,1
1413909360000,1413909419000,0.88025,0.88032,0.88023,0.88023,53600000,1
1413909420000,1413909479000,0.88016,0.88016,0.88,0.88014,39600000,1
1413909480000,1413909539000,0.88016,0.8802,0.88,0.88002,50410000,1
1413909540000,1413909599000,0.88004,0.88004,0.87993,0.87993,24420000,1
1413909600000,1413909659000,0.87993,0.87995,0.87993,0.87995,18360000,1
1413909660000,1413909719000,0.87995,0.87995,0.87988,0.87991,35270000,1
1413909720000,1413909779000,0.87991,0.87991,0.87976,0.87976,42290000,1
1413909780000,1413909839000,0.87974,0.87975,0.87974,0.87974,7820000,1
1413909840000,1413909899000,0.87974,0.8799,0.87967,0.8799,61180000,1
1413909900000,1413909959000,0.8799,0.88004,0.87985,0.87998,39190000,1
1413909960000,1413910019000,0.87996,0.88005,0.87996,0.87998,20220000,1
1413910020000,1413910079000,0.87996,0.87997,0.87985,0.87986,28920000,1
1413910080000,1413910139000,0.87987,0.87999,0.87987,0.87995,17370000,1
1413910140000,1413910199000,0.87994,0.87994,0.87986,0.87992,21710000,1
1413910200000,1413910259000,0.87991,0.87992,0.87976,0.87976,13500000,1
1413910260000,1413910319000,0.87978,0.87985,0.87978,0.87984,14320000,1
1413910320000,1413910379000,0.87986,0.87986,0.8796,0.87962,44550000,1
1413910380000,1413910439000,0.87963,0.87965,0.87962,0.87964,25420000,1
1413910440000,1413910499000,0.87964,0.87965,0.87956,0.87956,21370000,1
1413910500000,1413910559000,0.87956,0.87976,0.87948,0.87975,46320000,1
1413910560000,1413910619000,0.87974,0.87974,0.87965,0.87965,9500000,1
1413910620000,1413910679000,0.87966,0.87968,0.87965,0.87966,13320000,1
1413910680000,1413910739000,0.87969,0.87973,0.87966,0.87966,8100000,1
1413910740000,1413910799000,0.87964,0.87964,0.87939,0.8794,42170000,1
1413910800000,1413910859000,0.8794,0.87941,0.87931,0.87939,58280000,1
1413910860000,1413910919000,0.87938,0.87944,0.87931,0.87944,25470000,1
1413910920000,1413910979000,0.87945,0.87953,0.87944,0.87953,16520000,1
1413910980000,1413911039000,0.87956,0.87973,0.87956,0.87973,32750000,1
1413911040000,1413911099000,0.87975,0.87995,0.87975,0.87987,45520000,1
1413911100000,1413911159000,0.87985,0.87997,0.87984,0.87995,58220000,1
1413911160000,1413911219000,0.87995,0.87995,0.87993,0.87993,10000000,1
1413911220000,1413911279000,0.87993,0.87997,0.87993,0.87994,26750000,1
1413911280000,1413911339000,0.87994,0.88006,0.87994,0.88002,65690000,1
1413911340000,1413911399000,0.88005,0.88006,0.87995,0.87995,30000000,1
1413911400000,1413911459000,0.87995,0.87995,0.87971,0.87971,72090000,1
1413911460000,1413911519000,0.87971,0.87974,0.87932,0.87938,95070000,1
1413911520000,1413911579000,0.87937,0.87945,0.87935,0.87945,29780000,1
1413911580000,1413911639000,0.87946,0.87956,0.87946,0.87954,17480000,1
1413911640000,1413911699000,0.87952,0.87952,0.87942,0.87947,40800000,1
1413911700000,1413911759000,0.87947,0.87947,0.87941,0.87942,16630000,1
1413911760000,1413911819000,0.87943,0.87944,0.87943,0.87943,4670000,1
1413911820000,1413911879000,0.87944,0.87955,0.87944,0.87955,16480000,1
1413911880000,1413911939000,0.87956,0.87972,0.87955,0.87966,22500000,1
1413911940000,1413911999000,0.87966,0.87966,0.87944,0.87955,37410000,1
1413912000000,1413912059000,0.87956,0.87959,0.87948,0.87953,40470000,1
1413912060000,1413912119000,0.87954,0.87973,0.87952,0.87973,31870000,1
1413912120000,1413912179000,0.87973,0.87974,0.87964,0.87973,37100000,1
1413912180000,1413912239000,0.8797,0.8797,0.87965,0.87966,17850000,1
1413912240000,1413912299000,0.87965,0.87967,0.87965,0.87967,13500000,1
1413912300000,1413912359000,0.87965,0.87975,0.87965,0.87975,10630000,1
1413912360000,1413912419000,0.87973,0.87974,0.8797,0.87974,6270000,1
1413912420000,1413912479000,0.87973,0.87973,0.87973,0.87973,8070000,1
1413912480000,1413912539000,0.87973,0.87982,0.87972,0.87977,46220000,1
1413912540000,1413912599000,0.87979,0.8798,0.87975,0.87975,17770000,1
1413912600000,1413912659000,0.87976,0.87977,0.87972,0.87974,41400000,1
1413912660000,1413912719000,0.87976,0.87981,0.87973,0.87981,67590000,1
1413912720000,1413912779000,0.87981,0.87981,0.87972,0.87975,83450000,1
1413912780000,1413912839000,0.87975,0.87983,0.87972,0.87975,72820000,1
1413912840000,1413912899000,0.87975,0.87997,0.87975,0.87997,20830000,1
1413912900000,1413912959000,0.87998,0.8801,0.87995,0.88006,38190000,1
1413912960000,1413913019000,0.88006,0.8802,0.88006,0.88016,39540000,1
1413913020000,1413913079000,0.88015,0.88016,0.88007,0.88016,14860000,1
1413913080000,1413913139000,0.88014,0.88014,0.88006,0.88006,23910000,1
1413913140000,1413913199000,0.88007,0.88023,0.88007,0.88016,34630000,1
1413913200000,1413913259000,0.88015,0.88015,0.88005,0.88005,23250000,1
1413913260000,1413913319000,0.88006,0.88008,0.88005,0.88005,9170000,1
1413913320000,1413913379000,0.88003,0.88004,0.87992,0.87992,20210000,1
1413913380000,1413913439000,0.87992,0.87992,0.87983,0.87983,50870000,1
1413913440000,1413913499000,0.87983,0.88007,0.87983,0.88001,22770000,1
1413913500000,1413913559000,0.88001,0.88001,0.87994,0.87994,13970000,1
1413913560000,1413913619000,0.87994,0.88015,0.87993,0.88015,28920000,1
1413913620000,1413913679000,0.88016,0.88016,0.87967,0.87975,48440000,1
1413913680000,1413913739000,0.87978,0.87985,0.87977,0.87984,25120000,1
1413913740000,1413913799000,0.87984,0.87987,0.8798,0.87983,24980000,1
1413913800000,1413913859000,0.87981,0.87986,0.87981,0.87985,16350000,1
1413913860000,1413913919000,0.87985,0.87985,0.87967,0.8797,32110000,1
1413913920000,1413913979000,0.87968,0.87974,0.87967,0.87974,27460000,1
1413913980000,1413914039000,0.87973,0.87975,0.87965,0.87965,16670000,1
1413914040000,1413914099000,0.87966,0.87966,0.87962,0.87964,18540000,1
1413914100000,1413914159000,0.87963,0.87971,0.87963,0.87965,17610000,1
1413914160000,1413914219000,0.87966,0.87966,0.87966,0.87966,1000000,1
1413914220000,1413914279000,0.87963,0.87966,0.87959,0.87964,20240000,1
1413914280000,1413914339000,0.87964,0.87966,0.87964,0.87965,5750000,1
1413914340000,1413914399000,0.87965,0.87965,0.87918,0.87919,74160000,1
1413914400000,1413914459000,0.87921,0.87921,0.87883,0.87885,102840000,1
1413914460000,1413914519000,0.87885,0.87914,0.87885,0.87905,53980000,1
1413914520000,1413914579000,0.87905,0.87908,0.87903,0.87903,24690000,1
1413914580000,1413914639000,0.87903,0.87903,0.87862,0.87862,66500000,1
1413914640000,1413914699000,0.87862,0.87874,0.87862,0.87868,31030000,1
1413914700000,1413914759000,0.87866,0.87875,0.87854,0.87874,54520000,1
1413914760000,1413914819000,0.87874,0.87874,0.87871,0.87874,28440000,1
1413914820000,1413914879000,0.87876,0.87897,0.87876,0.87894,79510000,1
1413914880000,1413914939000,0.87894,0.87905,0.87894,0.87905,33540000,1
1413914940000,1413914999000,0.87905,0.87906,0.87896,0.87896,21290000,1
1413915000000,1413915059000,0.879,0.87905,0.879,0.87905,19310000,1
1413915060000,1413915119000,0.87905,0.87905,0.87901,0.87905,13890000,1
1413915120000,1413915179000,0.87905,0.87905,0.87904,0.87905,14730000,1
1413915180000,1413915239000,0.87905,0.87905,0.87905,0.87905,1100000,1
1413915240000,1413915299000,0.87904,0.87907,0.87904,0.87905,22070000,1
1413915300000,1413915359000,0.87905,0.87905,0.87896,0.87896,15740000,1
1413915360000,1413915419000,0.87896,0.87896,0.87892,0.87892,16440000,1
1413915420000,1413915479000,0.87893,0.87893,0.87882,0.87886,25680000,1
1413915480000,1413915539000,0.87887,0.87904,0.87887,0.87904,14720000,1
1413915540000,1413915599000,0.87905,0.87913,0.87903,0.87908,42830000,1
1413915600000,1413915659000,0.87911,0.87914,0.87907,0.87907,17700000,1
1413915660000,1413915719000,0.87907,0.87907,0.87894,0.87894,20560000,1
1413915720000,1413915779000,0.87895,0.87912,0.87895,0.87912,14370000,1
1413915780000,1413915839000,0.87913,0.87913,0.87895,0.87897,34910000,1
1413915840000,1413915899000,0.87899,0.87901,0.8789,0.87894,23550000,1
1413915900000,1413915959000,0.87892,0.87892,0.87886,0.87886,5500000,1
1413915960000,1413916019000,0.87886,0.87886,0.8787,0.8787,27500000,1
1413916020000,1413916079000,0.8787,0.8788,0.8787,0.87876,42680000,1
1413916080000,1413916139000,0.87875,0.87877,0.87871,0.87871,20350000,1
1413916140000,1413916199000,0.87868,0.87875,0.87854,0.87854,39550000,1
1413916200000,1413916259000,0.87854,0.87855,0.87848,0.87851,31930000,1
1413916260000,1413916319000,0.87851,0.87855,0.87843,0.87854,60740000,1
1413916320000,1413916379000,0.87854,0.87854,0.87813,0.87813,97140000,1
1413916380000,1413916439000,0.87818,0.87822,0.87812,0.87812,83770000,1
1413916440000,1413916499000,0.87812,0.87813,0.87746,0.87763,70650000,1
1413916500000,1413916559000,0.87763,0.87804,0.87763,0.87804,93590000,1
1413916560000,1413916619000,0.87804,0.87805,0.87781,0.87787,56090000,1
1413916620000,1413916679000,0.87787,0.87788,0.87784,0.87788,9390000,1
1413916680000,1413916739000,0.8779,0.87793,0.87788,0.87788,13990000,1
1413916740000,1413916799000,0.87789,0.8779,0.87758,0.87761,60000000,1
1413916800000,1413916859000,0.87759,0.87761,0.87745,0.87755,70420000,1
1413916860000,1413916919000,0.87756,0.87758,0.8775,0.87756,35570000,1
1413916920000,1413916979000,0.87756,0.87757,0.87749,0.87755,15000000,1
1413916980000,1413917039000,0.87755,0.87759,0.87755,0.87759,11250000,1
1413917040000,1413917099000,0.8776,0.87773,0.8776,0.87765,59020000,1
1413917100000,1413917159000,0.87765,0.87773,0.87765,0.87766,14290000,1
1413917160000,1413917219000,0.87767,0.87767,0.87753,0.87755,13500000,1
1413917220000,1413917279000,0.87757,0.87757,0.87747,0.8775,39770000,1
1413917280000,1413917339000,0.8775,0.87751,0.87748,0.87749,37960000,1
1413917340000,1413917399000,0.8775,0.87754,0.87748,0.87749,14660000,1
1413917400000,1413917459000,0.87749,0.87754,0.87747,0.87751,39110000,1
1413917460000,1413917519000,0.87752,0.87767,0.87752,0.87757,22360000,1
1413917520000,1413917579000,0.87758,0.87763,0.87756,0.87763,12200000,1
1413917580000,1413917639000,0.87763,0.87775,0.87756,0.87775,43230000,1
1413917640000,1413917699000,0.87775,0.87781,0.87775,0.87781,17990000,1
1413917700000,1413917759000,0.8778,0.8778,0.87768,0.87774,22960000,1
1413917760000,1413917819000,0.87775,0.87775,0.87768,0.87772,38350000,1
1413917820000,1413917879000,0.87773,0.87777,0.87768,0.87776,28260000,1
1413917880000,1413917939000,0.87777,0.87777,0.87771,0.87774,10070000,1
1413917940000,1413917999000,0.87774,0.87808,0.87772,0.87783,106660000,1
1413918000000,1413918059000,0.87784,0.8779,0.87778,0.87785,22670000,1
1413918060000,1413918119000,0.87785,0.87785,0.87776,0.87776,11000000,1
1413918120000,1413918179000,0.87776,0.87778,0.87766,0.87777,41750000,1
1413918180000,1413918239000,0.87778,0.87779,0.87775,0.87777,19490000,1
1413918240000,1413918299000,0.87777,0.87778,0.87777,0.87778,7000000,1
1413918300000,1413918359000,0.87778,0.87783,0.87776,0.87782,27840000,1
1413918360000,1413918419000,0.87782,0.87836,0.87776,0.87828,86700000,1
1413918420000,1413918479000,0.87826,0.87827,0.87796,0.87804,85220000,1
1413918480000,1413918539000,0.87804,0.87804,0.87774,0.87774,93360000,1
1413918540000,1413918599000,0.87772,0.8778,0.87766,0.87776,50650000,1
1413918600000,1413918659000,0.87776,0.87807,0.87774,0.87807,33450000,1
1413918660000,1413918719000,0.87806,0.87809,0.878,0.87808,32200000,1
1413918720000,1413918779000,0.87808,0.87854,0.878,0.87827,66260000,1
1413918780000,1413918839000,0.87827,0.87836,0.87827,0.87836,8560000,1
1413918840000,1413918899000,0.87835,0.87836,0.87835,0.87836,3740000,1
1413918900000,1413918959000,0.87836,0.87836,0.87816,0.87816,22570000,1
1413918960000,1413919019000,0.87816,0.87816,0.87801,0.87816,28140000,1
1413919020000,1413919079000,0.87816,0.87816,0.87807,0.87815,14370000,1
1413919080000,1413919139000,0.87814,0.87815,0.87808,0.87812,13040000,1
1413919140000,1413919199000,0.87813,0.87815,0.87806,0.87806,17370000,1
1413919200000,1413919259000,0.87806,0.87816,0.87806,0.87816,11500000,1
1413919260000,1413919319000,0.87814,0.87815,0.87806,0.87806,27720000,1
1413919320000,1413919379000,0.87807,0.87807,0.87807,0.87807,1000000,1
1413919380000,1413919439000,0.87806,0.87815,0.87801,0.87815,19720000,1
1413919440000,1413919499000,0.87815,0.87816,0.87797,0.87805,51230000,1
1413919500000,1413919559000,0.87805,0.87806,0.87805,0.87806,6500000,1
1413919560000,1413919619000,0.87807,0.87809,0.87807,0.87807,4000000,1
1413919620000,1413919679000,0.87806,0.87806,0.87804,0.87804,4440000,1
1413919680000,1413919739000,0.87804,0.87806,0.87797,0.87806,16070000,1
1413919740000,1413919799000,0.87806,0.87806,0.878,0.87806,20520000,1
1413919800000,1413919859000,0.87807,0.87807,0.87805,0.87805,6570000,1
1413919860000,1413919919000,0.87805,0.8781,0.87805,0.87807,22270000,1
1413919920000,1413919979000,0.8781,0.87817,0.87807,0.87817,22600000,1
1413919980000,1413920039000,0.87821,0.87835,0.87817,0.87835,33230000,1
1413920040000,1413920099000,0.87836,0.87837,0.8782,0.8782,23910000,1
1413920100000,1413920159000,0.87821,0.87826,0.87817,0.87817,15220000,1
1413920160000,1413920219000,0.87817,0.87817,0.87798,0.87813,49470000,1
1413920220000,1413920279000,0.87814,0.87819,0.87814,0.87816,8960000,1
1413920280000,1413920339000,0.87816,0.87816,0.87806,0.87806,16890000,1
1413920340000,1413920399000,0.87806,0.87807,0.87789,0.87791,39160000,1
1413920400000,1413920459000,0.87788,0.87795,0.87784,0.87784,63080000,1
1413920460000,1413920519000,0.87784,0.87805,0.8778,0.87798,38650000,1
1413920520000,1413920579000,0.87798,0.87801,0.87797,0.87799,16840000,1
1413920580000,1413920639000,0.878,0.87804,0.87797,0.87797,26100000,1
1413920640000,1413920699000,0.87797,0.87797,0.87765,0.87774,54610000,1
1413920700000,1413920759000,0.87775,0.8778,0.87772,0.8778,16880000,1
1413920760000,1413920819000,0.8778,0.87781,0.87765,0.87776,36240000,1
1413920820000,1413920879000,0.87774,0.87777,0.87768,0.87772,49520000,1
1413920880000,1413920939000,0.87771,0.87777,0.87771,0.87777,33500000,1
1413920940000,1413920999000,0.87775,0.87775,0.87766,0.87766,14500000,1
1413921000000,1413921059000,0.87766,0.87777,0.87762,0.87772,44430000,1
1413921060000,1413921119000,0.87772,0.87781,0.8777,0.87781,57510000,1
1413921120000,1413921179000,0.87783,0.87783,0.87772,0.87777,19310000,1
1413921180000,1413921239000,0.8778,0.8779,0.8778,0.8779,23200000,1
1413921240000,1413921299000,0.87789,0.87806,0.8778,0.87804,38240000,1
1413921300000,1413921359000,0.87802,0.87806,0.87799,0.87801,30490000,1
1413921360000,1413921419000,0.87801,0.87805,0.87794,0.87802,45490000,1
1413921420000,1413921479000,0.87801,0.87821,0.87801,0.87817,80650000,1
1413921480000,1413921539000,0.87817,0.87817,0.87807,0.87815,38650000,1
1413921540000,1413921599000,0.87816,0.87831,0.87793,0.87794,82710000,1
1413921600000,1413921659000,0.87794,0.87805,0.87783,0.87799,75780000,1
1413921660000,1413921719000,0.87802,0.87802,0.87787,0.87797,53450000,1
1413921720000,1413921779000,0.87797,0.87797,0.87792,0.87794,20750000,1
1413921780000,1413921839000,0.87795,0.87796,0.87791,0.87794,31220000,1
1413921840000,1413921899000,0.87795,0.87814,0.87795,0.87813,81580000,1
1413921900000,1413921959000,0.87814,0.8783,0.87811,0.87823,70790000,1
1413921960000,1413922019000,0.87823,0.87823,0.87812,0.87813,39570000,1
1413922020000,1413922079000,0.87813,0.87813,0.87811,0.87811,9550000,1
1413922080000,1413922139000,0.87812,0.87819,0.87809,0.87819,12100000,1
1413922140000,1413922199000,0.87819,0.8782,0.87818,0.87819,12570000,1
1413922200000,1413922259000,0.87819,0.87819,0.87817,0.87817,4170000,1
1413922260000,1413922319000,0.87818,0.87818,0.87815,0.87815,46390000,1
1413922320000,1413922379000,0.87818,0.87819,0.87817,0.87817,16000000,1
1413922380000,1413922439000,0.87818,0.87824,0.87818,0.87819,10500000,1
1413922440000,1413922499000,0.87819,0.87831,0.87818,0.87828,48470000,1
1413922500000,1413922559000,0.87828,0.87828,0.87826,0.87827,11000000,1
1413922560000,1413922619000,0.87827,0.87828,0.87825,0.87826,15000000,1
1413922620000,1413922679000,0.87826,0.87826,0.87823,0.87823,13500000,1
1413922680000,1413922739000,0.87821,0.87823,0.87821,0.87822,19500000,1
1413922740000,1413922799000,0.87821,0.87821,0.87818,0.8782,30890000,1
1413922800000,1413922859000,0.8782,0.87823,0.87804,0.87808,25350000,1
1413922860000,1413922919000,0.87808,0.87809,0.87801,0.87804,29160000,1
1413922920000,1413922979000,0.87804,0.87813,0.87804,0.87811,11250000,1
1413922980000,1413923039000,0.8781,0.8781,0.87809,0.87809,6500000,1
1413923040000,1413923099000,0.87809,0.87809,0.87809,0.87809,1000000,1
1413923100000,1413923159000,0.8781,0.8781,0.87802,0.87806,71170000,1
1413923160000,1413923219000,0.87805,0.87805,0.87805,0.87805,1090000,1
1413923220000,1413923279000,0.87805,0.87818,0.87805,0.87813,46430000,1
1413923280000,1413923339000,0.87813,0.87846,0.87812,0.87837,61860000,1
1413923340000,1413923399000,0.87836,0.87837,0.87818,0.87821,42320000,1
1413923400000,1413923459000,0.87821,0.87821,0.87812,0.87812,29530000,1
1413923460000,1413923519000,0.87812,0.87819,0.87812,0.87814,35870000,1
1413923520000,1413923579000,0.87814,0.87814,0.87812,0.87813,11770000,1
1413923580000,1413923639000,0.87812,0.87813,0.87812,0.87812,33700000,1
1413923640000,1413923699000,0.87812,0.87814,0.87811,0.87811,41060000,1
1413923700000,1413923759000,0.87812,0.87812,0.87812,0.87812,1000000,1
1413923760000,1413923819000,0.87812,0.87814,0.87805,0.87812,30510000,1
1413923820000,1413923879000,0.87812,0.87812,0.87808,0.87808,27600000,1
1413923880000,1413923939000,0.87807,0.8781,0.87798,0.87799,73590000,1
1413923940000,1413923999000,0.878,0.87805,0.87796,0.87804,86000000,1
1413924000000,1413924059000,0.87804,0.87809,0.87803,0.87804,49520000,1
1413924060000,1413924119000,0.87806,0.87808,0.87803,0.87803,20250000,1
1413924120000,1413924179000,0.87807,0.87808,0.87803,0.87804,25840000,1
1413924180000,1413924239000,0.87804,0.87808,0.87802,0.87806,43800000,1
1413924240000,1413924299000,0.87804,0.87809,0.87803,0.87805,14750000,1
1413924300000,1413924359000,0.87804,0.87806,0.87802,0.87804,19250000,1
1413924360000,1413924419000,0.87803,0.87804,0.87802,0.87804,6000000,1
1413924420000,1413924479000,0.87803,0.87804,0.878,0.878,15120000,1
1413924480000,1413924539000,0.87801,0.87802,0.878,0.878,10740000,1
1413924540000,1413924599000,0.87803,0.87809,0.87802,0.87809,22110000,1
1413924600000,1413924659000,0.8781,0.87818,0.8781,0.87817,16500000,1
1413924660000,1413924719000,0.87816,0.87819,0.87816,0.87818,18460000,1
1413924720000,1413924779000,0.87817,0.87817,0.87815,0.87815,14870000,1
1413924780000,1413924839000,0.87813,0.87818,0.87813,0.87818,22750000,1
1413924840000,1413924899000,0.87818,0.87819,0.87816,0.87819,15590000,1
1413924900000,1413924959000,0.87817,0.87817,0.8781,0.87812,29230000,1
1413924960000,1413925019000,0.8781,0.87818,0.87807,0.87813,21250000,1
1413925020000,1413925079000,0.87811,0.87813,0.87809,0.87813,9000000,1
1413925080000,1413925139000,0.87805,0.87807,0.87805,0.87806,44380000,1
1413925140000,1413925199000,0.8781,0.8781,0.87782,0.87782,80980000,1
1413925200000,1413925259000,0.87776,0.87782,0.87736,0.87763,19400000,1
1413925260000,1413925319000,0.87763,0.87774,0.87763,0.87772,2110000,1
1413925320000,1413925379000,0.87776,0.87776,0.87768,0.87775,500000,1
1413925380000,1413925439000,0.87777,0.87786,0.87777,0.87786,1100000,1
1413925440000,1413925499000,0.87789,0.8779,0.87786,0.87786,5900000,1
1413925500000,1413925559000,0.87786,0.8779,0.87775,0.87775,40430000,1
1413925560000,1413925619000,0.87775,0.87787,0.87775,0.87775,10260000,1
1413925620000,1413925679000,0.87775,0.87775,0.87773,0.87773,10110000,1
1413925680000,1413925739000,0.87778,0.87778,0.87775,0.87775,10490000,1
1413925740000,1413925799000,0.87775,0.87778,0.87775,0.87775,13920000,1
1413925800000,1413925859000,0.87777,0.87781,0.87774,0.87774,30810000,1
1413925860000,1413925919000,0.87774,0.8779,0.87772,0.8779,28810000,1
1413925920000,1413925979000,0.8779,0.878,0.8779,0.87799,8840000,1
1413925980000,1413926039000,0.87801,0.87802,0.87797,0.878,6000000,1
1413926040000,1413926099000,0.87801,0.87807,0.87801,0.87807,4000000,1
1413926100000,1413926159000,0.87808,0.87811,0.87805,0.87805,25310000,1
1413926160000,1413926219000,0.87805,0.87805,0.87799,0.878,33790000,1
1413926220000,1413926279000,0.878,0.878,0.87797,0.87797,26180000,1
1413926280000,1413926339000,0.87798,0.878,0.87798,0.87799,30050000,1
1413926340000,1413926399000,0.87799,0.87813,0.87799,0.87812,32370000,1
1413926400000,1413926459000,0.87815,0.87817,0.87807,0.87812,36890000,1
1413926460000,1413926519000,0.87812,0.87812,0.87808,0.87808,10550000,1
1413926520000,1413926579000,0.87809,0.87831,0.87809,0.87831,34650000,1
1413926580000,1413926639000,0.87831,0.87831,0.87795,0.87795,31150000,1
1413926640000,1413926699000,0.87792,0.87797,0.87782,0.87786,25010000,1
1413926700000,1413926759000,0.87793,0.87795,0.87793,0.87795,2000000,1
1413926760000,1413926819000,0.87795,0.87802,0.87795,0.87802,2000000,1
1413926820000,1413926879000,0.87805,0.87817,0.87805,0.87817,11380000,1
1413926880000,1413926939000,0.87817,0.87818,0.87817,0.87818,16500000,1
1413926940000,1413926999000,0.87817,0.87818,0.87817,0.87817,8500000,1
1413927000000,1413927059000,0.87817,0.87818,0.87817,0.87818,17000000,1
1413927060000,1413927119000,0.87817,0.87817,0.87817,0.87817,4000000,1
1413927120000,1413927179000,0.87817,0.87817,0.87798,0.87803,18480000,1
1413927180000,1413927239000,0.87804,0.8781,0.87804,0.8781,4000000,1
1413927240000,1413927299000,0.87809,0.87815,0.87802,0.87815,31500000,1
1413927300000,1413927359000,0.87821,0.87829,0.8782,0.87828,30000000,1
1413927360000,1413927419000,0.8783,0.8783,0.8783,0.8783,4000000,1
1413927420000,1413927479000,0.8783,0.8783,0.87821,0.87823,12970000,1
1413927480000,1413927539000,0.87823,0.87823,0.87819,0.87819,7240000,1
1413927540000,1413927599000,0.87819,0.87819,0.87818,0.87818,2500000,1
1413927600000,1413927659000,0.87822,0.87823,0.87808,0.87811,32990000,1
1413927660000,1413927719000,0.8781,0.8781,0.87805,0.87805,17550000,1
1413927720000,1413927779000,0.87805,0.87806,0.87802,0.87802,23420000,1
1413927780000,1413927839000,0.87804,0.87807,0.87783,0.87783,36850000,1
1413927840000,1413927899000,0.87783,0.87796,0.87783,0.87785,21040000,1
1413927900000,1413927959000,0.87785,0.87813,0.87784,0.87806,25670000,1
1413927960000,1413928019000,0.87808,0.87809,0.87801,0.87803,19630000,1
1413928020000,1413928079000,0.87801,0.8782,0.87801,0.87807,31480000,1
1413928080000,1413928139000,0.87809,0.87809,0.87807,0.87807,8050000,1
1413928140000,1413928199000,0.87813,0.87817,0.87807,0.87807,26440000,1
1413928200000,1413928259000,0.87805,0.87808,0.87805,0.87805,21800000,1
1413928260000,1413928319000,0.87801,0.87804,0.87801,0.87804,7620000,1
1413928320000,1413928379000,0.87803,0.87803,0.87797,0.87798,23950000,1
1413928380000,1413928439000,0.87798,0.87799,0.87797,0.87799,9340000,1
1413928440000,1413928499000,0.87798,0.87798,0.87798,0.87798,2670000,1
1413928500000,1413928559000,0.87799,0.87801,0.87797,0.87797,4900000,1
1413928560000,1413928619000,0.87799,0.87799,0.87798,0.87799,4620000,1
1413928620000,1413928679000,0.87803,0.87803,0.87803,0.87803,3450000,1
1413928680000,1413928739000,0.87803,0.87803,0.87792,0.87793,20800000,1
1413928740000,1413928799000,0.87795,0.87795,0.87788,0.87788,2520000,1
1413928800000,1413928859000,0.87789,0.87797,0.87789,0.8779,14500000,1
1413928860000,1413928919000,0.87791,0.87795,0.87784,0.87787,18780000,1
1413928920000,1413928979000,0.87789,0.87791,0.87754,0.87761,80160000,1
1413928980000,1413929039000,0.87762,0.87764,0.87753,0.87754,34120000,1
1413929040000,1413929099000,0.87754,0.87756,0.87744,0.87751,23050000,1
1413929100000,1413929159000,0.87752,0.87752,0.87742,0.87742,20000000,1
1413929160000,1413929219000,0.87741,0.87741,0.8772,0.87724,86960000,1
1413929220000,1413929279000,0.87724,0.87724,0.87712,0.87715,36220000,1
1413929280000,1413929339000,0.87719,0.87719,0.87715,0.87717,22000000,1
1413929340000,1413929399000,0.87717,0.87717,0.87705,0.87712,29170000,1
1413929400000,1413929459000,0.87713,0.87715,0.87704,0.87709,50340000,1
1413929460000,1413929519000,0.87708,0.87708,0.87684,0.87699,41960000,1
1413929520000,1413929579000,0.87699,0.877,0.87694,0.87694,19400000,1
1413929580000,1413929639000,0.87694,0.87709,0.87688,0.87705,37360000,1
1413929640000,1413929699000,0.87704,0.87705,0.87704,0.87705,2500000,1
1413929700000,1413929759000,0.87705,0.87721,0.87705,0.87721,59160000,1
1413929760000,1413929819000,0.87721,0.87726,0.87713,0.87714,48140000,1
1413929820000,1413929879000,0.87715,0.87722,0.87712,0.87712,11000000,1
1413929880000,1413929939000,0.87712,0.87718,0.87712,0.87712,26200000,1
1413929940000,1413929999000,0.87712,0.87729,0.87711,0.87729,34890000,1
1413930000000,1413930059000,0.8773,0.8773,0.87725,0.87726,21680000,1
1413930060000,1413930119000,0.87726,0.87737,0.87726,0.87737,9810000,1
1413930120000,1413930179000,0.87733,0.87738,0.87732,0.87734,27820000,1
1413930180000,1413930239000,0.87737,0.87739,0.87732,0.87734,34240000,1
1413930240000,1413930299000,0.87736,0.87737,0.87734,0.87735,12500000,1
1413930300000,1413930359000,0.87733,0.87737,0.87733,0.87735,9200000,1
1413930360000,1413930419000,0.87735,0.87736,0.87735,0.87735,6500000,1
1413930420000,1413930479000,0.87736,0.87737,0.87735,0.87735,6990000,1
1413930540000,1413930599000,0.87736,0.87742,0.87736,0.87742,12240000,1
1413930600000,1413930659000,0.87745,0.87746,0.87742,0.87746,14190000,1
1413930660000,1413930719000,0.87745,0.87746,0.87744,0.87746,14500000,1
1413930720000,1413930779000,0.87745,0.87745,0.87736,0.87743,22670000,1
1413930780000,1413930839000,0.87744,0.87745,0.87737,0.87738,23170000,1
1413930840000,1413930899000,0.87739,0.8774,0.87739,0.87739,3500000,1
1413930900000,1413930959000,0.8774,0.87756,0.87737,0.87755,49010000,1
1413930960000,1413931019000,0.87756,0.87762,0.87737,0.87741,29070000,1
1413931020000,1413931079000,0.87741,0.87741,0.87737,0.87739,5250000,1
1413931080000,1413931139000,0.87738,0.87738,0.87737,0.87737,4250000,1
1413931140000,1413931199000,0.87737,0.87738,0.87737,0.87738,4000000,1
1413931200000,1413931259000,0.87738,0.87738,0.87733,0.87734,9750000,1
1413931260000,1413931319000,0.87732,0.8775,0.8772,0.87747,37100000,1
1413931320000,1413931379000,0.87745,0.87745,0.87738,0.87738,10500000,1
1413931380000,1413931439000,0.87739,0.87763,0.87739,0.8776,13210000,1
1413931440000,1413931499000,0.87762,0.87769,0.87754,0.87758,36900000,1
1413931500000,1413931559000,0.87761,0.87761,0.8774,0.87748,50020000,1
1413931560000,1413931619000,0.87749,0.87749,0.87742,0.87742,12500000,1
1413931620000,1413931679000,0.87741,0.87741,0.87723,0.87723,18200000,1
1413931680000,1413931739000,0.87722,0.87723,0.87718,0.87718,13420000,1
1413931740000,1413931799000,0.87716,0.87716,0.87706,0.87713,14510000,1
1413931800000,1413931859000,0.87711,0.87713,0.8769,0.8769,25170000,1
1413931860000,1413931919000,0.8769,0.87698,0.87673,0.87679,59620000,1
1413931920000,1413931979000,0.87681,0.87688,0.87669,0.87672,69300000,1
1413931980000,1413932039000,0.87675,0.8768,0.8767,0.87679,48500000,1
1413932040000,1413932099000,0.87678,0.87679,0.8767,0.87671,24370000,1
1413932100000,1413932159000,0.87671,0.87671,0.87665,0.87665,16870000,1
1413932160000,1413932219000,0.87663,0.8767,0.87658,0.87661,52490000,1
1413932220000,1413932279000,0.87663,0.87665,0.87657,0.87661,26700000,1
1413932280000,1413932339000,0.87661,0.87662,0.87648,0.87648,23870000,1
1413932340000,1413932399000,0.87648,0.8765,0.87627,0.87633,82560000,1
1413932400000,1413932459000,0.87633,0.87653,0.87626,0.87652,68120000,1
1413932460000,1413932519000,0.87651,0.87653,0.87651,0.87651,14780000,1
1413932520000,1413932579000,0.87652,0.87662,0.87652,0.87662,45060000,1
1413932580000,1413932639000,0.87661,0.87679,0.8766,0.87677,44860000,1
1413932640000,1413932699000,0.87676,0.87678,0.87676,0.87676,5610000,1
1413932700000,1413932759000,0.87677,0.87677,0.87676,0.87676,34900000,1
1413932760000,1413932819000,0.87676,0.87676,0.87676,0.87676,4000000,1
1413932820000,1413932879000,0.87675,0.87682,0.87675,0.87681,10490000,1
1413932880000,1413932939000,0.87683,0.87683,0.87672,0.87672,8240000,1
1413932940000,1413932999000,0.87677,0.8768,0.87675,0.87676,7250000,1
1413933000000,1413933059000,0.87675,0.87697,0.87675,0.8769,37950000,1
1413933060000,1413933119000,0.87689,0.87689,0.87683,0.87683,30230000,1
1413933120000,1413933179000,0.87683,0.87691,0.87683,0.87691,9820000,1
1413933180000,1413933239000,0.87693,0.87694,0.87681,0.87682,18640000,1
1413933240000,1413933299000,0.87681,0.87681,0.87679,0.87679,4500000,1
1413933300000,1413933359000,0.87677,0.87682,0.87677,0.87679,31460000,1
1413933360000,1413933419000,0.87679,0.8768,0.8767,0.87673,56460000,1
1413933420000,1413933479000,0.87673,0.87674,0.87673,0.87674,11500000,1
1413933480000,1413933539000,0.87674,0.87674,0.87669,0.87669,21000000,1
1413933540000,1413933599000,0.87671,0.87671,0.87645,0.87648,50830000,1
1413933600000,1413933659000,0.87648,0.87659,0.87648,0.87659,30900000,1
1413933660000,1413933719000,0.87659,0.87669,0.87659,0.87669,14170000,1
1413933720000,1413933779000,0.87668,0.87668,0.87667,0.87668,8410000,1
1413933780000,1413933839000,0.87668,0.87668,0.87657,0.87659,37750000,1
1413933840000,1413933899000,0.87659,0.87668,0.87659,0.87668,39530000,1
1413933900000,1413933959000,0.87668,0.87668,0.87662,0.87666,38410000,1
1413933960000,1413934019000,0.87668,0.87668,0.87655,0.8766,39070000,1
1413934020000,1413934079000,0.87661,0.8767,0.87661,0.87669,25620000,1
1413934080000,1413934139000,0.87671,0.87671,0.87665,0.87665,19570000,1
1413934140000,1413934199000,0.87666,0.87677,0.87666,0.87671,54630000,1
1413934200000,1413934259000,0.87666,0.87671,0.87657,0.87668,98720000,1
1413934260000,1413934319000,0.87668,0.87676,0.87667,0.87676,40860000,1
1413934320000,1413934379000,0.87676,0.87692,0.87676,0.87692,111400000,1
1413934380000,1413934439000,0.87692,0.87692,0.87683,0.87691,40370000,1
1413934440000,1413934499000,0.87691,0.87693,0.87691,0.87691,26210000,1
1413934500000,1413934559000,0.87692,0.87692,0.87677,0.8768,56580000,1
1413934560000,1413934619000,0.87682,0.87693,0.87681,0.87681,79390000,1
1413934620000,1413934679000,0.87682,0.87704,0.87682,0.87704,33650000,1
1413934680000,1413934739000,0.87704,0.87704,0.87689,0.87692,88450000,1
1413934740000,1413934799000,0.87692,0.87711,0.87692,0.87694,101270000,1
1413934800000,1413934859000,0.87696,0.87708,0.87696,0.87708,20670000,1
1413934860000,1413934919000,0.87707,0.87709,0.87706,0.87707,13080000,1
1413934920000,1413934979000,0.87707,0.87712,0.87696,0.87712,72500000,1
1413934980000,1413935039000,0.87713,0.87722,0.87708,0.87708,65270000,1
1413935040000,1413935099000,0.87708,0.87722,0.87708,0.8772,15170000,1
1413935100000,1413935159000,0.87718,0.87732,0.87711,0.8773,55360000,1
1413935160000,1413935219000,0.87729,0.87729,0.87723,0.87723,17010000,1
1413935220000,1413935279000,0.87722,0.87723,0.87718,0.87721,11250000,1
1413935280000,1413935339000,0.87721,0.87721,0.8772,0.87721,10500000,1
1413935340000,1413935399000,0.87721,0.87721,0.877,0.877,31000000,1
1413935400000,1413935459000,0.877,0.87701,0.87682,0.87682,47540000,1
1413935460000,1413935519000,0.87682,0.87696,0.8768,0.87693,34310000,1
1413935520000,1413935579000,0.87693,0.87694,0.87689,0.87693,33300000,1
1413935580000,1413935639000,0.87694,0.87701,0.87694,0.87701,38740000,1
1413935640000,1413935699000,0.87701,0.87704,0.87698,0.877,23460000,1
1413935700000,1413935759000,0.87702,0.87706,0.87701,0.87702,22420000,1
1413935760000,1413935819000,0.87703,0.87707,0.87702,0.87706,12770000,1
1413935820000,1413935879000,0.87701,0.87701,0.87692,0.87696,37790000,1
1413935880000,1413935939000,0.87695,0.87697,0.87695,0.87696,23530000,1
1413935940000,1413935999000,0.87695,0.87697,0.87683,0.87683,42410000,1
1413936000000,1413936059000,0.87682,0.87683,0.87656,0.87657,53320000,1
1413936060000,1413936119000,0.87657,0.87661,0.87644,0.87656,60480000,1
1413936120000,1413936179000,0.87655,0.877,0.87654,0.87696,63220000,1
1413936180000,1413936239000,0.87696,0.87717,0.87696,0.87717,28710000,1
1413936240000,1413936299000,0.87719,0.87743,0.87719,0.87727,42370000,1
1413936300000,1413936359000,0.87727,0.87734,0.87725,0.87734,29640000,1
1413936360000,1413936419000,0.87733,0.87733,0.87717,0.87721,28620000,1
1413936420000,1413936479000,0.87721,0.87722,0.87721,0.87721,8140000,1
1413936480000,1413936539000,0.87721,0.87727,0.87701,0.87701,48720000,1
1413936540000,1413936599000,0.877,0.87708,0.87695,0.87708,36240000,1
1413936600000,1413936659000,0.87714,0.87721,0.87711,0.87718,34380000,1
1413936660000,1413936719000,0.8772,0.87731,0.87719,0.8773,33140000,1
1413936720000,1413936779000,0.87728,0.87744,0.87728,0.87741,64770000,1
1413936780000,1413936839000,0.8774,0.87743,0.87734,0.87743,71660000,1
1413936840000,1413936899000,0.87741,0.87741,0.87722,0.87728,47600000,1
1413936900000,1413936959000,0.87726,0.87726,0.87718,0.87719,23320000,1
1413936960000,1413937019000,0.87721,0.87727,0.87713,0.87727,26640000,1
1413937020000,1413937079000,0.87727,0.87727,0.87711,0.87711,26500000,1
1413937080000,1413937139000,0.87711,0.87712,0.87708,0.87712,7000000,1
1413937140000,1413937199000,0.87711,0.87711,0.87702,0.87702,28540000,1
1413937200000,1413937259000,0.87702,0.87706,0.87702,0.87706,9580000,1
1413937260000,1413937319000,0.87707,0.87711,0.87696,0.87696,40480000,1
1413937320000,1413937379000,0.87696,0.87713,0.87696,0.87713,26230000,1
1413937380000,1413937439000,0.87715,0.87737,0.87715,0.87717,42740000,1
1413937440000,1413937499000,0.87718,0.87735,0.87716,0.87735,50080000,1
1413937500000,1413937559000,0.87734,0.87742,0.87725,0.87735,84840000,1
1413937560000,1413937619000,0.87736,0.87744,0.87736,0.87738,23210000,1
1413937620000,1413937679000,0.87738,0.87744,0.87732,0.87738,35960000,1
1413937680000,1413937739000,0.87739,0.87748,0.87738,0.87746,45060000,1
1413937740000,1413937799000,0.87749,0.8775,0.87714,0.87714,106020000,1
1413937800000,1413937859000,0.87709,0.87727,0.87428,0.87672,424380000,1
1413937860000,1413937919000,0.87672,0.87678,0.87607,0.8765,213430000,1
1413937920000,1413937979000,0.8765,0.87732,0.8765,0.87685,282450000,1
1413937980000,1413938039000,0.87685,0.87696,0.87639,0.87642,157910000,1
1413938040000,1413938099000,0.87641,0.87644,0.87602,0.87629,225530000,1
1413938100000,1413938159000,0.8763,0.87665,0.8763,0.87641,156320000,1
1413938160000,1413938219000,0.87642,0.87655,0.87633,0.87654,67590000,1
1413938220000,1413938279000,0.87654,0.87675,0.87654,0.87674,60000000,1
1413938280000,1413938339000,0.87673,0.87756,0.87673,0.87756,136330000,1
1413938340000,1413938399000,0.87756,0.87824,0.87756,0.87788,202370000,1
1413938400000,1413938459000,0.87791,0.8784,0.87785,0.8784,97260000,1
1413938460000,1413938519000,0.87838,0.87873,0.87817,0.87824,160990000,1
1413938520000,1413938579000,0.87824,0.87843,0.87819,0.87837,92800000,1
1413938580000,1413938639000,0.87835,0.87844,0.87826,0.87835,82480000,1
1413938640000,1413938699000,0.87835,0.87835,0.87807,0.87808,55100000,1
1413938700000,1413938759000,0.87807,0.87808,0.87798,0.87807,25780000,1
1413938760000,1413938819000,0.87806,0.87806,0.87796,0.87797,27500000,1
1413938820000,1413938879000,0.87797,0.87834,0.87797,0.87829,79410000,1
1413938880000,1413938939000,0.87829,0.87832,0.87827,0.87828,41160000,1
1413938940000,1413938999000,0.87829,0.87836,0.87827,0.87836,28100000,1
1413939000000,1413939059000,0.87836,0.87836,0.87825,0.8783,25250000,1
1413939060000,1413939119000,0.87827,0.87827,0.87792,0.87801,81690000,1
1413939120000,1413939179000,0.87798,0.87806,0.87798,0.87805,40390000,1
1413939180000,1413939239000,0.87804,0.87804,0.87785,0.87786,58270000,1
1413939240000,1413939299000,0.87786,0.87791,0.87751,0.87752,83650000,1
1413939300000,1413939359000,0.87752,0.87766,0.87752,0.87764,61200000,1
1413939360000,1413939419000,0.87764,0.87805,0.87763,0.87792,87690000,1
1413939420000,1413939479000,0.87793,0.87793,0.87789,0.87792,30620000,1
1413939480000,1413939539000,0.87792,0.87794,0.87788,0.87793,29010000,1
1413939540000,1413939599000,0.87792,0.87795,0.87757,0.8776,46600000,1
1413939600000,1413939659000,0.87761,0.87766,0.87757,0.87757,66490000,1
1413939660000,1413939719000,0.87757,0.87761,0.87756,0.8776,27320000,1
1413939720000,1413939779000,0.87761,0.87761,0.87758,0.87759,19000000,1
1413939780000,1413939839000,0.87761,0.87771,0.87761,0.8777,29430000,1
1413939840000,1413939899000,0.87772,0.87774,0.8777,0.87773,33420000,1
1413939900000,1413939959000,0.87773,0.87777,0.87746,0.87747,41770000,1
1413939960000,1413940019000,0.87747,0.87757,0.87747,0.8775,26800000,1
1413940020000,1413940079000,0.8775,0.87763,0.8774,0.8774,41790000,1
1413940080000,1413940139000,0.87742,0.87742,0.87731,0.87736,34210000,1
1413940140000,1413940199000,0.87735,0.87735,0.87721,0.87733,47770000,1
1413940200000,1413940259000,0.87733,0.87733,0.87729,0.87731,21250000,1
1413940260000,1413940319000,0.87731,0.87734,0.87731,0.87734,35040000,1
1413940320000,1413940379000,0.87729,0.87731,0.87715,0.87721,46310000,1
1413940380000,1413940439000,0.87721,0.87722,0.87713,0.87718,31690000,1
1413940440000,1413940499000,0.87718,0.87718,0.8767,0.87671,123070000,1
1413940500000,1413940559000,0.8767,0.8769,0.8767,0.87687,53750000,1
1413940560000,1413940619000,0.87687,0.8769,0.87683,0.87686,34480000,1
1413940620000,1413940679000,0.87688,0.87692,0.87688,0.87688,29480000,1
1413940680000,1413940739000,0.87688,0.87692,0.87687,0.8769,10300000,1
1413940740000,1413940799000,0.8769,0.87702,0.87687,0.87702,74910000,1
1413940800000,1413940859000,0.87703,0.87728,0.87703,0.87718,53140000,1
1413940860000,1413940919000,0.87718,0.8776,0.87718,0.87759,99610000,1
1413940920000,1413940979000,0.87757,0.87766,0.87748,0.8775,64520000,1
1413940980000,1413941039000,0.87753,0.87763,0.87748,0.87757,41990000,1
1413941040000,1413941099000,0.87756,0.87761,0.87747,0.87759,58320000,1
1413941100000,1413941159000,0.87757,0.87758,0.8773,0.87742,58410000,1
1413941160000,1413941219000,0.87743,0.87748,0.87741,0.87748,23280000,1
1413941220000,1413941279000,0.87747,0.87792,0.87747,0.87788,109700000,1
1413941280000,1413941339000,0.87789,0.87804,0.87786,0.87797,59640000,1
1413941340000,1413941399000,0.87797,0.87839,0.87797,0.87829,126660000,1
1413941400000,1413941459000,0.8783,0.87838,0.87822,0.87828,76840000,1
1413941460000,1413941519000,0.87826,0.87826,0.87798,0.87799,77850000,1
1413941520000,1413941579000,0.87799,0.87802,0.87797,0.87797,12640000,1
1413941580000,1413941639000,0.87796,0.878,0.87789,0.87797,32180000,1
1413941640000,1413941699000,0.878,0.87817,0.878,0.87817,57770000,1
1413941700000,1413941759000,0.87817,0.8784,0.87817,0.87837,43570000,1
1413941760000,1413941819000,0.8784,0.87846,0.87802,0.87809,36190000,1
1413941820000,1413941879000,0.87812,0.87815,0.87786,0.87786,33690000,1
1413941880000,1413941939000,0.87786,0.87786,0.87768,0.87768,42900000,1
1413941940000,1413941999000,0.87767,0.87785,0.87767,0.87785,16610000,1
1413942000000,1413942059000,0.87785,0.87806,0.87785,0.87796,29800000,1
1413942060000,1413942119000,0.87797,0.87824,0.87797,0.87824,64740000,1
1413942120000,1413942179000,0.87822,0.8783,0.87808,0.8783,57290000,1
1413942180000,1413942239000,0.87829,0.87836,0.87818,0.87833,56690000,1
1413942240000,1413942299000,0.87833,0.87833,0.87817,0.87817,26520000,1
1413942300000,1413942359000,0.87817,0.87817,0.8781,0.87812,31690000,1
1413942360000,1413942419000,0.87813,0.87817,0.8781,0.87816,19600000,1
1413942420000,1413942479000,0.87817,0.87817,0.87806,0.87806,25750000,1
1413942480000,1413942539000,0.87806,0.87814,0.87803,0.87813,18270000,1
1413942540000,1413942599000,0.87811,0.87811,0.87796,0.87796,44490000,1
1413942600000,1413942659000,0.87796,0.87804,0.87796,0.87798,23350000,1
1413942660000,1413942719000,0.87798,0.87798,0.87795,0.87795,3250000,1
1413942720000,1413942779000,0.87794,0.87794,0.87785,0.87788,40650000,1
1413942780000,1413942839000,0.87788,0.87789,0.8775,0.87777,67570000,1
1413942840000,1413942899000,0.87777,0.87777,0.87776,0.87777,5000000,1
1413942900000,1413942959000,0.87778,0.87783,0.87778,0.87782,22570000,1
1413942960000,1413943019000,0.87783,0.87813,0.87783,0.87813,51830000,1
1413943020000,1413943079000,0.87816,0.87837,0.87815,0.87835,25980000,1
1413943080000,1413943139000,0.87834,0.87836,0.87799,0.87828,91220000,1
1413943140000,1413943199000,0.87828,0.87828,0.87804,0.87805,16690000,1
1413943200000,1413943259000,0.87806,0.87807,0.87804,0.87807,11000000,1
1413943260000,1413943319000,0.87808,0.87827,0.87808,0.87827,45220000,1
1413943320000,1413943379000,0.8783,0.87835,0.87826,0.87835,33020000,1
1413943380000,1413943439000,0.87834,0.87841,0.87834,0.8784,35670000,1
1413943440000,1413943499000,0.8784,0.87851,0.8784,0.8785,30690000,1
1413943500000,1413943559000,0.87848,0.8785,0.8784,0.8784,40510000,1
1413943560000,1413943619000,0.8784,0.87846,0.87825,0.87825,56660000,1
1413943620000,1413943679000,0.87826,0.87826,0.87826,0.87826,1870000,1
1413943680000,1413943739000,0.87826,0.87836,0.87826,0.87836,17720000,1
1413943740000,1413943799000,0.87835,0.87835,0.87828,0.87828,15180000,1
1413943800000,1413943859000,0.87826,0.8783,0.87811,0.87823,69000000,1
1413943860000,1413943919000,0.87826,0.87856,0.87826,0.87856,23190000,1
1413943920000,1413943979000,0.87857,0.87869,0.87848,0.8785,42410000,1
1413943980000,1413944039000,0.87855,0.87867,0.87855,0.87867,52850000,1
1413944040000,1413944099000,0.87865,0.87876,0.87849,0.87873,51230000,1
1413944100000,1413944159000,0.87874,0.87874,0.87856,0.87856,26540000,1
1413944160000,1413944219000,0.87856,0.87874,0.87856,0.87867,32830000,1
1413944220000,1413944279000,0.87867,0.87872,0.87867,0.8787,19200000,1
1413944280000,1413944339000,0.87868,0.87872,0.87845,0.87845,46740000,1
1413944340000,1413944399000,0.87845,0.87851,0.87827,0.87828,72230000,1
1413944400000,1413944459000,0.87831,0.87833,0.87811,0.87816,33750000,1
1413944460000,1413944519000,0.87815,0.87824,0.87815,0.87824,18390000,1
1413944520000,1413944579000,0.87824,0.87828,0.87808,0.87811,69250000,1
1413944580000,1413944639000,0.87809,0.87815,0.87801,0.87804,26020000,1
1413944640000,1413944699000,0.87803,0.87815,0.878,0.87815,25170000,1
1413944700000,1413944759000,0.87815,0.87816,0.87806,0.87816,11600000,1
1413944760000,1413944819000,0.87815,0.87815,0.8781,0.8781,16390000,1
1413944820000,1413944879000,0.8781,0.87821,0.8781,0.87821,15720000,1
1413944880000,1413944939000,0.87822,0.87825,0.87822,0.87825,5600000,1
1413944940000,1413944999000,0.87824,0.87826,0.87824,0.87826,7500000,1
1413945000000,1413945059000,0.87826,0.87826,0.87819,0.87821,26250000,1
1413945060000,1413945119000,0.87821,0.87848,0.87819,0.87842,57500000,1
1413945120000,1413945179000,0.87843,0.87865,0.87843,0.87864,41500000,1
1413945180000,1413945239000,0.87864,0.87873,0.87864,0.87865,20750000,1
1413945240000,1413945299000,0.87865,0.87865,0.87857,0.87858,7000000,1
1413945300000,1413945359000,0.87857,0.87858,0.87857,0.87857,3000000,1
1413945360000,1413945419000,0.87857,0.87882,0.87847,0.8788,44390000,1
1413945420000,1413945479000,0.8788,0.8788,0.87857,0.87857,51340000,1
1413945480000,1413945539000,0.87852,0.87857,0.8785,0.87857,15120000,1
1413945540000,1413945599000,0.87857,0.87867,0.87857,0.87867,24500000,1
1413945600000,1413945659000,0.87866,0.87866,0.87857,0.87857,12500000,1
1413945660000,1413945719000,0.87857,0.8786,0.87857,0.87859,5500000,1
1413945720000,1413945779000,0.87862,0.87886,0.87859,0.87884,52320000,1
1413945780000,1413945839000,0.87884,0.87886,0.87882,0.87886,26220000,1
1413945840000,1413945899000,0.87884,0.87887,0.87881,0.87885,15990000,1
1413945900000,1413945959000,0.87885,0.87885,0.87874,0.87876,33870000,1
1413945960000,1413946019000,0.87874,0.87874,0.87867,0.87867,8250000,1
1413946020000,1413946079000,0.87865,0.87867,0.87849,0.87865,68550000,1
1413946080000,1413946139000,0.87864,0.87866,0.87864,0.87866,4000000,1
1413946140000,1413946199000,0.87865,0.87867,0.87864,0.87867,4500000,1
1413946200000,1413946259000,0.87866,0.87878,0.87859,0.87865,49900000,1
1413946260000,1413946319000,0.87865,0.87866,0.87865,0.87866,2500000,1
1413946320000,1413946379000,0.87864,0.87864,0.87857,0.87862,15000000,1
1413946380000,1413946439000,0.87863,0.87896,0.87863,0.87896,70850000,1
1413946440000,1413946499000,0.87895,0.87916,0.87894,0.87912,51000000,1
1413946500000,1413946559000,0.87912,0.87912,0.87885,0.87889,96690000,1
1413946560000,1413946619000,0.87891,0.87918,0.8789,0.87903,117380000,1
1413946620000,1413946679000,0.87903,0.87907,0.8789,0.87891,48700000,1
1413946680000,1413946739000,0.87894,0.87894,0.8788,0.87884,34550000,1
1413946740000,1413946799000,0.87885,0.879,0.87885,0.87894,42470000,1
1413946800000,1413946859000,0.87894,0.87895,0.87886,0.87893,26100000,1
1413946860000,1413946919000,0.87893,0.87895,0.87881,0.87895,92610000,1
1413946920000,1413946979000,0.87895,0.87918,0.87895,0.87914,45990000,1
1413946980000,1413947039000,0.87915,0.87916,0.87905,0.87914,47850000,1
1413947040000,1413947099000,0.87914,0.87914,0.87906,0.87909,27690000,1
1413947100000,1413947159000,0.87908,0.87918,0.87901,0.8791,46160000,1
1413947160000,1413947219000,0.87912,0.87919,0.87908,0.87914,39490000,1
1413947220000,1413947279000,0.87914,0.87914,0.87901,0.87904,36940000,1
1413947280000,1413947339000,0.87904,0.87914,0.87901,0.87913,44230000,1
1413947340000,1413947399000,0.87913,0.87914,0.87905,0.87912,42490000,1
1413947400000,1413947459000,0.87909,0.87912,0.87905,0.87905,20550000,1
1413947460000,1413947519000,0.87907,0.87913,0.87907,0.87913,17230000,1
1413947520000,1413947579000,0.87913,0.87913,0.87905,0.87905,23350000,1
1413947580000,1413947639000,0.87905,0.87905,0.87882,0.8789,77160000,1
1413947640000,1413947699000,0.87891,0.87915,0.8789,0.87915,72000000,1
1413947700000,1413947759000,0.87916,0.87918,0.87916,0.87918,10740000,1
1413947760000,1413947819000,0.87918,0.87937,0.87918,0.87937,39120000,1
1413947820000,1413947879000,0.87937,0.87957,0.87937,0.87947,49990000,1
1413947880000,1413947939000,0.87946,0.87946,0.87937,0.87938,35940000,1
1413947940000,1413947999000,0.87938,0.87948,0.87937,0.87948,24250000,1
1413948000000,1413948059000,0.87949,0.87971,0.87949,0.8797,63710000,1
1413948060000,1413948119000,0.87973,0.87984,0.87954,0.87955,68620000,1
1413948120000,1413948179000,0.87954,0.87979,0.87948,0.87976,81600000,1
1413948180000,1413948239000,0.87976,0.87976,0.87948,0.87951,125010000,1
1413948240000,1413948299000,0.87953,0.87966,0.87949,0.87949,58750000,1
1413948300000,1413948359000,0.87949,0.87952,0.87928,0.87935,69580000,1
1413948360000,1413948419000,0.87935,0.87953,0.87935,0.87951,58330000,1
1413948420000,1413948479000,0.87953,0.87953,0.87944,0.87944,74890000,1
1413948480000,1413948539000,0.87945,0.87945,0.87941,0.87941,17770000,1
1413948540000,1413948599000,0.87941,0.87948,0.87941,0.87945,37290000,1
1413948600000,1413948659000,0.87945,0.87945,0.87929,0.87933,44930000,1
1413948660000,1413948719000,0.87933,0.87935,0.8792,0.8792,36270000,1
1413948720000,1413948779000,0.8792,0.8792,0.87905,0.87905,40890000,1
1413948780000,1413948839000,0.87905,0.87935,0.87905,0.87927,72470000,1
1413948840000,1413948899000,0.87927,0.87942,0.87927,0.87936,54740000,1
1413948900000,1413948959000,0.87936,0.87941,0.87936,0.87937,25510000,1
1413948960000,1413949019000,0.87937,0.87939,0.87937,0.87939,7190000,1
1413949020000,1413949079000,0.87938,0.87941,0.87938,0.87941,13060000,1
1413949080000,1413949139000,0.87941,0.87945,0.8794,0.8794,33420000,1
1413949140000,1413949199000,0.8794,0.87943,0.8794,0.87943,12310000,1
1413949260000,1413949319000,0.87942,0.87944,0.8793,0.87931,18000000,1
1413949320000,1413949379000,0.8793,0.87933,0.87929,0.87931,15190000,1
1413949380000,1413949439000,0.8793,0.87934,0.8793,0.87931,9250000,1
1413949440000,1413949499000,0.87932,0.87932,0.87932,0.87932,2000000,1
1413949500000,1413949559000,0.87933,0.87933,0.87931,0.87931,5750000,1
1413949560000,1413949619000,0.87931,0.87941,0.87929,0.87937,17120000,1
1413949620000,1413949679000,0.87937,0.87937,0.87929,0.87929,10750000,1
1413949680000,1413949739000,0.87928,0.87928,0.8791,0.87915,40500000,1
1413949740000,1413949799000,0.87916,0.87917,0.87914,0.87916,16000000,1
1413949800000,1413949859000,0.87916,0.87927,0.87913,0.87927,15020000,1
1413949860000,1413949919000,0.87925,0.87927,0.87923,0.87923,8750000,1
1413949920000,1413949979000,0.87923,0.87926,0.87919,0.87924,22750000,1
1413949980000,1413950039000,0.87923,0.87927,0.87922,0.87927,9500000,1
1413950040000,1413950099000,0.87927,0.87936,0.87927,0.87931,11000000,1
1413950100000,1413950159000,0.8793,0.87933,0.8793,0.87933,12670000,1
1413950160000,1413950219000,0.87932,0.87935,0.87932,0.87935,5250000,1
1413950220000,1413950279000,0.87935,0.87936,0.8793,0.8793,20250000,1
1413950280000,1413950339000,0.8793,0.87937,0.87917,0.87918,23470000,1
1413950340000,1413950399000,0.87917,0.87917,0.87911,0.87914,12500000,1
1413950400000,1413950459000,0.87914,0.87916,0.87914,0.87915,15000000,1
1413950460000,1413950519000,0.87912,0.87913,0.8791,0.87912,19750000,1
1413950520000,1413950579000,0.87913,0.87913,0.8791,0.87913,14000000,1
1413950580000,1413950639000,0.87911,0.87913,0.87911,0.87912,19000000,1
1413950640000,1413950699000,0.87912,0.87913,0.87911,0.87913,10000000,1
1413950700000,1413950759000,0.87911,0.87913,0.87903,0.87903,18070000,1
1413950760000,1413950819000,0.87902,0.87902,0.87892,0.87893,36000000,1
1413950820000,1413950879000,0.87893,0.87893,0.87891,0.87891,27500000,1
1413950880000,1413950939000,0.87891,0.87891,0.87883,0.87884,23140000,1
1413950940000,1413950999000,0.87889,0.87903,0.87889,0.87902,37110000,1
1413951000000,1413951059000,0.87904,0.87916,0.87902,0.87915,18140000,1
1413951060000,1413951119000,0.87913,0.87915,0.87907,0.87907,15240000,1
1413951120000,1413951179000,0.87907,0.87907,0.87889,0.87892,25840000,1
1413951180000,1413951239000,0.87891,0.87892,0.87877,0.87878,36250000,1
1413951240000,1413951299000,0.87877,0.87888,0.87877,0.87887,16250000,1
1413951300000,1413951359000,0.87886,0.87906,0.87886,0.87889,49360000,1
1413951360000,1413951419000,0.87889,0.87897,0.87887,0.87887,23920000,1
1413951420000,1413951479000,0.87889,0.87914,0.87889,0.87899,37210000,1
1413951480000,1413951539000,0.879,0.87906,0.879,0.87906,7220000,1
1413951540000,1413951599000,0.87904,0.87906,0.87898,0.87906,9100000,1
1413951600000,1413951659000,0.87906,0.87906,0.87892,0.87904,34200000,1
1413951660000,1413951719000,0.87904,0.87905,0.879,0.87905,15250000,1
1413951720000,1413951779000,0.87906,0.87908,0.87903,0.87903,4500000,1
1413951780000,1413951839000,0.87904,0.87913,0.87882,0.87887,38580000,1
1413951840000,1413951899000,0.8789,0.87903,0.8789,0.87896,22820000,1
1413951900000,1413951959000,0.87896,0.87896,0.87888,0.87888,8000000,1
1413951960000,1413952019000,0.87889,0.87899,0.87889,0.87895,35390000,1
1413952020000,1413952079000,0.87893,0.87895,0.87891,0.87895,19040000,1
1413952080000,1413952139000,0.87895,0.87895,0.87885,0.87895,35240000,1
1413952140000,1413952199000,0.87897,0.87946,0.87897,0.87935,97990000,1
1413952200000,1413952259000,0.87935,0.87945,0.87926,0.87927,55130000,1
1413952260000,1413952319000,0.87931,0.87946,0.87914,0.87914,69870000,1
1413952320000,1413952379000,0.87914,0.87914,0.879,0.87904,70500000,1
1413952380000,1413952439000,0.87904,0.87919,0.879,0.87917,46300000,1
1413952440000,1413952499000,0.87923,0.87934,0.87923,0.87923,23990000,1
1413952500000,1413952559000,0.87924,0.87925,0.87917,0.87925,17000000,1
1413952560000,1413952619000,0.87925,0.87925,0.87914,0.87917,15000000,1
1413952620000,1413952679000,0.87917,0.87917,0.87911,0.87913,28000000,1
1413952680000,1413952739000,0.87912,0.87918,0.87912,0.87915,6000000,1
1413952740000,1413952799000,0.87915,0.87915,0.87905,0.87906,30250000,1
1413952800000,1413952859000,0.87906,0.87906,0.87886,0.87892,34500000,1
1413952860000,1413952919000,0.87892,0.87892,0.87885,0.87889,17500000,1
1413952920000,1413952979000,0.87888,0.87895,0.87888,0.87895,9000000,1
1413952980000,1413953039000,0.87895,0.87895,0.87874,0.87878,46000000,1
1413953040000,1413953099000,0.87877,0.87893,0.87874,0.87893,19000000,1
1413953100000,1413953159000,0.87895,0.87922,0.87887,0.87918,70070000,1
1413953160000,1413953219000,0.87918,0.87918,0.87907,0.87907,19250000,1
1413953220000,1413953279000,0.87906,0.87925,0.87902,0.87914,40870000,1
1413953280000,1413953339000,0.87916,0.87921,0.87906,0.87906,75320000,1
1413953340000,1413953399000,0.87906,0.87906,0.87893,0.87898,18490000,1
1413953400000,1413953459000,0.87896,0.87916,0.87896,0.87907,38780000,1
1413953460000,1413953519000,0.87907,0.87907,0.87896,0.87896,9620000,1
1413953520000,1413953579000,0.87896,0.879,0.87882,0.87896,64410000,1
1413953580000,1413953639000,0.87899,0.87903,0.87886,0.87886,76780000,1
1413953640000,1413953699000,0.87888,0.87896,0.87881,0.87887,54960000,1
1413953700000,1413953759000,0.87887,0.87895,0.87887,0.87887,16370000,1
1413953760000,1413953819000,0.87887,0.87889,0.87885,0.87889,6000000,1
1413953820000,1413953879000,0.87891,0.87896,0.87887,0.87896,16750000,1
1413953880000,1413953939000,0.87896,0.87905,0.87893,0.87896,27500000,1
1413953940000,1413953999000,0.87897,0.87904,0.87892,0.87902,17000000,1
1413954000000,1413954059000,0.87903,0.87909,0.87893,0.87893,34500000,1
1413954060000,1413954119000,0.87893,0.87893,0.87878,0.87879,35220000,1
1413954120000,1413954179000,0.87877,0.87878,0.87861,0.87876,40320000,1
1413954180000,1413954239000,0.87876,0.87876,0.87858,0.87859,39070000,1
1413954240000,1413954299000,0.87859,0.87864,0.87859,0.87864,30030000,1
1413954300000,1413954359000,0.87865,0.87876,0.87861,0.87876,25080000,1
1413954360000,1413954419000,0.87877,0.87901,0.87877,0.87892,36890000,1
1413954420000,1413954479000,0.87892,0.87904,0.87892,0.87901,22970000,1
1413954480000,1413954539000,0.879,0.879,0.87891,0.87892,20000000,1
1413954540000,1413954599000,0.87891,0.87894,0.87887,0.8789,34170000,1
1413954600000,1413954659000,0.8789,0.87894,0.87877,0.87884,44030000,1
1413954660000,1413954719000,0.87886,0.87889,0.87886,0.87887,13000000,1
1413954720000,1413954779000,0.87887,0.87887,0.87876,0.87886,31320000,1
1413954780000,1413954839000,0.87884,0.87887,0.87876,0.87884,63740000,1
1413954840000,1413954899000,0.87885,0.87885,0.87862,0.87867,50830000,1
1413954900000,1413954959000,0.87866,0.87869,0.87855,0.87858,38190000,1
1413954960000,1413955019000,0.87857,0.87858,0.87842,0.87844,64070000,1
1413955020000,1413955079000,0.87842,0.87847,0.87822,0.87826,50570000,1
1413955080000,1413955139000,0.87826,0.87836,0.87826,0.87834,30930000,1
1413955140000,1413955199000,0.87834,0.87837,0.87822,0.87837,54020000,1
1413955200000,1413955259000,0.8784,0.87864,0.87837,0.87853,125680000,1
1413955260000,1413955319000,0.87855,0.87855,0.87847,0.87854,44510000,1
1413955320000,1413955379000,0.87852,0.87873,0.87849,0.87871,101220000,1
1413955380000,1413955439000,0.87872,0.87872,0.8785,0.87853,69800000,1
1413955440000,1413955499000,0.87855,0.87865,0.87852,0.87861,64170000,1
1413955500000,1413955559000,0.8786,0.87883,0.87859,0.87875,63500000,1
1413955560000,1413955619000,0.87874,0.87877,0.87859,0.87864,36270000,1
1413955620000,1413955679000,0.87863,0.87892,0.87863,0.87889,48970000,1
1413955680000,1413955739000,0.87888,0.87894,0.87888,0.87893,63200000,1
1413955740000,1413955799000,0.87893,0.87896,0.87872,0.87872,54480000,1
1413955800000,1413955859000,0.87872,0.87874,0.87866,0.87873,43460000,1
1413955860000,1413955919000,0.87874,0.87876,0.87863,0.87863,33270000,1
1413955920000,1413955979000,0.87863,0.87875,0.87863,0.87875,19720000,1
1413955980000,1413956039000,0.87876,0.87886,0.87874,0.87886,24990000,1
1413956040000,1413956099000,0.87886,0.87886,0.87886,0.87886,7850000,1
1413956100000,1413956159000,0.87886,0.87886,0.87867,0.87868,30950000,1
1413956160000,1413956219000,0.87867,0.87868,0.87863,0.87866,20000000,1
1413956220000,1413956279000,0.87865,0.87867,0.87862,0.87867,28420000,1
1413956280000,1413956339000,0.87867,0.87877,0.87867,0.87868,18860000,1
1413956340000,1413956399000,0.87867,0.87867,0.87867,0.87867,1500000,1
1413956400000,1413956459000,0.87867,0.87868,0.87867,0.87868,13560000,1
1413956460000,1413956519000,0.87868,0.87888,0.87868,0.87887,15380000,1
1413956520000,1413956579000,0.87887,0.87887,0.87878,0.87878,14960000,1
1413956580000,1413956639000,0.87876,0.87877,0.87869,0.87869,24110000,1
1413956640000,1413956699000,0.87869,0.87876,0.87869,0.87875,44680000,1
1413956700000,1413956759000,0.87875,0.87876,0.87874,0.87876,8320000,1
1413956760000,1413956819000,0.87877,0.87878,0.87875,0.87877,17970000,1
1413956820000,1413956879000,0.87878,0.87878,0.87868,0.87868,14720000,1
1413956880000,1413956939000,0.87868,0.87868,0.87868,0.87868,7500000,1
1413956940000,1413956999000,0.87868,0.87878,0.87868,0.87868,21270000,1
1413957000000,1413957059000,0.87867,0.87874,0.87867,0.87869,17610000,1
1413957060000,1413957119000,0.87869,0.87884,0.87869,0.87883,49740000,1
1413957120000,1413957179000,0.87883,0.87883,0.87872,0.87872,21790000,1
1413957180000,1413957239000,0.87872,0.87883,0.87866,0.87878,41520000,1
1413957240000,1413957299000,0.87878,0.8788,0.87877,0.8788,24000000,1
1413957300000,1413957359000,0.87881,0.87884,0.87879,0.87884,27500000,1
1413957360000,1413957419000,0.87884,0.87884,0.8786,0.87862,33190000,1
1413957420000,1413957479000,0.87862,0.8787,0.87851,0.87867,81430000,1
1413957480000,1413957539000,0.87867,0.87883,0.87867,0.87883,76360000,1
1413957540000,1413957599000,0.87884,0.87891,0.87869,0.87872,72260000,1
1413957600000,1413957659000,0.87872,0.87874,0.87854,0.87857,79950000,1
1413957660000,1413957719000,0.87856,0.87872,0.87855,0.87868,91530000,1
1413957720000,1413957779000,0.87869,0.87874,0.87868,0.87873,26260000,1
1413957780000,1413957839000,0.87873,0.87884,0.87873,0.87883,27240000,1
1413957840000,1413957899000,0.87884,0.87892,0.87883,0.8789,33260000,1
1413957900000,1413957959000,0.87888,0.87892,0.87878,0.87888,47320000,1
1413957960000,1413958019000,0.87888,0.87892,0.87874,0.87874,33380000,1
1413958020000,1413958079000,0.87876,0.87877,0.87859,0.87865,34510000,1
1413958080000,1413958139000,0.87867,0.87867,0.87866,0.87867,37510000,1
1413958140000,1413958199000,0.87867,0.87869,0.87856,0.87858,61000000,1
1413958200000,1413958259000,0.87858,0.87858,0.87819,0.87834,62220000,1
1413958260000,1413958319000,0.87834,0.87882,0.87832,0.87876,132230000,1
1413958320000,1413958379000,0.87877,0.87878,0.87867,0.87878,62740000,1
1413958380000,1413958439000,0.87879,0.8788,0.87873,0.87878,26900000,1
1413958440000,1413958499000,0.8788,0.87938,0.8788,0.87937,99840000,1
1413958500000,1413958559000,0.87939,0.8795,0.87931,0.87947,58340000,1
1413958560000,1413958619000,0.8795,0.88001,0.8795,0.87994,124310000,1
1413958620000,1413958679000,0.87996,0.87997,0.87966,0.87966,66270000,1
1413958680000,1413958739000,0.87968,0.87968,0.87943,0.87947,47310000,1
1413958740000,1413958799000,0.87947,0.87956,0.87938,0.87938,49050000,1
1413958800000,1413958859000,0.87938,0.87958,0.87932,0.87947,36250000,1
1413958860000,1413958919000,0.87947,0.87947,0.87927,0.87927,30090000,1
1413958920000,1413958979000,0.87927,0.87937,0.87916,0.87916,41870000,1
1413958980000,1413959039000,0.87917,0.87917,0.87898,0.87898,44570000,1
1413959040000,1413959099000,0.87899,0.87916,0.87889,0.87907,86210000,1
1413959100000,1413959159000,0.87906,0.87907,0.87905,0.87907,11030000,1
1413959160000,1413959219000,0.87908,0.87921,0.87908,0.8792,21000000,1
1413959220000,1413959279000,0.87919,0.87928,0.87898,0.87898,46810000,1
1413959280000,1413959339000,0.87897,0.8793,0.87889,0.87929,39060000,1
1413959340000,1413959399000,0.87931,0.87939,0.87931,0.87938,13500000,1
1413959400000,1413959459000,0.87937,0.87945,0.87935,0.87935,38890000,1
1413959460000,1413959519000,0.87936,0.87942,0.8793,0.8793,37260000,1
1413959520000,1413959579000,0.87931,0.87944,0.8793,0.87935,62870000,1
1413959580000,1413959639000,0.87934,0.87934,0.87893,0.87893,75030000,1
1413959640000,1413959699000,0.87894,0.87906,0.87894,0.87896,29050000,1
1413959700000,1413959759000,0.87896,0.87896,0.87881,0.87889,71710000,1
1413959760000,1413959819000,0.87889,0.87889,0.87877,0.87877,20900000,1
1413959820000,1413959879000,0.87877,0.87899,0.87875,0.87894,48660000,1
1413959880000,1413959939000,0.87894,0.87896,0.87892,0.87895,37670000,1
1413959940000,1413959999000,0.87895,0.87899,0.87895,0.87896,18650000,1
1413960000000,1413960059000,0.87897,0.87897,0.87895,0.87895,28410000,1
1413960060000,1413960119000,0.87896,0.87903,0.87895,0.87903,32140000,1
1413960120000,1413960179000,0.87902,0.87903,0.87885,0.87886,48700000,1
1413960180000,1413960239000,0.87887,0.87906,0.87885,0.87903,63960000,1
1413960240000,1413960299000,0.87902,0.87902,0.87888,0.8789,43410000,1
1413960300000,1413960359000,0.87888,0.879,0.87885,0.879,61450000,1
1413960360000,1413960419000,0.87901,0.87901,0.8789,0.87892,93730000,1
1413960420000,1413960479000,0.87896,0.87896,0.8789,0.87892,48950000,1
1413960480000,1413960539000,0.87893,0.87895,0.87888,0.87888,44800000,1
1413960540000,1413960599000,0.87887,0.87887,0.87833,0.87833,68570000,1
1413960600000,1413960659000,0.87831,0.87842,0.87828,0.87833,50740000,1
1413960660000,1413960719000,0.87833,0.87841,0.87833,0.87837,58590000,1
1413960720000,1413960779000,0.87837,0.87868,0.87837,0.87867,84060000,1
1413960780000,1413960839000,0.87867,0.87867,0.87857,0.87865,33850000,1
1413960840000,1413960899000,0.87865,0.87867,0.87858,0.87867,27250000,1
1413960900000,1413960959000,0.87867,0.87867,0.87857,0.87857,40600000,1
1413960960000,1413961019000,0.87857,0.87865,0.87854,0.87856,17110000,1
1413961020000,1413961079000,0.87856,0.87856,0.87836,0.87836,22150000,1
1413961080000,1413961139000,0.87835,0.87855,0.87827,0.87855,50950000,1
1413961140000,1413961199000,0.87852,0.87877,0.87852,0.87873,44200000,1
1413961200000,1413961259000,0.87874,0.87886,0.87874,0.87877,26410000,1
1413961260000,1413961319000,0.87877,0.87877,0.87856,0.87856,71630000,1
1413961320000,1413961379000,0.87856,0.87856,0.87837,0.87847,41160000,1
1413961380000,1413961439000,0.87846,0.87846,0.87803,0.87811,77650000,1
1413961440000,1413961499000,0.87809,0.87819,0.87809,0.87817,71920000,1
1413961500000,1413961559000,0.87817,0.87817,0.87799,0.878,47080000,1
1413961560000,1413961619000,0.878,0.87803,0.87799,0.87802,55900000,1
1413961620000,1413961679000,0.87802,0.87808,0.87792,0.87797,106100000,1
1413961680000,1413961739000,0.87797,0.87817,0.87797,0.87817,51330000,1
1413961740000,1413961799000,0.87813,0.87813,0.87772,0.87797,82160000,1
1413961800000,1413961859000,0.87797,0.87816,0.87775,0.87811,161940000,1
1413961860000,1413961919000,0.8781,0.87819,0.87807,0.87819,71800000,1
1413961920000,1413961979000,0.87821,0.87821,0.87797,0.87797,75870000,1
1413961980000,1413962039000,0.87797,0.87828,0.87797,0.87826,64760000,1
1413962040000,1413962099000,0.8782,0.8782,0.87797,0.87797,66280000,1
1413962100000,1413962159000,0.87797,0.87797,0.87762,0.87766,58050000,1
1413962160000,1413962219000,0.87766,0.87777,0.87756,0.87756,103910000,1
1413962220000,1413962279000,0.87756,0.87767,0.87734,0.87757,86670000,1
1413962280000,1413962339000,0.87756,0.87767,0.87745,0.87767,68370000,1
1413962340000,1413962399000,0.8777,0.87785,0.87757,0.87758,124490000,1
1413962400000,1413962459000,0.87758,0.87769,0.87748,0.87758,63730000,1
1413962460000,1413962519000,0.87758,0.8779,0.87758,0.87787,71150000,1
1413962520000,1413962579000,0.87789,0.87793,0.87773,0.87793,86000000,1
1413962580000,1413962639000,0.87793,0.87815,0.87793,0.87797,55820000,1
1413962640000,1413962699000,0.87797,0.87803,0.87795,0.87795,62290000,1
1413962700000,1413962759000,0.87795,0.87803,0.87794,0.878,86950000,1
1413962760000,1413962819000,0.87799,0.87814,0.87799,0.87806,48970000,1
1413962820000,1413962879000,0.87806,0.87812,0.87806,0.87808,49050000,1
1413962880000,1413962939000,0.87804,0.87804,0.87791,0.87794,43670000,1
1413962940000,1413962999000,0.87794,0.87807,0.87792,0.87802,86970000,1
1413963000000,1413963059000,0.87801,0.87809,0.87791,0.87809,87430000,1
1413963060000,1413963119000,0.8781,0.87819,0.87808,0.87818,40000000,1
1413963120000,1413963179000,0.87819,0.87826,0.87817,0.87826,46100000,1
1413963180000,1413963239000,0.87825,0.87827,0.87809,0.87818,35870000,1
1413963240000,1413963299000,0.87817,0.87817,0.87801,0.87807,63330000,1
1413963300000,1413963359000,0.87807,0.87817,0.87807,0.87817,13150000,1
1413963360000,1413963419000,0.87818,0.87824,0.878,0.87806,69030000,1
1413963420000,1413963479000,0.87804,0.87804,0.87792,0.87792,49190000,1
1413963480000,1413963539000,0.87792,0.87793,0.87775,0.87778,84820000,1
1413963540000,1413963599000,0.8778,0.87787,0.87774,0.87776,41390000,1
1413963600000,1413963659000,0.87776,0.87776,0.87757,0.87767,86660000,1
1413963660000,1413963719000,0.87766,0.87767,0.87747,0.87756,108620000,1
1413963720000,1413963779000,0.87755,0.8776,0.8774,0.87758,97630000,1
1413963780000,1413963839000,0.87758,0.87758,0.87729,0.87729,101290000,1
1413963840000,1413963899000,0.87732,0.87738,0.87724,0.87728,46770000,1
1413963900000,1413963959000,0.87728,0.87748,0.87728,0.87747,80850000,1
1413963960000,1413964019000,0.87747,0.8776,0.8774,0.87754,144520000,1
1413964020000,1413964079000,0.87756,0.87758,0.87737,0.87737,68340000,1
1413964080000,1413964139000,0.87737,0.87748,0.87731,0.87736,63590000,1
1413964140000,1413964199000,0.87739,0.87764,0.87739,0.87747,99000000,1
1413964200000,1413964259000,0.87747,0.87761,0.87743,0.87758,83470000,1
1413964260000,1413964319000,0.87758,0.87765,0.87751,0.87764,65290000,1
1413964320000,1413964379000,0.87764,0.8777,0.87762,0.87767,27910000,1
1413964380000,1413964439000,0.87767,0.87767,0.87765,0.87766,46550000,1
1413964440000,1413964499000,0.87765,0.87768,0.87755,0.8776,78740000,1
1413964500000,1413964559000,0.8776,0.8776,0.87748,0.8775,42040000,1
1413964560000,1413964619000,0.8775,0.87761,0.87749,0.87761,90430000,1
1413964620000,1413964679000,0.87761,0.87785,0.87761,0.87777,108530000,1
1413964680000,1413964739000,0.87778,0.87781,0.8777,0.87777,45880000,1
1413964740000,1413964799000,0.87778,0.87795,0.87773,0.87791,85850000,1
1413964800000,1413964859000,0.87792,0.87828,0.87792,0.87796,85720000,1
1413964860000,1413964919000,0.87796,0.87797,0.87752,0.87767,124060000,1
1413964920000,1413964979000,0.87767,0.87779,0.87767,0.87771,107350000,1
1413964980000,1413965039000,0.87771,0.87771,0.87752,0.87758,93640000,1
1413965040000,1413965099000,0.87756,0.87789,0.87747,0.87774,123460000,1
1413965100000,1413965159000,0.87773,0.87773,0.87748,0.8776,88300000,1
1413965160000,1413965219000,0.87762,0.87769,0.87746,0.87746,72160000,1
1413965220000,1413965279000,0.87748,0.87767,0.87746,0.8776,79180000,1
1413965280000,1413965339000,0.87757,0.87778,0.87743,0.87746,123520000,1
1413965340000,1413965399000,0.87749,0.87753,0.87735,0.87738,49090000,1
1413965400000,1413965459000,0.87736,0.87756,0.87733,0.87756,48650000,1
1413965460000,1413965519000,0.87756,0.87775,0.87756,0.87775,62130000,1
1413965520000,1413965579000,0.87775,0.87786,0.87767,0.87786,79650000,1
1413965580000,1413965639000,0.87786,0.87811,0.8778,0.87809,91250000,1
1413965640000,1413965699000,0.87809,0.87809,0.87799,0.87807,35050000,1
1413965700000,1413965759000,0.87808,0.87808,0.8778,0.87797,93000000,1
1413965760000,1413965819000,0.87797,0.87797,0.87777,0.87778,56740000,1
1413965820000,1413965879000,0.87778,0.87808,0.87778,0.87807,60720000,1
1413965880000,1413965939000,0.87807,0.87824,0.878,0.87817,35580000,1
1413965940000,1413965999000,0.87817,0.87827,0.87813,0.87816,61750000,1
1413966000000,1413966059000,0.87816,0.87818,0.87794,0.87796,34840000,1
1413966060000,1413966119000,0.87795,0.87807,0.87786,0.87805,57850000,1
1413966120000,1413966179000,0.87805,0.87816,0.87805,0.87807,28250000,1
1413966180000,1413966239000,0.87807,0.87807,0.87775,0.87775,48350000,1
1413966240000,1413966299000,0.87776,0.87794,0.87775,0.87794,103540000,1
1413966300000,1413966359000,0.87796,0.87816,0.87796,0.87808,64580000,1
1413966360000,1413966419000,0.87807,0.87807,0.87797,0.87797,30400000,1
1413966420000,1413966479000,0.87797,0.87806,0.87795,0.87801,48860000,1
1413966480000,1413966539000,0.87802,0.87807,0.878,0.87805,35160000,1
1413966540000,1413966599000,0.87805,0.87807,0.87805,0.87805,95220000,1
1413966600000,1413966659000,0.87805,0.87826,0.87802,0.87817,108560000,1
1413966660000,1413966719000,0.87817,0.87825,0.87801,0.8781,127090000,1
1413966720000,1413966779000,0.87811,0.87844,0.87811,0.87842,125630000,1
1413966780000,1413966839000,0.87839,0.8784,0.87826,0.87829,37460000,1
1413966840000,1413966899000,0.87827,0.87844,0.87827,0.87837,51180000,1
1413966900000,1413966959000,0.87838,0.87845,0.87831,0.87838,56440000,1
1413966960000,1413967019000,0.87841,0.87848,0.87827,0.87827,71370000,1
1413967020000,1413967079000,0.87827,0.87827,0.87818,0.87818,77890000,1
1413967080000,1413967139000,0.87818,0.87818,0.87811,0.87812,43500000,1
1413967140000,1413967199000,0.87812,0.87817,0.87786,0.87813,90870000,1
1413967200000,1413967259000,0.87816,0.87832,0.87814,0.87829,117740000,1
1413967260000,1413967319000,0.87828,0.87847,0.87828,0.87841,75210000,1
1413967320000,1413967379000,0.87842,0.87848,0.87807,0.87841,111290000,1
1413967380000,1413967439000,0.8784,0.87842,0.87835,0.87837,66560000,1
1413967440000,1413967499000,0.87837,0.87853,0.87835,0.87853,72340000,1
1413967500000,1413967559000,0.87853,0.87867,0.87848,0.87864,94300000,1
1413967560000,1413967619000,0.87864,0.87868,0.87858,0.8786,49010000,1
1413967620000,1413967679000,0.87861,0.87861,0.87843,0.87854,49540000,1
1413967680000,1413967739000,0.87854,0.87855,0.8784,0.87846,55550000,1
1413967740000,1413967799000,0.87845,0.87845,0.87829,0.8784,55140000,1
1413967800000,1413967859000,0.87838,0.87857,0.87838,0.87857,23530000,1
1413967860000,1413967919000,0.87857,0.87857,0.8784,0.87846,29760000,1
1413967920000,1413967979000,0.87846,0.87857,0.87846,0.87855,29760000,1
1413967980000,1413968039000,0.87855,0.87866,0.87855,0.87866,32800000,1
1413968040000,1413968099000,0.87866,0.87866,0.87837,0.87837,55110000,1
1413968100000,1413968159000,0.87838,0.87861,0.87826,0.87835,48160000,1
1413968160000,1413968219000,0.87836,0.87837,0.87827,0.87828,29160000,1
1413968220000,1413968279000,0.87826,0.87847,0.87824,0.87843,39710000,1
1413968280000,1413968339000,0.87843,0.87862,0.87837,0.87862,59490000,1
1413968340000,1413968399000,0.87862,0.87895,0.8786,0.87876,103030000,1
1413968400000,1413968459000,0.87872,0.87892,0.87869,0.87892,99420000,1
1413968460000,1413968519000,0.8789,0.87891,0.87872,0.87881,38870000,1
1413968520000,1413968579000,0.87881,0.87884,0.87866,0.87866,65950000,1
1413968580000,1413968639000,0.87863,0.87887,0.87863,0.87887,44830000,1
1413968640000,1413968699000,0.87886,0.87886,0.87867,0.87876,42390000,1
1413968700000,1413968759000,0.87876,0.87886,0.87876,0.87886,15720000,1
1413968760000,1413968819000,0.87886,0.87886,0.87867,0.87878,33120000,1
1413968820000,1413968879000,0.87875,0.87875,0.87867,0.87867,21500000,1
1413968880000,1413968939000,0.87867,0.87886,0.87861,0.87885,39850000,1
1413968940000,1413968999000,0.87885,0.87885,0.87876,0.87877,37260000,1
1413969000000,1413969059000,0.87876,0.87877,0.87857,0.8786,57220000,1
1413969060000,1413969119000,0.87862,0.87864,0.87857,0.87859,52310000,1
1413969120000,1413969179000,0.87859,0.87859,0.87856,0.87856,8140000,1
1413969180000,1413969239000,0.87856,0.87856,0.87847,0.87856,49400000,1
1413969240000,1413969299000,0.87857,0.87887,0.87857,0.87877,36520000,1
1413969300000,1413969359000,0.87877,0.87886,0.87877,0.87878,42350000,1
1413969360000,1413969419000,0.87878,0.87878,0.87856,0.87856,47690000,1
1413969420000,1413969479000,0.87856,0.87856,0.87847,0.87856,57790000,1
1413969480000,1413969539000,0.87856,0.87866,0.87855,0.87857,54590000,1
1413969540000,1413969599000,0.87857,0.87857,0.87852,0.87856,30000000,1
1413969600000,1413969659000,0.87856,0.87857,0.87856,0.87857,24000000,1
1413969660000,1413969719000,0.87858,0.87887,0.87858,0.87887,45410000,1
1413969720000,1413969779000,0.87886,0.87897,0.87885,0.87896,52570000,1
1413969780000,1413969839000,0.87896,0.87897,0.87889,0.87897,46870000,1
1413969840000,1413969899000,0.87897,0.87907,0.87896,0.87907,46510000,1
1413969900000,1413969959000,0.87906,0.87911,0.87906,0.87908,47080000,1
1413969960000,1413970019000,0.87908,0.87912,0.87908,0.87908,33800000,1
1413970020000,1413970079000,0.87907,0.87907,0.87867,0.87868,71150000,1
1413970080000,1413970139000,0.87869,0.87876,0.8786,0.87876,70190000,1
1413970140000,1413970199000,0.87876,0.87876,0.87873,0.87876,22570000,1
1413970200000,1413970259000,0.87875,0.87876,0.87867,0.87871,18750000,1
1413970260000,1413970319000,0.87871,0.87878,0.87869,0.87878,12890000,1
1413970380000,1413970439000,0.87877,0.87877,0.87877,0.87877,4250000,1
1413970440000,1413970499000,0.87877,0.87878,0.87871,0.87875,39000000,1
1413970500000,1413970559000,0.87875,0.87875,0.87868,0.87868,37140000,1
1413970560000,1413970619000,0.87868,0.87868,0.87857,0.87858,20500000,1
1413970620000,1413970679000,0.87862,0.87874,0.87856,0.87856,65060000,1
1413970680000,1413970739000,0.87856,0.87885,0.87856,0.87884,48210000,1
1413970740000,1413970799000,0.87884,0.87888,0.87877,0.87877,61140000,1
1413970800000,1413970859000,0.87875,0.87875,0.87856,0.87856,33930000,1
1413970860000,1413970919000,0.87856,0.87877,0.87856,0.87877,31590000,1
1413970920000,1413970979000,0.87877,0.87877,0.87867,0.87867,37140000,1
1413970980000,1413971039000,0.87868,0.87875,0.87867,0.87871,47030000,1
1413971040000,1413971099000,0.87873,0.87878,0.87871,0.87874,18820000,1
1413971100000,1413971159000,0.87873,0.87874,0.8787,0.8787,24840000,1
1413971160000,1413971219000,0.87871,0.87876,0.87871,0.87876,17460000,1
1413971220000,1413971279000,0.87876,0.87878,0.87874,0.87876,13010000,1
1413971280000,1413971339000,0.87876,0.87884,0.87876,0.87882,25090000,1
1413971340000,1413971399000,0.8788,0.87883,0.8788,0.87881,7610000,1
1413971400000,1413971459000,0.87882,0.87883,0.87878,0.87878,19320000,1
1413971460000,1413971519000,0.8788,0.87884,0.87876,0.87876,18430000,1
1413971520000,1413971579000,0.87876,0.87887,0.87872,0.87887,29160000,1
1413971580000,1413971639000,0.87885,0.87885,0.87885,0.87885,17170000,1
1413971640000,1413971699000,0.87886,0.87886,0.87885,0.87885,4940000,1
1413971700000,1413971759000,0.87885,0.87886,0.87885,0.87886,3170000,1
1413971760000,1413971819000,0.87886,0.87886,0.87868,0.87877,51070000,1
1413971820000,1413971879000,0.87877,0.87879,0.87874,0.87879,14400000,1
1413971880000,1413971939000,0.87878,0.87902,0.87876,0.87888,74170000,1
1413971940000,1413971999000,0.87888,0.879,0.87877,0.8789,90010000,1
1413972000000,1413972059000,0.87892,0.87897,0.87876,0.87876,61660000,1
1413972060000,1413972119000,0.87877,0.87877,0.87853,0.8786,35340000,1
1413972120000,1413972179000,0.87859,0.8787,0.87858,0.87869,43170000,1
1413972180000,1413972239000,0.87869,0.87869,0.87849,0.87849,42310000,1
1413972240000,1413972299000,0.87849,0.8785,0.87847,0.87847,21530000,1
1413972300000,1413972359000,0.87847,0.87857,0.87843,0.87847,41080000,1
1413972360000,1413972419000,0.87846,0.87847,0.87833,0.87836,22890000,1
1413972420000,1413972479000,0.87836,0.87843,0.87836,0.87836,37610000,1
1413972480000,1413972539000,0.87831,0.87833,0.87827,0.87828,33950000,1
1413972540000,1413972599000,0.87828,0.87833,0.87827,0.87827,25090000,1
1413972600000,1413972659000,0.87828,0.87837,0.87828,0.87837,6960000,1
1413972660000,1413972719000,0.87837,0.87849,0.87834,0.87835,42930000,1
1413972720000,1413972779000,0.87835,0.87836,0.87827,0.87834,49090000,1
1413972780000,1413972839000,0.87834,0.87837,0.87834,0.87836,13180000,1
1413972840000,1413972899000,0.87836,0.87837,0.87827,0.87827,16080000,1
1413972900000,1413972959000,0.87828,0.87841,0.87827,0.87836,36040000,1
1413972960000,1413973019000,0.87836,0.87847,0.87836,0.87847,37230000,1
1413973020000,1413973079000,0.87847,0.87847,0.87835,0.87835,20500000,1
1413973080000,1413973139000,0.87833,0.87833,0.87827,0.87827,9870000,1
1413973140000,1413973199000,0.87827,0.87838,0.87827,0.87838,23850000,1
1413973200000,1413973259000,0.87836,0.87839,0.87836,0.87838,11970000,1
1413973260000,1413973319000,0.87838,0.87849,0.87838,0.87846,25690000,1
1413973320000,1413973379000,0.87846,0.87846,0.87837,0.87837,11740000,1
1413973380000,1413973439000,0.87837,0.87847,0.87837,0.87847,33040000,1
1413973440000,1413973499000,0.87847,0.87847,0.87835,0.87836,30370000,1
1413973500000,1413973559000,0.87836,0.87859,0.87836,0.87856,47910000,1
1413973560000,1413973619000,0.87856,0.87856,0.87845,0.87853,46200000,1
1413973620000,1413973679000,0.87853,0.87868,0.87837,0.87854,53650000,1
1413973680000,1413973739000,0.87855,0.87855,0.87845,0.87848,38980000,1
1413973740000,1413973799000,0.87847,0.87847,0.87834,0.87838,37980000,1
1413973800000,1413973859000,0.87839,0.87852,0.87838,0.8785,39440000,1
1413973860000,1413973919000,0.87849,0.87853,0.87839,0.87841,71610000,1
1413973920000,1413973979000,0.87843,0.87857,0.87839,0.87857,90680000,1
1413973980000,1413974039000,0.87858,0.8786,0.87835,0.87837,79630000,1
1413974040000,1413974099000,0.87839,0.8784,0.87837,0.87837,22040000,1
1413974100000,1413974159000,0.87837,0.87837,0.87827,0.8783,29350000,1
1413974160000,1413974219000,0.8783,0.87833,0.8783,0.87832,19230000,1
1413974220000,1413974279000,0.8783,0.8783,0.8783,0.8783,11200000,1
1413974280000,1413974339000,0.87832,0.87838,0.87832,0.87836,22870000,1
1413974340000,1413974399000,0.87838,0.87849,0.87838,0.87847,47630000,1
1413974400000,1413974459000,0.8785,0.87851,0.87849,0.87849,4500000,1
1413974460000,1413974519000,0.8785,0.8785,0.87848,0.87849,3500000,1
1413974520000,1413974579000,0.87848,0.87848,0.87846,0.87846,6650000,1
1413974580000,1413974639000,0.87846,0.87876,0.8784,0.87876,71410000,1
1413974640000,1413974699000,0.87876,0.87876,0.87864,0.87866,27170000,1
1413974700000,1413974759000,0.87866,0.87874,0.87866,0.87874,12370000,1
1413974760000,1413974819000,0.87874,0.87875,0.87873,0.87875,21740000,1
1413974820000,1413974879000,0.87875,0.87878,0.87875,0.87878,7670000,1
1413974880000,1413974939000,0.8788,0.87887,0.8788,0.87887,8000000,1
1413974940000,1413974999000,0.87888,0.87896,0.87885,0.87896,35900000,1
1413975000000,1413975059000,0.87895,0.87902,0.87895,0.87898,23100000,1
1413975060000,1413975119000,0.87899,0.879,0.87894,0.87896,30150000,1
1413975120000,1413975179000,0.87896,0.87896,0.87867,0.87884,84550000,1
1413975180000,1413975239000,0.87884,0.87884,0.8786,0.87866,31800000,1
1413975240000,1413975299000,0.87866,0.87866,0.87856,0.87856,23390000,1
1413975300000,1413975359000,0.87856,0.87856,0.87856,0.87856,18290000,1
1413975360000,1413975419000,0.87855,0.87856,0.87842,0.87852,70690000,1
1413975420000,1413975479000,0.87853,0.87856,0.87849,0.87856,51780000,1
1413975480000,1413975539000,0.87855,0.8786,0.87854,0.8786,24110000,1
1413975540000,1413975599000,0.8786,0.87878,0.8786,0.87876,67470000,1
1413975600000,1413975659000,0.87876,0.87879,0.87858,0.87866,43290000,1
1413975660000,1413975719000,0.87868,0.87877,0.87868,0.87877,28120000,1
1413975720000,1413975779000,0.87876,0.87877,0.87876,0.87877,5500000,1
1413975780000,1413975839000,0.87877,0.87877,0.87877,0.87877,2000000,1
1413975840000,1413975899000,0.87877,0.87885,0.87874,0.87876,27190000,1
1413975900000,1413975959000,0.87875,0.87887,0.87868,0.87887,29270000,1
1413975960000,1413976019000,0.87888,0.87906,0.87887,0.87905,29450000,1
1413976020000,1413976079000,0.87906,0.87947,0.87904,0.87946,52860000,1
1413976080000,1413976139000,0.87946,0.87964,0.87927,0.87964,66970000,1
1413976140000,1413976199000,0.87965,0.87971,0.87957,0.87957,71890000,1
1413976200000,1413976259000,0.87957,0.87957,0.87947,0.87947,15000000,1
1413976260000,1413976319000,0.87948,0.87956,0.87947,0.87956,15070000,1
1413976320000,1413976379000,0.87955,0.87966,0.87953,0.87966,29620000,1
1413976380000,1413976439000,0.87966,0.87994,0.87957,0.87958,102360000,1
1413976440000,1413976499000,0.87955,0.87969,0.87953,0.87957,58590000,1
1413976500000,1413976559000,0.8796,0.87968,0.87956,0.87967,56190000,1
1413976560000,1413976619000,0.87968,0.87985,0.87968,0.87976,73320000,1
1413976620000,1413976679000,0.87976,0.87977,0.87969,0.87969,12760000,1
1413976680000,1413976739000,0.87969,0.87986,0.87967,0.87986,31290000,1
1413976740000,1413976799000,0.87991,0.88035,0.87991,0.88017,165620000,1
1413976800000,1413976859000,0.88017,0.88017,0.87998,0.88005,57020000,1
1413976860000,1413976919000,0.88005,0.88008,0.88001,0.88002,64440000,1
1413976920000,1413976979000,0.88002,0.88002,0.87983,0.87984,37650000,1
1413976980000,1413977039000,0.87982,0.87986,0.87975,0.87986,35380000,1
1413977040000,1413977099000,0.87986,0.87997,0.87986,0.87989,17630000,1
1413977100000,1413977159000,0.87989,0.87994,0.87982,0.87991,40210000,1
1413977160000,1413977219000,0.87992,0.87995,0.87985,0.87985,30360000,1
1413977220000,1413977279000,0.87986,0.88005,0.87986,0.87997,32140000,1
1413977280000,1413977339000,0.87998,0.88023,0.87998,0.8802,42020000,1
1413977340000,1413977399000,0.88021,0.88023,0.88006,0.88006,70150000,1
1413977400000,1413977459000,0.88005,0.8801,0.87993,0.87993,52950000,1
1413977460000,1413977519000,0.87993,0.87993,0.87987,0.87987,46940000,1
1413977520000,1413977579000,0.87988,0.87993,0.87962,0.87967,71650000,1
1413977580000,1413977639000,0.87967,0.87972,0.87961,0.87972,40430000,1
1413977640000,1413977699000,0.87976,0.87976,0.87967,0.87967,23970000,1
1413977700000,1413977759000,0.87967,0.87967,0.87965,0.87965,9500000,1
1413977760000,1413977819000,0.87965,0.87966,0.8796,0.8796,16000000,1
1413977820000,1413977879000,0.8796,0.87967,0.8795,0.87967,40520000,1
1413977880000,1413977939000,0.87966,0.87977,0.87963,0.87976,20230000,1
1413977940000,1413977999000,0.87975,0.87977,0.87974,0.87977,17870000,1
1413978000000,1413978059000,0.87976,0.87977,0.87976,0.87976,17460000,1
1413978060000,1413978119000,0.87974,0.87975,0.8797,0.87975,14750000,1
1413978120000,1413978179000,0.87974,0.87975,0.87967,0.87974,20710000,1
1413978180000,1413978239000,0.87976,0.87985,0.87976,0.87983,39510000,1
1413978240000,1413978299000,0.87984,0.88,0.87984,0.87997,24700000,1
1413978300000,1413978359000,0.87997,0.87998,0.87987,0.87987,31430000,1
1413978360000,1413978419000,0.87987,0.88007,0.87977,0.87997,47000000,1
1413978420000,1413978479000,0.87997,0.88007,0.87996,0.87996,40010000,1
1413978480000,1413978539000,0.87995,0.87998,0.87974,0.87974,39500000,1
1413978540000,1413978599000,0.87977,0.87977,0.87966,0.87967,43310000,1
1413978600000,1413978659000,0.87966,0.87966,0.87953,0.87953,31020000,1
1413978660000,1413978719000,0.87953,0.87957,0.87952,0.87957,14000000,1
1413978720000,1413978779000,0.87956,0.87967,0.87953,0.87966,26310000,1
1413978780000,1413978839000,0.87964,0.87966,0.87957,0.87958,35250000,1
1413978840000,1413978899000,0.87958,0.87968,0.87957,0.87958,22620000,1
1413978900000,1413978959000,0.87957,0.87967,0.87954,0.87957,35670000,1
1413978960000,1413979019000,0.87957,0.87959,0.8795,0.87958,48590000,1
1413979020000,1413979079000,0.87958,0.87958,0.87947,0.87956,60370000,1
1413979080000,1413979139000,0.87955,0.87958,0.87954,0.87958,19180000,1
1413979200000,1413979259000,0.87958,0.87967,0.87958,0.87966,21510000,1
1413979260000,1413979319000,0.87967,0.87996,0.87967,0.87987,50430000,1
1413979320000,1413979379000,0.87987,0.87994,0.87987,0.87988,24660000,1
1413979380000,1413979439000,0.87987,0.87987,0.87977,0.87977,9940000,1
1413979440000,1413979499000,0.87977,0.87977,0.87964,0.87967,24700000,1
1413979500000,1413979559000,0.87967,0.87967,0.87963,0.87965,6190000,1
1413979560000,1413979619000,0.87966,0.87968,0.87965,0.87966,29100000,1
1413979620000,1413979679000,0.87966,0.87966,0.8795,0.8795,51800000,1
1413979680000,1413979739000,0.87951,0.87968,0.87949,0.8796,28380000,1
1413979740000,1413979799000,0.8796,0.87986,0.87958,0.87986,142710000,1
1413979800000,1413979859000,0.8799,0.87992,0.87987,0.87992,26780000,1
1413979860000,1413979919000,0.87992,0.87992,0.87979,0.87983,67200000,1
1413979920000,1413979979000,0.87981,0.87988,0.87981,0.87986,22990000,1
1413979980000,1413980039000,0.87986,0.87986,0.87967,0.87976,50130000,1
1413980040000,1413980099000,0.87976,0.87976,0.87962,0.87966,54960000,1
1413980100000,1413980159000,0.87966,0.87966,0.87959,0.87959,52220000,1
1413980160000,1413980219000,0.87958,0.87964,0.87954,0.87957,18090000,1
1413980220000,1413980279000,0.87954,0.87957,0.87954,0.87954,9080000,1
1413980280000,1413980339000,0.87956,0.87964,0.87956,0.87959,85830000,1
1413980340000,1413980399000,0.87959,0.87963,0.87942,0.8795,50510000,1
1413980400000,1413980459000,0.8795,0.87958,0.87947,0.87954,63990000,1
1413980460000,1413980519000,0.87952,0.87953,0.8794,0.87953,55480000,1
1413980520000,1413980579000,0.87953,0.87967,0.87953,0.87957,51050000,1
1413980580000,1413980639000,0.87957,0.87975,0.87949,0.87965,62950000,1
1413980640000,1413980699000,0.87965,0.87969,0.87957,0.87966,78710000,1
1413980700000,1413980759000,0.87966,0.87966,0.87946,0.87948,65940000,1
1413980760000,1413980819000,0.87948,0.87987,0.87947,0.87978,51420000,1
1413980820000,1413980879000,0.87976,0.87989,0.87972,0.87989,39770000,1
1413980880000,1413980939000,0.87989,0.87999,0.87981,0.87997,55700000,1
1413980940000,1413980999000,0.87996,0.88011,0.87967,0.87967,125020000,1
1413981000000,1413981059000,0.87967,0.8798,0.8783,0.87833,417530000,1
1413981060000,1413981119000,0.87835,0.87906,0.87832,0.87866,236250000,1
1413981120000,1413981179000,0.87866,0.87896,0.87854,0.87881,182110000,1
1413981180000,1413981239000,0.87881,0.87884,0.87821,0.87826,169190000,1
1413981240000,1413981299000,0.87826,0.87845,0.87799,0.87845,97100000,1
1413981300000,1413981359000,0.87846,0.87867,0.8783,0.87848,130940000,1
1413981360000,1413981419000,0.87848,0.87869,0.87834,0.87847,113080000,1
1413981420000,1413981479000,0.87847,0.87847,0.87814,0.87845,121200000,1
1413981480000,1413981539000,0.87844,0.87899,0.8784,0.87896,115380000,1
1413981540000,1413981599000,0.87896,0.87896,0.87857,0.87867,106970000,1
1413981600000,1413981659000,0.87867,0.87903,0.87857,0.87903,105320000,1
1413981660000,1413981719000,0.87902,0.8791,0.87868,0.87876,93190000,1
1413981720000,1413981779000,0.87876,0.87876,0.87868,0.87875,72860000,1
1413981780000,1413981839000,0.87875,0.87888,0.87855,0.87856,111390000,1
1413981840000,1413981899000,0.87857,0.87857,0.87815,0.87826,108190000,1
1413981900000,1413981959000,0.87826,0.87852,0.87826,0.8785,78120000,1
1413981960000,1413982019000,0.8785,0.87871,0.87846,0.87871,88340000,1
1413982020000,1413982079000,0.87872,0.8789,0.87865,0.87883,138300000,1
1413982080000,1413982139000,0.87883,0.87885,0.87846,0.87846,66950000,1
1413982140000,1413982199000,0.87846,0.87892,0.8784,0.87887,104540000,1
1413982200000,1413982259000,0.87887,0.87887,0.87867,0.87875,73000000,1
1413982260000,1413982319000,0.87875,0.8789,0.87875,0.87885,68710000,1
1413982320000,1413982379000,0.87885,0.87914,0.87873,0.87873,128430000,1
1413982380000,1413982439000,0.8787,0.87887,0.87819,0.87836,106580000,1
1413982440000,1413982499000,0.87836,0.87858,0.87819,0.87825,99160000,1
1413982500000,1413982559000,0.87825,0.87828,0.87799,0.87826,138210000,1
1413982560000,1413982619000,0.87826,0.87826,0.87787,0.87787,108960000,1
1413982620000,1413982679000,0.87787,0.87797,0.87744,0.87748,165490000,1
1413982680000,1413982739000,0.87748,0.87758,0.87712,0.87715,171400000,1
1413982740000,1413982799000,0.87713,0.87725,0.87711,0.87724,112030000,1
1413982800000,1413982859000,0.87724,0.87735,0.87716,0.87716,106980000,1
1413982860000,1413982919000,0.87716,0.87721,0.87679,0.87682,122800000,1
1413982920000,1413982979000,0.87683,0.87696,0.87662,0.87694,126820000,1
1413982980000,1413983039000,0.87694,0.87718,0.87694,0.87717,109970000,1
1413983040000,1413983099000,0.87717,0.87722,0.87702,0.87713,87290000,1
1413983100000,1413983159000,0.87712,0.87719,0.87712,0.87714,69080000,1
1413983160000,1413983219000,0.87714,0.87714,0.87684,0.87691,121700000,1
1413983220000,1413983279000,0.87693,0.87709,0.8769,0.87696,97160000,1
1413983280000,1413983339000,0.87696,0.8771,0.87696,0.87702,78660000,1
1413983340000,1413983399000,0.87702,0.87709,0.87695,0.87706,41140000,1
1413983400000,1413983459000,0.87708,0.87708,0.87697,0.877,87830000,1
1413983460000,1413983519000,0.87702,0.87716,0.87701,0.87716,48660000,1
1413983520000,1413983579000,0.87714,0.87738,0.87714,0.87738,95770000,1
1413983580000,1413983639000,0.87738,0.87758,0.87737,0.87758,106360000,1
1413983640000,1413983699000,0.87757,0.87779,0.87747,0.87748,102240000,1
1413983700000,1413983759000,0.87748,0.87748,0.87727,0.8774,70620000,1
1413983760000,1413983819000,0.8774,0.87744,0.87735,0.87735,44410000,1
1413983820000,1413983879000,0.87735,0.87773,0.87735,0.87773,89570000,1
1413983880000,1413983939000,0.87773,0.87774,0.87768,0.87769,70630000,1
1413983940000,1413983999000,0.87769,0.87777,0.87769,0.87775,48140000,1
1413984000000,1413984059000,0.87775,0.87793,0.8777,0.8779,110660000,1
1413984060000,1413984119000,0.8779,0.87816,0.8779,0.87816,105180000,1
1413984120000,1413984179000,0.87816,0.87825,0.87811,0.87825,82370000,1
1413984180000,1413984239000,0.87824,0.87858,0.87822,0.87822,142250000,1
1413984240000,1413984299000,0.87821,0.87835,0.8782,0.8782,62970000,1
1413984300000,1413984359000,0.87822,0.87828,0.87818,0.87827,58760000,1
1413984360000,1413984419000,0.87827,0.87839,0.8782,0.87829,97070000,1
1413984420000,1413984479000,0.87829,0.87843,0.87828,0.87835,88240000,1
1413984480000,1413984539000,0.87836,0.87842,0.87821,0.87826,74100000,1
1413984540000,1413984599000,0.87823,0.87828,0.87802,0.8782,95440000,1
1413984600000,1413984659000,0.87819,0.87821,0.87806,0.87814,129970000,1
1413984660000,1413984719000,0.87812,0.87833,0.87809,0.87832,87260000,1
1413984720000,1413984779000,0.87834,0.87841,0.87829,0.87832,87280000,1
1413984780000,1413984839000,0.87832,0.8784,0.87822,0.87825,95650000,1
1413984840000,1413984899000,0.87822,0.87836,0.87822,0.87836,65520000,1
1413984900000,1413984959000,0.87837,0.87839,0.87826,0.87826,47620000,1
1413984960000,1413985019000,0.87826,0.87838,0.87819,0.87825,52000000,1
1413985020000,1413985079000,0.87826,0.8783,0.87822,0.87828,33950000,1
1413985080000,1413985139000,0.87827,0.87827,0.8781,0.87813,50140000,1
1413985140000,1413985199000,0.87812,0.87816,0.87806,0.87806,68020000,1
1413985200000,1413985259000,0.87806,0.87806,0.878,0.87802,73250000,1
1413985260000,1413985319000,0.87802,0.87826,0.87798,0.87826,56570000,1
1413985320000,1413985379000,0.87826,0.87858,0.87826,0.87853,95300000,1
1413985380000,1413985439000,0.87853,0.87876,0.87853,0.87874,90690000,1
1413985440000,1413985499000,0.87877,0.87883,0.87867,0.87869,103940000,1
1413985500000,1413985559000,0.87869,0.87892,0.87862,0.87887,81390000,1
1413985560000,1413985619000,0.87889,0.87892,0.87885,0.87892,61400000,1
1413985620000,1413985679000,0.87892,0.87892,0.87872,0.87887,54120000,1
1413985680000,1413985739000,0.87885,0.87885,0.87877,0.87885,67920000,1
1413985740000,1413985799000,0.87886,0.87891,0.87884,0.87887,27690000,1
1413985800000,1413985859000,0.87887,0.87887,0.87867,0.87867,57860000,1
1413985860000,1413985919000,0.87867,0.87873,0.87861,0.87866,65010000,1
1413985920000,1413985979000,0.87866,0.87872,0.87866,0.87871,54500000,1
1413985980000,1413986039000,0.87871,0.87889,0.87868,0.87882,91300000,1
1413986040000,1413986099000,0.87882,0.87888,0.87872,0.87878,82460000,1
1413986100000,1413986159000,0.87875,0.87878,0.87863,0.87867,50290000,1
1413986160000,1413986219000,0.87862,0.87867,0.87853,0.87853,54280000,1
1413986220000,1413986279000,0.87851,0.87851,0.8784,0.87842,38200000,1
1413986280000,1413986339000,0.87841,0.87847,0.8784,0.87845,61500000,1
1413986340000,1413986399000,0.87845,0.87846,0.87841,0.87846,44690000,1
1413986400000,1413986459000,0.87846,0.87904,0.87841,0.87867,189910000,1
1413986460000,1413986519000,0.87867,0.87898,0.87867,0.87887,72570000,1
1413986520000,1413986579000,0.87888,0.87897,0.87877,0.87886,101880000,1
1413986580000,1413986639000,0.87886,0.87928,0.87886,0.87925,94460000,1
1413986640000,1413986699000,0.87925,0.87948,0.87915,0.87918,131590000,1
1413986700000,1413986759000,0.87918,0.87953,0.87918,0.87946,145180000,1
1413986760000,1413986819000,0.87946,0.88012,0.87918,0.88012,188690000,1
1413986820000,1413986879000,0.88012,0.88012,0.87977,0.87989,136990000,1
1413986880000,1413986939000,0.87987,0.87996,0.87952,0.87955,138300000,1
1413986940000,1413986999000,0.87957,0.87957,0.87941,0.87942,117310000,1
1413987000000,1413987059000,0.8794,0.87943,0.87921,0.87925,105900000,1
1413987060000,1413987119000,0.87926,0.87926,0.87907,0.87924,85920000,1
1413987120000,1413987179000,0.87926,0.87945,0.87926,0.87928,61270000,1
1413987180000,1413987239000,0.87927,0.87927,0.87881,0.87887,102270000,1
1413987240000,1413987299000,0.87888,0.87927,0.87888,0.87925,67780000,1
1413987300000,1413987359000,0.87926,0.87928,0.87898,0.87905,87740000,1
1413987360000,1413987419000,0.87902,0.87902,0.87851,0.87856,107800000,1
1413987420000,1413987479000,0.87856,0.87864,0.87833,0.87846,123870000,1
1413987480000,1413987539000,0.87847,0.87859,0.87847,0.87855,65690000,1
1413987540000,1413987599000,0.87855,0.87898,0.87855,0.87896,67900000,1
1413987600000,1413987659000,0.87896,0.87946,0.87887,0.87936,116420000,1
1413987660000,1413987719000,0.87936,0.87947,0.87911,0.87911,139020000,1
1413987720000,1413987779000,0.87911,0.87937,0.8791,0.87936,94280000,1
1413987780000,1413987839000,0.87936,0.8794,0.87902,0.87904,87790000,1
1413987840000,1413987899000,0.87908,0.87908,0.87884,0.87898,67450000,1
1413987900000,1413987959000,0.87901,0.87925,0.87897,0.87911,97310000,1
1413987960000,1413988019000,0.8791,0.87941,0.87908,0.87929,71680000,1
1413988020000,1413988079000,0.87929,0.87937,0.8792,0.87927,89580000,1
1413988080000,1413988139000,0.87928,0.87941,0.87904,0.87917,65040000,1
1413988140000,1413988199000,0.87917,0.87937,0.87917,0.8792,63960000,1
1413988200000,1413988259000,0.8792,0.8792,0.87895,0.87895,52130000,1
1413988260000,1413988319000,0.87895,0.87897,0.87889,0.87889,46750000,1
1413988320000,1413988379000,0.87889,0.87896,0.87867,0.87873,79360000,1
1413988380000,1413988439000,0.87875,0.87902,0.87875,0.87898,50060000,1
1413988440000,1413988499000,0.87898,0.87906,0.87896,0.87904,61430000,1
1413988500000,1413988559000,0.87905,0.87914,0.87887,0.87897,80340000,1
1413988560000,1413988619000,0.87897,0.87897,0.87867,0.87875,56450000,1
1413988620000,1413988679000,0.87875,0.87886,0.87853,0.87868,92920000,1
1413988680000,1413988739000,0.87866,0.87871,0.87857,0.87867,61720000,1
1413988740000,1413988799000,0.87867,0.87875,0.87865,0.87875,41360000,1
1413988800000,1413988859000,0.87876,0.87877,0.87866,0.87877,52930000,1
1413988860000,1413988919000,0.87877,0.87926,0.87877,0.87916,69880000,1
1413988920000,1413988979000,0.87916,0.87947,0.87907,0.87944,76050000,1
1413988980000,1413989039000,0.87944,0.87944,0.87916,0.87924,72850000,1
1413989040000,1413989099000,0.87924,0.87926,0.87909,0.87918,92110000,1
1413989100000,1413989159000,0.8792,0.87928,0.87916,0.87928,61490000,1
1413989160000,1413989219000,0.87927,0.87942,0.87912,0.87916,100800000,1
1413989220000,1413989279000,0.87916,0.87927,0.87913,0.87918,94100000,1
1413989280000,1413989339000,0.87918,0.87928,0.879,0.87914,79230000,1
1413989340000,1413989399000,0.87914,0.87917,0.87907,0.87909,70060000,1
1413989400000,1413989459000,0.87909,0.87911,0.8789,0.8789,50710000,1
1413989460000,1413989519000,0.87891,0.87901,0.87881,0.87886,80590000,1
1413989520000,1413989579000,0.87887,0.87892,0.87885,0.87889,82610000,1
1413989580000,1413989639000,0.87887,0.87903,0.87887,0.87897,59960000,1
1413989640000,1413989699000,0.87897,0.87924,0.87897,0.87923,76830000,1
1413989700000,1413989759000,0.87923,0.87932,0.8792,0.87931,67310000,1
1413989760000,1413989819000,0.87931,0.87952,0.8793,0.8795,60920000,1
1413989820000,1413989879000,0.8795,0.87953,0.87949,0.87953,52010000,1
1413989880000,1413989939000,0.87958,0.87987,0.87955,0.87978,103980000,1
1413989940000,1413989999000,0.87978,0.88034,0.87977,0.88034,198080000,1
1413990000000,1413990059000,0.88034,0.88049,0.88022,0.88029,132410000,1
1413990060000,1413990119000,0.8803,0.88051,0.88027,0.88027,158890000,1
1413990120000,1413990179000,0.88027,0.88055,0.88027,0.88046,112180000,1
1413990180000,1413990239000,0.88045,0.88055,0.88037,0.88039,98000000,1
1413990240000,1413990299000,0.88041,0.88053,0.88029,0.88045,85250000,1
1413990300000,1413990359000,0.88045,0.88055,0.88042,0.88047,51250000,1
1413990360000,1413990419000,0.88045,0.88047,0.88037,0.8804,47020000,1
1413990420000,1413990479000,0.88039,0.88044,0.8803,0.88036,77830000,1
1413990480000,1413990539000,0.88036,0.88057,0.88036,0.88055,76250000,1
1413990540000,1413990599000,0.88057,0.88097,0.88057,0.88091,104100000,1
1413990600000,1413990659000,0.88091,0.8812,0.88086,0.88118,100490000,1
1413990660000,1413990719000,0.88122,0.88122,0.881,0.88103,78760000,1
1413990720000,1413990779000,0.88103,0.88123,0.88095,0.88104,131530000,1
1413990780000,1413990839000,0.88104,0.88116,0.88095,0.88116,76840000,1
1413990840000,1413990899000,0.88117,0.88149,0.88117,0.88138,122120000,1
1413990900000,1413990959000,0.88138,0.8814,0.88127,0.88128,72100000,1
1413990960000,1413991019000,0.88128,0.88132,0.88118,0.88127,53430000,1
1413991020000,1413991079000,0.88127,0.88127,0.88102,0.88109,63180000,1
1413991080000,1413991139000,0.88109,0.88122,0.88085,0.88087,104720000,1
1413991140000,1413991199000,0.88087,0.881,0.88086,0.88095,58370000,1
1413991200000,1413991259000,0.88096,0.88096,0.88067,0.88078,90040000,1
1413991260000,1413991319000,0.88079,0.88079,0.88068,0.88068,21700000,1
1413991320000,1413991379000,0.88068,0.88068,0.88056,0.88066,66160000,1
1413991380000,1413991439000,0.88066,0.88101,0.88065,0.881,59830000,1
1413991440000,1413991499000,0.881,0.88107,0.88099,0.88106,48850000,1
1413991500000,1413991559000,0.88106,0.8811,0.88106,0.88108,51000000,1
1413991560000,1413991619000,0.88107,0.88108,0.88078,0.88086,72210000,1
1413991620000,1413991679000,0.88086,0.88088,0.88066,0.88066,85440000,1
1413991680000,1413991739000,0.88066,0.88066,0.88053,0.88055,69950000,1
1413991740000,1413991799000,0.88055,0.88076,0.88051,0.8807,46320000,1
1413991800000,1413991859000,0.88071,0.88071,0.88051,0.88054,48530000,1
1413991860000,1413991919000,0.88048,0.88051,0.88037,0.88037,64070000,1
1413991920000,1413991979000,0.88037,0.88047,0.88022,0.8804,93040000,1
1413991980000,1413992039000,0.88041,0.88041,0.88022,0.88025,64480000,1
1413992040000,1413992099000,0.88025,0.88034,0.88009,0.88013,55600000,1
1413992100000,1413992159000,0.88012,0.88013,0.8799,0.87997,96520000,1
1413992160000,1413992219000,0.87997,0.88005,0.87985,0.87986,58820000,1
1413992220000,1413992279000,0.87985,0.87985,0.87946,0.87968,176810000,1
1413992280000,1413992339000,0.87969,0.87986,0.87951,0.87956,72750000,1
1413992340000,1413992399000,0.87957,0.87982,0.87957,0.87976,57180000,1
1413992400000,1413992459000,0.87977,0.88003,0.87977,0.87998,43700000,1
1413992460000,1413992519000,0.87998,0.87998,0.87996,0.87997,9820000,1
1413992520000,1413992579000,0.87998,0.87998,0.87977,0.87977,31760000,1
1413992580000,1413992639000,0.87977,0.87977,0.87958,0.87964,43170000,1
1413992640000,1413992699000,0.87963,0.87977,0.87958,0.87967,53920000,1
1413992700000,1413992759000,0.87967,0.87979,0.87966,0.87979,19630000,1
1413992760000,1413992819000,0.87978,0.87978,0.87967,0.87967,28240000,1
1413992820000,1413992879000,0.87967,0.87967,0.87956,0.87956,19500000,1
1413992880000,1413992939000,0.87956,0.87956,0.87932,0.87941,55240000,1
1413992940000,1413992999000,0.87942,0.87943,0.87904,0.87904,62970000,1
1413993000000,1413993059000,0.87904,0.87938,0.87904,0.87918,61270000,1
1413993060000,1413993119000,0.87919,0.87937,0.87917,0.87936,37730000,1
1413993120000,1413993179000,0.87936,0.87936,0.87925,0.87928,64230000,1
1413993180000,1413993239000,0.87929,0.87932,0.87928,0.87932,34340000,1
1413993240000,1413993299000,0.87933,0.87933,0.87927,0.87928,28660000,1
1413993300000,1413993359000,0.87928,0.87932,0.87927,0.87932,25990000,1
1413993360000,1413993419000,0.87932,0.87935,0.87924,0.87926,35010000,1
1413993420000,1413993479000,0.87926,0.87927,0.87918,0.87924,36640000,1
1413993480000,1413993539000,0.87923,0.87933,0.87923,0.87927,32940000,1
1413993540000,1413993599000,0.87927,0.87927,0.87918,0.87918,23270000,1
1413993600000,1413993659000,0.87916,0.87921,0.87916,0.87921,14250000,1
1413993660000,1413993719000,0.87919,0.87924,0.87911,0.87915,66110000,1
1413993720000,1413993779000,0.87914,0.87925,0.87907,0.87925,62880000,1
1413993780000,1413993839000,0.87927,0.87937,0.87911,0.87911,51180000,1
1413993840000,1413993899000,0.87911,0.87912,0.87906,0.87912,42820000,1
1413993900000,1413993959000,0.87913,0.87914,0.87896,0.87914,78250000,1
1413993960000,1413994019000,0.87913,0.87917,0.87889,0.87891,74650000,1
1413994020000,1413994079000,0.8789,0.87894,0.87887,0.87888,25050000,1
1413994080000,1413994139000,0.87888,0.87895,0.87884,0.87895,52640000,1
1413994140000,1413994199000,0.87895,0.87901,0.87895,0.87899,50500000,1
1413994200000,1413994259000,0.879,0.87901,0.87884,0.87889,71810000,1
1413994260000,1413994319000,0.8789,0.87894,0.87887,0.87887,25250000,1
1413994320000,1413994379000,0.87888,0.87893,0.87886,0.87886,20930000,1
1413994380000,1413994439000,0.87885,0.87886,0.87885,0.87885,34240000,1
1413994440000,1413994499000,0.87885,0.87892,0.87885,0.87888,47970000,1
1413994500000,1413994559000,0.87888,0.87888,0.87884,0.87886,14450000,1
1413994560000,1413994619000,0.87886,0.87893,0.87886,0.87887,36700000,1
1413994620000,1413994679000,0.8789,0.87891,0.87877,0.87877,67550000,1
1413994680000,1413994739000,0.87877,0.87877,0.87862,0.87871,49390000,1
1413994740000,1413994799000,0.87873,0.87873,0.87863,0.87869,62120000,1
1413994800000,1413994859000,0.87869,0.87869,0.87862,0.87862,20350000,1
1413994860000,1413994919000,0.87862,0.87863,0.87851,0.87852,73550000,1
1413994920000,1413994979000,0.87852,0.87863,0.87849,0.8785,79530000,1
1413994980000,1413995039000,0.8785,0.87865,0.8785,0.87857,48150000,1
1413995040000,1413995099000,0.87857,0.87863,0.87853,0.87856,29500000,1
1413995100000,1413995159000,0.87856,0.87858,0.87843,0.87855,98270000,1
1413995160000,1413995219000,0.87855,0.87866,0.87855,0.87857,61040000,1
1413995220000,1413995279000,0.87857,0.87869,0.87857,0.87867,78280000,1
1413995280000,1413995339000,0.87867,0.87867,0.87862,0.87867,20480000,1
1413995340000,1413995399000,0.87866,0.87866,0.87857,0.87864,29100000,1
1413995400000,1413995459000,0.87864,0.87864,0.87854,0.87854,49180000,1
1413995460000,1413995519000,0.87852,0.87852,0.87843,0.87844,32500000,1
1413995520000,1413995579000,0.87844,0.87852,0.87844,0.87851,36950000,1
1413995580000,1413995639000,0.8785,0.87855,0.8785,0.87853,16360000,1
1413995640000,1413995699000,0.87855,0.87856,0.87853,0.87855,14500000,1
1413995700000,1413995759000,0.87856,0.87863,0.87842,0.87849,72950000,1
1413995760000,1413995819000,0.87849,0.87855,0.87847,0.8785,50180000,1
1413995820000,1413995879000,0.87851,0.87864,0.87851,0.8786,51460000,1
1413995880000,1413995939000,0.8786,0.87861,0.87857,0.87857,33080000,1
1413995940000,1413995999000,0.87856,0.87864,0.87856,0.87863,54470000,1
1413996000000,1413996059000,0.87862,0.87869,0.87862,0.87866,20940000,1
1413996060000,1413996119000,0.87866,0.87882,0.87866,0.87877,42920000,1
1413996120000,1413996179000,0.87877,0.87878,0.87874,0.87877,17000000,1
1413996180000,1413996239000,0.87876,0.87881,0.87876,0.87879,19440000,1
1413996240000,1413996299000,0.87879,0.87879,0.87878,0.87878,7000000,1
1413996300000,1413996359000,0.87876,0.87877,0.87872,0.87872,18340000,1
1413996360000,1413996419000,0.87872,0.87872,0.87865,0.87866,12750000,1
1413996420000,1413996479000,0.87866,0.87867,0.87856,0.87865,32350000,1
1413996480000,1413996539000,0.87865,0.87874,0.87864,0.87867,34870000,1
1413996540000,1413996599000,0.87867,0.87867,0.87858,0.87858,11360000,1
1413996600000,1413996659000,0.87856,0.87856,0.87837,0.87838,37080000,1
1413996660000,1413996719000,0.87839,0.87865,0.87837,0.87857,68650000,1
1413996720000,1413996779000,0.87857,0.87857,0.87839,0.87845,41400000,1
1413996780000,1413996839000,0.87842,0.87848,0.87842,0.87845,35400000,1
1413996840000,1413996899000,0.87845,0.87856,0.87837,0.8784,46640000,1
1413996900000,1413996959000,0.8784,0.87841,0.87835,0.87835,37500000,1
1413996960000,1413997019000,0.87835,0.8784,0.87832,0.87832,37230000,1
1413997020000,1413997079000,0.87832,0.87841,0.8783,0.87841,35060000,1
1413997080000,1413997139000,0.87844,0.87855,0.87844,0.8785,63320000,1
1413997140000,1413997199000,0.8785,0.87864,0.8785,0.87863,45160000,1
1413997200000,1413997259000,0.87863,0.87863,0.87857,0.87857,47970000,1
1413997260000,1413997319000,0.87857,0.87859,0.87856,0.87857,14710000,1
1413997320000,1413997379000,0.87857,0.87863,0.87857,0.87863,11120000,1
1413997380000,1413997439000,0.87864,0.87864,0.87863,0.87864,5000000,1
1413997440000,1413997499000,0.87864,0.87864,0.87863,0.87863,3000000,1
1413997500000,1413997559000,0.87863,0.87874,0.87863,0.87867,24670000,1
1413997560000,1413997619000,0.87867,0.87869,0.87865,0.87866,20420000,1
1413997620000,1413997679000,0.87866,0.87873,0.87866,0.87873,23990000,1
1413997680000,1413997739000,0.87872,0.87873,0.87862,0.8787,45480000,1
1413997740000,1413997799000,0.8787,0.8787,0.87843,0.87854,36370000,1
1413997800000,1413997859000,0.87853,0.87865,0.87852,0.87865,37810000,1
1413997860000,1413997919000,0.87865,0.87876,0.87865,0.87876,40170000,1
1413997920000,1413997979000,0.87875,0.87882,0.87871,0.87879,48920000,1
1413997980000,1413998039000,0.8788,0.87886,0.87879,0.87885,48500000,1
1413998040000,1413998099000,0.87886,0.87886,0.87881,0.87883,18000000,1
1413998100000,1413998159000,0.87885,0.87902,0.87884,0.879,46600000,1
1413998160000,1413998219000,0.87901,0.8791,0.87898,0.8791,54430000,1
1413998220000,1413998279000,0.87911,0.87921,0.87909,0.87921,30950000,1
1413998280000,1413998339000,0.8792,0.87921,0.87904,0.87906,25540000,1
1413998340000,1413998399000,0.87905,0.87905,0.87897,0.87897,19250000,1
1413998400000,1413998459000,0.87896,0.87897,0.8788,0.87882,44050000,1
1413998460000,1413998519000,0.87883,0.87895,0.87883,0.87895,15530000,1
1413998520000,1413998579000,0.87895,0.87895,0.87894,0.87894,22000000,1
1413998580000,1413998639000,0.87894,0.87906,0.87891,0.87906,55960000,1
1413998640000,1413998699000,0.87905,0.87907,0.87905,0.87906,46210000,1
1413998700000,1413998759000,0.87906,0.87907,0.87905,0.87905,24000000,1
1413998760000,1413998819000,0.87905,0.87907,0.87896,0.87896,62090000,1
1413998820000,1413998879000,0.87896,0.87896,0.87886,0.87895,51990000,1
1413998880000,1413998939000,0.87895,0.87895,0.87884,0.87885,25850000,1
1413998940000,1413998999000,0.87885,0.87885,0.87877,0.87884,44420000,1
1413999000000,1413999059000,0.87884,0.87886,0.87884,0.87885,20320000,1
1413999060000,1413999119000,0.87885,0.87885,0.87874,0.87875,30580000,1
1413999120000,1413999179000,0.87875,0.8788,0.87874,0.87876,29110000,1
1413999180000,1413999239000,0.87877,0.87877,0.8785,0.87855,53700000,1
1413999240000,1413999299000,0.87854,0.87855,0.87853,0.87855,9000000,1
1413999300000,1413999359000,0.87856,0.87877,0.87856,0.87877,56510000,1
1413999360000,1413999419000,0.87875,0.87888,0.87875,0.87877,47660000,1
1413999420000,1413999479000,0.87877,0.87886,0.87876,0.87885,25890000,1
1413999480000,1413999539000,0.87885,0.87886,0.87885,0.87885,5500000,1
1413999540000,1413999599000,0.87886,0.87886,0.87877,0.87885,67720000,1
1413999600000,1413999659000,0.87885,0.87895,0.87884,0.87894,35880000,1
1413999660000,1413999719000,0.87891,0.87897,0.87887,0.87891,30220000,1
1413999720000,1413999779000,0.8789,0.87892,0.87889,0.8789,37770000,1
1413999780000,1413999839000,0.87891,0.87901,0.8789,0.87901,62990000,1
1413999840000,1413999899000,0.87901,0.87904,0.87893,0.87895,47230000,1
1413999900000,1413999959000,0.87894,0.87897,0.87893,0.87897,12430000,1
1413999960000,1414000019000,0.87896,0.879,0.87896,0.87896,42060000,1
1414000020000,1414000079000,0.87896,0.87903,0.87896,0.87902,42210000,1
1414000080000,1414000139000,0.87901,0.87903,0.87899,0.87902,35680000,1
1414000140000,1414000199000,0.87901,0.87901,0.87894,0.87896,34260000,1
1414000200000,1414000259000,0.87896,0.87896,0.87892,0.87892,31700000,1
1414000260000,1414000319000,0.87892,0.87903,0.87892,0.87902,29860000,1
1414000320000,1414000379000,0.87901,0.87901,0.87895,0.87895,17990000,1
1414000380000,1414000439000,0.87895,0.87895,0.87886,0.87891,38810000,1
1414000440000,1414000499000,0.87891,0.87903,0.8789,0.87902,59330000,1
1414000500000,1414000559000,0.87903,0.87903,0.87891,0.87891,48100000,1
1414000560000,1414000619000,0.87891,0.87891,0.87864,0.87864,47200000,1
1414000620000,1414000679000,0.87868,0.87869,0.87867,0.87868,30250000,1
1414000680000,1414000739000,0.8787,0.87874,0.87863,0.87867,42290000,1
1414000740000,1414000799000,0.87867,0.87868,0.87865,0.87866,31500000,1
1414000800000,1414000859000,0.87866,0.87866,0.87849,0.87849,77330000,1
1414000860000,1414000919000,0.87849,0.87852,0.87824,0.87827,63130000,1
1414000920000,1414000979000,0.87824,0.87828,0.87824,0.87828,35180000,1
1414000980000,1414001039000,0.87828,0.87828,0.87825,0.87825,18000000,1
1414001040000,1414001099000,0.87825,0.87825,0.87819,0.87823,29200000,1
1414001100000,1414001159000,0.87822,0.87825,0.87818,0.87823,25740000,1
1414001160000,1414001219000,0.87825,0.87844,0.87823,0.87844,68780000,1
1414001220000,1414001279000,0.87844,0.87852,0.87844,0.87849,44280000,1
1414001280000,1414001339000,0.87849,0.87861,0.87849,0.87854,58790000,1
1414001340000,1414001399000,0.87853,0.87855,0.87846,0.87846,22760000,1
1414001400000,1414001459000,0.87845,0.87846,0.87843,0.87843,13320000,1
1414001460000,1414001519000,0.87841,0.87857,0.8784,0.87855,43680000,1
1414001520000,1414001579000,0.87855,0.87862,0.87852,0.87853,27270000,1
1414001580000,1414001639000,0.87853,0.87855,0.87852,0.87855,34690000,1
1414001640000,1414001699000,0.87855,0.87855,0.87854,0.87855,15000000,1
1414001700000,1414001759000,0.87855,0.87855,0.87843,0.8785,51910000,1
1414001760000,1414001819000,0.8785,0.87855,0.87849,0.87849,40700000,1
1414001820000,1414001879000,0.87849,0.87853,0.87848,0.87848,33320000,1
1414001880000,1414001939000,0.87849,0.87853,0.87849,0.87851,28320000,1
1414001940000,1414001999000,0.87852,0.87853,0.87843,0.87843,53200000,1
1414002000000,1414002059000,0.87844,0.87844,0.87844,0.87844,1000000,1
1414002060000,1414002119000,0.87844,0.87851,0.87841,0.87841,31800000,1
1414002120000,1414002179000,0.87841,0.87843,0.87832,0.87833,69230000,1
1414002180000,1414002239000,0.87833,0.8784,0.87819,0.87819,63420000,1
1414002240000,1414002299000,0.87819,0.87825,0.87819,0.87825,52250000,1
1414002300000,1414002359000,0.87825,0.87825,0.87823,0.87824,18500000,1
1414002360000,1414002419000,0.87825,0.87827,0.87823,0.87825,15850000,1
1414002420000,1414002479000,0.87825,0.87842,0.87824,0.87836,73960000,1
1414002480000,1414002539000,0.87836,0.87842,0.87836,0.87842,23060000,1
1414002540000,1414002599000,0.87841,0.87841,0.87834,0.87834,15070000,1
1414002600000,1414002659000,0.87834,0.87835,0.87834,0.87835,9000000,1
1414002660000,1414002719000,0.87832,0.87843,0.87832,0.87837,31850000,1
1414002720000,1414002779000,0.87837,0.87837,0.87825,0.87828,35070000,1
1414002780000,1414002839000,0.87829,0.87831,0.87825,0.87826,36400000,1
1414002840000,1414002899000,0.87826,0.87826,0.87821,0.87825,29110000,1
1414002900000,1414002959000,0.87825,0.87825,0.87809,0.87812,29940000,1
1414002960000,1414003019000,0.87813,0.87825,0.8781,0.87824,40760000,1
1414003020000,1414003079000,0.87823,0.87833,0.87823,0.87826,54270000,1
1414003080000,1414003139000,0.87826,0.87834,0.87826,0.87827,42810000,1
1414003140000,1414003199000,0.87827,0.87827,0.8782,0.8782,60210000,1
1414003200000,1414003259000,0.87821,0.87821,0.87808,0.87814,60140000,1
1414003260000,1414003319000,0.87814,0.87814,0.87806,0.87809,49960000,1
1414003320000,1414003379000,0.87807,0.87807,0.87795,0.87802,71100000,1
1414003380000,1414003439000,0.87802,0.87805,0.87797,0.87805,57250000,1
1414003440000,1414003499000,0.87806,0.87844,0.87806,0.87839,65350000,1
1414003500000,1414003559000,0.87839,0.87843,0.87838,0.87842,43200000,1
1414003560000,1414003619000,0.87841,0.87842,0.87834,0.87834,36790000,1
1414003620000,1414003679000,0.87835,0.87841,0.8783,0.87839,31140000,1
1414003680000,1414003739000,0.87839,0.87843,0.87839,0.87842,103220000,1
1414003740000,1414003799000,0.8784,0.8784,0.87828,0.87836,31060000,1
1414003800000,1414003859000,0.87834,0.87834,0.87826,0.87826,12620000,1
1414003860000,1414003919000,0.87825,0.87826,0.87815,0.87816,43160000,1
1414003920000,1414003979000,0.87816,0.8782,0.87805,0.87805,53280000,1
1414003980000,1414004039000,0.87805,0.87814,0.87805,0.87814,32940000,1
1414004040000,1414004099000,0.87815,0.87818,0.87814,0.87815,68450000,1
1414004100000,1414004159000,0.87815,0.8782,0.87811,0.87811,30460000,1
1414004160000,1414004219000,0.87814,0.87815,0.87807,0.87807,52030000,1
1414004220000,1414004279000,0.87807,0.87814,0.87806,0.87807,33830000,1
1414004280000,1414004339000,0.87807,0.87807,0.87804,0.87807,7570000,1
1414004340000,1414004399000,0.87805,0.87812,0.87801,0.87805,79760000,1
1414004400000,1414004459000,0.87804,0.87823,0.87804,0.87817,80750000,1
1414004460000,1414004519000,0.87816,0.87827,0.87816,0.87827,16710000,1
1414004520000,1414004579000,0.87827,0.87829,0.87824,0.87827,101740000,1
1414004580000,1414004639000,0.87827,0.8783,0.87816,0.87823,41310000,1
1414004640000,1414004699000,0.87823,0.87835,0.87822,0.87832,47880000,1
1414004700000,1414004759000,0.87831,0.87835,0.87827,0.87835,42320000,1
1414004760000,1414004819000,0.87834,0.87834,0.87827,0.87832,44720000,1
1414004820000,1414004879000,0.87831,0.87832,0.87823,0.87823,13860000,1
1414004880000,1414004939000,0.87822,0.87824,0.8782,0.8782,29940000,1
1414004940000,1414004999000,0.87819,0.87823,0.87817,0.87818,24970000,1
1414005000000,1414005059000,0.87818,0.87826,0.87813,0.87825,22920000,1
1414005060000,1414005119000,0.87826,0.87826,0.87823,0.87825,25960000,1
1414005120000,1414005179000,0.87827,0.87833,0.87824,0.87824,39410000,1
1414005180000,1414005239000,0.87824,0.87826,0.87823,0.87825,44750000,1
1414005240000,1414005299000,0.87825,0.87825,0.87825,0.87825,2000000,1
1414005300000,1414005359000,0.87825,0.87828,0.87824,0.87825,21000000,1
1414005360000,1414005419000,0.87825,0.87825,0.87807,0.87807,28940000,1
1414005420000,1414005479000,0.87807,0.8781,0.87806,0.87806,17620000,1
1414005480000,1414005539000,0.87805,0.87805,0.87757,0.87757,92750000,1
1414005540000,1414005599000,0.87757,0.87761,0.87732,0.87736,87420000,1
1414005600000,1414005659000,0.87736,0.87751,0.87736,0.87749,64950000,1
1414005660000,1414005719000,0.87748,0.87748,0.8774,0.87746,36210000,1
1414005720000,1414005779000,0.87745,0.87756,0.87745,0.87756,29320000,1
1414005780000,1414005839000,0.87756,0.87757,0.87754,0.87757,16040000,1
1414005840000,1414005899000,0.87761,0.87763,0.87755,0.87755,63620000,1
1414005900000,1414005959000,0.87755,0.87755,0.87746,0.87746,51340000,1
1414005960000,1414006019000,0.87745,0.87765,0.87734,0.87765,53640000,1
1414006020000,1414006079000,0.87765,0.87772,0.87764,0.87765,58940000,1
1414006080000,1414006139000,0.87765,0.87791,0.87765,0.87786,44890000,1
1414006140000,1414006199000,0.87786,0.87788,0.87786,0.87786,4000000,1
1414006200000,1414006259000,0.87786,0.87787,0.87786,0.87787,2000000,1
1414006260000,1414006319000,0.87785,0.87785,0.87776,0.87776,13320000,1
1414006320000,1414006379000,0.87777,0.87782,0.8777,0.87772,45810000,1
1414006380000,1414006439000,0.87772,0.87782,0.8777,0.87776,51170000,1
1414006440000,1414006499000,0.87777,0.87784,0.87774,0.87774,30990000,1
1414006500000,1414006559000,0.87777,0.87778,0.87758,0.87764,48680000,1
1414006560000,1414006619000,0.87771,0.87775,0.87758,0.8776,45960000,1
1414006620000,1414006679000,0.87762,0.87773,0.87756,0.8776,48520000,1
1414006680000,1414006739000,0.87761,0.87775,0.87755,0.87775,73360000,1
1414006740000,1414006799000,0.87771,0.87773,0.87757,0.87758,54380000,1
1414006800000,1414006859000,0.87758,0.87758,0.87756,0.87756,7000000,1
1414006860000,1414006919000,0.87756,0.87758,0.87756,0.87757,11000000,1
1414006920000,1414006979000,0.87757,0.87767,0.87756,0.87756,49160000,1
1414006980000,1414007039000,0.87756,0.87762,0.87756,0.87757,40750000,1
1414007040000,1414007099000,0.87758,0.87758,0.87755,0.87755,8140000,1
1414007100000,1414007159000,0.87755,0.87756,0.87745,0.87748,39070000,1
1414007160000,1414007219000,0.87751,0.87763,0.87751,0.87759,69090000,1
1414007220000,1414007279000,0.87758,0.87763,0.87758,0.87759,31760000,1
1414007280000,1414007339000,0.87761,0.87765,0.87756,0.87765,34760000,1
1414007340000,1414007399000,0.87764,0.87774,0.87764,0.87766,34390000,1
1414007400000,1414007459000,0.87766,0.87769,0.87754,0.87759,47300000,1
1414007460000,1414007519000,0.87759,0.87767,0.87759,0.87767,15190000,1
1414007520000,1414007579000,0.87765,0.87779,0.87765,0.87775,45990000,1
1414007580000,1414007639000,0.87774,0.87777,0.87774,0.87775,11700000,1
1414007640000,1414007699000,0.87776,0.87784,0.87775,0.87784,35930000,1
1414007700000,1414007759000,0.87784,0.87784,0.87783,0.87783,4500000,1
1414007760000,1414007819000,0.87783,0.87783,0.87772,0.87776,60610000,1
1414007820000,1414007879000,0.87776,0.87776,0.87764,0.87764,19200000,1
1414007880000,1414007939000,0.87767,0.87768,0.87764,0.87766,30000000,1
1414007940000,1414007999000,0.87766,0.87766,0.87753,0.87753,66910000,1
1414008000000,1414008059000,0.87753,0.87761,0.87752,0.87761,25440000,1
1414008060000,1414008119000,0.87762,0.87763,0.87761,0.87762,24070000,1
1414008120000,1414008179000,0.87762,0.87764,0.87751,0.87751,53570000,1
1414008180000,1414008239000,0.87753,0.87754,0.87753,0.87753,5750000,1
1414008240000,1414008299000,0.87752,0.87752,0.87744,0.87745,20510000,1
1414008300000,1414008359000,0.87745,0.87752,0.87742,0.87752,32080000,1
1414008360000,1414008419000,0.87752,0.87762,0.87744,0.87745,60650000,1
1414008420000,1414008479000,0.87745,0.87751,0.87745,0.87745,45310000,1
1414008480000,1414008539000,0.87745,0.87749,0.87735,0.87737,54830000,1
1414008540000,1414008599000,0.87737,0.87749,0.87737,0.87738,47920000,1
1414008600000,1414008659000,0.87737,0.8774,0.87735,0.87735,43000000,1
1414008660000,1414008719000,0.87735,0.87738,0.87723,0.87724,33260000,1
1414008720000,1414008779000,0.87723,0.87725,0.87715,0.87721,32500000,1
1414008780000,1414008839000,0.87721,0.87728,0.87721,0.87724,24960000,1
1414008840000,1414008899000,0.87724,0.87739,0.87724,0.87736,46020000,1
1414008900000,1414008959000,0.87736,0.87765,0.87736,0.87761,52550000,1
1414008960000,1414009019000,0.87762,0.87764,0.87759,0.87759,26820000,1
1414009020000,1414009079000,0.87759,0.87765,0.87759,0.87765,15400000,1
1414009080000,1414009139000,0.87764,0.8777,0.87763,0.8777,18570000,1
1414009140000,1414009199000,0.87771,0.87771,0.87769,0.8777,5250000,1
1414009200000,1414009259000,0.8777,0.87782,0.87769,0.87782,20190000,1
1414009260000,1414009319000,0.87782,0.87782,0.87781,0.87781,6000000,1
1414009320000,1414009379000,0.87781,0.87783,0.87769,0.87773,33240000,1
1414009380000,1414009439000,0.87773,0.87774,0.8777,0.87772,32760000,1
1414009440000,1414009499000,0.87772,0.87782,0.87771,0.87781,12260000,1
1414009500000,1414009559000,0.87781,0.87781,0.8778,0.8778,18500000,1
1414009560000,1414009619000,0.8778,0.87781,0.87772,0.87772,30240000,1
1414009620000,1414009679000,0.87772,0.87773,0.87772,0.87772,10000000,1
1414009680000,1414009739000,0.87772,0.87776,0.87772,0.87774,10890000,1
1414009740000,1414009799000,0.87774,0.87786,0.87774,0.8778,46470000,1
1414009800000,1414009859000,0.87781,0.87784,0.8778,0.87784,16740000,1
1414009860000,1414009919000,0.87785,0.87785,0.87785,0.87785,1500000,1
1414009920000,1414009979000,0.87785,0.87785,0.87785,0.87785,2000000,1
1414009980000,1414010039000,0.87786,0.87786,0.87786,0.87786,1000000,1
1414010040000,1414010099000,0.87786,0.87791,0.87786,0.87789,23220000,1
1414010100000,1414010159000,0.87789,0.87789,0.87787,0.87788,8800000,1
1414010160000,1414010219000,0.87787,0.87787,0.87785,0.87785,2500000,1
1414010220000,1414010279000,0.87785,0.87789,0.87773,0.87773,35780000,1
1414010280000,1414010339000,0.87771,0.87787,0.87757,0.87763,74340000,1
1414010340000,1414010399000,0.87763,0.87763,0.87761,0.87761,17310000,1
1414010400000,1414010459000,0.87761,0.87762,0.87758,0.8776,40190000,1
1414010460000,1414010519000,0.8776,0.87761,0.87755,0.87757,15000000,1
1414010520000,1414010579000,0.87757,0.8776,0.87752,0.87758,54080000,1
1414010580000,1414010639000,0.87758,0.87758,0.8775,0.87751,48580000,1
1414010640000,1414010699000,0.87756,0.87772,0.87756,0.87758,84830000,1
1414010700000,1414010759000,0.87757,0.87761,0.87755,0.87755,26550000,1
1414010760000,1414010819000,0.87758,0.87808,0.87755,0.87808,67250000,1
1414010820000,1414010879000,0.87806,0.87814,0.87802,0.87813,63490000,1
1414010880000,1414010939000,0.87812,0.87815,0.87811,0.87813,27190000,1
1414010940000,1414010999000,0.87813,0.8786,0.87813,0.8783,124260000,1
1414011000000,1414011059000,0.87827,0.87827,0.87785,0.87807,138620000,1
1414011060000,1414011119000,0.87807,0.87823,0.87762,0.87768,70170000,1
1414011120000,1414011179000,0.87767,0.87779,0.87763,0.87766,80720000,1
1414011180000,1414011239000,0.87766,0.87775,0.87762,0.87765,48040000,1
1414011240000,1414011299000,0.87765,0.87783,0.87765,0.87776,52150000,1
1414011300000,1414011359000,0.87779,0.8778,0.87775,0.87776,10000000,1
1414011360000,1414011419000,0.8778,0.87782,0.87775,0.87777,14500000,1
1414011420000,1414011479000,0.87774,0.87782,0.87774,0.87782,11250000,1
1414011480000,1414011539000,0.87774,0.87774,0.8776,0.87765,25980000,1
1414011540000,1414011599000,0.8777,0.87778,0.87767,0.87772,20790000,1
1414011600000,1414011659000,0.87771,0.87775,0.87767,0.87767,3820000,1
1414011660000,1414011719000,0.87768,0.87784,0.87768,0.87774,4280000,1
1414011720000,1414011779000,0.87774,0.87777,0.87774,0.87777,350000,1
1414011780000,1414011839000,0.87775,0.8778,0.87769,0.87769,1120000,1
1414011840000,1414011899000,0.8777,0.8777,0.8777,0.8777,4340000,1
1414011900000,1414011959000,0.8777,0.8777,0.8777,0.8777,2070000,1
1414011960000,1414012019000,0.87771,0.87772,0.87771,0.87771,12480000,1
1414012020000,1414012079000,0.87771,0.87772,0.87771,0.87772,12660000,1
1414012080000,1414012139000,0.87771,0.87778,0.87771,0.87774,20990000,1
1414012140000,1414012199000,0.87775,0.87779,0.87771,0.87771,21170000,1
1414012200000,1414012259000,0.87771,0.87776,0.87771,0.87772,19420000,1
1414012260000,1414012319000,0.87772,0.87779,0.87772,0.87772,19510000,1
1414012320000,1414012379000,0.87774,0.87788,0.87773,0.87788,8300000,1
1414012380000,1414012439000,0.87788,0.87789,0.87781,0.87789,17500000,1
1414012440000,1414012499000,0.87788,0.87791,0.8778,0.87784,21740000,1
1414012500000,1414012559000,0.87784,0.87787,0.8778,0.87787,14610000,1
1414012560000,1414012619000,0.87785,0.87787,0.87785,0.87787,5000000,1
1414012620000,1414012679000,0.87784,0.87793,0.87784,0.87793,16000000,1
1414012680000,1414012739000,0.87793,0.87797,0.87788,0.87797,26500000,1
1414012740000,1414012799000,0.87796,0.87813,0.87793,0.87794,47500000,1
1414012800000,1414012859000,0.87794,0.87794,0.87785,0.87785,22500000,1
1414012860000,1414012919000,0.87785,0.87786,0.87785,0.87786,9000000,1
1414012920000,1414012979000,0.87786,0.87786,0.87785,0.87785,9000000,1
1414013040000,1414013099000,0.87786,0.87786,0.87783,0.87783,4250000,1
1414013100000,1414013159000,0.87783,0.8779,0.87783,0.8779,7820000,1
1414013160000,1414013219000,0.87784,0.87792,0.87779,0.87792,22940000,1
1414013220000,1414013279000,0.87792,0.87793,0.87788,0.87788,15270000,1
1414013280000,1414013339000,0.87788,0.87797,0.87787,0.87788,17830000,1
1414013340000,1414013399000,0.87788,0.87788,0.87787,0.87787,7580000,1
1414013400000,1414013459000,0.87787,0.87787,0.87785,0.87786,17640000,1
1414013460000,1414013519000,0.87785,0.87788,0.87785,0.87785,8630000,1
1414013520000,1414013579000,0.87785,0.87785,0.87776,0.87776,13000000,1
1414013580000,1414013639000,0.87776,0.87776,0.87771,0.87771,15750000,1
1414013640000,1414013699000,0.87772,0.87773,0.87757,0.87762,43250000,1
1414013700000,1414013759000,0.87764,0.87768,0.87757,0.8776,42000000,1
1414013760000,1414013819000,0.8776,0.87761,0.87754,0.87756,30500000,1
1414013820000,1414013879000,0.87758,0.87759,0.87721,0.87725,51920000,1
1414013880000,1414013939000,0.87724,0.87739,0.87724,0.87737,33960000,1
1414013940000,1414013999000,0.87732,0.87733,0.87711,0.87727,47390000,1
1414014000000,1414014059000,0.8773,0.87734,0.87727,0.87734,31930000,1
1414014060000,1414014119000,0.87733,0.87756,0.8773,0.87731,55410000,1
1414014120000,1414014179000,0.87731,0.87734,0.8773,0.87732,6500000,1
1414014180000,1414014239000,0.87736,0.87749,0.87724,0.87724,49040000,1
1414014240000,1414014299000,0.87722,0.87723,0.87689,0.87689,45150000,1
1414014300000,1414014359000,0.87684,0.87684,0.87569,0.87627,129810000,1
1414014360000,1414014419000,0.87625,0.87689,0.87614,0.87679,190550000,1
1414014420000,1414014479000,0.87679,0.87707,0.87622,0.87647,251190000,1
1414014480000,1414014539000,0.87652,0.87704,0.8765,0.87679,148650000,1
1414014540000,1414014599000,0.87678,0.87678,0.8764,0.8764,48460000,1
1414014600000,1414014659000,0.87641,0.87673,0.8762,0.8762,57720000,1
1414014660000,1414014719000,0.87627,0.87663,0.87627,0.8765,88430000,1
1414014720000,1414014779000,0.87649,0.8766,0.87628,0.8763,116240000,1
1414014780000,1414014839000,0.87631,0.87638,0.87615,0.87638,91810000,1
1414014840000,1414014899000,0.87637,0.87653,0.87622,0.87625,84300000,1
1414014900000,1414014959000,0.87628,0.8764,0.87625,0.87628,83360000,1
1414014960000,1414015019000,0.8763,0.87632,0.87625,0.87626,48200000,1
1414015020000,1414015079000,0.87626,0.87632,0.87592,0.87608,134260000,1
1414015080000,1414015139000,0.87612,0.87627,0.87593,0.87615,138510000,1
1414015140000,1414015199000,0.87615,0.87635,0.87613,0.87623,21780000,1
1414015200000,1414015259000,0.87626,0.87632,0.87607,0.87626,69320000,1
1414015260000,1414015319000,0.87626,0.8765,0.87626,0.87643,22380000,1
1414015320000,1414015379000,0.87644,0.87694,0.87642,0.87674,65580000,1
1414015380000,1414015439000,0.87674,0.87696,0.87663,0.87687,50380000,1
1414015440000,1414015499000,0.87687,0.87702,0.87676,0.87686,179440000,1
1414015500000,1414015559000,0.87682,0.87682,0.87665,0.87677,178600000,1
1414015560000,1414015619000,0.87682,0.87693,0.87682,0.87693,64170000,1
1414015620000,1414015679000,0.87693,0.87698,0.87678,0.87698,181320000,1
1414015680000,1414015739000,0.87697,0.87713,0.87696,0.87709,152550000,1
1414015740000,1414015799000,0.87708,0.87719,0.87702,0.87709,137240000,1
1414015800000,1414015859000,0.87708,0.87708,0.87685,0.87693,86170000,1
1414015860000,1414015919000,0.87693,0.87707,0.87693,0.87705,79000000,1
1414015920000,1414015979000,0.87705,0.87721,0.87697,0.87721,82620000,1
1414015980000,1414016039000,0.87721,0.87725,0.87718,0.87722,28170000,1
1414016040000,1414016099000,0.87722,0.87736,0.87722,0.87735,22070000,1
1414016100000,1414016159000,0.87735,0.87765,0.87733,0.87765,47220000,1
1414016160000,1414016219000,0.87765,0.87765,0.87745,0.8775,40500000,1
1414016220000,1414016279000,0.87751,0.87752,0.87724,0.87724,34760000,1
1414016280000,1414016339000,0.87724,0.87725,0.87719,0.87725,11750000,1
1414016340000,1414016399000,0.87725,0.87727,0.8771,0.87727,33040000,1
1414016400000,1414016459000,0.87722,0.87726,0.87721,0.87723,9000000,1
1414016460000,1414016519000,0.87725,0.87729,0.87722,0.87723,25650000,1
1414016520000,1414016579000,0.87724,0.87728,0.87718,0.8772,16010000,1
1414016580000,1414016639000,0.87721,0.87729,0.87721,0.87727,37530000,1
1414016640000,1414016699000,0.87728,0.87728,0.87727,0.87728,7000000,1
1414016700000,1414016759000,0.87729,0.8774,0.87729,0.8774,11570000,1
1414016760000,1414016819000,0.87742,0.87743,0.87737,0.8774,27250000,1
1414016820000,1414016879000,0.87742,0.87742,0.87724,0.87731,20120000,1
1414016880000,1414016939000,0.87731,0.87733,0.87712,0.87715,52310000,1
1414016940000,1414016999000,0.87713,0.87713,0.87657,0.87677,88470000,1
1414017000000,1414017059000,0.87675,0.87681,0.87662,0.87671,62660000,1
1414017060000,1414017119000,0.8767,0.87676,0.8767,0.87676,14050000,1
1414017120000,1414017179000,0.87675,0.87676,0.87663,0.87668,42640000,1
1414017180000,1414017239000,0.87669,0.87678,0.87659,0.87678,48330000,1
1414017240000,1414017299000,0.87679,0.87679,0.87677,0.87677,7000000,1
1414017300000,1414017359000,0.87679,0.87679,0.87674,0.87674,10500000,1
1414017360000,1414017419000,0.87675,0.87682,0.87675,0.87681,11000000,1
1414017420000,1414017479000,0.87681,0.87682,0.87675,0.87681,14750000,1
1414017480000,1414017539000,0.87679,0.8768,0.87669,0.8767,28820000,1
1414017540000,1414017599000,0.8767,0.87682,0.8767,0.87682,32310000,1
1414017600000,1414017659000,0.87678,0.87682,0.87674,0.87682,17070000,1
1414017660000,1414017719000,0.8768,0.87696,0.8768,0.87696,16850000,1
1414017720000,1414017779000,0.87696,0.87696,0.87688,0.87691,5600000,1
1414017780000,1414017839000,0.8769,0.87708,0.8769,0.87707,34930000,1
1414017840000,1414017899000,0.87707,0.87719,0.87707,0.87719,32940000,1
1414017900000,1414017959000,0.87719,0.87729,0.87719,0.87729,23450000,1
1414017960000,1414018019000,0.8773,0.87734,0.87729,0.87733,20030000,1
1414018020000,1414018079000,0.87733,0.87744,0.87733,0.87744,21870000,1
1414018080000,1414018139000,0.87743,0.87743,0.87737,0.87738,7870000,1
1414018140000,1414018199000,0.87738,0.87738,0.87725,0.87725,24690000,1
1414018200000,1414018259000,0.87725,0.87725,0.87722,0.87725,12820000,1
1414018260000,1414018319000,0.87724,0.87724,0.87699,0.87704,27870000,1
1414018320000,1414018379000,0.87704,0.87704,0.87699,0.87702,11820000,1
1414018380000,1414018439000,0.87704,0.87704,0.87699,0.87699,16280000,1
1414018440000,1414018499000,0.87699,0.87704,0.87699,0.87704,16710000,1
1414018500000,1414018559000,0.87703,0.87704,0.87702,0.87703,5400000,1
1414018560000,1414018619000,0.87703,0.87703,0.87694,0.87695,21060000,1
1414018620000,1414018679000,0.87695,0.87697,0.87695,0.87697,17970000,1
1414018680000,1414018739000,0.87694,0.87703,0.87694,0.87703,10670000,1
1414018740000,1414018799000,0.87701,0.87701,0.87672,0.87678,42630000,1
1414018800000,1414018859000,0.87677,0.87677,0.87656,0.8767,80120000,1
1414018860000,1414018919000,0.8767,0.87676,0.8767,0.87674,15000000,1
1414018920000,1414018979000,0.87673,0.87673,0.87669,0.87669,4750000,1
1414018980000,1414019039000,0.87669,0.87673,0.87665,0.87669,34370000,1
1414019040000,1414019099000,0.87669,0.87669,0.8766,0.8766,12000000,1
1414019100000,1414019159000,0.87659,0.87663,0.87659,0.87663,10000000,1
1414019160000,1414019219000,0.87662,0.87663,0.87662,0.87663,5250000,1
1414019220000,1414019279000,0.87662,0.87677,0.87662,0.87677,13250000,1
1414019280000,1414019339000,0.87677,0.87677,0.87675,0.87675,2740000,1
1414019340000,1414019399000,0.87678,0.877,0.87678,0.87699,27870000,1
1414019400000,1414019459000,0.87696,0.87718,0.87696,0.87707,64370000,1
1414019460000,1414019519000,0.87707,0.87718,0.87707,0.87718,34160000,1
1414019520000,1414019579000,0.87718,0.87722,0.87708,0.87708,21480000,1
1414019580000,1414019639000,0.87708,0.8771,0.87707,0.87709,21100000,1
1414019640000,1414019699000,0.87709,0.87709,0.87707,0.87707,9000000,1
1414019700000,1414019759000,0.8771,0.87717,0.87709,0.87713,18310000,1
1414019760000,1414019819000,0.87713,0.87721,0.87713,0.87721,12910000,1
1414019820000,1414019879000,0.87721,0.87726,0.87721,0.87726,7270000,1
1414019880000,1414019939000,0.87727,0.87727,0.87716,0.87718,25500000,1
1414019940000,1414019999000,0.87717,0.87722,0.87717,0.87717,24120000,1
1414020000000,1414020059000,0.87717,0.87717,0.87717,0.87717,7000000,1
1414020060000,1414020119000,0.87717,0.87717,0.87717,0.87717,11250000,1
1414020120000,1414020179000,0.87717,0.87718,0.87717,0.87717,14000000,1
1414020180000,1414020239000,0.87712,0.87713,0.87706,0.87706,17500000,1
1414020240000,1414020299000,0.87708,0.87708,0.87706,0.87707,14000000,1
1414020300000,1414020359000,0.87706,0.87714,0.87706,0.87712,13070000,1
1414020360000,1414020419000,0.87712,0.87713,0.87707,0.87707,16500000,1
1414020420000,1414020479000,0.87707,0.87707,0.87707,0.87707,2000000,1
1414020480000,1414020539000,0.87707,0.87707,0.87704,0.87706,20500000,1
1414020540000,1414020599000,0.87707,0.87707,0.87702,0.87702,18500000,1
1414020600000,1414020659000,0.87702,0.87702,0.87686,0.87686,23500000,1
1414020660000,1414020719000,0.87687,0.87687,0.87684,0.87687,15500000,1
1414020720000,1414020779000,0.87687,0.87687,0.87647,0.87647,33180000,1
1414020780000,1414020839000,0.87646,0.87654,0.87636,0.87644,30610000,1
1414020840000,1414020899000,0.87646,0.87646,0.87645,0.87645,3500000,1
1414020900000,1414020959000,0.87647,0.87663,0.87646,0.87663,94700000,1
1414020960000,1414021019000,0.87663,0.87663,0.87654,0.87655,22700000,1
1414021020000,1414021079000,0.87656,0.87658,0.87654,0.87658,16280000,1
1414021080000,1414021139000,0.87659,0.8766,0.87659,0.8766,2000000,1
1414021140000,1414021199000,0.87659,0.87661,0.87659,0.87659,6500000,1
1414021200000,1414021259000,0.87657,0.87657,0.87642,0.87649,43480000,1
1414021260000,1414021319000,0.87648,0.87648,0.87642,0.87644,19460000,1
1414021320000,1414021379000,0.87644,0.87645,0.87634,0.87643,45250000,1
1414021380000,1414021439000,0.87644,0.87667,0.87615,0.87616,76270000,1
1414021440000,1414021499000,0.87618,0.87636,0.87618,0.87624,43040000,1
1414021500000,1414021559000,0.87624,0.87646,0.87624,0.87645,69590000,1
1414021560000,1414021619000,0.87642,0.87647,0.87642,0.87647,16070000,1
1414021620000,1414021679000,0.87644,0.87644,0.87637,0.87639,15820000,1
1414021680000,1414021739000,0.87639,0.87639,0.87637,0.87637,15500000,1
1414021740000,1414021799000,0.87637,0.87648,0.87636,0.87648,24990000,1
1414021800000,1414021859000,0.87649,0.87649,0.87634,0.8764,22070000,1
1414021860000,1414021919000,0.8764,0.8764,0.87628,0.87628,18500000,1
1414021920000,1414021979000,0.87629,0.87636,0.87629,0.87635,8770000,1
1414021980000,1414022039000,0.87636,0.87636,0.8763,0.8763,20500000,1
1414022040000,1414022099000,0.87629,0.87631,0.87629,0.87629,9770000,1
1414022100000,1414022159000,0.87629,0.87653,0.87629,0.87648,34610000,1
1414022160000,1414022219000,0.87649,0.87669,0.87649,0.87665,32650000,1
1414022220000,1414022279000,0.87665,0.87665,0.87657,0.87657,12000000,1
1414022280000,1414022339000,0.87657,0.87665,0.87657,0.87659,26010000,1
1414022340000,1414022399000,0.87659,0.87664,0.8765,0.87662,97100000,1
1414022400000,1414022459000,0.87664,0.87676,0.87662,0.87672,17270000,1
1414022460000,1414022519000,0.87672,0.87696,0.87672,0.87696,43820000,1
1414022520000,1414022579000,0.87691,0.87697,0.87691,0.87697,30060000,1
1414022580000,1414022639000,0.87695,0.87697,0.87686,0.87688,43270000,1
1414022640000,1414022699000,0.87688,0.87689,0.87667,0.87668,62430000,1
1414022700000,1414022759000,0.87666,0.87668,0.87657,0.8766,37820000,1
1414022760000,1414022819000,0.87659,0.87665,0.87658,0.87663,30370000,1
1414022820000,1414022879000,0.87663,0.87673,0.87663,0.87673,49520000,1
1414022880000,1414022939000,0.87673,0.87674,0.87668,0.87673,37340000,1
1414022940000,1414022999000,0.87672,0.87672,0.87662,0.87667,17270000,1
1414023000000,1414023059000,0.87667,0.87669,0.87664,0.87667,24640000,1
1414023060000,1414023119000,0.87667,0.87681,0.87667,0.87676,56560000,1
1414023120000,1414023179000,0.87676,0.87682,0.87666,0.87677,74380000,1
1414023180000,1414023239000,0.87678,0.87679,0.87677,0.87678,35180000,1
1414023240000,1414023299000,0.87678,0.87678,0.87677,0.87678,5500000,1
1414023300000,1414023359000,0.87678,0.87678,0.87662,0.87666,17150000,1
1414023360000,1414023419000,0.87664,0.87684,0.87664,0.8768,38720000,1
1414023420000,1414023479000,0.87681,0.87712,0.87681,0.87708,101390000,1
1414023480000,1414023539000,0.87707,0.87716,0.87706,0.87716,55850000,1
1414023540000,1414023599000,0.87718,0.87732,0.87717,0.87728,72050000,1
1414023600000,1414023659000,0.87729,0.87729,0.87682,0.87687,96550000,1
1414023660000,1414023719000,0.87687,0.87696,0.87687,0.87695,17500000,1
1414023720000,1414023779000,0.87693,0.87708,0.8769,0.87707,32590000,1
1414023780000,1414023839000,0.87707,0.87707,0.87706,0.87707,5100000,1
1414023840000,1414023899000,0.87706,0.8772,0.87695,0.87704,79970000,1
1414023900000,1414023959000,0.87701,0.87701,0.8769,0.87695,39170000,1
1414023960000,1414024019000,0.87695,0.87708,0.87672,0.87697,72180000,1
1414024020000,1414024079000,0.87697,0.87706,0.87689,0.87706,65930000,1
1414024080000,1414024139000,0.87699,0.877,0.87684,0.87697,44410000,1
1414024140000,1414024199000,0.87698,0.87708,0.87689,0.87691,28330000,1
1414024200000,1414024259000,0.87691,0.87694,0.87671,0.87672,37000000,1
1414024260000,1414024319000,0.87672,0.87672,0.87652,0.87657,51460000,1
1414024320000,1414024379000,0.87657,0.8766,0.87601,0.87615,113590000,1
1414024380000,1414024439000,0.87615,0.8768,0.87615,0.87652,130290000,1
1414024440000,1414024499000,0.87653,0.87661,0.87637,0.87661,81030000,1
1414024500000,1414024559000,0.8766,0.8766,0.87626,0.87627,35600000,1
1414024560000,1414024619000,0.87627,0.87634,0.87612,0.87629,58610000,1
1414024620000,1414024679000,0.87629,0.87634,0.87615,0.87619,51150000,1
1414024680000,1414024739000,0.87622,0.87634,0.87606,0.87606,69470000,1
1414024740000,1414024799000,0.87606,0.87615,0.87606,0.87613,46830000,1
1414024800000,1414024859000,0.87613,0.87615,0.87612,0.87613,22600000,1
1414024860000,1414024919000,0.87612,0.87634,0.87603,0.87607,73790000,1
1414024920000,1414024979000,0.87608,0.87614,0.87569,0.87592,145120000,1
1414024980000,1414025039000,0.87592,0.87592,0.87574,0.87586,87800000,1
1414025040000,1414025099000,0.87586,0.87587,0.87568,0.87587,61860000,1
1414025100000,1414025159000,0.87584,0.87586,0.87564,0.87565,34790000,1
1414025160000,1414025219000,0.87565,0.87565,0.87533,0.87533,48810000,1
1414025220000,1414025279000,0.87532,0.87547,0.87525,0.87536,69390000,1
1414025280000,1414025339000,0.87533,0.87533,0.87515,0.8753,133970000,1
1414025340000,1414025399000,0.8753,0.87533,0.87521,0.87528,53940000,1
1414025400000,1414025459000,0.8753,0.8754,0.8753,0.87538,69050000,1
1414025460000,1414025519000,0.87537,0.87549,0.87537,0.87547,87250000,1
1414025520000,1414025579000,0.87545,0.87547,0.87542,0.87546,55710000,1
1414025580000,1414025639000,0.87545,0.87546,0.87533,0.87536,55210000,1
1414025640000,1414025699000,0.87537,0.87541,0.87531,0.87532,69230000,1
1414025700000,1414025759000,0.87532,0.87538,0.87522,0.87535,94030000,1
1414025760000,1414025819000,0.87536,0.87576,0.87536,0.87576,82200000,1
1414025820000,1414025879000,0.87574,0.87574,0.87523,0.87523,131910000,1
1414025880000,1414025939000,0.87523,0.87542,0.87512,0.87542,142550000,1
1414025940000,1414025999000,0.87542,0.87542,0.87528,0.87528,48510000,1
1414026000000,1414026059000,0.87528,0.87533,0.87527,0.87527,57430000,1
1414026060000,1414026119000,0.87527,0.87535,0.87527,0.87529,80300000,1
1414026120000,1414026179000,0.87529,0.87533,0.87527,0.87527,27240000,1
1414026180000,1414026239000,0.87527,0.87534,0.87527,0.87531,33210000,1
1414026240000,1414026299000,0.87531,0.8754,0.87528,0.87538,44630000,1
1414026300000,1414026359000,0.87539,0.87553,0.87538,0.87553,51310000,1
1414026360000,1414026419000,0.87554,0.87557,0.87553,0.87554,27000000,1
1414026420000,1414026479000,0.87555,0.87563,0.87554,0.87563,46430000,1
1414026480000,1414026539000,0.87563,0.87574,0.87562,0.87571,111490000,1
1414026540000,1414026599000,0.87569,0.87574,0.87557,0.87558,62810000,1
1414026600000,1414026659000,0.87558,0.87563,0.87552,0.87561,61910000,1
1414026660000,1414026719000,0.8756,0.87577,0.87559,0.87577,116570000,1
1414026720000,1414026779000,0.87577,0.87582,0.87575,0.87579,55360000,1
1414026780000,1414026839000,0.87578,0.87588,0.87577,0.87588,71270000,1
1414026840000,1414026899000,0.87587,0.87587,0.87579,0.87587,37610000,1
1414026900000,1414026959000,0.87587,0.87623,0.87586,0.87617,94930000,1
1414026960000,1414027019000,0.87617,0.87633,0.87617,0.87627,51670000,1
1414027020000,1414027079000,0.87624,0.87626,0.87594,0.87594,135990000,1
1414027080000,1414027139000,0.87595,0.87598,0.87564,0.87566,48980000,1
1414027140000,1414027199000,0.87564,0.8758,0.87558,0.8758,61140000,1
1414027200000,1414027259000,0.87581,0.87589,0.87581,0.87587,18300000,1
1414027260000,1414027319000,0.87587,0.87603,0.87582,0.87603,42160000,1
1414027320000,1414027379000,0.87602,0.87602,0.87585,0.87585,57970000,1
1414027380000,1414027439000,0.87585,0.87595,0.87585,0.8759,49520000,1
1414027440000,1414027499000,0.8759,0.87594,0.87579,0.87589,76040000,1
1414027500000,1414027559000,0.87591,0.87608,0.87591,0.87605,46860000,1
1414027560000,1414027619000,0.87604,0.87614,0.87602,0.87606,39340000,1
1414027620000,1414027679000,0.87606,0.87617,0.87606,0.87617,14160000,1
1414027680000,1414027739000,0.87617,0.87617,0.87606,0.87606,5500000,1
1414027740000,1414027799000,0.87606,0.87616,0.87594,0.87616,47090000,1
1414027800000,1414027859000,0.87614,0.87614,0.87594,0.87595,41510000,1
1414027860000,1414027919000,0.87594,0.87594,0.87579,0.87585,58520000,1
1414027920000,1414027979000,0.87587,0.87588,0.87552,0.87557,76470000,1
1414027980000,1414028039000,0.87557,0.87557,0.87532,0.87532,50370000,1
1414028040000,1414028099000,0.87534,0.8756,0.87534,0.87557,42780000,1
1414028100000,1414028159000,0.87558,0.87558,0.87555,0.87555,22320000,1
1414028160000,1414028219000,0.87555,0.87556,0.8753,0.87534,34180000,1
1414028220000,1414028279000,0.87534,0.87538,0.87529,0.87538,27960000,1
1414028280000,1414028339000,0.87539,0.87539,0.87535,0.87535,4860000,1
1414028340000,1414028399000,0.87535,0.87535,0.87528,0.87528,15000000,1
1414028400000,1414028459000,0.87526,0.87533,0.87526,0.87532,12810000,1
1414028460000,1414028519000,0.87534,0.87538,0.87534,0.87537,33730000,1
1414028520000,1414028579000,0.87537,0.87553,0.87535,0.87553,85550000,1
1414028580000,1414028639000,0.87553,0.87618,0.87553,0.87618,79740000,1
1414028640000,1414028699000,0.87619,0.87619,0.87568,0.8759,218030000,1
1414028700000,1414028759000,0.87605,0.87741,0.87605,0.87718,386750000,1
1414028760000,1414028819000,0.87719,0.87719,0.87645,0.87684,235060000,1
1414028820000,1414028879000,0.87682,0.87683,0.87635,0.8766,123590000,1
1414028880000,1414028939000,0.87659,0.87681,0.87641,0.87645,111960000,1
1414028940000,1414028999000,0.87646,0.87704,0.87642,0.87669,117730000,1
1414029000000,1414029059000,0.87669,0.87686,0.87667,0.87677,101290000,1
1414029060000,1414029119000,0.87677,0.87681,0.8766,0.8766,75890000,1
1414029120000,1414029179000,0.8766,0.87661,0.87646,0.87648,83620000,1
1414029180000,1414029239000,0.87648,0.87648,0.87489,0.87491,238600000,1
1414029240000,1414029299000,0.87493,0.87525,0.87493,0.8752,172760000,1
1414029300000,1414029359000,0.87522,0.87537,0.87514,0.87522,133640000,1
1414029360000,1414029419000,0.8752,0.87556,0.8752,0.87545,109910000,1
1414029420000,1414029479000,0.87543,0.87543,0.87491,0.87494,108140000,1
1414029480000,1414029539000,0.87496,0.87521,0.87496,0.8752,60490000,1
1414029540000,1414029599000,0.87521,0.87556,0.87517,0.87549,75250000,1
1414029600000,1414029659000,0.87549,0.87564,0.87547,0.87564,55430000,1
1414029660000,1414029719000,0.87561,0.87565,0.87555,0.87564,59280000,1
1414029720000,1414029779000,0.87563,0.87567,0.87557,0.87563,78790000,1
1414029780000,1414029839000,0.87563,0.87571,0.87553,0.87553,37380000,1
1414029840000,1414029899000,0.87553,0.87582,0.87551,0.87573,40430000,1
1414029900000,1414029959000,0.87571,0.87626,0.8757,0.87615,117840000,1
1414029960000,1414030019000,0.87616,0.87616,0.87586,0.87596,81230000,1
1414030020000,1414030079000,0.87597,0.87602,0.87584,0.87596,76170000,1
1414030080000,1414030139000,0.87594,0.87602,0.87594,0.87602,57800000,1
1414030140000,1414030199000,0.876,0.87601,0.87597,0.87597,50470000,1
1414030200000,1414030259000,0.87597,0.87624,0.87597,0.87617,41530000,1
1414030260000,1414030319000,0.87617,0.87619,0.87613,0.87618,25200000,1
1414030320000,1414030379000,0.87619,0.87654,0.87619,0.87653,87770000,1
1414030380000,1414030439000,0.87653,0.87661,0.87648,0.87655,112940000,1
1414030440000,1414030499000,0.87653,0.87658,0.87651,0.87655,20250000,1
1414030500000,1414030559000,0.87656,0.87656,0.87636,0.87642,49350000,1
1414030560000,1414030619000,0.87642,0.87653,0.87642,0.87648,49370000,1
1414030620000,1414030679000,0.87648,0.87652,0.87647,0.87652,47940000,1
1414030680000,1414030739000,0.87654,0.87672,0.87654,0.87669,67790000,1
1414030740000,1414030799000,0.8767,0.87712,0.87669,0.87679,141650000,1
1414030800000,1414030859000,0.87679,0.87679,0.87649,0.87662,63540000,1
1414030860000,1414030919000,0.87663,0.87665,0.8764,0.87649,100900000,1
1414030920000,1414030979000,0.87649,0.8766,0.87646,0.87658,64640000,1
1414030980000,1414031039000,0.87656,0.87664,0.87656,0.87658,44380000,1
1414031040000,1414031099000,0.87658,0.87661,0.87655,0.8766,44510000,1
1414031100000,1414031159000,0.87658,0.87675,0.87657,0.87675,40060000,1
1414031160000,1414031219000,0.87674,0.8768,0.87669,0.87672,59520000,1
1414031220000,1414031279000,0.87667,0.87668,0.87659,0.87659,42670000,1
1414031280000,1414031339000,0.87658,0.87658,0.87643,0.87657,23770000,1
1414031340000,1414031399000,0.87658,0.87666,0.87645,0.87653,64610000,1
1414031400000,1414031459000,0.87653,0.87653,0.87634,0.87642,58970000,1
1414031460000,1414031519000,0.87639,0.87643,0.87625,0.87628,109080000,1
1414031520000,1414031579000,0.87628,0.87636,0.87628,0.87632,59260000,1
1414031580000,1414031639000,0.87632,0.87643,0.87629,0.87638,42820000,1
1414031640000,1414031699000,0.87637,0.87637,0.87635,0.87635,2100000,1
1414031700000,1414031759000,0.87635,0.87636,0.87635,0.87636,38980000,1
1414031760000,1414031819000,0.87637,0.87658,0.87637,0.87658,34410000,1
1414031820000,1414031879000,0.87659,0.87691,0.87658,0.87676,82930000,1
1414031880000,1414031939000,0.87674,0.87674,0.87647,0.87656,69170000,1
1414031940000,1414031999000,0.87654,0.87657,0.87625,0.87627,83080000,1
1414032000000,1414032059000,0.87626,0.87634,0.87622,0.87634,13310000,1
1414032060000,1414032119000,0.87633,0.87658,0.87628,0.87653,97000000,1
1414032120000,1414032179000,0.87652,0.87653,0.87589,0.87612,93610000,1
1414032180000,1414032239000,0.87611,0.87611,0.87588,0.87596,54710000,1
1414032240000,1414032299000,0.87597,0.87597,0.87584,0.87594,49480000,1
1414032300000,1414032359000,0.87592,0.87597,0.8758,0.87596,58820000,1
1414032360000,1414032419000,0.87597,0.87611,0.87561,0.87564,88030000,1
1414032420000,1414032479000,0.87564,0.87575,0.87564,0.87573,76340000,1
1414032480000,1414032539000,0.87574,0.87578,0.87573,0.87578,12820000,1
1414032540000,1414032599000,0.87578,0.87578,0.87574,0.87574,6470000,1
1414032600000,1414032659000,0.87575,0.87591,0.87572,0.87582,85920000,1
1414032660000,1414032719000,0.87583,0.87614,0.87582,0.87606,104300000,1
1414032720000,1414032779000,0.87606,0.87618,0.87599,0.87599,73650000,1
1414032780000,1414032839000,0.87601,0.87607,0.87597,0.87607,35650000,1
1414032840000,1414032899000,0.87607,0.87608,0.87607,0.87607,3610000,1
1414032900000,1414032959000,0.87606,0.87606,0.8759,0.87592,18550000,1
1414032960000,1414033019000,0.87589,0.87592,0.87572,0.87576,38690000,1
1414033020000,1414033079000,0.87576,0.87582,0.87572,0.87578,78130000,1
1414033080000,1414033139000,0.87578,0.87584,0.87574,0.87584,30950000,1
1414033140000,1414033199000,0.87586,0.87586,0.87585,0.87586,12790000,1
1414033200000,1414033259000,0.87586,0.87586,0.87579,0.87583,49210000,1
1414033260000,1414033319000,0.87582,0.87592,0.87575,0.87588,37310000,1
1414033320000,1414033379000,0.87588,0.87601,0.87588,0.87601,60170000,1
1414033380000,1414033439000,0.87603,0.87632,0.87603,0.87625,71050000,1
1414033440000,1414033499000,0.87622,0.87625,0.87606,0.87625,75600000,1
1414033500000,1414033559000,0.87625,0.87625,0.8761,0.8761,18570000,1
1414033560000,1414033619000,0.87608,0.87608,0.87598,0.87598,16720000,1
1414033620000,1414033679000,0.87597,0.87597,0.87582,0.87593,32120000,1
1414033680000,1414033739000,0.87593,0.87614,0.87593,0.87607,22440000,1
1414033740000,1414033799000,0.87606,0.8761,0.87606,0.8761,6320000,1
1414033800000,1414033859000,0.87608,0.87609,0.87596,0.87599,27300000,1
1414033860000,1414033919000,0.876,0.87606,0.87599,0.87605,35400000,1
1414033920000,1414033979000,0.87606,0.87606,0.87606,0.87606,1000000,1
1414033980000,1414034039000,0.87604,0.87605,0.87599,0.87605,31500000,1
1414034040000,1414034099000,0.87605,0.87606,0.87605,0.87606,9250000,1
1414034100000,1414034159000,0.87606,0.87607,0.87606,0.87606,5000000,1
1414034160000,1414034219000,0.87606,0.87609,0.87601,0.87601,34140000,1
1414034220000,1414034279000,0.87601,0.87611,0.87582,0.87586,51000000,1
1414034280000,1414034339000,0.87587,0.876,0.87587,0.87595,37720000,1
1414034340000,1414034399000,0.87594,0.87594,0.8758,0.8758,28060000,1
1414034400000,1414034459000,0.87581,0.87585,0.87575,0.87579,27550000,1
1414034460000,1414034519000,0.87579,0.87584,0.87577,0.87582,38980000,1
1414034520000,1414034579000,0.87581,0.87587,0.87566,0.87587,42170000,1
1414034580000,1414034639000,0.87586,0.87593,0.87581,0.87581,34430000,1
1414034640000,1414034699000,0.87581,0.87582,0.87579,0.87582,18450000,1
1414034700000,1414034759000,0.87582,0.87588,0.87572,0.8758,87420000,1
1414034760000,1414034819000,0.8758,0.8758,0.87574,0.87577,25230000,1
1414034820000,1414034879000,0.87577,0.87583,0.87573,0.87577,28780000,1
1414034880000,1414034939000,0.87576,0.87581,0.87571,0.87571,21570000,1
1414034940000,1414034999000,0.8757,0.87572,0.8757,0.87571,26330000,1
1414035000000,1414035059000,0.87571,0.87573,0.87571,0.87572,81660000,1
1414035060000,1414035119000,0.87572,0.87573,0.87567,0.87572,70780000,1
1414035120000,1414035179000,0.87572,0.87581,0.87572,0.87577,34950000,1
1414035180000,1414035239000,0.87577,0.87577,0.87577,0.87577,6290000,1
1414035240000,1414035299000,0.87577,0.87579,0.87567,0.87567,23530000,1
1414035300000,1414035359000,0.87567,0.87577,0.87567,0.87577,13360000,1
1414035360000,1414035419000,0.87575,0.87575,0.87575,0.87575,11430000,1
1414035420000,1414035479000,0.87575,0.87578,0.87574,0.87576,64290000,1
1414035480000,1414035539000,0.87575,0.87575,0.8757,0.8757,49760000,1
1414035540000,1414035599000,0.8757,0.87588,0.8757,0.87585,64180000,1
1414035600000,1414035659000,0.87584,0.87614,0.87584,0.87613,78530000,1
1414035660000,1414035719000,0.87615,0.87624,0.87611,0.87617,75270000,1
1414035720000,1414035779000,0.87619,0.87629,0.87616,0.87628,65210000,1
1414035780000,1414035839000,0.87627,0.87627,0.87617,0.87618,15190000,1
1414035840000,1414035899000,0.87618,0.87621,0.87616,0.87618,16540000,1
1414035900000,1414035959000,0.87617,0.87624,0.87617,0.87618,25020000,1
1414035960000,1414036019000,0.87617,0.87618,0.87617,0.87618,2000000,1
1414036020000,1414036079000,0.87617,0.87627,0.87617,0.87627,33040000,1
1414036080000,1414036139000,0.87622,0.8764,0.8762,0.87624,83290000,1
1414036140000,1414036199000,0.87624,0.87624,0.87621,0.87622,18170000,1
1414036200000,1414036259000,0.87622,0.87624,0.87613,0.87618,28660000,1
1414036260000,1414036319000,0.87618,0.87618,0.87594,0.87597,72840000,1
1414036320000,1414036379000,0.87597,0.87597,0.87557,0.87558,55060000,1
1414036380000,1414036439000,0.87558,0.87558,0.87542,0.87552,57680000,1
1414036440000,1414036499000,0.87552,0.87567,0.87533,0.87544,84190000,1
1414036500000,1414036559000,0.87544,0.87569,0.87544,0.87562,59760000,1
1414036560000,1414036619000,0.87562,0.87573,0.8756,0.87562,52880000,1
1414036620000,1414036679000,0.87562,0.87563,0.87562,0.87563,25420000,1
1414036680000,1414036739000,0.87563,0.87563,0.87554,0.87555,16230000,1
1414036740000,1414036799000,0.87556,0.87564,0.87554,0.87555,43750000,1
1414036800000,1414036859000,0.87557,0.87558,0.87556,0.87557,10150000,1
1414036860000,1414036919000,0.87559,0.87565,0.87536,0.87547,38350000,1
1414036920000,1414036979000,0.87547,0.87547,0.87544,0.87546,54150000,1
1414036980000,1414037039000,0.87546,0.87568,0.87546,0.87568,41610000,1
1414037040000,1414037099000,0.87569,0.8761,0.87568,0.87607,58420000,1
1414037100000,1414037159000,0.87606,0.87606,0.87595,0.87596,35470000,1
1414037160000,1414037219000,0.87596,0.87601,0.8759,0.87601,16090000,1
1414037220000,1414037279000,0.876,0.87608,0.876,0.87602,12500000,1
1414037280000,1414037339000,0.87604,0.87604,0.87587,0.87596,24880000,1
1414037340000,1414037399000,0.87596,0.87596,0.87563,0.87569,52490000,1
1414037400000,1414037459000,0.8757,0.87578,0.87562,0.87567,48580000,1
1414037460000,1414037519000,0.87568,0.8757,0.87568,0.87568,5570000,1
1414037520000,1414037579000,0.87567,0.87567,0.87561,0.87561,6500000,1
1414037580000,1414037639000,0.87561,0.87569,0.87555,0.87561,55590000,1
1414037640000,1414037699000,0.87562,0.87572,0.87555,0.87564,44670000,1
1414037700000,1414037759000,0.87561,0.87563,0.87556,0.8756,49240000,1
1414037760000,1414037819000,0.87562,0.87568,0.87557,0.87564,53290000,1
1414037820000,1414037879000,0.87562,0.87563,0.87553,0.87558,51260000,1
1414037880000,1414037939000,0.8756,0.87576,0.8756,0.87576,59420000,1
1414037940000,1414037999000,0.87577,0.87577,0.87555,0.87555,15350000,1
1414038000000,1414038059000,0.87552,0.87564,0.87552,0.87556,30950000,1
1414038060000,1414038119000,0.87557,0.87563,0.87548,0.8755,41490000,1
1414038120000,1414038179000,0.87553,0.87575,0.87553,0.87571,78660000,1
1414038180000,1414038239000,0.87573,0.87575,0.87569,0.87572,33000000,1
1414038240000,1414038299000,0.8757,0.8757,0.87561,0.87566,12570000,1
1414038300000,1414038359000,0.87564,0.87564,0.87554,0.87562,44540000,1
1414038360000,1414038419000,0.87564,0.87567,0.87561,0.87562,22920000,1
1414038420000,1414038479000,0.87562,0.87567,0.87562,0.87562,24750000,1
1414038480000,1414038539000,0.87563,0.87565,0.87562,0.87562,9000000,1
1414038540000,1414038599000,0.87563,0.87568,0.87562,0.87568,28060000,1
1414038600000,1414038659000,0.87565,0.87573,0.87562,0.87566,36990000,1
1414038660000,1414038719000,0.87566,0.87566,0.87566,0.87566,3370000,1
1414038780000,1414038839000,0.87566,0.87582,0.87566,0.87577,52140000,1
1414038840000,1414038899000,0.87575,0.87582,0.87572,0.87576,23370000,1
1414038900000,1414038959000,0.87576,0.87585,0.87572,0.87582,67130000,1
1414038960000,1414039019000,0.87585,0.87595,0.87585,0.87591,37480000,1
1414039020000,1414039079000,0.8759,0.87594,0.87583,0.87594,34290000,1
1414039080000,1414039139000,0.87595,0.87602,0.87595,0.87602,8000000,1
1414039140000,1414039199000,0.87601,0.87601,0.8759,0.8759,24720000,1
1414039200000,1414039259000,0.8759,0.87596,0.87585,0.87596,52580000,1
1414039260000,1414039319000,0.87596,0.87606,0.87596,0.87602,33970000,1
1414039320000,1414039379000,0.87602,0.87605,0.87589,0.87596,24660000,1
1414039380000,1414039439000,0.87596,0.87596,0.87586,0.87589,37460000,1
1414039440000,1414039499000,0.87589,0.87596,0.87589,0.87589,7770000,1
1414039500000,1414039559000,0.87591,0.87606,0.87591,0.87606,81780000,1
1414039560000,1414039619000,0.87607,0.87607,0.87596,0.87604,28970000,1
1414039620000,1414039679000,0.87605,0.87605,0.87604,0.87604,2000000,1
1414039680000,1414039739000,0.87604,0.87605,0.87598,0.87604,27300000,1
1414039740000,1414039799000,0.87604,0.87609,0.87604,0.87607,25040000,1
1414039800000,1414039859000,0.87607,0.87613,0.87596,0.87596,49000000,1
1414039860000,1414039919000,0.87596,0.87599,0.87572,0.87572,18080000,1
1414039920000,1414039979000,0.87573,0.87576,0.87565,0.87565,47150000,1
1414039980000,1414040039000,0.87566,0.87577,0.87564,0.87572,30080000,1
1414040040000,1414040099000,0.87573,0.87584,0.87573,0.8758,31870000,1
1414040100000,1414040159000,0.8758,0.87587,0.8758,0.87585,30660000,1
1414040160000,1414040219000,0.87584,0.87597,0.87581,0.87596,35090000,1
1414040220000,1414040279000,0.87597,0.87611,0.87597,0.87608,65460000,1
1414040280000,1414040339000,0.87611,0.87623,0.8761,0.87619,33890000,1
1414040340000,1414040399000,0.87618,0.87624,0.87618,0.87624,8750000,1
1414040400000,1414040459000,0.87625,0.87626,0.87618,0.87618,50100000,1
1414040460000,1414040519000,0.87617,0.87625,0.87617,0.87624,38690000,1
1414040520000,1414040579000,0.87622,0.87623,0.87615,0.87619,34820000,1
1414040580000,1414040639000,0.8762,0.87624,0.87618,0.87622,23820000,1
1414040640000,1414040699000,0.87625,0.8763,0.87624,0.87627,29870000,1
1414040700000,1414040759000,0.87624,0.87627,0.87607,0.87621,53200000,1
1414040760000,1414040819000,0.87621,0.87623,0.87607,0.87612,76050000,1
1414040820000,1414040879000,0.87611,0.87624,0.87608,0.87617,64490000,1
1414040880000,1414040939000,0.8762,0.8762,0.87608,0.87618,57720000,1
1414040940000,1414040999000,0.87618,0.87618,0.87609,0.8761,48910000,1
1414041000000,1414041059000,0.87611,0.87622,0.87608,0.87616,46430000,1
1414041060000,1414041119000,0.87612,0.87615,0.87607,0.87607,30120000,1
1414041120000,1414041179000,0.87607,0.87611,0.876,0.87601,38680000,1
1414041180000,1414041239000,0.87601,0.87601,0.87578,0.87579,36280000,1
1414041240000,1414041299000,0.87579,0.87579,0.8757,0.87572,40640000,1
1414041300000,1414041359000,0.87571,0.87586,0.8757,0.87577,61030000,1
1414041360000,1414041419000,0.87577,0.87577,0.87571,0.87573,20500000,1
1414041420000,1414041479000,0.87573,0.87577,0.8757,0.87574,35500000,1
1414041480000,1414041539000,0.87573,0.87587,0.87573,0.87575,47320000,1
1414041540000,1414041599000,0.87575,0.87581,0.87572,0.87581,21500000,1
1414041600000,1414041659000,0.87582,0.87589,0.87577,0.87578,22700000,1
1414041660000,1414041719000,0.87575,0.87582,0.87572,0.87575,31790000,1
1414041720000,1414041779000,0.87574,0.87575,0.87569,0.87569,12850000,1
1414041780000,1414041839000,0.87569,0.8757,0.87567,0.87567,14700000,1
1414041840000,1414041899000,0.87567,0.87572,0.87565,0.87566,33720000,1
1414041900000,1414041959000,0.87569,0.87594,0.87569,0.87591,38930000,1
1414041960000,1414042019000,0.87591,0.87594,0.87588,0.87592,37610000,1
1414042020000,1414042079000,0.87593,0.87593,0.87587,0.87587,70560000,1
1414042080000,1414042139000,0.87591,0.87596,0.87591,0.87593,16100000,1
1414042140000,1414042199000,0.87594,0.87594,0.87589,0.8759,23240000,1
1414042200000,1414042259000,0.8759,0.87592,0.8759,0.8759,26230000,1
1414042260000,1414042319000,0.87593,0.87595,0.87587,0.8759,61980000,1
1414042320000,1414042379000,0.8759,0.87596,0.8759,0.87594,13830000,1
1414042380000,1414042439000,0.87595,0.87599,0.87592,0.87597,31930000,1
1414042440000,1414042499000,0.87597,0.87603,0.87597,0.87597,32810000,1
1414042500000,1414042559000,0.87597,0.87602,0.87597,0.87598,46770000,1
1414042560000,1414042619000,0.87598,0.87604,0.87597,0.87603,45550000,1
1414042620000,1414042679000,0.87603,0.87603,0.87597,0.876,37770000,1
1414042680000,1414042739000,0.87601,0.87604,0.87601,0.87601,22820000,1
1414042740000,1414042799000,0.87601,0.87606,0.87582,0.87584,63250000,1
1414042800000,1414042859000,0.87584,0.87596,0.87582,0.87588,30960000,1
1414042860000,1414042919000,0.87588,0.87596,0.87584,0.87596,42250000,1
1414042920000,1414042979000,0.87596,0.87606,0.87596,0.87598,24040000,1
1414042980000,1414043039000,0.87597,0.87597,0.87593,0.87593,12500000,1
1414043040000,1414043099000,0.87593,0.87594,0.87592,0.87594,19500000,1
1414043100000,1414043159000,0.87594,0.87605,0.87587,0.87597,39810000,1
1414043160000,1414043219000,0.87598,0.87602,0.87598,0.87602,20000000,1
1414043220000,1414043279000,0.87603,0.87605,0.87593,0.87598,35470000,1
1414043280000,1414043339000,0.87598,0.87606,0.87597,0.87606,28450000,1
1414043340000,1414043399000,0.87606,0.87613,0.87604,0.87613,30560000,1
1414043400000,1414043459000,0.87613,0.87613,0.87612,0.87612,15500000,1
1414043460000,1414043519000,0.87612,0.87614,0.87612,0.87613,21500000,1
1414043520000,1414043579000,0.87613,0.87614,0.87609,0.87611,26960000,1
1414043580000,1414043639000,0.87611,0.87615,0.87611,0.87615,12290000,1
1414043640000,1414043699000,0.87615,0.87616,0.87615,0.87616,19250000,1
1414043700000,1414043759000,0.87616,0.87621,0.87616,0.87617,35670000,1
1414043760000,1414043819000,0.87617,0.87617,0.87607,0.87616,30110000,1
1414043820000,1414043879000,0.87616,0.87624,0.87615,0.87619,35960000,1
1414043880000,1414043939000,0.87619,0.87624,0.87616,0.87616,51360000,1
1414043940000,1414043999000,0.87616,0.87616,0.87592,0.87597,66100000,1
1414044000000,1414044059000,0.876,0.87602,0.87576,0.87576,70070000,1
1414044060000,1414044119000,0.87576,0.87579,0.87572,0.87577,46480000,1
1414044120000,1414044179000,0.87577,0.87587,0.87574,0.8758,42100000,1
1414044180000,1414044239000,0.8758,0.87598,0.8758,0.87587,47720000,1
1414044240000,1414044299000,0.87586,0.87587,0.87575,0.87587,53660000,1
1414044300000,1414044359000,0.87587,0.87593,0.87587,0.87587,46280000,1
1414044360000,1414044419000,0.87587,0.876,0.87587,0.87599,32970000,1
1414044420000,1414044479000,0.87599,0.87618,0.87599,0.87618,31150000,1
1414044480000,1414044539000,0.87619,0.8762,0.87617,0.87619,21750000,1
1414044540000,1414044599000,0.87621,0.8763,0.8762,0.87627,50610000,1
1414044600000,1414044659000,0.87628,0.87635,0.87627,0.87635,34700000,1
1414044660000,1414044719000,0.87635,0.87635,0.87604,0.87606,65280000,1
1414044720000,1414044779000,0.87606,0.87622,0.87606,0.87617,46970000,1
1414044780000,1414044839000,0.87617,0.87624,0.87615,0.87618,38080000,1
1414044840000,1414044899000,0.87618,0.87619,0.87609,0.87618,78760000,1
1414044900000,1414044959000,0.87619,0.87628,0.87616,0.87619,98520000,1
1414044960000,1414045019000,0.87619,0.87653,0.87619,0.87648,77810000,1
1414045020000,1414045079000,0.87646,0.87646,0.87631,0.87635,67730000,1
1414045080000,1414045139000,0.87636,0.87639,0.87634,0.87638,14100000,1
1414045140000,1414045199000,0.87638,0.87638,0.87627,0.87627,15700000,1
1414045200000,1414045259000,0.87626,0.87629,0.87626,0.87629,8190000,1
1414045260000,1414045319000,0.87628,0.87636,0.87628,0.87635,36650000,1
1414045320000,1414045379000,0.87635,0.87646,0.87625,0.87645,72270000,1
1414045380000,1414045439000,0.87643,0.87647,0.87641,0.87647,12600000,1
1414045440000,1414045499000,0.87647,0.87652,0.87637,0.87638,63710000,1
1414045500000,1414045559000,0.87638,0.87646,0.87637,0.87646,64420000,1
1414045560000,1414045619000,0.87646,0.87661,0.87646,0.87656,93870000,1
1414045620000,1414045679000,0.87656,0.87658,0.87643,0.87652,92550000,1
1414045680000,1414045739000,0.87651,0.87655,0.87633,0.87635,61570000,1
1414045740000,1414045799000,0.87635,0.87635,0.87617,0.87629,77770000,1
1414045800000,1414045859000,0.87629,0.87659,0.87627,0.8765,59410000,1
1414045860000,1414045919000,0.87652,0.87655,0.87644,0.87649,40840000,1
1414045920000,1414045979000,0.87649,0.8767,0.87649,0.87664,37490000,1
1414045980000,1414046039000,0.87664,0.87667,0.87646,0.87646,41180000,1
1414046040000,1414046099000,0.87646,0.87656,0.87637,0.87656,44560000,1
1414046100000,1414046159000,0.87656,0.87657,0.87643,0.87644,79940000,1
1414046160000,1414046219000,0.87641,0.87654,0.8764,0.87648,56660000,1
1414046220000,1414046279000,0.87648,0.87657,0.87647,0.8765,36380000,1
1414046280000,1414046339000,0.8765,0.87657,0.87645,0.87647,88940000,1
1414046340000,1414046399000,0.87647,0.87652,0.87611,0.87625,107960000,1
1414046400000,1414046459000,0.87625,0.87626,0.876,0.87601,106350000,1
1414046460000,1414046519000,0.87603,0.87625,0.87603,0.87618,61980000,1
1414046520000,1414046579000,0.87621,0.87658,0.87611,0.87654,174650000,1
1414046580000,1414046639000,0.87654,0.87659,0.87648,0.8765,101630000,1
1414046640000,1414046699000,0.87653,0.87653,0.87635,0.87644,70890000,1
1414046700000,1414046759000,0.87643,0.87648,0.87635,0.87648,80970000,1
1414046760000,1414046819000,0.87647,0.87648,0.87647,0.87648,11820000,1
1414046820000,1414046879000,0.87648,0.87652,0.87635,0.87635,58090000,1
1414046880000,1414046939000,0.87635,0.87636,0.87617,0.87624,58300000,1
1414046940000,1414046999000,0.87626,0.87647,0.87626,0.87647,58830000,1
1414047000000,1414047059000,0.87646,0.87653,0.87641,0.87641,59820000,1
1414047060000,1414047119000,0.87641,0.87665,0.87641,0.87665,65760000,1
1414047120000,1414047179000,0.87666,0.8767,0.8766,0.87666,43750000,1
1414047180000,1414047239000,0.87666,0.87675,0.87658,0.87668,114410000,1
1414047240000,1414047299000,0.87668,0.87688,0.87667,0.87688,59490000,1
1414047300000,1414047359000,0.87688,0.87688,0.87675,0.87688,63560000,1
1414047360000,1414047419000,0.87688,0.87694,0.87683,0.87686,30530000,1
1414047420000,1414047479000,0.87686,0.87686,0.87674,0.87677,69000000,1
1414047480000,1414047539000,0.8768,0.87685,0.8767,0.87684,67320000,1
1414047540000,1414047599000,0.87682,0.87693,0.87677,0.87693,58090000,1
1414047600000,1414047659000,0.87691,0.87691,0.87678,0.87686,97690000,1
1414047660000,1414047719000,0.87686,0.87707,0.87678,0.87702,148840000,1
1414047720000,1414047779000,0.87702,0.87722,0.87697,0.87714,164220000,1
1414047780000,1414047839000,0.87711,0.87717,0.87694,0.87696,167430000,1
1414047840000,1414047899000,0.87694,0.87696,0.87675,0.87681,174680000,1
1414047900000,1414047959000,0.87681,0.87691,0.87679,0.87683,135450000,1
1414047960000,1414048019000,0.87683,0.87683,0.87649,0.87665,183050000,1
1414048020000,1414048079000,0.87666,0.8769,0.87661,0.87688,144690000,1
1414048080000,1414048139000,0.87689,0.87728,0.87685,0.87724,158770000,1
1414048140000,1414048199000,0.87724,0.87725,0.87705,0.87707,92620000,1
1414048200000,1414048259000,0.87707,0.87757,0.87698,0.87755,89990000,1
1414048260000,1414048319000,0.87751,0.87764,0.87745,0.87749,165720000,1
1414048320000,1414048379000,0.87744,0.87757,0.87741,0.87751,100170000,1
1414048380000,1414048439000,0.87751,0.87757,0.87738,0.87744,159160000,1
1414048440000,1414048499000,0.87743,0.87777,0.87739,0.87739,132200000,1
1414048500000,1414048559000,0.87742,0.87747,0.87738,0.87747,83620000,1
1414048560000,1414048619000,0.87747,0.87757,0.87746,0.87746,63230000,1
1414048620000,1414048679000,0.87746,0.87746,0.87726,0.87728,46850000,1
1414048680000,1414048739000,0.87728,0.87728,0.87717,0.8772,129050000,1
1414048740000,1414048799000,0.87722,0.8773,0.87707,0.87728,107320000,1
1414048800000,1414048859000,0.87731,0.87751,0.87731,0.87745,48760000,1
1414048860000,1414048919000,0.87751,0.87762,0.87747,0.87759,45580000,1
1414048920000,1414048979000,0.87758,0.87758,0.87727,0.87732,71180000,1
1414048980000,1414049039000,0.87731,0.87745,0.87727,0.87734,109690000,1
1414049040000,1414049099000,0.87734,0.87753,0.87726,0.87749,125730000,1
1414049100000,1414049159000,0.87748,0.87756,0.87738,0.87748,70730000,1
1414049160000,1414049219000,0.87748,0.87748,0.87717,0.87726,118950000,1
1414049220000,1414049279000,0.87726,0.87726,0.8771,0.87712,75680000,1
1414049280000,1414049339000,0.87712,0.87739,0.87707,0.87736,99820000,1
1414049340000,1414049399000,0.87736,0.87741,0.87727,0.87739,59290000,1
1414049400000,1414049459000,0.87741,0.87785,0.8774,0.87785,265880000,1
1414049460000,1414049519000,0.87785,0.87827,0.87777,0.87821,221820000,1
1414049520000,1414049579000,0.87821,0.87837,0.87806,0.87827,163340000,1
1414049580000,1414049639000,0.87826,0.87856,0.87826,0.87833,135480000,1
1414049640000,1414049699000,0.87833,0.87937,0.87831,0.87919,211540000,1
1414049700000,1414049759000,0.87919,0.87968,0.87909,0.87967,193780000,1
1414049760000,1414049819000,0.87964,0.87965,0.87882,0.87888,151940000,1
1414049820000,1414049879000,0.87889,0.87897,0.87866,0.87897,134590000,1
1414049880000,1414049939000,0.879,0.87937,0.879,0.87901,86910000,1
1414049940000,1414049999000,0.87902,0.87904,0.87871,0.87878,94010000,1
1414050000000,1414050059000,0.87878,0.87879,0.87841,0.87848,148310000,1
1414050060000,1414050119000,0.87848,0.87855,0.87832,0.87844,135050000,1
1414050120000,1414050179000,0.87844,0.87857,0.87834,0.87856,103020000,1
1414050180000,1414050239000,0.87857,0.87868,0.87839,0.87839,77120000,1
1414050240000,1414050299000,0.87841,0.87852,0.87824,0.87831,122760000,1
1414050300000,1414050359000,0.87831,0.87836,0.87817,0.87836,103770000,1
1414050360000,1414050419000,0.87836,0.87853,0.87827,0.87827,108500000,1
1414050420000,1414050479000,0.87827,0.87857,0.87822,0.87845,131740000,1
1414050480000,1414050539000,0.87845,0.87858,0.87837,0.87857,55540000,1
1414050540000,1414050599000,0.87857,0.87867,0.8784,0.87845,131970000,1
1414050600000,1414050659000,0.87843,0.87856,0.87837,0.87856,69140000,1
1414050660000,1414050719000,0.87857,0.87878,0.87857,0.87865,138820000,1
1414050720000,1414050779000,0.87866,0.87875,0.87852,0.8787,88120000,1
1414050780000,1414050839000,0.87873,0.87877,0.87865,0.87865,63350000,1
1414050840000,1414050899000,0.87865,0.87866,0.87855,0.87857,32440000,1
1414050900000,1414050959000,0.87857,0.87866,0.87855,0.87855,60050000,1
1414050960000,1414051019000,0.87855,0.87856,0.87848,0.87848,25910000,1
1414051020000,1414051079000,0.87848,0.87856,0.87845,0.87847,38990000,1
1414051080000,1414051139000,0.87847,0.87859,0.87827,0.87857,111150000,1
1414051140000,1414051199000,0.8786,0.87868,0.87847,0.87868,71030000,1
1414051200000,1414051259000,0.87869,0.87924,0.87869,0.87922,146390000,1
1414051260000,1414051319000,0.87923,0.87923,0.87888,0.87888,108420000,1
1414051320000,1414051379000,0.87888,0.87905,0.87882,0.87886,125470000,1
1414051380000,1414051439000,0.87886,0.87907,0.8788,0.8788,105110000,1
1414051440000,1414051499000,0.87879,0.8788,0.87847,0.87859,167170000,1
1414051500000,1414051559000,0.87862,0.87869,0.87849,0.87857,141420000,1
1414051560000,1414051619000,0.87856,0.87863,0.87844,0.87846,107490000,1
1414051620000,1414051679000,0.87847,0.87847,0.87817,0.87819,131890000,1
1414051680000,1414051739000,0.87817,0.87828,0.87811,0.87825,90960000,1
1414051740000,1414051799000,0.87825,0.87837,0.87798,0.87812,135320000,1
1414051800000,1414051859000,0.87814,0.87818,0.87797,0.87806,141420000,1
1414051860000,1414051919000,0.87805,0.87809,0.87797,0.87808,81990000,1
1414051920000,1414051979000,0.87806,0.87827,0.87806,0.87821,97630000,1
1414051980000,1414052039000,0.87819,0.87819,0.87807,0.87817,116700000,1
1414052040000,1414052099000,0.87817,0.87819,0.8778,0.87787,116580000,1
1414052100000,1414052159000,0.87787,0.87801,0.87786,0.87797,112460000,1
1414052160000,1414052219000,0.87797,0.87797,0.87759,0.87784,166490000,1
1414052220000,1414052279000,0.87781,0.87793,0.8777,0.87791,82630000,1
1414052280000,1414052339000,0.87793,0.87812,0.87764,0.87767,97740000,1
1414052340000,1414052399000,0.87766,0.87775,0.87756,0.87758,93290000,1
1414052400000,1414052459000,0.87758,0.87768,0.87747,0.87758,67490000,1
1414052460000,1414052519000,0.87758,0.87781,0.87758,0.87777,103330000,1
1414052520000,1414052579000,0.87778,0.87788,0.87778,0.87788,36440000,1
1414052580000,1414052639000,0.87787,0.87804,0.87777,0.87777,81930000,1
1414052640000,1414052699000,0.87777,0.87799,0.87777,0.87786,90190000,1
1414052700000,1414052759000,0.87786,0.87807,0.87786,0.87807,76320000,1
1414052760000,1414052819000,0.87807,0.87848,0.87807,0.87838,173040000,1
1414052820000,1414052879000,0.87838,0.87851,0.87832,0.87848,96830000,1
1414052880000,1414052939000,0.87848,0.87848,0.87827,0.87828,48760000,1
1414052940000,1414052999000,0.87828,0.8787,0.87828,0.87847,80880000,1
1414053000000,1414053059000,0.87847,0.87876,0.87847,0.87875,118800000,1
1414053060000,1414053119000,0.87875,0.8788,0.87851,0.87852,59180000,1
1414053120000,1414053179000,0.87849,0.87876,0.87842,0.87876,58570000,1
1414053180000,1414053239000,0.87876,0.87876,0.87855,0.87876,62070000,1
1414053240000,1414053299000,0.87876,0.87878,0.87847,0.87847,52760000,1
1414053300000,1414053359000,0.87843,0.87843,0.87807,0.87817,52880000,1
1414053360000,1414053419000,0.87817,0.87826,0.87789,0.87797,78480000,1
1414053420000,1414053479000,0.87797,0.87827,0.87797,0.87825,48950000,1
1414053480000,1414053539000,0.87825,0.87827,0.87817,0.87817,72820000,1
1414053540000,1414053599000,0.87817,0.87823,0.87807,0.87817,69320000,1
1414053600000,1414053659000,0.87817,0.87817,0.87797,0.87797,35100000,1
1414053660000,1414053719000,0.87797,0.87816,0.87788,0.87813,86090000,1
1414053720000,1414053779000,0.87811,0.87811,0.87797,0.87806,50250000,1
1414053780000,1414053839000,0.87805,0.87815,0.87797,0.87797,65260000,1
1414053840000,1414053899000,0.87798,0.87798,0.87787,0.87795,57280000,1
1414053900000,1414053959000,0.87791,0.87797,0.8779,0.87795,37310000,1
1414053960000,1414054019000,0.87795,0.87797,0.87787,0.87797,47560000,1
1414054020000,1414054079000,0.87792,0.87794,0.8778,0.87786,54930000,1
1414054080000,1414054139000,0.87786,0.87786,0.87777,0.87778,26810000,1
1414054140000,1414054199000,0.87778,0.87795,0.87778,0.87787,37860000,1
1414054200000,1414054259000,0.87787,0.87787,0.87758,0.87767,57080000,1
1414054260000,1414054319000,0.87767,0.87767,0.87755,0.87767,54740000,1
1414054320000,1414054379000,0.87765,0.87766,0.87757,0.87766,16950000,1
1414054380000,1414054439000,0.87766,0.87787,0.87766,0.87787,67290000,1
1414054440000,1414054499000,0.8779,0.87796,0.87788,0.87796,55640000,1
1414054500000,1414054559000,0.87794,0.87796,0.87787,0.87787,61390000,1
1414054560000,1414054619000,0.87787,0.87798,0.87787,0.87797,34970000,1
1414054620000,1414054679000,0.87797,0.87807,0.87797,0.87807,80740000,1
1414054680000,1414054739000,0.87805,0.8781,0.87797,0.87806,87550000,1
1414054740000,1414054799000,0.87806,0.87806,0.87806,0.87806,22910000,1
1414054800000,1414054859000,0.87803,0.87809,0.87798,0.87808,72640000,1
1414054860000,1414054919000,0.87808,0.87825,0.87807,0.87808,39330000,1
1414054920000,1414054979000,0.87807,0.87807,0.87792,0.87796,45280000,1
1414054980000,1414055039000,0.87796,0.87812,0.87796,0.87809,59190000,1
1414055040000,1414055099000,0.87809,0.87809,0.87791,0.87791,57470000,1
1414055100000,1414055159000,0.87789,0.87798,0.87789,0.87795,23760000,1
1414055160000,1414055219000,0.87795,0.87845,0.87795,0.87838,85050000,1
1414055220000,1414055279000,0.87838,0.8785,0.87828,0.87838,78930000,1
1414055280000,1414055339000,0.87838,0.87838,0.87823,0.87827,29440000,1
1414055340000,1414055399000,0.87827,0.87847,0.87807,0.87847,77410000,1
1414055400000,1414055459000,0.87846,0.87863,0.87844,0.87859,71000000,1
1414055460000,1414055519000,0.87859,0.87877,0.87857,0.87871,84580000,1
1414055520000,1414055579000,0.87871,0.87873,0.87846,0.87846,64910000,1
1414055580000,1414055639000,0.87837,0.87848,0.87828,0.87847,102580000,1
1414055640000,1414055699000,0.87847,0.87867,0.87847,0.87867,39860000,1
1414055700000,1414055759000,0.8787,0.87922,0.87869,0.87908,90700000,1
1414055760000,1414055819000,0.87908,0.87919,0.87878,0.87888,57250000,1
1414055820000,1414055879000,0.87887,0.87887,0.87852,0.87866,64960000,1
1414055880000,1414055939000,0.87866,0.87866,0.87857,0.8786,72220000,1
1414055940000,1414055999000,0.8786,0.87906,0.8786,0.87904,111900000,1
1414056000000,1414056059000,0.87904,0.87906,0.87858,0.87865,66920000,1
1414056060000,1414056119000,0.87867,0.87875,0.8786,0.87866,102870000,1
1414056120000,1414056179000,0.87868,0.87878,0.87857,0.87876,45570000,1
1414056180000,1414056239000,0.87875,0.87876,0.87858,0.87858,45490000,1
1414056240000,1414056299000,0.87857,0.87875,0.87855,0.87875,103730000,1
1414056300000,1414056359000,0.87878,0.87884,0.87868,0.87881,53670000,1
1414056360000,1414056419000,0.8788,0.8788,0.87867,0.87868,29680000,1
1414056420000,1414056479000,0.87867,0.87887,0.87867,0.87887,14980000,1
1414056480000,1414056539000,0.87886,0.87888,0.87879,0.87885,57760000,1
1414056540000,1414056599000,0.87885,0.87885,0.87873,0.87873,59220000,1
1414056600000,1414056659000,0.87873,0.87874,0.87847,0.87847,112590000,1
1414056660000,1414056719000,0.87847,0.87847,0.87827,0.87838,62460000,1
1414056720000,1414056779000,0.8784,0.87866,0.8784,0.87866,57650000,1
1414056780000,1414056839000,0.87866,0.87866,0.87848,0.87848,34540000,1
1414056840000,1414056899000,0.87849,0.87858,0.87837,0.87845,71760000,1
1414056900000,1414056959000,0.87845,0.87853,0.87837,0.87837,46990000,1
1414056960000,1414057019000,0.87837,0.87849,0.87827,0.87849,40360000,1
1414057020000,1414057079000,0.87847,0.87847,0.87838,0.87841,19810000,1
1414057080000,1414057139000,0.87841,0.87859,0.8784,0.87841,42240000,1
1414057140000,1414057199000,0.87841,0.87858,0.87837,0.87856,71290000,1
1414057200000,1414057259000,0.87856,0.87858,0.87847,0.87849,39060000,1
1414057260000,1414057319000,0.87849,0.87866,0.87839,0.87857,68520000,1
1414057320000,1414057379000,0.87857,0.87867,0.87857,0.87867,35370000,1
1414057380000,1414057439000,0.87867,0.87867,0.87847,0.87848,33080000,1
1414057440000,1414057499000,0.87847,0.87849,0.87836,0.87836,45740000,1
1414057500000,1414057559000,0.87836,0.87846,0.87834,0.87845,51180000,1
1414057560000,1414057619000,0.87846,0.87846,0.87837,0.87837,17300000,1
1414057620000,1414057679000,0.87837,0.87861,0.8783,0.87857,108380000,1
1414057680000,1414057739000,0.87858,0.87859,0.87836,0.87836,89690000,1
1414057740000,1414057799000,0.87836,0.87837,0.87827,0.87827,43060000,1
1414057800000,1414057859000,0.87827,0.87837,0.87827,0.87835,38210000,1
1414057860000,1414057919000,0.87835,0.87836,0.87835,0.87835,85450000,1
1414057920000,1414057979000,0.87835,0.87858,0.87835,0.87855,65690000,1
1414057980000,1414058039000,0.87856,0.87857,0.87848,0.87848,71920000,1
1414058040000,1414058099000,0.87848,0.87854,0.87844,0.87845,26270000,1
1414058100000,1414058159000,0.87845,0.87864,0.87837,0.87837,69310000,1
1414058160000,1414058219000,0.87837,0.87847,0.87822,0.87847,63010000,1
1414058220000,1414058279000,0.87847,0.87857,0.87847,0.87856,43570000,1
1414058280000,1414058339000,0.87856,0.87856,0.87832,0.87837,57080000,1
1414058340000,1414058399000,0.87837,0.87845,0.87837,0.87844,63000000,1
1414058400000,1414058459000,0.87844,0.87846,0.8784,0.87845,64580000,1
1414058460000,1414058519000,0.87842,0.87867,0.87842,0.87867,47980000,1
1414058520000,1414058579000,0.87867,0.87872,0.87861,0.87868,50520000,1
1414058580000,1414058639000,0.87868,0.87868,0.87867,0.87867,35390000,1
1414058640000,1414058699000,0.87867,0.87867,0.87849,0.87854,63950000,1
1414058700000,1414058759000,0.87853,0.87853,0.87847,0.87848,15400000,1
1414058760000,1414058819000,0.87848,0.87867,0.87841,0.87867,62050000,1
1414058820000,1414058879000,0.87867,0.87877,0.87867,0.87868,91180000,1
1414058880000,1414058939000,0.87869,0.87876,0.87857,0.87857,41810000,1
1414058940000,1414058999000,0.87857,0.87861,0.87852,0.87852,31480000,1
1414059000000,1414059059000,0.87852,0.87852,0.8784,0.87845,35820000,1
1414059060000,1414059119000,0.87845,0.87846,0.8784,0.87846,7000000,1
1414059120000,1414059179000,0.87844,0.87847,0.87841,0.87847,31850000,1
1414059180000,1414059239000,0.87844,0.87846,0.87842,0.87846,7350000,1
1414059240000,1414059299000,0.87845,0.87845,0.87845,0.87845,39460000,1
1414059300000,1414059359000,0.87845,0.87857,0.87845,0.87857,34490000,1
1414059360000,1414059419000,0.87857,0.87857,0.87848,0.87857,18570000,1
1414059420000,1414059479000,0.87856,0.87857,0.87848,0.87854,41060000,1
1414059480000,1414059539000,0.87858,0.87858,0.87855,0.87855,23740000,1
1414059540000,1414059599000,0.87856,0.87856,0.87828,0.87849,65020000,1
1414059600000,1414059659000,0.8785,0.87864,0.8785,0.87864,38790000,1
1414059660000,1414059719000,0.87864,0.87877,0.87857,0.87857,47900000,1
1414059720000,1414059779000,0.87857,0.87857,0.87827,0.87827,54760000,1
1414059780000,1414059839000,0.87827,0.87827,0.87819,0.87827,17040000,1
1414059840000,1414059899000,0.87825,0.87826,0.8782,0.87826,38620000,1
1414059900000,1414059959000,0.87826,0.87828,0.8782,0.87827,43040000,1
1414059960000,1414060019000,0.87826,0.87826,0.87809,0.87809,40570000,1
1414060020000,1414060079000,0.87809,0.8781,0.87802,0.87807,29070000,1
1414060080000,1414060139000,0.87807,0.8781,0.87799,0.87809,60620000,1
1414060140000,1414060199000,0.87809,0.8781,0.87807,0.87808,60840000,1
1414060200000,1414060259000,0.87806,0.87806,0.87786,0.87788,63940000,1
1414060260000,1414060319000,0.87787,0.87801,0.87787,0.878,39630000,1
1414060320000,1414060379000,0.87799,0.87799,0.87789,0.87792,23040000,1
1414060380000,1414060439000,0.87791,0.87812,0.8779,0.87811,46990000,1
1414060440000,1414060499000,0.8781,0.87818,0.8781,0.87811,43530000,1
1414060500000,1414060559000,0.8781,0.87818,0.8781,0.87817,32160000,1
1414060560000,1414060619000,0.87817,0.87817,0.87809,0.8781,59150000,1
1414060620000,1414060679000,0.8781,0.8781,0.87797,0.87797,42860000,1
1414060680000,1414060739000,0.87797,0.87807,0.87795,0.87807,30860000,1
1414060740000,1414060799000,0.87807,0.87812,0.87805,0.8781,25800000,1
1414060800000,1414060859000,0.87811,0.87819,0.87809,0.87816,42000000,1
1414060860000,1414060919000,0.87816,0.87819,0.87816,0.87817,57520000,1
1414060920000,1414060979000,0.87817,0.87823,0.87817,0.87817,31910000,1
1414060980000,1414061039000,0.87817,0.87828,0.87817,0.87823,20760000,1
1414061040000,1414061099000,0.87823,0.87859,0.87823,0.87838,93740000,1
1414061100000,1414061159000,0.87837,0.87847,0.87827,0.87831,62160000,1
1414061160000,1414061219000,0.87828,0.87839,0.87828,0.87838,50660000,1
1414061220000,1414061279000,0.87838,0.87838,0.87832,0.87832,25200000,1
1414061280000,1414061339000,0.87832,0.87848,0.87827,0.87847,58230000,1
1414061340000,1414061399000,0.87847,0.8786,0.87847,0.87858,61890000,1
1414061400000,1414061459000,0.87857,0.87867,0.87856,0.87867,70120000,1
1414061460000,1414061519000,0.87867,0.87868,0.87828,0.87832,43590000,1
1414061520000,1414061579000,0.8783,0.8784,0.87816,0.87838,56270000,1
1414061580000,1414061639000,0.87838,0.87857,0.8783,0.87857,62160000,1
1414061640000,1414061699000,0.87857,0.8786,0.8785,0.8785,26120000,1
1414061700000,1414061759000,0.87853,0.87853,0.87837,0.87838,32440000,1
1414061760000,1414061819000,0.87838,0.87838,0.87827,0.87827,38600000,1
1414061820000,1414061879000,0.87827,0.87841,0.87817,0.8784,29840000,1
1414061880000,1414061939000,0.8784,0.8784,0.87817,0.87818,33930000,1
1414061940000,1414061999000,0.87818,0.87818,0.87812,0.87812,32020000,1
1414062000000,1414062059000,0.87812,0.87825,0.87804,0.87824,56370000,1
1414062060000,1414062119000,0.87821,0.8783,0.87819,0.8782,35120000,1
1414062120000,1414062179000,0.87818,0.87824,0.87815,0.87818,12440000,1
1414062180000,1414062239000,0.87817,0.87817,0.87799,0.87799,40650000,1
1414062240000,1414062299000,0.878,0.878,0.87789,0.87789,11960000,1
1414062300000,1414062359000,0.87789,0.87795,0.87789,0.87794,61330000,1
1414062360000,1414062419000,0.87796,0.87796,0.8779,0.8779,32370000,1
1414062420000,1414062479000,0.8779,0.87796,0.87787,0.87796,27080000,1
1414062480000,1414062539000,0.87796,0.87798,0.87787,0.87787,12530000,1
1414062540000,1414062599000,0.87787,0.87798,0.87787,0.87787,29810000,1
1414062660000,1414062719000,0.87787,0.87809,0.87787,0.87807,34990000,1
1414062720000,1414062779000,0.87807,0.87818,0.87807,0.87815,64760000,1
1414062780000,1414062839000,0.87815,0.87849,0.87815,0.87838,77180000,1
1414062840000,1414062899000,0.87837,0.87846,0.87827,0.87832,85160000,1
1414062900000,1414062959000,0.87832,0.87844,0.87832,0.87837,58690000,1
1414062960000,1414063019000,0.87837,0.87845,0.87817,0.87839,57130000,1
1414063020000,1414063079000,0.87833,0.87855,0.87833,0.87852,47130000,1
1414063080000,1414063139000,0.87852,0.87861,0.87849,0.87856,47250000,1
1414063140000,1414063199000,0.87856,0.87869,0.87856,0.87861,80320000,1
1414063200000,1414063259000,0.87861,0.87866,0.87847,0.87847,59880000,1
1414063260000,1414063319000,0.87847,0.8786,0.87837,0.87857,47040000,1
1414063320000,1414063379000,0.87857,0.8787,0.8785,0.87867,58410000,1
1414063380000,1414063439000,0.87867,0.87887,0.87867,0.87881,46680000,1
1414063440000,1414063499000,0.8788,0.8791,0.87877,0.87906,90070000,1
1414063500000,1414063559000,0.87906,0.87911,0.87892,0.879,76100000,1
1414063560000,1414063619000,0.87901,0.87907,0.87894,0.87898,72610000,1
1414063620000,1414063679000,0.87898,0.87909,0.87898,0.87908,29570000,1
1414063680000,1414063739000,0.87908,0.87936,0.87907,0.87921,54480000,1
1414063740000,1414063799000,0.8792,0.87925,0.87919,0.87921,38550000,1
1414063800000,1414063859000,0.87921,0.87921,0.87888,0.87911,61610000,1
1414063860000,1414063919000,0.87911,0.87917,0.87907,0.8791,60770000,1
1414063920000,1414063979000,0.8791,0.87955,0.8791,0.87947,80710000,1
1414063980000,1414064039000,0.87947,0.87952,0.87918,0.87925,58260000,1
1414064040000,1414064099000,0.87925,0.87937,0.87917,0.87931,76490000,1
1414064100000,1414064159000,0.87932,0.8794,0.8792,0.87922,41610000,1
1414064160000,1414064219000,0.8792,0.8792,0.8792,0.8792,2000000,1
1414064220000,1414064279000,0.87922,0.87957,0.87922,0.87957,56760000,1
1414064280000,1414064339000,0.8796,0.88003,0.87957,0.87997,151920000,1
1414064340000,1414064399000,0.87997,0.88039,0.87995,0.88031,132830000,1
1414064400000,1414064459000,0.88031,0.8806,0.88027,0.88031,146910000,1
1414064460000,1414064519000,0.8803,0.88035,0.88027,0.88031,70740000,1
1414064520000,1414064579000,0.88031,0.88039,0.88017,0.88017,60770000,1
1414064580000,1414064639000,0.88017,0.88017,0.87989,0.88005,90540000,1
1414064640000,1414064699000,0.88007,0.88008,0.87991,0.88008,32040000,1
1414064700000,1414064759000,0.88008,0.88008,0.87995,0.87996,41320000,1
1414064760000,1414064819000,0.87995,0.88003,0.87991,0.87997,41660000,1
1414064820000,1414064879000,0.87997,0.87997,0.87993,0.87996,16000000,1
1414064880000,1414064939000,0.87996,0.88007,0.87996,0.87998,48500000,1
1414064940000,1414064999000,0.87998,0.87998,0.87991,0.87992,16380000,1
1414065000000,1414065059000,0.87992,0.87992,0.8797,0.8797,59440000,1
1414065060000,1414065119000,0.8797,0.87977,0.87958,0.87958,73270000,1
1414065120000,1414065179000,0.8796,0.87977,0.87959,0.87967,55150000,1
1414065180000,1414065239000,0.87969,0.87998,0.87969,0.87998,49540000,1
1414065240000,1414065299000,0.87996,0.88016,0.87989,0.88008,98510000,1
1414065300000,1414065359000,0.88008,0.88013,0.87977,0.87979,69020000,1
1414065360000,1414065419000,0.87979,0.88008,0.87979,0.88007,60680000,1
1414065420000,1414065479000,0.88006,0.88007,0.8799,0.8799,87980000,1
1414065480000,1414065539000,0.8799,0.88007,0.87989,0.88005,70380000,1
1414065540000,1414065599000,0.88007,0.88008,0.87997,0.87997,38890000,1
1414065600000,1414065659000,0.87997,0.87997,0.87974,0.87979,73990000,1
1414065660000,1414065719000,0.87979,0.87988,0.87969,0.87969,82590000,1
1414065720000,1414065779000,0.87971,0.87988,0.87971,0.87987,32650000,1
1414065780000,1414065839000,0.87986,0.87996,0.87977,0.87989,58070000,1
1414065840000,1414065899000,0.8799,0.8799,0.8798,0.87985,44570000,1
1414065900000,1414065959000,0.87987,0.87989,0.87978,0.87978,33980000,1
1414065960000,1414066019000,0.87978,0.87984,0.87967,0.87977,41670000,1
1414066020000,1414066079000,0.87975,0.87977,0.87967,0.87977,39850000,1
1414066080000,1414066139000,0.87977,0.87977,0.87957,0.87957,32610000,1
1414066140000,1414066199000,0.87957,0.87967,0.87957,0.87966,30060000,1
1414066200000,1414066259000,0.87966,0.87967,0.87958,0.87966,49150000,1
1414066260000,1414066319000,0.87966,0.87969,0.87947,0.87947,66970000,1
1414066320000,1414066379000,0.87947,0.87947,0.87927,0.87936,69960000,1
1414066380000,1414066439000,0.87935,0.87947,0.87928,0.87943,49500000,1
1414066440000,1414066499000,0.87941,0.87957,0.87937,0.87957,79120000,1
1414066500000,1414066559000,0.87954,0.87954,0.87937,0.87937,81960000,1
1414066560000,1414066619000,0.87938,0.87946,0.8793,0.87938,66070000,1
1414066620000,1414066679000,0.87938,0.87946,0.87937,0.87939,57530000,1
1414066680000,1414066739000,0.8794,0.87947,0.87927,0.87928,34690000,1
1414066740000,1414066799000,0.87929,0.87937,0.87925,0.87926,36320000,1
1414066800000,1414066859000,0.87926,0.87927,0.87917,0.87925,55200000,1
1414066860000,1414066919000,0.87925,0.87952,0.87925,0.87951,47900000,1
1414066920000,1414066979000,0.87952,0.87971,0.87948,0.87956,83210000,1
1414066980000,1414067039000,0.87956,0.87956,0.87937,0.87942,54340000,1
1414067040000,1414067099000,0.8794,0.87944,0.87937,0.8794,47250000,1
1414067100000,1414067159000,0.87938,0.87938,0.87926,0.87928,38980000,1
1414067160000,1414067219000,0.87928,0.87928,0.87917,0.87917,37360000,1
1414067220000,1414067279000,0.87917,0.87917,0.87917,0.87917,4260000,1
1414067280000,1414067339000,0.87918,0.8793,0.87918,0.87929,37090000,1
1414067340000,1414067399000,0.87927,0.87959,0.87907,0.87929,191970000,1
1414067400000,1414067459000,0.87933,0.87965,0.87876,0.87883,234230000,1
1414067460000,1414067519000,0.87884,0.87928,0.87867,0.87876,128630000,1
1414067520000,1414067579000,0.87876,0.87899,0.87867,0.87867,144080000,1
1414067580000,1414067639000,0.87869,0.87917,0.87869,0.87899,100730000,1
1414067640000,1414067699000,0.87899,0.87899,0.87865,0.87865,95190000,1
1414067700000,1414067759000,0.87863,0.87891,0.87855,0.87867,106910000,1
1414067760000,1414067819000,0.87867,0.87867,0.87844,0.87844,44150000,1
1414067820000,1414067879000,0.87844,0.8786,0.87828,0.8786,127750000,1
1414067880000,1414067939000,0.87858,0.87877,0.87858,0.87867,76140000,1
1414067940000,1414067999000,0.87867,0.87867,0.87834,0.87846,52600000,1
1414068000000,1414068059000,0.87846,0.87874,0.87846,0.87867,80980000,1
1414068060000,1414068119000,0.87867,0.87869,0.87854,0.87854,59540000,1
1414068120000,1414068179000,0.87854,0.87854,0.87832,0.87838,67950000,1
1414068180000,1414068239000,0.87838,0.87845,0.87811,0.87811,118870000,1
1414068240000,1414068299000,0.87811,0.87845,0.87811,0.87837,82480000,1
1414068300000,1414068359000,0.87839,0.87869,0.87839,0.87847,70830000,1
1414068360000,1414068419000,0.87847,0.87848,0.87837,0.87844,45280000,1
1414068420000,1414068479000,0.87844,0.87859,0.87838,0.87845,56180000,1
1414068480000,1414068539000,0.87847,0.87858,0.87846,0.87855,63230000,1
1414068540000,1414068599000,0.87857,0.87878,0.87856,0.87867,47320000,1
1414068600000,1414068659000,0.87867,0.87868,0.87837,0.87837,30280000,1
1414068660000,1414068719000,0.87837,0.87853,0.87836,0.87851,67930000,1
1414068720000,1414068779000,0.87853,0.87867,0.87847,0.87847,52400000,1
1414068780000,1414068839000,0.87847,0.87856,0.87836,0.87836,69680000,1
1414068840000,1414068899000,0.87834,0.87834,0.87809,0.87827,67860000,1
1414068900000,1414068959000,0.87828,0.87844,0.87826,0.87827,81710000,1
1414068960000,1414069019000,0.87827,0.87844,0.87827,0.87839,53890000,1
1414069020000,1414069079000,0.87839,0.87846,0.87837,0.87837,47930000,1
1414069080000,1414069139000,0.87837,0.87837,0.87816,0.87826,69580000,1
1414069140000,1414069199000,0.87826,0.87826,0.87802,0.8782,91740000,1
1414069200000,1414069259000,0.87817,0.87831,0.87817,0.87826,62000000,1
1414069260000,1414069319000,0.87826,0.87827,0.87805,0.87817,96620000,1
1414069320000,1414069379000,0.87815,0.87817,0.87782,0.87787,85520000,1
1414069380000,1414069439000,0.87787,0.87799,0.87782,0.87798,55990000,1
1414069440000,1414069499000,0.87798,0.87814,0.87793,0.87796,79000000,1
1414069500000,1414069559000,0.87796,0.87796,0.87767,0.87768,46520000,1
1414069560000,1414069619000,0.87767,0.87767,0.87741,0.87747,90460000,1
1414069620000,1414069679000,0.87747,0.87761,0.87717,0.87717,83780000,1
1414069680000,1414069739000,0.87716,0.87717,0.87673,0.87697,104120000,1
1414069740000,1414069799000,0.87697,0.87718,0.87688,0.87697,142130000,1
1414069800000,1414069859000,0.87695,0.87698,0.87674,0.87697,98290000,1
1414069860000,1414069919000,0.87697,0.87697,0.87677,0.87688,109030000,1
1414069920000,1414069979000,0.87689,0.87693,0.87674,0.87686,65780000,1
1414069980000,1414070039000,0.87686,0.87688,0.87672,0.87686,50550000,1
1414070040000,1414070099000,0.87688,0.87692,0.87672,0.87692,57730000,1
1414070100000,1414070159000,0.8769,0.87702,0.87682,0.877,80070000,1
1414070160000,1414070219000,0.877,0.87708,0.87689,0.87703,95260000,1
1414070220000,1414070279000,0.87702,0.87707,0.87687,0.87707,128240000,1
1414070280000,1414070339000,0.87707,0.87707,0.87698,0.87705,119090000,1
1414070340000,1414070399000,0.87705,0.87715,0.87705,0.87708,98830000,1
1414070400000,1414070459000,0.87708,0.87708,0.87702,0.87707,73870000,1
1414070460000,1414070519000,0.87706,0.87723,0.87706,0.87723,67590000,1
1414070520000,1414070579000,0.87722,0.87727,0.87698,0.87705,90670000,1
1414070580000,1414070639000,0.87707,0.87737,0.87707,0.8773,38470000,1
1414070640000,1414070699000,0.8773,0.87746,0.8773,0.87744,59980000,1
1414070700000,1414070759000,0.87744,0.87745,0.87737,0.87745,47440000,1
1414070760000,1414070819000,0.87743,0.87763,0.87742,0.87747,32850000,1
1414070820000,1414070879000,0.87747,0.87758,0.87737,0.87757,27900000,1
1414070880000,1414070939000,0.87757,0.87769,0.87757,0.87758,52990000,1
1414070940000,1414070999000,0.87757,0.87759,0.87747,0.87749,24700000,1
1414071000000,1414071059000,0.87748,0.87759,0.87738,0.87757,56110000,1
1414071060000,1414071119000,0.87756,0.87771,0.87739,0.87746,63330000,1
1414071120000,1414071179000,0.87746,0.87746,0.87731,0.87737,80800000,1
1414071180000,1414071239000,0.87734,0.8774,0.87727,0.87728,77170000,1
1414071240000,1414071299000,0.87728,0.87742,0.87728,0.87738,50060000,1
1414071300000,1414071359000,0.87739,0.87748,0.87739,0.87746,100640000,1
1414071360000,1414071419000,0.87746,0.87746,0.87737,0.87738,42620000,1
1414071420000,1414071479000,0.87737,0.87737,0.87727,0.87727,26840000,1
1414071480000,1414071539000,0.87727,0.87758,0.87727,0.87758,43300000,1
1414071540000,1414071599000,0.87759,0.87765,0.87751,0.87755,40650000,1
1414071600000,1414071659000,0.87755,0.87769,0.87755,0.87767,46850000,1
1414071660000,1414071719000,0.87767,0.87768,0.87759,0.87767,42600000,1
1414071720000,1414071779000,0.87767,0.8778,0.87767,0.8778,72080000,1
1414071780000,1414071839000,0.87782,0.87782,0.87767,0.87768,50340000,1
1414071840000,1414071899000,0.87768,0.87774,0.87767,0.87767,53460000,1
1414071900000,1414071959000,0.87767,0.87808,0.87766,0.87808,102220000,1
1414071960000,1414072019000,0.87808,0.87809,0.87797,0.87798,81700000,1
1414072020000,1414072079000,0.87798,0.8781,0.87789,0.87809,90910000,1
1414072080000,1414072139000,0.87808,0.87809,0.87777,0.87784,109080000,1
1414072140000,1414072199000,0.87784,0.87787,0.87777,0.87779,74550000,1
1414072200000,1414072259000,0.87778,0.8778,0.87752,0.87752,95780000,1
1414072260000,1414072319000,0.87752,0.87753,0.87713,0.87717,115750000,1
1414072320000,1414072379000,0.87717,0.87722,0.87697,0.87705,122740000,1
1414072380000,1414072439000,0.87705,0.87736,0.87705,0.87736,59870000,1
1414072440000,1414072499000,0.87734,0.87745,0.87726,0.87737,91560000,1
1414072500000,1414072559000,0.87738,0.87764,0.87738,0.8776,74830000,1
1414072560000,1414072619000,0.87761,0.87766,0.87758,0.87759,51530000,1
1414072620000,1414072679000,0.87758,0.87762,0.87737,0.87737,29450000,1
1414072680000,1414072739000,0.87737,0.87749,0.87737,0.87749,28160000,1
1414072740000,1414072799000,0.87749,0.87762,0.87749,0.87754,54810000,1
1414072800000,1414072859000,0.87755,0.87776,0.87752,0.87776,134800000,1
1414072860000,1414072919000,0.87775,0.87775,0.87763,0.87766,32840000,1
1414072920000,1414072979000,0.87765,0.87766,0.87739,0.87739,35990000,1
1414072980000,1414073039000,0.87737,0.87737,0.87692,0.87692,123990000,1
1414073040000,1414073099000,0.87692,0.87696,0.87663,0.8767,135850000,1
1414073100000,1414073159000,0.8767,0.87673,0.87617,0.87648,134800000,1
1414073160000,1414073219000,0.87648,0.87653,0.87627,0.87633,110380000,1
1414073220000,1414073279000,0.87629,0.87634,0.87615,0.87619,123450000,1
1414073280000,1414073339000,0.87618,0.87638,0.87611,0.87638,87320000,1
1414073340000,1414073399000,0.87637,0.87637,0.8758,0.87597,160030000,1
1414073400000,1414073459000,0.87597,0.87619,0.87577,0.87577,135220000,1
1414073460000,1414073519000,0.87578,0.87594,0.87549,0.87557,205390000,1
1414073520000,1414073579000,0.87556,0.87586,0.87556,0.87565,135510000,1
1414073580000,1414073639000,0.87561,0.87564,0.8752,0.87527,131940000,1
1414073640000,1414073699000,0.87527,0.87549,0.87526,0.87549,92150000,1
1414073700000,1414073759000,0.87549,0.87561,0.87541,0.87557,75270000,1
1414073760000,1414073819000,0.87559,0.87583,0.87557,0.8758,65090000,1
1414073820000,1414073879000,0.87581,0.87581,0.87557,0.87566,78790000,1
1414073880000,1414073939000,0.87567,0.87577,0.87557,0.87577,61740000,1
1414073940000,1414073999000,0.87577,0.87578,0.87533,0.87547,126560000,1
1414074000000,1414074059000,0.87548,0.87578,0.87548,0.87568,124050000,1
1414074060000,1414074119000,0.87567,0.8759,0.87556,0.87587,90310000,1
1414074120000,1414074179000,0.87587,0.87618,0.87587,0.87615,134070000,1
1414074180000,1414074239000,0.87613,0.87621,0.87587,0.87608,139760000,1
1414074240000,1414074299000,0.87607,0.8761,0.87577,0.87587,101370000,1
1414074300000,1414074359000,0.87588,0.87617,0.87587,0.87608,84450000,1
1414074360000,1414074419000,0.87608,0.87625,0.87607,0.8762,104550000,1
1414074420000,1414074479000,0.8762,0.87636,0.87613,0.87627,89100000,1
1414074480000,1414074539000,0.87627,0.87628,0.87607,0.87607,58240000,1
1414074540000,1414074599000,0.87607,0.87618,0.87607,0.87618,79790000,1
1414074600000,1414074659000,0.87616,0.87617,0.876,0.87601,49240000,1
1414074660000,1414074719000,0.87605,0.87607,0.87588,0.87597,63400000,1
1414074720000,1414074779000,0.87597,0.87597,0.87567,0.87576,83550000,1
1414074780000,1414074839000,0.87576,0.87588,0.87576,0.87588,34800000,1
1414074840000,1414074899000,0.87591,0.87604,0.87589,0.87597,69300000,1
1414074900000,1414074959000,0.87599,0.87599,0.87591,0.87595,39260000,1
1414074960000,1414075019000,0.87592,0.87592,0.87574,0.87587,43570000,1
1414075020000,1414075079000,0.87588,0.87598,0.87563,0.87563,66010000,1
1414075080000,1414075139000,0.87565,0.87574,0.87555,0.87558,63820000,1
1414075140000,1414075199000,0.87558,0.87577,0.87557,0.87557,97230000,1
1414075200000,1414075259000,0.87555,0.87566,0.87549,0.8756,71860000,1
1414075260000,1414075319000,0.87559,0.87561,0.87545,0.87559,45480000,1
1414075320000,1414075379000,0.87558,0.87599,0.87558,0.87597,52600000,1
1414075380000,1414075439000,0.87596,0.87597,0.87577,0.87583,69940000,1
1414075440000,1414075499000,0.87581,0.87629,0.87581,0.8761,129160000,1
1414075500000,1414075559000,0.87611,0.87627,0.87609,0.87627,87970000,1
1414075560000,1414075619000,0.87628,0.87636,0.87628,0.87628,43600000,1
1414075620000,1414075679000,0.87627,0.87637,0.87627,0.87637,29580000,1
1414075680000,1414075739000,0.87636,0.87641,0.87625,0.87626,54370000,1
1414075740000,1414075799000,0.87625,0.87634,0.87625,0.87628,30420000,1
1414075800000,1414075859000,0.87628,0.87628,0.87617,0.87618,59930000,1
1414075860000,1414075919000,0.87616,0.87628,0.87614,0.87615,35800000,1
1414075920000,1414075979000,0.87615,0.87623,0.87607,0.8762,44350000,1
1414075980000,1414076039000,0.8762,0.87622,0.87594,0.87605,95510000,1
1414076040000,1414076099000,0.87607,0.87608,0.87592,0.87594,69890000,1
1414076100000,1414076159000,0.87591,0.87591,0.87567,0.87587,110350000,1
1414076160000,1414076219000,0.87587,0.87605,0.87582,0.87588,73220000,1
1414076220000,1414076279000,0.87588,0.87588,0.87577,0.87577,52230000,1
1414076280000,1414076339000,0.87577,0.87584,0.87575,0.87584,41290000,1
1414076340000,1414076399000,0.87586,0.8764,0.87586,0.87633,201580000,1
1414076400000,1414076459000,0.87632,0.87636,0.8762,0.87629,120930000,1
1414076460000,1414076519000,0.87627,0.87632,0.87617,0.87622,80820000,1
1414076520000,1414076579000,0.87624,0.87624,0.87606,0.87608,72590000,1
1414076580000,1414076639000,0.87609,0.87617,0.87607,0.87617,83400000,1
1414076640000,1414076699000,0.87616,0.87623,0.87609,0.87623,58080000,1
1414076700000,1414076759000,0.87623,0.8763,0.87617,0.87617,30270000,1
1414076760000,1414076819000,0.87618,0.87626,0.87617,0.87617,39960000,1
1414076820000,1414076879000,0.87617,0.87617,0.87609,0.87617,60630000,1
1414076880000,1414076939000,0.87616,0.87617,0.8761,0.87617,23760000,1
1414076940000,1414076999000,0.87617,0.87618,0.87609,0.8761,64070000,1
1414077000000,1414077059000,0.87611,0.87616,0.8761,0.87616,31460000,1
1414077060000,1414077119000,0.87618,0.87632,0.87616,0.87625,34110000,1
1414077120000,1414077179000,0.87626,0.87633,0.87617,0.87618,48010000,1
1414077180000,1414077239000,0.87619,0.8762,0.87616,0.87618,25700000,1
1414077240000,1414077299000,0.87618,0.87618,0.87607,0.8761,53150000,1
1414077300000,1414077359000,0.87611,0.87635,0.8761,0.87613,68690000,1
1414077360000,1414077419000,0.87612,0.87641,0.87607,0.87641,57480000,1
1414077420000,1414077479000,0.87639,0.87651,0.87638,0.87641,23220000,1
1414077480000,1414077539000,0.87639,0.87639,0.8763,0.87639,81220000,1
1414077540000,1414077599000,0.87637,0.87654,0.87636,0.87653,54730000,1
1414077600000,1414077659000,0.87653,0.87662,0.87647,0.87648,72010000,1
1414077660000,1414077719000,0.87649,0.87657,0.87648,0.87657,31440000,1
1414077720000,1414077779000,0.87656,0.87658,0.87647,0.87658,35120000,1
1414077780000,1414077839000,0.87658,0.87662,0.87657,0.87657,22440000,1
1414077840000,1414077899000,0.87657,0.87657,0.87637,0.87647,71060000,1
1414077900000,1414077959000,0.87647,0.87648,0.87627,0.87637,97740000,1
1414077960000,1414078019000,0.87637,0.87653,0.87637,0.87647,54760000,1
1414078020000,1414078079000,0.87647,0.87658,0.87647,0.87656,70600000,1
1414078080000,1414078139000,0.87656,0.87671,0.87656,0.87669,75440000,1
1414078140000,1414078199000,0.87668,0.87671,0.87661,0.8767,50940000,1
1414078200000,1414078259000,0.87671,0.87679,0.87665,0.87677,35070000,1
1414078260000,1414078319000,0.87675,0.87702,0.87675,0.87702,83410000,1
1414078320000,1414078379000,0.87702,0.87709,0.87695,0.87709,59860000,1
1414078380000,1414078439000,0.87709,0.87712,0.87702,0.87708,35850000,1
1414078440000,1414078499000,0.87709,0.8772,0.87695,0.87695,79660000,1
1414078500000,1414078559000,0.87696,0.8771,0.87696,0.87707,52950000,1
1414078560000,1414078619000,0.87707,0.87708,0.87705,0.87707,38540000,1
1414078620000,1414078679000,0.87708,0.87714,0.87706,0.87712,58900000,1
1414078680000,1414078739000,0.87712,0.87723,0.87712,0.87718,32200000,1
1414078740000,1414078799000,0.87721,0.87722,0.87717,0.87719,37820000,1
1414078800000,1414078859000,0.87719,0.87722,0.87709,0.87716,41850000,1
1414078860000,1414078919000,0.87715,0.87715,0.87698,0.87698,39250000,1
1414078920000,1414078979000,0.87698,0.87705,0.8769,0.87705,58250000,1
1414078980000,1414079039000,0.87706,0.8776,0.87706,0.87758,82000000,1
1414079040000,1414079099000,0.87758,0.87758,0.87735,0.87747,89230000,1
1414079100000,1414079159000,0.87745,0.87753,0.87726,0.87749,97760000,1
1414079160000,1414079219000,0.87749,0.87755,0.87747,0.87748,17970000,1
1414079220000,1414079279000,0.87748,0.87755,0.87747,0.87755,37290000,1
1414079280000,1414079339000,0.87755,0.87756,0.87742,0.87748,52010000,1
1414079340000,1414079399000,0.87748,0.87748,0.8772,0.87724,57900000,1
1414079400000,1414079459000,0.87724,0.87738,0.87724,0.87729,42410000,1
1414079460000,1414079519000,0.87728,0.87728,0.87717,0.87725,37370000,1
1414079520000,1414079579000,0.87725,0.87725,0.87704,0.87716,80390000,1
1414079580000,1414079639000,0.87716,0.87726,0.87712,0.87726,28990000,1
1414079640000,1414079699000,0.87726,0.87737,0.8772,0.87737,33560000,1
1414079700000,1414079759000,0.87737,0.87737,0.8773,0.87737,40870000,1
1414079760000,1414079819000,0.87737,0.87737,0.87729,0.87731,59520000,1
1414079820000,1414079879000,0.87731,0.87731,0.87721,0.87725,29280000,1
1414079880000,1414079939000,0.87727,0.8773,0.87702,0.87702,56260000,1
1414079940000,1414079999000,0.87704,0.87726,0.87704,0.87726,62100000,1
1414080000000,1414080059000,0.87725,0.87737,0.8772,0.87733,82550000,1
1414080060000,1414080119000,0.87734,0.87748,0.87728,0.87748,96770000,1
1414080120000,1414080179000,0.87749,0.87765,0.87745,0.87751,72140000,1
1414080180000,1414080239000,0.87748,0.87757,0.87747,0.87755,56200000,1
1414080240000,1414080299000,0.87755,0.87755,0.87729,0.87729,69700000,1
1414080300000,1414080359000,0.8773,0.87738,0.87729,0.87735,28420000,1
1414080360000,1414080419000,0.87735,0.87736,0.87724,0.87725,24960000,1
1414080420000,1414080479000,0.87725,0.87737,0.87725,0.87726,48440000,1
1414080480000,1414080539000,0.87726,0.87745,0.87726,0.87737,76640000,1
1414080540000,1414080599000,0.87737,0.87747,0.87737,0.8774,59130000,1
1414080600000,1414080659000,0.8774,0.87741,0.8773,0.87734,62000000,1
1414080660000,1414080719000,0.87733,0.87733,0.87712,0.87717,61250000,1
1414080720000,1414080779000,0.87718,0.87723,0.87712,0.87717,46440000,1
1414080780000,1414080839000,0.87717,0.87717,0.87707,0.87707,39000000,1
1414080840000,1414080899000,0.87707,0.87715,0.87707,0.87711,58420000,1
1414080900000,1414080959000,0.87711,0.87713,0.87706,0.87707,35250000,1
1414080960000,1414081019000,0.87705,0.87713,0.87697,0.87697,45020000,1
1414081020000,1414081079000,0.87697,0.87717,0.87677,0.87677,80830000,1
1414081080000,1414081139000,0.87677,0.87677,0.87664,0.87665,68480000,1
1414081140000,1414081199000,0.87665,0.87674,0.87657,0.87657,33760000,1
1414081200000,1414081259000,0.87657,0.87664,0.87656,0.87664,18190000,1
1414081260000,1414081319000,0.87665,0.87686,0.87665,0.87674,58450000,1
1414081320000,1414081379000,0.87674,0.87675,0.87649,0.87655,64410000,1
1414081380000,1414081439000,0.87655,0.87697,0.87645,0.87687,81900000,1
1414081440000,1414081499000,0.87687,0.87687,0.87662,0.87674,46150000,1
1414081500000,1414081559000,0.87677,0.87699,0.87677,0.87689,71360000,1
1414081560000,1414081619000,0.87689,0.87698,0.87684,0.87684,42940000,1
1414081620000,1414081679000,0.87683,0.87684,0.87662,0.87664,54000000,1
1414081680000,1414081739000,0.87657,0.87661,0.87622,0.87633,74690000,1
1414081740000,1414081799000,0.87634,0.87634,0.87619,0.87627,69600000,1
1414081800000,1414081859000,0.87626,0.87645,0.87624,0.87645,78740000,1
1414081860000,1414081919000,0.87646,0.87663,0.87646,0.87662,44750000,1
1414081920000,1414081979000,0.87661,0.87666,0.87637,0.87637,75390000,1
1414081980000,1414082039000,0.87639,0.87655,0.87637,0.87655,91460000,1
1414082040000,1414082099000,0.87655,0.87658,0.87626,0.87626,91220000,1
1414082100000,1414082159000,0.87626,0.8763,0.87619,0.8763,80180000,1
1414082160000,1414082219000,0.87631,0.87634,0.87601,0.87617,88770000,1
1414082220000,1414082279000,0.87617,0.87657,0.87617,0.8765,76330000,1
1414082280000,1414082339000,0.87652,0.87665,0.87649,0.87658,48640000,1
1414082340000,1414082399000,0.8766,0.8766,0.87648,0.8765,10290000,1
1414082400000,1414082459000,0.8765,0.87659,0.87645,0.87648,25060000,1
1414082460000,1414082519000,0.87651,0.87652,0.87648,0.87649,14270000,1
1414082520000,1414082579000,0.87651,0.87653,0.87648,0.87648,19640000,1
1414082580000,1414082639000,0.8765,0.87653,0.87647,0.87647,17050000,1
1414082640000,1414082699000,0.87647,0.87651,0.87646,0.87648,30870000,1
1414082700000,1414082759000,0.8765,0.87658,0.87647,0.87647,16000000,1
1414082760000,1414082819000,0.87647,0.87648,0.87637,0.87638,57060000,1
1414082820000,1414082879000,0.87642,0.87646,0.87642,0.87646,10000000,1
1414082880000,1414082939000,0.87646,0.87646,0.87637,0.87643,21650000,1
1414082940000,1414082999000,0.87641,0.87641,0.87637,0.8764,27000000,1
1414083000000,1414083059000,0.8764,0.87646,0.87638,0.87646,10500000,1
1414083060000,1414083119000,0.87646,0.87647,0.8764,0.87644,44580000,1
1414083120000,1414083179000,0.87644,0.87647,0.87643,0.87646,14750000,1
1414083180000,1414083239000,0.87647,0.87647,0.87614,0.87618,70310000,1
1414083240000,1414083299000,0.87618,0.87622,0.87604,0.87617,69820000,1
1414083300000,1414083359000,0.87616,0.87627,0.87616,0.87627,43160000,1
1414083360000,1414083419000,0.87626,0.87626,0.87617,0.87617,10290000,1
1414083420000,1414083479000,0.87617,0.87617,0.8758,0.8758,99310000,1
1414083480000,1414083539000,0.87583,0.87594,0.87579,0.87583,47470000,1
1414083540000,1414083599000,0.87582,0.87604,0.87578,0.87587,85230000,1
1414083600000,1414083659000,0.87587,0.87607,0.87583,0.87597,53800000,1
1414083660000,1414083719000,0.87597,0.87598,0.87575,0.87575,57760000,1
1414083720000,1414083779000,0.87576,0.87582,0.87566,0.8757,84800000,1
1414083780000,1414083839000,0.87569,0.87576,0.87567,0.87576,58950000,1
1414083840000,1414083899000,0.87576,0.87576,0.87555,0.87557,32910000,1
1414083900000,1414083959000,0.87555,0.87555,0.87529,0.87537,77150000,1
1414083960000,1414084019000,0.87542,0.87548,0.87537,0.87546,64480000,1
1414084020000,1414084079000,0.87546,0.87548,0.8754,0.87547,28320000,1
1414084080000,1414084139000,0.87546,0.87549,0.87538,0.87548,20500000,1
1414084140000,1414084199000,0.87547,0.87591,0.87539,0.87587,88660000,1
1414084200000,1414084259000,0.87587,0.87587,0.87568,0.87572,40240000,1
1414084260000,1414084319000,0.8757,0.87571,0.87567,0.87569,32350000,1
1414084320000,1414084379000,0.87569,0.87569,0.87554,0.87558,37880000,1
1414084380000,1414084439000,0.87556,0.87558,0.87556,0.87557,7000000,1
1414084440000,1414084499000,0.87557,0.87563,0.87557,0.87557,21620000,1
1414084500000,1414084559000,0.87557,0.87563,0.87557,0.87563,32750000,1
1414084560000,1414084619000,0.87563,0.87563,0.87547,0.87547,20350000,1
1414084620000,1414084679000,0.87547,0.87549,0.87542,0.87548,18140000,1
1414084680000,1414084739000,0.87548,0.87548,0.87529,0.87534,59440000,1
1414084740000,1414084799000,0.87534,0.87537,0.87523,0.87528,50180000,1
1414084800000,1414084859000,0.87529,0.87546,0.87528,0.87546,38570000,1
1414084860000,1414084919000,0.87544,0.87544,0.87537,0.87537,32890000,1
1414084920000,1414084979000,0.87541,0.87554,0.87539,0.87547,53070000,1
1414084980000,1414085039000,0.87547,0.87547,0.87537,0.87538,13940000,1
1414085040000,1414085099000,0.87537,0.87539,0.87536,0.87537,11570000,1
1414085100000,1414085159000,0.87538,0.87538,0.87528,0.87535,51260000,1
1414085160000,1414085219000,0.87535,0.87538,0.87535,0.87538,15650000,1
1414085220000,1414085279000,0.87537,0.87539,0.87537,0.87539,6000000,1
1414085280000,1414085339000,0.87538,0.87552,0.87538,0.87546,47380000,1
1414085340000,1414085399000,0.87547,0.87566,0.87547,0.87558,48360000,1
1414085400000,1414085459000,0.87558,0.87564,0.87555,0.87555,33110000,1
1414085460000,1414085519000,0.87555,0.87568,0.87555,0.87568,23640000,1
1414085520000,1414085579000,0.87569,0.87579,0.87568,0.87578,63190000,1
1414085580000,1414085639000,0.87578,0.87579,0.87578,0.87578,7570000,1
1414085640000,1414085699000,0.87577,0.87595,0.87577,0.87593,18880000,1
1414085700000,1414085759000,0.87591,0.87598,0.87589,0.87598,30800000,1
1414085760000,1414085819000,0.87598,0.87605,0.87598,0.87599,42220000,1
1414085820000,1414085879000,0.87599,0.8761,0.87597,0.8761,39550000,1
1414085880000,1414085939000,0.87609,0.87623,0.87607,0.87618,31320000,1
1414085940000,1414085999000,0.87617,0.87617,0.87607,0.87611,43050000,1
1414086000000,1414086059000,0.87613,0.87625,0.87609,0.87625,38130000,1
1414086060000,1414086119000,0.87626,0.87626,0.87618,0.8762,10070000,1
1414086120000,1414086179000,0.87621,0.8763,0.87621,0.87629,28000000,1
1414086180000,1414086239000,0.87628,0.87631,0.87622,0.87628,23850000,1
1414086240000,1414086299000,0.87627,0.87642,0.87626,0.87639,19560000,1
1414086300000,1414086359000,0.87638,0.87639,0.87614,0.8762,42320000,1
1414086360000,1414086419000,0.87618,0.87618,0.87612,0.87617,16000000,1
1414086420000,1414086479000,0.87618,0.87618,0.8761,0.8761,19750000,1
1414086480000,1414086539000,0.87611,0.8762,0.87611,0.87619,21820000,1
1414086540000,1414086599000,0.87618,0.87628,0.87612,0.87628,29960000,1
1414086600000,1414086659000,0.87627,0.87628,0.87618,0.87618,23070000,1
1414086660000,1414086719000,0.87618,0.87619,0.87617,0.87619,11950000,1
1414086720000,1414086779000,0.87617,0.87618,0.87609,0.87617,26430000,1
1414086780000,1414086839000,0.87619,0.8762,0.87617,0.87617,5500000,1
1414086840000,1414086899000,0.87618,0.87619,0.87618,0.87618,7000000,1
1414086900000,1414086959000,0.87619,0.87625,0.87619,0.87621,13000000,1
1414086960000,1414087019000,0.8762,0.8762,0.8762,0.8762,3000000,1
1414087020000,1414087079000,0.87621,0.87621,0.87612,0.87612,26500000,1
1414087080000,1414087139000,0.87614,0.87617,0.8761,0.87612,28380000,1
1414087140000,1414087199000,0.87609,0.87611,0.87608,0.87611,6000000,1
1414087200000,1414087259000,0.87609,0.8761,0.87607,0.87607,6500000,1
1414087260000,1414087319000,0.87608,0.87618,0.87608,0.87616,37110000,1
1414087320000,1414087379000,0.87615,0.87627,0.87613,0.87624,45500000,1
1414087380000,1414087439000,0.87625,0.87625,0.8762,0.87625,9000000,1
1414087440000,1414087499000,0.87624,0.87624,0.87607,0.87607,23850000,1
1414087500000,1414087559000,0.87606,0.87606,0.87606,0.87606,4500000,1
1414087560000,1414087619000,0.87606,0.87607,0.876,0.87606,21500000,1
1414087620000,1414087679000,0.87606,0.87606,0.87599,0.87605,16250000,1
1414087680000,1414087739000,0.87606,0.87607,0.876,0.876,10500000,1
1414087740000,1414087799000,0.87601,0.87607,0.8759,0.8759,26940000,1
1414087800000,1414087859000,0.87587,0.87587,0.87576,0.87585,41610000,1
1414087860000,1414087919000,0.87585,0.87588,0.87567,0.87578,33820000,1
1414087920000,1414087979000,0.87578,0.87587,0.87576,0.87586,12840000,1
1414087980000,1414088039000,0.87586,0.87586,0.87546,0.87553,47900000,1
1414088040000,1414088099000,0.87553,0.87559,0.87544,0.87551,77910000,1
1414088100000,1414088159000,0.87552,0.87552,0.87548,0.87548,10970000,1
1414088160000,1414088219000,0.87549,0.87561,0.87548,0.87561,39250000,1
1414088220000,1414088279000,0.8756,0.8757,0.8756,0.87569,27440000,1
1414088280000,1414088339000,0.87568,0.87568,0.87561,0.87561,32130000,1
1414088340000,1414088399000,0.87561,0.87564,0.87561,0.87562,16510000,1
1414088400000,1414088459000,0.87561,0.87561,0.87558,0.87558,15330000,1
1414088460000,1414088519000,0.87557,0.87571,0.87557,0.87568,17140000,1
1414088520000,1414088579000,0.87566,0.87578,0.87557,0.87578,48000000,1
1414088580000,1414088639000,0.87579,0.87593,0.87579,0.87587,34390000,1
1414088640000,1414088699000,0.87589,0.87589,0.87581,0.87584,21250000,1
1414088700000,1414088759000,0.87584,0.87588,0.87583,0.87588,15890000,1
1414088760000,1414088819000,0.87587,0.87587,0.87586,0.87587,8810000,1
1414088820000,1414088879000,0.8759,0.87592,0.87577,0.87577,19210000,1
1414088880000,1414088939000,0.87577,0.87577,0.87567,0.87567,35380000,1
1414088940000,1414088999000,0.87567,0.87573,0.87555,0.87567,62110000,1
1414089000000,1414089059000,0.87567,0.87568,0.87565,0.87568,4500000,1
1414089060000,1414089119000,0.87569,0.87575,0.87557,0.87558,62260000,1
1414089120000,1414089179000,0.87557,0.87557,0.8755,0.87556,45600000,1
1414089180000,1414089239000,0.87556,0.87559,0.87551,0.87557,22260000,1
1414089240000,1414089299000,0.87555,0.87555,0.87545,0.87546,12670000,1
1414089300000,1414089359000,0.87546,0.87546,0.87546,0.87546,2500000,1
1414089360000,1414089419000,0.87547,0.87548,0.87541,0.87548,21410000,1
1414089420000,1414089479000,0.87548,0.87557,0.87548,0.87556,7260000,1
1414089480000,1414089539000,0.87555,0.87568,0.87555,0.87567,25080000,1
1414089540000,1414089599000,0.87566,0.87566,0.87565,0.87565,10750000,1
1414089600000,1414089659000,0.87566,0.87566,0.87566,0.87566,13620000,1
1414089660000,1414089719000,0.87568,0.87569,0.87566,0.87567,13340000,1
1414089720000,1414089779000,0.87565,0.87569,0.87565,0.87569,20930000,1
1414089780000,1414089839000,0.87569,0.87569,0.87567,0.87569,6600000,1
1414089840000,1414089899000,0.87569,0.87569,0.87558,0.87562,28950000,1
1414089900000,1414089959000,0.87561,0.87562,0.87554,0.87556,18290000,1
1414089960000,1414090019000,0.87555,0.87556,0.87545,0.87547,41900000,1
1414090020000,1414090079000,0.87548,0.87548,0.87545,0.87546,6250000,1
1414090080000,1414090139000,0.87546,0.87552,0.87545,0.87551,43970000,1
1414090140000,1414090199000,0.8755,0.87556,0.87546,0.87556,17910000,1
1414090200000,1414090259000,0.87555,0.87555,0.87548,0.87549,17100000,1
1414090260000,1414090319000,0.87546,0.87548,0.87541,0.87547,45320000,1
1414090320000,1414090379000,0.87547,0.87547,0.87539,0.87542,52070000,1
1414090380000,1414090439000,0.87541,0.87548,0.87539,0.87548,41390000,1
1414090440000,1414090499000,0.87549,0.87552,0.87548,0.87551,20900000,1
1414090500000,1414090559000,0.87553,0.8756,0.87527,0.87527,39800000,1
1414090560000,1414090619000,0.87528,0.87565,0.87528,0.87563,76870000,1
1414090620000,1414090679000,0.87559,0.87559,0.87549,0.87556,54190000,1
1414090680000,1414090739000,0.87554,0.87554,0.87536,0.8754,48320000,1
1414090740000,1414090799000,0.87542,0.87581,0.8754,0.87581,110670000,1
1414090800000,1414090859000,0.87579,0.87598,0.87569,0.87598,97810000,1
1414090860000,1414090919000,0.87601,0.87612,0.87594,0.87608,114480000,1
1414090920000,1414090979000,0.87607,0.8762,0.87597,0.8761,143830000,1
1414090980000,1414091039000,0.87611,0.87625,0.87608,0.87611,103500000,1
1414091040000,1414091099000,0.8761,0.87615,0.87588,0.8759,64620000,1
1414091100000,1414091159000,0.8759,0.87601,0.87588,0.87599,54330000,1
1414091160000,1414091219000,0.876,0.87641,0.87598,0.87622,105440000,1
1414091220000,1414091279000,0.87622,0.87647,0.87622,0.8764,121230000,1
1414091280000,1414091339000,0.87637,0.8764,0.87603,0.87606,69290000,1
1414091340000,1414091399000,0.87606,0.87606,0.87588,0.87597,39990000,1
1414091400000,1414091459000,0.87595,0.87597,0.87577,0.87588,65560000,1
1414091460000,1414091519000,0.87587,0.87587,0.87557,0.87557,75620000,1
1414091520000,1414091579000,0.87561,0.8758,0.87561,0.87578,106110000,1
1414091580000,1414091639000,0.87576,0.87584,0.87572,0.87577,41170000,1
1414091640000,1414091699000,0.87577,0.87583,0.87559,0.87576,70740000,1
1414091700000,1414091759000,0.87577,0.87577,0.87557,0.87562,41070000,1
1414091760000,1414091819000,0.87563,0.87567,0.87549,0.8755,70560000,1
1414091820000,1414091879000,0.87551,0.87557,0.87549,0.87552,56830000,1
1414091880000,1414091939000,0.87552,0.87558,0.87541,0.87546,70370000,1
1414091940000,1414091999000,0.87546,0.87549,0.87539,0.87546,25100000,1
1414092000000,1414092059000,0.87546,0.87547,0.87539,0.8754,38750000,1
1414092060000,1414092119000,0.87541,0.87545,0.87537,0.87537,38640000,1
1414092120000,1414092179000,0.87538,0.87545,0.87537,0.87538,23380000,1
1414092180000,1414092239000,0.87536,0.87545,0.87535,0.87537,30000000,1
1414092240000,1414092299000,0.87537,0.87538,0.87537,0.87537,35000000,1
1414092300000,1414092359000,0.87537,0.87543,0.87537,0.87543,9670000,1
1414092360000,1414092419000,0.87545,0.87558,0.87545,0.87551,40940000,1
1414092420000,1414092479000,0.8755,0.87556,0.87541,0.87548,37190000,1
1414092480000,1414092539000,0.87548,0.87566,0.87548,0.87556,65360000,1
1414092540000,1414092599000,0.87556,0.87564,0.87556,0.87557,49600000,1
1414092600000,1414092659000,0.87557,0.87566,0.87557,0.87558,27570000,1
1414092660000,1414092719000,0.87558,0.87558,0.87554,0.87554,18500000,1
1414092720000,1414092779000,0.87555,0.87555,0.87547,0.87548,34570000,1
1414092780000,1414092839000,0.87547,0.87548,0.87544,0.87545,30600000,1
1414092840000,1414092899000,0.87545,0.87558,0.87545,0.87557,59170000,1
1414092900000,1414092959000,0.87559,0.87575,0.87558,0.87562,83670000,1
1414092960000,1414093019000,0.87562,0.87568,0.87557,0.87563,32950000,1
1414093020000,1414093079000,0.87561,0.87562,0.87557,0.87558,25750000,1
1414093080000,1414093139000,0.87558,0.87558,0.87555,0.87556,15250000,1
1414093140000,1414093199000,0.87555,0.87556,0.8755,0.87556,22570000,1
1414093200000,1414093259000,0.87556,0.87568,0.87556,0.87558,29220000,1
1414093260000,1414093319000,0.87558,0.87558,0.87551,0.87557,20000000,1
1414093320000,1414093379000,0.87557,0.87557,0.87557,0.87557,1500000,1
1414093380000,1414093439000,0.87557,0.87557,0.87553,0.87557,7500000,1
1414093440000,1414093499000,0.87556,0.87556,0.8755,0.87554,37290000,1
1414093500000,1414093559000,0.87553,0.87558,0.87553,0.87557,22400000,1
1414093560000,1414093619000,0.87557,0.87557,0.87547,0.87547,14950000,1
1414093620000,1414093679000,0.87548,0.87548,0.87545,0.87545,10500000,1
1414093680000,1414093739000,0.87541,0.87569,0.87541,0.87558,59570000,1
1414093740000,1414093799000,0.87557,0.87558,0.87555,0.87557,11750000,1
1414093800000,1414093859000,0.87557,0.87557,0.87538,0.87543,47100000,1
1414093860000,1414093919000,0.87543,0.87548,0.87536,0.87537,51540000,1
1414093920000,1414093979000,0.87536,0.87537,0.87527,0.87531,35430000,1
1414093980000,1414094039000,0.8753,0.87537,0.8753,0.87536,49230000,1
1414094040000,1414094099000,0.87537,0.87538,0.87534,0.87538,24550000,1
1414094100000,1414094159000,0.87537,0.87542,0.87537,0.87537,23200000,1
1414094160000,1414094219000,0.87538,0.87547,0.87538,0.87544,46950000,1
1414094220000,1414094279000,0.87545,0.87554,0.87543,0.87549,51020000,1
1414094280000,1414094339000,0.87551,0.87554,0.87544,0.87547,67420000,1
1414094340000,1414094399000,0.87545,0.87551,0.87543,0.87548,35490000,1
1414094400000,1414094459000,0.87549,0.87549,0.87545,0.87546,36410000,1
1414094460000,1414094519000,0.87546,0.87553,0.87546,0.87547,32400000,1
1414094520000,1414094579000,0.87547,0.87551,0.87547,0.87548,33150000,1
1414094580000,1414094639000,0.87549,0.87552,0.87548,0.8755,17140000,1
1414094640000,1414094699000,0.87551,0.87555,0.8755,0.87551,44300000,1
1414094700000,1414094759000,0.8755,0.87554,0.87549,0.87554,43290000,1
1414094760000,1414094819000,0.87554,0.87569,0.87554,0.87568,12100000,1
1414094820000,1414094879000,0.87568,0.8757,0.87566,0.8757,14040000,1
1414094880000,1414094939000,0.8757,0.87571,0.87568,0.87569,8070000,1
1414094940000,1414094999000,0.87571,0.87638,0.87571,0.87635,62200000,1
1414095000000,1414095059000,0.87636,0.87636,0.87583,0.87584,76060000,1
1414095060000,1414095119000,0.87586,0.87586,0.87577,0.87577,24750000,1
1414095120000,1414095179000,0.87577,0.87578,0.87567,0.8757,41440000,1
1414095180000,1414095239000,0.87569,0.87578,0.87569,0.87577,24820000,1
1414095240000,1414095299000,0.87575,0.87578,0.8757,0.87573,22940000,1
1414095300000,1414095359000,0.87573,0.87573,0.87569,0.87571,10000000,1
1414095360000,1414095419000,0.87574,0.87584,0.87574,0.87584,20200000,1
1414095420000,1414095479000,0.87585,0.87585,0.87573,0.87574,18100000,1
1414095480000,1414095539000,0.87575,0.87577,0.87572,0.87572,30450000,1
1414095540000,1414095599000,0.87571,0.87571,0.87569,0.8757,8570000,1
1414095600000,1414095659000,0.87572,0.87575,0.87569,0.87569,33900000,1
1414095660000,1414095719000,0.8757,0.87578,0.8757,0.87575,47970000,1
1414095720000,1414095779000,0.87575,0.87576,0.87572,0.87575,33320000,1
1414095780000,1414095839000,0.87575,0.87577,0.87575,0.87577,18340000,1
1414095840000,1414095899000,0.87576,0.87584,0.87576,0.87578,52200000,1
1414095900000,1414095959000,0.87578,0.8758,0.87577,0.87577,24930000,1
1414095960000,1414096019000,0.87578,0.87578,0.87578,0.87578,2000000,1
1414096020000,1414096079000,0.87576,0.87578,0.87576,0.87578,2000000,1
1414096140000,1414096199000,0.87577,0.87579,0.87573,0.87573,28720000,1
1414096200000,1414096259000,0.87573,0.87587,0.87573,0.87585,45920000,1
1414096260000,1414096319000,0.87586,0.87586,0.87573,0.87575,44090000,1
1414096320000,1414096379000,0.87575,0.87575,0.87573,0.87574,9650000,1
1414096380000,1414096439000,0.87575,0.87585,0.87574,0.87574,18800000,1
1414096440000,1414096499000,0.87574,0.87574,0.87564,0.87572,17650000,1
1414096500000,1414096559000,0.87572,0.87575,0.87571,0.87572,22070000,1
1414096560000,1414096619000,0.87574,0.87575,0.87559,0.87569,58570000,1
1414096620000,1414096679000,0.8757,0.8757,0.87563,0.8757,53590000,1
1414096680000,1414096739000,0.8757,0.87571,0.8757,0.8757,15100000,1
1414096740000,1414096799000,0.87571,0.87584,0.87565,0.8758,44780000,1
1414096800000,1414096859000,0.8758,0.87586,0.87564,0.87565,48700000,1
1414096860000,1414096919000,0.87567,0.87571,0.87564,0.87566,76080000,1
1414096920000,1414096979000,0.87563,0.87578,0.8756,0.87572,53810000,1
1414096980000,1414097039000,0.87572,0.87579,0.87566,0.87579,83580000,1
1414097040000,1414097099000,0.87578,0.87582,0.87563,0.87564,46330000,1
1414097100000,1414097159000,0.87567,0.8758,0.87566,0.87574,44360000,1
1414097160000,1414097219000,0.87575,0.87583,0.87575,0.87583,43990000,1
1414097220000,1414097279000,0.87582,0.87587,0.87575,0.87583,55110000,1
1414097280000,1414097339000,0.87584,0.87588,0.87582,0.87588,33900000,1
1414097340000,1414097399000,0.87589,0.87611,0.87589,0.87611,66820000,1
1414097400000,1414097459000,0.87611,0.87612,0.87577,0.87577,84010000,1
1414097460000,1414097519000,0.87577,0.87587,0.87572,0.87587,42600000,1
1414097520000,1414097579000,0.87587,0.87587,0.87581,0.87581,11610000,1
1414097580000,1414097639000,0.87581,0.87581,0.87574,0.87574,30520000,1
1414097640000,1414097699000,0.87575,0.87581,0.87574,0.87577,12300000,1
1414097700000,1414097759000,0.87577,0.87584,0.87577,0.87583,5500000,1
1414097760000,1414097819000,0.87581,0.87584,0.87581,0.87584,7750000,1
1414097820000,1414097879000,0.87587,0.87598,0.87586,0.87596,26000000,1
1414097880000,1414097939000,0.87595,0.87619,0.87593,0.87615,83750000,1
1414097940000,1414097999000,0.87613,0.87619,0.87604,0.87604,49620000,1
1414098000000,1414098059000,0.87602,0.87602,0.87586,0.87589,12320000,1
1414098060000,1414098119000,0.87598,0.87598,0.87598,0.87598,370000,1
1414098120000,1414098179000,0.87598,0.87608,0.87598,0.87607,5240000,1
1414098180000,1414098239000,0.87609,0.87609,0.87609,0.87609,370000,1
1414098240000,1414098299000,0.8761,0.87616,0.8761,0.87616,4120000,1
1414098300000,1414098359000,0.87616,0.87616,0.87601,0.87601,27990000,1
1414098360000,1414098419000,0.87601,0.87601,0.876,0.876,21950000,1
1414098420000,1414098479000,0.87601,0.87603,0.876,0.87601,32280000,1
1414098480000,1414098539000,0.87603,0.87604,0.87601,0.87603,11260000,1
1414098540000,1414098599000,0.87604,0.87608,0.87604,0.87608,7140000,1
1414098600000,1414098659000,0.87608,0.8761,0.87608,0.87609,11870000,1
1414098660000,1414098719000,0.87609,0.8761,0.87609,0.87609,15480000,1
1414098720000,1414098779000,0.87609,0.87621,0.87609,0.87621,14820000,1
1414098780000,1414098839000,0.87622,0.87622,0.87621,0.87621,8000000,1
1414098840000,1414098899000,0.87622,0.87625,0.87621,0.87625,7000000,1
1414098900000,1414098959000,0.87625,0.87627,0.87618,0.87624,17600000,1
1414098960000,1414099019000,0.87624,0.87626,0.87624,0.87626,14000000,1
1414099020000,1414099079000,0.87626,0.87627,0.87626,0.87627,12000000,1
1414099080000,1414099139000,0.87627,0.87628,0.87618,0.87626,27000000,1
1414099140000,1414099199000,0.87626,0.87627,0.87608,0.87614,49420000,1
1414099200000,1414099259000,0.87613,0.87624,0.87613,0.8762,17870000,1
1414099260000,1414099319000,0.87619,0.87619,0.87613,0.87614,28450000,1
1414099320000,1414099379000,0.87614,0.8762,0.87614,0.8762,14500000,1
1414099380000,1414099439000,0.8762,0.8762,0.87619,0.87619,27000000,1
1414099440000,1414099499000,0.87619,0.87619,0.87619,0.87619,15000000,1
1414099500000,1414099559000,0.87619,0.87631,0.87617,0.87629,38500000,1
1414099560000,1414099619000,0.87634,0.87635,0.8761,0.87631,76630000,1
1414099620000,1414099679000,0.87628,0.87644,0.87626,0.87636,44740000,1
1414099680000,1414099739000,0.87636,0.87636,0.87623,0.8763,17450000,1
1414099740000,1414099799000,0.8763,0.87632,0.8762,0.87632,18240000,1
1414099800000,1414099859000,0.87626,0.87638,0.87626,0.87635,11500000,1
1414099860000,1414099919000,0.87635,0.87636,0.87635,0.87635,7000000,1
1414099920000,1414099979000,0.87635,0.87658,0.87635,0.87637,68900000,1
1414099980000,1414100039000,0.87637,0.87637,0.87614,0.87614,54700000,1
1414100040000,1414100099000,0.87615,0.87628,0.8761,0.87627,37620000,1
1414100100000,1414100159000,0.87626,0.87628,0.87619,0.87627,13020000,1
1414100160000,1414100219000,0.87626,0.87628,0.87624,0.87628,29500000,1
1414100220000,1414100279000,0.87628,0.87628,0.8762,0.87622,30700000,1
1414100280000,1414100339000,0.87621,0.87621,0.87584,0.8759,50750000,1
1414100340000,1414100399000,0.87589,0.8759,0.87587,0.8759,6000000,1
1414100400000,1414100459000,0.8759,0.87603,0.87587,0.87603,19950000,1
1414100460000,1414100519000,0.87605,0.87625,0.87576,0.87578,61130000,1
1414100520000,1414100579000,0.87578,0.87597,0.87578,0.87578,23860000,1
1414100580000,1414100639000,0.87578,0.87604,0.87567,0.87593,69980000,1
1414100640000,1414100699000,0.87592,0.87607,0.87592,0.87602,27000000,1
1414100700000,1414100759000,0.87595,0.87595,0.87542,0.8758,149230000,1
1414100760000,1414100819000,0.87594,0.87615,0.87547,0.87602,145020000,1
1414100820000,1414100879000,0.87601,0.87621,0.87596,0.87608,87650000,1
1414100880000,1414100939000,0.87607,0.87608,0.87595,0.87607,46500000,1
1414100940000,1414100999000,0.87607,0.87613,0.87598,0.876,26000000,1
1414101000000,1414101059000,0.87598,0.87609,0.87594,0.87603,56160000,1
1414101060000,1414101119000,0.87603,0.8761,0.87581,0.876,61340000,1
1414101120000,1414101179000,0.87601,0.87606,0.87592,0.87602,65620000,1
1414101180000,1414101239000,0.87599,0.87605,0.87581,0.876,42100000,1
1414101240000,1414101299000,0.87604,0.87604,0.876,0.87602,9000000,1
1414101300000,1414101359000,0.876,0.876,0.87584,0.87589,43350000,1
1414101360000,1414101419000,0.8759,0.87601,0.87588,0.87589,22250000,1
1414101420000,1414101479000,0.87595,0.87596,0.87588,0.87591,22500000,1
1414101480000,1414101539000,0.87594,0.87595,0.87587,0.87591,37220000,1
1414101540000,1414101599000,0.87591,0.87592,0.87585,0.87587,28500000,1
1414101600000,1414101659000,0.87587,0.87592,0.87573,0.87577,100470000,1
1414101660000,1414101719000,0.87577,0.87588,0.87571,0.87574,79120000,1
1414101720000,1414101779000,0.87574,0.87589,0.87573,0.87588,49310000,1
1414101780000,1414101839000,0.87589,0.87599,0.87587,0.87598,41970000,1
1414101840000,1414101899000,0.87599,0.87601,0.87593,0.87596,50680000,1
1414101900000,1414101959000,0.87596,0.87596,0.87593,0.87594,16310000,1
1414101960000,1414102019000,0.87593,0.87596,0.87593,0.87595,8370000,1
1414102020000,1414102079000,0.87593,0.87601,0.87591,0.876,43190000,1
1414102080000,1414102139000,0.876,0.87606,0.876,0.87606,8740000,1
1414102140000,1414102199000,0.87607,0.87611,0.87602,0.87604,37930000,1
1414102200000,1414102259000,0.87606,0.8761,0.876,0.87602,41110000,1
1414102260000,1414102319000,0.87598,0.87606,0.87597,0.87603,81140000,1
1414102320000,1414102379000,0.876,0.87603,0.87598,0.87603,60990000,1
1414102380000,1414102439000,0.87603,0.87604,0.87599,0.87603,26010000,1
1414102440000,1414102499000,0.87603,0.87605,0.87601,0.87602,12970000,1
1414102500000,1414102559000,0.87602,0.87603,0.87602,0.87603,37620000,1
1414102560000,1414102619000,0.87603,0.87606,0.87603,0.87605,24870000,1
1414102620000,1414102679000,0.87604,0.8762,0.87602,0.87619,37570000,1
1414102680000,1414102739000,0.87618,0.87626,0.87611,0.87622,68270000,1
1414102740000,1414102799000,0.87621,0.87625,0.8761,0.87623,72570000,1
1414102800000,1414102859000,0.87623,0.87625,0.87614,0.87624,37000000,1
1414102860000,1414102919000,0.87623,0.87625,0.87618,0.87618,10000000,1
1414102920000,1414102979000,0.8762,0.87622,0.87606,0.87622,37660000,1
1414102980000,1414103039000,0.87621,0.87631,0.87621,0.87631,19100000,1
1414103040000,1414103099000,0.87631,0.87633,0.87629,0.87632,7000000,1
1414103100000,1414103159000,0.87632,0.87632,0.87623,0.87623,24990000,1
1414103160000,1414103219000,0.87623,0.87627,0.87613,0.87615,33250000,1
1414103220000,1414103279000,0.87614,0.87615,0.87612,0.87612,30640000,1
1414103280000,1414103339000,0.87612,0.8762,0.87612,0.8762,16270000,1
1414103340000,1414103399000,0.87619,0.87619,0.87617,0.87617,3200000,1
1414103400000,1414103459000,0.87616,0.87617,0.87611,0.87611,9100000,1
1414103460000,1414103519000,0.8761,0.87612,0.87603,0.87611,14600000,1
1414103520000,1414103579000,0.8761,0.8761,0.87596,0.87596,17210000,1
1414103580000,1414103639000,0.87596,0.87597,0.87575,0.87575,22720000,1
1414103640000,1414103699000,0.87574,0.87582,0.87574,0.87581,39260000,1
1414103700000,1414103759000,0.87581,0.87597,0.87581,0.87597,52360000,1
1414103760000,1414103819000,0.87597,0.87603,0.87588,0.87601,51230000,1
1414103820000,1414103879000,0.87601,0.87602,0.87601,0.87602,4960000,1
1414103880000,1414103939000,0.87602,0.87602,0.87602,0.87602,13750000,1
1414103940000,1414103999000,0.87604,0.87619,0.87603,0.87618,27300000,1
1414104000000,1414104059000,0.8762,0.87625,0.8762,0.87622,9000000,1
1414104060000,1414104119000,0.87622,0.87622,0.87621,0.87621,10150000,1
1414104120000,1414104179000,0.87621,0.87631,0.87612,0.87612,25620000,1
1414104180000,1414104239000,0.87612,0.87612,0.87611,0.87611,4500000,1
1414104240000,1414104299000,0.87611,0.87611,0.87601,0.87604,31140000,1
1414104300000,1414104359000,0.876,0.87607,0.876,0.87607,9240000,1
1414104360000,1414104419000,0.87607,0.87607,0.876,0.87602,19140000,1
1414104420000,1414104479000,0.87603,0.87603,0.87592,0.876,20380000,1
1414104480000,1414104539000,0.87599,0.876,0.87599,0.876,4100000,1
1414104540000,1414104599000,0.87602,0.87616,0.87602,0.8761,30890000,1
1414104600000,1414104659000,0.8761,0.8761,0.87602,0.87602,8000000,1
1414104660000,1414104719000,0.87602,0.87602,0.87599,0.87599,4100000,1
1414104720000,1414104779000,0.87599,0.87599,0.87592,0.87597,25430000,1
1414104780000,1414104839000,0.87594,0.87613,0.87589,0.87606,59490000,1
1414104840000,1414104899000,0.87604,0.87618,0.876,0.87615,28310000,1
1414104900000,1414104959000,0.87614,0.87614,0.8761,0.8761,6000000,1
1414104960000,1414105019000,0.8761,0.8761,0.87604,0.8761,15250000,1
1414105020000,1414105079000,0.87611,0.87611,0.8761,0.87611,6100000,1
1414105080000,1414105139000,0.87611,0.87611,0.87605,0.87611,10250000,1
1414105140000,1414105199000,0.87609,0.87609,0.87595,0.87599,28000000,1
1414105200000,1414105259000,0.87594,0.87601,0.87586,0.87599,49250000,1
1414105260000,1414105319000,0.876,0.87601,0.87596,0.87599,11500000,1
1414105320000,1414105379000,0.87598,0.87599,0.87593,0.87593,10750000,1
1414105380000,1414105439000,0.87592,0.87594,0.8759,0.8759,7250000,1
1414105440000,1414105499000,0.87589,0.87589,0.87582,0.87584,9000000,1
1414105500000,1414105559000,0.87584,0.87586,0.87581,0.87581,10370000,1
1414105560000,1414105619000,0.8758,0.8758,0.87579,0.87579,4000000,1
1414105620000,1414105679000,0.87579,0.87579,0.87569,0.87572,24250000,1
1414105680000,1414105739000,0.87572,0.87573,0.87569,0.87572,8250000,1
1414105740000,1414105799000,0.87574,0.87575,0.87573,0.87574,6000000,1
1414105800000,1414105859000,0.87574,0.87574,0.8755,0.87552,34750000,1
1414105860000,1414105919000,0.87552,0.87552,0.87549,0.8755,14730000,1
1414105920000,1414105979000,0.87551,0.87551,0.87545,0.8755,20110000,1
1414105980000,1414106039000,0.8755,0.8755,0.8754,0.87543,30520000,1
1414106040000,1414106099000,0.87545,0.87545,0.87537,0.8754,24460000,1
1414106100000,1414106159000,0.87541,0.87551,0.87539,0.87551,31080000,1
1414106160000,1414106219000,0.87552,0.87553,0.87551,0.87552,13820000,1
1414106220000,1414106279000,0.87551,0.87553,0.87551,0.87551,10240000,1
1414106280000,1414106339000,0.87551,0.87573,0.8755,0.87566,50600000,1
1414106340000,1414106399000,0.87567,0.87573,0.87566,0.87572,45560000,1
1414106400000,1414106459000,0.87572,0.87585,0.87572,0.87582,22070000,1
1414106460000,1414106519000,0.87582,0.87585,0.87582,0.87585,7000000,1
1414106520000,1414106579000,0.87587,0.87587,0.87584,0.87584,2000000,1
1414106580000,1414106639000,0.87584,0.87587,0.87583,0.87583,19210000,1
1414106640000,1414106699000,0.87584,0.87585,0.87584,0.87584,9150000,1
1414106700000,1414106759000,0.87585,0.87585,0.87584,0.87584,37860000,1
1414106760000,1414106819000,0.87584,0.87584,0.87583,0.87583,2500000,1
1414106820000,1414106879000,0.87582,0.87585,0.8757,0.8757,18500000,1
1414106880000,1414106939000,0.87569,0.87569,0.87565,0.87565,9500000,1
1414106940000,1414106999000,0.87564,0.87564,0.87555,0.87559,11570000,1
1414107000000,1414107059000,0.87562,0.87567,0.87549,0.87554,31390000,1
1414107060000,1414107119000,0.87551,0.87551,0.87549,0.8755,15080000,1
1414107120000,1414107179000,0.87551,0.87551,0.87547,0.87548,30380000,1
1414107180000,1414107239000,0.8755,0.8755,0.87548,0.87548,14320000,1
1414107240000,1414107299000,0.87548,0.8755,0.87547,0.87549,26570000,1
1414107300000,1414107359000,0.8755,0.87551,0.8755,0.87551,5150000,1
1414107360000,1414107419000,0.87551,0.87562,0.87551,0.87562,27510000,1
1414107420000,1414107479000,0.87561,0.87573,0.87561,0.87572,32510000,1
1414107480000,1414107539000,0.87574,0.87574,0.8756,0.8756,31030000,1
1414107540000,1414107599000,0.87562,0.87573,0.87562,0.87569,24620000,1
1414107600000,1414107659000,0.87569,0.87575,0.87569,0.87569,12500000,1
1414107660000,1414107719000,0.8757,0.8757,0.8757,0.8757,2000000,1
1414107720000,1414107779000,0.8757,0.87571,0.87555,0.87557,18500000,1
1414107780000,1414107839000,0.87557,0.87557,0.87555,0.87556,5500000,1
1414107840000,1414107899000,0.87556,0.87556,0.87549,0.87553,10390000,1
1414107900000,1414107959000,0.87552,0.87556,0.87552,0.87555,6500000,1
1414107960000,1414108019000,0.87555,0.87555,0.8755,0.87551,6410000,1
1414108020000,1414108079000,0.87551,0.87558,0.87551,0.87558,7500000,1
1414108080000,1414108139000,0.87557,0.87558,0.87557,0.87558,2000000,1
1414108140000,1414108199000,0.87557,0.87557,0.87557,0.87557,10000000,1
1414108200000,1414108259000,0.87557,0.87558,0.87553,0.87554,18070000,1
1414108260000,1414108319000,0.87556,0.87557,0.87553,0.87557,21500000,1
1414108320000,1414108379000,0.87557,0.87557,0.87554,0.87554,6500000,1
1414108380000,1414108439000,0.87554,0.87557,0.87554,0.87557,21250000,1
1414108440000,1414108499000,0.87558,0.87558,0.87556,0.87558,16310000,1
1414108500000,1414108559000,0.87557,0.87562,0.87555,0.8756,23740000,1
1414108560000,1414108619000,0.87559,0.87559,0.87556,0.87557,33690000,1
1414108620000,1414108679000,0.87556,0.87557,0.87554,0.87556,30500000,1
1414108680000,1414108739000,0.87552,0.87556,0.87552,0.87553,24000000,1
1414108740000,1414108799000,0.87552,0.87553,0.87543,0.87543,22250000,1
1414108800000,1414108859000,0.87541,0.87546,0.87537,0.87546,41190000,1
1414108860000,1414108919000,0.87544,0.87548,0.87541,0.87546,23090000,1
1414108920000,1414108979000,0.87546,0.87546,0.87543,0.87543,18460000,1
1414108980000,1414109039000,0.87543,0.87543,0.87542,0.87542,6500000,1
1414109040000,1414109099000,0.87542,0.87542,0.87534,0.87534,26620000,1
1414109100000,1414109159000,0.87534,0.87534,0.87469,0.87489,134770000,1
1414109160000,1414109219000,0.87491,0.87491,0.87462,0.87465,119610000,1
1414109220000,1414109279000,0.87465,0.87489,0.87458,0.87483,96660000,1
1414109280000,1414109339000,0.87484,0.87493,0.8748,0.8749,52610000,1
1414109340000,1414109399000,0.8749,0.8749,0.87472,0.87472,37000000,1
1414109400000,1414109459000,0.87472,0.87482,0.87472,0.8748,80270000,1
1414109460000,1414109519000,0.87482,0.87485,0.87474,0.87485,90900000,1
1414109520000,1414109579000,0.87488,0.87489,0.87475,0.87475,39050000,1
1414109580000,1414109639000,0.87475,0.87479,0.87463,0.87467,71790000,1
1414109640000,1414109699000,0.87468,0.8747,0.87452,0.87464,63680000,1
1414109700000,1414109759000,0.87464,0.87478,0.87458,0.8746,65290000,1
1414109760000,1414109819000,0.87463,0.87472,0.87463,0.87469,36350000,1
1414109820000,1414109879000,0.87468,0.87473,0.87463,0.87472,84940000,1
1414109880000,1414109939000,0.8747,0.87483,0.8747,0.87483,40440000,1
1414109940000,1414109999000,0.87483,0.87483,0.8747,0.87473,51850000,1
1414110000000,1414110059000,0.87475,0.87491,0.87475,0.87485,32470000,1
1414110060000,1414110119000,0.87485,0.87485,0.8747,0.87476,35120000,1
1414110120000,1414110179000,0.87478,0.87481,0.87477,0.87478,31680000,1
1414110180000,1414110239000,0.87477,0.87481,0.87477,0.87481,58380000,1
1414110240000,1414110299000,0.87482,0.87491,0.87482,0.87488,69210000,1
1414110300000,1414110359000,0.87488,0.87494,0.87485,0.87489,60230000,1
1414110360000,1414110419000,0.87489,0.87493,0.87479,0.87481,79310000,1
1414110420000,1414110479000,0.8748,0.87483,0.87472,0.87481,41420000,1
1414110480000,1414110539000,0.87481,0.87482,0.87473,0.87473,12000000,1
1414110540000,1414110599000,0.8747,0.87471,0.87452,0.87458,99610000,1
1414110600000,1414110659000,0.8746,0.87462,0.87366,0.87368,165840000,1
1414110660000,1414110719000,0.87368,0.87391,0.87322,0.87362,275920000,1
1414110720000,1414110779000,0.87362,0.87374,0.87332,0.87368,140600000,1
1414110780000,1414110839000,0.87368,0.87397,0.87363,0.87392,116810000,1
1414110840000,1414110899000,0.87394,0.87405,0.87383,0.87396,119350000,1
1414110900000,1414110959000,0.87399,0.87413,0.87394,0.87395,169450000,1
1414110960000,1414111019000,0.87394,0.87403,0.87383,0.87401,158830000,1
1414111020000,1414111079000,0.87401,0.87407,0.87383,0.8739,62170000,1
1414111080000,1414111139000,0.8739,0.87407,0.87387,0.87407,80320000,1
1414111140000,1414111199000,0.87407,0.87409,0.87395,0.87395,71230000,1
1414111200000,1414111259000,0.87395,0.87395,0.87304,0.87322,167560000,1
1414111260000,1414111319000,0.87323,0.87358,0.87323,0.87348,147820000,1
1414111320000,1414111379000,0.87349,0.87357,0.87338,0.87343,57250000,1
1414111380000,1414111439000,0.87341,0.87359,0.87341,0.87356,54360000,1
1414111440000,1414111499000,0.87355,0.87355,0.87332,0.87342,104140000,1
1414111500000,1414111559000,0.87338,0.87338,0.87221,0.87254,246310000,1
1414111560000,1414111619000,0.87259,0.87278,0.87241,0.87241,185630000,1
1414111620000,1414111679000,0.87241,0.8725,0.8722,0.87249,107210000,1
1414111680000,1414111739000,0.87249,0.87253,0.87215,0.87226,162350000,1
1414111740000,1414111799000,0.87228,0.87231,0.87185,0.8723,179910000,1
1414111800000,1414111859000,0.87232,0.87242,0.87218,0.87242,130090000,1
1414111860000,1414111919000,0.87242,0.87292,0.87242,0.87292,173290000,1
1414111920000,1414111979000,0.87292,0.87293,0.87269,0.87292,157330000,1
1414111980000,1414112039000,0.87294,0.87319,0.87294,0.87311,95980000,1
1414112040000,1414112099000,0.87312,0.87343,0.87309,0.87333,66490000,1
1414112100000,1414112159000,0.87336,0.87342,0.8731,0.87312,107470000,1
1414112160000,1414112219000,0.87312,0.87314,0.87302,0.87304,76050000,1
1414112220000,1414112279000,0.87303,0.87303,0.8728,0.87293,81010000,1
1414112280000,1414112339000,0.87292,0.87293,0.87273,0.87289,77540000,1
1414112340000,1414112399000,0.87289,0.87296,0.87279,0.87292,80970000,1
1414112400000,1414112459000,0.87292,0.87292,0.87265,0.87283,86320000,1
1414112460000,1414112519000,0.87283,0.87294,0.87281,0.87294,48100000,1
1414112520000,1414112579000,0.87294,0.87305,0.87292,0.87304,84190000,1
1414112580000,1414112639000,0.87305,0.87305,0.87274,0.87292,51170000,1
1414112640000,1414112699000,0.87293,0.87303,0.87292,0.87301,18440000,1
1414112700000,1414112759000,0.87301,0.87314,0.87288,0.87288,72960000,1
1414112760000,1414112819000,0.87287,0.87308,0.87285,0.87295,72490000,1
1414112820000,1414112879000,0.87294,0.8731,0.87292,0.87301,56720000,1
1414112880000,1414112939000,0.87299,0.87299,0.87291,0.87294,28670000,1
1414112940000,1414112999000,0.87291,0.87321,0.87291,0.87321,62780000,1
1414113000000,1414113059000,0.87321,0.87321,0.87291,0.87298,115190000,1
1414113060000,1414113119000,0.87295,0.87297,0.87279,0.87287,85840000,1
1414113120000,1414113179000,0.87285,0.8729,0.8728,0.87289,41210000,1
1414113180000,1414113239000,0.8729,0.87311,0.8729,0.87311,75530000,1
1414113240000,1414113299000,0.87311,0.87311,0.87281,0.87291,94940000,1
1414113300000,1414113359000,0.87291,0.87311,0.87283,0.87301,54890000,1
1414113360000,1414113419000,0.87304,0.87322,0.87302,0.87321,142240000,1
1414113420000,1414113479000,0.87323,0.87334,0.8732,0.87333,47740000,1
1414113480000,1414113539000,0.87334,0.87334,0.87325,0.87331,52830000,1
1414113540000,1414113599000,0.8733,0.87333,0.87324,0.87326,56590000,1
1414113600000,1414113659000,0.87325,0.87325,0.87312,0.87317,44540000,1
1414113660000,1414113719000,0.87317,0.87322,0.87309,0.87316,53550000,1
1414113720000,1414113779000,0.87315,0.87323,0.87313,0.87313,57490000,1
1414113780000,1414113839000,0.87313,0.87314,0.87293,0.87296,67880000,1
1414113840000,1414113899000,0.87295,0.873,0.87289,0.873,54920000,1
1414113900000,1414113959000,0.87301,0.87303,0.87294,0.87301,73050000,1
1414113960000,1414114019000,0.87299,0.87302,0.8729,0.87295,58660000,1
1414114020000,1414114079000,0.87295,0.87302,0.87294,0.87301,33090000,1
1414114080000,1414114139000,0.87299,0.87311,0.87299,0.8731,53920000,1
1414114140000,1414114199000,0.8731,0.87321,0.8731,0.87313,83090000,1
1414114200000,1414114259000,0.87315,0.87323,0.87313,0.8732,28530000,1
1414114260000,1414114319000,0.87319,0.87331,0.87319,0.87331,37630000,1
1414114320000,1414114379000,0.87332,0.87352,0.87332,0.87345,54860000,1
1414114380000,1414114439000,0.87345,0.87351,0.87337,0.87343,67550000,1
1414114440000,1414114499000,0.87343,0.87351,0.87337,0.87344,80030000,1
1414114500000,1414114559000,0.87344,0.87365,0.87344,0.87364,64000000,1
1414114560000,1414114619000,0.87364,0.87383,0.87364,0.87367,127520000,1
1414114620000,1414114679000,0.87366,0.87366,0.87345,0.87363,99670000,1
1414114680000,1414114739000,0.87364,0.87364,0.87355,0.87362,60420000,1
1414114740000,1414114799000,0.87362,0.87364,0.87354,0.87358,47300000,1
1414114800000,1414114859000,0.8736,0.87361,0.8734,0.87351,49380000,1
1414114860000,1414114919000,0.87356,0.87368,0.87353,0.87366,64910000,1
1414114920000,1414114979000,0.87368,0.87373,0.87366,0.87369,59440000,1
1414114980000,1414115039000,0.87369,0.87393,0.87369,0.87391,46690000,1
1414115040000,1414115099000,0.87392,0.874,0.87389,0.87396,82830000,1
1414115100000,1414115159000,0.87396,0.87401,0.87389,0.874,48770000,1
1414115160000,1414115219000,0.87401,0.87401,0.87391,0.87394,46480000,1
1414115220000,1414115279000,0.87394,0.87396,0.8739,0.87391,35420000,1
1414115280000,1414115339000,0.87391,0.87391,0.87382,0.87382,24950000,1
1414115340000,1414115399000,0.87382,0.87383,0.87375,0.87375,24020000,1
1414115400000,1414115459000,0.87374,0.87377,0.87369,0.87372,29270000,1
1414115460000,1414115519000,0.87371,0.87373,0.87365,0.87365,35710000,1
1414115520000,1414115579000,0.87372,0.87374,0.87363,0.87363,31620000,1
1414115580000,1414115639000,0.87364,0.87366,0.87353,0.87356,27500000,1
1414115640000,1414115699000,0.87356,0.87372,0.87355,0.87368,33560000,1
1414115700000,1414115759000,0.87368,0.87368,0.87356,0.87357,36990000,1
1414115760000,1414115819000,0.87356,0.87363,0.87354,0.87363,51220000,1
1414115820000,1414115879000,0.87363,0.87392,0.87363,0.87384,37110000,1
1414115880000,1414115939000,0.87385,0.87422,0.87385,0.87422,78340000,1
1414115940000,1414115999000,0.87422,0.87436,0.87422,0.87433,67320000,1
1414116000000,1414116059000,0.87433,0.87443,0.8743,0.87438,73760000,1
1414116060000,1414116119000,0.87438,0.87445,0.87437,0.87445,57430000,1
1414116120000,1414116179000,0.87446,0.8746,0.8744,0.87442,60150000,1
1414116180000,1414116239000,0.87442,0.87455,0.87437,0.87443,77920000,1
1414116240000,1414116299000,0.87443,0.87444,0.87437,0.87442,36900000,1
1414116300000,1414116359000,0.87441,0.87441,0.87436,0.87438,31670000,1
1414116360000,1414116419000,0.87438,0.87438,0.87436,0.87437,17390000,1
1414116420000,1414116479000,0.87436,0.87441,0.87436,0.8744,30860000,1
1414116480000,1414116539000,0.87441,0.87451,0.8744,0.87443,54430000,1
1414116540000,1414116599000,0.87443,0.87443,0.87438,0.87439,9820000,1
1414116600000,1414116659000,0.87439,0.8744,0.87437,0.87437,39990000,1
1414116660000,1414116719000,0.8744,0.87464,0.8744,0.87462,41760000,1
1414116720000,1414116779000,0.87462,0.87463,0.87455,0.87463,26410000,1
1414116780000,1414116839000,0.87463,0.87463,0.87444,0.87452,39970000,1
1414116840000,1414116899000,0.87453,0.87455,0.87452,0.87452,12000000,1
1414116900000,1414116959000,0.87452,0.87462,0.8745,0.87459,55120000,1
1414116960000,1414117019000,0.87458,0.87458,0.87454,0.87456,36810000,1
1414117020000,1414117079000,0.87458,0.87463,0.87456,0.87463,20230000,1
1414117080000,1414117139000,0.87462,0.87462,0.87446,0.87446,20400000,1
1414117140000,1414117199000,0.87446,0.87447,0.87441,0.87444,36000000,1
1414117200000,1414117259000,0.87442,0.87442,0.87441,0.87441,20000000,1
1414117260000,1414117319000,0.87444,0.87448,0.87443,0.87448,26000000,1
1414117320000,1414117379000,0.87446,0.87446,0.8744,0.87441,21500000,1
1414117380000,1414117439000,0.87441,0.87452,0.87441,0.8745,37600000,1
1414117440000,1414117499000,0.87452,0.87455,0.87442,0.87444,69600000,1
1414117500000,1414117559000,0.87441,0.87444,0.87441,0.87441,17500000,1
1414117560000,1414117619000,0.87441,0.87441,0.87437,0.87439,15000000,1
1414117620000,1414117679000,0.87439,0.8744,0.87437,0.87437,11760000,1
1414117680000,1414117739000,0.87437,0.87439,0.87437,0.87438,5900000,1
1414117740000,1414117799000,0.87438,0.87439,0.87437,0.87439,20880000,1
1414117800000,1414117859000,0.87441,0.87441,0.87437,0.87439,43240000,1
1414117860000,1414117919000,0.87441,0.87451,0.87441,0.87451,15300000,1
1414117920000,1414117979000,0.87451,0.87457,0.87447,0.87456,34870000,1
1414117980000,1414118039000,0.87456,0.87457,0.87452,0.87453,38490000,1
1414118040000,1414118099000,0.87454,0.87456,0.87449,0.87449,28000000,1
1414118100000,1414118159000,0.87449,0.87449,0.87443,0.87444,31500000,1
1414118160000,1414118219000,0.87444,0.87452,0.87444,0.8745,26350000,1
1414118220000,1414118279000,0.8745,0.87455,0.8745,0.8745,14940000,1
1414118280000,1414118339000,0.8745,0.8745,0.87445,0.87445,9500000,1
1414118340000,1414118399000,0.87445,0.87445,0.87442,0.87443,21000000,1
1414118400000,1414118459000,0.87442,0.87444,0.87436,0.87438,33170000,1
1414118460000,1414118519000,0.8744,0.8744,0.87438,0.8744,27000000,1
1414118520000,1414118579000,0.8744,0.8744,0.87438,0.87439,41500000,1
1414118580000,1414118639000,0.87439,0.8744,0.87425,0.87425,31200000,1
1414118640000,1414118699000,0.87427,0.87434,0.87419,0.8742,38120000,1
1414118700000,1414118759000,0.8742,0.8742,0.87419,0.8742,23500000,1
1414118760000,1414118819000,0.8742,0.8742,0.87416,0.87419,31000000,1
1414118820000,1414118879000,0.87419,0.87421,0.87417,0.87419,41250000,1
1414118880000,1414118939000,0.87419,0.87423,0.87419,0.8742,32420000,1
1414118940000,1414118999000,0.87422,0.87425,0.87421,0.87424,29000000,1
1414119000000,1414119059000,0.87424,0.87425,0.87419,0.8742,28500000,1
1414119060000,1414119119000,0.87422,0.87431,0.87419,0.8743,29320000,1
1414119120000,1414119179000,0.8743,0.87434,0.8743,0.87431,12250000,1
1414119180000,1414119239000,0.87432,0.87432,0.87424,0.87424,21000000,1
1414119240000,1414119299000,0.87425,0.87425,0.87419,0.87421,28750000,1
1414119300000,1414119359000,0.87421,0.87423,0.8742,0.8742,18870000,1
1414119360000,1414119419000,0.8742,0.87423,0.8742,0.87422,12890000,1
1414119420000,1414119479000,0.87422,0.87422,0.87419,0.87422,28570000,1
1414119480000,1414119539000,0.87422,0.87422,0.87417,0.87422,21470000,1
1414119540000,1414119599000,0.8742,0.8742,0.8741,0.8741,28650000,1
1414119600000,1414119659000,0.8741,0.87412,0.87407,0.87409,28150000,1
1414119660000,1414119719000,0.87409,0.87409,0.87397,0.87401,46600000,1
1414119720000,1414119779000,0.87401,0.87402,0.87382,0.87382,46620000,1
1414119780000,1414119839000,0.8738,0.87396,0.87374,0.87396,84610000,1
1414119840000,1414119899000,0.87396,0.87415,0.87396,0.87415,43470000,1
1414119900000,1414119959000,0.87409,0.87409,0.87401,0.87402,18460000,1
1414119960000,1414120019000,0.87402,0.87413,0.87402,0.87405,28590000,1
1414120020000,1414120079000,0.87405,0.8741,0.87403,0.87405,30140000,1
1414120080000,1414120139000,0.87406,0.87408,0.87406,0.87408,6350000,1
1414120140000,1414120199000,0.87408,0.87412,0.87408,0.8741,71440000,1
1414120200000,1414120259000,0.87411,0.87412,0.87402,0.87402,24930000,1
1414120260000,1414120319000,0.87401,0.87401,0.874,0.874,4290000,1
1414120320000,1414120379000,0.874,0.87403,0.87398,0.87401,46820000,1
1414120380000,1414120439000,0.874,0.87401,0.87397,0.87398,37370000,1
1414120440000,1414120499000,0.87398,0.87401,0.87397,0.87398,46750000,1
1414120500000,1414120559000,0.87399,0.87401,0.87396,0.87397,37840000,1
1414120560000,1414120619000,0.87398,0.87398,0.87389,0.87389,33300000,1
1414120620000,1414120679000,0.87391,0.87394,0.8739,0.87394,4000000,1
1414120680000,1414120739000,0.87393,0.87393,0.87389,0.87389,12280000,1
1414120740000,1414120799000,0.87389,0.87393,0.87385,0.87386,33730000,1
1414120800000,1414120859000,0.87384,0.87393,0.87384,0.87393,18100000,1
1414120860000,1414120919000,0.87392,0.87392,0.8739,0.87391,17750000,1
1414120920000,1414120979000,0.87392,0.87404,0.87391,0.87403,30790000,1
1414120980000,1414121039000,0.87403,0.87404,0.874,0.874,12890000,1
1414121040000,1414121099000,0.87403,0.87404,0.87401,0.87403,8000000,1
1414121100000,1414121159000,0.87401,0.87411,0.87399,0.8741,69320000,1
1414121160000,1414121219000,0.87409,0.87412,0.87407,0.87412,46020000,1
1414121220000,1414121279000,0.87412,0.87413,0.8741,0.87413,14240000,1
1414121280000,1414121339000,0.87413,0.87422,0.87413,0.87422,24140000,1
1414121340000,1414121399000,0.87421,0.87438,0.87421,0.87435,41370000,1
1414121400000,1414121459000,0.87435,0.87435,0.87424,0.87431,42520000,1
1414121460000,1414121519000,0.87431,0.87443,0.87431,0.87441,29190000,1
1414121520000,1414121579000,0.87441,0.87443,0.87441,0.87441,49960000,1
1414121580000,1414121639000,0.87444,0.87452,0.87442,0.87445,36370000,1
1414121640000,1414121699000,0.87448,0.87453,0.87448,0.87451,10000000,1
1414121700000,1414121759000,0.87451,0.87453,0.8745,0.87452,18400000,1
1414121760000,1414121819000,0.87451,0.87453,0.8745,0.87452,33320000,1
1414121820000,1414121879000,0.87454,0.87473,0.87454,0.87472,28870000,1
1414121880000,1414121939000,0.87472,0.87479,0.87472,0.87475,45220000,1
1414121940000,1414121999000,0.87474,0.87475,0.87465,0.87472,62510000,1
1414122000000,1414122059000,0.87472,0.87478,0.87472,0.87477,24540000,1
1414122060000,1414122119000,0.87481,0.87544,0.87481,0.87542,112640000,1
1414122120000,1414122179000,0.87543,0.87543,0.8752,0.8752,119930000,1
1414122180000,1414122239000,0.87517,0.87525,0.87511,0.87524,83180000,1
1414122240000,1414122299000,0.87525,0.8753,0.87525,0.87529,29250000,1
1414122300000,1414122359000,0.87529,0.87529,0.87524,0.87526,23750000,1
1414122360000,1414122419000,0.87525,0.87541,0.87523,0.87537,87830000,1
1414122420000,1414122479000,0.87538,0.87593,0.87538,0.87584,166160000,1
1414122480000,1414122539000,0.87583,0.87613,0.87579,0.87608,165520000,1
1414122540000,1414122599000,0.87608,0.87622,0.87607,0.87621,104120000,1
1414122600000,1414122659000,0.87621,0.87622,0.87586,0.87589,113950000,1
1414122660000,1414122719000,0.87589,0.8759,0.87582,0.87582,55880000,1
1414122720000,1414122779000,0.87581,0.87584,0.87571,0.87573,31450000,1
1414122780000,1414122839000,0.87573,0.87573,0.8756,0.87569,45470000,1
1414122840000,1414122899000,0.87573,0.87574,0.87566,0.8757,49460000,1
1414122900000,1414122959000,0.8757,0.8757,0.87563,0.87563,31520000,1
1414122960000,1414123019000,0.87563,0.87565,0.87563,0.87565,9500000,1
1414123020000,1414123079000,0.87565,0.87565,0.87562,0.87563,10000000,1
1414123080000,1414123139000,0.87562,0.87562,0.87562,0.87562,10000000,1
1414123140000,1414123199000,0.87562,0.87562,0.87551,0.87554,27500000,1
1414123200000,1414123259000,0.87554,0.87557,0.87549,0.87553,32510000,1
1414123260000,1414123319000,0.87553,0.87559,0.87549,0.87558,29530000,1
1414123320000,1414123379000,0.87558,0.87558,0.87549,0.87552,28900000,1
1414123380000,1414123439000,0.8755,0.87551,0.87545,0.87548,24890000,1
1414123440000,1414123499000,0.87544,0.87555,0.87544,0.87545,43670000,1
1414123500000,1414123559000,0.87545,0.87545,0.87542,0.87543,19750000,1
1414123560000,1414123619000,0.87544,0.87545,0.87543,0.87543,6500000,1
1414123620000,1414123679000,0.87543,0.87543,0.8753,0.87541,32830000,1
1414123680000,1414123739000,0.87542,0.87545,0.87535,0.87535,26000000,1
1414123740000,1414123799000,0.87535,0.87542,0.87534,0.8754,11620000,1
1414123800000,1414123859000,0.87539,0.87554,0.87539,0.87539,56130000,1
1414123860000,1414123919000,0.87539,0.87548,0.87539,0.87548,21040000,1
1414123920000,1414123979000,0.87548,0.87552,0.87515,0.87523,48950000,1
1414123980000,1414124039000,0.87521,0.87533,0.87512,0.87514,90440000,1
1414124040000,1414124099000,0.87515,0.87521,0.87514,0.87521,40720000,1
1414124100000,1414124159000,0.87521,0.87533,0.87521,0.87533,23600000,1
1414124160000,1414124219000,0.87535,0.87543,0.87534,0.87543,70980000,1
1414124220000,1414124279000,0.87545,0.87551,0.87545,0.87547,57110000,1
1414124280000,1414124339000,0.87547,0.87562,0.87547,0.87562,102640000,1
1414124340000,1414124399000,0.87563,0.87567,0.87562,0.87567,36390000,1
1414124400000,1414124459000,0.87566,0.87583,0.8756,0.87583,47780000,1
1414124460000,1414124519000,0.87584,0.87612,0.87584,0.87598,91120000,1
1414124520000,1414124579000,0.87598,0.87602,0.87572,0.87572,51570000,1
1414124580000,1414124639000,0.87572,0.87574,0.87555,0.87564,64470000,1
1414124640000,1414124699000,0.87564,0.87574,0.87554,0.87571,52280000,1
1414124700000,1414124759000,0.87573,0.87574,0.87562,0.87562,38490000,1
1414124760000,1414124819000,0.87562,0.87587,0.87562,0.87587,51030000,1
1414124820000,1414124879000,0.87591,0.876,0.87591,0.87592,31690000,1
1414124880000,1414124939000,0.87592,0.87603,0.87592,0.87599,68350000,1
1414124940000,1414124999000,0.87601,0.87603,0.87596,0.87603,36030000,1
1414125000000,1414125059000,0.87603,0.87603,0.87602,0.87602,3000000,1
1414125060000,1414125119000,0.87603,0.87617,0.87601,0.8761,33830000,1
1414125120000,1414125179000,0.87614,0.87616,0.876,0.876,24250000,1
1414125180000,1414125239000,0.87598,0.87598,0.87586,0.87587,19410000,1
1414125240000,1414125299000,0.87588,0.87588,0.87585,0.87585,6640000,1
1414125300000,1414125359000,0.87585,0.87585,0.87583,0.87583,8500000,1
1414125360000,1414125419000,0.87583,0.87583,0.87575,0.87577,15000000,1
1414125420000,1414125479000,0.87579,0.87584,0.87577,0.87577,39770000,1
1414125480000,1414125539000,0.87577,0.87583,0.8757,0.87573,26020000,1
1414125540000,1414125599000,0.87574,0.87577,0.87563,0.8757,37670000,1
1414125600000,1414125659000,0.8757,0.8757,0.8756,0.87565,47640000,1
1414125660000,1414125719000,0.87566,0.87584,0.87566,0.87583,13440000,1
1414125720000,1414125779000,0.87582,0.87582,0.87582,0.87582,1500000,1
1414125780000,1414125839000,0.87583,0.87592,0.87582,0.87589,35310000,1
1414125840000,1414125899000,0.87589,0.87596,0.87589,0.87594,23140000,1
1414125900000,1414125959000,0.87596,0.87623,0.87579,0.8758,85840000,1
1414125960000,1414126019000,0.87579,0.87582,0.87557,0.87572,43620000,1
1414126020000,1414126079000,0.87571,0.87571,0.87567,0.87568,23390000,1
1414126080000,1414126139000,0.87566,0.87603,0.87565,0.87603,75440000,1
1414126140000,1414126199000,0.87604,0.87623,0.876,0.87623,30620000,1
1414126200000,1414126259000,0.87623,0.87623,0.8761,0.8761,48690000,1
1414126260000,1414126319000,0.8761,0.87624,0.8761,0.87624,35710000,1
1414126320000,1414126379000,0.87623,0.87631,0.8762,0.87626,76550000,1
1414126380000,1414126439000,0.87624,0.87631,0.87621,0.8763,16270000,1
1414126440000,1414126499000,0.87631,0.87631,0.87604,0.87605,29880000,1
1414126500000,1414126559000,0.87607,0.87611,0.87595,0.876,67100000,1
1414126560000,1414126619000,0.876,0.87607,0.87596,0.87596,46820000,1
1414126620000,1414126679000,0.87593,0.87599,0.87592,0.87593,59750000,1
1414126680000,1414126739000,0.87592,0.87592,0.87582,0.87586,22120000,1
1414126740000,1414126799000,0.87585,0.87585,0.87576,0.87576,33320000,1
1414126800000,1414126859000,0.87576,0.87584,0.87573,0.87582,55570000,1
1414126860000,1414126919000,0.87582,0.87582,0.87552,0.87559,77150000,1
1414126920000,1414126979000,0.87561,0.87583,0.87561,0.87583,16330000,1
1414126980000,1414127039000,0.87583,0.87591,0.87582,0.87589,12800000,1
1414127040000,1414127099000,0.87589,0.8759,0.87589,0.87589,10330000,1
1414127100000,1414127159000,0.87589,0.87593,0.87589,0.87589,39180000,1
1414127160000,1414127219000,0.87591,0.87591,0.87591,0.87591,14300000,1
1414127220000,1414127279000,0.87591,0.87613,0.8759,0.87613,53920000,1
1414127280000,1414127339000,0.87613,0.87613,0.87612,0.87612,9780000,1
1414127340000,1414127399000,0.87612,0.8765,0.87612,0.87649,64290000,1
1414127400000,1414127459000,0.87649,0.87674,0.8764,0.8767,126630000,1
1414127460000,1414127519000,0.8767,0.87675,0.87663,0.87674,62520000,1
1414127520000,1414127579000,0.87674,0.87674,0.87666,0.87666,28100000,1
1414127580000,1414127639000,0.87665,0.87671,0.87665,0.87668,35820000,1
1414127640000,1414127699000,0.87668,0.87671,0.87655,0.87667,85570000,1
1414127700000,1414127759000,0.87664,0.87664,0.87658,0.87659,41930000,1
1414127760000,1414127819000,0.87659,0.87665,0.87656,0.87665,58000000,1
1414127820000,1414127879000,0.87663,0.87679,0.87663,0.8767,41820000,1
1414127880000,1414127939000,0.87668,0.87668,0.87658,0.87661,37940000,1
1414127940000,1414127999000,0.87662,0.87664,0.87662,0.87664,5000000,1
1414128000000,1414128059000,0.87664,0.87674,0.87664,0.87671,17590000,1
1414128060000,1414128119000,0.87673,0.87676,0.87673,0.87673,16750000,1
1414128120000,1414128179000,0.87673,0.87683,0.87672,0.8768,24990000,1
1414128180000,1414128239000,0.87682,0.87695,0.87682,0.87691,25460000,1
1414128240000,1414128299000,0.8769,0.87711,0.8769,0.87711,75690000,1
1414128300000,1414128359000,0.87708,0.87711,0.87702,0.87705,63460000,1
1414128360000,1414128419000,0.87706,0.87708,0.87702,0.87702,17500000,1
1414128420000,1414128479000,0.87702,0.87709,0.87702,0.87709,34740000,1
1414128480000,1414128539000,0.87711,0.87724,0.87711,0.87724,58740000,1
1414128540000,1414128599000,0.87722,0.87732,0.8772,0.87729,38270000,1
1414128600000,1414128659000,0.87728,0.8773,0.87705,0.87721,64700000,1
1414128660000,1414128719000,0.8772,0.87722,0.87676,0.87676,76550000,1
1414128720000,1414128779000,0.87674,0.87681,0.87673,0.87674,61310000,1
1414128780000,1414128839000,0.87674,0.87682,0.87674,0.87677,42810000,1
1414128840000,1414128899000,0.87677,0.87682,0.87677,0.87681,12000000,1
1414128900000,1414128959000,0.87681,0.87686,0.87681,0.87686,21720000,1
1414128960000,1414129019000,0.87686,0.87692,0.87685,0.8769,23820000,1
1414129020000,1414129079000,0.8769,0.87691,0.87686,0.87686,48520000,1
1414129080000,1414129139000,0.87686,0.87686,0.87684,0.87685,31650000,1
1414129140000,1414129199000,0.87685,0.87685,0.87678,0.87678,15770000,1
1414129200000,1414129259000,0.87684,0.87684,0.8767,0.8767,52170000,1
1414129260000,1414129319000,0.8767,0.87683,0.8767,0.87682,47840000,1
1414129320000,1414129379000,0.87683,0.87683,0.87679,0.87682,38370000,1
1414129380000,1414129439000,0.87681,0.87684,0.87677,0.87679,19590000,1
1414129440000,1414129499000,0.87679,0.8768,0.87679,0.8768,5500000,1
1414129500000,1414129559000,0.8768,0.87696,0.8768,0.87694,48600000,1
1414129560000,1414129619000,0.87694,0.8772,0.87694,0.87704,63370000,1
1414129620000,1414129679000,0.87704,0.87708,0.87702,0.87704,42150000,1
1414129680000,1414129739000,0.87704,0.87707,0.87693,0.87707,37000000,1
1414129740000,1414129799000,0.87705,0.87705,0.87702,0.87703,11000000,1
1414129800000,1414129859000,0.87702,0.87702,0.87697,0.87702,22100000,1
1414129860000,1414129919000,0.877,0.87701,0.87687,0.87692,30250000,1
1414129920000,1414129979000,0.87687,0.87693,0.87663,0.87665,42510000,1
1414129980000,1414130039000,0.87666,0.87673,0.87665,0.87666,41370000,1
1414130040000,1414130099000,0.87666,0.87671,0.87657,0.87671,48220000,1
1414130100000,1414130159000,0.87668,0.87668,0.87647,0.87651,85160000,1
1414130160000,1414130219000,0.87652,0.8766,0.8764,0.8764,56290000,1
1414130220000,1414130279000,0.8764,0.8764,0.87634,0.87639,28440000,1
1414130280000,1414130339000,0.87639,0.87642,0.87639,0.87642,12260000,1
1414130340000,1414130399000,0.87641,0.8765,0.87641,0.87648,22100000,1
1414130400000,1414130459000,0.87648,0.8765,0.87642,0.87645,59870000,1
1414130460000,1414130519000,0.87645,0.87647,0.87642,0.87642,54380000,1
1414130520000,1414130579000,0.87642,0.87653,0.87642,0.87653,31380000,1
1414130580000,1414130639000,0.87653,0.87666,0.87649,0.87653,65700000,1
1414130640000,1414130699000,0.87653,0.87653,0.87642,0.87642,22270000,1
1414130700000,1414130759000,0.87643,0.87645,0.87639,0.8764,37650000,1
1414130760000,1414130819000,0.87638,0.87638,0.8762,0.87622,41440000,1
1414130820000,1414130879000,0.87622,0.87638,0.87622,0.87638,35240000,1
1414130880000,1414130939000,0.87638,0.87651,0.87637,0.87643,51120000,1
1414130940000,1414130999000,0.87643,0.87646,0.87643,0.87646,49080000,1
1414131000000,1414131059000,0.87646,0.87648,0.87629,0.87629,68190000,1
1414131060000,1414131119000,0.87629,0.87643,0.87625,0.87637,41840000,1
1414131120000,1414131179000,0.87637,0.87637,0.87622,0.87622,42650000,1
1414131180000,1414131239000,0.87622,0.87624,0.87605,0.87623,53300000,1
1414131240000,1414131299000,0.87623,0.87638,0.87623,0.87637,80530000,1
1414131300000,1414131359000,0.87637,0.87654,0.87637,0.87652,59610000,1
1414131360000,1414131419000,0.87651,0.87654,0.87651,0.87654,28940000,1
1414131420000,1414131479000,0.87654,0.87654,0.87653,0.87654,36960000,1
1414131480000,1414131539000,0.87655,0.87655,0.87655,0.87655,12000000,1
1414131540000,1414131599000,0.87653,0.87662,0.87652,0.87662,29680000,1
1414131600000,1414131659000,0.87662,0.87664,0.87662,0.87664,8500000,1
1414131660000,1414131719000,0.87661,0.87664,0.87659,0.87662,24850000,1
1414131720000,1414131779000,0.87662,0.87667,0.87654,0.87667,26060000,1
1414131780000,1414131839000,0.87669,0.87669,0.87663,0.87664,17690000,1
1414131840000,1414131899000,0.87658,0.8766,0.87627,0.87632,71300000,1
1414131900000,1414131959000,0.87631,0.87659,0.87631,0.87653,43840000,1
1414131960000,1414132019000,0.87652,0.87655,0.87642,0.87643,40230000,1
1414132020000,1414132079000,0.87638,0.87653,0.87637,0.87649,84950000,1
1414132080000,1414132139000,0.87652,0.87652,0.87642,0.87643,45950000,1
1414132140000,1414132199000,0.87643,0.87652,0.87642,0.8765,32750000,1
1414132200000,1414132259000,0.8765,0.87652,0.87649,0.87652,57870000,1
1414132260000,1414132319000,0.87652,0.87672,0.87649,0.87672,56810000,1
1414132320000,1414132379000,0.87672,0.87674,0.87671,0.87674,22390000,1
1414132380000,1414132439000,0.87676,0.87689,0.87676,0.87688,68630000,1
1414132440000,1414132499000,0.87688,0.87703,0.87688,0.87694,48170000,1
1414132500000,1414132559000,0.87697,0.87697,0.87681,0.87688,58840000,1
1414132560000,1414132619000,0.87688,0.87691,0.87686,0.87689,56420000,1
1414132620000,1414132679000,0.87688,0.87688,0.8767,0.8767,34580000,1
1414132680000,1414132739000,0.8767,0.87672,0.87656,0.87656,33700000,1
1414132740000,1414132799000,0.87656,0.8766,0.8765,0.8765,51040000,1
1414132800000,1414132859000,0.8765,0.87652,0.87637,0.87643,47200000,1
1414132860000,1414132919000,0.87643,0.87655,0.87641,0.87653,59220000,1
1414132920000,1414132979000,0.87651,0.87653,0.87634,0.87634,30470000,1
1414132980000,1414133039000,0.87634,0.87634,0.87626,0.87626,38650000,1
1414133040000,1414133099000,0.87626,0.87626,0.87613,0.87614,36300000,1
1414133100000,1414133159000,0.87614,0.87614,0.87611,0.87613,20000000,1
1414133160000,1414133219000,0.87614,0.87615,0.87608,0.87612,23250000,1
1414133220000,1414133279000,0.87612,0.87612,0.87611,0.87611,30000000,1
1414133280000,1414133339000,0.87611,0.87611,0.8759,0.87593,57720000,1
1414133340000,1414133399000,0.87593,0.87604,0.87589,0.87601,37460000,1
1414133400000,1414133459000,0.876,0.87602,0.87596,0.87602,34870000,1
1414133460000,1414133519000,0.87602,0.87619,0.87602,0.87618,50600000,1
1414133520000,1414133579000,0.87616,0.87624,0.87616,0.8762,38450000,1
1414133580000,1414133639000,0.87619,0.87621,0.87613,0.87613,82160000,1
1414133640000,1414133699000,0.87615,0.87624,0.87613,0.87614,55170000,1
1414133700000,1414133759000,0.87613,0.87613,0.87601,0.87601,56340000,1
1414133760000,1414133819000,0.87601,0.87603,0.87595,0.87596,50250000,1
1414133820000,1414133879000,0.87596,0.87597,0.87571,0.87571,58110000,1
1414133880000,1414133939000,0.87572,0.87573,0.87547,0.87548,92650000,1
1414133940000,1414133999000,0.87549,0.8755,0.87535,0.87542,96010000,1
1414134000000,1414134059000,0.87542,0.87563,0.87531,0.87531,115950000,1
1414134060000,1414134119000,0.87534,0.87552,0.87532,0.8755,100590000,1
1414134120000,1414134179000,0.87553,0.87563,0.87549,0.87561,93660000,1
1414134180000,1414134239000,0.87559,0.87563,0.87554,0.87563,51500000,1
1414134240000,1414134299000,0.87561,0.87565,0.87553,0.87561,68300000,1
1414134300000,1414134359000,0.87561,0.8758,0.87561,0.87563,62600000,1
1414134360000,1414134419000,0.87564,0.87564,0.87556,0.8756,34000000,1
1414134420000,1414134479000,0.8756,0.8758,0.87553,0.8758,98510000,1
1414134480000,1414134539000,0.8758,0.87596,0.8758,0.87583,63780000,1
1414134540000,1414134599000,0.87583,0.876,0.87574,0.876,65080000,1
1414134600000,1414134659000,0.87596,0.87596,0.87582,0.87591,47160000,1
1414134660000,1414134719000,0.87591,0.87597,0.87591,0.87595,45170000,1
1414134720000,1414134779000,0.87595,0.87606,0.87595,0.87605,53590000,1
1414134780000,1414134839000,0.87605,0.87622,0.87605,0.87618,84870000,1
1414134840000,1414134899000,0.87619,0.87621,0.87603,0.87603,92910000,1
1414134900000,1414134959000,0.87601,0.87601,0.87572,0.87584,70070000,1
1414134960000,1414135019000,0.87583,0.87587,0.87563,0.87565,50330000,1
1414135020000,1414135079000,0.87564,0.87564,0.87533,0.87543,76490000,1
1414135080000,1414135139000,0.87543,0.8755,0.87541,0.87544,43360000,1
1414135140000,1414135199000,0.87545,0.87547,0.87516,0.87526,107550000,1
1414135200000,1414135259000,0.87528,0.8753,0.87498,0.87503,115530000,1
1414135260000,1414135319000,0.87503,0.87522,0.87503,0.8752,76350000,1
1414135320000,1414135379000,0.8752,0.87535,0.87519,0.8753,74280000,1
1414135380000,1414135439000,0.8753,0.87538,0.8752,0.87531,94310000,1
1414135440000,1414135499000,0.87531,0.87565,0.87521,0.87565,114940000,1
1414135500000,1414135559000,0.87568,0.87581,0.87552,0.87552,102650000,1
1414135560000,1414135619000,0.87551,0.87551,0.87514,0.87527,99080000,1
1414135620000,1414135679000,0.87525,0.87577,0.87524,0.87573,125920000,1
1414135680000,1414135739000,0.87572,0.87573,0.87545,0.87564,87980000,1
1414135740000,1414135799000,0.87564,0.87572,0.87542,0.87543,53100000,1
1414135800000,1414135859000,0.87542,0.87562,0.87542,0.87548,94200000,1
1414135860000,1414135919000,0.87549,0.8755,0.87541,0.87541,41620000,1
1414135920000,1414135979000,0.87544,0.87581,0.87544,0.87576,93230000,1
1414135980000,1414136039000,0.87576,0.87583,0.87573,0.87575,59200000,1
1414136040000,1414136099000,0.87574,0.87579,0.8756,0.87579,136370000,1
1414136100000,1414136159000,0.87582,0.87591,0.87572,0.87572,63030000,1
1414136160000,1414136219000,0.87571,0.87571,0.87566,0.87567,90600000,1
1414136220000,1414136279000,0.87567,0.87569,0.8756,0.87567,87010000,1
1414136280000,1414136339000,0.87567,0.87567,0.87552,0.87562,54800000,1
1414136340000,1414136399000,0.87565,0.87572,0.87563,0.87572,19190000,1
1414136400000,1414136459000,0.87571,0.87581,0.87571,0.87578,32110000,1
1414136460000,1414136519000,0.87581,0.87584,0.87565,0.87571,81980000,1
1414136520000,1414136579000,0.87571,0.87583,0.87553,0.87583,94180000,1
1414136580000,1414136639000,0.87582,0.87604,0.8758,0.87603,90000000,1
1414136640000,1414136699000,0.87603,0.87611,0.87602,0.87603,60310000,1
1414136700000,1414136759000,0.87603,0.87607,0.87603,0.87605,37200000,1
1414136760000,1414136819000,0.87605,0.87615,0.87605,0.87612,67210000,1
1414136820000,1414136879000,0.87612,0.87624,0.87612,0.87624,27440000,1
1414136880000,1414136939000,0.87623,0.87633,0.87622,0.87633,35500000,1
1414136940000,1414136999000,0.87632,0.8764,0.87632,0.87638,50700000,1
1414137000000,1414137059000,0.87637,0.87664,0.87637,0.87664,82940000,1
1414137060000,1414137119000,0.87665,0.87675,0.87663,0.87672,74850000,1
1414137120000,1414137179000,0.87672,0.87672,0.87645,0.8765,65520000,1
1414137180000,1414137239000,0.87649,0.87649,0.8764,0.87645,55970000,1
1414137240000,1414137299000,0.87645,0.8765,0.8764,0.8765,54200000,1
1414137300000,1414137359000,0.8765,0.8765,0.87634,0.87634,46330000,1
1414137360000,1414137419000,0.87634,0.87645,0.87632,0.87645,79570000,1
1414137420000,1414137479000,0.87645,0.8766,0.87642,0.87659,45210000,1
1414137480000,1414137539000,0.87659,0.8766,0.87651,0.87651,68030000,1
1414137540000,1414137599000,0.87651,0.87661,0.87651,0.87659,62800000,1
1414137600000,1414137659000,0.87659,0.8766,0.87653,0.87659,57530000,1
1414137660000,1414137719000,0.87659,0.8767,0.87656,0.87669,72320000,1
1414137720000,1414137779000,0.87669,0.87671,0.87653,0.87661,50010000,1
1414137780000,1414137839000,0.87661,0.87662,0.8765,0.87653,65640000,1
1414137840000,1414137899000,0.87654,0.87663,0.87654,0.87663,50270000,1
1414137900000,1414137959000,0.87667,0.87677,0.8766,0.8766,50670000,1
1414137960000,1414138019000,0.87663,0.8771,0.87661,0.87693,103240000,1
1414138020000,1414138079000,0.87692,0.87695,0.87675,0.87677,74800000,1
1414138080000,1414138139000,0.87677,0.87681,0.87673,0.87675,41810000,1
1414138140000,1414138199000,0.87675,0.87695,0.87675,0.87693,42340000,1
1414138200000,1414138259000,0.87693,0.87714,0.87691,0.87711,90030000,1
1414138260000,1414138319000,0.8771,0.87722,0.87706,0.87722,65690000,1
1414138320000,1414138379000,0.87722,0.87725,0.87716,0.87722,49110000,1
1414138380000,1414138439000,0.87721,0.87735,0.8771,0.87712,107040000,1
1414138440000,1414138499000,0.8771,0.8771,0.87692,0.87693,88320000,1
1414138500000,1414138559000,0.87693,0.87713,0.87693,0.87711,44630000,1
1414138560000,1414138619000,0.8771,0.87714,0.87705,0.87709,57700000,1
1414138620000,1414138679000,0.87708,0.87712,0.87694,0.87694,62000000,1
1414138680000,1414138739000,0.87697,0.87715,0.87693,0.87715,73980000,1
1414138740000,1414138799000,0.87715,0.87723,0.87712,0.87721,41890000,1
1414138800000,1414138859000,0.87721,0.87762,0.87719,0.87758,141830000,1
1414138860000,1414138919000,0.87763,0.87769,0.87754,0.87765,62150000,1
1414138920000,1414138979000,0.87765,0.8784,0.87765,0.87823,123300000,1
1414138980000,1414139039000,0.87823,0.87824,0.87803,0.87804,149470000,1
1414139040000,1414139099000,0.87804,0.87837,0.87804,0.8783,156970000,1
1414139100000,1414139159000,0.8783,0.8783,0.87792,0.87804,91030000,1
1414139160000,1414139219000,0.87803,0.87803,0.87795,0.878,55350000,1
1414139220000,1414139279000,0.878,0.87806,0.878,0.87804,22430000,1
1414139280000,1414139339000,0.87804,0.87822,0.878,0.87813,72830000,1
1414139340000,1414139399000,0.87813,0.87813,0.87797,0.87798,74870000,1
1414139400000,1414139459000,0.87797,0.87812,0.87797,0.87805,119510000,1
1414139460000,1414139519000,0.87805,0.87805,0.87782,0.87782,86520000,1
1414139520000,1414139579000,0.87782,0.87793,0.8777,0.87791,111730000,1
1414139580000,1414139639000,0.87791,0.87793,0.87784,0.87788,94980000,1
1414139640000,1414139699000,0.87791,0.87799,0.87789,0.87794,88870000,1
1414139700000,1414139759000,0.87794,0.87794,0.87778,0.87779,65000000,1
1414139760000,1414139819000,0.87779,0.87784,0.87769,0.87772,61950000,1
1414139820000,1414139879000,0.87772,0.87772,0.87749,0.87749,73120000,1
1414139880000,1414139939000,0.87749,0.8776,0.87743,0.87743,70690000,1
1414139940000,1414139999000,0.87743,0.87759,0.87743,0.87754,84420000,1
1414140000000,1414140059000,0.87756,0.87782,0.87756,0.87782,147470000,1
1414140060000,1414140119000,0.87782,0.87792,0.87782,0.87783,76840000,1
1414140120000,1414140179000,0.87783,0.8779,0.8777,0.8777,56780000,1
1414140180000,1414140239000,0.87772,0.87773,0.87762,0.87763,32500000,1
1414140240000,1414140299000,0.87763,0.87763,0.8776,0.87762,14500000,1
1414140300000,1414140359000,0.87762,0.87766,0.87752,0.87756,58150000,1
1414140360000,1414140419000,0.87756,0.87769,0.87743,0.87753,106510000,1
1414140420000,1414140479000,0.87751,0.87751,0.87728,0.87731,52690000,1
1414140480000,1414140539000,0.87731,0.87736,0.87724,0.87733,79490000,1
1414140540000,1414140599000,0.87733,0.87743,0.87733,0.87741,48860000,1
1414140600000,1414140659000,0.87741,0.87742,0.87741,0.87741,36360000,1
1414140660000,1414140719000,0.87742,0.87753,0.87742,0.87753,26120000,1
1414140720000,1414140779000,0.87752,0.87761,0.87752,0.87761,47950000,1
1414140780000,1414140839000,0.87761,0.8777,0.87752,0.87752,113920000,1
1414140840000,1414140899000,0.87752,0.87752,0.87729,0.87729,64700000,1
1414140900000,1414140959000,0.87729,0.8774,0.87724,0.87724,52250000,1
1414140960000,1414141019000,0.87724,0.87741,0.87721,0.8774,63780000,1
1414141020000,1414141079000,0.8774,0.87741,0.87724,0.87729,65010000,1
1414141080000,1414141139000,0.87731,0.87732,0.87731,0.87732,38670000,1
1414141140000,1414141199000,0.87732,0.87742,0.8773,0.8774,69730000,1
1414141200000,1414141259000,0.8774,0.87758,0.8774,0.87757,79290000,1
1414141260000,1414141319000,0.87757,0.87758,0.8774,0.87742,63800000,1
1414141320000,1414141379000,0.87742,0.87742,0.8774,0.8774,64340000,1
1414141380000,1414141439000,0.8774,0.87741,0.87738,0.87741,53130000,1
1414141440000,1414141499000,0.87741,0.87753,0.87741,0.87753,20170000,1
1414141500000,1414141559000,0.87756,0.87763,0.87756,0.87762,61140000,1
1414141560000,1414141619000,0.87762,0.87772,0.87757,0.87772,76790000,1
1414141620000,1414141679000,0.87772,0.87773,0.87764,0.87772,87300000,1
1414141680000,1414141739000,0.87772,0.87791,0.87772,0.8779,137950000,1
1414141740000,1414141799000,0.8779,0.8779,0.87772,0.87772,52690000,1
1414141800000,1414141859000,0.87772,0.87779,0.87772,0.87779,37010000,1
1414141860000,1414141919000,0.87782,0.8779,0.87782,0.87782,127540000,1
1414141920000,1414141979000,0.87782,0.87791,0.87782,0.87783,67410000,1
1414141980000,1414142039000,0.87784,0.87791,0.87769,0.87786,63720000,1
1414142040000,1414142099000,0.87784,0.87792,0.87784,0.87791,55550000,1
1414142100000,1414142159000,0.87792,0.87792,0.87774,0.8778,85870000,1
1414142160000,1414142219000,0.8778,0.87783,0.8778,0.87782,23850000,1
1414142220000,1414142279000,0.87779,0.87782,0.87776,0.87776,22470000,1
1414142280000,1414142339000,0.87776,0.87783,0.87773,0.87783,31460000,1
1414142340000,1414142399000,0.87783,0.87785,0.87772,0.87772,52790000,1
1414142400000,1414142459000,0.87772,0.87782,0.87772,0.87776,33380000,1
1414142460000,1414142519000,0.87774,0.87774,0.87771,0.87773,9600000,1
1414142520000,1414142579000,0.87769,0.87769,0.87753,0.87753,18000000,1
1414142580000,1414142639000,0.87753,0.87753,0.87737,0.87737,47420000,1
1414142640000,1414142699000,0.87735,0.87751,0.87732,0.87743,43240000,1
1414142700000,1414142759000,0.87743,0.87743,0.87735,0.87739,12350000,1
1414142760000,1414142819000,0.87743,0.87743,0.87742,0.87742,19160000,1
1414142820000,1414142879000,0.87742,0.87742,0.8773,0.8773,43610000,1
1414142880000,1414142939000,0.8773,0.87741,0.87724,0.8774,40270000,1
1414142940000,1414142999000,0.8774,0.8774,0.87725,0.87725,32700000,1
1414143000000,1414143059000,0.87723,0.87725,0.87722,0.87722,43500000,1
1414143060000,1414143119000,0.87722,0.87728,0.87722,0.87725,34160000,1
1414143120000,1414143179000,0.87725,0.87725,0.87714,0.87722,61980000,1
1414143180000,1414143239000,0.87722,0.87722,0.87715,0.87721,66050000,1
1414143240000,1414143299000,0.87721,0.87722,0.8772,0.8772,24560000,1
1414143300000,1414143359000,0.8772,0.87734,0.8772,0.87733,59350000,1
1414143360000,1414143419000,0.87733,0.87733,0.87723,0.87723,27360000,1
1414143420000,1414143479000,0.87722,0.87725,0.87722,0.87722,15970000,1
1414143480000,1414143539000,0.87722,0.87731,0.87721,0.87731,31130000,1
1414143540000,1414143599000,0.87731,0.87745,0.87731,0.87745,36260000,1
1414143600000,1414143659000,0.87745,0.87764,0.87744,0.87764,68700000,1
1414143660000,1414143719000,0.87761,0.87784,0.87759,0.87782,64840000,1
1414143720000,1414143779000,0.87782,0.87785,0.87775,0.87776,55720000,1
1414143780000,1414143839000,0.87774,0.87783,0.87768,0.87783,48340000,1
1414143840000,1414143899000,0.87783,0.87783,0.87764,0.87766,71260000,1
1414143900000,1414143959000,0.87765,0.87765,0.87744,0.8775,69600000,1
1414143960000,1414144019000,0.8775,0.87766,0.8775,0.87763,66470000,1
1414144020000,1414144079000,0.87764,0.87765,0.8776,0.87764,13250000,1
1414144080000,1414144139000,0.87765,0.87772,0.87765,0.87768,28970000,1
1414144140000,1414144199000,0.87766,0.87783,0.87766,0.87767,47370000,1
1414144200000,1414144259000,0.87769,0.8777,0.87749,0.87751,42270000,1
1414144260000,1414144319000,0.87751,0.87754,0.8775,0.87751,11210000,1
1414144320000,1414144379000,0.8775,0.8775,0.87743,0.8775,25550000,1
1414144380000,1414144439000,0.8775,0.87751,0.87745,0.87751,12240000,1
1414144440000,1414144499000,0.87754,0.87761,0.87739,0.87742,50470000,1
1414144500000,1414144559000,0.87742,0.87743,0.87742,0.87743,31100000,1
1414144560000,1414144619000,0.87741,0.87741,0.87728,0.87739,40850000,1
1414144620000,1414144679000,0.87739,0.87752,0.87739,0.87752,50210000,1
1414144680000,1414144739000,0.87752,0.87759,0.87752,0.87759,46630000,1
1414144740000,1414144799000,0.87759,0.87761,0.87744,0.87745,30340000,1
1414144800000,1414144859000,0.87744,0.87753,0.87744,0.87753,66520000,1
1414144860000,1414144919000,0.87753,0.87762,0.87746,0.87756,69230000,1
1414144920000,1414144979000,0.87756,0.87758,0.87756,0.87756,20030000,1
1414144980000,1414145039000,0.87758,0.87763,0.87756,0.87762,41720000,1
1414145040000,1414145099000,0.87762,0.87762,0.87759,0.87759,24460000,1
1414145100000,1414145159000,0.87761,0.87774,0.87759,0.87764,40860000,1
1414145160000,1414145219000,0.87762,0.87764,0.87752,0.87764,42820000,1
1414145220000,1414145279000,0.87764,0.87773,0.87763,0.87767,53800000,1
1414145280000,1414145339000,0.8777,0.87783,0.87766,0.87782,32050000,1
1414145340000,1414145399000,0.87782,0.8779,0.8778,0.8778,29830000,1
1414145400000,1414145459000,0.8778,0.87781,0.87773,0.87773,37420000,1
1414145460000,1414145519000,0.87773,0.87777,0.87769,0.87774,40270000,1
1414145520000,1414145579000,0.87773,0.87776,0.87769,0.87773,88620000,1
1414145580000,1414145639000,0.87772,0.87775,0.8777,0.87774,48630000,1
1414145640000,1414145699000,0.87774,0.87791,0.87774,0.8779,48760000,1
1414145700000,1414145759000,0.8779,0.87792,0.87778,0.87783,59920000,1
1414145760000,1414145819000,0.87783,0.87791,0.87783,0.87791,8240000,1
1414145820000,1414145879000,0.8779,0.8779,0.8778,0.87784,19390000,1
1414145880000,1414145939000,0.87782,0.87792,0.87782,0.87792,34960000,1
1414145940000,1414145999000,0.87792,0.87805,0.87792,0.87805,45240000,1
1414146000000,1414146059000,0.87804,0.87804,0.87794,0.87795,50390000,1
1414146060000,1414146119000,0.87796,0.87801,0.87786,0.87801,34500000,1
1414146120000,1414146179000,0.87802,0.87805,0.87794,0.87797,38860000,1
1414146180000,1414146239000,0.87797,0.87804,0.87796,0.87804,46680000,1
1414146240000,1414146299000,0.87805,0.87821,0.87802,0.8782,51400000,1
1414146300000,1414146359000,0.8782,0.87822,0.87819,0.87819,39630000,1
1414146360000,1414146419000,0.87819,0.87819,0.87808,0.87814,40350000,1
1414146420000,1414146479000,0.87814,0.87816,0.87801,0.87801,40940000,1
1414146480000,1414146539000,0.878,0.878,0.87775,0.87787,77920000,1
1414146540000,1414146599000,0.87789,0.8779,0.87783,0.87788,29880000,1
1414146600000,1414146659000,0.87791,0.87791,0.87773,0.87774,23210000,1
1414146660000,1414146719000,0.87776,0.87776,0.87769,0.87772,27530000,1
1414146720000,1414146779000,0.87767,0.87785,0.87763,0.8778,47260000,1
1414146780000,1414146839000,0.87781,0.87784,0.87774,0.87774,25000000,1
1414146840000,1414146899000,0.87774,0.87775,0.87773,0.87774,19670000,1
1414146900000,1414146959000,0.87773,0.87773,0.87769,0.87773,16250000,1
1414146960000,1414147019000,0.87772,0.87777,0.87765,0.87765,61190000,1
1414147020000,1414147079000,0.87766,0.87768,0.87753,0.87753,33000000,1
1414147080000,1414147139000,0.87753,0.87753,0.87743,0.87749,35680000,1
1414147140000,1414147199000,0.87749,0.87764,0.87749,0.87756,51590000,1
1414147200000,1414147259000,0.87756,0.87774,0.87756,0.87774,28420000,1
1414147260000,1414147319000,0.8777,0.87775,0.8777,0.87772,10920000,1
1414147320000,1414147379000,0.87772,0.87783,0.87772,0.87783,14260000,1
1414147380000,1414147439000,0.87784,0.87784,0.87782,0.87783,28320000,1
1414147440000,1414147499000,0.87784,0.87803,0.87782,0.87795,38220000,1
1414147500000,1414147559000,0.87795,0.87795,0.87791,0.87791,10250000,1
1414147560000,1414147619000,0.87791,0.87793,0.87791,0.87792,8500000,1
1414147620000,1414147679000,0.87793,0.87794,0.87784,0.87792,22050000,1
1414147680000,1414147739000,0.87792,0.87803,0.87792,0.878,26520000,1
1414147740000,1414147799000,0.87801,0.87808,0.87784,0.87784,42830000,1
1414147800000,1414147859000,0.87784,0.87784,0.87765,0.8778,43800000,1
1414147860000,1414147919000,0.87781,0.87781,0.87762,0.8777,56610000,1
1414147920000,1414147979000,0.8777,0.87774,0.8777,0.87773,27700000,1
1414147980000,1414148039000,0.87773,0.87774,0.87773,0.87774,11810000,1
1414148040000,1414148099000,0.87773,0.87773,0.87766,0.87769,8620000,1
1414148100000,1414148159000,0.87774,0.87775,0.87773,0.87775,7100000,1
1414148160000,1414148219000,0.87775,0.87791,0.87775,0.87786,27170000,1
1414148220000,1414148279000,0.87785,0.87794,0.87785,0.87785,27320000,1
1414148280000,1414148339000,0.87785,0.87793,0.87785,0.87787,14000000,1
1414148340000,1414148399000,0.87786,0.87792,0.87784,0.87792,29570000,1
1414148400000,1414148459000,0.8779,0.87794,0.87786,0.87792,33830000,1
1414148460000,1414148519000,0.87792,0.87798,0.87789,0.87793,32760000,1
1414148520000,1414148579000,0.87793,0.87794,0.87789,0.87794,24130000,1
1414148580000,1414148639000,0.87794,0.87806,0.87793,0.87804,34880000,1
1414148640000,1414148699000,0.87804,0.87812,0.87798,0.87812,69330000,1
1414148700000,1414148759000,0.87811,0.87811,0.87777,0.87778,67180000,1
1414148760000,1414148819000,0.87778,0.87781,0.87765,0.87765,61140000,1
1414148820000,1414148879000,0.87764,0.87797,0.87762,0.87788,56260000,1
1414148880000,1414148939000,0.87788,0.87788,0.87783,0.87783,17750000,1
1414148940000,1414148999000,0.87783,0.87793,0.87783,0.87793,9500000,1
1414149000000,1414149059000,0.87796,0.87803,0.87796,0.87801,22940000,1
1414149060000,1414149119000,0.87799,0.87801,0.8779,0.8779,31750000,1
1414149120000,1414149179000,0.8779,0.87793,0.87779,0.87791,61760000,1
1414149180000,1414149239000,0.87791,0.87791,0.87783,0.87784,37560000,1
1414149240000,1414149299000,0.87785,0.87788,0.87783,0.87783,14250000,1
1414149300000,1414149359000,0.87782,0.87783,0.87773,0.87775,18920000,1
1414149360000,1414149419000,0.87776,0.87782,0.87771,0.87771,18440000,1
1414149420000,1414149479000,0.87771,0.8779,0.87771,0.87783,34870000,1
1414149480000,1414149539000,0.87784,0.87794,0.87782,0.87782,36340000,1
1414149540000,1414149599000,0.87782,0.87783,0.87782,0.87783,10600000,1
1414149600000,1414149659000,0.87783,0.87783,0.87764,0.87781,41170000,1
1414149660000,1414149719000,0.87779,0.87785,0.87779,0.87783,25030000,1
1414149720000,1414149779000,0.87783,0.87787,0.87783,0.87786,11550000,1
1414149780000,1414149839000,0.87785,0.878,0.87785,0.87789,35980000,1
1414149840000,1414149899000,0.87787,0.87792,0.87782,0.87782,48540000,1
1414149900000,1414149959000,0.87782,0.87782,0.87776,0.87781,11600000,1
1414149960000,1414150019000,0.87782,0.87783,0.8778,0.87783,15010000,1
1414150020000,1414150079000,0.87782,0.87782,0.87782,0.87782,4630000,1
1414150080000,1414150139000,0.87783,0.87794,0.87783,0.87794,22750000,1
1414150140000,1414150199000,0.87794,0.87794,0.87793,0.87793,9940000,1
1414150200000,1414150259000,0.87793,0.87803,0.87791,0.87792,46220000,1
1414150260000,1414150319000,0.87793,0.87793,0.87782,0.87782,21500000,1
1414150320000,1414150379000,0.87782,0.87783,0.87773,0.87773,28130000,1
1414150380000,1414150439000,0.87773,0.87774,0.8777,0.8777,10510000,1
1414150440000,1414150499000,0.8777,0.87771,0.8777,0.87771,12610000,1
1414150500000,1414150559000,0.87771,0.87772,0.87763,0.87763,26300000,1
1414150560000,1414150619000,0.87763,0.87763,0.87756,0.87759,44680000,1
1414150620000,1414150679000,0.87759,0.87759,0.87749,0.8775,21910000,1
1414150680000,1414150739000,0.8775,0.87773,0.8775,0.87761,50440000,1
1414150740000,1414150799000,0.87761,0.87762,0.8775,0.87757,28300000,1
1414150800000,1414150859000,0.87755,0.87757,0.87753,0.87753,38570000,1
1414150860000,1414150919000,0.87753,0.87765,0.87751,0.87762,33750000,1
1414150920000,1414150979000,0.87762,0.87767,0.87761,0.87765,39000000,1
1414150980000,1414151039000,0.87764,0.87785,0.87762,0.87783,73920000,1
1414151040000,1414151099000,0.87786,0.87798,0.87777,0.87795,54450000,1
1414151100000,1414151159000,0.87795,0.87804,0.87794,0.87803,31570000,1
1414151160000,1414151219000,0.87803,0.87805,0.87803,0.87804,42060000,1
1414151220000,1414151279000,0.87804,0.87814,0.87791,0.87798,67840000,1
1414151280000,1414151339000,0.87799,0.87811,0.87799,0.87807,63870000,1
1414151340000,1414151399000,0.87807,0.87812,0.87807,0.8781,31200000,1
1414151400000,1414151459000,0.87809,0.87821,0.87809,0.87817,32500000,1
1414151460000,1414151519000,0.87817,0.87851,0.87815,0.8785,87900000,1
1414151520000,1414151579000,0.87852,0.87855,0.87842,0.87843,32850000,1
1414151580000,1414151639000,0.87843,0.87843,0.87838,0.87842,67160000,1
1414151640000,1414151699000,0.87842,0.87862,0.87842,0.87862,56700000,1
1414151700000,1414151759000,0.87862,0.87871,0.87862,0.87866,98610000,1
1414151760000,1414151819000,0.87866,0.87866,0.87853,0.87856,50310000,1
1414151820000,1414151879000,0.87856,0.8786,0.87855,0.8786,14770000,1
1414151880000,1414151939000,0.8786,0.87863,0.87856,0.87859,50100000,1
1414151940000,1414151999000,0.87859,0.87859,0.87856,0.87856,15000000,1
1414152000000,1414152059000,0.87856,0.87857,0.87841,0.87843,55150000,1
1414152060000,1414152119000,0.87843,0.87843,0.87817,0.87818,63850000,1
1414152120000,1414152179000,0.87819,0.87862,0.87819,0.87862,78730000,1
1414152180000,1414152239000,0.87862,0.87873,0.8786,0.87871,56220000,1
1414152240000,1414152299000,0.87872,0.87872,0.87847,0.8785,78190000,1
1414152300000,1414152359000,0.8785,0.8785,0.8783,0.87834,52560000,1
1414152360000,1414152419000,0.87835,0.87839,0.87825,0.87825,37710000,1
1414152420000,1414152479000,0.87825,0.87825,0.87805,0.87806,74440000,1
1414152480000,1414152539000,0.87807,0.87813,0.87803,0.87809,46540000,1
1414152540000,1414152599000,0.87813,0.87826,0.87813,0.87824,23160000,1
1414152600000,1414152659000,0.87828,0.87853,0.87828,0.87853,31370000,1
1414152660000,1414152719000,0.87856,0.87868,0.87856,0.8786,46210000,1
1414152720000,1414152779000,0.87859,0.8787,0.87841,0.87869,111810000,1
1414152780000,1414152839000,0.8787,0.87921,0.87862,0.87921,124160000,1
1414152840000,1414152899000,0.87922,0.87932,0.87907,0.87929,126730000,1
1414152900000,1414152959000,0.87928,0.87938,0.87906,0.87918,135100000,1
1414152960000,1414153019000,0.87917,0.87928,0.87916,0.87925,66260000,1
1414153020000,1414153079000,0.87925,0.87958,0.87915,0.87954,75300000,1
1414153080000,1414153139000,0.87953,0.87953,0.87941,0.87945,76540000,1
1414153140000,1414153199000,0.87945,0.87951,0.87901,0.87911,86240000,1
1414153200000,1414153259000,0.87911,0.87922,0.87906,0.87922,76160000,1
1414153260000,1414153319000,0.87922,0.87929,0.87916,0.87927,53340000,1
1414153320000,1414153379000,0.87928,0.8794,0.87928,0.87938,67310000,1
1414153380000,1414153439000,0.87938,0.87953,0.87938,0.87949,76240000,1
1414153440000,1414153499000,0.87949,0.87994,0.87947,0.87994,107420000,1
1414153500000,1414153559000,0.87994,0.88041,0.87994,0.88009,196940000,1
1414153560000,1414153619000,0.88008,0.88023,0.88008,0.88021,65630000,1
1414153620000,1414153679000,0.88023,0.88081,0.88021,0.88065,173580000,1
1414153680000,1414153739000,0.88065,0.88073,0.88055,0.8807,154680000,1
1414153740000,1414153799000,0.8807,0.88082,0.88055,0.88059,152800000,1
1414153800000,1414153859000,0.88059,0.88072,0.88055,0.88067,75800000,1
1414153860000,1414153919000,0.88067,0.88069,0.88052,0.88052,97950000,1
1414153920000,1414153979000,0.8805,0.8805,0.88012,0.88013,72750000,1
1414153980000,1414154039000,0.88013,0.8802,0.88003,0.88015,118540000,1
1414154040000,1414154099000,0.88019,0.8803,0.88017,0.8802,73560000,1
1414154100000,1414154159000,0.8802,0.88021,0.88014,0.88019,33600000,1
1414154160000,1414154219000,0.88017,0.88018,0.88005,0.88006,74380000,1
1414154220000,1414154279000,0.88004,0.88007,0.87999,0.88007,57790000,1
1414154280000,1414154339000,0.88007,0.88007,0.87982,0.87989,64320000,1
1414154340000,1414154399000,0.87989,0.87992,0.87981,0.87984,62660000,1
1414154400000,1414154459000,0.87984,0.88011,0.87984,0.88008,67010000,1
1414154460000,1414154519000,0.88008,0.88009,0.87992,0.87998,57980000,1
1414154520000,1414154579000,0.87998,0.88,0.87968,0.87988,200120000,1
1414154580000,1414154639000,0.87988,0.88031,0.87986,0.88023,166190000,1
1414154640000,1414154699000,0.88025,0.88049,0.87989,0.88009,190750000,1
1414154700000,1414154759000,0.88009,0.88017,0.87981,0.8801,153850000,1
1414154760000,1414154819000,0.88009,0.8801,0.87992,0.88008,149880000,1
1414154820000,1414154879000,0.88008,0.88025,0.87989,0.8799,144690000,1
1414154880000,1414154939000,0.8799,0.88011,0.87983,0.88011,75120000,1
1414154940000,1414154999000,0.88011,0.88027,0.8801,0.88015,104080000,1
1414155000000,1414155059000,0.88014,0.8804,0.8801,0.8801,83580000,1
1414155060000,1414155119000,0.88004,0.88014,0.8799,0.88006,131630000,1
1414155120000,1414155179000,0.88005,0.88022,0.88005,0.88019,61980000,1
1414155180000,1414155239000,0.88019,0.8803,0.88014,0.88024,59920000,1
1414155240000,1414155299000,0.88024,0.8806,0.88023,0.88053,115730000,1
1414155300000,1414155359000,0.88053,0.88073,0.88042,0.88065,69310000,1
1414155360000,1414155419000,0.88063,0.88111,0.88053,0.88111,123170000,1
1414155420000,1414155479000,0.88111,0.88131,0.88102,0.88107,185060000,1
1414155480000,1414155539000,0.88107,0.88107,0.88092,0.88095,101630000,1
1414155540000,1414155599000,0.88095,0.88095,0.8807,0.88075,104650000,1
1414155600000,1414155659000,0.88077,0.8808,0.88062,0.88071,69500000,1
1414155660000,1414155719000,0.88071,0.8808,0.8806,0.88061,69330000,1
1414155720000,1414155779000,0.88063,0.88065,0.88043,0.88049,105940000,1
1414155780000,1414155839000,0.88049,0.88049,0.88036,0.88039,75770000,1
1414155840000,1414155899000,0.88039,0.88053,0.88032,0.88052,123930000,1
1414155900000,1414155959000,0.88052,0.88052,0.88041,0.88042,35960000,1
1414155960000,1414156019000,0.88042,0.88042,0.88032,0.88033,48640000,1
1414156020000,1414156079000,0.88035,0.8807,0.88033,0.88069,98960000,1
1414156080000,1414156139000,0.88069,0.8809,0.88064,0.88089,71230000,1
1414156140000,1414156199000,0.88089,0.88112,0.88085,0.8811,96820000,1
1414156200000,1414156259000,0.88112,0.88131,0.88111,0.88131,74770000,1
1414156260000,1414156319000,0.88135,0.8814,0.8811,0.88113,123350000,1
1414156320000,1414156379000,0.88112,0.8812,0.88108,0.8811,89640000,1
1414156380000,1414156439000,0.8811,0.88132,0.88107,0.88124,102760000,1
1414156440000,1414156499000,0.88124,0.88176,0.88123,0.88174,109560000,1
1414156500000,1414156559000,0.88174,0.88176,0.88157,0.88158,104620000,1
1414156560000,1414156619000,0.88158,0.88159,0.88134,0.88137,159150000,1
1414156620000,1414156679000,0.88135,0.88143,0.88118,0.88122,119450000,1
1414156680000,1414156739000,0.88123,0.88133,0.88123,0.88124,65750000,1
1414156740000,1414156799000,0.88122,0.88128,0.88112,0.88112,56510000,1
1414156800000,1414156859000,0.88112,0.8814,0.8811,0.8814,67450000,1
1414156860000,1414156919000,0.88137,0.8814,0.88119,0.88128,83260000,1
1414156920000,1414156979000,0.88131,0.88142,0.88128,0.88133,67890000,1
1414156980000,1414157039000,0.88132,0.8814,0.88118,0.88121,111630000,1
1414157040000,1414157099000,0.88123,0.88123,0.88113,0.88122,57370000,1
1414157100000,1414157159000,0.88123,0.88138,0.88121,0.88135,60390000,1
1414157160000,1414157219000,0.88134,0.88144,0.88126,0.88129,89040000,1
1414157220000,1414157279000,0.8813,0.88132,0.88125,0.88125,67570000,1
1414157280000,1414157339000,0.88125,0.88128,0.8811,0.88118,134710000,1
1414157340000,1414157399000,0.88118,0.88141,0.88118,0.88133,48120000,1
1414157400000,1414157459000,0.88134,0.88139,0.88133,0.88137,60080000,1
1414157460000,1414157519000,0.88137,0.88137,0.88113,0.88115,58900000,1
1414157520000,1414157579000,0.88114,0.88137,0.88109,0.88132,94040000,1
1414157580000,1414157639000,0.88132,0.88134,0.88132,0.88133,29000000,1
1414157640000,1414157699000,0.88133,0.88141,0.88133,0.88139,51910000,1
1414157700000,1414157759000,0.88139,0.88146,0.88134,0.88139,65270000,1
1414157760000,1414157819000,0.88139,0.88158,0.88138,0.88154,87720000,1
1414157820000,1414157879000,0.88154,0.88154,0.88127,0.88142,93610000,1
1414157880000,1414157939000,0.88142,0.8815,0.88125,0.88135,123020000,1
1414157940000,1414157999000,0.88136,0.88161,0.88136,0.88153,97860000,1
1414158000000,1414158059000,0.88153,0.88159,0.88151,0.88153,84010000,1
1414158060000,1414158119000,0.88154,0.88159,0.88142,0.88142,73740000,1
1414158120000,1414158179000,0.88142,0.8815,0.88134,0.88142,61900000,1
1414158180000,1414158239000,0.88142,0.88142,0.88134,0.88134,8000000,1
1414158240000,1414158299000,0.8813,0.88136,0.8812,0.88128,41670000,1
1414158300000,1414158359000,0.88128,0.8813,0.8812,0.8812,52200000,1
1414158360000,1414158419000,0.8812,0.8814,0.88116,0.88139,56860000,1
1414158420000,1414158479000,0.88141,0.88142,0.88138,0.88141,40640000,1
1414158480000,1414158539000,0.8814,0.88159,0.8814,0.88153,79630000,1
1414158540000,1414158599000,0.88153,0.88164,0.88153,0.88163,31080000,1
1414158600000,1414158659000,0.88161,0.8817,0.8816,0.88169,105580000,1
1414158660000,1414158719000,0.88169,0.8819,0.88165,0.8819,95740000,1
1414158720000,1414158779000,0.8819,0.88237,0.8819,0.88216,188840000,1
1414158780000,1414158839000,0.88216,0.88233,0.88214,0.88226,115260000,1
1414158840000,1414158899000,0.88226,0.8823,0.88207,0.88218,102990000,1
1414158900000,1414158959000,0.88218,0.88218,0.882,0.88206,103790000,1
1414158960000,1414159019000,0.88206,0.88208,0.88196,0.88197,81110000,1
1414159020000,1414159079000,0.88197,0.88206,0.88197,0.882,90020000,1
1414159080000,1414159139000,0.882,0.88207,0.88195,0.882,67940000,1
1414159140000,1414159199000,0.882,0.88203,0.88187,0.88192,146180000,1
1414159200000,1414159259000,0.88191,0.8823,0.88191,0.88218,177920000,1
1414159260000,1414159319000,0.88219,0.88219,0.88194,0.88199,103850000,1
1414159320000,1414159379000,0.88199,0.882,0.88192,0.88199,131330000,1
1414159380000,1414159439000,0.882,0.88232,0.88199,0.88226,115290000,1
1414159440000,1414159499000,0.88227,0.8823,0.88208,0.88228,132520000,1
1414159500000,1414159559000,0.88225,0.88227,0.88194,0.88194,120860000,1
1414159560000,1414159619000,0.88196,0.8822,0.88196,0.88201,83110000,1
1414159620000,1414159679000,0.88202,0.88202,0.88164,0.88169,87080000,1
1414159680000,1414159739000,0.88169,0.88171,0.8814,0.8815,110620000,1
1414159740000,1414159799000,0.88152,0.88178,0.88151,0.88154,105340000,1
1414159800000,1414159859000,0.88154,0.88157,0.88109,0.88109,102090000,1
1414159860000,1414159919000,0.88109,0.88128,0.88109,0.88112,102640000,1
1414159920000,1414159979000,0.88112,0.88131,0.88111,0.88119,119790000,1
1414159980000,1414160039000,0.88119,0.88134,0.88111,0.88123,80190000,1
1414160040000,1414160099000,0.88125,0.8813,0.88123,0.88129,106830000,1
1414160100000,1414160159000,0.88129,0.88141,0.88128,0.8813,89010000,1
1414160160000,1414160219000,0.88131,0.88165,0.88131,0.88155,63720000,1
1414160220000,1414160279000,0.88152,0.8816,0.88143,0.88143,42890000,1
1414160280000,1414160339000,0.88142,0.88146,0.88142,0.88143,52250000,1
1414160340000,1414160399000,0.88143,0.88154,0.88137,0.88154,47150000,1
1414160400000,1414160459000,0.88154,0.88164,0.88152,0.88163,48120000,1
1414160460000,1414160519000,0.88163,0.88163,0.88139,0.88153,68640000,1
1414160520000,1414160579000,0.88153,0.88156,0.88145,0.88145,26690000,1
1414160580000,1414160639000,0.88143,0.88145,0.88115,0.88115,64420000,1
1414160640000,1414160699000,0.88116,0.8812,0.8811,0.88113,64940000,1
1414160700000,1414160759000,0.88113,0.88118,0.8811,0.8811,53990000,1
1414160760000,1414160819000,0.8811,0.88111,0.88064,0.88072,122500000,1
1414160820000,1414160879000,0.88073,0.88078,0.88053,0.88057,100120000,1
1414160880000,1414160939000,0.88057,0.88101,0.88054,0.88098,145180000,1
1414160940000,1414160999000,0.88098,0.88101,0.8808,0.88091,101810000,1
1414161000000,1414161059000,0.88093,0.88101,0.88081,0.88089,78620000,1
1414161060000,1414161119000,0.88089,0.88089,0.88079,0.88088,88680000,1
1414161120000,1414161179000,0.88088,0.88099,0.88068,0.88068,71200000,1
1414161180000,1414161239000,0.88068,0.88088,0.88068,0.8808,120700000,1
1414161240000,1414161299000,0.88077,0.88081,0.8805,0.8806,109900000,1
1414161300000,1414161359000,0.88058,0.8809,0.88058,0.88084,72310000,1
1414161360000,1414161419000,0.88084,0.88091,0.8808,0.8809,46050000,1
1414161420000,1414161479000,0.8809,0.8809,0.88073,0.8809,70360000,1
1414161480000,1414161539000,0.8809,0.88091,0.8808,0.88082,75240000,1
1414161540000,1414161599000,0.88082,0.88082,0.88079,0.88082,9000000,1
1414161600000,1414161659000,0.88082,0.88082,0.88032,0.88041,81240000,1
1414161660000,1414161719000,0.88038,0.88062,0.88038,0.88056,77580000,1
1414161720000,1414161779000,0.88056,0.88071,0.88054,0.88061,94630000,1
1414161780000,1414161839000,0.8806,0.88073,0.8805,0.88071,58250000,1
1414161840000,1414161899000,0.8807,0.88085,0.88065,0.88085,45170000,1
1414161900000,1414161959000,0.88083,0.88083,0.88072,0.88082,29160000,1
1414161960000,1414162019000,0.88078,0.88078,0.88064,0.88065,64520000,1
1414162020000,1414162079000,0.88064,0.88066,0.88064,0.88064,8000000,1
1414162080000,1414162139000,0.88064,0.88066,0.8802,0.88021,80140000,1
1414162140000,1414162199000,0.88021,0.8803,0.88003,0.88005,103710000,1
1414162200000,1414162259000,0.88004,0.88004,0.8796,0.87983,121230000,1
1414162260000,1414162319000,0.87988,0.88019,0.87988,0.88,123100000,1
1414162320000,1414162379000,0.88,0.88037,0.88,0.88018,116520000,1
1414162380000,1414162439000,0.88018,0.88044,0.88014,0.8803,80130000,1
1414162440000,1414162499000,0.88028,0.88035,0.88023,0.88023,64730000,1
1414162500000,1414162559000,0.88022,0.8803,0.88022,0.88024,77460000,1
1414162560000,1414162619000,0.88022,0.88022,0.87981,0.87999,88320000,1
1414162620000,1414162679000,0.87999,0.88006,0.87992,0.87992,86390000,1
1414162680000,1414162739000,0.87993,0.88002,0.8798,0.8798,87560000,1
1414162740000,1414162799000,0.87979,0.87989,0.87953,0.87972,247220000,1
1414162800000,1414162859000,0.87973,0.87981,0.87963,0.87968,149670000,1
1414162860000,1414162919000,0.87968,0.87982,0.87968,0.8798,68260000,1
1414162920000,1414162979000,0.8798,0.87991,0.87973,0.87989,99850000,1
1414162980000,1414163039000,0.87989,0.87996,0.87987,0.8799,89160000,1
1414163040000,1414163099000,0.8799,0.87998,0.8799,0.87998,94870000,1
1414163100000,1414163159000,0.87998,0.88019,0.87998,0.88011,92040000,1
1414163160000,1414163219000,0.88011,0.88048,0.88011,0.88048,70950000,1
1414163220000,1414163279000,0.8805,0.8805,0.88033,0.88041,75120000,1
1414163280000,1414163339000,0.88041,0.88052,0.8804,0.88042,60450000,1
1414163340000,1414163399000,0.88041,0.88041,0.88032,0.88033,28070000,1
1414163400000,1414163459000,0.88031,0.8804,0.88031,0.88038,48090000,1
1414163460000,1414163519000,0.88037,0.88043,0.88035,0.88041,46600000,1
1414163520000,1414163579000,0.88043,0.88062,0.88042,0.88062,64550000,1
1414163580000,1414163639000,0.8806,0.88072,0.88053,0.88059,129770000,1
1414163640000,1414163699000,0.88059,0.88073,0.88057,0.88071,89860000,1
1414163700000,1414163759000,0.88071,0.88086,0.88063,0.88086,93350000,1
1414163760000,1414163819000,0.88084,0.88084,0.88063,0.88063,53720000,1
1414163820000,1414163879000,0.88063,0.88071,0.88062,0.88062,59140000,1
1414163880000,1414163939000,0.88061,0.88061,0.8806,0.8806,4000000,1
1414163940000,1414163999000,0.88058,0.88058,0.88044,0.88049,45180000,1
1414164000000,1414164059000,0.8805,0.88051,0.88034,0.88043,33220000,1
1414164060000,1414164119000,0.88042,0.88047,0.88032,0.88032,57980000,1
1414164120000,1414164179000,0.88031,0.88039,0.88031,0.88037,78930000,1
1414164180000,1414164239000,0.88038,0.88039,0.88031,0.88038,67100000,1
1414164240000,1414164299000,0.88038,0.88048,0.88038,0.88047,63780000,1
1414164300000,1414164359000,0.88048,0.88051,0.88046,0.88048,37650000,1
1414164360000,1414164419000,0.88047,0.88072,0.88047,0.88065,78930000,1
1414164420000,1414164479000,0.88066,0.88069,0.88064,0.88067,84370000,1
1414164480000,1414164539000,0.88067,0.88067,0.88055,0.88067,85600000,1
1414164540000,1414164599000,0.88067,0.88069,0.88064,0.88064,39670000,1
1414164600000,1414164659000,0.88064,0.88068,0.88062,0.88064,26940000,1
1414164660000,1414164719000,0.88064,0.88066,0.8806,0.88064,27710000,1
1414164720000,1414164779000,0.88063,0.8807,0.8806,0.88061,32780000,1
1414164780000,1414164839000,0.88061,0.88067,0.88061,0.88062,21800000,1
1414164840000,1414164899000,0.88064,0.8807,0.88062,0.88062,17620000,1
1414164900000,1414164959000,0.88062,0.88069,0.88062,0.88069,65500000,1
1414164960000,1414165019000,0.88069,0.88071,0.88067,0.88071,31860000,1
1414165020000,1414165079000,0.88072,0.88072,0.8807,0.8807,12820000,1
1414165080000,1414165139000,0.88071,0.88081,0.88071,0.88081,13700000,1
1414165140000,1414165199000,0.88078,0.88079,0.88066,0.8807,22570000,1
1414165200000,1414165259000,0.88071,0.88071,0.8806,0.8806,15600000,1
1414165260000,1414165319000,0.88061,0.88061,0.88049,0.88061,38120000,1
1414165320000,1414165379000,0.88061,0.88093,0.88055,0.88091,47480000,1
1414165380000,1414165439000,0.88091,0.881,0.8809,0.88095,60010000,1
1414165440000,1414165499000,0.88095,0.88095,0.88072,0.88083,83020000,1
1414165500000,1414165559000,0.88083,0.88099,0.88083,0.88099,39600000,1
1414165560000,1414165619000,0.881,0.881,0.88095,0.88096,47090000,1
1414165620000,1414165679000,0.88096,0.881,0.88093,0.88099,65950000,1
1414165680000,1414165739000,0.88099,0.88117,0.88099,0.88116,40810000,1
1414165740000,1414165799000,0.88116,0.88117,0.88113,0.88115,32140000,1
1414165800000,1414165859000,0.88115,0.88122,0.8811,0.88116,67170000,1
1414165860000,1414165919000,0.88115,0.88124,0.88113,0.88124,46000000,1
1414165920000,1414165979000,0.88124,0.88124,0.88118,0.88123,25140000,1
1414165980000,1414166039000,0.88123,0.88124,0.88123,0.88124,19000000,1
1414166040000,1414166099000,0.88126,0.88132,0.88123,0.88125,21270000,1
1414166100000,1414166159000,0.88125,0.88134,0.88118,0.88118,45630000,1
1414166160000,1414166219000,0.88118,0.88118,0.88105,0.88105,42350000,1
1414166220000,1414166279000,0.88104,0.88104,0.88087,0.88098,45990000,1
1414166280000,1414166339000,0.88099,0.88099,0.88097,0.88098,36090000,1
1414166340000,1414166399000,0.881,0.88108,0.88099,0.88107,60250000,1
1414166400000,1414166459000,0.88107,0.88107,0.88082,0.8809,52590000,1
1414166460000,1414166519000,0.8809,0.88098,0.88082,0.88082,62790000,1
1414166520000,1414166579000,0.88082,0.88088,0.88078,0.88087,64570000,1
1414166580000,1414166639000,0.88087,0.88088,0.88082,0.88088,30170000,1
1414166640000,1414166699000,0.88088,0.88088,0.88079,0.8808,23070000,1
1414166700000,1414166759000,0.88077,0.88086,0.88067,0.88067,49710000,1
1414166760000,1414166819000,0.88067,0.88082,0.88067,0.88078,73600000,1
1414166820000,1414166879000,0.88078,0.88079,0.88077,0.88078,43930000,1
1414166880000,1414166939000,0.88078,0.88078,0.88077,0.88078,44310000,1
1414166940000,1414166999000,0.88078,0.88079,0.88069,0.88076,58510000,1
1414167000000,1414167059000,0.88075,0.88079,0.88066,0.88067,40430000,1
1414167060000,1414167119000,0.88069,0.88069,0.88045,0.88047,68660000,1
1414167120000,1414167179000,0.88047,0.88048,0.88047,0.88047,42550000,1
1414167180000,1414167239000,0.88049,0.88056,0.88048,0.88056,49140000,1
1414167240000,1414167299000,0.88056,0.88069,0.88055,0.88067,86640000,1
1414167300000,1414167359000,0.8807,0.88084,0.88068,0.88084,41290000,1
1414167360000,1414167419000,0.88084,0.881,0.88083,0.88099,84110000,1
1414167420000,1414167479000,0.881,0.88104,0.88093,0.88093,94080000,1
1414167480000,1414167539000,0.88094,0.88094,0.88082,0.88083,52380000,1
1414167540000,1414167599000,0.88084,0.88092,0.88084,0.88091,16380000,1
1414167600000,1414167659000,0.88091,0.88097,0.88089,0.8809,42690000,1
1414167660000,1414167719000,0.8809,0.88094,0.8808,0.88082,32890000,1
1414167720000,1414167779000,0.88082,0.88082,0.88067,0.88067,45180000,1
1414167780000,1414167839000,0.88067,0.88068,0.88067,0.88068,23940000,1
1414167840000,1414167899000,0.88068,0.88069,0.88067,0.88069,43300000,1
1414167900000,1414167959000,0.88068,0.88068,0.88067,0.88068,44490000,1
1414167960000,1414168019000,0.88068,0.88071,0.88068,0.88069,9300000,1
1414168020000,1414168079000,0.88069,0.88069,0.88049,0.88049,13600000,1
1414168080000,1414168139000,0.88049,0.88055,0.88049,0.88051,15370000,1
1414168140000,1414168199000,0.88051,0.8806,0.88039,0.8806,45510000,1
1414168200000,1414168259000,0.88057,0.88058,0.88035,0.88038,36030000,1
1414168260000,1414168319000,0.88038,0.8805,0.88037,0.88049,31170000,1
1414168320000,1414168379000,0.8805,0.88068,0.8805,0.88062,60250000,1
1414168380000,1414168439000,0.88061,0.88076,0.88059,0.88076,62130000,1
1414168440000,1414168499000,0.88077,0.8808,0.88069,0.88072,29800000,1
1414168500000,1414168559000,0.88072,0.88076,0.8807,0.88076,32390000,1
1414168560000,1414168619000,0.88077,0.88077,0.88069,0.88069,53560000,1
1414168620000,1414168679000,0.88069,0.88074,0.88069,0.88069,45480000,1
1414168680000,1414168739000,0.88069,0.8808,0.88069,0.8808,31630000,1
1414168740000,1414168799000,0.8808,0.8808,0.8807,0.88073,48400000,1
1414168800000,1414168859000,0.88071,0.8808,0.8807,0.8808,56780000,1
1414168860000,1414168919000,0.8808,0.88081,0.88079,0.8808,8960000,1
1414168920000,1414168979000,0.88081,0.88086,0.8808,0.88081,40310000,1
1414168980000,1414169039000,0.88081,0.88088,0.8808,0.88088,26270000,1
1414169040000,1414169099000,0.88087,0.88089,0.88085,0.88089,25390000,1
1414169100000,1414169159000,0.88088,0.88098,0.88082,0.88093,44780000,1
1414169160000,1414169219000,0.88093,0.88095,0.88092,0.88095,13820000,1
1414169220000,1414169279000,0.88094,0.88094,0.88072,0.88073,41210000,1
1414169280000,1414169339000,0.88075,0.88075,0.8806,0.88063,31660000,1
1414169340000,1414169399000,0.88065,0.88092,0.88065,0.8809,78810000,1
1414169400000,1414169459000,0.88092,0.88092,0.88072,0.88072,27060000,1
1414169460000,1414169519000,0.88072,0.88078,0.88058,0.88059,62240000,1
1414169520000,1414169579000,0.88059,0.88069,0.88056,0.88062,54250000,1
1414169580000,1414169639000,0.88069,0.88069,0.88055,0.8806,43900000,1
1414169640000,1414169699000,0.88059,0.8806,0.88059,0.88059,9990000,1
1414169700000,1414169759000,0.88059,0.88071,0.88059,0.8806,23260000,1
1414169760000,1414169819000,0.8806,0.88063,0.88052,0.88053,21600000,1
1414169820000,1414169879000,0.88051,0.88061,0.88044,0.88044,36810000,1
1414169880000,1414169939000,0.88044,0.8805,0.8804,0.88049,78590000,1
1414169940000,1414169999000,0.88049,0.8805,0.87992,0.87993,106830000,1
1414170000000,1414170059000,0.87993,0.88011,0.87993,0.88011,80600000,1
1414170060000,1414170119000,0.88012,0.88023,0.88011,0.88019,57430000,1
1414170120000,1414170179000,0.88021,0.88032,0.8802,0.8803,66810000,1
1414170180000,1414170239000,0.88031,0.88037,0.88031,0.88032,34470000,1
1414170240000,1414170299000,0.88032,0.88044,0.88024,0.88044,39290000,1
1414170300000,1414170359000,0.88043,0.88044,0.88041,0.88042,27360000,1
1414170360000,1414170419000,0.88044,0.88044,0.88036,0.88036,37120000,1
1414170420000,1414170479000,0.88036,0.88036,0.88022,0.88022,34240000,1
1414170480000,1414170539000,0.88022,0.88024,0.88022,0.88024,23030000,1
1414170540000,1414170599000,0.88023,0.88032,0.88023,0.88031,32800000,1
1414170600000,1414170659000,0.88031,0.88034,0.88022,0.88022,61040000,1
1414170660000,1414170719000,0.88026,0.88033,0.88023,0.88027,33590000,1
1414170720000,1414170779000,0.88025,0.88032,0.88025,0.88025,27480000,1
1414170780000,1414170839000,0.88025,0.88025,0.8802,0.8802,19990000,1
1414170840000,1414170899000,0.8802,0.8802,0.88011,0.88011,34430000,1
1414170900000,1414170959000,0.88011,0.8802,0.8801,0.88019,31860000,1
1414170960000,1414171019000,0.88019,0.88032,0.88019,0.88032,28730000,1
1414171020000,1414171079000,0.88032,0.88033,0.88031,0.88031,15890000,1
1414171080000,1414171139000,0.88031,0.8804,0.88031,0.88032,56870000,1
1414171140000,1414171199000,0.88032,0.88039,0.88031,0.88031,23410000,1
1414171200000,1414171259000,0.88031,0.88041,0.88031,0.88041,23620000,1
1414171260000,1414171319000,0.88041,0.88042,0.88039,0.88042,30470000,1
1414171320000,1414171379000,0.88042,0.88044,0.88034,0.88044,21020000,1
1414171380000,1414171439000,0.88044,0.88044,0.8803,0.88031,27920000,1
1414171440000,1414171499000,0.8803,0.8804,0.88025,0.88032,31510000,1
1414171500000,1414171559000,0.88031,0.88033,0.88031,0.88031,19900000,1
1414171560000,1414171619000,0.88031,0.88032,0.88031,0.88031,16570000,1
1414171620000,1414171679000,0.88032,0.88032,0.88032,0.88032,3500000,1
1414171680000,1414171739000,0.88033,0.88034,0.88033,0.88033,3500000,1
1414171740000,1414171799000,0.88032,0.88061,0.88032,0.8806,68700000,1
1414171800000,1414171859000,0.88063,0.88073,0.88056,0.88059,44220000,1
1414171860000,1414171919000,0.88062,0.88065,0.88057,0.88063,28610000,1
1414171920000,1414171979000,0.88059,0.88062,0.88054,0.88062,36650000,1
1414171980000,1414172039000,0.88062,0.88063,0.8806,0.88063,11950000,1
1414172040000,1414172099000,0.88063,0.88064,0.88063,0.88063,4000000,1
1414172100000,1414172159000,0.88061,0.88063,0.88059,0.8806,19670000,1
1414172160000,1414172219000,0.88063,0.88063,0.88062,0.88062,5500000,1
1414172280000,1414172339000,0.88063,0.88072,0.88063,0.88072,3370000,1
1414172340000,1414172399000,0.88071,0.88071,0.88071,0.88071,1000000,1
1414172400000,1414172459000,0.88072,0.88072,0.88061,0.88071,18510000,1
1414172460000,1414172519000,0.88071,0.88072,0.88071,0.88072,4140000,1
1414172520000,1414172579000,0.88072,0.88081,0.88072,0.8808,11450000,1
1414172580000,1414172639000,0.8808,0.88083,0.88072,0.88082,35300000,1
1414172640000,1414172699000,0.88082,0.88084,0.88079,0.88081,33980000,1
1414172700000,1414172759000,0.88082,0.88082,0.8808,0.8808,18610000,1
1414172760000,1414172819000,0.8808,0.88083,0.88079,0.88083,9130000,1
1414172820000,1414172879000,0.88083,0.88091,0.88083,0.88089,12600000,1
1414172880000,1414172939000,0.88089,0.88093,0.88082,0.88082,24070000,1
1414172940000,1414172999000,0.88082,0.88082,0.88072,0.88072,11000000,1
1414173000000,1414173059000,0.88073,0.88082,0.88072,0.88077,27360000,1
1414173060000,1414173119000,0.88077,0.88088,0.88077,0.88084,29310000,1
1414173120000,1414173179000,0.88083,0.8809,0.88074,0.8809,32190000,1
1414173180000,1414173239000,0.88089,0.88089,0.88083,0.88083,11840000,1
1414173240000,1414173299000,0.88084,0.88108,0.88084,0.88103,32780000,1
1414173300000,1414173359000,0.88104,0.88105,0.88103,0.88103,22720000,1
1414173360000,1414173419000,0.88103,0.88104,0.88103,0.88103,24750000,1
1414173420000,1414173479000,0.88103,0.88105,0.88103,0.88103,99000000,1
1414173480000,1414173539000,0.88103,0.88104,0.88093,0.88093,45500000,1
1414173540000,1414173599000,0.88092,0.88092,0.88082,0.88082,4500000,1
1414173600000,1414173659000,0.88083,0.88085,0.88072,0.8808,27570000,1
1414173660000,1414173719000,0.8808,0.8808,0.88074,0.8808,13000000,1
1414173720000,1414173779000,0.8808,0.88092,0.8808,0.88092,43900000,1
1414173780000,1414173839000,0.88092,0.881,0.88092,0.881,34240000,1
1414173840000,1414173899000,0.881,0.88101,0.88093,0.88093,25330000,1
1414173900000,1414173959000,0.88093,0.88101,0.88093,0.88098,21000000,1
1414173960000,1414174019000,0.88099,0.881,0.88096,0.88099,16070000,1
1414174020000,1414174079000,0.88096,0.88101,0.88096,0.88098,44360000,1
1414174080000,1414174139000,0.88098,0.881,0.88097,0.88097,17130000,1
1414174140000,1414174199000,0.88098,0.88101,0.88097,0.88101,65090000,1
1414174200000,1414174259000,0.88099,0.88111,0.88097,0.88111,44090000,1
1414174260000,1414174319000,0.8811,0.8811,0.8811,0.8811,2440000,1
1414174320000,1414174379000,0.8811,0.88114,0.88109,0.88109,20960000,1
1414174380000,1414174439000,0.88109,0.8811,0.88109,0.88109,25910000,1
1414174440000,1414174499000,0.88109,0.88109,0.88102,0.88102,15370000,1
1414174500000,1414174559000,0.88101,0.88101,0.88101,0.88101,1000000,1
1414174560000,1414174619000,0.88101,0.88101,0.88101,0.88101,9000000,1
1414174620000,1414174679000,0.88101,0.88115,0.88101,0.88115,13180000,1
1414174680000,1414174739000,0.88112,0.88118,0.88109,0.88117,31330000,1
1414174740000,1414174799000,0.88119,0.88121,0.88112,0.88121,13500000,1
1414174800000,1414174859000,0.8812,0.8812,0.88113,0.88113,8250000,1
1414174860000,1414174919000,0.88114,0.88116,0.88114,0.88115,4500000,1
1414174920000,1414174979000,0.88114,0.88114,0.8811,0.8811,25660000,1
1414174980000,1414175039000,0.88111,0.88112,0.88111,0.88112,3000000,1
1414175040000,1414175099000,0.88113,0.88113,0.88112,0.88112,5000000,1
1414175100000,1414175159000,0.88112,0.88114,0.88112,0.88114,32000000,1
1414175160000,1414175219000,0.88114,0.88114,0.8811,0.88114,11170000,1
1414175220000,1414175279000,0.88113,0.88124,0.88113,0.88121,20480000,1
1414175280000,1414175339000,0.88121,0.88121,0.88121,0.88121,1200000,1
1414175340000,1414175399000,0.8812,0.88122,0.8812,0.88122,22500000,1
1414175400000,1414175459000,0.88121,0.88121,0.88113,0.88113,11500000,1
1414175460000,1414175519000,0.88113,0.88113,0.88113,0.88113,21750000,1
1414175520000,1414175579000,0.88113,0.88114,0.88113,0.88113,20000000,1
1414175580000,1414175639000,0.88112,0.88112,0.88112,0.88112,3750000,1
1414175640000,1414175699000,0.88112,0.88113,0.88112,0.88113,10000000,1
1414175700000,1414175759000,0.88113,0.88113,0.88102,0.88102,9000000,1
1414175760000,1414175819000,0.88102,0.88102,0.881,0.881,4000000,1
1414175820000,1414175879000,0.881,0.881,0.881,0.881,2000000,1
1414175880000,1414175939000,0.88101,0.88101,0.88097,0.881,6500000,1
1414175940000,1414175999000,0.88102,0.88102,0.88093,0.88093,5500000,1
1414176000000,1414176059000,0.88094,0.88102,0.88094,0.88102,14080000,1
1414176060000,1414176119000,0.88101,0.88102,0.88095,0.88102,16130000,1
1414176120000,1414176179000,0.881,0.881,0.88089,0.88097,21560000,1
1414176180000,1414176239000,0.88096,0.88096,0.88022,0.88052,97760000,1
1414176240000,1414176299000,0.88051,0.88053,0.88049,0.88053,10190000,1
1414176300000,1414176359000,0.88052,0.88052,0.8805,0.88051,13690000,1
1414176360000,1414176419000,0.88051,0.88053,0.88051,0.88052,29500000,1
1414176420000,1414176479000,0.88052,0.88053,0.88052,0.88053,7000000,1
1414176480000,1414176539000,0.88053,0.88053,0.88052,0.88052,3500000,1
1414176540000,1414176599000,0.88053,0.88053,0.88044,0.88045,10000000,1
1414176600000,1414176659000,0.88043,0.88044,0.88021,0.88022,36250000,1
1414176660000,1414176719000,0.88019,0.88022,0.88008,0.88013,39640000,1
1414176720000,1414176779000,0.88013,0.88013,0.87994,0.87997,23980000,1
1414176780000,1414176839000,0.87999,0.88001,0.87994,0.87995,22760000,1
1414176840000,1414176899000,0.87995,0.87995,0.87984,0.87991,18720000,1
1414176900000,1414176959000,0.87993,0.87993,0.87991,0.87992,3000000,1
1414176960000,1414177019000,0.87993,0.88002,0.87992,0.88002,14800000,1
1414177020000,1414177079000,0.88002,0.88002,0.87955,0.87956,28080000,1
1414177080000,1414177139000,0.87956,0.87956,0.87941,0.87951,105850000,1
1414177140000,1414177199000,0.87954,0.87961,0.87952,0.87954,43500000,1
1414177200000,1414177259000,0.87954,0.87969,0.87954,0.87969,77430000,1
1414177260000,1414177319000,0.87969,0.87984,0.87968,0.87984,21110000,1
1414177320000,1414177379000,0.87983,0.87983,0.87972,0.87975,11500000,1
1414177380000,1414177439000,0.87976,0.87991,0.87976,0.87991,25710000,1
1414177440000,1414177499000,0.87991,0.87991,0.87988,0.87988,8340000,1
1414177500000,1414177559000,0.8799,0.88003,0.8799,0.87995,26490000,1
1414177560000,1414177619000,0.8799,0.87992,0.87984,0.87985,42960000,1
1414177620000,1414177679000,0.87983,0.87983,0.87965,0.87968,26970000,1
1414177680000,1414177739000,0.87968,0.87971,0.87968,0.87971,17600000,1
1414177740000,1414177799000,0.87972,0.87974,0.87972,0.87973,15280000,1
1414177800000,1414177859000,0.87974,0.87978,0.87974,0.87977,12840000,1
1414177860000,1414177919000,0.87976,0.87983,0.87976,0.87982,16380000,1
1414177920000,1414177979000,0.87982,0.87986,0.87982,0.87986,16560000,1
1414177980000,1414178039000,0.87986,0.87994,0.87986,0.87994,8910000,1
1414178040000,1414178099000,0.87992,0.87994,0.87984,0.87984,26340000,1
1414178100000,1414178159000,0.87984,0.8799,0.87984,0.87986,25190000,1
1414178160000,1414178219000,0.87986,0.87986,0.87985,0.87985,13000000,1
1414178220000,1414178279000,0.87985,0.87985,0.87976,0.87984,14840000,1
1414178280000,1414178339000,0.87983,0.87991,0.87983,0.87985,11270000,1
1414178340000,1414178399000,0.87984,0.8799,0.87984,0.8799,13280000,1
1414178400000,1414178459000,0.8799,0.88014,0.8799,0.88014,52440000,1
1414178460000,1414178519000,0.88014,0.8802,0.88014,0.88015,21110000,1
1414178520000,1414178579000,0.88015,0.88022,0.88014,0.8802,34730000,1
1414178580000,1414178639000,0.88021,0.88032,0.8802,0.88032,32650000,1
1414178640000,1414178699000,0.8803,0.8803,0.88023,0.88023,6000000,1
1414178700000,1414178759000,0.88023,0.88024,0.88022,0.88024,17650000,1
1414178760000,1414178819000,0.88022,0.88022,0.88012,0.88013,11500000,1
1414178820000,1414178879000,0.88012,0.88014,0.88012,0.88014,9090000,1
1414178880000,1414178939000,0.88012,0.88012,0.88012,0.88012,1500000,1
1414178940000,1414178999000,0.88012,0.88019,0.88012,0.88016,14840000,1
1414179000000,1414179059000,0.88015,0.88015,0.88013,0.88013,9070000,1
1414179060000,1414179119000,0.88013,0.88014,0.88013,0.88013,11290000,1
1414179120000,1414179179000,0.88013,0.88013,0.88013,0.88013,2740000,1
1414179180000,1414179239000,0.88013,0.88013,0.87995,0.88004,25940000,1
1414179240000,1414179299000,0.88004,0.88004,0.88003,0.88003,2000000,1
1414179300000,1414179359000,0.88004,0.88019,0.88004,0.88016,15510000,1
1414179360000,1414179419000,0.88016,0.88025,0.88014,0.88025,12790000,1
1414179420000,1414179479000,0.88025,0.88036,0.88025,0.88034,8000000,1
1414179480000,1414179539000,0.88034,0.88046,0.88034,0.88046,17860000,1
1414179540000,1414179599000,0.88045,0.88045,0.88035,0.88035,9500000,1
1414179600000,1414179659000,0.88035,0.88035,0.88035,0.88035,9000000,1
1414179660000,1414179719000,0.88035,0.88035,0.88034,0.88034,2100000,1
1414179720000,1414179779000,0.88034,0.88034,0.88029,0.88034,7650000,1
1414179840000,1414179899000,0.88033,0.88035,0.88033,0.88034,4100000,1
1414179900000,1414179959000,0.88033,0.88034,0.88033,0.88034,2500000,1
1414179960000,1414180019000,0.88032,0.88032,0.88024,0.88024,16000000,1
1414180020000,1414180079000,0.88024,0.8803,0.88014,0.88015,31750000,1
1414180080000,1414180139000,0.88014,0.88015,0.88014,0.88015,2000000,1
1414180140000,1414180199000,0.88014,0.88015,0.88014,0.88015,2000000,1
1414180200000,1414180259000,0.88014,0.88015,0.88014,0.88015,2500000,1
1414180260000,1414180319000,0.88015,0.88015,0.88004,0.88004,31000000,1
1414180320000,1414180379000,0.88004,0.88004,0.8799,0.87993,18500000,1
1414180380000,1414180439000,0.87993,0.87994,0.87992,0.87993,8000000,1
1414180440000,1414180499000,0.87993,0.87994,0.87991,0.87994,9500000,1
1414180500000,1414180559000,0.87992,0.87992,0.87982,0.87983,22190000,1
1414180560000,1414180619000,0.87983,0.87983,0.87972,0.87972,14740000,1
1414180620000,1414180679000,0.87972,0.87977,0.87969,0.87969,28970000,1
1414180680000,1414180739000,0.87968,0.87972,0.87965,0.87965,20000000,1
1414180740000,1414180799000,0.87965,0.87974,0.87963,0.87971,56390000,1
1414180800000,1414180859000,0.87972,0.87982,0.87972,0.87978,49110000,1
1414180860000,1414180919000,0.87981,0.87982,0.87972,0.87972,32820000,1
1414180920000,1414180979000,0.87975,0.87975,0.87967,0.87972,45740000,1
1414180980000,1414181039000,0.8797,0.8799,0.87969,0.87976,50990000,1
1414181040000,1414181099000,0.87974,0.87976,0.87972,0.87972,6000000,1
1414181100000,1414181159000,0.87971,0.87976,0.87971,0.87972,8000000,1
1414181160000,1414181219000,0.87972,0.87979,0.87972,0.87979,21500000,1
1414181220000,1414181279000,0.87978,0.87978,0.87974,0.87977,23180000,1
1414181280000,1414181339000,0.87983,0.87992,0.8798,0.8799,33620000,1
1414181340000,1414181399000,0.87991,0.87992,0.8799,0.87991,18970000,1
1414181400000,1414181459000,0.8799,0.88003,0.87982,0.88003,36650000,1
1414181460000,1414181519000,0.88002,0.88002,0.88001,0.88001,7570000,1
1414181520000,1414181579000,0.88002,0.88002,0.88001,0.88001,3000000,1
1414181580000,1414181639000,0.88001,0.88001,0.87994,0.87994,25500000,1
1414181640000,1414181699000,0.87994,0.87994,0.87992,0.87992,7750000,1
1414181700000,1414181759000,0.87993,0.87993,0.87987,0.87989,17840000,1
1414181760000,1414181819000,0.87989,0.87989,0.87987,0.87989,25600000,1
1414181820000,1414181879000,0.87989,0.87989,0.87987,0.87988,4500000,1
1414181880000,1414181939000,0.87988,0.87988,0.87972,0.87972,17690000,1
1414181940000,1414181999000,0.87973,0.87973,0.87973,0.87973,1000000,1
1414182000000,1414182059000,0.87972,0.87975,0.87972,0.87975,11320000,1
1414182060000,1414182119000,0.87974,0.87977,0.87974,0.87977,3650000,1
1414182120000,1414182179000,0.87973,0.87973,0.87972,0.87972,2000000,1
1414182180000,1414182239000,0.87972,0.87972,0.87962,0.87962,6690000,1
1414182240000,1414182299000,0.87963,0.87963,0.8796,0.8796,3000000,1
1414182300000,1414182359000,0.87959,0.87959,0.87955,0.87955,9490000,1
1414182360000,1414182419000,0.87955,0.87956,0.87954,0.87954,14820000,1
1414182420000,1414182479000,0.87954,0.87968,0.87953,0.87968,14550000,1
1414182480000,1414182539000,0.87966,0.87967,0.87964,0.87967,4420000,1
1414182540000,1414182599000,0.87968,0.87978,0.87967,0.87975,56380000,1
1414182600000,1414182659000,0.87975,0.8798,0.87975,0.87979,4880000,1
1414182780000,1414182839000,0.87979,0.8798,0.87974,0.87974,7500000,1
1414182840000,1414182899000,0.87974,0.87978,0.87974,0.87978,8000000,1
1414182900000,1414182959000,0.87978,0.87978,0.87975,0.87976,7000000,1
1414182960000,1414183019000,0.87975,0.87975,0.87974,0.87974,3500000,1
1414183020000,1414183079000,0.87974,0.87974,0.87969,0.87969,7500000,1
1414183080000,1414183139000,0.87969,0.87969,0.87965,0.87965,5000000,1
1414183140000,1414183199000,0.87963,0.87963,0.87962,0.87962,3000000,1
1414183200000,1414183259000,0.87963,0.87976,0.87963,0.87976,7500000,1
1414183260000,1414183319000,0.87975,0.87979,0.87975,0.87979,6500000,1
1414183320000,1414183379000,0.87979,0.87979,0.87978,0.87978,3000000,1
1414183380000,1414183439000,0.8798,0.87982,0.87978,0.8798,16250000,1
1414183440000,1414183499000,0.87979,0.87983,0.87979,0.87983,7750000,1
1414183500000,1414183559000,0.8798,0.87985,0.8798,0.87985,16500000,1
1414183560000,1414183619000,0.87985,0.87985,0.87984,0.87984,2000000,1
1414183620000,1414183679000,0.87983,0.87986,0.87983,0.87984,5000000,1
1414183680000,1414183739000,0.87985,0.87989,0.87983,0.87989,10000000,1
1414183740000,1414183799000,0.87987,0.87987,0.87957,0.8796,34500000,1
1414183800000,1414183859000,0.87957,0.87974,0.87952,0.87973,33750000,1
1414183860000,1414183919000,0.8797,0.8797,0.87955,0.87959,15500000,1
1414183920000,1414183979000,0.87962,0.87962,0.87957,0.87959,9000000,1
1414183980000,1414184039000,0.87958,0.8796,0.87955,0.87955,9500000,1
1414184040000,1414184099000,0.87956,0.8796,0.87954,0.87957,11000000,1
1414184100000,1414184159000,0.87964,0.87995,0.87964,0.87979,39500000,1
1414184160000,1414184219000,0.87976,0.87985,0.87973,0.87985,34500000,1
1414184220000,1414184279000,0.87983,0.87994,0.87983,0.87986,34500000,1
1414184280000,1414184339000,0.87985,0.87985,0.8797,0.87981,89500000,1
1414184340000,1414184399000,0.87981,0.87995,0.87858,0.87858,38000000,1
1414357200000,1414357259000,0.88002,0.88011,0.88002,0.88011,1000000,1
1414357260000,1414357319000,0.88015,0.88036,0.88015,0.88036,400000,1
1414357320000,1414357379000,0.88029,0.88049,0.88018,0.88021,5320000,1
1414357380000,1414357439000,0.88023,0.88023,0.8802,0.88022,600000,1
1414357440000,1414357499000,0.88012,0.88022,0.88012,0.88021,16570000,1
1414357500000,1414357559000,0.88026,0.88026,0.88023,0.88023,15820000,1
1414357560000,1414357619000,0.88023,0.88024,0.88023,0.88024,11320000,1
1414357620000,1414357679000,0.8802,0.88027,0.8802,0.88027,35660000,1
1414357680000,1414357739000,0.88026,0.88028,0.88023,0.88024,64400000,1
1414357740000,1414357799000,0.88028,0.88029,0.88028,0.88029,6960000,1
1414357800000,1414357859000,0.88031,0.88033,0.88028,0.88032,29740000,1
1414357860000,1414357919000,0.88031,0.88032,0.88021,0.88021,59810000,1
1414357920000,1414357979000,0.88022,0.88039,0.88022,0.88039,54940000,1
1414357980000,1414358039000,0.8804,0.8804,0.8804,0.8804,1000000,1
1414358040000,1414358099000,0.88039,0.8804,0.88039,0.8804,5000000,1
1414358100000,1414358159000,0.88039,0.88042,0.88039,0.88042,2500000,1
1414358160000,1414358219000,0.8804,0.8804,0.88036,0.88036,4000000,1
1414358220000,1414358279000,0.88035,0.88035,0.88035,0.88035,1000000,1
1414358400000,1414358459000,0.88035,0.88035,0.88035,0.88035,3500000,1
1414358460000,1414358519000,0.88034,0.88034,0.88034,0.88034,1500000,1
1414358520000,1414358579000,0.88034,0.88034,0.88034,0.88034,5500000,1
1414358580000,1414358639000,0.88034,0.88043,0.88034,0.88036,9500000,1
1414358640000,1414358699000,0.88035,0.88035,0.88035,0.88035,2000000,1
1414358700000,1414358759000,0.88035,0.88035,0.88035,0.88035,1000000,1
1414358760000,1414358819000,0.88035,0.88035,0.88035,0.88035,1000000,1
1414358820000,1414358879000,0.88035,0.88035,0.88035,0.88035,1000000,1
1414358880000,1414358939000,0.88034,0.88034,0.88032,0.88032,4500000,1
1414358940000,1414358999000,0.88033,0.88033,0.88033,0.88033,1000000,1
1414359000000,1414359059000,0.88033,0.88033,0.88028,0.88028,7000000,1
1414359060000,1414359119000,0.88029,0.88031,0.88029,0.88031,7000000,1
1414359120000,1414359179000,0.88032,0.88032,0.88032,0.88032,1000000,1
1414359180000,1414359239000,0.88027,0.88032,0.88019,0.88031,34650000,1
1414359240000,1414359299000,0.88031,0.88049,0.88031,0.88047,35960000,1
1414359300000,1414359359000,0.88046,0.88046,0.88032,0.88032,30440000,1
1414359360000,1414359419000,0.88032,0.88032,0.88032,0.88032,3300000,1
1414359420000,1414359479000,0.88032,0.88033,0.88032,0.88033,2850000,1
1414359540000,1414359599000,0.88032,0.88032,0.88032,0.88032,1000000,1
1414359660000,1414359719000,0.88033,0.88033,0.88033,0.88033,1000000,1
1414359720000,1414359779000,0.88037,0.88041,0.88037,0.8804,7000000,1
1414359780000,1414359839000,0.88041,0.88041,0.88041,0.88041,2000000,1
1414359840000,1414359899000,0.8804,0.88041,0.88038,0.88041,18500000,1
1414359900000,1414359959000,0.88041,0.88041,0.8804,0.88041,6000000,1
1414359960000,1414360019000,0.88041,0.88041,0.88031,0.88031,14100000,1
1414360020000,1414360079000,0.88039,0.88046,0.88039,0.88046,13500000,1
1414360080000,1414360139000,0.88046,0.88046,0.8804,0.8804,7000000,1
1414360140000,1414360199000,0.8804,0.88042,0.8804,0.88041,5000000,1
1414360200000,1414360259000,0.88042,0.88049,0.88041,0.88045,8750000,1
1414360260000,1414360319000,0.88043,0.88046,0.88032,0.88032,16900000,1
1414360320000,1414360379000,0.8804,0.88041,0.88032,0.88033,14900000,1
1414360380000,1414360439000,0.88033,0.88033,0.88033,0.88033,1500000,1
1414360440000,1414360499000,0.88033,0.88033,0.88033,0.88033,1500000,1
1414360500000,1414360559000,0.88033,0.88033,0.88033,0.88033,2000000,1
1414360560000,1414360619000,0.88033,0.88033,0.88032,0.88032,3000000,1
1414360620000,1414360679000,0.88032,0.88033,0.88031,0.88031,5000000,1
1414360740000,1414360799000,0.8803,0.8803,0.88014,0.88029,9750000,1
1414360800000,1414360859000,0.88029,0.88029,0.88009,0.88024,35500000,1
1414360860000,1414360919000,0.88025,0.88032,0.88025,0.88032,28500000,1
1414360920000,1414360979000,0.88033,0.88037,0.88032,0.88033,16500000,1
1414360980000,1414361039000,0.88032,0.88033,0.88032,0.88033,34500000,1
1414361040000,1414361099000,0.88031,0.88035,0.8803,0.88035,22600000,1
1414361100000,1414361159000,0.88034,0.88035,0.88029,0.8803,71180000,1
1414361160000,1414361219000,0.8803,0.88036,0.88028,0.88033,45770000,1
1414361220000,1414361279000,0.88024,0.88038,0.88024,0.88037,40150000,1
1414361280000,1414361339000,0.88032,0.88035,0.88025,0.88034,52770000,1
1414361340000,1414361399000,0.8803,0.88033,0.8802,0.88021,65310000,1
1414361400000,1414361459000,0.88026,0.88026,0.88013,0.88014,46590000,1
1414361460000,1414361519000,0.88014,0.88025,0.88014,0.88024,56920000,1
1414361520000,1414361579000,0.88021,0.88026,0.88015,0.88024,38330000,1
1414361580000,1414361639000,0.88025,0.88033,0.88016,0.88024,109180000,1
1414361640000,1414361699000,0.88024,0.88025,0.8802,0.8802,92030000,1
1414361700000,1414361759000,0.8802,0.8802,0.88019,0.88019,14000000,1
1414361760000,1414361819000,0.88018,0.88018,0.8801,0.88014,32500000,1
1414361820000,1414361879000,0.88014,0.88014,0.88011,0.88011,9000000,1
1414361880000,1414361939000,0.88011,0.88019,0.88011,0.88016,18920000,1
1414361940000,1414361999000,0.88015,0.88016,0.88015,0.88016,15750000,1
1414362000000,1414362059000,0.88014,0.88018,0.88014,0.88017,22930000,1
1414362060000,1414362119000,0.88016,0.88016,0.88016,0.88016,6140000,1
1414362120000,1414362179000,0.88016,0.88017,0.88015,0.88015,34560000,1
1414362180000,1414362239000,0.88016,0.88016,0.88013,0.88014,6000000,1
1414362240000,1414362299000,0.88013,0.88019,0.88012,0.88017,121860000,1
1414362300000,1414362359000,0.88016,0.88017,0.8801,0.88011,41370000,1
1414362360000,1414362419000,0.8801,0.88014,0.8801,0.88014,16750000,1
1414362420000,1414362479000,0.88014,0.88018,0.88012,0.88018,47800000,1
1414362480000,1414362539000,0.8802,0.88047,0.88017,0.88046,67540000,1
1414362540000,1414362599000,0.88046,0.88048,0.88043,0.88044,58850000,1
1414362600000,1414362659000,0.88044,0.88047,0.88044,0.88045,31110000,1
1414362660000,1414362719000,0.88046,0.88064,0.88046,0.88064,38960000,1
1414362720000,1414362779000,0.88067,0.8807,0.88055,0.88056,48410000,1
1414362780000,1414362839000,0.88056,0.88056,0.8805,0.8805,25780000,1
1414362840000,1414362899000,0.8805,0.88055,0.8805,0.88053,74000000,1
1414362900000,1414362959000,0.88054,0.88054,0.88053,0.88054,64880000,1
1414362960000,1414363019000,0.88054,0.88059,0.88052,0.88059,44840000,1
1414363020000,1414363079000,0.88059,0.88062,0.88059,0.8806,22800000,1
1414363080000,1414363139000,0.88059,0.88062,0.88052,0.88054,71050000,1
1414363140000,1414363199000,0.88054,0.88056,0.88051,0.88051,28670000,1
1414363200000,1414363259000,0.8805,0.88054,0.88049,0.88051,75520000,1
1414363260000,1414363319000,0.8805,0.88055,0.88049,0.8805,58930000,1
1414363320000,1414363379000,0.88052,0.88069,0.88052,0.88066,85170000,1
1414363380000,1414363439000,0.88067,0.88067,0.88067,0.88067,40540000,1
1414363440000,1414363499000,0.88066,0.88068,0.88066,0.88067,88100000,1
1414363500000,1414363559000,0.88066,0.88067,0.88063,0.88067,36770000,1
1414363560000,1414363619000,0.88067,0.88067,0.88062,0.88066,14950000,1
1414363620000,1414363679000,0.88065,0.88065,0.88065,0.88065,3000000,1
1414363680000,1414363739000,0.88064,0.88064,0.88064,0.88064,11950000,1
1414363740000,1414363799000,0.88063,0.88066,0.88062,0.88065,19410000,1
1414363800000,1414363859000,0.88065,0.88066,0.88064,0.88064,9000000,1
1414363860000,1414363919000,0.88064,0.8807,0.88062,0.88064,33240000,1
1414363920000,1414363979000,0.88064,0.88065,0.88064,0.88065,5500000,1
1414363980000,1414364039000,0.88065,0.88065,0.88064,0.88064,6860000,1
1414364040000,1414364099000,0.88064,0.88064,0.88063,0.88064,8840000,1
1414364100000,1414364159000,0.88063,0.88063,0.88057,0.88057,9000000,1
1414364160000,1414364219000,0.88056,0.88056,0.88055,0.88055,13000000,1
1414364220000,1414364279000,0.88055,0.88056,0.88055,0.88055,11000000,1
1414364280000,1414364339000,0.88055,0.88055,0.88045,0.88045,17000000,1
1414364340000,1414364399000,0.88045,0.88045,0.8802,0.8802,34370000,1
1414364400000,1414364459000,0.8802,0.88028,0.88012,0.88027,46480000,1
1414364460000,1414364519000,0.88027,0.88027,0.88017,0.88021,23500000,1
1414364520000,1414364579000,0.88019,0.88019,0.88018,0.88018,5250000,1
1414364580000,1414364639000,0.88018,0.8803,0.88018,0.8803,49650000,1
1414364640000,1414364699000,0.8803,0.88034,0.88027,0.88033,37870000,1
1414364700000,1414364759000,0.88033,0.88041,0.88022,0.88029,58170000,1
1414364760000,1414364819000,0.8803,0.88043,0.88021,0.88024,62520000,1
1414364820000,1414364879000,0.88024,0.88027,0.88001,0.88014,48960000,1
1414364880000,1414364939000,0.88016,0.88018,0.88016,0.88017,4250000,1
1414364940000,1414364999000,0.88017,0.88017,0.88011,0.88011,10000000,1
1414365000000,1414365059000,0.8801,0.8802,0.8801,0.88018,13940000,1
1414365060000,1414365119000,0.88018,0.88018,0.88017,0.88018,4570000,1
1414365120000,1414365179000,0.88016,0.88022,0.88015,0.88021,12200000,1
1414365180000,1414365239000,0.8802,0.88021,0.88015,0.88017,20760000,1
1414365240000,1414365299000,0.88016,0.88016,0.88016,0.88016,7860000,1
1414365300000,1414365359000,0.88015,0.88015,0.88015,0.88015,1000000,1
1414365360000,1414365419000,0.88014,0.88014,0.88014,0.88014,1000000,1
1414365420000,1414365479000,0.88014,0.88014,0.8801,0.88014,12010000,1
1414365480000,1414365539000,0.88014,0.88021,0.88014,0.88021,17440000,1
1414365600000,1414365659000,0.88022,0.88027,0.88021,0.88027,11110000,1
1414365660000,1414365719000,0.88026,0.88026,0.88025,0.88026,18340000,1
1414365720000,1414365779000,0.88025,0.88026,0.88025,0.88026,6400000,1
1414365780000,1414365839000,0.88026,0.88028,0.88026,0.88028,12000000,1
1414365840000,1414365899000,0.88028,0.88052,0.88027,0.88052,68930000,1
1414365900000,1414365959000,0.88053,0.88056,0.88047,0.88047,21520000,1
1414365960000,1414366019000,0.88047,0.88047,0.8803,0.88035,29480000,1
1414366020000,1414366079000,0.88034,0.88034,0.88024,0.88024,15300000,1
1414366080000,1414366139000,0.88021,0.88023,0.88016,0.88019,11660000,1
1414366140000,1414366199000,0.8802,0.88022,0.88015,0.88016,20070000,1
1414366200000,1414366259000,0.88016,0.88016,0.88014,0.88015,28020000,1
1414366260000,1414366319000,0.88014,0.88015,0.88012,0.88015,18570000,1
1414366320000,1414366379000,0.88014,0.88017,0.88013,0.88017,44440000,1
1414366380000,1414366439000,0.88017,0.88026,0.88017,0.88025,14920000,1
1414366440000,1414366499000,0.88025,0.88025,0.88025,0.88025,3150000,1
1414366500000,1414366559000,0.88025,0.88025,0.88025,0.88025,4240000,1
1414366560000,1414366619000,0.88026,0.88026,0.88026,0.88026,4710000,1
1414366680000,1414366739000,0.88026,0.88033,0.88025,0.88033,22570000,1
1414366740000,1414366799000,0.88032,0.88032,0.8803,0.8803,10500000,1
1414366800000,1414366859000,0.88029,0.88037,0.88027,0.88037,31980000,1
1414366860000,1414366919000,0.88036,0.88036,0.88034,0.88036,13890000,1
1414366920000,1414366979000,0.88036,0.88036,0.88036,0.88036,25780000,1
1414366980000,1414367039000,0.88036,0.88036,0.88036,0.88036,3000000,1
1414367040000,1414367099000,0.88036,0.88036,0.88035,0.88035,26440000,1
1414367100000,1414367159000,0.88035,0.88035,0.88035,0.88035,72310000,1
1414367160000,1414367219000,0.88035,0.88037,0.88035,0.88037,44330000,1
1414367220000,1414367279000,0.88037,0.88042,0.88037,0.8804,20350000,1
1414367280000,1414367339000,0.88039,0.88039,0.88025,0.88025,27110000,1
1414367340000,1414367399000,0.88025,0.88026,0.88025,0.88025,8210000,1
1414367400000,1414367459000,0.88026,0.88026,0.88026,0.88026,1000000,1
1414367460000,1414367519000,0.88026,0.88026,0.88026,0.88026,2370000,1
1414367520000,1414367579000,0.88025,0.88025,0.88011,0.88011,23750000,1
1414367580000,1414367639000,0.88011,0.88011,0.87994,0.87996,33520000,1
1414367640000,1414367699000,0.87994,0.88013,0.87965,0.8799,64960000,1
1414367700000,1414367759000,0.8799,0.88006,0.8799,0.88006,12430000,1
1414367760000,1414367819000,0.88006,0.88006,0.88005,0.88005,4500000,1
1414367820000,1414367879000,0.88007,0.88016,0.88007,0.88016,10000000,1
1414367880000,1414367939000,0.88015,0.88016,0.88015,0.88016,9240000,1
1414367940000,1414367999000,0.88016,0.88043,0.88003,0.88043,61390000,1
1414368000000,1414368059000,0.88045,0.88047,0.88042,0.88047,15860000,1
1414368060000,1414368119000,0.88047,0.88067,0.88047,0.88067,66540000,1
1414368120000,1414368179000,0.88067,0.88069,0.88066,0.88067,73600000,1
1414368180000,1414368239000,0.88067,0.88067,0.88059,0.88067,19280000,1
1414368240000,1414368299000,0.88067,0.88077,0.88065,0.8807,33000000,1
1414368300000,1414368359000,0.88068,0.88068,0.8806,0.88068,25440000,1
1414368360000,1414368419000,0.88068,0.88068,0.88068,0.88068,10980000,1
1414368420000,1414368479000,0.88066,0.88068,0.88048,0.88068,40650000,1
1414368480000,1414368539000,0.88065,0.88068,0.88063,0.88063,24000000,1
1414368540000,1414368599000,0.88063,0.88067,0.88063,0.88067,9000000,1
1414368600000,1414368659000,0.88065,0.88076,0.88065,0.88075,38990000,1
1414368660000,1414368719000,0.88075,0.88079,0.88073,0.88079,64960000,1
1414368720000,1414368779000,0.88079,0.88089,0.88079,0.88086,29260000,1
1414368780000,1414368839000,0.88085,0.88086,0.88075,0.88075,50440000,1
1414368840000,1414368899000,0.88074,0.88076,0.88074,0.88074,29150000,1
1414368900000,1414368959000,0.88073,0.88076,0.88073,0.88076,26040000,1
1414368960000,1414369019000,0.88076,0.8808,0.88076,0.88076,13890000,1
1414369020000,1414369079000,0.88081,0.88081,0.88076,0.88077,5820000,1
1414369080000,1414369139000,0.88076,0.88076,0.88076,0.88076,2250000,1
1414369140000,1414369199000,0.88076,0.88081,0.88075,0.88076,76820000,1
1414369200000,1414369259000,0.88076,0.88087,0.88075,0.88086,56680000,1
1414369260000,1414369319000,0.88086,0.88086,0.88075,0.88077,21750000,1
1414369380000,1414369439000,0.88076,0.88077,0.88076,0.88077,2000000,1
1414369440000,1414369499000,0.88076,0.88077,0.88076,0.88077,2500000,1
1414369500000,1414369559000,0.88076,0.88076,0.88062,0.88068,39500000,1
1414369560000,1414369619000,0.88066,0.88068,0.88063,0.88066,21000000,1
1414369620000,1414369679000,0.88067,0.88068,0.88066,0.88067,7750000,1
1414369680000,1414369739000,0.88067,0.88079,0.88066,0.88076,17010000,1
1414369740000,1414369799000,0.88078,0.88086,0.88074,0.88077,78690000,1
1414369800000,1414369859000,0.8808,0.88081,0.88077,0.88077,16530000,1
1414369860000,1414369919000,0.8808,0.88087,0.8808,0.88087,10570000,1
1414369920000,1414369979000,0.88087,0.88093,0.88087,0.88088,31010000,1
1414369980000,1414370039000,0.88092,0.88111,0.88092,0.88111,37470000,1
1414370040000,1414370099000,0.88108,0.88112,0.88107,0.88108,26030000,1
1414370100000,1414370159000,0.88107,0.88108,0.88104,0.88105,13400000,1
1414370160000,1414370219000,0.88109,0.88112,0.88109,0.88112,15500000,1
1414370220000,1414370279000,0.8811,0.8812,0.8811,0.88117,17070000,1
1414370280000,1414370339000,0.88119,0.88119,0.88105,0.88107,19710000,1
1414370340000,1414370399000,0.88106,0.8811,0.88106,0.88108,6100000,1
1414370400000,1414370459000,0.88108,0.88108,0.88107,0.88108,8220000,1
1414370460000,1414370519000,0.88108,0.88159,0.88108,0.88148,63320000,1
1414370520000,1414370579000,0.88148,0.88188,0.88148,0.88187,85300000,1
1414370580000,1414370639000,0.88187,0.88202,0.88177,0.882,108000000,1
1414370640000,1414370699000,0.882,0.88202,0.88175,0.88181,59230000,1
1414370700000,1414370759000,0.88182,0.88196,0.88181,0.88184,70160000,1
1414370760000,1414370819000,0.88183,0.88183,0.88172,0.88172,53600000,1
1414370820000,1414370879000,0.88173,0.88173,0.88146,0.88154,52930000,1
1414370880000,1414370939000,0.88154,0.88158,0.88147,0.88157,33690000,1
1414370940000,1414370999000,0.88159,0.88179,0.88158,0.88176,64190000,1
1414371000000,1414371059000,0.88176,0.88194,0.8817,0.88194,107700000,1
1414371060000,1414371119000,0.88195,0.88228,0.88195,0.8821,119900000,1
1414371120000,1414371179000,0.8821,0.8821,0.88187,0.88187,49500000,1
1414371180000,1414371239000,0.88187,0.88187,0.88177,0.88182,21100000,1
1414371240000,1414371299000,0.88181,0.88186,0.88169,0.88186,61610000,1
1414371300000,1414371359000,0.88186,0.88192,0.88177,0.88188,60520000,1
1414371360000,1414371419000,0.88188,0.88196,0.88185,0.8819,57640000,1
1414371420000,1414371479000,0.88188,0.88188,0.88177,0.8818,17540000,1
1414371480000,1414371539000,0.8818,0.8818,0.8817,0.8817,30500000,1
1414371540000,1414371599000,0.8817,0.88174,0.88157,0.8816,45830000,1
1414371600000,1414371659000,0.8816,0.88207,0.8816,0.88185,72730000,1
1414371660000,1414371719000,0.88185,0.88198,0.8818,0.88187,69690000,1
1414371720000,1414371779000,0.88188,0.88202,0.88181,0.88197,58030000,1
1414371780000,1414371839000,0.88197,0.88201,0.88182,0.88196,49920000,1
1414371840000,1414371899000,0.88196,0.88208,0.88196,0.88198,36700000,1
1414371900000,1414371959000,0.88197,0.88197,0.88158,0.88166,63010000,1
1414371960000,1414372019000,0.88166,0.88166,0.88144,0.88146,55100000,1
1414372020000,1414372079000,0.88146,0.88146,0.88135,0.88136,34500000,1
1414372080000,1414372139000,0.88136,0.88162,0.88136,0.8816,47500000,1
1414372140000,1414372199000,0.8816,0.88161,0.88137,0.88137,44140000,1
1414372200000,1414372259000,0.88137,0.88138,0.88106,0.88106,100560000,1
1414372260000,1414372319000,0.88106,0.88109,0.881,0.88105,47270000,1
1414372320000,1414372379000,0.88114,0.88136,0.88114,0.88134,78170000,1
1414372380000,1414372439000,0.88135,0.88135,0.88094,0.88107,75550000,1
1414372440000,1414372499000,0.88107,0.88121,0.88087,0.8809,56770000,1
1414372500000,1414372559000,0.8809,0.881,0.8809,0.88097,44200000,1
1414372560000,1414372619000,0.88097,0.88102,0.88068,0.88088,93250000,1
1414372620000,1414372679000,0.88087,0.88087,0.88072,0.88085,54190000,1
1414372680000,1414372739000,0.88086,0.88122,0.88086,0.88122,81420000,1
1414372740000,1414372799000,0.88124,0.88129,0.88078,0.8809,101860000,1
1414372800000,1414372859000,0.8809,0.88096,0.88089,0.88091,46850000,1
1414372860000,1414372919000,0.8809,0.8809,0.88071,0.88076,49280000,1
1414372920000,1414372979000,0.88076,0.88095,0.88052,0.88064,129150000,1
1414372980000,1414373039000,0.88063,0.88065,0.88042,0.88042,31890000,1
1414373040000,1414373099000,0.88042,0.88051,0.88038,0.88046,86460000,1
1414373100000,1414373159000,0.88048,0.88052,0.88048,0.88048,15280000,1
1414373160000,1414373219000,0.88048,0.88051,0.88025,0.88037,51860000,1
1414373220000,1414373279000,0.88036,0.8805,0.88036,0.8805,43880000,1
1414373280000,1414373339000,0.8805,0.88052,0.8804,0.88044,42540000,1
1414373340000,1414373399000,0.88046,0.88051,0.88041,0.88041,45400000,1
1414373400000,1414373459000,0.88041,0.88043,0.88039,0.88042,29920000,1
1414373460000,1414373519000,0.88042,0.88045,0.88024,0.88025,28830000,1
1414373520000,1414373579000,0.88024,0.88025,0.88014,0.88017,46680000,1
1414373580000,1414373639000,0.88019,0.88023,0.88019,0.88022,12990000,1
1414373640000,1414373699000,0.88022,0.88027,0.88022,0.88027,13070000,1
1414373700000,1414373759000,0.88028,0.88028,0.88002,0.88019,93510000,1
1414373760000,1414373819000,0.88019,0.8805,0.88019,0.88047,128260000,1
1414373820000,1414373879000,0.88047,0.88057,0.88036,0.88037,75090000,1
1414373880000,1414373939000,0.88037,0.88075,0.88037,0.88052,69380000,1
1414373940000,1414373999000,0.88052,0.88053,0.88048,0.88051,44430000,1
1414374000000,1414374059000,0.88051,0.88051,0.88044,0.88045,36820000,1
1414374060000,1414374119000,0.88045,0.88066,0.88045,0.88066,39170000,1
1414374120000,1414374179000,0.88064,0.8809,0.88064,0.88081,100100000,1
1414374180000,1414374239000,0.88081,0.88091,0.88077,0.88077,46370000,1
1414374240000,1414374299000,0.88077,0.88078,0.88054,0.88054,53390000,1
1414374300000,1414374359000,0.88052,0.88058,0.88041,0.8805,91060000,1
1414374360000,1414374419000,0.88051,0.88056,0.88049,0.88049,47460000,1
1414374420000,1414374479000,0.88048,0.88053,0.88042,0.88045,15280000,1
1414374480000,1414374539000,0.88045,0.88051,0.88045,0.88047,19560000,1
1414374540000,1414374599000,0.88047,0.88052,0.88042,0.88042,20770000,1
1414374600000,1414374659000,0.88042,0.88051,0.88042,0.88048,16750000,1
1414374660000,1414374719000,0.88047,0.88059,0.88041,0.88059,49960000,1
1414374720000,1414374779000,0.88058,0.88073,0.88047,0.88061,52860000,1
1414374780000,1414374839000,0.88062,0.88068,0.88062,0.88068,9500000,1
1414374840000,1414374899000,0.88068,0.88095,0.88068,0.88089,58980000,1
1414374900000,1414374959000,0.88089,0.88103,0.88087,0.88098,110480000,1
1414374960000,1414375019000,0.88097,0.88097,0.88091,0.88091,50370000,1
1414375020000,1414375079000,0.88091,0.88106,0.88091,0.88101,59340000,1
1414375080000,1414375139000,0.88101,0.8811,0.881,0.88107,37510000,1
1414375140000,1414375199000,0.88109,0.88122,0.88108,0.8812,46330000,1
1414375200000,1414375259000,0.8812,0.88125,0.88118,0.8812,33520000,1
1414375260000,1414375319000,0.8812,0.88124,0.88114,0.88118,51740000,1
1414375320000,1414375379000,0.88118,0.88122,0.88117,0.88118,9780000,1
1414375380000,1414375439000,0.88118,0.88142,0.88118,0.88138,63900000,1
1414375440000,1414375499000,0.88138,0.88138,0.88125,0.88125,40740000,1
1414375500000,1414375559000,0.88125,0.88127,0.88119,0.88122,48320000,1
1414375560000,1414375619000,0.88122,0.88124,0.88104,0.88105,39330000,1
1414375620000,1414375679000,0.88106,0.8811,0.88106,0.88107,16930000,1
1414375680000,1414375739000,0.88107,0.88108,0.88107,0.88108,14000000,1
1414375740000,1414375799000,0.88108,0.88108,0.88107,0.88107,3500000,1
1414375800000,1414375859000,0.88107,0.88108,0.88105,0.88105,6500000,1
1414375860000,1414375919000,0.88105,0.88105,0.8809,0.88095,26620000,1
1414375920000,1414375979000,0.88095,0.88095,0.88057,0.88065,43720000,1
1414375980000,1414376039000,0.88068,0.88068,0.88066,0.88066,2500000,1
1414376040000,1414376099000,0.88066,0.88068,0.88063,0.88068,10500000,1
1414376100000,1414376159000,0.88067,0.88067,0.88065,0.88066,9000000,1
1414376160000,1414376219000,0.88066,0.88066,0.88056,0.88056,18500000,1
1414376220000,1414376279000,0.88057,0.88065,0.88052,0.88056,21440000,1
1414376280000,1414376339000,0.88055,0.88055,0.88055,0.88055,1000000,1
1414376340000,1414376399000,0.88056,0.88063,0.88056,0.8806,17860000,1
1414376400000,1414376459000,0.88059,0.88059,0.88057,0.88057,3500000,1
1414376460000,1414376519000,0.88058,0.88066,0.88057,0.88066,11310000,1
1414376520000,1414376579000,0.88066,0.88066,0.88066,0.88066,8250000,1
1414376580000,1414376639000,0.88067,0.88072,0.88067,0.88072,18490000,1
1414376640000,1414376699000,0.88072,0.88072,0.88069,0.88071,14710000,1
1414376700000,1414376759000,0.8807,0.88072,0.8807,0.88071,4500000,1
1414376760000,1414376819000,0.8807,0.88072,0.8807,0.88072,14040000,1
1414376820000,1414376879000,0.88072,0.88072,0.8807,0.88071,22700000,1
1414376880000,1414376939000,0.88071,0.88075,0.8807,0.88073,13200000,1
1414376940000,1414376999000,0.88074,0.88077,0.88073,0.88077,6500000,1
1414377000000,1414377059000,0.88077,0.88078,0.88077,0.88077,3740000,1
1414377060000,1414377119000,0.88079,0.88086,0.88077,0.88085,16360000,1
1414377120000,1414377179000,0.88086,0.88114,0.88085,0.88114,38330000,1
1414377180000,1414377239000,0.88114,0.88133,0.88114,0.88127,27460000,1
1414377240000,1414377299000,0.88126,0.88126,0.88109,0.88109,28000000,1
1414377300000,1414377359000,0.88109,0.88111,0.88103,0.88103,22220000,1
1414377360000,1414377419000,0.88103,0.88103,0.88101,0.88102,14500000,1
1414377420000,1414377479000,0.88103,0.88103,0.881,0.881,7500000,1
1414377480000,1414377539000,0.88098,0.88098,0.88087,0.88087,27370000,1
1414377540000,1414377599000,0.88087,0.88087,0.88075,0.88075,10000000,1
1414377600000,1414377659000,0.88075,0.88088,0.8806,0.88086,46680000,1
1414377660000,1414377719000,0.88087,0.88116,0.88087,0.88116,67350000,1
1414377720000,1414377779000,0.88116,0.88124,0.88106,0.88116,57550000,1
1414377780000,1414377839000,0.88118,0.88139,0.88118,0.88136,31740000,1
1414377840000,1414377899000,0.88138,0.88157,0.88134,0.88157,74910000,1
1414377900000,1414377959000,0.88157,0.88204,0.88143,0.88198,91090000,1
1414377960000,1414378019000,0.88197,0.88202,0.88174,0.88202,82400000,1
1414378020000,1414378079000,0.88202,0.88216,0.8819,0.88197,87190000,1
1414378080000,1414378139000,0.88197,0.88205,0.88177,0.88186,95640000,1
1414378140000,1414378199000,0.88186,0.8821,0.88183,0.88209,99450000,1
1414378200000,1414378259000,0.88208,0.88241,0.88206,0.88232,128510000,1
1414378260000,1414378319000,0.88232,0.88234,0.88182,0.88195,63270000,1
1414378320000,1414378379000,0.88195,0.88208,0.88182,0.88186,49400000,1
1414378380000,1414378439000,0.88186,0.88186,0.88165,0.88165,28530000,1
1414378440000,1414378499000,0.88167,0.88168,0.88166,0.88166,11540000,1
1414378500000,1414378559000,0.88166,0.88166,0.88127,0.88131,76130000,1
1414378560000,1414378619000,0.8813,0.8817,0.88127,0.88167,99640000,1
1414378620000,1414378679000,0.88168,0.882,0.88157,0.88191,108840000,1
1414378680000,1414378739000,0.88194,0.88203,0.88181,0.88196,45160000,1
1414378740000,1414378799000,0.88196,0.88224,0.88195,0.88203,97840000,1
1414378800000,1414378859000,0.88205,0.88206,0.88199,0.88205,33880000,1
1414378860000,1414378919000,0.88205,0.88206,0.88205,0.88206,7750000,1
1414378920000,1414378979000,0.88206,0.88206,0.88192,0.88193,34250000,1
1414378980000,1414379039000,0.8819,0.8819,0.88164,0.88164,52000000,1
1414379040000,1414379099000,0.88164,0.88166,0.88164,0.88164,24250000,1
1414379100000,1414379159000,0.88165,0.88166,0.88164,0.88165,16000000,1
1414379160000,1414379219000,0.88165,0.88165,0.88148,0.88149,67070000,1
1414379220000,1414379279000,0.88149,0.88152,0.88146,0.88146,14840000,1
1414379280000,1414379339000,0.88146,0.88151,0.8813,0.88132,45970000,1
1414379340000,1414379399000,0.88133,0.88133,0.88117,0.8812,72800000,1
1414379400000,1414379459000,0.8812,0.8812,0.88112,0.88112,37740000,1
1414379460000,1414379519000,0.88112,0.88125,0.88098,0.88102,65950000,1
1414379520000,1414379579000,0.88101,0.88121,0.88101,0.88121,45100000,1
1414379580000,1414379639000,0.88121,0.8813,0.8812,0.8813,34570000,1
1414379640000,1414379699000,0.88128,0.88128,0.88122,0.88123,13760000,1
1414379700000,1414379759000,0.88122,0.88129,0.88113,0.88127,66190000,1
1414379760000,1414379819000,0.88128,0.88128,0.88126,0.88128,6770000,1
1414379820000,1414379879000,0.88128,0.88135,0.8812,0.88122,42460000,1
1414379880000,1414379939000,0.88121,0.88127,0.88121,0.88126,8340000,1
1414379940000,1414379999000,0.88126,0.88127,0.88117,0.88117,12870000,1
1414380000000,1414380059000,0.88118,0.88123,0.88118,0.88118,11000000,1
1414380060000,1414380119000,0.88118,0.88122,0.88118,0.88118,8070000,1
1414380120000,1414380179000,0.88117,0.88117,0.88117,0.88117,2670000,1
1414380180000,1414380239000,0.88118,0.88127,0.88117,0.88127,28480000,1
1414380240000,1414380299000,0.88127,0.8813,0.88127,0.8813,19520000,1
1414380300000,1414380359000,0.8813,0.88132,0.8813,0.88132,39130000,1
1414380360000,1414380419000,0.88132,0.88151,0.88132,0.88149,30370000,1
1414380420000,1414380479000,0.88149,0.88159,0.88149,0.88149,23700000,1
1414380480000,1414380539000,0.88149,0.88156,0.88146,0.88153,39640000,1
1414380600000,1414380659000,0.88151,0.88151,0.88132,0.88133,50960000,1
1414380660000,1414380719000,0.88133,0.88133,0.88116,0.88127,27930000,1
1414380720000,1414380779000,0.88126,0.8814,0.88124,0.88137,35460000,1
1414380780000,1414380839000,0.88137,0.88147,0.88137,0.88147,16860000,1
1414380840000,1414380899000,0.88147,0.88147,0.8813,0.8813,23070000,1
1414380900000,1414380959000,0.8813,0.8813,0.8812,0.8812,16600000,1
1414380960000,1414381019000,0.8812,0.88123,0.8812,0.88123,15750000,1
1414381020000,1414381079000,0.88124,0.88127,0.88124,0.88124,8000000,1
1414381080000,1414381139000,0.88125,0.88125,0.88124,0.88125,3750000,1
1414381140000,1414381199000,0.88124,0.88124,0.88121,0.88121,11490000,1
1414381200000,1414381259000,0.88121,0.88123,0.88114,0.88123,52020000,1
1414381260000,1414381319000,0.88121,0.88131,0.88119,0.8813,22470000,1
1414381320000,1414381379000,0.88129,0.88132,0.88129,0.88132,4250000,1
1414381380000,1414381439000,0.88131,0.88131,0.88131,0.88131,1500000,1
1414381440000,1414381499000,0.88131,0.88153,0.88131,0.88152,26780000,1
1414381500000,1414381559000,0.88152,0.88152,0.88132,0.88142,70530000,1
1414381560000,1414381619000,0.88142,0.88148,0.88141,0.88146,52250000,1
1414381620000,1414381679000,0.88146,0.88166,0.88146,0.88164,99880000,1
1414381680000,1414381739000,0.88164,0.88166,0.88164,0.88165,37220000,1
1414381740000,1414381799000,0.88164,0.88165,0.88157,0.88157,23450000,1
1414381800000,1414381859000,0.88157,0.8816,0.88157,0.8816,13360000,1
1414381860000,1414381919000,0.88161,0.88169,0.88161,0.88168,30890000,1
1414381920000,1414381979000,0.88168,0.88177,0.88168,0.88169,28110000,1
1414381980000,1414382039000,0.88172,0.88172,0.88171,0.88171,9000000,1
1414382040000,1414382099000,0.88171,0.88171,0.8815,0.8815,23450000,1
1414382100000,1414382159000,0.8815,0.8815,0.88149,0.8815,8880000,1
1414382160000,1414382219000,0.88149,0.88152,0.88146,0.88146,9220000,1
1414382220000,1414382279000,0.88145,0.8815,0.88137,0.88149,44960000,1
1414382280000,1414382339000,0.88149,0.88149,0.88129,0.88129,26270000,1
1414382340000,1414382399000,0.8813,0.88134,0.88128,0.88131,14010000,1
1414382400000,1414382459000,0.8813,0.8813,0.88119,0.88127,31390000,1
1414382460000,1414382519000,0.88128,0.88131,0.88112,0.88131,49640000,1
1414382520000,1414382579000,0.88131,0.88131,0.88127,0.88127,7900000,1
1414382580000,1414382639000,0.88127,0.88128,0.88127,0.88128,7210000,1
1414382640000,1414382699000,0.88128,0.88131,0.88128,0.88131,11980000,1
1414382700000,1414382759000,0.8813,0.8813,0.88129,0.8813,4070000,1
1414382760000,1414382819000,0.8813,0.8813,0.88129,0.8813,4670000,1
1414382820000,1414382879000,0.88131,0.88131,0.88127,0.88127,18590000,1
1414382880000,1414382939000,0.88131,0.88135,0.88127,0.88127,15670000,1
1414382940000,1414382999000,0.88127,0.88139,0.88123,0.88127,40960000,1
1414383000000,1414383059000,0.88125,0.88126,0.88125,0.88125,4000000,1
1414383060000,1414383119000,0.88125,0.88125,0.88115,0.88115,52600000,1
1414383120000,1414383179000,0.88114,0.88118,0.88114,0.88118,14700000,1
1414383180000,1414383239000,0.88118,0.88118,0.88114,0.88114,18620000,1
1414383240000,1414383299000,0.88116,0.88121,0.88116,0.88119,38400000,1
1414383300000,1414383359000,0.88119,0.88136,0.88119,0.88136,26540000,1
1414383360000,1414383419000,0.88134,0.88135,0.88129,0.88132,22500000,1
1414383420000,1414383479000,0.8813,0.88131,0.8813,0.8813,4000000,1
1414383480000,1414383539000,0.88129,0.8813,0.88129,0.8813,4000000,1
1414383540000,1414383599000,0.8813,0.8813,0.88124,0.88127,17950000,1
1414383600000,1414383659000,0.88128,0.88129,0.88128,0.88129,3200000,1
1414383660000,1414383719000,0.8813,0.88134,0.8813,0.88132,15400000,1
1414383720000,1414383779000,0.88133,0.88138,0.8813,0.8813,8800000,1
1414383780000,1414383839000,0.8813,0.8813,0.88129,0.88129,3500000,1
1414383840000,1414383899000,0.88128,0.88128,0.88119,0.88119,12750000,1
1414383900000,1414383959000,0.8812,0.8812,0.8812,0.8812,1000000,1
1414383960000,1414384019000,0.88119,0.88119,0.88117,0.88119,5070000,1
1414384020000,1414384079000,0.88119,0.8812,0.88119,0.8812,3740000,1
1414384080000,1414384139000,0.8812,0.8812,0.88119,0.88119,14690000,1
1414384140000,1414384199000,0.88121,0.88124,0.88119,0.88122,18520000,1
1414384200000,1414384259000,0.88122,0.88122,0.88121,0.88122,3500000,1
1414384260000,1414384319000,0.88121,0.88123,0.88121,0.88122,6990000,1
1414384320000,1414384379000,0.88123,0.88128,0.88123,0.88128,9040000,1
1414384380000,1414384439000,0.88128,0.88132,0.88125,0.88125,6720000,1
1414384440000,1414384499000,0.88125,0.88126,0.88125,0.88125,14170000,1
1414384500000,1414384559000,0.88125,0.8813,0.88125,0.8813,30380000,1
1414384560000,1414384619000,0.88131,0.88164,0.8813,0.8816,65570000,1
1414384620000,1414384679000,0.88157,0.88177,0.88156,0.88176,76900000,1
1414384680000,1414384739000,0.88176,0.88197,0.88176,0.88188,65260000,1
1414384740000,1414384799000,0.88188,0.88188,0.88177,0.88178,14130000,1
1414384800000,1414384859000,0.88177,0.8818,0.88175,0.88177,10500000,1
1414384860000,1414384919000,0.88179,0.88179,0.88176,0.88176,5750000,1
1414384920000,1414384979000,0.88176,0.88176,0.8817,0.8817,26750000,1
1414384980000,1414385039000,0.88169,0.88169,0.88169,0.88169,1570000,1
1414385040000,1414385099000,0.8817,0.8817,0.88169,0.88169,2000000,1
1414385100000,1414385159000,0.8817,0.88172,0.8817,0.88171,4200000,1
1414385160000,1414385219000,0.8817,0.8817,0.88167,0.88167,7150000,1
1414385220000,1414385279000,0.88168,0.88168,0.88165,0.88168,7500000,1
1414385280000,1414385339000,0.88165,0.88165,0.88145,0.88158,50130000,1
1414385340000,1414385399000,0.88157,0.88158,0.88156,0.88156,12410000,1
1414385400000,1414385459000,0.88155,0.88155,0.8814,0.88146,24870000,1
1414385460000,1414385519000,0.88146,0.88155,0.8813,0.88138,73940000,1
1414385520000,1414385579000,0.88136,0.88147,0.88136,0.88147,12640000,1
1414385580000,1414385639000,0.88148,0.88149,0.88147,0.88148,5500000,1
1414385640000,1414385699000,0.88147,0.88147,0.88146,0.88146,4000000,1
1414385700000,1414385759000,0.88147,0.88147,0.88143,0.88147,16250000,1
1414385760000,1414385819000,0.88147,0.88147,0.88146,0.88146,2500000,1
1414385820000,1414385879000,0.88147,0.88147,0.88147,0.88147,1000000,1
1414385880000,1414385939000,0.88148,0.88167,0.88148,0.88166,19830000,1
1414385940000,1414385999000,0.88168,0.88175,0.88161,0.88167,41730000,1
1414386000000,1414386059000,0.88167,0.8817,0.88165,0.88165,28000000,1
1414386060000,1414386119000,0.88165,0.88165,0.88147,0.88147,28370000,1
1414386120000,1414386179000,0.88147,0.88148,0.88144,0.88147,46990000,1
1414386180000,1414386239000,0.8815,0.88152,0.88137,0.88139,19150000,1
1414386240000,1414386299000,0.88138,0.88143,0.88137,0.8814,20500000,1
1414386300000,1414386359000,0.8814,0.88141,0.88138,0.88138,14500000,1
1414386360000,1414386419000,0.88138,0.88141,0.88138,0.8814,8640000,1
1414386420000,1414386479000,0.8814,0.88145,0.8814,0.88142,15370000,1
1414386480000,1414386539000,0.88142,0.88143,0.88137,0.88137,33930000,1
1414386540000,1414386599000,0.88137,0.8814,0.88137,0.8814,7120000,1
1414386600000,1414386659000,0.88139,0.88139,0.88137,0.88137,3670000,1
1414386660000,1414386719000,0.88138,0.88138,0.88123,0.88123,16240000,1
1414386720000,1414386779000,0.88126,0.88127,0.88113,0.88116,26680000,1
1414386780000,1414386839000,0.88116,0.88117,0.88116,0.88117,40530000,1
1414386840000,1414386899000,0.88116,0.88117,0.88116,0.88117,2500000,1
1414386900000,1414386959000,0.88118,0.88118,0.88117,0.88118,5000000,1
1414386960000,1414387019000,0.88118,0.8812,0.8811,0.8812,45730000,1
1414387020000,1414387079000,0.8812,0.88133,0.8812,0.88133,13210000,1
1414387080000,1414387139000,0.88135,0.88136,0.88132,0.88136,40500000,1
1414387140000,1414387199000,0.88135,0.88137,0.88135,0.88137,41790000,1
1414387200000,1414387259000,0.88137,0.88137,0.88137,0.88137,1500000,1
1414387260000,1414387319000,0.88137,0.88145,0.88137,0.88143,10710000,1
1414387320000,1414387379000,0.88143,0.88145,0.88138,0.88145,32480000,1
1414387380000,1414387439000,0.88147,0.88159,0.88147,0.88157,30780000,1
1414387440000,1414387499000,0.88157,0.88163,0.88154,0.88162,39440000,1
1414387500000,1414387559000,0.88162,0.88162,0.88157,0.88157,5000000,1
1414387560000,1414387619000,0.88157,0.88157,0.88156,0.88156,7990000,1
1414387620000,1414387679000,0.88156,0.88156,0.88147,0.88147,40790000,1
1414387680000,1414387739000,0.88147,0.88147,0.88134,0.88137,30890000,1
1414387740000,1414387799000,0.88138,0.88138,0.88137,0.88137,2500000,1
1414387800000,1414387859000,0.88137,0.88137,0.88137,0.88137,1570000,1
1414387860000,1414387919000,0.8814,0.88146,0.8814,0.88146,10500000,1
1414387920000,1414387979000,0.88146,0.88156,0.88146,0.88156,26430000,1
1414387980000,1414388039000,0.88156,0.88156,0.88152,0.88152,5000000,1
1414388040000,1414388099000,0.88152,0.88152,0.88152,0.88152,4000000,1
1414388100000,1414388159000,0.88152,0.88156,0.88152,0.88156,19000000,1
1414388160000,1414388219000,0.88156,0.88156,0.88137,0.88142,54390000,1
1414388220000,1414388279000,0.88142,0.88142,0.88137,0.88137,24770000,1
1414388280000,1414388339000,0.88137,0.88138,0.88135,0.88135,28640000,1
1414388340000,1414388399000,0.88135,0.88136,0.88135,0.88135,17440000,1
1414388400000,1414388459000,0.88135,0.88135,0.88135,0.88135,21050000,1
1414388460000,1414388519000,0.88135,0.88156,0.88135,0.88151,51300000,1
1414388520000,1414388579000,0.88151,0.88154,0.88149,0.88149,19260000,1
1414388580000,1414388639000,0.8815,0.88158,0.8815,0.88157,10820000,1
1414388640000,1414388699000,0.88157,0.88157,0.88145,0.88145,16440000,1
1414388700000,1414388759000,0.88145,0.88156,0.88145,0.88147,32450000,1
1414388760000,1414388819000,0.88149,0.88153,0.88146,0.88153,17000000,1
1414388820000,1414388879000,0.88153,0.88153,0.88146,0.88146,12020000,1
1414388880000,1414388939000,0.88147,0.88152,0.88147,0.88151,10000000,1
1414388940000,1414388999000,0.88152,0.88157,0.88152,0.88156,12070000,1
1414389000000,1414389059000,0.88155,0.88156,0.88155,0.88156,3250000,1
1414389060000,1414389119000,0.88155,0.88166,0.88155,0.88162,19830000,1
1414389120000,1414389179000,0.88162,0.88162,0.88154,0.88156,29290000,1
1414389180000,1414389239000,0.88155,0.88162,0.88155,0.88158,51750000,1
1414389240000,1414389299000,0.88159,0.8816,0.88157,0.88158,15340000,1
1414389300000,1414389359000,0.88159,0.88166,0.88154,0.88164,46820000,1
1414389360000,1414389419000,0.88164,0.88166,0.88164,0.88166,3500000,1
1414389420000,1414389479000,0.8817,0.88177,0.8817,0.88173,21150000,1
1414389480000,1414389539000,0.88173,0.88176,0.88173,0.88174,6450000,1
1414389540000,1414389599000,0.88172,0.88172,0.88155,0.88155,44290000,1
1414389600000,1414389659000,0.88155,0.88162,0.88154,0.88161,26810000,1
1414389660000,1414389719000,0.8816,0.8817,0.88157,0.88169,35650000,1
1414389720000,1414389779000,0.88169,0.8817,0.88153,0.88167,32200000,1
1414389780000,1414389839000,0.8817,0.88211,0.88167,0.88173,110580000,1
1414389840000,1414389899000,0.88172,0.88172,0.88171,0.88171,17000000,1
1414389900000,1414389959000,0.88171,0.88171,0.88151,0.88162,44970000,1
1414389960000,1414390019000,0.88162,0.88183,0.88162,0.88175,27870000,1
1414390020000,1414390079000,0.88175,0.88177,0.88174,0.88174,7560000,1
1414390080000,1414390139000,0.88174,0.88178,0.88169,0.88178,22380000,1
1414390140000,1414390199000,0.88176,0.88176,0.88165,0.88167,14450000,1
1414390200000,1414390259000,0.88166,0.88168,0.88165,0.88165,3100000,1
1414390260000,1414390319000,0.88165,0.88166,0.88161,0.88163,27200000,1
1414390320000,1414390379000,0.88163,0.88165,0.88157,0.88157,48250000,1
1414390380000,1414390439000,0.88157,0.88157,0.88156,0.88157,4000000,1
1414390440000,1414390499000,0.88156,0.88167,0.88156,0.88167,11870000,1
1414390500000,1414390559000,0.88167,0.88167,0.88164,0.88165,33330000,1
1414390560000,1414390619000,0.88161,0.88161,0.88147,0.88147,9500000,1
1414390620000,1414390679000,0.88146,0.88149,0.88145,0.88147,15000000,1
1414390680000,1414390739000,0.88145,0.88145,0.88085,0.88085,43640000,1
1414390740000,1414390799000,0.88086,0.88107,0.88079,0.88087,86840000,1
1414390800000,1414390859000,0.88087,0.88089,0.88079,0.88088,17900000,1
1414390860000,1414390919000,0.88087,0.88091,0.88072,0.88073,38780000,1
1414390920000,1414390979000,0.88073,0.88074,0.88062,0.88067,54900000,1
1414390980000,1414391039000,0.88067,0.88068,0.88065,0.88065,12000000,1
1414391040000,1414391099000,0.88065,0.88065,0.88064,0.88064,9500000,1
1414391100000,1414391159000,0.88064,0.88066,0.88064,0.88066,11370000,1
1414391160000,1414391219000,0.88066,0.88069,0.88066,0.88068,47960000,1
1414391220000,1414391279000,0.8807,0.8809,0.8807,0.8809,34110000,1
1414391280000,1414391339000,0.88089,0.8809,0.88089,0.8809,6540000,1
1414391340000,1414391399000,0.8809,0.88092,0.88089,0.88092,23900000,1
1414391400000,1414391459000,0.88093,0.88097,0.88084,0.88084,32410000,1
1414391460000,1414391519000,0.88083,0.88083,0.88077,0.88079,28870000,1
1414391520000,1414391579000,0.88078,0.8808,0.88077,0.88077,7910000,1
1414391580000,1414391639000,0.88077,0.88081,0.88077,0.8808,19500000,1
1414391640000,1414391699000,0.8808,0.8808,0.88078,0.88078,7000000,1
1414391700000,1414391759000,0.88076,0.88079,0.88073,0.88079,24820000,1
1414391760000,1414391819000,0.8808,0.88087,0.88073,0.88087,31670000,1
1414391820000,1414391879000,0.88087,0.88088,0.88086,0.88087,12500000,1
1414391880000,1414391939000,0.88087,0.88087,0.88076,0.88076,14000000,1
1414391940000,1414391999000,0.88078,0.88078,0.88076,0.88078,10000000,1
1414392000000,1414392059000,0.88078,0.88078,0.88071,0.88077,22280000,1
1414392060000,1414392119000,0.88077,0.88077,0.88071,0.88075,32050000,1
1414392120000,1414392179000,0.88075,0.88075,0.88075,0.88075,23450000,1
1414392180000,1414392239000,0.88075,0.88084,0.88075,0.88077,41860000,1
1414392240000,1414392299000,0.88079,0.88079,0.88075,0.88079,21340000,1
1414392300000,1414392359000,0.88079,0.88081,0.88068,0.88068,25710000,1
1414392360000,1414392419000,0.88068,0.8807,0.88062,0.88064,15040000,1
1414392420000,1414392479000,0.88066,0.8807,0.88048,0.88048,30880000,1
1414392480000,1414392539000,0.88048,0.88051,0.88017,0.88017,50640000,1
1414392540000,1414392599000,0.88017,0.88029,0.88017,0.88026,46970000,1
1414392600000,1414392659000,0.88023,0.8803,0.88023,0.8803,31570000,1
1414392660000,1414392719000,0.8803,0.8804,0.88028,0.88038,79740000,1
1414392720000,1414392779000,0.88038,0.8804,0.88035,0.88039,25320000,1
1414392780000,1414392839000,0.8804,0.8804,0.88037,0.8804,25440000,1
1414392840000,1414392899000,0.88041,0.88043,0.88041,0.88043,25660000,1
1414392900000,1414392959000,0.88043,0.88043,0.8804,0.88043,25780000,1
1414392960000,1414393019000,0.88043,0.88062,0.88032,0.88035,53190000,1
1414393020000,1414393079000,0.88035,0.88035,0.8802,0.88028,25100000,1
1414393080000,1414393139000,0.88029,0.88029,0.88025,0.88025,8100000,1
1414393140000,1414393199000,0.88025,0.88025,0.88014,0.88017,32180000,1
1414393200000,1414393259000,0.88014,0.88018,0.88013,0.88017,51310000,1
1414393260000,1414393319000,0.88017,0.88018,0.88017,0.88018,62060000,1
1414393320000,1414393379000,0.88018,0.88018,0.88012,0.88017,65090000,1
1414393380000,1414393439000,0.88017,0.88021,0.88017,0.88018,62540000,1
1414393440000,1414393499000,0.88017,0.88018,0.87961,0.87977,91700000,1
1414393500000,1414393559000,0.87977,0.88015,0.87977,0.88003,113520000,1
1414393560000,1414393619000,0.88003,0.88016,0.88002,0.88011,85510000,1
1414393620000,1414393679000,0.88009,0.88009,0.88002,0.88005,50340000,1
1414393680000,1414393739000,0.88007,0.88021,0.88007,0.8802,36220000,1
1414393740000,1414393799000,0.88021,0.88039,0.88021,0.88038,53340000,1
1414393800000,1414393859000,0.88038,0.88049,0.88033,0.88039,66770000,1
1414393860000,1414393919000,0.88037,0.88037,0.88024,0.88025,47300000,1
1414393920000,1414393979000,0.88025,0.88025,0.88008,0.88013,48970000,1
1414393980000,1414394039000,0.88011,0.88013,0.87989,0.87989,79960000,1
1414394040000,1414394099000,0.87989,0.88,0.87989,0.88,48850000,1
1414394100000,1414394159000,0.88,0.8803,0.88,0.8803,66000000,1
1414394160000,1414394219000,0.8803,0.8803,0.88007,0.88013,72900000,1
1414394220000,1414394279000,0.88013,0.88018,0.8799,0.87997,99780000,1
1414394280000,1414394339000,0.87999,0.8801,0.87998,0.88,80830000,1
1414394340000,1414394399000,0.88,0.88001,0.87997,0.88001,71770000,1
1414394400000,1414394459000,0.88001,0.88008,0.8799,0.88007,38250000,1
1414394460000,1414394519000,0.88007,0.88008,0.87996,0.87998,51570000,1
1414394520000,1414394579000,0.87998,0.87998,0.87995,0.87997,13240000,1
1414394580000,1414394639000,0.87997,0.87999,0.87992,0.87999,25900000,1
1414394640000,1414394699000,0.87999,0.87999,0.8799,0.87996,38650000,1
1414394700000,1414394759000,0.87996,0.87999,0.87995,0.87999,40620000,1
1414394760000,1414394819000,0.87999,0.88008,0.87999,0.88008,16410000,1
1414394820000,1414394879000,0.88008,0.88018,0.88008,0.88017,69670000,1
1414394880000,1414394939000,0.88017,0.88017,0.88001,0.88001,48250000,1
1414394940000,1414394999000,0.88001,0.88016,0.88001,0.88006,74980000,1
1414395000000,1414395059000,0.88006,0.88015,0.88005,0.88013,54620000,1
1414395060000,1414395119000,0.88013,0.88021,0.88008,0.8802,82950000,1
1414395120000,1414395179000,0.88019,0.8803,0.88019,0.8803,36340000,1
1414395180000,1414395239000,0.8803,0.88032,0.8803,0.88031,23420000,1
1414395240000,1414395299000,0.8803,0.88032,0.88021,0.88032,28780000,1
1414395300000,1414395359000,0.8803,0.88031,0.88027,0.88027,12550000,1
1414395360000,1414395419000,0.88027,0.88027,0.88009,0.88009,51700000,1
1414395420000,1414395479000,0.88009,0.88009,0.88002,0.88007,38540000,1
1414395480000,1414395539000,0.8801,0.88017,0.88002,0.88002,33670000,1
1414395540000,1414395599000,0.88002,0.88009,0.88002,0.88009,12670000,1
1414395600000,1414395659000,0.88009,0.88027,0.88009,0.88018,48120000,1
1414395660000,1414395719000,0.88018,0.88018,0.88007,0.88007,33070000,1
1414395720000,1414395779000,0.88007,0.88007,0.87989,0.87994,21910000,1
1414395780000,1414395839000,0.87993,0.87995,0.87993,0.87994,14460000,1
1414395840000,1414395899000,0.87992,0.87992,0.87967,0.87969,48270000,1
1414395900000,1414395959000,0.87968,0.8797,0.87967,0.8797,8200000,1
1414395960000,1414396019000,0.8797,0.8797,0.87967,0.87967,3250000,1
1414396020000,1414396079000,0.87967,0.87967,0.87928,0.87928,36610000,1
1414396080000,1414396139000,0.87927,0.87956,0.87922,0.87951,55430000,1
1414396140000,1414396199000,0.87951,0.87953,0.87947,0.8795,12620000,1
1414396200000,1414396259000,0.87947,0.87948,0.87937,0.87942,33370000,1
1414396260000,1414396319000,0.8794,0.87942,0.87938,0.87942,5000000,1
1414396320000,1414396379000,0.87941,0.87942,0.87939,0.87942,18850000,1
1414396380000,1414396439000,0.87942,0.87962,0.87942,0.87958,47330000,1
1414396440000,1414396499000,0.87958,0.87968,0.87958,0.87968,20370000,1
1414396500000,1414396559000,0.87968,0.87968,0.87965,0.87965,56400000,1
1414396560000,1414396619000,0.87965,0.87972,0.87963,0.87963,25450000,1
1414396620000,1414396679000,0.87963,0.87963,0.87947,0.87947,21570000,1
1414396680000,1414396739000,0.87947,0.8795,0.87938,0.8794,45060000,1
1414396740000,1414396799000,0.87941,0.87946,0.8794,0.87946,37220000,1
1414396800000,1414396859000,0.87946,0.87948,0.87927,0.87928,44260000,1
1414396860000,1414396919000,0.87928,0.87928,0.87887,0.8791,127290000,1
1414396920000,1414396979000,0.8791,0.87916,0.87907,0.87916,65440000,1
1414396980000,1414397039000,0.87917,0.8792,0.87909,0.87911,45740000,1
1414397040000,1414397099000,0.87911,0.87911,0.87907,0.87907,19350000,1
1414397100000,1414397159000,0.87907,0.87907,0.87897,0.87899,43310000,1
1414397160000,1414397219000,0.879,0.87925,0.879,0.87925,59040000,1
1414397220000,1414397279000,0.87927,0.8794,0.8792,0.8794,64360000,1
1414397280000,1414397339000,0.87939,0.87939,0.87927,0.87927,87620000,1
1414397340000,1414397399000,0.87927,0.87937,0.87927,0.87928,32010000,1
1414397400000,1414397459000,0.87929,0.87935,0.87927,0.87935,87000000,1
1414397460000,1414397519000,0.87935,0.87941,0.87929,0.87937,150280000,1
1414397520000,1414397579000,0.87937,0.87938,0.87935,0.87937,91820000,1
1414397580000,1414397639000,0.87937,0.87938,0.87909,0.87926,115730000,1
1414397640000,1414397699000,0.87926,0.87932,0.87922,0.87922,88620000,1
1414397700000,1414397759000,0.87922,0.87936,0.87916,0.87926,73760000,1
1414397760000,1414397819000,0.87926,0.87936,0.87917,0.87936,50350000,1
1414397820000,1414397879000,0.87936,0.87936,0.87936,0.87936,46170000,1
1414397880000,1414397939000,0.87936,0.87936,0.87919,0.87927,39290000,1
1414397940000,1414397999000,0.87927,0.87947,0.87923,0.87947,84600000,1
1414398000000,1414398059000,0.87946,0.8795,0.87928,0.87946,72780000,1
1414398060000,1414398119000,0.87946,0.87946,0.87936,0.8794,46800000,1
1414398120000,1414398179000,0.87942,0.87942,0.87922,0.87927,47220000,1
1414398180000,1414398239000,0.87927,0.87928,0.8792,0.87928,43030000,1
1414398240000,1414398299000,0.87928,0.8794,0.87926,0.87927,58540000,1
1414398300000,1414398359000,0.87927,0.8795,0.87927,0.87937,112230000,1
1414398360000,1414398419000,0.87937,0.87965,0.87937,0.87962,108010000,1
1414398420000,1414398479000,0.87962,0.87968,0.87948,0.87958,79500000,1
1414398480000,1414398539000,0.8796,0.87966,0.87957,0.87966,35350000,1
1414398540000,1414398599000,0.87966,0.87966,0.87947,0.87954,82310000,1
1414398600000,1414398659000,0.87953,0.87953,0.87926,0.87926,56850000,1
1414398660000,1414398719000,0.87926,0.87938,0.87925,0.87937,34350000,1
1414398720000,1414398779000,0.87939,0.87955,0.87939,0.8795,32080000,1
1414398780000,1414398839000,0.87948,0.87954,0.87939,0.87945,63310000,1
1414398840000,1414398899000,0.87945,0.87945,0.87938,0.8794,40340000,1
1414398900000,1414398959000,0.87939,0.8794,0.8793,0.8793,21400000,1
1414398960000,1414399019000,0.87929,0.87958,0.87929,0.87958,106940000,1
1414399020000,1414399079000,0.87961,0.87967,0.87953,0.87967,63300000,1
1414399080000,1414399139000,0.87967,0.87979,0.87967,0.87974,64910000,1
1414399140000,1414399199000,0.87974,0.87974,0.87965,0.87968,43050000,1
1414399200000,1414399259000,0.87968,0.87985,0.87968,0.87975,114970000,1
1414399260000,1414399319000,0.87976,0.87985,0.87957,0.87961,94120000,1
1414399320000,1414399379000,0.87962,0.87977,0.87958,0.87958,118180000,1
1414399380000,1414399439000,0.87958,0.87969,0.87954,0.87965,50880000,1
1414399440000,1414399499000,0.87965,0.87985,0.87965,0.8797,63640000,1
1414399500000,1414399559000,0.8797,0.87988,0.87968,0.87988,52890000,1
1414399560000,1414399619000,0.8799,0.88001,0.87988,0.87998,78300000,1
1414399620000,1414399679000,0.87997,0.87997,0.8799,0.8799,86950000,1
1414399680000,1414399739000,0.8799,0.87995,0.87985,0.87988,31720000,1
1414399740000,1414399799000,0.87988,0.87988,0.87976,0.87976,59560000,1
1414399800000,1414399859000,0.87977,0.87983,0.87961,0.87961,73520000,1
1414399860000,1414399919000,0.87961,0.87974,0.8796,0.87971,94190000,1
1414399920000,1414399979000,0.87969,0.87984,0.87962,0.87964,101540000,1
1414399980000,1414400039000,0.87964,0.88007,0.87964,0.88007,120200000,1
1414400040000,1414400099000,0.88005,0.88005,0.8799,0.8799,82420000,1
1414400100000,1414400159000,0.8799,0.88015,0.87989,0.88008,59290000,1
1414400160000,1414400219000,0.88008,0.88015,0.87997,0.88002,110630000,1
1414400220000,1414400279000,0.88002,0.88007,0.88001,0.88007,54000000,1
1414400280000,1414400339000,0.8801,0.88017,0.88003,0.88017,71580000,1
1414400340000,1414400399000,0.88017,0.88021,0.87997,0.88002,125600000,1
1414400400000,1414400459000,0.88002,0.88003,0.87981,0.87986,134780000,1
1414400460000,1414400519000,0.87986,0.88032,0.87986,0.88029,105230000,1
1414400520000,1414400579000,0.88029,0.88091,0.88029,0.88078,218530000,1
1414400580000,1414400639000,0.88077,0.88078,0.88038,0.88038,170540000,1
1414400640000,1414400699000,0.88035,0.8808,0.88027,0.88071,147090000,1
1414400700000,1414400759000,0.88072,0.88075,0.88057,0.88075,115800000,1
1414400760000,1414400819000,0.88074,0.88076,0.88064,0.88073,86030000,1
1414400820000,1414400879000,0.88073,0.88073,0.88053,0.88057,70850000,1
1414400880000,1414400939000,0.88057,0.88058,0.88052,0.88057,123960000,1
1414400940000,1414400999000,0.88059,0.88094,0.88059,0.88069,138640000,1
1414401000000,1414401059000,0.88069,0.88077,0.88062,0.88066,68180000,1
1414401060000,1414401119000,0.88066,0.88087,0.88062,0.88073,77670000,1
1414401120000,1414401179000,0.88071,0.88085,0.88071,0.88083,120400000,1
1414401180000,1414401239000,0.88081,0.88081,0.88067,0.88067,24240000,1
1414401240000,1414401299000,0.88067,0.88067,0.88049,0.88049,58320000,1
1414401300000,1414401359000,0.8805,0.8807,0.8805,0.88056,29690000,1
1414401360000,1414401419000,0.88057,0.88069,0.88057,0.88069,31370000,1
1414401420000,1414401479000,0.88069,0.88079,0.88062,0.8807,52260000,1
1414401480000,1414401539000,0.88068,0.88081,0.88068,0.88081,39000000,1
1414401540000,1414401599000,0.88081,0.88089,0.88073,0.88087,73050000,1
1414401600000,1414401659000,0.88087,0.88087,0.88077,0.88081,89060000,1
1414401660000,1414401719000,0.88082,0.88097,0.8808,0.88084,103740000,1
1414401720000,1414401779000,0.88084,0.88088,0.88083,0.88087,56490000,1
1414401780000,1414401839000,0.88087,0.8809,0.88071,0.88074,55210000,1
1414401840000,1414401899000,0.88073,0.88101,0.88072,0.881,55580000,1
1414401900000,1414401959000,0.88101,0.88111,0.88098,0.88103,132620000,1
1414401960000,1414402019000,0.88107,0.88139,0.88107,0.88136,128440000,1
1414402020000,1414402079000,0.88137,0.88144,0.88134,0.88142,100900000,1
1414402080000,1414402139000,0.88142,0.88146,0.88132,0.88132,75680000,1
1414402140000,1414402199000,0.88132,0.88148,0.88132,0.88144,73110000,1
1414402200000,1414402259000,0.88144,0.88144,0.88134,0.88135,41880000,1
1414402260000,1414402319000,0.88134,0.88134,0.88115,0.88115,83390000,1
1414402320000,1414402379000,0.88115,0.88121,0.88111,0.88112,70750000,1
1414402380000,1414402439000,0.88118,0.88121,0.88112,0.88116,46020000,1
1414402440000,1414402499000,0.8811,0.88129,0.88107,0.88115,83400000,1
1414402500000,1414402559000,0.88115,0.88127,0.88101,0.88127,88420000,1
1414402560000,1414402619000,0.88128,0.88128,0.8811,0.88128,83130000,1
1414402620000,1414402679000,0.88128,0.88151,0.88128,0.8814,102780000,1
1414402680000,1414402739000,0.8814,0.88141,0.88133,0.8814,86210000,1
1414402740000,1414402799000,0.8814,0.88156,0.88138,0.88156,50440000,1
1414402800000,1414402859000,0.88156,0.88167,0.88147,0.8816,123260000,1
1414402860000,1414402919000,0.88162,0.88162,0.88154,0.88156,129200000,1
1414402920000,1414402979000,0.88155,0.88159,0.88139,0.88159,85660000,1
1414402980000,1414403039000,0.88159,0.8816,0.88156,0.88159,54950000,1
1414403040000,1414403099000,0.88158,0.8818,0.8815,0.88177,130870000,1
1414403100000,1414403159000,0.88175,0.88175,0.88159,0.8817,74600000,1
1414403160000,1414403219000,0.88169,0.88169,0.88154,0.88157,62230000,1
1414403220000,1414403279000,0.88157,0.88166,0.8815,0.88164,72970000,1
1414403280000,1414403339000,0.88164,0.88164,0.8815,0.8816,61600000,1
1414403340000,1414403399000,0.88161,0.88167,0.88146,0.88149,62420000,1
1414403400000,1414403459000,0.88148,0.88162,0.88145,0.88161,76220000,1
1414403460000,1414403519000,0.88162,0.88162,0.88141,0.88141,49850000,1
1414403520000,1414403579000,0.8814,0.88141,0.88131,0.88131,72270000,1
1414403580000,1414403639000,0.88131,0.88138,0.8813,0.88134,38250000,1
1414403640000,1414403699000,0.88134,0.88138,0.88134,0.88138,25810000,1
1414403700000,1414403759000,0.88137,0.88141,0.88125,0.88128,61480000,1
1414403760000,1414403819000,0.88126,0.88137,0.88124,0.8813,68530000,1
1414403820000,1414403879000,0.8813,0.8813,0.8812,0.8812,30540000,1
1414403880000,1414403939000,0.88122,0.88123,0.8812,0.88121,43250000,1
1414403940000,1414403999000,0.88121,0.88122,0.88098,0.88099,45290000,1
1414404000000,1414404059000,0.88099,0.88103,0.88092,0.88102,60380000,1
1414404060000,1414404119000,0.88102,0.88119,0.88102,0.88116,40070000,1
1414404120000,1414404179000,0.88116,0.88123,0.88109,0.88109,109010000,1
1414404180000,1414404239000,0.8811,0.88118,0.88106,0.88117,71650000,1
1414404240000,1414404299000,0.88117,0.88122,0.8811,0.8811,48590000,1
1414404300000,1414404359000,0.8811,0.88112,0.8811,0.88112,6270000,1
1414404360000,1414404419000,0.88113,0.88153,0.88113,0.88153,121100000,1
1414404420000,1414404479000,0.88152,0.88155,0.88151,0.88152,27010000,1
1414404480000,1414404539000,0.88152,0.88158,0.88152,0.88158,36690000,1
1414404540000,1414404599000,0.8816,0.8816,0.88152,0.88152,87880000,1
1414404600000,1414404659000,0.88152,0.88159,0.88144,0.88144,35940000,1
1414404660000,1414404719000,0.88142,0.88145,0.88139,0.88141,40600000,1
1414404720000,1414404779000,0.8814,0.88151,0.88135,0.88151,56810000,1
1414404780000,1414404839000,0.8815,0.8815,0.88124,0.88131,41970000,1
1414404840000,1414404899000,0.88129,0.88132,0.88119,0.8813,41020000,1
1414404900000,1414404959000,0.8813,0.88132,0.88129,0.88132,17000000,1
1414404960000,1414405019000,0.88132,0.8815,0.88132,0.8815,60400000,1
1414405020000,1414405079000,0.8815,0.88151,0.88146,0.88146,42070000,1
1414405080000,1414405139000,0.88146,0.88147,0.88141,0.88143,43700000,1
1414405140000,1414405199000,0.88143,0.88144,0.88142,0.88142,42000000,1
1414405200000,1414405259000,0.88142,0.88142,0.88133,0.88139,43370000,1
1414405260000,1414405319000,0.88139,0.88139,0.88139,0.88139,26670000,1
1414405320000,1414405379000,0.88139,0.88141,0.88132,0.88132,34500000,1
1414405380000,1414405439000,0.88132,0.88133,0.88119,0.88119,32200000,1
1414405440000,1414405499000,0.88121,0.88126,0.88119,0.88119,26270000,1
1414405500000,1414405559000,0.88121,0.88122,0.88111,0.88111,31000000,1
1414405560000,1414405619000,0.88111,0.88111,0.88097,0.88097,44580000,1
1414405620000,1414405679000,0.88097,0.88098,0.88087,0.88087,67030000,1
1414405680000,1414405739000,0.88087,0.88088,0.88071,0.88078,67110000,1
1414405740000,1414405799000,0.8808,0.88091,0.8808,0.8809,53950000,1
1414405800000,1414405859000,0.8809,0.8809,0.88078,0.88078,58680000,1
1414405860000,1414405919000,0.8808,0.88089,0.88077,0.88085,80260000,1
1414405920000,1414405979000,0.88082,0.88082,0.88053,0.88053,92610000,1
1414405980000,1414406039000,0.88053,0.88057,0.88038,0.88057,126140000,1
1414406040000,1414406099000,0.88056,0.88063,0.88051,0.88051,119890000,1
1414406100000,1414406159000,0.88054,0.88069,0.88052,0.88052,56690000,1
1414406160000,1414406219000,0.88052,0.88053,0.88037,0.88037,44040000,1
1414406220000,1414406279000,0.88037,0.88037,0.88027,0.88037,59340000,1
1414406280000,1414406339000,0.88037,0.88044,0.88037,0.88043,57770000,1
1414406340000,1414406399000,0.88043,0.88054,0.88038,0.88038,94620000,1
1414406400000,1414406459000,0.88037,0.88044,0.88037,0.88044,90430000,1
1414406460000,1414406519000,0.88043,0.88054,0.8804,0.88047,86470000,1
1414406520000,1414406579000,0.88047,0.88047,0.88037,0.88038,65850000,1
1414406580000,1414406639000,0.88038,0.88038,0.8799,0.8799,72370000,1
1414406640000,1414406699000,0.87991,0.88019,0.87991,0.88019,37390000,1
1414406700000,1414406759000,0.88018,0.88021,0.88014,0.8802,14490000,1
1414406760000,1414406819000,0.8802,0.88029,0.8802,0.88029,57430000,1
1414406820000,1414406879000,0.88028,0.88043,0.88028,0.88029,51180000,1
1414406880000,1414406939000,0.88029,0.88037,0.88029,0.88033,18840000,1
1414406940000,1414406999000,0.88029,0.88031,0.88018,0.88031,31940000,1
1414407000000,1414407059000,0.88031,0.88035,0.88031,0.88031,25570000,1
1414407060000,1414407119000,0.88031,0.88031,0.8803,0.88031,9830000,1
1414407120000,1414407179000,0.88031,0.88035,0.88029,0.8803,48940000,1
1414407180000,1414407239000,0.8803,0.8803,0.88022,0.88027,44440000,1
1414407240000,1414407299000,0.88027,0.88038,0.88007,0.88007,96590000,1
1414407300000,1414407359000,0.88007,0.88017,0.88005,0.88014,85400000,1
1414407360000,1414407419000,0.88014,0.88018,0.88008,0.88008,82540000,1
1414407420000,1414407479000,0.88008,0.88008,0.88004,0.88007,31980000,1
1414407480000,1414407539000,0.88005,0.88007,0.87998,0.87998,71380000,1
1414407540000,1414407599000,0.87998,0.87998,0.87968,0.87968,60650000,1
1414407600000,1414407659000,0.87968,0.87974,0.87961,0.87963,120000000,1
1414407660000,1414407719000,0.8796,0.87967,0.87913,0.87915,138140000,1
1414407720000,1414407779000,0.87915,0.87931,0.87891,0.87931,125540000,1
1414407780000,1414407839000,0.87929,0.87941,0.87929,0.8794,52130000,1
1414407840000,1414407899000,0.87941,0.87948,0.87924,0.87924,81310000,1
1414407900000,1414407959000,0.87924,0.87926,0.87895,0.87895,120950000,1
1414407960000,1414408019000,0.87895,0.87928,0.87891,0.87928,57030000,1
1414408020000,1414408079000,0.87926,0.87929,0.87923,0.87929,31800000,1
1414408080000,1414408139000,0.87927,0.87948,0.87927,0.87944,88350000,1
1414408140000,1414408199000,0.87943,0.87959,0.87943,0.87959,44450000,1
1414408200000,1414408259000,0.87959,0.87959,0.87947,0.87959,54700000,1
1414408260000,1414408319000,0.87959,0.87959,0.87947,0.87949,69620000,1
1414408320000,1414408379000,0.87949,0.8795,0.87947,0.87947,43240000,1
1414408380000,1414408439000,0.87947,0.87947,0.87947,0.87947,182050000,1
1414408440000,1414408499000,0.87947,0.87947,0.87939,0.87941,81260000,1
1414408500000,1414408559000,0.87939,0.87947,0.87939,0.87947,22990000,1
1414408560000,1414408619000,0.87947,0.87954,0.87937,0.87954,108010000,1
1414408620000,1414408679000,0.87954,0.87954,0.87947,0.87951,48520000,1
1414408680000,1414408739000,0.87952,0.8796,0.87951,0.87955,96680000,1
1414408740000,1414408799000,0.87955,0.87963,0.87953,0.8796,91650000,1
1414408800000,1414408859000,0.8796,0.8796,0.87957,0.87957,42320000,1
1414408860000,1414408919000,0.87957,0.87962,0.87952,0.87955,68360000,1
1414408920000,1414408979000,0.87956,0.87962,0.87956,0.87958,35600000,1
1414408980000,1414409039000,0.87957,0.87967,0.87957,0.87966,52790000,1
1414409040000,1414409099000,0.87966,0.87972,0.87966,0.87966,37410000,1
1414409100000,1414409159000,0.87968,0.8799,0.87968,0.8799,88450000,1
1414409160000,1414409219000,0.87987,0.8799,0.87983,0.87987,96070000,1
1414409220000,1414409279000,0.87987,0.87988,0.87987,0.87988,23790000,1
1414409280000,1414409339000,0.87988,0.87997,0.87987,0.87997,70590000,1
1414409340000,1414409399000,0.87997,0.88005,0.87997,0.88003,95360000,1
1414409400000,1414409459000,0.88003,0.88013,0.88002,0.8801,76880000,1
1414409460000,1414409519000,0.8801,0.88015,0.88007,0.8801,45590000,1
1414409520000,1414409579000,0.8801,0.8802,0.8801,0.88019,50730000,1
1414409580000,1414409639000,0.88019,0.88019,0.88012,0.88012,53080000,1
1414409640000,1414409699000,0.88012,0.88019,0.88012,0.88016,50400000,1
1414409700000,1414409759000,0.88017,0.88029,0.88017,0.88029,35680000,1
1414409760000,1414409819000,0.88027,0.88037,0.88027,0.8803,35880000,1
1414409820000,1414409879000,0.8803,0.88037,0.88023,0.88023,104340000,1
1414409880000,1414409939000,0.88022,0.88026,0.88018,0.88026,34770000,1
1414409940000,1414409999000,0.88026,0.88034,0.88024,0.88026,72400000,1
1414410000000,1414410059000,0.88026,0.88026,0.88022,0.88022,37970000,1
1414410060000,1414410119000,0.88022,0.88022,0.88002,0.88007,49130000,1
1414410120000,1414410179000,0.88007,0.88007,0.87987,0.88007,59290000,1
1414410180000,1414410239000,0.88007,0.88019,0.88007,0.88014,38110000,1
1414410240000,1414410299000,0.88012,0.88012,0.88003,0.88008,45870000,1
1414410300000,1414410359000,0.88008,0.88018,0.88008,0.88016,67760000,1
1414410360000,1414410419000,0.88016,0.88016,0.88011,0.88011,37890000,1
1414410420000,1414410479000,0.88011,0.88011,0.87987,0.8799,45340000,1
1414410480000,1414410539000,0.8799,0.87991,0.8799,0.87991,9200000,1
1414410540000,1414410599000,0.87991,0.87998,0.87988,0.87988,29220000,1
1414410600000,1414410659000,0.87988,0.88001,0.87976,0.87996,72520000,1
1414410660000,1414410719000,0.87996,0.87996,0.87987,0.8799,33990000,1
1414410720000,1414410779000,0.8799,0.88007,0.87989,0.88007,48360000,1
1414410780000,1414410839000,0.88007,0.88007,0.87981,0.87983,43110000,1
1414410840000,1414410899000,0.87983,0.87983,0.87977,0.87978,19930000,1
1414410900000,1414410959000,0.87977,0.87979,0.8797,0.87976,44070000,1
1414410960000,1414411019000,0.87976,0.87976,0.87967,0.87967,16270000,1
1414411020000,1414411079000,0.87967,0.87967,0.87959,0.87965,28040000,1
1414411080000,1414411139000,0.87964,0.87966,0.8795,0.87954,58750000,1
1414411140000,1414411199000,0.87954,0.8797,0.87954,0.87969,64310000,1
1414411200000,1414411259000,0.87969,0.87969,0.87959,0.87966,26280000,1
1414411260000,1414411319000,0.87966,0.88001,0.87966,0.88,108190000,1
1414411320000,1414411379000,0.88,0.88004,0.87998,0.87998,27100000,1
1414411380000,1414411439000,0.87998,0.88009,0.87998,0.88007,61270000,1
1414411440000,1414411499000,0.88007,0.88007,0.87989,0.8799,22750000,1
1414411500000,1414411559000,0.87988,0.87988,0.87983,0.87985,40760000,1
1414411560000,1414411619000,0.87985,0.88008,0.87985,0.87997,65520000,1
1414411620000,1414411679000,0.87997,0.88004,0.87997,0.88,36630000,1
1414411680000,1414411739000,0.87998,0.88007,0.87998,0.88005,42700000,1
1414411740000,1414411799000,0.88006,0.8801,0.88005,0.8801,81020000,1
1414411800000,1414411859000,0.88009,0.88009,0.87988,0.87988,10790000,1
1414411860000,1414411919000,0.87988,0.87988,0.87977,0.87977,37930000,1
1414411920000,1414411979000,0.87977,0.87999,0.87977,0.87999,57160000,1
1414411980000,1414412039000,0.87999,0.88007,0.87999,0.88007,20920000,1
1414412040000,1414412099000,0.88007,0.88007,0.87998,0.88006,39450000,1
1414412100000,1414412159000,0.88006,0.88006,0.88002,0.88002,42880000,1
1414412160000,1414412219000,0.88002,0.88002,0.87977,0.87986,52940000,1
1414412220000,1414412279000,0.87986,0.87988,0.87982,0.87987,48450000,1
1414412280000,1414412339000,0.87989,0.87997,0.87978,0.87978,79700000,1
1414412340000,1414412399000,0.87978,0.87987,0.87977,0.87977,72050000,1
1414412400000,1414412459000,0.87978,0.8798,0.87968,0.87968,48210000,1
1414412460000,1414412519000,0.87968,0.87968,0.87951,0.87951,21900000,1
1414412520000,1414412579000,0.87951,0.87965,0.87951,0.87953,44620000,1
1414412580000,1414412639000,0.87953,0.87977,0.87953,0.87976,73880000,1
1414412640000,1414412699000,0.87976,0.87977,0.87967,0.87969,56930000,1
1414412700000,1414412759000,0.8797,0.8797,0.87961,0.87964,17170000,1
1414412760000,1414412819000,0.87964,0.87965,0.87961,0.87961,40330000,1
1414412820000,1414412879000,0.87961,0.87961,0.87959,0.8796,13190000,1
1414412880000,1414412939000,0.8796,0.8796,0.87945,0.8795,34010000,1
1414412940000,1414412999000,0.8795,0.87951,0.87946,0.87947,33720000,1
1414413000000,1414413059000,0.87946,0.87949,0.87946,0.87947,12980000,1
1414413060000,1414413119000,0.87947,0.87948,0.8793,0.87941,75380000,1
1414413120000,1414413179000,0.87941,0.87979,0.87939,0.87969,103160000,1
1414413180000,1414413239000,0.87969,0.87969,0.87957,0.87958,79040000,1
1414413240000,1414413299000,0.87957,0.87978,0.87956,0.87972,93490000,1
1414413300000,1414413359000,0.8797,0.87994,0.87967,0.87981,186790000,1
1414413360000,1414413419000,0.87981,0.87993,0.87979,0.87979,77580000,1
1414413420000,1414413479000,0.87977,0.87982,0.87971,0.87979,63560000,1
1414413480000,1414413539000,0.87979,0.88013,0.87973,0.87999,136180000,1
1414413540000,1414413599000,0.87997,0.88008,0.87997,0.88006,89280000,1
1414413600000,1414413659000,0.88006,0.88012,0.88001,0.88001,67480000,1
1414413660000,1414413719000,0.88001,0.88008,0.87989,0.88008,51930000,1
1414413720000,1414413779000,0.88008,0.88008,0.8798,0.87986,80450000,1
1414413780000,1414413839000,0.87985,0.87985,0.87971,0.87974,71080000,1
1414413840000,1414413899000,0.87974,0.87984,0.87971,0.87983,101030000,1
1414413900000,1414413959000,0.87983,0.87997,0.87983,0.87991,60140000,1
1414413960000,1414414019000,0.8799,0.87991,0.87979,0.87979,50970000,1
1414414020000,1414414079000,0.87979,0.8799,0.87979,0.87983,69200000,1
1414414080000,1414414139000,0.87983,0.87992,0.87982,0.87982,45700000,1
1414414140000,1414414199000,0.87982,0.8799,0.87982,0.87986,31430000,1
1414414200000,1414414259000,0.87986,0.87986,0.87977,0.87977,41020000,1
1414414260000,1414414319000,0.87977,0.87977,0.87967,0.87967,21880000,1
1414414320000,1414414379000,0.87967,0.87967,0.87947,0.87966,73950000,1
1414414380000,1414414439000,0.87966,0.87967,0.87957,0.87957,49120000,1
1414414440000,1414414499000,0.87957,0.87967,0.87952,0.87966,74730000,1
1414414500000,1414414559000,0.87966,0.87966,0.87942,0.87943,76310000,1
1414414560000,1414414619000,0.87943,0.87956,0.87918,0.87929,132790000,1
1414414620000,1414414679000,0.87929,0.8795,0.87928,0.87938,101380000,1
1414414680000,1414414739000,0.87937,0.87944,0.87934,0.87938,63800000,1
1414414740000,1414414799000,0.87937,0.87938,0.87928,0.87937,94300000,1
1414414800000,1414414859000,0.87937,0.8796,0.87937,0.87949,81340000,1
1414414860000,1414414919000,0.87949,0.8796,0.87949,0.87957,54910000,1
1414414920000,1414414979000,0.87957,0.87966,0.87951,0.87957,100440000,1
1414414980000,1414415039000,0.87957,0.87961,0.8795,0.87959,45530000,1
1414415040000,1414415099000,0.87958,0.87965,0.8794,0.8794,59800000,1
1414415100000,1414415159000,0.87941,0.87948,0.87931,0.87939,59520000,1
1414415160000,1414415219000,0.87941,0.87941,0.87917,0.87922,86650000,1
1414415220000,1414415279000,0.87926,0.8793,0.87913,0.87913,67870000,1
1414415280000,1414415339000,0.87913,0.87917,0.8791,0.87913,40950000,1
1414415340000,1414415399000,0.87913,0.87913,0.87899,0.87904,70300000,1
1414415400000,1414415459000,0.87904,0.87912,0.87887,0.87888,70790000,1
1414415460000,1414415519000,0.87888,0.87901,0.87888,0.879,52640000,1
1414415520000,1414415579000,0.87898,0.8791,0.87894,0.8791,47200000,1
1414415580000,1414415639000,0.8791,0.87911,0.87898,0.8791,37980000,1
1414415640000,1414415699000,0.87909,0.87911,0.87909,0.8791,22260000,1
1414415700000,1414415759000,0.8791,0.87918,0.8791,0.87917,58580000,1
1414415760000,1414415819000,0.87917,0.87919,0.87914,0.87918,51130000,1
1414415820000,1414415879000,0.87918,0.87922,0.87912,0.8792,58450000,1
1414415880000,1414415939000,0.87919,0.87939,0.87918,0.87939,33010000,1
1414415940000,1414415999000,0.87939,0.87939,0.87928,0.87937,47300000,1
1414416000000,1414416059000,0.87939,0.87939,0.87927,0.87931,41250000,1
1414416060000,1414416119000,0.87927,0.8793,0.87927,0.8793,8430000,1
1414416120000,1414416179000,0.87929,0.87933,0.87929,0.87933,15000000,1
1414416180000,1414416239000,0.87933,0.8794,0.87933,0.8794,36480000,1
1414416240000,1414416299000,0.87938,0.87938,0.87933,0.87938,29600000,1
1414416300000,1414416359000,0.87938,0.87938,0.87929,0.87935,26960000,1
1414416360000,1414416419000,0.87936,0.87936,0.87931,0.87936,40870000,1
1414416420000,1414416479000,0.87936,0.87937,0.87932,0.87932,40160000,1
1414416480000,1414416539000,0.87932,0.87932,0.87928,0.87929,15500000,1
1414416540000,1414416599000,0.87931,0.8794,0.87931,0.8794,11470000,1
1414416600000,1414416659000,0.87939,0.87939,0.87937,0.87937,30510000,1
1414416660000,1414416719000,0.87937,0.87941,0.87934,0.87938,52720000,1
1414416720000,1414416779000,0.87938,0.87962,0.87937,0.87962,65760000,1
1414416780000,1414416839000,0.8796,0.8797,0.8796,0.87962,57860000,1
1414416840000,1414416899000,0.87962,0.87964,0.87955,0.87958,32880000,1
1414416900000,1414416959000,0.87958,0.8796,0.87958,0.87958,70860000,1
1414416960000,1414417019000,0.87958,0.87958,0.87953,0.87957,44540000,1
1414417020000,1414417079000,0.87958,0.87958,0.87947,0.87948,41090000,1
1414417080000,1414417139000,0.87948,0.87948,0.87945,0.87947,29830000,1
1414417140000,1414417199000,0.87947,0.8795,0.87947,0.87948,18120000,1
1414417200000,1414417259000,0.87949,0.8797,0.87949,0.87968,63140000,1
1414417260000,1414417319000,0.87968,0.8797,0.87967,0.87967,13020000,1
1414417320000,1414417379000,0.87967,0.87967,0.87953,0.87958,36320000,1
1414417380000,1414417439000,0.87958,0.87958,0.87957,0.87957,10470000,1
1414417440000,1414417499000,0.87957,0.87965,0.87957,0.87957,30240000,1
1414417500000,1414417559000,0.87957,0.87964,0.87957,0.87958,44470000,1
1414417560000,1414417619000,0.87959,0.87969,0.87957,0.87958,37210000,1
1414417620000,1414417679000,0.87958,0.87958,0.87947,0.87948,42220000,1
1414417680000,1414417739000,0.87946,0.87947,0.87945,0.87945,48170000,1
1414417740000,1414417799000,0.87946,0.87947,0.87937,0.87939,63300000,1
1414417800000,1414417859000,0.87939,0.87939,0.87933,0.87936,25230000,1
1414417860000,1414417919000,0.87936,0.87941,0.87933,0.87937,73340000,1
1414417920000,1414417979000,0.87937,0.87952,0.87937,0.87941,52790000,1
1414417980000,1414418039000,0.8794,0.87943,0.8793,0.87936,30600000,1
1414418040000,1414418099000,0.87934,0.8794,0.87929,0.8794,60780000,1
1414418100000,1414418159000,0.8794,0.87941,0.87929,0.87929,43940000,1
1414418160000,1414418219000,0.87929,0.87937,0.87929,0.87937,46900000,1
1414418220000,1414418279000,0.87937,0.87937,0.87929,0.87929,41760000,1
1414418280000,1414418339000,0.87928,0.87928,0.87927,0.87928,46940000,1
1414418340000,1414418399000,0.8793,0.87932,0.8791,0.87923,120580000,1
1414418400000,1414418459000,0.87925,0.87938,0.87913,0.87938,200810000,1
1414418460000,1414418519000,0.87938,0.87948,0.8793,0.87933,179040000,1
1414418520000,1414418579000,0.87933,0.87939,0.87914,0.87939,75260000,1
1414418580000,1414418639000,0.87936,0.87945,0.87931,0.87942,70620000,1
1414418640000,1414418699000,0.87941,0.8795,0.87939,0.8795,37130000,1
1414418700000,1414418759000,0.87951,0.87957,0.87951,0.87957,62870000,1
1414418760000,1414418819000,0.87957,0.87986,0.87957,0.87979,97150000,1
1414418820000,1414418879000,0.87979,0.88014,0.87979,0.88012,187040000,1
1414418880000,1414418939000,0.88012,0.88031,0.88005,0.88007,194220000,1
1414418940000,1414418999000,0.88007,0.88008,0.87967,0.87977,140060000,1
1414419000000,1414419059000,0.87977,0.87983,0.87959,0.87959,103810000,1
1414419060000,1414419119000,0.87959,0.8796,0.8795,0.87952,76910000,1
1414419120000,1414419179000,0.87952,0.87956,0.87952,0.87955,36890000,1
1414419180000,1414419239000,0.87955,0.87988,0.87955,0.87967,96410000,1
1414419240000,1414419299000,0.87967,0.87967,0.87957,0.87965,80760000,1
1414419300000,1414419359000,0.87963,0.87977,0.8796,0.87976,65340000,1
1414419360000,1414419419000,0.87974,0.8798,0.87967,0.87976,100220000,1
1414419420000,1414419479000,0.87976,0.87976,0.87957,0.87957,97960000,1
1414419480000,1414419539000,0.87957,0.87965,0.87957,0.87961,93510000,1
1414419540000,1414419599000,0.87963,0.87977,0.87961,0.87977,73260000,1
1414419600000,1414419659000,0.87977,0.87977,0.87977,0.87977,33580000,1
1414419660000,1414419719000,0.87977,0.87985,0.87977,0.87978,44430000,1
1414419720000,1414419779000,0.87978,0.87984,0.8797,0.8797,125860000,1
1414419780000,1414419839000,0.8797,0.87988,0.8797,0.87987,99650000,1
1414419840000,1414419899000,0.87987,0.88002,0.87987,0.87998,77490000,1
1414419900000,1414419959000,0.87997,0.88031,0.87989,0.88013,164210000,1
1414419960000,1414420019000,0.88015,0.88016,0.88,0.88007,66710000,1
1414420020000,1414420079000,0.88007,0.88016,0.87998,0.87998,54520000,1
1414420080000,1414420139000,0.87998,0.88003,0.87997,0.87998,48290000,1
1414420140000,1414420199000,0.87998,0.88002,0.87998,0.87999,48500000,1
1414420200000,1414420259000,0.88,0.88013,0.87999,0.88011,36440000,1
1414420260000,1414420319000,0.88013,0.8804,0.88011,0.8804,109980000,1
1414420320000,1414420379000,0.8804,0.88062,0.88035,0.88038,132120000,1
1414420380000,1414420439000,0.88038,0.88046,0.88037,0.88038,89060000,1
1414420440000,1414420499000,0.88038,0.88046,0.88014,0.88014,112740000,1
1414420500000,1414420559000,0.88017,0.88017,0.88006,0.88017,29530000,1
1414420560000,1414420619000,0.88017,0.88029,0.88007,0.88029,88610000,1
1414420620000,1414420679000,0.88029,0.88036,0.88024,0.8803,123210000,1
1414420680000,1414420739000,0.8803,0.88038,0.88017,0.88018,96630000,1
1414420740000,1414420799000,0.88018,0.88018,0.87988,0.88006,129270000,1
1414420800000,1414420859000,0.88006,0.88018,0.88006,0.88017,56970000,1
1414420860000,1414420919000,0.88019,0.88038,0.88019,0.88028,72570000,1
1414420920000,1414420979000,0.88028,0.88028,0.88017,0.88027,32380000,1
1414420980000,1414421039000,0.88026,0.88036,0.88017,0.88018,102420000,1
1414421040000,1414421099000,0.88018,0.88046,0.88017,0.88046,127870000,1
1414421100000,1414421159000,0.88046,0.88057,0.88037,0.88046,75020000,1
1414421160000,1414421219000,0.88047,0.8805,0.88047,0.88049,10050000,1
1414421220000,1414421279000,0.8805,0.8805,0.88039,0.8804,27580000,1
1414421280000,1414421339000,0.8804,0.88046,0.88038,0.88046,93890000,1
1414421340000,1414421399000,0.88045,0.88078,0.88037,0.88078,81800000,1
1414421400000,1414421459000,0.88079,0.88079,0.88057,0.88078,82530000,1
1414421460000,1414421519000,0.88077,0.88087,0.88077,0.88077,53340000,1
1414421520000,1414421579000,0.88075,0.88075,0.88057,0.88057,48450000,1
1414421580000,1414421639000,0.88057,0.88067,0.88057,0.88067,38270000,1
1414421640000,1414421699000,0.88068,0.88088,0.88068,0.88077,81820000,1
1414421700000,1414421759000,0.88077,0.88082,0.88065,0.88068,45160000,1
1414421760000,1414421819000,0.88068,0.88087,0.88059,0.88069,102350000,1
1414421820000,1414421879000,0.88069,0.88069,0.88054,0.88066,57130000,1
1414421880000,1414421939000,0.88064,0.8808,0.88062,0.88077,49620000,1
1414421940000,1414421999000,0.88077,0.88088,0.88047,0.88054,71040000,1
1414422000000,1414422059000,0.88054,0.88068,0.88054,0.88067,115910000,1
1414422060000,1414422119000,0.88067,0.88068,0.88057,0.88068,41720000,1
1414422120000,1414422179000,0.88066,0.88068,0.88062,0.88068,16440000,1
1414422180000,1414422239000,0.88067,0.88067,0.88058,0.88058,4750000,1
1414422240000,1414422299000,0.88056,0.88056,0.88027,0.88027,33940000,1
1414422300000,1414422359000,0.88027,0.88027,0.8801,0.8801,59720000,1
1414422360000,1414422419000,0.88011,0.88018,0.87998,0.88018,95980000,1
1414422420000,1414422479000,0.88018,0.88018,0.88016,0.88016,68270000,1
1414422480000,1414422539000,0.88016,0.88017,0.87991,0.87996,48670000,1
1414422540000,1414422599000,0.87996,0.88018,0.87986,0.88017,86120000,1
1414422600000,1414422659000,0.88018,0.8803,0.88017,0.88026,60450000,1
1414422660000,1414422719000,0.88026,0.88027,0.88019,0.88027,42930000,1
1414422720000,1414422779000,0.88027,0.88027,0.88026,0.88026,17040000,1
1414422780000,1414422839000,0.88026,0.88045,0.88026,0.88045,62220000,1
1414422840000,1414422899000,0.88045,0.88045,0.88019,0.88029,65690000,1
1414422900000,1414422959000,0.88029,0.88049,0.88029,0.88041,37860000,1
1414422960000,1414423019000,0.88037,0.88038,0.88023,0.88026,59820000,1
1414423020000,1414423079000,0.88024,0.88051,0.88017,0.88051,97050000,1
1414423080000,1414423139000,0.88051,0.8806,0.8803,0.88035,81250000,1
1414423140000,1414423199000,0.88036,0.88047,0.8802,0.88047,58660000,1
1414423200000,1414423259000,0.88048,0.88049,0.8804,0.88047,32560000,1
1414423260000,1414423319000,0.88047,0.88047,0.88026,0.88026,39650000,1
1414423320000,1414423379000,0.88026,0.88028,0.88019,0.88026,39870000,1
1414423380000,1414423439000,0.88026,0.88047,0.88022,0.88047,35570000,1
1414423440000,1414423499000,0.88047,0.88047,0.88046,0.88046,27220000,1
1414423500000,1414423559000,0.88046,0.88047,0.88037,0.88038,47300000,1
1414423560000,1414423619000,0.88036,0.88037,0.88027,0.88027,16390000,1
1414423620000,1414423679000,0.88027,0.88028,0.88022,0.88022,14540000,1
1414423680000,1414423739000,0.88023,0.88023,0.8801,0.88017,52020000,1
1414423740000,1414423799000,0.88017,0.88018,0.88017,0.88017,3500000,1
1414423800000,1414423859000,0.88017,0.88017,0.88008,0.88008,20440000,1
1414423860000,1414423919000,0.88008,0.88018,0.88008,0.8801,38470000,1
1414423920000,1414423979000,0.8801,0.8801,0.88007,0.88007,31080000,1
1414423980000,1414424039000,0.88007,0.88008,0.87985,0.87985,55630000,1
1414424040000,1414424099000,0.87985,0.87985,0.87985,0.87985,27720000,1
1414424100000,1414424159000,0.87985,0.87997,0.87982,0.87995,63760000,1
1414424160000,1414424219000,0.87995,0.87996,0.87995,0.87996,47360000,1
1414424220000,1414424279000,0.87996,0.88003,0.87986,0.87986,64920000,1
1414424280000,1414424339000,0.87986,0.88007,0.87986,0.88006,67280000,1
1414424340000,1414424399000,0.88006,0.88012,0.87982,0.87988,51110000,1
1414424400000,1414424459000,0.87989,0.88007,0.87989,0.87996,74660000,1
1414424460000,1414424519000,0.87996,0.87998,0.87987,0.87987,23820000,1
1414424520000,1414424579000,0.87987,0.87987,0.87979,0.87987,65270000,1
1414424580000,1414424639000,0.87987,0.87994,0.87987,0.8799,89740000,1
1414424640000,1414424699000,0.8799,0.88004,0.87989,0.87995,70190000,1
1414424700000,1414424759000,0.87991,0.87997,0.8799,0.87997,11970000,1
1414424760000,1414424819000,0.87997,0.87998,0.87987,0.87988,27320000,1
1414424820000,1414424879000,0.87988,0.88009,0.87988,0.88009,42270000,1
1414424880000,1414424939000,0.88011,0.88015,0.88007,0.88007,69980000,1
1414424940000,1414424999000,0.88007,0.88028,0.88007,0.88018,52490000,1
1414425000000,1414425059000,0.88018,0.88027,0.88013,0.88017,44810000,1
1414425060000,1414425119000,0.88017,0.88028,0.87999,0.88,45620000,1
1414425120000,1414425179000,0.87998,0.88007,0.87998,0.88007,52790000,1
1414425180000,1414425239000,0.88006,0.88011,0.87999,0.88009,50350000,1
1414425240000,1414425299000,0.88009,0.8802,0.88007,0.88013,45880000,1
1414425300000,1414425359000,0.88013,0.88019,0.87999,0.88016,102260000,1
1414425360000,1414425419000,0.88018,0.88026,0.88013,0.88026,62760000,1
1414425420000,1414425479000,0.88025,0.88031,0.88009,0.88015,57340000,1
1414425480000,1414425539000,0.88015,0.88024,0.8801,0.8801,52970000,1
1414425540000,1414425599000,0.88011,0.88017,0.87982,0.87982,99530000,1
1414425600000,1414425659000,0.87982,0.88006,0.87966,0.87998,194440000,1
1414425660000,1414425719000,0.87999,0.88011,0.87991,0.88009,110920000,1
1414425720000,1414425779000,0.88011,0.88016,0.88009,0.88014,51150000,1
1414425780000,1414425839000,0.88013,0.88017,0.88012,0.88014,61990000,1
1414425840000,1414425899000,0.88014,0.88048,0.88012,0.88048,65310000,1
1414425900000,1414425959000,0.88047,0.8806,0.88044,0.8806,80750000,1
1414425960000,1414426019000,0.88059,0.8807,0.88052,0.88052,79390000,1
1414426020000,1414426079000,0.88053,0.88068,0.88053,0.8806,65460000,1
1414426080000,1414426139000,0.8806,0.88068,0.8806,0.8806,65930000,1
1414426140000,1414426199000,0.88057,0.88066,0.88056,0.88064,52410000,1
1414426200000,1414426259000,0.88064,0.88065,0.88055,0.88056,38760000,1
1414426260000,1414426319000,0.88056,0.8807,0.88056,0.88066,39070000,1
1414426320000,1414426379000,0.88066,0.88066,0.88055,0.88057,36480000,1
1414426380000,1414426439000,0.88057,0.88067,0.88055,0.88067,24140000,1
1414426440000,1414426499000,0.88067,0.88085,0.88067,0.88075,89290000,1
1414426500000,1414426559000,0.88075,0.88081,0.88069,0.8808,21250000,1
1414426560000,1414426619000,0.88079,0.88087,0.88077,0.88083,38440000,1
1414426620000,1414426679000,0.88083,0.88088,0.88077,0.88085,41430000,1
1414426680000,1414426739000,0.88085,0.88089,0.88076,0.88082,49230000,1
1414426740000,1414426799000,0.88082,0.88086,0.88077,0.88086,44040000,1
1414426800000,1414426859000,0.88086,0.88097,0.88086,0.88096,33280000,1
1414426860000,1414426919000,0.88098,0.88102,0.88088,0.88097,42660000,1
1414426920000,1414426979000,0.88097,0.88107,0.88097,0.88106,21660000,1
1414426980000,1414427039000,0.88106,0.88108,0.88097,0.88108,69520000,1
1414427040000,1414427099000,0.88109,0.88114,0.88088,0.88093,72180000,1
1414427100000,1414427159000,0.88093,0.881,0.88087,0.88087,46090000,1
1414427160000,1414427219000,0.88087,0.88111,0.88087,0.88111,54630000,1
1414427220000,1414427279000,0.88111,0.88111,0.88097,0.88101,52780000,1
1414427280000,1414427339000,0.88102,0.88105,0.88092,0.88093,45030000,1
1414427340000,1414427399000,0.88094,0.88097,0.88085,0.88088,93200000,1
1414427400000,1414427459000,0.8809,0.8809,0.88086,0.88087,13020000,1
1414427460000,1414427519000,0.88087,0.881,0.88085,0.88099,23280000,1
1414427520000,1414427579000,0.88099,0.88101,0.88089,0.88096,47790000,1
1414427580000,1414427639000,0.88096,0.88099,0.88089,0.88097,43930000,1
1414427640000,1414427699000,0.88097,0.88098,0.88077,0.88081,46170000,1
1414427700000,1414427759000,0.88084,0.88088,0.88081,0.88085,22240000,1
1414427760000,1414427819000,0.88085,0.88087,0.88085,0.88086,67770000,1
1414427820000,1414427879000,0.88088,0.88097,0.88087,0.88093,55670000,1
1414427880000,1414427939000,0.88093,0.88097,0.88093,0.88094,19580000,1
1414427940000,1414427999000,0.88094,0.88094,0.88087,0.88091,19440000,1
1414428000000,1414428059000,0.88091,0.88091,0.88087,0.88087,36000000,1
1414428060000,1414428119000,0.88087,0.88089,0.88087,0.88087,26500000,1
1414428120000,1414428179000,0.88087,0.88088,0.88087,0.88088,38500000,1
1414428180000,1414428239000,0.88088,0.88088,0.88087,0.88087,34000000,1
1414428240000,1414428299000,0.88087,0.88093,0.8808,0.88085,43450000,1
1414428300000,1414428359000,0.88085,0.88108,0.88085,0.88107,53640000,1
1414428360000,1414428419000,0.88108,0.88109,0.88102,0.88106,27170000,1
1414428420000,1414428479000,0.88106,0.88106,0.88101,0.88101,13000000,1
1414428480000,1414428539000,0.881,0.88103,0.88094,0.88098,23240000,1
1414428540000,1414428599000,0.88101,0.88106,0.88101,0.88105,19350000,1
1414428600000,1414428659000,0.88102,0.88102,0.88096,0.88096,16000000,1
1414428660000,1414428719000,0.88097,0.88099,0.88093,0.88093,34010000,1
1414428720000,1414428779000,0.88093,0.88098,0.88093,0.88098,19170000,1
1414428780000,1414428839000,0.88096,0.88109,0.88096,0.88109,24190000,1
1414428840000,1414428899000,0.8811,0.88111,0.8811,0.8811,3500000,1
1414428900000,1414428959000,0.8811,0.8811,0.88107,0.8811,6000000,1
1414428960000,1414429019000,0.8811,0.88111,0.88107,0.88109,18070000,1
1414429020000,1414429079000,0.88107,0.88111,0.88107,0.8811,15820000,1
1414429080000,1414429139000,0.88114,0.88132,0.88114,0.88122,40180000,1
1414429140000,1414429199000,0.88122,0.88122,0.88092,0.88092,31250000,1
1414429200000,1414429259000,0.88091,0.881,0.88091,0.881,41880000,1
1414429260000,1414429319000,0.88099,0.88099,0.88094,0.88095,19710000,1
1414429320000,1414429379000,0.88095,0.88106,0.88093,0.88105,25860000,1
1414429380000,1414429439000,0.88105,0.88106,0.881,0.881,21500000,1
1414429440000,1414429499000,0.881,0.881,0.88098,0.881,14500000,1
1414429500000,1414429559000,0.881,0.881,0.88094,0.88096,30900000,1
1414429560000,1414429619000,0.88097,0.88101,0.88091,0.88092,19280000,1
1414429620000,1414429679000,0.88093,0.88098,0.88093,0.88098,45410000,1
1414429680000,1414429739000,0.88097,0.88097,0.88091,0.88095,22070000,1
1414429740000,1414429799000,0.88096,0.88102,0.88096,0.881,5500000,1
1414429800000,1414429859000,0.88101,0.88101,0.88096,0.88097,7600000,1
1414429860000,1414429919000,0.88097,0.88097,0.88092,0.88092,23000000,1
1414429920000,1414429979000,0.88092,0.88093,0.88082,0.88088,29690000,1
1414429980000,1414430039000,0.88088,0.88097,0.88087,0.88095,36120000,1
1414430040000,1414430099000,0.88095,0.88097,0.8809,0.8809,31000000,1
1414430100000,1414430159000,0.8809,0.88095,0.8809,0.88092,18450000,1
1414430160000,1414430219000,0.88092,0.88092,0.88082,0.88082,15600000,1
1414430220000,1414430279000,0.88082,0.88095,0.88082,0.88095,28780000,1
1414430280000,1414430339000,0.88094,0.88094,0.8809,0.8809,21570000,1
1414430340000,1414430399000,0.88089,0.88089,0.88082,0.88084,22750000,1
1414430400000,1414430459000,0.88085,0.88088,0.88084,0.88085,15750000,1
1414430460000,1414430519000,0.88085,0.88093,0.88085,0.88088,34550000,1
1414430520000,1414430579000,0.88086,0.8809,0.88084,0.88084,16020000,1
1414430580000,1414430639000,0.88084,0.88104,0.88083,0.88089,35200000,1
1414430640000,1414430699000,0.8809,0.8809,0.88084,0.8809,27000000,1
1414430700000,1414430759000,0.8809,0.88109,0.8809,0.88109,99480000,1
1414430760000,1414430819000,0.8811,0.8811,0.88107,0.88107,29980000,1
1414430820000,1414430879000,0.88108,0.88116,0.88106,0.88109,34580000,1
1414430880000,1414430939000,0.88109,0.88109,0.88109,0.88109,25000000,1
1414430940000,1414430999000,0.8811,0.88114,0.88105,0.88107,16500000,1
1414431000000,1414431059000,0.88108,0.88111,0.88108,0.88111,14500000,1
1414431060000,1414431119000,0.8811,0.8811,0.881,0.88101,15570000,1
1414431120000,1414431179000,0.88101,0.88101,0.88101,0.88101,10000000,1
1414431180000,1414431239000,0.881,0.881,0.88097,0.88097,3000000,1
1414431240000,1414431299000,0.88097,0.88099,0.88091,0.88097,41240000,1
1414431300000,1414431359000,0.88095,0.88098,0.88093,0.88098,16120000,1
1414431360000,1414431419000,0.88096,0.88098,0.88093,0.88093,17760000,1
1414431420000,1414431479000,0.88093,0.88093,0.88083,0.88088,19880000,1
1414431480000,1414431539000,0.88087,0.88087,0.88087,0.88087,1000000,1
1414431540000,1414431599000,0.88088,0.88088,0.88088,0.88088,1000000,1
1414431600000,1414431659000,0.88087,0.88088,0.88084,0.88087,27500000,1
1414431660000,1414431719000,0.88087,0.88087,0.88083,0.88085,26000000,1
1414431720000,1414431779000,0.88085,0.88086,0.88084,0.88086,14000000,1
1414431780000,1414431839000,0.88086,0.88087,0.88086,0.88087,15000000,1
1414431840000,1414431899000,0.88087,0.88087,0.88083,0.88085,30750000,1
1414431900000,1414431959000,0.88085,0.88087,0.88085,0.88087,7000000,1
1414431960000,1414432019000,0.88087,0.88087,0.88084,0.88084,7000000,1
1414432020000,1414432079000,0.88084,0.88099,0.88084,0.88093,33890000,1
1414432080000,1414432139000,0.88093,0.88098,0.8809,0.8809,39070000,1
1414432140000,1414432199000,0.8809,0.8809,0.8809,0.8809,1500000,1
1414432200000,1414432259000,0.8809,0.88093,0.8808,0.8808,33760000,1
1414432260000,1414432319000,0.88082,0.88085,0.88077,0.88082,19500000,1
1414432320000,1414432379000,0.88081,0.88086,0.88081,0.88086,6500000,1
1414432380000,1414432439000,0.88086,0.88088,0.88083,0.88083,21000000,1
1414432440000,1414432499000,0.88084,0.88084,0.88078,0.88078,27000000,1
1414432500000,1414432559000,0.88077,0.88077,0.88077,0.88077,1000000,1
1414432620000,1414432679000,0.88077,0.88078,0.88077,0.88078,8240000,1
1414432680000,1414432739000,0.88077,0.88077,0.88064,0.88064,23000000,1
1414432740000,1414432799000,0.88064,0.88064,0.88045,0.88046,31780000,1
1414432800000,1414432859000,0.88046,0.88048,0.88034,0.88047,49810000,1
1414432860000,1414432919000,0.88047,0.88048,0.88047,0.88047,18000000,1
1414432920000,1414432979000,0.88047,0.88048,0.88047,0.88048,10510000,1
1414432980000,1414433039000,0.88049,0.88069,0.88049,0.88069,46360000,1
1414433040000,1414433099000,0.8807,0.8807,0.88057,0.88057,15140000,1
1414433100000,1414433159000,0.88058,0.88058,0.88057,0.88058,17680000,1
1414433160000,1414433219000,0.88057,0.88057,0.88055,0.88056,20390000,1
1414433220000,1414433279000,0.88056,0.88056,0.88052,0.88053,23170000,1
1414433280000,1414433339000,0.88053,0.88055,0.88051,0.88053,16870000,1
1414433340000,1414433399000,0.88055,0.88055,0.88053,0.88053,5500000,1
1414433400000,1414433459000,0.88053,0.88055,0.88053,0.88053,22690000,1
1414433460000,1414433519000,0.88053,0.88053,0.88053,0.88053,8000000,1
1414433520000,1414433579000,0.88053,0.88055,0.88053,0.88055,8000000,1
1414433580000,1414433639000,0.88057,0.88065,0.88055,0.88065,16430000,1
1414433640000,1414433699000,0.88065,0.88065,0.88052,0.88052,29270000,1
1414433700000,1414433759000,0.88052,0.88054,0.88052,0.88053,20270000,1
1414433760000,1414433819000,0.88053,0.88053,0.88053,0.88053,2740000,1
1414433820000,1414433879000,0.88053,0.88058,0.88053,0.88055,16120000,1
1414433880000,1414433939000,0.88056,0.88056,0.88056,0.88056,1000000,1
1414434000000,1414434059000,0.88055,0.88056,0.88055,0.88055,14290000,1
1414434060000,1414434119000,0.88054,0.88054,0.88054,0.88054,2070000,1
1414434120000,1414434179000,0.88055,0.88062,0.88055,0.88062,10870000,1
1414434180000,1414434239000,0.88062,0.88075,0.88062,0.88075,25240000,1
1414434240000,1414434299000,0.88074,0.88074,0.88074,0.88074,10400000,1
1414434300000,1414434359000,0.88074,0.88078,0.88074,0.88078,4860000,1
1414434360000,1414434419000,0.88078,0.88078,0.88077,0.88078,27020000,1
1414434420000,1414434479000,0.88077,0.88078,0.88077,0.88078,3000000,1
1414434480000,1414434539000,0.88078,0.88078,0.88066,0.88067,10770000,1
1414434540000,1414434599000,0.88067,0.88068,0.88066,0.88067,14580000,1
1414434600000,1414434659000,0.88067,0.88067,0.88066,0.88066,44180000,1
1414434660000,1414434719000,0.88066,0.88067,0.88064,0.88066,51570000,1
1414434720000,1414434779000,0.88067,0.88067,0.88066,0.88066,2500000,1
1414434780000,1414434839000,0.88066,0.88073,0.88066,0.88068,17100000,1
1414434840000,1414434899000,0.88069,0.88069,0.88063,0.88067,42430000,1
1414434900000,1414434959000,0.88067,0.88068,0.88065,0.88066,23730000,1
1414434960000,1414435019000,0.88065,0.88067,0.88065,0.88066,55800000,1
1414435020000,1414435079000,0.88066,0.88067,0.88062,0.88067,10670000,1
1414435080000,1414435139000,0.88068,0.88068,0.88067,0.88067,2000000,1
1414435140000,1414435199000,0.88068,0.88069,0.88067,0.88067,31920000,1
1414435200000,1414435259000,0.88067,0.88068,0.88067,0.88068,4000000,1
1414435260000,1414435319000,0.88066,0.88066,0.88066,0.88066,1690000,1
1414435320000,1414435379000,0.88066,0.88066,0.88057,0.88058,11260000,1
1414435380000,1414435439000,0.88057,0.88057,0.88057,0.88057,1070000,1
1414435440000,1414435499000,0.88057,0.88068,0.88057,0.88068,39620000,1
1414435500000,1414435559000,0.88067,0.88068,0.88067,0.88067,29350000,1
1414435560000,1414435619000,0.88068,0.88068,0.88067,0.88067,18630000,1
1414435620000,1414435679000,0.88068,0.88068,0.88062,0.88065,19400000,1
1414435680000,1414435739000,0.88066,0.88067,0.88064,0.88067,8500000,1
1414435740000,1414435799000,0.8807,0.8807,0.88069,0.88069,2000000,1
1414435800000,1414435859000,0.8807,0.88079,0.88069,0.88078,13870000,1
1414435860000,1414435919000,0.88077,0.88077,0.88067,0.88067,8510000,1
1414435920000,1414435979000,0.88068,0.88071,0.88067,0.88071,8120000,1
1414435980000,1414436039000,0.88068,0.88072,0.88068,0.88072,7100000,1
1414436040000,1414436099000,0.88072,0.88072,0.88069,0.8807,11130000,1
1414436100000,1414436159000,0.88071,0.88073,0.8807,0.8807,8100000,1
1414436160000,1414436219000,0.8807,0.88071,0.8807,0.8807,6500000,1
1414436220000,1414436279000,0.8807,0.8807,0.8806,0.8806,14010000,1
1414436280000,1414436339000,0.88059,0.88067,0.88057,0.88067,14840000,1
1414436340000,1414436399000,0.88067,0.88076,0.88067,0.88075,98230000,1
1414436400000,1414436459000,0.88075,0.88078,0.88065,0.88067,16890000,1
1414436460000,1414436519000,0.88067,0.88068,0.88067,0.88067,5670000,1
1414436580000,1414436639000,0.88067,0.88068,0.88067,0.88068,2000000,1
1414436640000,1414436699000,0.88066,0.88066,0.88057,0.88057,10100000,1
1414436700000,1414436759000,0.88058,0.88058,0.88058,0.88058,1000000,1
1414436760000,1414436819000,0.88058,0.88058,0.8804,0.8804,14690000,1
1414436820000,1414436879000,0.88039,0.88049,0.88039,0.88048,26210000,1
1414436880000,1414436939000,0.88048,0.88048,0.88047,0.88047,2000000,1
1414436940000,1414436999000,0.88049,0.88049,0.88047,0.88048,6000000,1
1414437000000,1414437059000,0.88047,0.88048,0.88047,0.88048,3370000,1
1414437060000,1414437119000,0.88048,0.88048,0.88046,0.88048,22000000,1
1414437120000,1414437179000,0.88046,0.88047,0.8804,0.8804,32120000,1
1414437180000,1414437239000,0.8804,0.88045,0.88038,0.88039,27620000,1
1414437240000,1414437299000,0.8804,0.8804,0.8804,0.8804,1000000,1
1414437300000,1414437359000,0.88043,0.88044,0.8804,0.8804,11500000,1
1414437420000,1414437479000,0.88039,0.88039,0.88039,0.88039,1000000,1
1414437480000,1414437539000,0.8804,0.8804,0.8804,0.8804,1000000,1
1414437600000,1414437659000,0.88039,0.88039,0.88033,0.88037,8770000,1
1414437780000,1414437839000,0.88038,0.88042,0.88038,0.88042,12750000,1
1414437840000,1414437899000,0.88043,0.88043,0.88031,0.88031,12750000,1
1414437960000,1414438019000,0.88031,0.88031,0.8803,0.8803,6500000,1
1414438080000,1414438139000,0.88031,0.88037,0.88031,0.88037,7420000,1
1414438140000,1414438199000,0.88037,0.88039,0.88037,0.88038,61050000,1
1414438200000,1414438259000,0.88037,0.88038,0.88037,0.88037,34200000,1
1414438260000,1414438319000,0.88038,0.88038,0.88038,0.88038,1000000,1
1414438320000,1414438379000,0.88038,0.88038,0.88037,0.88038,70270000,1
1414438380000,1414438439000,0.88038,0.88038,0.88037,0.88038,17390000,1
1414438440000,1414438499000,0.88037,0.88037,0.88037,0.88037,1870000,1
1414438500000,1414438559000,0.88037,0.88037,0.88032,0.88036,23150000,1
1414438560000,1414438619000,0.88036,0.88036,0.8803,0.8803,14400000,1
1414438620000,1414438679000,0.88031,0.88031,0.8803,0.8803,2500000,1
1414438680000,1414438739000,0.8803,0.8803,0.8803,0.8803,8370000,1
1414438740000,1414438799000,0.8803,0.88038,0.8803,0.88036,15070000,1
1414438800000,1414438859000,0.88036,0.88036,0.88036,0.88036,7850000,1
1414438860000,1414438919000,0.88035,0.88036,0.88035,0.88036,14250000,1
1414438980000,1414439039000,0.88035,0.88036,0.88035,0.88036,6710000,1
1414439040000,1414439099000,0.88035,0.88046,0.88035,0.8804,34820000,1
1414439100000,1414439159000,0.8804,0.88046,0.8804,0.8804,18750000,1
1414439160000,1414439219000,0.88039,0.88039,0.88039,0.88039,1000000,1
1414439280000,1414439339000,0.88039,0.88039,0.88039,0.88039,28500000,1
1414439340000,1414439399000,0.88039,0.8804,0.88039,0.88039,7000000,1
1414439400000,1414439459000,0.8804,0.8804,0.88037,0.88038,7000000,1
1414439460000,1414439519000,0.88037,0.88037,0.88037,0.88037,9000000,1
1414439520000,1414439579000,0.88038,0.88038,0.88038,0.88038,1000000,1
1414439580000,1414439639000,0.88037,0.88038,0.88037,0.88038,10000000,1
1414439640000,1414439699000,0.88039,0.8804,0.88039,0.88039,5500000,1
1414439700000,1414439759000,0.88038,0.88039,0.88032,0.88038,25810000,1
1414439760000,1414439819000,0.88036,0.88038,0.88032,0.88035,30170000,1
1414439820000,1414439879000,0.88035,0.88035,0.8803,0.8803,12500000,1
1414439880000,1414439939000,0.88033,0.8804,0.88031,0.88034,45760000,1
1414439940000,1414439999000,0.88034,0.88044,0.88033,0.88043,31750000,1
1414440000000,1414440059000,0.88042,0.88048,0.88042,0.88043,16940000,1
1414440060000,1414440119000,0.88042,0.88047,0.88042,0.88045,8940000,1
1414440120000,1414440179000,0.88044,0.88044,0.88044,0.88044,4000000,1
1414440180000,1414440239000,0.88044,0.88046,0.88044,0.88045,26700000,1
1414440240000,1414440299000,0.88045,0.88045,0.88037,0.88037,24750000,1
1414440300000,1414440359000,0.88037,0.88039,0.88037,0.88039,8500000,1
1414440360000,1414440419000,0.88038,0.88038,0.88037,0.88037,9310000,1
1414440420000,1414440479000,0.88038,0.88038,0.88037,0.88037,7000000,1
1414440480000,1414440539000,0.88037,0.88037,0.88037,0.88037,2000000,1
1414440540000,1414440599000,0.88037,0.88037,0.88033,0.88034,8670000,1
1414440600000,1414440659000,0.88034,0.88038,0.88031,0.88034,13790000,1
1414440660000,1414440719000,0.88035,0.88035,0.88034,0.88034,2000000,1
1414440720000,1414440779000,0.88037,0.88037,0.88034,0.88034,3690000,1
1414440780000,1414440839000,0.88034,0.88037,0.88034,0.88037,26520000,1
1414440840000,1414440899000,0.88037,0.88037,0.88037,0.88037,2500000,1
1414440900000,1414440959000,0.88036,0.88036,0.88032,0.88034,24500000,1
1414440960000,1414441019000,0.88032,0.88032,0.88027,0.88027,10500000,1
1414441020000,1414441079000,0.88028,0.88028,0.88027,0.88027,7000000,1
1414441080000,1414441139000,0.88027,0.88029,0.88021,0.88029,18270000,1
1414441140000,1414441199000,0.88027,0.8803,0.88025,0.88025,13500000,1
1414441200000,1414441259000,0.88025,0.88027,0.8802,0.88025,8510000,1
1414441260000,1414441319000,0.88026,0.88026,0.88022,0.88023,7250000,1
1414441320000,1414441379000,0.88023,0.88023,0.88015,0.88018,10650000,1
1414441380000,1414441439000,0.88018,0.88021,0.88018,0.88018,10310000,1
1414441440000,1414441499000,0.88018,0.88018,0.88015,0.88016,12380000,1
1414441500000,1414441559000,0.88017,0.88022,0.88017,0.88022,7000000,1
1414441620000,1414441679000,0.88022,0.88022,0.88021,0.88021,5000000,1
1414441680000,1414441739000,0.88022,0.88023,0.88015,0.88016,12800000,1
1414441740000,1414441799000,0.88017,0.88021,0.88016,0.88021,12370000,1
1414441800000,1414441859000,0.8802,0.88022,0.88019,0.88022,14970000,1
1414441860000,1414441919000,0.88022,0.88022,0.88017,0.88017,7220000,1
1414441920000,1414441979000,0.88017,0.88022,0.88017,0.88021,11480000,1
1414442040000,1414442099000,0.88022,0.88022,0.88019,0.88021,6500000,1
1414442100000,1414442159000,0.88022,0.88022,0.88017,0.88017,10870000,1
1414442160000,1414442219000,0.88017,0.88021,0.88017,0.88018,18470000,1
1414442220000,1414442279000,0.88018,0.88019,0.88018,0.88018,24370000,1
1414442280000,1414442339000,0.88018,0.88018,0.88018,0.88018,23770000,1
1414442340000,1414442399000,0.88018,0.88018,0.88016,0.88017,10100000,1
1414442400000,1414442459000,0.88017,0.8802,0.88017,0.88017,24750000,1
1414442460000,1414442519000,0.88017,0.88018,0.88017,0.88018,7000000,1
1414442520000,1414442579000,0.88017,0.88026,0.88017,0.8802,11820000,1
1414442580000,1414442639000,0.8802,0.8802,0.88019,0.8802,7100000,1
1414442640000,1414442699000,0.8802,0.88021,0.88017,0.88017,56510000,1
1414442700000,1414442759000,0.88017,0.88018,0.88017,0.88017,29210000,1
1414442760000,1414442819000,0.88018,0.88018,0.88018,0.88018,2170000,1
1414442820000,1414442879000,0.88017,0.88018,0.88017,0.88017,7500000,1
1414442880000,1414442939000,0.88018,0.88018,0.88017,0.88017,20670000,1
1414442940000,1414442999000,0.88017,0.88018,0.88017,0.88017,9430000,1
1414443000000,1414443059000,0.88018,0.88018,0.88017,0.88017,6290000,1
1414443060000,1414443119000,0.88017,0.88018,0.88017,0.88017,7310000,1
1414443120000,1414443179000,0.88017,0.88019,0.88014,0.88019,11500000,1
1414443180000,1414443239000,0.88017,0.88026,0.88014,0.88022,38530000,1
1414443240000,1414443299000,0.88022,0.88022,0.88017,0.88017,31470000,1
1414443300000,1414443359000,0.88018,0.88018,0.88017,0.88017,26570000,1
1414443360000,1414443419000,0.88018,0.88018,0.88017,0.88017,3500000,1
1414443420000,1414443479000,0.88018,0.88019,0.88018,0.88019,4500000,1
1414443480000,1414443539000,0.88012,0.88014,0.88011,0.88012,20120000,1
1414443540000,1414443599000,0.88013,0.88013,0.88006,0.88007,30740000,1
1414443600000,1414443659000,0.88006,0.88006,0.88003,0.88003,3570000,1
1414443660000,1414443719000,0.88011,0.88011,0.8801,0.8801,1110000,1
1414443720000,1414443779000,0.88013,0.88013,0.88007,0.88011,1480000,1
1414443780000,1414443839000,0.8801,0.8801,0.88009,0.88009,740000,1
1414443840000,1414443899000,0.88008,0.88008,0.88008,0.88008,3970000,1
1414443900000,1414443959000,0.88008,0.88016,0.88008,0.88016,12900000,1
1414443960000,1414444019000,0.88018,0.88018,0.88015,0.88015,16450000,1
1414444020000,1414444079000,0.88015,0.88015,0.88013,0.88013,3880000,1
1414444080000,1414444139000,0.88017,0.88017,0.88014,0.88015,12640000,1
1414444140000,1414444199000,0.88014,0.88015,0.88013,0.88015,14130000,1
1414444200000,1414444259000,0.88015,0.88017,0.88014,0.88014,19330000,1
1414444260000,1414444319000,0.88017,0.88018,0.88016,0.88016,7500000,1
1414444320000,1414444379000,0.88012,0.88017,0.88011,0.88017,10950000,1
1414444380000,1414444439000,0.8802,0.88029,0.8802,0.88029,3190000,1
1414444440000,1414444499000,0.88028,0.88029,0.88028,0.88029,2000000,1
1414444560000,1414444619000,0.88026,0.88034,0.88026,0.88029,6500000,1
1414444620000,1414444679000,0.88032,0.88046,0.88007,0.88014,51550000,1
1414444680000,1414444739000,0.88016,0.88017,0.88014,0.88014,10870000,1
1414444740000,1414444799000,0.88016,0.8803,0.88011,0.8803,23270000,1
1414444800000,1414444859000,0.88028,0.88031,0.88028,0.88029,14500000,1
1414444860000,1414444919000,0.88028,0.88028,0.88028,0.88028,7540000,1
1414444920000,1414444979000,0.88028,0.88029,0.88028,0.88028,23110000,1
1414444980000,1414445039000,0.88028,0.88032,0.88028,0.88028,12120000,1
1414445040000,1414445099000,0.88028,0.88032,0.8802,0.88027,25770000,1
1414445100000,1414445159000,0.88026,0.88026,0.88026,0.88026,3000000,1
1414445160000,1414445219000,0.88034,0.88034,0.88025,0.88026,7690000,1
1414445220000,1414445279000,0.88026,0.88026,0.88023,0.88024,21990000,1
1414445280000,1414445339000,0.88022,0.88024,0.88022,0.88024,8300000,1
1414445340000,1414445399000,0.88022,0.88025,0.88016,0.88025,17670000,1
1414445400000,1414445459000,0.88026,0.88026,0.88022,0.88022,8000000,1
1414445460000,1414445519000,0.88027,0.88029,0.88022,0.88023,25760000,1
1414445520000,1414445579000,0.88023,0.88024,0.88021,0.88023,36310000,1
1414445580000,1414445639000,0.88022,0.88022,0.88021,0.88021,9860000,1
1414445640000,1414445699000,0.88021,0.88021,0.8802,0.88021,5180000,1
1414445700000,1414445759000,0.8802,0.88028,0.88002,0.88016,33610000,1
1414445760000,1414445819000,0.88017,0.88036,0.88017,0.88031,56740000,1
1414445820000,1414445879000,0.88031,0.88031,0.88018,0.88026,33800000,1
1414445880000,1414445939000,0.88026,0.88026,0.87991,0.88006,49540000,1
1414445940000,1414445999000,0.8801,0.8801,0.87978,0.88002,64560000,1
1414446000000,1414446059000,0.88002,0.88003,0.87997,0.87999,22840000,1
1414446060000,1414446119000,0.88002,0.88015,0.88002,0.88014,59810000,1
1414446120000,1414446179000,0.88014,0.88018,0.88009,0.88009,70290000,1
1414446180000,1414446239000,0.88009,0.88022,0.88009,0.88021,9570000,1
1414446240000,1414446299000,0.88022,0.88022,0.88018,0.88018,3000000,1
1414446300000,1414446359000,0.88017,0.88017,0.88016,0.88016,4500000,1
1414446360000,1414446419000,0.88018,0.88018,0.88008,0.8801,18000000,1
1414446420000,1414446479000,0.88006,0.88011,0.88006,0.88011,16910000,1
1414446480000,1414446539000,0.8801,0.8801,0.88004,0.88005,15500000,1
1414446540000,1414446599000,0.88009,0.88009,0.87996,0.88004,22250000,1
1414446600000,1414446659000,0.88003,0.88003,0.88003,0.88003,1000000,1
1414446660000,1414446719000,0.88004,0.88004,0.88004,0.88004,1000000,1
1414446720000,1414446779000,0.88003,0.88003,0.88003,0.88003,1000000,1
1414446780000,1414446839000,0.88004,0.88004,0.88,0.88,6500000,1
1414446840000,1414446899000,0.88001,0.88011,0.87994,0.88011,14370000,1
1414446900000,1414446959000,0.88009,0.88017,0.88009,0.88009,21000000,1
1414446960000,1414447019000,0.8801,0.8801,0.88002,0.88004,19300000,1
1414447020000,1414447079000,0.88005,0.88006,0.88003,0.88003,7850000,1
1414447080000,1414447139000,0.88004,0.88005,0.88002,0.88003,14160000,1
1414447140000,1414447199000,0.88006,0.88006,0.88004,0.88006,5250000,1
1414447200000,1414447259000,0.88009,0.88012,0.88007,0.8801,11250000,1
1414447260000,1414447319000,0.88008,0.88013,0.88008,0.88011,27000000,1
1414447320000,1414447379000,0.88011,0.88012,0.88006,0.8801,33000000,1
1414447380000,1414447439000,0.88008,0.88011,0.88006,0.88011,15750000,1
1414447500000,1414447559000,0.88011,0.88011,0.88009,0.8801,9100000,1
1414447560000,1414447619000,0.88009,0.88009,0.87995,0.87998,33990000,1
1414447620000,1414447679000,0.87998,0.88004,0.87997,0.88003,43190000,1
1414447680000,1414447739000,0.87996,0.88005,0.87991,0.88001,61760000,1
1414447740000,1414447799000,0.87991,0.88002,0.87991,0.88001,53940000,1
1414447800000,1414447859000,0.88001,0.88001,0.87995,0.87995,19500000,1
1414447860000,1414447919000,0.87995,0.87995,0.87995,0.87995,32000000,1
1414447920000,1414447979000,0.87999,0.88002,0.87976,0.87976,95040000,1
1414447980000,1414448039000,0.8798,0.87983,0.8798,0.87981,15740000,1
1414448040000,1414448099000,0.87981,0.87984,0.87981,0.87982,12500000,1
1414448100000,1414448159000,0.87985,0.87992,0.87983,0.87987,15040000,1
1414448160000,1414448219000,0.87989,0.87994,0.87986,0.87986,20070000,1
1414448220000,1414448279000,0.87985,0.87987,0.87978,0.87982,32000000,1
1414448280000,1414448339000,0.87983,0.87983,0.87982,0.87982,2000000,1
1414448340000,1414448399000,0.87982,0.87982,0.87975,0.8798,19930000,1
1414448400000,1414448459000,0.87981,0.87982,0.87981,0.87982,4640000,1
1414448460000,1414448519000,0.8798,0.87991,0.8798,0.87991,97320000,1
1414448520000,1414448579000,0.87991,0.87992,0.87982,0.87983,27540000,1
1414448580000,1414448639000,0.87981,0.87981,0.87967,0.87974,32080000,1
1414448640000,1414448699000,0.87975,0.87975,0.87974,0.87975,7000000,1
1414448700000,1414448759000,0.87975,0.87975,0.87972,0.87972,10500000,1
1414448760000,1414448819000,0.87972,0.87976,0.87972,0.87975,6500000,1
1414448820000,1414448879000,0.87975,0.87977,0.87975,0.87977,10180000,1
1414448880000,1414448939000,0.87977,0.87977,0.87977,0.87977,10560000,1
1414448940000,1414448999000,0.87977,0.87979,0.87977,0.87979,13080000,1
1414449000000,1414449059000,0.87978,0.87978,0.87978,0.87978,1000000,1
1414449060000,1414449119000,0.87977,0.87977,0.87977,0.87977,1500000,1
1414449120000,1414449179000,0.87977,0.87977,0.87977,0.87977,3000000,1
1414449180000,1414449239000,0.87978,0.8798,0.87972,0.87977,22310000,1
1414449240000,1414449299000,0.87977,0.87978,0.87977,0.87977,6240000,1
1414449300000,1414449359000,0.87977,0.87983,0.87977,0.87981,9910000,1
1414449360000,1414449419000,0.87981,0.87981,0.87981,0.87981,2000000,1
1414449420000,1414449479000,0.8798,0.8798,0.8798,0.8798,16990000,1
1414449480000,1414449539000,0.8798,0.87988,0.8798,0.87982,12390000,1
1414449540000,1414449599000,0.87983,0.87983,0.87982,0.87982,11000000,1
1414449600000,1414449659000,0.87982,0.87983,0.87982,0.87983,5000000,1
1414449660000,1414449719000,0.87982,0.87983,0.87982,0.87983,6000000,1
1414449720000,1414449779000,0.87983,0.87983,0.87983,0.87983,5490000,1
1414449780000,1414449839000,0.87982,0.87982,0.8798,0.8798,15110000,1
1414449840000,1414449899000,0.8798,0.87986,0.8798,0.87982,27460000,1
1414449900000,1414449959000,0.87983,0.87989,0.87982,0.87988,36130000,1
1414449960000,1414450019000,0.87988,0.87988,0.87988,0.87988,10600000,1
1414450020000,1414450079000,0.87988,0.87988,0.87987,0.87988,12650000,1
1414450080000,1414450139000,0.87988,0.87988,0.87988,0.87988,3070000,1
1414450140000,1414450199000,0.87988,0.87988,0.87987,0.87987,8190000,1
1414450200000,1414450259000,0.87987,0.87995,0.87987,0.87993,63470000,1
1414450260000,1414450319000,0.87991,0.87991,0.8799,0.8799,6770000,1
1414450320000,1414450379000,0.87989,0.87989,0.87962,0.87962,33220000,1
1414450380000,1414450439000,0.87962,0.87963,0.8796,0.87963,26040000,1
1414450440000,1414450499000,0.87963,0.87969,0.87963,0.87969,17710000,1
1414450500000,1414450559000,0.87968,0.87968,0.87964,0.87964,39660000,1
1414450560000,1414450619000,0.87964,0.87965,0.87963,0.87963,4000000,1
1414450620000,1414450679000,0.87962,0.87962,0.87959,0.87959,10110000,1
1414450680000,1414450739000,0.87959,0.87963,0.87955,0.87959,24090000,1
1414450740000,1414450799000,0.8796,0.87964,0.87952,0.87953,22850000,1
1414450800000,1414450859000,0.87952,0.87964,0.87952,0.87955,49440000,1
1414450860000,1414450919000,0.87954,0.87965,0.87953,0.87965,12250000,1
1414450920000,1414450979000,0.87964,0.87968,0.87961,0.87961,25490000,1
1414450980000,1414451039000,0.87961,0.87962,0.87961,0.87962,7000000,1
1414451040000,1414451099000,0.87963,0.87964,0.87962,0.87962,3500000,1
1414451100000,1414451159000,0.87962,0.87962,0.8796,0.8796,2500000,1
1414451160000,1414451219000,0.8796,0.87961,0.8796,0.8796,3500000,1
1414451280000,1414451339000,0.8796,0.87968,0.8796,0.87968,12170000,1
1414451340000,1414451399000,0.87968,0.87968,0.87967,0.87967,10110000,1
1414451400000,1414451459000,0.87967,0.87973,0.87967,0.87973,15670000,1
1414451460000,1414451519000,0.87973,0.87981,0.87973,0.87981,13990000,1
1414451520000,1414451579000,0.87981,0.87988,0.87981,0.87984,13900000,1
1414451580000,1414451639000,0.87984,0.87986,0.87982,0.87984,25550000,1
1414451640000,1414451699000,0.87985,0.87993,0.87984,0.87993,20310000,1
1414451700000,1414451759000,0.87993,0.88002,0.87993,0.87999,22240000,1
1414451760000,1414451819000,0.87999,0.88,0.87999,0.88,25000000,1
1414451820000,1414451879000,0.88,0.88002,0.87995,0.88002,33690000,1
1414451880000,1414451939000,0.88,0.88,0.87972,0.87987,90520000,1
1414451940000,1414451999000,0.87987,0.87987,0.87987,0.87987,12910000,1
1414452000000,1414452059000,0.87987,0.87987,0.87985,0.87985,5830000,1
1414452060000,1414452119000,0.87985,0.87985,0.87973,0.87973,27490000,1
1414452120000,1414452179000,0.87973,0.87973,0.87972,0.87973,5500000,1
1414452180000,1414452239000,0.87972,0.87972,0.87972,0.87972,1000000,1
1414452240000,1414452299000,0.87971,0.87971,0.87971,0.87971,2500000,1
1414452300000,1414452359000,0.8797,0.87976,0.8797,0.87974,14360000,1
1414452360000,1414452419000,0.87975,0.87975,0.87975,0.87975,1000000,1
1414452420000,1414452479000,0.87975,0.87981,0.87974,0.87978,45690000,1
1414452480000,1414452539000,0.87978,0.87981,0.87976,0.87976,11200000,1
1414452540000,1414452599000,0.87974,0.87975,0.87973,0.87975,5000000,1
1414452600000,1414452659000,0.87975,0.87975,0.87974,0.87974,10000000,1
1414452660000,1414452719000,0.87974,0.87974,0.87972,0.87972,5320000,1
1414452720000,1414452779000,0.87973,0.87977,0.87973,0.87977,7000000,1
1414452780000,1414452839000,0.87977,0.8798,0.87976,0.87977,13000000,1
1414452840000,1414452899000,0.87976,0.87976,0.87976,0.87976,1500000,1
1414452900000,1414452959000,0.87977,0.8798,0.87977,0.8798,10380000,1
1414452960000,1414453019000,0.8798,0.87984,0.87979,0.87984,22680000,1
1414453020000,1414453079000,0.87985,0.87986,0.87983,0.87983,6500000,1
1414453080000,1414453139000,0.87983,0.87987,0.87983,0.87987,5000000,1
1414453140000,1414453199000,0.87984,0.87985,0.87984,0.87985,2000000,1
1414453260000,1414453319000,0.87984,0.87984,0.87984,0.87984,4000000,1
1414453320000,1414453379000,0.87985,0.87987,0.87984,0.87986,8000000,1
1414453380000,1414453439000,0.87985,0.87986,0.87985,0.87986,19000000,1
1414453440000,1414453499000,0.87986,0.87988,0.87985,0.87986,18270000,1
1414453500000,1414453559000,0.87987,0.87987,0.87986,0.87986,2500000,1
1414453560000,1414453619000,0.87986,0.8799,0.87986,0.87986,17890000,1
1414453620000,1414453679000,0.87986,0.87987,0.87985,0.87987,7500000,1
1414453680000,1414453739000,0.87987,0.87987,0.87987,0.87987,1000000,1
1414453740000,1414453799000,0.87988,0.87995,0.87987,0.87988,15150000,1
1414453800000,1414453859000,0.87985,0.87985,0.87982,0.87982,10970000,1
1414453860000,1414453919000,0.87982,0.87984,0.8798,0.8798,39380000,1
1414453920000,1414453979000,0.87981,0.87981,0.8798,0.8798,8910000,1
1414453980000,1414454039000,0.8798,0.87981,0.8798,0.87981,17170000,1
1414454040000,1414454099000,0.8798,0.8798,0.8798,0.8798,1500000,1
1414454100000,1414454159000,0.8798,0.87981,0.87977,0.87981,51750000,1
1414454160000,1414454219000,0.87981,0.87991,0.87968,0.87991,41210000,1
1414454220000,1414454279000,0.87991,0.88026,0.87991,0.88024,35620000,1
1414454280000,1414454339000,0.88026,0.8804,0.88024,0.8804,26930000,1
1414454340000,1414454399000,0.88042,0.88055,0.8804,0.88055,51910000,1
1414454400000,1414454459000,0.88056,0.88056,0.88052,0.88052,29000000,1
1414454460000,1414454519000,0.88052,0.88055,0.88049,0.8805,28460000,1
1414454520000,1414454579000,0.8805,0.88052,0.88037,0.88037,40690000,1
1414454580000,1414454639000,0.88037,0.88037,0.88019,0.88021,107230000,1
1414454640000,1414454699000,0.8802,0.88034,0.88012,0.88017,64890000,1
1414454700000,1414454759000,0.88016,0.88018,0.88015,0.88017,31570000,1
1414454760000,1414454819000,0.88017,0.88026,0.88008,0.88026,36980000,1
1414454820000,1414454879000,0.88025,0.88025,0.88013,0.88014,39180000,1
1414454880000,1414454939000,0.88015,0.88016,0.88014,0.88016,5070000,1
1414454940000,1414454999000,0.88016,0.88035,0.88011,0.88011,58040000,1
1414455000000,1414455059000,0.88011,0.88011,0.88004,0.88009,29870000,1
1414455060000,1414455119000,0.88009,0.88025,0.88009,0.88022,70720000,1
1414455120000,1414455179000,0.88022,0.88042,0.88022,0.88031,59310000,1
1414455180000,1414455239000,0.88032,0.88043,0.88022,0.88022,43250000,1
1414455240000,1414455299000,0.88025,0.88031,0.88025,0.8803,23880000,1
1414455300000,1414455359000,0.88028,0.88029,0.88022,0.88025,36210000,1
1414455360000,1414455419000,0.88025,0.88027,0.88021,0.88024,39250000,1
1414455420000,1414455479000,0.88026,0.88049,0.88026,0.88049,59390000,1
1414455480000,1414455539000,0.88048,0.88072,0.88048,0.88072,53830000,1
1414455540000,1414455599000,0.88072,0.88074,0.88052,0.88062,60850000,1
1414455600000,1414455659000,0.88061,0.88061,0.8805,0.8805,32520000,1
1414455660000,1414455719000,0.8805,0.88062,0.8805,0.88062,29000000,1
1414455720000,1414455779000,0.88062,0.88064,0.88052,0.88063,36050000,1
1414455780000,1414455839000,0.88063,0.88071,0.88048,0.8805,72360000,1
1414455840000,1414455899000,0.88053,0.88057,0.88051,0.88054,86160000,1
1414455900000,1414455959000,0.88054,0.88055,0.88051,0.88053,22330000,1
1414455960000,1414456019000,0.88054,0.88054,0.88042,0.88042,48490000,1
1414456020000,1414456079000,0.88042,0.88042,0.88017,0.8802,62340000,1
1414456080000,1414456139000,0.88019,0.88024,0.88019,0.88021,32530000,1
1414456140000,1414456199000,0.88021,0.88021,0.88012,0.88012,23580000,1
1414456200000,1414456259000,0.88015,0.88027,0.88015,0.88026,39010000,1
1414456260000,1414456319000,0.88025,0.88033,0.88012,0.88013,44690000,1
1414456320000,1414456379000,0.88012,0.88032,0.88012,0.88031,28620000,1
1414456380000,1414456439000,0.88032,0.88032,0.88017,0.88019,35580000,1
1414456440000,1414456499000,0.88019,0.88039,0.88019,0.88032,29210000,1
1414456500000,1414456559000,0.88035,0.88038,0.88032,0.88032,11600000,1
1414456560000,1414456619000,0.88033,0.88033,0.88029,0.88029,4820000,1
1414456620000,1414456679000,0.8803,0.88041,0.8803,0.88041,23530000,1
1414456680000,1414456739000,0.88042,0.88051,0.88041,0.88042,26710000,1
1414456740000,1414456799000,0.88042,0.88042,0.88031,0.88031,23470000,1
1414456800000,1414456859000,0.88031,0.88034,0.88027,0.8803,25510000,1
1414456860000,1414456919000,0.88034,0.88041,0.88032,0.88037,25870000,1
1414456920000,1414456979000,0.88038,0.88072,0.88038,0.88071,66610000,1
1414456980000,1414457039000,0.88072,0.88072,0.88067,0.88067,18990000,1
1414457040000,1414457099000,0.88067,0.88067,0.88063,0.88064,10500000,1
1414457100000,1414457159000,0.88063,0.88063,0.88056,0.88061,32720000,1
1414457160000,1414457219000,0.88062,0.88062,0.88061,0.88061,2000000,1
1414457220000,1414457279000,0.8806,0.88064,0.88053,0.88061,30090000,1
1414457280000,1414457339000,0.88061,0.88061,0.88053,0.88054,27250000,1
1414457340000,1414457399000,0.88054,0.88069,0.88054,0.88062,48510000,1
1414457400000,1414457459000,0.88062,0.88071,0.88062,0.88062,59630000,1
1414457460000,1414457519000,0.88063,0.88076,0.88062,0.88073,45010000,1
1414457520000,1414457579000,0.88071,0.88077,0.88062,0.88072,44520000,1
1414457580000,1414457639000,0.88073,0.88075,0.88073,0.88074,15500000,1
1414457640000,1414457699000,0.88074,0.88084,0.88074,0.88084,51340000,1
1414457700000,1414457759000,0.88086,0.88117,0.88086,0.88117,91520000,1
1414457760000,1414457819000,0.88119,0.8812,0.88109,0.88112,75690000,1
1414457820000,1414457879000,0.88112,0.88114,0.8811,0.88114,28870000,1
1414457880000,1414457939000,0.88114,0.88117,0.88114,0.88117,41070000,1
1414457940000,1414457999000,0.88117,0.88117,0.88107,0.88108,44420000,1
1414458000000,1414458059000,0.88107,0.88111,0.88104,0.88104,29820000,1
1414458060000,1414458119000,0.88104,0.88106,0.88104,0.88106,12500000,1
1414458120000,1414458179000,0.8811,0.88125,0.88109,0.88125,18340000,1
1414458180000,1414458239000,0.88125,0.88126,0.88121,0.88125,20440000,1
1414458240000,1414458299000,0.88125,0.88129,0.88105,0.88108,56960000,1
1414458300000,1414458359000,0.88109,0.8811,0.88105,0.88105,100840000,1
1414458360000,1414458419000,0.88107,0.88111,0.88105,0.88111,52590000,1
1414458420000,1414458479000,0.88111,0.88134,0.88111,0.8813,58110000,1
1414458480000,1414458539000,0.88129,0.88129,0.88124,0.88124,31950000,1
1414458540000,1414458599000,0.88125,0.88125,0.88122,0.88122,16000000,1
1414458600000,1414458659000,0.88126,0.88143,0.88126,0.88143,31110000,1
1414458660000,1414458719000,0.88143,0.8815,0.8813,0.88131,62600000,1
1414458720000,1414458779000,0.88131,0.88145,0.8813,0.88141,51930000,1
1414458780000,1414458839000,0.8814,0.8814,0.88122,0.88124,27070000,1
1414458840000,1414458899000,0.88123,0.88126,0.88123,0.88125,14600000,1
1414458900000,1414458959000,0.88125,0.88129,0.88125,0.88129,22700000,1
1414458960000,1414459019000,0.88127,0.88128,0.88121,0.88126,41000000,1
1414459020000,1414459079000,0.88126,0.88126,0.88122,0.88125,11000000,1
1414459080000,1414459139000,0.88126,0.8813,0.88126,0.8813,18330000,1
1414459140000,1414459199000,0.8813,0.88133,0.8813,0.88133,7500000,1
1414459200000,1414459259000,0.88132,0.88132,0.88132,0.88132,1500000,1
1414459260000,1414459319000,0.88133,0.88133,0.88132,0.88133,3000000,1
1414459320000,1414459379000,0.88133,0.88133,0.88133,0.88133,2000000,1
1414459380000,1414459439000,0.88132,0.88134,0.88132,0.88133,5570000,1
1414459440000,1414459499000,0.88133,0.88149,0.88133,0.88146,27160000,1
1414459500000,1414459559000,0.88146,0.88155,0.88142,0.88155,45060000,1
1414459560000,1414459619000,0.88158,0.88172,0.88155,0.8817,40670000,1
1414459620000,1414459679000,0.8817,0.88171,0.88136,0.88143,63890000,1
1414459680000,1414459739000,0.88143,0.88143,0.88132,0.88133,49300000,1
1414459740000,1414459799000,0.88132,0.88141,0.88126,0.88131,64280000,1
1414459800000,1414459859000,0.88132,0.88143,0.88132,0.88134,73840000,1
1414459860000,1414459919000,0.88134,0.88135,0.88132,0.88134,14000000,1
1414459920000,1414459979000,0.88137,0.88142,0.88136,0.88141,13640000,1
1414459980000,1414460039000,0.88141,0.88147,0.88141,0.88147,9770000,1
1414460040000,1414460099000,0.88147,0.88147,0.88142,0.88145,14750000,1
1414460100000,1414460159000,0.88145,0.88147,0.88142,0.88146,26500000,1
1414460160000,1414460219000,0.88146,0.88147,0.88141,0.88144,38840000,1
1414460220000,1414460279000,0.88145,0.88148,0.88142,0.88144,34440000,1
1414460280000,1414460339000,0.88145,0.88146,0.88143,0.88146,18500000,1
1414460340000,1414460399000,0.88144,0.88145,0.88144,0.88144,18000000,1
1414460400000,1414460459000,0.88144,0.88145,0.88141,0.88144,20500000,1
1414460460000,1414460519000,0.88144,0.88144,0.88132,0.88132,10000000,1
1414460520000,1414460579000,0.88132,0.88132,0.88125,0.8813,18340000,1
1414460580000,1414460639000,0.8813,0.88143,0.8813,0.8814,24350000,1
1414460640000,1414460699000,0.8814,0.88156,0.8814,0.88151,88380000,1
1414460700000,1414460759000,0.88151,0.88159,0.88148,0.88159,29140000,1
1414460760000,1414460819000,0.8816,0.88191,0.8816,0.88185,57560000,1
1414460820000,1414460879000,0.88186,0.88191,0.88182,0.88191,32600000,1
1414460880000,1414460939000,0.88189,0.88189,0.88177,0.88179,65710000,1
1414460940000,1414460999000,0.88179,0.88191,0.88179,0.8819,29160000,1
1414461000000,1414461059000,0.88191,0.88207,0.8819,0.88204,55800000,1
1414461060000,1414461119000,0.88204,0.88224,0.882,0.88219,65260000,1
1414461120000,1414461179000,0.88219,0.88219,0.88208,0.8821,37300000,1
1414461180000,1414461239000,0.8821,0.88213,0.88209,0.88212,18620000,1
1414461240000,1414461299000,0.88212,0.88212,0.88189,0.88189,39000000,1
1414461300000,1414461359000,0.88185,0.88188,0.88174,0.88178,58890000,1
1414461360000,1414461419000,0.88177,0.88179,0.88168,0.88178,28480000,1
1414461420000,1414461479000,0.88181,0.88182,0.88177,0.8818,17320000,1
1414461540000,1414461599000,0.8818,0.8818,0.88167,0.88173,32300000,1
1414461600000,1414461659000,0.88174,0.88176,0.88172,0.88172,15000000,1
1414461660000,1414461719000,0.88172,0.88172,0.88157,0.88158,43500000,1
1414461720000,1414461779000,0.88156,0.88156,0.88122,0.88127,47270000,1
1414461780000,1414461839000,0.88127,0.88131,0.88125,0.88131,24060000,1
1414461840000,1414461899000,0.88129,0.88144,0.88125,0.88133,83970000,1
1414461900000,1414461959000,0.88133,0.88136,0.88121,0.88122,40250000,1
1414461960000,1414462019000,0.88126,0.88136,0.88126,0.88132,35770000,1
1414462020000,1414462079000,0.88133,0.88133,0.88133,0.88133,2000000,1
1414462080000,1414462139000,0.88133,0.88133,0.88132,0.88132,7500000,1
1414462140000,1414462199000,0.88132,0.88135,0.88127,0.88135,43500000,1
1414462200000,1414462259000,0.88135,0.88141,0.88135,0.8814,25340000,1
1414462260000,1414462319000,0.8814,0.8814,0.88131,0.88131,18500000,1
1414462320000,1414462379000,0.88132,0.88139,0.88132,0.88139,8870000,1
1414462380000,1414462439000,0.88139,0.88139,0.88131,0.88134,15820000,1
1414462440000,1414462499000,0.88133,0.88153,0.88133,0.88151,30660000,1
1414462500000,1414462559000,0.88153,0.88169,0.88153,0.88169,48460000,1
1414462560000,1414462619000,0.8817,0.8817,0.88161,0.88163,38350000,1
1414462620000,1414462679000,0.88166,0.88169,0.88164,0.88165,19460000,1
1414462680000,1414462739000,0.88165,0.88166,0.88162,0.88165,29570000,1
1414462740000,1414462799000,0.88165,0.88172,0.88165,0.88171,21880000,1
1414462800000,1414462859000,0.88171,0.88185,0.8817,0.88184,33250000,1
1414462860000,1414462919000,0.88185,0.88188,0.88177,0.88181,26700000,1
1414462920000,1414462979000,0.88184,0.88184,0.88181,0.88184,5000000,1
1414462980000,1414463039000,0.8818,0.88183,0.8817,0.8817,33680000,1
1414463040000,1414463099000,0.8817,0.8817,0.88167,0.88167,16620000,1
1414463100000,1414463159000,0.88168,0.88194,0.88168,0.88192,24330000,1
1414463160000,1414463219000,0.88191,0.88194,0.88191,0.88193,7000000,1
1414463220000,1414463279000,0.88193,0.88196,0.8819,0.88194,15170000,1
1414463280000,1414463339000,0.88196,0.882,0.8819,0.8819,32870000,1
1414463340000,1414463399000,0.88189,0.88189,0.88159,0.88165,34500000,1
1414463400000,1414463459000,0.88165,0.88169,0.8816,0.8816,40950000,1
1414463460000,1414463519000,0.8816,0.88162,0.88144,0.8815,56370000,1
1414463520000,1414463579000,0.88149,0.8815,0.88139,0.8814,40130000,1
1414463580000,1414463639000,0.8814,0.88141,0.88133,0.88141,27960000,1
1414463640000,1414463699000,0.88141,0.88151,0.88135,0.88151,49020000,1
1414463700000,1414463759000,0.88152,0.88156,0.88152,0.88156,21390000,1
1414463760000,1414463819000,0.88159,0.88161,0.88153,0.88155,19190000,1
1414463820000,1414463879000,0.88155,0.88155,0.88139,0.88139,22180000,1
1414463880000,1414463939000,0.88139,0.88161,0.88139,0.88159,34450000,1
1414463940000,1414463999000,0.88159,0.88171,0.88157,0.8817,36770000,1
1414464000000,1414464059000,0.88169,0.88169,0.88153,0.8816,135630000,1
1414464060000,1414464119000,0.8816,0.88166,0.88158,0.88158,31110000,1
1414464120000,1414464179000,0.88156,0.88171,0.88156,0.8817,24680000,1
1414464180000,1414464239000,0.88173,0.88183,0.8817,0.88182,53090000,1
1414464240000,1414464299000,0.88182,0.88183,0.88179,0.8818,10250000,1
1414464300000,1414464359000,0.8818,0.8818,0.88175,0.88176,17500000,1
1414464360000,1414464419000,0.88173,0.88175,0.88171,0.88175,4000000,1
1414464420000,1414464479000,0.88176,0.88176,0.88161,0.88172,48950000,1
1414464480000,1414464539000,0.88172,0.88183,0.88163,0.88181,53530000,1
1414464540000,1414464599000,0.88181,0.88182,0.88163,0.8817,39670000,1
1414464600000,1414464659000,0.8817,0.88174,0.8817,0.88173,20350000,1
1414464660000,1414464719000,0.88173,0.88173,0.8816,0.8816,21000000,1
1414464720000,1414464779000,0.8816,0.8816,0.8816,0.8816,12000000,1
1414464780000,1414464839000,0.8816,0.88162,0.88153,0.88161,55930000,1
1414464840000,1414464899000,0.8816,0.88162,0.88158,0.88158,24610000,1
1414464900000,1414464959000,0.88158,0.88162,0.88158,0.88161,8500000,1
1414464960000,1414465019000,0.88157,0.88158,0.88154,0.88154,10320000,1
1414465020000,1414465079000,0.88154,0.88162,0.88154,0.88162,8750000,1
1414465080000,1414465139000,0.88161,0.88162,0.88147,0.88153,14070000,1
1414465140000,1414465199000,0.88153,0.88154,0.88149,0.88152,8500000,1
1414465200000,1414465259000,0.88153,0.88161,0.88153,0.88161,19410000,1
1414465260000,1414465319000,0.88163,0.88181,0.88163,0.88179,34160000,1
1414465320000,1414465379000,0.88179,0.88187,0.88179,0.88187,32340000,1
1414465380000,1414465439000,0.88187,0.88232,0.88187,0.88225,75300000,1
1414465440000,1414465499000,0.88225,0.8823,0.88219,0.88219,60460000,1
1414465500000,1414465559000,0.88219,0.8822,0.8821,0.88213,38200000,1
1414465560000,1414465619000,0.88213,0.88222,0.88213,0.88219,26530000,1
1414465620000,1414465679000,0.88218,0.88218,0.88206,0.88207,38640000,1
1414465680000,1414465739000,0.88207,0.88207,0.88193,0.88194,48520000,1
1414465740000,1414465799000,0.88194,0.88224,0.88184,0.8822,132990000,1
1414465800000,1414465859000,0.88221,0.88282,0.88221,0.88257,165070000,1
1414465860000,1414465919000,0.88257,0.88261,0.88252,0.88259,36910000,1
1414465920000,1414465979000,0.8826,0.88262,0.88255,0.88255,33090000,1
1414465980000,1414466039000,0.88255,0.88271,0.88252,0.88264,40990000,1
1414466040000,1414466099000,0.88265,0.88272,0.88264,0.88265,34330000,1
1414466100000,1414466159000,0.88265,0.88281,0.88259,0.88278,86240000,1
1414466160000,1414466219000,0.88276,0.8828,0.88259,0.88261,49840000,1
1414466220000,1414466279000,0.88261,0.88261,0.88249,0.88252,46750000,1
1414466280000,1414466339000,0.88252,0.88253,0.88251,0.88252,35000000,1
1414466340000,1414466399000,0.88252,0.88252,0.88251,0.88252,30000000,1
1414466400000,1414466459000,0.88249,0.88251,0.88243,0.88244,24500000,1
1414466460000,1414466519000,0.88244,0.88244,0.88233,0.88233,29500000,1
1414466520000,1414466579000,0.88233,0.88238,0.88233,0.88236,31600000,1
1414466580000,1414466639000,0.88236,0.88259,0.88234,0.88258,85660000,1
1414466640000,1414466699000,0.88258,0.88268,0.88252,0.88258,72830000,1
1414466700000,1414466759000,0.88257,0.88257,0.88247,0.88247,47440000,1
1414466760000,1414466819000,0.88246,0.88247,0.88239,0.88245,27390000,1
1414466820000,1414466879000,0.88245,0.88246,0.88234,0.88234,56370000,1
1414466880000,1414466939000,0.88234,0.88234,0.8823,0.88231,15500000,1
1414466940000,1414466999000,0.88232,0.88232,0.88172,0.88192,132200000,1
1414467000000,1414467059000,0.88193,0.88215,0.88192,0.88215,64200000,1
1414467060000,1414467119000,0.88214,0.88217,0.8821,0.8821,46820000,1
1414467120000,1414467179000,0.88209,0.88212,0.88199,0.88201,42000000,1
1414467180000,1414467239000,0.88201,0.88201,0.88169,0.88183,107430000,1
1414467240000,1414467299000,0.88186,0.8819,0.88181,0.88182,58650000,1
1414467300000,1414467359000,0.88182,0.88185,0.8818,0.88184,26470000,1
1414467360000,1414467419000,0.88183,0.88185,0.88183,0.88183,6000000,1
1414467420000,1414467479000,0.88186,0.88186,0.8816,0.88161,44450000,1
1414467480000,1414467539000,0.88159,0.88159,0.8813,0.88154,65360000,1
1414467540000,1414467599000,0.88155,0.88173,0.88154,0.88162,55500000,1
1414467600000,1414467659000,0.88162,0.88172,0.88162,0.88169,35320000,1
1414467660000,1414467719000,0.8817,0.88172,0.88169,0.88169,16640000,1
1414467720000,1414467779000,0.88169,0.88181,0.88169,0.88181,28750000,1
1414467780000,1414467839000,0.88182,0.88182,0.88182,0.88182,3500000,1
1414467840000,1414467899000,0.88182,0.88192,0.88182,0.8819,55520000,1
1414467900000,1414467959000,0.88189,0.88194,0.88186,0.88194,78820000,1
1414467960000,1414468019000,0.88192,0.882,0.8819,0.88195,76960000,1
1414468020000,1414468079000,0.88195,0.88201,0.88183,0.88187,82860000,1
1414468080000,1414468139000,0.88186,0.8819,0.88186,0.8819,4070000,1
1414468140000,1414468199000,0.8819,0.88191,0.88186,0.8819,16690000,1
1414468200000,1414468259000,0.8819,0.8819,0.88181,0.88181,16740000,1
1414468260000,1414468319000,0.8818,0.88183,0.88174,0.88175,28850000,1
1414468320000,1414468379000,0.88175,0.88175,0.88167,0.88167,19570000,1
1414468380000,1414468439000,0.88166,0.88166,0.88162,0.88162,15500000,1
1414468440000,1414468499000,0.88161,0.88162,0.88152,0.88154,21500000,1
1414468500000,1414468559000,0.88154,0.88166,0.88153,0.88166,17670000,1
1414468560000,1414468619000,0.88166,0.88202,0.88166,0.88201,83540000,1
1414468620000,1414468679000,0.88201,0.88202,0.88201,0.88202,15820000,1
1414468680000,1414468739000,0.88201,0.8821,0.88201,0.88209,26740000,1
1414468740000,1414468799000,0.88209,0.88211,0.88208,0.88208,25900000,1
1414468800000,1414468859000,0.88208,0.88229,0.88208,0.88229,133520000,1
1414468860000,1414468919000,0.88229,0.88229,0.8821,0.88222,85660000,1
1414468920000,1414468979000,0.88222,0.88222,0.88202,0.88213,56100000,1
1414468980000,1414469039000,0.88213,0.88219,0.88209,0.88213,44210000,1
1414469040000,1414469099000,0.88211,0.88211,0.88206,0.8821,12820000,1
1414469100000,1414469159000,0.8821,0.88211,0.88204,0.88204,34260000,1
1414469160000,1414469219000,0.88204,0.88204,0.88198,0.882,12500000,1
1414469220000,1414469279000,0.882,0.88201,0.88193,0.88193,28250000,1
1414469280000,1414469339000,0.88192,0.88194,0.88192,0.88194,2500000,1
1414469340000,1414469399000,0.88193,0.88193,0.88193,0.88193,3000000,1
1414469400000,1414469459000,0.88192,0.88199,0.88192,0.88199,25910000,1
1414469460000,1414469519000,0.88199,0.88199,0.88194,0.88194,17580000,1
1414469520000,1414469579000,0.88193,0.88196,0.88193,0.88196,8000000,1
1414469580000,1414469639000,0.88196,0.88196,0.88193,0.88193,18000000,1
1414469640000,1414469699000,0.88194,0.88194,0.88192,0.88192,11000000,1
1414469700000,1414469759000,0.88193,0.88194,0.88174,0.88178,35220000,1
1414469760000,1414469819000,0.88178,0.8818,0.88178,0.8818,21390000,1
1414469820000,1414469879000,0.8818,0.88181,0.8818,0.88181,2740000,1
1414469940000,1414469999000,0.88182,0.88182,0.88179,0.8818,7000000,1
1414470060000,1414470119000,0.8818,0.88183,0.8818,0.88183,9070000,1
1414470120000,1414470179000,0.88183,0.88183,0.88171,0.88176,16170000,1
1414470180000,1414470239000,0.88176,0.88176,0.88155,0.88158,30500000,1
1414470240000,1414470299000,0.88158,0.88172,0.88158,0.88172,30820000,1
1414470300000,1414470359000,0.88171,0.88171,0.88163,0.88163,10200000,1
1414470360000,1414470419000,0.88163,0.88173,0.88155,0.88158,56430000,1
1414470420000,1414470479000,0.88158,0.88161,0.88155,0.88161,25920000,1
1414470480000,1414470539000,0.88161,0.88163,0.88161,0.88161,13020000,1
1414470540000,1414470599000,0.88161,0.88162,0.88161,0.88162,2100000,1
1414470600000,1414470659000,0.88164,0.88168,0.88163,0.88165,16370000,1
1414470660000,1414470719000,0.88165,0.88172,0.88164,0.88169,28080000,1
1414470720000,1414470779000,0.88169,0.88173,0.88169,0.88172,60660000,1
1414470780000,1414470839000,0.88172,0.88173,0.88163,0.8817,48230000,1
1414470840000,1414470899000,0.88171,0.88172,0.8817,0.8817,16710000,1
1414470900000,1414470959000,0.88169,0.88172,0.88167,0.88171,24170000,1
1414470960000,1414471019000,0.88171,0.88173,0.88171,0.88173,11170000,1
1414471020000,1414471079000,0.88172,0.88175,0.88171,0.88173,9190000,1
1414471080000,1414471139000,0.88172,0.88172,0.88169,0.88169,13060000,1
1414471140000,1414471199000,0.88169,0.88172,0.88164,0.88172,17250000,1
1414471200000,1414471259000,0.88172,0.88172,0.88171,0.88171,24740000,1
1414471260000,1414471319000,0.88171,0.88171,0.88169,0.88169,87590000,1
1414471320000,1414471379000,0.8817,0.8817,0.88169,0.8817,68030000,1
1414471380000,1414471439000,0.8817,0.8817,0.88169,0.88169,37130000,1
1414471440000,1414471499000,0.8817,0.8817,0.8817,0.8817,27710000,1
1414471500000,1414471559000,0.88173,0.88185,0.88172,0.88184,50990000,1
1414471560000,1414471619000,0.88183,0.88183,0.88178,0.88179,27240000,1
1414471620000,1414471679000,0.88181,0.88182,0.88177,0.88177,14880000,1
1414471680000,1414471739000,0.88177,0.88177,0.88167,0.88172,34500000,1
1414471740000,1414471799000,0.88172,0.88172,0.88171,0.88172,11080000,1
1414471800000,1414471859000,0.88171,0.88174,0.88171,0.88174,5220000,1
1414471860000,1414471919000,0.88173,0.88173,0.8817,0.88172,27550000,1
1414471920000,1414471979000,0.88172,0.88175,0.8817,0.88172,8170000,1
1414471980000,1414472039000,0.88172,0.88181,0.88169,0.88181,29950000,1
1414472040000,1414472099000,0.88181,0.88184,0.88179,0.8818,85760000,1
1414472100000,1414472159000,0.88181,0.88185,0.88177,0.88185,27640000,1
1414472160000,1414472219000,0.88182,0.88182,0.88176,0.88181,18870000,1
1414472220000,1414472279000,0.88181,0.88182,0.88179,0.88181,12810000,1
1414472280000,1414472339000,0.8818,0.8818,0.8818,0.8818,3340000,1
1414472340000,1414472399000,0.8818,0.88181,0.88167,0.8817,38210000,1
1414472400000,1414472459000,0.8817,0.88172,0.88167,0.88172,34630000,1
1414472460000,1414472519000,0.8817,0.88172,0.88167,0.88167,22820000,1
1414472520000,1414472579000,0.88167,0.88172,0.88153,0.88155,31000000,1
1414472580000,1414472639000,0.88155,0.88161,0.88155,0.88161,18500000,1
1414472640000,1414472699000,0.88161,0.88162,0.88158,0.88161,29000000,1
1414472700000,1414472759000,0.8816,0.8816,0.88155,0.88157,9500000,1
1414472760000,1414472819000,0.88157,0.88162,0.88156,0.88157,19670000,1
1414472820000,1414472879000,0.88157,0.88161,0.88152,0.88157,47700000,1
1414472880000,1414472939000,0.88159,0.8816,0.88152,0.88157,27010000,1
1414472940000,1414472999000,0.88157,0.88162,0.88157,0.88157,49290000,1
1414473000000,1414473059000,0.88158,0.88158,0.88152,0.88152,13500000,1
1414473060000,1414473119000,0.88154,0.88154,0.88142,0.88143,30250000,1
1414473120000,1414473179000,0.88142,0.88145,0.8813,0.88135,53710000,1
1414473180000,1414473239000,0.88135,0.88142,0.88133,0.88139,25980000,1
1414473240000,1414473299000,0.88139,0.88139,0.88138,0.88138,34070000,1
1414473300000,1414473359000,0.88138,0.88155,0.88138,0.88154,25180000,1
1414473360000,1414473419000,0.88155,0.88155,0.88154,0.88154,4000000,1
1414473420000,1414473479000,0.88154,0.88171,0.88154,0.88171,41260000,1
1414473480000,1414473539000,0.88171,0.88171,0.8817,0.8817,8500000,1
1414473540000,1414473599000,0.88171,0.88171,0.88164,0.88168,13000000,1
1414473600000,1414473659000,0.8817,0.8817,0.88164,0.88164,11000000,1
1414473660000,1414473719000,0.88164,0.88167,0.88152,0.88164,45870000,1
1414473720000,1414473779000,0.88164,0.88165,0.88159,0.88159,41000000,1
1414473780000,1414473839000,0.88158,0.88166,0.88158,0.88164,30570000,1
1414473840000,1414473899000,0.88164,0.88164,0.88155,0.88155,23000000,1
1414473900000,1414473959000,0.88155,0.88163,0.88153,0.88163,17260000,1
1414473960000,1414474019000,0.88163,0.88165,0.88152,0.88162,40170000,1
1414474020000,1414474079000,0.88164,0.88182,0.88164,0.88169,56810000,1
1414474080000,1414474139000,0.88169,0.88172,0.88165,0.88169,39950000,1
1414474140000,1414474199000,0.88169,0.88169,0.88162,0.88162,11500000,1
1414474200000,1414474259000,0.88164,0.88164,0.88163,0.88164,5000000,1
1414474260000,1414474319000,0.88164,0.88169,0.8816,0.88164,22360000,1
1414474320000,1414474379000,0.88164,0.88164,0.88161,0.88162,8000000,1
1414474380000,1414474439000,0.8816,0.88163,0.8816,0.88163,3200000,1
1414474440000,1414474499000,0.88163,0.88163,0.8816,0.8816,7550000,1
1414474500000,1414474559000,0.88161,0.88164,0.88161,0.88162,11500000,1
1414474560000,1414474619000,0.8816,0.8816,0.8816,0.8816,1570000,1
1414474620000,1414474679000,0.8816,0.8816,0.88139,0.8814,54440000,1
1414474680000,1414474739000,0.8814,0.88142,0.88117,0.88142,97390000,1
1414474740000,1414474799000,0.8814,0.88146,0.8814,0.88144,26920000,1
1414474800000,1414474859000,0.88144,0.88144,0.88143,0.88143,22000000,1
1414474860000,1414474919000,0.88144,0.88144,0.8813,0.88134,24140000,1
1414474920000,1414474979000,0.88134,0.88134,0.88132,0.88133,11000000,1
1414474980000,1414475039000,0.88133,0.88133,0.88133,0.88133,9500000,1
1414475040000,1414475099000,0.88134,0.88134,0.88133,0.88133,4500000,1
1414475100000,1414475159000,0.88133,0.88133,0.88131,0.88131,4500000,1
1414475160000,1414475219000,0.88129,0.88129,0.88103,0.88106,48150000,1
1414475220000,1414475279000,0.88106,0.88111,0.88106,0.88108,14240000,1
1414475280000,1414475339000,0.88108,0.88117,0.88108,0.88117,18550000,1
1414475340000,1414475399000,0.88117,0.88131,0.88117,0.88122,62920000,1
1414475400000,1414475459000,0.88122,0.88122,0.88118,0.88118,20610000,1
1414475460000,1414475519000,0.88116,0.88122,0.88109,0.88111,44810000,1
1414475520000,1414475579000,0.88111,0.88111,0.88107,0.88107,13680000,1
1414475580000,1414475639000,0.88107,0.88108,0.88107,0.88107,29660000,1
1414475640000,1414475699000,0.88107,0.88108,0.88107,0.88107,21570000,1
1414475700000,1414475759000,0.88107,0.8811,0.88107,0.8811,16980000,1
1414475760000,1414475819000,0.88112,0.88117,0.88107,0.8811,42480000,1
1414475820000,1414475879000,0.88112,0.88113,0.88112,0.88113,6400000,1
1414475880000,1414475939000,0.8812,0.8812,0.88116,0.88117,35190000,1
1414475940000,1414475999000,0.88117,0.88133,0.88116,0.88122,73410000,1
1414476000000,1414476059000,0.88125,0.88141,0.88125,0.88139,64820000,1
1414476060000,1414476119000,0.88139,0.8814,0.88139,0.88139,12710000,1
1414476120000,1414476179000,0.8814,0.8814,0.88139,0.8814,4000000,1
1414476180000,1414476239000,0.8814,0.88146,0.8814,0.88144,11390000,1
1414476240000,1414476299000,0.88144,0.88144,0.88139,0.8814,12820000,1
1414476300000,1414476359000,0.88139,0.8815,0.88139,0.88148,23330000,1
1414476360000,1414476419000,0.88151,0.88155,0.88149,0.8815,23180000,1
1414476420000,1414476479000,0.88149,0.88151,0.88141,0.8815,42180000,1
1414476480000,1414476539000,0.88149,0.8816,0.88146,0.8816,139650000,1
1414476540000,1414476599000,0.8816,0.88172,0.88157,0.88166,37820000,1
1414476600000,1414476659000,0.88166,0.88176,0.88166,0.88173,21100000,1
1414476660000,1414476719000,0.88173,0.88173,0.88166,0.88167,4000000,1
1414476720000,1414476779000,0.88165,0.88173,0.88165,0.88169,25620000,1
1414476780000,1414476839000,0.88169,0.88173,0.88164,0.88164,39410000,1
1414476840000,1414476899000,0.88164,0.88165,0.88163,0.88163,6000000,1
1414476900000,1414476959000,0.88166,0.88171,0.88162,0.88167,69900000,1
1414476960000,1414477019000,0.8817,0.8817,0.88164,0.88166,12220000,1
1414477020000,1414477079000,0.88166,0.88166,0.88151,0.88153,27500000,1
1414477080000,1414477139000,0.88155,0.88161,0.88151,0.88159,37420000,1
1414477140000,1414477199000,0.88159,0.88176,0.88159,0.8816,39580000,1
1414477200000,1414477259000,0.8816,0.88161,0.8816,0.88161,7960000,1
1414477260000,1414477319000,0.8816,0.8816,0.8816,0.8816,3000000,1
1414477320000,1414477379000,0.88161,0.88161,0.8816,0.8816,3000000,1
1414477380000,1414477439000,0.88161,0.88161,0.88161,0.88161,1000000,1
1414477440000,1414477499000,0.88162,0.8817,0.88162,0.88167,17550000,1
1414477500000,1414477559000,0.88167,0.88168,0.88164,0.88164,15220000,1
1414477560000,1414477619000,0.88163,0.88164,0.8816,0.88164,19140000,1
1414477620000,1414477679000,0.88164,0.88164,0.88161,0.88163,49160000,1
1414477680000,1414477739000,0.88162,0.88165,0.8816,0.88162,27840000,1
1414477740000,1414477799000,0.88163,0.88168,0.88159,0.88163,44140000,1
1414477800000,1414477859000,0.88162,0.88171,0.88162,0.88166,49350000,1
1414477860000,1414477919000,0.88165,0.88168,0.88162,0.88165,21970000,1
1414477920000,1414477979000,0.88168,0.88168,0.88161,0.88164,26710000,1
1414477980000,1414478039000,0.88162,0.88166,0.88162,0.88164,31000000,1
1414478040000,1414478099000,0.88164,0.88164,0.88159,0.88162,8500000,1
1414478100000,1414478159000,0.88161,0.88168,0.88161,0.88164,37890000,1
1414478160000,1414478219000,0.88165,0.88173,0.88163,0.88173,13710000,1
1414478220000,1414478279000,0.88172,0.88172,0.88172,0.88172,2000000,1
1414478280000,1414478339000,0.88173,0.8818,0.88173,0.8818,16660000,1
1414478340000,1414478399000,0.8818,0.88189,0.88178,0.88189,49210000,1
1414478400000,1414478459000,0.88189,0.88196,0.88188,0.88196,24670000,1
1414478460000,1414478519000,0.88194,0.88203,0.88193,0.88203,73740000,1
1414478520000,1414478579000,0.88203,0.88209,0.88203,0.88208,22210000,1
1414478580000,1414478639000,0.88209,0.8821,0.88209,0.88209,33510000,1
1414478640000,1414478699000,0.88207,0.88209,0.88191,0.88193,61240000,1
1414478700000,1414478759000,0.88192,0.88192,0.88183,0.88183,32500000,1
1414478760000,1414478819000,0.88183,0.88187,0.8818,0.88187,66690000,1
1414478820000,1414478879000,0.88187,0.8821,0.88187,0.88203,61520000,1
1414478880000,1414478939000,0.88202,0.88207,0.88199,0.88203,43350000,1
1414478940000,1414478999000,0.88203,0.88204,0.88201,0.88203,17970000,1
1414479000000,1414479059000,0.88203,0.88206,0.88202,0.88204,21500000,1
1414479060000,1414479119000,0.88204,0.88204,0.88189,0.88193,72440000,1
1414479120000,1414479179000,0.88193,0.88201,0.88193,0.88201,14080000,1
1414479180000,1414479239000,0.882,0.8821,0.882,0.8821,32920000,1
1414479240000,1414479299000,0.88209,0.88219,0.88207,0.8821,25840000,1
1414479300000,1414479359000,0.88211,0.88218,0.8821,0.88216,39500000,1
1414479360000,1414479419000,0.88216,0.88223,0.88212,0.88223,41190000,1
1414479420000,1414479479000,0.88223,0.88223,0.88222,0.88222,7500000,1
1414479480000,1414479539000,0.88222,0.88222,0.88217,0.88217,21000000,1
1414479540000,1414479599000,0.88217,0.88217,0.88193,0.88193,44260000,1
1414479600000,1414479659000,0.88192,0.88205,0.88184,0.88202,72810000,1
1414479660000,1414479719000,0.88202,0.88202,0.88188,0.88188,50470000,1
1414479720000,1414479779000,0.88189,0.88192,0.88189,0.8819,30200000,1
1414479780000,1414479839000,0.8819,0.88205,0.8819,0.88203,54480000,1
1414479840000,1414479899000,0.88203,0.88211,0.88202,0.8821,19650000,1
1414479900000,1414479959000,0.8821,0.88238,0.8821,0.88231,96500000,1
1414479960000,1414480019000,0.88231,0.88254,0.8823,0.8825,96450000,1
1414480020000,1414480079000,0.88248,0.88251,0.88238,0.88249,133200000,1
1414480080000,1414480139000,0.88249,0.88262,0.88242,0.88262,127400000,1
1414480140000,1414480199000,0.88262,0.88348,0.88262,0.88323,208390000,1
1414480200000,1414480259000,0.88322,0.88322,0.88289,0.88292,150870000,1
1414480260000,1414480319000,0.88291,0.883,0.88272,0.88298,92920000,1
1414480320000,1414480379000,0.88298,0.8831,0.88276,0.88279,119920000,1
1414480380000,1414480439000,0.88279,0.88297,0.88279,0.88294,89230000,1
1414480440000,1414480499000,0.88295,0.88295,0.88272,0.88273,51160000,1
1414480500000,1414480559000,0.88273,0.88275,0.88262,0.88262,54610000,1
1414480560000,1414480619000,0.88263,0.88268,0.88263,0.88266,35590000,1
1414480620000,1414480679000,0.88266,0.88266,0.88259,0.88265,28160000,1
1414480680000,1414480739000,0.88265,0.88266,0.88263,0.88264,27420000,1
1414480740000,1414480799000,0.88264,0.88273,0.8826,0.8826,30900000,1
1414480800000,1414480859000,0.8826,0.88265,0.88246,0.8825,50000000,1
1414480860000,1414480919000,0.88249,0.88252,0.88245,0.88245,23820000,1
1414480920000,1414480979000,0.88245,0.88247,0.88239,0.88246,60080000,1
1414480980000,1414481039000,0.88246,0.88253,0.88239,0.88253,40710000,1
1414481040000,1414481099000,0.88254,0.88283,0.88254,0.88277,68070000,1
1414481100000,1414481159000,0.88277,0.88286,0.88277,0.88285,79550000,1
1414481160000,1414481219000,0.88285,0.88286,0.88284,0.88284,23240000,1
1414481220000,1414481279000,0.88286,0.88301,0.88286,0.88301,70470000,1
1414481280000,1414481339000,0.88301,0.88322,0.88301,0.88321,51400000,1
1414481340000,1414481399000,0.88321,0.88321,0.8831,0.88313,93500000,1
1414481400000,1414481459000,0.88311,0.88311,0.88281,0.88281,72510000,1
1414481460000,1414481519000,0.88281,0.88288,0.88266,0.88274,60570000,1
1414481520000,1414481579000,0.88274,0.88303,0.88274,0.88289,76170000,1
1414481580000,1414481639000,0.8829,0.88308,0.88286,0.88303,49940000,1
1414481640000,1414481699000,0.88307,0.88323,0.88306,0.88322,93180000,1
1414481700000,1414481759000,0.88322,0.88382,0.88322,0.88374,151950000,1
1414481760000,1414481819000,0.88374,0.88385,0.88362,0.88364,113930000,1
1414481820000,1414481879000,0.88364,0.88392,0.88355,0.88382,152160000,1
1414481880000,1414481939000,0.88381,0.8839,0.88375,0.88388,138380000,1
1414481940000,1414481999000,0.88388,0.88392,0.8837,0.8837,65080000,1
1414482000000,1414482059000,0.88368,0.8837,0.88349,0.88349,103340000,1
1414482060000,1414482119000,0.88352,0.88363,0.8835,0.88359,60770000,1
1414482120000,1414482179000,0.88359,0.88365,0.88327,0.88333,79990000,1
1414482180000,1414482239000,0.88331,0.88331,0.88284,0.88285,113510000,1
1414482240000,1414482299000,0.88285,0.88293,0.88284,0.88293,71960000,1
1414482300000,1414482359000,0.88294,0.8832,0.88292,0.88319,61810000,1
1414482360000,1414482419000,0.88319,0.88319,0.88308,0.88311,50010000,1
1414482420000,1414482479000,0.88311,0.88312,0.88311,0.88312,3000000,1
1414482480000,1414482539000,0.88312,0.88312,0.88287,0.88287,52620000,1
1414482540000,1414482599000,0.88287,0.88287,0.88264,0.8827,68100000,1
1414482600000,1414482659000,0.8827,0.88271,0.88263,0.88271,59810000,1
1414482660000,1414482719000,0.88271,0.8828,0.88269,0.8828,41270000,1
1414482720000,1414482779000,0.8828,0.88302,0.8828,0.88298,77910000,1
1414482780000,1414482839000,0.88298,0.88306,0.88297,0.88301,60190000,1
1414482840000,1414482899000,0.88301,0.88302,0.88298,0.88302,44240000,1
1414482900000,1414482959000,0.88302,0.88302,0.8828,0.88284,44090000,1
1414482960000,1414483019000,0.88284,0.88284,0.88263,0.88264,33180000,1
1414483020000,1414483079000,0.88264,0.88274,0.88263,0.88274,22040000,1
1414483080000,1414483139000,0.88273,0.88292,0.88273,0.88286,31650000,1
1414483140000,1414483199000,0.88287,0.88292,0.88283,0.88283,42210000,1
1414483200000,1414483259000,0.88285,0.88293,0.88282,0.88282,35390000,1
1414483260000,1414483319000,0.88283,0.88301,0.88283,0.88298,36520000,1
1414483320000,1414483379000,0.88298,0.88306,0.88293,0.88299,81180000,1
1414483380000,1414483439000,0.88299,0.88299,0.88283,0.88284,49700000,1
1414483440000,1414483499000,0.88284,0.88289,0.88282,0.88289,55020000,1
1414483500000,1414483559000,0.88289,0.88298,0.88287,0.88297,33190000,1
1414483560000,1414483619000,0.88297,0.88297,0.88296,0.88296,32130000,1
1414483620000,1414483679000,0.88296,0.88307,0.88296,0.88307,47140000,1
1414483680000,1414483739000,0.88307,0.88307,0.88295,0.88303,50000000,1
1414483740000,1414483799000,0.88301,0.88303,0.88299,0.88299,62690000,1
1414483800000,1414483859000,0.88299,0.88305,0.88293,0.88302,48940000,1
1414483860000,1414483919000,0.88302,0.88307,0.88302,0.88304,33950000,1
1414483920000,1414483979000,0.88304,0.88324,0.88302,0.88323,76140000,1
1414483980000,1414484039000,0.88326,0.88328,0.88322,0.88322,56220000,1
1414484040000,1414484099000,0.88324,0.88352,0.88324,0.88352,60350000,1
1414484100000,1414484159000,0.88351,0.88355,0.88342,0.88343,58830000,1
1414484160000,1414484219000,0.88343,0.88344,0.88332,0.88337,64980000,1
1414484220000,1414484279000,0.88337,0.88337,0.88323,0.88331,68410000,1
1414484280000,1414484339000,0.88331,0.88337,0.88324,0.88324,92110000,1
1414484340000,1414484399000,0.88321,0.88322,0.88312,0.88317,53260000,1
1414484400000,1414484459000,0.88317,0.88317,0.883,0.88301,51690000,1
1414484460000,1414484519000,0.88301,0.88303,0.88291,0.88301,70590000,1
1414484520000,1414484579000,0.88301,0.88311,0.883,0.883,58070000,1
1414484580000,1414484639000,0.88305,0.88321,0.883,0.88314,107450000,1
1414484640000,1414484699000,0.88314,0.88322,0.88312,0.88316,77820000,1
1414484700000,1414484759000,0.88316,0.88319,0.88302,0.88303,65550000,1
1414484760000,1414484819000,0.88303,0.88309,0.88292,0.88298,44410000,1
1414484820000,1414484879000,0.88298,0.88302,0.88295,0.88302,25270000,1
1414484880000,1414484939000,0.88303,0.88313,0.88295,0.88295,59990000,1
1414484940000,1414484999000,0.88295,0.88295,0.8829,0.88292,31130000,1
1414485000000,1414485059000,0.88292,0.88296,0.88292,0.88295,51670000,1
1414485060000,1414485119000,0.88295,0.88311,0.88289,0.88303,60490000,1
1414485120000,1414485179000,0.88303,0.88317,0.88302,0.88315,47810000,1
1414485180000,1414485239000,0.88315,0.88323,0.8831,0.88323,29520000,1
1414485240000,1414485299000,0.88322,0.88325,0.88314,0.8832,40590000,1
1414485300000,1414485359000,0.88319,0.88344,0.88303,0.88303,69040000,1
1414485360000,1414485419000,0.88303,0.88316,0.88302,0.88312,94840000,1
1414485420000,1414485479000,0.88317,0.88317,0.88307,0.8831,40880000,1
1414485480000,1414485539000,0.8831,0.88312,0.88303,0.88305,80070000,1
1414485540000,1414485599000,0.88305,0.88355,0.88305,0.88341,104250000,1
1414485600000,1414485659000,0.8834,0.88353,0.88337,0.88353,54670000,1
1414485660000,1414485719000,0.88353,0.88362,0.88338,0.88341,89200000,1
1414485720000,1414485779000,0.88341,0.88355,0.88341,0.88355,44030000,1
1414485780000,1414485839000,0.88355,0.88355,0.88331,0.88332,56470000,1
1414485840000,1414485899000,0.88332,0.88332,0.88327,0.88332,42360000,1
1414485900000,1414485959000,0.88332,0.88332,0.88325,0.88325,30490000,1
1414485960000,1414486019000,0.88324,0.88336,0.8832,0.88323,68690000,1
1414486020000,1414486079000,0.88323,0.88323,0.88312,0.88317,60030000,1
1414486080000,1414486139000,0.88322,0.88322,0.88299,0.88312,72790000,1
1414486140000,1414486199000,0.88312,0.88324,0.88307,0.88323,65400000,1
1414486200000,1414486259000,0.88322,0.88322,0.88281,0.88284,83370000,1
1414486260000,1414486319000,0.88284,0.88284,0.88266,0.88282,54540000,1
1414486320000,1414486379000,0.88282,0.88282,0.88264,0.88264,38500000,1
1414486380000,1414486439000,0.88264,0.88279,0.88252,0.88275,79240000,1
1414486440000,1414486499000,0.88274,0.88274,0.88259,0.88265,62450000,1
1414486500000,1414486559000,0.88263,0.88266,0.88249,0.88252,71150000,1
1414486560000,1414486619000,0.88252,0.88269,0.88252,0.88262,42190000,1
1414486620000,1414486679000,0.88262,0.88263,0.88254,0.88254,85040000,1
1414486680000,1414486739000,0.88253,0.88262,0.88253,0.88262,44710000,1
1414486740000,1414486799000,0.88262,0.88267,0.88244,0.88244,72440000,1
1414486800000,1414486859000,0.88243,0.88243,0.88223,0.88226,78350000,1
1414486860000,1414486919000,0.88224,0.88239,0.88219,0.88238,115430000,1
1414486920000,1414486979000,0.8824,0.88243,0.88225,0.88227,83710000,1
1414486980000,1414487039000,0.88227,0.88228,0.88226,0.88227,51500000,1
1414487040000,1414487099000,0.88227,0.8823,0.88222,0.88227,71060000,1
1414487100000,1414487159000,0.88227,0.88233,0.88212,0.88212,84120000,1
1414487160000,1414487219000,0.8821,0.8821,0.88194,0.88209,70180000,1
1414487220000,1414487279000,0.88209,0.88214,0.88196,0.88201,73950000,1
1414487280000,1414487339000,0.88201,0.88213,0.88201,0.88202,72310000,1
1414487340000,1414487399000,0.88202,0.88208,0.88198,0.88205,53630000,1
1414487400000,1414487459000,0.88203,0.88208,0.88188,0.88192,80440000,1
1414487460000,1414487519000,0.88192,0.88233,0.88192,0.88217,93380000,1
1414487520000,1414487579000,0.88217,0.88217,0.88204,0.88204,31950000,1
1414487580000,1414487639000,0.88203,0.88205,0.88195,0.88199,52550000,1
1414487640000,1414487699000,0.88199,0.88223,0.88199,0.88223,27820000,1
1414487700000,1414487759000,0.88223,0.88224,0.88212,0.88212,44520000,1
1414487760000,1414487819000,0.88212,0.88222,0.88201,0.88214,77360000,1
1414487820000,1414487879000,0.88214,0.88215,0.88202,0.88202,40900000,1
1414487880000,1414487939000,0.88202,0.88214,0.88198,0.88213,45170000,1
1414487940000,1414487999000,0.88214,0.88233,0.88212,0.88233,101330000,1
1414488000000,1414488059000,0.88234,0.88238,0.88232,0.88235,20290000,1
1414488060000,1414488119000,0.88235,0.8824,0.88217,0.88217,38610000,1
1414488120000,1414488179000,0.88216,0.88234,0.88216,0.88232,43440000,1
1414488180000,1414488239000,0.88232,0.88235,0.88222,0.88235,100200000,1
1414488240000,1414488299000,0.88237,0.88272,0.88233,0.88263,135280000,1
1414488300000,1414488359000,0.8826,0.88273,0.8826,0.88271,79930000,1
1414488360000,1414488419000,0.88273,0.88286,0.88272,0.88282,59010000,1
1414488420000,1414488479000,0.88282,0.88283,0.88274,0.88274,111080000,1
1414488480000,1414488539000,0.88276,0.8828,0.88275,0.88278,86650000,1
1414488540000,1414488599000,0.88278,0.88278,0.88255,0.88255,61040000,1
1414488600000,1414488659000,0.88255,0.88257,0.88244,0.88249,49360000,1
1414488660000,1414488719000,0.88249,0.88254,0.88242,0.88242,59440000,1
1414488720000,1414488779000,0.88242,0.88251,0.88242,0.88243,19640000,1
1414488780000,1414488839000,0.88243,0.88252,0.88243,0.88251,43830000,1
1414488840000,1414488899000,0.88251,0.88273,0.88251,0.88273,26780000,1
1414488900000,1414488959000,0.88273,0.8828,0.88272,0.8828,20740000,1
1414488960000,1414489019000,0.8828,0.88283,0.88273,0.88273,64100000,1
1414489020000,1414489079000,0.88273,0.88273,0.88259,0.88273,55000000,1
1414489080000,1414489139000,0.88273,0.88278,0.88262,0.88263,60490000,1
1414489140000,1414489199000,0.88262,0.88272,0.88261,0.88261,45230000,1
1414489200000,1414489259000,0.88257,0.88262,0.88249,0.88252,62430000,1
1414489260000,1414489319000,0.88254,0.88257,0.88252,0.88252,54730000,1
1414489320000,1414489379000,0.88252,0.88266,0.88252,0.88265,14280000,1
1414489380000,1414489439000,0.88267,0.88268,0.88265,0.88266,38660000,1
1414489440000,1414489499000,0.88266,0.88272,0.88264,0.88272,59000000,1
1414489500000,1414489559000,0.88272,0.88272,0.88272,0.88272,51610000,1
1414489560000,1414489619000,0.88272,0.88272,0.88264,0.88268,69760000,1
1414489620000,1414489679000,0.88268,0.88271,0.88266,0.88268,72140000,1
1414489680000,1414489739000,0.88268,0.88272,0.88268,0.88271,78600000,1
1414489740000,1414489799000,0.88271,0.88281,0.8827,0.88279,64760000,1
1414489800000,1414489859000,0.88279,0.88279,0.88272,0.88273,55080000,1
1414489860000,1414489919000,0.88272,0.88282,0.88269,0.88279,37620000,1
1414489920000,1414489979000,0.88277,0.88285,0.8827,0.88282,59890000,1
1414489980000,1414490039000,0.88282,0.88293,0.88282,0.88283,43510000,1
1414490040000,1414490099000,0.88282,0.88284,0.8828,0.8828,52070000,1
1414490100000,1414490159000,0.8828,0.88283,0.8828,0.88283,65980000,1
1414490160000,1414490219000,0.88284,0.88284,0.8828,0.8828,48750000,1
1414490220000,1414490279000,0.8828,0.88292,0.8828,0.88287,29170000,1
1414490280000,1414490339000,0.88287,0.88293,0.88284,0.88291,43490000,1
1414490340000,1414490399000,0.88291,0.88291,0.88286,0.88288,61060000,1
1414490400000,1414490459000,0.88289,0.88295,0.88281,0.88281,67290000,1
1414490460000,1414490519000,0.88281,0.8829,0.8828,0.88282,67390000,1
1414490520000,1414490579000,0.88282,0.88282,0.88266,0.88272,83760000,1
1414490580000,1414490639000,0.88272,0.88272,0.88253,0.88253,48020000,1
1414490640000,1414490699000,0.88255,0.88255,0.88245,0.88246,93950000,1
1414490700000,1414490759000,0.88246,0.8825,0.88246,0.88247,59750000,1
1414490760000,1414490819000,0.88246,0.88246,0.88232,0.88241,50080000,1
1414490820000,1414490879000,0.88241,0.88251,0.88241,0.88247,42520000,1
1414490880000,1414490939000,0.88248,0.88251,0.88248,0.8825,15100000,1
1414490940000,1414490999000,0.8825,0.88256,0.8825,0.88251,26440000,1
1414491000000,1414491059000,0.88251,0.88253,0.88251,0.88253,25090000,1
1414491060000,1414491119000,0.88253,0.88253,0.88242,0.88243,31730000,1
1414491120000,1414491179000,0.88241,0.88241,0.88235,0.88238,39610000,1
1414491180000,1414491239000,0.88238,0.88251,0.88238,0.88242,83280000,1
1414491240000,1414491299000,0.88238,0.88243,0.88232,0.88242,37160000,1
1414491300000,1414491359000,0.88243,0.88252,0.88242,0.88244,51630000,1
1414491360000,1414491419000,0.88244,0.88275,0.88243,0.88275,57720000,1
1414491420000,1414491479000,0.88274,0.88278,0.88272,0.88273,65420000,1
1414491480000,1414491539000,0.88273,0.8828,0.88272,0.88279,47410000,1
1414491540000,1414491599000,0.8828,0.88289,0.8828,0.88282,65500000,1
1414491600000,1414491659000,0.88282,0.88305,0.88282,0.88287,120180000,1
1414491660000,1414491719000,0.88287,0.88287,0.8828,0.88283,32510000,1
1414491720000,1414491779000,0.88283,0.88291,0.88283,0.88291,40380000,1
1414491780000,1414491839000,0.88291,0.88292,0.88284,0.88292,36890000,1
1414491840000,1414491899000,0.88292,0.88292,0.88273,0.88273,26760000,1
1414491900000,1414491959000,0.88273,0.88275,0.88262,0.88262,49220000,1
1414491960000,1414492019000,0.88262,0.88296,0.88262,0.88292,128550000,1
1414492020000,1414492079000,0.88292,0.88299,0.88292,0.88292,82430000,1
1414492080000,1414492139000,0.88292,0.88294,0.88291,0.88292,32560000,1
1414492140000,1414492199000,0.88294,0.88303,0.88292,0.88303,52330000,1
1414492200000,1414492259000,0.88303,0.88337,0.88303,0.88334,65390000,1
1414492260000,1414492319000,0.88334,0.88347,0.88334,0.88336,108730000,1
1414492320000,1414492379000,0.88337,0.88359,0.88333,0.88354,77870000,1
1414492380000,1414492439000,0.88353,0.88353,0.88323,0.88323,86860000,1
1414492440000,1414492499000,0.88323,0.8833,0.88297,0.8832,108940000,1
1414492500000,1414492559000,0.8832,0.8832,0.88312,0.88314,63140000,1
1414492560000,1414492619000,0.88316,0.8832,0.88309,0.8831,55700000,1
1414492620000,1414492679000,0.88311,0.88314,0.883,0.88303,45090000,1
1414492680000,1414492739000,0.88303,0.88319,0.88303,0.88313,55270000,1
1414492740000,1414492799000,0.88311,0.88326,0.88311,0.88321,25820000,1
1414492800000,1414492859000,0.88321,0.88331,0.88308,0.8831,79280000,1
1414492860000,1414492919000,0.8831,0.8831,0.88302,0.88306,57200000,1
1414492920000,1414492979000,0.88305,0.88331,0.88295,0.88321,84960000,1
1414492980000,1414493039000,0.88321,0.88327,0.88299,0.883,51400000,1
1414493040000,1414493099000,0.88303,0.88344,0.88303,0.88335,129510000,1
1414493100000,1414493159000,0.88334,0.88336,0.88325,0.8833,47590000,1
1414493160000,1414493219000,0.8833,0.88336,0.88324,0.88331,54750000,1
1414493220000,1414493279000,0.88331,0.88335,0.88318,0.88329,76810000,1
1414493280000,1414493339000,0.88328,0.88345,0.88328,0.88335,56290000,1
1414493340000,1414493399000,0.88335,0.88347,0.88335,0.88342,58750000,1
1414493400000,1414493459000,0.88343,0.88343,0.88327,0.88333,63190000,1
1414493460000,1414493519000,0.8833,0.88331,0.88322,0.88323,36850000,1
1414493520000,1414493579000,0.88323,0.88352,0.88323,0.88344,56650000,1
1414493580000,1414493639000,0.88344,0.88353,0.88343,0.88347,94330000,1
1414493640000,1414493699000,0.88347,0.88352,0.88342,0.88348,89420000,1
1414493700000,1414493759000,0.88348,0.88359,0.88347,0.88352,59770000,1
1414493760000,1414493819000,0.88352,0.88352,0.8834,0.8835,79200000,1
1414493820000,1414493879000,0.88352,0.88368,0.88351,0.88366,79960000,1
1414493880000,1414493939000,0.88366,0.88371,0.88365,0.88371,53260000,1
1414493940000,1414493999000,0.88371,0.88371,0.88362,0.88362,33070000,1
1414494000000,1414494059000,0.88362,0.88368,0.88353,0.88353,22820000,1
1414494060000,1414494119000,0.88351,0.88353,0.88351,0.88352,23000000,1
1414494120000,1414494179000,0.88352,0.88356,0.88349,0.88351,71750000,1
1414494180000,1414494239000,0.88351,0.88358,0.88348,0.88349,68070000,1
1414494240000,1414494299000,0.88345,0.88368,0.88345,0.88351,62820000,1
1414494300000,1414494359000,0.88351,0.88351,0.88341,0.88341,44070000,1
1414494360000,1414494419000,0.88344,0.88344,0.88322,0.88331,94820000,1
1414494420000,1414494479000,0.88329,0.88341,0.88328,0.88333,50750000,1
1414494480000,1414494539000,0.88331,0.88331,0.88305,0.88308,109760000,1
1414494540000,1414494599000,0.8831,0.88342,0.8831,0.88336,80000000,1
1414494600000,1414494659000,0.88336,0.88342,0.88334,0.88334,61920000,1
1414494660000,1414494719000,0.88334,0.88334,0.88322,0.88322,63950000,1
1414494720000,1414494779000,0.88322,0.88323,0.88321,0.88323,26000000,1
1414494780000,1414494839000,0.88321,0.88323,0.8831,0.88322,69420000,1
1414494840000,1414494899000,0.88322,0.88325,0.88315,0.88319,40330000,1
1414494900000,1414494959000,0.88316,0.88326,0.88315,0.88324,37120000,1
1414494960000,1414495019000,0.88324,0.88352,0.88321,0.88344,84780000,1
1414495020000,1414495079000,0.88344,0.88345,0.88322,0.88322,41870000,1
1414495080000,1414495139000,0.88322,0.88322,0.88311,0.8832,49850000,1
1414495140000,1414495199000,0.88319,0.88342,0.88319,0.88342,85940000,1
1414495200000,1414495259000,0.88343,0.88347,0.88334,0.88342,73040000,1
1414495260000,1414495319000,0.88342,0.88352,0.88342,0.88352,34620000,1
1414495320000,1414495379000,0.88352,0.88352,0.88345,0.8835,31020000,1
1414495380000,1414495439000,0.8835,0.88365,0.88349,0.88357,111640000,1
1414495440000,1414495499000,0.88357,0.88362,0.88357,0.88361,46750000,1
1414495500000,1414495559000,0.88361,0.88364,0.88359,0.88363,139030000,1
1414495560000,1414495619000,0.88364,0.88421,0.88364,0.88408,172380000,1
1414495620000,1414495679000,0.88407,0.88407,0.88378,0.88391,126510000,1
1414495680000,1414495739000,0.88392,0.88415,0.88391,0.88413,68100000,1
1414495740000,1414495799000,0.88413,0.88418,0.88395,0.88395,139940000,1
1414495800000,1414495859000,0.88395,0.88403,0.88387,0.88388,52840000,1
1414495860000,1414495919000,0.88388,0.88394,0.88378,0.8839,61090000,1
1414495920000,1414495979000,0.8839,0.88418,0.88388,0.88417,72940000,1
1414495980000,1414496039000,0.88417,0.88418,0.8841,0.8841,100630000,1
1414496040000,1414496099000,0.8841,0.88417,0.88401,0.88415,76300000,1
1414496100000,1414496159000,0.88415,0.88415,0.88397,0.88397,73170000,1
1414496160000,1414496219000,0.88396,0.88409,0.88391,0.88393,87900000,1
1414496220000,1414496279000,0.88393,0.88404,0.88393,0.88404,101270000,1
1414496280000,1414496339000,0.88404,0.88404,0.88389,0.88389,58770000,1
1414496340000,1414496399000,0.88389,0.8839,0.88389,0.8839,56950000,1
1414496400000,1414496459000,0.8839,0.88391,0.88385,0.88387,77550000,1
1414496460000,1414496519000,0.88387,0.88387,0.88372,0.88377,60680000,1
1414496520000,1414496579000,0.88377,0.8839,0.88377,0.8839,70480000,1
1414496580000,1414496639000,0.88391,0.88401,0.88391,0.884,40470000,1
1414496640000,1414496699000,0.88401,0.88412,0.884,0.88402,41230000,1
1414496700000,1414496759000,0.88403,0.88425,0.88403,0.88423,91310000,1
1414496760000,1414496819000,0.88422,0.8843,0.88409,0.8842,87850000,1
1414496820000,1414496879000,0.88419,0.88424,0.88406,0.88406,82030000,1
1414496880000,1414496939000,0.88406,0.88406,0.8839,0.88402,37440000,1
1414496940000,1414496999000,0.88402,0.88402,0.88375,0.88387,62830000,1
1414497000000,1414497059000,0.88387,0.88389,0.88385,0.88387,72570000,1
1414497060000,1414497119000,0.88387,0.88409,0.88387,0.88402,39340000,1
1414497120000,1414497179000,0.88402,0.8842,0.88402,0.88402,75350000,1
1414497180000,1414497239000,0.88403,0.88406,0.88394,0.88395,51830000,1
1414497240000,1414497299000,0.88395,0.88398,0.88394,0.88394,41140000,1
1414497300000,1414497359000,0.88394,0.88394,0.8838,0.88382,84630000,1
1414497360000,1414497419000,0.88381,0.88382,0.88379,0.88382,11000000,1
1414497420000,1414497479000,0.88381,0.88381,0.88371,0.88379,42100000,1
1414497480000,1414497539000,0.88379,0.88379,0.88364,0.88368,66610000,1
1414497540000,1414497599000,0.88368,0.88374,0.88368,0.88372,60510000,1
1414497600000,1414497659000,0.88375,0.88377,0.88357,0.88359,51710000,1
1414497660000,1414497719000,0.88359,0.88362,0.88353,0.88353,19500000,1
1414497720000,1414497779000,0.88353,0.88369,0.88351,0.88369,52970000,1
1414497780000,1414497839000,0.88369,0.8837,0.88362,0.88363,28240000,1
1414497840000,1414497899000,0.88362,0.88366,0.88361,0.88366,30570000,1
1414497900000,1414497959000,0.88365,0.88378,0.88363,0.88371,56930000,1
1414497960000,1414498019000,0.88371,0.88385,0.88369,0.88383,48720000,1
1414498020000,1414498079000,0.88383,0.88385,0.88382,0.88384,53650000,1
1414498080000,1414498139000,0.88384,0.884,0.88382,0.884,60040000,1
1414498140000,1414498199000,0.884,0.88403,0.88392,0.88398,78100000,1
1414498200000,1414498259000,0.88399,0.88421,0.88399,0.88421,112690000,1
1414498260000,1414498319000,0.88421,0.88431,0.8841,0.88424,88950000,1
1414498320000,1414498379000,0.88424,0.88426,0.8841,0.8841,45760000,1
1414498380000,1414498439000,0.8841,0.8841,0.88386,0.88391,83860000,1
1414498440000,1414498499000,0.88389,0.884,0.88387,0.884,24240000,1
1414498500000,1414498559000,0.884,0.88419,0.88392,0.88419,82590000,1
1414498560000,1414498619000,0.88419,0.88425,0.88412,0.88414,33090000,1
1414498620000,1414498679000,0.88414,0.88414,0.88401,0.88404,34580000,1
1414498680000,1414498739000,0.88404,0.88408,0.88391,0.88391,31260000,1
1414498740000,1414498799000,0.88389,0.88389,0.88372,0.88382,70790000,1
1414498800000,1414498859000,0.88383,0.88386,0.88363,0.8837,83240000,1
1414498860000,1414498919000,0.8837,0.88384,0.8837,0.88384,44290000,1
1414498920000,1414498979000,0.88387,0.88403,0.88383,0.88384,84820000,1
1414498980000,1414499039000,0.88382,0.88383,0.88365,0.88367,52760000,1
1414499040000,1414499099000,0.88367,0.88374,0.88359,0.88372,69010000,1
1414499100000,1414499159000,0.88372,0.88402,0.88372,0.88402,48820000,1
1414499160000,1414499219000,0.88402,0.88413,0.88401,0.88413,47440000,1
1414499220000,1414499279000,0.88412,0.88427,0.8841,0.88424,54130000,1
1414499280000,1414499339000,0.88429,0.88429,0.88411,0.88414,54010000,1
1414499340000,1414499399000,0.88412,0.88416,0.88379,0.8838,200390000,1
1414499400000,1414499459000,0.88379,0.8854,0.88379,0.88522,450860000,1
1414499460000,1414499519000,0.88525,0.88584,0.88512,0.88567,309740000,1
1414499520000,1414499579000,0.88567,0.8862,0.88551,0.88611,293200000,1
1414499580000,1414499639000,0.8861,0.88623,0.8858,0.88622,253050000,1
1414499640000,1414499699000,0.88622,0.88735,0.88617,0.88725,364870000,1
1414499700000,1414499759000,0.88725,0.88761,0.88714,0.88755,311910000,1
1414499760000,1414499819000,0.88754,0.88815,0.88754,0.88788,342700000,1
1414499820000,1414499879000,0.88787,0.88788,0.88707,0.88717,192850000,1
1414499880000,1414499939000,0.88718,0.88722,0.88662,0.88687,238300000,1
1414499940000,1414499999000,0.88686,0.88686,0.8863,0.88641,225580000,1
1414500000000,1414500059000,0.88641,0.88671,0.88618,0.88661,255290000,1
1414500060000,1414500119000,0.88661,0.8868,0.8866,0.8866,179750000,1
1414500120000,1414500179000,0.88661,0.88671,0.8865,0.8866,205670000,1
1414500180000,1414500239000,0.8866,0.88666,0.88637,0.88651,115010000,1
1414500240000,1414500299000,0.88651,0.8868,0.88646,0.88671,160910000,1
1414500300000,1414500359000,0.88671,0.88688,0.88647,0.88648,202970000,1
1414500360000,1414500419000,0.8865,0.88661,0.88645,0.88655,138840000,1
1414500420000,1414500479000,0.88653,0.88674,0.88635,0.88674,129210000,1
1414500480000,1414500539000,0.88678,0.88678,0.88652,0.88652,123990000,1
1414500540000,1414500599000,0.88652,0.88662,0.88622,0.88628,171060000,1
1414500600000,1414500659000,0.8863,0.88645,0.88618,0.88626,174530000,1
1414500660000,1414500719000,0.88628,0.88632,0.88626,0.8863,115350000,1
1414500720000,1414500779000,0.88632,0.88632,0.88625,0.88627,51380000,1
1414500780000,1414500839000,0.88629,0.8865,0.88627,0.88633,104020000,1
1414500840000,1414500899000,0.88633,0.88642,0.88615,0.88625,126510000,1
1414500900000,1414500959000,0.88624,0.88633,0.88613,0.88615,91900000,1
1414500960000,1414501019000,0.88615,0.88625,0.88613,0.88621,65270000,1
1414501020000,1414501079000,0.88622,0.88631,0.88622,0.88631,70890000,1
1414501080000,1414501139000,0.88631,0.88641,0.8862,0.8862,85950000,1
1414501140000,1414501199000,0.8862,0.88628,0.88602,0.88628,140810000,1
1414501200000,1414501259000,0.88628,0.88656,0.88626,0.88653,150350000,1
1414501260000,1414501319000,0.88652,0.88701,0.88642,0.88671,155470000,1
1414501320000,1414501379000,0.88671,0.8869,0.88662,0.8869,140390000,1
1414501380000,1414501439000,0.88691,0.88712,0.8869,0.88711,142700000,1
1414501440000,1414501499000,0.88711,0.88745,0.8868,0.88733,179850000,1
1414501500000,1414501559000,0.88732,0.88769,0.88732,0.88762,189420000,1
1414501560000,1414501619000,0.88763,0.88802,0.88762,0.88762,226470000,1
1414501620000,1414501679000,0.88764,0.88789,0.88742,0.88751,178080000,1
1414501680000,1414501739000,0.88751,0.88752,0.88736,0.8874,73850000,1
1414501740000,1414501799000,0.88738,0.8874,0.88731,0.88738,118050000,1
1414501800000,1414501859000,0.88739,0.88754,0.88732,0.88732,169940000,1
1414501860000,1414501919000,0.88732,0.8874,0.88722,0.88727,144060000,1
1414501920000,1414501979000,0.88726,0.88726,0.88707,0.88708,144720000,1
1414501980000,1414502039000,0.88708,0.8871,0.88702,0.88707,105400000,1
1414502040000,1414502099000,0.88706,0.88712,0.88695,0.88708,122200000,1
1414502100000,1414502159000,0.88709,0.88741,0.88709,0.88731,132940000,1
1414502160000,1414502219000,0.88731,0.88738,0.88712,0.88729,106400000,1
1414502220000,1414502279000,0.88729,0.88737,0.88705,0.88706,77950000,1
1414502280000,1414502339000,0.88706,0.88708,0.88702,0.88706,100490000,1
1414502340000,1414502399000,0.88705,0.88715,0.88685,0.88686,158920000,1
1414502400000,1414502459000,0.88684,0.88689,0.88681,0.88688,115670000,1
1414502460000,1414502519000,0.88685,0.88701,0.88682,0.88697,113440000,1
1414502520000,1414502579000,0.88698,0.88707,0.88689,0.88701,72230000,1
1414502580000,1414502639000,0.88701,0.88701,0.88675,0.88691,75710000,1
1414502640000,1414502699000,0.88691,0.88691,0.88665,0.88669,64500000,1
1414502700000,1414502759000,0.88668,0.88668,0.88632,0.88638,119090000,1
1414502760000,1414502819000,0.88638,0.88639,0.8863,0.88634,68770000,1
1414502820000,1414502879000,0.88635,0.88635,0.88593,0.88602,115710000,1
1414502880000,1414502939000,0.88601,0.88631,0.88596,0.88631,144110000,1
1414502940000,1414502999000,0.88629,0.88666,0.88629,0.88665,116440000,1
1414503000000,1414503059000,0.88665,0.88669,0.88654,0.88665,72290000,1
1414503060000,1414503119000,0.88665,0.88667,0.88642,0.88642,84750000,1
1414503120000,1414503179000,0.88637,0.88643,0.88621,0.88631,92930000,1
1414503180000,1414503239000,0.88631,0.88641,0.88615,0.88623,86080000,1
1414503240000,1414503299000,0.88623,0.88633,0.88602,0.88602,53020000,1
1414503300000,1414503359000,0.88602,0.88603,0.88563,0.88568,103580000,1
1414503360000,1414503419000,0.88572,0.8858,0.88568,0.88569,96300000,1
1414503420000,1414503479000,0.88573,0.88573,0.88519,0.88527,126960000,1
1414503480000,1414503539000,0.88527,0.88561,0.88527,0.8856,75310000,1
1414503540000,1414503599000,0.88562,0.88571,0.88552,0.88562,108950000,1
1414503600000,1414503659000,0.88562,0.8857,0.88541,0.88541,60210000,1
1414503660000,1414503719000,0.88541,0.88579,0.8854,0.88579,136640000,1
1414503720000,1414503779000,0.88579,0.8858,0.88545,0.88549,84010000,1
1414503780000,1414503839000,0.88548,0.8857,0.88548,0.8855,84990000,1
1414503840000,1414503899000,0.8855,0.88563,0.88542,0.8856,102680000,1
1414503900000,1414503959000,0.8856,0.88571,0.8856,0.88566,104020000,1
1414503960000,1414504019000,0.88565,0.8857,0.88552,0.88552,72450000,1
1414504020000,1414504079000,0.88553,0.88569,0.88551,0.88569,52580000,1
1414504080000,1414504139000,0.8857,0.88577,0.88567,0.88573,59420000,1
1414504140000,1414504199000,0.88573,0.88581,0.88572,0.88572,77480000,1
1414504200000,1414504259000,0.88571,0.88578,0.88556,0.88574,77640000,1
1414504260000,1414504319000,0.88574,0.88588,0.88571,0.88583,109050000,1
1414504320000,1414504379000,0.88583,0.88587,0.88562,0.88562,86310000,1
1414504380000,1414504439000,0.88562,0.88575,0.88554,0.88561,63150000,1
1414504440000,1414504499000,0.88562,0.88581,0.88561,0.88581,96620000,1
1414504500000,1414504559000,0.88583,0.88584,0.88571,0.88571,42020000,1
1414504560000,1414504619000,0.8857,0.8857,0.88563,0.88563,5000000,1
1414504620000,1414504679000,0.88564,0.88565,0.88552,0.88559,62030000,1
1414504680000,1414504739000,0.8856,0.88562,0.88559,0.88559,23230000,1
1414504740000,1414504799000,0.88559,0.88565,0.88541,0.88543,176520000,1
1414504800000,1414504859000,0.88542,0.88543,0.8846,0.8846,387740000,1
1414504860000,1414504919000,0.88462,0.88488,0.88461,0.88471,176880000,1
1414504920000,1414504979000,0.88472,0.88479,0.88431,0.88435,148630000,1
1414504980000,1414505039000,0.88435,0.88495,0.88435,0.88477,125570000,1
1414505040000,1414505099000,0.88479,0.88499,0.88472,0.8848,124380000,1
1414505100000,1414505159000,0.8848,0.88492,0.88461,0.88482,142600000,1
1414505160000,1414505219000,0.88482,0.8851,0.88482,0.88503,109320000,1
1414505220000,1414505279000,0.88503,0.8851,0.88498,0.88503,78940000,1
1414505280000,1414505339000,0.88503,0.88523,0.88502,0.88515,107470000,1
1414505340000,1414505399000,0.88517,0.8852,0.88502,0.88511,52950000,1
1414505400000,1414505459000,0.88511,0.88511,0.88482,0.88483,43330000,1
1414505460000,1414505519000,0.88482,0.88492,0.88469,0.88475,50140000,1
1414505520000,1414505579000,0.88475,0.88485,0.88466,0.88481,82160000,1
1414505580000,1414505639000,0.88481,0.88503,0.88481,0.88495,92030000,1
1414505640000,1414505699000,0.88493,0.88515,0.88492,0.88513,66360000,1
1414505700000,1414505759000,0.88513,0.88513,0.88472,0.88472,74950000,1
1414505760000,1414505819000,0.88472,0.88499,0.88472,0.88484,68260000,1
1414505820000,1414505879000,0.88484,0.8851,0.88479,0.8851,56750000,1
1414505880000,1414505939000,0.88508,0.88516,0.88508,0.88511,37270000,1
1414505940000,1414505999000,0.88511,0.8853,0.88511,0.88523,51130000,1
1414506000000,1414506059000,0.88523,0.88535,0.88522,0.88535,81990000,1
1414506060000,1414506119000,0.88534,0.88561,0.8853,0.8853,102680000,1
1414506120000,1414506179000,0.8853,0.88538,0.8853,0.88534,93050000,1
1414506180000,1414506239000,0.88534,0.88552,0.88534,0.88542,135370000,1
1414506240000,1414506299000,0.88542,0.88549,0.88541,0.88541,56730000,1
1414506300000,1414506359000,0.88541,0.88546,0.88522,0.88526,49670000,1
1414506360000,1414506419000,0.88526,0.88526,0.88506,0.88513,72690000,1
1414506420000,1414506479000,0.88512,0.88515,0.88509,0.8851,25930000,1
1414506480000,1414506539000,0.8851,0.8854,0.88509,0.88538,101840000,1
1414506540000,1414506599000,0.88538,0.88542,0.8853,0.88542,89770000,1
1414506600000,1414506659000,0.88541,0.88571,0.88541,0.88569,107760000,1
1414506660000,1414506719000,0.88568,0.8858,0.88568,0.8858,94770000,1
1414506720000,1414506779000,0.8858,0.88588,0.88561,0.88561,54390000,1
1414506780000,1414506839000,0.88561,0.88561,0.88541,0.88543,33940000,1
1414506840000,1414506899000,0.88543,0.88554,0.88543,0.88554,29510000,1
1414506900000,1414506959000,0.88554,0.88561,0.88554,0.88561,49770000,1
1414506960000,1414507019000,0.88561,0.88562,0.88554,0.88555,46120000,1
1414507020000,1414507079000,0.88555,0.88555,0.88522,0.88523,69780000,1
1414507080000,1414507139000,0.88523,0.88527,0.88492,0.88501,95860000,1
1414507140000,1414507199000,0.88501,0.88501,0.88453,0.88453,89190000,1
1414507200000,1414507259000,0.88453,0.88453,0.88423,0.88427,127510000,1
1414507260000,1414507319000,0.8843,0.88462,0.8843,0.88454,148010000,1
1414507320000,1414507379000,0.88456,0.88461,0.88452,0.88456,71990000,1
1414507380000,1414507439000,0.8846,0.8847,0.88455,0.8847,58840000,1
1414507440000,1414507499000,0.8847,0.8848,0.88462,0.88463,102480000,1
1414507500000,1414507559000,0.88462,0.88472,0.88462,0.88464,51380000,1
1414507560000,1414507619000,0.88464,0.88467,0.88457,0.88458,29480000,1
1414507620000,1414507679000,0.88457,0.88466,0.88452,0.88452,81280000,1
1414507680000,1414507739000,0.88452,0.88455,0.88444,0.88446,46960000,1
1414507740000,1414507799000,0.88446,0.88452,0.88439,0.88444,99190000,1
1414507800000,1414507859000,0.88444,0.88485,0.88434,0.88485,99630000,1
1414507860000,1414507919000,0.88483,0.8849,0.8846,0.8846,49900000,1
1414507920000,1414507979000,0.88461,0.88472,0.88457,0.8847,80730000,1
1414507980000,1414508039000,0.88471,0.88471,0.8846,0.88461,11000000,1
1414508040000,1414508099000,0.88461,0.88474,0.88461,0.88472,15940000,1
1414508100000,1414508159000,0.8847,0.88482,0.8847,0.88482,42620000,1
1414508160000,1414508219000,0.88481,0.8849,0.88473,0.88475,41330000,1
1414508220000,1414508279000,0.88474,0.88477,0.88474,0.88474,29000000,1
1414508280000,1414508339000,0.88474,0.88474,0.88465,0.88467,85490000,1
1414508340000,1414508399000,0.88462,0.88491,0.88462,0.8849,71060000,1
1414508400000,1414508459000,0.8849,0.8851,0.88478,0.88485,174280000,1
1414508460000,1414508519000,0.88484,0.88484,0.88483,0.88483,32000000,1
1414508520000,1414508579000,0.88483,0.88492,0.88483,0.8849,49320000,1
1414508580000,1414508639000,0.8849,0.88501,0.88484,0.88498,83960000,1
1414508640000,1414508699000,0.88501,0.88501,0.88484,0.88501,78000000,1
1414508700000,1414508759000,0.885,0.88505,0.88497,0.88505,16050000,1
1414508760000,1414508819000,0.88505,0.8852,0.88505,0.88513,87300000,1
1414508820000,1414508879000,0.88511,0.88525,0.88503,0.88523,44390000,1
1414508880000,1414508939000,0.88523,0.88524,0.88513,0.88513,19710000,1
1414508940000,1414508999000,0.88513,0.88514,0.88511,0.88511,14620000,1
1414509000000,1414509059000,0.88512,0.88512,0.88505,0.88508,39720000,1
1414509060000,1414509119000,0.8851,0.88522,0.8851,0.88522,40170000,1
1414509120000,1414509179000,0.88521,0.88522,0.88502,0.88507,41200000,1
1414509180000,1414509239000,0.88507,0.88513,0.88498,0.88501,43350000,1
1414509240000,1414509299000,0.88501,0.88511,0.88501,0.88508,14970000,1
1414509300000,1414509359000,0.88508,0.88509,0.88503,0.88503,44990000,1
1414509360000,1414509419000,0.88502,0.88502,0.88492,0.88498,66310000,1
1414509420000,1414509479000,0.88498,0.88506,0.88482,0.88506,44000000,1
1414509480000,1414509539000,0.88506,0.88508,0.88502,0.88504,55990000,1
1414509540000,1414509599000,0.88502,0.88508,0.88502,0.88507,67880000,1
1414509600000,1414509659000,0.88509,0.88509,0.88507,0.88507,50850000,1
1414509660000,1414509719000,0.88507,0.88509,0.88503,0.88509,116600000,1
1414509720000,1414509779000,0.88507,0.88508,0.88502,0.88508,56310000,1
1414509780000,1414509839000,0.88508,0.88508,0.88479,0.88481,67250000,1
1414509840000,1414509899000,0.88481,0.88489,0.88481,0.88488,60980000,1
1414509900000,1414509959000,0.88488,0.88492,0.8848,0.8848,68420000,1
1414509960000,1414510019000,0.88481,0.8849,0.88481,0.8849,59110000,1
1414510020000,1414510079000,0.8849,0.88501,0.88488,0.88498,49750000,1
1414510080000,1414510139000,0.88498,0.88499,0.8849,0.88494,62090000,1
1414510140000,1414510199000,0.88492,0.88493,0.88472,0.88477,82060000,1
1414510200000,1414510259000,0.88481,0.88482,0.88478,0.8848,56600000,1
1414510260000,1414510319000,0.8848,0.88482,0.88478,0.88479,58680000,1
1414510320000,1414510379000,0.88479,0.88492,0.88479,0.8849,45870000,1
1414510380000,1414510439000,0.8849,0.88497,0.8849,0.88495,30510000,1
1414510440000,1414510499000,0.88495,0.88505,0.88495,0.88503,25730000,1
1414510500000,1414510559000,0.88503,0.88505,0.88502,0.88505,16220000,1
1414510560000,1414510619000,0.88504,0.88504,0.88494,0.88494,16950000,1
1414510620000,1414510679000,0.88494,0.88497,0.88492,0.88494,37500000,1
1414510680000,1414510739000,0.88494,0.88494,0.88493,0.88493,10190000,1
1414510740000,1414510799000,0.88494,0.88507,0.88494,0.885,76160000,1
1414510800000,1414510859000,0.88498,0.88501,0.88495,0.88495,66960000,1
1414510860000,1414510919000,0.88495,0.88502,0.88492,0.88498,69220000,1
1414510920000,1414510979000,0.88498,0.88509,0.88496,0.88509,70340000,1
1414510980000,1414511039000,0.88509,0.88512,0.88509,0.88509,28890000,1
1414511040000,1414511099000,0.88511,0.88518,0.88507,0.88518,42140000,1
1414511100000,1414511159000,0.88518,0.88522,0.88518,0.88522,38840000,1
1414511160000,1414511219000,0.88521,0.88521,0.8852,0.88521,9610000,1
1414511220000,1414511279000,0.8852,0.8852,0.88517,0.88517,34530000,1
1414511280000,1414511339000,0.88517,0.8853,0.88517,0.88529,68130000,1
1414511340000,1414511399000,0.88529,0.88531,0.88527,0.88531,38950000,1
1414511400000,1414511459000,0.8853,0.88541,0.88529,0.88541,49340000,1
1414511460000,1414511519000,0.88539,0.88539,0.88537,0.88537,24980000,1
1414511520000,1414511579000,0.88537,0.88539,0.88537,0.88539,48230000,1
1414511580000,1414511639000,0.88539,0.88548,0.88535,0.88541,59020000,1
1414511640000,1414511699000,0.88539,0.88539,0.88516,0.88516,47220000,1
1414511700000,1414511759000,0.88516,0.88517,0.88502,0.88508,59750000,1
1414511760000,1414511819000,0.88508,0.8851,0.88508,0.88508,40430000,1
1414511820000,1414511879000,0.88508,0.88508,0.88497,0.88497,19390000,1
1414511880000,1414511939000,0.88497,0.88498,0.88489,0.88492,45220000,1
1414511940000,1414511999000,0.88492,0.88492,0.88463,0.88467,124700000,1
1414512000000,1414512059000,0.88466,0.88469,0.88454,0.8846,98870000,1
1414512060000,1414512119000,0.8846,0.88461,0.8845,0.8846,61390000,1
1414512120000,1414512179000,0.88461,0.8848,0.88461,0.88479,51240000,1
1414512180000,1414512239000,0.8848,0.88488,0.88475,0.88486,58470000,1
1414512240000,1414512299000,0.88486,0.88515,0.88481,0.88511,80220000,1
1414512300000,1414512359000,0.88512,0.88527,0.88511,0.88525,51200000,1
1414512360000,1414512419000,0.88525,0.88532,0.88525,0.88532,24680000,1
1414512420000,1414512479000,0.8853,0.88532,0.88525,0.88525,12040000,1
1414512480000,1414512539000,0.88523,0.88527,0.88519,0.88522,28390000,1
1414512540000,1414512599000,0.88521,0.88534,0.88514,0.88533,42410000,1
1414512600000,1414512659000,0.88533,0.88543,0.88526,0.88543,40670000,1
1414512660000,1414512719000,0.88543,0.88544,0.8854,0.88543,25440000,1
1414512720000,1414512779000,0.88543,0.88549,0.88526,0.88529,35380000,1
1414512780000,1414512839000,0.88527,0.88527,0.88507,0.88508,33880000,1
1414512840000,1414512899000,0.88508,0.8853,0.88508,0.88527,48860000,1
1414512900000,1414512959000,0.88527,0.8853,0.88524,0.88524,58860000,1
1414512960000,1414513019000,0.88523,0.88526,0.88523,0.88524,19370000,1
1414513020000,1414513079000,0.88525,0.88532,0.88525,0.88531,13160000,1
1414513080000,1414513139000,0.88533,0.88533,0.88523,0.88523,12690000,1
1414513140000,1414513199000,0.88523,0.88527,0.88522,0.88524,26990000,1
1414513200000,1414513259000,0.88524,0.88529,0.88522,0.88529,24720000,1
1414513260000,1414513319000,0.8853,0.88531,0.88522,0.88522,59830000,1
1414513320000,1414513379000,0.88522,0.88523,0.88521,0.88521,8600000,1
1414513380000,1414513439000,0.88521,0.88521,0.8851,0.8851,13000000,1
1414513440000,1414513499000,0.88509,0.88509,0.88507,0.88508,20080000,1
1414513500000,1414513559000,0.88508,0.88521,0.88508,0.88521,30210000,1
1414513560000,1414513619000,0.88521,0.88521,0.88519,0.8852,4990000,1
1414513620000,1414513679000,0.8852,0.88521,0.88517,0.88519,31520000,1
1414513680000,1414513739000,0.88518,0.88522,0.8851,0.88512,76930000,1
1414513740000,1414513799000,0.88511,0.88511,0.8851,0.8851,26590000,1
1414513800000,1414513859000,0.8851,0.88515,0.8851,0.8851,34730000,1
1414513860000,1414513919000,0.88509,0.88521,0.88509,0.88521,67140000,1
1414513920000,1414513979000,0.88521,0.88525,0.88519,0.88524,22490000,1
1414513980000,1414514039000,0.88525,0.88526,0.88523,0.88523,16000000,1
1414514040000,1414514099000,0.88523,0.8853,0.88523,0.88527,32300000,1
1414514100000,1414514159000,0.88527,0.88543,0.88527,0.88543,26180000,1
1414514160000,1414514219000,0.88543,0.88543,0.88533,0.88534,23790000,1
1414514220000,1414514279000,0.88533,0.88536,0.88532,0.88536,18420000,1
1414514280000,1414514339000,0.88538,0.8854,0.88532,0.88532,22860000,1
1414514340000,1414514399000,0.88532,0.88534,0.88532,0.88532,28000000,1
1414514400000,1414514459000,0.88532,0.88532,0.88525,0.88525,15550000,1
1414514460000,1414514519000,0.88525,0.88526,0.88511,0.88511,31720000,1
1414514520000,1414514579000,0.88511,0.88519,0.88511,0.88514,34380000,1
1414514580000,1414514639000,0.88515,0.88517,0.88512,0.88512,18810000,1
1414514640000,1414514699000,0.88512,0.88516,0.88512,0.88515,26190000,1
1414514700000,1414514759000,0.88514,0.88514,0.88512,0.88512,3250000,1
1414514760000,1414514819000,0.88512,0.88512,0.88504,0.88504,13370000,1
1414514820000,1414514879000,0.88504,0.88504,0.88495,0.88499,33370000,1
1414514880000,1414514939000,0.88499,0.88499,0.88479,0.88488,72590000,1
1414514940000,1414514999000,0.88488,0.8849,0.88488,0.8849,11390000,1
1414515000000,1414515059000,0.88489,0.88492,0.88488,0.88492,16510000,1
1414515060000,1414515119000,0.88492,0.88502,0.88492,0.88502,4470000,1
1414515120000,1414515179000,0.88502,0.88519,0.88502,0.88512,42400000,1
1414515180000,1414515239000,0.88513,0.88513,0.88507,0.88507,22910000,1
1414515240000,1414515299000,0.88507,0.88509,0.88507,0.88508,42280000,1
1414515300000,1414515359000,0.88508,0.88509,0.88505,0.88505,36360000,1
1414515360000,1414515419000,0.88503,0.88521,0.88503,0.8852,41410000,1
1414515420000,1414515479000,0.8852,0.88533,0.88519,0.88533,30890000,1
1414515480000,1414515539000,0.88533,0.88533,0.88512,0.88522,51760000,1
1414515540000,1414515599000,0.88525,0.88532,0.88525,0.8853,49670000,1
1414515600000,1414515659000,0.8853,0.8853,0.88513,0.88516,47510000,1
1414515660000,1414515719000,0.88517,0.88519,0.88512,0.88514,42810000,1
1414515720000,1414515779000,0.88514,0.88517,0.88513,0.88514,22500000,1
1414515780000,1414515839000,0.88514,0.88514,0.88502,0.88508,23390000,1
1414515840000,1414515899000,0.88508,0.88509,0.88501,0.88502,39060000,1
1414515900000,1414515959000,0.88502,0.88502,0.88497,0.885,24000000,1
1414515960000,1414516019000,0.885,0.885,0.88491,0.88493,28690000,1
1414516020000,1414516079000,0.88493,0.88493,0.88492,0.88493,4500000,1
1414516080000,1414516139000,0.88492,0.88506,0.88492,0.88502,41950000,1
1414516140000,1414516199000,0.88502,0.88508,0.88502,0.88508,45430000,1
1414516200000,1414516259000,0.88508,0.88508,0.88506,0.88507,17010000,1
1414516260000,1414516319000,0.8851,0.88531,0.8851,0.88531,33250000,1
1414516320000,1414516379000,0.8853,0.88534,0.8853,0.88532,10000000,1
1414516380000,1414516439000,0.88533,0.88541,0.88531,0.88531,46030000,1
1414516440000,1414516499000,0.88531,0.88535,0.88526,0.8853,23190000,1
1414516500000,1414516559000,0.88532,0.88532,0.88531,0.88532,4500000,1
1414516560000,1414516619000,0.88532,0.88536,0.88531,0.88533,10770000,1
1414516620000,1414516679000,0.88534,0.88551,0.88534,0.88548,68950000,1
1414516680000,1414516739000,0.88547,0.88547,0.88532,0.88532,37580000,1
1414516740000,1414516799000,0.88532,0.88533,0.88532,0.88533,5000000,1
1414516800000,1414516859000,0.88532,0.88532,0.8853,0.8853,11000000,1
1414516860000,1414516919000,0.88529,0.8853,0.88527,0.88527,10690000,1
1414516920000,1414516979000,0.88527,0.88529,0.88527,0.88528,23420000,1
1414516980000,1414517039000,0.88528,0.8853,0.88527,0.88527,24290000,1
1414517040000,1414517099000,0.88528,0.88531,0.88527,0.88529,22040000,1
1414517100000,1414517159000,0.88529,0.88534,0.88527,0.88528,55980000,1
1414517160000,1414517219000,0.88528,0.88533,0.88527,0.88531,30770000,1
1414517220000,1414517279000,0.88531,0.88535,0.88531,0.88535,12600000,1
1414517280000,1414517339000,0.88536,0.88542,0.88536,0.8854,11000000,1
1414517340000,1414517399000,0.8854,0.88545,0.8854,0.88544,8970000,1
1414517400000,1414517459000,0.88544,0.88548,0.88543,0.88544,53160000,1
1414517460000,1414517519000,0.88544,0.88547,0.8854,0.8854,41460000,1
1414517520000,1414517579000,0.8854,0.88541,0.8854,0.8854,10270000,1
1414517580000,1414517639000,0.88541,0.88541,0.8854,0.8854,2500000,1
1414517640000,1414517699000,0.88541,0.88548,0.8854,0.88548,9190000,1
1414517700000,1414517759000,0.88545,0.8856,0.88542,0.88552,63010000,1
1414517760000,1414517819000,0.88552,0.8856,0.8855,0.88557,20310000,1
1414517820000,1414517879000,0.88555,0.88558,0.88554,0.88558,26410000,1
1414517880000,1414517939000,0.88557,0.88557,0.88552,0.88552,29090000,1
1414517940000,1414517999000,0.88552,0.88552,0.88552,0.88552,18760000,1
1414518000000,1414518059000,0.88552,0.88592,0.88552,0.88592,69520000,1
1414518060000,1414518119000,0.88592,0.88599,0.88582,0.88592,89720000,1
1414518120000,1414518179000,0.88593,0.88597,0.88588,0.88595,71860000,1
1414518180000,1414518239000,0.88595,0.88599,0.88592,0.88597,38140000,1
1414518240000,1414518299000,0.88596,0.88598,0.88589,0.88589,19660000,1
1414518300000,1414518359000,0.88588,0.88591,0.88588,0.88589,17310000,1
1414518360000,1414518419000,0.88589,0.88589,0.88579,0.88581,33320000,1
1414518420000,1414518479000,0.88582,0.88592,0.88582,0.88592,15670000,1
1414518480000,1414518539000,0.88592,0.88596,0.88592,0.88594,8000000,1
1414518540000,1414518599000,0.88594,0.88611,0.88591,0.88609,38700000,1
1414518600000,1414518659000,0.88609,0.88609,0.88604,0.88606,29720000,1
1414518660000,1414518719000,0.88606,0.88612,0.88606,0.88608,23750000,1
1414518720000,1414518779000,0.88608,0.88609,0.88603,0.88604,35580000,1
1414518780000,1414518839000,0.88604,0.88604,0.88602,0.88603,10500000,1
1414518840000,1414518899000,0.88604,0.88608,0.88599,0.88608,35950000,1
1414518900000,1414518959000,0.88608,0.88608,0.886,0.88602,32950000,1
1414518960000,1414519019000,0.88602,0.88607,0.8859,0.88602,60610000,1
1414519020000,1414519079000,0.88602,0.88602,0.88586,0.88594,33720000,1
1414519080000,1414519139000,0.88592,0.886,0.88592,0.886,40690000,1
1414519140000,1414519199000,0.88599,0.88602,0.88577,0.88577,56910000,1
1414519200000,1414519259000,0.88575,0.88591,0.88575,0.88587,33260000,1
1414519260000,1414519319000,0.88585,0.88593,0.8858,0.88592,34840000,1
1414519320000,1414519379000,0.88592,0.88592,0.88579,0.88583,29590000,1
1414519380000,1414519439000,0.88583,0.88583,0.88569,0.88569,36430000,1
1414519440000,1414519499000,0.88569,0.8858,0.88569,0.8858,42820000,1
1414519500000,1414519559000,0.8858,0.88581,0.8858,0.8858,10500000,1
1414519560000,1414519619000,0.88579,0.88583,0.88579,0.88581,12240000,1
1414519620000,1414519679000,0.88581,0.88581,0.88579,0.88579,17550000,1
1414519680000,1414519739000,0.88579,0.88588,0.88579,0.88587,26580000,1
1414519740000,1414519799000,0.88586,0.8859,0.88582,0.88588,33470000,1
1414519800000,1414519859000,0.88589,0.88591,0.88588,0.88591,7890000,1
1414519860000,1414519919000,0.8859,0.88592,0.88572,0.88572,65360000,1
1414519920000,1414519979000,0.88572,0.88581,0.8857,0.88575,56650000,1
1414519980000,1414520039000,0.88575,0.8858,0.88539,0.88551,92080000,1
1414520040000,1414520099000,0.88553,0.8859,0.88553,0.8859,47920000,1
1414520100000,1414520159000,0.88588,0.88592,0.88587,0.88588,62260000,1
1414520160000,1414520219000,0.88587,0.88591,0.88585,0.8859,18220000,1
1414520220000,1414520279000,0.88591,0.88591,0.88585,0.88591,14500000,1
1414520280000,1414520339000,0.8859,0.88592,0.88589,0.88592,12640000,1
1414520340000,1414520399000,0.88593,0.88624,0.88593,0.88624,33540000,1
1414520400000,1414520459000,0.88624,0.88633,0.88624,0.88628,65050000,1
1414520460000,1414520519000,0.88628,0.88632,0.88624,0.88632,55450000,1
1414520520000,1414520579000,0.88631,0.88631,0.88623,0.88627,20590000,1
1414520580000,1414520639000,0.88626,0.88626,0.88622,0.88623,17750000,1
1414520640000,1414520699000,0.88623,0.88631,0.88623,0.88631,28670000,1
1414520700000,1414520759000,0.88628,0.88628,0.88599,0.88602,42600000,1
1414520760000,1414520819000,0.886,0.88613,0.88597,0.88611,42490000,1
1414520820000,1414520879000,0.88611,0.88614,0.88611,0.88613,9940000,1
1414520880000,1414520939000,0.88613,0.88615,0.88606,0.88612,19640000,1
1414520940000,1414520999000,0.88612,0.88613,0.88609,0.88609,31880000,1
1414521000000,1414521059000,0.8861,0.8861,0.88609,0.88609,8530000,1
1414521060000,1414521119000,0.88611,0.88615,0.88602,0.88603,66350000,1
1414521120000,1414521179000,0.88603,0.88613,0.88603,0.88605,39200000,1
1414521180000,1414521239000,0.88605,0.88611,0.88605,0.88605,38630000,1
1414521240000,1414521299000,0.88605,0.88605,0.88591,0.88591,45000000,1
1414521300000,1414521359000,0.88592,0.88594,0.88592,0.88592,16000000,1
1414521360000,1414521419000,0.88592,0.88598,0.88592,0.88595,43200000,1
1414521420000,1414521479000,0.88595,0.88595,0.88584,0.8859,37130000,1
1414521480000,1414521539000,0.88589,0.88592,0.88582,0.88583,16440000,1
1414521540000,1414521599000,0.88582,0.88585,0.88582,0.88583,7070000,1
1414521600000,1414521659000,0.88584,0.88584,0.88583,0.88583,4250000,1
1414521660000,1414521719000,0.88582,0.88582,0.88569,0.88569,16700000,1
1414521720000,1414521779000,0.8857,0.88584,0.88564,0.88582,37820000,1
1414521780000,1414521839000,0.88581,0.88581,0.88579,0.88579,7750000,1
1414521840000,1414521899000,0.8858,0.8858,0.88572,0.88572,13680000,1
1414521900000,1414521959000,0.88572,0.88572,0.88565,0.88568,27480000,1
1414521960000,1414522019000,0.88569,0.88569,0.88567,0.88568,30180000,1
1414522020000,1414522079000,0.88568,0.88568,0.88564,0.88564,17900000,1
1414522080000,1414522139000,0.88564,0.88564,0.8856,0.8856,13000000,1
1414522140000,1414522199000,0.8856,0.8856,0.88559,0.88559,17450000,1
1414522200000,1414522259000,0.88559,0.8856,0.88555,0.88555,44680000,1
1414522260000,1414522319000,0.88555,0.88555,0.88552,0.88554,19770000,1
1414522320000,1414522379000,0.88554,0.88555,0.88554,0.88555,2000000,1
1414522380000,1414522439000,0.88552,0.88552,0.88552,0.88552,1000000,1
1414522440000,1414522499000,0.88552,0.88552,0.88552,0.88552,6000000,1
1414522500000,1414522559000,0.88552,0.88553,0.88551,0.88551,17000000,1
1414522560000,1414522619000,0.88551,0.88551,0.88542,0.88544,28830000,1
1414522620000,1414522679000,0.88545,0.88546,0.88541,0.88543,12000000,1
1414522680000,1414522739000,0.88542,0.88545,0.88539,0.88542,33090000,1
1414522740000,1414522799000,0.88543,0.88563,0.88542,0.88563,40910000,1
1414522800000,1414522859000,0.88562,0.88562,0.88554,0.88555,13500000,1
1414522860000,1414522919000,0.88555,0.88555,0.88545,0.88551,18460000,1
1414522920000,1414522979000,0.88552,0.88554,0.88552,0.88552,12770000,1
1414522980000,1414523039000,0.88551,0.88551,0.88551,0.88551,14100000,1
1414523040000,1414523099000,0.88551,0.88556,0.88551,0.88551,20090000,1
1414523100000,1414523159000,0.88551,0.88551,0.88551,0.88551,5500000,1
1414523160000,1414523219000,0.88549,0.88552,0.88546,0.8855,35670000,1
1414523220000,1414523279000,0.88551,0.88554,0.8855,0.88554,38490000,1
1414523280000,1414523339000,0.88553,0.88558,0.88552,0.88553,36460000,1
1414523340000,1414523399000,0.88553,0.88554,0.88549,0.88553,22000000,1
1414523400000,1414523459000,0.88552,0.88554,0.88546,0.88547,64280000,1
1414523460000,1414523519000,0.88548,0.88554,0.88547,0.88554,33180000,1
1414523520000,1414523579000,0.88555,0.88557,0.88552,0.88552,54840000,1
1414523580000,1414523639000,0.88552,0.88564,0.88552,0.88563,31430000,1
1414523640000,1414523699000,0.88561,0.88561,0.88557,0.88557,14000000,1
1414523700000,1414523759000,0.88556,0.8856,0.88554,0.88557,22220000,1
1414523760000,1414523819000,0.88557,0.88565,0.88557,0.88563,14190000,1
1414523820000,1414523879000,0.88563,0.8858,0.88563,0.88579,23700000,1
1414523880000,1414523939000,0.88582,0.88584,0.88581,0.88583,52750000,1
1414523940000,1414523999000,0.88585,0.88586,0.88582,0.88582,32500000,1
1414524000000,1414524059000,0.88581,0.88603,0.88581,0.88599,56630000,1
1414524060000,1414524119000,0.88599,0.88599,0.88595,0.88599,13500000,1
1414524120000,1414524179000,0.88597,0.88597,0.88593,0.88593,8000000,1
1414524180000,1414524239000,0.88595,0.88598,0.88594,0.88596,18690000,1
1414524240000,1414524299000,0.88596,0.88603,0.88593,0.88603,36550000,1
1414524300000,1414524359000,0.88603,0.88605,0.886,0.886,30250000,1
1414524360000,1414524419000,0.886,0.886,0.88596,0.88598,18940000,1
1414524420000,1414524479000,0.886,0.88602,0.886,0.88602,8500000,1
1414524480000,1414524539000,0.88602,0.88602,0.88595,0.88595,41590000,1
1414524540000,1414524599000,0.88596,0.88596,0.88591,0.88595,31620000,1
1414524600000,1414524659000,0.88591,0.88598,0.88591,0.88596,52000000,1
1414524660000,1414524719000,0.88596,0.88603,0.88594,0.88599,40430000,1
1414524720000,1414524779000,0.88597,0.88604,0.88593,0.88604,65170000,1
1414524780000,1414524839000,0.88602,0.88603,0.88602,0.88603,11500000,1
1414524840000,1414524899000,0.88603,0.88603,0.886,0.886,9500000,1
1414524900000,1414524959000,0.886,0.886,0.88599,0.886,10000000,1
1414524960000,1414525019000,0.88598,0.886,0.88597,0.886,25870000,1
1414525020000,1414525079000,0.886,0.88601,0.88597,0.88599,41710000,1
1414525080000,1414525139000,0.886,0.88612,0.88597,0.88604,67670000,1
1414525140000,1414525199000,0.88602,0.8863,0.88602,0.88625,58510000,1
1414525200000,1414525259000,0.88623,0.88633,0.88623,0.88631,33340000,1
1414525260000,1414525319000,0.88629,0.88631,0.88619,0.88621,38210000,1
1414525320000,1414525379000,0.8862,0.88621,0.8862,0.88621,3000000,1
1414525380000,1414525439000,0.88619,0.88619,0.88612,0.88613,9600000,1
1414525440000,1414525499000,0.88613,0.88613,0.88613,0.88613,2500000,1
1414525500000,1414525559000,0.88613,0.88613,0.88605,0.88605,44990000,1
1414525560000,1414525619000,0.88605,0.88611,0.88605,0.88608,27250000,1
1414525620000,1414525679000,0.88607,0.88612,0.88607,0.8861,38280000,1
1414525680000,1414525739000,0.8861,0.8861,0.88601,0.88603,26170000,1
1414525800000,1414525859000,0.88604,0.8861,0.88604,0.88605,42370000,1
1414525860000,1414525919000,0.88605,0.8861,0.88605,0.88606,18870000,1
1414525920000,1414525979000,0.88607,0.88614,0.88599,0.88599,17160000,1
1414525980000,1414526039000,0.88601,0.88602,0.88597,0.886,31350000,1
1414526040000,1414526099000,0.886,0.88601,0.88597,0.886,19990000,1
1414526100000,1414526159000,0.88599,0.88603,0.88597,0.886,31500000,1
1414526160000,1414526219000,0.886,0.88602,0.88596,0.88599,20470000,1
1414526220000,1414526279000,0.88599,0.88599,0.88582,0.88582,33500000,1
1414526280000,1414526339000,0.88583,0.88586,0.88582,0.88584,18000000,1
1414526340000,1414526399000,0.88584,0.886,0.88583,0.886,43550000,1
1414526400000,1414526459000,0.886,0.88605,0.88599,0.88602,28590000,1
1414526460000,1414526519000,0.88602,0.88602,0.88596,0.88596,26000000,1
1414526520000,1414526579000,0.88596,0.88597,0.8859,0.88591,16500000,1
1414526580000,1414526639000,0.88592,0.88593,0.88592,0.88592,3000000,1
1414526640000,1414526699000,0.88591,0.88591,0.88591,0.88591,1500000,1
1414526700000,1414526759000,0.8859,0.88592,0.8859,0.88592,18240000,1
1414526760000,1414526819000,0.88592,0.88601,0.88591,0.88601,15540000,1
1414526820000,1414526879000,0.886,0.88601,0.886,0.886,3670000,1
1414526880000,1414526939000,0.88599,0.886,0.88599,0.886,2690000,1
1414526940000,1414526999000,0.88599,0.886,0.88596,0.88596,8240000,1
1414527000000,1414527059000,0.88599,0.88602,0.88598,0.88598,15850000,1
1414527060000,1414527119000,0.886,0.88603,0.88599,0.88603,19440000,1
1414527120000,1414527179000,0.88605,0.88605,0.886,0.88602,31130000,1
1414527180000,1414527239000,0.88602,0.88605,0.88601,0.88604,7250000,1
1414527240000,1414527299000,0.88604,0.88604,0.88602,0.88603,6500000,1
1414527300000,1414527359000,0.88603,0.88603,0.88597,0.88597,9140000,1
1414527360000,1414527419000,0.88598,0.88598,0.88592,0.88593,7000000,1
1414527420000,1414527479000,0.88594,0.88598,0.88594,0.88594,16810000,1
1414527480000,1414527539000,0.88595,0.88595,0.88594,0.88594,30910000,1
1414527540000,1414527599000,0.88592,0.88594,0.88592,0.88593,7740000,1
1414527600000,1414527659000,0.88593,0.88593,0.88592,0.88592,13000000,1
1414527660000,1414527719000,0.88592,0.88593,0.88586,0.88593,29730000,1
1414527720000,1414527779000,0.88593,0.88595,0.88592,0.88592,12100000,1
1414527780000,1414527839000,0.8859,0.88591,0.88587,0.88587,33000000,1
1414527840000,1414527899000,0.88587,0.88587,0.88582,0.88582,17500000,1
1414527900000,1414527959000,0.88582,0.88582,0.88572,0.88573,37500000,1
1414527960000,1414528019000,0.88578,0.88583,0.88578,0.88583,11500000,1
1414528020000,1414528079000,0.88581,0.88584,0.88581,0.88582,8500000,1
1414528080000,1414528139000,0.88582,0.88583,0.88582,0.88583,23000000,1
1414528140000,1414528199000,0.88583,0.88583,0.88577,0.88582,25290000,1
1414528200000,1414528259000,0.88582,0.88582,0.88573,0.8858,20730000,1
1414528260000,1414528319000,0.8858,0.88581,0.88579,0.88581,16000000,1
1414528320000,1414528379000,0.88581,0.88581,0.88581,0.88581,9000000,1
1414528380000,1414528439000,0.88581,0.88581,0.88575,0.8858,21560000,1
1414528440000,1414528499000,0.88581,0.88581,0.88572,0.8858,31280000,1
1414528500000,1414528559000,0.8858,0.8858,0.88571,0.88578,17890000,1
1414528560000,1414528619000,0.88578,0.88578,0.88575,0.88575,31000000,1
1414528620000,1414528679000,0.88575,0.88575,0.88566,0.88566,31140000,1
1414528680000,1414528739000,0.88574,0.88574,0.88566,0.88574,23900000,1
1414528740000,1414528799000,0.88573,0.88573,0.88568,0.88572,18000000,1
1414528800000,1414528859000,0.88571,0.88575,0.88571,0.88574,21000000,1
1414528860000,1414528919000,0.88573,0.88573,0.88573,0.88573,3500000,1
1414528920000,1414528979000,0.88572,0.88573,0.88572,0.88572,6000000,1
1414528980000,1414529039000,0.88572,0.88572,0.88563,0.88569,9480000,1
1414529040000,1414529099000,0.8857,0.88573,0.88567,0.8857,29500000,1
1414529100000,1414529159000,0.88571,0.88573,0.8857,0.88572,12500000,1
1414529160000,1414529219000,0.88572,0.88573,0.88567,0.88573,8000000,1
1414529220000,1414529279000,0.88572,0.88573,0.88569,0.88569,15870000,1
1414529280000,1414529339000,0.8857,0.8857,0.88567,0.88567,10620000,1
1414529340000,1414529399000,0.88568,0.88568,0.88567,0.88567,13000000,1
1414529400000,1414529459000,0.8857,0.8857,0.88565,0.88565,20000000,1
1414529460000,1414529519000,0.88565,0.88566,0.88565,0.88566,24500000,1
1414529520000,1414529579000,0.88566,0.88566,0.88564,0.88565,15500000,1
1414529580000,1414529639000,0.88565,0.88565,0.8856,0.88563,46500000,1
1414529640000,1414529699000,0.88563,0.88565,0.88561,0.88562,15500000,1
1414529700000,1414529759000,0.88561,0.88562,0.88551,0.88553,27980000,1
1414529760000,1414529819000,0.88553,0.88563,0.88553,0.88556,24750000,1
1414529820000,1414529879000,0.88556,0.88556,0.88553,0.88553,3000000,1
1414529880000,1414529939000,0.88553,0.88562,0.88551,0.88557,20030000,1
1414529940000,1414529999000,0.88557,0.88558,0.88536,0.88539,23400000,1
1414530000000,1414530059000,0.88539,0.88539,0.88522,0.88531,7370000,1
1414530060000,1414530119000,0.88538,0.88538,0.88518,0.88528,4800000,1
1414530120000,1414530179000,0.88528,0.88528,0.88517,0.88525,6110000,1
1414530180000,1414530239000,0.88527,0.88527,0.88527,0.88527,100000,1
1414530240000,1414530299000,0.8852,0.8853,0.88518,0.8853,7140000,1
1414530300000,1414530359000,0.88531,0.88533,0.8853,0.8853,19250000,1
1414530360000,1414530419000,0.88533,0.88534,0.8853,0.8853,11870000,1
1414530420000,1414530479000,0.88531,0.88532,0.88528,0.88528,46020000,1
1414530480000,1414530539000,0.88528,0.88528,0.88528,0.88528,14890000,1
1414530540000,1414530599000,0.88528,0.88531,0.88519,0.88527,31160000,1
1414530600000,1414530659000,0.88528,0.88528,0.8852,0.8852,66040000,1
1414530660000,1414530719000,0.88523,0.88529,0.8852,0.88529,30270000,1
1414530720000,1414530779000,0.8853,0.88535,0.8853,0.88535,13430000,1
1414530780000,1414530839000,0.88534,0.88534,0.88523,0.88523,2520000,1
1414530840000,1414530899000,0.8852,0.88522,0.88507,0.88519,52970000,1
1414530900000,1414530959000,0.88516,0.88524,0.88514,0.88524,31140000,1
1414530960000,1414531019000,0.88524,0.88524,0.88514,0.88515,21580000,1
1414531020000,1414531079000,0.8852,0.88543,0.8852,0.8854,16400000,1
1414531080000,1414531139000,0.88537,0.88548,0.88516,0.88546,43540000,1
1414531140000,1414531199000,0.88546,0.88561,0.88545,0.88553,45530000,1
1414531200000,1414531259000,0.88556,0.88569,0.88556,0.88568,26370000,1
1414531260000,1414531319000,0.88569,0.88571,0.88566,0.8857,8500000,1
1414531320000,1414531379000,0.88571,0.88571,0.88571,0.88571,1000000,1
1414531380000,1414531439000,0.88569,0.88574,0.88569,0.88571,6500000,1
1414531440000,1414531499000,0.88569,0.88569,0.88569,0.88569,1000000,1
1414531500000,1414531559000,0.88568,0.88568,0.88568,0.88568,1000000,1
1414531560000,1414531619000,0.88568,0.88568,0.88551,0.88557,8150000,1
1414531620000,1414531679000,0.88556,0.88565,0.88553,0.88565,21500000,1
1414531680000,1414531739000,0.88565,0.88565,0.88537,0.88554,41830000,1
1414531740000,1414531799000,0.88554,0.88554,0.88552,0.88552,7000000,1
1414531800000,1414531859000,0.88552,0.88552,0.88547,0.88547,8000000,1
1414531860000,1414531919000,0.88547,0.88552,0.88547,0.88552,9000000,1
1414531920000,1414531979000,0.88552,0.88566,0.8855,0.88561,17000000,1
1414531980000,1414532039000,0.88562,0.88564,0.88544,0.88544,46000000,1
1414532040000,1414532099000,0.88542,0.88543,0.88539,0.88543,24000000,1
1414532100000,1414532159000,0.88543,0.88558,0.88543,0.88558,31500000,1
1414532160000,1414532219000,0.8856,0.88563,0.88559,0.8856,12500000,1
1414532220000,1414532279000,0.88559,0.88559,0.88542,0.88548,17500000,1
1414532280000,1414532339000,0.8855,0.88558,0.8855,0.88554,14500000,1
1414532340000,1414532399000,0.88556,0.88556,0.88547,0.88548,13600000,1
1414532400000,1414532459000,0.88547,0.88553,0.88547,0.88553,6500000,1
1414532460000,1414532519000,0.88553,0.88553,0.88552,0.88552,3500000,1
1414532520000,1414532579000,0.8855,0.88552,0.8855,0.88551,5500000,1
1414532580000,1414532639000,0.88548,0.88555,0.88548,0.88555,14000000,1
1414532640000,1414532699000,0.88553,0.88557,0.88551,0.88557,14000000,1
1414532700000,1414532759000,0.88558,0.8856,0.88546,0.88559,39070000,1
1414532760000,1414532819000,0.88556,0.88568,0.88556,0.88558,28000000,1
1414532820000,1414532879000,0.88559,0.88559,0.88554,0.88556,16500000,1
1414532880000,1414532939000,0.88556,0.88566,0.88554,0.88555,34190000,1
1414532940000,1414532999000,0.88565,0.88567,0.88557,0.88564,26900000,1
1414533000000,1414533059000,0.88564,0.88566,0.88553,0.88558,26950000,1
1414533060000,1414533119000,0.88554,0.88564,0.88549,0.88562,32360000,1
1414533120000,1414533179000,0.88561,0.88562,0.8856,0.8856,8000000,1
1414533180000,1414533239000,0.88562,0.88562,0.88555,0.88555,15500000,1
1414533240000,1414533299000,0.88555,0.88555,0.88537,0.88539,38920000,1
1414533300000,1414533359000,0.88539,0.88539,0.88522,0.88534,89000000,1
1414533360000,1414533419000,0.88534,0.88535,0.88532,0.88532,29000000,1
1414533420000,1414533479000,0.88532,0.88533,0.88531,0.88532,31000000,1
1414533480000,1414533539000,0.88532,0.88533,0.88526,0.88529,44500000,1
1414533540000,1414533599000,0.88531,0.88532,0.88495,0.88513,91450000,1
1414533600000,1414533659000,0.88513,0.88529,0.88492,0.88494,87950000,1
1414533660000,1414533719000,0.88493,0.88512,0.88493,0.88504,30380000,1
1414533720000,1414533779000,0.88504,0.88505,0.88504,0.88505,7180000,1
1414533780000,1414533839000,0.88505,0.8851,0.88505,0.88509,6110000,1
1414533840000,1414533899000,0.88505,0.88511,0.88505,0.88509,104930000,1
1414533900000,1414533959000,0.88508,0.88513,0.88506,0.88511,141320000,1
1414533960000,1414534019000,0.88512,0.88522,0.88507,0.88515,39340000,1
1414534020000,1414534079000,0.88515,0.88516,0.88505,0.88509,45120000,1
1414534080000,1414534139000,0.88512,0.88514,0.88505,0.88505,35490000,1
1414534140000,1414534199000,0.88505,0.88507,0.88488,0.88499,113810000,1
1414534200000,1414534259000,0.88501,0.88512,0.88501,0.8851,110060000,1
1414534260000,1414534319000,0.8851,0.88511,0.88508,0.8851,74740000,1
1414534320000,1414534379000,0.88509,0.88514,0.88508,0.88514,98100000,1
1414534380000,1414534439000,0.88514,0.88516,0.88513,0.88514,68900000,1
1414534440000,1414534499000,0.88514,0.88516,0.88512,0.88513,62760000,1
1414534500000,1414534559000,0.88512,0.88512,0.88508,0.88508,41410000,1
1414534560000,1414534619000,0.88508,0.88515,0.885,0.885,110700000,1
1414534620000,1414534679000,0.885,0.88507,0.885,0.88505,25740000,1
1414534680000,1414534739000,0.88505,0.88508,0.88504,0.88506,19120000,1
1414534740000,1414534799000,0.88506,0.88506,0.88501,0.88503,29990000,1
1414534800000,1414534859000,0.88503,0.88506,0.88503,0.88506,18990000,1
1414534860000,1414534919000,0.88506,0.88506,0.88505,0.88505,16600000,1
1414534920000,1414534979000,0.88505,0.88507,0.88501,0.88501,18660000,1
1414534980000,1414535039000,0.88501,0.88514,0.88501,0.8851,38380000,1
1414535040000,1414535099000,0.88509,0.8851,0.88509,0.88509,9680000,1
1414535100000,1414535159000,0.88509,0.88524,0.88509,0.88515,46230000,1
1414535160000,1414535219000,0.88515,0.88519,0.88515,0.88517,13010000,1
1414535220000,1414535279000,0.88517,0.88518,0.88517,0.88518,13410000,1
1414535280000,1414535339000,0.88517,0.88518,0.88515,0.88517,21290000,1
1414535340000,1414535399000,0.88517,0.88535,0.88517,0.88531,38940000,1
1414535400000,1414535459000,0.88529,0.88529,0.8852,0.88527,36580000,1
1414535460000,1414535519000,0.88527,0.88527,0.88524,0.88527,4500000,1
1414535520000,1414535579000,0.88527,0.88531,0.88522,0.88523,47320000,1
1414535580000,1414535639000,0.88524,0.88542,0.88524,0.88539,63810000,1
1414535640000,1414535699000,0.88539,0.88546,0.88539,0.88545,30940000,1
1414535700000,1414535759000,0.88545,0.88548,0.88541,0.88545,11560000,1
1414535760000,1414535819000,0.88546,0.88549,0.88539,0.88542,41170000,1
1414535820000,1414535879000,0.88542,0.88548,0.88542,0.88548,16080000,1
1414535880000,1414535939000,0.88546,0.88554,0.88546,0.88553,26760000,1
1414535940000,1414535999000,0.88553,0.8856,0.88547,0.88554,39130000,1
1414536000000,1414536059000,0.88554,0.88557,0.88554,0.88557,4750000,1
1414536060000,1414536119000,0.88557,0.88557,0.88557,0.88557,10000000,1
1414536120000,1414536179000,0.88557,0.88567,0.88557,0.88563,18590000,1
1414536180000,1414536239000,0.88563,0.88575,0.88555,0.88567,79130000,1
1414536240000,1414536299000,0.88567,0.88568,0.88564,0.88564,32790000,1
1414536300000,1414536359000,0.88565,0.88565,0.88564,0.88564,4470000,1
1414536360000,1414536419000,0.88565,0.88568,0.88564,0.88564,39690000,1
1414536420000,1414536479000,0.88564,0.88564,0.88554,0.88556,52070000,1
1414536480000,1414536539000,0.88556,0.88558,0.88555,0.88557,12250000,1
1414536540000,1414536599000,0.88558,0.88558,0.88556,0.88556,3500000,1
1414536600000,1414536659000,0.88556,0.88556,0.88556,0.88556,2000000,1
1414536660000,1414536719000,0.88554,0.88554,0.88547,0.88551,49630000,1
1414536720000,1414536779000,0.88551,0.88551,0.88551,0.88551,8080000,1
1414536780000,1414536839000,0.88551,0.88551,0.88543,0.88551,20540000,1
1414536840000,1414536899000,0.88551,0.88551,0.88545,0.88545,22040000,1
1414536900000,1414536959000,0.88545,0.8855,0.88537,0.88539,50830000,1
1414536960000,1414537019000,0.88539,0.88539,0.88535,0.88535,40750000,1
1414537020000,1414537079000,0.88535,0.88538,0.8853,0.88535,30100000,1
1414537080000,1414537139000,0.88534,0.88535,0.88522,0.88528,35520000,1
1414537140000,1414537199000,0.88528,0.88531,0.88512,0.88514,54290000,1
1414537200000,1414537259000,0.88513,0.88535,0.88512,0.88527,63080000,1
1414537260000,1414537319000,0.88527,0.8853,0.88527,0.88527,8320000,1
1414537320000,1414537379000,0.88528,0.88528,0.88527,0.88527,3500000,1
1414537380000,1414537439000,0.88528,0.88528,0.88527,0.88527,3000000,1
1414537440000,1414537499000,0.88527,0.88527,0.88527,0.88527,1000000,1
1414537500000,1414537559000,0.88528,0.88567,0.88527,0.88552,64080000,1
1414537560000,1414537619000,0.88554,0.8856,0.88554,0.8856,14000000,1
1414537620000,1414537679000,0.8856,0.88569,0.88558,0.88567,23120000,1
1414537680000,1414537739000,0.88568,0.88569,0.88567,0.88567,6000000,1
1414537740000,1414537799000,0.88568,0.88571,0.88565,0.8857,24230000,1
1414537800000,1414537859000,0.88567,0.88567,0.88557,0.88557,24920000,1
1414537860000,1414537919000,0.88556,0.88557,0.88556,0.88557,15880000,1
1414537920000,1414537979000,0.88558,0.88558,0.88558,0.88558,3000000,1
1414537980000,1414538039000,0.88557,0.88562,0.88557,0.88562,5500000,1
1414538040000,1414538099000,0.88562,0.88571,0.88562,0.88571,23570000,1
1414538100000,1414538159000,0.88571,0.88571,0.88565,0.88565,11120000,1
1414538160000,1414538219000,0.88564,0.88564,0.88561,0.88561,5500000,1
1414538220000,1414538279000,0.88561,0.88566,0.88561,0.88566,8910000,1
1414538280000,1414538339000,0.88567,0.88567,0.88566,0.88566,7230000,1
1414538340000,1414538399000,0.88565,0.88577,0.88565,0.88576,28840000,1
1414538400000,1414538459000,0.88577,0.88578,0.88576,0.88578,14500000,1
1414538460000,1414538519000,0.88578,0.88583,0.88577,0.88581,25490000,1
1414538520000,1414538579000,0.8858,0.88586,0.8858,0.88582,25760000,1
1414538580000,1414538639000,0.88581,0.88584,0.8858,0.88581,25900000,1
1414538640000,1414538699000,0.88583,0.88589,0.88579,0.88579,39750000,1
1414538700000,1414538759000,0.88578,0.88585,0.88569,0.88583,33180000,1
1414538760000,1414538819000,0.88583,0.88583,0.88574,0.88577,35660000,1
1414538820000,1414538879000,0.88575,0.88575,0.88575,0.88575,7000000,1
1414538880000,1414538939000,0.88575,0.88577,0.88573,0.88573,19000000,1
1414538940000,1414538999000,0.88573,0.88573,0.88563,0.88568,19200000,1
1414539000000,1414539059000,0.88567,0.88571,0.88565,0.88565,20750000,1
1414539060000,1414539119000,0.88565,0.88565,0.88561,0.88561,13500000,1
1414539120000,1414539179000,0.88561,0.8857,0.88561,0.88568,14600000,1
1414539180000,1414539239000,0.88568,0.88587,0.88568,0.88583,51010000,1
1414539240000,1414539299000,0.88581,0.88609,0.88581,0.88607,76400000,1
1414539300000,1414539359000,0.88607,0.88615,0.88605,0.88611,49260000,1
1414539360000,1414539419000,0.8861,0.88611,0.88607,0.88607,9740000,1
1414539420000,1414539479000,0.88608,0.8861,0.88605,0.88605,19100000,1
1414539480000,1414539539000,0.88605,0.88619,0.88598,0.88611,36390000,1
1414539540000,1414539599000,0.88612,0.88621,0.88612,0.8862,9250000,1
1414539600000,1414539659000,0.8862,0.8862,0.88611,0.88612,27540000,1
1414539660000,1414539719000,0.88612,0.88615,0.8861,0.88611,19940000,1
1414539720000,1414539779000,0.88611,0.88611,0.88605,0.88605,8500000,1
1414539780000,1414539839000,0.88605,0.88605,0.88579,0.88579,30500000,1
1414539840000,1414539899000,0.88582,0.88582,0.88578,0.88578,6750000,1
1414539900000,1414539959000,0.88578,0.8858,0.88578,0.8858,3000000,1
1414539960000,1414540019000,0.8858,0.88595,0.8858,0.88595,19360000,1
1414540020000,1414540079000,0.88596,0.88597,0.88596,0.88597,15240000,1
1414540080000,1414540139000,0.88601,0.88608,0.88601,0.88608,16340000,1
1414540140000,1414540199000,0.88608,0.88608,0.88607,0.88607,6820000,1
1414540200000,1414540259000,0.88607,0.88622,0.88595,0.88605,118240000,1
1414540260000,1414540319000,0.88604,0.88609,0.88592,0.88593,30100000,1
1414540320000,1414540379000,0.88593,0.88593,0.88585,0.8859,40880000,1
1414540380000,1414540439000,0.88589,0.88602,0.88589,0.88591,47000000,1
1414540440000,1414540499000,0.8859,0.88591,0.8859,0.88591,8990000,1
1414540500000,1414540559000,0.88591,0.88608,0.88591,0.88606,19340000,1
1414540560000,1414540619000,0.88605,0.88605,0.88597,0.88597,16220000,1
1414540620000,1414540679000,0.88597,0.88598,0.88597,0.88597,16000000,1
1414540680000,1414540739000,0.88597,0.88597,0.88594,0.88595,14470000,1
1414540740000,1414540799000,0.88595,0.88597,0.88595,0.88597,6570000,1
1414540800000,1414540859000,0.88598,0.88617,0.88587,0.88587,61290000,1
1414540860000,1414540919000,0.88587,0.88606,0.88587,0.88606,45510000,1
1414540920000,1414540979000,0.88607,0.88629,0.88607,0.88626,73940000,1
1414540980000,1414541039000,0.88626,0.88643,0.88626,0.88638,114060000,1
1414541040000,1414541099000,0.88638,0.88642,0.88633,0.88639,83760000,1
1414541100000,1414541159000,0.88638,0.88653,0.88634,0.8865,88990000,1
1414541160000,1414541219000,0.88649,0.8866,0.88648,0.8866,90990000,1
1414541220000,1414541279000,0.88659,0.88691,0.88658,0.88681,177500000,1
1414541280000,1414541339000,0.88681,0.88684,0.88672,0.88673,53790000,1
1414541340000,1414541399000,0.88674,0.88676,0.88665,0.8867,61380000,1
1414541400000,1414541459000,0.88671,0.88682,0.88671,0.88678,26570000,1
1414541460000,1414541519000,0.88675,0.8869,0.88663,0.8869,55930000,1
1414541520000,1414541579000,0.88687,0.88691,0.88685,0.8869,23740000,1
1414541580000,1414541639000,0.8869,0.8869,0.8866,0.88661,48320000,1
1414541640000,1414541699000,0.88663,0.88664,0.8865,0.88654,60000000,1
1414541700000,1414541759000,0.88654,0.8866,0.88652,0.88654,44210000,1
1414541760000,1414541819000,0.88654,0.88655,0.88651,0.88655,23500000,1
1414541820000,1414541879000,0.88655,0.88664,0.88652,0.88664,38090000,1
1414541880000,1414541939000,0.88667,0.88668,0.88666,0.88666,12860000,1
1414541940000,1414541999000,0.88666,0.88666,0.88657,0.88657,16090000,1
1414542000000,1414542059000,0.88657,0.88658,0.88653,0.88658,12500000,1
1414542060000,1414542119000,0.88656,0.88656,0.88647,0.8865,24780000,1
1414542120000,1414542179000,0.8865,0.88667,0.88647,0.88666,86240000,1
1414542180000,1414542239000,0.88667,0.88667,0.88651,0.8866,76430000,1
1414542240000,1414542299000,0.88657,0.88658,0.88648,0.88648,35200000,1
1414542300000,1414542359000,0.88648,0.88648,0.88643,0.88646,38570000,1
1414542360000,1414542419000,0.88646,0.88649,0.88634,0.88638,58650000,1
1414542420000,1414542479000,0.88638,0.88646,0.88634,0.88636,34150000,1
1414542480000,1414542539000,0.88639,0.88647,0.8862,0.88622,58880000,1
1414542540000,1414542599000,0.88622,0.88628,0.88622,0.88627,10200000,1
1414542600000,1414542659000,0.88629,0.88629,0.88626,0.88629,12570000,1
1414542660000,1414542719000,0.88628,0.88628,0.88607,0.88608,49330000,1
1414542720000,1414542779000,0.88608,0.88616,0.88605,0.88612,50230000,1
1414542780000,1414542839000,0.88612,0.88613,0.88602,0.88606,24000000,1
1414542840000,1414542899000,0.88606,0.88607,0.88605,0.88607,30000000,1
1414542900000,1414542959000,0.88607,0.88607,0.88597,0.88599,35000000,1
1414542960000,1414543019000,0.88597,0.886,0.88567,0.88571,68640000,1
1414543020000,1414543079000,0.8857,0.88577,0.8857,0.88575,38580000,1
1414543080000,1414543139000,0.88572,0.88576,0.88571,0.88575,13870000,1
1414543140000,1414543199000,0.88575,0.88612,0.88575,0.88608,76180000,1
1414543200000,1414543259000,0.88608,0.88613,0.88602,0.88608,37250000,1
1414543260000,1414543319000,0.88611,0.88629,0.88611,0.88627,36390000,1
1414543320000,1414543379000,0.88625,0.88633,0.88623,0.88627,48030000,1
1414543380000,1414543439000,0.88628,0.88632,0.88626,0.88632,17510000,1
1414543440000,1414543499000,0.88632,0.88632,0.88631,0.88631,9000000,1
1414543500000,1414543559000,0.88631,0.88631,0.88608,0.88608,79090000,1
1414543560000,1414543619000,0.88607,0.88615,0.88607,0.88612,55870000,1
1414543620000,1414543679000,0.88615,0.88615,0.8859,0.8859,98070000,1
1414543680000,1414543739000,0.8859,0.88597,0.8859,0.88597,56580000,1
1414543740000,1414543799000,0.88597,0.88612,0.88597,0.88607,97770000,1
1414543800000,1414543859000,0.88608,0.88624,0.88607,0.88623,52620000,1
1414543860000,1414543919000,0.88623,0.88631,0.88622,0.88627,34750000,1
1414543920000,1414543979000,0.88628,0.88628,0.88623,0.88623,16640000,1
1414543980000,1414544039000,0.88623,0.88624,0.88614,0.88615,26090000,1
1414544040000,1414544099000,0.88615,0.88622,0.8861,0.88622,67840000,1
1414544100000,1414544159000,0.88618,0.88627,0.88604,0.88619,152120000,1
1414544160000,1414544219000,0.88619,0.88621,0.88615,0.88617,98270000,1
1414544220000,1414544279000,0.88617,0.88619,0.88617,0.88619,34820000,1
1414544280000,1414544339000,0.88619,0.88621,0.88617,0.88619,41030000,1
1414544340000,1414544399000,0.88619,0.88621,0.88604,0.88604,78040000,1
1414544400000,1414544459000,0.88602,0.88605,0.88596,0.88598,50450000,1
1414544460000,1414544519000,0.886,0.88624,0.88598,0.88622,108370000,1
1414544520000,1414544579000,0.88625,0.88632,0.88623,0.88632,61400000,1
1414544580000,1414544639000,0.88632,0.88632,0.88617,0.88625,35010000,1
1414544640000,1414544699000,0.88624,0.88629,0.88614,0.88628,80530000,1
1414544700000,1414544759000,0.88627,0.88628,0.88623,0.88626,55130000,1
1414544760000,1414544819000,0.88627,0.88628,0.88624,0.88624,26140000,1
1414544820000,1414544879000,0.88624,0.88626,0.88618,0.88618,15220000,1
1414544880000,1414544939000,0.88616,0.88623,0.88607,0.88618,48710000,1
1414544940000,1414544999000,0.88618,0.88621,0.88618,0.88619,49190000,1
1414545000000,1414545059000,0.88618,0.88618,0.8861,0.88614,35340000,1
1414545060000,1414545119000,0.88612,0.88613,0.8861,0.8861,39190000,1
1414545120000,1414545179000,0.88611,0.88616,0.88608,0.88608,14700000,1
1414545180000,1414545239000,0.8861,0.8861,0.88594,0.88596,27500000,1
1414545240000,1414545299000,0.88596,0.88596,0.88564,0.88566,58240000,1
1414545300000,1414545359000,0.88566,0.88567,0.88562,0.88564,35000000,1
1414545360000,1414545419000,0.88564,0.88567,0.88563,0.88565,14000000,1
1414545420000,1414545479000,0.88563,0.88563,0.88562,0.88562,9810000,1
1414545480000,1414545539000,0.88562,0.88575,0.88562,0.88575,32760000,1
1414545540000,1414545599000,0.88571,0.88577,0.8857,0.88577,20240000,1
1414545600000,1414545659000,0.88577,0.88577,0.88563,0.88563,21000000,1
1414545660000,1414545719000,0.88563,0.88563,0.88557,0.8856,26000000,1
1414545720000,1414545779000,0.88559,0.8856,0.88549,0.88549,34740000,1
1414545780000,1414545839000,0.88549,0.88549,0.88533,0.8854,58830000,1
1414545840000,1414545899000,0.88541,0.88542,0.88537,0.88541,37480000,1
1414545900000,1414545959000,0.8854,0.88551,0.88536,0.88541,39790000,1
1414545960000,1414546019000,0.88541,0.88545,0.88541,0.88545,22800000,1
1414546020000,1414546079000,0.88545,0.88547,0.88542,0.88543,20010000,1
1414546080000,1414546139000,0.88543,0.88564,0.88543,0.8856,38100000,1
1414546140000,1414546199000,0.8856,0.8856,0.88545,0.88545,31460000,1
1414546200000,1414546259000,0.88545,0.88564,0.88545,0.88563,51580000,1
1414546260000,1414546319000,0.88563,0.8857,0.88563,0.88567,30810000,1
1414546320000,1414546379000,0.88568,0.88568,0.88565,0.88565,16470000,1
1414546380000,1414546439000,0.88565,0.88572,0.88563,0.88569,70750000,1
1414546440000,1414546499000,0.88569,0.8857,0.88568,0.88568,30120000,1
1414546500000,1414546559000,0.88567,0.8857,0.88567,0.8857,48270000,1
1414546560000,1414546619000,0.8857,0.8857,0.8857,0.8857,13550000,1
1414546620000,1414546679000,0.8857,0.88576,0.8857,0.88575,13840000,1
1414546680000,1414546739000,0.88576,0.88576,0.88564,0.88566,21000000,1
1414546740000,1414546799000,0.88566,0.8858,0.88564,0.8858,65670000,1
1414546800000,1414546859000,0.8858,0.8858,0.88562,0.88569,30300000,1
1414546860000,1414546919000,0.88569,0.88576,0.88569,0.8857,30600000,1
1414546920000,1414546979000,0.8857,0.88571,0.88566,0.88568,24890000,1
1414546980000,1414547039000,0.88568,0.88571,0.88566,0.88567,13890000,1
1414547040000,1414547099000,0.88568,0.88572,0.88566,0.88568,36340000,1
1414547100000,1414547159000,0.88568,0.88577,0.88566,0.88574,48910000,1
1414547160000,1414547219000,0.88573,0.88579,0.8857,0.88575,37920000,1
1414547220000,1414547279000,0.88575,0.88575,0.88567,0.88571,29920000,1
1414547280000,1414547339000,0.88573,0.88577,0.8857,0.88571,15530000,1
1414547340000,1414547399000,0.8857,0.8857,0.88569,0.88569,3500000,1
1414547400000,1414547459000,0.8857,0.88575,0.8857,0.88573,21410000,1
1414547460000,1414547519000,0.88573,0.88578,0.88573,0.88577,40140000,1
1414547520000,1414547579000,0.88574,0.88574,0.88572,0.88572,15900000,1
1414547580000,1414547639000,0.88573,0.88592,0.88573,0.88592,39640000,1
1414547640000,1414547699000,0.88591,0.88601,0.8859,0.88598,71980000,1
1414547700000,1414547759000,0.88598,0.88637,0.88598,0.88634,99560000,1
1414547760000,1414547819000,0.88634,0.88636,0.88612,0.88613,47000000,1
1414547820000,1414547879000,0.88613,0.88626,0.88592,0.88598,100690000,1
1414547880000,1414547939000,0.88598,0.88636,0.88598,0.88625,82770000,1
1414547940000,1414547999000,0.88624,0.88637,0.88619,0.88623,76130000,1
1414548000000,1414548059000,0.88625,0.88625,0.88609,0.8861,42310000,1
1414548060000,1414548119000,0.8861,0.88625,0.8861,0.88625,23330000,1
1414548120000,1414548179000,0.88625,0.88632,0.88625,0.88632,14570000,1
1414548180000,1414548239000,0.88633,0.8864,0.88632,0.88635,53480000,1
1414548240000,1414548299000,0.88635,0.88635,0.8862,0.88622,17200000,1
1414548300000,1414548359000,0.88622,0.88622,0.88602,0.88617,31470000,1
1414548360000,1414548419000,0.88617,0.88617,0.8861,0.88612,29740000,1
1414548420000,1414548479000,0.88613,0.88637,0.8861,0.88637,46640000,1
1414548480000,1414548539000,0.88636,0.88636,0.88632,0.88632,27330000,1
1414548540000,1414548599000,0.88631,0.88631,0.88625,0.88627,11070000,1
1414548600000,1414548659000,0.8863,0.88637,0.8863,0.88631,15150000,1
1414548660000,1414548719000,0.88627,0.88627,0.8862,0.88622,17100000,1
1414548720000,1414548779000,0.88621,0.88628,0.8862,0.88625,17610000,1
1414548780000,1414548839000,0.88628,0.88643,0.88628,0.88631,32440000,1
1414548840000,1414548899000,0.88631,0.88631,0.88631,0.88631,2170000,1
1414548900000,1414548959000,0.88631,0.88631,0.88608,0.88628,69930000,1
1414548960000,1414549019000,0.88628,0.88641,0.88627,0.8864,39230000,1
1414549020000,1414549079000,0.8864,0.88642,0.88631,0.88633,42370000,1
1414549080000,1414549139000,0.88633,0.88634,0.88632,0.88634,9500000,1
1414549140000,1414549199000,0.88634,0.88634,0.88621,0.88624,29500000,1
1414549200000,1414549259000,0.88626,0.88629,0.88625,0.88629,12570000,1
1414549260000,1414549319000,0.88629,0.88632,0.88622,0.88627,30670000,1
1414549320000,1414549379000,0.88628,0.8863,0.88627,0.88627,19100000,1
1414549380000,1414549439000,0.88628,0.88628,0.88627,0.88627,21250000,1
1414549440000,1414549499000,0.88628,0.88628,0.88627,0.88627,2500000,1
1414549500000,1414549559000,0.88628,0.88633,0.88627,0.88627,11340000,1
1414549560000,1414549619000,0.88628,0.88628,0.88621,0.88621,5000000,1
1414549620000,1414549679000,0.8862,0.88624,0.8862,0.8862,21500000,1
1414549680000,1414549739000,0.8862,0.8862,0.88617,0.88617,18500000,1
1414549740000,1414549799000,0.88617,0.88617,0.88607,0.88608,22220000,1
1414549800000,1414549859000,0.88608,0.88608,0.88602,0.88602,13000000,1
1414549860000,1414549919000,0.88602,0.88602,0.88602,0.88602,3000000,1
1414549920000,1414549979000,0.88603,0.88608,0.88603,0.88608,6500000,1
1414549980000,1414550039000,0.88607,0.88616,0.88607,0.88613,11620000,1
1414550040000,1414550099000,0.88613,0.88613,0.88613,0.88613,9240000,1
1414550100000,1414550159000,0.88613,0.88616,0.88613,0.88615,10510000,1
1414550160000,1414550219000,0.88615,0.88617,0.88612,0.88616,28700000,1
1414550220000,1414550279000,0.88614,0.88616,0.88614,0.88616,9500000,1
1414550280000,1414550339000,0.88616,0.88617,0.88616,0.88617,7000000,1
1414550340000,1414550399000,0.88619,0.88619,0.88617,0.88617,4000000,1
1414550460000,1414550519000,0.88617,0.88618,0.88612,0.88615,8100000,1
1414550520000,1414550579000,0.88615,0.88634,0.88613,0.88632,26420000,1
1414550580000,1414550639000,0.88632,0.88661,0.88632,0.88657,57780000,1
1414550640000,1414550699000,0.88657,0.88661,0.88652,0.88655,92090000,1
1414550700000,1414550759000,0.88655,0.88655,0.8864,0.88643,67640000,1
1414550760000,1414550819000,0.88643,0.88645,0.88641,0.88643,29000000,1
1414550820000,1414550879000,0.88643,0.88644,0.88639,0.88639,8000000,1
1414550880000,1414550939000,0.88633,0.88635,0.88605,0.88607,47260000,1
1414550940000,1414550999000,0.88607,0.88618,0.88604,0.88618,33620000,1
1414551000000,1414551059000,0.88618,0.88627,0.88618,0.88627,18540000,1
1414551060000,1414551119000,0.88628,0.88633,0.88626,0.88626,21470000,1
1414551120000,1414551179000,0.88625,0.88625,0.88617,0.88622,40450000,1
1414551180000,1414551239000,0.8862,0.88624,0.88618,0.88622,26220000,1
1414551240000,1414551299000,0.88622,0.88639,0.88621,0.88639,28940000,1
1414551300000,1414551359000,0.88638,0.88638,0.8863,0.88634,79810000,1
1414551420000,1414551479000,0.88634,0.88634,0.88628,0.88634,50590000,1
1414551480000,1414551539000,0.88634,0.88636,0.88632,0.88632,8720000,1
1414551540000,1414551599000,0.88632,0.88637,0.88632,0.88634,18930000,1
1414551600000,1414551659000,0.88634,0.88639,0.88634,0.88639,26130000,1
1414551660000,1414551719000,0.88639,0.88639,0.8862,0.88627,36740000,1
1414551720000,1414551779000,0.88627,0.88635,0.88622,0.88634,31350000,1
1414551780000,1414551839000,0.88634,0.88659,0.88633,0.88659,43430000,1
1414551840000,1414551899000,0.88659,0.88667,0.88654,0.88667,32410000,1
1414551900000,1414551959000,0.88667,0.88667,0.88661,0.88664,22600000,1
1414551960000,1414552019000,0.88661,0.88667,0.88661,0.88665,44350000,1
1414552020000,1414552079000,0.88662,0.88665,0.88623,0.8865,53660000,1
1414552080000,1414552139000,0.8865,0.88651,0.8865,0.88651,3670000,1
1414552140000,1414552199000,0.88652,0.88658,0.88651,0.88657,10780000,1
1414552200000,1414552259000,0.88658,0.88673,0.88657,0.8867,24520000,1
1414552260000,1414552319000,0.88669,0.8867,0.8866,0.88668,35130000,1
1414552320000,1414552379000,0.88668,0.8867,0.88668,0.88669,14190000,1
1414552380000,1414552439000,0.88668,0.88671,0.88665,0.88668,20550000,1
1414552440000,1414552499000,0.88667,0.88669,0.88667,0.88669,3000000,1
1414552500000,1414552559000,0.88668,0.88668,0.88659,0.88659,15370000,1
1414552560000,1414552619000,0.88659,0.8866,0.88659,0.8866,16130000,1
1414552620000,1414552679000,0.88659,0.88659,0.88659,0.88659,28910000,1
1414552680000,1414552739000,0.8866,0.88667,0.8866,0.88665,28690000,1
1414552740000,1414552799000,0.88661,0.88662,0.88659,0.8866,20640000,1
1414552800000,1414552859000,0.8866,0.88663,0.88652,0.88663,48890000,1
1414552860000,1414552919000,0.88663,0.88663,0.88657,0.88657,21110000,1
1414552920000,1414552979000,0.88657,0.88658,0.88653,0.88656,28610000,1
1414552980000,1414553039000,0.88657,0.88661,0.88641,0.88646,24500000,1
1414553040000,1414553099000,0.88644,0.88644,0.88641,0.88641,5700000,1
1414553100000,1414553159000,0.88641,0.88643,0.88627,0.88636,50270000,1
1414553160000,1414553219000,0.88636,0.88655,0.88636,0.88655,44350000,1
1414553220000,1414553279000,0.88655,0.88665,0.88649,0.88656,39170000,1
1414553280000,1414553339000,0.88659,0.88666,0.88654,0.88654,31000000,1
1414553340000,1414553399000,0.88656,0.88662,0.88654,0.88658,20000000,1
1414553400000,1414553459000,0.88657,0.88657,0.88657,0.88657,1000000,1
1414553460000,1414553519000,0.88656,0.88656,0.88656,0.88656,6640000,1
1414553520000,1414553579000,0.88656,0.88657,0.88652,0.88655,35000000,1
1414553580000,1414553639000,0.88654,0.88657,0.88653,0.88653,11200000,1
1414553640000,1414553699000,0.88653,0.88654,0.88648,0.88654,14000000,1
1414553700000,1414553759000,0.88654,0.88654,0.88644,0.88646,20750000,1
1414553760000,1414553819000,0.88646,0.88646,0.8864,0.88643,8000000,1
1414553820000,1414553879000,0.88643,0.88644,0.88643,0.88644,8000000,1
1414553880000,1414553939000,0.88644,0.88646,0.88643,0.88644,28040000,1
1414553940000,1414553999000,0.88644,0.88644,0.88644,0.88644,11000000,1
1414554000000,1414554059000,0.88644,0.88644,0.88644,0.88644,42000000,1
1414554060000,1414554119000,0.88644,0.88644,0.88642,0.88642,14750000,1
1414554120000,1414554179000,0.88642,0.88642,0.88626,0.88631,17460000,1
1414554180000,1414554239000,0.88631,0.88634,0.8863,0.88634,13080000,1
1414554240000,1414554299000,0.88634,0.88634,0.88634,0.88634,2850000,1
1414554300000,1414554359000,0.88634,0.88635,0.8863,0.88635,9740000,1
1414554360000,1414554419000,0.88635,0.88638,0.88635,0.88638,5250000,1
1414554420000,1414554479000,0.88637,0.88638,0.88635,0.88635,5000000,1
1414554480000,1414554539000,0.88636,0.88641,0.88636,0.88636,19070000,1
1414554540000,1414554599000,0.88636,0.88636,0.88631,0.88633,23650000,1
1414554600000,1414554659000,0.88633,0.88634,0.88633,0.88633,8000000,1
1414554660000,1414554719000,0.88634,0.88634,0.88627,0.88627,15750000,1
1414554720000,1414554779000,0.88628,0.88632,0.88628,0.88629,17140000,1
1414554780000,1414554839000,0.8863,0.88632,0.8863,0.88632,5170000,1
1414554840000,1414554899000,0.88632,0.88644,0.88632,0.88641,26860000,1
1414554900000,1414554959000,0.88642,0.88645,0.88638,0.88645,18220000,1
1414554960000,1414555019000,0.88645,0.88645,0.88644,0.88645,32000000,1
1414555020000,1414555079000,0.88645,0.88646,0.88642,0.88645,42000000,1
1414555080000,1414555139000,0.88645,0.88645,0.88637,0.88637,19500000,1
1414555140000,1414555199000,0.88637,0.8864,0.88635,0.88636,25500000,1
1414555200000,1414555259000,0.88636,0.88636,0.88635,0.88635,8500000,1
1414555260000,1414555319000,0.88636,0.88636,0.88636,0.88636,1000000,1
1414555320000,1414555379000,0.88635,0.88637,0.88633,0.88637,10570000,1
1414555380000,1414555439000,0.88636,0.88637,0.88636,0.88637,2000000,1
1414555440000,1414555499000,0.88637,0.88642,0.88637,0.88638,22390000,1
1414555500000,1414555559000,0.88638,0.88642,0.88638,0.88642,8140000,1
1414555560000,1414555619000,0.88641,0.88643,0.88641,0.88643,6000000,1
1414555620000,1414555679000,0.88643,0.88643,0.88641,0.88642,15000000,1
1414555680000,1414555739000,0.88641,0.88641,0.88634,0.88636,10000000,1
1414555740000,1414555799000,0.88634,0.88635,0.8863,0.88634,21480000,1
1414555800000,1414555859000,0.88633,0.88634,0.88627,0.8863,19000000,1
1414555860000,1414555919000,0.8863,0.88633,0.88627,0.88633,11000000,1
1414555920000,1414555979000,0.88632,0.88633,0.88632,0.88633,3000000,1
1414555980000,1414556039000,0.88632,0.88632,0.88632,0.88632,4100000,1
1414556040000,1414556099000,0.88632,0.88633,0.88632,0.88633,11000000,1
1414556100000,1414556159000,0.8863,0.88635,0.8863,0.88635,24000000,1
1414556160000,1414556219000,0.88635,0.8864,0.88633,0.88633,12000000,1
1414556220000,1414556279000,0.88633,0.88637,0.88633,0.88636,5000000,1
1414556280000,1414556339000,0.88637,0.88637,0.88637,0.88637,1000000,1
1414556340000,1414556399000,0.88638,0.8864,0.88636,0.88637,5000000,1
1414556400000,1414556459000,0.88636,0.88639,0.88632,0.88636,21150000,1
1414556460000,1414556519000,0.88636,0.88636,0.88636,0.88636,2000000,1
1414556520000,1414556579000,0.88636,0.88636,0.88634,0.88634,4000000,1
1414556580000,1414556639000,0.88635,0.88637,0.88632,0.88634,18500000,1
1414556640000,1414556699000,0.88636,0.88637,0.88636,0.88636,11500000,1
1414556700000,1414556759000,0.88636,0.88636,0.88632,0.88636,6070000,1
1414556760000,1414556819000,0.88635,0.88641,0.88635,0.88641,7120000,1
1414556820000,1414556879000,0.88641,0.88647,0.88641,0.88647,14610000,1
1414556880000,1414556939000,0.8865,0.8865,0.88646,0.88646,5140000,1
1414556940000,1414556999000,0.8865,0.8865,0.88648,0.88649,8000000,1
1414557000000,1414557059000,0.88649,0.88659,0.88648,0.88654,55810000,1
1414557060000,1414557119000,0.88653,0.88655,0.88641,0.88642,23150000,1
1414557120000,1414557179000,0.8864,0.88647,0.88639,0.88641,48060000,1
1414557180000,1414557239000,0.88645,0.88646,0.8864,0.88642,22320000,1
1414557240000,1414557299000,0.8864,0.8864,0.8864,0.8864,3070000,1
1414557300000,1414557359000,0.88639,0.88642,0.88639,0.88642,5320000,1
1414557360000,1414557419000,0.88641,0.88655,0.88641,0.88652,48280000,1
1414557420000,1414557479000,0.88654,0.88655,0.88651,0.88654,18420000,1
1414557480000,1414557539000,0.88655,0.88658,0.88655,0.88655,10700000,1
1414557540000,1414557599000,0.88657,0.88657,0.88657,0.88657,1500000,1
1414557600000,1414557659000,0.88657,0.88666,0.88657,0.88666,19250000,1
1414557660000,1414557719000,0.88664,0.88665,0.88657,0.8866,29020000,1
1414557720000,1414557779000,0.8866,0.88665,0.8866,0.88665,18100000,1
1414557780000,1414557839000,0.88665,0.88666,0.88662,0.88664,27000000,1
1414557840000,1414557899000,0.88659,0.88667,0.88655,0.88667,47590000,1
1414557900000,1414557959000,0.88666,0.88666,0.88666,0.88666,3440000,1
1414557960000,1414558019000,0.88666,0.88666,0.88664,0.88666,9070000,1
1414558020000,1414558079000,0.88666,0.88666,0.88653,0.88657,58340000,1
1414558080000,1414558139000,0.88656,0.8866,0.88655,0.88655,6500000,1
1414558140000,1414558199000,0.88655,0.88658,0.88651,0.88652,28540000,1
1414558200000,1414558259000,0.88652,0.88656,0.88652,0.88656,17820000,1
1414558260000,1414558319000,0.88656,0.88666,0.88655,0.88666,21790000,1
1414558320000,1414558379000,0.88666,0.88666,0.88663,0.88665,9190000,1
1414558380000,1414558439000,0.88664,0.88668,0.88664,0.88668,52930000,1
1414558440000,1414558499000,0.88672,0.88675,0.8867,0.8867,30660000,1
1414558500000,1414558559000,0.88669,0.88669,0.88666,0.88666,5000000,1
1414558560000,1414558619000,0.88666,0.88666,0.88654,0.88665,78110000,1
1414558620000,1414558679000,0.88663,0.88663,0.88657,0.88657,13810000,1
1414558680000,1414558739000,0.88657,0.88661,0.88655,0.88658,60710000,1
1414558740000,1414558799000,0.88658,0.88672,0.88657,0.8867,62790000,1
1414558800000,1414558859000,0.8867,0.88673,0.88669,0.88673,12590000,1
1414558860000,1414558919000,0.88676,0.88685,0.88676,0.88678,29620000,1
1414558920000,1414558979000,0.8868,0.88683,0.88677,0.88681,16000000,1
1414558980000,1414559039000,0.88681,0.88681,0.88681,0.88681,2000000,1
1414559040000,1414559099000,0.88681,0.88681,0.88677,0.88677,7000000,1
1414559100000,1414559159000,0.88677,0.8868,0.88677,0.8868,7070000,1
1414559220000,1414559279000,0.8868,0.8868,0.88677,0.88678,23500000,1
1414559280000,1414559339000,0.88678,0.88679,0.88678,0.88679,33740000,1
1414559340000,1414559399000,0.88679,0.88679,0.88679,0.88679,5500000,1
1414559400000,1414559459000,0.88679,0.88684,0.88679,0.88683,34470000,1
1414559460000,1414559519000,0.88683,0.88683,0.88669,0.88669,25740000,1
1414559520000,1414559579000,0.88669,0.8867,0.88667,0.88667,22360000,1
1414559580000,1414559639000,0.88667,0.88667,0.88664,0.88664,16500000,1
1414559640000,1414559699000,0.88664,0.88664,0.88662,0.88662,5500000,1
1414559700000,1414559759000,0.88662,0.88662,0.88662,0.88662,7310000,1
1414559760000,1414559819000,0.88662,0.88665,0.88662,0.88663,28460000,1
1414559820000,1414559879000,0.88663,0.88669,0.88663,0.88669,21710000,1
1414559880000,1414559939000,0.88669,0.88669,0.88662,0.88663,17750000,1
1414559940000,1414559999000,0.88663,0.88663,0.88657,0.88661,28020000,1
1414560060000,1414560119000,0.88661,0.88661,0.88661,0.88661,12570000,1
1414560120000,1414560179000,0.8866,0.88667,0.8866,0.88667,16610000,1
1414560180000,1414560239000,0.88667,0.8867,0.88667,0.8867,15640000,1
1414560240000,1414560299000,0.88671,0.88677,0.88667,0.88667,14570000,1
1414560300000,1414560359000,0.88667,0.88668,0.88667,0.88667,8390000,1
1414560360000,1414560419000,0.88667,0.88669,0.88667,0.88668,18140000,1
1414560420000,1414560479000,0.88668,0.88676,0.88668,0.88675,15330000,1
1414560480000,1414560539000,0.88675,0.88675,0.88675,0.88675,20750000,1
1414560540000,1414560599000,0.88675,0.88684,0.88675,0.88681,39690000,1
1414560600000,1414560659000,0.88682,0.88688,0.88682,0.88684,39470000,1
1414560660000,1414560719000,0.88683,0.88683,0.88682,0.88682,14390000,1
1414560720000,1414560779000,0.88682,0.88687,0.88679,0.88682,40860000,1
1414560840000,1414560899000,0.88682,0.88682,0.88682,0.88682,4620000,1
1414560900000,1414560959000,0.88682,0.88682,0.8868,0.88682,8890000,1
1414560960000,1414561019000,0.88682,0.88685,0.88682,0.88682,16490000,1
1414561020000,1414561079000,0.88681,0.88681,0.8868,0.8868,5500000,1
1414561080000,1414561139000,0.8868,0.8868,0.8868,0.8868,1500000,1
1414561140000,1414561199000,0.8868,0.8868,0.88677,0.88677,7000000,1
1414561200000,1414561259000,0.88677,0.88677,0.88676,0.88676,4500000,1
1414561260000,1414561319000,0.88676,0.88676,0.88675,0.88675,4500000,1
1414561320000,1414561379000,0.88675,0.88675,0.88675,0.88675,2500000,1
1414561380000,1414561439000,0.88675,0.88675,0.8867,0.8867,35000000,1
1414561440000,1414561499000,0.88667,0.88667,0.88661,0.88661,10100000,1
1414561500000,1414561559000,0.8866,0.88661,0.8866,0.88661,34750000,1
1414561560000,1414561619000,0.88661,0.88661,0.8866,0.8866,50500000,1
1414561620000,1414561679000,0.8866,0.8866,0.8866,0.8866,76500000,1
1414561680000,1414561739000,0.8866,0.8866,0.8866,0.8866,26750000,1
1414561740000,1414561799000,0.8866,0.8866,0.88657,0.88657,6000000,1
1414561800000,1414561859000,0.88657,0.8866,0.88657,0.88657,30460000,1
1414561860000,1414561919000,0.88657,0.88657,0.88657,0.88657,1000000,1
1414561920000,1414561979000,0.88657,0.88657,0.88655,0.88655,9750000,1
1414561980000,1414562039000,0.88655,0.88663,0.88654,0.88656,47990000,1
1414562040000,1414562099000,0.88656,0.8866,0.88654,0.88654,33540000,1
1414562100000,1414562159000,0.88654,0.88654,0.88639,0.88639,52570000,1
1414562160000,1414562219000,0.8864,0.88644,0.8864,0.88644,22420000,1
1414562220000,1414562279000,0.88644,0.8865,0.88644,0.88647,52680000,1
1414562280000,1414562339000,0.88647,0.88647,0.88647,0.88647,14250000,1
1414562340000,1414562399000,0.88647,0.88647,0.8863,0.88632,41730000,1
1414562400000,1414562459000,0.88632,0.88632,0.88624,0.88624,25800000,1
1414562460000,1414562519000,0.88624,0.88626,0.88622,0.88626,21790000,1
1414562520000,1414562579000,0.88626,0.88626,0.88624,0.88626,5000000,1
1414562580000,1414562639000,0.88625,0.88625,0.88614,0.88615,26950000,1
1414562640000,1414562699000,0.88617,0.88626,0.88617,0.88623,38020000,1
1414562700000,1414562759000,0.88623,0.88625,0.88623,0.88625,22310000,1
1414562760000,1414562819000,0.88627,0.88636,0.88627,0.88636,45000000,1
1414562820000,1414562879000,0.88636,0.88636,0.88636,0.88636,21600000,1
1414562880000,1414562939000,0.88637,0.88646,0.88637,0.88646,48630000,1
1414562940000,1414562999000,0.88646,0.88646,0.88637,0.88637,13850000,1
1414563000000,1414563059000,0.88637,0.88637,0.88636,0.88636,2000000,1
1414563060000,1414563119000,0.88636,0.88636,0.88634,0.88634,18000000,1
1414563120000,1414563179000,0.88634,0.88634,0.88627,0.88627,24750000,1
1414563180000,1414563239000,0.88627,0.88627,0.88627,0.88627,20690000,1
1414563240000,1414563299000,0.88627,0.88627,0.88622,0.88624,56250000,1
1414563300000,1414563359000,0.88624,0.88624,0.88622,0.88624,45870000,1
1414563360000,1414563419000,0.88623,0.88637,0.88621,0.88636,39640000,1
1414563420000,1414563479000,0.88636,0.88637,0.88636,0.88636,15930000,1
1414563480000,1414563539000,0.88637,0.88653,0.88637,0.88653,60360000,1
1414563540000,1414563599000,0.88653,0.88655,0.88645,0.88645,25450000,1
1414563600000,1414563659000,0.88645,0.88665,0.88645,0.88665,85350000,1
1414563660000,1414563719000,0.88665,0.8869,0.88665,0.88682,154400000,1
1414563720000,1414563779000,0.88682,0.88684,0.8867,0.88676,55390000,1
1414563780000,1414563839000,0.88676,0.88696,0.88676,0.88677,143710000,1
1414563840000,1414563899000,0.88678,0.8869,0.8867,0.88674,81890000,1
1414563900000,1414563959000,0.88672,0.8868,0.88672,0.88678,148010000,1
1414563960000,1414564019000,0.88678,0.88678,0.88677,0.88677,25480000,1
1414564020000,1414564079000,0.88677,0.88677,0.88672,0.88674,32850000,1
1414564080000,1414564139000,0.88674,0.88679,0.8867,0.8867,35280000,1
1414564140000,1414564199000,0.8867,0.88679,0.8867,0.88677,73140000,1
1414564200000,1414564259000,0.88677,0.88677,0.88677,0.88677,11500000,1
1414564260000,1414564319000,0.88677,0.88677,0.88677,0.88677,10260000,1
1414564320000,1414564379000,0.88677,0.88679,0.88677,0.88679,11520000,1
1414564380000,1414564439000,0.88679,0.88679,0.88676,0.88676,46970000,1
1414564440000,1414564499000,0.88677,0.88677,0.88676,0.88676,17400000,1
1414564500000,1414564559000,0.88676,0.88676,0.8867,0.8867,38020000,1
1414564560000,1414564619000,0.8867,0.88677,0.88664,0.88671,76030000,1
1414564620000,1414564679000,0.88672,0.88674,0.88666,0.88666,52080000,1
1414564680000,1414564739000,0.88666,0.88672,0.88666,0.88672,31050000,1
1414564740000,1414564799000,0.88672,0.88672,0.88657,0.88657,65930000,1
1414564800000,1414564859000,0.88657,0.88657,0.88657,0.88657,36600000,1
1414564860000,1414564919000,0.88656,0.88656,0.88655,0.88655,30510000,1
1414564920000,1414564979000,0.88655,0.88661,0.88655,0.88658,98450000,1
1414564980000,1414565039000,0.88658,0.88658,0.88657,0.88657,10980000,1
1414565040000,1414565099000,0.88657,0.88659,0.88657,0.88657,32240000,1
1414565100000,1414565159000,0.88657,0.8866,0.88657,0.88658,70460000,1
1414565160000,1414565219000,0.88657,0.88657,0.88657,0.88657,13160000,1
1414565220000,1414565279000,0.88657,0.88659,0.88657,0.88657,24490000,1
1414565280000,1414565339000,0.88657,0.88657,0.88656,0.88656,48120000,1
1414565340000,1414565399000,0.88656,0.88668,0.88656,0.88666,139140000,1
1414565400000,1414565459000,0.88666,0.88669,0.88666,0.88669,51090000,1
1414565460000,1414565519000,0.88668,0.88668,0.88668,0.88668,18690000,1
1414565520000,1414565579000,0.88668,0.88668,0.88667,0.88667,32110000,1
1414565580000,1414565639000,0.88666,0.88666,0.8866,0.8866,30780000,1
1414565640000,1414565699000,0.8866,0.88661,0.88658,0.88659,56260000,1
1414565700000,1414565759000,0.88659,0.88659,0.88654,0.88656,101580000,1
1414565760000,1414565819000,0.88656,0.88659,0.88655,0.88655,48690000,1
1414565820000,1414565879000,0.88655,0.88657,0.88655,0.88657,54670000,1
1414565880000,1414565939000,0.88657,0.88657,0.88647,0.88647,24350000,1
1414565940000,1414565999000,0.88647,0.88647,0.88597,0.88603,91100000,1
1414566000000,1414566059000,0.88603,0.88606,0.88602,0.88606,75690000,1
1414566060000,1414566119000,0.88606,0.88624,0.88606,0.88617,173250000,1
1414566120000,1414566179000,0.88621,0.88622,0.88608,0.88614,173540000,1
1414566180000,1414566239000,0.88614,0.88619,0.88609,0.88618,116140000,1
1414566240000,1414566299000,0.88618,0.88656,0.88618,0.88656,104700000,1
1414566300000,1414566359000,0.88656,0.88666,0.88656,0.88666,53290000,1
1414566360000,1414566419000,0.88666,0.88675,0.88666,0.88675,98080000,1
1414566420000,1414566479000,0.88675,0.88675,0.88668,0.88675,60240000,1
1414566480000,1414566539000,0.88676,0.88676,0.88675,0.88675,8890000,1
1414566540000,1414566599000,0.88675,0.88675,0.88657,0.88657,40310000,1
1414566600000,1414566659000,0.88657,0.88663,0.88656,0.88663,69670000,1
1414566660000,1414566719000,0.88663,0.88666,0.88663,0.88663,42950000,1
1414566720000,1414566779000,0.88661,0.88661,0.88657,0.88659,32580000,1
1414566780000,1414566839000,0.88659,0.88664,0.88659,0.88664,38690000,1
1414566840000,1414566899000,0.88664,0.88666,0.88664,0.88666,39530000,1
1414566900000,1414566959000,0.88666,0.88669,0.88666,0.88668,17020000,1
1414566960000,1414567019000,0.88665,0.88667,0.88657,0.88663,50730000,1
1414567020000,1414567079000,0.88663,0.88672,0.88663,0.88667,71810000,1
1414567080000,1414567139000,0.88667,0.8868,0.88667,0.88677,84980000,1
1414567140000,1414567199000,0.88676,0.88676,0.88666,0.88672,131780000,1
1414567200000,1414567259000,0.88672,0.88676,0.8867,0.8867,24400000,1
1414567260000,1414567319000,0.8867,0.88677,0.8867,0.88677,62330000,1
1414567320000,1414567379000,0.88677,0.88677,0.88676,0.88676,31660000,1
1414567380000,1414567439000,0.88676,0.88676,0.88672,0.88674,18760000,1
1414567440000,1414567499000,0.88676,0.88676,0.88676,0.88676,76530000,1
1414567500000,1414567559000,0.88676,0.88676,0.88676,0.88676,72180000,1
1414567560000,1414567619000,0.88676,0.8868,0.88676,0.88678,47220000,1
1414567620000,1414567679000,0.88678,0.88688,0.88678,0.88688,58510000,1
1414567680000,1414567739000,0.88689,0.88691,0.88689,0.88691,117790000,1
1414567740000,1414567799000,0.88691,0.88692,0.88691,0.88691,59010000,1
1414567800000,1414567859000,0.88691,0.88691,0.88687,0.88688,14950000,1
1414567860000,1414567919000,0.88688,0.88767,0.88688,0.88755,297820000,1
1414567920000,1414567979000,0.88752,0.88756,0.88749,0.88755,96950000,1
1414567980000,1414568039000,0.88755,0.88755,0.8874,0.88746,91270000,1
1414568040000,1414568099000,0.88746,0.88746,0.8873,0.8873,83320000,1
1414568100000,1414568159000,0.8873,0.88731,0.88727,0.88727,26240000,1
1414568160000,1414568219000,0.88727,0.88727,0.88722,0.88726,44360000,1
1414568220000,1414568279000,0.88727,0.8873,0.88724,0.8873,105520000,1
1414568280000,1414568339000,0.8873,0.88734,0.88727,0.8873,74970000,1
1414568340000,1414568399000,0.8873,0.88742,0.8873,0.88742,50100000,1
1414568400000,1414568459000,0.88742,0.88748,0.88741,0.88747,68670000,1
1414568460000,1414568519000,0.88747,0.88751,0.88742,0.88751,132930000,1
1414568520000,1414568579000,0.88751,0.88766,0.88751,0.88751,131680000,1
1414568580000,1414568639000,0.88751,0.88752,0.88731,0.88731,86620000,1
1414568640000,1414568699000,0.88731,0.88731,0.88725,0.88725,72930000,1
1414568700000,1414568759000,0.88725,0.88725,0.88725,0.88725,1000000,1
1414568760000,1414568819000,0.88725,0.88743,0.88725,0.88737,61480000,1
1414568820000,1414568879000,0.88737,0.88737,0.88736,0.88736,34500000,1
1414568880000,1414568939000,0.88736,0.88741,0.88736,0.8874,64610000,1
1414568940000,1414568999000,0.8874,0.8874,0.88735,0.88739,70370000,1
1414569000000,1414569059000,0.88739,0.88741,0.88731,0.88733,44460000,1
1414569060000,1414569119000,0.88734,0.88735,0.88734,0.88735,48120000,1
1414569120000,1414569179000,0.88735,0.88735,0.88727,0.88731,52990000,1
1414569180000,1414569239000,0.88731,0.88731,0.8871,0.88725,101220000,1
1414569240000,1414569299000,0.88725,0.88725,0.88715,0.88715,47890000,1
1414569300000,1414569359000,0.88715,0.88716,0.88712,0.88716,44050000,1
1414569360000,1414569419000,0.88716,0.88732,0.88716,0.88724,106850000,1
1414569420000,1414569479000,0.88724,0.88736,0.88724,0.88736,52050000,1
1414569480000,1414569539000,0.88736,0.88736,0.88736,0.88736,18610000,1
1414569540000,1414569599000,0.88736,0.88736,0.8873,0.88735,18010000,1
1414569600000,1414569659000,0.88735,0.88736,0.88727,0.88727,43510000,1
1414569660000,1414569719000,0.88727,0.88757,0.88727,0.88749,90230000,1
1414569720000,1414569779000,0.88747,0.88769,0.88747,0.88763,69590000,1
1414569780000,1414569839000,0.88763,0.88773,0.88761,0.88773,33580000,1
1414569840000,1414569899000,0.88773,0.88773,0.88763,0.88767,42110000,1
1414569900000,1414569959000,0.88767,0.88767,0.8876,0.88763,18480000,1
1414569960000,1414570019000,0.88762,0.88763,0.8875,0.88754,106890000,1
1414570020000,1414570079000,0.88754,0.88754,0.88739,0.88747,55120000,1
1414570080000,1414570139000,0.88747,0.88747,0.88741,0.88741,55070000,1
1414570140000,1414570199000,0.88741,0.88742,0.88729,0.88741,76370000,1
1414570200000,1414570259000,0.88739,0.88757,0.88737,0.88752,120200000,1
1414570260000,1414570319000,0.88751,0.88784,0.88751,0.88782,119800000,1
1414570320000,1414570379000,0.88782,0.88786,0.88767,0.88777,96150000,1
1414570380000,1414570439000,0.88777,0.88777,0.88762,0.88776,63110000,1
1414570440000,1414570499000,0.88776,0.88776,0.88754,0.88758,67970000,1
1414570500000,1414570559000,0.88758,0.88765,0.88749,0.88757,67700000,1
1414570560000,1414570619000,0.88757,0.88757,0.88752,0.88756,38250000,1
1414570620000,1414570679000,0.88756,0.88756,0.88752,0.88753,70710000,1
1414570680000,1414570739000,0.88754,0.88777,0.88753,0.88777,35600000,1
1414570740000,1414570799000,0.88776,0.88776,0.88767,0.88775,51520000,1
1414570800000,1414570859000,0.88775,0.88791,0.88773,0.88785,62190000,1
1414570860000,1414570919000,0.88784,0.88785,0.88774,0.88774,43610000,1
1414570920000,1414570979000,0.88776,0.88777,0.88772,0.88776,53800000,1
1414570980000,1414571039000,0.88776,0.88777,0.88771,0.88776,55100000,1
1414571040000,1414571099000,0.88776,0.88777,0.88771,0.88772,43150000,1
1414571100000,1414571159000,0.88772,0.88772,0.8875,0.88757,90300000,1
1414571160000,1414571219000,0.88757,0.88782,0.88757,0.8878,113940000,1
1414571220000,1414571279000,0.8878,0.88781,0.88767,0.88767,72520000,1
1414571280000,1414571339000,0.88767,0.88767,0.88758,0.88764,70440000,1
1414571340000,1414571399000,0.88764,0.88767,0.88763,0.88767,57080000,1
1414571400000,1414571459000,0.88767,0.88777,0.88765,0.88777,60090000,1
1414571460000,1414571519000,0.88778,0.88791,0.88778,0.8878,90460000,1
1414571520000,1414571579000,0.88778,0.88787,0.88772,0.88781,106390000,1
1414571580000,1414571639000,0.8878,0.88826,0.88777,0.88809,158070000,1
1414571640000,1414571699000,0.88809,0.88809,0.88787,0.8879,67520000,1
1414571700000,1414571759000,0.8879,0.88807,0.8878,0.88801,183850000,1
1414571760000,1414571819000,0.888,0.88817,0.88792,0.88815,112590000,1
1414571820000,1414571879000,0.88814,0.8882,0.88807,0.88816,87410000,1
1414571880000,1414571939000,0.88816,0.88826,0.88816,0.88826,30610000,1
1414571940000,1414571999000,0.88825,0.88825,0.888,0.88805,99440000,1
1414572000000,1414572059000,0.88806,0.88819,0.88802,0.88802,40700000,1
1414572060000,1414572119000,0.88803,0.88812,0.88803,0.88808,81670000,1
1414572120000,1414572179000,0.88807,0.88808,0.88803,0.88804,56270000,1
1414572180000,1414572239000,0.88801,0.88805,0.88797,0.88797,55590000,1
1414572240000,1414572299000,0.88798,0.88803,0.88787,0.88795,48680000,1
1414572300000,1414572359000,0.88794,0.88796,0.8878,0.8878,101830000,1
1414572360000,1414572419000,0.88785,0.88788,0.88772,0.88775,83510000,1
1414572420000,1414572479000,0.88775,0.88791,0.88775,0.88787,91430000,1
1414572480000,1414572539000,0.88787,0.88787,0.88772,0.88777,38290000,1
1414572540000,1414572599000,0.88777,0.88777,0.88752,0.88763,71460000,1
1414572600000,1414572659000,0.88766,0.88771,0.88759,0.88765,56420000,1
1414572660000,1414572719000,0.88765,0.88768,0.88765,0.88767,14390000,1
1414572720000,1414572779000,0.88767,0.88767,0.8876,0.8876,26360000,1
1414572780000,1414572839000,0.88758,0.88759,0.88755,0.88756,59400000,1
1414572840000,1414572899000,0.88756,0.88756,0.88743,0.88746,50520000,1
1414572900000,1414572959000,0.88746,0.88756,0.88743,0.88747,49280000,1
1414572960000,1414573019000,0.88747,0.88747,0.88729,0.88733,57720000,1
1414573020000,1414573079000,0.88733,0.88734,0.8872,0.88727,85170000,1
1414573080000,1414573139000,0.88727,0.8875,0.88722,0.88726,88160000,1
1414573140000,1414573199000,0.88726,0.88747,0.88722,0.88727,104400000,1
1414573200000,1414573259000,0.88727,0.88737,0.88726,0.88727,115030000,1
1414573260000,1414573319000,0.88727,0.88747,0.88727,0.88747,77830000,1
1414573320000,1414573379000,0.88747,0.88747,0.88737,0.8874,104430000,1
1414573380000,1414573439000,0.8874,0.88752,0.88732,0.88752,64490000,1
1414573440000,1414573499000,0.8875,0.88751,0.88741,0.88748,32330000,1
1414573500000,1414573559000,0.88745,0.88747,0.88741,0.88746,21320000,1
1414573560000,1414573619000,0.88746,0.88751,0.88746,0.88747,25950000,1
1414573620000,1414573679000,0.88747,0.88747,0.88747,0.88747,14750000,1
1414573680000,1414573739000,0.88747,0.88755,0.88746,0.88747,26480000,1
1414573740000,1414573799000,0.88746,0.88746,0.88732,0.88732,27590000,1
1414573800000,1414573859000,0.88732,0.88737,0.88724,0.88737,52220000,1
1414573860000,1414573919000,0.88737,0.88747,0.8873,0.8873,52300000,1
1414573920000,1414573979000,0.88731,0.88733,0.88728,0.88731,15820000,1
1414573980000,1414574039000,0.88731,0.88746,0.88731,0.88744,99720000,1
1414574040000,1414574099000,0.88743,0.88751,0.88742,0.88745,52800000,1
1414574100000,1414574159000,0.88745,0.88746,0.88741,0.88743,43340000,1
1414574160000,1414574219000,0.88743,0.88745,0.8874,0.8874,25900000,1
1414574220000,1414574279000,0.88741,0.88751,0.88741,0.8875,74900000,1
1414574280000,1414574339000,0.88749,0.88755,0.88749,0.8875,46400000,1
1414574340000,1414574399000,0.8875,0.88758,0.8875,0.88755,58580000,1
1414574400000,1414574459000,0.88755,0.88758,0.88733,0.88738,92000000,1
1414574460000,1414574519000,0.88737,0.88741,0.88737,0.88741,21870000,1
1414574520000,1414574579000,0.8874,0.88747,0.8874,0.88744,19000000,1
1414574580000,1414574639000,0.88744,0.88761,0.88744,0.88757,73650000,1
1414574640000,1414574699000,0.88757,0.88767,0.88755,0.88767,30680000,1
1414574700000,1414574759000,0.88768,0.88779,0.88753,0.88753,41750000,1
1414574760000,1414574819000,0.88753,0.88756,0.88753,0.88753,30280000,1
1414574820000,1414574879000,0.88753,0.88757,0.88752,0.88756,91210000,1
1414574880000,1414574939000,0.88757,0.88784,0.88757,0.8878,44290000,1
1414574940000,1414574999000,0.88778,0.88778,0.88767,0.88771,55050000,1
1414575000000,1414575059000,0.88771,0.88771,0.88761,0.88761,22500000,1
1414575060000,1414575119000,0.88761,0.88767,0.88761,0.88766,47760000,1
1414575120000,1414575179000,0.88772,0.88776,0.88765,0.88772,61570000,1
1414575180000,1414575239000,0.88772,0.88785,0.88772,0.88784,36640000,1
1414575240000,1414575299000,0.88783,0.88786,0.88777,0.88783,48260000,1
1414575300000,1414575359000,0.88783,0.88797,0.88782,0.88796,51020000,1
1414575360000,1414575419000,0.88798,0.88798,0.88793,0.88795,35820000,1
1414575420000,1414575479000,0.88795,0.88795,0.8878,0.8878,48270000,1
1414575480000,1414575539000,0.8878,0.88787,0.8878,0.88787,21740000,1
1414575540000,1414575599000,0.88786,0.88786,0.88776,0.88778,20780000,1
1414575600000,1414575659000,0.88776,0.88778,0.88771,0.88771,14030000,1
1414575660000,1414575719000,0.88771,0.88786,0.88771,0.88785,57100000,1
1414575720000,1414575779000,0.88785,0.88786,0.88783,0.88784,40680000,1
1414575780000,1414575839000,0.88784,0.88788,0.88784,0.88788,14110000,1
1414575840000,1414575899000,0.88787,0.88787,0.88782,0.88785,17500000,1
1414575900000,1414575959000,0.88785,0.88787,0.88785,0.88787,9080000,1
1414575960000,1414576019000,0.88787,0.88787,0.88787,0.88787,2000000,1
1414576020000,1414576079000,0.88787,0.88796,0.88787,0.88796,64220000,1
1414576080000,1414576139000,0.88797,0.88819,0.88797,0.88819,79830000,1
1414576140000,1414576199000,0.88818,0.88819,0.8881,0.88814,106070000,1
1414576200000,1414576259000,0.88814,0.88817,0.88807,0.88817,46280000,1
1414576260000,1414576319000,0.88817,0.88818,0.88807,0.88807,40440000,1
1414576320000,1414576379000,0.88807,0.88814,0.88804,0.88805,77910000,1
1414576380000,1414576439000,0.88804,0.88807,0.88802,0.88805,47380000,1
1414576440000,1414576499000,0.88805,0.8881,0.88802,0.88805,33330000,1
1414576500000,1414576559000,0.88805,0.88805,0.88794,0.88795,19200000,1
1414576560000,1414576619000,0.88797,0.88804,0.88797,0.88802,81190000,1
1414576620000,1414576679000,0.88802,0.88816,0.88802,0.88816,119840000,1
1414576680000,1414576739000,0.88816,0.8882,0.88805,0.88806,61480000,1
1414576740000,1414576799000,0.88806,0.88806,0.88792,0.88796,72650000,1
1414576800000,1414576859000,0.88794,0.88797,0.88789,0.8879,52910000,1
1414576860000,1414576919000,0.8879,0.88794,0.8878,0.88788,76090000,1
1414576920000,1414576979000,0.88786,0.88787,0.88767,0.88787,45730000,1
1414576980000,1414577039000,0.88785,0.88785,0.88774,0.88776,15260000,1
1414577040000,1414577099000,0.88776,0.88776,0.88769,0.8877,60780000,1
1414577100000,1414577159000,0.8877,0.88771,0.88761,0.88767,52320000,1
1414577160000,1414577219000,0.88769,0.88781,0.88769,0.88778,75750000,1
1414577220000,1414577279000,0.88778,0.88786,0.88778,0.88782,54930000,1
1414577280000,1414577339000,0.88782,0.88782,0.88772,0.88772,38190000,1
1414577340000,1414577399000,0.88772,0.88776,0.88764,0.88775,39280000,1
1414577400000,1414577459000,0.88775,0.88776,0.88775,0.88775,39560000,1
1414577460000,1414577519000,0.88775,0.88777,0.88771,0.88771,37230000,1
1414577520000,1414577579000,0.88771,0.88773,0.88762,0.88762,40410000,1
1414577580000,1414577639000,0.88762,0.88766,0.88762,0.88765,29650000,1
1414577640000,1414577699000,0.88765,0.88772,0.88765,0.88765,43810000,1
1414577700000,1414577759000,0.88766,0.88766,0.88765,0.88765,8880000,1
1414577760000,1414577819000,0.88766,0.88766,0.88762,0.88766,33550000,1
1414577820000,1414577879000,0.88766,0.88767,0.88755,0.88755,15670000,1
1414577880000,1414577939000,0.88756,0.88773,0.88752,0.88769,47930000,1
1414577940000,1414577999000,0.88767,0.88786,0.88767,0.88782,85920000,1
1414578000000,1414578059000,0.88782,0.88785,0.88779,0.88783,52670000,1
1414578060000,1414578119000,0.88783,0.88784,0.88782,0.88782,46060000,1
1414578120000,1414578179000,0.88782,0.88797,0.88782,0.88794,75890000,1
1414578180000,1414578239000,0.88796,0.88798,0.88787,0.88797,87590000,1
1414578240000,1414578299000,0.88797,0.88797,0.88786,0.88786,67690000,1
1414578300000,1414578359000,0.88786,0.88807,0.88786,0.88806,70440000,1
1414578360000,1414578419000,0.88806,0.88806,0.8879,0.88797,68180000,1
1414578420000,1414578479000,0.88797,0.88797,0.88789,0.88789,20150000,1
1414578480000,1414578539000,0.88791,0.88807,0.88787,0.88787,141410000,1
1414578540000,1414578599000,0.88787,0.88787,0.88767,0.88779,76130000,1
1414578600000,1414578659000,0.88778,0.88779,0.8877,0.8877,60450000,1
1414578660000,1414578719000,0.8877,0.88792,0.88767,0.8879,118800000,1
1414578720000,1414578779000,0.88789,0.88798,0.88787,0.88795,105150000,1
1414578780000,1414578839000,0.88795,0.88799,0.88789,0.88797,75950000,1
1414578840000,1414578899000,0.88797,0.88799,0.88787,0.88788,46240000,1
1414578900000,1414578959000,0.88788,0.88817,0.88788,0.88808,71330000,1
1414578960000,1414579019000,0.88808,0.88811,0.88797,0.88797,47770000,1
1414579020000,1414579079000,0.88797,0.888,0.88787,0.888,78950000,1
1414579080000,1414579139000,0.88801,0.88801,0.88788,0.88795,60590000,1
1414579140000,1414579199000,0.88795,0.88795,0.88787,0.88788,23540000,1
1414579200000,1414579259000,0.88785,0.88792,0.88777,0.88789,84230000,1
1414579260000,1414579319000,0.88789,0.88798,0.88789,0.88797,41770000,1
1414579320000,1414579379000,0.88797,0.88799,0.88787,0.88798,96890000,1
1414579380000,1414579439000,0.88799,0.888,0.88777,0.88778,66180000,1
1414579440000,1414579499000,0.88778,0.88781,0.88767,0.8877,112230000,1
1414579500000,1414579559000,0.88768,0.88777,0.88767,0.88771,69630000,1
1414579560000,1414579619000,0.88774,0.8878,0.8877,0.88772,101620000,1
1414579620000,1414579679000,0.88772,0.88772,0.88749,0.88758,84640000,1
1414579680000,1414579739000,0.88758,0.88767,0.88756,0.88759,54790000,1
1414579740000,1414579799000,0.88762,0.88778,0.88762,0.88778,51510000,1
1414579800000,1414579859000,0.88778,0.88782,0.88773,0.88773,47940000,1
1414579860000,1414579919000,0.88773,0.88777,0.88773,0.88776,7190000,1
1414579920000,1414579979000,0.88776,0.88786,0.88776,0.88786,15190000,1
1414579980000,1414580039000,0.88786,0.88786,0.88779,0.88779,32630000,1
1414580040000,1414580099000,0.88779,0.88785,0.88777,0.88779,42680000,1
1414580100000,1414580159000,0.88779,0.88779,0.88777,0.88777,3000000,1
1414580160000,1414580219000,0.88777,0.88778,0.88774,0.88776,16570000,1
1414580220000,1414580279000,0.88776,0.88806,0.88776,0.88806,63050000,1
1414580280000,1414580339000,0.88806,0.88823,0.88806,0.88807,90100000,1
1414580340000,1414580399000,0.88807,0.88821,0.88787,0.88813,117120000,1
1414580400000,1414580459000,0.88813,0.88813,0.88799,0.88803,48800000,1
1414580460000,1414580519000,0.88803,0.88808,0.8879,0.88794,89450000,1
1414580520000,1414580579000,0.88794,0.88808,0.88794,0.88804,48500000,1
1414580580000,1414580639000,0.88804,0.88817,0.88804,0.88816,71080000,1
1414580640000,1414580699000,0.88816,0.88826,0.88813,0.88824,78300000,1
1414580700000,1414580759000,0.88824,0.88856,0.88821,0.88836,69560000,1
1414580760000,1414580819000,0.88836,0.88836,0.88823,0.88827,39110000,1
1414580820000,1414580879000,0.88827,0.88827,0.888,0.88808,74860000,1
1414580880000,1414580939000,0.88808,0.88808,0.888,0.88803,61470000,1
1414580940000,1414580999000,0.88803,0.88804,0.88796,0.88796,51670000,1
1414581000000,1414581059000,0.88796,0.88796,0.88796,0.88796,35040000,1
1414581060000,1414581119000,0.88796,0.88796,0.88787,0.88788,10360000,1
1414581120000,1414581179000,0.88788,0.88799,0.88788,0.88799,23670000,1
1414581180000,1414581239000,0.88799,0.888,0.88796,0.88799,6220000,1
1414581240000,1414581299000,0.88799,0.88807,0.88798,0.88807,21560000,1
1414581300000,1414581359000,0.88806,0.88816,0.88806,0.88816,10590000,1
1414581360000,1414581419000,0.88818,0.88821,0.88816,0.88818,33320000,1
1414581420000,1414581479000,0.88818,0.88818,0.888,0.88801,44460000,1
1414581480000,1414581539000,0.88801,0.88805,0.88798,0.88804,47050000,1
1414581540000,1414581599000,0.88806,0.88816,0.88806,0.88815,16780000,1
1414581600000,1414581659000,0.88814,0.88815,0.88813,0.88813,21870000,1
1414581660000,1414581719000,0.88813,0.88814,0.88808,0.8881,65520000,1
1414581720000,1414581779000,0.88809,0.88809,0.88802,0.88807,42830000,1
1414581780000,1414581839000,0.88806,0.88808,0.88801,0.88808,30050000,1
1414581840000,1414581899000,0.88808,0.88812,0.88808,0.88811,64220000,1
1414581900000,1414581959000,0.88811,0.88818,0.88811,0.88818,70850000,1
1414581960000,1414582019000,0.88818,0.88826,0.88817,0.88817,65710000,1
1414582020000,1414582079000,0.88817,0.88818,0.88817,0.88818,12720000,1
1414582080000,1414582139000,0.88818,0.88828,0.88817,0.88824,36260000,1
1414582140000,1414582199000,0.88824,0.88824,0.88794,0.88799,68570000,1
1414582200000,1414582259000,0.88799,0.88809,0.88795,0.88807,66470000,1
1414582260000,1414582319000,0.88807,0.88817,0.88807,0.88817,44960000,1
1414582320000,1414582379000,0.88817,0.88818,0.88808,0.88809,43510000,1
1414582380000,1414582439000,0.88807,0.88808,0.88797,0.88806,21190000,1
1414582440000,1414582499000,0.88805,0.88805,0.88805,0.88805,45410000,1
1414582500000,1414582559000,0.88805,0.88822,0.88798,0.88817,58490000,1
1414582560000,1414582619000,0.88817,0.88844,0.88817,0.88837,74280000,1
1414582620000,1414582679000,0.88837,0.88838,0.8882,0.88826,66120000,1
1414582680000,1414582739000,0.88826,0.88826,0.8882,0.88824,67470000,1
1414582740000,1414582799000,0.88824,0.88824,0.88817,0.88817,31760000,1
1414582800000,1414582859000,0.88817,0.88818,0.88813,0.88816,32420000,1
1414582860000,1414582919000,0.88816,0.88816,0.88795,0.88795,25780000,1
1414582920000,1414582979000,0.88795,0.88818,0.88795,0.88817,57310000,1
1414582980000,1414583039000,0.88817,0.88817,0.8881,0.8881,35620000,1
1414583040000,1414583099000,0.88809,0.88811,0.88808,0.88811,33160000,1
1414583100000,1414583159000,0.88818,0.8883,0.88818,0.88829,36210000,1
1414583160000,1414583219000,0.88829,0.88836,0.88827,0.8883,73060000,1
1414583220000,1414583279000,0.88829,0.8883,0.8882,0.8882,27210000,1
1414583280000,1414583339000,0.88821,0.88825,0.88817,0.88825,34820000,1
1414583340000,1414583399000,0.88825,0.88827,0.8882,0.8882,40090000,1
1414583400000,1414583459000,0.88818,0.88818,0.88805,0.88807,45430000,1
1414583460000,1414583519000,0.88807,0.88808,0.88806,0.88806,28600000,1
1414583520000,1414583579000,0.88806,0.88807,0.88806,0.88807,27650000,1
1414583580000,1414583639000,0.88807,0.88818,0.88806,0.88815,71460000,1
1414583640000,1414583699000,0.88815,0.88891,0.88815,0.88891,161560000,1
1414583700000,1414583759000,0.88891,0.88892,0.88843,0.88861,159530000,1
1414583760000,1414583819000,0.88864,0.88885,0.8885,0.88852,136660000,1
1414583820000,1414583879000,0.88852,0.88868,0.88852,0.88867,97940000,1
1414583880000,1414583939000,0.88867,0.88885,0.88867,0.88881,105280000,1
1414583940000,1414583999000,0.8888,0.8888,0.88875,0.88876,49660000,1
1414584000000,1414584059000,0.88876,0.88876,0.88849,0.88857,102580000,1
1414584060000,1414584119000,0.88857,0.88858,0.88852,0.88852,45770000,1
1414584120000,1414584179000,0.88855,0.88878,0.88843,0.88875,57270000,1
1414584180000,1414584239000,0.88875,0.88885,0.88875,0.88883,28470000,1
1414584240000,1414584299000,0.88884,0.88888,0.88882,0.88888,24930000,1
1414584300000,1414584359000,0.88884,0.88886,0.88882,0.88882,49800000,1
1414584360000,1414584419000,0.88881,0.88885,0.88881,0.88884,60690000,1
1414584420000,1414584479000,0.88884,0.88884,0.8886,0.88861,24600000,1
1414584480000,1414584539000,0.88859,0.88867,0.88856,0.88863,31410000,1
1414584540000,1414584599000,0.88863,0.88868,0.88859,0.88863,45680000,1
1414584600000,1414584659000,0.88863,0.88885,0.88863,0.88885,39000000,1
1414584660000,1414584719000,0.88887,0.88896,0.88883,0.88885,61310000,1
1414584720000,1414584779000,0.88886,0.88915,0.88886,0.88906,85940000,1
1414584780000,1414584839000,0.88906,0.88913,0.88903,0.88913,64280000,1
1414584840000,1414584899000,0.88913,0.88913,0.88904,0.88908,53310000,1
1414584900000,1414584959000,0.88908,0.88908,0.88896,0.88898,38120000,1
1414584960000,1414585019000,0.88897,0.88897,0.88885,0.88885,79080000,1
1414585020000,1414585079000,0.88885,0.88897,0.88884,0.88896,33050000,1
1414585080000,1414585139000,0.88896,0.88898,0.88896,0.88897,12210000,1
1414585140000,1414585199000,0.88897,0.88898,0.88891,0.88897,50320000,1
1414585200000,1414585259000,0.88897,0.88907,0.88897,0.88903,86920000,1
1414585260000,1414585319000,0.88903,0.88908,0.88901,0.88906,31300000,1
1414585320000,1414585379000,0.88906,0.88917,0.88906,0.88915,46420000,1
1414585380000,1414585439000,0.88913,0.88918,0.88909,0.88909,54780000,1
1414585440000,1414585499000,0.88907,0.88916,0.88907,0.8891,65520000,1
1414585500000,1414585559000,0.8891,0.88918,0.88907,0.88909,50040000,1
1414585560000,1414585619000,0.88907,0.88918,0.88907,0.88918,35770000,1
1414585620000,1414585679000,0.88914,0.88917,0.88914,0.88914,11480000,1
1414585680000,1414585739000,0.88914,0.88914,0.88907,0.88907,44900000,1
1414585740000,1414585799000,0.88907,0.88908,0.88907,0.88908,51440000,1
1414585800000,1414585859000,0.88908,0.88908,0.88896,0.88896,49190000,1
1414585860000,1414585919000,0.88896,0.88899,0.88887,0.88889,60510000,1
1414585920000,1414585979000,0.88888,0.88904,0.88882,0.88897,110190000,1
1414585980000,1414586039000,0.88897,0.88904,0.88897,0.88904,22320000,1
1414586040000,1414586099000,0.88905,0.88905,0.88895,0.88902,24730000,1
1414586100000,1414586159000,0.88902,0.88908,0.88902,0.88906,46730000,1
1414586160000,1414586219000,0.88906,0.88915,0.88906,0.88913,37230000,1
1414586220000,1414586279000,0.8891,0.88921,0.88909,0.88919,73190000,1
1414586280000,1414586339000,0.88919,0.88921,0.88907,0.88907,33980000,1
1414586340000,1414586399000,0.88907,0.88912,0.88897,0.88907,63900000,1
1414586400000,1414586459000,0.88907,0.88918,0.88907,0.88917,38290000,1
1414586460000,1414586519000,0.88917,0.88922,0.88915,0.88917,57980000,1
1414586520000,1414586579000,0.88917,0.88923,0.8891,0.8891,39150000,1
1414586580000,1414586639000,0.88907,0.88914,0.88906,0.88906,34130000,1
1414586640000,1414586699000,0.88906,0.88914,0.88898,0.8891,59610000,1
1414586700000,1414586759000,0.8891,0.88919,0.88907,0.88918,56510000,1
1414586760000,1414586819000,0.88918,0.88918,0.88887,0.88897,90450000,1
1414586820000,1414586879000,0.88897,0.88918,0.88897,0.8891,76250000,1
1414586880000,1414586939000,0.8891,0.88914,0.88907,0.88907,43410000,1
1414586940000,1414586999000,0.88907,0.88907,0.88887,0.88903,68550000,1
1414587000000,1414587059000,0.88904,0.88906,0.88879,0.88883,45880000,1
1414587060000,1414587119000,0.88881,0.88885,0.88868,0.88877,37060000,1
1414587120000,1414587179000,0.88876,0.88887,0.88871,0.88886,73890000,1
1414587180000,1414587239000,0.88886,0.88887,0.88879,0.88886,49400000,1
1414587240000,1414587299000,0.88886,0.88886,0.88886,0.88886,21090000,1
1414587300000,1414587359000,0.88886,0.88886,0.88879,0.8888,55890000,1
1414587360000,1414587419000,0.88878,0.88878,0.88863,0.8887,53630000,1
1414587420000,1414587479000,0.8887,0.88886,0.8887,0.88882,69830000,1
1414587480000,1414587539000,0.88882,0.88887,0.88879,0.88887,91910000,1
1414587540000,1414587599000,0.88887,0.88912,0.88886,0.88907,69130000,1
1414587600000,1414587659000,0.88906,0.88906,0.88891,0.88897,67540000,1
1414587660000,1414587719000,0.88898,0.88898,0.88877,0.88887,80550000,1
1414587720000,1414587779000,0.88888,0.88888,0.88875,0.88875,53060000,1
1414587780000,1414587839000,0.88875,0.88892,0.88875,0.88887,55930000,1
1414587840000,1414587899000,0.88887,0.88887,0.88877,0.8888,59670000,1
1414587900000,1414587959000,0.8888,0.88886,0.88873,0.88877,44960000,1
1414587960000,1414588019000,0.88877,0.88877,0.88867,0.88871,32100000,1
1414588020000,1414588079000,0.88873,0.88882,0.8887,0.88876,37600000,1
1414588080000,1414588139000,0.88876,0.88876,0.88861,0.88865,61260000,1
1414588140000,1414588199000,0.88865,0.88867,0.88865,0.88865,40260000,1
1414588200000,1414588259000,0.88865,0.88873,0.88859,0.88865,30880000,1
1414588260000,1414588319000,0.88865,0.88865,0.88855,0.88858,37240000,1
1414588320000,1414588379000,0.88858,0.88858,0.88857,0.88857,5000000,1
1414588380000,1414588439000,0.88858,0.88865,0.88847,0.88853,25290000,1
1414588440000,1414588499000,0.88853,0.88858,0.8885,0.88856,33210000,1
1414588500000,1414588559000,0.88856,0.88877,0.88847,0.88877,99200000,1
1414588560000,1414588619000,0.88876,0.889,0.8887,0.88889,119500000,1
1414588620000,1414588679000,0.88891,0.88892,0.88888,0.88891,76970000,1
1414588680000,1414588739000,0.88891,0.88893,0.88891,0.88892,20920000,1
1414588740000,1414588799000,0.88892,0.88903,0.88892,0.88897,45570000,1
1414588800000,1414588859000,0.88897,0.88897,0.8889,0.88892,29590000,1
1414588860000,1414588919000,0.88892,0.88917,0.88892,0.88912,82740000,1
1414588920000,1414588979000,0.88912,0.88913,0.88904,0.88905,42500000,1
1414588980000,1414589039000,0.88904,0.88926,0.88904,0.88917,62240000,1
1414589040000,1414589099000,0.88918,0.88932,0.88915,0.88927,96960000,1
1414589100000,1414589159000,0.88927,0.88944,0.88926,0.88938,48550000,1
1414589160000,1414589219000,0.88936,0.88936,0.88925,0.88925,38380000,1
1414589220000,1414589279000,0.88925,0.88933,0.88925,0.88932,52600000,1
1414589280000,1414589339000,0.8894,0.88945,0.88924,0.88932,89660000,1
1414589340000,1414589399000,0.88931,0.88953,0.88931,0.8895,111180000,1
1414589400000,1414589459000,0.8895,0.8895,0.88919,0.88919,42860000,1
1414589460000,1414589519000,0.88917,0.88925,0.88915,0.88925,56590000,1
1414589520000,1414589579000,0.88926,0.88938,0.88926,0.88938,76060000,1
1414589580000,1414589639000,0.88937,0.88943,0.88932,0.88936,40020000,1
1414589640000,1414589699000,0.88936,0.88936,0.88915,0.88926,67050000,1
1414589700000,1414589759000,0.88926,0.88927,0.88913,0.88921,90040000,1
1414589760000,1414589819000,0.88921,0.88926,0.88912,0.88923,135480000,1
1414589820000,1414589879000,0.88923,0.88923,0.88912,0.88912,37390000,1
1414589880000,1414589939000,0.88914,0.88926,0.88914,0.88916,34810000,1
1414589940000,1414589999000,0.88918,0.88934,0.88912,0.88915,118870000,1
1414590000000,1414590059000,0.88918,0.88919,0.88916,0.88917,43130000,1
1414590060000,1414590119000,0.88917,0.88917,0.88897,0.88905,70910000,1
1414590120000,1414590179000,0.88905,0.88928,0.88905,0.88926,86610000,1
1414590180000,1414590239000,0.88926,0.88926,0.88919,0.88925,35060000,1
1414590240000,1414590299000,0.88927,0.88965,0.88925,0.88947,74900000,1
1414590300000,1414590359000,0.88947,0.88947,0.88903,0.88908,64700000,1
1414590360000,1414590419000,0.88908,0.88925,0.88908,0.88919,91430000,1
1414590420000,1414590479000,0.88919,0.88919,0.88906,0.88907,54890000,1
1414590480000,1414590539000,0.88906,0.88906,0.88891,0.88891,80410000,1
1414590540000,1414590599000,0.88891,0.88918,0.88891,0.88918,131460000,1
1414590600000,1414590659000,0.88917,0.88933,0.88914,0.88933,104520000,1
1414590660000,1414590719000,0.88932,0.88937,0.88927,0.88928,77530000,1
1414590720000,1414590779000,0.88928,0.88953,0.88918,0.88918,106590000,1
1414590780000,1414590839000,0.88918,0.88923,0.88908,0.88919,42310000,1
1414590840000,1414590899000,0.88919,0.88919,0.88907,0.88908,36630000,1
1414590900000,1414590959000,0.88908,0.88916,0.88906,0.88906,38320000,1
1414590960000,1414591019000,0.88905,0.88914,0.88899,0.88904,54860000,1
1414591020000,1414591079000,0.88904,0.88907,0.88891,0.88901,68310000,1
1414591080000,1414591139000,0.88902,0.88907,0.88897,0.88907,53160000,1
1414591140000,1414591199000,0.88907,0.88913,0.88902,0.8891,79470000,1
1414591200000,1414591259000,0.88911,0.88919,0.88908,0.88916,59200000,1
1414591260000,1414591319000,0.88914,0.88952,0.88914,0.88938,92250000,1
1414591320000,1414591379000,0.88938,0.88944,0.88931,0.88941,58050000,1
1414591380000,1414591439000,0.88941,0.88986,0.88941,0.88973,141210000,1
1414591440000,1414591499000,0.88972,0.88973,0.88937,0.88951,115950000,1
1414591500000,1414591559000,0.88952,0.88953,0.88931,0.88936,82380000,1
1414591560000,1414591619000,0.88936,0.88946,0.88927,0.88927,88810000,1
1414591620000,1414591679000,0.88926,0.88932,0.88923,0.8893,133530000,1
1414591680000,1414591739000,0.88929,0.88948,0.88917,0.88948,133240000,1
1414591740000,1414591799000,0.88948,0.88966,0.88942,0.8895,111390000,1
1414591800000,1414591859000,0.88949,0.88958,0.88944,0.88955,94030000,1
1414591860000,1414591919000,0.88955,0.88957,0.88947,0.88948,99520000,1
1414591920000,1414591979000,0.88947,0.88947,0.88927,0.88927,54810000,1
1414591980000,1414592039000,0.88927,0.88935,0.88917,0.88935,139550000,1
1414592040000,1414592099000,0.88934,0.88936,0.88925,0.88928,94710000,1
1414592100000,1414592159000,0.8893,0.88938,0.8893,0.88935,51230000,1
1414592160000,1414592219000,0.88936,0.88952,0.88936,0.88946,69090000,1
1414592220000,1414592279000,0.88946,0.88946,0.88937,0.88937,35200000,1
1414592280000,1414592339000,0.88937,0.88955,0.88937,0.88955,53800000,1
1414592340000,1414592399000,0.88955,0.88956,0.88949,0.88956,79090000,1
1414592400000,1414592459000,0.88956,0.88964,0.88951,0.88951,77990000,1
1414592460000,1414592519000,0.88952,0.88955,0.8895,0.88951,42960000,1
1414592520000,1414592579000,0.88951,0.88954,0.88935,0.88937,88500000,1
1414592580000,1414592639000,0.88938,0.88941,0.88915,0.88926,90990000,1
1414592640000,1414592699000,0.88926,0.88978,0.88923,0.88977,139840000,1
1414592700000,1414592759000,0.88978,0.88988,0.8897,0.8898,86520000,1
1414592760000,1414592819000,0.88979,0.8899,0.88972,0.88976,127200000,1
1414592820000,1414592879000,0.88976,0.89033,0.88952,0.89032,171970000,1
1414592880000,1414592939000,0.89033,0.89055,0.88996,0.89023,205770000,1
1414592940000,1414592999000,0.89023,0.89045,0.88988,0.89002,202410000,1
1414593000000,1414593059000,0.89003,0.89037,0.89003,0.89033,160280000,1
1414593060000,1414593119000,0.89031,0.89109,0.89029,0.89065,192840000,1
1414593120000,1414593179000,0.89065,0.89107,0.89065,0.89107,234120000,1
1414593180000,1414593239000,0.89104,0.8911,0.8906,0.89064,139800000,1
1414593240000,1414593299000,0.89062,0.89062,0.8904,0.89047,117950000,1
1414593300000,1414593359000,0.89047,0.89093,0.89047,0.8907,150760000,1
1414593360000,1414593419000,0.8907,0.89074,0.89049,0.8905,106210000,1
1414593420000,1414593479000,0.89049,0.89057,0.89043,0.8905,87190000,1
1414593480000,1414593539000,0.8905,0.89059,0.89049,0.89053,70750000,1
1414593540000,1414593599000,0.89053,0.89057,0.89035,0.89035,70080000,1
1414593600000,1414593659000,0.89034,0.89036,0.89017,0.89018,42860000,1
1414593660000,1414593719000,0.89018,0.89018,0.89006,0.89009,46230000,1
1414593720000,1414593779000,0.89009,0.89029,0.89009,0.89027,147070000,1
1414593780000,1414593839000,0.89027,0.89052,0.89027,0.89046,128150000,1
1414593840000,1414593899000,0.89045,0.89047,0.89012,0.89015,83900000,1
1414593900000,1414593959000,0.89015,0.89025,0.89005,0.89008,134310000,1
1414593960000,1414594019000,0.89007,0.89015,0.89005,0.89008,41970000,1
1414594020000,1414594079000,0.89007,0.89012,0.88994,0.88995,102230000,1
1414594080000,1414594139000,0.88995,0.89006,0.88987,0.88991,82960000,1
1414594140000,1414594199000,0.88995,0.89005,0.88995,0.89003,83270000,1
1414594200000,1414594259000,0.89002,0.89006,0.88987,0.88991,104390000,1
1414594260000,1414594319000,0.88991,0.89006,0.88991,0.89,87190000,1
1414594320000,1414594379000,0.89,0.89026,0.89,0.89026,113620000,1
1414594380000,1414594439000,0.89026,0.89038,0.89026,0.89037,116410000,1
1414594440000,1414594499000,0.89038,0.89038,0.89011,0.89016,64960000,1
1414594500000,1414594559000,0.89016,0.89026,0.89007,0.89007,51810000,1
1414594560000,1414594619000,0.89007,0.89007,0.88993,0.88997,55250000,1
1414594620000,1414594679000,0.88993,0.89007,0.88992,0.89007,28650000,1
1414594680000,1414594739000,0.89005,0.89005,0.88992,0.89005,59130000,1
1414594740000,1414594799000,0.89004,0.89004,0.88987,0.88987,85900000,1
1414594800000,1414594859000,0.88987,0.88997,0.88982,0.88982,102590000,1
1414594860000,1414594919000,0.88983,0.88992,0.88982,0.88982,65340000,1
1414594920000,1414594979000,0.88982,0.88993,0.88981,0.88981,62840000,1
1414594980000,1414595039000,0.88981,0.88988,0.88974,0.88985,89460000,1
1414595040000,1414595099000,0.88985,0.88987,0.8898,0.88986,26240000,1
1414595100000,1414595159000,0.88986,0.88986,0.88972,0.88976,34030000,1
1414595160000,1414595219000,0.88975,0.88985,0.88975,0.88978,35810000,1
1414595220000,1414595279000,0.88975,0.88985,0.88962,0.88962,89070000,1
1414595280000,1414595339000,0.88962,0.88963,0.88948,0.88955,117180000,1
1414595340000,1414595399000,0.88956,0.88956,0.88944,0.88955,84270000,1
1414595400000,1414595459000,0.88955,0.88974,0.8895,0.88967,117370000,1
1414595460000,1414595519000,0.88967,0.88967,0.88942,0.88947,92680000,1
1414595520000,1414595579000,0.88947,0.88958,0.88945,0.88957,71270000,1
1414595580000,1414595639000,0.88956,0.88972,0.88947,0.88967,117360000,1
1414595640000,1414595699000,0.88968,0.88973,0.88957,0.88958,91300000,1
1414595700000,1414595759000,0.88958,0.88964,0.88933,0.88943,87500000,1
1414595760000,1414595819000,0.88942,0.88946,0.88932,0.88934,49990000,1
1414595820000,1414595879000,0.88933,0.88936,0.88917,0.88925,109170000,1
1414595880000,1414595939000,0.88923,0.88926,0.88911,0.88913,48960000,1
1414595940000,1414595999000,0.88913,0.88924,0.88913,0.88918,72960000,1
1414596000000,1414596059000,0.88917,0.88925,0.88916,0.88925,52370000,1
1414596060000,1414596119000,0.88924,0.88946,0.88924,0.88939,92150000,1
1414596120000,1414596179000,0.8894,0.88947,0.88932,0.88939,82490000,1
1414596180000,1414596239000,0.88939,0.88947,0.88939,0.88943,54140000,1
1414596240000,1414596299000,0.88942,0.88953,0.88942,0.88947,34170000,1
1414596300000,1414596359000,0.88947,0.88956,0.88945,0.88956,86080000,1
1414596360000,1414596419000,0.88956,0.88963,0.88951,0.88957,38490000,1
1414596420000,1414596479000,0.88957,0.88963,0.88957,0.88962,77520000,1
1414596480000,1414596539000,0.88962,0.88968,0.88957,0.88968,18850000,1
1414596540000,1414596599000,0.88967,0.88967,0.88948,0.88957,67540000,1
1414596600000,1414596659000,0.88956,0.88957,0.88947,0.88947,88470000,1
1414596660000,1414596719000,0.88948,0.88955,0.88944,0.88955,50760000,1
1414596720000,1414596779000,0.88957,0.88959,0.88955,0.88955,18690000,1
1414596780000,1414596839000,0.88955,0.88958,0.88947,0.8895,71010000,1
1414596840000,1414596899000,0.88949,0.88957,0.88947,0.88954,61490000,1
1414596900000,1414596959000,0.88954,0.88963,0.88951,0.88956,70460000,1
1414596960000,1414597019000,0.88956,0.88962,0.88954,0.88958,23320000,1
1414597020000,1414597079000,0.88957,0.88964,0.8895,0.88957,48500000,1
1414597080000,1414597139000,0.88959,0.88967,0.88958,0.88958,74610000,1
1414597140000,1414597199000,0.88958,0.88967,0.88958,0.88961,32580000,1
1414597200000,1414597259000,0.88958,0.88958,0.88957,0.88958,25540000,1
1414597260000,1414597319000,0.88958,0.88976,0.88958,0.88969,60740000,1
1414597320000,1414597379000,0.88969,0.88982,0.88969,0.88979,45950000,1
1414597380000,1414597439000,0.88979,0.88984,0.88969,0.8898,73070000,1
1414597440000,1414597499000,0.8898,0.88994,0.88977,0.88992,92780000,1
1414597500000,1414597559000,0.88992,0.89005,0.88987,0.88987,72770000,1
1414597560000,1414597619000,0.88988,0.88988,0.88967,0.88967,72810000,1
1414597620000,1414597679000,0.88967,0.88976,0.88967,0.88976,83130000,1
1414597680000,1414597739000,0.88977,0.88996,0.88975,0.88988,51330000,1
1414597740000,1414597799000,0.88988,0.88988,0.88977,0.8898,80220000,1
1414597800000,1414597859000,0.88983,0.88985,0.88979,0.88982,44040000,1
1414597860000,1414597919000,0.88982,0.88985,0.8898,0.88981,42750000,1
1414597920000,1414597979000,0.88981,0.89014,0.8898,0.88998,82880000,1
1414597980000,1414598039000,0.88998,0.89025,0.88998,0.89014,85480000,1
1414598040000,1414598099000,0.89015,0.89024,0.88987,0.88987,111040000,1
1414598100000,1414598159000,0.88988,0.88996,0.88984,0.88987,75790000,1
1414598160000,1414598219000,0.88987,0.88996,0.88977,0.88977,63570000,1
1414598220000,1414598279000,0.88979,0.88989,0.88978,0.88988,97030000,1
1414598280000,1414598339000,0.88987,0.89017,0.88978,0.89014,112510000,1
1414598340000,1414598399000,0.89014,0.89032,0.88998,0.89023,140540000,1
1414598400000,1414598459000,0.89023,0.89023,0.88978,0.88983,175990000,1
1414598460000,1414598519000,0.88983,0.88993,0.88964,0.88966,107990000,1
1414598520000,1414598579000,0.88966,0.88987,0.88966,0.88986,63300000,1
1414598580000,1414598639000,0.88984,0.88996,0.88982,0.88983,80690000,1
1414598640000,1414598699000,0.88983,0.88985,0.88981,0.88981,43750000,1
1414598700000,1414598759000,0.88981,0.88985,0.88977,0.88983,41510000,1
1414598760000,1414598819000,0.88981,0.88987,0.8898,0.8898,61000000,1
1414598820000,1414598879000,0.8898,0.8898,0.88969,0.88973,56320000,1
1414598880000,1414598939000,0.88973,0.88977,0.88969,0.88973,43740000,1
1414598940000,1414598999000,0.88973,0.88978,0.8897,0.88976,38270000,1
1414599000000,1414599059000,0.88976,0.88979,0.88973,0.88979,28450000,1
1414599060000,1414599119000,0.88977,0.88977,0.88969,0.88977,35360000,1
1414599120000,1414599179000,0.88977,0.88987,0.88974,0.88987,18890000,1
1414599180000,1414599239000,0.88986,0.88986,0.88977,0.88978,12880000,1
1414599240000,1414599299000,0.8898,0.88984,0.8897,0.88971,40820000,1
1414599300000,1414599359000,0.88971,0.88977,0.88967,0.88967,26180000,1
1414599360000,1414599419000,0.88967,0.88979,0.88959,0.88978,41570000,1
1414599420000,1414599479000,0.88978,0.88978,0.88968,0.88974,29380000,1
1414599480000,1414599539000,0.88974,0.88988,0.88974,0.88988,18720000,1
1414599540000,1414599599000,0.88986,0.88986,0.88972,0.88977,29000000,1
1414599600000,1414599659000,0.88977,0.88984,0.88967,0.88975,37990000,1
1414599660000,1414599719000,0.88974,0.88974,0.88959,0.8896,58290000,1
1414599720000,1414599779000,0.8896,0.88964,0.88947,0.88947,33000000,1
1414599780000,1414599839000,0.88947,0.88947,0.88933,0.88935,29560000,1
1414599840000,1414599899000,0.88935,0.88935,0.8893,0.88931,34780000,1
1414599900000,1414599959000,0.88933,0.88937,0.88931,0.88933,35110000,1
1414599960000,1414600019000,0.88933,0.88937,0.88927,0.88927,42150000,1
1414600020000,1414600079000,0.88927,0.88935,0.88923,0.88929,36530000,1
1414600080000,1414600139000,0.88929,0.88929,0.88922,0.88923,29760000,1
1414600140000,1414600199000,0.88922,0.88922,0.88918,0.88921,9500000,1
1414600200000,1414600259000,0.88921,0.88921,0.88913,0.88916,52000000,1
1414600260000,1414600319000,0.88916,0.88916,0.88911,0.88916,25000000,1
1414600320000,1414600379000,0.88916,0.88917,0.88907,0.88917,68220000,1
1414600380000,1414600439000,0.88917,0.88918,0.8891,0.88916,44360000,1
1414600440000,1414600499000,0.88916,0.88916,0.88907,0.88916,57300000,1
1414600500000,1414600559000,0.88917,0.88917,0.88905,0.88907,67800000,1
1414600560000,1414600619000,0.88907,0.88915,0.88901,0.88904,56290000,1
1414600620000,1414600679000,0.88904,0.88919,0.88902,0.88917,32580000,1
1414600680000,1414600739000,0.88919,0.88927,0.88919,0.88926,35830000,1
1414600740000,1414600799000,0.88927,0.88936,0.88927,0.88932,25510000,1
1414600800000,1414600859000,0.88932,0.88933,0.88931,0.88931,16000000,1
1414600860000,1414600919000,0.88931,0.88935,0.88931,0.88931,28500000,1
1414600920000,1414600979000,0.88931,0.88932,0.88918,0.88918,16500000,1
1414600980000,1414601039000,0.88916,0.88916,0.889,0.88905,67060000,1
1414601040000,1414601099000,0.88905,0.88926,0.88904,0.88922,64390000,1
1414601100000,1414601159000,0.88918,0.8892,0.88912,0.88916,37170000,1
1414601160000,1414601219000,0.88915,0.88921,0.8891,0.88917,33330000,1
1414601220000,1414601279000,0.88917,0.88927,0.88917,0.88923,14230000,1
1414601280000,1414601339000,0.88924,0.88928,0.88922,0.88926,35090000,1
1414601340000,1414601399000,0.88927,0.88936,0.88927,0.88931,18570000,1
1414601400000,1414601459000,0.88931,0.88931,0.8893,0.8893,6000000,1
1414601460000,1414601519000,0.88932,0.88935,0.88925,0.88926,37000000,1
1414601520000,1414601579000,0.88925,0.88928,0.88924,0.88925,36320000,1
1414601580000,1414601639000,0.88924,0.88935,0.88922,0.88934,36770000,1
1414601640000,1414601699000,0.88933,0.88934,0.88931,0.88934,16260000,1
1414601700000,1414601759000,0.88933,0.88938,0.88932,0.88935,40750000,1
1414601760000,1414601819000,0.88935,0.88936,0.88933,0.88933,8440000,1
1414601820000,1414601879000,0.88932,0.88937,0.88931,0.88935,31100000,1
1414601880000,1414601939000,0.88935,0.88945,0.88935,0.88945,38550000,1
1414601940000,1414601999000,0.88945,0.88966,0.88943,0.88947,79730000,1
1414602000000,1414602059000,0.88947,0.8895,0.88937,0.88937,40380000,1
1414602060000,1414602119000,0.88937,0.88942,0.88907,0.8892,46390000,1
1414602120000,1414602179000,0.88918,0.88943,0.88917,0.88933,64610000,1
1414602180000,1414602239000,0.88937,0.88937,0.88917,0.88936,35830000,1
1414602240000,1414602299000,0.88936,0.88945,0.88934,0.88937,44510000,1
1414602300000,1414602359000,0.88938,0.88938,0.88935,0.88935,21000000,1
1414602360000,1414602419000,0.88935,0.88937,0.88933,0.88934,34800000,1
1414602420000,1414602479000,0.88933,0.88934,0.88929,0.88934,16000000,1
1414602480000,1414602539000,0.88935,0.88935,0.88929,0.8893,18820000,1
1414602540000,1414602599000,0.8893,0.88935,0.88929,0.88932,50120000,1
1414602600000,1414602659000,0.88932,0.88934,0.88929,0.88929,13500000,1
1414602660000,1414602719000,0.88931,0.88935,0.88931,0.88933,16000000,1
1414602720000,1414602779000,0.88933,0.88935,0.88932,0.88933,14500000,1
1414602780000,1414602839000,0.88933,0.88937,0.88931,0.88937,42190000,1
1414602840000,1414602899000,0.88937,0.88937,0.88926,0.88927,27500000,1
1414602900000,1414602959000,0.88927,0.88938,0.88922,0.88923,23460000,1
1414602960000,1414603019000,0.88924,0.88931,0.88924,0.88926,35510000,1
1414603020000,1414603079000,0.88926,0.88926,0.88923,0.88924,39600000,1
1414603080000,1414603139000,0.88924,0.88924,0.88909,0.88909,35000000,1
1414603140000,1414603199000,0.88909,0.8891,0.88889,0.88895,44090000,1
1414603200000,1414603259000,0.88893,0.88901,0.88888,0.88899,57440000,1
1414603260000,1414603319000,0.88899,0.88918,0.88899,0.88911,59380000,1
1414603320000,1414603379000,0.88911,0.88914,0.8891,0.88911,38670000,1
1414603380000,1414603439000,0.88914,0.88918,0.88911,0.88916,32440000,1
1414603440000,1414603499000,0.88916,0.88924,0.8891,0.88915,58080000,1
1414603500000,1414603559000,0.88915,0.88917,0.8891,0.88914,48090000,1
1414603560000,1414603619000,0.88914,0.88935,0.88914,0.88929,45500000,1
1414603620000,1414603679000,0.88929,0.88937,0.88929,0.88933,34720000,1
1414603680000,1414603739000,0.88933,0.88939,0.88929,0.88939,24780000,1
1414603740000,1414603799000,0.88937,0.88938,0.88932,0.88936,40000000,1
1414603800000,1414603859000,0.88936,0.88936,0.88929,0.88929,10500000,1
1414603860000,1414603919000,0.88929,0.88938,0.88929,0.88936,42200000,1
1414603920000,1414603979000,0.88936,0.88948,0.88932,0.88937,48190000,1
1414603980000,1414604039000,0.88936,0.88937,0.88932,0.88932,50230000,1
1414604040000,1414604099000,0.88932,0.88938,0.88932,0.88937,22000000,1
1414604100000,1414604159000,0.88936,0.88946,0.88936,0.88938,22860000,1
1414604160000,1414604219000,0.88937,0.88943,0.88918,0.88918,33240000,1
1414604220000,1414604279000,0.88918,0.88927,0.88917,0.88917,33720000,1
1414604280000,1414604339000,0.88918,0.88922,0.88911,0.88912,17780000,1
1414604340000,1414604399000,0.88911,0.88915,0.88892,0.88897,55740000,1
1414604400000,1414604459000,0.88898,0.88915,0.88898,0.889,35440000,1
1414604460000,1414604519000,0.889,0.88902,0.88893,0.889,50490000,1
1414604520000,1414604579000,0.889,0.889,0.88897,0.88897,16010000,1
1414604580000,1414604639000,0.88897,0.88898,0.88897,0.88898,7070000,1
1414604640000,1414604699000,0.88898,0.88905,0.88897,0.88898,29760000,1
1414604700000,1414604759000,0.88898,0.88906,0.88898,0.88905,34480000,1
1414604760000,1414604819000,0.88906,0.88914,0.88883,0.88886,81480000,1
1414604820000,1414604879000,0.88885,0.8889,0.88884,0.88884,35180000,1
1414604880000,1414604939000,0.88884,0.88885,0.88881,0.88885,29810000,1
1414604940000,1414604999000,0.88886,0.88896,0.88884,0.88888,25960000,1
1414605000000,1414605059000,0.88888,0.88907,0.88888,0.88904,42320000,1
1414605060000,1414605119000,0.88904,0.88928,0.88904,0.8892,50040000,1
1414605120000,1414605179000,0.88921,0.88927,0.88887,0.889,52370000,1
1414605180000,1414605239000,0.88901,0.88906,0.88894,0.88898,37500000,1
1414605240000,1414605299000,0.88897,0.88897,0.88888,0.88893,21750000,1
1414605300000,1414605359000,0.88892,0.88899,0.88888,0.88889,46690000,1
1414605360000,1414605419000,0.8889,0.8889,0.88853,0.88872,70920000,1
1414605420000,1414605479000,0.88871,0.88871,0.88841,0.88847,78250000,1
1414605480000,1414605539000,0.88851,0.88875,0.88821,0.88826,102400000,1
1414605540000,1414605599000,0.88827,0.88848,0.88725,0.88797,252340000,1
1414605600000,1414605659000,0.88797,0.88797,0.88406,0.8841,583070000,1
1414605660000,1414605719000,0.88412,0.88425,0.88256,0.88296,430470000,1
1414605720000,1414605779000,0.88299,0.8832,0.88161,0.88164,325150000,1
1414605780000,1414605839000,0.88164,0.88251,0.88081,0.88233,406300000,1
1414605840000,1414605899000,0.88233,0.8833,0.88217,0.88296,374470000,1
1414605900000,1414605959000,0.88299,0.88339,0.88235,0.88263,302140000,1
1414605960000,1414606019000,0.88262,0.88278,0.88112,0.88119,333860000,1
1414606020000,1414606079000,0.88122,0.88168,0.88102,0.88102,327110000,1
1414606080000,1414606139000,0.88102,0.88143,0.88067,0.88143,278670000,1
1414606140000,1414606199000,0.8814,0.88204,0.88047,0.88047,300390000,1
1414606200000,1414606259000,0.88045,0.88113,0.88029,0.88041,274330000,1
1414606260000,1414606319000,0.88041,0.88058,0.8798,0.8804,340240000,1
1414606320000,1414606379000,0.88043,0.88077,0.87985,0.87985,278700000,1
1414606380000,1414606439000,0.87984,0.87984,0.87887,0.87889,285090000,1
1414606440000,1414606499000,0.87891,0.8793,0.87891,0.87914,302140000,1
1414606500000,1414606559000,0.87914,0.87921,0.87812,0.87838,289110000,1
1414606560000,1414606619000,0.87839,0.87895,0.87826,0.87895,238300000,1
1414606620000,1414606679000,0.87895,0.87929,0.87879,0.87929,268320000,1
1414606680000,1414606739000,0.87928,0.87978,0.87925,0.87974,190220000,1
1414606740000,1414606799000,0.87973,0.87973,0.87887,0.87937,239630000,1
1414606800000,1414606859000,0.87932,0.87934,0.8789,0.87917,204810000,1
1414606860000,1414606919000,0.87922,0.87928,0.87881,0.87884,142340000,1
1414606920000,1414606979000,0.87882,0.87882,0.87829,0.87837,176300000,1
1414606980000,1414607039000,0.87833,0.87928,0.878,0.87927,190780000,1
1414607040000,1414607099000,0.87938,0.87981,0.87924,0.87935,249280000,1
1414607100000,1414607159000,0.87937,0.87966,0.87877,0.87923,286320000,1
1414607160000,1414607219000,0.87924,0.87937,0.87896,0.87919,235200000,1
1414607220000,1414607279000,0.87921,0.87954,0.87919,0.87928,189440000,1
1414607280000,1414607339000,0.8793,0.8793,0.87897,0.87916,145120000,1
1414607340000,1414607399000,0.87916,0.8799,0.87907,0.87984,205150000,1
1414607400000,1414607459000,0.87983,0.87985,0.879,0.87902,198440000,1
1414607460000,1414607519000,0.87905,0.87928,0.87855,0.87856,213130000,1
1414607520000,1414607579000,0.87856,0.87913,0.87849,0.87908,283400000,1
1414607580000,1414607639000,0.87906,0.87935,0.87877,0.87928,178410000,1
1414607640000,1414607699000,0.87927,0.87973,0.87917,0.8796,216140000,1
1414607700000,1414607759000,0.8796,0.87984,0.87941,0.87946,124560000,1
1414607760000,1414607819000,0.87943,0.87975,0.87937,0.87967,121060000,1
1414607820000,1414607879000,0.87967,0.87985,0.87966,0.87977,123710000,1
1414607880000,1414607939000,0.87976,0.88021,0.87976,0.88018,88290000,1
1414607940000,1414607999000,0.88017,0.88051,0.87995,0.88036,185850000,1
1414608000000,1414608059000,0.88036,0.88036,0.87987,0.88002,170380000,1
1414608060000,1414608119000,0.88001,0.88021,0.87972,0.87972,160920000,1
1414608120000,1414608179000,0.87972,0.87998,0.87942,0.87997,143510000,1
1414608180000,1414608239000,0.87997,0.88065,0.87997,0.88052,150850000,1
1414608240000,1414608299000,0.8805,0.88063,0.88017,0.88022,164100000,1
1414608300000,1414608359000,0.88022,0.88033,0.87983,0.87983,150820000,1
1414608360000,1414608419000,0.87983,0.87986,0.87962,0.87971,153540000,1
1414608420000,1414608479000,0.8797,0.87977,0.87907,0.87916,157780000,1
1414608480000,1414608539000,0.87916,0.87945,0.87913,0.87915,141860000,1
1414608540000,1414608599000,0.87914,0.87936,0.87901,0.87935,140310000,1
1414608600000,1414608659000,0.87937,0.87972,0.87936,0.87942,111390000,1
1414608660000,1414608719000,0.87942,0.87968,0.8794,0.87947,100620000,1
1414608720000,1414608779000,0.87947,0.87959,0.87938,0.87947,91070000,1
1414608780000,1414608839000,0.87947,0.87965,0.87947,0.87965,64850000,1
1414608840000,1414608899000,0.87966,0.87971,0.87954,0.87967,56770000,1
1414608900000,1414608959000,0.87967,0.88006,0.87967,0.87998,72810000,1
1414608960000,1414609019000,0.87999,0.88021,0.87994,0.88018,118620000,1
1414609020000,1414609079000,0.8802,0.88047,0.8802,0.88029,70030000,1
1414609080000,1414609139000,0.88031,0.88076,0.8803,0.88076,106860000,1
1414609140000,1414609199000,0.88076,0.88101,0.88037,0.88037,151480000,1
1414609200000,1414609259000,0.88037,0.88056,0.88007,0.88056,119400000,1
1414609260000,1414609319000,0.88056,0.88056,0.88035,0.88037,62910000,1
1414609320000,1414609379000,0.88037,0.88045,0.88017,0.88027,110170000,1
1414609380000,1414609439000,0.88028,0.88045,0.88014,0.88033,86190000,1
1414609440000,1414609499000,0.8803,0.88038,0.88017,0.88017,73450000,1
1414609500000,1414609559000,0.88017,0.88026,0.87996,0.88007,128470000,1
1414609560000,1414609619000,0.88008,0.88022,0.87989,0.88001,97520000,1
1414609620000,1414609679000,0.88004,0.8802,0.87981,0.87981,119430000,1
1414609680000,1414609739000,0.8798,0.87986,0.87967,0.87974,81920000,1
1414609740000,1414609799000,0.87973,0.87986,0.87964,0.87985,60060000,1
1414609800000,1414609859000,0.87985,0.88018,0.87983,0.88011,141080000,1
1414609860000,1414609919000,0.88011,0.88023,0.87997,0.87997,74750000,1
1414609920000,1414609979000,0.87997,0.88004,0.87977,0.87988,98680000,1
1414609980000,1414610039000,0.87989,0.88007,0.87989,0.88006,46710000,1
1414610040000,1414610099000,0.88006,0.88006,0.8799,0.87998,87010000,1
1414610100000,1414610159000,0.87998,0.88004,0.87977,0.87977,89950000,1
1414610160000,1414610219000,0.87977,0.87977,0.87927,0.87927,103270000,1
1414610220000,1414610279000,0.87926,0.87967,0.87926,0.87966,104620000,1
1414610280000,1414610339000,0.87966,0.87975,0.8796,0.87966,53380000,1
1414610340000,1414610399000,0.87966,0.87975,0.8795,0.87957,68370000,1
1414610400000,1414610459000,0.87957,0.87969,0.87948,0.87952,67510000,1
1414610460000,1414610519000,0.87954,0.87958,0.87941,0.87947,47330000,1
1414610520000,1414610579000,0.87946,0.87966,0.87946,0.87957,38420000,1
1414610580000,1414610639000,0.87956,0.87957,0.87939,0.87955,56200000,1
1414610640000,1414610699000,0.87955,0.87975,0.87899,0.87927,122010000,1
1414610700000,1414610759000,0.87927,0.87948,0.87899,0.87912,108770000,1
1414610760000,1414610819000,0.87912,0.8792,0.879,0.87916,83680000,1
1414610820000,1414610879000,0.87916,0.87938,0.87916,0.87932,92830000,1
1414610880000,1414610939000,0.87932,0.87935,0.87912,0.87919,87130000,1
1414610940000,1414610999000,0.87919,0.8792,0.87912,0.87914,43070000,1
1414611000000,1414611059000,0.87917,0.87917,0.87906,0.87907,64100000,1
1414611060000,1414611119000,0.87908,0.87929,0.87908,0.87919,47970000,1
1414611120000,1414611179000,0.87922,0.87938,0.87917,0.87937,81220000,1
1414611180000,1414611239000,0.87943,0.87977,0.8793,0.87973,131820000,1
1414611240000,1414611299000,0.87973,0.87977,0.87958,0.87968,126110000,1
1414611300000,1414611359000,0.87968,0.87969,0.87959,0.87968,54130000,1
1414611360000,1414611419000,0.8797,0.87976,0.87959,0.87969,54290000,1
1414611420000,1414611479000,0.87969,0.87969,0.87952,0.87962,76240000,1
1414611480000,1414611539000,0.8796,0.87966,0.8794,0.87957,92560000,1
1414611540000,1414611599000,0.87955,0.87958,0.87934,0.87936,88900000,1
1414611600000,1414611659000,0.87935,0.87942,0.87929,0.87939,77090000,1
1414611660000,1414611719000,0.87942,0.87965,0.87942,0.87958,78870000,1
1414611720000,1414611779000,0.87954,0.87967,0.87949,0.87967,89040000,1
1414611780000,1414611839000,0.87965,0.87967,0.8796,0.87964,59290000,1
1414611840000,1414611899000,0.87964,0.87966,0.87951,0.87955,91040000,1
1414611900000,1414611959000,0.87955,0.87957,0.87944,0.87951,59180000,1
1414611960000,1414612019000,0.8795,0.87965,0.87949,0.87954,59090000,1
1414612020000,1414612079000,0.87953,0.87963,0.87945,0.87951,60980000,1
1414612080000,1414612139000,0.87951,0.87951,0.87947,0.87948,27690000,1
1414612140000,1414612199000,0.87947,0.87947,0.87932,0.87933,58540000,1
1414612200000,1414612259000,0.87935,0.87945,0.87928,0.87933,47450000,1
1414612260000,1414612319000,0.87933,0.8794,0.87917,0.87939,83090000,1
1414612320000,1414612379000,0.8794,0.87976,0.87937,0.87976,49590000,1
1414612380000,1414612439000,0.87976,0.87989,0.87969,0.87988,42380000,1
1414612440000,1414612499000,0.87986,0.88009,0.87984,0.88001,96060000,1
1414612500000,1414612559000,0.88001,0.8801,0.87963,0.87966,66880000,1
1414612560000,1414612619000,0.87966,0.87989,0.87966,0.87982,60640000,1
1414612620000,1414612679000,0.87983,0.87989,0.87973,0.87974,49940000,1
1414612680000,1414612739000,0.87974,0.87976,0.8795,0.87951,78810000,1
1414612740000,1414612799000,0.87951,0.87981,0.87947,0.87981,147900000,1
1414612800000,1414612859000,0.8798,0.88001,0.87812,0.87855,223290000,1
1414612860000,1414612919000,0.87853,0.87853,0.87764,0.87764,224820000,1
1414612920000,1414612979000,0.87765,0.87828,0.8776,0.87822,162770000,1
1414612980000,1414613039000,0.87822,0.87825,0.87792,0.87814,170590000,1
1414613040000,1414613099000,0.87814,0.87875,0.8781,0.87854,162960000,1
1414613100000,1414613159000,0.87855,0.87855,0.87814,0.87819,88230000,1
1414613160000,1414613219000,0.87822,0.87848,0.87812,0.87826,99860000,1
1414613220000,1414613279000,0.87826,0.87826,0.87814,0.87825,54240000,1
1414613280000,1414613339000,0.87825,0.87826,0.87794,0.87794,95770000,1
1414613340000,1414613399000,0.87794,0.87795,0.87765,0.87779,117080000,1
1414613400000,1414613459000,0.8778,0.87783,0.87775,0.87777,37700000,1
1414613460000,1414613519000,0.87779,0.87817,0.87778,0.87814,54010000,1
1414613520000,1414613579000,0.87814,0.8785,0.87807,0.87844,105340000,1
1414613580000,1414613639000,0.87844,0.87857,0.87809,0.87815,83090000,1
1414613640000,1414613699000,0.87815,0.87843,0.87815,0.8784,22610000,1
1414613700000,1414613759000,0.8784,0.87863,0.87839,0.87857,76180000,1
1414613760000,1414613819000,0.87858,0.87943,0.87853,0.87931,117760000,1
1414613820000,1414613879000,0.87931,0.87931,0.87897,0.8792,69500000,1
1414613880000,1414613939000,0.8792,0.87931,0.87895,0.879,98000000,1
1414613940000,1414613999000,0.879,0.87903,0.87897,0.87897,17140000,1
1414614000000,1414614059000,0.87897,0.87925,0.87886,0.87925,55070000,1
1414614060000,1414614119000,0.87926,0.87933,0.87892,0.87914,116950000,1
1414614120000,1414614179000,0.87914,0.87918,0.87907,0.87907,46480000,1
1414614180000,1414614239000,0.87909,0.87923,0.87907,0.87923,30220000,1
1414614240000,1414614299000,0.87921,0.87933,0.87921,0.87926,55550000,1
1414614300000,1414614359000,0.87926,0.87934,0.87923,0.87927,55590000,1
1414614360000,1414614419000,0.87926,0.87926,0.87917,0.87922,47310000,1
1414614420000,1414614479000,0.87922,0.87938,0.87922,0.87938,48400000,1
1414614480000,1414614539000,0.87938,0.87943,0.8793,0.87937,50240000,1
1414614540000,1414614599000,0.87938,0.87941,0.87935,0.87939,37030000,1
1414614600000,1414614659000,0.87943,0.87951,0.87939,0.87951,27080000,1
1414614660000,1414614719000,0.87951,0.87951,0.87951,0.87951,800000,1
1414614720000,1414614779000,0.8795,0.8795,0.87948,0.87948,9570000,1
1414614780000,1414614839000,0.87949,0.8795,0.87947,0.87948,8910000,1
1414614840000,1414614899000,0.87949,0.87949,0.87941,0.87941,24870000,1
1414614900000,1414614959000,0.87941,0.87941,0.87935,0.87935,86790000,1
1414614960000,1414615019000,0.87936,0.8795,0.87935,0.87942,54700000,1
1414615020000,1414615079000,0.87944,0.87944,0.87933,0.87936,91840000,1
1414615080000,1414615139000,0.87935,0.87935,0.87921,0.87933,93740000,1
1414615140000,1414615199000,0.87935,0.87943,0.87932,0.87939,28360000,1
1414615200000,1414615259000,0.87937,0.87948,0.87937,0.87948,24250000,1
1414615260000,1414615319000,0.87948,0.87952,0.87945,0.87946,12500000,1
1414615320000,1414615379000,0.87946,0.87959,0.87944,0.87958,46370000,1
1414615380000,1414615439000,0.87958,0.87963,0.87954,0.87962,64480000,1
1414615440000,1414615499000,0.87961,0.87965,0.8795,0.87952,166850000,1
1414615500000,1414615559000,0.87951,0.8796,0.87951,0.8796,51200000,1
1414615560000,1414615619000,0.8796,0.8796,0.87953,0.87958,11500000,1
1414615620000,1414615679000,0.87958,0.8796,0.87953,0.87955,41500000,1
1414615680000,1414615739000,0.87956,0.87965,0.87954,0.8796,31010000,1
1414615740000,1414615799000,0.87959,0.87959,0.87944,0.87954,68770000,1
1414615800000,1414615859000,0.8795,0.87952,0.87947,0.87947,22000000,1
1414615860000,1414615919000,0.87947,0.87948,0.87945,0.87945,18000000,1
1414615920000,1414615979000,0.87946,0.87946,0.87942,0.87942,40570000,1
1414615980000,1414616039000,0.87942,0.87942,0.87924,0.8794,37500000,1
1414616040000,1414616099000,0.8794,0.8794,0.87939,0.87939,17500000,1
1414616100000,1414616159000,0.87935,0.87941,0.87931,0.8794,38000000,1
1414616160000,1414616219000,0.87941,0.87959,0.87941,0.87959,34400000,1
1414616220000,1414616279000,0.87959,0.8796,0.87951,0.87955,41010000,1
1414616280000,1414616339000,0.87955,0.87966,0.87955,0.87959,39960000,1
1414616340000,1414616399000,0.87959,0.87969,0.87958,0.87959,32590000,1
1414616400000,1414616459000,0.87957,0.87969,0.87945,0.87945,34300000,1
1414616460000,1414616519000,0.87945,0.87946,0.8794,0.87943,4900000,1
1414616520000,1414616579000,0.87943,0.87944,0.8794,0.87944,2350000,1
1414616580000,1414616639000,0.87944,0.87948,0.87901,0.8792,11300000,1
1414616640000,1414616699000,0.87918,0.87922,0.87909,0.87922,17540000,1
1414616700000,1414616759000,0.87918,0.87918,0.87903,0.87914,29440000,1
1414616760000,1414616819000,0.87914,0.87917,0.87899,0.87911,15250000,1
1414616820000,1414616879000,0.87912,0.87921,0.87893,0.87901,40440000,1
1414616880000,1414616939000,0.87901,0.87917,0.87853,0.87853,86700000,1
1414616940000,1414616999000,0.87854,0.87873,0.87822,0.87848,80480000,1
1414617000000,1414617059000,0.87848,0.8789,0.87824,0.87864,83530000,1
1414617060000,1414617119000,0.87867,0.87869,0.87848,0.87849,67770000,1
1414617120000,1414617179000,0.87849,0.8786,0.87847,0.8786,29500000,1
1414617180000,1414617239000,0.8786,0.87877,0.8786,0.87871,19740000,1
1414617240000,1414617299000,0.8787,0.87871,0.8787,0.87871,2500000,1
1414617300000,1414617359000,0.87873,0.87875,0.87871,0.87872,12500000,1
1414617360000,1414617419000,0.87865,0.87871,0.87865,0.87871,8000000,1
1414617420000,1414617479000,0.8788,0.87896,0.87866,0.87867,48580000,1
1414617480000,1414617539000,0.8787,0.87892,0.8787,0.8788,13900000,1
1414617540000,1414617599000,0.87879,0.8788,0.87879,0.87879,5000000,1
1414617600000,1414617659000,0.8788,0.87923,0.87877,0.87905,51170000,1
1414617660000,1414617719000,0.87905,0.87905,0.87849,0.87853,107090000,1
1414617720000,1414617779000,0.87858,0.87858,0.8785,0.8785,42010000,1
1414617780000,1414617839000,0.8785,0.87869,0.8785,0.87865,47690000,1
1414617840000,1414617899000,0.87864,0.87874,0.87864,0.87874,52500000,1
1414617900000,1414617959000,0.87872,0.87873,0.87863,0.87865,19940000,1
1414617960000,1414618019000,0.87867,0.8787,0.87864,0.8787,10000000,1
1414618020000,1414618079000,0.87871,0.87875,0.87864,0.87865,15500000,1
1414618080000,1414618139000,0.87869,0.87903,0.87869,0.87903,26000000,1
1414618140000,1414618199000,0.87904,0.87909,0.87904,0.87908,22000000,1
1414618200000,1414618259000,0.87906,0.87906,0.87862,0.87874,42670000,1
1414618260000,1414618319000,0.87875,0.87883,0.87875,0.87881,45000000,1
1414618320000,1414618379000,0.87882,0.87887,0.87879,0.87887,18000000,1
1414618380000,1414618439000,0.87886,0.87896,0.87885,0.87891,15000000,1
1414618440000,1414618499000,0.87891,0.87894,0.87886,0.87891,19000000,1
1414618500000,1414618559000,0.87892,0.87892,0.87882,0.87882,4000000,1
1414618560000,1414618619000,0.87882,0.87911,0.8788,0.8791,41030000,1
1414618620000,1414618679000,0.8791,0.8791,0.87857,0.87858,75540000,1
1414618680000,1414618739000,0.87858,0.87874,0.87857,0.87874,30070000,1
1414618740000,1414618799000,0.87873,0.87879,0.87862,0.87878,38070000,1
1414618800000,1414618859000,0.87878,0.87894,0.87872,0.87894,34270000,1
1414618860000,1414618919000,0.87894,0.87909,0.87887,0.87906,89090000,1
1414618920000,1414618979000,0.87913,0.87921,0.87913,0.87917,27500000,1
1414618980000,1414619039000,0.87917,0.8792,0.87899,0.87905,78600000,1
1414619040000,1414619099000,0.87904,0.87914,0.87898,0.87904,46100000,1
1414619100000,1414619159000,0.87904,0.87916,0.87901,0.87915,22000000,1
1414619160000,1414619219000,0.87916,0.87918,0.87905,0.87917,28750000,1
1414619220000,1414619279000,0.87915,0.87917,0.87915,0.87915,19890000,1
1414619280000,1414619339000,0.87915,0.87938,0.87914,0.87938,45790000,1
1414619340000,1414619399000,0.87938,0.87968,0.87936,0.87936,73000000,1
1414619400000,1414619459000,0.87933,0.87933,0.87927,0.8793,12510000,1
1414619460000,1414619519000,0.8793,0.87931,0.87909,0.87914,19280000,1
1414619520000,1414619579000,0.87917,0.87931,0.87917,0.87929,19570000,1
1414619580000,1414619639000,0.8793,0.87935,0.87928,0.87935,11100000,1
1414619640000,1414619699000,0.87934,0.87934,0.8793,0.8793,3500000,1
1414619700000,1414619759000,0.87929,0.87932,0.87927,0.87929,23450000,1
1414619760000,1414619819000,0.87927,0.87934,0.87927,0.87934,24010000,1
1414619820000,1414619879000,0.87934,0.87935,0.87926,0.87929,40610000,1
1414619880000,1414619939000,0.8793,0.87932,0.87924,0.87924,32430000,1
1414619940000,1414619999000,0.87923,0.87923,0.87911,0.87921,18890000,1
1414620000000,1414620059000,0.8792,0.87946,0.87919,0.87942,70150000,1
1414620060000,1414620119000,0.87947,0.87958,0.87945,0.87951,42110000,1
1414620120000,1414620179000,0.87952,0.87952,0.87945,0.87947,14120000,1
1414620180000,1414620239000,0.87948,0.87951,0.87946,0.87946,7570000,1
1414620240000,1414620299000,0.87945,0.87948,0.87944,0.87944,9010000,1
1414620300000,1414620359000,0.87948,0.87993,0.87947,0.87986,91520000,1
1414620360000,1414620419000,0.87986,0.87986,0.87982,0.87982,10700000,1
1414620420000,1414620479000,0.87982,0.87986,0.8798,0.87982,30760000,1
1414620480000,1414620539000,0.87982,0.87982,0.87978,0.87978,20500000,1
1414620540000,1414620599000,0.87979,0.87983,0.87973,0.87983,17200000,1
1414620600000,1414620659000,0.87983,0.87983,0.87982,0.87982,11000000,1
1414620660000,1414620719000,0.87982,0.87983,0.87982,0.87983,21000000,1
1414620720000,1414620779000,0.87982,0.87982,0.87981,0.87982,12000000,1
1414620780000,1414620839000,0.87982,0.87982,0.87981,0.87982,16000000,1
1414620840000,1414620899000,0.87981,0.87982,0.87981,0.87982,2500000,1
1414620900000,1414620959000,0.87986,0.87986,0.87976,0.87976,40500000,1
1414620960000,1414621019000,0.87979,0.8798,0.87965,0.87966,74510000,1
1414621020000,1414621079000,0.87969,0.87974,0.8796,0.8797,79470000,1
1414621080000,1414621139000,0.87971,0.87982,0.8797,0.8798,23500000,1
1414621140000,1414621199000,0.87979,0.87979,0.87976,0.87976,8000000,1
1414621200000,1414621259000,0.87976,0.87977,0.87976,0.87977,11500000,1
1414621260000,1414621319000,0.87976,0.87983,0.87976,0.8798,18180000,1
1414621320000,1414621379000,0.8798,0.87981,0.8797,0.8797,48920000,1
1414621380000,1414621439000,0.87971,0.87982,0.87964,0.87981,66300000,1
1414621440000,1414621499000,0.8798,0.87981,0.87977,0.87977,17000000,1
1414621500000,1414621559000,0.87977,0.87977,0.87975,0.87976,13000000,1
1414621560000,1414621619000,0.87977,0.87978,0.87977,0.87978,3000000,1
1414621620000,1414621679000,0.87977,0.87982,0.87977,0.87977,18500000,1
1414621680000,1414621739000,0.87978,0.87983,0.87977,0.87983,41820000,1
1414621740000,1414621799000,0.87982,0.87986,0.87982,0.87985,26270000,1
1414621800000,1414621859000,0.87985,0.87987,0.87985,0.87986,102100000,1
1414621860000,1414621919000,0.87986,0.87987,0.87984,0.87987,5500000,1
1414621920000,1414621979000,0.87986,0.87986,0.87986,0.87986,6610000,1
1414621980000,1414622039000,0.87987,0.87991,0.87986,0.87991,9520000,1
1414622040000,1414622099000,0.87991,0.87997,0.87991,0.87995,11340000,1
1414622100000,1414622159000,0.87995,0.87996,0.87989,0.8799,20980000,1
1414622160000,1414622219000,0.8799,0.8799,0.87987,0.8799,9140000,1
1414622220000,1414622279000,0.87989,0.87989,0.87987,0.87987,12500000,1
1414622280000,1414622339000,0.87987,0.87988,0.87987,0.87987,8270000,1
1414622340000,1414622399000,0.87987,0.87991,0.87985,0.87989,23140000,1
1414622400000,1414622459000,0.87988,0.87988,0.87985,0.87988,16150000,1
1414622460000,1414622519000,0.87988,0.87988,0.87987,0.87987,7980000,1
1414622520000,1414622579000,0.87987,0.87988,0.87987,0.87987,24910000,1
1414622580000,1414622639000,0.87987,0.87988,0.87987,0.87988,27380000,1
1414622640000,1414622699000,0.87988,0.87988,0.87977,0.87988,26780000,1
1414622700000,1414622759000,0.87988,0.87988,0.8797,0.8797,50280000,1
1414622760000,1414622819000,0.87968,0.87969,0.87966,0.87969,12310000,1
1414622820000,1414622879000,0.87968,0.87968,0.87965,0.87966,15070000,1
1414622880000,1414622939000,0.87967,0.87967,0.87962,0.87965,41540000,1
1414622940000,1414622999000,0.87965,0.87966,0.87958,0.87958,13520000,1
1414623000000,1414623059000,0.87958,0.87958,0.87937,0.87942,122240000,1
1414623060000,1414623119000,0.87943,0.87949,0.87932,0.87935,120040000,1
1414623120000,1414623179000,0.87936,0.87938,0.87922,0.87922,75260000,1
1414623180000,1414623239000,0.87926,0.87928,0.8792,0.8792,28530000,1
1414623240000,1414623299000,0.87922,0.87925,0.87883,0.87887,52030000,1
1414623300000,1414623359000,0.87887,0.87899,0.8788,0.87898,46370000,1
1414623360000,1414623419000,0.87895,0.87913,0.87892,0.87898,63220000,1
1414623420000,1414623479000,0.87899,0.87901,0.87865,0.8787,76820000,1
1414623480000,1414623539000,0.87871,0.87871,0.87866,0.87868,32850000,1
1414623540000,1414623599000,0.87867,0.87876,0.87865,0.87874,53820000,1
1414623600000,1414623659000,0.87873,0.87885,0.87864,0.87885,54510000,1
1414623660000,1414623719000,0.87884,0.87894,0.87882,0.87892,32030000,1
1414623720000,1414623779000,0.87892,0.87896,0.87887,0.87892,35650000,1
1414623780000,1414623839000,0.87893,0.87909,0.87887,0.87905,43580000,1
1414623840000,1414623899000,0.87901,0.87904,0.87892,0.87902,34250000,1
1414623900000,1414623959000,0.87902,0.87902,0.87882,0.87884,30190000,1
1414623960000,1414624019000,0.87884,0.87886,0.87884,0.87885,10500000,1
1414624020000,1414624079000,0.87886,0.8789,0.87885,0.87888,7500000,1
1414624080000,1414624139000,0.87887,0.87887,0.87883,0.87884,17500000,1
1414624140000,1414624199000,0.87885,0.87888,0.87884,0.87887,9000000,1
1414624200000,1414624259000,0.87887,0.87894,0.87886,0.87894,14010000,1
1414624260000,1414624319000,0.87894,0.87898,0.87892,0.87892,54870000,1
1414624320000,1414624379000,0.87892,0.87892,0.87883,0.87888,89000000,1
1414624380000,1414624439000,0.87888,0.87888,0.87887,0.87888,39930000,1
1414624440000,1414624499000,0.87888,0.8789,0.87887,0.8789,7210000,1
1414624500000,1414624559000,0.87891,0.87893,0.87891,0.87893,15540000,1
1414624560000,1414624619000,0.87893,0.87893,0.87892,0.87892,3240000,1
1414624620000,1414624679000,0.87893,0.8791,0.87892,0.87908,53510000,1
1414624680000,1414624739000,0.87907,0.87908,0.8789,0.87892,34140000,1
1414624740000,1414624799000,0.87889,0.87891,0.87884,0.87887,15600000,1
1414624800000,1414624859000,0.87889,0.87891,0.87886,0.87888,17250000,1
1414624860000,1414624919000,0.87888,0.87888,0.87886,0.87886,12280000,1
1414624920000,1414624979000,0.87885,0.87886,0.87885,0.87885,7240000,1
1414624980000,1414625039000,0.87886,0.8789,0.87885,0.87885,64890000,1
1414625040000,1414625099000,0.87886,0.87886,0.87885,0.87885,19430000,1
1414625100000,1414625159000,0.87885,0.8789,0.87881,0.87881,38360000,1
1414625160000,1414625219000,0.87886,0.87908,0.87881,0.87897,42400000,1
1414625220000,1414625279000,0.87898,0.8791,0.87897,0.87907,60830000,1
1414625280000,1414625339000,0.87906,0.87907,0.87897,0.87899,34000000,1
1414625340000,1414625399000,0.87898,0.87899,0.87894,0.87894,15000000,1
1414625400000,1414625459000,0.87894,0.87918,0.87894,0.87911,74080000,1
1414625460000,1414625519000,0.87911,0.87913,0.87887,0.87891,61270000,1
1414625520000,1414625579000,0.87891,0.87891,0.87872,0.87872,40770000,1
1414625580000,1414625639000,0.87871,0.87878,0.87871,0.87878,23570000,1
1414625640000,1414625699000,0.87878,0.87882,0.87873,0.87881,26500000,1
1414625700000,1414625759000,0.87881,0.87881,0.87867,0.8787,40340000,1
1414625760000,1414625819000,0.8787,0.8787,0.8786,0.87866,45210000,1
1414625820000,1414625879000,0.87865,0.87865,0.87853,0.87861,35710000,1
1414625880000,1414625939000,0.87862,0.87864,0.8786,0.87861,20000000,1
1414625940000,1414625999000,0.87861,0.87861,0.87835,0.87837,69070000,1
1414626000000,1414626059000,0.87842,0.87854,0.87842,0.8785,52760000,1
1414626060000,1414626119000,0.87847,0.87848,0.87844,0.87846,25700000,1
1414626120000,1414626179000,0.87844,0.87844,0.87825,0.87835,47680000,1
1414626180000,1414626239000,0.87833,0.87833,0.87813,0.87822,37700000,1
1414626240000,1414626299000,0.87824,0.87825,0.87815,0.87817,31170000,1
1414626300000,1414626359000,0.87817,0.87817,0.8777,0.8777,84190000,1
1414626360000,1414626419000,0.87765,0.87765,0.87717,0.87743,143730000,1
1414626420000,1414626479000,0.87743,0.87775,0.87733,0.87766,134220000,1
1414626480000,1414626539000,0.87766,0.87774,0.87766,0.87768,68590000,1
1414626540000,1414626599000,0.87769,0.87774,0.87758,0.87758,75120000,1
1414626600000,1414626659000,0.87758,0.87758,0.87674,0.8768,124310000,1
1414626660000,1414626719000,0.8768,0.87687,0.87665,0.87673,146420000,1
1414626720000,1414626779000,0.87673,0.8768,0.87667,0.87676,69760000,1
1414626780000,1414626839000,0.87675,0.87684,0.87672,0.87681,59520000,1
1414626840000,1414626899000,0.87681,0.87683,0.87674,0.87677,47200000,1
1414626900000,1414626959000,0.87677,0.87684,0.87676,0.87677,28860000,1
1414626960000,1414627019000,0.87677,0.87698,0.87677,0.8769,46440000,1
1414627020000,1414627079000,0.87691,0.87695,0.87671,0.87675,55200000,1
1414627080000,1414627139000,0.87674,0.87676,0.87634,0.87661,130290000,1
1414627140000,1414627199000,0.87661,0.87685,0.87653,0.87682,69580000,1
1414627200000,1414627259000,0.87683,0.87687,0.8766,0.87672,125680000,1
1414627260000,1414627319000,0.87671,0.8768,0.87665,0.8768,109930000,1
1414627320000,1414627379000,0.8768,0.87691,0.8768,0.87687,62940000,1
1414627380000,1414627439000,0.87687,0.87687,0.87661,0.87661,48520000,1
1414627440000,1414627499000,0.87661,0.87688,0.87653,0.8767,147130000,1
1414627500000,1414627559000,0.8767,0.8767,0.87615,0.87646,186030000,1
1414627560000,1414627619000,0.87648,0.87658,0.87637,0.87647,122130000,1
1414627620000,1414627679000,0.87647,0.87672,0.87646,0.8767,52640000,1
1414627680000,1414627739000,0.8767,0.87681,0.87654,0.87678,93630000,1
1414627740000,1414627799000,0.87678,0.87687,0.87658,0.87658,62170000,1
1414627800000,1414627859000,0.87658,0.87676,0.87625,0.87625,76420000,1
1414627860000,1414627919000,0.87626,0.87636,0.876,0.87601,173470000,1
1414627920000,1414627979000,0.87601,0.87639,0.87601,0.87629,99280000,1
1414627980000,1414628039000,0.87629,0.87646,0.87629,0.87645,42190000,1
1414628040000,1414628099000,0.8764,0.87657,0.87616,0.87622,80210000,1
1414628100000,1414628159000,0.87625,0.87656,0.87624,0.87656,62430000,1
1414628160000,1414628219000,0.8765,0.87657,0.87618,0.87621,82290000,1
1414628220000,1414628279000,0.87621,0.87648,0.87621,0.87648,105910000,1
1414628280000,1414628339000,0.8765,0.87659,0.8765,0.87658,26660000,1
1414628340000,1414628399000,0.87658,0.87667,0.87655,0.8766,87880000,1
1414628400000,1414628459000,0.8766,0.8766,0.8765,0.87656,22010000,1
1414628460000,1414628519000,0.87657,0.87667,0.87657,0.87666,55110000,1
1414628520000,1414628579000,0.87667,0.87686,0.87667,0.87685,71980000,1
1414628580000,1414628639000,0.87683,0.87683,0.87674,0.87678,37860000,1
1414628640000,1414628699000,0.8768,0.87692,0.87679,0.87688,49030000,1
1414628700000,1414628759000,0.87689,0.8769,0.87677,0.87678,41790000,1
1414628760000,1414628819000,0.87678,0.87678,0.87663,0.87666,53740000,1
1414628820000,1414628879000,0.8767,0.8769,0.8767,0.87689,61040000,1
1414628880000,1414628939000,0.87689,0.87703,0.87689,0.877,131990000,1
1414628940000,1414628999000,0.877,0.87709,0.87688,0.87696,132240000,1
1414629000000,1414629059000,0.87696,0.87698,0.87665,0.87671,125010000,1
1414629060000,1414629119000,0.87668,0.87694,0.87655,0.87675,145290000,1
1414629120000,1414629179000,0.87677,0.87692,0.87657,0.87665,116530000,1
1414629180000,1414629239000,0.87666,0.87671,0.87653,0.8766,57680000,1
1414629240000,1414629299000,0.87661,0.87684,0.87661,0.87683,67970000,1
1414629300000,1414629359000,0.87684,0.87684,0.87663,0.87669,60180000,1
1414629360000,1414629419000,0.87669,0.87677,0.87667,0.87674,58980000,1
1414629420000,1414629479000,0.87674,0.87678,0.87666,0.87666,17800000,1
1414629480000,1414629539000,0.87667,0.87679,0.87654,0.87654,55960000,1
1414629540000,1414629599000,0.87654,0.87654,0.87641,0.87641,28420000,1
1414629600000,1414629659000,0.87642,0.87644,0.87636,0.87639,41900000,1
1414629660000,1414629719000,0.87639,0.87668,0.87639,0.87656,89840000,1
1414629720000,1414629779000,0.87656,0.87677,0.87656,0.87663,63880000,1
1414629780000,1414629839000,0.87663,0.87699,0.87663,0.87691,97650000,1
1414629840000,1414629899000,0.87691,0.87718,0.87691,0.87708,86910000,1
1414629900000,1414629959000,0.87708,0.87708,0.87697,0.87702,35380000,1
1414629960000,1414630019000,0.87702,0.87718,0.877,0.87716,73510000,1
1414630020000,1414630079000,0.87716,0.87738,0.87716,0.87737,90580000,1
1414630080000,1414630139000,0.87738,0.87742,0.87717,0.87736,87160000,1
1414630140000,1414630199000,0.87736,0.87749,0.87725,0.87729,64600000,1
1414630200000,1414630259000,0.87729,0.87735,0.87729,0.87733,29230000,1
1414630260000,1414630319000,0.87733,0.8775,0.87733,0.8775,47980000,1
1414630320000,1414630379000,0.87751,0.87781,0.8775,0.87762,177610000,1
1414630380000,1414630439000,0.87762,0.87783,0.87757,0.87764,110160000,1
1414630440000,1414630499000,0.87763,0.87766,0.87727,0.87751,167300000,1
1414630500000,1414630559000,0.87753,0.87763,0.87747,0.87762,125170000,1
1414630560000,1414630619000,0.8776,0.87765,0.87757,0.87758,36160000,1
1414630620000,1414630679000,0.87757,0.87757,0.87751,0.87756,67830000,1
1414630680000,1414630739000,0.87756,0.87777,0.87756,0.87775,90600000,1
1414630740000,1414630799000,0.87774,0.87776,0.87756,0.8776,89870000,1
1414630800000,1414630859000,0.87758,0.87762,0.87757,0.87762,31190000,1
1414630860000,1414630919000,0.87762,0.87762,0.87742,0.87742,48860000,1
1414630920000,1414630979000,0.87742,0.87744,0.87732,0.87739,60980000,1
1414630980000,1414631039000,0.87739,0.87741,0.87712,0.87717,65420000,1
1414631040000,1414631099000,0.87717,0.87717,0.87676,0.87677,101670000,1
1414631100000,1414631159000,0.87677,0.87677,0.87639,0.87639,126910000,1
1414631160000,1414631219000,0.87642,0.87643,0.87632,0.87633,105370000,1
1414631220000,1414631279000,0.87633,0.87634,0.8762,0.87634,60520000,1
1414631280000,1414631339000,0.87635,0.87653,0.87635,0.87653,55070000,1
1414631340000,1414631399000,0.87653,0.87662,0.8765,0.8766,64720000,1
1414631400000,1414631459000,0.87659,0.87665,0.87659,0.87665,14040000,1
1414631460000,1414631519000,0.87665,0.87667,0.87664,0.87667,7420000,1
1414631520000,1414631579000,0.87669,0.8768,0.87665,0.87665,32200000,1
1414631580000,1414631639000,0.87667,0.87667,0.87638,0.87641,42300000,1
1414631640000,1414631699000,0.87642,0.87646,0.87633,0.87643,65800000,1
1414631700000,1414631759000,0.87641,0.87644,0.87637,0.87643,37070000,1
1414631760000,1414631819000,0.87645,0.87664,0.87638,0.87638,77090000,1
1414631820000,1414631879000,0.87638,0.87638,0.87628,0.87633,25260000,1
1414631880000,1414631939000,0.87632,0.87643,0.87628,0.87639,87040000,1
1414631940000,1414631999000,0.87639,0.87655,0.87636,0.87652,85960000,1
1414632000000,1414632059000,0.87651,0.87662,0.87649,0.8766,55010000,1
1414632060000,1414632119000,0.87662,0.87664,0.87654,0.87657,44690000,1
1414632120000,1414632179000,0.87656,0.87656,0.87647,0.87647,32570000,1
1414632180000,1414632239000,0.87646,0.8766,0.87641,0.87656,52180000,1
1414632240000,1414632299000,0.87655,0.87664,0.87642,0.87659,86520000,1
1414632300000,1414632359000,0.8766,0.87693,0.8766,0.87687,62180000,1
1414632360000,1414632419000,0.87687,0.87692,0.87682,0.87687,63240000,1
1414632420000,1414632479000,0.87687,0.87706,0.87687,0.87706,47900000,1
1414632480000,1414632539000,0.87706,0.87706,0.87688,0.87694,42970000,1
1414632540000,1414632599000,0.87694,0.87694,0.87671,0.87672,56540000,1
1414632600000,1414632659000,0.87672,0.87695,0.87672,0.87691,43900000,1
1414632660000,1414632719000,0.87692,0.87696,0.87677,0.87681,63250000,1
1414632720000,1414632779000,0.87679,0.87682,0.87667,0.87673,77830000,1
1414632780000,1414632839000,0.87672,0.87672,0.87662,0.87662,77390000,1
1414632840000,1414632899000,0.87661,0.87661,0.87638,0.8765,125080000,1
1414632900000,1414632959000,0.8765,0.87667,0.87647,0.87667,47790000,1
1414632960000,1414633019000,0.87668,0.87671,0.8766,0.87662,27840000,1
1414633020000,1414633079000,0.87662,0.87667,0.87646,0.87659,47300000,1
1414633080000,1414633139000,0.87659,0.8768,0.87659,0.87678,65330000,1
1414633140000,1414633199000,0.87678,0.87689,0.87678,0.87681,40540000,1
1414633200000,1414633259000,0.87679,0.87681,0.87677,0.87681,25780000,1
1414633260000,1414633319000,0.87681,0.87683,0.87681,0.87682,20940000,1
1414633320000,1414633379000,0.87682,0.87685,0.87682,0.87685,30090000,1
1414633380000,1414633439000,0.87683,0.87684,0.8768,0.87681,22950000,1
1414633440000,1414633499000,0.87681,0.8769,0.87681,0.87687,38260000,1
1414633500000,1414633559000,0.87686,0.87701,0.87685,0.877,51320000,1
1414633560000,1414633619000,0.877,0.87707,0.877,0.87704,52320000,1
1414633620000,1414633679000,0.87703,0.87709,0.87703,0.87708,43050000,1
1414633680000,1414633739000,0.87708,0.87708,0.87708,0.87708,37090000,1
1414633740000,1414633799000,0.87708,0.87731,0.87707,0.87727,50340000,1
1414633800000,1414633859000,0.87727,0.87727,0.87709,0.87718,31920000,1
1414633860000,1414633919000,0.87718,0.87719,0.87718,0.87719,3000000,1
1414633920000,1414633979000,0.87719,0.87724,0.87712,0.87724,41060000,1
1414633980000,1414634039000,0.87725,0.87748,0.87725,0.87748,34590000,1
1414634040000,1414634099000,0.87748,0.87767,0.87748,0.87766,102560000,1
1414634100000,1414634159000,0.87766,0.87783,0.87766,0.87772,59720000,1
1414634160000,1414634219000,0.87771,0.87771,0.87748,0.87753,56580000,1
1414634220000,1414634279000,0.87749,0.87764,0.87733,0.87733,71630000,1
1414634280000,1414634339000,0.87733,0.87739,0.8773,0.87739,45490000,1
1414634340000,1414634399000,0.87739,0.87751,0.87739,0.87741,30080000,1
1414634400000,1414634459000,0.87741,0.87806,0.87741,0.87775,265800000,1
1414634460000,1414634519000,0.87776,0.87776,0.87744,0.87768,164170000,1
1414634520000,1414634579000,0.87768,0.87768,0.87731,0.87746,106390000,1
1414634580000,1414634639000,0.87746,0.87757,0.8774,0.87751,112480000,1
1414634640000,1414634699000,0.87754,0.87762,0.87744,0.87744,68790000,1
1414634700000,1414634759000,0.87744,0.87752,0.87738,0.87745,50100000,1
1414634760000,1414634819000,0.87746,0.87769,0.87746,0.87769,85240000,1
1414634820000,1414634879000,0.87769,0.87799,0.87769,0.87784,62980000,1
1414634880000,1414634939000,0.87783,0.87793,0.87781,0.87787,74110000,1
1414634940000,1414634999000,0.87786,0.87788,0.87786,0.87788,9400000,1
1414635000000,1414635059000,0.87786,0.87805,0.87786,0.87792,48540000,1
1414635060000,1414635119000,0.87792,0.87798,0.87791,0.87792,35500000,1
1414635120000,1414635179000,0.87791,0.878,0.87782,0.87785,65750000,1
1414635180000,1414635239000,0.87786,0.87788,0.87777,0.87777,33740000,1
1414635240000,1414635299000,0.87775,0.87775,0.87761,0.87765,54210000,1
1414635300000,1414635359000,0.87765,0.87765,0.87763,0.87763,36000000,1
1414635360000,1414635419000,0.87763,0.87769,0.87763,0.87768,16000000,1
1414635420000,1414635479000,0.87766,0.87766,0.87748,0.87757,36730000,1
1414635480000,1414635539000,0.87758,0.87778,0.87758,0.87775,23180000,1
1414635540000,1414635599000,0.87775,0.87778,0.8777,0.87776,25870000,1
1414635600000,1414635659000,0.87776,0.87777,0.87767,0.87767,45820000,1
1414635660000,1414635719000,0.87768,0.87794,0.87768,0.87794,49920000,1
1414635720000,1414635779000,0.87794,0.87796,0.87776,0.87781,63860000,1
1414635780000,1414635839000,0.8778,0.87792,0.87778,0.87792,39020000,1
1414635840000,1414635899000,0.87792,0.87802,0.8779,0.87797,64390000,1
1414635900000,1414635959000,0.87797,0.87802,0.87795,0.87795,35320000,1
1414635960000,1414636019000,0.87794,0.87803,0.87794,0.878,18150000,1
1414636020000,1414636079000,0.87799,0.878,0.8779,0.8779,36070000,1
1414636080000,1414636139000,0.8779,0.8779,0.87772,0.87773,16070000,1
1414636140000,1414636199000,0.87771,0.87774,0.87748,0.87748,43650000,1
1414636200000,1414636259000,0.87749,0.87751,0.87749,0.87749,10730000,1
1414636260000,1414636319000,0.87749,0.87756,0.87748,0.87756,47700000,1
1414636320000,1414636379000,0.87754,0.87754,0.8775,0.87752,22540000,1
1414636380000,1414636439000,0.87752,0.87761,0.87752,0.87758,23460000,1
1414636440000,1414636499000,0.87758,0.87782,0.87756,0.87782,53990000,1
1414636500000,1414636559000,0.8778,0.878,0.87779,0.87799,103780000,1
1414636560000,1414636619000,0.87802,0.87816,0.878,0.87813,59790000,1
1414636620000,1414636679000,0.87812,0.87812,0.87799,0.87799,51630000,1
1414636680000,1414636739000,0.87798,0.878,0.87795,0.87797,31120000,1
1414636740000,1414636799000,0.87798,0.87798,0.87782,0.87783,17500000,1
1414636800000,1414636859000,0.87783,0.87785,0.87771,0.87771,25980000,1
1414636860000,1414636919000,0.87771,0.87771,0.87769,0.87769,3500000,1
1414636920000,1414636979000,0.8777,0.8777,0.87751,0.87751,30780000,1
1414636980000,1414637039000,0.87751,0.87764,0.87751,0.87761,25350000,1
1414637040000,1414637099000,0.87761,0.87786,0.87761,0.87786,60740000,1
1414637100000,1414637159000,0.87785,0.87785,0.87769,0.87769,10940000,1
1414637160000,1414637219000,0.8777,0.8778,0.87768,0.8778,17520000,1
1414637220000,1414637279000,0.87781,0.87787,0.87781,0.87787,11340000,1
1414637280000,1414637339000,0.87786,0.87786,0.87769,0.87776,25790000,1
1414637340000,1414637399000,0.87776,0.87776,0.87758,0.87758,13100000,1
1414637400000,1414637459000,0.87758,0.87771,0.87758,0.8777,46870000,1
1414637460000,1414637519000,0.8777,0.87782,0.8777,0.87782,25340000,1
1414637520000,1414637579000,0.87783,0.87784,0.87758,0.87762,40690000,1
1414637580000,1414637639000,0.87761,0.87772,0.8776,0.8776,28150000,1
1414637640000,1414637699000,0.87763,0.87773,0.87763,0.87773,22000000,1
1414637700000,1414637759000,0.8777,0.87771,0.87767,0.87767,16190000,1
1414637760000,1414637819000,0.87766,0.87772,0.87766,0.87766,15390000,1
1414637820000,1414637879000,0.87771,0.87773,0.87768,0.87772,40860000,1
1414637880000,1414637939000,0.87771,0.87774,0.87769,0.87774,24590000,1
1414637940000,1414637999000,0.87773,0.87777,0.87772,0.87777,25730000,1
1414638000000,1414638059000,0.87777,0.87777,0.87777,0.87777,2250000,1
1414638060000,1414638119000,0.87777,0.87782,0.87767,0.87767,43970000,1
1414638120000,1414638179000,0.87767,0.87771,0.87767,0.87767,35240000,1
1414638180000,1414638239000,0.87767,0.87776,0.87766,0.8777,28680000,1
1414638240000,1414638299000,0.8777,0.87777,0.87768,0.87772,80250000,1
1414638300000,1414638359000,0.87772,0.87772,0.87771,0.87771,15600000,1
1414638360000,1414638419000,0.87769,0.87773,0.87768,0.87772,56990000,1
1414638420000,1414638479000,0.87772,0.87773,0.87772,0.87773,66270000,1
1414638480000,1414638539000,0.87773,0.87777,0.87773,0.87774,21310000,1
1414638540000,1414638599000,0.87772,0.87772,0.87772,0.87772,2200000,1
1414638600000,1414638659000,0.87772,0.87779,0.87772,0.87775,43930000,1
1414638660000,1414638719000,0.87774,0.87774,0.87773,0.87773,2000000,1
1414638720000,1414638779000,0.87773,0.87773,0.87772,0.87772,6900000,1
1414638780000,1414638839000,0.87772,0.87775,0.87772,0.87772,16060000,1
1414638840000,1414638899000,0.87772,0.87773,0.87772,0.87772,33140000,1
1414638900000,1414638959000,0.87771,0.87773,0.87767,0.87771,24010000,1
1414638960000,1414639019000,0.87772,0.87776,0.87772,0.87776,12050000,1
1414639020000,1414639079000,0.87776,0.87783,0.87776,0.87778,61040000,1
1414639080000,1414639139000,0.87778,0.87778,0.87778,0.87778,17490000,1
1414639140000,1414639199000,0.87778,0.87778,0.87775,0.87776,22110000,1
1414639200000,1414639259000,0.87778,0.87778,0.87778,0.87778,19400000,1
1414639260000,1414639319000,0.87778,0.87782,0.87775,0.87779,108010000,1
1414639320000,1414639379000,0.87779,0.87781,0.87778,0.87779,57550000,1
1414639380000,1414639439000,0.87779,0.87782,0.87769,0.87769,58640000,1
1414639440000,1414639499000,0.87769,0.8778,0.87769,0.87778,88130000,1
1414639500000,1414639559000,0.87775,0.87778,0.87772,0.87778,55750000,1
1414639560000,1414639619000,0.87776,0.87782,0.8777,0.87771,20760000,1
1414639620000,1414639679000,0.87771,0.87776,0.87761,0.87767,46400000,1
1414639680000,1414639739000,0.87767,0.87767,0.87731,0.87737,83340000,1
1414639740000,1414639799000,0.87737,0.87747,0.87737,0.87744,60740000,1
1414639800000,1414639859000,0.87743,0.87752,0.87731,0.87742,68380000,1
1414639860000,1414639919000,0.87742,0.87753,0.87736,0.87736,66820000,1
1414639920000,1414639979000,0.87737,0.87737,0.87712,0.87725,81400000,1
1414639980000,1414640039000,0.87725,0.87729,0.87714,0.87723,51620000,1
1414640040000,1414640099000,0.87725,0.87728,0.87722,0.87723,23500000,1
1414640100000,1414640159000,0.87723,0.87726,0.87669,0.87679,102130000,1
1414640160000,1414640219000,0.87679,0.8768,0.87659,0.87673,64880000,1
1414640220000,1414640279000,0.87674,0.87688,0.87669,0.87677,72250000,1
1414640280000,1414640339000,0.87677,0.87685,0.87662,0.87677,54640000,1
1414640340000,1414640399000,0.87678,0.8769,0.87678,0.87689,24500000,1
1414640400000,1414640459000,0.87688,0.87705,0.87688,0.877,44120000,1
1414640460000,1414640519000,0.877,0.87729,0.877,0.87725,54110000,1
1414640520000,1414640579000,0.87727,0.87727,0.87716,0.87716,13920000,1
1414640580000,1414640639000,0.87715,0.87716,0.87704,0.8771,38280000,1
1414640640000,1414640699000,0.87709,0.87712,0.87701,0.87712,17490000,1
1414640700000,1414640759000,0.87713,0.8772,0.87709,0.87718,42570000,1
1414640760000,1414640819000,0.87716,0.87718,0.87712,0.87718,20900000,1
1414640820000,1414640879000,0.87716,0.87724,0.87712,0.87719,37100000,1
1414640880000,1414640939000,0.87721,0.87727,0.87702,0.87708,70260000,1
1414640940000,1414640999000,0.87707,0.87707,0.87689,0.87689,37580000,1
1414641000000,1414641059000,0.87689,0.87689,0.87674,0.87679,32170000,1
1414641060000,1414641119000,0.87678,0.87683,0.87678,0.87683,16100000,1
1414641120000,1414641179000,0.87684,0.87684,0.87679,0.87679,3500000,1
1414641180000,1414641239000,0.87679,0.87692,0.87677,0.87692,18830000,1
1414641240000,1414641299000,0.87691,0.87697,0.87687,0.8769,41880000,1
1414641300000,1414641359000,0.87687,0.87688,0.87684,0.87684,12170000,1
1414641360000,1414641419000,0.87684,0.87689,0.87682,0.87683,35000000,1
1414641420000,1414641479000,0.87683,0.87688,0.87675,0.87688,12500000,1
1414641480000,1414641539000,0.8769,0.87693,0.8768,0.87686,26000000,1
1414641540000,1414641599000,0.87687,0.8769,0.87666,0.87668,31320000,1
1414641600000,1414641659000,0.87667,0.87668,0.87666,0.87668,9470000,1
1414641660000,1414641719000,0.87669,0.87669,0.87668,0.87668,2000000,1
1414641720000,1414641779000,0.87668,0.87668,0.87667,0.87668,8710000,1
1414641780000,1414641839000,0.87668,0.87669,0.87668,0.87669,30000000,1
1414641840000,1414641899000,0.87668,0.87683,0.87667,0.87676,64470000,1
1414641900000,1414641959000,0.87676,0.87683,0.87676,0.87679,35760000,1
1414641960000,1414642019000,0.87678,0.87678,0.87668,0.87668,25880000,1
1414642020000,1414642079000,0.87668,0.87673,0.87668,0.8767,43560000,1
1414642080000,1414642139000,0.87669,0.87677,0.87667,0.87672,36800000,1
1414642140000,1414642199000,0.87673,0.87675,0.87673,0.87673,7000000,1
1414642200000,1414642259000,0.87674,0.87719,0.87674,0.87719,38410000,1
1414642260000,1414642319000,0.87718,0.87718,0.87707,0.87715,31820000,1
1414642320000,1414642379000,0.87716,0.87735,0.87716,0.87735,60520000,1
1414642380000,1414642439000,0.87735,0.87736,0.87717,0.87723,41680000,1
1414642440000,1414642499000,0.87721,0.87721,0.87719,0.8772,22400000,1
1414642500000,1414642559000,0.8772,0.87731,0.8772,0.87728,42640000,1
1414642560000,1414642619000,0.87728,0.87732,0.87728,0.87731,16100000,1
1414642620000,1414642679000,0.87731,0.87731,0.87729,0.87729,23370000,1
1414642680000,1414642739000,0.8773,0.87731,0.87729,0.8773,24590000,1
1414642740000,1414642799000,0.87729,0.87733,0.87729,0.8773,11960000,1
1414642800000,1414642859000,0.8773,0.87737,0.87729,0.87731,74550000,1
1414642860000,1414642919000,0.87731,0.8774,0.87731,0.87734,25190000,1
1414642920000,1414642979000,0.87734,0.87739,0.87731,0.87731,41020000,1
1414642980000,1414643039000,0.87731,0.87731,0.87731,0.87731,4100000,1
1414643040000,1414643099000,0.87731,0.87732,0.87731,0.87732,2000000,1
1414643100000,1414643159000,0.87731,0.87731,0.8772,0.8772,35760000,1
1414643160000,1414643219000,0.8772,0.87728,0.8772,0.87726,24740000,1
1414643220000,1414643279000,0.87726,0.87733,0.87726,0.87728,19760000,1
1414643280000,1414643339000,0.87727,0.87728,0.87723,0.87727,14750000,1
1414643340000,1414643399000,0.87726,0.87727,0.87717,0.87727,36120000,1
1414643400000,1414643459000,0.87726,0.87727,0.87724,0.87726,45530000,1
1414643460000,1414643519000,0.87725,0.87727,0.87722,0.87722,10070000,1
1414643520000,1414643579000,0.87724,0.87724,0.87724,0.87724,3000000,1
1414643580000,1414643639000,0.87727,0.87727,0.87722,0.87722,13640000,1
1414643640000,1414643699000,0.87721,0.87723,0.87715,0.87716,38070000,1
1414643700000,1414643759000,0.87716,0.87716,0.87711,0.87713,24000000,1
1414643760000,1414643819000,0.87714,0.87717,0.87713,0.87717,24200000,1
1414643820000,1414643879000,0.87716,0.87716,0.8771,0.87712,18750000,1
1414643880000,1414643939000,0.87712,0.87712,0.87691,0.87694,28860000,1
1414643940000,1414643999000,0.87694,0.87694,0.87652,0.87669,71710000,1
1414644000000,1414644059000,0.8767,0.87687,0.8767,0.87684,35360000,1
1414644060000,1414644119000,0.87685,0.87689,0.87681,0.87688,14370000,1
1414644120000,1414644179000,0.87687,0.87687,0.87669,0.87678,51080000,1
1414644180000,1414644239000,0.8768,0.87683,0.8768,0.8768,11700000,1
1414644240000,1414644299000,0.8768,0.8768,0.87668,0.87672,16510000,1
1414644300000,1414644359000,0.87673,0.87685,0.87673,0.87685,41480000,1
1414644360000,1414644419000,0.87687,0.87694,0.87683,0.87687,42100000,1
1414644420000,1414644479000,0.87687,0.87699,0.87685,0.87695,33060000,1
1414644480000,1414644539000,0.87694,0.87694,0.87672,0.87677,42490000,1
1414644540000,1414644599000,0.87678,0.87702,0.87678,0.87702,68080000,1
1414644600000,1414644659000,0.877,0.87702,0.87697,0.87698,13000000,1
1414644660000,1414644719000,0.87698,0.87699,0.87697,0.87699,8420000,1
1414644720000,1414644779000,0.87697,0.87697,0.87686,0.87688,26070000,1
1414644780000,1414644839000,0.87686,0.87686,0.87678,0.87678,11700000,1
1414644840000,1414644899000,0.87678,0.87687,0.87677,0.87687,20090000,1
1414644900000,1414644959000,0.87687,0.87687,0.87672,0.87673,38640000,1
1414644960000,1414645019000,0.87673,0.87686,0.87671,0.87677,67230000,1
1414645020000,1414645079000,0.87677,0.87683,0.87663,0.87668,75870000,1
1414645080000,1414645139000,0.87668,0.87668,0.87653,0.87668,62300000,1
1414645140000,1414645199000,0.87668,0.87678,0.87667,0.87678,27360000,1
1414645200000,1414645259000,0.87678,0.87678,0.87669,0.87671,23800000,1
1414645260000,1414645319000,0.87669,0.87678,0.87669,0.87677,34770000,1
1414645320000,1414645379000,0.87675,0.87675,0.87652,0.8766,116490000,1
1414645380000,1414645439000,0.87659,0.87664,0.87634,0.87634,72770000,1
1414645440000,1414645499000,0.87634,0.87657,0.87624,0.87647,137100000,1
1414645500000,1414645559000,0.87648,0.87664,0.87647,0.87664,46030000,1
1414645560000,1414645619000,0.87664,0.87672,0.87656,0.87657,55540000,1
1414645620000,1414645679000,0.87657,0.87664,0.87647,0.87659,55100000,1
1414645680000,1414645739000,0.87659,0.87664,0.87647,0.8765,68430000,1
1414645740000,1414645799000,0.87651,0.87653,0.8761,0.87616,110520000,1
1414645800000,1414645859000,0.87618,0.87638,0.87617,0.87633,110040000,1
1414645860000,1414645919000,0.87632,0.87646,0.8763,0.87645,47020000,1
1414645920000,1414645979000,0.87645,0.87654,0.8764,0.87651,40200000,1
1414645980000,1414646039000,0.87651,0.87669,0.8765,0.8765,71980000,1
1414646040000,1414646099000,0.8765,0.8765,0.87629,0.8763,39570000,1
1414646100000,1414646159000,0.87629,0.87658,0.87629,0.87658,99970000,1
1414646160000,1414646219000,0.87659,0.87667,0.8765,0.87662,84540000,1
1414646220000,1414646279000,0.87662,0.87681,0.87659,0.87663,58350000,1
1414646280000,1414646339000,0.87662,0.87674,0.87662,0.8767,28720000,1
1414646340000,1414646399000,0.87667,0.87682,0.87655,0.87662,58790000,1
1414646400000,1414646459000,0.87662,0.87691,0.87657,0.87689,62240000,1
1414646460000,1414646519000,0.87689,0.87707,0.87687,0.87706,45510000,1
1414646520000,1414646579000,0.87704,0.87705,0.87686,0.87686,59950000,1
1414646580000,1414646639000,0.87686,0.87697,0.87686,0.87693,81400000,1
1414646640000,1414646699000,0.87691,0.87697,0.87688,0.87688,31240000,1
1414646700000,1414646759000,0.87688,0.8769,0.87665,0.8767,68050000,1
1414646760000,1414646819000,0.8767,0.87671,0.87668,0.87668,23500000,1
1414646820000,1414646879000,0.87668,0.87668,0.87649,0.87649,31380000,1
1414646880000,1414646939000,0.87648,0.87657,0.87642,0.8765,41320000,1
1414646940000,1414646999000,0.8765,0.8765,0.8764,0.87649,28500000,1
1414647000000,1414647059000,0.8765,0.87666,0.8765,0.87665,25950000,1
1414647060000,1414647119000,0.87665,0.87676,0.87665,0.87672,20750000,1
1414647120000,1414647179000,0.87672,0.87674,0.87618,0.87623,66170000,1
1414647180000,1414647239000,0.87623,0.87625,0.87617,0.87617,36930000,1
1414647240000,1414647299000,0.87617,0.87617,0.87569,0.87573,127720000,1
1414647300000,1414647359000,0.87574,0.87588,0.87554,0.87587,85980000,1
1414647360000,1414647419000,0.87588,0.87616,0.87587,0.87608,153840000,1
1414647420000,1414647479000,0.87608,0.87616,0.87608,0.87616,50260000,1
1414647480000,1414647539000,0.87616,0.87617,0.87605,0.8761,27130000,1
1414647540000,1414647599000,0.87608,0.87628,0.87605,0.87605,37900000,1
1414647600000,1414647659000,0.87604,0.87607,0.87604,0.87607,4650000,1
1414647660000,1414647719000,0.87608,0.87608,0.87588,0.87606,37110000,1
1414647720000,1414647779000,0.87605,0.87623,0.87604,0.87619,33060000,1
1414647780000,1414647839000,0.87618,0.87618,0.87617,0.87617,8340000,1
1414647840000,1414647899000,0.87619,0.87628,0.87618,0.87618,27100000,1
1414647900000,1414647959000,0.87617,0.87617,0.87602,0.87602,33000000,1
1414647960000,1414648019000,0.87602,0.87611,0.8758,0.87611,97550000,1
1414648020000,1414648079000,0.87612,0.87628,0.87612,0.87625,54020000,1
1414648080000,1414648139000,0.87625,0.87635,0.87619,0.87619,35200000,1
1414648140000,1414648199000,0.87619,0.87621,0.876,0.87604,28380000,1
1414648200000,1414648259000,0.87606,0.87608,0.876,0.87602,23660000,1
1414648260000,1414648319000,0.87602,0.87627,0.87601,0.87602,84580000,1
1414648320000,1414648379000,0.87602,0.87621,0.87602,0.87613,57370000,1
1414648380000,1414648439000,0.87613,0.87615,0.87613,0.87615,24710000,1
1414648440000,1414648499000,0.87615,0.8762,0.87615,0.87617,33850000,1
1414648500000,1414648559000,0.87617,0.87617,0.87616,0.87617,24410000,1
1414648560000,1414648619000,0.87619,0.87634,0.87617,0.87634,73640000,1
1414648620000,1414648679000,0.87631,0.87672,0.8763,0.87671,45880000,1
1414648680000,1414648739000,0.87671,0.87674,0.87647,0.87647,43000000,1
1414648740000,1414648799000,0.87649,0.87657,0.87642,0.87652,64750000,1
1414648800000,1414648859000,0.87652,0.87659,0.87647,0.87659,44230000,1
1414648860000,1414648919000,0.87659,0.87661,0.87648,0.87658,47420000,1
1414648920000,1414648979000,0.87657,0.87658,0.8764,0.87657,46850000,1
1414648980000,1414649039000,0.87661,0.87668,0.8764,0.8764,45000000,1
1414649040000,1414649099000,0.87637,0.87644,0.87635,0.87641,23500000,1
1414649100000,1414649159000,0.87643,0.87644,0.87634,0.87637,15750000,1
1414649160000,1414649219000,0.87638,0.8764,0.87628,0.87628,21250000,1
1414649220000,1414649279000,0.87629,0.87638,0.87626,0.87635,61480000,1
1414649280000,1414649339000,0.87634,0.87647,0.87627,0.87647,37650000,1
1414649340000,1414649399000,0.87647,0.87661,0.87647,0.87658,76180000,1
1414649400000,1414649459000,0.87657,0.87677,0.87657,0.87671,54100000,1
1414649460000,1414649519000,0.87671,0.87681,0.87665,0.87677,41230000,1
1414649520000,1414649579000,0.87675,0.87675,0.8766,0.8766,42170000,1
1414649580000,1414649639000,0.87659,0.87659,0.87659,0.87659,1000000,1
1414649640000,1414649699000,0.8766,0.8767,0.87657,0.87657,43010000,1
1414649700000,1414649759000,0.87657,0.87657,0.87655,0.87656,9440000,1
1414649760000,1414649819000,0.87656,0.87667,0.87655,0.87667,20920000,1
1414649820000,1414649879000,0.87666,0.87667,0.87659,0.87659,15320000,1
1414649880000,1414649939000,0.87659,0.8766,0.87658,0.8766,19500000,1
1414649940000,1414649999000,0.87661,0.87661,0.87657,0.87658,27530000,1
1414650000000,1414650059000,0.8766,0.87668,0.87656,0.87666,100410000,1
1414650060000,1414650119000,0.87666,0.87668,0.8766,0.87667,58970000,1
1414650120000,1414650179000,0.87667,0.87669,0.87663,0.87668,53100000,1
1414650180000,1414650239000,0.87668,0.87679,0.87664,0.87678,37160000,1
1414650240000,1414650299000,0.87681,0.87681,0.87679,0.87679,2500000,1
1414650300000,1414650359000,0.87677,0.87699,0.87677,0.87697,31000000,1
1414650360000,1414650419000,0.877,0.87717,0.87695,0.87716,74180000,1
1414650420000,1414650479000,0.87716,0.87738,0.87712,0.87735,62630000,1
1414650480000,1414650539000,0.87735,0.87738,0.87722,0.87722,52240000,1
1414650540000,1414650599000,0.87722,0.87731,0.87721,0.87729,47480000,1
1414650600000,1414650659000,0.87729,0.87733,0.8772,0.87727,42600000,1
1414650660000,1414650719000,0.87727,0.87729,0.87721,0.87729,21250000,1
1414650720000,1414650779000,0.87728,0.87728,0.8772,0.87727,17940000,1
1414650780000,1414650839000,0.87727,0.87731,0.87723,0.87728,22890000,1
1414650840000,1414650899000,0.87728,0.87736,0.87722,0.87736,59860000,1
1414650900000,1414650959000,0.87735,0.87737,0.87732,0.87732,41430000,1
1414650960000,1414651019000,0.87732,0.87732,0.87717,0.87717,21360000,1
1414651020000,1414651079000,0.87718,0.87726,0.87715,0.87719,54130000,1
1414651080000,1414651139000,0.87719,0.87728,0.87718,0.87727,39130000,1
1414651140000,1414651199000,0.87727,0.87731,0.87723,0.87723,28490000,1
1414651200000,1414651259000,0.87722,0.87725,0.87721,0.87722,36150000,1
1414651260000,1414651319000,0.87722,0.87722,0.8771,0.8771,43640000,1
1414651320000,1414651379000,0.8771,0.8771,0.87696,0.87699,31840000,1
1414651380000,1414651439000,0.87701,0.87708,0.87693,0.87699,41180000,1
1414651440000,1414651499000,0.87699,0.87699,0.87668,0.87668,86390000,1
1414651500000,1414651559000,0.87668,0.87668,0.87649,0.8765,75490000,1
1414651560000,1414651619000,0.8765,0.87658,0.87644,0.87658,55580000,1
1414651620000,1414651679000,0.87656,0.87657,0.87652,0.87652,24380000,1
1414651680000,1414651739000,0.87652,0.87656,0.87651,0.87654,26750000,1
1414651740000,1414651799000,0.87654,0.87656,0.87652,0.87656,6750000,1
1414651800000,1414651859000,0.87655,0.87666,0.87655,0.87659,79910000,1
1414651860000,1414651919000,0.87659,0.8766,0.87655,0.87656,46810000,1
1414651920000,1414651979000,0.87656,0.87674,0.87656,0.87672,43240000,1
1414651980000,1414652039000,0.87672,0.87681,0.87657,0.87667,57150000,1
1414652040000,1414652099000,0.87667,0.87667,0.87667,0.87667,30610000,1
1414652100000,1414652159000,0.87667,0.87685,0.87667,0.87682,47870000,1
1414652160000,1414652219000,0.87682,0.87689,0.87682,0.87689,36970000,1
1414652220000,1414652279000,0.87689,0.87703,0.87689,0.87703,25150000,1
1414652280000,1414652339000,0.87703,0.87704,0.87695,0.877,38050000,1
1414652340000,1414652399000,0.877,0.87711,0.87699,0.8771,35200000,1
1414652400000,1414652459000,0.87712,0.87713,0.87697,0.87697,45930000,1
1414652460000,1414652519000,0.87697,0.87708,0.87696,0.87707,46570000,1
1414652520000,1414652579000,0.87707,0.87708,0.877,0.87708,39600000,1
1414652580000,1414652639000,0.87708,0.87728,0.87705,0.87726,68820000,1
1414652640000,1414652699000,0.87726,0.87726,0.87721,0.87725,57370000,1
1414652700000,1414652759000,0.87725,0.87732,0.87717,0.87721,73680000,1
1414652760000,1414652819000,0.87722,0.87727,0.87722,0.87725,41140000,1
1414652820000,1414652879000,0.87725,0.87733,0.87725,0.87725,41940000,1
1414652880000,1414652939000,0.87725,0.87725,0.87715,0.87716,34940000,1
1414652940000,1414652999000,0.87718,0.87723,0.87716,0.8772,64050000,1
1414653000000,1414653059000,0.8772,0.87723,0.87719,0.87723,33590000,1
1414653060000,1414653119000,0.87722,0.87738,0.87721,0.87738,86560000,1
1414653120000,1414653179000,0.87738,0.8774,0.87732,0.87735,46820000,1
1414653180000,1414653239000,0.87736,0.87739,0.87734,0.87737,26880000,1
1414653240000,1414653299000,0.87737,0.87761,0.87737,0.87756,54690000,1
1414653300000,1414653359000,0.87756,0.87756,0.87747,0.87748,46740000,1
1414653360000,1414653419000,0.87748,0.87756,0.87745,0.87756,36190000,1
1414653420000,1414653479000,0.87756,0.8777,0.87755,0.87767,70550000,1
1414653480000,1414653539000,0.87767,0.87769,0.87747,0.87753,75980000,1
1414653540000,1414653599000,0.87752,0.87752,0.87731,0.87731,66390000,1
1414653600000,1414653659000,0.87731,0.87735,0.87725,0.87725,76850000,1
1414653660000,1414653719000,0.87725,0.87725,0.87682,0.87692,89800000,1
1414653720000,1414653779000,0.87691,0.87695,0.87657,0.87675,111640000,1
1414653780000,1414653839000,0.87675,0.87692,0.87674,0.87685,104180000,1
1414653840000,1414653899000,0.87685,0.87719,0.87685,0.87718,79470000,1
1414653900000,1414653959000,0.87718,0.87725,0.877,0.8772,61550000,1
1414653960000,1414654019000,0.8772,0.87727,0.87715,0.8772,44110000,1
1414654020000,1414654079000,0.87721,0.87745,0.8772,0.8773,84830000,1
1414654080000,1414654139000,0.8773,0.8773,0.87722,0.87722,58540000,1
1414654140000,1414654199000,0.87722,0.87722,0.87694,0.87694,46320000,1
1414654200000,1414654259000,0.87694,0.87721,0.87694,0.8772,68150000,1
1414654260000,1414654319000,0.8772,0.8772,0.87702,0.87707,67270000,1
1414654320000,1414654379000,0.87707,0.87743,0.87705,0.87743,68070000,1
1414654380000,1414654439000,0.87743,0.87762,0.87739,0.87758,62020000,1
1414654440000,1414654499000,0.87758,0.87766,0.87758,0.87764,26920000,1
1414654500000,1414654559000,0.87763,0.87764,0.87754,0.87758,37980000,1
1414654560000,1414654619000,0.87758,0.87758,0.87738,0.8775,37940000,1
1414654620000,1414654679000,0.8775,0.8775,0.87736,0.87746,60660000,1
1414654680000,1414654739000,0.87746,0.87752,0.8773,0.87749,110580000,1
1414654740000,1414654799000,0.8775,0.8775,0.8771,0.87717,88180000,1
1414654800000,1414654859000,0.87717,0.87726,0.87717,0.87717,67150000,1
1414654860000,1414654919000,0.87717,0.87717,0.87681,0.87683,108310000,1
1414654920000,1414654979000,0.87683,0.87691,0.87683,0.87685,82930000,1
1414654980000,1414655039000,0.87685,0.87702,0.87665,0.877,126370000,1
1414655040000,1414655099000,0.87699,0.87701,0.87694,0.87699,44750000,1
1414655100000,1414655159000,0.87701,0.87725,0.87701,0.87719,82800000,1
1414655160000,1414655219000,0.87719,0.87722,0.87707,0.87714,56660000,1
1414655220000,1414655279000,0.87714,0.87716,0.877,0.87708,89920000,1
1414655280000,1414655339000,0.87708,0.87717,0.87705,0.87705,48590000,1
1414655340000,1414655399000,0.87706,0.87708,0.87704,0.87707,50100000,1
1414655400000,1414655459000,0.87708,0.87727,0.87707,0.87719,60590000,1
1414655460000,1414655519000,0.8772,0.87737,0.87714,0.87714,76890000,1
1414655520000,1414655579000,0.87714,0.87726,0.87699,0.87699,69340000,1
1414655580000,1414655639000,0.87699,0.87699,0.87675,0.87678,57920000,1
1414655640000,1414655699000,0.87678,0.8768,0.87674,0.87674,48010000,1
1414655700000,1414655759000,0.87676,0.87689,0.87676,0.87683,29470000,1
1414655760000,1414655819000,0.87683,0.87688,0.87664,0.87668,61400000,1
1414655820000,1414655879000,0.87668,0.8767,0.87657,0.87669,46840000,1
1414655880000,1414655939000,0.8767,0.87682,0.87669,0.87681,35690000,1
1414655940000,1414655999000,0.87681,0.87685,0.87665,0.87668,60910000,1
1414656000000,1414656059000,0.87671,0.87682,0.87669,0.87671,104630000,1
1414656060000,1414656119000,0.87671,0.87671,0.87654,0.87657,50530000,1
1414656120000,1414656179000,0.87657,0.87681,0.87657,0.87676,71210000,1
1414656180000,1414656239000,0.87676,0.87687,0.87676,0.87685,80820000,1
1414656240000,1414656299000,0.87685,0.87685,0.87669,0.87669,96070000,1
1414656300000,1414656359000,0.87672,0.87673,0.87637,0.87647,127620000,1
1414656360000,1414656419000,0.87647,0.87676,0.87642,0.87671,159650000,1
1414656420000,1414656479000,0.87673,0.87702,0.8767,0.87697,93400000,1
1414656480000,1414656539000,0.87697,0.87701,0.87682,0.87701,68030000,1
1414656540000,1414656599000,0.877,0.877,0.8764,0.87647,130270000,1
1414656600000,1414656659000,0.87647,0.87658,0.87646,0.87657,76540000,1
1414656660000,1414656719000,0.87659,0.87672,0.87641,0.87653,142690000,1
1414656720000,1414656779000,0.87652,0.87671,0.87652,0.87669,99780000,1
1414656780000,1414656839000,0.8767,0.87674,0.87663,0.87669,122220000,1
1414656840000,1414656899000,0.87669,0.87679,0.87664,0.87679,61940000,1
1414656900000,1414656959000,0.8768,0.87701,0.87674,0.87694,129380000,1
1414656960000,1414657019000,0.87694,0.87707,0.87677,0.87703,78630000,1
1414657020000,1414657079000,0.87702,0.87702,0.87665,0.87674,137730000,1
1414657080000,1414657139000,0.87674,0.87688,0.87673,0.87677,102910000,1
1414657140000,1414657199000,0.87675,0.87687,0.87667,0.87674,89920000,1
1414657200000,1414657259000,0.87676,0.87676,0.8764,0.87642,106240000,1
1414657260000,1414657319000,0.87642,0.87648,0.87633,0.87633,86330000,1
1414657320000,1414657379000,0.87633,0.87655,0.8763,0.87647,108570000,1
1414657380000,1414657439000,0.87647,0.87672,0.87641,0.87668,112200000,1
1414657440000,1414657499000,0.87668,0.87686,0.87663,0.8768,71450000,1
1414657500000,1414657559000,0.8768,0.87702,0.8768,0.87682,97850000,1
1414657560000,1414657619000,0.87682,0.87709,0.87674,0.87687,130930000,1
1414657620000,1414657679000,0.87689,0.87704,0.87689,0.87702,47140000,1
1414657680000,1414657739000,0.877,0.877,0.8769,0.87698,63500000,1
1414657740000,1414657799000,0.87698,0.8771,0.87697,0.87707,69580000,1
1414657800000,1414657859000,0.87706,0.8772,0.8769,0.8769,89390000,1
1414657860000,1414657919000,0.87689,0.87712,0.87679,0.87707,126980000,1
1414657920000,1414657979000,0.87707,0.87709,0.87704,0.87704,72030000,1
1414657980000,1414658039000,0.87704,0.87752,0.87704,0.87729,156650000,1
1414658040000,1414658099000,0.87729,0.87757,0.87727,0.87749,108560000,1
1414658100000,1414658159000,0.87749,0.87769,0.87744,0.87745,126860000,1
1414658160000,1414658219000,0.87745,0.87761,0.87745,0.87755,68630000,1
1414658220000,1414658279000,0.87756,0.8776,0.87751,0.87754,84490000,1
1414658280000,1414658339000,0.87757,0.87796,0.8775,0.87792,129350000,1
1414658340000,1414658399000,0.87792,0.87794,0.8777,0.87784,82920000,1
1414658400000,1414658459000,0.87784,0.87785,0.8777,0.87781,72790000,1
1414658460000,1414658519000,0.87781,0.878,0.87772,0.878,110170000,1
1414658520000,1414658579000,0.87797,0.878,0.8778,0.87787,87190000,1
1414658580000,1414658639000,0.87787,0.87811,0.87781,0.87795,140070000,1
1414658640000,1414658699000,0.87794,0.87794,0.87772,0.87782,89310000,1
1414658700000,1414658759000,0.8778,0.87786,0.87769,0.87769,43940000,1
1414658760000,1414658819000,0.87768,0.87789,0.87765,0.87778,69370000,1
1414658820000,1414658879000,0.87778,0.87778,0.87773,0.87776,35960000,1
1414658880000,1414658939000,0.87776,0.87791,0.87776,0.87779,54040000,1
1414658940000,1414658999000,0.87779,0.87788,0.87766,0.87788,67340000,1
1414659000000,1414659059000,0.87788,0.87796,0.87759,0.87759,97840000,1
1414659060000,1414659119000,0.87759,0.87801,0.87759,0.87798,118380000,1
1414659120000,1414659179000,0.87798,0.87803,0.87797,0.87797,67610000,1
1414659180000,1414659239000,0.87797,0.87797,0.87781,0.87785,59730000,1
1414659240000,1414659299000,0.87785,0.87798,0.87784,0.87798,35300000,1
1414659300000,1414659359000,0.87798,0.87805,0.87782,0.87791,129360000,1
1414659360000,1414659419000,0.87796,0.8783,0.87796,0.87828,109660000,1
1414659420000,1414659479000,0.87828,0.87852,0.87823,0.87851,84900000,1
1414659480000,1414659539000,0.8785,0.87856,0.87847,0.87852,80670000,1
1414659540000,1414659599000,0.87852,0.87866,0.87839,0.87862,116810000,1
1414659600000,1414659659000,0.87862,0.87866,0.87846,0.87866,153050000,1
1414659660000,1414659719000,0.87865,0.87882,0.87862,0.87867,146110000,1
1414659720000,1414659779000,0.87867,0.87867,0.87837,0.87838,93620000,1
1414659780000,1414659839000,0.87838,0.87887,0.87823,0.87878,152550000,1
1414659840000,1414659899000,0.87878,0.87886,0.87872,0.87881,54240000,1
1414659900000,1414659959000,0.87881,0.87883,0.8787,0.87881,92420000,1
1414659960000,1414660019000,0.87881,0.87913,0.87872,0.87896,136560000,1
1414660020000,1414660079000,0.87896,0.87911,0.87882,0.8791,131900000,1
1414660080000,1414660139000,0.8791,0.87922,0.87898,0.87907,96040000,1
1414660140000,1414660199000,0.87907,0.87907,0.87899,0.87907,75310000,1
1414660200000,1414660259000,0.87907,0.87927,0.87897,0.87926,105730000,1
1414660260000,1414660319000,0.87926,0.8796,0.87926,0.87936,127720000,1
1414660320000,1414660379000,0.87936,0.87941,0.87927,0.87934,76800000,1
1414660380000,1414660439000,0.87934,0.87938,0.87903,0.87904,85050000,1
1414660440000,1414660499000,0.87904,0.87915,0.87866,0.87877,130220000,1
1414660500000,1414660559000,0.87877,0.87888,0.87867,0.87877,104970000,1
1414660560000,1414660619000,0.87877,0.8789,0.87867,0.87879,98750000,1
1414660620000,1414660679000,0.87879,0.87905,0.87877,0.879,90170000,1
1414660680000,1414660739000,0.87901,0.87914,0.87889,0.87894,75410000,1
1414660740000,1414660799000,0.87895,0.87907,0.87892,0.87898,89860000,1
1414660800000,1414660859000,0.87898,0.87905,0.87893,0.87902,100250000,1
1414660860000,1414660919000,0.87904,0.8791,0.87898,0.87901,105160000,1
1414660920000,1414660979000,0.87901,0.87917,0.87891,0.87902,133380000,1
1414660980000,1414661039000,0.87906,0.8791,0.87889,0.87905,78650000,1
1414661040000,1414661099000,0.87905,0.87942,0.87905,0.87937,96220000,1
1414661100000,1414661159000,0.87937,0.87942,0.87927,0.87927,85760000,1
1414661160000,1414661219000,0.87927,0.87945,0.87927,0.87944,69110000,1
1414661220000,1414661279000,0.87944,0.87946,0.87927,0.87939,105410000,1
1414661280000,1414661339000,0.87939,0.87943,0.87931,0.87939,52130000,1
1414661340000,1414661399000,0.87939,0.87939,0.87927,0.8793,84800000,1
1414661400000,1414661459000,0.87928,0.87931,0.87915,0.87915,67540000,1
1414661460000,1414661519000,0.87915,0.87925,0.87915,0.87917,80020000,1
1414661520000,1414661579000,0.87917,0.87917,0.87908,0.87916,76620000,1
1414661580000,1414661639000,0.87915,0.87923,0.87912,0.87917,53720000,1
1414661640000,1414661699000,0.87917,0.87927,0.87912,0.87917,89450000,1
1414661700000,1414661759000,0.87917,0.87922,0.87914,0.87916,69340000,1
1414661760000,1414661819000,0.87916,0.87922,0.87911,0.87917,54310000,1
1414661820000,1414661879000,0.87917,0.87917,0.87899,0.87907,68230000,1
1414661880000,1414661939000,0.87907,0.87925,0.87907,0.87925,33620000,1
1414661940000,1414661999000,0.87925,0.87931,0.87922,0.87927,75940000,1
1414662000000,1414662059000,0.87927,0.87943,0.87927,0.87931,84130000,1
1414662060000,1414662119000,0.87931,0.87933,0.87924,0.87927,76880000,1
1414662120000,1414662179000,0.87927,0.87937,0.87927,0.87928,51150000,1
1414662180000,1414662239000,0.87928,0.87956,0.87926,0.87947,53130000,1
1414662240000,1414662299000,0.87947,0.87956,0.87937,0.87956,88300000,1
1414662300000,1414662359000,0.87956,0.87956,0.87949,0.8795,61640000,1
1414662360000,1414662419000,0.8795,0.87952,0.87937,0.87948,73180000,1
1414662420000,1414662479000,0.87947,0.87966,0.87939,0.87966,96120000,1
1414662480000,1414662539000,0.87966,0.87966,0.87954,0.87957,111750000,1
1414662540000,1414662599000,0.87957,0.87967,0.87949,0.87967,81640000,1
1414662600000,1414662659000,0.87967,0.87967,0.87948,0.87951,79190000,1
1414662660000,1414662719000,0.87951,0.87954,0.87936,0.87954,103960000,1
1414662720000,1414662779000,0.87954,0.87973,0.87949,0.87955,82060000,1
1414662780000,1414662839000,0.87955,0.87958,0.87938,0.87958,66270000,1
1414662840000,1414662899000,0.87957,0.87958,0.87947,0.87957,48480000,1
1414662900000,1414662959000,0.87957,0.87964,0.87937,0.87948,48150000,1
1414662960000,1414663019000,0.87948,0.87948,0.87937,0.87937,29340000,1
1414663020000,1414663079000,0.87937,0.87945,0.87937,0.87944,46300000,1
1414663080000,1414663139000,0.87944,0.87946,0.87939,0.87941,44990000,1
1414663140000,1414663199000,0.87941,0.87957,0.87937,0.87942,68730000,1
1414663200000,1414663259000,0.87942,0.87957,0.87942,0.87948,135680000,1
1414663260000,1414663319000,0.8795,0.87965,0.87947,0.87958,122020000,1
1414663320000,1414663379000,0.87958,0.87964,0.87957,0.87964,40800000,1
1414663380000,1414663439000,0.87964,0.87966,0.87958,0.87966,36480000,1
1414663440000,1414663499000,0.87966,0.87969,0.87961,0.87965,58660000,1
1414663500000,1414663559000,0.87968,0.87968,0.87951,0.87957,62070000,1
1414663560000,1414663619000,0.87952,0.87965,0.87952,0.8796,54920000,1
1414663620000,1414663679000,0.8796,0.87962,0.87957,0.87957,20000000,1
1414663680000,1414663739000,0.87958,0.87973,0.87957,0.87969,80520000,1
1414663740000,1414663799000,0.87969,0.8799,0.87969,0.87986,66360000,1
1414663800000,1414663859000,0.87986,0.87987,0.87977,0.87986,73180000,1
1414663860000,1414663919000,0.87986,0.87987,0.8798,0.87985,47170000,1
1414663920000,1414663979000,0.87985,0.87992,0.87985,0.87985,54370000,1
1414663980000,1414664039000,0.87985,0.88014,0.87985,0.88012,79710000,1
1414664040000,1414664099000,0.88012,0.88047,0.88012,0.88047,126560000,1
1414664100000,1414664159000,0.88045,0.88047,0.88037,0.88047,80650000,1
1414664160000,1414664219000,0.88047,0.88047,0.88016,0.88018,73760000,1
1414664220000,1414664279000,0.88018,0.88018,0.8798,0.87987,85450000,1
1414664280000,1414664339000,0.87987,0.88005,0.87977,0.87977,63710000,1
1414664340000,1414664399000,0.87977,0.87987,0.87975,0.87987,91520000,1
1414664400000,1414664459000,0.87988,0.87998,0.87987,0.87987,45410000,1
1414664460000,1414664519000,0.87987,0.87988,0.87977,0.87986,50240000,1
1414664520000,1414664579000,0.87986,0.87986,0.87975,0.87986,86410000,1
1414664580000,1414664639000,0.87986,0.87997,0.87986,0.87997,47490000,1
1414664640000,1414664699000,0.87997,0.88017,0.87997,0.88007,86420000,1
1414664700000,1414664759000,0.88007,0.88007,0.87977,0.87996,115330000,1
1414664760000,1414664819000,0.87992,0.87992,0.87958,0.87958,89640000,1
1414664820000,1414664879000,0.87958,0.87958,0.87945,0.8795,65200000,1
1414664880000,1414664939000,0.8795,0.87966,0.87945,0.87946,70390000,1
1414664940000,1414664999000,0.87945,0.8797,0.87945,0.87968,116690000,1
1414665000000,1414665059000,0.87968,0.87978,0.87967,0.87974,53840000,1
1414665060000,1414665119000,0.87975,0.87976,0.87963,0.87963,62180000,1
1414665120000,1414665179000,0.87965,0.87976,0.87963,0.87965,51000000,1
1414665180000,1414665239000,0.87965,0.8798,0.87965,0.87968,63060000,1
1414665240000,1414665299000,0.87969,0.87969,0.87955,0.87961,56150000,1
1414665300000,1414665359000,0.87959,0.87969,0.87959,0.87969,42280000,1
1414665360000,1414665419000,0.87968,0.87968,0.87957,0.87957,20380000,1
1414665420000,1414665479000,0.87957,0.87963,0.87947,0.87948,41230000,1
1414665480000,1414665539000,0.87944,0.87961,0.87944,0.87958,41430000,1
1414665540000,1414665599000,0.87958,0.87966,0.87956,0.87966,19540000,1
1414665600000,1414665659000,0.87966,0.87966,0.87965,0.87965,24980000,1
1414665660000,1414665719000,0.87965,0.87976,0.87944,0.87954,110490000,1
1414665720000,1414665779000,0.87952,0.87958,0.87945,0.87947,29110000,1
1414665780000,1414665839000,0.87947,0.87962,0.87942,0.87943,105480000,1
1414665840000,1414665899000,0.87943,0.87956,0.87942,0.87952,63280000,1
1414665900000,1414665959000,0.8795,0.8795,0.87929,0.87929,51690000,1
1414665960000,1414666019000,0.8793,0.87934,0.8791,0.87927,95310000,1
1414666020000,1414666079000,0.87927,0.87936,0.87921,0.87926,83900000,1
1414666080000,1414666139000,0.87925,0.87927,0.87917,0.87917,83170000,1
1414666140000,1414666199000,0.87917,0.87922,0.87903,0.87916,61620000,1
1414666200000,1414666259000,0.87916,0.87921,0.87902,0.87919,80750000,1
1414666260000,1414666319000,0.87921,0.87921,0.87887,0.87887,79860000,1
1414666320000,1414666379000,0.87887,0.87895,0.87874,0.87877,125810000,1
1414666380000,1414666439000,0.87877,0.87893,0.87877,0.87892,77510000,1
1414666440000,1414666499000,0.87892,0.87915,0.87892,0.87915,74620000,1
1414666500000,1414666559000,0.87915,0.87915,0.87906,0.87908,36780000,1
1414666560000,1414666619000,0.87908,0.87908,0.87898,0.87907,38830000,1
1414666620000,1414666679000,0.87907,0.87921,0.87907,0.87918,63310000,1
1414666680000,1414666739000,0.87917,0.87923,0.87914,0.87919,72120000,1
1414666740000,1414666799000,0.87918,0.87935,0.87918,0.87935,73130000,1
1414666800000,1414666859000,0.87935,0.87943,0.87933,0.87937,42750000,1
1414666860000,1414666919000,0.87937,0.87938,0.87937,0.87938,27640000,1
1414666920000,1414666979000,0.87937,0.87937,0.87934,0.87936,7000000,1
1414666980000,1414667039000,0.87936,0.87936,0.87901,0.87901,70140000,1
1414667040000,1414667099000,0.87899,0.87916,0.87895,0.87916,76430000,1
1414667100000,1414667159000,0.87916,0.87929,0.87907,0.87907,56880000,1
1414667160000,1414667219000,0.87907,0.87907,0.87894,0.87906,59570000,1
1414667220000,1414667279000,0.87906,0.87916,0.87905,0.87914,67170000,1
1414667280000,1414667339000,0.87914,0.87917,0.87901,0.87908,101660000,1
1414667340000,1414667399000,0.87909,0.87916,0.87908,0.87915,36250000,1
1414667400000,1414667459000,0.87914,0.87914,0.87906,0.87906,14100000,1
1414667460000,1414667519000,0.87906,0.87912,0.87892,0.87898,33680000,1
1414667520000,1414667579000,0.87896,0.87899,0.87895,0.87895,29820000,1
1414667580000,1414667639000,0.87895,0.87916,0.87887,0.87916,68390000,1
1414667640000,1414667699000,0.87916,0.87928,0.87911,0.87917,74150000,1
1414667700000,1414667759000,0.87917,0.87919,0.87901,0.87917,57710000,1
1414667760000,1414667819000,0.87917,0.87917,0.87902,0.87904,42190000,1
1414667820000,1414667879000,0.87904,0.87908,0.87899,0.87907,32330000,1
1414667880000,1414667939000,0.87908,0.87918,0.87908,0.87915,36120000,1
1414667940000,1414667999000,0.87915,0.8793,0.87914,0.87928,37850000,1
1414668000000,1414668059000,0.87929,0.87941,0.87914,0.87935,97070000,1
1414668060000,1414668119000,0.87935,0.8794,0.87926,0.87926,62000000,1
1414668120000,1414668179000,0.87925,0.87926,0.87912,0.87926,48200000,1
1414668180000,1414668239000,0.87926,0.8793,0.87925,0.87925,35350000,1
1414668240000,1414668299000,0.87924,0.87944,0.87917,0.8794,79720000,1
1414668300000,1414668359000,0.87943,0.87945,0.87937,0.87937,70500000,1
1414668360000,1414668419000,0.87937,0.87938,0.87911,0.87917,62250000,1
1414668420000,1414668479000,0.87917,0.87917,0.87899,0.87917,68990000,1
1414668480000,1414668539000,0.87919,0.87925,0.87904,0.87908,54260000,1
1414668540000,1414668599000,0.87908,0.87917,0.87906,0.87917,51110000,1
1414668600000,1414668659000,0.87917,0.87928,0.87917,0.87928,35580000,1
1414668660000,1414668719000,0.87931,0.87936,0.87928,0.87928,48310000,1
1414668720000,1414668779000,0.87926,0.87927,0.87916,0.87927,57920000,1
1414668780000,1414668839000,0.87927,0.87927,0.87919,0.87926,14290000,1
1414668840000,1414668899000,0.87925,0.87932,0.87925,0.87927,46580000,1
1414668900000,1414668959000,0.87926,0.87926,0.87917,0.87922,58150000,1
1414668960000,1414669019000,0.87922,0.87925,0.8792,0.87925,46250000,1
1414669020000,1414669079000,0.87923,0.87927,0.87923,0.87926,21690000,1
1414669080000,1414669139000,0.87926,0.87926,0.87914,0.87917,39830000,1
1414669140000,1414669199000,0.87917,0.87924,0.87913,0.87923,68870000,1
1414669200000,1414669259000,0.8792,0.87945,0.87917,0.87942,90100000,1
1414669260000,1414669319000,0.87943,0.87946,0.87936,0.87936,71230000,1
1414669320000,1414669379000,0.87936,0.87936,0.87901,0.87908,85810000,1
1414669380000,1414669439000,0.87907,0.87917,0.87907,0.87917,18750000,1
1414669440000,1414669499000,0.87917,0.87926,0.87907,0.87908,78790000,1
1414669500000,1414669559000,0.87907,0.87911,0.8788,0.8788,99930000,1
1414669560000,1414669619000,0.8788,0.87888,0.87877,0.87887,51430000,1
1414669620000,1414669679000,0.87887,0.87894,0.87883,0.87883,32720000,1
1414669680000,1414669739000,0.87882,0.87882,0.87866,0.87867,73520000,1
1414669740000,1414669799000,0.87867,0.87874,0.87848,0.87855,78330000,1
1414669800000,1414669859000,0.87855,0.87858,0.87855,0.87857,13210000,1
1414669860000,1414669919000,0.87856,0.87864,0.87856,0.87857,66710000,1
1414669920000,1414669979000,0.87858,0.87858,0.87846,0.87848,36040000,1
1414669980000,1414670039000,0.87848,0.87857,0.87844,0.87854,67570000,1
1414670040000,1414670099000,0.87853,0.87854,0.87845,0.87853,44250000,1
1414670100000,1414670159000,0.87851,0.87852,0.8784,0.87841,46770000,1
1414670160000,1414670219000,0.87842,0.87856,0.87841,0.87856,51440000,1
1414670220000,1414670279000,0.87856,0.87856,0.87847,0.87847,42790000,1
1414670280000,1414670339000,0.87847,0.87853,0.87847,0.87853,54940000,1
1414670340000,1414670399000,0.87853,0.87857,0.87844,0.8785,61010000,1
1414670400000,1414670459000,0.8785,0.87853,0.87847,0.87852,44800000,1
1414670460000,1414670519000,0.87852,0.87855,0.87851,0.87855,17560000,1
1414670520000,1414670579000,0.87856,0.87856,0.87829,0.87833,61920000,1
1414670580000,1414670639000,0.87832,0.87845,0.87827,0.87838,72070000,1
1414670640000,1414670699000,0.87838,0.87846,0.87805,0.87806,65740000,1
1414670700000,1414670759000,0.87806,0.87806,0.87804,0.87805,34380000,1
1414670760000,1414670819000,0.87805,0.87816,0.87802,0.87816,45060000,1
1414670820000,1414670879000,0.87816,0.87817,0.87811,0.87814,33200000,1
1414670880000,1414670939000,0.87814,0.87814,0.87787,0.87797,88860000,1
1414670940000,1414670999000,0.87797,0.87801,0.87785,0.87785,61860000,1
1414671000000,1414671059000,0.87785,0.87786,0.8778,0.87785,20750000,1
1414671060000,1414671119000,0.87785,0.87786,0.87778,0.87786,50210000,1
1414671120000,1414671179000,0.87786,0.87787,0.8778,0.87785,28000000,1
1414671180000,1414671239000,0.87785,0.87791,0.87781,0.87791,66190000,1
1414671240000,1414671299000,0.87791,0.87796,0.8779,0.87795,54110000,1
1414671300000,1414671359000,0.87795,0.87807,0.87789,0.87807,46970000,1
1414671360000,1414671419000,0.87801,0.87801,0.87767,0.87772,68710000,1
1414671420000,1414671479000,0.87773,0.87773,0.87762,0.87764,58830000,1
1414671480000,1414671539000,0.87765,0.87765,0.87761,0.87761,31650000,1
1414671540000,1414671599000,0.87761,0.87764,0.87753,0.87753,76570000,1
1414671600000,1414671659000,0.87755,0.87764,0.87755,0.87761,52150000,1
1414671660000,1414671719000,0.87762,0.87762,0.87738,0.87749,75740000,1
1414671720000,1414671779000,0.87748,0.87754,0.87744,0.87746,80510000,1
1414671780000,1414671839000,0.87747,0.87764,0.87747,0.87763,79970000,1
1414671840000,1414671899000,0.87763,0.87783,0.87759,0.87781,91560000,1
1414671900000,1414671959000,0.87781,0.87782,0.87773,0.87779,43000000,1
1414671960000,1414672019000,0.87777,0.87784,0.87777,0.87783,66930000,1
1414672020000,1414672079000,0.87782,0.87807,0.87781,0.87804,62620000,1
1414672080000,1414672139000,0.87804,0.87807,0.87792,0.87805,59090000,1
1414672140000,1414672199000,0.87806,0.87848,0.87805,0.87823,178720000,1
1414672200000,1414672259000,0.87822,0.87823,0.87585,0.87666,504540000,1
1414672260000,1414672319000,0.87665,0.87741,0.87664,0.87741,311370000,1
1414672320000,1414672379000,0.87741,0.87775,0.87693,0.8777,263450000,1
1414672380000,1414672439000,0.8777,0.87804,0.87745,0.87792,288760000,1
1414672440000,1414672499000,0.8779,0.87817,0.8779,0.87817,249960000,1
1414672500000,1414672559000,0.87817,0.87945,0.87802,0.87907,268900000,1
1414672560000,1414672619000,0.8791,0.87945,0.87897,0.87925,259350000,1
1414672620000,1414672679000,0.87926,0.87989,0.87926,0.87957,255900000,1
1414672680000,1414672739000,0.87956,0.88088,0.87955,0.88004,292360000,1
1414672740000,1414672799000,0.88007,0.8801,0.87955,0.87965,182120000,1
1414672800000,1414672859000,0.87967,0.87996,0.87964,0.87988,196770000,1
1414672860000,1414672919000,0.87987,0.87987,0.87931,0.87931,180600000,1
1414672920000,1414672979000,0.87927,0.87957,0.87927,0.87947,79210000,1
1414672980000,1414673039000,0.87947,0.87967,0.87926,0.87936,186630000,1
1414673040000,1414673099000,0.87936,0.87945,0.87908,0.87936,127740000,1
1414673100000,1414673159000,0.87935,0.87962,0.8792,0.87956,104090000,1
1414673160000,1414673219000,0.87956,0.87985,0.87951,0.87957,123510000,1
1414673220000,1414673279000,0.87957,0.87979,0.87948,0.87972,96480000,1
1414673280000,1414673339000,0.87972,0.8802,0.8797,0.87989,194200000,1
1414673340000,1414673399000,0.88,0.88028,0.87986,0.87993,140950000,1
1414673400000,1414673459000,0.87993,0.88077,0.87993,0.88072,186720000,1
1414673460000,1414673519000,0.88075,0.88084,0.88016,0.88037,234410000,1
1414673520000,1414673579000,0.88037,0.88046,0.88017,0.88044,143210000,1
1414673580000,1414673639000,0.88044,0.88077,0.88042,0.88076,104540000,1
1414673640000,1414673699000,0.88076,0.88076,0.88027,0.88038,149820000,1
1414673700000,1414673759000,0.88038,0.88046,0.88027,0.88029,56770000,1
1414673760000,1414673819000,0.8803,0.88056,0.8803,0.88056,62670000,1
1414673820000,1414673879000,0.88056,0.88063,0.88048,0.88058,63350000,1
1414673880000,1414673939000,0.88058,0.88088,0.88058,0.88078,74850000,1
1414673940000,1414673999000,0.88078,0.88126,0.88078,0.88107,157660000,1
1414674000000,1414674059000,0.88101,0.88105,0.88049,0.88054,185870000,1
1414674060000,1414674119000,0.88054,0.88105,0.88037,0.88097,154000000,1
1414674120000,1414674179000,0.88096,0.88141,0.88089,0.8809,129080000,1
1414674180000,1414674239000,0.88089,0.88097,0.88063,0.88078,99840000,1
1414674240000,1414674299000,0.88076,0.88079,0.88041,0.88046,125460000,1
1414674300000,1414674359000,0.88046,0.88055,0.88025,0.88038,123460000,1
1414674360000,1414674419000,0.88038,0.88047,0.88033,0.88037,95520000,1
1414674420000,1414674479000,0.88037,0.88048,0.88027,0.88028,97020000,1
1414674480000,1414674539000,0.88028,0.88028,0.87987,0.87987,129560000,1
1414674540000,1414674599000,0.87987,0.88017,0.87987,0.87989,132240000,1
1414674600000,1414674659000,0.8799,0.87995,0.87977,0.87978,56200000,1
1414674660000,1414674719000,0.87977,0.88005,0.8797,0.87997,73160000,1
1414674720000,1414674779000,0.87997,0.87997,0.87967,0.87985,102860000,1
1414674780000,1414674839000,0.87986,0.88006,0.87986,0.88003,89690000,1
1414674840000,1414674899000,0.88001,0.88038,0.87997,0.88035,116350000,1
1414674900000,1414674959000,0.88035,0.88041,0.88008,0.88008,104680000,1
1414674960000,1414675019000,0.88008,0.88026,0.87998,0.88004,73310000,1
1414675020000,1414675079000,0.88004,0.88016,0.87997,0.88006,51560000,1
1414675080000,1414675139000,0.88006,0.88006,0.87985,0.87987,57970000,1
1414675140000,1414675199000,0.87987,0.88009,0.87977,0.88004,87330000,1
1414675200000,1414675259000,0.88002,0.88028,0.87997,0.88008,73190000,1
1414675260000,1414675319000,0.88009,0.88044,0.88009,0.88035,97810000,1
1414675320000,1414675379000,0.88036,0.8804,0.88024,0.8804,128960000,1
1414675380000,1414675439000,0.88041,0.88053,0.88037,0.88045,88730000,1
1414675440000,1414675499000,0.88045,0.88045,0.88025,0.88025,54400000,1
1414675500000,1414675559000,0.88025,0.88035,0.88022,0.88026,52640000,1
1414675560000,1414675619000,0.88026,0.88044,0.88026,0.88041,93180000,1
1414675620000,1414675679000,0.88041,0.88045,0.88029,0.88029,39360000,1
1414675680000,1414675739000,0.88029,0.8803,0.88027,0.88028,39170000,1
1414675740000,1414675799000,0.88028,0.88038,0.88027,0.88034,31700000,1
1414675800000,1414675859000,0.88034,0.88034,0.88002,0.88021,155760000,1
1414675860000,1414675919000,0.8802,0.88046,0.88015,0.88046,118610000,1
1414675920000,1414675979000,0.88046,0.88055,0.88046,0.88046,34460000,1
1414675980000,1414676039000,0.88046,0.88052,0.88007,0.88022,102350000,1
1414676040000,1414676099000,0.88022,0.88039,0.88017,0.88027,63350000,1
1414676100000,1414676159000,0.88027,0.88037,0.88014,0.88018,104620000,1
1414676160000,1414676219000,0.88018,0.88018,0.87983,0.87986,106360000,1
1414676220000,1414676279000,0.87986,0.87995,0.87977,0.87983,108400000,1
1414676280000,1414676339000,0.87983,0.87994,0.87975,0.87977,92200000,1
1414676340000,1414676399000,0.87977,0.87991,0.87969,0.87991,75920000,1
1414676400000,1414676459000,0.87991,0.88021,0.87991,0.88016,63760000,1
1414676460000,1414676519000,0.88014,0.88017,0.88007,0.88008,23580000,1
1414676520000,1414676579000,0.88007,0.88008,0.87996,0.88006,56740000,1
1414676580000,1414676639000,0.88006,0.88015,0.88005,0.88015,33840000,1
1414676640000,1414676699000,0.88015,0.88025,0.88006,0.88018,72900000,1
1414676700000,1414676759000,0.8802,0.88022,0.87977,0.87977,99040000,1
1414676760000,1414676819000,0.87977,0.88001,0.87977,0.87987,105870000,1
1414676820000,1414676879000,0.87986,0.87999,0.87986,0.87997,58620000,1
1414676880000,1414676939000,0.87997,0.87997,0.87987,0.87992,58400000,1
1414676940000,1414676999000,0.87992,0.88005,0.87985,0.87997,61730000,1
1414677000000,1414677059000,0.87995,0.88005,0.87994,0.87995,53900000,1
1414677060000,1414677119000,0.87996,0.87996,0.87974,0.87995,93950000,1
1414677120000,1414677179000,0.87995,0.88018,0.87995,0.88008,88260000,1
1414677180000,1414677239000,0.88008,0.88011,0.88006,0.88009,87710000,1
1414677240000,1414677299000,0.88009,0.8801,0.88006,0.88006,31020000,1
1414677300000,1414677359000,0.88006,0.88046,0.88006,0.88028,151330000,1
1414677360000,1414677419000,0.88026,0.88034,0.88023,0.88033,93800000,1
1414677420000,1414677479000,0.88036,0.8806,0.88005,0.88007,147440000,1
1414677480000,1414677539000,0.88007,0.88025,0.87995,0.88013,141800000,1
1414677540000,1414677599000,0.88013,0.88034,0.88007,0.88014,125680000,1
1414677600000,1414677659000,0.88012,0.88062,0.88012,0.88046,215560000,1
1414677660000,1414677719000,0.88046,0.88054,0.88025,0.88025,145480000,1
1414677720000,1414677779000,0.88026,0.88026,0.88012,0.88015,95740000,1
1414677780000,1414677839000,0.88015,0.88015,0.87991,0.87996,149930000,1
1414677840000,1414677899000,0.87996,0.88046,0.87991,0.88046,154050000,1
1414677900000,1414677959000,0.88046,0.88046,0.8802,0.88033,103000000,1
1414677960000,1414678019000,0.88037,0.88046,0.88025,0.88045,82910000,1
1414678020000,1414678079000,0.88047,0.88081,0.88042,0.88075,138890000,1
1414678080000,1414678139000,0.88073,0.88073,0.88063,0.88066,84480000,1
1414678140000,1414678199000,0.88064,0.88136,0.88063,0.88122,197620000,1
1414678200000,1414678259000,0.88126,0.88132,0.88107,0.88126,126820000,1
1414678260000,1414678319000,0.88127,0.88134,0.88112,0.88122,136560000,1
1414678320000,1414678379000,0.88122,0.88155,0.88117,0.88155,169200000,1
1414678380000,1414678439000,0.88154,0.88155,0.88127,0.88127,111730000,1
1414678440000,1414678499000,0.88126,0.88135,0.88124,0.88135,80630000,1
1414678500000,1414678559000,0.88134,0.88137,0.88127,0.88132,73950000,1
1414678560000,1414678619000,0.8813,0.88146,0.8813,0.88144,42470000,1
1414678620000,1414678679000,0.88142,0.88147,0.88115,0.88124,92000000,1
1414678680000,1414678739000,0.88126,0.88138,0.8812,0.88127,54540000,1
1414678740000,1414678799000,0.88129,0.88136,0.88117,0.88127,84980000,1
1414678800000,1414678859000,0.88129,0.88139,0.88128,0.88139,59590000,1
1414678860000,1414678919000,0.88139,0.88142,0.8813,0.88141,56480000,1
1414678920000,1414678979000,0.88141,0.88154,0.88141,0.88147,78120000,1
1414678980000,1414679039000,0.88147,0.88156,0.88139,0.88143,68770000,1
1414679040000,1414679099000,0.88141,0.88155,0.88127,0.88155,100790000,1
1414679100000,1414679159000,0.88155,0.88193,0.88155,0.88182,117050000,1
1414679160000,1414679219000,0.88182,0.88191,0.88162,0.88165,127420000,1
1414679220000,1414679279000,0.88164,0.88189,0.88158,0.88186,88480000,1
1414679280000,1414679339000,0.88186,0.88193,0.88182,0.88182,52840000,1
1414679340000,1414679399000,0.88182,0.88192,0.88175,0.88179,63550000,1
1414679400000,1414679459000,0.88176,0.88235,0.88176,0.88229,133730000,1
1414679460000,1414679519000,0.88229,0.88233,0.88217,0.88227,82110000,1
1414679520000,1414679579000,0.88225,0.88225,0.88197,0.88197,68720000,1
1414679580000,1414679639000,0.88197,0.88202,0.88188,0.88196,93280000,1
1414679640000,1414679699000,0.88196,0.88196,0.88178,0.88195,107410000,1
1414679700000,1414679759000,0.88193,0.88227,0.88188,0.88224,79590000,1
1414679760000,1414679819000,0.88223,0.88223,0.88204,0.88216,62440000,1
1414679820000,1414679879000,0.88217,0.88217,0.88187,0.88196,83550000,1
1414679880000,1414679939000,0.88199,0.88213,0.88192,0.88206,54840000,1
1414679940000,1414679999000,0.88206,0.88223,0.88194,0.88194,45930000,1
1414680000000,1414680059000,0.88194,0.88216,0.88194,0.88213,60750000,1
1414680060000,1414680119000,0.88215,0.88225,0.88213,0.88215,53110000,1
1414680120000,1414680179000,0.88215,0.88218,0.88199,0.88218,52760000,1
1414680180000,1414680239000,0.88218,0.88225,0.88211,0.88217,82390000,1
1414680240000,1414680299000,0.88215,0.88216,0.88205,0.88207,75360000,1
1414680300000,1414680359000,0.88207,0.88218,0.88205,0.88214,47950000,1
1414680360000,1414680419000,0.88214,0.88217,0.88198,0.882,94510000,1
1414680420000,1414680479000,0.88201,0.88201,0.88195,0.88198,45540000,1
1414680480000,1414680539000,0.88198,0.88204,0.88182,0.88195,40430000,1
1414680540000,1414680599000,0.88194,0.882,0.88188,0.88198,50660000,1
1414680600000,1414680659000,0.88196,0.88203,0.88196,0.882,35850000,1
1414680660000,1414680719000,0.88199,0.88199,0.88197,0.88197,11190000,1
1414680720000,1414680779000,0.88196,0.88214,0.88195,0.88214,75920000,1
1414680780000,1414680839000,0.88215,0.88215,0.88184,0.88187,84340000,1
1414680840000,1414680899000,0.88187,0.88197,0.8818,0.88184,53700000,1
1414680900000,1414680959000,0.88185,0.88195,0.88185,0.8819,59280000,1
1414680960000,1414681019000,0.8819,0.88208,0.8819,0.88205,31430000,1
1414681020000,1414681079000,0.88205,0.88216,0.88205,0.88212,68690000,1
1414681080000,1414681139000,0.88213,0.88217,0.88212,0.88214,57380000,1
1414681140000,1414681199000,0.88214,0.88228,0.88205,0.88215,90800000,1
1414681200000,1414681259000,0.88215,0.88221,0.88196,0.88196,66470000,1
1414681260000,1414681319000,0.88196,0.88196,0.88184,0.88185,46460000,1
1414681320000,1414681379000,0.88185,0.88198,0.88183,0.88185,58090000,1
1414681380000,1414681439000,0.88185,0.88192,0.88183,0.88184,65120000,1
1414681440000,1414681499000,0.88184,0.88187,0.88155,0.88155,57570000,1
1414681500000,1414681559000,0.88155,0.88155,0.88132,0.88135,90330000,1
1414681560000,1414681619000,0.88135,0.8814,0.88117,0.88124,102150000,1
1414681620000,1414681679000,0.88124,0.88133,0.8812,0.88129,128970000,1
1414681680000,1414681739000,0.88131,0.88135,0.88124,0.88134,29100000,1
1414681740000,1414681799000,0.88134,0.88134,0.88122,0.88129,77440000,1
1414681800000,1414681859000,0.88129,0.88144,0.88129,0.88143,63740000,1
1414681860000,1414681919000,0.88143,0.88143,0.88131,0.88132,106040000,1
1414681920000,1414681979000,0.88132,0.88138,0.88126,0.88126,55310000,1
1414681980000,1414682039000,0.88125,0.88134,0.88096,0.88099,75010000,1
1414682040000,1414682099000,0.881,0.88124,0.8809,0.88114,131560000,1
1414682100000,1414682159000,0.88114,0.88114,0.88097,0.88097,57560000,1
1414682160000,1414682219000,0.88097,0.88104,0.88094,0.88096,94170000,1
1414682220000,1414682279000,0.88096,0.88115,0.88094,0.88098,116050000,1
1414682280000,1414682339000,0.88097,0.88106,0.88094,0.881,62770000,1
1414682340000,1414682399000,0.881,0.881,0.88074,0.88084,98310000,1
1414682400000,1414682459000,0.88082,0.8809,0.88072,0.88076,77620000,1
1414682460000,1414682519000,0.88075,0.88082,0.88074,0.88075,55820000,1
1414682520000,1414682579000,0.88075,0.88083,0.88073,0.88083,69730000,1
1414682580000,1414682639000,0.88083,0.88097,0.88083,0.88097,46930000,1
1414682640000,1414682699000,0.88097,0.88105,0.88095,0.88095,55520000,1
1414682700000,1414682759000,0.88093,0.88093,0.88075,0.88078,73680000,1
1414682760000,1414682819000,0.88077,0.88082,0.88074,0.88082,41930000,1
1414682820000,1414682879000,0.88082,0.88082,0.88074,0.88076,30740000,1
1414682880000,1414682939000,0.88076,0.88084,0.88076,0.88084,23800000,1
1414682940000,1414682999000,0.88084,0.88111,0.88084,0.88105,80300000,1
1414683000000,1414683059000,0.88106,0.88132,0.88104,0.88127,66330000,1
1414683060000,1414683119000,0.88126,0.88126,0.88104,0.88115,57320000,1
1414683120000,1414683179000,0.88113,0.88115,0.88109,0.88115,35130000,1
1414683180000,1414683239000,0.88115,0.88127,0.88115,0.88125,33600000,1
1414683240000,1414683299000,0.88124,0.88148,0.88123,0.88148,50860000,1
1414683300000,1414683359000,0.88147,0.88151,0.88136,0.8814,59260000,1
1414683360000,1414683419000,0.88138,0.88141,0.88125,0.88126,52640000,1
1414683420000,1414683479000,0.88126,0.88126,0.88109,0.88112,42480000,1
1414683480000,1414683539000,0.88111,0.88123,0.88109,0.88121,67900000,1
1414683540000,1414683599000,0.88119,0.8813,0.88118,0.88127,41520000,1
1414683600000,1414683659000,0.88127,0.88127,0.88122,0.88124,30450000,1
1414683660000,1414683719000,0.88124,0.88131,0.88124,0.88131,23040000,1
1414683720000,1414683779000,0.88131,0.88165,0.88131,0.88164,46930000,1
1414683780000,1414683839000,0.88164,0.8817,0.88143,0.88166,79780000,1
1414683840000,1414683899000,0.88165,0.88169,0.88133,0.8814,65920000,1
1414683900000,1414683959000,0.8814,0.88167,0.8814,0.88153,148460000,1
1414683960000,1414684019000,0.88153,0.88172,0.88151,0.88162,79690000,1
1414684020000,1414684079000,0.88163,0.88175,0.88155,0.88157,48350000,1
1414684080000,1414684139000,0.88157,0.88157,0.88142,0.88152,40720000,1
1414684140000,1414684199000,0.88152,0.88177,0.88152,0.88173,69090000,1
1414684200000,1414684259000,0.88169,0.88186,0.88164,0.88182,75870000,1
1414684260000,1414684319000,0.88182,0.88189,0.88177,0.88185,97230000,1
1414684320000,1414684379000,0.88185,0.88191,0.88184,0.88185,105640000,1
1414684380000,1414684439000,0.88185,0.88205,0.88184,0.88194,95600000,1
1414684440000,1414684499000,0.88192,0.88207,0.88192,0.88207,92610000,1
1414684500000,1414684559000,0.88206,0.88208,0.882,0.88204,44470000,1
1414684560000,1414684619000,0.88204,0.88217,0.88194,0.88214,113820000,1
1414684620000,1414684679000,0.88215,0.88221,0.88208,0.88214,66770000,1
1414684680000,1414684739000,0.88217,0.8825,0.88217,0.88248,126400000,1
1414684740000,1414684799000,0.88247,0.88258,0.88237,0.88239,139790000,1
1414684800000,1414684859000,0.88239,0.88242,0.88231,0.88231,113160000,1
1414684860000,1414684919000,0.88231,0.88238,0.88219,0.88227,70610000,1
1414684920000,1414684979000,0.88227,0.8826,0.88227,0.8826,85510000,1
1414684980000,1414685039000,0.8826,0.88287,0.88257,0.88285,79470000,1
1414685040000,1414685099000,0.88285,0.8831,0.8828,0.88286,111920000,1
1414685100000,1414685159000,0.88287,0.88287,0.88264,0.88264,85790000,1
1414685160000,1414685219000,0.88264,0.88264,0.8824,0.8824,83810000,1
1414685220000,1414685279000,0.88237,0.88265,0.88235,0.88265,134740000,1
1414685280000,1414685339000,0.88265,0.88271,0.88263,0.88266,27120000,1
1414685340000,1414685399000,0.88266,0.88272,0.88266,0.88271,14610000,1
1414685400000,1414685459000,0.88271,0.88276,0.88261,0.88263,34480000,1
1414685460000,1414685519000,0.88261,0.8827,0.88261,0.88269,68210000,1
1414685520000,1414685579000,0.88269,0.88274,0.8826,0.88274,44040000,1
1414685580000,1414685639000,0.88272,0.88331,0.8827,0.88331,169540000,1
1414685640000,1414685699000,0.8833,0.88338,0.88317,0.88318,126110000,1
1414685700000,1414685759000,0.88317,0.88318,0.88296,0.88296,67460000,1
1414685760000,1414685819000,0.88296,0.88319,0.88296,0.88317,71760000,1
1414685820000,1414685879000,0.88318,0.88345,0.88315,0.88333,117440000,1
1414685880000,1414685939000,0.88332,0.88332,0.88298,0.88307,88840000,1
1414685940000,1414685999000,0.8831,0.8831,0.88302,0.88305,44200000,1
1414686000000,1414686059000,0.88305,0.88306,0.88289,0.88294,68660000,1
1414686060000,1414686119000,0.88293,0.88345,0.88293,0.88342,96130000,1
1414686120000,1414686179000,0.88342,0.8836,0.8834,0.88354,79320000,1
1414686180000,1414686239000,0.88354,0.88371,0.8835,0.88369,56380000,1
1414686240000,1414686299000,0.88369,0.88371,0.88362,0.88368,60840000,1
1414686300000,1414686359000,0.88367,0.88372,0.88359,0.88365,70970000,1
1414686360000,1414686419000,0.88365,0.88378,0.88365,0.88376,40270000,1
1414686420000,1414686479000,0.88375,0.88377,0.88366,0.88366,36540000,1
1414686480000,1414686539000,0.88366,0.88371,0.88365,0.88365,49820000,1
1414686540000,1414686599000,0.88365,0.88365,0.88349,0.88349,43000000,1
1414686600000,1414686659000,0.88349,0.88357,0.88344,0.88344,66380000,1
1414686660000,1414686719000,0.88344,0.88344,0.88315,0.88317,77260000,1
1414686720000,1414686779000,0.88317,0.88325,0.88287,0.8829,99370000,1
1414686780000,1414686839000,0.8829,0.88313,0.8829,0.88312,50060000,1
1414686840000,1414686899000,0.88313,0.88341,0.88313,0.88341,78360000,1
1414686900000,1414686959000,0.88341,0.88341,0.88335,0.8834,24010000,1
1414686960000,1414687019000,0.88339,0.88343,0.88338,0.8834,50280000,1
1414687020000,1414687079000,0.8834,0.88346,0.8834,0.88344,30530000,1
1414687080000,1414687139000,0.88344,0.88344,0.88321,0.8833,54860000,1
1414687140000,1414687199000,0.88331,0.88397,0.88331,0.88392,110260000,1
1414687200000,1414687259000,0.88395,0.88397,0.88355,0.88358,83920000,1
1414687260000,1414687319000,0.88358,0.88362,0.88358,0.88362,19750000,1
1414687320000,1414687379000,0.88362,0.88362,0.88346,0.88353,49220000,1
1414687380000,1414687439000,0.88351,0.88351,0.88347,0.88348,20500000,1
1414687440000,1414687499000,0.88348,0.88361,0.88347,0.88355,43730000,1
1414687500000,1414687559000,0.88355,0.88356,0.88354,0.88354,39000000,1
1414687560000,1414687619000,0.88354,0.88356,0.88354,0.88355,35700000,1
1414687620000,1414687679000,0.88356,0.88358,0.8834,0.88344,98180000,1
1414687680000,1414687739000,0.88345,0.8835,0.88344,0.88349,31320000,1
1414687740000,1414687799000,0.8835,0.8835,0.8833,0.88333,80490000,1
1414687800000,1414687859000,0.88333,0.88334,0.88305,0.88306,68020000,1
1414687860000,1414687919000,0.88305,0.88308,0.88303,0.88303,47820000,1
1414687920000,1414687979000,0.88303,0.88307,0.88295,0.88295,39690000,1
1414687980000,1414688039000,0.88296,0.88301,0.88296,0.883,10520000,1
1414688040000,1414688099000,0.88299,0.88299,0.88299,0.88299,3500000,1
1414688100000,1414688159000,0.883,0.88301,0.88299,0.88301,17820000,1
1414688160000,1414688219000,0.88302,0.88304,0.88301,0.88303,10050000,1
1414688220000,1414688279000,0.88303,0.88306,0.88302,0.88303,33450000,1
1414688280000,1414688339000,0.88302,0.88321,0.88302,0.8832,33740000,1
1414688340000,1414688399000,0.8832,0.88328,0.8832,0.88328,30270000,1
1414688400000,1414688459000,0.88329,0.88351,0.88321,0.88351,35350000,1
1414688460000,1414688519000,0.88351,0.88351,0.8833,0.88335,41760000,1
1414688520000,1414688579000,0.88333,0.88356,0.88328,0.88356,62880000,1
1414688580000,1414688639000,0.88357,0.88359,0.88355,0.88355,29160000,1
1414688640000,1414688699000,0.88355,0.88355,0.88344,0.88344,26500000,1
1414688700000,1414688759000,0.88344,0.8836,0.8834,0.88357,56230000,1
1414688760000,1414688819000,0.88357,0.88357,0.88353,0.88354,57400000,1
1414688820000,1414688879000,0.88354,0.8836,0.88352,0.8836,50630000,1
1414688880000,1414688939000,0.88359,0.88359,0.88342,0.88354,60740000,1
1414688940000,1414688999000,0.88354,0.88354,0.88307,0.88319,72700000,1
1414689000000,1414689059000,0.88319,0.88341,0.88277,0.88295,156180000,1
1414689060000,1414689119000,0.88295,0.88316,0.88295,0.88316,62420000,1
1414689120000,1414689179000,0.88316,0.88333,0.88316,0.88325,92390000,1
1414689180000,1414689239000,0.88323,0.88323,0.88312,0.88317,19510000,1
1414689240000,1414689299000,0.88318,0.88322,0.88302,0.88302,43310000,1
1414689300000,1414689359000,0.88301,0.88301,0.88282,0.88289,66270000,1
1414689360000,1414689419000,0.88289,0.88316,0.88289,0.88295,87620000,1
1414689420000,1414689479000,0.88294,0.88317,0.88294,0.88315,54870000,1
1414689480000,1414689539000,0.88315,0.88315,0.88285,0.88286,65030000,1
1414689540000,1414689599000,0.88286,0.88289,0.88274,0.88281,87880000,1
1414689600000,1414689659000,0.8828,0.88282,0.88273,0.88273,52670000,1
1414689660000,1414689719000,0.88273,0.88278,0.8827,0.88275,34120000,1
1414689720000,1414689779000,0.88275,0.88283,0.88265,0.88282,55170000,1
1414689780000,1414689839000,0.88282,0.88288,0.88267,0.88272,46840000,1
1414689840000,1414689899000,0.88272,0.88272,0.88247,0.88249,55050000,1
1414689900000,1414689959000,0.88249,0.88261,0.88248,0.88253,57440000,1
1414689960000,1414690019000,0.88253,0.88256,0.88252,0.88252,26900000,1
1414690020000,1414690079000,0.88251,0.88251,0.8822,0.8822,53360000,1
1414690080000,1414690139000,0.8822,0.88238,0.8822,0.88233,83610000,1
1414690140000,1414690199000,0.88234,0.88275,0.88234,0.88272,101770000,1
1414690200000,1414690259000,0.88272,0.88272,0.88238,0.88242,67550000,1
1414690260000,1414690319000,0.88242,0.88242,0.88214,0.8822,66730000,1
1414690320000,1414690379000,0.88217,0.88233,0.88217,0.88223,54680000,1
1414690380000,1414690439000,0.88228,0.88243,0.88228,0.88232,21300000,1
1414690440000,1414690499000,0.88231,0.88238,0.88225,0.8823,69280000,1
1414690500000,1414690559000,0.8823,0.88239,0.8823,0.8823,68850000,1
1414690560000,1414690619000,0.8823,0.8824,0.88226,0.88239,52780000,1
1414690620000,1414690679000,0.88239,0.88239,0.88211,0.88211,55730000,1
1414690680000,1414690739000,0.88215,0.88232,0.88202,0.88232,79620000,1
1414690740000,1414690799000,0.88232,0.88232,0.88222,0.88232,62080000,1
1414690800000,1414690859000,0.88232,0.88263,0.88232,0.88263,59110000,1
1414690860000,1414690919000,0.88263,0.88264,0.88253,0.88256,49570000,1
1414690920000,1414690979000,0.88257,0.88272,0.88257,0.8826,69960000,1
1414690980000,1414691039000,0.88262,0.88271,0.88259,0.88271,85450000,1
1414691040000,1414691099000,0.88267,0.88281,0.88262,0.88275,58290000,1
1414691100000,1414691159000,0.88276,0.88279,0.88266,0.88271,76650000,1
1414691160000,1414691219000,0.88271,0.88272,0.88261,0.88262,51350000,1
1414691220000,1414691279000,0.88262,0.88262,0.88224,0.88225,73940000,1
1414691280000,1414691339000,0.88224,0.88233,0.88223,0.88233,28340000,1
1414691340000,1414691399000,0.88233,0.88262,0.88233,0.88255,74840000,1
1414691400000,1414691459000,0.88254,0.88271,0.88252,0.88271,37050000,1
1414691460000,1414691519000,0.8827,0.8827,0.88259,0.88269,38460000,1
1414691520000,1414691579000,0.88268,0.88269,0.88258,0.88258,88840000,1
1414691580000,1414691639000,0.88258,0.88271,0.88256,0.88271,61200000,1
1414691640000,1414691699000,0.8827,0.88275,0.88262,0.88275,24910000,1
1414691700000,1414691759000,0.88278,0.88285,0.88276,0.88283,19100000,1
1414691760000,1414691819000,0.88284,0.88288,0.88281,0.88287,19600000,1
1414691820000,1414691879000,0.88286,0.88291,0.88281,0.8829,32890000,1
1414691880000,1414691939000,0.8829,0.8829,0.88262,0.88262,69650000,1
1414691940000,1414691999000,0.88262,0.88262,0.88238,0.88238,103520000,1
1414692000000,1414692059000,0.88238,0.8826,0.88233,0.8826,61310000,1
1414692060000,1414692119000,0.88257,0.88286,0.88252,0.88284,79200000,1
1414692120000,1414692179000,0.88284,0.8831,0.88282,0.88309,173080000,1
1414692180000,1414692239000,0.88313,0.88351,0.88303,0.88347,121160000,1
1414692240000,1414692299000,0.88347,0.88349,0.88332,0.88343,69840000,1
1414692300000,1414692359000,0.88342,0.88343,0.8832,0.8832,67070000,1
1414692360000,1414692419000,0.8832,0.88322,0.8831,0.88322,30360000,1
1414692420000,1414692479000,0.88321,0.88339,0.88313,0.88339,82850000,1
1414692480000,1414692539000,0.88339,0.8834,0.88332,0.88332,28140000,1
1414692540000,1414692599000,0.88332,0.88333,0.88332,0.88333,5000000,1
1414692600000,1414692659000,0.88331,0.88331,0.88315,0.88317,18840000,1
1414692660000,1414692719000,0.88317,0.88317,0.88307,0.88307,11450000,1
1414692720000,1414692779000,0.88306,0.88323,0.88305,0.88321,24910000,1
1414692780000,1414692839000,0.88321,0.88333,0.8832,0.88332,21320000,1
1414692840000,1414692899000,0.88332,0.88332,0.88316,0.8832,30990000,1
1414692900000,1414692959000,0.8832,0.8832,0.88311,0.88319,37500000,1
1414692960000,1414693019000,0.88314,0.88316,0.88304,0.88308,32160000,1
1414693020000,1414693079000,0.88308,0.88313,0.88302,0.88313,70180000,1
1414693080000,1414693139000,0.88313,0.88323,0.88309,0.88316,49720000,1
1414693140000,1414693199000,0.88316,0.88316,0.88312,0.88312,14170000,1
1414693200000,1414693259000,0.88312,0.88312,0.88309,0.88309,16520000,1
1414693260000,1414693319000,0.8831,0.8832,0.88309,0.88312,38130000,1
1414693320000,1414693379000,0.88312,0.88314,0.88312,0.88312,17050000,1
1414693380000,1414693439000,0.88313,0.88332,0.88313,0.88332,34240000,1
1414693440000,1414693499000,0.88332,0.88333,0.88321,0.8833,45110000,1
1414693500000,1414693559000,0.88328,0.88328,0.88315,0.88317,85040000,1
1414693560000,1414693619000,0.88318,0.88321,0.88316,0.88316,26170000,1
1414693620000,1414693679000,0.88316,0.88316,0.88313,0.88313,44750000,1
1414693680000,1414693739000,0.88315,0.88317,0.88309,0.88312,20000000,1
1414693740000,1414693799000,0.88312,0.88334,0.8831,0.88332,69960000,1
1414693800000,1414693859000,0.88332,0.88338,0.88331,0.88334,30370000,1
1414693860000,1414693919000,0.88334,0.88337,0.88334,0.88334,26700000,1
1414693920000,1414693979000,0.88334,0.88339,0.88332,0.88335,47030000,1
1414693980000,1414694039000,0.88335,0.88336,0.88333,0.88333,35350000,1
1414694040000,1414694099000,0.88333,0.88344,0.88333,0.88343,38810000,1
1414694100000,1414694159000,0.8834,0.8834,0.88336,0.88337,51270000,1
1414694160000,1414694219000,0.88337,0.88343,0.88336,0.8834,47100000,1
1414694220000,1414694279000,0.8834,0.88342,0.88337,0.88341,19950000,1
1414694280000,1414694339000,0.8834,0.88341,0.88333,0.88333,27560000,1
1414694340000,1414694399000,0.88332,0.88339,0.8833,0.88339,29010000,1
1414694400000,1414694459000,0.88338,0.88343,0.88337,0.88342,43860000,1
1414694460000,1414694519000,0.8834,0.88357,0.88339,0.88356,33700000,1
1414694520000,1414694579000,0.88357,0.88357,0.88351,0.88351,12980000,1
1414694640000,1414694699000,0.88351,0.88351,0.88344,0.88344,12570000,1
1414694700000,1414694759000,0.88343,0.8835,0.88343,0.8835,36540000,1
1414694760000,1414694819000,0.88353,0.88353,0.88349,0.88349,20590000,1
1414694820000,1414694879000,0.88349,0.88352,0.88346,0.88349,79390000,1
1414694880000,1414694939000,0.88349,0.8835,0.88327,0.8834,51690000,1
1414694940000,1414694999000,0.8834,0.8834,0.88329,0.88332,22420000,1
1414695000000,1414695059000,0.88332,0.88332,0.88313,0.88315,55890000,1
1414695060000,1414695119000,0.88314,0.88322,0.88313,0.88319,41310000,1
1414695120000,1414695179000,0.88319,0.88319,0.88316,0.88316,4260000,1
1414695180000,1414695239000,0.88316,0.88316,0.88312,0.88314,22650000,1
1414695240000,1414695299000,0.88316,0.88316,0.88312,0.88315,23700000,1
1414695300000,1414695359000,0.88315,0.88317,0.883,0.883,54930000,1
1414695360000,1414695419000,0.88299,0.883,0.88291,0.88299,38990000,1
1414695420000,1414695479000,0.88299,0.88301,0.88294,0.88297,32010000,1
1414695480000,1414695539000,0.88297,0.883,0.88295,0.883,23420000,1
1414695540000,1414695599000,0.88299,0.88302,0.88295,0.88297,65250000,1
1414695600000,1414695659000,0.88297,0.88302,0.88296,0.88299,40380000,1
1414695660000,1414695719000,0.88299,0.88302,0.88291,0.88296,51920000,1
1414695720000,1414695779000,0.88294,0.88324,0.88292,0.88321,41320000,1
1414695780000,1414695839000,0.88323,0.88323,0.88312,0.88313,29680000,1
1414695840000,1414695899000,0.88313,0.8832,0.88312,0.8832,26720000,1
1414695900000,1414695959000,0.88319,0.88319,0.88317,0.88317,12420000,1
1414695960000,1414696019000,0.88317,0.88317,0.883,0.88301,20000000,1
1414696020000,1414696079000,0.88301,0.88301,0.88292,0.883,40890000,1
1414696080000,1414696139000,0.883,0.88303,0.883,0.88303,21610000,1
1414696140000,1414696199000,0.88302,0.88312,0.88302,0.88312,7500000,1
1414696260000,1414696319000,0.88311,0.8832,0.88311,0.88319,24180000,1
1414696320000,1414696379000,0.88319,0.88321,0.88319,0.88321,3000000,1
1414696380000,1414696439000,0.88321,0.88321,0.88313,0.88314,17000000,1
1414696440000,1414696499000,0.8831,0.88314,0.8831,0.88311,13070000,1
1414696500000,1414696559000,0.8831,0.88312,0.88309,0.88312,13250000,1
1414696560000,1414696619000,0.88311,0.88319,0.8831,0.88319,33550000,1
1414696620000,1414696679000,0.8832,0.88343,0.88319,0.88343,41610000,1
1414696680000,1414696739000,0.88342,0.88362,0.8834,0.88362,59400000,1
1414696740000,1414696799000,0.88361,0.88361,0.88355,0.88355,8750000,1
1414696800000,1414696859000,0.88355,0.88355,0.88344,0.88347,53470000,1
1414696860000,1414696919000,0.88348,0.88348,0.88342,0.88344,14450000,1
1414696920000,1414696979000,0.88344,0.88344,0.8833,0.88333,25510000,1
1414696980000,1414697039000,0.88333,0.88335,0.88331,0.88331,30440000,1
1414697040000,1414697099000,0.88331,0.88331,0.88324,0.88324,26350000,1
1414697100000,1414697159000,0.88324,0.88324,0.88312,0.88312,30830000,1
1414697160000,1414697219000,0.88312,0.8832,0.88312,0.8832,65270000,1
1414697220000,1414697279000,0.88319,0.88321,0.88317,0.88319,39560000,1
1414697280000,1414697339000,0.88317,0.88335,0.88317,0.88331,30660000,1
1414697340000,1414697399000,0.88332,0.88332,0.88328,0.88331,7600000,1
1414697400000,1414697459000,0.88331,0.88331,0.8833,0.8833,9340000,1
1414697460000,1414697519000,0.8833,0.8833,0.88322,0.88322,19830000,1
1414697520000,1414697579000,0.88322,0.88328,0.88322,0.88327,24710000,1
1414697580000,1414697639000,0.88327,0.88327,0.88325,0.88325,11500000,1
1414697640000,1414697699000,0.88325,0.88328,0.88324,0.88325,14320000,1
1414697700000,1414697759000,0.88325,0.88326,0.88319,0.88319,14580000,1
1414697760000,1414697819000,0.88319,0.8832,0.88312,0.88314,27670000,1
1414697820000,1414697879000,0.88314,0.8832,0.88314,0.8832,20470000,1
1414697880000,1414697939000,0.8832,0.88323,0.88315,0.8832,28290000,1
1414697940000,1414697999000,0.8832,0.8832,0.88319,0.88319,53350000,1
1414698000000,1414698059000,0.8832,0.8832,0.88317,0.88317,21930000,1
1414698060000,1414698119000,0.88317,0.88317,0.88317,0.88317,16770000,1
1414698120000,1414698179000,0.88317,0.88319,0.88317,0.88319,11820000,1
1414698180000,1414698239000,0.88319,0.88319,0.88317,0.88318,5250000,1
1414698240000,1414698299000,0.8832,0.8832,0.8832,0.8832,2000000,1
1414698300000,1414698359000,0.88317,0.88318,0.88317,0.88318,7840000,1
1414698360000,1414698419000,0.88317,0.88322,0.88317,0.88322,18710000,1
1414698420000,1414698479000,0.88325,0.88328,0.88314,0.88317,50930000,1
1414698480000,1414698539000,0.88317,0.88318,0.88309,0.88309,29450000,1
1414698540000,1414698599000,0.88306,0.88313,0.88306,0.88313,20300000,1
1414698600000,1414698659000,0.88313,0.88323,0.88313,0.88321,15760000,1
1414698660000,1414698719000,0.88322,0.88322,0.88322,0.88322,1000000,1
1414698720000,1414698779000,0.88322,0.88329,0.88321,0.88327,20800000,1
1414698780000,1414698839000,0.88327,0.8834,0.88325,0.8834,32080000,1
1414698840000,1414698899000,0.88339,0.88339,0.88322,0.88322,43190000,1
1414698900000,1414698959000,0.88323,0.88335,0.88322,0.88335,40710000,1
1414698960000,1414699019000,0.88335,0.8834,0.88332,0.88333,50500000,1
1414699020000,1414699079000,0.88333,0.88334,0.88323,0.88327,58160000,1
1414699080000,1414699139000,0.88327,0.88327,0.8832,0.8832,24100000,1
1414699140000,1414699199000,0.8832,0.88321,0.88305,0.88305,47710000,1
1414699200000,1414699259000,0.88305,0.88322,0.88303,0.8832,52350000,1
1414699260000,1414699319000,0.8832,0.88326,0.8832,0.88326,15790000,1
1414699320000,1414699379000,0.88325,0.88341,0.88321,0.8834,35530000,1
1414699380000,1414699439000,0.88341,0.88341,0.88339,0.88339,4000000,1
1414699440000,1414699499000,0.88341,0.88341,0.88341,0.88341,3570000,1
1414699500000,1414699559000,0.88343,0.88351,0.88343,0.8835,52000000,1
1414699560000,1414699619000,0.8835,0.88352,0.8835,0.88352,49620000,1
1414699620000,1414699679000,0.88352,0.88353,0.88337,0.88337,47410000,1
1414699680000,1414699739000,0.88337,0.88337,0.88332,0.88333,26500000,1
1414699740000,1414699799000,0.88333,0.88333,0.88332,0.88333,16000000,1
1414699800000,1414699859000,0.88333,0.88333,0.8832,0.8832,14500000,1
1414699860000,1414699919000,0.8832,0.8832,0.8832,0.8832,1000000,1
1414699920000,1414699979000,0.8832,0.88324,0.8832,0.88324,25500000,1
1414699980000,1414700039000,0.88325,0.88325,0.88322,0.88322,5200000,1
1414700040000,1414700099000,0.88322,0.88322,0.8832,0.88321,5670000,1
1414700100000,1414700159000,0.88318,0.88321,0.88313,0.88316,33090000,1
1414700160000,1414700219000,0.88316,0.88318,0.88307,0.88307,42640000,1
1414700220000,1414700279000,0.88307,0.88307,0.88286,0.8829,45920000,1
1414700280000,1414700339000,0.88288,0.88292,0.88285,0.88287,40840000,1
1414700340000,1414700399000,0.88287,0.88292,0.88282,0.88287,55670000,1
1414700400000,1414700459000,0.88287,0.88289,0.88285,0.88285,23800000,1
1414700460000,1414700519000,0.88286,0.88292,0.88286,0.88292,21690000,1
1414700520000,1414700579000,0.88292,0.88294,0.88288,0.88294,27690000,1
1414700580000,1414700639000,0.88296,0.88301,0.88293,0.883,19580000,1
1414700640000,1414700699000,0.883,0.883,0.88298,0.88298,20640000,1
1414700700000,1414700759000,0.883,0.883,0.883,0.883,3000000,1
1414700760000,1414700819000,0.88301,0.88301,0.883,0.883,2760000,1
1414700820000,1414700879000,0.88298,0.88298,0.88294,0.88294,11750000,1
1414700880000,1414700939000,0.88294,0.88303,0.88294,0.88303,11690000,1
1414700940000,1414700999000,0.88303,0.88305,0.88301,0.88303,18000000,1
1414701000000,1414701059000,0.88303,0.88303,0.883,0.88301,24800000,1
1414701060000,1414701119000,0.88301,0.88306,0.88301,0.88305,31700000,1
1414701120000,1414701179000,0.88305,0.88312,0.88305,0.88312,9820000,1
1414701180000,1414701239000,0.88312,0.88312,0.88311,0.88312,3000000,1
1414701240000,1414701299000,0.88312,0.88326,0.88311,0.88324,26450000,1
1414701300000,1414701359000,0.88327,0.8833,0.88326,0.8833,16130000,1
1414701360000,1414701419000,0.8833,0.88335,0.8833,0.88334,35880000,1
1414701420000,1414701479000,0.88333,0.88342,0.88333,0.88341,22020000,1
1414701480000,1414701539000,0.88341,0.88345,0.88341,0.88342,15160000,1
1414701540000,1414701599000,0.88342,0.88349,0.88342,0.88348,43570000,1
1414701600000,1414701659000,0.88348,0.88351,0.88348,0.88349,38090000,1
1414701660000,1414701719000,0.88352,0.88352,0.88347,0.88349,41790000,1
1414701720000,1414701779000,0.88349,0.88352,0.88337,0.88352,66880000,1
1414701780000,1414701839000,0.88349,0.88351,0.88337,0.88337,60980000,1
1414701840000,1414701899000,0.88338,0.88338,0.88325,0.8833,163100000,1
1414701900000,1414701959000,0.88328,0.88336,0.88318,0.88322,49480000,1
1414701960000,1414702019000,0.88323,0.88323,0.88322,0.88322,23690000,1
1414702020000,1414702079000,0.88324,0.8833,0.88319,0.8833,49570000,1
1414702080000,1414702139000,0.88328,0.88331,0.88325,0.88326,25890000,1
1414702140000,1414702199000,0.88326,0.88326,0.88321,0.88325,19700000,1
1414702200000,1414702259000,0.88323,0.88326,0.88322,0.88322,15940000,1
1414702260000,1414702319000,0.88323,0.88325,0.8832,0.8832,9010000,1
1414702320000,1414702379000,0.88321,0.88323,0.8832,0.88323,5500000,1
1414702380000,1414702439000,0.88324,0.88333,0.8832,0.8833,40250000,1
1414702440000,1414702499000,0.88328,0.88332,0.88325,0.88332,15750000,1
1414702500000,1414702559000,0.88333,0.88343,0.88332,0.88337,15000000,1
1414702560000,1414702619000,0.88338,0.88338,0.88336,0.88336,7000000,1
1414702620000,1414702679000,0.88336,0.88336,0.88335,0.88335,4000000,1
1414702680000,1414702739000,0.8833,0.88336,0.88319,0.88332,64830000,1
1414702740000,1414702799000,0.88334,0.88339,0.88332,0.88336,21270000,1
1414702800000,1414702859000,0.88334,0.88337,0.8831,0.88311,10140000,1
1414702860000,1414702919000,0.88311,0.88323,0.8831,0.88323,2970000,1
1414702920000,1414702979000,0.88327,0.88327,0.88312,0.88315,2700000,1
1414702980000,1414703039000,0.88315,0.88324,0.88315,0.88324,1600000,1
1414703040000,1414703099000,0.88319,0.88323,0.88318,0.88318,13500000,1
1414703100000,1414703159000,0.88313,0.88333,0.88312,0.88328,38570000,1
1414703160000,1414703219000,0.8833,0.88341,0.88324,0.88324,44170000,1
1414703220000,1414703279000,0.88324,0.88337,0.88321,0.88328,18150000,1
1414703280000,1414703339000,0.88328,0.88328,0.88327,0.88327,7990000,1
1414703340000,1414703399000,0.88324,0.88332,0.88324,0.88332,18800000,1
1414703400000,1414703459000,0.88333,0.88354,0.88333,0.88343,27200000,1
1414703460000,1414703519000,0.88342,0.88365,0.88331,0.88364,20770000,1
1414703520000,1414703579000,0.88365,0.88377,0.88338,0.88348,64350000,1
1414703580000,1414703639000,0.8835,0.8837,0.88336,0.8837,42630000,1
1414703640000,1414703699000,0.8837,0.88402,0.8837,0.88395,92310000,1
1414703700000,1414703759000,0.88395,0.88401,0.88367,0.88372,55940000,1
1414703760000,1414703819000,0.88372,0.88375,0.88372,0.88374,35470000,1
1414703820000,1414703879000,0.88374,0.88375,0.88372,0.88372,35750000,1
1414703880000,1414703939000,0.88372,0.88383,0.88372,0.88381,41100000,1
1414703940000,1414703999000,0.88382,0.88382,0.8838,0.8838,29000000,1
1414704000000,1414704059000,0.8838,0.8838,0.88367,0.88376,22370000,1
1414704060000,1414704119000,0.88375,0.88376,0.88375,0.88376,10000000,1
1414704120000,1414704179000,0.88375,0.88376,0.88375,0.88376,15000000,1
1414704180000,1414704239000,0.88376,0.88377,0.88344,0.88358,37820000,1
1414704240000,1414704299000,0.88358,0.88376,0.88358,0.88365,24870000,1
1414704300000,1414704359000,0.88373,0.88393,0.88373,0.88393,21000000,1
1414704360000,1414704419000,0.88396,0.88421,0.88395,0.88415,54570000,1
1414704420000,1414704479000,0.88412,0.88492,0.88412,0.88492,113990000,1
1414704480000,1414704539000,0.8849,0.88491,0.88455,0.88485,111290000,1
1414704540000,1414704599000,0.88481,0.88528,0.88455,0.88472,78230000,1
1414704600000,1414704659000,0.88472,0.88473,0.88436,0.8844,66690000,1
1414704660000,1414704719000,0.88427,0.88445,0.88412,0.88425,62480000,1
1414704720000,1414704779000,0.88425,0.88444,0.8842,0.88427,38570000,1
1414704780000,1414704839000,0.88427,0.88445,0.88427,0.88444,52880000,1
1414704840000,1414704899000,0.88434,0.88443,0.8843,0.88443,31820000,1
1414704900000,1414704959000,0.88442,0.88442,0.88431,0.88431,4000000,1
1414704960000,1414705019000,0.88431,0.88434,0.88429,0.88433,17500000,1
1414705020000,1414705079000,0.88433,0.88435,0.8843,0.88435,10000000,1
1414705080000,1414705139000,0.88437,0.88439,0.88428,0.88439,28000000,1
1414705140000,1414705199000,0.88432,0.8844,0.88401,0.88401,39150000,1
1414705200000,1414705259000,0.88401,0.88416,0.88401,0.88416,28000000,1
1414705260000,1414705319000,0.88415,0.88426,0.88415,0.88424,17850000,1
1414705320000,1414705379000,0.88424,0.88425,0.88409,0.8841,22000000,1
1414705380000,1414705439000,0.88413,0.8842,0.884,0.884,24250000,1
1414705440000,1414705499000,0.88404,0.88404,0.8838,0.8839,68500000,1
1414705500000,1414705559000,0.8839,0.88415,0.88371,0.88396,100240000,1
1414705560000,1414705619000,0.88396,0.88398,0.88378,0.88398,59030000,1
1414705620000,1414705679000,0.88397,0.884,0.88388,0.884,17540000,1
1414705680000,1414705739000,0.88398,0.88398,0.88377,0.88377,20460000,1
1414705740000,1414705799000,0.88377,0.88382,0.88366,0.88366,25410000,1
1414705800000,1414705859000,0.88367,0.88375,0.88363,0.88372,20000000,1
1414705860000,1414705919000,0.88372,0.88383,0.88372,0.88383,8000000,1
1414705920000,1414705979000,0.88382,0.88412,0.88375,0.88412,40250000,1
1414705980000,1414706039000,0.88418,0.88427,0.88397,0.88414,100580000,1
1414706040000,1414706099000,0.88419,0.88425,0.88419,0.88425,10500000,1
1414706100000,1414706159000,0.88425,0.88425,0.88409,0.88409,19000000,1
1414706160000,1414706219000,0.88413,0.88422,0.88408,0.88422,16000000,1
1414706220000,1414706279000,0.8842,0.88421,0.88387,0.88392,45810000,1
1414706280000,1414706339000,0.88392,0.88408,0.88387,0.88404,36190000,1
1414706340000,1414706399000,0.88404,0.88405,0.88392,0.88396,48600000,1
1414706400000,1414706459000,0.88396,0.88396,0.88369,0.88385,112350000,1
1414706460000,1414706519000,0.88389,0.88389,0.88373,0.88373,34520000,1
1414706520000,1414706579000,0.88372,0.88386,0.88366,0.88384,28420000,1
1414706580000,1414706639000,0.88384,0.88384,0.88374,0.88375,9750000,1
1414706640000,1414706699000,0.88372,0.88372,0.88353,0.8836,38810000,1
1414706700000,1414706759000,0.88365,0.88374,0.88362,0.88374,27000000,1
1414706760000,1414706819000,0.88374,0.88384,0.88374,0.88382,49600000,1
1414706820000,1414706879000,0.88381,0.88384,0.88372,0.88373,48700000,1
1414706880000,1414706939000,0.88373,0.88376,0.88366,0.88366,28500000,1
1414706940000,1414706999000,0.88359,0.8837,0.88359,0.88368,24600000,1
1414707000000,1414707059000,0.88367,0.88373,0.88361,0.88363,37500000,1
1414707060000,1414707119000,0.88363,0.88366,0.8835,0.8835,37870000,1
1414707120000,1414707179000,0.8835,0.88372,0.8835,0.88372,39060000,1
1414707180000,1414707239000,0.88372,0.88372,0.88363,0.88363,17000000,1
1414707240000,1414707299000,0.88363,0.88367,0.88363,0.88364,18600000,1
1414707300000,1414707359000,0.88366,0.88371,0.88358,0.88361,49510000,1
1414707360000,1414707419000,0.8836,0.88361,0.88353,0.88361,35070000,1
1414707420000,1414707479000,0.8836,0.88364,0.88348,0.88359,45960000,1
1414707480000,1414707539000,0.88358,0.88361,0.8835,0.88356,25640000,1
1414707540000,1414707599000,0.88358,0.88358,0.88355,0.88355,5000000,1
1414707600000,1414707659000,0.88355,0.88355,0.88345,0.88345,32220000,1
1414707660000,1414707719000,0.88345,0.88345,0.88344,0.88344,33000000,1
1414707720000,1414707779000,0.88344,0.88344,0.88325,0.88326,39580000,1
1414707780000,1414707839000,0.88334,0.88334,0.88317,0.88318,72840000,1
1414707840000,1414707899000,0.88318,0.88327,0.88317,0.88319,103400000,1
1414707900000,1414707959000,0.88318,0.88333,0.88314,0.88326,26740000,1
1414707960000,1414708019000,0.88325,0.88325,0.88317,0.88319,15500000,1
1414708020000,1414708079000,0.88317,0.88318,0.88314,0.88318,10000000,1
1414708080000,1414708139000,0.88319,0.88321,0.88317,0.88317,32500000,1
1414708140000,1414708199000,0.88317,0.88318,0.88284,0.88294,39500000,1
1414708200000,1414708259000,0.88293,0.88304,0.88293,0.88304,11000000,1
1414708260000,1414708319000,0.88307,0.88316,0.88305,0.88312,18500000,1
1414708320000,1414708379000,0.88312,0.88313,0.88312,0.88313,4000000,1
1414708380000,1414708439000,0.88316,0.88325,0.88315,0.88322,10150000,1
1414708440000,1414708499000,0.88321,0.88327,0.88314,0.88319,20000000,1
1414708500000,1414708559000,0.88319,0.88323,0.88319,0.8832,17000000,1
1414708560000,1414708619000,0.8832,0.8832,0.88314,0.88315,9000000,1
1414708620000,1414708679000,0.88319,0.88323,0.88317,0.88319,24500000,1
1414708680000,1414708739000,0.88319,0.88319,0.88309,0.8831,20000000,1
1414708740000,1414708799000,0.88309,0.8834,0.88309,0.88334,91730000,1
1414708800000,1414708859000,0.88335,0.88351,0.88335,0.88345,22900000,1
1414708860000,1414708919000,0.88345,0.88345,0.8833,0.8833,13520000,1
1414708920000,1414708979000,0.8833,0.8833,0.88319,0.88319,16500000,1
1414708980000,1414709039000,0.88318,0.88318,0.88311,0.88311,28000000,1
1414709040000,1414709099000,0.88311,0.88311,0.88309,0.8831,7000000,1
1414709100000,1414709159000,0.8831,0.8831,0.8831,0.8831,48000000,1
1414709160000,1414709219000,0.88308,0.8831,0.88308,0.8831,3500000,1
1414709220000,1414709279000,0.88309,0.88309,0.88297,0.88308,28860000,1
1414709280000,1414709339000,0.88307,0.88307,0.88306,0.88306,2500000,1
1414709340000,1414709399000,0.88306,0.88306,0.88305,0.88305,2500000,1
1414709400000,1414709459000,0.88304,0.88305,0.88282,0.88285,37170000,1
1414709460000,1414709519000,0.8829,0.8829,0.8828,0.88281,18240000,1
1414709520000,1414709579000,0.88281,0.88281,0.8826,0.88269,51670000,1
1414709580000,1414709639000,0.88268,0.88269,0.88257,0.88266,43700000,1
1414709640000,1414709699000,0.88269,0.88275,0.88262,0.88262,55990000,1
1414709700000,1414709759000,0.88262,0.88265,0.8826,0.88261,19870000,1
1414709760000,1414709819000,0.88261,0.88262,0.88259,0.88262,28210000,1
1414709820000,1414709879000,0.8826,0.88272,0.88246,0.88259,53810000,1
1414709880000,1414709939000,0.88259,0.88261,0.88255,0.88261,14500000,1
1414709940000,1414709999000,0.8826,0.88278,0.8826,0.88267,39120000,1
1414710000000,1414710059000,0.88267,0.88267,0.88261,0.88261,17000000,1
1414710060000,1414710119000,0.88262,0.88281,0.88262,0.8828,20000000,1
1414710120000,1414710179000,0.88281,0.88282,0.88281,0.88282,4000000,1
1414710180000,1414710239000,0.8828,0.88282,0.8828,0.88282,6500000,1
1414710240000,1414710299000,0.88283,0.88294,0.88283,0.88293,24500000,1
1414710300000,1414710359000,0.88292,0.88294,0.88285,0.88294,25500000,1
1414710360000,1414710419000,0.88294,0.88306,0.88292,0.88301,26750000,1
1414710420000,1414710479000,0.883,0.88305,0.88285,0.88289,22500000,1
1414710480000,1414710539000,0.8829,0.88299,0.88288,0.88299,15000000,1
1414710540000,1414710599000,0.88297,0.88297,0.88292,0.88292,5000000,1
1414710600000,1414710659000,0.88292,0.88292,0.88287,0.88287,6850000,1
1414710660000,1414710719000,0.88287,0.88287,0.88284,0.88284,6350000,1
1414710720000,1414710779000,0.88285,0.88286,0.8828,0.88282,50830000,1
1414710780000,1414710839000,0.88282,0.8829,0.88282,0.8829,9470000,1
1414710840000,1414710899000,0.8829,0.8829,0.88275,0.88285,44430000,1
1414710900000,1414710959000,0.88285,0.88285,0.8828,0.88283,28950000,1
1414710960000,1414711019000,0.88284,0.88286,0.88267,0.88274,29910000,1
1414711020000,1414711079000,0.88274,0.88296,0.88274,0.88291,80250000,1
1414711080000,1414711139000,0.88292,0.883,0.8829,0.88294,42230000,1
1414711140000,1414711199000,0.88294,0.88294,0.88272,0.88278,56960000,1
1414711200000,1414711259000,0.88279,0.88279,0.88268,0.88269,19500000,1
1414711260000,1414711319000,0.88269,0.88269,0.88254,0.88255,21570000,1
1414711320000,1414711379000,0.88256,0.88261,0.88256,0.88261,3170000,1
1414711380000,1414711439000,0.88261,0.88274,0.88261,0.88265,29670000,1
1414711440000,1414711499000,0.88265,0.88283,0.88264,0.88282,38620000,1
1414711500000,1414711559000,0.88282,0.88282,0.88266,0.88277,68820000,1
1414711560000,1414711619000,0.88279,0.88281,0.88267,0.88275,58320000,1
1414711620000,1414711679000,0.88275,0.88276,0.88274,0.88276,7000000,1
1414711680000,1414711739000,0.88276,0.88277,0.88276,0.88276,17000000,1
1414711740000,1414711799000,0.88276,0.88276,0.88263,0.88272,26000000,1
1414711800000,1414711859000,0.88272,0.88272,0.88252,0.88258,41250000,1
1414711860000,1414711919000,0.88257,0.88257,0.88253,0.88254,14000000,1
1414711920000,1414711979000,0.88254,0.88257,0.88237,0.88238,64040000,1
1414711980000,1414712039000,0.88237,0.8825,0.88237,0.8825,19490000,1
1414712040000,1414712099000,0.8825,0.88265,0.88243,0.88247,47580000,1
1414712100000,1414712159000,0.88247,0.88262,0.88246,0.88261,32610000,1
1414712160000,1414712219000,0.88261,0.88276,0.88261,0.88276,23340000,1
1414712220000,1414712279000,0.88276,0.88277,0.88274,0.88275,24000000,1
1414712280000,1414712339000,0.88277,0.88281,0.88277,0.8828,33150000,1
1414712340000,1414712399000,0.8828,0.8828,0.88275,0.88275,34400000,1
1414712400000,1414712459000,0.88274,0.88274,0.88263,0.88266,22500000,1
1414712460000,1414712519000,0.88266,0.88266,0.88248,0.88248,31460000,1
1414712520000,1414712579000,0.88248,0.88253,0.88247,0.88253,14500000,1
1414712580000,1414712639000,0.88251,0.88251,0.88251,0.88251,9760000,1
1414712640000,1414712699000,0.88251,0.88258,0.88251,0.88257,23120000,1
1414712700000,1414712759000,0.88257,0.88261,0.88257,0.88261,25600000,1
1414712760000,1414712819000,0.88261,0.88273,0.88261,0.88264,43660000,1
1414712820000,1414712879000,0.88266,0.8827,0.88263,0.88263,11400000,1
1414712880000,1414712939000,0.88262,0.88262,0.8826,0.8826,3500000,1
1414712940000,1414712999000,0.8826,0.8826,0.8826,0.8826,4000000,1
1414713000000,1414713059000,0.8826,0.88265,0.8826,0.88264,26210000,1
1414713060000,1414713119000,0.88264,0.88274,0.8826,0.88272,91650000,1
1414713120000,1414713179000,0.8827,0.8829,0.88265,0.88279,79410000,1
1414713180000,1414713239000,0.88281,0.88287,0.88275,0.8828,30380000,1
1414713240000,1414713299000,0.8828,0.88289,0.88279,0.88283,57580000,1
1414713300000,1414713359000,0.88283,0.88332,0.88283,0.88331,90550000,1
1414713360000,1414713419000,0.88331,0.88331,0.88283,0.88283,48480000,1
1414713420000,1414713479000,0.88283,0.88283,0.88221,0.88235,74170000,1
1414713480000,1414713539000,0.88239,0.88266,0.88219,0.8823,135590000,1
1414713540000,1414713599000,0.88229,0.88281,0.88213,0.88272,161610000,1
