openEpochMillis,closeEpochMillis,open,high,low,close,volume,sourceBars
1754006400000,1754006459000,1.38574,1.38592,1.38574,1.38589,287790000,1
1754006460000,1754006519000,1.38588,1.3862,1.38588,1.38617,332520000,1
1754006520000,1754006579000,1.38618,1.38628,1.386,1.38622,345570000,1
1754006580000,1754006639000,1.38623,1.38623,1.3858,1.38581,134400000,1
1754006640000,1754006699000,1.3858,1.38596,1.3858,1.38594,111750000,1
1754006700000,1754006759000,1.38594,1.386,1.38587,1.38589,204300000,1
1754006760000,1754006819000,1.3859,1.38601,1.38582,1.38582,194910000,1
1754006820000,1754006879000,1.38582,1.38591,1.3858,1.38591,144360000,1
1754006880000,1754006939000,1.38592,1.38592,1.3858,1.3858,86730000,1
1754006940000,1754006999000,1.3858,1.38582,1.38574,1.38574,60390000,1
1754007000000,1754007059000,1.38577,1.38588,1.38577,1.38582,153090000,1
1754007060000,1754007119000,1.38582,1.38582,1.38562,1.38563,98640000,1
1754007120000,1754007179000,1.38563,1.38569,1.38557,1.38562,165180000,1
1754007180000,1754007239000,1.38563,1.38569,1.38562,1.38562,104430000,1
1754007240000,1754007299000,1.38562,1.38571,1.3856,1.38562,104100000,1
1754007300000,1754007359000,1.38561,1.38574,1.38559,1.3856,109650000,1
1754007360000,1754007419000,1.38562,1.38563,1.38543,1.38544,171450000,1
1754007420000,1754007479000,1.38544,1.38555,1.38539,1.38539,116010000,1
1754007480000,1754007539000,1.38538,1.38553,1.38537,1.38546,147180000,1
1754007540000,1754007599000,1.38545,1.38545,1.38539,1.38543,106350000,1
1754007600000,1754007659000,1.38542,1.38547,1.38534,1.38545,111150000,1
1754007660000,1754007719000,1.38545,1.38547,1.38544,1.38547,24150000,1
1754007720000,1754007779000,1.38547,1.38553,1.38547,1.38552,95490000,1
1754007780000,1754007839000,1.38552,1.38552,1.38532,1.38541,155250000,1
1754007840000,1754007899000,1.38542,1.38554,1.38542,1.38548,201600000,1
1754007900000,1754007959000,1.38548,1.38554,1.38548,1.38553,168000000,1
1754007960000,1754008019000,1.38553,1.38561,1.38536,1.38541,206670000,1
1754008020000,1754008079000,1.38541,1.38575,1.38541,1.38542,210630000,1
1754008080000,1754008139000,1.38542,1.38551,1.38538,1.38543,198810000,1
1754008140000,1754008199000,1.38543,1.38543,1.38524,1.38527,207900000,1
1754008200000,1754008259000,1.38526,1.38534,1.38513,1.38517,236550000,1
1754008260000,1754008319000,1.38517,1.38536,1.38517,1.38523,201120000,1
1754008320000,1754008379000,1.38522,1.3853,1.3852,1.3853,197010000,1
1754008380000,1754008439000,1.38529,1.3853,1.38517,1.38517,142650000,1
1754008440000,1754008499000,1.38517,1.38525,1.38514,1.38522,196950000,1
1754008500000,1754008559000,1.38524,1.38525,1.38514,1.38514,85050000,1
1754008560000,1754008619000,1.38514,1.38516,1.38506,1.38506,140850000,1
1754008620000,1754008679000,1.38507,1.38514,1.38503,1.38506,159150000,1
1754008680000,1754008739000,1.38507,1.3851,1.38499,1.38505,130920000,1
1754008740000,1754008799000,1.38504,1.38504,1.3849,1.3849,148200000,1
1754008800000,1754008859000,1.38492,1.38494,1.38475,1.38476,99900000,1
1754008860000,1754008919000,1.38475,1.38481,1.38475,1.38481,53820000,1
1754008920000,1754008979000,1.38481,1.38481,1.38465,1.38466,149550000,1
1754008980000,1754009039000,1.38466,1.38476,1.38458,1.38461,191550000,1
1754009040000,1754009099000,1.3846,1.38462,1.38448,1.38456,184800000,1
1754009100000,1754009159000,1.38455,1.38465,1.38455,1.38465,149100000,1
1754009160000,1754009219000,1.38464,1.38465,1.38449,1.38459,119100000,1
1754009220000,1754009279000,1.38458,1.38462,1.38451,1.38451,70020000,1
1754009280000,1754009339000,1.38451,1.38457,1.38449,1.38453,63600000,1
1754009340000,1754009399000,1.38453,1.38457,1.38444,1.38447,84960000,1
1754009400000,1754009459000,1.38446,1.38446,1.38437,1.38444,131730000,1
1754009460000,1754009519000,1.38444,1.38454,1.38443,1.38448,207180000,1
1754009520000,1754009579000,1.38449,1.38454,1.38446,1.38449,265590000,1
1754009580000,1754009639000,1.38449,1.38454,1.38448,1.38448,111690000,1
1754009640000,1754009699000,1.38446,1.38459,1.38444,1.38458,113280000,1
1754009700000,1754009759000,1.3846,1.38467,1.38456,1.38461,125580000,1
1754009760000,1754009819000,1.38462,1.38462,1.38446,1.38449,157110000,1
1754009820000,1754009879000,1.38448,1.38456,1.38446,1.38448,251550000,1
1754009880000,1754009939000,1.38448,1.38451,1.38446,1.38446,210360000,1
1754009940000,1754009999000,1.38449,1.38467,1.38448,1.38467,187680000,1
1754010000000,1754010059000,1.38467,1.38491,1.38467,1.38487,248700000,1
1754010060000,1754010119000,1.38487,1.38504,1.38481,1.38486,191250000,1
1754010120000,1754010179000,1.38484,1.38484,1.38465,1.38469,161100000,1
1754010180000,1754010239000,1.38469,1.38477,1.38467,1.38469,211050000,1
1754010240000,1754010299000,1.38469,1.38482,1.38469,1.38481,223200000,1
1754010300000,1754010359000,1.38481,1.38482,1.38468,1.38469,125040000,1
1754010360000,1754010419000,1.38469,1.38472,1.38465,1.3847,66090000,1
1754010420000,1754010479000,1.38471,1.38487,1.38471,1.38484,139110000,1
1754010480000,1754010539000,1.38485,1.38491,1.38484,1.38485,104070000,1
1754010540000,1754010599000,1.38484,1.38485,1.38468,1.38473,133650000,1
1754010600000,1754010659000,1.38472,1.38475,1.38463,1.38466,118800000,1
1754010660000,1754010719000,1.38467,1.38469,1.38456,1.38464,115260000,1
1754010720000,1754010779000,1.38463,1.38469,1.38459,1.38465,62100000,1
1754010780000,1754010839000,1.38465,1.38469,1.38446,1.38451,170040000,1
1754010840000,1754010899000,1.3845,1.38451,1.38438,1.38449,161160000,1
1754010900000,1754010959000,1.38447,1.38448,1.38437,1.38437,115800000,1
1754010960000,1754011019000,1.38437,1.38444,1.38435,1.38444,64440000,1
1754011020000,1754011079000,1.38443,1.38447,1.38438,1.38445,92010000,1
1754011080000,1754011139000,1.38445,1.38458,1.3844,1.38456,120450000,1
1754011140000,1754011199000,1.38457,1.38467,1.38457,1.38458,80610000,1
1754011200000,1754011259000,1.38463,1.38477,1.38461,1.38477,77310000,1
1754011260000,1754011319000,1.38477,1.38477,1.38466,1.38469,36750000,1
1754011320000,1754011379000,1.38469,1.38477,1.38467,1.38475,53040000,1
1754011380000,1754011439000,1.38474,1.38497,1.38474,1.38496,100320000,1
1754011440000,1754011499000,1.38496,1.38496,1.38481,1.38486,65520000,1
1754011500000,1754011559000,1.38484,1.38496,1.38475,1.38495,88350000,1
1754011560000,1754011619000,1.38496,1.38513,1.38494,1.38512,82350000,1
1754011620000,1754011679000,1.38513,1.38515,1.38497,1.38497,164250000,1
1754011680000,1754011739000,1.38499,1.38505,1.38495,1.38496,99450000,1
1754011740000,1754011799000,1.38496,1.38497,1.38487,1.38488,46200000,1
1754011800000,1754011859000,1.38489,1.38505,1.38485,1.38505,81900000,1
1754011860000,1754011919000,1.38504,1.38515,1.38499,1.38515,122550000,1
1754011920000,1754011979000,1.38514,1.38532,1.38514,1.38525,58890000,1
1754011980000,1754012039000,1.38527,1.38539,1.38525,1.38536,99600000,1
1754012040000,1754012099000,1.38537,1.38537,1.38512,1.38515,143700000,1
1754012100000,1754012159000,1.38513,1.38516,1.38512,1.38514,91950000,1
1754012160000,1754012219000,1.38514,1.38515,1.38512,1.38514,113400000,1
1754012220000,1754012279000,1.38515,1.38515,1.38504,1.38507,267000000,1
1754012280000,1754012339000,1.38507,1.38526,1.38506,1.38522,232950000,1
1754012340000,1754012399000,1.38521,1.38532,1.38521,1.38526,129540000,1
1754012400000,1754012459000,1.38526,1.3854,1.38526,1.38538,128640000,1
1754012460000,1754012519000,1.3854,1.38561,1.3854,1.38551,256590000,1
1754012520000,1754012579000,1.38551,1.38552,1.3854,1.38542,135510000,1
1754012580000,1754012639000,1.38543,1.3855,1.3854,1.38544,179790000,1
1754012640000,1754012699000,1.38544,1.38551,1.38541,1.38543,230550000,1
1754012700000,1754012759000,1.38543,1.38557,1.38543,1.38552,174150000,1
1754012760000,1754012819000,1.38553,1.38563,1.38553,1.38562,179850000,1
1754012820000,1754012879000,1.38562,1.38569,1.38558,1.3856,157500000,1
1754012880000,1754012939000,1.38561,1.38566,1.38557,1.38559,74100000,1
1754012940000,1754012999000,1.38561,1.38561,1.38552,1.38555,97140000,1
1754013000000,1754013059000,1.38554,1.38576,1.38543,1.38576,196830000,1
1754013060000,1754013119000,1.38577,1.3859,1.38576,1.38588,84510000,1
1754013120000,1754013179000,1.38588,1.38599,1.38587,1.38587,221400000,1
1754013180000,1754013239000,1.38587,1.38594,1.38578,1.38593,123300000,1
1754013240000,1754013299000,1.38593,1.38601,1.38591,1.38594,114000000,1
1754013300000,1754013359000,1.38593,1.38594,1.38572,1.38581,124800000,1
1754013360000,1754013419000,1.38581,1.38588,1.38576,1.38585,128400000,1
1754013420000,1754013479000,1.38585,1.38593,1.38582,1.38585,110400000,1
1754013480000,1754013539000,1.38584,1.38589,1.38584,1.38587,106800000,1
1754013540000,1754013599000,1.38585,1.38587,1.38575,1.38577,116550000,1
1754013600000,1754013659000,1.38578,1.38578,1.3856,1.38561,115200000,1
1754013660000,1754013719000,1.3856,1.38564,1.38553,1.38564,93000000,1
1754013720000,1754013779000,1.38566,1.38567,1.38552,1.38555,90000000,1
1754013780000,1754013839000,1.38556,1.38558,1.38546,1.38553,105000000,1
1754013840000,1754013899000,1.38553,1.38565,1.38547,1.38565,72450000,1
1754013900000,1754013959000,1.38563,1.38565,1.38551,1.38551,82650000,1
1754013960000,1754014019000,1.3855,1.3855,1.38537,1.38537,31800000,1
1754014020000,1754014079000,1.38537,1.38552,1.38534,1.38547,42000000,1
1754014080000,1754014139000,1.38546,1.38551,1.38544,1.38544,42450000,1
1754014140000,1754014199000,1.38546,1.38553,1.38544,1.38551,76050000,1
1754014200000,1754014259000,1.38552,1.38552,1.38544,1.38548,68730000,1
1754014260000,1754014319000,1.38549,1.38549,1.38538,1.3854,80820000,1
1754014320000,1754014379000,1.38542,1.38542,1.38533,1.38539,87750000,1
1754014380000,1754014439000,1.38538,1.38539,1.38529,1.38531,64800000,1
1754014440000,1754014499000,1.38531,1.38535,1.3853,1.38534,46500000,1
1754014500000,1754014559000,1.38533,1.38539,1.38531,1.38538,171120000,1
1754014560000,1754014619000,1.38538,1.38544,1.38535,1.38536,138750000,1
1754014620000,1754014679000,1.38536,1.38549,1.38536,1.38544,107850000,1
1754014680000,1754014739000,1.38545,1.38555,1.38545,1.38549,137700000,1
1754014740000,1754014799000,1.38549,1.38553,1.38545,1.38553,129750000,1
1754014800000,1754014859000,1.38552,1.38555,1.38546,1.38549,114600000,1
1754014860000,1754014919000,1.3855,1.38552,1.3854,1.3854,68040000,1
1754014920000,1754014979000,1.38541,1.38557,1.38541,1.38552,234990000,1
1754014980000,1754015039000,1.38551,1.38565,1.38551,1.38564,117870000,1
1754015040000,1754015099000,1.38561,1.38566,1.38556,1.38556,169110000,1
1754015100000,1754015159000,1.38557,1.38572,1.38556,1.38571,97260000,1
1754015160000,1754015219000,1.38564,1.38568,1.38561,1.38561,56400000,1
1754015220000,1754015279000,1.38561,1.38562,1.3856,1.38561,51240000,1
1754015280000,1754015339000,1.38561,1.38563,1.3856,1.38562,58620000,1
1754015340000,1754015399000,1.38562,1.38563,1.38551,1.38552,96390000,1
1754015400000,1754015459000,1.38551,1.38562,1.3855,1.38553,136800000,1
1754015460000,1754015519000,1.38553,1.38563,1.38553,1.38563,89280000,1
1754015520000,1754015579000,1.38562,1.38574,1.38561,1.38571,155640000,1
1754015580000,1754015639000,1.38571,1.38579,1.38571,1.38576,140850000,1
1754015640000,1754015699000,1.38577,1.38585,1.38573,1.38576,203700000,1
1754015700000,1754015759000,1.38576,1.38579,1.38565,1.38565,55500000,1
1754015760000,1754015819000,1.38567,1.38568,1.38565,1.38567,48150000,1
1754015820000,1754015879000,1.38565,1.38573,1.38564,1.38567,136200000,1
1754015880000,1754015939000,1.38564,1.38568,1.3856,1.38564,119850000,1
1754015940000,1754015999000,1.38563,1.38569,1.3856,1.38566,162750000,1
1754016000000,1754016059000,1.38566,1.38581,1.38566,1.38579,119490000,1
1754016060000,1754016119000,1.38579,1.38593,1.38579,1.38592,64050000,1
1754016120000,1754016179000,1.38591,1.38594,1.38588,1.38593,102300000,1
1754016180000,1754016239000,1.38592,1.38598,1.38592,1.38598,112050000,1
1754016240000,1754016299000,1.38597,1.38609,1.38597,1.38602,149520000,1
1754016300000,1754016359000,1.38602,1.38611,1.38601,1.3861,129300000,1
1754016360000,1754016419000,1.3861,1.38612,1.38601,1.38601,42750000,1
1754016420000,1754016479000,1.38606,1.38611,1.386,1.38601,141540000,1
1754016480000,1754016539000,1.38602,1.38607,1.38602,1.38605,33750000,1
1754016540000,1754016599000,1.38605,1.38607,1.386,1.38607,108000000,1
1754016600000,1754016659000,1.38607,1.38614,1.38607,1.38609,82200000,1
1754016660000,1754016719000,1.38609,1.3861,1.38602,1.38604,111900000,1
1754016720000,1754016779000,1.38605,1.38605,1.386,1.38604,87000000,1
1754016780000,1754016839000,1.38604,1.38607,1.386,1.38606,94650000,1
1754016840000,1754016899000,1.38606,1.38613,1.38602,1.38607,135750000,1
1754016900000,1754016959000,1.38607,1.3861,1.38595,1.38595,85650000,1
1754016960000,1754017019000,1.38595,1.38596,1.38588,1.38588,143400000,1
1754017020000,1754017079000,1.38588,1.38593,1.38585,1.38586,118950000,1
1754017080000,1754017139000,1.38589,1.38589,1.38585,1.38586,87450000,1
1754017140000,1754017199000,1.38585,1.38591,1.3858,1.38581,205350000,1
1754017200000,1754017259000,1.3858,1.38582,1.38573,1.38573,101400000,1
1754017260000,1754017319000,1.38573,1.38573,1.38564,1.38568,177300000,1
1754017320000,1754017379000,1.38567,1.38569,1.38559,1.38559,209250000,1
1754017380000,1754017439000,1.3856,1.38562,1.38555,1.38557,210900000,1
1754017440000,1754017499000,1.38556,1.38558,1.38555,1.38555,179100000,1
1754017500000,1754017559000,1.38556,1.38558,1.38533,1.38533,232950000,1
1754017560000,1754017619000,1.38533,1.38534,1.38514,1.38519,120000000,1
1754017620000,1754017679000,1.38519,1.3852,1.38507,1.38516,249900000,1
1754017680000,1754017739000,1.38516,1.38527,1.38516,1.38526,129450000,1
1754017740000,1754017799000,1.38526,1.38527,1.38519,1.38523,91050000,1
1754017800000,1754017859000,1.38523,1.38524,1.38514,1.38515,183150000,1
1754017860000,1754017919000,1.38516,1.38519,1.38509,1.3851,163050000,1
1754017920000,1754017979000,1.38511,1.38515,1.38502,1.38515,174600000,1
1754017980000,1754018039000,1.38513,1.38513,1.38504,1.38504,74430000,1
1754018040000,1754018099000,1.38504,1.38507,1.38504,1.38504,45150000,1
1754018100000,1754018159000,1.38504,1.38522,1.38504,1.38516,111270000,1
1754018160000,1754018219000,1.38517,1.38525,1.38516,1.38523,60150000,1
1754018220000,1754018279000,1.38525,1.38534,1.38524,1.38526,62400000,1
1754018280000,1754018339000,1.38525,1.38529,1.38525,1.38526,300600000,1
1754018340000,1754018399000,1.38527,1.38528,1.38523,1.38526,312000000,1
1754018400000,1754018459000,1.38525,1.38529,1.38523,1.38525,142050000,1
1754018460000,1754018519000,1.38526,1.38535,1.38523,1.38525,129000000,1
1754018520000,1754018579000,1.38525,1.38533,1.38525,1.38531,184350000,1
1754018580000,1754018639000,1.38532,1.38536,1.38531,1.38533,113850000,1
1754018640000,1754018699000,1.3853,1.38535,1.38528,1.38533,184200000,1
1754018700000,1754018759000,1.38533,1.38535,1.38532,1.38532,87450000,1
1754018760000,1754018819000,1.38532,1.38544,1.38532,1.38544,88200000,1
1754018820000,1754018879000,1.38544,1.38551,1.38543,1.38544,131550000,1
1754018880000,1754018939000,1.38543,1.38544,1.38532,1.38535,73650000,1
1754018940000,1754018999000,1.38538,1.38538,1.38535,1.38535,231000000,1
1754019000000,1754019059000,1.38535,1.38536,1.38525,1.38533,175470000,1
1754019060000,1754019119000,1.38534,1.38543,1.38531,1.38543,174150000,1
1754019120000,1754019179000,1.38544,1.38548,1.38544,1.38546,99000000,1
1754019180000,1754019239000,1.38546,1.38554,1.3854,1.3854,62520000,1
1754019240000,1754019299000,1.38541,1.38544,1.3854,1.38543,31500000,1
1754019300000,1754019359000,1.38543,1.38548,1.38543,1.38544,121350000,1
1754019360000,1754019419000,1.38545,1.38553,1.38545,1.38549,45900000,1
1754019420000,1754019479000,1.38548,1.38548,1.38539,1.38541,99300000,1
1754019480000,1754019539000,1.38542,1.38543,1.38541,1.38542,73500000,1
1754019540000,1754019599000,1.3854,1.3854,1.38526,1.38531,163950000,1
1754019600000,1754019659000,1.38531,1.38532,1.38523,1.38526,106200000,1
1754019660000,1754019719000,1.38525,1.38526,1.38518,1.38521,199650000,1
1754019720000,1754019779000,1.3852,1.38525,1.38518,1.38523,202800000,1
1754019780000,1754019839000,1.38523,1.38524,1.38519,1.38522,120150000,1
1754019840000,1754019899000,1.38522,1.38523,1.38516,1.38518,165750000,1
1754019900000,1754019959000,1.38517,1.3852,1.38515,1.38517,229200000,1
1754019960000,1754020019000,1.38517,1.38524,1.38516,1.38521,160740000,1
1754020020000,1754020079000,1.38522,1.38523,1.38514,1.38514,116550000,1
1754020080000,1754020139000,1.38515,1.38515,1.38511,1.38514,66150000,1
1754020140000,1754020199000,1.38514,1.38514,1.38504,1.38504,19800000,1
1754020200000,1754020259000,1.38505,1.38505,1.38503,1.38503,43350000,1
1754020260000,1754020319000,1.38503,1.38513,1.38503,1.38512,143820000,1
1754020320000,1754020379000,1.38512,1.38519,1.38512,1.38513,272220000,1
1754020380000,1754020439000,1.38513,1.38514,1.38512,1.38513,71430000,1
1754020440000,1754020499000,1.38513,1.38515,1.38513,1.38514,114300000,1
1754020500000,1754020559000,1.38515,1.3853,1.38514,1.38522,112050000,1
1754020560000,1754020619000,1.38521,1.38531,1.38521,1.38531,141900000,1
1754020620000,1754020679000,1.38531,1.38533,1.38523,1.38525,111750000,1
1754020680000,1754020739000,1.38525,1.38533,1.38525,1.3853,189600000,1
1754020740000,1754020799000,1.3853,1.38534,1.38525,1.3853,117150000,1
1754020800000,1754020859000,1.3853,1.38535,1.38527,1.38528,131400000,1
1754020860000,1754020919000,1.38527,1.38533,1.38524,1.38529,71400000,1
1754020920000,1754020979000,1.38533,1.38533,1.38521,1.38521,112500000,1
1754020980000,1754021039000,1.38521,1.38527,1.38519,1.38526,87600000,1
1754021040000,1754021099000,1.38526,1.38531,1.38524,1.38526,60900000,1
1754021100000,1754021159000,1.38527,1.38532,1.38524,1.38526,191250000,1
1754021160000,1754021219000,1.38525,1.38531,1.38524,1.38527,176550000,1
1754021220000,1754021279000,1.38526,1.38529,1.38524,1.38524,85050000,1
1754021280000,1754021339000,1.38527,1.38527,1.38523,1.38524,83040000,1
1754021340000,1754021399000,1.38524,1.38525,1.38523,1.38525,49500000,1
1754021400000,1754021459000,1.38525,1.38528,1.38522,1.38523,104790000,1
1754021460000,1754021519000,1.38523,1.38523,1.38522,1.38523,100500000,1
1754021520000,1754021579000,1.38522,1.38525,1.3851,1.38511,132000000,1
1754021580000,1754021639000,1.38511,1.38513,1.38505,1.3851,175950000,1
1754021640000,1754021699000,1.3851,1.38513,1.38504,1.38513,117870000,1
1754021700000,1754021759000,1.38512,1.38514,1.38507,1.38511,128550000,1
1754021760000,1754021819000,1.38512,1.38515,1.38509,1.38514,130650000,1
1754021820000,1754021879000,1.38514,1.38527,1.38514,1.38523,196050000,1
1754021880000,1754021939000,1.38524,1.38524,1.38514,1.38514,175500000,1
1754021940000,1754021999000,1.38514,1.3852,1.38514,1.38515,103050000,1
1754022000000,1754022059000,1.38514,1.38522,1.38514,1.38521,160170000,1
1754022060000,1754022119000,1.38522,1.38526,1.38521,1.38525,218520000,1
1754022120000,1754022179000,1.38524,1.38525,1.38519,1.38519,75900000,1
1754022180000,1754022239000,1.38519,1.38523,1.38512,1.3852,48450000,1
1754022240000,1754022299000,1.38519,1.3852,1.38514,1.38514,263820000,1
1754022300000,1754022359000,1.38515,1.38523,1.38514,1.38514,219750000,1
1754022360000,1754022419000,1.38515,1.38517,1.38507,1.38512,115650000,1
1754022420000,1754022479000,1.38514,1.38515,1.38512,1.38514,49650000,1
1754022480000,1754022539000,1.38515,1.38524,1.38514,1.38522,54030000,1
1754022540000,1754022599000,1.38522,1.38524,1.38522,1.38522,54450000,1
1754022600000,1754022659000,1.38522,1.38526,1.38522,1.38524,107700000,1
1754022660000,1754022719000,1.38525,1.38532,1.38522,1.38526,83460000,1
1754022720000,1754022779000,1.38526,1.38526,1.38519,1.38524,67200000,1
1754022780000,1754022839000,1.38524,1.38525,1.38511,1.38515,224640000,1
1754022840000,1754022899000,1.38519,1.38519,1.38511,1.38513,157470000,1
1754022900000,1754022959000,1.38514,1.38514,1.38511,1.38512,46200000,1
1754022960000,1754023019000,1.38512,1.38517,1.38512,1.38514,58350000,1
1754023020000,1754023079000,1.38514,1.38515,1.38513,1.38513,36750000,1
1754023080000,1754023139000,1.38513,1.38518,1.38513,1.38515,42300000,1
1754023140000,1754023199000,1.38515,1.38517,1.38515,1.38515,22200000,1
1754023200000,1754023259000,1.38515,1.38526,1.38505,1.38525,90900000,1
1754023260000,1754023319000,1.38525,1.38525,1.38515,1.38519,59400000,1
1754023320000,1754023379000,1.38518,1.38523,1.38518,1.38523,96150000,1
1754023380000,1754023439000,1.38526,1.38526,1.38525,1.38526,77100000,1
1754023440000,1754023499000,1.38526,1.38535,1.38523,1.38524,77100000,1
1754023500000,1754023559000,1.38521,1.38525,1.38521,1.38524,112770000,1
1754023560000,1754023619000,1.38523,1.38533,1.38523,1.38533,57000000,1
1754023620000,1754023679000,1.38532,1.38534,1.38531,1.38531,47850000,1
1754023680000,1754023739000,1.38533,1.38538,1.38533,1.38535,204150000,1
1754023740000,1754023799000,1.38536,1.38545,1.38535,1.38545,148950000,1
1754023800000,1754023859000,1.38545,1.38546,1.38542,1.38543,186450000,1
1754023860000,1754023919000,1.38543,1.38545,1.38542,1.38544,123000000,1
1754023920000,1754023979000,1.38544,1.38545,1.3854,1.3854,106800000,1
1754023980000,1754024039000,1.3854,1.38542,1.38532,1.38532,51900000,1
1754024040000,1754024099000,1.38533,1.38533,1.38525,1.38525,123900000,1
1754024100000,1754024159000,1.38527,1.38532,1.38524,1.38527,203100000,1
1754024160000,1754024219000,1.38528,1.38535,1.38527,1.38535,206550000,1
1754024220000,1754024279000,1.38535,1.38536,1.38533,1.38533,95700000,1
1754024280000,1754024339000,1.38534,1.38535,1.38531,1.38534,114750000,1
1754024340000,1754024399000,1.38534,1.38536,1.38531,1.38534,120750000,1
1754024400000,1754024459000,1.38535,1.38546,1.38535,1.38543,175800000,1
1754024460000,1754024519000,1.38543,1.38552,1.38543,1.38552,189900000,1
1754024520000,1754024579000,1.38552,1.38552,1.38544,1.38545,149100000,1
1754024580000,1754024639000,1.38545,1.38553,1.38545,1.38552,106650000,1
1754024640000,1754024699000,1.38552,1.38553,1.38543,1.38545,162600000,1
1754024700000,1754024759000,1.38547,1.38547,1.38541,1.38541,56700000,1
1754024760000,1754024819000,1.38541,1.38541,1.38532,1.38532,122100000,1
1754024820000,1754024879000,1.38533,1.38534,1.38524,1.38525,73650000,1
1754024880000,1754024939000,1.38524,1.38531,1.38524,1.38531,130650000,1
1754024940000,1754024999000,1.38532,1.38533,1.38525,1.38533,87600000,1
1754025000000,1754025059000,1.38528,1.38536,1.38526,1.38535,83250000,1
1754025060000,1754025119000,1.38535,1.38537,1.38525,1.38532,82800000,1
1754025120000,1754025179000,1.38533,1.38544,1.38532,1.38535,118500000,1
1754025180000,1754025239000,1.38535,1.38536,1.38533,1.38534,77250000,1
1754025240000,1754025299000,1.38534,1.38537,1.38533,1.38536,69450000,1
1754025300000,1754025359000,1.3854,1.38542,1.38533,1.38534,45150000,1
1754025360000,1754025419000,1.38534,1.38536,1.38533,1.38534,51600000,1
1754025420000,1754025479000,1.38533,1.38535,1.38532,1.38532,31350000,1
1754025480000,1754025539000,1.38534,1.38535,1.38534,1.38534,18900000,1
1754025540000,1754025599000,1.38534,1.38534,1.38527,1.38528,101250000,1
1754025600000,1754025659000,1.38527,1.38536,1.38526,1.38535,109500000,1
1754025660000,1754025719000,1.38535,1.38544,1.38535,1.38543,180150000,1
1754025720000,1754025779000,1.38544,1.38548,1.38543,1.38544,111300000,1
1754025780000,1754025839000,1.38545,1.38554,1.38545,1.38553,93750000,1
1754025840000,1754025899000,1.38552,1.38552,1.38542,1.38544,31650000,1
1754025900000,1754025959000,1.38543,1.38548,1.38543,1.38543,51750000,1
1754025960000,1754026019000,1.38543,1.38543,1.38541,1.38542,68400000,1
1754026020000,1754026079000,1.38542,1.38542,1.38533,1.38534,60900000,1
1754026080000,1754026139000,1.38533,1.38537,1.38533,1.38533,69900000,1
1754026140000,1754026199000,1.38536,1.38543,1.38536,1.38543,64950000,1
1754026200000,1754026259000,1.38543,1.38552,1.38541,1.38544,95250000,1
1754026260000,1754026319000,1.38544,1.3855,1.38544,1.38546,69300000,1
1754026320000,1754026379000,1.38546,1.38547,1.38543,1.38546,118500000,1
1754026380000,1754026439000,1.38546,1.38552,1.38546,1.38552,161700000,1
1754026440000,1754026499000,1.38552,1.38553,1.3855,1.3855,42600000,1
1754026500000,1754026559000,1.38549,1.3855,1.38541,1.38545,85140000,1
1754026560000,1754026619000,1.38545,1.38547,1.38543,1.38545,71700000,1
1754026620000,1754026679000,1.38545,1.38563,1.38545,1.38562,118620000,1
1754026680000,1754026739000,1.38563,1.38563,1.3856,1.38562,121350000,1
1754026740000,1754026799000,1.3856,1.3856,1.38552,1.38554,76050000,1
1754026800000,1754026859000,1.38553,1.38556,1.38553,1.38553,132600000,1
1754026860000,1754026919000,1.38553,1.38557,1.38546,1.38549,87090000,1
1754026920000,1754026979000,1.38548,1.38548,1.38543,1.38544,73050000,1
1754026980000,1754027039000,1.38545,1.38545,1.38533,1.38535,43950000,1
1754027040000,1754027099000,1.38536,1.38547,1.38535,1.38543,106440000,1
1754027100000,1754027159000,1.38543,1.38552,1.38542,1.38552,95100000,1
1754027160000,1754027219000,1.38553,1.38553,1.3855,1.38551,51450000,1
1754027220000,1754027279000,1.38551,1.38552,1.38543,1.38545,66600000,1
1754027280000,1754027339000,1.38543,1.38551,1.38542,1.3855,65700000,1
1754027340000,1754027399000,1.3855,1.3855,1.38543,1.38543,78990000,1
1754027400000,1754027459000,1.38544,1.38551,1.38541,1.38543,165900000,1
1754027460000,1754027519000,1.38543,1.38549,1.38538,1.3854,119100000,1
1754027520000,1754027579000,1.38541,1.38541,1.38539,1.3854,94650000,1
1754027580000,1754027639000,1.38541,1.38541,1.38538,1.38539,64050000,1
1754027640000,1754027699000,1.38539,1.38539,1.38516,1.38523,194760000,1
1754027700000,1754027759000,1.38526,1.38531,1.38523,1.38528,121470000,1
1754027760000,1754027819000,1.38529,1.38545,1.38528,1.3854,148050000,1
1754027820000,1754027879000,1.3854,1.38548,1.38537,1.38547,133650000,1
1754027880000,1754027939000,1.38545,1.38547,1.38525,1.38526,187800000,1
1754027940000,1754027999000,1.38525,1.3853,1.38518,1.38523,120000000,1
1754028000000,1754028059000,1.38523,1.38546,1.38511,1.38545,277710000,1
1754028060000,1754028119000,1.38546,1.38553,1.38541,1.38546,170130000,1
1754028120000,1754028179000,1.38546,1.38547,1.38533,1.38535,233580000,1
1754028180000,1754028239000,1.38535,1.38548,1.38531,1.38535,147540000,1
1754028240000,1754028299000,1.38538,1.38547,1.38538,1.38544,261690000,1
1754028300000,1754028359000,1.38544,1.38545,1.38521,1.38524,108630000,1
1754028360000,1754028419000,1.38527,1.38532,1.38526,1.38531,99990000,1
1754028420000,1754028479000,1.38531,1.3854,1.38521,1.38524,107550000,1
1754028480000,1754028539000,1.38521,1.3853,1.38519,1.38521,152850000,1
1754028540000,1754028599000,1.38521,1.38524,1.38519,1.38519,127650000,1
1754028600000,1754028659000,1.38517,1.3852,1.38502,1.38508,179400000,1
1754028660000,1754028719000,1.38508,1.38518,1.38502,1.38517,139650000,1
1754028720000,1754028779000,1.38517,1.38531,1.38517,1.38522,115200000,1
1754028780000,1754028839000,1.3852,1.38524,1.38519,1.38521,116520000,1
1754028840000,1754028899000,1.38522,1.38524,1.38508,1.38524,75900000,1
1754028900000,1754028959000,1.38524,1.38531,1.3852,1.38531,56400000,1
1754028960000,1754029019000,1.38532,1.38535,1.38531,1.38532,65100000,1
1754029020000,1754029079000,1.38533,1.38545,1.38533,1.38541,48750000,1
1754029080000,1754029139000,1.38541,1.38543,1.38536,1.38539,51600000,1
1754029140000,1754029199000,1.3854,1.38551,1.3854,1.38541,37950000,1
1754029200000,1754029259000,1.38541,1.3855,1.38535,1.38542,66900000,1
1754029260000,1754029319000,1.38542,1.38542,1.38525,1.38533,61500000,1
1754029320000,1754029379000,1.38533,1.38538,1.38533,1.38537,59850000,1
1754029380000,1754029439000,1.38537,1.38541,1.38532,1.38533,63600000,1
1754029440000,1754029499000,1.38533,1.38535,1.38532,1.38534,64950000,1
1754029500000,1754029559000,1.38535,1.3855,1.38533,1.38544,178050000,1
1754029560000,1754029619000,1.38544,1.38549,1.38541,1.38549,192540000,1
1754029620000,1754029679000,1.3855,1.3857,1.3855,1.3857,125640000,1
1754029680000,1754029739000,1.38571,1.38592,1.38565,1.38582,72570000,1
1754029740000,1754029799000,1.38581,1.38619,1.3858,1.38619,127500000,1
1754029800000,1754029859000,1.38618,1.38636,1.38615,1.38628,164430000,1
1754029860000,1754029919000,1.38627,1.38637,1.38607,1.38633,189270000,1
1754029920000,1754029979000,1.38634,1.38644,1.38633,1.38637,133050000,1
1754029980000,1754030039000,1.38637,1.38639,1.38635,1.38639,103200000,1
1754030040000,1754030099000,1.38638,1.38639,1.38632,1.38634,144150000,1
1754030100000,1754030159000,1.38633,1.38633,1.38616,1.38616,97800000,1
1754030160000,1754030219000,1.38618,1.38618,1.38595,1.38598,118350000,1
1754030220000,1754030279000,1.38598,1.38599,1.38586,1.38586,61050000,1
1754030280000,1754030339000,1.38589,1.38601,1.38587,1.38596,145050000,1
1754030340000,1754030399000,1.38596,1.38598,1.3859,1.38598,103440000,1
1754030400000,1754030459000,1.38596,1.38596,1.38588,1.3859,87450000,1
1754030460000,1754030519000,1.3859,1.3859,1.38581,1.38586,54300000,1
1754030520000,1754030579000,1.38585,1.38589,1.38585,1.38588,38550000,1
1754030580000,1754030639000,1.38587,1.38587,1.38576,1.38578,65700000,1
1754030640000,1754030699000,1.38579,1.38607,1.38578,1.38606,87300000,1
1754030700000,1754030759000,1.38608,1.38617,1.38608,1.38615,133710000,1
1754030760000,1754030819000,1.38617,1.38618,1.38614,1.38615,41100000,1
1754030820000,1754030879000,1.38617,1.38635,1.38616,1.38627,109170000,1
1754030880000,1754030939000,1.38628,1.38628,1.38625,1.38627,51450000,1
1754030940000,1754030999000,1.38626,1.38635,1.38624,1.38635,122670000,1
1754031000000,1754031059000,1.38637,1.38637,1.38619,1.3862,137070000,1
1754031060000,1754031119000,1.38619,1.38619,1.38606,1.38615,140970000,1
1754031120000,1754031179000,1.38614,1.38623,1.38608,1.3862,94680000,1
1754031180000,1754031239000,1.3862,1.38621,1.38608,1.38612,127950000,1
1754031240000,1754031299000,1.38615,1.38623,1.38597,1.38597,138150000,1
1754031300000,1754031359000,1.38598,1.38608,1.38596,1.38605,122700000,1
1754031360000,1754031419000,1.38606,1.38624,1.38605,1.38624,105540000,1
1754031420000,1754031479000,1.38623,1.38627,1.38606,1.38624,233190000,1
1754031480000,1754031539000,1.38624,1.38628,1.38604,1.38611,233130000,1
1754031540000,1754031599000,1.38612,1.38612,1.38604,1.38606,157140000,1
1754031600000,1754031659000,1.38607,1.38607,1.38587,1.38588,137580000,1
1754031660000,1754031719000,1.38586,1.3859,1.38559,1.38559,105750000,1
1754031720000,1754031779000,1.3856,1.38591,1.3856,1.3858,103380000,1
1754031780000,1754031839000,1.38581,1.38611,1.38577,1.38609,111000000,1
1754031840000,1754031899000,1.38609,1.38611,1.38598,1.386,63750000,1
1754031900000,1754031959000,1.386,1.38607,1.38599,1.38604,45990000,1
1754031960000,1754032019000,1.38603,1.38603,1.38584,1.38594,82950000,1
1754032020000,1754032079000,1.38597,1.38604,1.38592,1.38593,70950000,1
1754032080000,1754032139000,1.38594,1.38599,1.38585,1.38585,50580000,1
1754032140000,1754032199000,1.38586,1.3859,1.38568,1.3857,213120000,1
1754032200000,1754032259000,1.38573,1.38589,1.38572,1.38576,156990000,1
1754032260000,1754032319000,1.38576,1.38596,1.38574,1.38596,75210000,1
1754032320000,1754032379000,1.386,1.38602,1.38598,1.38598,27690000,1
1754032380000,1754032439000,1.38598,1.386,1.3859,1.38598,59490000,1
1754032440000,1754032499000,1.386,1.38619,1.386,1.38618,55500000,1
1754032500000,1754032559000,1.38619,1.38619,1.38607,1.38611,129570000,1
1754032560000,1754032619000,1.38611,1.38629,1.38611,1.38628,48750000,1
1754032620000,1754032679000,1.38627,1.38656,1.38627,1.38648,51480000,1
1754032680000,1754032739000,1.38646,1.38647,1.38626,1.38645,63270000,1
1754032740000,1754032799000,1.38644,1.38687,1.38644,1.38681,63000000,1
1754032800000,1754032859000,1.38682,1.38698,1.38682,1.38694,107280000,1
1754032860000,1754032919000,1.38692,1.38698,1.38688,1.3869,97200000,1
1754032920000,1754032979000,1.3869,1.38697,1.38687,1.38694,125550000,1
1754032980000,1754033039000,1.38695,1.38708,1.38687,1.38689,80700000,1
1754033040000,1754033099000,1.38689,1.387,1.38686,1.38687,90300000,1
1754033100000,1754033159000,1.38687,1.38694,1.38681,1.38687,62520000,1
1754033160000,1754033219000,1.38688,1.38692,1.38684,1.38686,50490000,1
1754033220000,1754033279000,1.38686,1.38695,1.38686,1.38694,64200000,1
1754033280000,1754033339000,1.38695,1.38701,1.38687,1.38689,86850000,1
1754033340000,1754033399000,1.38688,1.38691,1.38686,1.3869,56400000,1
1754033400000,1754033459000,1.3869,1.3869,1.38666,1.38671,107490000,1
1754033460000,1754033519000,1.38673,1.38678,1.3866,1.38662,66030000,1
1754033520000,1754033579000,1.38662,1.38663,1.38646,1.3865,62580000,1
1754033580000,1754033639000,1.38649,1.38677,1.38649,1.38676,123150000,1
1754033640000,1754033699000,1.38673,1.38686,1.38673,1.38685,79650000,1
1754033700000,1754033759000,1.38685,1.38689,1.38675,1.38684,88050000,1
1754033760000,1754033819000,1.38682,1.38702,1.3868,1.38702,69300000,1
1754033820000,1754033879000,1.38701,1.38717,1.38699,1.38699,93750000,1
1754033880000,1754033939000,1.38698,1.38713,1.38697,1.38713,78600000,1
1754033940000,1754033999000,1.38713,1.38713,1.38706,1.38706,76800000,1
1754034000000,1754034059000,1.38708,1.38708,1.38699,1.387,90090000,1
1754034060000,1754034119000,1.38701,1.38707,1.38693,1.38693,76560000,1
1754034120000,1754034179000,1.38695,1.38703,1.38694,1.38701,81150000,1
1754034180000,1754034239000,1.38703,1.38704,1.38693,1.38698,51240000,1
1754034240000,1754034299000,1.387,1.387,1.38682,1.38686,81720000,1
1754034300000,1754034359000,1.38685,1.38699,1.3868,1.38697,93900000,1
1754034360000,1754034419000,1.38697,1.38699,1.38685,1.38697,107400000,1
1754034420000,1754034479000,1.38699,1.38705,1.38694,1.38697,99360000,1
1754034480000,1754034539000,1.38697,1.38707,1.38696,1.38707,63390000,1
1754034540000,1754034599000,1.38707,1.38718,1.38707,1.38718,49500000,1
1754034600000,1754034659000,1.38718,1.3872,1.38707,1.38707,42000000,1
1754034660000,1754034719000,1.38707,1.38721,1.38707,1.38719,61950000,1
1754034720000,1754034779000,1.38719,1.38729,1.38718,1.38718,56070000,1
1754034780000,1754034839000,1.3872,1.38734,1.38714,1.38733,115740000,1
1754034840000,1754034899000,1.38734,1.38735,1.3873,1.38734,108600000,1
1754034900000,1754034959000,1.38735,1.38736,1.38722,1.38722,77700000,1
1754034960000,1754035019000,1.38722,1.38729,1.38722,1.38729,67050000,1
1754035020000,1754035079000,1.38727,1.38728,1.38717,1.38718,58800000,1
1754035080000,1754035139000,1.38719,1.38728,1.38719,1.38722,79680000,1
1754035140000,1754035199000,1.38722,1.38725,1.38709,1.3871,49800000,1
1754035200000,1754035259000,1.38709,1.38709,1.38696,1.38697,99150000,1
1754035260000,1754035319000,1.38696,1.38699,1.38682,1.38686,98910000,1
1754035320000,1754035379000,1.38686,1.38699,1.38686,1.38696,88470000,1
1754035380000,1754035439000,1.38697,1.38708,1.38697,1.38703,53100000,1
1754035440000,1754035499000,1.38704,1.38718,1.38703,1.38707,71400000,1
1754035500000,1754035559000,1.38708,1.38715,1.38707,1.38714,52200000,1
1754035560000,1754035619000,1.38715,1.38721,1.38713,1.3872,28950000,1
1754035620000,1754035679000,1.3872,1.38727,1.38718,1.38725,62700000,1
1754035680000,1754035739000,1.38726,1.38726,1.38709,1.38712,65550000,1
1754035740000,1754035799000,1.38712,1.38717,1.38711,1.38712,45150000,1
1754035800000,1754035859000,1.38713,1.38726,1.3871,1.38718,45000000,1
1754035860000,1754035919000,1.38717,1.38725,1.38716,1.38717,42000000,1
1754035920000,1754035979000,1.38717,1.38726,1.38714,1.38721,85650000,1
1754035980000,1754036039000,1.38723,1.38725,1.38716,1.38721,70650000,1
1754036040000,1754036099000,1.3872,1.38724,1.38711,1.38713,93300000,1
1754036100000,1754036159000,1.38712,1.38727,1.38712,1.38727,49590000,1
1754036160000,1754036219000,1.38727,1.38728,1.38725,1.38727,24600000,1
1754036220000,1754036279000,1.38727,1.3873,1.38716,1.38717,22950000,1
1754036280000,1754036339000,1.38715,1.38715,1.38701,1.38705,58050000,1
1754036340000,1754036399000,1.38703,1.38709,1.387,1.38702,49200000,1
1754036400000,1754036459000,1.38701,1.3871,1.387,1.38705,48150000,1
1754036460000,1754036519000,1.38706,1.38707,1.38695,1.38696,57600000,1
1754036520000,1754036579000,1.38696,1.38706,1.38696,1.38696,28950000,1
1754036580000,1754036639000,1.38696,1.38696,1.38692,1.38695,12600000,1
1754036640000,1754036699000,1.38696,1.38705,1.38696,1.38701,15600000,1
1754036700000,1754036759000,1.38702,1.38708,1.38695,1.38708,42300000,1
1754036760000,1754036819000,1.3871,1.38718,1.38708,1.38718,39600000,1
1754036820000,1754036879000,1.38717,1.38717,1.38707,1.38716,22050000,1
1754036880000,1754036939000,1.38715,1.38718,1.38715,1.38716,22800000,1
1754036940000,1754036999000,1.38717,1.38717,1.3871,1.38714,80700000,1
1754037000000,1754037059000,1.38715,1.38719,1.38713,1.38718,60750000,1
1754037060000,1754037119000,1.3872,1.38726,1.38699,1.38703,92640000,1
1754037120000,1754037179000,1.38705,1.38716,1.38704,1.38713,34800000,1
1754037180000,1754037239000,1.38715,1.38721,1.38713,1.38718,66900000,1
1754037240000,1754037299000,1.3872,1.38726,1.38716,1.38723,36000000,1
1754037300000,1754037359000,1.38721,1.38721,1.38713,1.38717,39000000,1
1754037360000,1754037419000,1.38719,1.3872,1.38709,1.38717,67200000,1
1754037420000,1754037479000,1.38716,1.38727,1.38715,1.38722,66090000,1
1754037480000,1754037539000,1.38723,1.3873,1.38719,1.3873,55800000,1
1754037540000,1754037599000,1.38731,1.38731,1.38729,1.3873,23400000,1
1754037600000,1754037659000,1.38731,1.38731,1.38716,1.38724,68160000,1
1754037660000,1754037719000,1.38725,1.38729,1.38724,1.38725,53370000,1
1754037720000,1754037779000,1.38724,1.38738,1.38724,1.38737,58320000,1
1754037780000,1754037839000,1.38739,1.38744,1.38738,1.38742,36900000,1
1754037840000,1754037899000,1.38741,1.38743,1.38737,1.38741,60990000,1
1754037900000,1754037959000,1.38742,1.38742,1.38734,1.38735,42930000,1
1754037960000,1754038019000,1.38734,1.38734,1.38721,1.38723,48360000,1
1754038020000,1754038079000,1.38723,1.38725,1.38711,1.38715,43440000,1
1754038080000,1754038139000,1.38715,1.38727,1.38715,1.38725,56400000,1
1754038140000,1754038199000,1.38725,1.38735,1.38724,1.38735,66420000,1
1754038200000,1754038259000,1.38734,1.38744,1.38734,1.38737,29880000,1
1754038260000,1754038319000,1.38738,1.38738,1.38731,1.38732,66540000,1
1754038320000,1754038379000,1.38734,1.38745,1.38733,1.38742,71190000,1
1754038380000,1754038439000,1.38742,1.38748,1.38742,1.38743,21270000,1
1754038440000,1754038499000,1.38742,1.38753,1.38741,1.38753,40200000,1
1754038500000,1754038559000,1.38752,1.38757,1.38741,1.38743,85680000,1
1754038560000,1754038619000,1.38742,1.38745,1.38742,1.38745,13500000,1
1754038620000,1754038679000,1.38745,1.38751,1.38744,1.38751,13200000,1
1754038680000,1754038739000,1.38748,1.38753,1.38747,1.38752,35250000,1
1754038740000,1754038799000,1.38751,1.38754,1.38751,1.38753,34800000,1
1754038800000,1754038859000,1.38752,1.38753,1.38747,1.38752,62400000,1
1754038860000,1754038919000,1.38751,1.38753,1.38744,1.38745,35400000,1
1754038920000,1754038979000,1.38746,1.38747,1.38738,1.38738,47910000,1
1754038980000,1754039039000,1.38737,1.38737,1.38731,1.38733,75510000,1
1754039040000,1754039099000,1.38732,1.38732,1.38719,1.38722,42900000,1
1754039100000,1754039159000,1.38723,1.38726,1.38723,1.38726,29850000,1
1754039160000,1754039219000,1.38726,1.38729,1.38715,1.38717,46800000,1
1754039220000,1754039279000,1.38716,1.38716,1.38713,1.38713,28950000,1
1754039280000,1754039339000,1.38713,1.38716,1.38709,1.38715,46350000,1
1754039340000,1754039399000,1.38714,1.38715,1.38707,1.38707,38100000,1
1754039400000,1754039459000,1.38706,1.38709,1.38706,1.38706,26550000,1
1754039460000,1754039519000,1.38706,1.38706,1.38706,1.38706,1200000,1
1754039520000,1754039579000,1.38706,1.38714,1.38704,1.38714,46200000,1
1754039580000,1754039639000,1.38714,1.38715,1.38714,1.38715,6000000,1
1754039640000,1754039699000,1.38716,1.38719,1.38715,1.38717,19800000,1
1754039700000,1754039759000,1.38718,1.38744,1.38718,1.38734,52800000,1
1754039760000,1754039819000,1.38733,1.38734,1.38723,1.38724,18000000,1
1754039820000,1754039879000,1.38725,1.38729,1.38725,1.38725,21000000,1
1754039880000,1754039939000,1.38725,1.38725,1.38723,1.38725,7950000,1
1754039940000,1754039999000,1.38725,1.38726,1.38723,1.38725,32700000,1
1754040000000,1754040059000,1.38726,1.38743,1.38726,1.38743,40470000,1
1754040060000,1754040119000,1.38742,1.3875,1.3874,1.38746,68970000,1
1754040120000,1754040179000,1.38746,1.38754,1.38746,1.38754,33690000,1
1754040180000,1754040239000,1.38754,1.38755,1.38745,1.38745,70350000,1
1754040240000,1754040299000,1.38745,1.38746,1.38735,1.38735,34770000,1
1754040300000,1754040359000,1.38735,1.38747,1.38735,1.38746,30930000,1
1754040360000,1754040419000,1.38747,1.3875,1.38745,1.38746,25500000,1
1754040420000,1754040479000,1.38746,1.38752,1.38746,1.38749,50070000,1
1754040480000,1754040539000,1.3875,1.3875,1.3874,1.3874,68400000,1
1754040540000,1754040599000,1.38742,1.38747,1.38739,1.38745,43320000,1
1754040600000,1754040659000,1.38744,1.38747,1.38737,1.38738,62640000,1
1754040660000,1754040719000,1.38737,1.38738,1.38734,1.38738,30900000,1
1754040720000,1754040779000,1.38738,1.38756,1.38737,1.38755,64470000,1
1754040780000,1754040839000,1.38754,1.38754,1.38739,1.38751,97320000,1
1754040840000,1754040899000,1.38751,1.38753,1.38746,1.38748,43800000,1
1754040900000,1754040959000,1.38749,1.38749,1.38736,1.38736,61770000,1
1754040960000,1754041019000,1.38737,1.38742,1.38736,1.38742,37200000,1
1754041020000,1754041079000,1.38745,1.38753,1.38745,1.38747,45720000,1
1754041080000,1754041139000,1.38748,1.38751,1.38741,1.38742,57900000,1
1754041140000,1754041199000,1.38743,1.38745,1.38738,1.38744,42750000,1
1754041200000,1754041259000,1.38745,1.38747,1.38734,1.38735,51000000,1
1754041260000,1754041319000,1.38735,1.38741,1.38734,1.3874,45900000,1
1754041320000,1754041379000,1.38739,1.38742,1.38732,1.38741,44100000,1
1754041380000,1754041439000,1.38741,1.38747,1.38739,1.38743,53910000,1
1754041440000,1754041499000,1.38741,1.38751,1.3874,1.38747,68880000,1
1754041500000,1754041559000,1.38747,1.38757,1.38747,1.38756,61620000,1
1754041560000,1754041619000,1.38757,1.3877,1.38757,1.38768,71190000,1
1754041620000,1754041679000,1.38767,1.38769,1.38761,1.38769,56640000,1
1754041680000,1754041739000,1.38769,1.38772,1.38768,1.3877,43860000,1
1754041740000,1754041799000,1.38771,1.3878,1.3877,1.3878,58860000,1
1754041800000,1754041859000,1.38776,1.38786,1.38776,1.38777,50850000,1
1754041860000,1754041919000,1.38778,1.38781,1.38769,1.3877,59550000,1
1754041920000,1754041979000,1.38771,1.38778,1.3877,1.38776,43200000,1
1754041980000,1754042039000,1.38776,1.38777,1.38756,1.38756,69000000,1
1754042040000,1754042099000,1.38755,1.38758,1.38753,1.38756,28500000,1
1754042100000,1754042159000,1.38757,1.38775,1.38757,1.38775,63150000,1
1754042160000,1754042219000,1.38775,1.38777,1.38767,1.38772,65700000,1
1754042220000,1754042279000,1.38772,1.38772,1.38763,1.38763,65820000,1
1754042280000,1754042339000,1.38766,1.38776,1.38766,1.38775,44400000,1
1754042340000,1754042399000,1.38774,1.38778,1.38773,1.38775,46800000,1
1754042400000,1754042459000,1.38775,1.38784,1.3877,1.38776,71400000,1
1754042460000,1754042519000,1.38777,1.3878,1.38772,1.38774,94110000,1
1754042520000,1754042579000,1.38775,1.38787,1.38775,1.38775,88110000,1
1754042580000,1754042639000,1.38777,1.38783,1.38777,1.38783,44400000,1
1754042640000,1754042699000,1.3878,1.38783,1.3878,1.38781,46050000,1
1754042700000,1754042759000,1.38782,1.38783,1.3878,1.38782,21960000,1
1754042760000,1754042819000,1.38783,1.38786,1.38769,1.38769,36630000,1
1754042820000,1754042879000,1.38767,1.38771,1.38767,1.38768,37590000,1
1754042880000,1754042939000,1.38769,1.3877,1.38755,1.38765,71700000,1
1754042940000,1754042999000,1.38764,1.38766,1.38755,1.38756,47520000,1
1754043000000,1754043059000,1.38757,1.38762,1.38757,1.38761,15870000,1
1754043060000,1754043119000,1.38761,1.38763,1.3876,1.38761,33000000,1
1754043120000,1754043179000,1.38761,1.38764,1.38756,1.38763,40560000,1
1754043180000,1754043239000,1.38763,1.38764,1.38757,1.38757,24300000,1
1754043240000,1754043299000,1.38757,1.38759,1.38753,1.38753,50100000,1
1754043300000,1754043359000,1.38751,1.38758,1.38748,1.38753,114120000,1
1754043360000,1754043419000,1.38752,1.38753,1.38744,1.38751,38340000,1
1754043420000,1754043479000,1.3875,1.38757,1.3875,1.38757,43350000,1
1754043480000,1754043539000,1.38757,1.38762,1.38756,1.38761,60120000,1
1754043540000,1754043599000,1.38761,1.38763,1.38761,1.38761,24600000,1
1754043600000,1754043659000,1.38761,1.38764,1.38757,1.38763,36300000,1
1754043660000,1754043719000,1.38763,1.38769,1.38761,1.38763,30720000,1
1754043720000,1754043779000,1.38762,1.38767,1.38757,1.38767,32850000,1
1754043780000,1754043839000,1.38768,1.38783,1.38768,1.38782,50820000,1
1754043840000,1754043899000,1.38782,1.38786,1.3878,1.3878,63810000,1
1754043900000,1754043959000,1.3878,1.38787,1.38777,1.38778,76140000,1
1754043960000,1754044019000,1.38778,1.38782,1.3877,1.38782,123840000,1
1754044020000,1754044079000,1.38784,1.38784,1.38777,1.38778,37350000,1
1754044080000,1754044139000,1.3878,1.38783,1.38775,1.38775,46950000,1
1754044140000,1754044199000,1.38776,1.38776,1.38773,1.38774,48150000,1
1754044200000,1754044259000,1.38774,1.38774,1.38761,1.38761,76200000,1
1754044260000,1754044319000,1.38762,1.38764,1.38759,1.38763,68250000,1
1754044320000,1754044379000,1.38763,1.38765,1.38746,1.38746,66240000,1
1754044380000,1754044439000,1.38746,1.3875,1.38731,1.38735,77100000,1
1754044440000,1754044499000,1.38734,1.38735,1.38703,1.38703,52800000,1
1754044500000,1754044559000,1.38704,1.38712,1.38696,1.38696,53850000,1
1754044560000,1754044619000,1.38692,1.38692,1.38667,1.38688,49050000,1
1754044620000,1754044679000,1.38689,1.38698,1.38685,1.38685,27900000,1
1754044680000,1754044739000,1.38685,1.38698,1.38685,1.38689,51300000,1
1754044740000,1754044799000,1.38692,1.38714,1.38692,1.38714,39600000,1
1754044800000,1754044859000,1.38715,1.38725,1.38714,1.38724,55800000,1
1754044860000,1754044919000,1.38723,1.38732,1.38723,1.38728,61410000,1
1754044920000,1754044979000,1.38727,1.38735,1.38725,1.38734,83850000,1
1754044980000,1754045039000,1.38734,1.38741,1.38732,1.3874,140100000,1
1754045040000,1754045099000,1.38741,1.38752,1.38739,1.38744,132090000,1
1754045100000,1754045159000,1.38745,1.38752,1.38743,1.38749,43500000,1
1754045160000,1754045219000,1.38751,1.38754,1.38745,1.38745,38700000,1
1754045220000,1754045279000,1.38746,1.38748,1.38714,1.38715,126450000,1
1754045280000,1754045339000,1.38714,1.38721,1.38706,1.38708,136800000,1
1754045340000,1754045399000,1.38708,1.38724,1.38704,1.38721,89010000,1
1754045400000,1754045459000,1.3872,1.38724,1.38708,1.38712,103890000,1
1754045460000,1754045519000,1.38712,1.38724,1.38712,1.38712,141720000,1
1754045520000,1754045579000,1.38714,1.38714,1.38696,1.38703,205860000,1
1754045580000,1754045639000,1.38704,1.38717,1.38703,1.38714,117030000,1
1754045640000,1754045699000,1.38714,1.38717,1.38714,1.38715,47700000,1
1754045700000,1754045759000,1.38717,1.38722,1.38704,1.38704,119880000,1
1754045760000,1754045819000,1.38704,1.38704,1.38692,1.38698,127950000,1
1754045820000,1754045879000,1.387,1.38705,1.38694,1.38705,113220000,1
1754045880000,1754045939000,1.38708,1.38724,1.38708,1.38716,98460000,1
1754045940000,1754045999000,1.38715,1.38721,1.38715,1.38716,72270000,1
1754046000000,1754046059000,1.38717,1.38717,1.38706,1.38716,107400000,1
1754046060000,1754046119000,1.38714,1.38718,1.38711,1.38715,51600000,1
1754046120000,1754046179000,1.38717,1.38737,1.38712,1.38735,91080000,1
1754046180000,1754046239000,1.38735,1.38736,1.38727,1.38731,65070000,1
1754046240000,1754046299000,1.38731,1.38734,1.38722,1.38722,65910000,1
1754046300000,1754046359000,1.38722,1.38727,1.38718,1.38725,62910000,1
1754046360000,1754046419000,1.38725,1.38728,1.38721,1.38727,43800000,1
1754046420000,1754046479000,1.38726,1.38727,1.3871,1.38716,91200000,1
1754046480000,1754046539000,1.38715,1.38721,1.38704,1.38706,116550000,1
1754046540000,1754046599000,1.38707,1.38708,1.38693,1.38708,130470000,1
1754046600000,1754046659000,1.38708,1.38708,1.38696,1.38696,50520000,1
1754046660000,1754046719000,1.38697,1.38699,1.38686,1.38689,83250000,1
1754046720000,1754046779000,1.38688,1.38689,1.38675,1.38675,76320000,1
1754046780000,1754046839000,1.38676,1.38676,1.38606,1.38616,235890000,1
1754046840000,1754046899000,1.38616,1.38649,1.38615,1.38647,120900000,1
1754046900000,1754046959000,1.38648,1.38651,1.38638,1.38651,56550000,1
1754046960000,1754047019000,1.38651,1.3866,1.38649,1.3865,84420000,1
1754047020000,1754047079000,1.38651,1.38667,1.3865,1.38655,95070000,1
1754047080000,1754047139000,1.38655,1.3866,1.38654,1.38657,62400000,1
1754047140000,1754047199000,1.38658,1.38677,1.38657,1.38675,90900000,1
1754047200000,1754047259000,1.38677,1.38687,1.38676,1.38678,93210000,1
1754047260000,1754047319000,1.38678,1.38679,1.38669,1.38679,74640000,1
1754047320000,1754047379000,1.38678,1.38679,1.38673,1.38676,137010000,1
1754047380000,1754047439000,1.38675,1.38679,1.38675,1.38675,43980000,1
1754047440000,1754047499000,1.38676,1.38677,1.38668,1.38675,52200000,1
1754047500000,1754047559000,1.38675,1.38695,1.38675,1.3869,58290000,1
1754047560000,1754047619000,1.3869,1.38695,1.38676,1.38676,79950000,1
1754047620000,1754047679000,1.38679,1.3869,1.38679,1.38689,47670000,1
1754047680000,1754047739000,1.3869,1.38695,1.38687,1.38694,67500000,1
1754047740000,1754047799000,1.38696,1.38706,1.38696,1.38702,136620000,1
1754047800000,1754047859000,1.38703,1.38707,1.38701,1.38706,80520000,1
1754047860000,1754047919000,1.38705,1.38706,1.38695,1.38695,66690000,1
1754047920000,1754047979000,1.38696,1.38717,1.38696,1.38706,42420000,1
1754047980000,1754048039000,1.38708,1.38722,1.38708,1.3872,54000000,1
1754048040000,1754048099000,1.3872,1.38724,1.38689,1.3869,144240000,1
1754048100000,1754048159000,1.38691,1.38698,1.38687,1.38697,90600000,1
1754048160000,1754048219000,1.38698,1.387,1.38694,1.38696,34200000,1
1754048220000,1754048279000,1.38695,1.38698,1.38693,1.38696,58770000,1
1754048280000,1754048339000,1.38698,1.38703,1.38696,1.38698,102300000,1
1754048340000,1754048399000,1.38695,1.38696,1.38687,1.38687,29190000,1
1754048400000,1754048459000,1.38686,1.38687,1.38677,1.38678,41760000,1
1754048460000,1754048519000,1.38678,1.38678,1.38657,1.38657,96780000,1
1754048520000,1754048579000,1.38657,1.38657,1.38641,1.38656,64650000,1
1754048580000,1754048639000,1.38658,1.38669,1.38656,1.38658,41250000,1
1754048640000,1754048699000,1.38656,1.38667,1.38656,1.3866,64200000,1
1754048700000,1754048759000,1.38661,1.38667,1.38658,1.38658,34290000,1
1754048760000,1754048819000,1.38659,1.38673,1.38656,1.3867,87420000,1
1754048820000,1754048879000,1.38669,1.38674,1.38661,1.38664,127890000,1
1754048880000,1754048939000,1.38662,1.38667,1.38662,1.38662,29100000,1
1754048940000,1754048999000,1.38664,1.38701,1.38664,1.38698,93990000,1
1754049000000,1754049059000,1.38699,1.38701,1.38688,1.38695,34320000,1
1754049060000,1754049119000,1.38694,1.38699,1.38694,1.38697,42150000,1
1754049120000,1754049179000,1.38697,1.38707,1.38692,1.38692,43800000,1
1754049180000,1754049239000,1.38693,1.38716,1.38693,1.38704,55920000,1
1754049240000,1754049299000,1.38706,1.38706,1.38691,1.38697,112800000,1
1754049300000,1754049359000,1.38697,1.387,1.38685,1.38692,165540000,1
1754049360000,1754049419000,1.38692,1.38698,1.3869,1.38691,68610000,1
1754049420000,1754049479000,1.38693,1.38706,1.38693,1.38701,37710000,1
1754049480000,1754049539000,1.38702,1.38718,1.387,1.38713,54840000,1
1754049540000,1754049599000,1.38714,1.38717,1.38706,1.38706,16680000,1
1754049600000,1754049659000,1.38704,1.38722,1.3869,1.387,209880000,1
1754049660000,1754049719000,1.38701,1.38719,1.38701,1.38719,106950000,1
1754049720000,1754049779000,1.3872,1.3873,1.38719,1.38722,80250000,1
1754049780000,1754049839000,1.38721,1.3873,1.38719,1.38728,58950000,1
1754049840000,1754049899000,1.38727,1.38738,1.38726,1.38728,99300000,1
1754049900000,1754049959000,1.3873,1.38735,1.3872,1.38734,69870000,1
1754049960000,1754050019000,1.38736,1.38746,1.38734,1.38737,86760000,1
1754050020000,1754050079000,1.38738,1.38746,1.38737,1.3874,36000000,1
1754050080000,1754050139000,1.38741,1.38749,1.38738,1.38738,56400000,1
1754050140000,1754050199000,1.38738,1.3874,1.38732,1.38738,97350000,1
1754050200000,1754050259000,1.38737,1.38741,1.38718,1.38727,126720000,1
1754050260000,1754050319000,1.38726,1.38735,1.38708,1.38715,103650000,1
1754050320000,1754050379000,1.38715,1.38722,1.3871,1.3871,67200000,1
1754050380000,1754050439000,1.38712,1.38718,1.3871,1.38718,44850000,1
1754050440000,1754050499000,1.38717,1.38729,1.38715,1.38726,67950000,1
1754050500000,1754050559000,1.38726,1.38733,1.38725,1.38725,52140000,1
1754050560000,1754050619000,1.38726,1.38728,1.38724,1.38727,60240000,1
1754050620000,1754050679000,1.38726,1.38747,1.38726,1.38738,62460000,1
1754050680000,1754050739000,1.38736,1.38736,1.38723,1.38725,75690000,1
1754050740000,1754050799000,1.38726,1.38747,1.38724,1.38735,190140000,1
1754050800000,1754050859000,1.38735,1.38737,1.38726,1.38733,88830000,1
1754050860000,1754050919000,1.38736,1.38755,1.38736,1.38742,76830000,1
1754050920000,1754050979000,1.38742,1.38746,1.38726,1.38727,92460000,1
1754050980000,1754051039000,1.38726,1.38743,1.38726,1.38741,114570000,1
1754051040000,1754051099000,1.38742,1.38746,1.38736,1.38744,67440000,1
1754051100000,1754051159000,1.38742,1.38745,1.38729,1.38733,145830000,1
1754051160000,1754051219000,1.38733,1.38736,1.38732,1.38732,36900000,1
1754051220000,1754051279000,1.38731,1.38736,1.38725,1.38732,37050000,1
1754051280000,1754051339000,1.38732,1.38733,1.38712,1.38721,70800000,1
1754051340000,1754051399000,1.38723,1.38731,1.38688,1.38688,147600000,1
1754051400000,1754051459000,1.38686,1.38695,1.38497,1.38509,631660000,1
1754051460000,1754051519000,1.38509,1.38509,1.38367,1.38422,674040000,1
1754051520000,1754051579000,1.38424,1.38453,1.38304,1.38309,591420000,1
1754051580000,1754051639000,1.38308,1.38316,1.38236,1.38244,626070000,1
1754051640000,1754051699000,1.38243,1.38288,1.38222,1.38288,588110000,1
1754051700000,1754051759000,1.38289,1.38307,1.38234,1.38247,419100000,1
1754051760000,1754051819000,1.3825,1.38284,1.38244,1.38251,440670000,1
1754051820000,1754051879000,1.38252,1.38257,1.38179,1.38211,557070000,1
1754051880000,1754051939000,1.38211,1.38248,1.38208,1.38234,506700000,1
1754051940000,1754051999000,1.38235,1.38291,1.38222,1.38276,468930000,1
1754052000000,1754052059000,1.38276,1.38306,1.38262,1.38282,461490000,1
1754052060000,1754052119000,1.38281,1.38285,1.38214,1.38225,469980000,1
1754052120000,1754052179000,1.38223,1.38231,1.38183,1.38191,424770000,1
1754052180000,1754052239000,1.38191,1.38225,1.38176,1.38181,431130000,1
1754052240000,1754052299000,1.3818,1.3818,1.38119,1.38133,283050000,1
1754052300000,1754052359000,1.38134,1.38137,1.38087,1.38092,330300000,1
1754052360000,1754052419000,1.38092,1.38092,1.38037,1.38085,369150000,1
1754052420000,1754052479000,1.38085,1.38132,1.38069,1.38084,340590000,1
1754052480000,1754052539000,1.38082,1.38083,1.38013,1.38037,394230000,1
1754052540000,1754052599000,1.38038,1.38056,1.37954,1.37969,545630000,1
1754052600000,1754052659000,1.37969,1.38019,1.37957,1.38007,537840000,1
1754052660000,1754052719000,1.38007,1.38012,1.3794,1.3797,336390000,1
1754052720000,1754052779000,1.37971,1.37979,1.37951,1.3796,335820000,1
1754052780000,1754052839000,1.3796,1.37971,1.37891,1.37902,372990000,1
1754052840000,1754052899000,1.379,1.37922,1.37889,1.37906,379920000,1
1754052900000,1754052959000,1.37904,1.37904,1.37847,1.37877,446220000,1
1754052960000,1754053019000,1.37877,1.37904,1.37855,1.37903,490890000,1
1754053020000,1754053079000,1.37903,1.37936,1.37903,1.3791,298590000,1
1754053080000,1754053139000,1.3791,1.37941,1.37895,1.3793,262440000,1
1754053140000,1754053199000,1.37928,1.37963,1.37921,1.37961,380400000,1
1754053200000,1754053259000,1.37959,1.37959,1.37876,1.37886,474720000,1
1754053260000,1754053319000,1.37886,1.37904,1.37864,1.37873,451470000,1
1754053320000,1754053379000,1.37874,1.37897,1.37849,1.37863,344970000,1
1754053380000,1754053439000,1.3786,1.37881,1.37825,1.37877,476610000,1
1754053440000,1754053499000,1.37874,1.37891,1.37855,1.37879,380880000,1
1754053500000,1754053559000,1.37881,1.37888,1.37828,1.37888,369360000,1
1754053560000,1754053619000,1.37892,1.37926,1.37825,1.37842,422190000,1
1754053620000,1754053679000,1.37843,1.37857,1.37816,1.37818,332430000,1
1754053680000,1754053739000,1.37817,1.37845,1.37807,1.37816,353370000,1
1754053740000,1754053799000,1.37817,1.37849,1.37805,1.37808,432120000,1
1754053800000,1754053859000,1.37807,1.37826,1.3778,1.37788,451140000,1
1754053860000,1754053919000,1.37788,1.37797,1.3774,1.37749,380790000,1
1754053920000,1754053979000,1.3775,1.37797,1.37743,1.37787,392190000,1
1754053980000,1754054039000,1.37788,1.37817,1.37762,1.37815,463500000,1
1754054040000,1754054099000,1.37815,1.37815,1.37775,1.37776,447690000,1
1754054100000,1754054159000,1.37777,1.37826,1.37761,1.37773,690690000,1
1754054160000,1754054219000,1.37776,1.37787,1.37729,1.37773,554850000,1
1754054220000,1754054279000,1.37774,1.37819,1.37774,1.378,548580000,1
1754054280000,1754054339000,1.37802,1.37805,1.37776,1.37779,510120000,1
1754054340000,1754054399000,1.37778,1.37787,1.37748,1.37758,461940000,1
1754054400000,1754054459000,1.37761,1.37799,1.37757,1.37773,545460000,1
1754054460000,1754054519000,1.37772,1.37776,1.37741,1.37763,406170000,1
1754054520000,1754054579000,1.37762,1.37801,1.37745,1.37791,390870000,1
1754054580000,1754054639000,1.37791,1.37805,1.3778,1.37805,359910000,1
1754054640000,1754054699000,1.37805,1.37831,1.37796,1.37829,391710000,1
1754054700000,1754054759000,1.3783,1.37843,1.37798,1.37798,294480000,1
1754054760000,1754054819000,1.37798,1.37798,1.37733,1.37735,312360000,1
1754054820000,1754054879000,1.37736,1.37783,1.37712,1.37782,412410000,1
1754054880000,1754054939000,1.37784,1.37797,1.37757,1.37789,324540000,1
1754054940000,1754054999000,1.37787,1.3779,1.37707,1.3771,425520000,1
1754055000000,1754055059000,1.37711,1.37744,1.37685,1.37741,640380000,1
1754055060000,1754055119000,1.3774,1.37766,1.37705,1.3772,408060000,1
1754055120000,1754055179000,1.3772,1.37749,1.37706,1.37713,502140000,1
1754055180000,1754055239000,1.37712,1.37733,1.37707,1.37709,394920000,1
1754055240000,1754055299000,1.37711,1.37732,1.37657,1.37665,404820000,1
1754055300000,1754055359000,1.37666,1.37666,1.37626,1.37642,465930000,1
1754055360000,1754055419000,1.37643,1.37652,1.37635,1.37639,411990000,1
1754055420000,1754055479000,1.3764,1.37679,1.37623,1.37665,448290000,1
1754055480000,1754055539000,1.3767,1.37736,1.37643,1.37724,270030000,1
1754055540000,1754055599000,1.37724,1.37726,1.37693,1.37701,307860000,1
1754055600000,1754055659000,1.377,1.37721,1.3769,1.37695,348060000,1
1754055660000,1754055719000,1.37698,1.37727,1.37698,1.37725,267660000,1
1754055720000,1754055779000,1.37726,1.37783,1.37721,1.3777,129210000,1
1754055780000,1754055839000,1.3777,1.37773,1.37751,1.37751,111300000,1
1754055840000,1754055899000,1.37748,1.37817,1.37747,1.37808,216810000,1
1754055900000,1754055959000,1.37809,1.37821,1.37772,1.37802,164880000,1
1754055960000,1754056019000,1.37802,1.37852,1.37781,1.3785,189540000,1
1754056020000,1754056079000,1.37851,1.37882,1.3785,1.37874,319200000,1
1754056080000,1754056139000,1.37873,1.37873,1.37839,1.37851,203790000,1
1754056140000,1754056199000,1.3785,1.37859,1.37814,1.37817,252210000,1
1754056200000,1754056259000,1.37817,1.37836,1.37815,1.3783,265320000,1
1754056260000,1754056319000,1.3783,1.37908,1.37829,1.37895,369750000,1
1754056320000,1754056379000,1.37896,1.37896,1.37827,1.37845,239880000,1
1754056380000,1754056439000,1.37843,1.37847,1.37815,1.37831,241770000,1
1754056440000,1754056499000,1.37831,1.37856,1.37828,1.3783,257010000,1
1754056500000,1754056559000,1.37831,1.37835,1.37794,1.37819,324300000,1
1754056560000,1754056619000,1.37819,1.37826,1.37799,1.37818,106200000,1
1754056620000,1754056679000,1.37816,1.37816,1.3777,1.37784,154350000,1
1754056680000,1754056739000,1.37785,1.37788,1.37779,1.37781,51600000,1
1754056740000,1754056799000,1.3778,1.37792,1.3778,1.37792,157200000,1
1754056800000,1754056859000,1.37791,1.37792,1.37648,1.37676,539370000,1
1754056860000,1754056919000,1.37677,1.37718,1.37672,1.37707,424080000,1
1754056920000,1754056979000,1.37707,1.37726,1.37685,1.37708,279360000,1
1754056980000,1754057039000,1.37706,1.37748,1.37687,1.37722,470520000,1
1754057040000,1754057099000,1.37722,1.37759,1.37717,1.37752,382980000,1
1754057100000,1754057159000,1.37752,1.37758,1.37713,1.37728,323310000,1
1754057160000,1754057219000,1.37729,1.37787,1.37728,1.37752,284520000,1
1754057220000,1754057279000,1.37753,1.37785,1.37748,1.37773,278100000,1
1754057280000,1754057339000,1.37774,1.37803,1.37773,1.37791,258120000,1
1754057340000,1754057399000,1.37791,1.37824,1.37788,1.37824,253200000,1
1754057400000,1754057459000,1.37824,1.37832,1.37786,1.37788,324300000,1
1754057460000,1754057519000,1.37786,1.37828,1.37786,1.37828,249000000,1
1754057520000,1754057579000,1.37826,1.37826,1.37789,1.37805,265290000,1
1754057580000,1754057639000,1.37806,1.37816,1.37784,1.37793,193950000,1
1754057640000,1754057699000,1.37793,1.37823,1.37793,1.37819,261600000,1
1754057700000,1754057759000,1.37818,1.37819,1.37771,1.37803,335250000,1
1754057760000,1754057819000,1.37801,1.37802,1.37772,1.37777,210600000,1
1754057820000,1754057879000,1.37776,1.37785,1.37746,1.37762,300270000,1
1754057880000,1754057939000,1.37764,1.37787,1.37737,1.37743,300540000,1
1754057940000,1754057999000,1.37746,1.37778,1.37742,1.37772,295200000,1
1754058000000,1754058059000,1.37773,1.37786,1.37757,1.37771,213720000,1
1754058060000,1754058119000,1.37768,1.3777,1.37722,1.37731,293610000,1
1754058120000,1754058179000,1.37731,1.37776,1.37731,1.37769,234000000,1
1754058180000,1754058239000,1.37768,1.37778,1.37746,1.37747,220500000,1
1754058240000,1754058299000,1.37746,1.37767,1.37735,1.37736,279150000,1
1754058300000,1754058359000,1.37735,1.37738,1.37707,1.37736,416400000,1
1754058360000,1754058419000,1.37735,1.37772,1.37735,1.37765,315960000,1
1754058420000,1754058479000,1.37764,1.37816,1.37764,1.37809,383370000,1
1754058480000,1754058539000,1.37809,1.37809,1.37786,1.378,306690000,1
1754058540000,1754058599000,1.37801,1.37818,1.37788,1.37794,356970000,1
1754058600000,1754058659000,1.37796,1.3781,1.3777,1.37808,459300000,1
1754058660000,1754058719000,1.3781,1.37849,1.3781,1.37832,373800000,1
1754058720000,1754058779000,1.37832,1.3785,1.37822,1.37848,303900000,1
1754058780000,1754058839000,1.37849,1.37853,1.37821,1.37826,322230000,1
1754058840000,1754058899000,1.37826,1.37832,1.37818,1.37824,288720000,1
1754058900000,1754058959000,1.37825,1.37848,1.37825,1.37848,293550000,1
1754058960000,1754059019000,1.37849,1.37858,1.37809,1.37839,318840000,1
1754059020000,1754059079000,1.37841,1.37848,1.37824,1.37836,270480000,1
1754059080000,1754059139000,1.37836,1.37865,1.37834,1.37858,207900000,1
1754059140000,1754059199000,1.37859,1.37871,1.37857,1.37871,171870000,1
1754059200000,1754059259000,1.37871,1.37897,1.37861,1.37861,248880000,1
1754059260000,1754059319000,1.37862,1.37877,1.37845,1.37853,247920000,1
1754059320000,1754059379000,1.37853,1.3786,1.37825,1.37837,192870000,1
1754059380000,1754059439000,1.37836,1.37856,1.37826,1.37842,270510000,1
1754059440000,1754059499000,1.37842,1.37848,1.37809,1.37823,324810000,1
1754059500000,1754059559000,1.37822,1.37822,1.37763,1.37772,349290000,1
1754059560000,1754059619000,1.37771,1.37781,1.37763,1.37764,292200000,1
1754059620000,1754059679000,1.37765,1.37796,1.37752,1.37785,323850000,1
1754059680000,1754059739000,1.37785,1.37823,1.37785,1.37823,281310000,1
1754059740000,1754059799000,1.37824,1.37829,1.37799,1.37808,245850000,1
1754059800000,1754059859000,1.37808,1.37879,1.37808,1.37877,280320000,1
1754059860000,1754059919000,1.37876,1.37924,1.37876,1.37924,204810000,1
1754059920000,1754059979000,1.37926,1.37926,1.37859,1.37859,281220000,1
1754059980000,1754060039000,1.37858,1.3791,1.37848,1.37908,191250000,1
1754060040000,1754060099000,1.37906,1.37908,1.37882,1.37899,277860000,1
1754060100000,1754060159000,1.37898,1.37924,1.37862,1.37876,487380000,1
1754060160000,1754060219000,1.37876,1.37892,1.37853,1.37875,318990000,1
1754060220000,1754060279000,1.37873,1.37897,1.37865,1.37878,342150000,1
1754060280000,1754060339000,1.37878,1.37888,1.37872,1.37881,324300000,1
1754060340000,1754060399000,1.37881,1.37899,1.37881,1.37884,289020000,1
1754060400000,1754060459000,1.37885,1.37905,1.37884,1.37884,266910000,1
1754060460000,1754060519000,1.37885,1.37906,1.37885,1.37899,277350000,1
1754060520000,1754060579000,1.37899,1.37913,1.37888,1.37906,255690000,1
1754060580000,1754060639000,1.37903,1.37936,1.37902,1.37926,188520000,1
1754060640000,1754060699000,1.37928,1.37947,1.37918,1.37947,150510000,1
1754060700000,1754060759000,1.37947,1.37965,1.37921,1.37923,194100000,1
1754060760000,1754060819000,1.37922,1.37945,1.37914,1.37918,143640000,1
1754060820000,1754060879000,1.37916,1.3795,1.37907,1.37936,193620000,1
1754060880000,1754060939000,1.37936,1.37951,1.37915,1.37918,151860000,1
1754060940000,1754060999000,1.37915,1.37926,1.37903,1.37923,147660000,1
1754061000000,1754061059000,1.37923,1.37937,1.37879,1.37879,202290000,1
1754061060000,1754061119000,1.37877,1.37883,1.37852,1.37861,217200000,1
1754061120000,1754061179000,1.3786,1.37878,1.37859,1.37877,150300000,1
1754061180000,1754061239000,1.37877,1.37897,1.37875,1.37896,235890000,1
1754061240000,1754061299000,1.37896,1.37908,1.37887,1.3789,152520000,1
1754061300000,1754061359000,1.3789,1.37905,1.37855,1.37856,187620000,1
1754061360000,1754061419000,1.37857,1.37885,1.37847,1.37875,171120000,1
1754061420000,1754061479000,1.37876,1.37887,1.37847,1.37854,173700000,1
1754061480000,1754061539000,1.37855,1.37864,1.37844,1.37847,268640000,1
1754061540000,1754061599000,1.37848,1.37885,1.37848,1.37884,237150000,1
1754061600000,1754061659000,1.37882,1.37884,1.37857,1.3786,210390000,1
1754061660000,1754061719000,1.37861,1.37884,1.37861,1.37877,219960000,1
1754061720000,1754061779000,1.37875,1.37882,1.37856,1.37881,218160000,1
1754061780000,1754061839000,1.37882,1.37883,1.37849,1.37868,193770000,1
1754061840000,1754061899000,1.37868,1.37905,1.37867,1.37904,233220000,1
1754061900000,1754061959000,1.37905,1.37925,1.37901,1.37925,139710000,1
1754061960000,1754062019000,1.37925,1.37948,1.37925,1.37944,178500000,1
1754062020000,1754062079000,1.37944,1.37996,1.37944,1.37993,143910000,1
1754062080000,1754062139000,1.37992,1.37994,1.37972,1.37985,122850000,1
1754062140000,1754062199000,1.37987,1.37991,1.37977,1.37989,72930000,1
1754062200000,1754062259000,1.37989,1.37994,1.3796,1.37966,152970000,1
1754062260000,1754062319000,1.37967,1.37982,1.37946,1.37947,107100000,1
1754062320000,1754062379000,1.37952,1.37954,1.37929,1.37936,108150000,1
1754062380000,1754062439000,1.37937,1.37942,1.37915,1.37915,214380000,1
1754062440000,1754062499000,1.37916,1.37929,1.37913,1.37916,151740000,1
1754062500000,1754062559000,1.37917,1.37923,1.37876,1.37878,213720000,1
1754062560000,1754062619000,1.3788,1.37898,1.3787,1.3787,136530000,1
1754062620000,1754062679000,1.37872,1.3788,1.37867,1.37867,106950000,1
1754062680000,1754062739000,1.37868,1.37871,1.37856,1.37871,101050000,1
1754062740000,1754062799000,1.37871,1.37888,1.37863,1.37887,154050000,1
1754062800000,1754062859000,1.37887,1.37888,1.37857,1.37857,113850000,1
1754062860000,1754062919000,1.37855,1.37861,1.37839,1.3786,137970000,1
1754062920000,1754062979000,1.3786,1.37892,1.3786,1.37868,105570000,1
1754062980000,1754063039000,1.3787,1.37888,1.37867,1.37868,75450000,1
1754063040000,1754063099000,1.37868,1.3788,1.37853,1.37859,134250000,1
1754063100000,1754063159000,1.37858,1.37859,1.37838,1.37839,73200000,1
1754063160000,1754063219000,1.37841,1.37851,1.37836,1.37842,78600000,1
1754063220000,1754063279000,1.37841,1.37841,1.37831,1.37834,59850000,1
1754063280000,1754063339000,1.37834,1.37849,1.37824,1.37842,86250000,1
1754063340000,1754063399000,1.37842,1.3785,1.37833,1.37833,37920000,1
1754063400000,1754063459000,1.37834,1.37843,1.37832,1.37834,86400000,1
1754063460000,1754063519000,1.37834,1.37834,1.37799,1.37822,151500000,1
1754063520000,1754063579000,1.37821,1.37822,1.37812,1.37821,94350000,1
1754063580000,1754063639000,1.37818,1.37818,1.37785,1.37785,97500000,1
1754063640000,1754063699000,1.37788,1.37795,1.37778,1.37791,102600000,1
1754063700000,1754063759000,1.3779,1.37799,1.37789,1.37797,77400000,1
1754063760000,1754063819000,1.37798,1.37801,1.37792,1.37793,68700000,1
1754063820000,1754063879000,1.37793,1.37793,1.3775,1.37761,165150000,1
1754063880000,1754063939000,1.3776,1.37784,1.37749,1.37781,185160000,1
1754063940000,1754063999000,1.37781,1.37798,1.37777,1.37797,138240000,1
1754064000000,1754064059000,1.37797,1.37812,1.37797,1.37802,194310000,1
1754064060000,1754064119000,1.37802,1.37812,1.37794,1.37807,133350000,1
1754064120000,1754064179000,1.37809,1.37811,1.37792,1.37808,141150000,1
1754064180000,1754064239000,1.37807,1.37812,1.37802,1.37807,84450000,1
1754064240000,1754064299000,1.37808,1.37823,1.37802,1.37823,91350000,1
1754064300000,1754064359000,1.37824,1.37841,1.37819,1.37829,108810000,1
1754064360000,1754064419000,1.37833,1.37846,1.3783,1.37837,97530000,1
1754064420000,1754064479000,1.37839,1.37851,1.37834,1.37839,54570000,1
1754064480000,1754064539000,1.37841,1.37841,1.37821,1.37823,59550000,1
1754064540000,1754064599000,1.37822,1.37822,1.37808,1.37813,60600000,1
1754064600000,1754064659000,1.37812,1.37821,1.37803,1.37821,51660000,1
1754064660000,1754064719000,1.37821,1.37824,1.37815,1.3782,47550000,1
1754064720000,1754064779000,1.37821,1.3784,1.37821,1.37839,41880000,1
1754064780000,1754064839000,1.37837,1.37837,1.37809,1.37809,54720000,1
1754064840000,1754064899000,1.3781,1.37815,1.37794,1.37797,79350000,1
1754064900000,1754064959000,1.37797,1.37804,1.37793,1.378,67350000,1
1754064960000,1754065019000,1.378,1.37843,1.378,1.37822,109710000,1
1754065020000,1754065079000,1.37823,1.37831,1.37819,1.37821,155700000,1
1754065080000,1754065139000,1.37821,1.37821,1.37802,1.37811,63900000,1
1754065140000,1754065199000,1.37813,1.37814,1.378,1.37814,75240000,1
1754065200000,1754065259000,1.37813,1.37831,1.37813,1.37824,123330000,1
1754065260000,1754065319000,1.37824,1.37839,1.37822,1.37838,140040000,1
1754065320000,1754065379000,1.37837,1.37837,1.37821,1.37822,68490000,1
1754065380000,1754065439000,1.37822,1.37833,1.37812,1.37831,135630000,1
1754065440000,1754065499000,1.3783,1.37833,1.37823,1.37831,74820000,1
1754065500000,1754065559000,1.37831,1.37866,1.37831,1.37861,83160000,1
1754065560000,1754065619000,1.37861,1.3787,1.37861,1.37869,56160000,1
1754065620000,1754065679000,1.37875,1.37877,1.3786,1.37872,97020000,1
1754065680000,1754065739000,1.37874,1.3788,1.37867,1.37873,68970000,1
1754065740000,1754065799000,1.37872,1.37881,1.37867,1.37877,83700000,1
1754065800000,1754065859000,1.37878,1.37887,1.37875,1.37877,97950000,1
1754065860000,1754065919000,1.37879,1.37896,1.37879,1.37894,77850000,1
1754065920000,1754065979000,1.37896,1.37897,1.37885,1.37896,75300000,1
1754065980000,1754066039000,1.37893,1.37897,1.37887,1.37897,39150000,1
1754066040000,1754066099000,1.37897,1.37897,1.37883,1.37887,70050000,1
1754066100000,1754066159000,1.37887,1.37887,1.37856,1.37858,135600000,1
1754066160000,1754066219000,1.37857,1.3789,1.37857,1.37889,84900000,1
1754066220000,1754066279000,1.37892,1.37922,1.37882,1.37922,111600000,1
1754066280000,1754066339000,1.37922,1.37923,1.37907,1.37912,90600000,1
1754066340000,1754066399000,1.37914,1.37915,1.37906,1.37908,71250000,1
1754066400000,1754066459000,1.37908,1.37918,1.37907,1.37913,56670000,1
1754066460000,1754066519000,1.37913,1.37918,1.37913,1.37916,29610000,1
1754066520000,1754066579000,1.37917,1.37937,1.37917,1.37936,90000000,1
1754066580000,1754066639000,1.37937,1.37943,1.37923,1.37927,63300000,1
1754066640000,1754066699000,1.37926,1.37937,1.37923,1.37927,100980000,1
1754066700000,1754066759000,1.37928,1.37929,1.37919,1.37929,71160000,1
1754066760000,1754066819000,1.37928,1.37929,1.37913,1.37929,94950000,1
1754066820000,1754066879000,1.37928,1.37945,1.37918,1.37924,112890000,1
1754066880000,1754066939000,1.37923,1.37934,1.37923,1.37929,74700000,1
1754066940000,1754066999000,1.37926,1.37931,1.37924,1.37927,55500000,1
1754067000000,1754067059000,1.37926,1.37933,1.37921,1.37928,106050000,1
1754067060000,1754067119000,1.37926,1.37934,1.37922,1.37931,106650000,1
1754067120000,1754067179000,1.37931,1.37935,1.37907,1.37907,142170000,1
1754067180000,1754067239000,1.3791,1.37926,1.3791,1.3792,168000000,1
1754067240000,1754067299000,1.37919,1.3792,1.37906,1.37915,186360000,1
1754067300000,1754067359000,1.37916,1.37957,1.37911,1.37953,124260000,1
1754067360000,1754067419000,1.37954,1.37963,1.3795,1.37956,107100000,1
1754067420000,1754067479000,1.37952,1.37956,1.37923,1.37925,102750000,1
1754067480000,1754067539000,1.37923,1.37935,1.37915,1.37934,145800000,1
1754067540000,1754067599000,1.37935,1.37951,1.37931,1.37951,157260000,1
1754067600000,1754067659000,1.37951,1.37962,1.37943,1.37958,134550000,1
1754067660000,1754067719000,1.37956,1.37975,1.37953,1.37975,87150000,1
1754067720000,1754067779000,1.37976,1.37982,1.37972,1.37977,108450000,1
1754067780000,1754067839000,1.37981,1.37995,1.37976,1.37985,102300000,1
1754067840000,1754067899000,1.37986,1.37998,1.37975,1.37994,122700000,1
1754067900000,1754067959000,1.37997,1.38014,1.37997,1.38005,132600000,1
1754067960000,1754068019000,1.38005,1.38013,1.38003,1.3801,123090000,1
1754068020000,1754068079000,1.3801,1.38029,1.3801,1.38025,89580000,1
1754068080000,1754068139000,1.38025,1.38025,1.38005,1.38012,82110000,1
1754068140000,1754068199000,1.38015,1.38017,1.38012,1.38017,56940000,1
1754068200000,1754068259000,1.38017,1.38027,1.38004,1.38004,113190000,1
1754068260000,1754068319000,1.38004,1.38015,1.38004,1.38015,107250000,1
1754068320000,1754068379000,1.38016,1.38027,1.38016,1.38024,86940000,1
1754068380000,1754068439000,1.38025,1.3807,1.38025,1.3806,158640000,1
1754068440000,1754068499000,1.3806,1.38076,1.38047,1.3807,105300000,1
1754068500000,1754068559000,1.38071,1.38071,1.38059,1.38063,91560000,1
1754068560000,1754068619000,1.38063,1.38081,1.38061,1.38076,147840000,1
1754068620000,1754068679000,1.38075,1.38082,1.38071,1.38082,72240000,1
1754068680000,1754068739000,1.38082,1.38082,1.38059,1.38065,58950000,1
1754068740000,1754068799000,1.38066,1.38072,1.38061,1.38066,52950000,1
1754068800000,1754068859000,1.38066,1.38066,1.38041,1.38042,94500000,1
1754068860000,1754068919000,1.3804,1.3804,1.38013,1.38013,113400000,1
1754068920000,1754068979000,1.38013,1.38014,1.37977,1.37981,194640000,1
1754068980000,1754069039000,1.3798,1.37996,1.37978,1.37978,131100000,1
1754069040000,1754069099000,1.37977,1.37994,1.37975,1.37992,124350000,1
1754069100000,1754069159000,1.37993,1.38012,1.37986,1.38012,176070000,1
1754069160000,1754069219000,1.38011,1.38031,1.38006,1.3803,99600000,1
1754069220000,1754069279000,1.38031,1.38033,1.38021,1.38033,50220000,1
1754069280000,1754069339000,1.38033,1.3804,1.38028,1.38028,56550000,1
1754069340000,1754069399000,1.38026,1.38033,1.38016,1.38022,105900000,1
1754069400000,1754069459000,1.38021,1.38021,1.37993,1.38005,155280000,1
1754069460000,1754069519000,1.38003,1.38011,1.38,1.38004,70020000,1
1754069520000,1754069579000,1.38005,1.3801,1.38002,1.38005,48150000,1
1754069580000,1754069639000,1.38006,1.38014,1.38002,1.38012,55440000,1
1754069640000,1754069699000,1.38012,1.38041,1.38012,1.38041,49740000,1
1754069700000,1754069759000,1.38041,1.38041,1.38032,1.38037,27750000,1
1754069760000,1754069819000,1.38037,1.38051,1.38037,1.38043,36660000,1
1754069820000,1754069879000,1.38046,1.38051,1.38031,1.38032,62730000,1
1754069880000,1754069939000,1.38033,1.38051,1.38033,1.38036,134550000,1
1754069940000,1754069999000,1.38034,1.38038,1.38031,1.38037,64980000,1
1754070000000,1754070059000,1.38034,1.38037,1.38021,1.38021,95700000,1
1754070060000,1754070119000,1.38022,1.38028,1.38007,1.38008,149580000,1
1754070120000,1754070179000,1.38009,1.38018,1.37994,1.37994,169950000,1
1754070180000,1754070239000,1.37994,1.38002,1.37993,1.37995,90660000,1
1754070240000,1754070299000,1.37996,1.38016,1.37994,1.38003,112560000,1
1754070300000,1754070359000,1.38005,1.38014,1.38002,1.38013,123450000,1
1754070360000,1754070419000,1.38014,1.3803,1.38014,1.3803,90630000,1
1754070420000,1754070479000,1.38029,1.3804,1.38029,1.38038,30810000,1
1754070480000,1754070539000,1.38038,1.38042,1.38032,1.38032,30420000,1
1754070540000,1754070599000,1.38032,1.38033,1.3803,1.38031,25050000,1
1754070600000,1754070659000,1.38027,1.38033,1.38026,1.38033,47130000,1
1754070660000,1754070719000,1.38038,1.3804,1.38032,1.38032,47880000,1
1754070720000,1754070779000,1.38029,1.38029,1.38012,1.38019,65220000,1
1754070780000,1754070839000,1.3802,1.3803,1.38019,1.38019,54150000,1
1754070840000,1754070899000,1.38021,1.38039,1.38012,1.3803,79740000,1
1754070900000,1754070959000,1.3803,1.38036,1.38022,1.38031,110670000,1
1754070960000,1754071019000,1.38032,1.38036,1.38018,1.38019,90750000,1
1754071020000,1754071079000,1.3802,1.38029,1.38011,1.38029,81990000,1
1754071080000,1754071139000,1.38028,1.38035,1.38027,1.38031,70110000,1
1754071140000,1754071199000,1.3803,1.38031,1.3802,1.38022,117060000,1
1754071200000,1754071259000,1.38021,1.38024,1.38009,1.3802,88050000,1
1754071260000,1754071319000,1.38021,1.38027,1.38012,1.38022,102030000,1
1754071320000,1754071379000,1.38021,1.38052,1.38021,1.3805,101610000,1
1754071380000,1754071439000,1.3805,1.3805,1.38038,1.3804,76980000,1
1754071440000,1754071499000,1.3804,1.38047,1.3804,1.38041,75090000,1
1754071500000,1754071559000,1.38043,1.3805,1.38042,1.3805,75240000,1
1754071560000,1754071619000,1.38049,1.38049,1.38029,1.3803,89970000,1
1754071620000,1754071679000,1.38024,1.38058,1.38024,1.38052,54150000,1
1754071680000,1754071739000,1.3805,1.3805,1.38042,1.38042,15000000,1
1754071740000,1754071799000,1.38046,1.3805,1.38029,1.38029,211650000,1
1754071800000,1754071859000,1.38032,1.38051,1.38026,1.3805,84450000,1
1754071860000,1754071919000,1.38051,1.38052,1.38048,1.38051,36630000,1
1754071920000,1754071979000,1.38052,1.38077,1.3805,1.3807,102480000,1
1754071980000,1754072039000,1.38071,1.38078,1.38041,1.38051,147030000,1
1754072040000,1754072099000,1.38051,1.38052,1.38039,1.38043,130650000,1
1754072100000,1754072159000,1.38042,1.38044,1.3803,1.38039,104400000,1
1754072160000,1754072219000,1.3804,1.38041,1.3802,1.38022,118650000,1
1754072220000,1754072279000,1.38022,1.38032,1.38006,1.38031,117450000,1
1754072280000,1754072339000,1.3803,1.38039,1.38023,1.3803,94950000,1
1754072340000,1754072399000,1.38031,1.38041,1.38031,1.38037,105750000,1
1754072400000,1754072459000,1.38038,1.38039,1.38025,1.38029,106800000,1
1754072460000,1754072519000,1.38029,1.38053,1.38029,1.3805,98850000,1
1754072520000,1754072579000,1.3805,1.38059,1.3802,1.3802,185550000,1
1754072580000,1754072639000,1.38019,1.38022,1.38006,1.3801,131550000,1
1754072640000,1754072699000,1.38011,1.38016,1.38008,1.3801,90450000,1
1754072700000,1754072759000,1.3801,1.38015,1.38004,1.3801,136500000,1
1754072760000,1754072819000,1.3801,1.3801,1.37993,1.37993,72150000,1
1754072820000,1754072879000,1.37993,1.37994,1.3797,1.37979,191400000,1
1754072880000,1754072939000,1.37979,1.37982,1.37972,1.37975,124500000,1
1754072940000,1754072999000,1.37979,1.37983,1.37971,1.37972,144300000,1
1754073000000,1754073059000,1.37973,1.37983,1.37971,1.37975,155100000,1
1754073060000,1754073119000,1.37975,1.3798,1.37967,1.37972,147900000,1
1754073120000,1754073179000,1.37971,1.37976,1.3796,1.37961,136650000,1
1754073180000,1754073239000,1.37962,1.37962,1.37953,1.37958,104850000,1
1754073240000,1754073299000,1.37958,1.37962,1.37941,1.37941,164700000,1
1754073300000,1754073359000,1.37942,1.3795,1.37939,1.37941,129900000,1
1754073360000,1754073419000,1.37941,1.37948,1.37936,1.37944,150900000,1
1754073420000,1754073479000,1.37944,1.37949,1.37931,1.37939,153300000,1
1754073480000,1754073539000,1.3794,1.37942,1.3793,1.37937,105750000,1
1754073540000,1754073599000,1.37937,1.3794,1.37926,1.37935,189480000,1
1754073600000,1754073659000,1.37933,1.37948,1.37933,1.37941,174150000,1
1754073660000,1754073719000,1.37944,1.37952,1.37934,1.37948,187200000,1
1754073720000,1754073779000,1.37948,1.37951,1.37941,1.37941,104400000,1
1754073780000,1754073839000,1.37941,1.37949,1.37934,1.37948,109650000,1
1754073840000,1754073899000,1.37947,1.37952,1.3794,1.37951,91950000,1
1754073900000,1754073959000,1.3795,1.3795,1.37942,1.37948,96000000,1
1754073960000,1754074019000,1.37949,1.3796,1.37943,1.37953,89700000,1
1754074020000,1754074079000,1.37953,1.37975,1.37944,1.37971,167700000,1
1754074080000,1754074139000,1.37971,1.37981,1.37964,1.37975,158790000,1
1754074140000,1754074199000,1.37974,1.38003,1.37974,1.38001,150480000,1
1754074200000,1754074259000,1.38001,1.38012,1.38,1.38009,91590000,1
1754074260000,1754074319000,1.38009,1.38031,1.38001,1.3803,120480000,1
1754074320000,1754074379000,1.38029,1.38048,1.38028,1.38038,189210000,1
1754074380000,1754074439000,1.38038,1.3807,1.38038,1.38066,149670000,1
1754074440000,1754074499000,1.38066,1.38095,1.38058,1.38095,148980000,1
1754074500000,1754074559000,1.38096,1.38116,1.38086,1.38114,154410000,1
1754074560000,1754074619000,1.38115,1.38143,1.38114,1.38133,181740000,1
1754074620000,1754074679000,1.38134,1.38149,1.38115,1.38143,237840000,1
1754074680000,1754074739000,1.38145,1.3817,1.38143,1.38156,262350000,1
1754074740000,1754074799000,1.38153,1.38169,1.38149,1.38169,444660000,1
1754074800000,1754074859000,1.38169,1.38169,1.38123,1.38144,310350000,1
1754074860000,1754074919000,1.38143,1.3815,1.38112,1.38125,220110000,1
1754074920000,1754074979000,1.38125,1.38163,1.38125,1.38157,207600000,1
1754074980000,1754075039000,1.38156,1.38156,1.38121,1.38124,114990000,1
1754075040000,1754075099000,1.38125,1.38132,1.38111,1.38122,109110000,1
1754075100000,1754075159000,1.38121,1.38123,1.38113,1.38114,108840000,1
1754075160000,1754075219000,1.38114,1.38115,1.38096,1.38103,106350000,1
1754075220000,1754075279000,1.38103,1.38104,1.38077,1.38077,127050000,1
1754075280000,1754075339000,1.38078,1.38078,1.38052,1.38056,105720000,1
1754075340000,1754075399000,1.38059,1.38094,1.38056,1.38092,117840000,1
1754075400000,1754075459000,1.38092,1.38097,1.38082,1.38082,75300000,1
1754075460000,1754075519000,1.38083,1.38088,1.38077,1.38077,82050000,1
1754075520000,1754075579000,1.38077,1.38078,1.38047,1.38058,82500000,1
1754075580000,1754075639000,1.38062,1.38073,1.38055,1.38056,92520000,1
1754075640000,1754075699000,1.38058,1.38059,1.38047,1.38056,56940000,1
1754075700000,1754075759000,1.38054,1.38059,1.38054,1.38056,51090000,1
1754075760000,1754075819000,1.38055,1.38066,1.38053,1.38066,52590000,1
1754075820000,1754075879000,1.38069,1.38069,1.38054,1.38057,66990000,1
1754075880000,1754075939000,1.38057,1.38058,1.3805,1.3805,36960000,1
1754075940000,1754075999000,1.38047,1.38054,1.38046,1.38048,43860000,1
1754076000000,1754076059000,1.38052,1.38054,1.38045,1.38046,100230000,1
1754076060000,1754076119000,1.38046,1.38054,1.38044,1.3805,71040000,1
1754076120000,1754076179000,1.38051,1.38052,1.38045,1.38046,72540000,1
1754076180000,1754076239000,1.38047,1.38047,1.38034,1.38034,49800000,1
1754076240000,1754076299000,1.38035,1.38047,1.38033,1.38047,82680000,1
1754076300000,1754076359000,1.38046,1.38068,1.38045,1.38068,69630000,1
1754076360000,1754076419000,1.38067,1.38068,1.38045,1.38047,87690000,1
1754076420000,1754076479000,1.38047,1.3806,1.38046,1.38057,58560000,1
1754076480000,1754076539000,1.38057,1.38057,1.38048,1.38048,41100000,1
1754076540000,1754076599000,1.38049,1.38049,1.38043,1.38049,43500000,1
1754076600000,1754076659000,1.38048,1.38066,1.37968,1.37993,633960000,1
1754076660000,1754076719000,1.37994,1.37995,1.37956,1.37979,438120000,1
1754076720000,1754076779000,1.37978,1.37994,1.37951,1.37962,362040000,1
1754076780000,1754076839000,1.37961,1.37983,1.37942,1.37949,164400000,1
1754076840000,1754076899000,1.37948,1.37954,1.37933,1.3794,165300000,1
1754076900000,1754076959000,1.37941,1.37946,1.37928,1.37946,169050000,1
1754076960000,1754077019000,1.37945,1.37957,1.37937,1.37955,172200000,1
1754077020000,1754077079000,1.37953,1.37965,1.3795,1.37963,127770000,1
1754077080000,1754077139000,1.37965,1.37972,1.37944,1.37953,157500000,1
1754077140000,1754077199000,1.37953,1.37969,1.37941,1.37947,132900000,1
1754077200000,1754077259000,1.37946,1.37974,1.37946,1.37971,170850000,1
1754077260000,1754077319000,1.3797,1.37973,1.37954,1.37962,141000000,1
1754077320000,1754077379000,1.37963,1.37965,1.37939,1.37947,142200000,1
1754077380000,1754077439000,1.37945,1.37945,1.37922,1.37922,138960000,1
1754077440000,1754077499000,1.37924,1.37924,1.37891,1.37897,187680000,1
1754077500000,1754077559000,1.37888,1.37916,1.3788,1.37891,191790000,1
1754077560000,1754077619000,1.37891,1.37897,1.37866,1.37879,94500000,1
1754077620000,1754077679000,1.37878,1.37878,1.37862,1.37866,73050000,1
1754077680000,1754077739000,1.37866,1.37893,1.37859,1.37891,265650000,1
1754077740000,1754077799000,1.37894,1.37903,1.37877,1.37879,196200000,1
1754077800000,1754077859000,1.37879,1.37916,1.37875,1.37912,156030000,1
1754077860000,1754077919000,1.37912,1.37946,1.37912,1.37945,127710000,1
1754077920000,1754077979000,1.37943,1.37946,1.37924,1.37935,84060000,1
1754077980000,1754078039000,1.37935,1.37958,1.37934,1.37954,113580000,1
1754078040000,1754078099000,1.37954,1.37954,1.37907,1.37914,214860000,1
1754078100000,1754078159000,1.37913,1.37915,1.37904,1.37911,149700000,1
1754078160000,1754078219000,1.37912,1.37927,1.3791,1.37925,106050000,1
1754078220000,1754078279000,1.37922,1.37951,1.37922,1.37951,132000000,1
1754078280000,1754078339000,1.3795,1.3796,1.37934,1.37935,151230000,1
1754078340000,1754078399000,1.37937,1.37958,1.37937,1.37958,171030000,1
1754078400000,1754078459000,1.37956,1.37967,1.37956,1.3796,72630000,1
1754078460000,1754078519000,1.37958,1.37964,1.37957,1.37963,66120000,1
1754078520000,1754078579000,1.37963,1.37969,1.37929,1.37929,98640000,1
1754078580000,1754078639000,1.37928,1.37936,1.37926,1.37935,55860000,1
1754078640000,1754078699000,1.37935,1.37935,1.37923,1.37926,26310000,1
1754078700000,1754078759000,1.37925,1.37926,1.37907,1.37907,53640000,1
1754078760000,1754078819000,1.37907,1.37924,1.37906,1.37921,48300000,1
1754078820000,1754078879000,1.3792,1.3792,1.37909,1.37915,34650000,1
1754078880000,1754078939000,1.37916,1.37919,1.37895,1.37897,68700000,1
1754078940000,1754078999000,1.37896,1.37898,1.37864,1.37864,109650000,1
1754079000000,1754079059000,1.37864,1.37881,1.37846,1.3785,130350000,1
1754079060000,1754079119000,1.3785,1.37866,1.37837,1.37838,97350000,1
1754079120000,1754079179000,1.37839,1.37842,1.37806,1.37838,183600000,1
1754079180000,1754079239000,1.37839,1.37842,1.37836,1.37839,60600000,1
1754079240000,1754079299000,1.37832,1.37833,1.37827,1.37828,64500000,1
1754079300000,1754079359000,1.37829,1.37839,1.37829,1.3783,26700000,1
1754079360000,1754079419000,1.3783,1.37831,1.37819,1.3782,48900000,1
1754079420000,1754079479000,1.37818,1.37837,1.37813,1.37837,93300000,1
1754079480000,1754079539000,1.37838,1.37839,1.37836,1.37836,9900000,1
1754079540000,1754079599000,1.37837,1.3784,1.37835,1.37837,54420000,1
1754079600000,1754079659000,1.3784,1.37849,1.37839,1.37846,41310000,1
1754079660000,1754079719000,1.37846,1.37846,1.37832,1.37836,32430000,1
1754079720000,1754079779000,1.37837,1.37848,1.37837,1.37839,30240000,1
1754079780000,1754079839000,1.37838,1.37845,1.37838,1.37838,25500000,1
1754079840000,1754079899000,1.37839,1.37841,1.37829,1.37831,61350000,1
1754079900000,1754079959000,1.3783,1.3783,1.37815,1.37815,37920000,1
1754079960000,1754080019000,1.37816,1.37818,1.37794,1.378,79530000,1
1754080020000,1754080079000,1.37804,1.37827,1.37804,1.37808,112680000,1
1754080080000,1754080139000,1.37808,1.37817,1.37808,1.37809,64050000,1
1754080140000,1754080199000,1.37813,1.37817,1.37804,1.37806,90750000,1
1754080200000,1754080259000,1.37808,1.37808,1.37801,1.37802,45450000,1
1754080260000,1754080319000,1.37804,1.37843,1.37802,1.37841,77610000,1
1754080320000,1754080379000,1.37842,1.37851,1.3784,1.3785,37080000,1
1754080380000,1754080439000,1.37857,1.37865,1.37846,1.37848,79920000,1
1754080440000,1754080499000,1.37848,1.37848,1.37814,1.37818,60120000,1
1754080500000,1754080559000,1.3782,1.3783,1.37813,1.37821,121920000,1
1754080560000,1754080619000,1.37821,1.37832,1.37821,1.37824,86130000,1
1754080620000,1754080679000,1.37828,1.37841,1.37817,1.37819,141330000,1
1754080680000,1754080739000,1.37819,1.3784,1.37818,1.37821,77670000,1
1754080740000,1754080799000,1.37821,1.37825,1.37809,1.37811,56070000,1
1754080800000,1754080859000,1.3781,1.37811,1.37763,1.37772,64650000,1
1754080860000,1754080919000,1.37771,1.37823,1.3777,1.37803,96900000,1
1754080920000,1754080979000,1.37802,1.37851,1.37799,1.37824,99480000,1
1754080980000,1754081039000,1.37814,1.37846,1.37814,1.37837,101970000,1
1754081040000,1754081099000,1.37837,1.37862,1.3783,1.37836,84000000,1
1754081100000,1754081159000,1.37837,1.37851,1.37832,1.37833,111240000,1
1754081160000,1754081219000,1.37834,1.37835,1.37776,1.37779,73650000,1
1754081220000,1754081279000,1.37777,1.37778,1.37731,1.37741,149550000,1
1754081280000,1754081339000,1.37745,1.37745,1.37727,1.37734,83250000,1
1754081340000,1754081399000,1.37734,1.37753,1.3773,1.37751,90900000,1
1754081400000,1754081459000,1.37749,1.37752,1.37709,1.37718,226950000,1
1754081460000,1754081519000,1.37717,1.37748,1.37709,1.37745,316950000,1
1754081520000,1754081579000,1.37745,1.37756,1.37745,1.37751,228600000,1
1754081580000,1754081639000,1.37749,1.37785,1.37749,1.37765,292800000,1
1754081640000,1754081699000,1.37765,1.37806,1.37765,1.37766,227850000,1
1754081700000,1754081759000,1.37767,1.37803,1.37765,1.37793,414660000,1
1754081760000,1754081819000,1.37789,1.37823,1.37789,1.37815,218040000,1
1754081820000,1754081879000,1.37818,1.37859,1.37789,1.37834,223140000,1
1754081880000,1754081939000,1.37824,1.37893,1.37804,1.3786,228450000,1
1754081940000,1754081999000,1.3786,1.37885,1.3783,1.3785,77850000,1
1754082000000,1754082059000,1.3785,1.3785,1.3785,1.3785,0,1
1754082060000,1754082119000,1.3785,1.3785,1.3785,1.3785,0,1
1754082120000,1754082179000,1.3785,1.3785,1.3785,1.3785,0,1
1754082180000,1754082239000,1.3785,1.3785,1.3785,1.3785,0,1
1754082240000,1754082299000,1.3785,1.3785,1.3785,1.3785,0,1
1754082300000,1754082359000,1.3785,1.3785,1.3785,1.3785,0,1
1754082360000,1754082419000,1.3785,1.3785,1.3785,1.3785,0,1
1754082420000,1754082479000,1.3785,1.3785,1.3785,1.3785,0,1
1754082480000,1754082539000,1.3785,1.3785,1.3785,1.3785,0,1
1754082540000,1754082599000,1.3785,1.3785,1.3785,1.3785,0,1
1754082600000,1754082659000,1.3785,1.3785,1.3785,1.3785,0,1
1754082660000,1754082719000,1.3785,1.3785,1.3785,1.3785,0,1
1754082720000,1754082779000,1.3785,1.3785,1.3785,1.3785,0,1
1754082780000,1754082839000,1.3785,1.3785,1.3785,1.3785,0,1
1754082840000,1754082899000,1.3785,1.3785,1.3785,1.3785,0,1
1754082900000,1754082959000,1.3785,1.3785,1.3785,1.3785,0,1
1754082960000,1754083019000,1.3785,1.3785,1.3785,1.3785,0,1
1754083020000,1754083079000,1.3785,1.3785,1.3785,1.3785,0,1
1754083080000,1754083139000,1.3785,1.3785,1.3785,1.3785,0,1
1754083140000,1754083199000,1.3785,1.3785,1.3785,1.3785,0,1
1754083200000,1754083259000,1.3785,1.3785,1.3785,1.3785,0,1
1754083260000,1754083319000,1.3785,1.3785,1.3785,1.3785,0,1
1754083320000,1754083379000,1.3785,1.3785,1.3785,1.3785,0,1
1754083380000,1754083439000,1.3785,1.3785,1.3785,1.3785,0,1
1754083440000,1754083499000,1.3785,1.3785,1.3785,1.3785,0,1
1754083500000,1754083559000,1.3785,1.3785,1.3785,1.3785,0,1
1754083560000,1754083619000,1.3785,1.3785,1.3785,1.3785,0,1
1754083620000,1754083679000,1.3785,1.3785,1.3785,1.3785,0,1
1754083680000,1754083739000,1.3785,1.3785,1.3785,1.3785,0,1
1754083740000,1754083799000,1.3785,1.3785,1.3785,1.3785,0,1
1754083800000,1754083859000,1.3785,1.3785,1.3785,1.3785,0,1
1754083860000,1754083919000,1.3785,1.3785,1.3785,1.3785,0,1
1754083920000,1754083979000,1.3785,1.3785,1.3785,1.3785,0,1
1754083980000,1754084039000,1.3785,1.3785,1.3785,1.3785,0,1
1754084040000,1754084099000,1.3785,1.3785,1.3785,1.3785,0,1
1754084100000,1754084159000,1.3785,1.3785,1.3785,1.3785,0,1
1754084160000,1754084219000,1.3785,1.3785,1.3785,1.3785,0,1
1754084220000,1754084279000,1.3785,1.3785,1.3785,1.3785,0,1
1754084280000,1754084339000,1.3785,1.3785,1.3785,1.3785,0,1
1754084340000,1754084399000,1.3785,1.3785,1.3785,1.3785,0,1
1754084400000,1754084459000,1.3785,1.3785,1.3785,1.3785,0,1
1754084460000,1754084519000,1.3785,1.3785,1.3785,1.3785,0,1
1754084520000,1754084579000,1.3785,1.3785,1.3785,1.3785,0,1
1754084580000,1754084639000,1.3785,1.3785,1.3785,1.3785,0,1
1754084640000,1754084699000,1.3785,1.3785,1.3785,1.3785,0,1
1754084700000,1754084759000,1.3785,1.3785,1.3785,1.3785,0,1
1754084760000,1754084819000,1.3785,1.3785,1.3785,1.3785,0,1
1754084820000,1754084879000,1.3785,1.3785,1.3785,1.3785,0,1
1754084880000,1754084939000,1.3785,1.3785,1.3785,1.3785,0,1
1754084940000,1754084999000,1.3785,1.3785,1.3785,1.3785,0,1
1754085000000,1754085059000,1.3785,1.3785,1.3785,1.3785,0,1
1754085060000,1754085119000,1.3785,1.3785,1.3785,1.3785,0,1
1754085120000,1754085179000,1.3785,1.3785,1.3785,1.3785,0,1
1754085180000,1754085239000,1.3785,1.3785,1.3785,1.3785,0,1
1754085240000,1754085299000,1.3785,1.3785,1.3785,1.3785,0,1
1754085300000,1754085359000,1.3785,1.3785,1.3785,1.3785,0,1
1754085360000,1754085419000,1.3785,1.3785,1.3785,1.3785,0,1
1754085420000,1754085479000,1.3785,1.3785,1.3785,1.3785,0,1
1754085480000,1754085539000,1.3785,1.3785,1.3785,1.3785,0,1
1754085540000,1754085599000,1.3785,1.3785,1.3785,1.3785,0,1
1754085600000,1754085659000,1.3785,1.3785,1.3785,1.3785,0,1
1754085660000,1754085719000,1.3785,1.3785,1.3785,1.3785,0,1
1754085720000,1754085779000,1.3785,1.3785,1.3785,1.3785,0,1
1754085780000,1754085839000,1.3785,1.3785,1.3785,1.3785,0,1
1754085840000,1754085899000,1.3785,1.3785,1.3785,1.3785,0,1
1754085900000,1754085959000,1.3785,1.3785,1.3785,1.3785,0,1
1754085960000,1754086019000,1.3785,1.3785,1.3785,1.3785,0,1
1754086020000,1754086079000,1.3785,1.3785,1.3785,1.3785,0,1
1754086080000,1754086139000,1.3785,1.3785,1.3785,1.3785,0,1
1754086140000,1754086199000,1.3785,1.3785,1.3785,1.3785,0,1
1754086200000,1754086259000,1.3785,1.3785,1.3785,1.3785,0,1
1754086260000,1754086319000,1.3785,1.3785,1.3785,1.3785,0,1
1754086320000,1754086379000,1.3785,1.3785,1.3785,1.3785,0,1
1754086380000,1754086439000,1.3785,1.3785,1.3785,1.3785,0,1
1754086440000,1754086499000,1.3785,1.3785,1.3785,1.3785,0,1
1754086500000,1754086559000,1.3785,1.3785,1.3785,1.3785,0,1
1754086560000,1754086619000,1.3785,1.3785,1.3785,1.3785,0,1
1754086620000,1754086679000,1.3785,1.3785,1.3785,1.3785,0,1
1754086680000,1754086739000,1.3785,1.3785,1.3785,1.3785,0,1
1754086740000,1754086799000,1.3785,1.3785,1.3785,1.3785,0,1
1754086800000,1754086859000,1.3785,1.3785,1.3785,1.3785,0,1
1754086860000,1754086919000,1.3785,1.3785,1.3785,1.3785,0,1
1754086920000,1754086979000,1.3785,1.3785,1.3785,1.3785,0,1
1754086980000,1754087039000,1.3785,1.3785,1.3785,1.3785,0,1
1754087040000,1754087099000,1.3785,1.3785,1.3785,1.3785,0,1
1754087100000,1754087159000,1.3785,1.3785,1.3785,1.3785,0,1
1754087160000,1754087219000,1.3785,1.3785,1.3785,1.3785,0,1
1754087220000,1754087279000,1.3785,1.3785,1.3785,1.3785,0,1
1754087280000,1754087339000,1.3785,1.3785,1.3785,1.3785,0,1
1754087340000,1754087399000,1.3785,1.3785,1.3785,1.3785,0,1
1754087400000,1754087459000,1.3785,1.3785,1.3785,1.3785,0,1
1754087460000,1754087519000,1.3785,1.3785,1.3785,1.3785,0,1
1754087520000,1754087579000,1.3785,1.3785,1.3785,1.3785,0,1
1754087580000,1754087639000,1.3785,1.3785,1.3785,1.3785,0,1
1754087640000,1754087699000,1.3785,1.3785,1.3785,1.3785,0,1
1754087700000,1754087759000,1.3785,1.3785,1.3785,1.3785,0,1
1754087760000,1754087819000,1.3785,1.3785,1.3785,1.3785,0,1
1754087820000,1754087879000,1.3785,1.3785,1.3785,1.3785,0,1
1754087880000,1754087939000,1.3785,1.3785,1.3785,1.3785,0,1
1754087940000,1754087999000,1.3785,1.3785,1.3785,1.3785,0,1
1754088000000,1754088059000,1.3785,1.3785,1.3785,1.3785,0,1
1754088060000,1754088119000,1.3785,1.3785,1.3785,1.3785,0,1
1754088120000,1754088179000,1.3785,1.3785,1.3785,1.3785,0,1
1754088180000,1754088239000,1.3785,1.3785,1.3785,1.3785,0,1
1754088240000,1754088299000,1.3785,1.3785,1.3785,1.3785,0,1
1754088300000,1754088359000,1.3785,1.3785,1.3785,1.3785,0,1
1754088360000,1754088419000,1.3785,1.3785,1.3785,1.3785,0,1
1754088420000,1754088479000,1.3785,1.3785,1.3785,1.3785,0,1
1754088480000,1754088539000,1.3785,1.3785,1.3785,1.3785,0,1
1754088540000,1754088599000,1.3785,1.3785,1.3785,1.3785,0,1
1754088600000,1754088659000,1.3785,1.3785,1.3785,1.3785,0,1
1754088660000,1754088719000,1.3785,1.3785,1.3785,1.3785,0,1
1754088720000,1754088779000,1.3785,1.3785,1.3785,1.3785,0,1
1754088780000,1754088839000,1.3785,1.3785,1.3785,1.3785,0,1
1754088840000,1754088899000,1.3785,1.3785,1.3785,1.3785,0,1
1754088900000,1754088959000,1.3785,1.3785,1.3785,1.3785,0,1
1754088960000,1754089019000,1.3785,1.3785,1.3785,1.3785,0,1
1754089020000,1754089079000,1.3785,1.3785,1.3785,1.3785,0,1
1754089080000,1754089139000,1.3785,1.3785,1.3785,1.3785,0,1
1754089140000,1754089199000,1.3785,1.3785,1.3785,1.3785,0,1
1754089200000,1754089259000,1.3785,1.3785,1.3785,1.3785,0,1
1754089260000,1754089319000,1.3785,1.3785,1.3785,1.3785,0,1
1754089320000,1754089379000,1.3785,1.3785,1.3785,1.3785,0,1
1754089380000,1754089439000,1.3785,1.3785,1.3785,1.3785,0,1
1754089440000,1754089499000,1.3785,1.3785,1.3785,1.3785,0,1
1754089500000,1754089559000,1.3785,1.3785,1.3785,1.3785,0,1
1754089560000,1754089619000,1.3785,1.3785,1.3785,1.3785,0,1
1754089620000,1754089679000,1.3785,1.3785,1.3785,1.3785,0,1
1754089680000,1754089739000,1.3785,1.3785,1.3785,1.3785,0,1
1754089740000,1754089799000,1.3785,1.3785,1.3785,1.3785,0,1
1754089800000,1754089859000,1.3785,1.3785,1.3785,1.3785,0,1
1754089860000,1754089919000,1.3785,1.3785,1.3785,1.3785,0,1
1754089920000,1754089979000,1.3785,1.3785,1.3785,1.3785,0,1
1754089980000,1754090039000,1.3785,1.3785,1.3785,1.3785,0,1
1754090040000,1754090099000,1.3785,1.3785,1.3785,1.3785,0,1
1754090100000,1754090159000,1.3785,1.3785,1.3785,1.3785,0,1
1754090160000,1754090219000,1.3785,1.3785,1.3785,1.3785,0,1
1754090220000,1754090279000,1.3785,1.3785,1.3785,1.3785,0,1
1754090280000,1754090339000,1.3785,1.3785,1.3785,1.3785,0,1
1754090340000,1754090399000,1.3785,1.3785,1.3785,1.3785,0,1
1754090400000,1754090459000,1.3785,1.3785,1.3785,1.3785,0,1
1754090460000,1754090519000,1.3785,1.3785,1.3785,1.3785,0,1
1754090520000,1754090579000,1.3785,1.3785,1.3785,1.3785,0,1
1754090580000,1754090639000,1.3785,1.3785,1.3785,1.3785,0,1
1754090640000,1754090699000,1.3785,1.3785,1.3785,1.3785,0,1
1754090700000,1754090759000,1.3785,1.3785,1.3785,1.3785,0,1
1754090760000,1754090819000,1.3785,1.3785,1.3785,1.3785,0,1
1754090820000,1754090879000,1.3785,1.3785,1.3785,1.3785,0,1
1754090880000,1754090939000,1.3785,1.3785,1.3785,1.3785,0,1
1754090940000,1754090999000,1.3785,1.3785,1.3785,1.3785,0,1
1754091000000,1754091059000,1.3785,1.3785,1.3785,1.3785,0,1
1754091060000,1754091119000,1.3785,1.3785,1.3785,1.3785,0,1
1754091120000,1754091179000,1.3785,1.3785,1.3785,1.3785,0,1
1754091180000,1754091239000,1.3785,1.3785,1.3785,1.3785,0,1
1754091240000,1754091299000,1.3785,1.3785,1.3785,1.3785,0,1
1754091300000,1754091359000,1.3785,1.3785,1.3785,1.3785,0,1
1754091360000,1754091419000,1.3785,1.3785,1.3785,1.3785,0,1
1754091420000,1754091479000,1.3785,1.3785,1.3785,1.3785,0,1
1754091480000,1754091539000,1.3785,1.3785,1.3785,1.3785,0,1
1754091540000,1754091599000,1.3785,1.3785,1.3785,1.3785,0,1
1754091600000,1754091659000,1.3785,1.3785,1.3785,1.3785,0,1
1754091660000,1754091719000,1.3785,1.3785,1.3785,1.3785,0,1
1754091720000,1754091779000,1.3785,1.3785,1.3785,1.3785,0,1
1754091780000,1754091839000,1.3785,1.3785,1.3785,1.3785,0,1
1754091840000,1754091899000,1.3785,1.3785,1.3785,1.3785,0,1
1754091900000,1754091959000,1.3785,1.3785,1.3785,1.3785,0,1
1754091960000,1754092019000,1.3785,1.3785,1.3785,1.3785,0,1
1754092020000,1754092079000,1.3785,1.3785,1.3785,1.3785,0,1
1754092080000,1754092139000,1.3785,1.3785,1.3785,1.3785,0,1
1754092140000,1754092199000,1.3785,1.3785,1.3785,1.3785,0,1
1754092200000,1754092259000,1.3785,1.3785,1.3785,1.3785,0,1
1754092260000,1754092319000,1.3785,1.3785,1.3785,1.3785,0,1
1754092320000,1754092379000,1.3785,1.3785,1.3785,1.3785,0,1
1754092380000,1754092439000,1.3785,1.3785,1.3785,1.3785,0,1
1754092440000,1754092499000,1.3785,1.3785,1.3785,1.3785,0,1
1754092500000,1754092559000,1.3785,1.3785,1.3785,1.3785,0,1
1754092560000,1754092619000,1.3785,1.3785,1.3785,1.3785,0,1
1754092620000,1754092679000,1.3785,1.3785,1.3785,1.3785,0,1
1754092680000,1754092739000,1.3785,1.3785,1.3785,1.3785,0,1
1754092740000,1754092799000,1.3785,1.3785,1.3785,1.3785,0,1
1754179200000,1754179259000,1.3785,1.3785,1.3785,1.3785,0,1
1754179260000,1754179319000,1.3785,1.3785,1.3785,1.3785,0,1
1754179320000,1754179379000,1.3785,1.3785,1.3785,1.3785,0,1
1754179380000,1754179439000,1.3785,1.3785,1.3785,1.3785,0,1
1754179440000,1754179499000,1.3785,1.3785,1.3785,1.3785,0,1
1754179500000,1754179559000,1.3785,1.3785,1.3785,1.3785,0,1
1754179560000,1754179619000,1.3785,1.3785,1.3785,1.3785,0,1
1754179620000,1754179679000,1.3785,1.3785,1.3785,1.3785,0,1
1754179680000,1754179739000,1.3785,1.3785,1.3785,1.3785,0,1
1754179740000,1754179799000,1.3785,1.3785,1.3785,1.3785,0,1
1754179800000,1754179859000,1.3785,1.3785,1.3785,1.3785,0,1
1754179860000,1754179919000,1.3785,1.3785,1.3785,1.3785,0,1
1754179920000,1754179979000,1.3785,1.3785,1.3785,1.3785,0,1
1754179980000,1754180039000,1.3785,1.3785,1.3785,1.3785,0,1
1754180040000,1754180099000,1.3785,1.3785,1.3785,1.3785,0,1
1754180100000,1754180159000,1.3785,1.3785,1.3785,1.3785,0,1
1754180160000,1754180219000,1.3785,1.3785,1.3785,1.3785,0,1
1754180220000,1754180279000,1.3785,1.3785,1.3785,1.3785,0,1
1754180280000,1754180339000,1.3785,1.3785,1.3785,1.3785,0,1
1754180340000,1754180399000,1.3785,1.3785,1.3785,1.3785,0,1
1754180400000,1754180459000,1.3785,1.3785,1.3785,1.3785,0,1
1754180460000,1754180519000,1.3785,1.3785,1.3785,1.3785,0,1
1754180520000,1754180579000,1.3785,1.3785,1.3785,1.3785,0,1
1754180580000,1754180639000,1.3785,1.3785,1.3785,1.3785,0,1
1754180640000,1754180699000,1.3785,1.3785,1.3785,1.3785,0,1
1754180700000,1754180759000,1.3785,1.3785,1.3785,1.3785,0,1
1754180760000,1754180819000,1.3785,1.3785,1.3785,1.3785,0,1
1754180820000,1754180879000,1.3785,1.3785,1.3785,1.3785,0,1
1754180880000,1754180939000,1.3785,1.3785,1.3785,1.3785,0,1
1754180940000,1754180999000,1.3785,1.3785,1.3785,1.3785,0,1
1754181000000,1754181059000,1.3785,1.3785,1.3785,1.3785,0,1
1754181060000,1754181119000,1.3785,1.3785,1.3785,1.3785,0,1
1754181120000,1754181179000,1.3785,1.3785,1.3785,1.3785,0,1
1754181180000,1754181239000,1.3785,1.3785,1.3785,1.3785,0,1
1754181240000,1754181299000,1.3785,1.3785,1.3785,1.3785,0,1
1754181300000,1754181359000,1.3785,1.3785,1.3785,1.3785,0,1
1754181360000,1754181419000,1.3785,1.3785,1.3785,1.3785,0,1
1754181420000,1754181479000,1.3785,1.3785,1.3785,1.3785,0,1
1754181480000,1754181539000,1.3785,1.3785,1.3785,1.3785,0,1
1754181540000,1754181599000,1.3785,1.3785,1.3785,1.3785,0,1
1754181600000,1754181659000,1.3785,1.3785,1.3785,1.3785,0,1
1754181660000,1754181719000,1.3785,1.3785,1.3785,1.3785,0,1
1754181720000,1754181779000,1.3785,1.3785,1.3785,1.3785,0,1
1754181780000,1754181839000,1.3785,1.3785,1.3785,1.3785,0,1
1754181840000,1754181899000,1.3785,1.3785,1.3785,1.3785,0,1
1754181900000,1754181959000,1.3785,1.3785,1.3785,1.3785,0,1
1754181960000,1754182019000,1.3785,1.3785,1.3785,1.3785,0,1
1754182020000,1754182079000,1.3785,1.3785,1.3785,1.3785,0,1
1754182080000,1754182139000,1.3785,1.3785,1.3785,1.3785,0,1
1754182140000,1754182199000,1.3785,1.3785,1.3785,1.3785,0,1
1754182200000,1754182259000,1.3785,1.3785,1.3785,1.3785,0,1
1754182260000,1754182319000,1.3785,1.3785,1.3785,1.3785,0,1
1754182320000,1754182379000,1.3785,1.3785,1.3785,1.3785,0,1
1754182380000,1754182439000,1.3785,1.3785,1.3785,1.3785,0,1
1754182440000,1754182499000,1.3785,1.3785,1.3785,1.3785,0,1
1754182500000,1754182559000,1.3785,1.3785,1.3785,1.3785,0,1
1754182560000,1754182619000,1.3785,1.3785,1.3785,1.3785,0,1
1754182620000,1754182679000,1.3785,1.3785,1.3785,1.3785,0,1
1754182680000,1754182739000,1.3785,1.3785,1.3785,1.3785,0,1
1754182740000,1754182799000,1.3785,1.3785,1.3785,1.3785,0,1
1754182800000,1754182859000,1.3785,1.3785,1.3785,1.3785,0,1
1754182860000,1754182919000,1.3785,1.3785,1.3785,1.3785,0,1
1754182920000,1754182979000,1.3785,1.3785,1.3785,1.3785,0,1
1754182980000,1754183039000,1.3785,1.3785,1.3785,1.3785,0,1
1754183040000,1754183099000,1.3785,1.3785,1.3785,1.3785,0,1
1754183100000,1754183159000,1.3785,1.3785,1.3785,1.3785,0,1
1754183160000,1754183219000,1.3785,1.3785,1.3785,1.3785,0,1
1754183220000,1754183279000,1.3785,1.3785,1.3785,1.3785,0,1
1754183280000,1754183339000,1.3785,1.3785,1.3785,1.3785,0,1
1754183340000,1754183399000,1.3785,1.3785,1.3785,1.3785,0,1
1754183400000,1754183459000,1.3785,1.3785,1.3785,1.3785,0,1
1754183460000,1754183519000,1.3785,1.3785,1.3785,1.3785,0,1
1754183520000,1754183579000,1.3785,1.3785,1.3785,1.3785,0,1
1754183580000,1754183639000,1.3785,1.3785,1.3785,1.3785,0,1
1754183640000,1754183699000,1.3785,1.3785,1.3785,1.3785,0,1
1754183700000,1754183759000,1.3785,1.3785,1.3785,1.3785,0,1
1754183760000,1754183819000,1.3785,1.3785,1.3785,1.3785,0,1
1754183820000,1754183879000,1.3785,1.3785,1.3785,1.3785,0,1
1754183880000,1754183939000,1.3785,1.3785,1.3785,1.3785,0,1
1754183940000,1754183999000,1.3785,1.3785,1.3785,1.3785,0,1
1754184000000,1754184059000,1.3785,1.3785,1.3785,1.3785,0,1
1754184060000,1754184119000,1.3785,1.3785,1.3785,1.3785,0,1
1754184120000,1754184179000,1.3785,1.3785,1.3785,1.3785,0,1
1754184180000,1754184239000,1.3785,1.3785,1.3785,1.3785,0,1
1754184240000,1754184299000,1.3785,1.3785,1.3785,1.3785,0,1
1754184300000,1754184359000,1.3785,1.3785,1.3785,1.3785,0,1
1754184360000,1754184419000,1.3785,1.3785,1.3785,1.3785,0,1
1754184420000,1754184479000,1.3785,1.3785,1.3785,1.3785,0,1
1754184480000,1754184539000,1.3785,1.3785,1.3785,1.3785,0,1
1754184540000,1754184599000,1.3785,1.3785,1.3785,1.3785,0,1
1754184600000,1754184659000,1.3785,1.3785,1.3785,1.3785,0,1
1754184660000,1754184719000,1.3785,1.3785,1.3785,1.3785,0,1
1754184720000,1754184779000,1.3785,1.3785,1.3785,1.3785,0,1
1754184780000,1754184839000,1.3785,1.3785,1.3785,1.3785,0,1
1754184840000,1754184899000,1.3785,1.3785,1.3785,1.3785,0,1
1754184900000,1754184959000,1.3785,1.3785,1.3785,1.3785,0,1
1754184960000,1754185019000,1.3785,1.3785,1.3785,1.3785,0,1
1754185020000,1754185079000,1.3785,1.3785,1.3785,1.3785,0,1
1754185080000,1754185139000,1.3785,1.3785,1.3785,1.3785,0,1
1754185140000,1754185199000,1.3785,1.3785,1.3785,1.3785,0,1
1754185200000,1754185259000,1.3785,1.3785,1.3785,1.3785,0,1
1754185260000,1754185319000,1.3785,1.3785,1.3785,1.3785,0,1
1754185320000,1754185379000,1.3785,1.3785,1.3785,1.3785,0,1
1754185380000,1754185439000,1.3785,1.3785,1.3785,1.3785,0,1
1754185440000,1754185499000,1.3785,1.3785,1.3785,1.3785,0,1
1754185500000,1754185559000,1.3785,1.3785,1.3785,1.3785,0,1
1754185560000,1754185619000,1.3785,1.3785,1.3785,1.3785,0,1
1754185620000,1754185679000,1.3785,1.3785,1.3785,1.3785,0,1
1754185680000,1754185739000,1.3785,1.3785,1.3785,1.3785,0,1
1754185740000,1754185799000,1.3785,1.3785,1.3785,1.3785,0,1
1754185800000,1754185859000,1.3785,1.3785,1.3785,1.3785,0,1
1754185860000,1754185919000,1.3785,1.3785,1.3785,1.3785,0,1
1754185920000,1754185979000,1.3785,1.3785,1.3785,1.3785,0,1
1754185980000,1754186039000,1.3785,1.3785,1.3785,1.3785,0,1
1754186040000,1754186099000,1.3785,1.3785,1.3785,1.3785,0,1
1754186100000,1754186159000,1.3785,1.3785,1.3785,1.3785,0,1
1754186160000,1754186219000,1.3785,1.3785,1.3785,1.3785,0,1
1754186220000,1754186279000,1.3785,1.3785,1.3785,1.3785,0,1
1754186280000,1754186339000,1.3785,1.3785,1.3785,1.3785,0,1
1754186340000,1754186399000,1.3785,1.3785,1.3785,1.3785,0,1
1754186400000,1754186459000,1.3785,1.3785,1.3785,1.3785,0,1
1754186460000,1754186519000,1.3785,1.3785,1.3785,1.3785,0,1
1754186520000,1754186579000,1.3785,1.3785,1.3785,1.3785,0,1
1754186580000,1754186639000,1.3785,1.3785,1.3785,1.3785,0,1
1754186640000,1754186699000,1.3785,1.3785,1.3785,1.3785,0,1
1754186700000,1754186759000,1.3785,1.3785,1.3785,1.3785,0,1
1754186760000,1754186819000,1.3785,1.3785,1.3785,1.3785,0,1
1754186820000,1754186879000,1.3785,1.3785,1.3785,1.3785,0,1
1754186880000,1754186939000,1.3785,1.3785,1.3785,1.3785,0,1
1754186940000,1754186999000,1.3785,1.3785,1.3785,1.3785,0,1
1754187000000,1754187059000,1.3785,1.3785,1.3785,1.3785,0,1
1754187060000,1754187119000,1.3785,1.3785,1.3785,1.3785,0,1
1754187120000,1754187179000,1.3785,1.3785,1.3785,1.3785,0,1
1754187180000,1754187239000,1.3785,1.3785,1.3785,1.3785,0,1
1754187240000,1754187299000,1.3785,1.3785,1.3785,1.3785,0,1
1754187300000,1754187359000,1.3785,1.3785,1.3785,1.3785,0,1
1754187360000,1754187419000,1.3785,1.3785,1.3785,1.3785,0,1
1754187420000,1754187479000,1.3785,1.3785,1.3785,1.3785,0,1
1754187480000,1754187539000,1.3785,1.3785,1.3785,1.3785,0,1
1754187540000,1754187599000,1.3785,1.3785,1.3785,1.3785,0,1
1754187600000,1754187659000,1.3785,1.3785,1.3785,1.3785,0,1
1754187660000,1754187719000,1.3785,1.3785,1.3785,1.3785,0,1
1754187720000,1754187779000,1.3785,1.3785,1.3785,1.3785,0,1
1754187780000,1754187839000,1.3785,1.3785,1.3785,1.3785,0,1
1754187840000,1754187899000,1.3785,1.3785,1.3785,1.3785,0,1
1754187900000,1754187959000,1.3785,1.3785,1.3785,1.3785,0,1
1754187960000,1754188019000,1.3785,1.3785,1.3785,1.3785,0,1
1754188020000,1754188079000,1.3785,1.3785,1.3785,1.3785,0,1
1754188080000,1754188139000,1.3785,1.3785,1.3785,1.3785,0,1
1754188140000,1754188199000,1.3785,1.3785,1.3785,1.3785,0,1
1754188200000,1754188259000,1.3785,1.3785,1.3785,1.3785,0,1
1754188260000,1754188319000,1.3785,1.3785,1.3785,1.3785,0,1
1754188320000,1754188379000,1.3785,1.3785,1.3785,1.3785,0,1
1754188380000,1754188439000,1.3785,1.3785,1.3785,1.3785,0,1
1754188440000,1754188499000,1.3785,1.3785,1.3785,1.3785,0,1
1754188500000,1754188559000,1.3785,1.3785,1.3785,1.3785,0,1
1754188560000,1754188619000,1.3785,1.3785,1.3785,1.3785,0,1
1754188620000,1754188679000,1.3785,1.3785,1.3785,1.3785,0,1
1754188680000,1754188739000,1.3785,1.3785,1.3785,1.3785,0,1
1754188740000,1754188799000,1.3785,1.3785,1.3785,1.3785,0,1
1754188800000,1754188859000,1.3785,1.3785,1.3785,1.3785,0,1
1754188860000,1754188919000,1.3785,1.3785,1.3785,1.3785,0,1
1754188920000,1754188979000,1.3785,1.3785,1.3785,1.3785,0,1
1754188980000,1754189039000,1.3785,1.3785,1.3785,1.3785,0,1
1754189040000,1754189099000,1.3785,1.3785,1.3785,1.3785,0,1
1754189100000,1754189159000,1.3785,1.3785,1.3785,1.3785,0,1
1754189160000,1754189219000,1.3785,1.3785,1.3785,1.3785,0,1
1754189220000,1754189279000,1.3785,1.3785,1.3785,1.3785,0,1
1754189280000,1754189339000,1.3785,1.3785,1.3785,1.3785,0,1
1754189340000,1754189399000,1.3785,1.3785,1.3785,1.3785,0,1
1754189400000,1754189459000,1.3785,1.3785,1.3785,1.3785,0,1
1754189460000,1754189519000,1.3785,1.3785,1.3785,1.3785,0,1
1754189520000,1754189579000,1.3785,1.3785,1.3785,1.3785,0,1
1754189580000,1754189639000,1.3785,1.3785,1.3785,1.3785,0,1
1754189640000,1754189699000,1.3785,1.3785,1.3785,1.3785,0,1
1754189700000,1754189759000,1.3785,1.3785,1.3785,1.3785,0,1
1754189760000,1754189819000,1.3785,1.3785,1.3785,1.3785,0,1
1754189820000,1754189879000,1.3785,1.3785,1.3785,1.3785,0,1
1754189880000,1754189939000,1.3785,1.3785,1.3785,1.3785,0,1
1754189940000,1754189999000,1.3785,1.3785,1.3785,1.3785,0,1
1754190000000,1754190059000,1.3785,1.3785,1.3785,1.3785,0,1
1754190060000,1754190119000,1.3785,1.3785,1.3785,1.3785,0,1
1754190120000,1754190179000,1.3785,1.3785,1.3785,1.3785,0,1
1754190180000,1754190239000,1.3785,1.3785,1.3785,1.3785,0,1
1754190240000,1754190299000,1.3785,1.3785,1.3785,1.3785,0,1
1754190300000,1754190359000,1.3785,1.3785,1.3785,1.3785,0,1
1754190360000,1754190419000,1.3785,1.3785,1.3785,1.3785,0,1
1754190420000,1754190479000,1.3785,1.3785,1.3785,1.3785,0,1
1754190480000,1754190539000,1.3785,1.3785,1.3785,1.3785,0,1
1754190540000,1754190599000,1.3785,1.3785,1.3785,1.3785,0,1
1754190600000,1754190659000,1.3785,1.3785,1.3785,1.3785,0,1
1754190660000,1754190719000,1.3785,1.3785,1.3785,1.3785,0,1
1754190720000,1754190779000,1.3785,1.3785,1.3785,1.3785,0,1
1754190780000,1754190839000,1.3785,1.3785,1.3785,1.3785,0,1
1754190840000,1754190899000,1.3785,1.3785,1.3785,1.3785,0,1
1754190900000,1754190959000,1.3785,1.3785,1.3785,1.3785,0,1
1754190960000,1754191019000,1.3785,1.3785,1.3785,1.3785,0,1
1754191020000,1754191079000,1.3785,1.3785,1.3785,1.3785,0,1
1754191080000,1754191139000,1.3785,1.3785,1.3785,1.3785,0,1
1754191140000,1754191199000,1.3785,1.3785,1.3785,1.3785,0,1
1754191200000,1754191259000,1.3785,1.3785,1.3785,1.3785,0,1
1754191260000,1754191319000,1.3785,1.3785,1.3785,1.3785,0,1
1754191320000,1754191379000,1.3785,1.3785,1.3785,1.3785,0,1
1754191380000,1754191439000,1.3785,1.3785,1.3785,1.3785,0,1
1754191440000,1754191499000,1.3785,1.3785,1.3785,1.3785,0,1
1754191500000,1754191559000,1.3785,1.3785,1.3785,1.3785,0,1
1754191560000,1754191619000,1.3785,1.3785,1.3785,1.3785,0,1
1754191620000,1754191679000,1.3785,1.3785,1.3785,1.3785,0,1
1754191680000,1754191739000,1.3785,1.3785,1.3785,1.3785,0,1
1754191740000,1754191799000,1.3785,1.3785,1.3785,1.3785,0,1
1754191800000,1754191859000,1.3785,1.3785,1.3785,1.3785,0,1
1754191860000,1754191919000,1.3785,1.3785,1.3785,1.3785,0,1
1754191920000,1754191979000,1.3785,1.3785,1.3785,1.3785,0,1
1754191980000,1754192039000,1.3785,1.3785,1.3785,1.3785,0,1
1754192040000,1754192099000,1.3785,1.3785,1.3785,1.3785,0,1
1754192100000,1754192159000,1.3785,1.3785,1.3785,1.3785,0,1
1754192160000,1754192219000,1.3785,1.3785,1.3785,1.3785,0,1
1754192220000,1754192279000,1.3785,1.3785,1.3785,1.3785,0,1
1754192280000,1754192339000,1.3785,1.3785,1.3785,1.3785,0,1
1754192340000,1754192399000,1.3785,1.3785,1.3785,1.3785,0,1
1754192400000,1754192459000,1.3785,1.3785,1.3785,1.3785,0,1
1754192460000,1754192519000,1.3785,1.3785,1.3785,1.3785,0,1
1754192520000,1754192579000,1.3785,1.3785,1.3785,1.3785,0,1
1754192580000,1754192639000,1.3785,1.3785,1.3785,1.3785,0,1
1754192640000,1754192699000,1.3785,1.3785,1.3785,1.3785,0,1
1754192700000,1754192759000,1.3785,1.3785,1.3785,1.3785,0,1
1754192760000,1754192819000,1.3785,1.3785,1.3785,1.3785,0,1
1754192820000,1754192879000,1.3785,1.3785,1.3785,1.3785,0,1
1754192880000,1754192939000,1.3785,1.3785,1.3785,1.3785,0,1
1754192940000,1754192999000,1.3785,1.3785,1.3785,1.3785,0,1
1754193000000,1754193059000,1.3785,1.3785,1.3785,1.3785,0,1
1754193060000,1754193119000,1.3785,1.3785,1.3785,1.3785,0,1
1754193120000,1754193179000,1.3785,1.3785,1.3785,1.3785,0,1
1754193180000,1754193239000,1.3785,1.3785,1.3785,1.3785,0,1
1754193240000,1754193299000,1.3785,1.3785,1.3785,1.3785,0,1
1754193300000,1754193359000,1.3785,1.3785,1.3785,1.3785,0,1
1754193360000,1754193419000,1.3785,1.3785,1.3785,1.3785,0,1
1754193420000,1754193479000,1.3785,1.3785,1.3785,1.3785,0,1
1754193480000,1754193539000,1.3785,1.3785,1.3785,1.3785,0,1
1754193540000,1754193599000,1.3785,1.3785,1.3785,1.3785,0,1
1754193600000,1754193659000,1.3785,1.3785,1.3785,1.3785,0,1
1754193660000,1754193719000,1.3785,1.3785,1.3785,1.3785,0,1
1754193720000,1754193779000,1.3785,1.3785,1.3785,1.3785,0,1
1754193780000,1754193839000,1.3785,1.3785,1.3785,1.3785,0,1
1754193840000,1754193899000,1.3785,1.3785,1.3785,1.3785,0,1
1754193900000,1754193959000,1.3785,1.3785,1.3785,1.3785,0,1
1754193960000,1754194019000,1.3785,1.3785,1.3785,1.3785,0,1
1754194020000,1754194079000,1.3785,1.3785,1.3785,1.3785,0,1
1754194080000,1754194139000,1.3785,1.3785,1.3785,1.3785,0,1
1754194140000,1754194199000,1.3785,1.3785,1.3785,1.3785,0,1
1754194200000,1754194259000,1.3785,1.3785,1.3785,1.3785,0,1
1754194260000,1754194319000,1.3785,1.3785,1.3785,1.3785,0,1
1754194320000,1754194379000,1.3785,1.3785,1.3785,1.3785,0,1
1754194380000,1754194439000,1.3785,1.3785,1.3785,1.3785,0,1
1754194440000,1754194499000,1.3785,1.3785,1.3785,1.3785,0,1
1754194500000,1754194559000,1.3785,1.3785,1.3785,1.3785,0,1
1754194560000,1754194619000,1.3785,1.3785,1.3785,1.3785,0,1
1754194620000,1754194679000,1.3785,1.3785,1.3785,1.3785,0,1
1754194680000,1754194739000,1.3785,1.3785,1.3785,1.3785,0,1
1754194740000,1754194799000,1.3785,1.3785,1.3785,1.3785,0,1
1754194800000,1754194859000,1.3785,1.3785,1.3785,1.3785,0,1
1754194860000,1754194919000,1.3785,1.3785,1.3785,1.3785,0,1
1754194920000,1754194979000,1.3785,1.3785,1.3785,1.3785,0,1
1754194980000,1754195039000,1.3785,1.3785,1.3785,1.3785,0,1
1754195040000,1754195099000,1.3785,1.3785,1.3785,1.3785,0,1
1754195100000,1754195159000,1.3785,1.3785,1.3785,1.3785,0,1
1754195160000,1754195219000,1.3785,1.3785,1.3785,1.3785,0,1
1754195220000,1754195279000,1.3785,1.3785,1.3785,1.3785,0,1
1754195280000,1754195339000,1.3785,1.3785,1.3785,1.3785,0,1
1754195340000,1754195399000,1.3785,1.3785,1.3785,1.3785,0,1
1754195400000,1754195459000,1.3785,1.3785,1.3785,1.3785,0,1
1754195460000,1754195519000,1.3785,1.3785,1.3785,1.3785,0,1
1754195520000,1754195579000,1.3785,1.3785,1.3785,1.3785,0,1
1754195580000,1754195639000,1.3785,1.3785,1.3785,1.3785,0,1
1754195640000,1754195699000,1.3785,1.3785,1.3785,1.3785,0,1
1754195700000,1754195759000,1.3785,1.3785,1.3785,1.3785,0,1
1754195760000,1754195819000,1.3785,1.3785,1.3785,1.3785,0,1
1754195820000,1754195879000,1.3785,1.3785,1.3785,1.3785,0,1
1754195880000,1754195939000,1.3785,1.3785,1.3785,1.3785,0,1
1754195940000,1754195999000,1.3785,1.3785,1.3785,1.3785,0,1
1754196000000,1754196059000,1.3785,1.3785,1.3785,1.3785,0,1
1754196060000,1754196119000,1.3785,1.3785,1.3785,1.3785,0,1
1754196120000,1754196179000,1.3785,1.3785,1.3785,1.3785,0,1
1754196180000,1754196239000,1.3785,1.3785,1.3785,1.3785,0,1
1754196240000,1754196299000,1.3785,1.3785,1.3785,1.3785,0,1
1754196300000,1754196359000,1.3785,1.3785,1.3785,1.3785,0,1
1754196360000,1754196419000,1.3785,1.3785,1.3785,1.3785,0,1
1754196420000,1754196479000,1.3785,1.3785,1.3785,1.3785,0,1
1754196480000,1754196539000,1.3785,1.3785,1.3785,1.3785,0,1
1754196540000,1754196599000,1.3785,1.3785,1.3785,1.3785,0,1
1754196600000,1754196659000,1.3785,1.3785,1.3785,1.3785,0,1
1754196660000,1754196719000,1.3785,1.3785,1.3785,1.3785,0,1
1754196720000,1754196779000,1.3785,1.3785,1.3785,1.3785,0,1
1754196780000,1754196839000,1.3785,1.3785,1.3785,1.3785,0,1
1754196840000,1754196899000,1.3785,1.3785,1.3785,1.3785,0,1
1754196900000,1754196959000,1.3785,1.3785,1.3785,1.3785,0,1
1754196960000,1754197019000,1.3785,1.3785,1.3785,1.3785,0,1
1754197020000,1754197079000,1.3785,1.3785,1.3785,1.3785,0,1
1754197080000,1754197139000,1.3785,1.3785,1.3785,1.3785,0,1
1754197140000,1754197199000,1.3785,1.3785,1.3785,1.3785,0,1
1754197200000,1754197259000,1.3785,1.3785,1.3785,1.3785,0,1
1754197260000,1754197319000,1.3785,1.3785,1.3785,1.3785,0,1
1754197320000,1754197379000,1.3785,1.3785,1.3785,1.3785,0,1
1754197380000,1754197439000,1.3785,1.3785,1.3785,1.3785,0,1
1754197440000,1754197499000,1.3785,1.3785,1.3785,1.3785,0,1
1754197500000,1754197559000,1.3785,1.3785,1.3785,1.3785,0,1
1754197560000,1754197619000,1.3785,1.3785,1.3785,1.3785,0,1
1754197620000,1754197679000,1.3785,1.3785,1.3785,1.3785,0,1
1754197680000,1754197739000,1.3785,1.3785,1.3785,1.3785,0,1
1754197740000,1754197799000,1.3785,1.3785,1.3785,1.3785,0,1
1754197800000,1754197859000,1.3785,1.3785,1.3785,1.3785,0,1
1754197860000,1754197919000,1.3785,1.3785,1.3785,1.3785,0,1
1754197920000,1754197979000,1.3785,1.3785,1.3785,1.3785,0,1
1754197980000,1754198039000,1.3785,1.3785,1.3785,1.3785,0,1
1754198040000,1754198099000,1.3785,1.3785,1.3785,1.3785,0,1
1754198100000,1754198159000,1.3785,1.3785,1.3785,1.3785,0,1
1754198160000,1754198219000,1.3785,1.3785,1.3785,1.3785,0,1
1754198220000,1754198279000,1.3785,1.3785,1.3785,1.3785,0,1
1754198280000,1754198339000,1.3785,1.3785,1.3785,1.3785,0,1
1754198340000,1754198399000,1.3785,1.3785,1.3785,1.3785,0,1
1754198400000,1754198459000,1.3785,1.3785,1.3785,1.3785,0,1
1754198460000,1754198519000,1.3785,1.3785,1.3785,1.3785,0,1
1754198520000,1754198579000,1.3785,1.3785,1.3785,1.3785,0,1
1754198580000,1754198639000,1.3785,1.3785,1.3785,1.3785,0,1
1754198640000,1754198699000,1.3785,1.3785,1.3785,1.3785,0,1
1754198700000,1754198759000,1.3785,1.3785,1.3785,1.3785,0,1
1754198760000,1754198819000,1.3785,1.3785,1.3785,1.3785,0,1
1754198820000,1754198879000,1.3785,1.3785,1.3785,1.3785,0,1
1754198880000,1754198939000,1.3785,1.3785,1.3785,1.3785,0,1
1754198940000,1754198999000,1.3785,1.3785,1.3785,1.3785,0,1
1754199000000,1754199059000,1.3785,1.3785,1.3785,1.3785,0,1
1754199060000,1754199119000,1.3785,1.3785,1.3785,1.3785,0,1
1754199120000,1754199179000,1.3785,1.3785,1.3785,1.3785,0,1
1754199180000,1754199239000,1.3785,1.3785,1.3785,1.3785,0,1
1754199240000,1754199299000,1.3785,1.3785,1.3785,1.3785,0,1
1754199300000,1754199359000,1.3785,1.3785,1.3785,1.3785,0,1
1754199360000,1754199419000,1.3785,1.3785,1.3785,1.3785,0,1
1754199420000,1754199479000,1.3785,1.3785,1.3785,1.3785,0,1
1754199480000,1754199539000,1.3785,1.3785,1.3785,1.3785,0,1
1754199540000,1754199599000,1.3785,1.3785,1.3785,1.3785,0,1
1754199600000,1754199659000,1.3785,1.3785,1.3785,1.3785,0,1
1754199660000,1754199719000,1.3785,1.3785,1.3785,1.3785,0,1
1754199720000,1754199779000,1.3785,1.3785,1.3785,1.3785,0,1
1754199780000,1754199839000,1.3785,1.3785,1.3785,1.3785,0,1
1754199840000,1754199899000,1.3785,1.3785,1.3785,1.3785,0,1
1754199900000,1754199959000,1.3785,1.3785,1.3785,1.3785,0,1
1754199960000,1754200019000,1.3785,1.3785,1.3785,1.3785,0,1
1754200020000,1754200079000,1.3785,1.3785,1.3785,1.3785,0,1
1754200080000,1754200139000,1.3785,1.3785,1.3785,1.3785,0,1
1754200140000,1754200199000,1.3785,1.3785,1.3785,1.3785,0,1
1754200200000,1754200259000,1.3785,1.3785,1.3785,1.3785,0,1
1754200260000,1754200319000,1.3785,1.3785,1.3785,1.3785,0,1
1754200320000,1754200379000,1.3785,1.3785,1.3785,1.3785,0,1
1754200380000,1754200439000,1.3785,1.3785,1.3785,1.3785,0,1
1754200440000,1754200499000,1.3785,1.3785,1.3785,1.3785,0,1
1754200500000,1754200559000,1.3785,1.3785,1.3785,1.3785,0,1
1754200560000,1754200619000,1.3785,1.3785,1.3785,1.3785,0,1
1754200620000,1754200679000,1.3785,1.3785,1.3785,1.3785,0,1
1754200680000,1754200739000,1.3785,1.3785,1.3785,1.3785,0,1
1754200740000,1754200799000,1.3785,1.3785,1.3785,1.3785,0,1
1754200800000,1754200859000,1.3785,1.3785,1.3785,1.3785,0,1
1754200860000,1754200919000,1.3785,1.3785,1.3785,1.3785,0,1
1754200920000,1754200979000,1.3785,1.3785,1.3785,1.3785,0,1
1754200980000,1754201039000,1.3785,1.3785,1.3785,1.3785,0,1
1754201040000,1754201099000,1.3785,1.3785,1.3785,1.3785,0,1
1754201100000,1754201159000,1.3785,1.3785,1.3785,1.3785,0,1
1754201160000,1754201219000,1.3785,1.3785,1.3785,1.3785,0,1
1754201220000,1754201279000,1.3785,1.3785,1.3785,1.3785,0,1
1754201280000,1754201339000,1.3785,1.3785,1.3785,1.3785,0,1
1754201340000,1754201399000,1.3785,1.3785,1.3785,1.3785,0,1
1754201400000,1754201459000,1.3785,1.3785,1.3785,1.3785,0,1
1754201460000,1754201519000,1.3785,1.3785,1.3785,1.3785,0,1
1754201520000,1754201579000,1.3785,1.3785,1.3785,1.3785,0,1
1754201580000,1754201639000,1.3785,1.3785,1.3785,1.3785,0,1
1754201640000,1754201699000,1.3785,1.3785,1.3785,1.3785,0,1
1754201700000,1754201759000,1.3785,1.3785,1.3785,1.3785,0,1
1754201760000,1754201819000,1.3785,1.3785,1.3785,1.3785,0,1
1754201820000,1754201879000,1.3785,1.3785,1.3785,1.3785,0,1
1754201880000,1754201939000,1.3785,1.3785,1.3785,1.3785,0,1
1754201940000,1754201999000,1.3785,1.3785,1.3785,1.3785,0,1
1754202000000,1754202059000,1.3785,1.3785,1.3785,1.3785,0,1
1754202060000,1754202119000,1.3785,1.3785,1.3785,1.3785,0,1
1754202120000,1754202179000,1.3785,1.3785,1.3785,1.3785,0,1
1754202180000,1754202239000,1.3785,1.3785,1.3785,1.3785,0,1
1754202240000,1754202299000,1.3785,1.3785,1.3785,1.3785,0,1
1754202300000,1754202359000,1.3785,1.3785,1.3785,1.3785,0,1
1754202360000,1754202419000,1.3785,1.3785,1.3785,1.3785,0,1
1754202420000,1754202479000,1.3785,1.3785,1.3785,1.3785,0,1
1754202480000,1754202539000,1.3785,1.3785,1.3785,1.3785,0,1
1754202540000,1754202599000,1.3785,1.3785,1.3785,1.3785,0,1
1754202600000,1754202659000,1.3785,1.3785,1.3785,1.3785,0,1
1754202660000,1754202719000,1.3785,1.3785,1.3785,1.3785,0,1
1754202720000,1754202779000,1.3785,1.3785,1.3785,1.3785,0,1
1754202780000,1754202839000,1.3785,1.3785,1.3785,1.3785,0,1
1754202840000,1754202899000,1.3785,1.3785,1.3785,1.3785,0,1
1754202900000,1754202959000,1.3785,1.3785,1.3785,1.3785,0,1
1754202960000,1754203019000,1.3785,1.3785,1.3785,1.3785,0,1
1754203020000,1754203079000,1.3785,1.3785,1.3785,1.3785,0,1
1754203080000,1754203139000,1.3785,1.3785,1.3785,1.3785,0,1
1754203140000,1754203199000,1.3785,1.3785,1.3785,1.3785,0,1
1754203200000,1754203259000,1.3785,1.3785,1.3785,1.3785,0,1
1754203260000,1754203319000,1.3785,1.3785,1.3785,1.3785,0,1
1754203320000,1754203379000,1.3785,1.3785,1.3785,1.3785,0,1
1754203380000,1754203439000,1.3785,1.3785,1.3785,1.3785,0,1
1754203440000,1754203499000,1.3785,1.3785,1.3785,1.3785,0,1
1754203500000,1754203559000,1.3785,1.3785,1.3785,1.3785,0,1
1754203560000,1754203619000,1.3785,1.3785,1.3785,1.3785,0,1
1754203620000,1754203679000,1.3785,1.3785,1.3785,1.3785,0,1
1754203680000,1754203739000,1.3785,1.3785,1.3785,1.3785,0,1
1754203740000,1754203799000,1.3785,1.3785,1.3785,1.3785,0,1
1754203800000,1754203859000,1.3785,1.3785,1.3785,1.3785,0,1
1754203860000,1754203919000,1.3785,1.3785,1.3785,1.3785,0,1
1754203920000,1754203979000,1.3785,1.3785,1.3785,1.3785,0,1
1754203980000,1754204039000,1.3785,1.3785,1.3785,1.3785,0,1
1754204040000,1754204099000,1.3785,1.3785,1.3785,1.3785,0,1
1754204100000,1754204159000,1.3785,1.3785,1.3785,1.3785,0,1
1754204160000,1754204219000,1.3785,1.3785,1.3785,1.3785,0,1
1754204220000,1754204279000,1.3785,1.3785,1.3785,1.3785,0,1
1754204280000,1754204339000,1.3785,1.3785,1.3785,1.3785,0,1
1754204340000,1754204399000,1.3785,1.3785,1.3785,1.3785,0,1
1754204400000,1754204459000,1.3785,1.3785,1.3785,1.3785,0,1
1754204460000,1754204519000,1.3785,1.3785,1.3785,1.3785,0,1
1754204520000,1754204579000,1.3785,1.3785,1.3785,1.3785,0,1
1754204580000,1754204639000,1.3785,1.3785,1.3785,1.3785,0,1
1754204640000,1754204699000,1.3785,1.3785,1.3785,1.3785,0,1
1754204700000,1754204759000,1.3785,1.3785,1.3785,1.3785,0,1
1754204760000,1754204819000,1.3785,1.3785,1.3785,1.3785,0,1
1754204820000,1754204879000,1.3785,1.3785,1.3785,1.3785,0,1
1754204880000,1754204939000,1.3785,1.3785,1.3785,1.3785,0,1
1754204940000,1754204999000,1.3785,1.3785,1.3785,1.3785,0,1
1754205000000,1754205059000,1.3785,1.3785,1.3785,1.3785,0,1
1754205060000,1754205119000,1.3785,1.3785,1.3785,1.3785,0,1
1754205120000,1754205179000,1.3785,1.3785,1.3785,1.3785,0,1
1754205180000,1754205239000,1.3785,1.3785,1.3785,1.3785,0,1
1754205240000,1754205299000,1.3785,1.3785,1.3785,1.3785,0,1
1754205300000,1754205359000,1.3785,1.3785,1.3785,1.3785,0,1
1754205360000,1754205419000,1.3785,1.3785,1.3785,1.3785,0,1
1754205420000,1754205479000,1.3785,1.3785,1.3785,1.3785,0,1
1754205480000,1754205539000,1.3785,1.3785,1.3785,1.3785,0,1
1754205540000,1754205599000,1.3785,1.3785,1.3785,1.3785,0,1
1754205600000,1754205659000,1.3785,1.3785,1.3785,1.3785,0,1
1754205660000,1754205719000,1.3785,1.3785,1.3785,1.3785,0,1
1754205720000,1754205779000,1.3785,1.3785,1.3785,1.3785,0,1
1754205780000,1754205839000,1.3785,1.3785,1.3785,1.3785,0,1
1754205840000,1754205899000,1.3785,1.3785,1.3785,1.3785,0,1
1754205900000,1754205959000,1.3785,1.3785,1.3785,1.3785,0,1
1754205960000,1754206019000,1.3785,1.3785,1.3785,1.3785,0,1
1754206020000,1754206079000,1.3785,1.3785,1.3785,1.3785,0,1
1754206080000,1754206139000,1.3785,1.3785,1.3785,1.3785,0,1
1754206140000,1754206199000,1.3785,1.3785,1.3785,1.3785,0,1
1754206200000,1754206259000,1.3785,1.3785,1.3785,1.3785,0,1
1754206260000,1754206319000,1.3785,1.3785,1.3785,1.3785,0,1
1754206320000,1754206379000,1.3785,1.3785,1.3785,1.3785,0,1
1754206380000,1754206439000,1.3785,1.3785,1.3785,1.3785,0,1
1754206440000,1754206499000,1.3785,1.3785,1.3785,1.3785,0,1
1754206500000,1754206559000,1.3785,1.3785,1.3785,1.3785,0,1
1754206560000,1754206619000,1.3785,1.3785,1.3785,1.3785,0,1
1754206620000,1754206679000,1.3785,1.3785,1.3785,1.3785,0,1
1754206680000,1754206739000,1.3785,1.3785,1.3785,1.3785,0,1
1754206740000,1754206799000,1.3785,1.3785,1.3785,1.3785,0,1
1754206800000,1754206859000,1.3785,1.3785,1.3785,1.3785,0,1
1754206860000,1754206919000,1.3785,1.3785,1.3785,1.3785,0,1
1754206920000,1754206979000,1.3785,1.3785,1.3785,1.3785,0,1
1754206980000,1754207039000,1.3785,1.3785,1.3785,1.3785,0,1
1754207040000,1754207099000,1.3785,1.3785,1.3785,1.3785,0,1
1754207100000,1754207159000,1.3785,1.3785,1.3785,1.3785,0,1
1754207160000,1754207219000,1.3785,1.3785,1.3785,1.3785,0,1
1754207220000,1754207279000,1.3785,1.3785,1.3785,1.3785,0,1
1754207280000,1754207339000,1.3785,1.3785,1.3785,1.3785,0,1
1754207340000,1754207399000,1.3785,1.3785,1.3785,1.3785,0,1
1754207400000,1754207459000,1.3785,1.3785,1.3785,1.3785,0,1
1754207460000,1754207519000,1.3785,1.3785,1.3785,1.3785,0,1
1754207520000,1754207579000,1.3785,1.3785,1.3785,1.3785,0,1
1754207580000,1754207639000,1.3785,1.3785,1.3785,1.3785,0,1
1754207640000,1754207699000,1.3785,1.3785,1.3785,1.3785,0,1
1754207700000,1754207759000,1.3785,1.3785,1.3785,1.3785,0,1
1754207760000,1754207819000,1.3785,1.3785,1.3785,1.3785,0,1
1754207820000,1754207879000,1.3785,1.3785,1.3785,1.3785,0,1
1754207880000,1754207939000,1.3785,1.3785,1.3785,1.3785,0,1
1754207940000,1754207999000,1.3785,1.3785,1.3785,1.3785,0,1
1754208000000,1754208059000,1.3785,1.3785,1.3785,1.3785,0,1
1754208060000,1754208119000,1.3785,1.3785,1.3785,1.3785,0,1
1754208120000,1754208179000,1.3785,1.3785,1.3785,1.3785,0,1
1754208180000,1754208239000,1.3785,1.3785,1.3785,1.3785,0,1
1754208240000,1754208299000,1.3785,1.3785,1.3785,1.3785,0,1
1754208300000,1754208359000,1.3785,1.3785,1.3785,1.3785,0,1
1754208360000,1754208419000,1.3785,1.3785,1.3785,1.3785,0,1
1754208420000,1754208479000,1.3785,1.3785,1.3785,1.3785,0,1
1754208480000,1754208539000,1.3785,1.3785,1.3785,1.3785,0,1
1754208540000,1754208599000,1.3785,1.3785,1.3785,1.3785,0,1
1754208600000,1754208659000,1.3785,1.3785,1.3785,1.3785,0,1
1754208660000,1754208719000,1.3785,1.3785,1.3785,1.3785,0,1
1754208720000,1754208779000,1.3785,1.3785,1.3785,1.3785,0,1
1754208780000,1754208839000,1.3785,1.3785,1.3785,1.3785,0,1
1754208840000,1754208899000,1.3785,1.3785,1.3785,1.3785,0,1
1754208900000,1754208959000,1.3785,1.3785,1.3785,1.3785,0,1
1754208960000,1754209019000,1.3785,1.3785,1.3785,1.3785,0,1
1754209020000,1754209079000,1.3785,1.3785,1.3785,1.3785,0,1
1754209080000,1754209139000,1.3785,1.3785,1.3785,1.3785,0,1
1754209140000,1754209199000,1.3785,1.3785,1.3785,1.3785,0,1
1754209200000,1754209259000,1.3785,1.3785,1.3785,1.3785,0,1
1754209260000,1754209319000,1.3785,1.3785,1.3785,1.3785,0,1
1754209320000,1754209379000,1.3785,1.3785,1.3785,1.3785,0,1
1754209380000,1754209439000,1.3785,1.3785,1.3785,1.3785,0,1
1754209440000,1754209499000,1.3785,1.3785,1.3785,1.3785,0,1
1754209500000,1754209559000,1.3785,1.3785,1.3785,1.3785,0,1
1754209560000,1754209619000,1.3785,1.3785,1.3785,1.3785,0,1
1754209620000,1754209679000,1.3785,1.3785,1.3785,1.3785,0,1
1754209680000,1754209739000,1.3785,1.3785,1.3785,1.3785,0,1
1754209740000,1754209799000,1.3785,1.3785,1.3785,1.3785,0,1
1754209800000,1754209859000,1.3785,1.3785,1.3785,1.3785,0,1
1754209860000,1754209919000,1.3785,1.3785,1.3785,1.3785,0,1
1754209920000,1754209979000,1.3785,1.3785,1.3785,1.3785,0,1
1754209980000,1754210039000,1.3785,1.3785,1.3785,1.3785,0,1
1754210040000,1754210099000,1.3785,1.3785,1.3785,1.3785,0,1
1754210100000,1754210159000,1.3785,1.3785,1.3785,1.3785,0,1
1754210160000,1754210219000,1.3785,1.3785,1.3785,1.3785,0,1
1754210220000,1754210279000,1.3785,1.3785,1.3785,1.3785,0,1
1754210280000,1754210339000,1.3785,1.3785,1.3785,1.3785,0,1
1754210340000,1754210399000,1.3785,1.3785,1.3785,1.3785,0,1
1754210400000,1754210459000,1.3785,1.3785,1.3785,1.3785,0,1
1754210460000,1754210519000,1.3785,1.3785,1.3785,1.3785,0,1
1754210520000,1754210579000,1.3785,1.3785,1.3785,1.3785,0,1
1754210580000,1754210639000,1.3785,1.3785,1.3785,1.3785,0,1
1754210640000,1754210699000,1.3785,1.3785,1.3785,1.3785,0,1
1754210700000,1754210759000,1.3785,1.3785,1.3785,1.3785,0,1
1754210760000,1754210819000,1.3785,1.3785,1.3785,1.3785,0,1
1754210820000,1754210879000,1.3785,1.3785,1.3785,1.3785,0,1
1754210880000,1754210939000,1.3785,1.3785,1.3785,1.3785,0,1
1754210940000,1754210999000,1.3785,1.3785,1.3785,1.3785,0,1
1754211000000,1754211059000,1.3785,1.3785,1.3785,1.3785,0,1
1754211060000,1754211119000,1.3785,1.3785,1.3785,1.3785,0,1
1754211120000,1754211179000,1.3785,1.3785,1.3785,1.3785,0,1
1754211180000,1754211239000,1.3785,1.3785,1.3785,1.3785,0,1
1754211240000,1754211299000,1.3785,1.3785,1.3785,1.3785,0,1
1754211300000,1754211359000,1.3785,1.3785,1.3785,1.3785,0,1
1754211360000,1754211419000,1.3785,1.3785,1.3785,1.3785,0,1
1754211420000,1754211479000,1.3785,1.3785,1.3785,1.3785,0,1
1754211480000,1754211539000,1.3785,1.3785,1.3785,1.3785,0,1
1754211540000,1754211599000,1.3785,1.3785,1.3785,1.3785,0,1
1754211600000,1754211659000,1.3785,1.3785,1.3785,1.3785,0,1
1754211660000,1754211719000,1.3785,1.3785,1.3785,1.3785,0,1
1754211720000,1754211779000,1.3785,1.3785,1.3785,1.3785,0,1
1754211780000,1754211839000,1.3785,1.3785,1.3785,1.3785,0,1
1754211840000,1754211899000,1.3785,1.3785,1.3785,1.3785,0,1
1754211900000,1754211959000,1.3785,1.3785,1.3785,1.3785,0,1
1754211960000,1754212019000,1.3785,1.3785,1.3785,1.3785,0,1
1754212020000,1754212079000,1.3785,1.3785,1.3785,1.3785,0,1
1754212080000,1754212139000,1.3785,1.3785,1.3785,1.3785,0,1
1754212140000,1754212199000,1.3785,1.3785,1.3785,1.3785,0,1
1754212200000,1754212259000,1.3785,1.3785,1.3785,1.3785,0,1
1754212260000,1754212319000,1.3785,1.3785,1.3785,1.3785,0,1
1754212320000,1754212379000,1.3785,1.3785,1.3785,1.3785,0,1
1754212380000,1754212439000,1.3785,1.3785,1.3785,1.3785,0,1
1754212440000,1754212499000,1.3785,1.3785,1.3785,1.3785,0,1
1754212500000,1754212559000,1.3785,1.3785,1.3785,1.3785,0,1
1754212560000,1754212619000,1.3785,1.3785,1.3785,1.3785,0,1
1754212620000,1754212679000,1.3785,1.3785,1.3785,1.3785,0,1
1754212680000,1754212739000,1.3785,1.3785,1.3785,1.3785,0,1
1754212740000,1754212799000,1.3785,1.3785,1.3785,1.3785,0,1
1754212800000,1754212859000,1.3785,1.3785,1.3785,1.3785,0,1
1754212860000,1754212919000,1.3785,1.3785,1.3785,1.3785,0,1
1754212920000,1754212979000,1.3785,1.3785,1.3785,1.3785,0,1
1754212980000,1754213039000,1.3785,1.3785,1.3785,1.3785,0,1
1754213040000,1754213099000,1.3785,1.3785,1.3785,1.3785,0,1
1754213100000,1754213159000,1.3785,1.3785,1.3785,1.3785,0,1
1754213160000,1754213219000,1.3785,1.3785,1.3785,1.3785,0,1
1754213220000,1754213279000,1.3785,1.3785,1.3785,1.3785,0,1
1754213280000,1754213339000,1.3785,1.3785,1.3785,1.3785,0,1
1754213340000,1754213399000,1.3785,1.3785,1.3785,1.3785,0,1
1754213400000,1754213459000,1.3785,1.3785,1.3785,1.3785,0,1
1754213460000,1754213519000,1.3785,1.3785,1.3785,1.3785,0,1
1754213520000,1754213579000,1.3785,1.3785,1.3785,1.3785,0,1
1754213580000,1754213639000,1.3785,1.3785,1.3785,1.3785,0,1
1754213640000,1754213699000,1.3785,1.3785,1.3785,1.3785,0,1
1754213700000,1754213759000,1.3785,1.3785,1.3785,1.3785,0,1
1754213760000,1754213819000,1.3785,1.3785,1.3785,1.3785,0,1
1754213820000,1754213879000,1.3785,1.3785,1.3785,1.3785,0,1
1754213880000,1754213939000,1.3785,1.3785,1.3785,1.3785,0,1
1754213940000,1754213999000,1.3785,1.3785,1.3785,1.3785,0,1
1754214000000,1754214059000,1.3785,1.3785,1.3785,1.3785,0,1
1754214060000,1754214119000,1.3785,1.3785,1.3785,1.3785,0,1
1754214120000,1754214179000,1.3785,1.3785,1.3785,1.3785,0,1
1754214180000,1754214239000,1.3785,1.3785,1.3785,1.3785,0,1
1754214240000,1754214299000,1.3785,1.3785,1.3785,1.3785,0,1
1754214300000,1754214359000,1.3785,1.3785,1.3785,1.3785,0,1
1754214360000,1754214419000,1.3785,1.3785,1.3785,1.3785,0,1
1754214420000,1754214479000,1.3785,1.3785,1.3785,1.3785,0,1
1754214480000,1754214539000,1.3785,1.3785,1.3785,1.3785,0,1
1754214540000,1754214599000,1.3785,1.3785,1.3785,1.3785,0,1
1754214600000,1754214659000,1.3785,1.3785,1.3785,1.3785,0,1
1754214660000,1754214719000,1.3785,1.3785,1.3785,1.3785,0,1
1754214720000,1754214779000,1.3785,1.3785,1.3785,1.3785,0,1
1754214780000,1754214839000,1.3785,1.3785,1.3785,1.3785,0,1
1754214840000,1754214899000,1.3785,1.3785,1.3785,1.3785,0,1
1754214900000,1754214959000,1.3785,1.3785,1.3785,1.3785,0,1
1754214960000,1754215019000,1.3785,1.3785,1.3785,1.3785,0,1
1754215020000,1754215079000,1.3785,1.3785,1.3785,1.3785,0,1
1754215080000,1754215139000,1.3785,1.3785,1.3785,1.3785,0,1
1754215140000,1754215199000,1.3785,1.3785,1.3785,1.3785,0,1
1754215200000,1754215259000,1.3785,1.3785,1.3785,1.3785,0,1
1754215260000,1754215319000,1.3785,1.3785,1.3785,1.3785,0,1
1754215320000,1754215379000,1.3785,1.3785,1.3785,1.3785,0,1
1754215380000,1754215439000,1.3785,1.3785,1.3785,1.3785,0,1
1754215440000,1754215499000,1.3785,1.3785,1.3785,1.3785,0,1
1754215500000,1754215559000,1.3785,1.3785,1.3785,1.3785,0,1
1754215560000,1754215619000,1.3785,1.3785,1.3785,1.3785,0,1
1754215620000,1754215679000,1.3785,1.3785,1.3785,1.3785,0,1
1754215680000,1754215739000,1.3785,1.3785,1.3785,1.3785,0,1
1754215740000,1754215799000,1.3785,1.3785,1.3785,1.3785,0,1
1754215800000,1754215859000,1.3785,1.3785,1.3785,1.3785,0,1
1754215860000,1754215919000,1.3785,1.3785,1.3785,1.3785,0,1
1754215920000,1754215979000,1.3785,1.3785,1.3785,1.3785,0,1
1754215980000,1754216039000,1.3785,1.3785,1.3785,1.3785,0,1
1754216040000,1754216099000,1.3785,1.3785,1.3785,1.3785,0,1
1754216100000,1754216159000,1.3785,1.3785,1.3785,1.3785,0,1
1754216160000,1754216219000,1.3785,1.3785,1.3785,1.3785,0,1
1754216220000,1754216279000,1.3785,1.3785,1.3785,1.3785,0,1
1754216280000,1754216339000,1.3785,1.3785,1.3785,1.3785,0,1
1754216340000,1754216399000,1.3785,1.3785,1.3785,1.3785,0,1
1754216400000,1754216459000,1.3785,1.3785,1.3785,1.3785,0,1
1754216460000,1754216519000,1.3785,1.3785,1.3785,1.3785,0,1
1754216520000,1754216579000,1.3785,1.3785,1.3785,1.3785,0,1
1754216580000,1754216639000,1.3785,1.3785,1.3785,1.3785,0,1
1754216640000,1754216699000,1.3785,1.3785,1.3785,1.3785,0,1
1754216700000,1754216759000,1.3785,1.3785,1.3785,1.3785,0,1
1754216760000,1754216819000,1.3785,1.3785,1.3785,1.3785,0,1
1754216820000,1754216879000,1.3785,1.3785,1.3785,1.3785,0,1
1754216880000,1754216939000,1.3785,1.3785,1.3785,1.3785,0,1
1754216940000,1754216999000,1.3785,1.3785,1.3785,1.3785,0,1
1754217000000,1754217059000,1.3785,1.3785,1.3785,1.3785,0,1
1754217060000,1754217119000,1.3785,1.3785,1.3785,1.3785,0,1
1754217120000,1754217179000,1.3785,1.3785,1.3785,1.3785,0,1
1754217180000,1754217239000,1.3785,1.3785,1.3785,1.3785,0,1
1754217240000,1754217299000,1.3785,1.3785,1.3785,1.3785,0,1
1754217300000,1754217359000,1.3785,1.3785,1.3785,1.3785,0,1
1754217360000,1754217419000,1.3785,1.3785,1.3785,1.3785,0,1
1754217420000,1754217479000,1.3785,1.3785,1.3785,1.3785,0,1
1754217480000,1754217539000,1.3785,1.3785,1.3785,1.3785,0,1
1754217540000,1754217599000,1.3785,1.3785,1.3785,1.3785,0,1
1754217600000,1754217659000,1.3785,1.3785,1.3785,1.3785,0,1
1754217660000,1754217719000,1.3785,1.3785,1.3785,1.3785,0,1
1754217720000,1754217779000,1.3785,1.3785,1.3785,1.3785,0,1
1754217780000,1754217839000,1.3785,1.3785,1.3785,1.3785,0,1
1754217840000,1754217899000,1.3785,1.3785,1.3785,1.3785,0,1
1754217900000,1754217959000,1.3785,1.3785,1.3785,1.3785,0,1
1754217960000,1754218019000,1.3785,1.3785,1.3785,1.3785,0,1
1754218020000,1754218079000,1.3785,1.3785,1.3785,1.3785,0,1
1754218080000,1754218139000,1.3785,1.3785,1.3785,1.3785,0,1
1754218140000,1754218199000,1.3785,1.3785,1.3785,1.3785,0,1
1754218200000,1754218259000,1.3785,1.3785,1.3785,1.3785,0,1
1754218260000,1754218319000,1.3785,1.3785,1.3785,1.3785,0,1
1754218320000,1754218379000,1.3785,1.3785,1.3785,1.3785,0,1
1754218380000,1754218439000,1.3785,1.3785,1.3785,1.3785,0,1
1754218440000,1754218499000,1.3785,1.3785,1.3785,1.3785,0,1
1754218500000,1754218559000,1.3785,1.3785,1.3785,1.3785,0,1
1754218560000,1754218619000,1.3785,1.3785,1.3785,1.3785,0,1
1754218620000,1754218679000,1.3785,1.3785,1.3785,1.3785,0,1
1754218680000,1754218739000,1.3785,1.3785,1.3785,1.3785,0,1
1754218740000,1754218799000,1.3785,1.3785,1.3785,1.3785,0,1
1754218800000,1754218859000,1.3785,1.3785,1.3785,1.3785,0,1
1754218860000,1754218919000,1.3785,1.3785,1.3785,1.3785,0,1
1754218920000,1754218979000,1.3785,1.3785,1.3785,1.3785,0,1
1754218980000,1754219039000,1.3785,1.3785,1.3785,1.3785,0,1
1754219040000,1754219099000,1.3785,1.3785,1.3785,1.3785,0,1
1754219100000,1754219159000,1.3785,1.3785,1.3785,1.3785,0,1
1754219160000,1754219219000,1.3785,1.3785,1.3785,1.3785,0,1
1754219220000,1754219279000,1.3785,1.3785,1.3785,1.3785,0,1
1754219280000,1754219339000,1.3785,1.3785,1.3785,1.3785,0,1
1754219340000,1754219399000,1.3785,1.3785,1.3785,1.3785,0,1
1754219400000,1754219459000,1.3785,1.3785,1.3785,1.3785,0,1
1754219460000,1754219519000,1.3785,1.3785,1.3785,1.3785,0,1
1754219520000,1754219579000,1.3785,1.3785,1.3785,1.3785,0,1
1754219580000,1754219639000,1.3785,1.3785,1.3785,1.3785,0,1
1754219640000,1754219699000,1.3785,1.3785,1.3785,1.3785,0,1
1754219700000,1754219759000,1.3785,1.3785,1.3785,1.3785,0,1
1754219760000,1754219819000,1.3785,1.3785,1.3785,1.3785,0,1
1754219820000,1754219879000,1.3785,1.3785,1.3785,1.3785,0,1
1754219880000,1754219939000,1.3785,1.3785,1.3785,1.3785,0,1
1754219940000,1754219999000,1.3785,1.3785,1.3785,1.3785,0,1
1754220000000,1754220059000,1.3785,1.3785,1.3785,1.3785,0,1
1754220060000,1754220119000,1.3785,1.3785,1.3785,1.3785,0,1
1754220120000,1754220179000,1.3785,1.3785,1.3785,1.3785,0,1
1754220180000,1754220239000,1.3785,1.3785,1.3785,1.3785,0,1
1754220240000,1754220299000,1.3785,1.3785,1.3785,1.3785,0,1
1754220300000,1754220359000,1.3785,1.3785,1.3785,1.3785,0,1
1754220360000,1754220419000,1.3785,1.3785,1.3785,1.3785,0,1
1754220420000,1754220479000,1.3785,1.3785,1.3785,1.3785,0,1
1754220480000,1754220539000,1.3785,1.3785,1.3785,1.3785,0,1
1754220540000,1754220599000,1.3785,1.3785,1.3785,1.3785,0,1
1754220600000,1754220659000,1.3785,1.3785,1.3785,1.3785,0,1
1754220660000,1754220719000,1.3785,1.3785,1.3785,1.3785,0,1
1754220720000,1754220779000,1.3785,1.3785,1.3785,1.3785,0,1
1754220780000,1754220839000,1.3785,1.3785,1.3785,1.3785,0,1
1754220840000,1754220899000,1.3785,1.3785,1.3785,1.3785,0,1
1754220900000,1754220959000,1.3785,1.3785,1.3785,1.3785,0,1
1754220960000,1754221019000,1.3785,1.3785,1.3785,1.3785,0,1
1754221020000,1754221079000,1.3785,1.3785,1.3785,1.3785,0,1
1754221080000,1754221139000,1.3785,1.3785,1.3785,1.3785,0,1
1754221140000,1754221199000,1.3785,1.3785,1.3785,1.3785,0,1
1754221200000,1754221259000,1.3785,1.3785,1.3785,1.3785,0,1
1754221260000,1754221319000,1.3785,1.3785,1.3785,1.3785,0,1
1754221320000,1754221379000,1.3785,1.3785,1.3785,1.3785,0,1
1754221380000,1754221439000,1.3785,1.3785,1.3785,1.3785,0,1
1754221440000,1754221499000,1.3785,1.3785,1.3785,1.3785,0,1
1754221500000,1754221559000,1.3785,1.3785,1.3785,1.3785,0,1
1754221560000,1754221619000,1.3785,1.3785,1.3785,1.3785,0,1
1754221620000,1754221679000,1.3785,1.3785,1.3785,1.3785,0,1
1754221680000,1754221739000,1.3785,1.3785,1.3785,1.3785,0,1
1754221740000,1754221799000,1.3785,1.3785,1.3785,1.3785,0,1
1754221800000,1754221859000,1.3785,1.3785,1.3785,1.3785,0,1
1754221860000,1754221919000,1.3785,1.3785,1.3785,1.3785,0,1
1754221920000,1754221979000,1.3785,1.3785,1.3785,1.3785,0,1
1754221980000,1754222039000,1.3785,1.3785,1.3785,1.3785,0,1
1754222040000,1754222099000,1.3785,1.3785,1.3785,1.3785,0,1
1754222100000,1754222159000,1.3785,1.3785,1.3785,1.3785,0,1
1754222160000,1754222219000,1.3785,1.3785,1.3785,1.3785,0,1
1754222220000,1754222279000,1.3785,1.3785,1.3785,1.3785,0,1
1754222280000,1754222339000,1.3785,1.3785,1.3785,1.3785,0,1
1754222340000,1754222399000,1.3785,1.3785,1.3785,1.3785,0,1
1754222400000,1754222459000,1.3785,1.3785,1.3785,1.3785,0,1
1754222460000,1754222519000,1.3785,1.3785,1.3785,1.3785,0,1
1754222520000,1754222579000,1.3785,1.3785,1.3785,1.3785,0,1
1754222580000,1754222639000,1.3785,1.3785,1.3785,1.3785,0,1
1754222640000,1754222699000,1.3785,1.3785,1.3785,1.3785,0,1
1754222700000,1754222759000,1.3785,1.3785,1.3785,1.3785,0,1
1754222760000,1754222819000,1.3785,1.3785,1.3785,1.3785,0,1
1754222820000,1754222879000,1.3785,1.3785,1.3785,1.3785,0,1
1754222880000,1754222939000,1.3785,1.3785,1.3785,1.3785,0,1
1754222940000,1754222999000,1.3785,1.3785,1.3785,1.3785,0,1
1754223000000,1754223059000,1.3785,1.3785,1.3785,1.3785,0,1
1754223060000,1754223119000,1.3785,1.3785,1.3785,1.3785,0,1
1754223120000,1754223179000,1.3785,1.3785,1.3785,1.3785,0,1
1754223180000,1754223239000,1.3785,1.3785,1.3785,1.3785,0,1
1754223240000,1754223299000,1.3785,1.3785,1.3785,1.3785,0,1
1754223300000,1754223359000,1.3785,1.3785,1.3785,1.3785,0,1
1754223360000,1754223419000,1.3785,1.3785,1.3785,1.3785,0,1
1754223420000,1754223479000,1.3785,1.3785,1.3785,1.3785,0,1
1754223480000,1754223539000,1.3785,1.3785,1.3785,1.3785,0,1
1754223540000,1754223599000,1.3785,1.3785,1.3785,1.3785,0,1
1754223600000,1754223659000,1.3785,1.3785,1.3785,1.3785,0,1
1754223660000,1754223719000,1.3785,1.3785,1.3785,1.3785,0,1
1754223720000,1754223779000,1.3785,1.3785,1.3785,1.3785,0,1
1754223780000,1754223839000,1.3785,1.3785,1.3785,1.3785,0,1
1754223840000,1754223899000,1.3785,1.3785,1.3785,1.3785,0,1
1754223900000,1754223959000,1.3785,1.3785,1.3785,1.3785,0,1
1754223960000,1754224019000,1.3785,1.3785,1.3785,1.3785,0,1
1754224020000,1754224079000,1.3785,1.3785,1.3785,1.3785,0,1
1754224080000,1754224139000,1.3785,1.3785,1.3785,1.3785,0,1
1754224140000,1754224199000,1.3785,1.3785,1.3785,1.3785,0,1
1754224200000,1754224259000,1.3785,1.3785,1.3785,1.3785,0,1
1754224260000,1754224319000,1.3785,1.3785,1.3785,1.3785,0,1
1754224320000,1754224379000,1.3785,1.3785,1.3785,1.3785,0,1
1754224380000,1754224439000,1.3785,1.3785,1.3785,1.3785,0,1
1754224440000,1754224499000,1.3785,1.3785,1.3785,1.3785,0,1
1754224500000,1754224559000,1.3785,1.3785,1.3785,1.3785,0,1
1754224560000,1754224619000,1.3785,1.3785,1.3785,1.3785,0,1
1754224620000,1754224679000,1.3785,1.3785,1.3785,1.3785,0,1
1754224680000,1754224739000,1.3785,1.3785,1.3785,1.3785,0,1
1754224740000,1754224799000,1.3785,1.3785,1.3785,1.3785,0,1
1754224800000,1754224859000,1.3785,1.3785,1.3785,1.3785,0,1
1754224860000,1754224919000,1.3785,1.3785,1.3785,1.3785,0,1
1754224920000,1754224979000,1.3785,1.3785,1.3785,1.3785,0,1
1754224980000,1754225039000,1.3785,1.3785,1.3785,1.3785,0,1
1754225040000,1754225099000,1.3785,1.3785,1.3785,1.3785,0,1
1754225100000,1754225159000,1.3785,1.3785,1.3785,1.3785,0,1
1754225160000,1754225219000,1.3785,1.3785,1.3785,1.3785,0,1
1754225220000,1754225279000,1.3785,1.3785,1.3785,1.3785,0,1
1754225280000,1754225339000,1.3785,1.3785,1.3785,1.3785,0,1
1754225340000,1754225399000,1.3785,1.3785,1.3785,1.3785,0,1
1754225400000,1754225459000,1.3785,1.3785,1.3785,1.3785,0,1
1754225460000,1754225519000,1.3785,1.3785,1.3785,1.3785,0,1
1754225520000,1754225579000,1.3785,1.3785,1.3785,1.3785,0,1
1754225580000,1754225639000,1.3785,1.3785,1.3785,1.3785,0,1
1754225640000,1754225699000,1.3785,1.3785,1.3785,1.3785,0,1
1754225700000,1754225759000,1.3785,1.3785,1.3785,1.3785,0,1
1754225760000,1754225819000,1.3785,1.3785,1.3785,1.3785,0,1
1754225820000,1754225879000,1.3785,1.3785,1.3785,1.3785,0,1
1754225880000,1754225939000,1.3785,1.3785,1.3785,1.3785,0,1
1754225940000,1754225999000,1.3785,1.3785,1.3785,1.3785,0,1
1754226000000,1754226059000,1.3785,1.3785,1.3785,1.3785,0,1
1754226060000,1754226119000,1.3785,1.3785,1.3785,1.3785,0,1
1754226120000,1754226179000,1.3785,1.3785,1.3785,1.3785,0,1
1754226180000,1754226239000,1.3785,1.3785,1.3785,1.3785,0,1
1754226240000,1754226299000,1.3785,1.3785,1.3785,1.3785,0,1
1754226300000,1754226359000,1.3785,1.3785,1.3785,1.3785,0,1
1754226360000,1754226419000,1.3785,1.3785,1.3785,1.3785,0,1
1754226420000,1754226479000,1.3785,1.3785,1.3785,1.3785,0,1
1754226480000,1754226539000,1.3785,1.3785,1.3785,1.3785,0,1
1754226540000,1754226599000,1.3785,1.3785,1.3785,1.3785,0,1
1754226600000,1754226659000,1.3785,1.3785,1.3785,1.3785,0,1
1754226660000,1754226719000,1.3785,1.3785,1.3785,1.3785,0,1
1754226720000,1754226779000,1.3785,1.3785,1.3785,1.3785,0,1
1754226780000,1754226839000,1.3785,1.3785,1.3785,1.3785,0,1
1754226840000,1754226899000,1.3785,1.3785,1.3785,1.3785,0,1
1754226900000,1754226959000,1.3785,1.3785,1.3785,1.3785,0,1
1754226960000,1754227019000,1.3785,1.3785,1.3785,1.3785,0,1
1754227020000,1754227079000,1.3785,1.3785,1.3785,1.3785,0,1
1754227080000,1754227139000,1.3785,1.3785,1.3785,1.3785,0,1
1754227140000,1754227199000,1.3785,1.3785,1.3785,1.3785,0,1
1754227200000,1754227259000,1.3785,1.3785,1.3785,1.3785,0,1
1754227260000,1754227319000,1.3785,1.3785,1.3785,1.3785,0,1
1754227320000,1754227379000,1.3785,1.3785,1.3785,1.3785,0,1
1754227380000,1754227439000,1.3785,1.3785,1.3785,1.3785,0,1
1754227440000,1754227499000,1.3785,1.3785,1.3785,1.3785,0,1
1754227500000,1754227559000,1.3785,1.3785,1.3785,1.3785,0,1
1754227560000,1754227619000,1.3785,1.3785,1.3785,1.3785,0,1
1754227620000,1754227679000,1.3785,1.3785,1.3785,1.3785,0,1
1754227680000,1754227739000,1.3785,1.3785,1.3785,1.3785,0,1
1754227740000,1754227799000,1.3785,1.3785,1.3785,1.3785,0,1
1754227800000,1754227859000,1.3785,1.3785,1.3785,1.3785,0,1
1754227860000,1754227919000,1.3785,1.3785,1.3785,1.3785,0,1
1754227920000,1754227979000,1.3785,1.3785,1.3785,1.3785,0,1
1754227980000,1754228039000,1.3785,1.3785,1.3785,1.3785,0,1
1754228040000,1754228099000,1.3785,1.3785,1.3785,1.3785,0,1
1754228100000,1754228159000,1.3785,1.3785,1.3785,1.3785,0,1
1754228160000,1754228219000,1.3785,1.3785,1.3785,1.3785,0,1
1754228220000,1754228279000,1.3785,1.3785,1.3785,1.3785,0,1
1754228280000,1754228339000,1.3785,1.3785,1.3785,1.3785,0,1
1754228340000,1754228399000,1.3785,1.3785,1.3785,1.3785,0,1
1754228400000,1754228459000,1.3785,1.3785,1.3785,1.3785,0,1
1754228460000,1754228519000,1.3785,1.3785,1.3785,1.3785,0,1
1754228520000,1754228579000,1.3785,1.3785,1.3785,1.3785,0,1
1754228580000,1754228639000,1.3785,1.3785,1.3785,1.3785,0,1
1754228640000,1754228699000,1.3785,1.3785,1.3785,1.3785,0,1
1754228700000,1754228759000,1.3785,1.3785,1.3785,1.3785,0,1
1754228760000,1754228819000,1.3785,1.3785,1.3785,1.3785,0,1
1754228820000,1754228879000,1.3785,1.3785,1.3785,1.3785,0,1
1754228880000,1754228939000,1.3785,1.3785,1.3785,1.3785,0,1
1754228940000,1754228999000,1.3785,1.3785,1.3785,1.3785,0,1
1754229000000,1754229059000,1.3785,1.3785,1.3785,1.3785,0,1
1754229060000,1754229119000,1.3785,1.3785,1.3785,1.3785,0,1
1754229120000,1754229179000,1.3785,1.3785,1.3785,1.3785,0,1
1754229180000,1754229239000,1.3785,1.3785,1.3785,1.3785,0,1
1754229240000,1754229299000,1.3785,1.3785,1.3785,1.3785,0,1
1754229300000,1754229359000,1.3785,1.3785,1.3785,1.3785,0,1
1754229360000,1754229419000,1.3785,1.3785,1.3785,1.3785,0,1
1754229420000,1754229479000,1.3785,1.3785,1.3785,1.3785,0,1
1754229480000,1754229539000,1.3785,1.3785,1.3785,1.3785,0,1
1754229540000,1754229599000,1.3785,1.3785,1.3785,1.3785,0,1
1754229600000,1754229659000,1.3785,1.3785,1.3785,1.3785,0,1
1754229660000,1754229719000,1.3785,1.3785,1.3785,1.3785,0,1
1754229720000,1754229779000,1.3785,1.3785,1.3785,1.3785,0,1
1754229780000,1754229839000,1.3785,1.3785,1.3785,1.3785,0,1
1754229840000,1754229899000,1.3785,1.3785,1.3785,1.3785,0,1
1754229900000,1754229959000,1.3785,1.3785,1.3785,1.3785,0,1
1754229960000,1754230019000,1.3785,1.3785,1.3785,1.3785,0,1
1754230020000,1754230079000,1.3785,1.3785,1.3785,1.3785,0,1
1754230080000,1754230139000,1.3785,1.3785,1.3785,1.3785,0,1
1754230140000,1754230199000,1.3785,1.3785,1.3785,1.3785,0,1
1754230200000,1754230259000,1.3785,1.3785,1.3785,1.3785,0,1
1754230260000,1754230319000,1.3785,1.3785,1.3785,1.3785,0,1
1754230320000,1754230379000,1.3785,1.3785,1.3785,1.3785,0,1
1754230380000,1754230439000,1.3785,1.3785,1.3785,1.3785,0,1
1754230440000,1754230499000,1.3785,1.3785,1.3785,1.3785,0,1
1754230500000,1754230559000,1.3785,1.3785,1.3785,1.3785,0,1
1754230560000,1754230619000,1.3785,1.3785,1.3785,1.3785,0,1
1754230620000,1754230679000,1.3785,1.3785,1.3785,1.3785,0,1
1754230680000,1754230739000,1.3785,1.3785,1.3785,1.3785,0,1
1754230740000,1754230799000,1.3785,1.3785,1.3785,1.3785,0,1
1754230800000,1754230859000,1.3785,1.3785,1.3785,1.3785,0,1
1754230860000,1754230919000,1.3785,1.3785,1.3785,1.3785,0,1
1754230920000,1754230979000,1.3785,1.3785,1.3785,1.3785,0,1
1754230980000,1754231039000,1.3785,1.3785,1.3785,1.3785,0,1
1754231040000,1754231099000,1.3785,1.3785,1.3785,1.3785,0,1
1754231100000,1754231159000,1.3785,1.3785,1.3785,1.3785,0,1
1754231160000,1754231219000,1.3785,1.3785,1.3785,1.3785,0,1
1754231220000,1754231279000,1.3785,1.3785,1.3785,1.3785,0,1
1754231280000,1754231339000,1.3785,1.3785,1.3785,1.3785,0,1
1754231340000,1754231399000,1.3785,1.3785,1.3785,1.3785,0,1
1754231400000,1754231459000,1.3785,1.3785,1.3785,1.3785,0,1
1754231460000,1754231519000,1.3785,1.3785,1.3785,1.3785,0,1
1754231520000,1754231579000,1.3785,1.3785,1.3785,1.3785,0,1
1754231580000,1754231639000,1.3785,1.3785,1.3785,1.3785,0,1
1754231640000,1754231699000,1.3785,1.3785,1.3785,1.3785,0,1
1754231700000,1754231759000,1.3785,1.3785,1.3785,1.3785,0,1
1754231760000,1754231819000,1.3785,1.3785,1.3785,1.3785,0,1
1754231820000,1754231879000,1.3785,1.3785,1.3785,1.3785,0,1
1754231880000,1754231939000,1.3785,1.3785,1.3785,1.3785,0,1
1754231940000,1754231999000,1.3785,1.3785,1.3785,1.3785,0,1
1754232000000,1754232059000,1.3785,1.3785,1.3785,1.3785,0,1
1754232060000,1754232119000,1.3785,1.3785,1.3785,1.3785,0,1
1754232120000,1754232179000,1.3785,1.3785,1.3785,1.3785,0,1
1754232180000,1754232239000,1.3785,1.3785,1.3785,1.3785,0,1
1754232240000,1754232299000,1.3785,1.3785,1.3785,1.3785,0,1
1754232300000,1754232359000,1.3785,1.3785,1.3785,1.3785,0,1
1754232360000,1754232419000,1.3785,1.3785,1.3785,1.3785,0,1
1754232420000,1754232479000,1.3785,1.3785,1.3785,1.3785,0,1
1754232480000,1754232539000,1.3785,1.3785,1.3785,1.3785,0,1
1754232540000,1754232599000,1.3785,1.3785,1.3785,1.3785,0,1
1754232600000,1754232659000,1.3785,1.3785,1.3785,1.3785,0,1
1754232660000,1754232719000,1.3785,1.3785,1.3785,1.3785,0,1
1754232720000,1754232779000,1.3785,1.3785,1.3785,1.3785,0,1
1754232780000,1754232839000,1.3785,1.3785,1.3785,1.3785,0,1
1754232840000,1754232899000,1.3785,1.3785,1.3785,1.3785,0,1
1754232900000,1754232959000,1.3785,1.3785,1.3785,1.3785,0,1
1754232960000,1754233019000,1.3785,1.3785,1.3785,1.3785,0,1
1754233020000,1754233079000,1.3785,1.3785,1.3785,1.3785,0,1
1754233080000,1754233139000,1.3785,1.3785,1.3785,1.3785,0,1
1754233140000,1754233199000,1.3785,1.3785,1.3785,1.3785,0,1
1754233200000,1754233259000,1.3785,1.3785,1.3785,1.3785,0,1
1754233260000,1754233319000,1.3785,1.3785,1.3785,1.3785,0,1
1754233320000,1754233379000,1.3785,1.3785,1.3785,1.3785,0,1
1754233380000,1754233439000,1.3785,1.3785,1.3785,1.3785,0,1
1754233440000,1754233499000,1.3785,1.3785,1.3785,1.3785,0,1
1754233500000,1754233559000,1.3785,1.3785,1.3785,1.3785,0,1
1754233560000,1754233619000,1.3785,1.3785,1.3785,1.3785,0,1
1754233620000,1754233679000,1.3785,1.3785,1.3785,1.3785,0,1
1754233680000,1754233739000,1.3785,1.3785,1.3785,1.3785,0,1
1754233740000,1754233799000,1.3785,1.3785,1.3785,1.3785,0,1
1754233800000,1754233859000,1.3785,1.3785,1.3785,1.3785,0,1
1754233860000,1754233919000,1.3785,1.3785,1.3785,1.3785,0,1
1754233920000,1754233979000,1.3785,1.3785,1.3785,1.3785,0,1
1754233980000,1754234039000,1.3785,1.3785,1.3785,1.3785,0,1
1754234040000,1754234099000,1.3785,1.3785,1.3785,1.3785,0,1
1754234100000,1754234159000,1.3785,1.3785,1.3785,1.3785,0,1
1754234160000,1754234219000,1.3785,1.3785,1.3785,1.3785,0,1
1754234220000,1754234279000,1.3785,1.3785,1.3785,1.3785,0,1
1754234280000,1754234339000,1.3785,1.3785,1.3785,1.3785,0,1
1754234340000,1754234399000,1.3785,1.3785,1.3785,1.3785,0,1
1754234400000,1754234459000,1.3785,1.3785,1.3785,1.3785,0,1
1754234460000,1754234519000,1.3785,1.3785,1.3785,1.3785,0,1
1754234520000,1754234579000,1.3785,1.3785,1.3785,1.3785,0,1
1754234580000,1754234639000,1.3785,1.3785,1.3785,1.3785,0,1
1754234640000,1754234699000,1.3785,1.3785,1.3785,1.3785,0,1
1754234700000,1754234759000,1.3785,1.3785,1.3785,1.3785,0,1
1754234760000,1754234819000,1.3785,1.3785,1.3785,1.3785,0,1
1754234820000,1754234879000,1.3785,1.3785,1.3785,1.3785,0,1
1754234880000,1754234939000,1.3785,1.3785,1.3785,1.3785,0,1
1754234940000,1754234999000,1.3785,1.3785,1.3785,1.3785,0,1
1754235000000,1754235059000,1.3785,1.3785,1.3785,1.3785,0,1
1754235060000,1754235119000,1.3785,1.3785,1.3785,1.3785,0,1
1754235120000,1754235179000,1.3785,1.3785,1.3785,1.3785,0,1
1754235180000,1754235239000,1.3785,1.3785,1.3785,1.3785,0,1
1754235240000,1754235299000,1.3785,1.3785,1.3785,1.3785,0,1
1754235300000,1754235359000,1.3785,1.3785,1.3785,1.3785,0,1
1754235360000,1754235419000,1.3785,1.3785,1.3785,1.3785,0,1
1754235420000,1754235479000,1.3785,1.3785,1.3785,1.3785,0,1
1754235480000,1754235539000,1.3785,1.3785,1.3785,1.3785,0,1
1754235540000,1754235599000,1.3785,1.3785,1.3785,1.3785,0,1
1754235600000,1754235659000,1.3785,1.3785,1.3785,1.3785,0,1
1754235660000,1754235719000,1.3785,1.3785,1.3785,1.3785,0,1
1754235720000,1754235779000,1.3785,1.3785,1.3785,1.3785,0,1
1754235780000,1754235839000,1.3785,1.3785,1.3785,1.3785,0,1
1754235840000,1754235899000,1.3785,1.3785,1.3785,1.3785,0,1
1754235900000,1754235959000,1.3785,1.3785,1.3785,1.3785,0,1
1754235960000,1754236019000,1.3785,1.3785,1.3785,1.3785,0,1
1754236020000,1754236079000,1.3785,1.3785,1.3785,1.3785,0,1
1754236080000,1754236139000,1.3785,1.3785,1.3785,1.3785,0,1
1754236140000,1754236199000,1.3785,1.3785,1.3785,1.3785,0,1
1754236200000,1754236259000,1.3785,1.3785,1.3785,1.3785,0,1
1754236260000,1754236319000,1.3785,1.3785,1.3785,1.3785,0,1
1754236320000,1754236379000,1.3785,1.3785,1.3785,1.3785,0,1
1754236380000,1754236439000,1.3785,1.3785,1.3785,1.3785,0,1
1754236440000,1754236499000,1.3785,1.3785,1.3785,1.3785,0,1
1754236500000,1754236559000,1.3785,1.3785,1.3785,1.3785,0,1
1754236560000,1754236619000,1.3785,1.3785,1.3785,1.3785,0,1
1754236620000,1754236679000,1.3785,1.3785,1.3785,1.3785,0,1
1754236680000,1754236739000,1.3785,1.3785,1.3785,1.3785,0,1
1754236740000,1754236799000,1.3785,1.3785,1.3785,1.3785,0,1
1754236800000,1754236859000,1.3785,1.3785,1.3785,1.3785,0,1
1754236860000,1754236919000,1.3785,1.3785,1.3785,1.3785,0,1
1754236920000,1754236979000,1.3785,1.3785,1.3785,1.3785,0,1
1754236980000,1754237039000,1.3785,1.3785,1.3785,1.3785,0,1
1754237040000,1754237099000,1.3785,1.3785,1.3785,1.3785,0,1
1754237100000,1754237159000,1.3785,1.3785,1.3785,1.3785,0,1
1754237160000,1754237219000,1.3785,1.3785,1.3785,1.3785,0,1
1754237220000,1754237279000,1.3785,1.3785,1.3785,1.3785,0,1
1754237280000,1754237339000,1.3785,1.3785,1.3785,1.3785,0,1
1754237340000,1754237399000,1.3785,1.3785,1.3785,1.3785,0,1
1754237400000,1754237459000,1.3785,1.3785,1.3785,1.3785,0,1
1754237460000,1754237519000,1.3785,1.3785,1.3785,1.3785,0,1
1754237520000,1754237579000,1.3785,1.3785,1.3785,1.3785,0,1
1754237580000,1754237639000,1.3785,1.3785,1.3785,1.3785,0,1
1754237640000,1754237699000,1.3785,1.3785,1.3785,1.3785,0,1
1754237700000,1754237759000,1.3785,1.3785,1.3785,1.3785,0,1
1754237760000,1754237819000,1.3785,1.3785,1.3785,1.3785,0,1
1754237820000,1754237879000,1.3785,1.3785,1.3785,1.3785,0,1
1754237880000,1754237939000,1.3785,1.3785,1.3785,1.3785,0,1
1754237940000,1754237999000,1.3785,1.3785,1.3785,1.3785,0,1
1754238000000,1754238059000,1.3785,1.3785,1.3785,1.3785,0,1
1754238060000,1754238119000,1.3785,1.3785,1.3785,1.3785,0,1
1754238120000,1754238179000,1.3785,1.3785,1.3785,1.3785,0,1
1754238180000,1754238239000,1.3785,1.3785,1.3785,1.3785,0,1
1754238240000,1754238299000,1.3785,1.3785,1.3785,1.3785,0,1
1754238300000,1754238359000,1.3785,1.3785,1.3785,1.3785,0,1
1754238360000,1754238419000,1.3785,1.3785,1.3785,1.3785,0,1
1754238420000,1754238479000,1.3785,1.3785,1.3785,1.3785,0,1
1754238480000,1754238539000,1.3785,1.3785,1.3785,1.3785,0,1
1754238540000,1754238599000,1.3785,1.3785,1.3785,1.3785,0,1
1754238600000,1754238659000,1.3785,1.3785,1.3785,1.3785,0,1
1754238660000,1754238719000,1.3785,1.3785,1.3785,1.3785,0,1
1754238720000,1754238779000,1.3785,1.3785,1.3785,1.3785,0,1
1754238780000,1754238839000,1.3785,1.3785,1.3785,1.3785,0,1
1754238840000,1754238899000,1.3785,1.3785,1.3785,1.3785,0,1
1754238900000,1754238959000,1.3785,1.3785,1.3785,1.3785,0,1
1754238960000,1754239019000,1.3785,1.3785,1.3785,1.3785,0,1
1754239020000,1754239079000,1.3785,1.3785,1.3785,1.3785,0,1
1754239080000,1754239139000,1.3785,1.3785,1.3785,1.3785,0,1
1754239140000,1754239199000,1.3785,1.3785,1.3785,1.3785,0,1
1754239200000,1754239259000,1.3785,1.3785,1.3785,1.3785,0,1
1754239260000,1754239319000,1.3785,1.3785,1.3785,1.3785,0,1
1754239320000,1754239379000,1.3785,1.3785,1.3785,1.3785,0,1
1754239380000,1754239439000,1.3785,1.3785,1.3785,1.3785,0,1
1754239440000,1754239499000,1.3785,1.3785,1.3785,1.3785,0,1
1754239500000,1754239559000,1.3785,1.3785,1.3785,1.3785,0,1
1754239560000,1754239619000,1.3785,1.3785,1.3785,1.3785,0,1
1754239620000,1754239679000,1.3785,1.3785,1.3785,1.3785,0,1
1754239680000,1754239739000,1.3785,1.3785,1.3785,1.3785,0,1
1754239740000,1754239799000,1.3785,1.3785,1.3785,1.3785,0,1
1754239800000,1754239859000,1.3785,1.3785,1.3785,1.3785,0,1
1754239860000,1754239919000,1.3785,1.3785,1.3785,1.3785,0,1
1754239920000,1754239979000,1.3785,1.3785,1.3785,1.3785,0,1
1754239980000,1754240039000,1.3785,1.3785,1.3785,1.3785,0,1
1754240040000,1754240099000,1.3785,1.3785,1.3785,1.3785,0,1
1754240100000,1754240159000,1.3785,1.3785,1.3785,1.3785,0,1
1754240160000,1754240219000,1.3785,1.3785,1.3785,1.3785,0,1
1754240220000,1754240279000,1.3785,1.3785,1.3785,1.3785,0,1
1754240280000,1754240339000,1.3785,1.3785,1.3785,1.3785,0,1
1754240340000,1754240399000,1.3785,1.3785,1.3785,1.3785,0,1
1754240400000,1754240459000,1.3785,1.3785,1.3785,1.3785,0,1
1754240460000,1754240519000,1.3785,1.3785,1.3785,1.3785,0,1
1754240520000,1754240579000,1.3785,1.3785,1.3785,1.3785,0,1
1754240580000,1754240639000,1.3785,1.3785,1.3785,1.3785,0,1
1754240640000,1754240699000,1.3785,1.3785,1.3785,1.3785,0,1
1754240700000,1754240759000,1.3785,1.3785,1.3785,1.3785,0,1
1754240760000,1754240819000,1.3785,1.3785,1.3785,1.3785,0,1
1754240820000,1754240879000,1.3785,1.3785,1.3785,1.3785,0,1
1754240880000,1754240939000,1.3785,1.3785,1.3785,1.3785,0,1
1754240940000,1754240999000,1.3785,1.3785,1.3785,1.3785,0,1
1754241000000,1754241059000,1.3785,1.3785,1.3785,1.3785,0,1
1754241060000,1754241119000,1.3785,1.3785,1.3785,1.3785,0,1
1754241120000,1754241179000,1.3785,1.3785,1.3785,1.3785,0,1
1754241180000,1754241239000,1.3785,1.3785,1.3785,1.3785,0,1
1754241240000,1754241299000,1.3785,1.3785,1.3785,1.3785,0,1
1754241300000,1754241359000,1.3785,1.3785,1.3785,1.3785,0,1
1754241360000,1754241419000,1.3785,1.3785,1.3785,1.3785,0,1
1754241420000,1754241479000,1.3785,1.3785,1.3785,1.3785,0,1
1754241480000,1754241539000,1.3785,1.3785,1.3785,1.3785,0,1
1754241540000,1754241599000,1.3785,1.3785,1.3785,1.3785,0,1
1754241600000,1754241659000,1.3785,1.3785,1.3785,1.3785,0,1
1754241660000,1754241719000,1.3785,1.3785,1.3785,1.3785,0,1
1754241720000,1754241779000,1.3785,1.3785,1.3785,1.3785,0,1
1754241780000,1754241839000,1.3785,1.3785,1.3785,1.3785,0,1
1754241840000,1754241899000,1.3785,1.3785,1.3785,1.3785,0,1
1754241900000,1754241959000,1.3785,1.3785,1.3785,1.3785,0,1
1754241960000,1754242019000,1.3785,1.3785,1.3785,1.3785,0,1
1754242020000,1754242079000,1.3785,1.3785,1.3785,1.3785,0,1
1754242080000,1754242139000,1.3785,1.3785,1.3785,1.3785,0,1
1754242140000,1754242199000,1.3785,1.3785,1.3785,1.3785,0,1
1754242200000,1754242259000,1.3785,1.3785,1.3785,1.3785,0,1
1754242260000,1754242319000,1.3785,1.3785,1.3785,1.3785,0,1
1754242320000,1754242379000,1.3785,1.3785,1.3785,1.3785,0,1
1754242380000,1754242439000,1.3785,1.3785,1.3785,1.3785,0,1
1754242440000,1754242499000,1.3785,1.3785,1.3785,1.3785,0,1
1754242500000,1754242559000,1.3785,1.3785,1.3785,1.3785,0,1
1754242560000,1754242619000,1.3785,1.3785,1.3785,1.3785,0,1
1754242620000,1754242679000,1.3785,1.3785,1.3785,1.3785,0,1
1754242680000,1754242739000,1.3785,1.3785,1.3785,1.3785,0,1
1754242740000,1754242799000,1.3785,1.3785,1.3785,1.3785,0,1
1754242800000,1754242859000,1.3785,1.3785,1.3785,1.3785,0,1
1754242860000,1754242919000,1.3785,1.3785,1.3785,1.3785,0,1
1754242920000,1754242979000,1.3785,1.3785,1.3785,1.3785,0,1
1754242980000,1754243039000,1.3785,1.3785,1.3785,1.3785,0,1
1754243040000,1754243099000,1.3785,1.3785,1.3785,1.3785,0,1
1754243100000,1754243159000,1.3785,1.3785,1.3785,1.3785,0,1
1754243160000,1754243219000,1.3785,1.3785,1.3785,1.3785,0,1
1754243220000,1754243279000,1.3785,1.3785,1.3785,1.3785,0,1
1754243280000,1754243339000,1.3785,1.3785,1.3785,1.3785,0,1
1754243340000,1754243399000,1.3785,1.3785,1.3785,1.3785,0,1
1754243400000,1754243459000,1.3785,1.3785,1.3785,1.3785,0,1
1754243460000,1754243519000,1.3785,1.3785,1.3785,1.3785,0,1
1754243520000,1754243579000,1.3785,1.3785,1.3785,1.3785,0,1
1754243580000,1754243639000,1.3785,1.3785,1.3785,1.3785,0,1
1754243640000,1754243699000,1.3785,1.3785,1.3785,1.3785,0,1
1754243700000,1754243759000,1.3785,1.3785,1.3785,1.3785,0,1
1754243760000,1754243819000,1.3785,1.3785,1.3785,1.3785,0,1
1754243820000,1754243879000,1.3785,1.3785,1.3785,1.3785,0,1
1754243880000,1754243939000,1.3785,1.3785,1.3785,1.3785,0,1
1754243940000,1754243999000,1.3785,1.3785,1.3785,1.3785,0,1
1754244000000,1754244059000,1.3785,1.3785,1.3785,1.3785,0,1
1754244060000,1754244119000,1.3785,1.3785,1.3785,1.3785,0,1
1754244120000,1754244179000,1.3785,1.3785,1.3785,1.3785,0,1
1754244180000,1754244239000,1.3785,1.3785,1.3785,1.3785,0,1
1754244240000,1754244299000,1.3785,1.3785,1.3785,1.3785,0,1
1754244300000,1754244359000,1.3785,1.3785,1.3785,1.3785,0,1
1754244360000,1754244419000,1.3785,1.3785,1.3785,1.3785,0,1
1754244420000,1754244479000,1.3785,1.3785,1.3785,1.3785,0,1
1754244480000,1754244539000,1.3785,1.3785,1.3785,1.3785,0,1
1754244540000,1754244599000,1.3785,1.3785,1.3785,1.3785,0,1
1754244600000,1754244659000,1.3785,1.3785,1.3785,1.3785,0,1
1754244660000,1754244719000,1.3785,1.3785,1.3785,1.3785,0,1
1754244720000,1754244779000,1.3785,1.3785,1.3785,1.3785,0,1
1754244780000,1754244839000,1.3785,1.3785,1.3785,1.3785,0,1
1754244840000,1754244899000,1.3785,1.3785,1.3785,1.3785,0,1
1754244900000,1754244959000,1.3785,1.3785,1.3785,1.3785,0,1
1754244960000,1754245019000,1.3785,1.3785,1.3785,1.3785,0,1
1754245020000,1754245079000,1.3785,1.3785,1.3785,1.3785,0,1
1754245080000,1754245139000,1.3785,1.3785,1.3785,1.3785,0,1
1754245140000,1754245199000,1.3785,1.3785,1.3785,1.3785,0,1
1754245200000,1754245259000,1.3785,1.3785,1.3785,1.3785,0,1
1754245260000,1754245319000,1.3785,1.3785,1.3785,1.3785,0,1
1754245320000,1754245379000,1.3785,1.3785,1.3785,1.3785,0,1
1754245380000,1754245439000,1.3785,1.3785,1.3785,1.3785,0,1
1754245440000,1754245499000,1.3785,1.3785,1.3785,1.3785,0,1
1754245500000,1754245559000,1.3785,1.3785,1.3785,1.3785,0,1
1754245560000,1754245619000,1.3785,1.3785,1.3785,1.3785,0,1
1754245620000,1754245679000,1.3785,1.3785,1.3785,1.3785,0,1
1754245680000,1754245739000,1.3785,1.3785,1.3785,1.3785,0,1
1754245740000,1754245799000,1.3785,1.3785,1.3785,1.3785,0,1
1754245800000,1754245859000,1.3785,1.3785,1.3785,1.3785,0,1
1754245860000,1754245919000,1.3785,1.3785,1.3785,1.3785,0,1
1754245920000,1754245979000,1.3785,1.3785,1.3785,1.3785,0,1
1754245980000,1754246039000,1.3785,1.3785,1.3785,1.3785,0,1
1754246040000,1754246099000,1.3785,1.3785,1.3785,1.3785,0,1
1754246100000,1754246159000,1.3785,1.3785,1.3785,1.3785,0,1
1754246160000,1754246219000,1.3785,1.3785,1.3785,1.3785,0,1
1754246220000,1754246279000,1.3785,1.3785,1.3785,1.3785,0,1
1754246280000,1754246339000,1.3785,1.3785,1.3785,1.3785,0,1
1754246340000,1754246399000,1.3785,1.3785,1.3785,1.3785,0,1
1754246400000,1754246459000,1.3785,1.3785,1.3785,1.3785,0,1
1754246460000,1754246519000,1.3785,1.3785,1.3785,1.3785,0,1
1754246520000,1754246579000,1.3785,1.3785,1.3785,1.3785,0,1
1754246580000,1754246639000,1.3785,1.3785,1.3785,1.3785,0,1
1754246640000,1754246699000,1.3785,1.3785,1.3785,1.3785,0,1
1754246700000,1754246759000,1.3785,1.3785,1.3785,1.3785,0,1
1754246760000,1754246819000,1.3785,1.3785,1.3785,1.3785,0,1
1754246820000,1754246879000,1.3785,1.3785,1.3785,1.3785,0,1
1754246880000,1754246939000,1.3785,1.3785,1.3785,1.3785,0,1
1754246940000,1754246999000,1.3785,1.3785,1.3785,1.3785,0,1
1754247000000,1754247059000,1.3785,1.3785,1.3785,1.3785,0,1
1754247060000,1754247119000,1.3785,1.3785,1.3785,1.3785,0,1
1754247120000,1754247179000,1.3785,1.3785,1.3785,1.3785,0,1
1754247180000,1754247239000,1.3785,1.3785,1.3785,1.3785,0,1
1754247240000,1754247299000,1.3785,1.3785,1.3785,1.3785,0,1
1754247300000,1754247359000,1.3785,1.3785,1.3785,1.3785,0,1
1754247360000,1754247419000,1.3785,1.3785,1.3785,1.3785,0,1
1754247420000,1754247479000,1.3785,1.3785,1.3785,1.3785,0,1
1754247480000,1754247539000,1.3785,1.3785,1.3785,1.3785,0,1
1754247540000,1754247599000,1.3785,1.3785,1.3785,1.3785,0,1
1754247600000,1754247659000,1.3785,1.3785,1.3785,1.3785,0,1
1754247660000,1754247719000,1.3785,1.3785,1.3785,1.3785,0,1
1754247720000,1754247779000,1.3785,1.3785,1.3785,1.3785,0,1
1754247780000,1754247839000,1.3785,1.3785,1.3785,1.3785,0,1
1754247840000,1754247899000,1.3785,1.3785,1.3785,1.3785,0,1
1754247900000,1754247959000,1.3785,1.3785,1.3785,1.3785,0,1
1754247960000,1754248019000,1.3785,1.3785,1.3785,1.3785,0,1
1754248020000,1754248079000,1.3785,1.3785,1.3785,1.3785,0,1
1754248080000,1754248139000,1.3785,1.3785,1.3785,1.3785,0,1
1754248140000,1754248199000,1.3785,1.3785,1.3785,1.3785,0,1
1754248200000,1754248259000,1.3785,1.3785,1.3785,1.3785,0,1
1754248260000,1754248319000,1.3785,1.3785,1.3785,1.3785,0,1
1754248320000,1754248379000,1.3785,1.3785,1.3785,1.3785,0,1
1754248380000,1754248439000,1.3785,1.3785,1.3785,1.3785,0,1
1754248440000,1754248499000,1.3785,1.3785,1.3785,1.3785,0,1
1754248500000,1754248559000,1.3785,1.3785,1.3785,1.3785,0,1
1754248560000,1754248619000,1.3785,1.3785,1.3785,1.3785,0,1
1754248620000,1754248679000,1.3785,1.3785,1.3785,1.3785,0,1
1754248680000,1754248739000,1.3785,1.3785,1.3785,1.3785,0,1
1754248740000,1754248799000,1.3785,1.3785,1.3785,1.3785,0,1
1754248800000,1754248859000,1.3785,1.3785,1.3785,1.3785,0,1
1754248860000,1754248919000,1.3785,1.3785,1.3785,1.3785,0,1
1754248920000,1754248979000,1.3785,1.3785,1.3785,1.3785,0,1
1754248980000,1754249039000,1.3785,1.3785,1.3785,1.3785,0,1
1754249040000,1754249099000,1.3785,1.3785,1.3785,1.3785,0,1
1754249100000,1754249159000,1.3785,1.3785,1.3785,1.3785,0,1
1754249160000,1754249219000,1.3785,1.3785,1.3785,1.3785,0,1
1754249220000,1754249279000,1.3785,1.3785,1.3785,1.3785,0,1
1754249280000,1754249339000,1.3785,1.3785,1.3785,1.3785,0,1
1754249340000,1754249399000,1.3785,1.3785,1.3785,1.3785,0,1
1754249400000,1754249459000,1.3785,1.3785,1.3785,1.3785,0,1
1754249460000,1754249519000,1.3785,1.3785,1.3785,1.3785,0,1
1754249520000,1754249579000,1.3785,1.3785,1.3785,1.3785,0,1
1754249580000,1754249639000,1.3785,1.3785,1.3785,1.3785,0,1
1754249640000,1754249699000,1.3785,1.3785,1.3785,1.3785,0,1
1754249700000,1754249759000,1.3785,1.3785,1.3785,1.3785,0,1
1754249760000,1754249819000,1.3785,1.3785,1.3785,1.3785,0,1
1754249820000,1754249879000,1.3785,1.3785,1.3785,1.3785,0,1
1754249880000,1754249939000,1.3785,1.3785,1.3785,1.3785,0,1
1754249940000,1754249999000,1.3785,1.3785,1.3785,1.3785,0,1
1754250000000,1754250059000,1.3785,1.3785,1.3785,1.3785,0,1
1754250060000,1754250119000,1.3785,1.3785,1.3785,1.3785,0,1
1754250120000,1754250179000,1.3785,1.3785,1.3785,1.3785,0,1
1754250180000,1754250239000,1.3785,1.3785,1.3785,1.3785,0,1
1754250240000,1754250299000,1.3785,1.3785,1.3785,1.3785,0,1
1754250300000,1754250359000,1.3785,1.3785,1.3785,1.3785,0,1
1754250360000,1754250419000,1.3785,1.3785,1.3785,1.3785,0,1
1754250420000,1754250479000,1.3785,1.3785,1.3785,1.3785,0,1
1754250480000,1754250539000,1.3785,1.3785,1.3785,1.3785,0,1
1754250540000,1754250599000,1.3785,1.3785,1.3785,1.3785,0,1
1754250600000,1754250659000,1.3785,1.3785,1.3785,1.3785,0,1
1754250660000,1754250719000,1.3785,1.3785,1.3785,1.3785,0,1
1754250720000,1754250779000,1.3785,1.3785,1.3785,1.3785,0,1
1754250780000,1754250839000,1.3785,1.3785,1.3785,1.3785,0,1
1754250840000,1754250899000,1.3785,1.3785,1.3785,1.3785,0,1
1754250900000,1754250959000,1.3785,1.3785,1.3785,1.3785,0,1
1754250960000,1754251019000,1.3785,1.3785,1.3785,1.3785,0,1
1754251020000,1754251079000,1.3785,1.3785,1.3785,1.3785,0,1
1754251080000,1754251139000,1.3785,1.3785,1.3785,1.3785,0,1
1754251140000,1754251199000,1.3785,1.3785,1.3785,1.3785,0,1
1754251200000,1754251259000,1.3785,1.3785,1.3785,1.3785,0,1
1754251260000,1754251319000,1.3785,1.3785,1.3785,1.3785,0,1
1754251320000,1754251379000,1.3785,1.3785,1.3785,1.3785,0,1
1754251380000,1754251439000,1.3785,1.3785,1.3785,1.3785,0,1
1754251440000,1754251499000,1.3785,1.3785,1.3785,1.3785,0,1
1754251500000,1754251559000,1.3785,1.3785,1.3785,1.3785,0,1
1754251560000,1754251619000,1.3785,1.3785,1.3785,1.3785,0,1
1754251620000,1754251679000,1.3785,1.3785,1.3785,1.3785,0,1
1754251680000,1754251739000,1.3785,1.3785,1.3785,1.3785,0,1
1754251740000,1754251799000,1.3785,1.3785,1.3785,1.3785,0,1
1754251800000,1754251859000,1.3785,1.3785,1.3785,1.3785,0,1
1754251860000,1754251919000,1.3785,1.3785,1.3785,1.3785,0,1
1754251920000,1754251979000,1.3785,1.3785,1.3785,1.3785,0,1
1754251980000,1754252039000,1.3785,1.3785,1.3785,1.3785,0,1
1754252040000,1754252099000,1.3785,1.3785,1.3785,1.3785,0,1
1754252100000,1754252159000,1.3785,1.3785,1.3785,1.3785,0,1
1754252160000,1754252219000,1.3785,1.3785,1.3785,1.3785,0,1
1754252220000,1754252279000,1.3785,1.3785,1.3785,1.3785,0,1
1754252280000,1754252339000,1.3785,1.3785,1.3785,1.3785,0,1
1754252340000,1754252399000,1.3785,1.3785,1.3785,1.3785,0,1
1754252400000,1754252459000,1.3785,1.3785,1.3785,1.3785,0,1
1754252460000,1754252519000,1.3785,1.3785,1.3785,1.3785,0,1
1754252520000,1754252579000,1.3785,1.3785,1.3785,1.3785,0,1
1754252580000,1754252639000,1.3785,1.3785,1.3785,1.3785,0,1
1754252640000,1754252699000,1.3785,1.3785,1.3785,1.3785,0,1
1754252700000,1754252759000,1.3785,1.3785,1.3785,1.3785,0,1
1754252760000,1754252819000,1.3785,1.3785,1.3785,1.3785,0,1
1754252820000,1754252879000,1.3785,1.3785,1.3785,1.3785,0,1
1754252880000,1754252939000,1.3785,1.3785,1.3785,1.3785,0,1
1754252940000,1754252999000,1.3785,1.3785,1.3785,1.3785,0,1
1754253000000,1754253059000,1.3785,1.3785,1.3785,1.3785,0,1
1754253060000,1754253119000,1.3785,1.3785,1.3785,1.3785,0,1
1754253120000,1754253179000,1.3785,1.3785,1.3785,1.3785,0,1
1754253180000,1754253239000,1.3785,1.3785,1.3785,1.3785,0,1
1754253240000,1754253299000,1.3785,1.3785,1.3785,1.3785,0,1
1754253300000,1754253359000,1.3785,1.3785,1.3785,1.3785,0,1
1754253360000,1754253419000,1.3785,1.3785,1.3785,1.3785,0,1
1754253420000,1754253479000,1.3785,1.3785,1.3785,1.3785,0,1
1754253480000,1754253539000,1.3785,1.3785,1.3785,1.3785,0,1
1754253540000,1754253599000,1.3785,1.3785,1.3785,1.3785,0,1
1754253600000,1754253659000,1.3785,1.3785,1.3785,1.3785,0,1
1754253660000,1754253719000,1.3785,1.3785,1.3785,1.3785,0,1
1754253720000,1754253779000,1.3785,1.3785,1.3785,1.3785,0,1
1754253780000,1754253839000,1.3785,1.3785,1.3785,1.3785,0,1
1754253840000,1754253899000,1.3785,1.3785,1.3785,1.3785,0,1
1754253900000,1754253959000,1.3785,1.3785,1.3785,1.3785,0,1
1754253960000,1754254019000,1.3785,1.3785,1.3785,1.3785,0,1
1754254020000,1754254079000,1.3785,1.3785,1.3785,1.3785,0,1
1754254080000,1754254139000,1.3785,1.3785,1.3785,1.3785,0,1
1754254140000,1754254199000,1.3785,1.3785,1.3785,1.3785,0,1
1754254200000,1754254259000,1.3785,1.3785,1.3785,1.3785,0,1
1754254260000,1754254319000,1.3785,1.3785,1.3785,1.3785,0,1
1754254320000,1754254379000,1.3785,1.3785,1.3785,1.3785,0,1
1754254380000,1754254439000,1.3785,1.3785,1.3785,1.3785,0,1
1754254440000,1754254499000,1.3785,1.3785,1.3785,1.3785,0,1
1754254500000,1754254559000,1.3785,1.3785,1.3785,1.3785,0,1
1754254560000,1754254619000,1.3785,1.3785,1.3785,1.3785,0,1
1754254620000,1754254679000,1.3785,1.3785,1.3785,1.3785,0,1
1754254680000,1754254739000,1.3785,1.3785,1.3785,1.3785,0,1
1754254740000,1754254799000,1.3785,1.3785,1.3785,1.3785,0,1
1754254800000,1754254859000,1.37749,1.37752,1.37749,1.37752,900000,1
1754254860000,1754254919000,1.37752,1.37752,1.37752,1.37752,0,1
1754254920000,1754254979000,1.37749,1.37752,1.37749,1.37752,900000,1
1754254980000,1754255039000,1.3775,1.3775,1.37736,1.37736,900000,1
1754255040000,1754255099000,1.37726,1.37726,1.37726,1.37726,450000,1
1754255100000,1754255159000,1.37726,1.37733,1.37708,1.37712,4650000,1
1754255160000,1754255219000,1.37655,1.37709,1.37655,1.37709,3450000,1
1754255220000,1754255279000,1.37709,1.37709,1.37709,1.37709,1050000,1
1754255280000,1754255339000,1.37711,1.37711,1.3771,1.37711,3600000,1
1754255340000,1754255399000,1.37711,1.37734,1.37709,1.37734,3450000,1
1754255400000,1754255459000,1.37711,1.37726,1.37711,1.37726,2850000,1
1754255460000,1754255519000,1.37717,1.37717,1.37716,1.37716,7500000,1
1754255520000,1754255579000,1.3773,1.3773,1.37722,1.37722,9600000,1
1754255580000,1754255639000,1.37721,1.37721,1.37721,1.37721,1200000,1
1754255640000,1754255699000,1.3772,1.3772,1.3772,1.3772,1200000,1
1754255700000,1754255759000,1.37721,1.37721,1.3772,1.3772,5400000,1
1754255760000,1754255819000,1.37721,1.3775,1.37719,1.37742,19200000,1
1754255820000,1754255879000,1.37719,1.37741,1.37719,1.37741,9900000,1
1754255880000,1754255939000,1.37725,1.37726,1.37725,1.37726,2400000,1
1754255940000,1754255999000,1.37726,1.37727,1.37726,1.37727,6600000,1
1754256000000,1754256059000,1.37728,1.37728,1.37728,1.37728,3600000,1
1754256060000,1754256119000,1.37729,1.3773,1.37729,1.3773,4800000,1
1754256120000,1754256179000,1.37729,1.37739,1.37729,1.37733,27000000,1
1754256180000,1754256239000,1.37735,1.37746,1.37726,1.37734,60150000,1
1754256240000,1754256299000,1.37735,1.37736,1.37734,1.37736,3600000,1
1754256300000,1754256359000,1.3773,1.37741,1.3773,1.37733,144750000,1
1754256360000,1754256419000,1.37733,1.37739,1.37731,1.37731,4800000,1
1754256420000,1754256479000,1.37732,1.37757,1.37731,1.37757,11250000,1
1754256480000,1754256539000,1.37733,1.3775,1.37731,1.3774,13950000,1
1754256540000,1754256599000,1.37741,1.37758,1.3774,1.3774,4050000,1
1754256600000,1754256659000,1.37757,1.37757,1.37738,1.37746,3450000,1
1754256660000,1754256719000,1.37751,1.37773,1.37751,1.37763,7500000,1
1754256720000,1754256779000,1.37773,1.37784,1.37763,1.37783,18750000,1
1754256780000,1754256839000,1.37785,1.37793,1.37766,1.37766,16950000,1
1754256840000,1754256899000,1.37766,1.37811,1.37766,1.378,62400000,1
1754256900000,1754256959000,1.37809,1.37809,1.37755,1.37809,15900000,1
1754256960000,1754257019000,1.37778,1.37778,1.37773,1.37773,4800000,1
1754257020000,1754257079000,1.37776,1.37781,1.37775,1.37781,12150000,1
1754257080000,1754257139000,1.37781,1.37819,1.3778,1.37819,16350000,1
1754257140000,1754257199000,1.37814,1.37826,1.37796,1.37809,42000000,1
1754257200000,1754257259000,1.37821,1.37822,1.37803,1.37813,33900000,1
1754257260000,1754257319000,1.37816,1.37823,1.3781,1.37816,17550000,1
1754257320000,1754257379000,1.3782,1.37822,1.378,1.378,39150000,1
1754257380000,1754257439000,1.37809,1.3781,1.37807,1.37809,7200000,1
1754257440000,1754257499000,1.3781,1.3781,1.37799,1.37799,2700000,1
1754257500000,1754257559000,1.37793,1.37805,1.37791,1.37791,10800000,1
1754257560000,1754257619000,1.37804,1.37817,1.3779,1.37817,20550000,1
1754257620000,1754257679000,1.37817,1.37817,1.37817,1.37817,1500000,1
1754257680000,1754257739000,1.37793,1.37794,1.37793,1.37794,2400000,1
1754257740000,1754257799000,1.37792,1.37818,1.37792,1.37807,11700000,1
1754257800000,1754257859000,1.37811,1.37827,1.37809,1.37826,4200000,1
1754257860000,1754257919000,1.37785,1.37826,1.37785,1.37826,10800000,1
1754257920000,1754257979000,1.37815,1.37827,1.3781,1.37827,6600000,1
1754257980000,1754258039000,1.37827,1.37832,1.37824,1.3783,29400000,1
1754258040000,1754258099000,1.37831,1.37844,1.3782,1.37844,93900000,1
1754258100000,1754258159000,1.37819,1.37839,1.37815,1.37839,23100000,1
1754258160000,1754258219000,1.37817,1.37819,1.37816,1.37816,10800000,1
1754258220000,1754258279000,1.37836,1.37844,1.37834,1.37844,6900000,1
1754258280000,1754258339000,1.37839,1.37844,1.37795,1.37817,17100000,1
1754258340000,1754258399000,1.37851,1.37852,1.37851,1.37851,1350000,1
1754258400000,1754258459000,1.3786,1.37861,1.3779,1.37808,25650000,1
1754258460000,1754258519000,1.37811,1.37828,1.37788,1.37801,33300000,1
1754258520000,1754258579000,1.37801,1.37814,1.37798,1.37805,21150000,1
1754258580000,1754258639000,1.37806,1.37808,1.3778,1.3778,19800000,1
1754258640000,1754258699000,1.37774,1.37783,1.37767,1.37782,25200000,1
1754258700000,1754258759000,1.37783,1.378,1.37779,1.37784,43500000,1
1754258760000,1754258819000,1.37784,1.37784,1.37779,1.37779,16950000,1
1754258820000,1754258879000,1.37784,1.37784,1.37769,1.37772,24750000,1
1754258880000,1754258939000,1.37772,1.3778,1.37772,1.37779,23700000,1
1754258940000,1754258999000,1.37778,1.37827,1.37778,1.37807,54900000,1
1754259000000,1754259059000,1.37807,1.37808,1.37798,1.37804,47700000,1
1754259060000,1754259119000,1.37804,1.37804,1.37801,1.37803,61650000,1
1754259120000,1754259179000,1.37803,1.37829,1.37803,1.37828,32550000,1
1754259180000,1754259239000,1.37824,1.37824,1.37816,1.37816,22500000,1
1754259240000,1754259299000,1.37816,1.37823,1.37816,1.37823,49500000,1
1754259300000,1754259359000,1.37822,1.37839,1.37822,1.37825,50550000,1
1754259360000,1754259419000,1.37826,1.37826,1.37805,1.3781,48450000,1
1754259420000,1754259479000,1.37808,1.37808,1.37801,1.37801,51600000,1
1754259480000,1754259539000,1.37802,1.37806,1.37793,1.37806,86100000,1
1754259540000,1754259599000,1.37806,1.37808,1.37793,1.37807,66750000,1
1754259600000,1754259659000,1.37807,1.3783,1.37807,1.37826,69450000,1
1754259660000,1754259719000,1.37828,1.37837,1.37815,1.37818,62400000,1
1754259720000,1754259779000,1.37818,1.37827,1.37812,1.37827,82500000,1
1754259780000,1754259839000,1.37827,1.37829,1.37818,1.37821,68700000,1
1754259840000,1754259899000,1.37822,1.37822,1.37817,1.37819,18900000,1
1754259900000,1754259959000,1.37819,1.37831,1.37814,1.37828,38400000,1
1754259960000,1754260019000,1.37828,1.37845,1.37828,1.37842,48600000,1
1754260020000,1754260079000,1.37841,1.37844,1.37836,1.37836,58350000,1
1754260080000,1754260139000,1.37838,1.37839,1.37832,1.37838,57000000,1
1754260140000,1754260199000,1.37837,1.37838,1.37825,1.37828,47850000,1
1754260200000,1754260259000,1.37826,1.37834,1.37824,1.37829,84900000,1
1754260260000,1754260319000,1.37829,1.37844,1.37829,1.37841,88650000,1
1754260320000,1754260379000,1.37842,1.37845,1.37838,1.37845,91350000,1
1754260380000,1754260439000,1.37843,1.37844,1.37829,1.3784,96300000,1
1754260440000,1754260499000,1.3784,1.37841,1.37834,1.37834,42600000,1
1754260500000,1754260559000,1.37835,1.37835,1.37821,1.37822,50700000,1
1754260560000,1754260619000,1.37821,1.37826,1.37821,1.37824,22800000,1
1754260620000,1754260679000,1.37824,1.37825,1.37818,1.3782,13950000,1
1754260680000,1754260739000,1.37819,1.3782,1.37816,1.37817,18150000,1
1754260740000,1754260799000,1.37816,1.37817,1.37809,1.37811,9900000,1
1754260800000,1754260859000,1.37814,1.37828,1.37814,1.37827,22800000,1
1754260860000,1754260919000,1.37826,1.37826,1.37821,1.37826,38400000,1
1754260920000,1754260979000,1.37827,1.37835,1.37827,1.37832,30000000,1
1754260980000,1754261039000,1.37832,1.37832,1.37826,1.37828,27750000,1
1754261040000,1754261099000,1.37827,1.3783,1.37825,1.3783,17250000,1
1754261100000,1754261159000,1.37828,1.37828,1.37825,1.37827,13200000,1
1754261160000,1754261219000,1.3783,1.3784,1.3783,1.3784,48750000,1
1754261220000,1754261279000,1.3784,1.37853,1.3784,1.37846,45750000,1
1754261280000,1754261339000,1.37847,1.37848,1.37837,1.3784,49200000,1
1754261340000,1754261399000,1.37839,1.37839,1.37834,1.37839,23880000,1
1754261400000,1754261459000,1.37838,1.37838,1.37817,1.37817,74940000,1
1754261460000,1754261519000,1.37817,1.37828,1.37812,1.37826,72750000,1
1754261520000,1754261579000,1.37823,1.37823,1.37817,1.37821,57630000,1
1754261580000,1754261639000,1.37821,1.37835,1.3782,1.37834,68610000,1
1754261640000,1754261699000,1.37835,1.37839,1.37834,1.37834,55800000,1
1754261700000,1754261759000,1.37835,1.37837,1.37826,1.37836,65190000,1
1754261760000,1754261819000,1.37836,1.37836,1.37823,1.37823,72750000,1
1754261820000,1754261879000,1.37822,1.37827,1.378,1.37807,92790000,1
1754261880000,1754261939000,1.37804,1.37805,1.37792,1.37794,170280000,1
1754261940000,1754261999000,1.37795,1.37798,1.37781,1.3779,182340000,1
1754262000000,1754262059000,1.37789,1.37799,1.37778,1.37784,234000000,1
1754262060000,1754262119000,1.37783,1.37785,1.37764,1.37782,204840000,1
1754262120000,1754262179000,1.37782,1.37788,1.37779,1.37784,111390000,1
1754262180000,1754262239000,1.37782,1.37817,1.37781,1.37817,94800000,1
1754262240000,1754262299000,1.37816,1.37816,1.37805,1.37807,120900000,1
1754262300000,1754262359000,1.37806,1.37817,1.37806,1.37807,95250000,1
1754262360000,1754262419000,1.37807,1.37819,1.37806,1.37816,126900000,1
1754262420000,1754262479000,1.37816,1.37817,1.37809,1.37812,70950000,1
1754262480000,1754262539000,1.37812,1.37818,1.37808,1.37814,75900000,1
1754262540000,1754262599000,1.37814,1.37814,1.37807,1.37808,48150000,1
1754262600000,1754262659000,1.37807,1.37808,1.37804,1.37805,30660000,1
1754262660000,1754262719000,1.37804,1.37804,1.37792,1.37796,65340000,1
1754262720000,1754262779000,1.37795,1.37802,1.37795,1.37796,44400000,1
1754262780000,1754262839000,1.37796,1.378,1.37796,1.37797,37200000,1
1754262840000,1754262899000,1.37798,1.37799,1.37791,1.37796,38700000,1
1754262900000,1754262959000,1.37796,1.37796,1.37795,1.37795,23370000,1
1754262960000,1754263019000,1.37795,1.37802,1.37794,1.37799,67950000,1
1754263020000,1754263079000,1.37798,1.37807,1.37797,1.37807,52200000,1
1754263080000,1754263139000,1.37808,1.37808,1.37807,1.37808,39660000,1
1754263140000,1754263199000,1.37807,1.37808,1.37796,1.37797,45420000,1
1754263200000,1754263259000,1.37796,1.37806,1.37796,1.37806,51600000,1
1754263260000,1754263319000,1.37807,1.37807,1.37801,1.37807,21450000,1
1754263320000,1754263379000,1.37807,1.37809,1.37806,1.37809,13500000,1
1754263380000,1754263439000,1.37808,1.37808,1.37805,1.37806,20100000,1
1754263440000,1754263499000,1.37806,1.37807,1.37802,1.37804,12420000,1
1754263500000,1754263559000,1.37806,1.37821,1.37805,1.37819,28350000,1
1754263560000,1754263619000,1.37819,1.37832,1.37819,1.37827,47400000,1
1754263620000,1754263679000,1.37828,1.37828,1.37823,1.37825,36600000,1
1754263680000,1754263739000,1.37825,1.37826,1.37819,1.37822,46650000,1
1754263740000,1754263799000,1.37822,1.37822,1.37807,1.37808,71520000,1
1754263800000,1754263859000,1.37806,1.37807,1.37797,1.37799,60600000,1
1754263860000,1754263919000,1.378,1.3781,1.378,1.37808,44160000,1
1754263920000,1754263979000,1.37807,1.37808,1.37798,1.37798,51810000,1
1754263980000,1754264039000,1.37798,1.37813,1.37797,1.37813,46950000,1
1754264040000,1754264099000,1.37812,1.37825,1.37812,1.37824,57480000,1
1754264100000,1754264159000,1.37825,1.37828,1.37816,1.37823,64590000,1
1754264160000,1754264219000,1.3782,1.37826,1.37818,1.37822,53790000,1
1754264220000,1754264279000,1.37821,1.37821,1.37812,1.37816,39660000,1
1754264280000,1754264339000,1.37815,1.37815,1.37808,1.37808,29370000,1
1754264340000,1754264399000,1.37808,1.37809,1.37803,1.37805,47730000,1
1754264400000,1754264459000,1.37807,1.37808,1.37799,1.37803,36000000,1
1754264460000,1754264519000,1.37802,1.37803,1.37799,1.378,24150000,1
1754264520000,1754264579000,1.37799,1.37799,1.37791,1.37792,15870000,1
1754264580000,1754264639000,1.378,1.37808,1.378,1.37804,54570000,1
1754264640000,1754264699000,1.37805,1.37805,1.37798,1.37799,19740000,1
1754264700000,1754264759000,1.37799,1.378,1.37799,1.37799,21900000,1
1754264760000,1754264819000,1.37799,1.37799,1.37788,1.37789,31050000,1
1754264820000,1754264879000,1.37788,1.37788,1.3778,1.3778,52950000,1
1754264880000,1754264939000,1.37781,1.37781,1.37759,1.37759,61350000,1
1754264940000,1754264999000,1.3776,1.37762,1.37755,1.37761,70800000,1
1754265000000,1754265059000,1.37761,1.37761,1.37747,1.37749,67770000,1
1754265060000,1754265119000,1.37752,1.37762,1.37751,1.37761,53790000,1
1754265120000,1754265179000,1.37761,1.37761,1.37756,1.37756,21960000,1
1754265180000,1754265239000,1.37756,1.3776,1.37755,1.3776,20040000,1
1754265240000,1754265299000,1.3776,1.37763,1.37756,1.37758,41790000,1
1754265300000,1754265359000,1.37758,1.37771,1.37753,1.37765,79470000,1
1754265360000,1754265419000,1.37765,1.37777,1.37763,1.37777,36720000,1
1754265420000,1754265479000,1.37777,1.37778,1.37773,1.37774,47100000,1
1754265480000,1754265539000,1.37774,1.37787,1.37773,1.37779,94650000,1
1754265540000,1754265599000,1.3778,1.37784,1.37774,1.37774,77850000,1
1754265600000,1754265659000,1.37776,1.37781,1.37764,1.37775,203310000,1
1754265660000,1754265719000,1.37775,1.37775,1.37752,1.37759,147810000,1
1754265720000,1754265779000,1.37758,1.37779,1.37756,1.37774,136530000,1
1754265780000,1754265839000,1.37772,1.37803,1.3777,1.37798,92520000,1
1754265840000,1754265899000,1.37799,1.37809,1.37789,1.37791,109950000,1
1754265900000,1754265959000,1.37793,1.37812,1.37778,1.37778,133800000,1
1754265960000,1754266019000,1.37778,1.37781,1.37772,1.37775,85800000,1
1754266020000,1754266079000,1.37777,1.37792,1.37764,1.37788,105630000,1
1754266080000,1754266139000,1.37785,1.37786,1.37775,1.37779,178500000,1
1754266140000,1754266199000,1.37778,1.37809,1.37778,1.37808,125550000,1
1754266200000,1754266259000,1.37805,1.37809,1.37802,1.37805,48300000,1
1754266260000,1754266319000,1.37806,1.37829,1.37802,1.37823,89100000,1
1754266320000,1754266379000,1.37822,1.37829,1.37816,1.37829,119850000,1
1754266380000,1754266439000,1.37828,1.37838,1.37818,1.37838,275550000,1
1754266440000,1754266499000,1.37838,1.37847,1.37834,1.37839,123600000,1
1754266500000,1754266559000,1.37837,1.37838,1.37824,1.37828,133650000,1
1754266560000,1754266619000,1.37827,1.37836,1.37827,1.37833,107010000,1
1754266620000,1754266679000,1.37832,1.37847,1.37827,1.37847,76170000,1
1754266680000,1754266739000,1.37848,1.37851,1.37833,1.37833,47700000,1
1754266740000,1754266799000,1.37835,1.37851,1.37835,1.37848,72150000,1
1754266800000,1754266859000,1.37846,1.37846,1.37832,1.37837,79650000,1
1754266860000,1754266919000,1.37839,1.37848,1.37839,1.37841,111990000,1
1754266920000,1754266979000,1.37841,1.37848,1.37839,1.37846,190290000,1
1754266980000,1754267039000,1.37846,1.37854,1.37846,1.37853,93240000,1
1754267040000,1754267099000,1.37854,1.37858,1.37854,1.37856,64380000,1
1754267100000,1754267159000,1.37856,1.37874,1.37856,1.37874,120990000,1
1754267160000,1754267219000,1.37873,1.37878,1.37872,1.37876,67650000,1
1754267220000,1754267279000,1.37875,1.37875,1.37859,1.37861,138270000,1
1754267280000,1754267339000,1.37861,1.37872,1.37856,1.3787,203460000,1
1754267340000,1754267399000,1.37869,1.37871,1.37865,1.37867,200910000,1
1754267400000,1754267459000,1.37867,1.37898,1.37866,1.37898,134340000,1
1754267460000,1754267519000,1.37896,1.37901,1.37888,1.379,73140000,1
1754267520000,1754267579000,1.379,1.37914,1.37895,1.37912,163500000,1
1754267580000,1754267639000,1.37912,1.37934,1.37909,1.37933,81450000,1
1754267640000,1754267699000,1.37932,1.37935,1.37925,1.37931,88530000,1
1754267700000,1754267759000,1.3793,1.3793,1.37922,1.37923,94800000,1
1754267760000,1754267819000,1.37923,1.37923,1.37914,1.37915,63120000,1
1754267820000,1754267879000,1.37916,1.37917,1.37905,1.37907,90390000,1
1754267880000,1754267939000,1.37909,1.37918,1.37905,1.37916,123570000,1
1754267940000,1754267999000,1.37916,1.37924,1.37906,1.37907,150210000,1
1754268000000,1754268059000,1.37906,1.37906,1.37893,1.37896,109500000,1
1754268060000,1754268119000,1.37895,1.37896,1.37887,1.37895,82950000,1
1754268120000,1754268179000,1.37895,1.37899,1.37888,1.37899,125100000,1
1754268180000,1754268239000,1.37897,1.37901,1.37889,1.37895,109200000,1
1754268240000,1754268299000,1.37895,1.37924,1.37894,1.37924,117750000,1
1754268300000,1754268359000,1.37923,1.37923,1.37907,1.37907,62190000,1
1754268360000,1754268419000,1.37908,1.37908,1.37898,1.37898,47850000,1
1754268420000,1754268479000,1.37898,1.37908,1.37898,1.37904,79050000,1
1754268480000,1754268539000,1.37902,1.37909,1.37901,1.37906,33690000,1
1754268540000,1754268599000,1.37905,1.37907,1.37894,1.37896,54000000,1
1754268600000,1754268659000,1.37895,1.379,1.37877,1.37885,96360000,1
1754268660000,1754268719000,1.37887,1.37896,1.37887,1.37892,58680000,1
1754268720000,1754268779000,1.37893,1.37912,1.37893,1.37904,73680000,1
1754268780000,1754268839000,1.37904,1.37915,1.379,1.37908,112800000,1
1754268840000,1754268899000,1.37909,1.37911,1.37892,1.37895,148950000,1
1754268900000,1754268959000,1.37898,1.37906,1.37894,1.37903,73200000,1
1754268960000,1754269019000,1.37904,1.37906,1.37901,1.37906,51600000,1
1754269020000,1754269079000,1.37905,1.37925,1.37905,1.37915,82470000,1
1754269080000,1754269139000,1.37914,1.37918,1.37903,1.37911,108750000,1
1754269140000,1754269199000,1.37911,1.37913,1.37905,1.37905,174450000,1
1754269200000,1754269259000,1.37905,1.37919,1.37904,1.37907,122100000,1
1754269260000,1754269319000,1.37907,1.37907,1.37867,1.37867,188160000,1
1754269320000,1754269379000,1.37867,1.37874,1.37855,1.37866,156600000,1
1754269380000,1754269439000,1.37866,1.37868,1.37857,1.37857,119430000,1
1754269440000,1754269499000,1.37858,1.37858,1.37837,1.37855,139050000,1
1754269500000,1754269559000,1.37857,1.37857,1.37839,1.37846,205020000,1
1754269560000,1754269619000,1.37847,1.37849,1.37839,1.37847,144150000,1
1754269620000,1754269679000,1.37847,1.37873,1.37847,1.3787,160500000,1
1754269680000,1754269739000,1.3787,1.37884,1.3787,1.37872,147720000,1
1754269740000,1754269799000,1.37873,1.37906,1.37872,1.37906,145170000,1
1754269800000,1754269859000,1.37907,1.37909,1.37899,1.37906,79500000,1
1754269860000,1754269919000,1.37906,1.37914,1.37901,1.37904,123600000,1
1754269920000,1754269979000,1.37902,1.37908,1.37895,1.37905,108600000,1
1754269980000,1754270039000,1.37905,1.37923,1.37898,1.37923,144150000,1
1754270040000,1754270099000,1.37921,1.37926,1.37916,1.37923,156000000,1
1754270100000,1754270159000,1.37921,1.37921,1.37888,1.37889,190500000,1
1754270160000,1754270219000,1.37888,1.37899,1.37886,1.37894,104400000,1
1754270220000,1754270279000,1.37892,1.37905,1.37892,1.379,67200000,1
1754270280000,1754270339000,1.379,1.37906,1.37892,1.37895,78900000,1
1754270340000,1754270399000,1.37895,1.37902,1.37877,1.37877,96150000,1
1754270400000,1754270459000,1.37876,1.37888,1.37871,1.37884,107160000,1
1754270460000,1754270519000,1.37882,1.37894,1.3788,1.37894,75600000,1
1754270520000,1754270579000,1.37894,1.37913,1.37891,1.37913,86700000,1
1754270580000,1754270639000,1.37912,1.37918,1.37906,1.37915,61440000,1
1754270640000,1754270699000,1.37915,1.37934,1.37915,1.37932,59400000,1
1754270700000,1754270759000,1.37936,1.37944,1.3793,1.37932,61590000,1
1754270760000,1754270819000,1.37931,1.37932,1.37921,1.37925,61830000,1
1754270820000,1754270879000,1.37924,1.37924,1.37911,1.37918,99630000,1
1754270880000,1754270939000,1.37919,1.3793,1.37918,1.37919,116490000,1
1754270940000,1754270999000,1.3792,1.37925,1.37919,1.37923,158730000,1
1754271000000,1754271059000,1.37921,1.37931,1.37895,1.37895,201360000,1
1754271060000,1754271119000,1.37896,1.37908,1.37889,1.37895,191340000,1
1754271120000,1754271179000,1.37895,1.37898,1.37878,1.3789,214770000,1
1754271180000,1754271239000,1.3789,1.37898,1.3788,1.37895,176220000,1
1754271240000,1754271299000,1.37895,1.37905,1.37891,1.37892,94080000,1
1754271300000,1754271359000,1.37892,1.37893,1.37882,1.37886,125280000,1
1754271360000,1754271419000,1.37886,1.37902,1.37883,1.37895,197850000,1
1754271420000,1754271479000,1.37896,1.379,1.37893,1.37896,142560000,1
1754271480000,1754271539000,1.37895,1.37898,1.37885,1.37885,82650000,1
1754271540000,1754271599000,1.37887,1.37887,1.37873,1.37884,160860000,1
1754271600000,1754271659000,1.37884,1.37893,1.37875,1.37893,160950000,1
1754271660000,1754271719000,1.37894,1.37894,1.37874,1.37885,114210000,1
1754271720000,1754271779000,1.37885,1.3789,1.37882,1.37883,159060000,1
1754271780000,1754271839000,1.37883,1.37884,1.3786,1.37864,140970000,1
1754271840000,1754271899000,1.37864,1.3788,1.37864,1.37876,82050000,1
1754271900000,1754271959000,1.37876,1.37876,1.37853,1.37857,121950000,1
1754271960000,1754272019000,1.37856,1.37857,1.37844,1.37851,131520000,1
1754272020000,1754272079000,1.37853,1.37853,1.37834,1.37834,158730000,1
1754272080000,1754272139000,1.37833,1.37835,1.37817,1.37835,173700000,1
1754272140000,1754272199000,1.37835,1.37838,1.37826,1.37838,229950000,1
1754272200000,1754272259000,1.37837,1.37837,1.37818,1.3782,126150000,1
1754272260000,1754272319000,1.3782,1.37829,1.37817,1.37828,136350000,1
1754272320000,1754272379000,1.3783,1.37837,1.37821,1.37833,128850000,1
1754272380000,1754272439000,1.37833,1.37834,1.37807,1.37808,98190000,1
1754272440000,1754272499000,1.37809,1.37811,1.378,1.378,79350000,1
1754272500000,1754272559000,1.37803,1.37809,1.37803,1.37806,118350000,1
1754272560000,1754272619000,1.37806,1.37808,1.37793,1.37793,95550000,1
1754272620000,1754272679000,1.37794,1.37794,1.37786,1.37787,118950000,1
1754272680000,1754272739000,1.37787,1.37792,1.37786,1.37791,83250000,1
1754272740000,1754272799000,1.37792,1.37792,1.37785,1.37788,127050000,1
1754272800000,1754272859000,1.37786,1.37786,1.37769,1.37772,120900000,1
1754272860000,1754272919000,1.37772,1.37796,1.37772,1.37796,141450000,1
1754272920000,1754272979000,1.37797,1.37805,1.37789,1.37799,97050000,1
1754272980000,1754273039000,1.378,1.37813,1.37793,1.37809,95100000,1
1754273040000,1754273099000,1.37808,1.37811,1.37798,1.37798,127080000,1
1754273100000,1754273159000,1.37799,1.37804,1.37789,1.3779,111570000,1
1754273160000,1754273219000,1.37789,1.37791,1.37779,1.37779,71400000,1
1754273220000,1754273279000,1.37779,1.37779,1.37769,1.37779,109500000,1
1754273280000,1754273339000,1.37779,1.37784,1.37774,1.37778,115800000,1
1754273340000,1754273399000,1.37777,1.37789,1.37776,1.37785,83400000,1
1754273400000,1754273459000,1.37786,1.37793,1.37783,1.3779,114300000,1
1754273460000,1754273519000,1.37791,1.37791,1.3778,1.37781,151500000,1
1754273520000,1754273579000,1.3778,1.37791,1.37775,1.37791,70950000,1
1754273580000,1754273639000,1.3779,1.3779,1.37775,1.37775,134160000,1
1754273640000,1754273699000,1.37773,1.37783,1.37768,1.37781,80850000,1
1754273700000,1754273759000,1.37779,1.37781,1.37772,1.37781,87150000,1
1754273760000,1754273819000,1.3778,1.37781,1.37762,1.37763,89700000,1
1754273820000,1754273879000,1.37762,1.37775,1.37762,1.37765,100080000,1
1754273880000,1754273939000,1.37766,1.37775,1.37764,1.37767,76800000,1
1754273940000,1754273999000,1.37767,1.37768,1.37765,1.37768,109200000,1
1754274000000,1754274059000,1.37767,1.37768,1.37759,1.3776,129300000,1
1754274060000,1754274119000,1.3776,1.3776,1.37732,1.37732,88050000,1
1754274120000,1754274179000,1.37733,1.37736,1.37722,1.37725,72900000,1
1754274180000,1754274239000,1.37724,1.37732,1.37724,1.3773,33450000,1
1754274240000,1754274299000,1.37731,1.37734,1.37722,1.37732,79740000,1
1754274300000,1754274359000,1.37734,1.37735,1.37729,1.37732,103050000,1
1754274360000,1754274419000,1.37735,1.37743,1.37733,1.37742,95850000,1
1754274420000,1754274479000,1.37741,1.37751,1.3774,1.37747,87930000,1
1754274480000,1754274539000,1.37747,1.3775,1.37745,1.37747,50550000,1
1754274540000,1754274599000,1.37747,1.3775,1.37739,1.37742,59850000,1
1754274600000,1754274659000,1.37742,1.37748,1.37737,1.3774,125100000,1
1754274660000,1754274719000,1.3774,1.37753,1.3774,1.3775,128400000,1
1754274720000,1754274779000,1.3775,1.37753,1.37747,1.37747,101850000,1
1754274780000,1754274839000,1.37749,1.37752,1.37744,1.37747,67200000,1
1754274840000,1754274899000,1.37747,1.37748,1.37742,1.37742,31650000,1
1754274900000,1754274959000,1.37742,1.37743,1.37731,1.37739,89400000,1
1754274960000,1754275019000,1.37739,1.37745,1.37739,1.3774,47310000,1
1754275020000,1754275079000,1.37742,1.37747,1.3773,1.37742,87510000,1
1754275080000,1754275139000,1.37742,1.37747,1.37737,1.37747,114090000,1
1754275140000,1754275199000,1.37749,1.37766,1.37746,1.37766,153780000,1
1754275200000,1754275259000,1.37765,1.37768,1.3776,1.37768,233910000,1
1754275260000,1754275319000,1.37767,1.37768,1.37758,1.37758,108450000,1
1754275320000,1754275379000,1.37758,1.37759,1.37748,1.37751,74370000,1
1754275380000,1754275439000,1.37751,1.37751,1.37746,1.37746,137880000,1
1754275440000,1754275499000,1.37747,1.3775,1.37746,1.37748,104610000,1
1754275500000,1754275559000,1.37748,1.37758,1.37746,1.37757,143550000,1
1754275560000,1754275619000,1.37757,1.37762,1.37755,1.37758,85290000,1
1754275620000,1754275679000,1.37758,1.37762,1.37755,1.37755,94170000,1
1754275680000,1754275739000,1.37753,1.37779,1.3775,1.37778,100380000,1
1754275740000,1754275799000,1.37779,1.37786,1.37773,1.37774,95310000,1
1754275800000,1754275859000,1.37776,1.37783,1.37775,1.37779,181380000,1
1754275860000,1754275919000,1.37779,1.37781,1.37774,1.37775,103770000,1
1754275920000,1754275979000,1.37775,1.37776,1.37768,1.37775,117120000,1
1754275980000,1754276039000,1.37775,1.37782,1.3777,1.37773,127020000,1
1754276040000,1754276099000,1.37772,1.37772,1.37769,1.37769,93330000,1
1754276100000,1754276159000,1.37769,1.3777,1.37769,1.37769,77010000,1
1754276160000,1754276219000,1.37768,1.3777,1.37759,1.37759,109710000,1
1754276220000,1754276279000,1.3776,1.37761,1.37752,1.3776,107370000,1
1754276280000,1754276339000,1.37759,1.37763,1.37759,1.37763,76650000,1
1754276340000,1754276399000,1.37762,1.37763,1.37759,1.37763,42360000,1
1754276400000,1754276459000,1.37761,1.37762,1.37754,1.37759,77310000,1
1754276460000,1754276519000,1.37759,1.37759,1.37731,1.37731,168540000,1
1754276520000,1754276579000,1.37731,1.37732,1.37716,1.37721,94470000,1
1754276580000,1754276639000,1.37721,1.37726,1.37716,1.37721,186000000,1
1754276640000,1754276699000,1.37721,1.37721,1.37705,1.37714,139290000,1
1754276700000,1754276759000,1.37713,1.37731,1.37713,1.37725,139800000,1
1754276760000,1754276819000,1.37726,1.37731,1.37725,1.37725,109800000,1
1754276820000,1754276879000,1.37726,1.37732,1.37725,1.37729,150300000,1
1754276880000,1754276939000,1.37729,1.37732,1.37726,1.37728,135000000,1
1754276940000,1754276999000,1.37729,1.37732,1.37728,1.37731,67920000,1
1754277000000,1754277059000,1.3773,1.37739,1.37726,1.37736,115050000,1
1754277060000,1754277119000,1.37736,1.37737,1.37728,1.37729,135750000,1
1754277120000,1754277179000,1.37728,1.37738,1.37728,1.37732,140400000,1
1754277180000,1754277239000,1.37732,1.37733,1.37719,1.37723,188550000,1
1754277240000,1754277299000,1.37724,1.3773,1.37718,1.37729,109290000,1
1754277300000,1754277359000,1.37729,1.37736,1.37729,1.37736,76050000,1
1754277360000,1754277419000,1.37734,1.37735,1.37726,1.37726,61950000,1
1754277420000,1754277479000,1.37726,1.37744,1.37726,1.3774,74100000,1
1754277480000,1754277539000,1.3774,1.37751,1.3774,1.3775,106050000,1
1754277540000,1754277599000,1.37751,1.37756,1.3775,1.37753,90900000,1
1754277600000,1754277659000,1.37752,1.37753,1.37748,1.37753,76200000,1
1754277660000,1754277719000,1.37752,1.37753,1.37741,1.37741,67200000,1
1754277720000,1754277779000,1.37744,1.37756,1.37743,1.37755,53250000,1
1754277780000,1754277839000,1.37755,1.37756,1.37752,1.37752,48000000,1
1754277840000,1754277899000,1.37752,1.37756,1.37751,1.37756,34950000,1
1754277900000,1754277959000,1.37757,1.37764,1.37753,1.37759,46800000,1
1754277960000,1754278019000,1.37758,1.37758,1.37751,1.37752,53400000,1
1754278020000,1754278079000,1.37751,1.37757,1.37751,1.37751,36900000,1
1754278080000,1754278139000,1.37751,1.37757,1.37751,1.37756,34650000,1
1754278140000,1754278199000,1.37756,1.37757,1.3773,1.37733,48000000,1
1754278200000,1754278259000,1.37733,1.37736,1.37721,1.37723,108150000,1
1754278260000,1754278319000,1.37724,1.37741,1.37723,1.37739,70920000,1
1754278320000,1754278379000,1.37739,1.37755,1.37739,1.37754,40050000,1
1754278380000,1754278439000,1.37754,1.37754,1.3774,1.3774,95040000,1
1754278440000,1754278499000,1.3774,1.37743,1.37735,1.37743,119250000,1
1754278500000,1754278559000,1.37742,1.37752,1.37742,1.37751,81660000,1
1754278560000,1754278619000,1.37752,1.37752,1.37751,1.37751,26670000,1
1754278620000,1754278679000,1.37751,1.37757,1.37743,1.37743,77700000,1
1754278680000,1754278739000,1.37744,1.37744,1.37736,1.37744,64980000,1
1754278740000,1754278799000,1.37743,1.37744,1.37738,1.37741,56130000,1
1754278800000,1754278859000,1.37742,1.37742,1.37739,1.37741,32700000,1
1754278860000,1754278919000,1.37741,1.37747,1.37739,1.37743,27270000,1
1754278920000,1754278979000,1.37743,1.37747,1.37739,1.37746,55590000,1
1754278980000,1754279039000,1.37746,1.37747,1.37743,1.37746,63900000,1
1754279040000,1754279099000,1.37746,1.37748,1.37746,1.37748,30750000,1
1754279100000,1754279159000,1.37748,1.37752,1.37746,1.37751,73950000,1
1754279160000,1754279219000,1.3775,1.37751,1.37738,1.3775,82950000,1
1754279220000,1754279279000,1.3775,1.37751,1.37748,1.37748,27750000,1
1754279280000,1754279339000,1.37749,1.37749,1.37744,1.37747,56400000,1
1754279340000,1754279399000,1.37744,1.37744,1.37737,1.37739,52140000,1
1754279400000,1754279459000,1.37739,1.3774,1.37732,1.37732,28860000,1
1754279460000,1754279519000,1.37729,1.37733,1.37729,1.37731,57840000,1
1754279520000,1754279579000,1.37731,1.37735,1.37726,1.37729,47070000,1
1754279580000,1754279639000,1.37728,1.37739,1.37726,1.37737,96600000,1
1754279640000,1754279699000,1.37737,1.37742,1.37733,1.37738,60750000,1
1754279700000,1754279759000,1.37736,1.37738,1.37731,1.37736,48660000,1
1754279760000,1754279819000,1.37736,1.37743,1.37736,1.37743,41490000,1
1754279820000,1754279879000,1.37743,1.37746,1.37743,1.37746,43950000,1
1754279880000,1754279939000,1.37746,1.37752,1.37746,1.37752,21750000,1
1754279940000,1754279999000,1.37751,1.37752,1.37749,1.37749,38910000,1
1754280000000,1754280059000,1.37751,1.37754,1.37751,1.37751,22920000,1
1754280060000,1754280119000,1.37752,1.37762,1.3775,1.37751,41700000,1
1754280120000,1754280179000,1.3775,1.3775,1.37742,1.37742,40350000,1
1754280180000,1754280239000,1.37744,1.37744,1.37737,1.37737,12150000,1
1754280240000,1754280299000,1.37737,1.37741,1.37735,1.3774,25350000,1
1754280300000,1754280359000,1.37737,1.37745,1.37733,1.37744,53820000,1
1754280360000,1754280419000,1.37745,1.37745,1.37742,1.37742,19050000,1
1754280420000,1754280479000,1.37742,1.37752,1.37742,1.37749,37500000,1
1754280480000,1754280539000,1.37749,1.37753,1.37749,1.37752,22950000,1
1754280540000,1754280599000,1.37752,1.37754,1.37739,1.37739,38700000,1
1754280600000,1754280659000,1.37739,1.3774,1.37727,1.37733,50550000,1
1754280660000,1754280719000,1.37732,1.37733,1.37722,1.37722,29670000,1
1754280720000,1754280779000,1.37725,1.37736,1.37725,1.37732,31950000,1
1754280780000,1754280839000,1.37732,1.3774,1.37732,1.37735,55050000,1
1754280840000,1754280899000,1.37735,1.37736,1.37731,1.37731,36660000,1
1754280900000,1754280959000,1.37733,1.37738,1.37733,1.37733,64230000,1
1754280960000,1754281019000,1.37733,1.37734,1.37731,1.37734,32400000,1
1754281020000,1754281079000,1.37735,1.37735,1.37729,1.37731,37770000,1
1754281080000,1754281139000,1.37731,1.37739,1.37729,1.3773,56400000,1
1754281140000,1754281199000,1.37734,1.3774,1.37734,1.37736,24150000,1
1754281200000,1754281259000,1.37735,1.37737,1.37734,1.37737,12150000,1
1754281260000,1754281319000,1.37736,1.37739,1.37734,1.37736,38400000,1
1754281320000,1754281379000,1.37736,1.37746,1.37736,1.37745,46200000,1
1754281380000,1754281439000,1.37745,1.37747,1.37744,1.37744,14940000,1
1754281440000,1754281499000,1.37744,1.37744,1.37736,1.37736,20100000,1
1754281500000,1754281559000,1.37736,1.37736,1.37733,1.37734,12900000,1
1754281560000,1754281619000,1.37728,1.37733,1.37728,1.37733,15150000,1
1754281620000,1754281679000,1.3773,1.37733,1.3773,1.37732,25590000,1
1754281680000,1754281739000,1.37732,1.37732,1.37725,1.37725,34350000,1
1754281740000,1754281799000,1.37725,1.37726,1.37717,1.37717,30900000,1
1754281800000,1754281859000,1.37716,1.37716,1.37706,1.37706,17100000,1
1754281860000,1754281919000,1.37707,1.37714,1.37707,1.37713,44700000,1
1754281920000,1754281979000,1.37714,1.37714,1.37708,1.37711,69600000,1
1754281980000,1754282039000,1.37711,1.37715,1.37707,1.37709,56100000,1
1754282040000,1754282099000,1.3771,1.37713,1.37709,1.37713,77550000,1
1754282100000,1754282159000,1.37713,1.37713,1.37707,1.37707,29250000,1
1754282160000,1754282219000,1.37702,1.37707,1.37702,1.37706,25050000,1
1754282220000,1754282279000,1.37707,1.37716,1.377,1.37716,41700000,1
1754282280000,1754282339000,1.37716,1.37726,1.37716,1.37725,48300000,1
1754282340000,1754282399000,1.37726,1.37731,1.37723,1.37728,45150000,1
1754282400000,1754282459000,1.3773,1.37742,1.3773,1.37739,44460000,1
1754282460000,1754282519000,1.37738,1.37745,1.37737,1.37742,33570000,1
1754282520000,1754282579000,1.3774,1.3774,1.37735,1.37736,34500000,1
1754282580000,1754282639000,1.37735,1.37736,1.37727,1.37736,46950000,1
1754282640000,1754282699000,1.37735,1.37736,1.37725,1.37725,33150000,1
1754282700000,1754282759000,1.37726,1.37727,1.37726,1.37727,13500000,1
1754282760000,1754282819000,1.37726,1.37727,1.37717,1.37717,25050000,1
1754282820000,1754282879000,1.37717,1.37717,1.37712,1.37714,24300000,1
1754282880000,1754282939000,1.37715,1.37717,1.37713,1.37717,24150000,1
1754282940000,1754282999000,1.37716,1.37717,1.37716,1.37717,5700000,1
1754283000000,1754283059000,1.37717,1.37717,1.37717,1.37717,1350000,1
1754283060000,1754283119000,1.37716,1.37717,1.37716,1.37717,6150000,1
1754283120000,1754283179000,1.37716,1.37727,1.37714,1.37726,29220000,1
1754283180000,1754283239000,1.37726,1.37727,1.37724,1.37724,9600000,1
1754283240000,1754283299000,1.37724,1.37729,1.37724,1.37727,15450000,1
1754283300000,1754283359000,1.37727,1.37729,1.37725,1.37728,34650000,1
1754283360000,1754283419000,1.37726,1.37726,1.3772,1.37726,34650000,1
1754283420000,1754283479000,1.37725,1.37741,1.37723,1.3774,45840000,1
1754283480000,1754283539000,1.37741,1.37742,1.37738,1.37738,32430000,1
1754283540000,1754283599000,1.37739,1.3774,1.37738,1.37739,35250000,1
1754283600000,1754283659000,1.3774,1.37751,1.37739,1.37743,138300000,1
1754283660000,1754283719000,1.37744,1.3775,1.37743,1.37749,134520000,1
1754283720000,1754283779000,1.37748,1.37749,1.37732,1.37732,105300000,1
1754283780000,1754283839000,1.37732,1.37732,1.37724,1.37726,97500000,1
1754283840000,1754283899000,1.37726,1.37727,1.37715,1.37716,118950000,1
1754283900000,1754283959000,1.37716,1.37717,1.37705,1.37706,93900000,1
1754283960000,1754284019000,1.37705,1.37707,1.37701,1.37706,95550000,1
1754284020000,1754284079000,1.37706,1.37706,1.37677,1.37677,67050000,1
1754284080000,1754284139000,1.37677,1.37677,1.37666,1.37672,82800000,1
1754284140000,1754284199000,1.37672,1.37685,1.37672,1.37684,89400000,1
1754284200000,1754284259000,1.37684,1.37701,1.37684,1.377,75750000,1
1754284260000,1754284319000,1.37701,1.37705,1.37698,1.37699,38400000,1
1754284320000,1754284379000,1.37698,1.3771,1.37698,1.37702,57330000,1
1754284380000,1754284439000,1.37701,1.37721,1.37701,1.37717,54750000,1
1754284440000,1754284499000,1.37717,1.37722,1.37717,1.3772,35700000,1
1754284500000,1754284559000,1.37721,1.37737,1.37721,1.37736,88650000,1
1754284560000,1754284619000,1.37736,1.37743,1.37736,1.37738,83550000,1
1754284620000,1754284679000,1.37738,1.37739,1.37733,1.37737,53100000,1
1754284680000,1754284739000,1.37738,1.37745,1.37737,1.37737,38700000,1
1754284740000,1754284799000,1.37737,1.37742,1.37737,1.37742,41250000,1
1754284800000,1754284859000,1.37742,1.37743,1.37739,1.37742,69750000,1
1754284860000,1754284919000,1.37742,1.37745,1.37737,1.3774,105900000,1
1754284920000,1754284979000,1.3774,1.37741,1.37725,1.37725,182250000,1
1754284980000,1754285039000,1.37728,1.37728,1.37721,1.37724,58560000,1
1754285040000,1754285099000,1.37724,1.37725,1.37719,1.3772,70050000,1
1754285100000,1754285159000,1.37719,1.3772,1.37696,1.37703,129000000,1
1754285160000,1754285219000,1.37704,1.37709,1.37703,1.37709,32280000,1
1754285220000,1754285279000,1.37709,1.3771,1.37698,1.377,43500000,1
1754285280000,1754285339000,1.377,1.37709,1.377,1.37705,55470000,1
1754285340000,1754285399000,1.37707,1.37718,1.37706,1.37713,69600000,1
1754285400000,1754285459000,1.37714,1.37727,1.37713,1.37725,46350000,1
1754285460000,1754285519000,1.37725,1.37726,1.37721,1.37723,32400000,1
1754285520000,1754285579000,1.37723,1.37735,1.37716,1.37735,57300000,1
1754285580000,1754285639000,1.37734,1.37735,1.37727,1.37727,57150000,1
1754285640000,1754285699000,1.37727,1.37738,1.37727,1.37734,80880000,1
1754285700000,1754285759000,1.37734,1.37735,1.37723,1.37732,106260000,1
1754285760000,1754285819000,1.37732,1.37733,1.37727,1.37729,108090000,1
1754285820000,1754285879000,1.37729,1.37735,1.37726,1.37727,58620000,1
1754285880000,1754285939000,1.37728,1.37728,1.37716,1.3772,49320000,1
1754285940000,1754285999000,1.37719,1.37727,1.37718,1.37726,71790000,1
1754286000000,1754286059000,1.37727,1.37728,1.37718,1.37727,126330000,1
1754286060000,1754286119000,1.37727,1.37737,1.37727,1.37736,66990000,1
1754286120000,1754286179000,1.37738,1.37738,1.37731,1.37736,63120000,1
1754286180000,1754286239000,1.37736,1.37746,1.37736,1.37743,47820000,1
1754286240000,1754286299000,1.37742,1.37743,1.37736,1.37736,28800000,1
1754286300000,1754286359000,1.37736,1.37738,1.37736,1.37736,84300000,1
1754286360000,1754286419000,1.37738,1.37747,1.37737,1.3774,34200000,1
1754286420000,1754286479000,1.37739,1.37749,1.37736,1.37743,42000000,1
1754286480000,1754286539000,1.37744,1.37747,1.37744,1.37746,35550000,1
1754286540000,1754286599000,1.37747,1.37754,1.37745,1.37745,26550000,1
1754286600000,1754286659000,1.37746,1.37746,1.37737,1.37742,45450000,1
1754286660000,1754286719000,1.37743,1.37753,1.37743,1.37753,47100000,1
1754286720000,1754286779000,1.37753,1.37769,1.37749,1.37762,115050000,1
1754286780000,1754286839000,1.37762,1.37763,1.37757,1.37757,24900000,1
1754286840000,1754286899000,1.37757,1.37766,1.37756,1.37761,124590000,1
1754286900000,1754286959000,1.37761,1.3777,1.37754,1.37762,108450000,1
1754286960000,1754287019000,1.37763,1.37774,1.37761,1.37772,144960000,1
1754287020000,1754287079000,1.37771,1.37788,1.37765,1.37779,170340000,1
1754287080000,1754287139000,1.3778,1.37783,1.3777,1.37771,137640000,1
1754287140000,1754287199000,1.37771,1.37776,1.37767,1.37775,119280000,1
1754287200000,1754287259000,1.37774,1.37782,1.37766,1.3778,275640000,1
1754287260000,1754287319000,1.3778,1.37797,1.37776,1.37793,209280000,1
1754287320000,1754287379000,1.37793,1.37802,1.37784,1.37802,197700000,1
1754287380000,1754287439000,1.37801,1.37807,1.37795,1.37801,187650000,1
1754287440000,1754287499000,1.37801,1.3782,1.37801,1.37813,157920000,1
1754287500000,1754287559000,1.37813,1.37813,1.37798,1.37801,144300000,1
1754287560000,1754287619000,1.37801,1.37806,1.37793,1.37803,163230000,1
1754287620000,1754287679000,1.37804,1.37804,1.37767,1.37785,175950000,1
1754287680000,1754287739000,1.37785,1.37791,1.37781,1.37791,83700000,1
1754287740000,1754287799000,1.37792,1.37796,1.37789,1.37791,82500000,1
1754287800000,1754287859000,1.37791,1.378,1.37786,1.37793,223680000,1
1754287860000,1754287919000,1.37791,1.37792,1.37775,1.37779,125430000,1
1754287920000,1754287979000,1.3778,1.3778,1.3777,1.37772,113940000,1
1754287980000,1754288039000,1.37773,1.37773,1.37707,1.37726,222840000,1
1754288040000,1754288099000,1.3773,1.37737,1.37717,1.37717,173310000,1
1754288100000,1754288159000,1.37717,1.37726,1.37712,1.37722,160590000,1
1754288160000,1754288219000,1.37724,1.37725,1.37699,1.37702,106800000,1
1754288220000,1754288279000,1.37701,1.37709,1.37701,1.37708,124230000,1
1754288280000,1754288339000,1.37707,1.37708,1.37696,1.37701,141210000,1
1754288340000,1754288399000,1.37701,1.37719,1.37696,1.37717,115920000,1
1754288400000,1754288459000,1.37717,1.37739,1.37712,1.37736,183120000,1
1754288460000,1754288519000,1.37736,1.37758,1.37732,1.37754,149010000,1
1754288520000,1754288579000,1.37755,1.37776,1.37748,1.37775,174450000,1
1754288580000,1754288639000,1.37775,1.37781,1.37773,1.37777,138810000,1
1754288640000,1754288699000,1.37778,1.37809,1.37778,1.37804,96660000,1
1754288700000,1754288759000,1.37804,1.37813,1.37801,1.37811,116730000,1
1754288760000,1754288819000,1.37809,1.37823,1.37803,1.37811,120300000,1
1754288820000,1754288879000,1.37812,1.37813,1.37808,1.37811,37800000,1
1754288880000,1754288939000,1.37812,1.37822,1.37812,1.37818,58950000,1
1754288940000,1754288999000,1.37818,1.37818,1.37808,1.37808,57150000,1
1754289000000,1754289059000,1.37803,1.3782,1.37786,1.37812,159150000,1
1754289060000,1754289119000,1.37813,1.37821,1.37811,1.3782,48420000,1
1754289120000,1754289179000,1.37821,1.37821,1.37803,1.37807,59550000,1
1754289180000,1754289239000,1.37807,1.37811,1.37795,1.37798,117360000,1
1754289240000,1754289299000,1.37797,1.37806,1.37795,1.37803,143400000,1
1754289300000,1754289359000,1.37803,1.37803,1.37783,1.37783,94140000,1
1754289360000,1754289419000,1.37783,1.37786,1.37757,1.37757,72240000,1
1754289420000,1754289479000,1.37756,1.37761,1.37748,1.37757,102810000,1
1754289480000,1754289539000,1.37757,1.37766,1.37755,1.37765,88650000,1
1754289540000,1754289599000,1.37765,1.37775,1.37755,1.37759,86850000,1
1754289600000,1754289659000,1.37758,1.37758,1.37734,1.37739,158190000,1
1754289660000,1754289719000,1.37739,1.37742,1.37729,1.37729,117000000,1
1754289720000,1754289779000,1.37729,1.37729,1.37706,1.37709,77430000,1
1754289780000,1754289839000,1.37709,1.3771,1.37699,1.37699,43920000,1
1754289840000,1754289899000,1.37698,1.3771,1.37697,1.37701,120900000,1
1754289900000,1754289959000,1.37701,1.37704,1.37696,1.37699,54750000,1
1754289960000,1754290019000,1.37699,1.37709,1.37699,1.37706,70500000,1
1754290020000,1754290079000,1.37707,1.37714,1.37699,1.37699,80220000,1
1754290080000,1754290139000,1.37699,1.37718,1.37697,1.37697,124710000,1
1754290140000,1754290199000,1.37698,1.37709,1.37698,1.37708,75750000,1
1754290200000,1754290259000,1.37708,1.37709,1.37691,1.37694,61350000,1
1754290260000,1754290319000,1.37691,1.37698,1.37691,1.37696,69630000,1
1754290320000,1754290379000,1.37695,1.37696,1.37676,1.3768,88080000,1
1754290380000,1754290439000,1.3768,1.37687,1.37671,1.37686,82500000,1
1754290440000,1754290499000,1.37688,1.3769,1.37681,1.37689,74220000,1
1754290500000,1754290559000,1.37689,1.37699,1.37685,1.37686,106650000,1
1754290560000,1754290619000,1.37688,1.37691,1.37676,1.37676,112350000,1
1754290620000,1754290679000,1.37679,1.37681,1.37676,1.37678,62850000,1
1754290680000,1754290739000,1.37679,1.37689,1.37677,1.37688,158910000,1
1754290740000,1754290799000,1.3769,1.37711,1.3769,1.3771,159420000,1
1754290800000,1754290859000,1.3771,1.37747,1.37708,1.37746,217620000,1
1754290860000,1754290919000,1.37747,1.37747,1.37693,1.37698,187200000,1
1754290920000,1754290979000,1.37697,1.37706,1.37687,1.37687,111870000,1
1754290980000,1754291039000,1.37687,1.37704,1.37677,1.377,109050000,1
1754291040000,1754291099000,1.377,1.37708,1.37699,1.37705,85950000,1
1754291100000,1754291159000,1.37707,1.37751,1.37707,1.37735,219660000,1
1754291160000,1754291219000,1.37736,1.37745,1.37731,1.37731,134190000,1
1754291220000,1754291279000,1.37731,1.37738,1.37728,1.37736,142050000,1
1754291280000,1754291339000,1.37734,1.37746,1.37734,1.37744,111360000,1
1754291340000,1754291399000,1.37745,1.37745,1.3773,1.37735,98040000,1
1754291400000,1754291459000,1.37734,1.37737,1.3773,1.3773,74550000,1
1754291460000,1754291519000,1.37729,1.37734,1.37724,1.37724,87000000,1
1754291520000,1754291579000,1.37724,1.37725,1.37708,1.37708,78300000,1
1754291580000,1754291639000,1.37708,1.37718,1.37697,1.37718,134970000,1
1754291640000,1754291699000,1.37719,1.37724,1.37712,1.37724,207570000,1
1754291700000,1754291759000,1.37723,1.37731,1.37716,1.37717,161850000,1
1754291760000,1754291819000,1.37716,1.37724,1.37715,1.37721,90930000,1
1754291820000,1754291879000,1.37721,1.37724,1.37708,1.37708,129660000,1
1754291880000,1754291939000,1.37711,1.37734,1.37708,1.37731,183450000,1
1754291940000,1754291999000,1.3773,1.37739,1.3773,1.37732,169500000,1
1754292000000,1754292059000,1.37732,1.37752,1.37732,1.37742,164640000,1
1754292060000,1754292119000,1.3774,1.37758,1.3774,1.37749,63900000,1
1754292120000,1754292179000,1.37748,1.37757,1.37746,1.37755,73800000,1
1754292180000,1754292239000,1.37755,1.37773,1.37755,1.37766,137100000,1
1754292240000,1754292299000,1.37764,1.37773,1.37754,1.37766,194550000,1
1754292300000,1754292359000,1.37766,1.37771,1.37756,1.37771,54000000,1
1754292360000,1754292419000,1.37774,1.3778,1.37765,1.37765,119760000,1
1754292420000,1754292479000,1.37766,1.37771,1.37753,1.37753,102960000,1
1754292480000,1754292539000,1.37755,1.37762,1.37747,1.37761,56550000,1
1754292540000,1754292599000,1.37761,1.37765,1.37756,1.3776,71850000,1
1754292600000,1754292659000,1.3776,1.37793,1.3776,1.37779,114930000,1
1754292660000,1754292719000,1.37778,1.37778,1.37765,1.37765,30450000,1
1754292720000,1754292779000,1.37765,1.37794,1.37765,1.37787,162750000,1
1754292780000,1754292839000,1.37786,1.37793,1.37767,1.37771,120000000,1
1754292840000,1754292899000,1.37773,1.37785,1.37773,1.37775,77850000,1
1754292900000,1754292959000,1.37775,1.37777,1.37768,1.37775,106200000,1
1754292960000,1754293019000,1.37775,1.37791,1.37775,1.37791,117300000,1
1754293020000,1754293079000,1.37791,1.37803,1.37791,1.37798,91050000,1
1754293080000,1754293139000,1.37797,1.37799,1.37791,1.37798,99600000,1
1754293140000,1754293199000,1.37801,1.37813,1.37798,1.37807,149010000,1
1754293200000,1754293259000,1.37806,1.37819,1.37806,1.37816,74100000,1
1754293260000,1754293319000,1.37817,1.37818,1.37803,1.37809,109200000,1
1754293320000,1754293379000,1.37809,1.37829,1.37801,1.37801,179700000,1
1754293380000,1754293439000,1.37801,1.37809,1.37798,1.37804,80040000,1
1754293440000,1754293499000,1.37805,1.37805,1.37762,1.37768,139200000,1
1754293500000,1754293559000,1.37768,1.37792,1.37768,1.37791,86250000,1
1754293560000,1754293619000,1.37795,1.37802,1.37787,1.37794,132120000,1
1754293620000,1754293679000,1.37794,1.37812,1.37787,1.37806,141300000,1
1754293680000,1754293739000,1.37805,1.37825,1.37805,1.37825,118800000,1
1754293740000,1754293799000,1.37829,1.37842,1.3782,1.37823,189750000,1
1754293800000,1754293859000,1.37823,1.37831,1.37816,1.37816,178650000,1
1754293860000,1754293919000,1.37816,1.37822,1.37798,1.37802,176640000,1
1754293920000,1754293979000,1.37801,1.37808,1.37797,1.37804,153750000,1
1754293980000,1754294039000,1.37805,1.37805,1.37783,1.3779,143370000,1
1754294040000,1754294099000,1.37791,1.37797,1.37784,1.37788,150690000,1
1754294100000,1754294159000,1.37789,1.37798,1.37789,1.37795,95100000,1
1754294160000,1754294219000,1.37795,1.37827,1.37795,1.37823,149550000,1
1754294220000,1754294279000,1.37825,1.37835,1.37821,1.37831,216360000,1
1754294280000,1754294339000,1.37831,1.37831,1.37816,1.37822,96240000,1
1754294340000,1754294399000,1.37821,1.37836,1.37821,1.37834,148350000,1
1754294400000,1754294459000,1.37834,1.37835,1.37822,1.37822,171900000,1
1754294460000,1754294519000,1.37821,1.37835,1.37821,1.37825,110490000,1
1754294520000,1754294579000,1.37824,1.37843,1.37824,1.37835,122700000,1
1754294580000,1754294639000,1.37835,1.37851,1.37835,1.37837,101700000,1
1754294640000,1754294699000,1.37836,1.37836,1.37826,1.37829,64050000,1
1754294700000,1754294759000,1.3783,1.3783,1.37807,1.3781,99750000,1
1754294760000,1754294819000,1.3781,1.37824,1.3781,1.37811,90120000,1
1754294820000,1754294879000,1.37811,1.37811,1.37798,1.37802,73650000,1
1754294880000,1754294939000,1.37803,1.37829,1.37801,1.37823,127830000,1
1754294940000,1754294999000,1.37824,1.37857,1.37822,1.37852,180060000,1
1754295000000,1754295059000,1.37851,1.37852,1.3783,1.3783,148470000,1
1754295060000,1754295119000,1.37831,1.37833,1.37817,1.37822,135750000,1
1754295120000,1754295179000,1.3782,1.37828,1.3782,1.37822,145050000,1
1754295180000,1754295239000,1.37821,1.37828,1.37818,1.37818,91650000,1
1754295240000,1754295299000,1.37818,1.37834,1.37817,1.37818,103650000,1
1754295300000,1754295359000,1.37818,1.37822,1.37812,1.37817,104100000,1
1754295360000,1754295419000,1.37818,1.37821,1.37811,1.37819,82950000,1
1754295420000,1754295479000,1.3782,1.3783,1.3782,1.37823,63060000,1
1754295480000,1754295539000,1.37824,1.37851,1.37823,1.37839,201900000,1
1754295540000,1754295599000,1.37839,1.37841,1.37829,1.37832,111900000,1
1754295600000,1754295659000,1.37833,1.37834,1.37827,1.37829,86400000,1
1754295660000,1754295719000,1.3783,1.37842,1.37826,1.37839,81960000,1
1754295720000,1754295779000,1.37841,1.37841,1.37832,1.37837,82440000,1
1754295780000,1754295839000,1.37837,1.37839,1.37831,1.37833,74820000,1
1754295840000,1754295899000,1.37836,1.37837,1.37821,1.37821,70650000,1
1754295900000,1754295959000,1.3782,1.37826,1.37813,1.37813,86340000,1
1754295960000,1754296019000,1.37813,1.37833,1.37813,1.37823,141030000,1
1754296020000,1754296079000,1.37824,1.37828,1.37819,1.37821,124800000,1
1754296080000,1754296139000,1.37821,1.37831,1.37817,1.37817,110250000,1
1754296140000,1754296199000,1.37818,1.37818,1.37811,1.37814,89250000,1
1754296200000,1754296259000,1.37814,1.37825,1.3781,1.37821,156690000,1
1754296260000,1754296319000,1.37821,1.3783,1.37819,1.37829,87270000,1
1754296320000,1754296379000,1.3783,1.37838,1.3783,1.37838,78090000,1
1754296380000,1754296439000,1.37839,1.37839,1.37832,1.37839,34650000,1
1754296440000,1754296499000,1.3784,1.37864,1.3784,1.37852,109770000,1
1754296500000,1754296559000,1.37854,1.37857,1.37847,1.3785,56100000,1
1754296560000,1754296619000,1.37851,1.37871,1.37851,1.37871,99030000,1
1754296620000,1754296679000,1.37871,1.37872,1.37862,1.37868,81750000,1
1754296680000,1754296739000,1.37865,1.37869,1.37852,1.37856,111450000,1
1754296740000,1754296799000,1.37856,1.37856,1.37847,1.37847,55620000,1
1754296800000,1754296859000,1.3785,1.37853,1.37841,1.37848,71070000,1
1754296860000,1754296919000,1.37848,1.37853,1.37842,1.37844,102960000,1
1754296920000,1754296979000,1.37844,1.37847,1.37835,1.37838,69900000,1
1754296980000,1754297039000,1.3784,1.3785,1.37839,1.37842,68550000,1
1754297040000,1754297099000,1.3784,1.37844,1.37836,1.3784,78000000,1
1754297100000,1754297159000,1.37842,1.37848,1.3784,1.37846,59550000,1
1754297160000,1754297219000,1.37843,1.37858,1.37843,1.37851,106410000,1
1754297220000,1754297279000,1.37851,1.37857,1.37848,1.3785,86010000,1
1754297280000,1754297339000,1.37851,1.37851,1.37847,1.3785,83100000,1
1754297340000,1754297399000,1.3785,1.37852,1.37838,1.3784,106050000,1
1754297400000,1754297459000,1.3784,1.37855,1.3784,1.37854,61650000,1
1754297460000,1754297519000,1.37856,1.37856,1.37842,1.37843,41700000,1
1754297520000,1754297579000,1.37843,1.3786,1.37843,1.37853,80760000,1
1754297580000,1754297639000,1.37853,1.37853,1.37841,1.37841,96450000,1
1754297640000,1754297699000,1.37841,1.37842,1.37832,1.37833,58440000,1
1754297700000,1754297759000,1.37833,1.37846,1.37833,1.37834,63990000,1
1754297760000,1754297819000,1.37835,1.3784,1.37829,1.37839,103770000,1
1754297820000,1754297879000,1.37839,1.37853,1.37838,1.37852,63510000,1
1754297880000,1754297939000,1.37851,1.37852,1.37838,1.37849,119250000,1
1754297940000,1754297999000,1.37849,1.3785,1.37831,1.37833,118980000,1
1754298000000,1754298059000,1.37834,1.37834,1.37818,1.37824,124140000,1
1754298060000,1754298119000,1.37826,1.37829,1.37817,1.37822,120390000,1
1754298120000,1754298179000,1.37823,1.37853,1.37821,1.37853,116040000,1
1754298180000,1754298239000,1.37852,1.37852,1.37843,1.37846,63690000,1
1754298240000,1754298299000,1.37845,1.37845,1.37818,1.37818,168180000,1
1754298300000,1754298359000,1.3782,1.37834,1.37818,1.37832,102930000,1
1754298360000,1754298419000,1.37831,1.37831,1.37817,1.37818,68100000,1
1754298420000,1754298479000,1.37818,1.3782,1.37809,1.37813,129600000,1
1754298480000,1754298539000,1.37814,1.37823,1.37813,1.37822,107400000,1
1754298540000,1754298599000,1.37822,1.37829,1.37821,1.37823,76050000,1
1754298600000,1754298659000,1.37824,1.37833,1.37809,1.37809,101070000,1
1754298660000,1754298719000,1.3781,1.37814,1.37796,1.37796,129450000,1
1754298720000,1754298779000,1.37797,1.37801,1.37791,1.37796,99060000,1
1754298780000,1754298839000,1.37797,1.37811,1.37795,1.37805,121770000,1
1754298840000,1754298899000,1.37806,1.37806,1.37796,1.37804,92760000,1
1754298900000,1754298959000,1.37806,1.37818,1.37802,1.37803,110850000,1
1754298960000,1754299019000,1.37803,1.37807,1.37803,1.37803,111300000,1
1754299020000,1754299079000,1.37804,1.37806,1.37797,1.37798,111390000,1
1754299080000,1754299139000,1.37798,1.37798,1.37785,1.37787,116820000,1
1754299140000,1754299199000,1.37786,1.37786,1.37755,1.37755,158730000,1
1754299200000,1754299259000,1.37755,1.37763,1.3775,1.37758,146550000,1
1754299260000,1754299319000,1.37758,1.37759,1.37754,1.37756,92400000,1
1754299320000,1754299379000,1.37758,1.37776,1.37754,1.37774,145500000,1
1754299380000,1754299439000,1.37775,1.37792,1.37775,1.37788,166050000,1
1754299440000,1754299499000,1.37788,1.3779,1.37775,1.37776,110460000,1
1754299500000,1754299559000,1.37777,1.37781,1.37772,1.37774,75600000,1
1754299560000,1754299619000,1.37775,1.37777,1.37769,1.37769,99300000,1
1754299620000,1754299679000,1.37768,1.37771,1.37767,1.3777,63690000,1
1754299680000,1754299739000,1.37769,1.37779,1.37769,1.37779,91410000,1
1754299740000,1754299799000,1.3778,1.37782,1.37776,1.37779,59400000,1
1754299800000,1754299859000,1.37778,1.37779,1.37771,1.37773,55350000,1
1754299860000,1754299919000,1.37772,1.37773,1.37762,1.37773,101610000,1
1754299920000,1754299979000,1.37772,1.37779,1.37772,1.37777,77820000,1
1754299980000,1754300039000,1.37777,1.37786,1.37772,1.37783,84150000,1
1754300040000,1754300099000,1.37783,1.37783,1.37776,1.37776,47100000,1
1754300100000,1754300159000,1.37776,1.37776,1.37764,1.37765,76860000,1
1754300160000,1754300219000,1.37765,1.37776,1.37764,1.37775,73200000,1
1754300220000,1754300279000,1.37774,1.37785,1.37767,1.37767,100500000,1
1754300280000,1754300339000,1.37766,1.37771,1.37761,1.37761,122550000,1
1754300340000,1754300399000,1.3776,1.37768,1.37757,1.37759,97350000,1
1754300400000,1754300459000,1.3776,1.3777,1.3776,1.37767,84150000,1
1754300460000,1754300519000,1.37767,1.37768,1.37762,1.37768,68490000,1
1754300520000,1754300579000,1.3777,1.37784,1.37762,1.3778,131400000,1
1754300580000,1754300639000,1.3778,1.37787,1.37777,1.37786,155520000,1
1754300640000,1754300699000,1.37786,1.37804,1.37786,1.37801,146400000,1
1754300700000,1754300759000,1.378,1.37804,1.37796,1.37796,175620000,1
1754300760000,1754300819000,1.37801,1.37807,1.37798,1.37802,139230000,1
1754300820000,1754300879000,1.37801,1.37814,1.37801,1.37812,80070000,1
1754300880000,1754300939000,1.37813,1.37817,1.37812,1.37812,57540000,1
1754300940000,1754300999000,1.37812,1.37813,1.37801,1.37804,85440000,1
1754301000000,1754301059000,1.37804,1.37812,1.37803,1.37804,75240000,1
1754301060000,1754301119000,1.37804,1.37839,1.37802,1.37821,116910000,1
1754301120000,1754301179000,1.37822,1.37824,1.37817,1.37818,106200000,1
1754301180000,1754301239000,1.37818,1.37818,1.37811,1.37814,81900000,1
1754301240000,1754301299000,1.37816,1.37818,1.37811,1.37815,105270000,1
1754301300000,1754301359000,1.37817,1.37826,1.3781,1.37821,71160000,1
1754301360000,1754301419000,1.3782,1.37839,1.3782,1.37834,87000000,1
1754301420000,1754301479000,1.37833,1.37845,1.37833,1.37841,167970000,1
1754301480000,1754301539000,1.37836,1.37836,1.37831,1.37834,64860000,1
1754301540000,1754301599000,1.37834,1.37847,1.37831,1.3784,122400000,1
1754301600000,1754301659000,1.37841,1.37843,1.37838,1.37838,98700000,1
1754301660000,1754301719000,1.37838,1.37855,1.37827,1.37854,112800000,1
1754301720000,1754301779000,1.37855,1.37855,1.37841,1.37843,76140000,1
1754301780000,1754301839000,1.37842,1.37855,1.3784,1.37851,92790000,1
1754301840000,1754301899000,1.37847,1.37849,1.37836,1.37836,89910000,1
1754301900000,1754301959000,1.37837,1.37843,1.37829,1.37829,86400000,1
1754301960000,1754302019000,1.37829,1.37833,1.37821,1.37833,110580000,1
1754302020000,1754302079000,1.37833,1.37842,1.3783,1.37839,55800000,1
1754302080000,1754302139000,1.37839,1.37839,1.37821,1.37823,44100000,1
1754302140000,1754302199000,1.37821,1.37832,1.37821,1.37831,37590000,1
1754302200000,1754302259000,1.37831,1.37831,1.37821,1.37822,96690000,1
1754302260000,1754302319000,1.37821,1.37823,1.37812,1.37812,42390000,1
1754302320000,1754302379000,1.37813,1.37824,1.37812,1.37821,56760000,1
1754302380000,1754302439000,1.3782,1.37823,1.37812,1.37813,79620000,1
1754302440000,1754302499000,1.37812,1.37814,1.378,1.37801,39720000,1
1754302500000,1754302559000,1.37802,1.37815,1.378,1.37812,89400000,1
1754302560000,1754302619000,1.37812,1.37814,1.37804,1.37805,73620000,1
1754302620000,1754302679000,1.37805,1.37807,1.37801,1.37806,39540000,1
1754302680000,1754302739000,1.37806,1.37807,1.37802,1.37804,51660000,1
1754302740000,1754302799000,1.37806,1.37821,1.37806,1.37814,65520000,1
1754302800000,1754302859000,1.37815,1.37823,1.37815,1.37822,67590000,1
1754302860000,1754302919000,1.37821,1.37823,1.37819,1.37821,38100000,1
1754302920000,1754302979000,1.37822,1.37832,1.37822,1.37829,58500000,1
1754302980000,1754303039000,1.37828,1.37844,1.37827,1.37841,73200000,1
1754303040000,1754303099000,1.37842,1.37869,1.37841,1.3786,70200000,1
1754303100000,1754303159000,1.37863,1.37863,1.37857,1.37857,45180000,1
1754303160000,1754303219000,1.37857,1.37857,1.3785,1.37852,34650000,1
1754303220000,1754303279000,1.37853,1.3786,1.37852,1.37852,78150000,1
1754303280000,1754303339000,1.37852,1.37858,1.37851,1.37851,58800000,1
1754303340000,1754303399000,1.37848,1.37852,1.37846,1.37847,41550000,1
1754303400000,1754303459000,1.37848,1.37851,1.37843,1.37844,51240000,1
1754303460000,1754303519000,1.37843,1.37843,1.37837,1.37839,72000000,1
1754303520000,1754303579000,1.37839,1.3784,1.3783,1.37834,73200000,1
1754303580000,1754303639000,1.37833,1.37847,1.37832,1.37845,106260000,1
1754303640000,1754303699000,1.37845,1.37858,1.37844,1.37856,49200000,1
1754303700000,1754303759000,1.37858,1.37859,1.37849,1.37851,44220000,1
1754303760000,1754303819000,1.3785,1.37853,1.37846,1.3785,69060000,1
1754303820000,1754303879000,1.3785,1.37856,1.37842,1.37854,54150000,1
1754303880000,1754303939000,1.37854,1.37874,1.37854,1.37874,95520000,1
1754303940000,1754303999000,1.37877,1.37896,1.37873,1.37887,109290000,1
1754304000000,1754304059000,1.37889,1.37889,1.37871,1.37871,125080000,1
1754304060000,1754304119000,1.37872,1.37872,1.37849,1.37851,91650000,1
1754304120000,1754304179000,1.37853,1.37857,1.37851,1.37852,92820000,1
1754304180000,1754304239000,1.37851,1.37852,1.37845,1.3785,65970000,1
1754304240000,1754304299000,1.37852,1.37856,1.3785,1.37852,72960000,1
1754304300000,1754304359000,1.37851,1.37862,1.37849,1.3785,79890000,1
1754304360000,1754304419000,1.37851,1.37851,1.37837,1.37846,42240000,1
1754304420000,1754304479000,1.37846,1.37855,1.37842,1.37842,115890000,1
1754304480000,1754304539000,1.37845,1.37846,1.3784,1.37845,87900000,1
1754304540000,1754304599000,1.37846,1.3785,1.37839,1.37839,57000000,1
1754304600000,1754304659000,1.37837,1.37837,1.37811,1.37813,86700000,1
1754304660000,1754304719000,1.37813,1.37816,1.37801,1.37803,66450000,1
1754304720000,1754304779000,1.37804,1.37804,1.3779,1.37793,68940000,1
1754304780000,1754304839000,1.37792,1.37793,1.37781,1.37783,86850000,1
1754304840000,1754304899000,1.37781,1.37784,1.3777,1.37771,112500000,1
1754304900000,1754304959000,1.37773,1.37792,1.3777,1.37789,137400000,1
1754304960000,1754305019000,1.3779,1.37796,1.37784,1.37793,120300000,1
1754305020000,1754305079000,1.37793,1.37815,1.37793,1.3781,97560000,1
1754305080000,1754305139000,1.3781,1.37815,1.37806,1.37808,114900000,1
1754305140000,1754305199000,1.37808,1.37808,1.37802,1.37803,85020000,1
1754305200000,1754305259000,1.37802,1.37811,1.37789,1.37797,156150000,1
1754305260000,1754305319000,1.37797,1.37797,1.3779,1.37792,59460000,1
1754305320000,1754305379000,1.37791,1.37797,1.37787,1.37794,88350000,1
1754305380000,1754305439000,1.37792,1.37795,1.37784,1.37784,96960000,1
1754305440000,1754305499000,1.37784,1.37784,1.37764,1.37769,139470000,1
1754305500000,1754305559000,1.3777,1.37783,1.37764,1.37767,148090000,1
1754305560000,1754305619000,1.37767,1.37774,1.37763,1.3777,135810000,1
1754305620000,1754305679000,1.3777,1.37786,1.3777,1.37784,121890000,1
1754305680000,1754305739000,1.37785,1.3779,1.37782,1.37787,68550000,1
1754305740000,1754305799000,1.37788,1.3781,1.37788,1.37805,72780000,1
1754305800000,1754305859000,1.37806,1.37806,1.37789,1.37795,75450000,1
1754305860000,1754305919000,1.37795,1.37796,1.37784,1.37784,85320000,1
1754305920000,1754305979000,1.37785,1.37785,1.3778,1.37783,56190000,1
1754305980000,1754306039000,1.37783,1.37789,1.37778,1.37781,73710000,1
1754306040000,1754306099000,1.37781,1.37782,1.37747,1.37749,115650000,1
1754306100000,1754306159000,1.37748,1.3775,1.37745,1.37746,58050000,1
1754306160000,1754306219000,1.37748,1.37748,1.37725,1.37725,97800000,1
1754306220000,1754306279000,1.37726,1.37746,1.37726,1.37737,85050000,1
1754306280000,1754306339000,1.37737,1.37747,1.3773,1.37746,101430000,1
1754306340000,1754306399000,1.37748,1.37755,1.37741,1.37754,121050000,1
1754306400000,1754306459000,1.37755,1.37757,1.37749,1.37755,76050000,1
1754306460000,1754306519000,1.37754,1.37757,1.37741,1.37741,85050000,1
1754306520000,1754306579000,1.3774,1.3775,1.37733,1.37746,119100000,1
1754306580000,1754306639000,1.37747,1.37787,1.37745,1.37787,101640000,1
1754306640000,1754306699000,1.37786,1.37786,1.37759,1.37759,184890000,1
1754306700000,1754306759000,1.37758,1.3776,1.37745,1.37748,128100000,1
1754306760000,1754306819000,1.37747,1.37751,1.37745,1.3775,102150000,1
1754306820000,1754306879000,1.37752,1.37777,1.37752,1.37771,141120000,1
1754306880000,1754306939000,1.3777,1.37776,1.37768,1.37769,54000000,1
1754306940000,1754306999000,1.3777,1.3777,1.37762,1.37764,76350000,1
1754307000000,1754307059000,1.37763,1.37784,1.37758,1.37783,75750000,1
1754307060000,1754307119000,1.37782,1.37794,1.3778,1.37784,67800000,1
1754307120000,1754307179000,1.37784,1.37787,1.37776,1.3778,45450000,1
1754307180000,1754307239000,1.37781,1.37781,1.37769,1.37779,74100000,1
1754307240000,1754307299000,1.37779,1.37779,1.37773,1.37775,64050000,1
1754307300000,1754307359000,1.37777,1.37789,1.37776,1.37786,55230000,1
1754307360000,1754307419000,1.37786,1.37796,1.37782,1.37796,64800000,1
1754307420000,1754307479000,1.37797,1.37797,1.37783,1.37794,59400000,1
1754307480000,1754307539000,1.37793,1.37797,1.37784,1.37788,48540000,1
1754307540000,1754307599000,1.37789,1.37804,1.37781,1.37803,74850000,1
1754307600000,1754307659000,1.37801,1.37805,1.37786,1.37791,104730000,1
1754307660000,1754307719000,1.37791,1.3781,1.37791,1.37807,44400000,1
1754307720000,1754307779000,1.37809,1.37809,1.37803,1.37807,63750000,1
1754307780000,1754307839000,1.37808,1.37809,1.37805,1.37808,25800000,1
1754307840000,1754307899000,1.37808,1.37809,1.37803,1.37808,29400000,1
1754307900000,1754307959000,1.37809,1.37809,1.37798,1.37798,42150000,1
1754307960000,1754308019000,1.37797,1.3781,1.37795,1.37808,42000000,1
1754308020000,1754308079000,1.3781,1.37824,1.3781,1.3782,46950000,1
1754308080000,1754308139000,1.37821,1.37832,1.37821,1.37827,26400000,1
1754308140000,1754308199000,1.37826,1.37826,1.37812,1.37816,46050000,1
1754308200000,1754308259000,1.37814,1.37819,1.37802,1.37802,52680000,1
1754308260000,1754308319000,1.37804,1.37805,1.37781,1.37782,96300000,1
1754308320000,1754308379000,1.37783,1.37786,1.3778,1.37781,43200000,1
1754308380000,1754308439000,1.37781,1.37785,1.37776,1.37783,68340000,1
1754308440000,1754308499000,1.37784,1.37785,1.37775,1.37775,25200000,1
1754308500000,1754308559000,1.37776,1.37776,1.37751,1.37751,99900000,1
1754308560000,1754308619000,1.37752,1.37761,1.3775,1.37758,70500000,1
1754308620000,1754308679000,1.37758,1.3777,1.37758,1.37768,91500000,1
1754308680000,1754308739000,1.37767,1.37777,1.37763,1.37766,76500000,1
1754308740000,1754308799000,1.37765,1.37767,1.3776,1.3776,35850000,1
1754308800000,1754308859000,1.37759,1.37774,1.37751,1.37774,99150000,1
1754308860000,1754308919000,1.37776,1.37813,1.37776,1.37799,86280000,1
1754308920000,1754308979000,1.37803,1.37817,1.37799,1.37814,65850000,1
1754308980000,1754309039000,1.37815,1.37821,1.37809,1.37817,92550000,1
1754309040000,1754309099000,1.37817,1.37818,1.37799,1.37809,101850000,1
1754309100000,1754309159000,1.37811,1.37811,1.37782,1.37785,121650000,1
1754309160000,1754309219000,1.37782,1.37811,1.37782,1.37801,178050000,1
1754309220000,1754309279000,1.37802,1.37812,1.37801,1.37803,176400000,1
1754309280000,1754309339000,1.37804,1.37805,1.37796,1.37802,135000000,1
1754309340000,1754309399000,1.37801,1.37801,1.37766,1.37773,139050000,1
1754309400000,1754309459000,1.37771,1.37793,1.37765,1.37788,169440000,1
1754309460000,1754309519000,1.37789,1.37794,1.37785,1.37794,123600000,1
1754309520000,1754309579000,1.37796,1.37805,1.37794,1.37803,74250000,1
1754309580000,1754309639000,1.37801,1.37803,1.37791,1.37794,152400000,1
1754309640000,1754309699000,1.37797,1.37798,1.37787,1.37787,89700000,1
1754309700000,1754309759000,1.37786,1.37791,1.37783,1.37784,81900000,1
1754309760000,1754309819000,1.37784,1.37784,1.37752,1.37753,119520000,1
1754309820000,1754309879000,1.37754,1.37761,1.37752,1.37754,136530000,1
1754309880000,1754309939000,1.37751,1.37751,1.37737,1.37747,103290000,1
1754309940000,1754309999000,1.37745,1.37752,1.37727,1.37733,146130000,1
1754310000000,1754310059000,1.37736,1.3777,1.37728,1.37767,216750000,1
1754310060000,1754310119000,1.37768,1.37769,1.37744,1.37751,141900000,1
1754310120000,1754310179000,1.37751,1.37756,1.37735,1.37735,175350000,1
1754310180000,1754310239000,1.37735,1.37736,1.37709,1.37714,218790000,1
1754310240000,1754310299000,1.37712,1.37716,1.37687,1.37715,233580000,1
1754310300000,1754310359000,1.37716,1.3773,1.37703,1.37728,150210000,1
1754310360000,1754310419000,1.37731,1.37739,1.37725,1.37739,98070000,1
1754310420000,1754310479000,1.37739,1.37746,1.37738,1.37739,131110000,1
1754310480000,1754310539000,1.3774,1.37742,1.37721,1.37732,250170000,1
1754310540000,1754310599000,1.37732,1.37737,1.37713,1.37721,185820000,1
1754310600000,1754310659000,1.3772,1.37725,1.37705,1.37719,155580000,1
1754310660000,1754310719000,1.37719,1.37725,1.37709,1.37723,122730000,1
1754310720000,1754310779000,1.37722,1.37722,1.37703,1.37708,97320000,1
1754310780000,1754310839000,1.37707,1.37708,1.37688,1.37695,81270000,1
1754310840000,1754310899000,1.37695,1.37696,1.37681,1.37687,61890000,1
1754310900000,1754310959000,1.37684,1.37694,1.37676,1.37694,95610000,1
1754310960000,1754311019000,1.37694,1.37695,1.37685,1.37685,92010000,1
1754311020000,1754311079000,1.37686,1.37705,1.37678,1.37686,72660000,1
1754311080000,1754311139000,1.37685,1.37693,1.37667,1.37687,92340000,1
1754311140000,1754311199000,1.37688,1.37703,1.37686,1.37699,131070000,1
1754311200000,1754311259000,1.37698,1.37718,1.37698,1.37717,85470000,1
1754311260000,1754311319000,1.37717,1.37724,1.37713,1.37724,44400000,1
1754311320000,1754311379000,1.37723,1.37734,1.37706,1.37709,98790000,1
1754311380000,1754311439000,1.37709,1.37709,1.37682,1.37682,71100000,1
1754311440000,1754311499000,1.37684,1.37692,1.37681,1.37687,77250000,1
1754311500000,1754311559000,1.37688,1.37691,1.37676,1.37676,80400000,1
1754311560000,1754311619000,1.37677,1.3768,1.37672,1.37672,76740000,1
1754311620000,1754311679000,1.37672,1.37676,1.37656,1.3766,65850000,1
1754311680000,1754311739000,1.37662,1.37669,1.37659,1.37664,36600000,1
1754311740000,1754311799000,1.37665,1.37697,1.37665,1.37687,95310000,1
1754311800000,1754311859000,1.37688,1.37718,1.3768,1.37712,111720000,1
1754311860000,1754311919000,1.37712,1.37713,1.37702,1.37702,66600000,1
1754311920000,1754311979000,1.37702,1.37705,1.37697,1.37701,72360000,1
1754311980000,1754312039000,1.377,1.37709,1.37698,1.37709,57150000,1
1754312040000,1754312099000,1.37709,1.37744,1.37709,1.37741,71160000,1
1754312100000,1754312159000,1.37741,1.37749,1.37735,1.37738,115350000,1
1754312160000,1754312219000,1.37737,1.37745,1.37735,1.37745,63240000,1
1754312220000,1754312279000,1.37745,1.37755,1.37734,1.37744,76710000,1
1754312280000,1754312339000,1.3774,1.3774,1.37729,1.37735,88260000,1
1754312340000,1754312399000,1.37735,1.37735,1.37724,1.37725,109500000,1
1754312400000,1754312459000,1.37726,1.37738,1.37713,1.37715,217230000,1
1754312460000,1754312519000,1.37715,1.37718,1.37684,1.37691,203970000,1
1754312520000,1754312579000,1.37689,1.37694,1.37686,1.37694,104190000,1
1754312580000,1754312639000,1.37696,1.37704,1.37686,1.37699,151560000,1
1754312640000,1754312699000,1.37699,1.37702,1.37657,1.37659,136680000,1
1754312700000,1754312759000,1.3766,1.37673,1.3765,1.37656,137100000,1
1754312760000,1754312819000,1.37657,1.3767,1.37656,1.3766,119490000,1
1754312820000,1754312879000,1.37658,1.37672,1.37656,1.3767,95850000,1
1754312880000,1754312939000,1.3767,1.37672,1.37655,1.37659,96480000,1
1754312940000,1754312999000,1.37658,1.37673,1.37652,1.37667,131640000,1
1754313000000,1754313059000,1.37667,1.37667,1.3765,1.37659,115380000,1
1754313060000,1754313119000,1.37657,1.37661,1.37649,1.3765,61800000,1
1754313120000,1754313179000,1.3765,1.37652,1.37617,1.37619,151170000,1
1754313180000,1754313239000,1.3762,1.37622,1.376,1.37611,117240000,1
1754313240000,1754313299000,1.3761,1.37617,1.37606,1.37607,70800000,1
1754313300000,1754313359000,1.37608,1.37612,1.37602,1.37607,85500000,1
1754313360000,1754313419000,1.37607,1.37655,1.37607,1.37634,149400000,1
1754313420000,1754313479000,1.37634,1.3765,1.37633,1.37642,114750000,1
1754313480000,1754313539000,1.37641,1.37642,1.37605,1.37606,122580000,1
1754313540000,1754313599000,1.37604,1.37612,1.37602,1.37604,123300000,1
1754313600000,1754313659000,1.37605,1.37625,1.376,1.37624,81420000,1
1754313660000,1754313719000,1.37624,1.37634,1.37621,1.37622,54750000,1
1754313720000,1754313779000,1.37623,1.37635,1.37621,1.37627,82800000,1
1754313780000,1754313839000,1.37627,1.37635,1.37624,1.3763,60600000,1
1754313840000,1754313899000,1.37629,1.37636,1.37626,1.37627,72600000,1
1754313900000,1754313959000,1.37629,1.37635,1.37621,1.37633,96250000,1
1754313960000,1754314019000,1.37633,1.37633,1.37621,1.37624,107460000,1
1754314020000,1754314079000,1.37626,1.37629,1.37601,1.37601,76200000,1
1754314080000,1754314139000,1.37603,1.37613,1.37603,1.37605,60000000,1
1754314140000,1754314199000,1.37606,1.37614,1.37602,1.37603,57900000,1
1754314200000,1754314259000,1.37603,1.37638,1.37603,1.37618,198390000,1
1754314260000,1754314319000,1.37616,1.37617,1.37601,1.37603,93600000,1
1754314320000,1754314379000,1.37604,1.37609,1.37602,1.37608,66480000,1
1754314380000,1754314439000,1.37606,1.37644,1.37603,1.37644,93630000,1
1754314440000,1754314499000,1.37644,1.37666,1.37641,1.37643,100650000,1
1754314500000,1754314559000,1.37645,1.37675,1.37643,1.37673,128310000,1
1754314560000,1754314619000,1.37672,1.37683,1.37662,1.37682,136620000,1
1754314620000,1754314679000,1.37684,1.37684,1.37666,1.37668,98550000,1
1754314680000,1754314739000,1.37667,1.37672,1.3766,1.37669,113370000,1
1754314740000,1754314799000,1.37669,1.3768,1.37645,1.37652,136470000,1
1754314800000,1754314859000,1.37651,1.37662,1.37645,1.3765,97050000,1
1754314860000,1754314919000,1.3765,1.37665,1.37644,1.37663,114900000,1
1754314920000,1754314979000,1.37664,1.37668,1.3766,1.3766,121350000,1
1754314980000,1754315039000,1.37658,1.37662,1.37644,1.37646,78270000,1
1754315040000,1754315099000,1.37647,1.3765,1.37634,1.37643,75600000,1
1754315100000,1754315159000,1.37645,1.37675,1.37642,1.37653,159900000,1
1754315160000,1754315219000,1.37654,1.37662,1.37632,1.37632,114900000,1
1754315220000,1754315279000,1.37632,1.37645,1.37632,1.37637,115800000,1
1754315280000,1754315339000,1.37637,1.37641,1.37631,1.37635,42450000,1
1754315340000,1754315399000,1.37636,1.3765,1.37633,1.37633,98250000,1
1754315400000,1754315459000,1.37633,1.37643,1.37626,1.37638,61500000,1
1754315460000,1754315519000,1.3764,1.37647,1.37599,1.37604,126390000,1
1754315520000,1754315579000,1.37606,1.37626,1.37606,1.37621,84990000,1
1754315580000,1754315639000,1.37622,1.37626,1.37601,1.37601,92400000,1
1754315640000,1754315699000,1.37601,1.37622,1.37599,1.3762,141120000,1
1754315700000,1754315759000,1.37619,1.37646,1.37613,1.37629,164730000,1
1754315760000,1754315819000,1.3763,1.37633,1.37614,1.37617,71790000,1
1754315820000,1754315879000,1.37617,1.37619,1.3761,1.37619,75570000,1
1754315880000,1754315939000,1.37621,1.37632,1.37618,1.37625,81300000,1
1754315940000,1754315999000,1.37623,1.37631,1.37608,1.3761,81600000,1
1754316000000,1754316059000,1.37611,1.37617,1.37582,1.37597,138330000,1
1754316060000,1754316119000,1.37598,1.37625,1.37595,1.3761,60420000,1
1754316120000,1754316179000,1.37612,1.37634,1.37612,1.37631,130620000,1
1754316180000,1754316239000,1.37633,1.37657,1.37632,1.37654,74670000,1
1754316240000,1754316299000,1.37654,1.37668,1.37654,1.37665,87450000,1
1754316300000,1754316359000,1.37669,1.37671,1.37646,1.37647,87750000,1
1754316360000,1754316419000,1.37649,1.37664,1.37645,1.3765,81450000,1
1754316420000,1754316479000,1.3765,1.37663,1.3765,1.37652,79050000,1
1754316480000,1754316539000,1.37649,1.37655,1.37633,1.37634,159450000,1
1754316540000,1754316599000,1.37634,1.37659,1.37631,1.37653,213360000,1
1754316600000,1754316659000,1.37652,1.37705,1.3765,1.37679,355170000,1
1754316660000,1754316719000,1.37679,1.37679,1.37643,1.37643,179820000,1
1754316720000,1754316779000,1.37643,1.37655,1.37636,1.37646,173250000,1
1754316780000,1754316839000,1.37647,1.37655,1.37642,1.37642,157800000,1
1754316840000,1754316899000,1.37641,1.37657,1.37632,1.37644,188550000,1
1754316900000,1754316959000,1.37643,1.37643,1.37626,1.37631,151890000,1
1754316960000,1754317019000,1.37629,1.37656,1.37623,1.37646,160650000,1
1754317020000,1754317079000,1.37646,1.37646,1.37631,1.37632,132300000,1
1754317080000,1754317139000,1.37632,1.37671,1.37632,1.37669,100200000,1
1754317140000,1754317199000,1.37668,1.377,1.37663,1.37698,137250000,1
1754317200000,1754317259000,1.37696,1.37705,1.37675,1.37679,141300000,1
1754317260000,1754317319000,1.37678,1.37692,1.37661,1.37661,172350000,1
1754317320000,1754317379000,1.37659,1.37671,1.37657,1.37659,105480000,1
1754317380000,1754317439000,1.37662,1.37662,1.37625,1.37625,131400000,1
1754317440000,1754317499000,1.37625,1.37631,1.37607,1.37612,198000000,1
1754317500000,1754317559000,1.37613,1.37644,1.37613,1.37638,145800000,1
1754317560000,1754317619000,1.37639,1.37643,1.37614,1.37614,192750000,1
1754317620000,1754317679000,1.37613,1.37618,1.37596,1.37618,255240000,1
1754317680000,1754317739000,1.37616,1.37635,1.37615,1.37621,161700000,1
1754317740000,1754317799000,1.37621,1.37636,1.37617,1.37631,143940000,1
1754317800000,1754317859000,1.37633,1.3764,1.37626,1.37635,150750000,1
1754317860000,1754317919000,1.37634,1.37635,1.37617,1.37623,108150000,1
1754317920000,1754317979000,1.37626,1.37652,1.37626,1.37645,218550000,1
1754317980000,1754318039000,1.37645,1.37646,1.37615,1.37615,166950000,1
1754318040000,1754318099000,1.37615,1.37615,1.37593,1.37593,154350000,1
1754318100000,1754318159000,1.37594,1.37613,1.37593,1.37601,170250000,1
1754318160000,1754318219000,1.376,1.37603,1.37581,1.37582,154950000,1
1754318220000,1754318279000,1.37582,1.37594,1.37579,1.37585,215490000,1
1754318280000,1754318339000,1.37584,1.37598,1.37584,1.37596,80700000,1
1754318340000,1754318399000,1.37597,1.37611,1.37597,1.376,101670000,1
1754318400000,1754318459000,1.37601,1.37612,1.37595,1.37611,128400000,1
1754318460000,1754318519000,1.37611,1.3763,1.37611,1.37626,127650000,1
1754318520000,1754318579000,1.37628,1.37628,1.37609,1.37622,127290000,1
1754318580000,1754318639000,1.37622,1.37629,1.37621,1.37624,93150000,1
1754318640000,1754318699000,1.37624,1.37645,1.37624,1.3764,131700000,1
1754318700000,1754318759000,1.3764,1.3766,1.37631,1.37632,238950000,1
1754318760000,1754318819000,1.37632,1.37638,1.37627,1.37628,152790000,1
1754318820000,1754318879000,1.37629,1.37634,1.37619,1.37619,128400000,1
1754318880000,1754318939000,1.37617,1.3763,1.37613,1.37614,143550000,1
1754318940000,1754318999000,1.37615,1.37629,1.37612,1.37625,132000000,1
1754319000000,1754319059000,1.37627,1.37681,1.37627,1.37679,290070000,1
1754319060000,1754319119000,1.37678,1.37691,1.37668,1.37687,265410000,1
1754319120000,1754319179000,1.37687,1.37704,1.37678,1.37698,212070000,1
1754319180000,1754319239000,1.37698,1.37702,1.37689,1.37689,226350000,1
1754319240000,1754319299000,1.37688,1.37717,1.37688,1.37716,221250000,1
1754319300000,1754319359000,1.37717,1.37745,1.37717,1.37733,333120000,1
1754319360000,1754319419000,1.37733,1.37742,1.37731,1.37733,253230000,1
1754319420000,1754319479000,1.37733,1.37737,1.37718,1.37724,261870000,1
1754319480000,1754319539000,1.37726,1.37731,1.37706,1.37709,262950000,1
1754319540000,1754319599000,1.37709,1.37718,1.37707,1.37714,256200000,1
1754319600000,1754319659000,1.37714,1.37728,1.37714,1.37725,195660000,1
1754319660000,1754319719000,1.37725,1.37734,1.37716,1.37728,205770000,1
1754319720000,1754319779000,1.37728,1.37758,1.37723,1.37756,149310000,1
1754319780000,1754319839000,1.37755,1.37758,1.37747,1.37747,88650000,1
1754319840000,1754319899000,1.37749,1.37764,1.37746,1.37746,108450000,1
1754319900000,1754319959000,1.37745,1.37753,1.37724,1.37725,132150000,1
1754319960000,1754320019000,1.37725,1.37737,1.37719,1.37728,131100000,1
1754320020000,1754320079000,1.37728,1.37746,1.37728,1.37734,183540000,1
1754320080000,1754320139000,1.37734,1.37747,1.37734,1.37743,154920000,1
1754320140000,1754320199000,1.37743,1.37756,1.37735,1.37741,175950000,1
1754320200000,1754320259000,1.37741,1.37751,1.37715,1.37751,210000000,1
1754320260000,1754320319000,1.37752,1.37754,1.37724,1.37726,204420000,1
1754320320000,1754320379000,1.37726,1.3773,1.3772,1.3773,103710000,1
1754320380000,1754320439000,1.3773,1.37755,1.37726,1.37755,168030000,1
1754320440000,1754320499000,1.37755,1.37764,1.37748,1.37748,71880000,1
1754320500000,1754320559000,1.37749,1.37749,1.37729,1.37744,139080000,1
1754320560000,1754320619000,1.37745,1.37748,1.37727,1.37742,251100000,1
1754320620000,1754320679000,1.37744,1.37748,1.37727,1.37728,129150000,1
1754320680000,1754320739000,1.3773,1.37734,1.37716,1.37726,112380000,1
1754320740000,1754320799000,1.37727,1.3776,1.37727,1.37747,195000000,1
1754320800000,1754320859000,1.37747,1.37776,1.37745,1.37773,98250000,1
1754320860000,1754320919000,1.37769,1.37794,1.37764,1.37774,117690000,1
1754320920000,1754320979000,1.37774,1.37777,1.37764,1.37764,188100000,1
1754320980000,1754321039000,1.37766,1.37777,1.37762,1.37775,122700000,1
1754321040000,1754321099000,1.37776,1.37786,1.37773,1.37783,88890000,1
1754321100000,1754321159000,1.37783,1.37797,1.37773,1.37787,94740000,1
1754321160000,1754321219000,1.37787,1.37793,1.37776,1.37784,61890000,1
1754321220000,1754321279000,1.37785,1.37791,1.37782,1.37791,102480000,1
1754321280000,1754321339000,1.37791,1.37791,1.37781,1.37783,78510000,1
1754321340000,1754321399000,1.37785,1.37799,1.37782,1.37799,109200000,1
1754321400000,1754321459000,1.37797,1.37812,1.37791,1.37812,153330000,1
1754321460000,1754321519000,1.37811,1.37827,1.37805,1.37827,145830000,1
1754321520000,1754321579000,1.37828,1.3783,1.378,1.378,137370000,1
1754321580000,1754321639000,1.378,1.37802,1.37773,1.37773,109890000,1
1754321640000,1754321699000,1.37773,1.37781,1.37766,1.37774,109530000,1
1754321700000,1754321759000,1.37774,1.37783,1.37751,1.37753,170460000,1
1754321760000,1754321819000,1.37755,1.37766,1.37753,1.37755,128400000,1
1754321820000,1754321879000,1.37755,1.37756,1.37727,1.37731,127920000,1
1754321880000,1754321939000,1.37731,1.37736,1.37727,1.37728,95700000,1
1754321940000,1754321999000,1.37728,1.37728,1.37718,1.37722,72540000,1
1754322000000,1754322059000,1.37722,1.37726,1.37707,1.37716,148680000,1
1754322060000,1754322119000,1.37721,1.37727,1.37719,1.37721,105120000,1
1754322120000,1754322179000,1.37723,1.37751,1.3772,1.37749,197370000,1
1754322180000,1754322239000,1.3775,1.3775,1.37736,1.37745,131550000,1
1754322240000,1754322299000,1.37742,1.37747,1.37737,1.37741,170700000,1
1754322300000,1754322359000,1.37742,1.37745,1.3773,1.3773,78750000,1
1754322360000,1754322419000,1.37729,1.37747,1.37728,1.37745,93600000,1
1754322420000,1754322479000,1.37746,1.37756,1.37744,1.3775,100050000,1
1754322480000,1754322539000,1.37747,1.37747,1.3772,1.37725,84570000,1
1754322540000,1754322599000,1.37727,1.37734,1.37716,1.37716,87150000,1
1754322600000,1754322659000,1.37716,1.37718,1.37698,1.37704,147900000,1
1754322660000,1754322719000,1.37704,1.37727,1.37704,1.37724,110250000,1
1754322720000,1754322779000,1.37725,1.37748,1.37721,1.37747,149610000,1
1754322780000,1754322839000,1.37747,1.37756,1.37747,1.37749,112080000,1
1754322840000,1754322899000,1.37749,1.37771,1.37746,1.37763,200370000,1
1754322900000,1754322959000,1.37765,1.37775,1.37763,1.37774,95910000,1
1754322960000,1754323019000,1.37773,1.37781,1.37762,1.37762,148860000,1
1754323020000,1754323079000,1.37765,1.37771,1.37755,1.37757,119520000,1
1754323080000,1754323139000,1.37758,1.3776,1.37744,1.37748,141930000,1
1754323140000,1754323199000,1.37747,1.37756,1.37747,1.37755,142920000,1
1754323200000,1754323259000,1.37758,1.37758,1.37737,1.37747,200160000,1
1754323260000,1754323319000,1.37744,1.37753,1.37738,1.3775,103650000,1
1754323320000,1754323379000,1.3775,1.37794,1.3775,1.37786,129300000,1
1754323380000,1754323439000,1.37785,1.37785,1.37764,1.37771,84900000,1
1754323440000,1754323499000,1.37773,1.37804,1.37773,1.37803,110100000,1
1754323500000,1754323559000,1.37804,1.37813,1.37802,1.37813,82050000,1
1754323560000,1754323619000,1.37812,1.37818,1.37804,1.37814,117390000,1
1754323620000,1754323679000,1.37817,1.37817,1.37812,1.37813,73200000,1
1754323680000,1754323739000,1.37813,1.37819,1.37803,1.37803,82140000,1
1754323740000,1754323799000,1.37804,1.3781,1.37804,1.37807,23580000,1
1754323800000,1754323859000,1.37807,1.37812,1.37804,1.37804,65220000,1
1754323860000,1754323919000,1.37804,1.37804,1.37786,1.37791,66600000,1
1754323920000,1754323979000,1.37793,1.37794,1.37774,1.37774,92520000,1
1754323980000,1754324039000,1.37774,1.37777,1.37754,1.37755,111270000,1
1754324040000,1754324099000,1.37755,1.37765,1.37754,1.37764,127890000,1
1754324100000,1754324159000,1.37765,1.37775,1.37763,1.37773,83520000,1
1754324160000,1754324219000,1.37774,1.3778,1.37771,1.37776,105270000,1
1754324220000,1754324279000,1.37776,1.37786,1.37774,1.37785,111420000,1
1754324280000,1754324339000,1.37784,1.37787,1.37779,1.37785,193320000,1
1754324340000,1754324399000,1.37785,1.37789,1.37781,1.37787,92430000,1
1754324400000,1754324459000,1.37787,1.37798,1.37782,1.37796,96750000,1
1754324460000,1754324519000,1.37797,1.37806,1.37774,1.37775,50970000,1
1754324520000,1754324579000,1.37774,1.37784,1.37773,1.37782,55890000,1
1754324580000,1754324639000,1.3778,1.37783,1.37773,1.37774,63330000,1
1754324640000,1754324699000,1.37776,1.37785,1.37776,1.37785,54300000,1
1754324700000,1754324759000,1.37784,1.37784,1.37777,1.37778,62850000,1
1754324760000,1754324819000,1.37777,1.37779,1.37763,1.37772,51420000,1
1754324820000,1754324879000,1.37772,1.3778,1.37772,1.37774,71430000,1
1754324880000,1754324939000,1.37774,1.37774,1.37771,1.37771,40170000,1
1754324940000,1754324999000,1.37773,1.37773,1.37754,1.37755,124020000,1
1754325000000,1754325059000,1.37754,1.37782,1.37752,1.37774,135120000,1
1754325060000,1754325119000,1.37773,1.37786,1.37772,1.37784,77310000,1
1754325120000,1754325179000,1.37784,1.37786,1.37779,1.37781,56310000,1
1754325180000,1754325239000,1.3778,1.37783,1.37766,1.37773,76130000,1
1754325240000,1754325299000,1.37772,1.37773,1.37769,1.3777,50940000,1
1754325300000,1754325359000,1.3777,1.37772,1.37751,1.37754,156960000,1
1754325360000,1754325419000,1.37752,1.37762,1.37748,1.37761,48360000,1
1754325420000,1754325479000,1.37762,1.37774,1.37762,1.37772,106710000,1
1754325480000,1754325539000,1.37773,1.37785,1.37764,1.37784,96420000,1
1754325540000,1754325599000,1.3779,1.37794,1.37772,1.37777,98250000,1
1754325600000,1754325659000,1.37775,1.37782,1.37771,1.37781,56100000,1
1754325660000,1754325719000,1.37778,1.37782,1.37772,1.37772,91020000,1
1754325720000,1754325779000,1.37774,1.37786,1.37774,1.37775,93810000,1
1754325780000,1754325839000,1.37775,1.37776,1.37766,1.37767,57750000,1
1754325840000,1754325899000,1.37766,1.37772,1.37757,1.37769,88800000,1
1754325900000,1754325959000,1.37768,1.37773,1.37766,1.37767,62700000,1
1754325960000,1754326019000,1.37767,1.3777,1.37755,1.37755,52650000,1
1754326020000,1754326079000,1.37755,1.37756,1.37748,1.37753,45750000,1
1754326080000,1754326139000,1.37753,1.37753,1.37736,1.37745,82440000,1
1754326140000,1754326199000,1.37745,1.37753,1.37745,1.37749,52560000,1
1754326200000,1754326259000,1.37748,1.37751,1.37742,1.37747,84510000,1
1754326260000,1754326319000,1.37746,1.37753,1.37744,1.37747,66960000,1
1754326320000,1754326379000,1.37746,1.37759,1.37744,1.37758,72240000,1
1754326380000,1754326439000,1.37758,1.37761,1.37755,1.37757,57120000,1
1754326440000,1754326499000,1.37757,1.37758,1.37755,1.37755,99750000,1
1754326500000,1754326559000,1.37755,1.37759,1.37747,1.37759,121080000,1
1754326560000,1754326619000,1.37758,1.37758,1.37743,1.37744,35010000,1
1754326620000,1754326679000,1.37746,1.37763,1.37746,1.37748,93450000,1
1754326680000,1754326739000,1.37748,1.37751,1.37741,1.37744,75780000,1
1754326740000,1754326799000,1.37745,1.3775,1.37741,1.37746,160560000,1
1754326800000,1754326859000,1.37749,1.37754,1.37742,1.37745,156510000,1
1754326860000,1754326919000,1.37744,1.37767,1.37744,1.3775,158280000,1
1754326920000,1754326979000,1.37751,1.37759,1.37742,1.37745,140670000,1
1754326980000,1754327039000,1.37745,1.37747,1.37742,1.37747,76290000,1
1754327040000,1754327099000,1.37746,1.3775,1.37741,1.3775,97950000,1
1754327100000,1754327159000,1.37748,1.37759,1.37746,1.37751,79260000,1
1754327160000,1754327219000,1.3775,1.3775,1.37746,1.37746,33600000,1
1754327220000,1754327279000,1.37746,1.37751,1.37737,1.37746,99300000,1
1754327280000,1754327339000,1.37745,1.37755,1.37745,1.37755,57600000,1
1754327340000,1754327399000,1.37755,1.37761,1.37745,1.37754,133740000,1
1754327400000,1754327459000,1.37758,1.37765,1.37749,1.37761,82050000,1
1754327460000,1754327519000,1.37762,1.37763,1.37755,1.3776,100200000,1
1754327520000,1754327579000,1.37759,1.3777,1.37759,1.37769,101760000,1
1754327580000,1754327639000,1.3777,1.37776,1.37767,1.37772,117690000,1
1754327640000,1754327699000,1.3777,1.3777,1.37761,1.37762,80190000,1
1754327700000,1754327759000,1.37761,1.37769,1.37761,1.37767,59250000,1
1754327760000,1754327819000,1.37768,1.37773,1.37765,1.37765,57510000,1
1754327820000,1754327879000,1.37766,1.37771,1.37761,1.37765,86040000,1
1754327880000,1754327939000,1.37764,1.37773,1.37762,1.37762,29700000,1
1754327940000,1754327999000,1.37762,1.37763,1.37751,1.37752,92220000,1
1754328000000,1754328059000,1.37751,1.37756,1.37741,1.37756,70440000,1
1754328060000,1754328119000,1.37754,1.37758,1.37753,1.37757,50520000,1
1754328120000,1754328179000,1.37756,1.37763,1.37746,1.37763,102510000,1
1754328180000,1754328239000,1.37763,1.37763,1.37755,1.37758,80550000,1
1754328240000,1754328299000,1.37758,1.37763,1.37754,1.37756,143040000,1
1754328300000,1754328359000,1.37756,1.37765,1.37756,1.37762,86520000,1
1754328360000,1754328419000,1.37762,1.37772,1.37759,1.37771,105150000,1
1754328420000,1754328479000,1.37771,1.37778,1.37771,1.37778,75690000,1
1754328480000,1754328539000,1.37778,1.37789,1.37778,1.37789,66000000,1
1754328540000,1754328599000,1.37788,1.3779,1.37784,1.37785,89100000,1
1754328600000,1754328659000,1.37786,1.37789,1.37775,1.3778,121380000,1
1754328660000,1754328719000,1.37781,1.37783,1.37779,1.37781,98850000,1
1754328720000,1754328779000,1.37784,1.37786,1.37779,1.37784,41250000,1
1754328780000,1754328839000,1.37784,1.37792,1.37783,1.37792,46650000,1
1754328840000,1754328899000,1.37791,1.37803,1.37791,1.37799,72000000,1
1754328900000,1754328959000,1.378,1.37801,1.3779,1.3779,45900000,1
1754328960000,1754329019000,1.3779,1.37793,1.37783,1.37791,76350000,1
1754329020000,1754329079000,1.37791,1.37807,1.37789,1.37806,55350000,1
1754329080000,1754329139000,1.37807,1.37813,1.37806,1.3781,22500000,1
1754329140000,1754329199000,1.3781,1.37811,1.37809,1.37811,38160000,1
1754329200000,1754329259000,1.3781,1.3781,1.37806,1.37809,51960000,1
1754329260000,1754329319000,1.37809,1.37817,1.37808,1.37815,68190000,1
1754329320000,1754329379000,1.37814,1.37815,1.3781,1.37811,97050000,1
1754329380000,1754329439000,1.3781,1.37811,1.37807,1.3781,44400000,1
1754329440000,1754329499000,1.3781,1.37817,1.3781,1.37812,39030000,1
1754329500000,1754329559000,1.37811,1.37815,1.37809,1.3781,42630000,1
1754329560000,1754329619000,1.3781,1.37812,1.37809,1.37809,10350000,1
1754329620000,1754329679000,1.37808,1.37808,1.37767,1.37772,188280000,1
1754329680000,1754329739000,1.37771,1.37783,1.37769,1.37782,105450000,1
1754329740000,1754329799000,1.37782,1.37784,1.37774,1.37779,37650000,1
1754329800000,1754329859000,1.3778,1.3778,1.37771,1.37775,52350000,1
1754329860000,1754329919000,1.37774,1.37774,1.37759,1.37764,75900000,1
1754329920000,1754329979000,1.37764,1.37764,1.37753,1.37753,71340000,1
1754329980000,1754330039000,1.37754,1.37759,1.37751,1.37752,80370000,1
1754330040000,1754330099000,1.37753,1.37755,1.37745,1.37753,112800000,1
1754330100000,1754330159000,1.37753,1.37754,1.3775,1.37752,65250000,1
1754330160000,1754330219000,1.37751,1.37768,1.37749,1.37765,82800000,1
1754330220000,1754330279000,1.37763,1.37764,1.37752,1.37753,52650000,1
1754330280000,1754330339000,1.37752,1.37754,1.37743,1.37746,89220000,1
1754330340000,1754330399000,1.37749,1.37749,1.37743,1.37744,87600000,1
1754330400000,1754330459000,1.37744,1.37744,1.37741,1.37742,168600000,1
1754330460000,1754330519000,1.37741,1.37746,1.37738,1.37743,243690000,1
1754330520000,1754330579000,1.37741,1.37748,1.37741,1.37743,165570000,1
1754330580000,1754330639000,1.37742,1.37745,1.37742,1.37745,84900000,1
1754330640000,1754330699000,1.37744,1.37756,1.37744,1.37754,44550000,1
1754330700000,1754330759000,1.37753,1.37754,1.37744,1.37748,57150000,1
1754330760000,1754330819000,1.37749,1.37757,1.37749,1.37754,70650000,1
1754330820000,1754330879000,1.37754,1.37756,1.37751,1.37753,37350000,1
1754330880000,1754330939000,1.37754,1.37773,1.37753,1.37767,45600000,1
1754330940000,1754330999000,1.37768,1.37773,1.37765,1.37765,44850000,1
1754331000000,1754331059000,1.37766,1.37766,1.37758,1.37763,53100000,1
1754331060000,1754331119000,1.37762,1.37765,1.37761,1.37764,30000000,1
1754331120000,1754331179000,1.37763,1.37765,1.37761,1.37765,30750000,1
1754331180000,1754331239000,1.37765,1.37773,1.37763,1.37772,60390000,1
1754331240000,1754331299000,1.37774,1.37774,1.37772,1.37774,15600000,1
1754331300000,1754331359000,1.37775,1.3778,1.37762,1.37772,54240000,1
1754331360000,1754331419000,1.37772,1.37783,1.37772,1.37776,23700000,1
1754331420000,1754331479000,1.37777,1.3778,1.37777,1.37778,20400000,1
1754331480000,1754331539000,1.37777,1.37777,1.37772,1.37772,14850000,1
1754331540000,1754331599000,1.37773,1.37781,1.37773,1.37774,56850000,1
1754331600000,1754331659000,1.37774,1.37775,1.3777,1.37774,26550000,1
1754331660000,1754331719000,1.37772,1.37772,1.37761,1.37761,35850000,1
1754331720000,1754331779000,1.37761,1.37765,1.3776,1.37764,62250000,1
1754331780000,1754331839000,1.37764,1.37765,1.37763,1.37763,18300000,1
1754331840000,1754331899000,1.37763,1.37763,1.37747,1.37748,92400000,1
1754331900000,1754331959000,1.37748,1.37756,1.37747,1.37756,62700000,1
1754331960000,1754332019000,1.37755,1.37766,1.37755,1.37763,81750000,1
1754332020000,1754332079000,1.37761,1.37766,1.3776,1.37765,30300000,1
1754332080000,1754332139000,1.37766,1.37773,1.37765,1.37773,28950000,1
1754332140000,1754332199000,1.37771,1.37775,1.3777,1.37774,66000000,1
1754332200000,1754332259000,1.37772,1.37777,1.37772,1.37775,29550000,1
1754332260000,1754332319000,1.37775,1.37783,1.37775,1.37781,38790000,1
1754332320000,1754332379000,1.3778,1.37782,1.37762,1.37762,51090000,1
1754332380000,1754332439000,1.37763,1.37772,1.37762,1.37769,118020000,1
1754332440000,1754332499000,1.37769,1.3778,1.37769,1.37771,86490000,1
1754332500000,1754332559000,1.37771,1.37783,1.37771,1.37783,55920000,1
1754332560000,1754332619000,1.37782,1.37787,1.3778,1.37783,51150000,1
1754332620000,1754332679000,1.37784,1.37786,1.37781,1.37783,42450000,1
1754332680000,1754332739000,1.37783,1.37783,1.3778,1.37782,51930000,1
1754332740000,1754332799000,1.37783,1.3779,1.37782,1.37789,45870000,1
1754332800000,1754332859000,1.3779,1.37805,1.37789,1.37801,51810000,1
1754332860000,1754332919000,1.37801,1.37818,1.37801,1.37811,60720000,1
1754332920000,1754332979000,1.37812,1.37812,1.37809,1.37809,11100000,1
1754332980000,1754333039000,1.37808,1.37811,1.37803,1.37809,32400000,1
1754333040000,1754333099000,1.3781,1.3781,1.37801,1.37801,41250000,1
1754333100000,1754333159000,1.37802,1.37802,1.37794,1.37799,31950000,1
1754333160000,1754333219000,1.37799,1.378,1.37799,1.37799,37200000,1
1754333220000,1754333279000,1.37799,1.37799,1.37792,1.37794,30000000,1
1754333280000,1754333339000,1.37793,1.378,1.37792,1.378,39900000,1
1754333340000,1754333399000,1.378,1.37807,1.37795,1.37803,39750000,1
1754333400000,1754333459000,1.37803,1.37809,1.37802,1.37809,32280000,1
1754333460000,1754333519000,1.37808,1.37816,1.37804,1.37814,27600000,1
1754333520000,1754333579000,1.37812,1.37823,1.37811,1.3782,49800000,1
1754333580000,1754333639000,1.37821,1.37828,1.3782,1.37828,32910000,1
1754333640000,1754333699000,1.37828,1.37828,1.37821,1.37828,39870000,1
1754333700000,1754333759000,1.37826,1.37826,1.3782,1.3782,91500000,1
1754333760000,1754333819000,1.37819,1.37828,1.37815,1.37821,71100000,1
1754333820000,1754333879000,1.37821,1.37821,1.37807,1.3781,83250000,1
1754333880000,1754333939000,1.3781,1.37821,1.37808,1.3782,131130000,1
1754333940000,1754333999000,1.3782,1.37841,1.3782,1.37837,116250000,1
1754334000000,1754334059000,1.37837,1.37838,1.37816,1.37822,94950000,1
1754334060000,1754334119000,1.37821,1.37829,1.37819,1.37828,42150000,1
1754334120000,1754334179000,1.37827,1.37831,1.37822,1.37829,65850000,1
1754334180000,1754334239000,1.37831,1.37831,1.37829,1.37829,26310000,1
1754334240000,1754334299000,1.37829,1.3784,1.37829,1.3784,29580000,1
1754334300000,1754334359000,1.37841,1.37849,1.37838,1.37838,35700000,1
1754334360000,1754334419000,1.37837,1.37838,1.37808,1.37809,78480000,1
1754334420000,1754334479000,1.37809,1.37812,1.37788,1.37793,68640000,1
1754334480000,1754334539000,1.37793,1.37797,1.37788,1.37789,53880000,1
1754334540000,1754334599000,1.3779,1.3779,1.3778,1.37788,66750000,1
1754334600000,1754334659000,1.3779,1.3779,1.3778,1.37784,84780000,1
1754334660000,1754334719000,1.37786,1.37786,1.37771,1.37771,57180000,1
1754334720000,1754334779000,1.37772,1.37781,1.37771,1.37781,50700000,1
1754334780000,1754334839000,1.37779,1.3778,1.37772,1.3778,57600000,1
1754334840000,1754334899000,1.3778,1.37789,1.37772,1.37774,45750000,1
1754334900000,1754334959000,1.37773,1.3778,1.37773,1.37779,51390000,1
1754334960000,1754335019000,1.37779,1.37779,1.37751,1.37753,74100000,1
1754335020000,1754335079000,1.37753,1.37762,1.37749,1.37761,56670000,1
1754335080000,1754335139000,1.37762,1.37763,1.37754,1.37759,74940000,1
1754335140000,1754335199000,1.37757,1.37769,1.37755,1.37769,65700000,1
1754335200000,1754335259000,1.37771,1.3778,1.37769,1.37776,101880000,1
1754335260000,1754335319000,1.37776,1.37776,1.37763,1.37764,60990000,1
1754335320000,1754335379000,1.37764,1.37771,1.37764,1.3777,45450000,1
1754335380000,1754335439000,1.37771,1.37771,1.37763,1.37768,69600000,1
1754335440000,1754335499000,1.37767,1.37769,1.37765,1.37768,69450000,1
1754335500000,1754335559000,1.37766,1.3777,1.37765,1.37766,41400000,1
1754335560000,1754335619000,1.37767,1.37772,1.37766,1.37767,30750000,1
1754335620000,1754335679000,1.37768,1.37778,1.37768,1.37778,51450000,1
1754335680000,1754335739000,1.37777,1.37777,1.37773,1.37775,43290000,1
1754335740000,1754335799000,1.37776,1.37776,1.37774,1.37776,9000000,1
1754335800000,1754335859000,1.37775,1.3778,1.37771,1.3778,77310000,1
1754335860000,1754335919000,1.3778,1.37781,1.37772,1.37772,42870000,1
1754335920000,1754335979000,1.37772,1.37782,1.37772,1.37782,57630000,1
1754335980000,1754336039000,1.37781,1.37781,1.37779,1.3778,40140000,1
1754336040000,1754336099000,1.37781,1.37785,1.37781,1.37781,21120000,1
1754336100000,1754336159000,1.37781,1.37792,1.37781,1.37792,28350000,1
1754336160000,1754336219000,1.37791,1.37791,1.37789,1.37791,30150000,1
1754336220000,1754336279000,1.3779,1.37792,1.3779,1.37791,22140000,1
1754336280000,1754336339000,1.37791,1.37791,1.37782,1.37782,34620000,1
1754336340000,1754336399000,1.37783,1.37784,1.37781,1.37781,38310000,1
1754336400000,1754336459000,1.37782,1.37795,1.37782,1.37792,53550000,1
1754336460000,1754336519000,1.37793,1.37798,1.37791,1.37791,63240000,1
1754336520000,1754336579000,1.37791,1.37795,1.3779,1.37794,26400000,1
1754336580000,1754336639000,1.37796,1.37797,1.37793,1.37797,37530000,1
1754336640000,1754336699000,1.37798,1.378,1.37792,1.37792,35310000,1
1754336700000,1754336759000,1.37792,1.37792,1.37778,1.3778,48720000,1
1754336760000,1754336819000,1.3778,1.3778,1.3777,1.37771,22350000,1
1754336820000,1754336879000,1.37771,1.37771,1.37761,1.37763,32460000,1
1754336880000,1754336939000,1.37765,1.37776,1.37765,1.37776,24690000,1
1754336940000,1754336999000,1.37777,1.37777,1.37769,1.37773,36300000,1
1754337000000,1754337059000,1.37773,1.37773,1.37762,1.37762,59220000,1
1754337060000,1754337119000,1.37764,1.37775,1.37764,1.37769,51660000,1
1754337120000,1754337179000,1.3777,1.3778,1.3777,1.37775,43620000,1
1754337180000,1754337239000,1.37772,1.37772,1.37766,1.3777,39180000,1
1754337240000,1754337299000,1.37771,1.37779,1.37771,1.37776,27840000,1
1754337300000,1754337359000,1.37776,1.37793,1.37775,1.37793,45870000,1
1754337360000,1754337419000,1.37792,1.37793,1.3779,1.37792,21600000,1
1754337420000,1754337479000,1.37793,1.37793,1.37788,1.3779,80940000,1
1754337480000,1754337539000,1.3779,1.3779,1.37781,1.37785,68220000,1
1754337540000,1754337599000,1.37786,1.37794,1.37782,1.37785,82170000,1
1754337600000,1754337659000,1.37782,1.37799,1.3778,1.37797,62070000,1
1754337660000,1754337719000,1.37798,1.37803,1.37797,1.37803,45090000,1
1754337720000,1754337779000,1.37801,1.37801,1.37792,1.37792,27450000,1
1754337780000,1754337839000,1.37792,1.37792,1.37788,1.3779,8850000,1
1754337840000,1754337899000,1.3779,1.378,1.37789,1.378,23250000,1
1754337900000,1754337959000,1.37799,1.378,1.37793,1.37795,31320000,1
1754337960000,1754338019000,1.37795,1.37795,1.37785,1.37785,12120000,1
1754338020000,1754338079000,1.37785,1.37786,1.3778,1.37782,12540000,1
1754338080000,1754338139000,1.37781,1.37789,1.37779,1.37789,19380000,1
1754338140000,1754338199000,1.37789,1.37795,1.37789,1.37791,9720000,1
1754338200000,1754338259000,1.37789,1.37789,1.37789,1.37789,1200000,1
1754338260000,1754338319000,1.37789,1.37789,1.37787,1.37788,4800000,1
1754338320000,1754338379000,1.37787,1.37789,1.37777,1.37777,25050000,1
1754338380000,1754338439000,1.37778,1.37778,1.3777,1.3777,8400000,1
1754338440000,1754338499000,1.3777,1.37771,1.37751,1.37751,23400000,1
1754338500000,1754338559000,1.37751,1.37752,1.3774,1.37741,33000000,1
1754338560000,1754338619000,1.37742,1.37742,1.37731,1.37731,18150000,1
1754338620000,1754338679000,1.37731,1.37732,1.37726,1.37732,38550000,1
1754338680000,1754338739000,1.37732,1.37744,1.37731,1.37744,15000000,1
1754338740000,1754338799000,1.37744,1.37744,1.37742,1.37743,7200000,1
1754338800000,1754338859000,1.37745,1.37746,1.37737,1.37737,16950000,1
1754338860000,1754338919000,1.37737,1.37739,1.37737,1.37739,3600000,1
1754338920000,1754338979000,1.37738,1.37738,1.37736,1.37737,13650000,1
1754338980000,1754339039000,1.37737,1.3774,1.37734,1.37736,26100000,1
1754339040000,1754339099000,1.37736,1.37738,1.37734,1.37735,36570000,1
1754339100000,1754339159000,1.37735,1.37745,1.37735,1.37744,34200000,1
1754339160000,1754339219000,1.37743,1.37743,1.37714,1.37722,66270000,1
1754339220000,1754339279000,1.37723,1.37726,1.37721,1.37721,29010000,1
1754339280000,1754339339000,1.37721,1.37735,1.37721,1.37735,13200000,1
1754339340000,1754339399000,1.37735,1.37735,1.37734,1.37734,10560000,1
1754339400000,1754339459000,1.37734,1.37735,1.37733,1.37734,10710000,1
1754339460000,1754339519000,1.37733,1.37742,1.37733,1.37741,14520000,1
1754339520000,1754339579000,1.37739,1.37743,1.37739,1.37742,23730000,1
1754339580000,1754339639000,1.37742,1.37752,1.37742,1.37751,39150000,1
1754339640000,1754339699000,1.37751,1.37753,1.37751,1.37753,8400000,1
1754339700000,1754339759000,1.37752,1.37754,1.3775,1.37751,34050000,1
1754339760000,1754339819000,1.37751,1.37752,1.37751,1.37751,7950000,1
1754339820000,1754339879000,1.37753,1.37762,1.37753,1.37762,18450000,1
1754339880000,1754339939000,1.37761,1.37761,1.37758,1.37759,6900000,1
1754339940000,1754339999000,1.3776,1.3776,1.37759,1.3776,13200000,1
1754340000000,1754340059000,1.37758,1.3776,1.37758,1.3776,20400000,1
1754340060000,1754340119000,1.37759,1.37759,1.37758,1.37758,7200000,1
1754340120000,1754340179000,1.37756,1.37766,1.37756,1.37763,33600000,1
1754340180000,1754340239000,1.37763,1.37764,1.37762,1.37763,44400000,1
1754340240000,1754340299000,1.37763,1.37775,1.37763,1.37775,42150000,1
1754340300000,1754340359000,1.37775,1.37782,1.37774,1.37782,15600000,1
1754340360000,1754340419000,1.37784,1.37784,1.37782,1.37783,15600000,1
1754340420000,1754340479000,1.37782,1.37783,1.37781,1.37781,10800000,1
1754340480000,1754340539000,1.3778,1.37785,1.3778,1.37785,8400000,1
1754340540000,1754340599000,1.37786,1.37786,1.37784,1.37784,4800000,1
1754340600000,1754340659000,1.37784,1.37794,1.37782,1.37793,49200000,1
1754340660000,1754340719000,1.37791,1.37794,1.37779,1.37779,42000000,1
1754340720000,1754340779000,1.37778,1.37778,1.37778,1.37778,2400000,1
1754340780000,1754340839000,1.37779,1.37779,1.37777,1.37778,16800000,1
1754340840000,1754340899000,1.37779,1.37779,1.37774,1.37774,15600000,1
1754340900000,1754340959000,1.37771,1.37771,1.37766,1.37766,39570000,1
1754340960000,1754341019000,1.37766,1.3778,1.37766,1.37776,51510000,1
1754341020000,1754341079000,1.3778,1.37787,1.37778,1.37786,33900000,1
1754341080000,1754341139000,1.37787,1.37789,1.37784,1.37786,57780000,1
1754341140000,1754341199000,1.37786,1.37787,1.37771,1.37771,80550000,1
1754341200000,1754341259000,1.37758,1.37758,1.37752,1.37752,2160000,1
1754341260000,1754341319000,1.37729,1.37729,1.37728,1.37728,1800000,1
1754341320000,1754341379000,1.37742,1.37742,1.37742,1.37742,450000,1
1754341380000,1754341439000,1.37742,1.37743,1.37742,1.37743,900000,1
1754341440000,1754341499000,1.37728,1.37729,1.37728,1.37729,6300000,1
1754341500000,1754341559000,1.37726,1.37742,1.37726,1.37742,9000000,1
1754341560000,1754341619000,1.37739,1.3774,1.37739,1.37739,4260000,1
1754341620000,1754341679000,1.37739,1.37739,1.37739,1.37739,900000,1
1754341680000,1754341739000,1.3774,1.37741,1.37739,1.37741,5100000,1
1754341740000,1754341799000,1.3774,1.37741,1.3774,1.37741,3240000,1
1754341800000,1754341859000,1.37728,1.37728,1.37728,1.37728,4560000,1
1754341860000,1754341919000,1.37728,1.3773,1.37728,1.3773,4620000,1
1754341920000,1754341979000,1.37734,1.37735,1.37724,1.37725,8280000,1
1754341980000,1754342039000,1.37734,1.37734,1.37734,1.37734,1320000,1
1754342040000,1754342099000,1.37739,1.37742,1.37739,1.37742,2100000,1
1754342100000,1754342159000,1.37742,1.37743,1.37737,1.37743,3300000,1
1754342160000,1754342219000,1.37742,1.37742,1.37742,1.37742,3750000,1
1754342220000,1754342279000,1.37743,1.37744,1.37738,1.37738,7200000,1
1754342280000,1754342339000,1.3774,1.3774,1.3774,1.3774,1200000,1
1754342340000,1754342399000,1.3774,1.37741,1.37737,1.37741,18360000,1
1754342400000,1754342459000,1.3774,1.3774,1.37731,1.37734,8400000,1
1754342460000,1754342519000,1.37732,1.37734,1.37732,1.37733,9720000,1
1754342520000,1754342579000,1.37733,1.37735,1.37733,1.37735,5760000,1
1754342580000,1754342639000,1.37739,1.3774,1.37739,1.3774,7560000,1
1754342640000,1754342699000,1.37739,1.37739,1.37734,1.37734,6900000,1
1754342700000,1754342759000,1.37734,1.37734,1.37732,1.37732,4200000,1
1754342760000,1754342819000,1.37734,1.37734,1.37733,1.37734,8400000,1
1754342820000,1754342879000,1.37733,1.37733,1.37733,1.37733,3000000,1
1754342880000,1754342939000,1.37732,1.37735,1.37732,1.37735,2400000,1
1754342940000,1754342999000,1.37735,1.37735,1.37735,1.37735,5100000,1
1754343000000,1754343059000,1.37737,1.37752,1.37737,1.37752,17550000,1
1754343060000,1754343119000,1.37755,1.37777,1.37754,1.37773,21600000,1
1754343120000,1754343179000,1.37774,1.37774,1.37774,1.37774,7200000,1
1754343180000,1754343239000,1.37773,1.37776,1.37773,1.37776,9600000,1
1754343240000,1754343299000,1.37775,1.37775,1.37774,1.37774,15600000,1
1754343300000,1754343359000,1.37775,1.37777,1.37774,1.37776,10800000,1
1754343360000,1754343419000,1.37776,1.37777,1.37776,1.37777,10800000,1
1754343420000,1754343479000,1.37776,1.37779,1.37775,1.37777,18000000,1
1754343480000,1754343539000,1.37775,1.37778,1.37775,1.37776,16800000,1
1754343540000,1754343599000,1.37777,1.37779,1.37775,1.37777,19200000,1
1754343600000,1754343659000,1.37778,1.37779,1.37775,1.37779,16800000,1
1754343660000,1754343719000,1.37777,1.37779,1.37777,1.37779,7200000,1
1754343720000,1754343779000,1.37778,1.37779,1.37778,1.37778,6000000,1
1754343780000,1754343839000,1.37778,1.37782,1.37775,1.37778,13200000,1
1754343840000,1754343899000,1.37779,1.37779,1.37775,1.37775,15600000,1
1754343900000,1754343959000,1.37777,1.37777,1.37775,1.37776,6000000,1
1754343960000,1754344019000,1.37775,1.37776,1.37775,1.37775,8400000,1
1754344020000,1754344079000,1.37775,1.37779,1.37775,1.37779,3600000,1
1754344080000,1754344139000,1.37778,1.37782,1.37778,1.37779,19200000,1
1754344140000,1754344199000,1.37778,1.3778,1.37776,1.37779,18000000,1
1754344200000,1754344259000,1.37779,1.3778,1.37779,1.3778,3600000,1
1754344260000,1754344319000,1.37783,1.37783,1.37778,1.37779,13200000,1
1754344320000,1754344379000,1.37779,1.3778,1.37778,1.3778,16800000,1
1754344380000,1754344439000,1.3778,1.3779,1.37771,1.37789,45300000,1
1754344440000,1754344499000,1.3779,1.37792,1.37789,1.37792,14850000,1
1754344500000,1754344559000,1.37792,1.37797,1.37788,1.37796,21900000,1
1754344560000,1754344619000,1.37794,1.37796,1.37794,1.37796,12000000,1
1754344620000,1754344679000,1.37795,1.37796,1.3779,1.3779,8400000,1
1754344680000,1754344739000,1.37791,1.37791,1.37789,1.37789,2400000,1
1754344740000,1754344799000,1.37783,1.37783,1.37763,1.37765,45000000,1
1754344800000,1754344859000,1.37765,1.37783,1.37748,1.37776,86850000,1
1754344860000,1754344919000,1.37782,1.37782,1.37772,1.37773,15750000,1
1754344920000,1754344979000,1.37773,1.37774,1.37757,1.37764,20700000,1
1754344980000,1754345039000,1.37766,1.37766,1.37764,1.37766,8100000,1
1754345040000,1754345099000,1.37766,1.37766,1.37757,1.37759,25350000,1
1754345100000,1754345159000,1.37759,1.37762,1.37755,1.37762,14400000,1
1754345160000,1754345219000,1.37763,1.37763,1.37759,1.37759,4800000,1
1754345220000,1754345279000,1.37759,1.37759,1.37749,1.37749,16800000,1
1754345280000,1754345339000,1.37748,1.37749,1.37747,1.37749,20400000,1
1754345340000,1754345399000,1.37749,1.37757,1.37744,1.37744,21750000,1
1754345400000,1754345459000,1.37743,1.37743,1.37738,1.37743,19200000,1
1754345460000,1754345519000,1.37743,1.37754,1.37742,1.37754,28800000,1
1754345520000,1754345579000,1.37754,1.37756,1.37754,1.37755,6000000,1
1754345580000,1754345639000,1.37756,1.37757,1.37756,1.37756,3600000,1
1754345640000,1754345699000,1.37756,1.37757,1.37752,1.37755,17850000,1
1754345700000,1754345759000,1.37754,1.37755,1.37733,1.37733,70200000,1
1754345760000,1754345819000,1.37734,1.37735,1.3773,1.37735,29250000,1
1754345820000,1754345879000,1.37732,1.37738,1.37732,1.37733,41700000,1
1754345880000,1754345939000,1.37733,1.37734,1.37733,1.37734,3600000,1
1754345940000,1754345999000,1.37733,1.37735,1.37721,1.37724,40050000,1
1754346000000,1754346059000,1.37723,1.37727,1.37721,1.37724,45450000,1
1754346060000,1754346119000,1.37725,1.37728,1.37723,1.37725,25350000,1
1754346120000,1754346179000,1.37724,1.37733,1.37723,1.37732,32700000,1
1754346180000,1754346239000,1.37732,1.37734,1.3773,1.37732,18900000,1
1754346240000,1754346299000,1.37732,1.37735,1.37731,1.37732,44250000,1
1754346300000,1754346359000,1.37731,1.37733,1.37731,1.37733,19200000,1
1754346360000,1754346419000,1.37732,1.37737,1.37731,1.37732,41550000,1
1754346420000,1754346479000,1.37732,1.37735,1.37732,1.37733,22050000,1
1754346480000,1754346539000,1.37734,1.37739,1.37733,1.37737,39000000,1
1754346540000,1754346599000,1.37738,1.37739,1.37733,1.37734,22050000,1
1754346600000,1754346659000,1.37733,1.3774,1.37731,1.37733,33000000,1
1754346660000,1754346719000,1.37733,1.37735,1.37733,1.37735,5280000,1
1754346720000,1754346779000,1.37733,1.37734,1.37732,1.37734,7560000,1
1754346780000,1754346839000,1.37733,1.37735,1.37733,1.37733,17580000,1
1754346840000,1754346899000,1.37733,1.37735,1.37731,1.37731,16680000,1
1754346900000,1754346959000,1.37732,1.37734,1.37731,1.37733,15240000,1
1754346960000,1754347019000,1.37731,1.37733,1.37729,1.37731,21450000,1
1754347020000,1754347079000,1.37731,1.37734,1.37731,1.37733,15300000,1
1754347080000,1754347139000,1.37734,1.37735,1.37733,1.37735,6150000,1
1754347140000,1754347199000,1.37735,1.37741,1.37732,1.3774,24870000,1
1754347200000,1754347259000,1.37739,1.37742,1.37739,1.37742,7800000,1
1754347260000,1754347319000,1.37741,1.37742,1.37741,1.37741,21570000,1
1754347320000,1754347379000,1.37743,1.37744,1.37741,1.37742,14400000,1
1754347380000,1754347439000,1.3774,1.37742,1.3774,1.37741,5280000,1
1754347440000,1754347499000,1.3774,1.37742,1.37739,1.37742,19740000,1
1754347500000,1754347559000,1.3774,1.37742,1.37731,1.37731,17040000,1
1754347560000,1754347619000,1.37732,1.37733,1.37712,1.37714,46320000,1
1754347620000,1754347679000,1.37713,1.37715,1.3771,1.37714,34800000,1
1754347680000,1754347739000,1.37713,1.37726,1.37713,1.37725,26070000,1
1754347740000,1754347799000,1.37725,1.37725,1.37724,1.37725,11550000,1
1754347800000,1754347859000,1.37725,1.37736,1.37725,1.37735,38520000,1
1754347860000,1754347919000,1.37736,1.37736,1.37733,1.37734,15900000,1
1754347920000,1754347979000,1.37734,1.37735,1.37733,1.37733,39540000,1
1754347980000,1754348039000,1.37734,1.37734,1.3773,1.37731,18300000,1
1754348040000,1754348099000,1.37731,1.37733,1.37722,1.37723,52050000,1
1754348100000,1754348159000,1.37724,1.37728,1.37723,1.37728,16350000,1
1754348160000,1754348219000,1.37727,1.37731,1.37727,1.3773,8850000,1
1754348220000,1754348279000,1.3773,1.37735,1.37722,1.37734,37980000,1
1754348280000,1754348339000,1.37733,1.37733,1.37729,1.37729,32280000,1
1754348340000,1754348399000,1.37728,1.37728,1.37724,1.37725,21300000,1
1754348400000,1754348459000,1.37722,1.37725,1.37714,1.37725,91050000,1
1754348460000,1754348519000,1.37725,1.37729,1.37712,1.37715,64260000,1
1754348520000,1754348579000,1.37713,1.37714,1.37706,1.37713,36450000,1
1754348580000,1754348639000,1.37714,1.37715,1.37705,1.37715,48150000,1
1754348640000,1754348699000,1.37714,1.37719,1.37709,1.37718,88650000,1
1754348700000,1754348759000,1.37717,1.37719,1.37716,1.37716,40950000,1
1754348760000,1754348819000,1.37716,1.37717,1.37714,1.37716,54750000,1
1754348820000,1754348879000,1.37714,1.37716,1.37706,1.37706,41400000,1
1754348880000,1754348939000,1.37705,1.37705,1.37698,1.37704,23700000,1
1754348940000,1754348999000,1.37703,1.37706,1.37696,1.37697,77400000,1
1754349000000,1754349059000,1.37697,1.37701,1.37696,1.37698,42150000,1
1754349060000,1754349119000,1.37696,1.37697,1.37682,1.37687,93300000,1
1754349120000,1754349179000,1.37686,1.37691,1.37685,1.37689,56850000,1
1754349180000,1754349239000,1.37689,1.37691,1.37687,1.37688,60150000,1
1754349240000,1754349299000,1.3769,1.37692,1.37686,1.37689,59250000,1
1754349300000,1754349359000,1.37689,1.37694,1.37687,1.37691,57900000,1
1754349360000,1754349419000,1.37692,1.37698,1.37691,1.37698,43950000,1
1754349420000,1754349479000,1.37697,1.37698,1.37694,1.37697,57600000,1
1754349480000,1754349539000,1.37696,1.37698,1.37694,1.37696,19500000,1
1754349540000,1754349599000,1.37697,1.37698,1.37697,1.37697,4800000,1
1754349600000,1754349659000,1.37699,1.37704,1.37699,1.37704,6000000,1
1754349660000,1754349719000,1.37704,1.37713,1.37704,1.37707,42750000,1
1754349720000,1754349779000,1.37707,1.37715,1.37707,1.37714,26340000,1
1754349780000,1754349839000,1.37712,1.37714,1.37712,1.37714,23100000,1
1754349840000,1754349899000,1.37713,1.37713,1.37711,1.37712,15000000,1
1754349900000,1754349959000,1.37711,1.37716,1.37711,1.37714,9750000,1
1754349960000,1754350019000,1.37715,1.37715,1.37702,1.37702,28800000,1
1754350020000,1754350079000,1.37704,1.37704,1.37685,1.37688,77670000,1
1754350080000,1754350139000,1.37687,1.37689,1.37685,1.37685,24300000,1
1754350140000,1754350199000,1.37687,1.37694,1.37685,1.37694,25350000,1
1754350200000,1754350259000,1.37693,1.37695,1.37691,1.37693,27450000,1
1754350260000,1754350319000,1.37694,1.37695,1.37692,1.37693,23190000,1
1754350320000,1754350379000,1.37695,1.37695,1.37693,1.37693,66750000,1
1754350380000,1754350439000,1.37694,1.37695,1.37693,1.37693,38880000,1
1754350440000,1754350499000,1.37694,1.37695,1.37689,1.37689,26700000,1
1754350500000,1754350559000,1.3769,1.37695,1.3769,1.37691,26850000,1
1754350560000,1754350619000,1.37692,1.37704,1.37692,1.37702,33240000,1
1754350620000,1754350679000,1.37704,1.37707,1.37697,1.37698,41790000,1
1754350680000,1754350739000,1.37697,1.37705,1.37697,1.37704,14400000,1
1754350740000,1754350799000,1.37704,1.37705,1.37703,1.37703,38760000,1
1754350800000,1754350859000,1.37706,1.37707,1.37706,1.37706,12000000,1
1754350860000,1754350919000,1.37705,1.37714,1.37704,1.37707,35520000,1
1754350920000,1754350979000,1.37705,1.37705,1.37697,1.37698,15600000,1
1754350980000,1754351039000,1.37697,1.37703,1.37697,1.37699,26400000,1
1754351040000,1754351099000,1.37702,1.37702,1.377,1.377,4800000,1
1754351100000,1754351159000,1.377,1.37706,1.37698,1.37698,18600000,1
1754351160000,1754351219000,1.37704,1.37706,1.37704,1.37705,7170000,1
1754351220000,1754351279000,1.37705,1.37707,1.37704,1.37704,9750000,1
1754351280000,1754351339000,1.37703,1.37703,1.37699,1.37699,15000000,1
1754351340000,1754351399000,1.37696,1.37697,1.37694,1.37696,24450000,1
1754351400000,1754351459000,1.37696,1.37697,1.37694,1.37696,22200000,1
1754351460000,1754351519000,1.37695,1.37695,1.37694,1.37694,12000000,1
1754351520000,1754351579000,1.37695,1.37695,1.37694,1.37694,11400000,1
1754351580000,1754351639000,1.37696,1.37698,1.37695,1.37697,15750000,1
1754351640000,1754351699000,1.37698,1.37698,1.37695,1.37697,70650000,1
1754351700000,1754351759000,1.37697,1.377,1.37695,1.37695,80220000,1
1754351760000,1754351819000,1.37697,1.37698,1.37697,1.37697,44100000,1
1754351820000,1754351879000,1.37697,1.37698,1.37689,1.37691,43350000,1
1754351880000,1754351939000,1.37691,1.37691,1.37689,1.3769,52650000,1
1754351940000,1754351999000,1.37688,1.37689,1.37688,1.37688,24090000,1
1754352000000,1754352059000,1.37687,1.37687,1.37672,1.37677,175050000,1
1754352060000,1754352119000,1.37677,1.3768,1.3767,1.37674,84660000,1
1754352120000,1754352179000,1.37673,1.37677,1.37656,1.37658,127380000,1
1754352180000,1754352239000,1.37657,1.37657,1.37643,1.37645,105750000,1
1754352240000,1754352299000,1.37646,1.37646,1.37632,1.37636,60150000,1
1754352300000,1754352359000,1.37639,1.37642,1.37627,1.3763,59100000,1
1754352360000,1754352419000,1.3763,1.37632,1.37627,1.37627,23250000,1
1754352420000,1754352479000,1.37627,1.37639,1.37627,1.37637,49920000,1
1754352480000,1754352539000,1.37633,1.37633,1.37629,1.37632,37530000,1
1754352540000,1754352599000,1.37632,1.37639,1.37632,1.37638,40800000,1
1754352600000,1754352659000,1.3764,1.3765,1.3764,1.3765,73050000,1
1754352660000,1754352719000,1.37649,1.37652,1.37648,1.37652,24750000,1
1754352720000,1754352779000,1.37651,1.37657,1.37644,1.37652,44250000,1
1754352780000,1754352839000,1.37651,1.37651,1.37639,1.37646,36270000,1
1754352840000,1754352899000,1.37647,1.37648,1.37646,1.37648,19590000,1
1754352900000,1754352959000,1.37648,1.37658,1.37648,1.37656,44520000,1
1754352960000,1754353019000,1.37657,1.37658,1.37654,1.37656,29850000,1
1754353020000,1754353079000,1.37657,1.37657,1.37656,1.37656,22830000,1
1754353080000,1754353139000,1.37659,1.37669,1.37659,1.37668,33300000,1
1754353140000,1754353199000,1.37668,1.37676,1.37668,1.37673,61050000,1
1754353200000,1754353259000,1.37673,1.37679,1.37668,1.37668,73290000,1
1754353260000,1754353319000,1.37668,1.37677,1.37668,1.37676,52620000,1
1754353320000,1754353379000,1.37676,1.37677,1.37667,1.37667,35670000,1
1754353380000,1754353439000,1.37667,1.3767,1.37667,1.3767,10590000,1
1754353440000,1754353499000,1.37669,1.37686,1.37669,1.37685,70680000,1
1754353500000,1754353559000,1.37686,1.37692,1.37685,1.37687,41820000,1
1754353560000,1754353619000,1.37686,1.37689,1.37685,1.37686,29400000,1
1754353620000,1754353679000,1.37687,1.37691,1.37684,1.37686,28140000,1
1754353680000,1754353739000,1.37686,1.37688,1.37684,1.37684,32460000,1
1754353740000,1754353799000,1.37684,1.37688,1.37683,1.37686,42780000,1
1754353800000,1754353859000,1.37686,1.37703,1.37686,1.37695,120270000,1
1754353860000,1754353919000,1.37695,1.37697,1.37692,1.37694,76350000,1
1754353920000,1754353979000,1.37693,1.37693,1.37683,1.3769,73200000,1
1754353980000,1754354039000,1.37689,1.3769,1.37677,1.37679,81240000,1
1754354040000,1754354099000,1.37679,1.3768,1.37676,1.37676,57060000,1
1754354100000,1754354159000,1.37676,1.37676,1.37667,1.37676,84900000,1
1754354160000,1754354219000,1.37676,1.3768,1.37675,1.37677,52200000,1
1754354220000,1754354279000,1.37677,1.37687,1.37676,1.37686,30630000,1
1754354280000,1754354339000,1.37686,1.37689,1.37682,1.37688,68340000,1
1754354340000,1754354399000,1.37686,1.37697,1.37686,1.37693,45450000,1
1754354400000,1754354459000,1.37693,1.37704,1.37693,1.37703,72450000,1
1754354460000,1754354519000,1.37701,1.37702,1.37692,1.37695,75000000,1
1754354520000,1754354579000,1.37695,1.37696,1.37686,1.37687,58920000,1
1754354580000,1754354639000,1.37687,1.37694,1.37685,1.37685,105420000,1
1754354640000,1754354699000,1.37688,1.37691,1.37688,1.37689,24150000,1
1754354700000,1754354759000,1.37692,1.37697,1.37686,1.37689,95160000,1
1754354760000,1754354819000,1.37689,1.37704,1.37687,1.37689,72120000,1
1754354820000,1754354879000,1.37688,1.37689,1.37685,1.37688,52080000,1
1754354880000,1754354939000,1.37686,1.37691,1.37685,1.3769,50760000,1
1754354940000,1754354999000,1.37689,1.37703,1.37689,1.37699,96660000,1
1754355000000,1754355059000,1.37699,1.37708,1.37694,1.37695,129810000,1
1754355060000,1754355119000,1.37696,1.37697,1.37685,1.37688,67920000,1
1754355120000,1754355179000,1.37689,1.37698,1.37689,1.37689,63450000,1
1754355180000,1754355239000,1.37689,1.37695,1.37687,1.3769,51210000,1
1754355240000,1754355299000,1.37693,1.37695,1.37679,1.37679,69000000,1
1754355300000,1754355359000,1.3768,1.37703,1.3768,1.37685,87150000,1
1754355360000,1754355419000,1.37686,1.37691,1.37685,1.3769,106800000,1
1754355420000,1754355479000,1.3769,1.37696,1.37688,1.3769,99480000,1
1754355480000,1754355539000,1.37689,1.3769,1.37679,1.37686,110370000,1
1754355540000,1754355599000,1.37687,1.37688,1.37676,1.37678,94230000,1
1754355600000,1754355659000,1.37678,1.37681,1.37668,1.3767,185610000,1
1754355660000,1754355719000,1.37669,1.37671,1.37664,1.37671,182940000,1
1754355720000,1754355779000,1.3767,1.37687,1.3767,1.37687,118170000,1
1754355780000,1754355839000,1.37687,1.37688,1.37679,1.37687,80550000,1
1754355840000,1754355899000,1.37694,1.37714,1.37693,1.37707,138450000,1
1754355900000,1754355959000,1.37707,1.37723,1.37707,1.37722,87750000,1
1754355960000,1754356019000,1.37722,1.37737,1.37717,1.37736,152400000,1
1754356020000,1754356079000,1.37737,1.37737,1.37728,1.37733,131550000,1
1754356080000,1754356139000,1.37731,1.37735,1.3772,1.37728,152400000,1
1754356140000,1754356199000,1.37726,1.37731,1.37723,1.37731,80850000,1
1754356200000,1754356259000,1.37729,1.37747,1.37729,1.37745,143700000,1
1754356260000,1754356319000,1.37746,1.37761,1.37744,1.37758,145350000,1
1754356320000,1754356379000,1.37758,1.37768,1.37756,1.37764,135300000,1
1754356380000,1754356439000,1.37765,1.37769,1.37764,1.37765,102150000,1
1754356440000,1754356499000,1.37765,1.37774,1.37757,1.37758,172050000,1
1754356500000,1754356559000,1.37759,1.37766,1.37755,1.37756,198300000,1
1754356560000,1754356619000,1.37754,1.3776,1.37747,1.37752,135090000,1
1754356620000,1754356679000,1.3775,1.3775,1.37739,1.37741,151350000,1
1754356680000,1754356739000,1.3774,1.37748,1.37735,1.37745,106890000,1
1754356740000,1754356799000,1.37744,1.37744,1.3773,1.3773,117600000,1
1754356800000,1754356859000,1.37731,1.37749,1.37731,1.37748,135240000,1
1754356860000,1754356919000,1.37746,1.37746,1.37727,1.37728,140100000,1
1754356920000,1754356979000,1.37728,1.37731,1.3772,1.37721,63000000,1
1754356980000,1754357039000,1.3772,1.37724,1.37716,1.3772,133350000,1
1754357040000,1754357099000,1.37721,1.37736,1.37718,1.37731,127290000,1
1754357100000,1754357159000,1.3773,1.37737,1.3773,1.37735,99450000,1
1754357160000,1754357219000,1.37735,1.37739,1.37734,1.37737,49050000,1
1754357220000,1754357279000,1.37737,1.37737,1.37727,1.3773,82350000,1
1754357280000,1754357339000,1.37731,1.37736,1.37726,1.37728,54750000,1
1754357340000,1754357399000,1.37728,1.37729,1.37718,1.37725,55950000,1
1754357400000,1754357459000,1.37724,1.37729,1.3772,1.37727,131820000,1
1754357460000,1754357519000,1.37729,1.37737,1.37728,1.37728,125400000,1
1754357520000,1754357579000,1.37728,1.37729,1.37723,1.37725,47700000,1
1754357580000,1754357639000,1.37726,1.37727,1.37719,1.3772,83100000,1
1754357640000,1754357699000,1.37721,1.37743,1.37721,1.37743,79200000,1
1754357700000,1754357759000,1.37743,1.37766,1.37743,1.37761,42150000,1
1754357760000,1754357819000,1.3776,1.37762,1.37746,1.37746,70170000,1
1754357820000,1754357879000,1.37746,1.37747,1.37742,1.37744,66000000,1
1754357880000,1754357939000,1.37744,1.3775,1.3774,1.3774,62700000,1
1754357940000,1754357999000,1.37741,1.37741,1.37734,1.37736,77250000,1
1754358000000,1754358059000,1.37735,1.37736,1.37727,1.37732,91650000,1
1754358060000,1754358119000,1.37731,1.37731,1.37728,1.37729,40170000,1
1754358120000,1754358179000,1.37727,1.37728,1.37722,1.37723,25050000,1
1754358180000,1754358239000,1.37721,1.37721,1.37717,1.37718,18120000,1
1754358240000,1754358299000,1.37719,1.37727,1.37718,1.37718,64140000,1
1754358300000,1754358359000,1.37718,1.37718,1.37705,1.37711,63600000,1
1754358360000,1754358419000,1.37711,1.37717,1.37702,1.3771,60000000,1
1754358420000,1754358479000,1.3771,1.37721,1.3771,1.37716,76710000,1
1754358480000,1754358539000,1.37716,1.37728,1.37715,1.37727,56550000,1
1754358540000,1754358599000,1.37728,1.37734,1.37728,1.37732,106050000,1
1754358600000,1754358659000,1.37731,1.37734,1.37728,1.37734,72750000,1
1754358660000,1754358719000,1.37734,1.37737,1.37725,1.37726,67320000,1
1754358720000,1754358779000,1.37726,1.37727,1.37726,1.37727,28500000,1
1754358780000,1754358839000,1.37727,1.37727,1.37716,1.37716,32400000,1
1754358840000,1754358899000,1.37722,1.37728,1.37722,1.37727,48000000,1
1754358900000,1754358959000,1.37728,1.37739,1.37728,1.37738,98400000,1
1754358960000,1754359019000,1.37739,1.37757,1.37739,1.37757,48750000,1
1754359020000,1754359079000,1.37759,1.37774,1.37759,1.37767,28350000,1
1754359080000,1754359139000,1.37766,1.37768,1.37755,1.37764,38250000,1
1754359140000,1754359199000,1.37765,1.37766,1.37759,1.37763,31350000,1
1754359200000,1754359259000,1.37765,1.37776,1.37765,1.37773,35250000,1
1754359260000,1754359319000,1.37774,1.37785,1.37774,1.37785,20700000,1
1754359320000,1754359379000,1.37786,1.37793,1.37785,1.37792,30750000,1
1754359380000,1754359439000,1.37792,1.37801,1.37788,1.37796,73050000,1
1754359440000,1754359499000,1.37794,1.37797,1.37788,1.37793,31200000,1
1754359500000,1754359559000,1.37795,1.37795,1.37786,1.37787,42750000,1
1754359560000,1754359619000,1.37787,1.37794,1.37785,1.37793,48900000,1
1754359620000,1754359679000,1.37792,1.37803,1.37792,1.37803,24750000,1
1754359680000,1754359739000,1.37802,1.37805,1.378,1.37803,32850000,1
1754359740000,1754359799000,1.37802,1.37805,1.37801,1.37802,28500000,1
1754359800000,1754359859000,1.37801,1.37801,1.37786,1.37788,51750000,1
1754359860000,1754359919000,1.37786,1.37787,1.37774,1.37775,48000000,1
1754359920000,1754359979000,1.37775,1.37775,1.37767,1.37769,62100000,1
1754359980000,1754360039000,1.37768,1.37776,1.37768,1.37776,76200000,1
1754360040000,1754360099000,1.37774,1.37788,1.37774,1.37785,81150000,1
1754360100000,1754360159000,1.37788,1.37793,1.37786,1.37787,145200000,1
1754360160000,1754360219000,1.37787,1.37787,1.37779,1.37784,87000000,1
1754360220000,1754360279000,1.37784,1.37794,1.37784,1.37788,74250000,1
1754360280000,1754360339000,1.37789,1.37797,1.37785,1.37786,52650000,1
1754360340000,1754360399000,1.37787,1.378,1.37786,1.37798,50850000,1
1754360400000,1754360459000,1.37799,1.37802,1.37797,1.37801,71250000,1
1754360460000,1754360519000,1.37798,1.37799,1.37791,1.37792,38340000,1
1754360520000,1754360579000,1.37793,1.37795,1.37784,1.37784,99960000,1
1754360580000,1754360639000,1.37784,1.37786,1.37766,1.37767,91800000,1
1754360640000,1754360699000,1.37768,1.37774,1.37766,1.37774,73500000,1
1754360700000,1754360759000,1.37775,1.37779,1.37773,1.37776,68700000,1
1754360760000,1754360819000,1.37776,1.37785,1.37775,1.37783,109200000,1
1754360820000,1754360879000,1.37785,1.37787,1.37779,1.37783,95250000,1
1754360880000,1754360939000,1.37782,1.37794,1.37782,1.3779,88650000,1
1754360940000,1754360999000,1.3779,1.37798,1.37786,1.37797,120450000,1
1754361000000,1754361059000,1.37796,1.37804,1.37795,1.37801,82620000,1
1754361060000,1754361119000,1.37802,1.37804,1.37799,1.37801,77700000,1
1754361120000,1754361179000,1.378,1.37813,1.378,1.37812,66930000,1
1754361180000,1754361239000,1.37812,1.37821,1.37812,1.37812,40440000,1
1754361240000,1754361299000,1.37812,1.37815,1.37804,1.37806,61800000,1
1754361300000,1754361359000,1.37806,1.37811,1.37805,1.3781,59610000,1
1754361360000,1754361419000,1.37811,1.37811,1.378,1.37802,43950000,1
1754361420000,1754361479000,1.37801,1.37804,1.37801,1.37801,36900000,1
1754361480000,1754361539000,1.37801,1.37803,1.378,1.37802,46650000,1
1754361540000,1754361599000,1.37801,1.37804,1.378,1.37802,38340000,1
1754361600000,1754361659000,1.37802,1.37812,1.37802,1.37804,50760000,1
1754361660000,1754361719000,1.37805,1.3782,1.37804,1.3782,58740000,1
1754361720000,1754361779000,1.3782,1.3782,1.37814,1.37814,33840000,1
1754361780000,1754361839000,1.37815,1.37819,1.37815,1.37817,12960000,1
1754361840000,1754361899000,1.37816,1.37823,1.37816,1.37822,32580000,1
1754361900000,1754361959000,1.3782,1.37822,1.3782,1.3782,30630000,1
1754361960000,1754362019000,1.3782,1.37834,1.37817,1.37822,59850000,1
1754362020000,1754362079000,1.37823,1.37834,1.37823,1.37833,125070000,1
1754362080000,1754362139000,1.37832,1.37842,1.37832,1.37841,59100000,1
1754362140000,1754362199000,1.37842,1.37843,1.37831,1.37831,100500000,1
1754362200000,1754362259000,1.37832,1.37841,1.37831,1.37839,96510000,1
1754362260000,1754362319000,1.3784,1.37854,1.3784,1.37851,50700000,1
1754362320000,1754362379000,1.37852,1.37853,1.3784,1.37843,60600000,1
1754362380000,1754362439000,1.37842,1.37844,1.37835,1.37843,61800000,1
1754362440000,1754362499000,1.37841,1.37843,1.37837,1.37842,49590000,1
1754362500000,1754362559000,1.37841,1.37858,1.37841,1.37855,34440000,1
1754362560000,1754362619000,1.37853,1.37854,1.37843,1.37843,35550000,1
1754362620000,1754362679000,1.37845,1.37853,1.37843,1.37845,88080000,1
1754362680000,1754362739000,1.37843,1.37845,1.37836,1.37836,38580000,1
1754362740000,1754362799000,1.37837,1.37845,1.37837,1.37843,123600000,1
1754362800000,1754362859000,1.37842,1.37846,1.37836,1.37845,84780000,1
1754362860000,1754362919000,1.37844,1.37852,1.37844,1.37851,60000000,1
1754362920000,1754362979000,1.3785,1.37852,1.37845,1.37846,33930000,1
1754362980000,1754363039000,1.37845,1.37846,1.37844,1.37846,8550000,1
1754363040000,1754363099000,1.37845,1.37846,1.37841,1.37842,20310000,1
1754363100000,1754363159000,1.37841,1.37854,1.37841,1.37854,26370000,1
1754363160000,1754363219000,1.37854,1.37854,1.37842,1.37842,20550000,1
1754363220000,1754363279000,1.37842,1.37842,1.37842,1.37842,2760000,1
1754363280000,1754363339000,1.37843,1.37844,1.37842,1.37844,29880000,1
1754363340000,1754363399000,1.37843,1.37843,1.37836,1.37836,17340000,1
1754363400000,1754363459000,1.37836,1.37853,1.37836,1.37851,33450000,1
1754363460000,1754363519000,1.37851,1.37854,1.37849,1.37851,89400000,1
1754363520000,1754363579000,1.37852,1.37853,1.37845,1.37849,19590000,1
1754363580000,1754363639000,1.37849,1.37851,1.37849,1.3785,17250000,1
1754363640000,1754363699000,1.3785,1.37851,1.37846,1.37851,49050000,1
1754363700000,1754363759000,1.37851,1.37854,1.37851,1.37853,52080000,1
1754363760000,1754363819000,1.37852,1.37854,1.37852,1.37853,16020000,1
1754363820000,1754363879000,1.37852,1.37852,1.37851,1.37852,9240000,1
1754363880000,1754363939000,1.37851,1.3786,1.37851,1.3786,12750000,1
1754363940000,1754363999000,1.37858,1.3786,1.37852,1.37852,27750000,1
1754364000000,1754364059000,1.37851,1.37864,1.37851,1.37864,89550000,1
1754364060000,1754364119000,1.37868,1.37888,1.37868,1.37887,49290000,1
1754364120000,1754364179000,1.37887,1.37889,1.37887,1.37888,23370000,1
1754364180000,1754364239000,1.37889,1.37889,1.37881,1.37881,33000000,1
1754364240000,1754364299000,1.37887,1.37888,1.37879,1.3788,57750000,1
1754364300000,1754364359000,1.37879,1.37882,1.37879,1.37881,31050000,1
1754364360000,1754364419000,1.3788,1.37881,1.37879,1.37879,83550000,1
1754364420000,1754364479000,1.37879,1.37887,1.37878,1.37887,48570000,1
1754364480000,1754364539000,1.37887,1.37887,1.37879,1.3788,148530000,1
1754364540000,1754364599000,1.3788,1.3788,1.3788,1.3788,4200000,1
1754364600000,1754364659000,1.37879,1.3788,1.37871,1.37871,103440000,1
1754364660000,1754364719000,1.3787,1.37871,1.3787,1.37871,38550000,1
1754364720000,1754364779000,1.37872,1.37887,1.37872,1.37887,40440000,1
1754364780000,1754364839000,1.37889,1.3789,1.37887,1.37888,58230000,1
1754364840000,1754364899000,1.37887,1.37888,1.37878,1.3788,57300000,1
1754364900000,1754364959000,1.37886,1.37886,1.37878,1.37879,21840000,1
1754364960000,1754365019000,1.37878,1.37888,1.37877,1.37887,45600000,1
1754365020000,1754365079000,1.37887,1.37887,1.37876,1.37877,32400000,1
1754365080000,1754365139000,1.37877,1.37877,1.37875,1.37877,11700000,1
1754365140000,1754365199000,1.37878,1.37879,1.37876,1.37879,9900000,1
1754365200000,1754365259000,1.37878,1.37878,1.37871,1.37871,14250000,1
1754365260000,1754365319000,1.3787,1.37872,1.3787,1.3787,4950000,1
1754365320000,1754365379000,1.37867,1.37867,1.37862,1.37862,18750000,1
1754365380000,1754365439000,1.37861,1.37863,1.37861,1.37863,3750000,1
1754365440000,1754365499000,1.37862,1.37862,1.37862,1.37862,1200000,1
1754365500000,1754365559000,1.37863,1.37863,1.3786,1.3786,13830000,1
1754365560000,1754365619000,1.37862,1.37865,1.37861,1.37864,22200000,1
1754365620000,1754365679000,1.37864,1.37865,1.37862,1.37862,6600000,1
1754365680000,1754365739000,1.3786,1.37861,1.3786,1.37861,8550000,1
1754365740000,1754365799000,1.3786,1.37867,1.3786,1.37867,29700000,1
1754365800000,1754365859000,1.37867,1.37868,1.37867,1.37867,5760000,1
1754365860000,1754365919000,1.37869,1.37877,1.37869,1.37877,30420000,1
1754365920000,1754365979000,1.37878,1.37878,1.37877,1.37877,2820000,1
1754365980000,1754366039000,1.37878,1.37878,1.37867,1.37868,66750000,1
1754366040000,1754366099000,1.37869,1.37879,1.37868,1.37878,32490000,1
1754366100000,1754366159000,1.3788,1.37887,1.37879,1.37887,43470000,1
1754366160000,1754366219000,1.37888,1.37899,1.37887,1.37898,32820000,1
1754366220000,1754366279000,1.37897,1.37903,1.37897,1.37899,37890000,1
1754366280000,1754366339000,1.37899,1.37901,1.37894,1.37895,46170000,1
1754366340000,1754366399000,1.37895,1.37899,1.37895,1.37897,171570000,1
1754366400000,1754366459000,1.37899,1.37907,1.37899,1.37902,120000000,1
1754366460000,1754366519000,1.37902,1.37909,1.37902,1.37907,66960000,1
1754366520000,1754366579000,1.37907,1.37908,1.37907,1.37908,30810000,1
1754366580000,1754366639000,1.37909,1.37909,1.37896,1.37896,102480000,1
1754366640000,1754366699000,1.37897,1.37897,1.37891,1.37891,29850000,1
1754366700000,1754366759000,1.37891,1.37892,1.37891,1.37891,16950000,1
1754366760000,1754366819000,1.37891,1.37892,1.37879,1.37881,21300000,1
1754366820000,1754366879000,1.37881,1.3789,1.3788,1.37889,47040000,1
1754366880000,1754366939000,1.3789,1.37896,1.37888,1.37889,102030000,1
1754366940000,1754366999000,1.37889,1.37897,1.37889,1.37896,135330000,1
1754367000000,1754367059000,1.37895,1.37899,1.37895,1.37898,76200000,1
1754367060000,1754367119000,1.37898,1.37899,1.37894,1.37894,108720000,1
1754367120000,1754367179000,1.37894,1.37897,1.37887,1.37888,108150000,1
1754367180000,1754367239000,1.37889,1.37889,1.3788,1.37886,118800000,1
1754367240000,1754367299000,1.37885,1.37889,1.37885,1.37889,127050000,1
1754367300000,1754367359000,1.3789,1.37892,1.37888,1.37889,43650000,1
1754367360000,1754367419000,1.37889,1.3789,1.37886,1.37888,47400000,1
1754367420000,1754367479000,1.37888,1.3789,1.37887,1.37889,18300000,1
1754367480000,1754367539000,1.37888,1.37888,1.37884,1.37884,96450000,1
1754367540000,1754367599000,1.37884,1.37885,1.37879,1.37883,40500000,1
1754367600000,1754367659000,1.37882,1.37889,1.37879,1.37884,62220000,1
1754367660000,1754367719000,1.37881,1.37888,1.37881,1.37886,34050000,1
1754367720000,1754367779000,1.37885,1.37887,1.37884,1.37887,31110000,1
1754367780000,1754367839000,1.37886,1.37886,1.37879,1.37879,10350000,1
1754367840000,1754367899000,1.37878,1.37879,1.37878,1.37878,10020000,1
1754367900000,1754367959000,1.37878,1.37888,1.37878,1.37887,73380000,1
1754367960000,1754368019000,1.37887,1.37888,1.37886,1.37888,23430000,1
1754368020000,1754368079000,1.37887,1.3789,1.37887,1.37888,49080000,1
1754368080000,1754368139000,1.37889,1.37892,1.37888,1.37888,35160000,1
1754368140000,1754368199000,1.37887,1.37888,1.37883,1.37884,28080000,1
1754368200000,1754368259000,1.37884,1.37887,1.37883,1.37887,32610000,1
1754368260000,1754368319000,1.37888,1.3789,1.37888,1.37889,11790000,1
1754368320000,1754368379000,1.37888,1.37895,1.37887,1.37894,31230000,1
1754368380000,1754368439000,1.37894,1.37894,1.37889,1.37889,33360000,1
1754368440000,1754368499000,1.3789,1.3789,1.37888,1.37888,8430000,1
1754368500000,1754368559000,1.37888,1.37895,1.37887,1.37895,26490000,1
1754368560000,1754368619000,1.37895,1.37895,1.37889,1.3789,19770000,1
1754368620000,1754368679000,1.3789,1.3789,1.37885,1.37885,41490000,1
1754368680000,1754368739000,1.37884,1.37888,1.37882,1.37886,45180000,1
1754368740000,1754368799000,1.37885,1.3789,1.37883,1.37887,45960000,1
1754368800000,1754368859000,1.37888,1.3789,1.37885,1.37885,44760000,1
1754368860000,1754368919000,1.37888,1.37888,1.37879,1.37881,13440000,1
1754368920000,1754368979000,1.37881,1.37892,1.37881,1.3789,31200000,1
1754368980000,1754369039000,1.37892,1.37892,1.37886,1.37888,33600000,1
1754369040000,1754369099000,1.37889,1.37889,1.37879,1.37881,15870000,1
1754369100000,1754369159000,1.3788,1.37885,1.37879,1.37879,86400000,1
1754369160000,1754369219000,1.37881,1.37882,1.37871,1.37871,34470000,1
1754369220000,1754369279000,1.37871,1.37871,1.37857,1.3786,58650000,1
1754369280000,1754369339000,1.3786,1.37862,1.37858,1.37859,57240000,1
1754369340000,1754369399000,1.37861,1.37862,1.3786,1.3786,51270000,1
1754369400000,1754369459000,1.37861,1.37862,1.37859,1.37859,19440000,1
1754369460000,1754369519000,1.3786,1.37861,1.37859,1.3786,47700000,1
1754369520000,1754369579000,1.37861,1.37864,1.3786,1.37862,67650000,1
1754369580000,1754369639000,1.37863,1.37863,1.37852,1.37852,27750000,1
1754369640000,1754369699000,1.37852,1.37854,1.37851,1.37851,52200000,1
1754369700000,1754369759000,1.3785,1.37852,1.37849,1.37852,64950000,1
1754369760000,1754369819000,1.37852,1.37855,1.3785,1.37853,45600000,1
1754369820000,1754369879000,1.37852,1.37853,1.3785,1.37853,56100000,1
1754369880000,1754369939000,1.37853,1.37858,1.37853,1.37858,34800000,1
1754369940000,1754369999000,1.37857,1.37859,1.37857,1.37858,36420000,1
1754370000000,1754370059000,1.37859,1.37867,1.37858,1.37861,78510000,1
1754370060000,1754370119000,1.3786,1.37871,1.3786,1.37869,51840000,1
1754370120000,1754370179000,1.37869,1.37879,1.37869,1.37879,30630000,1
1754370180000,1754370239000,1.37879,1.37879,1.37876,1.37879,9900000,1
1754370240000,1754370299000,1.37878,1.3788,1.37877,1.3788,27480000,1
1754370300000,1754370359000,1.37879,1.37887,1.37878,1.3788,46140000,1
1754370360000,1754370419000,1.3788,1.37882,1.37878,1.37879,13590000,1
1754370420000,1754370479000,1.37877,1.3788,1.37871,1.3788,27330000,1
1754370480000,1754370539000,1.3788,1.3788,1.37876,1.37876,14610000,1
1754370540000,1754370599000,1.37876,1.37878,1.37875,1.37875,57360000,1
1754370600000,1754370659000,1.37875,1.37878,1.37875,1.37877,53040000,1
1754370660000,1754370719000,1.37876,1.37877,1.37876,1.37876,26850000,1
1754370720000,1754370779000,1.37875,1.37875,1.37866,1.37871,65250000,1
1754370780000,1754370839000,1.37871,1.37872,1.37869,1.3787,32040000,1
1754370840000,1754370899000,1.37871,1.37872,1.37869,1.37869,24210000,1
1754370900000,1754370959000,1.37871,1.37871,1.37869,1.3787,20040000,1
1754370960000,1754371019000,1.3787,1.3788,1.37868,1.3788,81630000,1
1754371020000,1754371079000,1.37884,1.3789,1.37884,1.37889,50280000,1
1754371080000,1754371139000,1.3789,1.37899,1.3789,1.37899,35460000,1
1754371140000,1754371199000,1.37897,1.3791,1.37896,1.3791,50820000,1
1754371200000,1754371259000,1.37909,1.37913,1.37899,1.37899,86910000,1
1754371260000,1754371319000,1.37898,1.37899,1.37889,1.37889,35010000,1
1754371320000,1754371379000,1.37888,1.37888,1.37887,1.37887,14550000,1
1754371380000,1754371439000,1.37887,1.37887,1.37879,1.3788,21300000,1
1754371440000,1754371499000,1.3788,1.3788,1.37879,1.37879,45030000,1
1754371500000,1754371559000,1.3788,1.37889,1.3788,1.37889,36030000,1
1754371560000,1754371619000,1.3789,1.3789,1.3788,1.3788,18810000,1
1754371620000,1754371679000,1.3788,1.37887,1.3788,1.37886,12240000,1
1754371680000,1754371739000,1.37886,1.37886,1.37882,1.37885,16110000,1
1754371740000,1754371799000,1.37886,1.37887,1.37882,1.37887,38580000,1
1754371800000,1754371859000,1.37887,1.37888,1.37882,1.37888,30510000,1
1754371860000,1754371919000,1.37887,1.37898,1.37887,1.37893,41160000,1
1754371920000,1754371979000,1.37894,1.37896,1.37893,1.37895,82500000,1
1754371980000,1754372039000,1.37897,1.37909,1.37897,1.37908,24390000,1
1754372040000,1754372099000,1.37907,1.37928,1.37907,1.37926,134040000,1
1754372100000,1754372159000,1.37925,1.37936,1.3792,1.37931,112410000,1
1754372160000,1754372219000,1.37929,1.37935,1.37925,1.37935,32520000,1
1754372220000,1754372279000,1.37942,1.37942,1.37928,1.37937,114480000,1
1754372280000,1754372339000,1.37937,1.37938,1.37934,1.37934,91950000,1
1754372340000,1754372399000,1.37935,1.3794,1.37934,1.37936,43890000,1
1754372400000,1754372459000,1.37933,1.37933,1.37917,1.37921,93930000,1
1754372460000,1754372519000,1.37922,1.37922,1.37914,1.37914,63000000,1
1754372520000,1754372579000,1.37913,1.37916,1.37907,1.37907,140040000,1
1754372580000,1754372639000,1.37908,1.3791,1.37907,1.37909,108990000,1
1754372640000,1754372699000,1.37909,1.37912,1.37906,1.37908,82500000,1
1754372700000,1754372759000,1.37907,1.37911,1.37905,1.3791,160950000,1
1754372760000,1754372819000,1.37911,1.37914,1.37908,1.37911,124590000,1
1754372820000,1754372879000,1.37911,1.37911,1.37907,1.37907,83550000,1
1754372880000,1754372939000,1.37907,1.37908,1.37889,1.3789,84750000,1
1754372940000,1754372999000,1.3789,1.37894,1.3789,1.37892,76440000,1
1754373000000,1754373059000,1.37892,1.37904,1.37892,1.37896,99450000,1
1754373060000,1754373119000,1.37896,1.37896,1.37892,1.37894,114720000,1
1754373120000,1754373179000,1.37895,1.37895,1.37887,1.3789,121620000,1
1754373180000,1754373239000,1.3789,1.37893,1.37886,1.37889,156930000,1
1754373240000,1754373299000,1.37889,1.37889,1.3788,1.3788,125070000,1
1754373300000,1754373359000,1.3788,1.3789,1.37879,1.3789,129390000,1
1754373360000,1754373419000,1.37893,1.37909,1.37893,1.37908,100620000,1
1754373420000,1754373479000,1.37908,1.37916,1.37906,1.37911,62130000,1
1754373480000,1754373539000,1.37911,1.37917,1.37895,1.37895,245160000,1
1754373540000,1754373599000,1.37894,1.37895,1.37889,1.3789,67500000,1
1754373600000,1754373659000,1.3789,1.37902,1.37888,1.37891,162930000,1
1754373660000,1754373719000,1.37894,1.37894,1.37876,1.37877,185250000,1
1754373720000,1754373779000,1.37876,1.37879,1.37868,1.37869,111150000,1
1754373780000,1754373839000,1.37869,1.37872,1.3786,1.3786,122160000,1
1754373840000,1754373899000,1.37861,1.37888,1.3786,1.37866,178170000,1
1754373900000,1754373959000,1.37867,1.3787,1.37863,1.37868,75900000,1
1754373960000,1754374019000,1.37869,1.3787,1.37859,1.3787,135270000,1
1754374020000,1754374079000,1.37869,1.37871,1.37865,1.37869,84120000,1
1754374080000,1754374139000,1.37869,1.37871,1.3785,1.3785,66870000,1
1754374140000,1754374199000,1.37849,1.37852,1.37848,1.37849,103500000,1
1754374200000,1754374259000,1.37849,1.3786,1.37847,1.3786,91680000,1
1754374260000,1754374319000,1.3786,1.37861,1.37853,1.37854,86190000,1
1754374320000,1754374379000,1.37858,1.37861,1.37857,1.3786,55950000,1
1754374380000,1754374439000,1.3786,1.37866,1.37858,1.37858,26550000,1
1754374440000,1754374499000,1.37857,1.37857,1.37848,1.37848,84930000,1
1754374500000,1754374559000,1.37848,1.37855,1.37848,1.37852,42600000,1
1754374560000,1754374619000,1.37852,1.37852,1.37839,1.37839,73770000,1
1754374620000,1754374679000,1.37839,1.37841,1.37836,1.37839,53400000,1
1754374680000,1754374739000,1.37841,1.37851,1.3784,1.37842,43170000,1
1754374740000,1754374799000,1.37841,1.37841,1.37831,1.37831,59040000,1
1754374800000,1754374859000,1.37832,1.37832,1.37817,1.37817,103020000,1
1754374860000,1754374919000,1.3782,1.37821,1.37808,1.3781,80310000,1
1754374920000,1754374979000,1.37811,1.37813,1.37797,1.37804,63750000,1
1754374980000,1754375039000,1.37805,1.37805,1.37794,1.37795,52740000,1
1754375040000,1754375099000,1.37795,1.37795,1.37788,1.37788,70080000,1
1754375100000,1754375159000,1.37787,1.37788,1.37764,1.37766,66000000,1
1754375160000,1754375219000,1.37765,1.37781,1.37763,1.37775,125670000,1
1754375220000,1754375279000,1.37775,1.37778,1.37773,1.37777,63000000,1
1754375280000,1754375339000,1.37777,1.37788,1.37777,1.37784,98040000,1
1754375340000,1754375399000,1.37784,1.37795,1.37784,1.37794,43050000,1
1754375400000,1754375459000,1.37793,1.37804,1.37793,1.37803,92550000,1
1754375460000,1754375519000,1.37803,1.37811,1.37802,1.37809,93120000,1
1754375520000,1754375579000,1.3781,1.37815,1.37807,1.37812,58770000,1
1754375580000,1754375639000,1.37813,1.37815,1.37805,1.37805,82530000,1
1754375640000,1754375699000,1.37805,1.37807,1.37804,1.37804,45120000,1
1754375700000,1754375759000,1.37805,1.37814,1.37805,1.37806,78300000,1
1754375760000,1754375819000,1.37805,1.37812,1.37803,1.37803,48750000,1
1754375820000,1754375879000,1.37802,1.37803,1.37793,1.37796,35850000,1
1754375880000,1754375939000,1.37795,1.3781,1.37794,1.37807,80070000,1
1754375940000,1754375999000,1.37808,1.37817,1.37806,1.37811,42600000,1
1754376000000,1754376059000,1.37813,1.37814,1.37809,1.37813,41430000,1
1754376060000,1754376119000,1.37813,1.37822,1.37809,1.37818,97590000,1
1754376120000,1754376179000,1.37818,1.37819,1.37802,1.37803,54150000,1
1754376180000,1754376239000,1.37802,1.37823,1.37801,1.37822,68040000,1
1754376240000,1754376299000,1.37822,1.37827,1.37821,1.37824,44100000,1
1754376300000,1754376359000,1.37823,1.37823,1.37819,1.37822,41400000,1
1754376360000,1754376419000,1.37823,1.37839,1.37822,1.37834,54690000,1
1754376420000,1754376479000,1.37834,1.37841,1.37832,1.3784,53010000,1
1754376480000,1754376539000,1.37839,1.37865,1.37839,1.37861,137070000,1
1754376540000,1754376599000,1.3786,1.37864,1.37857,1.37859,59250000,1
1754376600000,1754376659000,1.37859,1.37884,1.37859,1.37882,62820000,1
1754376660000,1754376719000,1.37882,1.37888,1.37877,1.37877,46290000,1
1754376720000,1754376779000,1.37877,1.3788,1.37876,1.37877,60000000,1
1754376780000,1754376839000,1.37878,1.37878,1.37857,1.37861,137580000,1
1754376840000,1754376899000,1.37861,1.37866,1.3785,1.37856,158040000,1
1754376900000,1754376959000,1.37856,1.37856,1.37844,1.37848,107400000,1
1754376960000,1754377019000,1.37846,1.37851,1.37846,1.37851,62850000,1
1754377020000,1754377079000,1.37854,1.37858,1.3785,1.37854,120900000,1
1754377080000,1754377139000,1.37854,1.37857,1.3785,1.37852,122400000,1
1754377140000,1754377199000,1.37851,1.37852,1.37821,1.37829,214800000,1
1754377200000,1754377259000,1.37828,1.37852,1.37828,1.37844,192180000,1
1754377260000,1754377319000,1.37843,1.37843,1.37836,1.37836,131310000,1
1754377320000,1754377379000,1.37836,1.37844,1.37825,1.37827,132060000,1
1754377380000,1754377439000,1.37826,1.37832,1.37823,1.37832,123330000,1
1754377440000,1754377499000,1.37834,1.37838,1.37824,1.37832,98910000,1
1754377500000,1754377559000,1.37831,1.37831,1.37816,1.37817,110460000,1
1754377560000,1754377619000,1.37817,1.37822,1.37817,1.37817,95430000,1
1754377620000,1754377679000,1.37818,1.37825,1.37813,1.37818,96150000,1
1754377680000,1754377739000,1.37819,1.37823,1.37802,1.37805,157590000,1
1754377740000,1754377799000,1.37803,1.37819,1.37803,1.37812,85950000,1
1754377800000,1754377859000,1.37812,1.37817,1.3781,1.37812,80700000,1
1754377860000,1754377919000,1.37812,1.37817,1.37792,1.37792,99450000,1
1754377920000,1754377979000,1.37793,1.37803,1.37793,1.37799,93540000,1
1754377980000,1754378039000,1.378,1.37806,1.37796,1.37799,77670000,1
1754378040000,1754378099000,1.37797,1.37797,1.37781,1.37787,107130000,1
1754378100000,1754378159000,1.37787,1.37787,1.37775,1.37782,81990000,1
1754378160000,1754378219000,1.3778,1.3778,1.3776,1.37765,88800000,1
1754378220000,1754378279000,1.37765,1.37766,1.37761,1.37763,25950000,1
1754378280000,1754378339000,1.37763,1.37764,1.37753,1.37755,79500000,1
1754378340000,1754378399000,1.37754,1.37754,1.37735,1.37739,131250000,1
1754378400000,1754378459000,1.37739,1.37742,1.37732,1.37733,154920000,1
1754378460000,1754378519000,1.37734,1.37746,1.37733,1.37746,101130000,1
1754378520000,1754378579000,1.37747,1.37755,1.37746,1.37753,43500000,1
1754378580000,1754378639000,1.37752,1.37764,1.3775,1.37762,57990000,1
1754378640000,1754378699000,1.37761,1.37774,1.37759,1.37774,29550000,1
1754378700000,1754378759000,1.37777,1.3778,1.37772,1.37778,31350000,1
1754378760000,1754378819000,1.37779,1.37784,1.37777,1.37783,23700000,1
1754378820000,1754378879000,1.37783,1.37791,1.37768,1.37773,88470000,1
1754378880000,1754378939000,1.37773,1.37782,1.37773,1.37779,33900000,1
1754378940000,1754378999000,1.37778,1.37778,1.37773,1.37774,16080000,1
1754379000000,1754379059000,1.37774,1.37775,1.37763,1.37765,61050000,1
1754379060000,1754379119000,1.37766,1.37772,1.37764,1.37768,30720000,1
1754379120000,1754379179000,1.3777,1.37773,1.37765,1.37771,63030000,1
1754379180000,1754379239000,1.3777,1.37776,1.37768,1.37774,16740000,1
1754379240000,1754379299000,1.37775,1.37782,1.37765,1.37771,53460000,1
1754379300000,1754379359000,1.37772,1.37774,1.37758,1.37759,30390000,1
1754379360000,1754379419000,1.3776,1.37769,1.37757,1.37769,55290000,1
1754379420000,1754379479000,1.37771,1.37789,1.37771,1.37786,57810000,1
1754379480000,1754379539000,1.37786,1.37799,1.37782,1.37798,36300000,1
1754379540000,1754379599000,1.37799,1.3781,1.37798,1.37803,52260000,1
1754379600000,1754379659000,1.37804,1.37806,1.37801,1.37805,26700000,1
1754379660000,1754379719000,1.37806,1.37808,1.37794,1.37804,55470000,1
1754379720000,1754379779000,1.37803,1.37808,1.37796,1.37808,47400000,1
1754379780000,1754379839000,1.37807,1.37814,1.37798,1.378,73050000,1
1754379840000,1754379899000,1.378,1.37803,1.37794,1.37801,58200000,1
1754379900000,1754379959000,1.37804,1.37821,1.37804,1.3782,53850000,1
1754379960000,1754380019000,1.3782,1.37841,1.3782,1.37839,51450000,1
1754380020000,1754380079000,1.37837,1.37898,1.37837,1.37882,124590000,1
1754380080000,1754380139000,1.37881,1.3789,1.37862,1.37869,85830000,1
1754380140000,1754380199000,1.37867,1.37867,1.37833,1.37838,91920000,1
1754380200000,1754380259000,1.37838,1.37874,1.37838,1.37869,229800000,1
1754380260000,1754380319000,1.3787,1.37891,1.37869,1.37875,131730000,1
1754380320000,1754380379000,1.37875,1.3788,1.37865,1.37869,77250000,1
1754380380000,1754380439000,1.37868,1.37868,1.3786,1.37862,121260000,1
1754380440000,1754380499000,1.37861,1.37867,1.37851,1.37851,151530000,1
1754380500000,1754380559000,1.37854,1.37855,1.3784,1.37846,124590000,1
1754380560000,1754380619000,1.37849,1.37849,1.3783,1.37837,95670000,1
1754380620000,1754380679000,1.37835,1.37835,1.37821,1.37824,146280000,1
1754380680000,1754380739000,1.37823,1.37825,1.37819,1.37822,163710000,1
1754380740000,1754380799000,1.37819,1.3782,1.37806,1.3781,121770000,1
1754380800000,1754380859000,1.37812,1.37847,1.37812,1.37842,194970000,1
1754380860000,1754380919000,1.37843,1.37844,1.3783,1.37833,160230000,1
1754380920000,1754380979000,1.37833,1.37848,1.37833,1.37836,94260000,1
1754380980000,1754381039000,1.37836,1.37852,1.37835,1.37849,73080000,1
1754381040000,1754381099000,1.37847,1.3786,1.37847,1.37859,55170000,1
1754381100000,1754381159000,1.3786,1.3787,1.37846,1.37868,82650000,1
1754381160000,1754381219000,1.37866,1.3789,1.37866,1.37879,91440000,1
1754381220000,1754381279000,1.3788,1.37889,1.37877,1.37881,42300000,1
1754381280000,1754381339000,1.37879,1.3788,1.37865,1.37869,75330000,1
1754381340000,1754381399000,1.37867,1.37883,1.37866,1.37871,88650000,1
1754381400000,1754381459000,1.37872,1.37886,1.37872,1.37884,56100000,1
1754381460000,1754381519000,1.37883,1.37899,1.3788,1.37898,115050000,1
1754381520000,1754381579000,1.37899,1.37911,1.37898,1.37908,91860000,1
1754381580000,1754381639000,1.37909,1.37938,1.37909,1.37938,90270000,1
1754381640000,1754381699000,1.37937,1.37941,1.3793,1.3793,89400000,1
1754381700000,1754381759000,1.3793,1.37939,1.37925,1.37937,50880000,1
1754381760000,1754381819000,1.37938,1.37955,1.37938,1.37946,83880000,1
1754381820000,1754381879000,1.37947,1.37953,1.37944,1.37947,72960000,1
1754381880000,1754381939000,1.37948,1.37949,1.37927,1.37927,126450000,1
1754381940000,1754381999000,1.37927,1.37931,1.37916,1.37925,133920000,1
1754382000000,1754382059000,1.37922,1.37922,1.37907,1.37909,143070000,1
1754382060000,1754382119000,1.3791,1.37912,1.379,1.379,89610000,1
1754382120000,1754382179000,1.37901,1.37901,1.37884,1.3789,170250000,1
1754382180000,1754382239000,1.37892,1.37901,1.3789,1.37901,77250000,1
1754382240000,1754382299000,1.37899,1.37903,1.37892,1.379,67320000,1
1754382300000,1754382359000,1.379,1.37903,1.37882,1.37883,76650000,1
1754382360000,1754382419000,1.37884,1.379,1.37884,1.37897,88290000,1
1754382420000,1754382479000,1.37896,1.37901,1.37894,1.37899,112200000,1
1754382480000,1754382539000,1.379,1.37908,1.37898,1.37908,43200000,1
1754382540000,1754382599000,1.37905,1.37917,1.37905,1.37908,54930000,1
1754382600000,1754382659000,1.37908,1.37916,1.37906,1.37911,51600000,1
1754382660000,1754382719000,1.37913,1.37926,1.37911,1.37926,107250000,1
1754382720000,1754382779000,1.37927,1.37949,1.37927,1.37937,112620000,1
1754382780000,1754382839000,1.37938,1.37948,1.37934,1.37945,63300000,1
1754382840000,1754382899000,1.37946,1.37974,1.37946,1.37967,100620000,1
1754382900000,1754382959000,1.37968,1.37983,1.37959,1.37983,89550000,1
1754382960000,1754383019000,1.37985,1.38003,1.37983,1.37997,123840000,1
1754383020000,1754383079000,1.37996,1.38017,1.37996,1.38013,109350000,1
1754383080000,1754383139000,1.38011,1.38014,1.38003,1.38007,94050000,1
1754383140000,1754383199000,1.38008,1.38019,1.38003,1.38003,80400000,1
1754383200000,1754383259000,1.38003,1.38029,1.37996,1.38029,156180000,1
1754383260000,1754383319000,1.38029,1.38031,1.38015,1.38019,177630000,1
1754383320000,1754383379000,1.3802,1.38023,1.38007,1.38022,195060000,1
1754383380000,1754383439000,1.38022,1.38025,1.38009,1.38012,120570000,1
1754383440000,1754383499000,1.38012,1.38022,1.3801,1.38021,123000000,1
1754383500000,1754383559000,1.38024,1.38044,1.38024,1.38042,134790000,1
1754383560000,1754383619000,1.38043,1.38048,1.38031,1.38043,209610000,1
1754383620000,1754383679000,1.38042,1.38049,1.38037,1.38043,188580000,1
1754383680000,1754383739000,1.38044,1.38045,1.38028,1.3804,127560000,1
1754383740000,1754383799000,1.38042,1.38061,1.38042,1.38058,118380000,1
1754383800000,1754383859000,1.38056,1.38056,1.38045,1.38048,163530000,1
1754383860000,1754383919000,1.38048,1.38053,1.38036,1.38049,135900000,1
1754383920000,1754383979000,1.3805,1.38053,1.3804,1.3804,82710000,1
1754383980000,1754384039000,1.38042,1.38073,1.3804,1.38073,108390000,1
1754384040000,1754384099000,1.38077,1.38091,1.38077,1.38081,138630000,1
1754384100000,1754384159000,1.38083,1.38083,1.38062,1.38063,77610000,1
1754384160000,1754384219000,1.38063,1.38091,1.38062,1.38069,153870000,1
1754384220000,1754384279000,1.38071,1.38082,1.3806,1.38064,86190000,1
1754384280000,1754384339000,1.38064,1.38075,1.38064,1.38072,104610000,1
1754384340000,1754384399000,1.38071,1.38073,1.38059,1.38061,111360000,1
1754384400000,1754384459000,1.3806,1.38085,1.38054,1.38065,131550000,1
1754384460000,1754384519000,1.38065,1.38067,1.38047,1.38048,98790000,1
1754384520000,1754384579000,1.38049,1.38059,1.38049,1.38054,110400000,1
1754384580000,1754384639000,1.38054,1.38055,1.38048,1.38051,114900000,1
1754384640000,1754384699000,1.38052,1.38078,1.38051,1.38072,143460000,1
1754384700000,1754384759000,1.38072,1.38076,1.38071,1.38074,53550000,1
1754384760000,1754384819000,1.38074,1.38075,1.38062,1.38063,70530000,1
1754384820000,1754384879000,1.38061,1.38064,1.38053,1.38053,94410000,1
1754384880000,1754384939000,1.38053,1.38053,1.38046,1.38051,39420000,1
1754384940000,1754384999000,1.38051,1.38054,1.38046,1.38048,40800000,1
1754385000000,1754385059000,1.3805,1.3805,1.38036,1.38049,97500000,1
1754385060000,1754385119000,1.38048,1.38057,1.38046,1.38053,85350000,1
1754385120000,1754385179000,1.38052,1.38057,1.38043,1.38043,48900000,1
1754385180000,1754385239000,1.38044,1.38044,1.38028,1.38031,87000000,1
1754385240000,1754385299000,1.3803,1.38033,1.38027,1.38029,46500000,1
1754385300000,1754385359000,1.3803,1.38031,1.38013,1.38014,65400000,1
1754385360000,1754385419000,1.38012,1.38015,1.3801,1.38014,30750000,1
1754385420000,1754385479000,1.38014,1.38015,1.38012,1.38015,50250000,1
1754385480000,1754385539000,1.38015,1.38022,1.38012,1.38021,59550000,1
1754385540000,1754385599000,1.38024,1.38024,1.38021,1.38022,27000000,1
1754385600000,1754385659000,1.38021,1.38022,1.38014,1.38014,42000000,1
1754385660000,1754385719000,1.38014,1.38022,1.38014,1.38014,73050000,1
1754385720000,1754385779000,1.38013,1.38013,1.37994,1.37995,70350000,1
1754385780000,1754385839000,1.37994,1.37997,1.37985,1.37986,50400000,1
1754385840000,1754385899000,1.37985,1.37987,1.37976,1.37976,60750000,1
1754385900000,1754385959000,1.37979,1.37986,1.37977,1.37986,82080000,1
1754385960000,1754386019000,1.37986,1.3799,1.37984,1.37989,43350000,1
1754386020000,1754386079000,1.3799,1.37994,1.37989,1.37994,105900000,1
1754386080000,1754386139000,1.37994,1.37997,1.37993,1.37995,51900000,1
1754386140000,1754386199000,1.37994,1.38004,1.37994,1.38004,45900000,1
1754386200000,1754386259000,1.38005,1.38016,1.38005,1.38016,42900000,1
1754386260000,1754386319000,1.38018,1.38024,1.38009,1.38024,85200000,1
1754386320000,1754386379000,1.38026,1.3803,1.3802,1.38025,66150000,1
1754386380000,1754386439000,1.38026,1.38039,1.38025,1.38033,100440000,1
1754386440000,1754386499000,1.38034,1.38044,1.38028,1.38028,69450000,1
1754386500000,1754386559000,1.38026,1.38026,1.38015,1.38015,42000000,1
1754386560000,1754386619000,1.38015,1.38022,1.38015,1.38015,46950000,1
1754386620000,1754386679000,1.38015,1.38024,1.38015,1.38022,136500000,1
1754386680000,1754386739000,1.38022,1.3803,1.38018,1.38029,78150000,1
1754386740000,1754386799000,1.38029,1.38034,1.38023,1.38033,50550000,1
1754386800000,1754386859000,1.38033,1.38047,1.38031,1.38047,46800000,1
1754386860000,1754386919000,1.38046,1.38046,1.38033,1.38033,39600000,1
1754386920000,1754386979000,1.38033,1.38037,1.38026,1.38036,67350000,1
1754386980000,1754387039000,1.38036,1.38044,1.38036,1.38043,37200000,1
1754387040000,1754387099000,1.38043,1.38051,1.38043,1.3805,33750000,1
1754387100000,1754387159000,1.38051,1.38051,1.38038,1.38038,38400000,1
1754387160000,1754387219000,1.38037,1.38042,1.38033,1.38036,30600000,1
1754387220000,1754387279000,1.38036,1.3804,1.38029,1.38032,33450000,1
1754387280000,1754387339000,1.38032,1.38032,1.38024,1.38027,35250000,1
1754387340000,1754387399000,1.38027,1.38029,1.38008,1.38011,50250000,1
1754387400000,1754387459000,1.38012,1.38019,1.38007,1.38018,38850000,1
1754387460000,1754387519000,1.38016,1.3802,1.38012,1.3802,97200000,1
1754387520000,1754387579000,1.38019,1.38031,1.38015,1.38021,113850000,1
1754387580000,1754387639000,1.38022,1.38022,1.38014,1.38014,60750000,1
1754387640000,1754387699000,1.38014,1.38027,1.38012,1.38023,127650000,1
1754387700000,1754387759000,1.38024,1.38035,1.38023,1.38033,101100000,1
1754387760000,1754387819000,1.38033,1.3804,1.38032,1.38036,87930000,1
1754387820000,1754387879000,1.38036,1.3804,1.38032,1.38033,56700000,1
1754387880000,1754387939000,1.38033,1.38042,1.38032,1.3804,74850000,1
1754387940000,1754387999000,1.38041,1.38046,1.3804,1.38041,52440000,1
1754388000000,1754388059000,1.38042,1.38048,1.3804,1.38042,55650000,1
1754388060000,1754388119000,1.38043,1.3805,1.38042,1.3805,65160000,1
1754388120000,1754388179000,1.3805,1.38063,1.38046,1.3805,87030000,1
1754388180000,1754388239000,1.38049,1.3805,1.38035,1.38037,108300000,1
1754388240000,1754388299000,1.38037,1.38041,1.38032,1.38033,54900000,1
1754388300000,1754388359000,1.38033,1.38035,1.38023,1.38031,65700000,1
1754388360000,1754388419000,1.3803,1.38044,1.38029,1.3804,76200000,1
1754388420000,1754388479000,1.38039,1.38044,1.38037,1.38044,54600000,1
1754388480000,1754388539000,1.38043,1.38067,1.38043,1.38061,78750000,1
1754388540000,1754388599000,1.38062,1.38073,1.38059,1.3807,60000000,1
1754388600000,1754388659000,1.3807,1.38079,1.3807,1.3807,48300000,1
1754388660000,1754388719000,1.3807,1.38084,1.38067,1.38081,86850000,1
1754388720000,1754388779000,1.38081,1.38081,1.38075,1.38079,85650000,1
1754388780000,1754388839000,1.38079,1.38079,1.38061,1.38061,70800000,1
1754388840000,1754388899000,1.38061,1.38062,1.38049,1.38052,86100000,1
1754388900000,1754388959000,1.38052,1.3807,1.38052,1.38068,106650000,1
1754388960000,1754389019000,1.38068,1.3807,1.38061,1.3807,61950000,1
1754389020000,1754389079000,1.3807,1.38071,1.38065,1.38068,46650000,1
1754389080000,1754389139000,1.38068,1.38073,1.38062,1.38072,57870000,1
1754389140000,1754389199000,1.38072,1.3808,1.38072,1.38078,58680000,1
1754389200000,1754389259000,1.38079,1.38088,1.38077,1.38084,91530000,1
1754389260000,1754389319000,1.38084,1.38087,1.38079,1.38079,76800000,1
1754389320000,1754389379000,1.38079,1.38088,1.38078,1.38079,90750000,1
1754389380000,1754389439000,1.38079,1.3808,1.38072,1.38075,87600000,1
1754389440000,1754389499000,1.38074,1.38082,1.38074,1.38079,104430000,1
1754389500000,1754389559000,1.38078,1.3808,1.38076,1.38076,104250000,1
1754389560000,1754389619000,1.38078,1.38079,1.38072,1.38072,71550000,1
1754389620000,1754389679000,1.38077,1.38089,1.38072,1.38072,88740000,1
1754389680000,1754389739000,1.38072,1.38081,1.38069,1.3808,126510000,1
1754389740000,1754389799000,1.3808,1.38091,1.3808,1.3809,75870000,1
1754389800000,1754389859000,1.38088,1.38091,1.38076,1.38078,78510000,1
1754389860000,1754389919000,1.38077,1.38088,1.38077,1.38088,69000000,1
1754389920000,1754389979000,1.38089,1.38089,1.38084,1.38086,36750000,1
1754389980000,1754390039000,1.38087,1.38089,1.38084,1.38084,31050000,1
1754390040000,1754390099000,1.38084,1.38084,1.38068,1.38069,58500000,1
1754390100000,1754390159000,1.38071,1.38074,1.38064,1.38065,39900000,1
1754390160000,1754390219000,1.38063,1.38065,1.38062,1.38065,14850000,1
1754390220000,1754390279000,1.38065,1.38065,1.38055,1.38056,52500000,1
1754390280000,1754390339000,1.38059,1.38059,1.38051,1.38053,64050000,1
1754390340000,1754390399000,1.38053,1.38053,1.38052,1.38052,21450000,1
1754390400000,1754390459000,1.38052,1.38053,1.38052,1.38053,72300000,1
1754390460000,1754390519000,1.38052,1.3806,1.38052,1.38054,69300000,1
1754390520000,1754390579000,1.38052,1.38053,1.38052,1.38052,40950000,1
1754390580000,1754390639000,1.38052,1.38054,1.38049,1.38051,76140000,1
1754390640000,1754390699000,1.38051,1.38055,1.38042,1.38043,58050000,1
1754390700000,1754390759000,1.38043,1.38043,1.38035,1.38035,77100000,1
1754390760000,1754390819000,1.38037,1.38045,1.38037,1.38043,115740000,1
1754390820000,1754390879000,1.38044,1.38045,1.38041,1.38042,48900000,1
1754390880000,1754390939000,1.38043,1.38043,1.38037,1.3804,80850000,1
1754390940000,1754390999000,1.3804,1.38044,1.3804,1.38043,52650000,1
1754391000000,1754391059000,1.38043,1.38054,1.38042,1.38054,65160000,1
1754391060000,1754391119000,1.38053,1.38053,1.38035,1.38038,73230000,1
1754391120000,1754391179000,1.38037,1.38043,1.38036,1.38042,39150000,1
1754391180000,1754391239000,1.38042,1.38043,1.38034,1.38035,74370000,1
1754391240000,1754391299000,1.38035,1.38039,1.38034,1.38034,18810000,1
1754391300000,1754391359000,1.38034,1.38035,1.38033,1.38034,28950000,1
1754391360000,1754391419000,1.38035,1.38041,1.38035,1.38039,68250000,1
1754391420000,1754391479000,1.38039,1.38043,1.38035,1.38043,95550000,1
1754391480000,1754391539000,1.38042,1.38043,1.38035,1.38036,92250000,1
1754391540000,1754391599000,1.38034,1.38039,1.38034,1.38039,45900000,1
1754391600000,1754391659000,1.38039,1.38047,1.38039,1.38043,106950000,1
1754391660000,1754391719000,1.38042,1.38048,1.38037,1.38044,68100000,1
1754391720000,1754391779000,1.38042,1.38046,1.38037,1.38044,38550000,1
1754391780000,1754391839000,1.38043,1.38049,1.3804,1.38048,55200000,1
1754391840000,1754391899000,1.38048,1.38054,1.38047,1.38051,43800000,1
1754391900000,1754391959000,1.38051,1.38057,1.38041,1.38041,76500000,1
1754391960000,1754392019000,1.3804,1.3804,1.38036,1.38039,68850000,1
1754392020000,1754392079000,1.38039,1.38043,1.38039,1.38041,56100000,1
1754392080000,1754392139000,1.38043,1.38043,1.38038,1.38039,87480000,1
1754392140000,1754392199000,1.3804,1.38052,1.3804,1.38049,83550000,1
1754392200000,1754392259000,1.38049,1.3805,1.38042,1.38049,82380000,1
1754392260000,1754392319000,1.38049,1.38052,1.38047,1.3805,85500000,1
1754392320000,1754392379000,1.38051,1.38062,1.38049,1.38059,39300000,1
1754392380000,1754392439000,1.38059,1.38068,1.38059,1.38068,76680000,1
1754392440000,1754392499000,1.38068,1.3807,1.3806,1.38061,55050000,1
1754392500000,1754392559000,1.3806,1.38064,1.38057,1.38063,71040000,1
1754392560000,1754392619000,1.38063,1.38067,1.3806,1.38062,55590000,1
1754392620000,1754392679000,1.38063,1.38064,1.3804,1.3804,82950000,1
1754392680000,1754392739000,1.3804,1.38044,1.38038,1.38038,78120000,1
1754392740000,1754392799000,1.38038,1.38038,1.38025,1.38026,92160000,1
1754392800000,1754392859000,1.38025,1.38025,1.38003,1.38006,90180000,1
1754392860000,1754392919000,1.38005,1.38005,1.37991,1.37994,72810000,1
1754392920000,1754392979000,1.37993,1.37995,1.37986,1.37986,116250000,1
1754392980000,1754393039000,1.37987,1.37987,1.37975,1.37984,88260000,1
1754393040000,1754393099000,1.37984,1.37984,1.37974,1.37981,109230000,1
1754393100000,1754393159000,1.3798,1.37992,1.37976,1.37987,83430000,1
1754393160000,1754393219000,1.37989,1.37997,1.37989,1.37995,25350000,1
1754393220000,1754393279000,1.37995,1.38,1.37993,1.37995,46440000,1
1754393280000,1754393339000,1.37996,1.38001,1.37991,1.37992,41250000,1
1754393340000,1754393399000,1.37993,1.37994,1.37988,1.37991,61440000,1
1754393400000,1754393459000,1.37991,1.38025,1.37991,1.38022,69330000,1
1754393460000,1754393519000,1.38023,1.38043,1.38023,1.38041,66930000,1
1754393520000,1754393579000,1.38041,1.38041,1.38029,1.38033,61950000,1
1754393580000,1754393639000,1.38033,1.38034,1.3802,1.38021,49380000,1
1754393640000,1754393699000,1.38021,1.38036,1.38021,1.38026,71190000,1
1754393700000,1754393759000,1.38027,1.3803,1.38018,1.38018,32400000,1
1754393760000,1754393819000,1.38019,1.38053,1.38019,1.3805,97680000,1
1754393820000,1754393879000,1.38052,1.38067,1.38051,1.38064,89550000,1
1754393880000,1754393939000,1.38065,1.3809,1.38064,1.38088,96000000,1
1754393940000,1754393999000,1.38087,1.38099,1.38085,1.38087,118350000,1
1754394000000,1754394059000,1.38089,1.38094,1.38081,1.38083,97050000,1
1754394060000,1754394119000,1.38083,1.38087,1.38076,1.38076,119250000,1
1754394120000,1754394179000,1.38077,1.38077,1.38043,1.38043,175740000,1
1754394180000,1754394239000,1.38044,1.38054,1.38042,1.38051,75540000,1
1754394240000,1754394299000,1.3805,1.38053,1.38046,1.38051,79200000,1
1754394300000,1754394359000,1.38051,1.38053,1.38039,1.38041,77580000,1
1754394360000,1754394419000,1.38043,1.38045,1.38041,1.38045,37500000,1
1754394420000,1754394479000,1.38045,1.38056,1.38042,1.38042,33210000,1
1754394480000,1754394539000,1.38041,1.3805,1.38011,1.38013,81150000,1
1754394540000,1754394599000,1.38012,1.38013,1.37973,1.37973,192540000,1
1754394600000,1754394659000,1.37973,1.37976,1.37946,1.37957,243990000,1
1754394660000,1754394719000,1.37957,1.3796,1.37951,1.37952,163890000,1
1754394720000,1754394779000,1.37952,1.37997,1.37952,1.37992,140730000,1
1754394780000,1754394839000,1.37993,1.37993,1.37964,1.37964,215700000,1
1754394840000,1754394899000,1.37964,1.37986,1.37962,1.37982,66120000,1
1754394900000,1754394959000,1.37982,1.37992,1.37976,1.37982,101940000,1
1754394960000,1754395019000,1.37982,1.37993,1.37981,1.37992,102420000,1
1754395020000,1754395079000,1.37992,1.38001,1.37983,1.37989,222390000,1
1754395080000,1754395139000,1.37987,1.37996,1.37986,1.3799,53760000,1
1754395140000,1754395199000,1.3799,1.3799,1.37969,1.37969,139740000,1
1754395200000,1754395259000,1.37969,1.37994,1.37969,1.37983,124170000,1
1754395260000,1754395319000,1.37983,1.37991,1.37981,1.37982,78810000,1
1754395320000,1754395379000,1.37979,1.3798,1.37961,1.37968,49500000,1
1754395380000,1754395439000,1.3797,1.37975,1.37964,1.37973,52200000,1
1754395440000,1754395499000,1.37975,1.37989,1.37975,1.37979,33600000,1
1754395500000,1754395559000,1.37979,1.37982,1.37965,1.37965,48600000,1
1754395560000,1754395619000,1.37964,1.37966,1.37953,1.37953,54600000,1
1754395620000,1754395679000,1.37951,1.37959,1.37942,1.37942,71100000,1
1754395680000,1754395739000,1.37943,1.37944,1.37929,1.37942,118500000,1
1754395740000,1754395799000,1.37941,1.37946,1.37929,1.37946,79500000,1
1754395800000,1754395859000,1.37945,1.37968,1.37945,1.37961,115500000,1
1754395860000,1754395919000,1.37969,1.37977,1.37949,1.37955,123600000,1
1754395920000,1754395979000,1.37955,1.37995,1.37954,1.37986,118200000,1
1754395980000,1754396039000,1.37986,1.38003,1.37983,1.37997,53640000,1
1754396040000,1754396099000,1.37997,1.37997,1.37981,1.37995,99090000,1
1754396100000,1754396159000,1.37994,1.38013,1.37989,1.38008,112920000,1
1754396160000,1754396219000,1.38007,1.38014,1.37995,1.37996,110160000,1
1754396220000,1754396279000,1.37997,1.38006,1.37996,1.38004,86250000,1
1754396280000,1754396339000,1.38003,1.38031,1.37992,1.38004,158520000,1
1754396340000,1754396399000,1.38003,1.38012,1.37957,1.37974,231150000,1
1754396400000,1754396459000,1.37973,1.3799,1.37961,1.37986,248760000,1
1754396460000,1754396519000,1.37987,1.38005,1.3798,1.37988,168040000,1
1754396520000,1754396579000,1.37989,1.37999,1.37986,1.37988,145290000,1
1754396580000,1754396639000,1.37988,1.3801,1.37988,1.37996,117000000,1
1754396640000,1754396699000,1.37997,1.38008,1.37993,1.38004,73800000,1
1754396700000,1754396759000,1.38004,1.38012,1.37992,1.37995,78000000,1
1754396760000,1754396819000,1.37994,1.38013,1.3799,1.38013,88800000,1
1754396820000,1754396879000,1.38014,1.3803,1.38013,1.38028,65070000,1
1754396880000,1754396939000,1.38027,1.38038,1.38027,1.38037,43200000,1
1754396940000,1754396999000,1.38038,1.38039,1.38024,1.38024,65100000,1
1754397000000,1754397059000,1.38026,1.38057,1.38024,1.38051,118770000,1
1754397060000,1754397119000,1.38046,1.3806,1.38034,1.38059,94140000,1
1754397120000,1754397179000,1.38058,1.38059,1.38005,1.38012,181140000,1
1754397180000,1754397239000,1.38011,1.38012,1.37987,1.37989,159600000,1
1754397240000,1754397299000,1.37991,1.38003,1.37987,1.37993,106650000,1
1754397300000,1754397359000,1.37994,1.37996,1.37969,1.37971,138570000,1
1754397360000,1754397419000,1.37971,1.37972,1.37934,1.37937,244950000,1
1754397420000,1754397479000,1.37937,1.37942,1.37927,1.37941,143310000,1
1754397480000,1754397539000,1.37941,1.37955,1.37941,1.37955,142080000,1
1754397540000,1754397599000,1.37954,1.37962,1.37946,1.37946,150270000,1
1754397600000,1754397659000,1.37946,1.37985,1.37945,1.37983,118110000,1
1754397660000,1754397719000,1.37984,1.37986,1.37973,1.37973,94650000,1
1754397720000,1754397779000,1.37973,1.37974,1.37944,1.37944,75300000,1
1754397780000,1754397839000,1.37945,1.37957,1.37937,1.37941,77550000,1
1754397840000,1754397899000,1.37941,1.37945,1.37926,1.37936,157770000,1
1754397900000,1754397959000,1.37936,1.37945,1.37934,1.37939,76530000,1
1754397960000,1754398019000,1.37939,1.37939,1.37924,1.37924,86760000,1
1754398020000,1754398079000,1.37924,1.37929,1.37912,1.37916,95340000,1
1754398080000,1754398139000,1.37916,1.37934,1.37914,1.37926,85650000,1
1754398140000,1754398199000,1.37924,1.37934,1.37906,1.3791,108690000,1
1754398200000,1754398259000,1.3791,1.37957,1.3791,1.37954,163890000,1
1754398260000,1754398319000,1.37956,1.37972,1.37954,1.3797,119730000,1
1754398320000,1754398379000,1.37972,1.37991,1.37967,1.3799,95280000,1
1754398380000,1754398439000,1.3799,1.3799,1.37943,1.37977,197190000,1
1754398440000,1754398499000,1.37978,1.37997,1.37976,1.37996,104190000,1
1754398500000,1754398559000,1.37995,1.37995,1.3798,1.3799,109140000,1
1754398560000,1754398619000,1.3799,1.37995,1.37986,1.37989,88150000,1
1754398620000,1754398679000,1.37988,1.37995,1.37974,1.3798,134740000,1
1754398680000,1754398739000,1.37979,1.37996,1.37977,1.37984,90450000,1
1754398740000,1754398799000,1.37985,1.37992,1.37971,1.37973,93450000,1
1754398800000,1754398859000,1.37972,1.37973,1.37961,1.37964,232260000,1
1754398860000,1754398919000,1.37964,1.37965,1.37948,1.37953,106290000,1
1754398920000,1754398979000,1.37952,1.37964,1.37952,1.37957,83190000,1
1754398980000,1754399039000,1.37958,1.37967,1.37947,1.37956,125190000,1
1754399040000,1754399099000,1.37956,1.37973,1.37956,1.37969,109350000,1
1754399100000,1754399159000,1.37969,1.37986,1.37969,1.37986,76200000,1
1754399160000,1754399219000,1.37985,1.37991,1.37971,1.37972,71460000,1
1754399220000,1754399279000,1.37972,1.37993,1.37972,1.37975,67200000,1
1754399280000,1754399339000,1.37974,1.3798,1.37971,1.37979,82500000,1
1754399340000,1754399399000,1.37979,1.37987,1.37975,1.37987,104700000,1
1754399400000,1754399459000,1.37989,1.3799,1.37972,1.37973,112860000,1
1754399460000,1754399519000,1.37973,1.37973,1.37952,1.37959,105240000,1
1754399520000,1754399579000,1.37961,1.37965,1.37951,1.37963,203640000,1
1754399580000,1754399639000,1.37962,1.37967,1.37951,1.37959,164580000,1
1754399640000,1754399699000,1.37958,1.37969,1.37951,1.37954,85620000,1
1754399700000,1754399759000,1.37952,1.37961,1.37952,1.37957,75750000,1
1754399760000,1754399819000,1.37958,1.37962,1.37897,1.37897,191790000,1
1754399820000,1754399879000,1.37897,1.37927,1.37896,1.37924,81300000,1
1754399880000,1754399939000,1.37924,1.37945,1.37922,1.37945,197220000,1
1754399940000,1754399999000,1.37945,1.37954,1.37933,1.37954,63780000,1
1754400000000,1754400059000,1.37956,1.37958,1.37951,1.37953,44550000,1
1754400060000,1754400119000,1.3795,1.3795,1.37923,1.37925,122160000,1
1754400120000,1754400179000,1.37924,1.37935,1.37917,1.37935,108270000,1
1754400180000,1754400239000,1.37934,1.37934,1.37911,1.37914,175470000,1
1754400240000,1754400299000,1.37915,1.37926,1.37914,1.37926,134760000,1
1754400300000,1754400359000,1.37925,1.37932,1.37915,1.37919,85620000,1
1754400360000,1754400419000,1.37917,1.37924,1.37914,1.37917,43950000,1
1754400420000,1754400479000,1.37919,1.37919,1.37908,1.37915,87810000,1
1754400480000,1754400539000,1.37916,1.3792,1.37915,1.37918,52350000,1
1754400540000,1754400599000,1.37918,1.37918,1.37906,1.37912,91050000,1
1754400600000,1754400659000,1.37911,1.37921,1.3789,1.37894,192120000,1
1754400660000,1754400719000,1.37894,1.37899,1.37887,1.37895,228450000,1
1754400720000,1754400779000,1.37892,1.37894,1.37877,1.3789,127980000,1
1754400780000,1754400839000,1.37888,1.37902,1.37886,1.37888,168450000,1
1754400840000,1754400899000,1.37888,1.37888,1.37859,1.37859,181650000,1
1754400900000,1754400959000,1.37857,1.3787,1.37849,1.3786,136680000,1
1754400960000,1754401019000,1.37861,1.3787,1.37848,1.37848,143700000,1
1754401020000,1754401079000,1.37848,1.37866,1.37845,1.37861,173040000,1
1754401080000,1754401139000,1.3786,1.37868,1.37843,1.37851,233550000,1
1754401140000,1754401199000,1.37854,1.3786,1.37801,1.37811,231960000,1
1754401200000,1754401259000,1.37814,1.37821,1.37798,1.37808,167100000,1
1754401260000,1754401319000,1.37809,1.37813,1.37803,1.37805,114570000,1
1754401320000,1754401379000,1.37806,1.37822,1.37804,1.37815,126780000,1
1754401380000,1754401439000,1.37815,1.37837,1.37812,1.37826,95580000,1
1754401440000,1754401499000,1.37826,1.37827,1.37795,1.37811,132420000,1
1754401500000,1754401559000,1.37812,1.37834,1.37807,1.37833,141180000,1
1754401560000,1754401619000,1.37839,1.37852,1.37839,1.37848,115200000,1
1754401620000,1754401679000,1.3785,1.3785,1.37831,1.37831,78450000,1
1754401680000,1754401739000,1.3783,1.37837,1.37802,1.37812,133890000,1
1754401740000,1754401799000,1.37814,1.37833,1.37812,1.37826,187530000,1
1754401800000,1754401859000,1.37823,1.37898,1.37823,1.37895,183450000,1
1754401860000,1754401919000,1.37893,1.37912,1.37876,1.379,154800000,1
1754401920000,1754401979000,1.379,1.37903,1.37887,1.37887,129000000,1
1754401980000,1754402039000,1.37887,1.37889,1.37877,1.37883,144180000,1
1754402040000,1754402099000,1.37882,1.37898,1.37877,1.37885,172740000,1
1754402100000,1754402159000,1.37885,1.37896,1.37865,1.37886,196380000,1
1754402160000,1754402219000,1.37886,1.37888,1.37872,1.37888,130080000,1
1754402220000,1754402279000,1.37888,1.37888,1.37884,1.37884,50040000,1
1754402280000,1754402339000,1.37884,1.37889,1.37875,1.37875,58920000,1
1754402340000,1754402399000,1.37876,1.37876,1.37839,1.37839,168910000,1
1754402400000,1754402459000,1.37815,1.37816,1.37696,1.37761,503010000,1
1754402460000,1754402519000,1.37763,1.37823,1.37763,1.37804,284010000,1
1754402520000,1754402579000,1.37805,1.37837,1.37781,1.37837,293160000,1
1754402580000,1754402639000,1.37839,1.37863,1.37819,1.37832,400800000,1
1754402640000,1754402699000,1.37831,1.37856,1.3783,1.37852,191460000,1
1754402700000,1754402759000,1.37853,1.37903,1.37852,1.37877,271680000,1
1754402760000,1754402819000,1.37878,1.37911,1.37857,1.37861,282720000,1
1754402820000,1754402879000,1.3786,1.37866,1.37832,1.37846,195810000,1
1754402880000,1754402939000,1.37844,1.37852,1.37811,1.3784,301320000,1
1754402940000,1754402999000,1.37841,1.37844,1.3782,1.37823,207210000,1
1754403000000,1754403059000,1.37825,1.37863,1.37825,1.37859,251700000,1
1754403060000,1754403119000,1.37861,1.37861,1.3784,1.37843,166260000,1
1754403120000,1754403179000,1.37846,1.37866,1.37845,1.37861,150900000,1
1754403180000,1754403239000,1.37859,1.37868,1.3785,1.37852,197190000,1
1754403240000,1754403299000,1.37853,1.37887,1.3785,1.37878,214170000,1
1754403300000,1754403359000,1.37876,1.37876,1.37847,1.37868,177300000,1
1754403360000,1754403419000,1.37866,1.37866,1.37822,1.3783,217140000,1
1754403420000,1754403479000,1.3783,1.37865,1.3783,1.3785,134460000,1
1754403480000,1754403539000,1.37851,1.37861,1.37842,1.37859,122280000,1
1754403540000,1754403599000,1.37857,1.37868,1.37844,1.37867,184470000,1
1754403600000,1754403659000,1.37867,1.37888,1.37862,1.37877,133110000,1
1754403660000,1754403719000,1.37878,1.3791,1.37878,1.37907,132240000,1
1754403720000,1754403779000,1.37908,1.37938,1.379,1.37919,177030000,1
1754403780000,1754403839000,1.3792,1.37923,1.37894,1.37898,184410000,1
1754403840000,1754403899000,1.37897,1.37905,1.37883,1.37889,190020000,1
1754403900000,1754403959000,1.37887,1.37889,1.37872,1.3788,158880000,1
1754403960000,1754404019000,1.37879,1.37882,1.37871,1.37882,124290000,1
1754404020000,1754404079000,1.37879,1.37882,1.37866,1.37881,123840000,1
1754404080000,1754404139000,1.37881,1.37901,1.37877,1.37878,182670000,1
1754404140000,1754404199000,1.37879,1.37901,1.37878,1.3789,173310000,1
1754404200000,1754404259000,1.37892,1.37924,1.37892,1.37907,189870000,1
1754404260000,1754404319000,1.37907,1.37939,1.37906,1.37933,222900000,1
1754404320000,1754404379000,1.37933,1.37935,1.37908,1.37925,209040000,1
1754404380000,1754404439000,1.37923,1.37928,1.37915,1.37924,149580000,1
1754404440000,1754404499000,1.37923,1.37938,1.37918,1.37937,167910000,1
1754404500000,1754404559000,1.37937,1.37937,1.37915,1.37927,99660000,1
1754404560000,1754404619000,1.37927,1.37952,1.37924,1.37929,151710000,1
1754404620000,1754404679000,1.37929,1.3794,1.37926,1.37929,157140000,1
1754404680000,1754404739000,1.37929,1.3793,1.37907,1.37907,69120000,1
1754404740000,1754404799000,1.37908,1.37911,1.37898,1.37898,150360000,1
1754404800000,1754404859000,1.37897,1.37898,1.3787,1.37888,210540000,1
1754404860000,1754404919000,1.37888,1.37889,1.37856,1.37868,221010000,1
1754404920000,1754404979000,1.37868,1.37871,1.37842,1.37842,280620000,1
1754404980000,1754405039000,1.37844,1.37851,1.37825,1.37825,242340000,1
1754405040000,1754405099000,1.37826,1.37833,1.37817,1.37822,145590000,1
1754405100000,1754405159000,1.37822,1.37852,1.3782,1.3785,97140000,1
1754405160000,1754405219000,1.37851,1.37867,1.3785,1.3786,173160000,1
1754405220000,1754405279000,1.37861,1.3787,1.37853,1.37862,236370000,1
1754405280000,1754405339000,1.37861,1.3789,1.37861,1.37887,209790000,1
1754405340000,1754405399000,1.37889,1.37907,1.37886,1.37905,160470000,1
1754405400000,1754405459000,1.37905,1.37921,1.37904,1.37916,267330000,1
1754405460000,1754405519000,1.37918,1.37927,1.37912,1.37924,218400000,1
1754405520000,1754405579000,1.37922,1.37922,1.37885,1.37887,191910000,1
1754405580000,1754405639000,1.37887,1.37888,1.3785,1.37858,392240000,1
1754405640000,1754405699000,1.37858,1.37859,1.3784,1.37845,255030000,1
1754405700000,1754405759000,1.37847,1.37891,1.37838,1.37866,340080000,1
1754405760000,1754405819000,1.37868,1.37878,1.37848,1.37851,332640000,1
1754405820000,1754405879000,1.37852,1.37858,1.37833,1.3784,429090000,1
1754405880000,1754405939000,1.37841,1.37846,1.37837,1.37842,380190000,1
1754405940000,1754405999000,1.37842,1.37857,1.37839,1.37857,244300000,1
1754406000000,1754406059000,1.37858,1.37862,1.3784,1.37845,320100000,1
1754406060000,1754406119000,1.37847,1.3785,1.37836,1.37842,293400000,1
1754406120000,1754406179000,1.37843,1.37871,1.3784,1.37871,178320000,1
1754406180000,1754406239000,1.37871,1.37886,1.37864,1.37869,134230000,1
1754406240000,1754406299000,1.37869,1.37869,1.37842,1.37859,172290000,1
1754406300000,1754406359000,1.37859,1.37859,1.37805,1.37806,247920000,1
1754406360000,1754406419000,1.37807,1.37807,1.37781,1.37785,305680000,1
1754406420000,1754406479000,1.37785,1.37803,1.37781,1.37793,123690000,1
1754406480000,1754406539000,1.37795,1.37796,1.37783,1.37795,134520000,1
1754406540000,1754406599000,1.37796,1.3781,1.37792,1.37795,119250000,1
1754406600000,1754406659000,1.37796,1.37811,1.37792,1.37801,164400000,1
1754406660000,1754406719000,1.378,1.37828,1.378,1.37817,117150000,1
1754406720000,1754406779000,1.37816,1.37817,1.37798,1.37816,99900000,1
1754406780000,1754406839000,1.37815,1.37815,1.37794,1.37811,152070000,1
1754406840000,1754406899000,1.37812,1.37816,1.37806,1.37814,87300000,1
1754406900000,1754406959000,1.37809,1.37826,1.37808,1.3782,125070000,1
1754406960000,1754407019000,1.3782,1.3782,1.37807,1.37813,144540000,1
1754407020000,1754407079000,1.37813,1.37821,1.37813,1.37816,77250000,1
1754407080000,1754407139000,1.37817,1.37835,1.37815,1.37821,85050000,1
1754407140000,1754407199000,1.37821,1.37822,1.37792,1.37794,102450000,1
1754407200000,1754407259000,1.37794,1.37807,1.37776,1.37776,99210000,1
1754407260000,1754407319000,1.37777,1.37803,1.37765,1.37799,195030000,1
1754407320000,1754407379000,1.378,1.37806,1.37794,1.37805,102780000,1
1754407380000,1754407439000,1.37805,1.37826,1.37805,1.37824,77250000,1
1754407440000,1754407499000,1.37827,1.3785,1.37825,1.37849,123240000,1
1754407500000,1754407559000,1.3785,1.37853,1.37824,1.3783,132420000,1
1754407560000,1754407619000,1.3783,1.37841,1.3783,1.37841,83760000,1
1754407620000,1754407679000,1.37842,1.37845,1.37831,1.37843,89700000,1
1754407680000,1754407739000,1.37842,1.37843,1.37825,1.37825,83850000,1
1754407740000,1754407799000,1.37825,1.37827,1.37815,1.37825,90030000,1
1754407800000,1754407859000,1.37824,1.37837,1.37819,1.37833,106290000,1
1754407860000,1754407919000,1.37833,1.37833,1.37804,1.37806,125520000,1
1754407920000,1754407979000,1.37806,1.37852,1.37806,1.37851,150120000,1
1754407980000,1754408039000,1.3785,1.37862,1.37841,1.37846,207420000,1
1754408040000,1754408099000,1.37847,1.37859,1.37847,1.37852,81570000,1
1754408100000,1754408159000,1.37852,1.37854,1.3783,1.37832,102750000,1
1754408160000,1754408219000,1.37839,1.37848,1.37833,1.37834,97350000,1
1754408220000,1754408279000,1.37832,1.37845,1.37831,1.37833,78360000,1
1754408280000,1754408339000,1.37835,1.37835,1.37823,1.37825,60810000,1
1754408340000,1754408399000,1.37826,1.3784,1.37826,1.3784,37590000,1
1754408400000,1754408459000,1.3784,1.37844,1.3781,1.37821,164010000,1
1754408460000,1754408519000,1.37821,1.37856,1.37817,1.37853,119700000,1
1754408520000,1754408579000,1.37852,1.37852,1.37835,1.37851,57270000,1
1754408580000,1754408639000,1.37853,1.37855,1.37844,1.37844,44100000,1
1754408640000,1754408699000,1.37843,1.37845,1.37815,1.37816,72270000,1
1754408700000,1754408759000,1.37816,1.37816,1.37794,1.37804,73080000,1
1754408760000,1754408819000,1.37807,1.37823,1.37806,1.3782,68700000,1
1754408820000,1754408879000,1.37819,1.37834,1.37816,1.37825,68250000,1
1754408880000,1754408939000,1.37826,1.37843,1.37824,1.37834,92850000,1
1754408940000,1754408999000,1.37834,1.37835,1.37824,1.37832,58500000,1
1754409000000,1754409059000,1.37832,1.37851,1.37832,1.37833,97950000,1
1754409060000,1754409119000,1.3783,1.37833,1.37817,1.37817,90600000,1
1754409120000,1754409179000,1.37817,1.3783,1.37817,1.37826,81150000,1
1754409180000,1754409239000,1.37827,1.37827,1.37817,1.37824,85950000,1
1754409240000,1754409299000,1.37824,1.37832,1.37823,1.37831,66600000,1
1754409300000,1754409359000,1.37831,1.37844,1.37831,1.37833,97980000,1
1754409360000,1754409419000,1.37833,1.37835,1.37813,1.37819,90240000,1
1754409420000,1754409479000,1.37821,1.37822,1.37802,1.37808,98280000,1
1754409480000,1754409539000,1.37807,1.37816,1.37803,1.37816,87750000,1
1754409540000,1754409599000,1.37815,1.37817,1.37796,1.37804,95310000,1
1754409600000,1754409659000,1.37801,1.37805,1.37775,1.37793,162450000,1
1754409660000,1754409719000,1.37793,1.37798,1.37781,1.37788,138210000,1
1754409720000,1754409779000,1.37787,1.37797,1.37779,1.37779,93840000,1
1754409780000,1754409839000,1.37779,1.37813,1.37778,1.37811,110100000,1
1754409840000,1754409899000,1.37812,1.37822,1.37806,1.37808,138360000,1
1754409900000,1754409959000,1.37811,1.37817,1.37799,1.37802,141480000,1
1754409960000,1754410019000,1.37802,1.37802,1.37765,1.37765,104580000,1
1754410020000,1754410079000,1.37762,1.37765,1.37753,1.37762,126750000,1
1754410080000,1754410139000,1.37763,1.37775,1.37756,1.37775,85140000,1
1754410140000,1754410199000,1.37776,1.37776,1.37764,1.37776,89430000,1
1754410200000,1754410259000,1.37773,1.37774,1.37753,1.37754,117150000,1
1754410260000,1754410319000,1.37754,1.37766,1.37745,1.37766,107910000,1
1754410320000,1754410379000,1.37765,1.37773,1.37754,1.37755,107940000,1
1754410380000,1754410439000,1.37755,1.37764,1.37755,1.37756,92700000,1
1754410440000,1754410499000,1.37756,1.37765,1.37754,1.37758,77910000,1
1754410500000,1754410559000,1.37758,1.37758,1.37746,1.37749,80580000,1
1754410560000,1754410619000,1.37747,1.37767,1.37747,1.37766,72000000,1
1754410620000,1754410679000,1.37767,1.37789,1.37767,1.37781,92790000,1
1754410680000,1754410739000,1.3778,1.37796,1.37779,1.37795,87240000,1
1754410740000,1754410799000,1.37797,1.37802,1.37792,1.37795,110760000,1
1754410800000,1754410859000,1.37794,1.37796,1.37776,1.37776,99660000,1
1754410860000,1754410919000,1.37775,1.37776,1.37756,1.37763,94140000,1
1754410920000,1754410979000,1.37763,1.37767,1.37755,1.37766,54960000,1
1754410980000,1754411039000,1.37764,1.37772,1.37763,1.37767,41430000,1
1754411040000,1754411099000,1.37766,1.37774,1.37766,1.37772,45060000,1
1754411100000,1754411159000,1.37772,1.37773,1.37756,1.37767,144480000,1
1754411160000,1754411219000,1.37766,1.37779,1.37761,1.37763,128520000,1
1754411220000,1754411279000,1.37763,1.37775,1.37758,1.37775,180780000,1
1754411280000,1754411339000,1.37776,1.3778,1.37763,1.37765,61620000,1
1754411340000,1754411399000,1.37764,1.37776,1.37763,1.37763,91140000,1
1754411400000,1754411459000,1.37765,1.37768,1.37718,1.37762,222450000,1
1754411460000,1754411519000,1.37763,1.37775,1.37754,1.37754,119640000,1
1754411520000,1754411579000,1.37755,1.37782,1.37755,1.37776,76140000,1
1754411580000,1754411639000,1.37777,1.37779,1.37768,1.37773,80400000,1
1754411640000,1754411699000,1.37771,1.37773,1.37767,1.37771,87000000,1
1754411700000,1754411759000,1.37772,1.37785,1.37768,1.37785,78900000,1
1754411760000,1754411819000,1.37786,1.37787,1.37768,1.37785,115710000,1
1754411820000,1754411879000,1.37785,1.37787,1.37777,1.37777,66450000,1
1754411880000,1754411939000,1.37776,1.37777,1.37765,1.37777,85590000,1
1754411940000,1754411999000,1.37777,1.37784,1.37772,1.37784,112140000,1
1754412000000,1754412059000,1.37784,1.37804,1.37783,1.37801,80400000,1
1754412060000,1754412119000,1.378,1.37811,1.37799,1.37811,74010000,1
1754412120000,1754412179000,1.3781,1.3781,1.37801,1.37802,89610000,1
1754412180000,1754412239000,1.37803,1.37807,1.37794,1.37805,76050000,1
1754412240000,1754412299000,1.37803,1.37828,1.37802,1.37825,114750000,1
1754412300000,1754412359000,1.37824,1.37824,1.37815,1.37822,56400000,1
1754412360000,1754412419000,1.37822,1.37826,1.37819,1.37826,89730000,1
1754412420000,1754412479000,1.37824,1.37828,1.37819,1.37821,85470000,1
1754412480000,1754412539000,1.3782,1.37821,1.37795,1.37795,104970000,1
1754412540000,1754412599000,1.37798,1.37803,1.37785,1.37791,70680000,1
1754412600000,1754412659000,1.3779,1.37791,1.37777,1.37777,75990000,1
1754412660000,1754412719000,1.37777,1.37783,1.37762,1.37762,123210000,1
1754412720000,1754412779000,1.37762,1.37781,1.37762,1.3778,156180000,1
1754412780000,1754412839000,1.37781,1.3779,1.37778,1.37789,147930000,1
1754412840000,1754412899000,1.37788,1.3779,1.37781,1.37782,77730000,1
1754412900000,1754412959000,1.37782,1.37783,1.37776,1.37782,76050000,1
1754412960000,1754413019000,1.37781,1.37784,1.37768,1.37774,111330000,1
1754413020000,1754413079000,1.37773,1.37781,1.37773,1.37778,75330000,1
1754413080000,1754413139000,1.37778,1.37779,1.37773,1.37773,107490000,1
1754413140000,1754413199000,1.37774,1.37779,1.37773,1.37775,64950000,1
1754413200000,1754413259000,1.37779,1.37783,1.37773,1.37774,49080000,1
1754413260000,1754413319000,1.37774,1.37776,1.37774,1.37774,32850000,1
1754413320000,1754413379000,1.37774,1.37793,1.37774,1.37788,123450000,1
1754413380000,1754413439000,1.37789,1.37801,1.37789,1.37801,35850000,1
1754413440000,1754413499000,1.37801,1.37803,1.3779,1.3779,73380000,1
1754413500000,1754413559000,1.37791,1.37802,1.37784,1.37795,99570000,1
1754413560000,1754413619000,1.37795,1.37795,1.37783,1.37784,55860000,1
1754413620000,1754413679000,1.37784,1.37785,1.37776,1.37776,45600000,1
1754413680000,1754413739000,1.37776,1.37787,1.37776,1.37781,37050000,1
1754413740000,1754413799000,1.37781,1.37781,1.37773,1.37774,55050000,1
1754413800000,1754413859000,1.37776,1.37777,1.37768,1.37775,72960000,1
1754413860000,1754413919000,1.37774,1.37775,1.37766,1.37773,47820000,1
1754413920000,1754413979000,1.37774,1.37782,1.37773,1.37781,51030000,1
1754413980000,1754414039000,1.37781,1.37791,1.37781,1.37791,44130000,1
1754414040000,1754414099000,1.37792,1.37793,1.37781,1.37782,31350000,1
1754414100000,1754414159000,1.37781,1.37787,1.3778,1.37785,102450000,1
1754414160000,1754414219000,1.37786,1.37792,1.37781,1.37782,44400000,1
1754414220000,1754414279000,1.37782,1.37782,1.37769,1.37769,47880000,1
1754414280000,1754414339000,1.37769,1.37772,1.37766,1.37766,38010000,1
1754414340000,1754414399000,1.37765,1.37771,1.37765,1.37766,35700000,1
1754414400000,1754414459000,1.37768,1.37775,1.37746,1.37746,79530000,1
1754414460000,1754414519000,1.37748,1.37748,1.37744,1.37746,31350000,1
1754414520000,1754414579000,1.37745,1.37751,1.37743,1.37751,55800000,1
1754414580000,1754414639000,1.3775,1.3775,1.37743,1.37745,69900000,1
1754414640000,1754414699000,1.37745,1.3775,1.37736,1.37745,57600000,1
1754414700000,1754414759000,1.37744,1.37745,1.37737,1.37743,60840000,1
1754414760000,1754414819000,1.37743,1.37744,1.37736,1.37736,52500000,1
1754414820000,1754414879000,1.37739,1.37739,1.37733,1.37736,53400000,1
1754414880000,1754414939000,1.37737,1.37737,1.37727,1.37734,82590000,1
1754414940000,1754414999000,1.37736,1.37738,1.37726,1.37729,61800000,1
1754415000000,1754415059000,1.37727,1.37728,1.37724,1.37726,31200000,1
1754415060000,1754415119000,1.37726,1.37727,1.37718,1.37718,32850000,1
1754415120000,1754415179000,1.37717,1.37718,1.37705,1.37708,75300000,1
1754415180000,1754415239000,1.37707,1.37727,1.37705,1.37727,73950000,1
1754415240000,1754415299000,1.37726,1.37736,1.37725,1.37735,91650000,1
1754415300000,1754415359000,1.37735,1.37745,1.37729,1.37735,62460000,1
1754415360000,1754415419000,1.37735,1.37735,1.37732,1.37735,41850000,1
1754415420000,1754415479000,1.37733,1.37735,1.37732,1.37733,40560000,1
1754415480000,1754415539000,1.37733,1.37737,1.37732,1.37734,30390000,1
1754415540000,1754415599000,1.37733,1.37734,1.37723,1.37724,64830000,1
1754415600000,1754415659000,1.37724,1.37736,1.37724,1.37735,86250000,1
1754415660000,1754415719000,1.37737,1.37743,1.37729,1.37729,47490000,1
1754415720000,1754415779000,1.3773,1.3773,1.37724,1.37726,31950000,1
1754415780000,1754415839000,1.37727,1.37735,1.37725,1.37726,74610000,1
1754415840000,1754415899000,1.37726,1.37739,1.37726,1.37737,64260000,1
1754415900000,1754415959000,1.37739,1.37739,1.37727,1.37735,80370000,1
1754415960000,1754416019000,1.37735,1.37757,1.37735,1.37757,47190000,1
1754416020000,1754416079000,1.37756,1.37759,1.37747,1.37754,46350000,1
1754416080000,1754416139000,1.37755,1.37763,1.37753,1.37759,70950000,1
1754416140000,1754416199000,1.37759,1.37776,1.37759,1.37776,44820000,1
1754416200000,1754416259000,1.37776,1.37783,1.37772,1.37783,60450000,1
1754416260000,1754416319000,1.37783,1.37797,1.37781,1.37797,55050000,1
1754416320000,1754416379000,1.37796,1.37796,1.37792,1.37793,46500000,1
1754416380000,1754416439000,1.37796,1.37798,1.37793,1.37793,43800000,1
1754416440000,1754416499000,1.37793,1.37802,1.37793,1.37794,51690000,1
1754416500000,1754416559000,1.37795,1.37806,1.37791,1.37791,83430000,1
1754416560000,1754416619000,1.37792,1.37795,1.37783,1.37784,64500000,1
1754416620000,1754416679000,1.37785,1.37794,1.37785,1.37791,66000000,1
1754416680000,1754416739000,1.37791,1.37791,1.37777,1.37782,68640000,1
1754416740000,1754416799000,1.37781,1.37788,1.37781,1.37782,48000000,1
1754416800000,1754416859000,1.37784,1.37784,1.37773,1.37775,61920000,1
1754416860000,1754416919000,1.37775,1.37783,1.37774,1.37776,56310000,1
1754416920000,1754416979000,1.37775,1.37783,1.37775,1.37781,45300000,1
1754416980000,1754417039000,1.37781,1.37783,1.3778,1.37782,41700000,1
1754417040000,1754417099000,1.37781,1.37791,1.37774,1.37791,57240000,1
1754417100000,1754417159000,1.37791,1.37801,1.37789,1.37801,30570000,1
1754417160000,1754417219000,1.378,1.3781,1.378,1.3781,58830000,1
1754417220000,1754417279000,1.37809,1.37809,1.37801,1.37803,58170000,1
1754417280000,1754417339000,1.37802,1.37803,1.378,1.37802,39150000,1
1754417340000,1754417399000,1.37802,1.37803,1.37791,1.37801,44250000,1
1754417400000,1754417459000,1.37801,1.37805,1.37798,1.37802,55980000,1
1754417460000,1754417519000,1.37801,1.37806,1.37799,1.37801,29910000,1
1754417520000,1754417579000,1.37801,1.37802,1.37799,1.37799,28500000,1
1754417580000,1754417639000,1.37799,1.37821,1.37798,1.3782,82710000,1
1754417640000,1754417699000,1.3782,1.37821,1.37814,1.37821,66900000,1
1754417700000,1754417759000,1.37822,1.37828,1.3782,1.37821,51060000,1
1754417760000,1754417819000,1.37821,1.37823,1.37819,1.3782,62730000,1
1754417820000,1754417879000,1.37819,1.37824,1.37819,1.37821,49020000,1
1754417880000,1754417939000,1.37821,1.37822,1.37819,1.3782,31740000,1
1754417940000,1754417999000,1.37821,1.3783,1.37818,1.37829,53910000,1
1754418000000,1754418059000,1.37826,1.37828,1.3782,1.37823,55860000,1
1754418060000,1754418119000,1.37821,1.37826,1.3782,1.37825,22290000,1
1754418120000,1754418179000,1.37825,1.37825,1.37813,1.37813,37200000,1
1754418180000,1754418239000,1.37812,1.37813,1.3781,1.37812,26850000,1
1754418240000,1754418299000,1.37812,1.3782,1.37812,1.3782,42450000,1
1754418300000,1754418359000,1.37819,1.37824,1.37819,1.37823,28050000,1
1754418360000,1754418419000,1.37823,1.37828,1.37819,1.37828,22050000,1
1754418420000,1754418479000,1.37827,1.3783,1.37821,1.37821,28050000,1
1754418480000,1754418539000,1.37822,1.37822,1.37818,1.37819,45480000,1
1754418540000,1754418599000,1.37819,1.37823,1.37816,1.37818,24930000,1
1754418600000,1754418659000,1.3782,1.37829,1.3782,1.37827,47520000,1
1754418660000,1754418719000,1.37828,1.37829,1.37818,1.37818,32160000,1
1754418720000,1754418779000,1.37817,1.37817,1.37809,1.3781,55170000,1
1754418780000,1754418839000,1.37811,1.37822,1.3781,1.3782,45690000,1
1754418840000,1754418899000,1.37819,1.37824,1.37818,1.37823,23880000,1
1754418900000,1754418959000,1.37825,1.37831,1.37821,1.37831,23070000,1
1754418960000,1754419019000,1.37829,1.37829,1.37814,1.37816,43920000,1
1754419020000,1754419079000,1.37818,1.37821,1.37815,1.3782,33900000,1
1754419080000,1754419139000,1.3782,1.3782,1.37799,1.37801,64200000,1
1754419140000,1754419199000,1.378,1.37807,1.378,1.37803,44520000,1
1754419200000,1754419259000,1.37808,1.37812,1.37804,1.37809,54750000,1
1754419260000,1754419319000,1.3781,1.3781,1.37798,1.3781,84750000,1
1754419320000,1754419379000,1.37812,1.37813,1.37808,1.37809,114210000,1
1754419380000,1754419439000,1.37809,1.3782,1.37808,1.37808,64830000,1
1754419440000,1754419499000,1.37807,1.37813,1.37792,1.37805,176970000,1
1754419500000,1754419559000,1.37804,1.3781,1.378,1.37808,89640000,1
1754419560000,1754419619000,1.37808,1.3783,1.37808,1.3783,82740000,1
1754419620000,1754419679000,1.37829,1.37845,1.37829,1.37843,43620000,1
1754419680000,1754419739000,1.37844,1.37851,1.37844,1.37849,25200000,1
1754419740000,1754419799000,1.37847,1.37847,1.37843,1.37843,27300000,1
1754419800000,1754419859000,1.37843,1.37861,1.37843,1.37861,33390000,1
1754419860000,1754419919000,1.37862,1.37863,1.37858,1.37863,44100000,1
1754419920000,1754419979000,1.37862,1.37878,1.37862,1.37873,60750000,1
1754419980000,1754420039000,1.37873,1.37884,1.37868,1.37868,52950000,1
1754420040000,1754420099000,1.37868,1.37869,1.37858,1.37859,91320000,1
1754420100000,1754420159000,1.37858,1.37862,1.37856,1.37857,54120000,1
1754420160000,1754420219000,1.37857,1.37857,1.37836,1.3784,63510000,1
1754420220000,1754420279000,1.37834,1.37834,1.37817,1.3782,86610000,1
1754420280000,1754420339000,1.37819,1.37834,1.37818,1.37825,138150000,1
1754420340000,1754420399000,1.37826,1.3784,1.37824,1.37836,180780000,1
1754420400000,1754420459000,1.37838,1.37848,1.37836,1.37847,119730000,1
1754420460000,1754420519000,1.37848,1.37848,1.37836,1.37839,71520000,1
1754420520000,1754420579000,1.37838,1.3785,1.37838,1.37849,85980000,1
1754420580000,1754420639000,1.37848,1.37857,1.37846,1.37847,90630000,1
1754420640000,1754420699000,1.37848,1.37848,1.37837,1.37841,38100000,1
1754420700000,1754420759000,1.37845,1.37859,1.37845,1.37857,42210000,1
1754420760000,1754420819000,1.37857,1.37874,1.37854,1.37862,130950000,1
1754420820000,1754420879000,1.37865,1.37869,1.37859,1.3786,68640000,1
1754420880000,1754420939000,1.37863,1.37864,1.37856,1.37858,44610000,1
1754420940000,1754420999000,1.37859,1.37859,1.37819,1.37819,57360000,1
1754421000000,1754421059000,1.37822,1.37822,1.37811,1.37818,92580000,1
1754421060000,1754421119000,1.37818,1.37828,1.37817,1.37828,79740000,1
1754421120000,1754421179000,1.37828,1.37829,1.37819,1.37819,23400000,1
1754421180000,1754421239000,1.3782,1.37823,1.37817,1.37821,45750000,1
1754421240000,1754421299000,1.3782,1.37821,1.37817,1.37818,37950000,1
1754421300000,1754421359000,1.37814,1.37819,1.37812,1.37818,34470000,1
1754421360000,1754421419000,1.37819,1.37829,1.37817,1.37829,50790000,1
1754421420000,1754421479000,1.37827,1.37829,1.37822,1.37829,25650000,1
1754421480000,1754421539000,1.37828,1.37831,1.37828,1.37831,14400000,1
1754421540000,1754421599000,1.37831,1.3784,1.37831,1.3784,27330000,1
1754421600000,1754421659000,1.37841,1.37846,1.37841,1.37842,22440000,1
1754421660000,1754421719000,1.37841,1.37843,1.3784,1.3784,38190000,1
1754421720000,1754421779000,1.37841,1.37841,1.37829,1.3783,28050000,1
1754421780000,1754421839000,1.37829,1.37829,1.37822,1.37822,18600000,1
1754421840000,1754421899000,1.37823,1.37823,1.37809,1.3781,35700000,1
1754421900000,1754421959000,1.3781,1.37822,1.3781,1.3782,34650000,1
1754421960000,1754422019000,1.37819,1.3782,1.37812,1.37812,33900000,1
1754422020000,1754422079000,1.37812,1.37812,1.37809,1.3781,20250000,1
1754422080000,1754422139000,1.37809,1.37822,1.37809,1.37821,27300000,1
1754422140000,1754422199000,1.37821,1.37829,1.3782,1.37827,22200000,1
1754422200000,1754422259000,1.37826,1.37832,1.37823,1.37828,48960000,1
1754422260000,1754422319000,1.37827,1.37829,1.3782,1.37821,35940000,1
1754422320000,1754422379000,1.3782,1.3783,1.37819,1.3783,25080000,1
1754422380000,1754422439000,1.37829,1.37829,1.37822,1.37823,22110000,1
1754422440000,1754422499000,1.37822,1.37827,1.37822,1.37827,61080000,1
1754422500000,1754422559000,1.37825,1.37825,1.37821,1.37822,26370000,1
1754422560000,1754422619000,1.37823,1.37831,1.37821,1.37831,10950000,1
1754422620000,1754422679000,1.37831,1.37841,1.37831,1.3784,27000000,1
1754422680000,1754422739000,1.37842,1.37851,1.37842,1.37844,30960000,1
1754422740000,1754422799000,1.37842,1.37844,1.37838,1.3784,17400000,1
1754422800000,1754422859000,1.37839,1.3784,1.37829,1.3783,13350000,1
1754422860000,1754422919000,1.37829,1.37836,1.37829,1.37833,19200000,1
1754422920000,1754422979000,1.37832,1.37832,1.37823,1.37828,53850000,1
1754422980000,1754423039000,1.37827,1.37829,1.37809,1.37815,73200000,1
1754423040000,1754423099000,1.37814,1.3782,1.37814,1.37818,47400000,1
1754423100000,1754423159000,1.37818,1.37819,1.37813,1.37813,37500000,1
1754423160000,1754423219000,1.37814,1.37818,1.37809,1.37814,56850000,1
1754423220000,1754423279000,1.37814,1.37816,1.37807,1.3781,41100000,1
1754423280000,1754423339000,1.37809,1.37811,1.37808,1.37811,33000000,1
1754423340000,1754423399000,1.37809,1.37811,1.37799,1.37811,22650000,1
1754423400000,1754423459000,1.3781,1.3781,1.37798,1.378,47100000,1
1754423460000,1754423519000,1.378,1.37822,1.378,1.37818,48570000,1
1754423520000,1754423579000,1.37819,1.37819,1.37819,1.37819,3810000,1
1754423580000,1754423639000,1.37819,1.37824,1.37819,1.3782,21780000,1
1754423640000,1754423699000,1.3782,1.37825,1.3782,1.37824,28950000,1
1754423700000,1754423759000,1.37824,1.37824,1.37789,1.3779,150160000,1
1754423760000,1754423819000,1.37789,1.37789,1.37769,1.37769,103950000,1
1754423820000,1754423879000,1.37769,1.3777,1.37739,1.37744,192150000,1
1754423880000,1754423939000,1.37744,1.3775,1.37717,1.37724,205890000,1
1754423940000,1754423999000,1.37724,1.37747,1.37724,1.37724,169260000,1
1754424000000,1754424059000,1.37725,1.37733,1.37706,1.37706,200040000,1
1754424060000,1754424119000,1.37705,1.37732,1.37704,1.37709,195600000,1
1754424120000,1754424179000,1.37707,1.37722,1.37706,1.37722,61800000,1
1754424180000,1754424239000,1.37724,1.37746,1.37724,1.37746,42570000,1
1754424240000,1754424299000,1.37746,1.37747,1.37744,1.37744,8400000,1
1754424300000,1754424359000,1.37746,1.37746,1.37727,1.37727,19200000,1
1754424360000,1754424419000,1.37729,1.37729,1.37729,1.37729,1200000,1
1754424420000,1754424479000,1.3773,1.3773,1.37728,1.3773,13200000,1
1754424480000,1754424539000,1.37729,1.37732,1.37729,1.37731,14280000,1
1754424540000,1754424599000,1.37731,1.37734,1.37731,1.37731,8760000,1
1754424600000,1754424659000,1.37731,1.37733,1.37731,1.37733,4800000,1
1754424660000,1754424719000,1.37732,1.37743,1.37732,1.37743,14520000,1
1754424720000,1754424779000,1.37746,1.37755,1.37746,1.37755,6240000,1
1754424780000,1754424839000,1.37756,1.37758,1.37755,1.37758,21600000,1
1754424840000,1754424899000,1.37758,1.37767,1.37755,1.37767,18000000,1
1754424900000,1754424959000,1.37766,1.3777,1.37763,1.37765,33870000,1
1754424960000,1754425019000,1.37761,1.37768,1.37761,1.37764,14880000,1
1754425020000,1754425079000,1.37767,1.37767,1.37765,1.37766,6000000,1
1754425080000,1754425139000,1.37765,1.37766,1.37763,1.37765,16680000,1
1754425140000,1754425199000,1.37766,1.37766,1.37765,1.37765,11880000,1
1754425200000,1754425259000,1.37766,1.37776,1.37765,1.37775,14550000,1
1754425260000,1754425319000,1.37775,1.37782,1.37775,1.37782,34380000,1
1754425320000,1754425379000,1.37782,1.37814,1.37782,1.37811,59190000,1
1754425380000,1754425439000,1.37811,1.37817,1.37805,1.37815,72960000,1
1754425440000,1754425499000,1.37815,1.37823,1.37815,1.37817,29550000,1
1754425500000,1754425559000,1.37816,1.3782,1.37815,1.3782,14400000,1
1754425560000,1754425619000,1.37821,1.37821,1.3782,1.37821,5430000,1
1754425620000,1754425679000,1.37821,1.37822,1.3782,1.37821,16560000,1
1754425680000,1754425739000,1.37821,1.37821,1.37817,1.3782,12000000,1
1754425740000,1754425799000,1.37818,1.37818,1.37818,1.37818,2400000,1
1754425800000,1754425859000,1.37818,1.37821,1.37818,1.37821,12150000,1
1754425860000,1754425919000,1.37822,1.37822,1.3782,1.37821,15600000,1
1754425920000,1754425979000,1.3782,1.3782,1.37816,1.37817,19950000,1
1754425980000,1754426039000,1.37817,1.37818,1.37817,1.37818,8010000,1
1754426040000,1754426099000,1.37818,1.37818,1.37818,1.37818,0,1
1754426100000,1754426159000,1.37817,1.37818,1.37817,1.37818,3600000,1
1754426160000,1754426219000,1.37817,1.37817,1.37817,1.37817,1350000,1
1754426220000,1754426279000,1.37816,1.37816,1.37814,1.37816,7950000,1
1754426280000,1754426339000,1.37817,1.37817,1.37781,1.37781,56400000,1
1754426340000,1754426399000,1.37781,1.37785,1.37772,1.37773,64620000,1
1754426400000,1754426459000,1.37773,1.37774,1.37771,1.37774,27330000,1
1754426460000,1754426519000,1.37774,1.37774,1.37774,1.37774,3150000,1
1754426520000,1754426579000,1.37775,1.37777,1.37775,1.37776,37800000,1
1754426580000,1754426639000,1.37776,1.37784,1.37776,1.37784,13350000,1
1754426640000,1754426699000,1.37783,1.37783,1.37762,1.37762,44190000,1
1754426700000,1754426759000,1.37758,1.37759,1.37748,1.37749,55080000,1
1754426760000,1754426819000,1.3775,1.3775,1.37727,1.37728,18630000,1
1754426820000,1754426879000,1.37732,1.37732,1.37715,1.3772,51600000,1
1754426880000,1754426939000,1.37719,1.37719,1.37705,1.3771,59820000,1
1754426940000,1754426999000,1.3771,1.37715,1.3771,1.37713,41280000,1
1754427000000,1754427059000,1.37712,1.37741,1.37707,1.37739,72270000,1
1754427060000,1754427119000,1.3774,1.37741,1.37707,1.37717,77100000,1
1754427120000,1754427179000,1.37716,1.37722,1.37715,1.37716,128610000,1
1754427180000,1754427239000,1.37715,1.37724,1.37715,1.37723,98070000,1
1754427240000,1754427299000,1.37723,1.37724,1.37702,1.37709,62940000,1
1754427300000,1754427359000,1.37709,1.37717,1.37703,1.37716,97410000,1
1754427360000,1754427419000,1.37716,1.37718,1.37711,1.37716,119190000,1
1754427420000,1754427479000,1.37715,1.37729,1.37709,1.37709,102690000,1
1754427480000,1754427539000,1.3771,1.37717,1.37704,1.37705,102360000,1
1754427540000,1754427599000,1.37706,1.37717,1.37706,1.37714,42150000,1
1754427600000,1754427659000,1.37715,1.37718,1.37715,1.37718,4500000,1
1754427660000,1754427719000,1.37718,1.37737,1.37718,1.37737,2700000,1
1754427720000,1754427779000,1.37738,1.37738,1.37737,1.37738,2700000,1
1754427780000,1754427839000,1.37737,1.37737,1.37737,1.37737,900000,1
1754427840000,1754427899000,1.37737,1.37737,1.37737,1.37737,1800000,1
1754427900000,1754427959000,1.37733,1.37737,1.37733,1.37736,5100000,1
1754427960000,1754428019000,1.37736,1.37736,1.37736,1.37736,1200000,1
1754428020000,1754428079000,1.37737,1.37737,1.37737,1.37737,1200000,1
1754428080000,1754428139000,1.37737,1.37737,1.37737,1.37737,0,1
1754428140000,1754428199000,1.37736,1.37736,1.37736,1.37736,1800000,1
1754428200000,1754428259000,1.37728,1.37745,1.37717,1.37742,8400000,1
1754428260000,1754428319000,1.37741,1.37741,1.37741,1.37741,900000,1
1754428320000,1754428379000,1.37742,1.37742,1.37739,1.37741,6600000,1
1754428380000,1754428439000,1.37741,1.37741,1.37741,1.37741,1800000,1
1754428440000,1754428499000,1.37741,1.37744,1.37741,1.37744,2100000,1
1754428500000,1754428559000,1.37742,1.37742,1.37737,1.37737,7200000,1
1754428560000,1754428619000,1.37738,1.37738,1.37738,1.37738,2100000,1
1754428620000,1754428679000,1.37738,1.3774,1.37713,1.3774,9600000,1
1754428680000,1754428739000,1.37739,1.37739,1.37739,1.37739,900000,1
1754428740000,1754428799000,1.37739,1.37739,1.37739,1.37739,1200000,1
1754428800000,1754428859000,1.37737,1.37742,1.37737,1.37739,19500000,1
1754428860000,1754428919000,1.37739,1.37739,1.37739,1.37739,0,1
1754428920000,1754428979000,1.37739,1.3774,1.37738,1.3774,4800000,1
1754428980000,1754429039000,1.37749,1.37753,1.37749,1.37749,5100000,1
1754429040000,1754429099000,1.3775,1.3775,1.37748,1.37749,14400000,1
1754429100000,1754429159000,1.37749,1.3775,1.37748,1.37749,10200000,1
1754429160000,1754429219000,1.3775,1.3775,1.37749,1.37749,5700000,1
1754429220000,1754429279000,1.3775,1.37752,1.37748,1.3775,8700000,1
1754429280000,1754429339000,1.3775,1.37751,1.37748,1.37751,8400000,1
1754429340000,1754429399000,1.37749,1.37751,1.37749,1.37751,8400000,1
1754429400000,1754429459000,1.37749,1.37752,1.37749,1.37749,57600000,1
1754429460000,1754429519000,1.37748,1.37749,1.37748,1.37748,3600000,1
1754429520000,1754429579000,1.37751,1.37753,1.37751,1.37753,8400000,1
1754429580000,1754429639000,1.37752,1.37753,1.37752,1.37752,13200000,1
1754429640000,1754429699000,1.37752,1.37754,1.37752,1.37753,4800000,1
1754429700000,1754429759000,1.3775,1.3775,1.37749,1.37749,6000000,1
1754429760000,1754429819000,1.37749,1.37749,1.37749,1.37749,0,1
1754429820000,1754429879000,1.3775,1.3775,1.37749,1.37749,3600000,1
1754429880000,1754429939000,1.37749,1.37749,1.37749,1.37749,1200000,1
1754429940000,1754429999000,1.37749,1.37749,1.37749,1.37749,2400000,1
1754430000000,1754430059000,1.3775,1.37763,1.3775,1.37763,16920000,1
1754430060000,1754430119000,1.37762,1.37765,1.37762,1.37764,18000000,1
1754430120000,1754430179000,1.37764,1.37769,1.37762,1.37767,39240000,1
1754430180000,1754430239000,1.37767,1.3777,1.37765,1.37766,32400000,1
1754430240000,1754430299000,1.37766,1.37769,1.37763,1.37763,42330000,1
1754430300000,1754430359000,1.37763,1.37764,1.37762,1.37763,58830000,1
1754430360000,1754430419000,1.37764,1.37764,1.37763,1.37763,12000000,1
1754430420000,1754430479000,1.37763,1.37764,1.37763,1.37763,12000000,1
1754430480000,1754430539000,1.37763,1.37764,1.37719,1.3772,33000000,1
1754430540000,1754430599000,1.37719,1.37722,1.37719,1.37722,12540000,1
1754430600000,1754430659000,1.37722,1.37724,1.37721,1.37724,20790000,1
1754430660000,1754430719000,1.37724,1.37724,1.37724,1.37724,3780000,1
1754430720000,1754430779000,1.37721,1.37721,1.37721,1.37721,1200000,1
1754430780000,1754430839000,1.37721,1.37722,1.37719,1.37719,45840000,1
1754430840000,1754430899000,1.3772,1.3772,1.3772,1.3772,5280000,1
1754430900000,1754430959000,1.37719,1.3772,1.37719,1.3772,3720000,1
1754430960000,1754431019000,1.3772,1.3772,1.37719,1.3772,17640000,1
1754431020000,1754431079000,1.37719,1.3772,1.37719,1.3772,6480000,1
1754431080000,1754431139000,1.37719,1.3772,1.37719,1.37719,10740000,1
1754431140000,1754431199000,1.37719,1.37739,1.37718,1.37734,21450000,1
1754431200000,1754431259000,1.37736,1.37742,1.37721,1.37741,81000000,1
1754431260000,1754431319000,1.3774,1.37751,1.37734,1.3774,63000000,1
1754431320000,1754431379000,1.37741,1.37742,1.37739,1.37739,24300000,1
1754431380000,1754431439000,1.37739,1.37739,1.37737,1.37737,9000000,1
1754431440000,1754431499000,1.3774,1.37743,1.3774,1.37742,14400000,1
1754431500000,1754431559000,1.37742,1.37761,1.37742,1.37761,28800000,1
1754431560000,1754431619000,1.37762,1.37763,1.3776,1.3776,10800000,1
1754431620000,1754431679000,1.3776,1.37761,1.37759,1.37759,10800000,1
1754431680000,1754431739000,1.37759,1.3776,1.37759,1.3776,7800000,1
1754431740000,1754431799000,1.37759,1.37764,1.37759,1.37764,25050000,1
1754431800000,1754431859000,1.37764,1.37765,1.37748,1.37748,23850000,1
1754431860000,1754431919000,1.37748,1.3775,1.37748,1.37749,13950000,1
1754431920000,1754431979000,1.37749,1.3775,1.37749,1.37749,9600000,1
1754431980000,1754432039000,1.37749,1.37753,1.37749,1.37752,13800000,1
1754432040000,1754432099000,1.37754,1.37757,1.37753,1.37756,20100000,1
1754432100000,1754432159000,1.37755,1.37756,1.37754,1.37755,30450000,1
1754432160000,1754432219000,1.37754,1.37754,1.37743,1.37744,49800000,1
1754432220000,1754432279000,1.37744,1.37745,1.37742,1.37744,144750000,1
1754432280000,1754432339000,1.37744,1.37749,1.37744,1.37748,38850000,1
1754432340000,1754432399000,1.37749,1.37754,1.37742,1.37754,63750000,1
1754432400000,1754432459000,1.37753,1.37756,1.37752,1.37752,31200000,1
1754432460000,1754432519000,1.37752,1.37756,1.37752,1.37754,20250000,1
1754432520000,1754432579000,1.37754,1.37755,1.37753,1.37754,12600000,1
1754432580000,1754432639000,1.37755,1.37755,1.37754,1.37754,4800000,1
1754432640000,1754432699000,1.37754,1.37754,1.37754,1.37754,5400000,1
1754432700000,1754432759000,1.37754,1.37754,1.37749,1.37751,25350000,1
1754432760000,1754432819000,1.37751,1.37754,1.37751,1.37754,17100000,1
1754432820000,1754432879000,1.37754,1.37764,1.37753,1.37764,59250000,1
1754432880000,1754432939000,1.37763,1.37765,1.37763,1.37764,26550000,1
1754432940000,1754432999000,1.37764,1.37764,1.37763,1.37764,6750000,1
1754433000000,1754433059000,1.37764,1.37766,1.37763,1.37763,75600000,1
1754433060000,1754433119000,1.37762,1.37765,1.37762,1.37765,23400000,1
1754433120000,1754433179000,1.37767,1.37767,1.37763,1.37765,20700000,1
1754433180000,1754433239000,1.37765,1.37773,1.37764,1.37772,53100000,1
1754433240000,1754433299000,1.37772,1.37772,1.37762,1.37762,16500000,1
1754433300000,1754433359000,1.37762,1.37765,1.37762,1.37764,20250000,1
1754433360000,1754433419000,1.37764,1.37764,1.37762,1.37763,22950000,1
1754433420000,1754433479000,1.37763,1.37764,1.37763,1.37763,6600000,1
1754433480000,1754433539000,1.37762,1.37763,1.37762,1.37763,25650000,1
1754433540000,1754433599000,1.37763,1.37763,1.37762,1.37763,14550000,1
1754433600000,1754433659000,1.37762,1.37765,1.37762,1.37762,10650000,1
1754433660000,1754433719000,1.37762,1.37763,1.37755,1.37755,36750000,1
1754433720000,1754433779000,1.37755,1.37755,1.37754,1.37754,6270000,1
1754433780000,1754433839000,1.37754,1.37755,1.37754,1.37755,5340000,1
1754433840000,1754433899000,1.37755,1.37755,1.37755,1.37755,4800000,1
1754433900000,1754433959000,1.37755,1.37761,1.37748,1.37757,37080000,1
1754433960000,1754434019000,1.37756,1.37756,1.37755,1.37755,6480000,1
1754434020000,1754434079000,1.37754,1.3776,1.37754,1.37757,27000000,1
1754434080000,1754434139000,1.37756,1.37756,1.37746,1.37747,33060000,1
1754434140000,1754434199000,1.37745,1.37746,1.37734,1.37739,72510000,1
1754434200000,1754434259000,1.37738,1.37745,1.37738,1.37744,21270000,1
1754434260000,1754434319000,1.37745,1.37746,1.3774,1.3774,25350000,1
1754434320000,1754434379000,1.37742,1.3775,1.37742,1.37749,21480000,1
1754434380000,1754434439000,1.37749,1.37749,1.37746,1.37746,8880000,1
1754434440000,1754434499000,1.37747,1.37749,1.37744,1.37747,31560000,1
1754434500000,1754434559000,1.37748,1.37748,1.37745,1.37748,20250000,1
1754434560000,1754434619000,1.37747,1.37748,1.37747,1.37747,28020000,1
1754434620000,1754434679000,1.37747,1.37748,1.37722,1.37722,75630000,1
1754434680000,1754434739000,1.37722,1.37726,1.37717,1.37725,179010000,1
1754434740000,1754434799000,1.37725,1.37727,1.37716,1.37723,136620000,1
1754434800000,1754434859000,1.37724,1.37737,1.37717,1.37722,158940000,1
1754434860000,1754434919000,1.37719,1.37733,1.37713,1.37726,131550000,1
1754434920000,1754434979000,1.37724,1.37724,1.37709,1.3772,87900000,1
1754434980000,1754435039000,1.3772,1.37728,1.3772,1.37727,71820000,1
1754435040000,1754435099000,1.37726,1.3774,1.37726,1.3774,52050000,1
1754435100000,1754435159000,1.37738,1.3774,1.37735,1.37739,53610000,1
1754435160000,1754435219000,1.37738,1.3774,1.37736,1.37738,58680000,1
1754435220000,1754435279000,1.3774,1.37744,1.37735,1.37736,26460000,1
1754435280000,1754435339000,1.37735,1.37736,1.3773,1.3773,43020000,1
1754435340000,1754435399000,1.37729,1.37729,1.37724,1.37724,44490000,1
1754435400000,1754435459000,1.37725,1.3773,1.37723,1.3773,27690000,1
1754435460000,1754435519000,1.3773,1.37731,1.37728,1.37731,18150000,1
1754435520000,1754435579000,1.37731,1.37731,1.37729,1.37731,4800000,1
1754435580000,1754435639000,1.37732,1.37736,1.37732,1.37736,13800000,1
1754435640000,1754435699000,1.37735,1.37736,1.37735,1.37735,9750000,1
1754435700000,1754435759000,1.37736,1.37741,1.37732,1.37732,18750000,1
1754435760000,1754435819000,1.37731,1.37731,1.37722,1.37723,14700000,1
1754435820000,1754435879000,1.37722,1.37726,1.37722,1.37726,28950000,1
1754435880000,1754435939000,1.37728,1.37728,1.37728,1.37728,2400000,1
1754435940000,1754435999000,1.3773,1.3773,1.37729,1.37729,3600000,1
1754436000000,1754436059000,1.3773,1.37737,1.37729,1.37736,14550000,1
1754436060000,1754436119000,1.37736,1.37738,1.37736,1.37736,12900000,1
1754436120000,1754436179000,1.37738,1.37738,1.37738,1.37738,1800000,1
1754436180000,1754436239000,1.37738,1.37738,1.37738,1.37738,1200000,1
1754436240000,1754436299000,1.37737,1.37737,1.37729,1.37729,15300000,1
1754436300000,1754436359000,1.37729,1.37729,1.37727,1.37728,7500000,1
1754436360000,1754436419000,1.37727,1.37728,1.37719,1.37719,10350000,1
1754436420000,1754436479000,1.3772,1.3772,1.37719,1.3772,6750000,1
1754436480000,1754436539000,1.37721,1.37721,1.37719,1.37719,8400000,1
1754436540000,1754436599000,1.37718,1.37718,1.37705,1.37706,51930000,1
1754436600000,1754436659000,1.37707,1.37708,1.37695,1.37701,117840000,1
1754436660000,1754436719000,1.37701,1.37709,1.37699,1.37699,52620000,1
1754436720000,1754436779000,1.377,1.37704,1.377,1.37704,75690000,1
1754436780000,1754436839000,1.37703,1.37712,1.37703,1.37712,64860000,1
1754436840000,1754436899000,1.37712,1.37714,1.37712,1.37714,5430000,1
1754436900000,1754436959000,1.37712,1.37712,1.37712,1.37712,4050000,1
1754436960000,1754437019000,1.37713,1.37713,1.37706,1.37707,19200000,1
1754437020000,1754437079000,1.37706,1.37708,1.37705,1.37706,18000000,1
1754437080000,1754437139000,1.37707,1.37707,1.37704,1.37707,22800000,1
1754437140000,1754437199000,1.37706,1.37707,1.37705,1.37706,11520000,1
1754437200000,1754437259000,1.37706,1.37707,1.37705,1.37706,37470000,1
1754437260000,1754437319000,1.37705,1.37706,1.37705,1.37705,12120000,1
1754437320000,1754437379000,1.37706,1.37707,1.37705,1.37705,22920000,1
1754437380000,1754437439000,1.37705,1.37706,1.37697,1.37706,24630000,1
1754437440000,1754437499000,1.37706,1.37707,1.37688,1.37689,85770000,1
1754437500000,1754437559000,1.37688,1.3769,1.37688,1.37689,92250000,1
1754437560000,1754437619000,1.37689,1.3769,1.37687,1.37689,25230000,1
1754437620000,1754437679000,1.37689,1.37689,1.37687,1.37688,73560000,1
1754437680000,1754437739000,1.37687,1.37688,1.37687,1.37687,113730000,1
1754437740000,1754437799000,1.37688,1.37695,1.37687,1.37687,45360000,1
1754437800000,1754437859000,1.37688,1.37688,1.37687,1.37687,4890000,1
1754437860000,1754437919000,1.37687,1.37689,1.37687,1.37688,15870000,1
1754437920000,1754437979000,1.37688,1.37688,1.37687,1.37687,9150000,1
1754437980000,1754438039000,1.37688,1.37688,1.37688,1.37688,1920000,1
1754438040000,1754438099000,1.37688,1.37688,1.37688,1.37688,3720000,1
1754438100000,1754438159000,1.37689,1.37689,1.37688,1.37688,10260000,1
1754438160000,1754438219000,1.37688,1.37697,1.37688,1.37691,30840000,1
1754438220000,1754438279000,1.37691,1.37695,1.37688,1.37695,63870000,1
1754438280000,1754438339000,1.37696,1.37709,1.37696,1.37707,39840000,1
1754438340000,1754438399000,1.37707,1.37709,1.37707,1.37708,161130000,1
1754438400000,1754438459000,1.37713,1.3772,1.37703,1.3771,186840000,1
1754438460000,1754438519000,1.37709,1.37714,1.37701,1.3771,196230000,1
1754438520000,1754438579000,1.37708,1.37708,1.37691,1.37692,261270000,1
1754438580000,1754438639000,1.37691,1.37691,1.37674,1.37674,123150000,1
1754438640000,1754438699000,1.37675,1.37675,1.37671,1.37673,78300000,1
1754438700000,1754438759000,1.37673,1.37674,1.37662,1.37662,36450000,1
1754438760000,1754438819000,1.37663,1.37663,1.37655,1.3766,87600000,1
1754438820000,1754438879000,1.3766,1.37673,1.3766,1.37673,108150000,1
1754438880000,1754438939000,1.37672,1.37683,1.37672,1.37674,79950000,1
1754438940000,1754438999000,1.37675,1.37684,1.37671,1.37674,95430000,1
1754439000000,1754439059000,1.37674,1.37685,1.37674,1.37685,66960000,1
1754439060000,1754439119000,1.37684,1.37698,1.37684,1.37693,122190000,1
1754439120000,1754439179000,1.37694,1.37699,1.37693,1.37694,53760000,1
1754439180000,1754439239000,1.37694,1.37694,1.37689,1.37694,41880000,1
1754439240000,1754439299000,1.37692,1.37693,1.37689,1.3769,39030000,1
1754439300000,1754439359000,1.37692,1.37692,1.37682,1.3769,70410000,1
1754439360000,1754439419000,1.37689,1.37695,1.37687,1.37694,21600000,1
1754439420000,1754439479000,1.37693,1.37703,1.37693,1.37703,13470000,1
1754439480000,1754439539000,1.37706,1.37712,1.37706,1.37711,20520000,1
1754439540000,1754439599000,1.3771,1.37713,1.3771,1.37712,6000000,1
1754439600000,1754439659000,1.3771,1.37711,1.37702,1.37711,20250000,1
1754439660000,1754439719000,1.37712,1.37715,1.37704,1.37704,66420000,1
1754439720000,1754439779000,1.37704,1.37714,1.37704,1.37711,120870000,1
1754439780000,1754439839000,1.3771,1.37715,1.3771,1.37715,109950000,1
1754439840000,1754439899000,1.37715,1.37721,1.37712,1.37712,99090000,1
1754439900000,1754439959000,1.37712,1.37719,1.3771,1.37715,25980000,1
1754439960000,1754440019000,1.37717,1.3772,1.37714,1.3772,65190000,1
1754440020000,1754440079000,1.37719,1.37722,1.37716,1.37716,30570000,1
1754440080000,1754440139000,1.37716,1.37718,1.37711,1.37715,54960000,1
1754440140000,1754440199000,1.37715,1.37718,1.37713,1.37717,28380000,1
1754440200000,1754440259000,1.37718,1.37727,1.37718,1.3772,64770000,1
1754440260000,1754440319000,1.3772,1.3772,1.37714,1.37715,32130000,1
1754440320000,1754440379000,1.37714,1.37715,1.37713,1.37713,38310000,1
1754440380000,1754440439000,1.37715,1.37719,1.37714,1.37715,68280000,1
1754440440000,1754440499000,1.37715,1.37725,1.37714,1.3772,57690000,1
1754440500000,1754440559000,1.3772,1.37722,1.3772,1.37721,24600000,1
1754440560000,1754440619000,1.37721,1.37722,1.37719,1.37721,65970000,1
1754440620000,1754440679000,1.37722,1.37725,1.3772,1.3772,39090000,1
1754440680000,1754440739000,1.3772,1.37721,1.37719,1.37719,26730000,1
1754440740000,1754440799000,1.37719,1.37719,1.37712,1.37713,16530000,1
1754440800000,1754440859000,1.37713,1.37721,1.37712,1.37721,39900000,1
1754440860000,1754440919000,1.37722,1.37729,1.37721,1.37729,25260000,1
1754440920000,1754440979000,1.3773,1.37731,1.37729,1.3773,115170000,1
1754440980000,1754441039000,1.37731,1.37739,1.3773,1.37738,68610000,1
1754441040000,1754441099000,1.37738,1.37739,1.37736,1.37739,41010000,1
1754441100000,1754441159000,1.37738,1.37744,1.37738,1.37739,30510000,1
1754441160000,1754441219000,1.37739,1.37747,1.37739,1.37743,60450000,1
1754441220000,1754441279000,1.37743,1.37744,1.3774,1.37741,20040000,1
1754441280000,1754441339000,1.37742,1.37742,1.37737,1.37738,14370000,1
1754441340000,1754441399000,1.37739,1.37741,1.37739,1.37739,55230000,1
1754441400000,1754441459000,1.3774,1.3774,1.37734,1.37737,82440000,1
1754441460000,1754441519000,1.37737,1.37738,1.3773,1.3773,65850000,1
1754441520000,1754441579000,1.37731,1.37731,1.37728,1.3773,13590000,1
1754441580000,1754441639000,1.37728,1.37728,1.37718,1.37719,68730000,1
1754441640000,1754441699000,1.37718,1.37731,1.37718,1.37721,200190000,1
1754441700000,1754441759000,1.37719,1.37738,1.37718,1.37737,160920000,1
1754441760000,1754441819000,1.37739,1.3774,1.37736,1.37736,132180000,1
1754441820000,1754441879000,1.37736,1.37745,1.37736,1.37741,149430000,1
1754441880000,1754441939000,1.37742,1.37746,1.37739,1.37739,102330000,1
1754441940000,1754441999000,1.37739,1.3774,1.37731,1.37739,122010000,1
1754442000000,1754442059000,1.37739,1.37755,1.37738,1.37748,196680000,1
1754442060000,1754442119000,1.37747,1.37749,1.37739,1.37741,161100000,1
1754442120000,1754442179000,1.37741,1.37753,1.3774,1.37751,135090000,1
1754442180000,1754442239000,1.37751,1.37752,1.37747,1.37748,119640000,1
1754442240000,1754442299000,1.37748,1.37759,1.37746,1.37757,86310000,1
1754442300000,1754442359000,1.37755,1.37758,1.37743,1.37744,80850000,1
1754442360000,1754442419000,1.37744,1.37745,1.37738,1.37743,106800000,1
1754442420000,1754442479000,1.37744,1.37747,1.37743,1.37743,59100000,1
1754442480000,1754442539000,1.37743,1.37749,1.37739,1.37747,119910000,1
1754442540000,1754442599000,1.37747,1.37758,1.37746,1.37758,100290000,1
1754442600000,1754442659000,1.37757,1.37759,1.37755,1.37757,114900000,1
1754442660000,1754442719000,1.37758,1.37758,1.37756,1.37756,61500000,1
1754442720000,1754442779000,1.37756,1.37757,1.37752,1.37756,125640000,1
1754442780000,1754442839000,1.37756,1.37756,1.37746,1.37755,121770000,1
1754442840000,1754442899000,1.37755,1.37758,1.37753,1.37755,50160000,1
1754442900000,1754442959000,1.37755,1.37763,1.37755,1.37763,98280000,1
1754442960000,1754443019000,1.37761,1.37766,1.37761,1.37764,37500000,1
1754443020000,1754443079000,1.37766,1.3777,1.37763,1.3777,62700000,1
1754443080000,1754443139000,1.37768,1.3777,1.37765,1.37765,45570000,1
1754443140000,1754443199000,1.37765,1.37765,1.37756,1.37757,76650000,1
1754443200000,1754443259000,1.37758,1.37763,1.37757,1.37761,51300000,1
1754443260000,1754443319000,1.37761,1.37784,1.3776,1.37781,86790000,1
1754443320000,1754443379000,1.37781,1.37785,1.37768,1.37768,91350000,1
1754443380000,1754443439000,1.37767,1.37775,1.37766,1.37775,50040000,1
1754443440000,1754443499000,1.37773,1.37776,1.37773,1.37776,26910000,1
1754443500000,1754443559000,1.37778,1.37786,1.37778,1.37784,112230000,1
1754443560000,1754443619000,1.37786,1.3779,1.37782,1.37789,80850000,1
1754443620000,1754443679000,1.37788,1.37788,1.37778,1.37778,69600000,1
1754443680000,1754443739000,1.37779,1.37784,1.37777,1.37777,55800000,1
1754443740000,1754443799000,1.37778,1.37778,1.37768,1.37769,58500000,1
1754443800000,1754443859000,1.37769,1.37773,1.37766,1.37767,101250000,1
1754443860000,1754443919000,1.37766,1.37768,1.37765,1.37766,96750000,1
1754443920000,1754443979000,1.37765,1.37765,1.37752,1.37756,187500000,1
1754443980000,1754444039000,1.37756,1.37757,1.3775,1.3775,70800000,1
1754444040000,1754444099000,1.37751,1.37758,1.37751,1.37755,109020000,1
1754444100000,1754444159000,1.37755,1.37756,1.37747,1.37748,139500000,1
1754444160000,1754444219000,1.37748,1.37757,1.37748,1.37752,132360000,1
1754444220000,1754444279000,1.37753,1.37754,1.37738,1.37738,123840000,1
1754444280000,1754444339000,1.37737,1.37737,1.37728,1.37728,95250000,1
1754444340000,1754444399000,1.37727,1.37735,1.37726,1.37734,42240000,1
1754444400000,1754444459000,1.37734,1.37738,1.37733,1.37734,256740000,1
1754444460000,1754444519000,1.37735,1.37745,1.37729,1.37743,176400000,1
1754444520000,1754444579000,1.37743,1.37746,1.3774,1.37745,217290000,1
1754444580000,1754444639000,1.37746,1.37747,1.37742,1.37742,100590000,1
1754444640000,1754444699000,1.37742,1.37745,1.37733,1.37737,156300000,1
1754444700000,1754444759000,1.37738,1.37739,1.37733,1.37738,135330000,1
1754444760000,1754444819000,1.37737,1.37743,1.37737,1.37741,99450000,1
1754444820000,1754444879000,1.37738,1.37748,1.37738,1.37747,72600000,1
1754444880000,1754444939000,1.37749,1.37753,1.37747,1.37748,43500000,1
1754444940000,1754444999000,1.37745,1.37748,1.37735,1.37735,126870000,1
1754445000000,1754445059000,1.37736,1.37736,1.37718,1.37718,87270000,1
1754445060000,1754445119000,1.37719,1.3772,1.37718,1.37719,25290000,1
1754445120000,1754445179000,1.37718,1.37729,1.37718,1.37729,46800000,1
1754445180000,1754445239000,1.3773,1.37742,1.37728,1.37738,70290000,1
1754445240000,1754445299000,1.37739,1.3774,1.37737,1.37737,14400000,1
1754445300000,1754445359000,1.37738,1.37741,1.37735,1.37741,14700000,1
1754445360000,1754445419000,1.37739,1.37749,1.37739,1.37748,44250000,1
1754445420000,1754445479000,1.37749,1.37756,1.37745,1.37745,92100000,1
1754445480000,1754445539000,1.37746,1.37746,1.37738,1.37738,75780000,1
1754445540000,1754445599000,1.37738,1.37745,1.37738,1.37743,60360000,1
1754445600000,1754445659000,1.37743,1.3775,1.37741,1.3775,119880000,1
1754445660000,1754445719000,1.3775,1.37757,1.37748,1.3775,122610000,1
1754445720000,1754445779000,1.37749,1.37757,1.37747,1.37756,44850000,1
1754445780000,1754445839000,1.37757,1.37759,1.37755,1.37759,51000000,1
1754445840000,1754445899000,1.3776,1.3776,1.37758,1.37758,43110000,1
1754445900000,1754445959000,1.37758,1.37759,1.37756,1.37757,36150000,1
1754445960000,1754446019000,1.37756,1.37756,1.37747,1.37747,36900000,1
1754446020000,1754446079000,1.37748,1.37749,1.37744,1.37744,132750000,1
1754446080000,1754446139000,1.37742,1.37747,1.37741,1.37744,91230000,1
1754446140000,1754446199000,1.37744,1.3775,1.37739,1.37739,108720000,1
1754446200000,1754446259000,1.37739,1.3774,1.37737,1.37738,80730000,1
1754446260000,1754446319000,1.37738,1.37739,1.37735,1.37737,120060000,1
1754446320000,1754446379000,1.37737,1.37739,1.37733,1.37736,137970000,1
1754446380000,1754446439000,1.37736,1.37738,1.37735,1.37737,33870000,1
1754446440000,1754446499000,1.37738,1.37741,1.37737,1.37741,81330000,1
1754446500000,1754446559000,1.3774,1.37741,1.3773,1.37731,42660000,1
1754446560000,1754446619000,1.37731,1.37739,1.37729,1.37737,86160000,1
1754446620000,1754446679000,1.37736,1.37739,1.37736,1.37738,35220000,1
1754446680000,1754446739000,1.37737,1.37737,1.37731,1.37734,35520000,1
1754446740000,1754446799000,1.37733,1.37735,1.37731,1.37731,42510000,1
1754446800000,1754446859000,1.37731,1.37732,1.37725,1.37725,85320000,1
1754446860000,1754446919000,1.37724,1.37724,1.3771,1.37716,95790000,1
1754446920000,1754446979000,1.37716,1.3772,1.37716,1.37718,56580000,1
1754446980000,1754447039000,1.37719,1.3772,1.3771,1.3772,43500000,1
1754447040000,1754447099000,1.37719,1.37728,1.37719,1.37727,68250000,1
1754447100000,1754447159000,1.37728,1.37731,1.37727,1.37731,30240000,1
1754447160000,1754447219000,1.37732,1.37732,1.37728,1.3773,22830000,1
1754447220000,1754447279000,1.37734,1.37734,1.37729,1.37729,42300000,1
1754447280000,1754447339000,1.37728,1.37728,1.37722,1.37726,85950000,1
1754447340000,1754447399000,1.37726,1.37726,1.37722,1.37724,70200000,1
1754447400000,1754447459000,1.37725,1.37735,1.37725,1.37735,93960000,1
1754447460000,1754447519000,1.37734,1.37735,1.37729,1.37729,50430000,1
1754447520000,1754447579000,1.37729,1.3773,1.37719,1.37721,93690000,1
1754447580000,1754447639000,1.3772,1.37721,1.3772,1.37721,31980000,1
1754447640000,1754447699000,1.37719,1.37728,1.37719,1.37726,99480000,1
1754447700000,1754447759000,1.37723,1.37724,1.37719,1.3772,73650000,1
1754447760000,1754447819000,1.3772,1.37722,1.37719,1.37719,36990000,1
1754447820000,1754447879000,1.37719,1.3772,1.37712,1.37719,42510000,1
1754447880000,1754447939000,1.3772,1.37724,1.3772,1.37721,32070000,1
1754447940000,1754447999000,1.37721,1.37732,1.3772,1.37732,35610000,1
1754448000000,1754448059000,1.37732,1.37738,1.37726,1.37727,163290000,1
1754448060000,1754448119000,1.37727,1.3773,1.37725,1.37729,174150000,1
1754448120000,1754448179000,1.37727,1.37728,1.37721,1.37722,90480000,1
1754448180000,1754448239000,1.37721,1.37732,1.37721,1.3773,141570000,1
1754448240000,1754448299000,1.37729,1.37732,1.37728,1.3773,88080000,1
1754448300000,1754448359000,1.37729,1.37739,1.37729,1.37738,112650000,1
1754448360000,1754448419000,1.37739,1.3774,1.37736,1.37737,55710000,1
1754448420000,1754448479000,1.37738,1.37739,1.37737,1.37738,54300000,1
1754448480000,1754448539000,1.37738,1.3774,1.37738,1.37738,50850000,1
1754448540000,1754448599000,1.37738,1.37738,1.37731,1.37734,72240000,1
1754448600000,1754448659000,1.37735,1.37737,1.37734,1.37734,16650000,1
1754448660000,1754448719000,1.37735,1.37735,1.3773,1.3773,14400000,1
1754448720000,1754448779000,1.37728,1.37731,1.37717,1.37719,39150000,1
1754448780000,1754448839000,1.3772,1.37732,1.3772,1.3773,67350000,1
1754448840000,1754448899000,1.37729,1.37731,1.37729,1.3773,28500000,1
1754448900000,1754448959000,1.3773,1.3773,1.37729,1.37729,10350000,1
1754448960000,1754449019000,1.37729,1.37736,1.37728,1.37733,37230000,1
1754449020000,1754449079000,1.37731,1.37734,1.37731,1.37734,8400000,1
1754449080000,1754449139000,1.37733,1.37733,1.37724,1.37728,58950000,1
1754449140000,1754449199000,1.37727,1.37728,1.37725,1.37727,26850000,1
1754449200000,1754449259000,1.37727,1.37727,1.37718,1.37721,67500000,1
1754449260000,1754449319000,1.37719,1.37726,1.37719,1.37719,75750000,1
1754449320000,1754449379000,1.37719,1.37721,1.37719,1.37721,51000000,1
1754449380000,1754449439000,1.3772,1.3772,1.37718,1.37718,21600000,1
1754449440000,1754449499000,1.37718,1.37719,1.37714,1.37714,24300000,1
1754449500000,1754449559000,1.37712,1.37715,1.3771,1.3771,26550000,1
1754449560000,1754449619000,1.37711,1.37711,1.37701,1.37701,32580000,1
1754449620000,1754449679000,1.37702,1.37711,1.37701,1.37708,52950000,1
1754449680000,1754449739000,1.37708,1.37708,1.37702,1.37702,52800000,1
1754449740000,1754449799000,1.37701,1.37702,1.37701,1.37702,21300000,1
1754449800000,1754449859000,1.377,1.37701,1.37694,1.37699,42300000,1
1754449860000,1754449919000,1.37699,1.37699,1.37698,1.37699,13200000,1
1754449920000,1754449979000,1.37699,1.37702,1.37698,1.377,53190000,1
1754449980000,1754450039000,1.377,1.37702,1.37699,1.37701,116700000,1
1754450040000,1754450099000,1.377,1.37701,1.37698,1.37698,35100000,1
1754450100000,1754450159000,1.37698,1.37699,1.37688,1.37691,59400000,1
1754450160000,1754450219000,1.3769,1.37692,1.3769,1.3769,51600000,1
1754450220000,1754450279000,1.37689,1.37699,1.37683,1.37698,102150000,1
1754450280000,1754450339000,1.37694,1.37695,1.37691,1.37691,14850000,1
1754450340000,1754450399000,1.3769,1.3769,1.37682,1.37683,27600000,1
1754450400000,1754450459000,1.37682,1.37685,1.37681,1.37682,78300000,1
1754450460000,1754450519000,1.37681,1.37684,1.37681,1.37683,30750000,1
1754450520000,1754450579000,1.37682,1.37682,1.37678,1.37678,46920000,1
1754450580000,1754450639000,1.37678,1.37684,1.37678,1.37682,49620000,1
1754450640000,1754450699000,1.37682,1.37702,1.37682,1.37702,33060000,1
1754450700000,1754450759000,1.37701,1.37702,1.37693,1.37693,18000000,1
1754450760000,1754450819000,1.37693,1.37702,1.37693,1.37698,36510000,1
1754450820000,1754450879000,1.37698,1.37704,1.37698,1.37702,19260000,1
1754450880000,1754450939000,1.37703,1.37703,1.37693,1.37693,17760000,1
1754450940000,1754450999000,1.37696,1.37696,1.37692,1.37693,20760000,1
1754451000000,1754451059000,1.37692,1.377,1.37691,1.37699,14820000,1
1754451060000,1754451119000,1.37699,1.37701,1.37695,1.37698,60420000,1
1754451120000,1754451179000,1.37699,1.37702,1.37696,1.37701,40590000,1
1754451180000,1754451239000,1.37701,1.37705,1.37698,1.37699,36480000,1
1754451240000,1754451299000,1.37697,1.37697,1.37687,1.37688,64050000,1
1754451300000,1754451359000,1.37689,1.37691,1.37685,1.3769,25200000,1
1754451360000,1754451419000,1.3769,1.377,1.37685,1.37695,50910000,1
1754451420000,1754451479000,1.37694,1.377,1.37694,1.377,47370000,1
1754451480000,1754451539000,1.37699,1.377,1.37696,1.377,29070000,1
1754451540000,1754451599000,1.37699,1.37701,1.37699,1.37699,38820000,1
1754451600000,1754451659000,1.37699,1.37703,1.37693,1.37693,100680000,1
1754451660000,1754451719000,1.37692,1.37693,1.37692,1.37693,22440000,1
1754451720000,1754451779000,1.37692,1.37694,1.37692,1.37694,49920000,1
1754451780000,1754451839000,1.37694,1.37695,1.37693,1.37693,9480000,1
1754451840000,1754451899000,1.37695,1.37695,1.37692,1.37692,13380000,1
1754451900000,1754451959000,1.37691,1.37697,1.37691,1.37696,10230000,1
1754451960000,1754452019000,1.37695,1.37696,1.37694,1.37694,20160000,1
1754452020000,1754452079000,1.37694,1.37695,1.37693,1.37693,18000000,1
1754452080000,1754452139000,1.37692,1.37701,1.37692,1.377,21240000,1
1754452140000,1754452199000,1.37699,1.37699,1.37693,1.37693,31440000,1
1754452200000,1754452259000,1.37691,1.37693,1.37691,1.37693,14760000,1
1754452260000,1754452319000,1.37693,1.37693,1.3769,1.3769,16050000,1
1754452320000,1754452379000,1.3769,1.37691,1.3769,1.37691,6900000,1
1754452380000,1754452439000,1.37691,1.37701,1.37691,1.37701,26850000,1
1754452440000,1754452499000,1.37701,1.37707,1.37701,1.37702,61890000,1
1754452500000,1754452559000,1.37703,1.37703,1.37692,1.37693,50400000,1
1754452560000,1754452619000,1.37692,1.37697,1.3769,1.37691,39450000,1
1754452620000,1754452679000,1.3769,1.3769,1.37682,1.37686,50010000,1
1754452680000,1754452739000,1.37685,1.37692,1.37685,1.37691,44010000,1
1754452740000,1754452799000,1.37692,1.37694,1.37692,1.37693,123540000,1
1754452800000,1754452859000,1.37693,1.37695,1.3769,1.37694,82440000,1
1754452860000,1754452919000,1.37693,1.37693,1.37673,1.37675,126830000,1
1754452920000,1754452979000,1.37674,1.37676,1.37674,1.37674,149100000,1
1754452980000,1754453039000,1.37675,1.37685,1.37674,1.37684,73200000,1
1754453040000,1754453099000,1.37684,1.37685,1.37684,1.37685,30600000,1
1754453100000,1754453159000,1.37684,1.37684,1.37679,1.37681,60150000,1
1754453160000,1754453219000,1.37682,1.37684,1.3768,1.37682,49200000,1
1754453220000,1754453279000,1.37683,1.37683,1.37679,1.37681,28950000,1
1754453280000,1754453339000,1.37681,1.3769,1.37681,1.37688,36300000,1
1754453340000,1754453399000,1.37687,1.3769,1.37684,1.37689,118350000,1
1754453400000,1754453459000,1.37688,1.37691,1.37688,1.37691,31650000,1
1754453460000,1754453519000,1.37689,1.37692,1.37689,1.3769,69450000,1
1754453520000,1754453579000,1.37689,1.37691,1.37682,1.37683,83700000,1
1754453580000,1754453639000,1.37682,1.37683,1.37682,1.37682,46350000,1
1754453640000,1754453699000,1.37683,1.37686,1.37682,1.37686,24750000,1
1754453700000,1754453759000,1.37685,1.37685,1.37679,1.37679,58050000,1
1754453760000,1754453819000,1.37679,1.37682,1.37679,1.3768,64800000,1
1754453820000,1754453879000,1.37681,1.37682,1.3768,1.37681,24300000,1
1754453880000,1754453939000,1.37681,1.37682,1.3768,1.3768,39360000,1
1754453940000,1754453999000,1.37681,1.37681,1.37663,1.37663,68490000,1
1754454000000,1754454059000,1.37663,1.37665,1.37662,1.37664,35250000,1
1754454060000,1754454119000,1.37664,1.37665,1.37653,1.37654,63150000,1
1754454120000,1754454179000,1.37654,1.37655,1.37646,1.37646,40350000,1
1754454180000,1754454239000,1.37647,1.37654,1.37647,1.37654,29400000,1
1754454240000,1754454299000,1.37656,1.37656,1.37652,1.37653,37350000,1
1754454300000,1754454359000,1.37653,1.37657,1.37653,1.37657,37950000,1
1754454360000,1754454419000,1.37656,1.37657,1.37655,1.37657,14100000,1
1754454420000,1754454479000,1.3766,1.37664,1.3766,1.37663,25350000,1
1754454480000,1754454539000,1.37663,1.37663,1.37662,1.37662,6150000,1
1754454540000,1754454599000,1.37663,1.37664,1.37663,1.37663,10350000,1
1754454600000,1754454659000,1.37663,1.37664,1.37652,1.37654,66450000,1
1754454660000,1754454719000,1.37654,1.37659,1.37654,1.37658,84300000,1
1754454720000,1754454779000,1.37659,1.37659,1.37654,1.37659,59160000,1
1754454780000,1754454839000,1.37659,1.3766,1.37654,1.37655,66060000,1
1754454840000,1754454899000,1.37655,1.37655,1.37652,1.37652,40800000,1
1754454900000,1754454959000,1.37652,1.37656,1.37651,1.37655,63600000,1
1754454960000,1754455019000,1.37654,1.37656,1.37654,1.37655,31200000,1
1754455020000,1754455079000,1.37653,1.37653,1.37648,1.3765,88200000,1
1754455080000,1754455139000,1.3765,1.37652,1.37648,1.37652,51000000,1
1754455140000,1754455199000,1.37653,1.37655,1.37652,1.37652,42300000,1
1754455200000,1754455259000,1.37651,1.37655,1.37651,1.37651,66150000,1
1754455260000,1754455319000,1.37651,1.37657,1.37649,1.37653,53700000,1
1754455320000,1754455379000,1.37653,1.37662,1.37653,1.37662,34650000,1
1754455380000,1754455439000,1.37664,1.37666,1.37661,1.37664,69750000,1
1754455440000,1754455499000,1.37664,1.37666,1.37664,1.37665,11550000,1
1754455500000,1754455559000,1.37664,1.37665,1.37663,1.37664,40950000,1
1754455560000,1754455619000,1.37663,1.37685,1.37663,1.37684,90480000,1
1754455620000,1754455679000,1.37683,1.37694,1.37683,1.37691,45810000,1
1754455680000,1754455739000,1.37686,1.37686,1.37674,1.37682,57810000,1
1754455740000,1754455799000,1.37681,1.37695,1.37681,1.37694,21360000,1
1754455800000,1754455859000,1.37693,1.37693,1.3769,1.37691,51240000,1
1754455860000,1754455919000,1.37692,1.37692,1.37676,1.37681,111300000,1
1754455920000,1754455979000,1.37682,1.37689,1.37681,1.37688,66180000,1
1754455980000,1754456039000,1.37688,1.37698,1.37688,1.37695,55560000,1
1754456040000,1754456099000,1.37696,1.37696,1.37691,1.37692,55710000,1
1754456100000,1754456159000,1.37691,1.37694,1.37691,1.37693,68580000,1
1754456160000,1754456219000,1.37693,1.37705,1.37692,1.37702,174930000,1
1754456220000,1754456279000,1.37701,1.37704,1.377,1.37701,126990000,1
1754456280000,1754456339000,1.37703,1.37703,1.37699,1.37699,113850000,1
1754456340000,1754456399000,1.37699,1.37705,1.37694,1.37703,92250000,1
1754456400000,1754456459000,1.37704,1.37712,1.377,1.37711,137790000,1
1754456460000,1754456519000,1.3771,1.37711,1.37698,1.37701,154380000,1
1754456520000,1754456579000,1.37702,1.37703,1.377,1.37703,108750000,1
1754456580000,1754456639000,1.37703,1.37714,1.37703,1.37714,42690000,1
1754456640000,1754456699000,1.37714,1.37714,1.37706,1.37706,46050000,1
1754456700000,1754456759000,1.37706,1.37708,1.37703,1.37703,18450000,1
1754456760000,1754456819000,1.37702,1.37703,1.377,1.37702,27450000,1
1754456820000,1754456879000,1.37703,1.3771,1.37702,1.37709,35670000,1
1754456880000,1754456939000,1.37709,1.37712,1.37704,1.37712,39300000,1
1754456940000,1754456999000,1.37712,1.3772,1.3771,1.37719,64350000,1
1754457000000,1754457059000,1.37718,1.37721,1.37717,1.37719,54450000,1
1754457060000,1754457119000,1.3772,1.37723,1.37719,1.37723,45000000,1
1754457120000,1754457179000,1.37722,1.37723,1.37718,1.3772,78600000,1
1754457180000,1754457239000,1.37719,1.37729,1.37716,1.37716,94980000,1
1754457240000,1754457299000,1.37717,1.37717,1.37713,1.37713,52500000,1
1754457300000,1754457359000,1.37712,1.37713,1.37708,1.37711,51000000,1
1754457360000,1754457419000,1.3771,1.37711,1.37709,1.37711,52800000,1
1754457420000,1754457479000,1.37711,1.37721,1.3771,1.37719,64590000,1
1754457480000,1754457539000,1.3772,1.3772,1.37716,1.37716,68850000,1
1754457540000,1754457599000,1.37716,1.37718,1.37713,1.37716,90720000,1
1754457600000,1754457659000,1.37717,1.37718,1.37713,1.37718,61290000,1
1754457660000,1754457719000,1.37719,1.3772,1.37714,1.37714,53520000,1
1754457720000,1754457779000,1.37716,1.37721,1.37711,1.37718,115800000,1
1754457780000,1754457839000,1.37719,1.37719,1.37709,1.37709,104550000,1
1754457840000,1754457899000,1.37709,1.3771,1.37707,1.37707,94500000,1
1754457900000,1754457959000,1.37708,1.3771,1.37707,1.3771,45390000,1
1754457960000,1754458019000,1.37708,1.3771,1.37699,1.37701,39330000,1
1754458020000,1754458079000,1.37701,1.3771,1.37701,1.3771,67350000,1
1754458080000,1754458139000,1.37709,1.37712,1.37709,1.37709,50310000,1
1754458140000,1754458199000,1.3771,1.3771,1.37709,1.37709,14430000,1
1754458200000,1754458259000,1.37709,1.37722,1.37709,1.37719,70680000,1
1754458260000,1754458319000,1.37719,1.3772,1.37711,1.37718,64860000,1
1754458320000,1754458379000,1.37718,1.37722,1.37717,1.3772,38040000,1
1754458380000,1754458439000,1.37721,1.37727,1.37718,1.3772,104880000,1
1754458440000,1754458499000,1.3772,1.37721,1.3772,1.3772,24750000,1
1754458500000,1754458559000,1.3772,1.37729,1.3772,1.37729,31200000,1
1754458560000,1754458619000,1.3773,1.37738,1.37728,1.37737,25290000,1
1754458620000,1754458679000,1.37737,1.37737,1.37734,1.37736,11700000,1
1754458680000,1754458739000,1.37736,1.37738,1.37731,1.37731,16050000,1
1754458740000,1754458799000,1.37732,1.37732,1.37729,1.37729,36810000,1
1754458800000,1754458859000,1.37728,1.37728,1.37721,1.37721,77640000,1
1754458860000,1754458919000,1.37721,1.37722,1.37719,1.3772,29220000,1
1754458920000,1754458979000,1.3772,1.37721,1.3772,1.37721,110100000,1
1754458980000,1754459039000,1.37722,1.37723,1.3772,1.37721,42900000,1
1754459040000,1754459099000,1.37722,1.37727,1.3772,1.37726,36270000,1
1754459100000,1754459159000,1.37725,1.37737,1.37725,1.37735,114900000,1
1754459160000,1754459219000,1.37735,1.37736,1.3773,1.37731,68100000,1
1754459220000,1754459279000,1.37729,1.37743,1.37725,1.37729,74100000,1
1754459280000,1754459339000,1.3773,1.3773,1.3772,1.3772,81300000,1
1754459340000,1754459399000,1.3772,1.37721,1.37719,1.37719,71700000,1
1754459400000,1754459459000,1.3772,1.37729,1.3772,1.37729,90120000,1
1754459460000,1754459519000,1.37727,1.37729,1.3772,1.37723,87450000,1
1754459520000,1754459579000,1.37722,1.37722,1.37719,1.37722,62550000,1
1754459580000,1754459639000,1.37721,1.37729,1.37721,1.37728,36150000,1
1754459640000,1754459699000,1.37729,1.3773,1.3772,1.3772,63510000,1
1754459700000,1754459759000,1.37722,1.37731,1.37721,1.3773,48420000,1
1754459760000,1754459819000,1.3773,1.37734,1.3773,1.37733,31440000,1
1754459820000,1754459879000,1.37731,1.37736,1.37722,1.37724,74850000,1
1754459880000,1754459939000,1.37724,1.37728,1.37719,1.37724,79050000,1
1754459940000,1754459999000,1.37724,1.37727,1.37722,1.37727,49200000,1
1754460000000,1754460059000,1.37729,1.37734,1.37724,1.37734,130800000,1
1754460060000,1754460119000,1.37734,1.37734,1.377,1.37701,106650000,1
1754460120000,1754460179000,1.37701,1.37707,1.37698,1.377,108150000,1
1754460180000,1754460239000,1.37701,1.37707,1.377,1.37707,86850000,1
1754460240000,1754460299000,1.37706,1.37707,1.37699,1.37702,127350000,1
1754460300000,1754460359000,1.37703,1.37707,1.37698,1.37699,98550000,1
1754460360000,1754460419000,1.37699,1.37708,1.37693,1.37696,71040000,1
1754460420000,1754460479000,1.37697,1.37697,1.37691,1.37691,21900000,1
1754460480000,1754460539000,1.3769,1.37692,1.37682,1.37684,102600000,1
1754460540000,1754460599000,1.37685,1.37689,1.37684,1.37687,57150000,1
1754460600000,1754460659000,1.37689,1.37695,1.37689,1.37694,106950000,1
1754460660000,1754460719000,1.37697,1.37706,1.37696,1.37705,97200000,1
1754460720000,1754460779000,1.37705,1.37706,1.37692,1.37692,34950000,1
1754460780000,1754460839000,1.3769,1.37691,1.37684,1.37691,69600000,1
1754460840000,1754460899000,1.37692,1.37694,1.37688,1.37693,94200000,1
1754460900000,1754460959000,1.37699,1.37699,1.37691,1.37693,68400000,1
1754460960000,1754461019000,1.37694,1.37694,1.37674,1.37675,83700000,1
1754461020000,1754461079000,1.37675,1.37678,1.37674,1.37675,60060000,1
1754461080000,1754461139000,1.37673,1.37676,1.37667,1.37667,83640000,1
1754461140000,1754461199000,1.37667,1.37672,1.37667,1.37671,78780000,1
1754461200000,1754461259000,1.37671,1.37675,1.37664,1.37672,58860000,1
1754461260000,1754461319000,1.37672,1.37673,1.3767,1.3767,44550000,1
1754461320000,1754461379000,1.37672,1.37675,1.37667,1.37669,58800000,1
1754461380000,1754461439000,1.37669,1.37669,1.3766,1.37661,65340000,1
1754461440000,1754461499000,1.37662,1.37662,1.37653,1.37654,147420000,1
1754461500000,1754461559000,1.37654,1.37655,1.37648,1.37655,63480000,1
1754461560000,1754461619000,1.37654,1.37654,1.37649,1.37652,48840000,1
1754461620000,1754461679000,1.37652,1.37663,1.37649,1.37663,60540000,1
1754461680000,1754461739000,1.37667,1.3767,1.37659,1.37659,143040000,1
1754461740000,1754461799000,1.37659,1.37663,1.37659,1.37662,57150000,1
1754461800000,1754461859000,1.37661,1.37663,1.37657,1.37661,107730000,1
1754461860000,1754461919000,1.37662,1.37662,1.37644,1.37644,82620000,1
1754461920000,1754461979000,1.37643,1.37646,1.37641,1.37646,89550000,1
1754461980000,1754462039000,1.37645,1.37656,1.37644,1.37656,113970000,1
1754462040000,1754462099000,1.37656,1.37656,1.37637,1.37637,82980000,1
1754462100000,1754462159000,1.37637,1.37645,1.37636,1.37637,77700000,1
1754462160000,1754462219000,1.37636,1.37642,1.37632,1.37642,55440000,1
1754462220000,1754462279000,1.37643,1.37652,1.37643,1.3765,59700000,1
1754462280000,1754462339000,1.3765,1.37669,1.3765,1.37656,104850000,1
1754462340000,1754462399000,1.37655,1.37658,1.3765,1.37657,84720000,1
1754462400000,1754462459000,1.37656,1.37665,1.37655,1.37663,69840000,1
1754462460000,1754462519000,1.37664,1.37665,1.37662,1.37662,30000000,1
1754462520000,1754462579000,1.37661,1.37663,1.37655,1.37662,52230000,1
1754462580000,1754462639000,1.37663,1.37664,1.37651,1.37651,42840000,1
1754462640000,1754462699000,1.37652,1.37654,1.37645,1.37647,41070000,1
1754462700000,1754462759000,1.37646,1.37652,1.37642,1.3765,75720000,1
1754462760000,1754462819000,1.37651,1.37656,1.37642,1.37649,97410000,1
1754462820000,1754462879000,1.37649,1.37664,1.37647,1.37654,166650000,1
1754462880000,1754462939000,1.37654,1.37656,1.37638,1.37638,88170000,1
1754462940000,1754462999000,1.37639,1.37639,1.37627,1.37634,63150000,1
1754463000000,1754463059000,1.37634,1.37646,1.37634,1.37636,67200000,1
1754463060000,1754463119000,1.37637,1.37641,1.37633,1.37636,43260000,1
1754463120000,1754463179000,1.37636,1.37641,1.37629,1.37631,62850000,1
1754463180000,1754463239000,1.37631,1.3764,1.3763,1.37636,61440000,1
1754463240000,1754463299000,1.37637,1.3765,1.37636,1.37647,40440000,1
1754463300000,1754463359000,1.37646,1.37661,1.37645,1.37658,78420000,1
1754463360000,1754463419000,1.37657,1.37664,1.37657,1.37662,45900000,1
1754463420000,1754463479000,1.37663,1.37676,1.37662,1.37674,89640000,1
1754463480000,1754463539000,1.37673,1.37673,1.37661,1.37668,104490000,1
1754463540000,1754463599000,1.37667,1.37669,1.37655,1.3766,214170000,1
1754463600000,1754463659000,1.37661,1.3767,1.37651,1.37669,168990000,1
1754463660000,1754463719000,1.3767,1.37691,1.3767,1.37672,124530000,1
1754463720000,1754463779000,1.37675,1.37677,1.37675,1.37675,66600000,1
1754463780000,1754463839000,1.37676,1.37676,1.37671,1.37673,66000000,1
1754463840000,1754463899000,1.37673,1.37676,1.37666,1.37675,81450000,1
1754463900000,1754463959000,1.37676,1.37676,1.37673,1.37673,48750000,1
1754463960000,1754464019000,1.37673,1.37686,1.37671,1.37683,76710000,1
1754464020000,1754464079000,1.37681,1.37684,1.37675,1.37675,71550000,1
1754464080000,1754464139000,1.37675,1.37684,1.37675,1.37679,56730000,1
1754464140000,1754464199000,1.3768,1.37687,1.3768,1.37683,56610000,1
1754464200000,1754464259000,1.37683,1.37685,1.37681,1.37684,51330000,1
1754464260000,1754464319000,1.37683,1.37703,1.37672,1.37701,86640000,1
1754464320000,1754464379000,1.37702,1.37705,1.37684,1.37684,81870000,1
1754464380000,1754464439000,1.37684,1.37686,1.37681,1.37684,52650000,1
1754464440000,1754464499000,1.37684,1.37703,1.37684,1.37703,44850000,1
1754464500000,1754464559000,1.37704,1.3772,1.37702,1.37713,82170000,1
1754464560000,1754464619000,1.37712,1.37712,1.37692,1.37693,105090000,1
1754464620000,1754464679000,1.37692,1.37692,1.37681,1.37685,84000000,1
1754464680000,1754464739000,1.37685,1.37693,1.37683,1.37686,95250000,1
1754464740000,1754464799000,1.37686,1.37693,1.37685,1.3769,64050000,1
1754464800000,1754464859000,1.37691,1.37694,1.37686,1.37693,81660000,1
1754464860000,1754464919000,1.37692,1.37702,1.3769,1.37694,83550000,1
1754464920000,1754464979000,1.37695,1.37703,1.37694,1.37702,46830000,1
1754464980000,1754465039000,1.37701,1.37709,1.37699,1.37706,79230000,1
1754465040000,1754465099000,1.37706,1.37707,1.37701,1.37701,66990000,1
1754465100000,1754465159000,1.37702,1.37702,1.37689,1.37691,120690000,1
1754465160000,1754465219000,1.37691,1.37698,1.3769,1.37694,82740000,1
1754465220000,1754465279000,1.37694,1.37694,1.37689,1.37691,79290000,1
1754465280000,1754465339000,1.3769,1.37693,1.37672,1.37674,124500000,1
1754465340000,1754465399000,1.37673,1.3768,1.37673,1.37679,97200000,1
1754465400000,1754465459000,1.37679,1.3768,1.37673,1.3768,62460000,1
1754465460000,1754465519000,1.37679,1.37686,1.37675,1.37686,71640000,1
1754465520000,1754465579000,1.37686,1.37689,1.3768,1.3768,66420000,1
1754465580000,1754465639000,1.3768,1.37693,1.37678,1.37693,71040000,1
1754465640000,1754465699000,1.37693,1.37693,1.3769,1.37691,63120000,1
1754465700000,1754465759000,1.37691,1.37691,1.37675,1.37675,65850000,1
1754465760000,1754465819000,1.37676,1.37678,1.37669,1.37671,91470000,1
1754465820000,1754465879000,1.3767,1.3767,1.37662,1.37662,59580000,1
1754465880000,1754465939000,1.37662,1.37662,1.37652,1.37655,91770000,1
1754465940000,1754465999000,1.37653,1.37661,1.37652,1.37652,116070000,1
1754466000000,1754466059000,1.37652,1.37661,1.37652,1.37658,78600000,1
1754466060000,1754466119000,1.37658,1.37658,1.37645,1.37656,112410000,1
1754466120000,1754466179000,1.37656,1.37661,1.37655,1.37655,74500000,1
1754466180000,1754466239000,1.37655,1.37657,1.37649,1.37649,56820000,1
1754466240000,1754466299000,1.3765,1.37654,1.3765,1.37651,35580000,1
1754466300000,1754466359000,1.37652,1.37665,1.37651,1.37664,47670000,1
1754466360000,1754466419000,1.37664,1.37664,1.37645,1.37649,53190000,1
1754466420000,1754466479000,1.3765,1.37653,1.37649,1.37652,44250000,1
1754466480000,1754466539000,1.37653,1.37666,1.37653,1.37662,29100000,1
1754466540000,1754466599000,1.37662,1.37662,1.3765,1.37657,50700000,1
1754466600000,1754466659000,1.37654,1.37655,1.37649,1.37651,49800000,1
1754466660000,1754466719000,1.3765,1.37653,1.37646,1.37647,42000000,1
1754466720000,1754466779000,1.37649,1.37649,1.37644,1.37646,42300000,1
1754466780000,1754466839000,1.37644,1.37644,1.37636,1.37638,55260000,1
1754466840000,1754466899000,1.37638,1.37643,1.37633,1.37635,121080000,1
1754466900000,1754466959000,1.37639,1.37646,1.37639,1.37645,70950000,1
1754466960000,1754467019000,1.37648,1.37654,1.37647,1.37654,20700000,1
1754467020000,1754467079000,1.37654,1.37667,1.37653,1.37663,84240000,1
1754467080000,1754467139000,1.37663,1.37663,1.37642,1.37645,102900000,1
1754467140000,1754467199000,1.37644,1.37644,1.37637,1.37639,118950000,1
1754467200000,1754467259000,1.37639,1.37655,1.37638,1.37651,202140000,1
1754467260000,1754467319000,1.37652,1.3766,1.37646,1.37656,218070000,1
1754467320000,1754467379000,1.37657,1.3766,1.37649,1.37659,155190000,1
1754467380000,1754467439000,1.37659,1.37664,1.37658,1.37659,94800000,1
1754467440000,1754467499000,1.37658,1.37669,1.37658,1.3766,112350000,1
1754467500000,1754467559000,1.3766,1.37673,1.3766,1.37672,139770000,1
1754467560000,1754467619000,1.37672,1.37678,1.37661,1.37661,109110000,1
1754467620000,1754467679000,1.37664,1.37666,1.37661,1.37663,93420000,1
1754467680000,1754467739000,1.37664,1.37671,1.37664,1.37665,31950000,1
1754467740000,1754467799000,1.37664,1.37669,1.37664,1.37667,85620000,1
1754467800000,1754467859000,1.37666,1.37668,1.37658,1.37667,67650000,1
1754467860000,1754467919000,1.37668,1.3767,1.37665,1.37668,64650000,1
1754467920000,1754467979000,1.37667,1.37675,1.37665,1.37675,39450000,1
1754467980000,1754468039000,1.37677,1.37697,1.37677,1.37684,111450000,1
1754468040000,1754468099000,1.37685,1.37695,1.37676,1.37676,65850000,1
1754468100000,1754468159000,1.37674,1.37675,1.37666,1.3767,33600000,1
1754468160000,1754468219000,1.3767,1.37689,1.37668,1.37683,77700000,1
1754468220000,1754468279000,1.37683,1.37701,1.37682,1.37701,113640000,1
1754468280000,1754468339000,1.377,1.37712,1.377,1.37712,144900000,1
1754468340000,1754468399000,1.37711,1.37718,1.37711,1.37718,78270000,1
1754468400000,1754468459000,1.37714,1.37724,1.37712,1.37722,85500000,1
1754468460000,1754468519000,1.37722,1.37733,1.37721,1.37732,50400000,1
1754468520000,1754468579000,1.37733,1.37733,1.37721,1.37723,51150000,1
1754468580000,1754468639000,1.37723,1.37725,1.37718,1.37725,32100000,1
1754468640000,1754468699000,1.37725,1.37731,1.3772,1.3773,79620000,1
1754468700000,1754468759000,1.37731,1.37738,1.3773,1.37736,53130000,1
1754468760000,1754468819000,1.37736,1.37736,1.3773,1.37732,101070000,1
1754468820000,1754468879000,1.3773,1.37736,1.3773,1.37736,43980000,1
1754468880000,1754468939000,1.37734,1.37738,1.37731,1.37738,59370000,1
1754468940000,1754468999000,1.37738,1.37746,1.37738,1.37742,42240000,1
1754469000000,1754469059000,1.37743,1.37748,1.37738,1.37738,79050000,1
1754469060000,1754469119000,1.37739,1.37739,1.3772,1.37727,98700000,1
1754469120000,1754469179000,1.37727,1.37728,1.37712,1.37717,223200000,1
1754469180000,1754469239000,1.37717,1.37721,1.3771,1.37721,121350000,1
1754469240000,1754469299000,1.3772,1.37729,1.37717,1.37729,101550000,1
1754469300000,1754469359000,1.37728,1.37728,1.37712,1.37714,89700000,1
1754469360000,1754469419000,1.37716,1.37716,1.37709,1.37711,49800000,1
1754469420000,1754469479000,1.37709,1.3771,1.37702,1.37702,53550000,1
1754469480000,1754469539000,1.37702,1.37711,1.37702,1.37708,44700000,1
1754469540000,1754469599000,1.37709,1.37709,1.37698,1.377,84000000,1
1754469600000,1754469659000,1.377,1.37708,1.37698,1.377,57600000,1
1754469660000,1754469719000,1.37699,1.377,1.37689,1.37697,46950000,1
1754469720000,1754469779000,1.37697,1.377,1.37691,1.37698,85500000,1
1754469780000,1754469839000,1.37697,1.37698,1.37692,1.37693,89220000,1
1754469840000,1754469899000,1.37692,1.37692,1.37672,1.37675,85350000,1
1754469900000,1754469959000,1.37676,1.37681,1.37674,1.3768,77250000,1
1754469960000,1754470019000,1.3768,1.3769,1.3768,1.3769,69750000,1
1754470020000,1754470079000,1.3769,1.37698,1.37687,1.37692,88350000,1
1754470080000,1754470139000,1.37692,1.37695,1.37685,1.37687,73500000,1
1754470140000,1754470199000,1.37686,1.37693,1.37682,1.37691,59850000,1
1754470200000,1754470259000,1.37692,1.37699,1.37691,1.37698,30450000,1
1754470260000,1754470319000,1.37696,1.37698,1.37691,1.37696,36000000,1
1754470320000,1754470379000,1.37696,1.37696,1.37692,1.37692,38100000,1
1754470380000,1754470439000,1.37692,1.37696,1.37689,1.37689,37200000,1
1754470440000,1754470499000,1.3769,1.37696,1.37687,1.37692,45300000,1
1754470500000,1754470559000,1.37692,1.37693,1.37683,1.37683,42900000,1
1754470560000,1754470619000,1.37683,1.37684,1.37682,1.37682,58800000,1
1754470620000,1754470679000,1.37683,1.37687,1.37682,1.37683,28200000,1
1754470680000,1754470739000,1.37683,1.37684,1.37679,1.37682,74850000,1
1754470740000,1754470799000,1.37684,1.37684,1.3768,1.37683,22350000,1
1754470800000,1754470859000,1.37681,1.37682,1.37674,1.37675,23550000,1
1754470860000,1754470919000,1.37675,1.37675,1.37664,1.37671,51000000,1
1754470920000,1754470979000,1.37673,1.37678,1.37669,1.37671,48150000,1
1754470980000,1754471039000,1.37672,1.37683,1.37671,1.3768,103170000,1
1754471040000,1754471099000,1.37678,1.37685,1.37675,1.37681,92700000,1
1754471100000,1754471159000,1.37681,1.37684,1.37677,1.37683,47550000,1
1754471160000,1754471219000,1.37683,1.37684,1.37675,1.37676,49650000,1
1754471220000,1754471279000,1.37679,1.37679,1.37673,1.37673,53850000,1
1754471280000,1754471339000,1.37673,1.37681,1.37673,1.37681,52950000,1
1754471340000,1754471399000,1.37682,1.37691,1.37681,1.37688,56190000,1
1754471400000,1754471459000,1.37688,1.37689,1.37681,1.37682,28350000,1
1754471460000,1754471519000,1.37682,1.37683,1.37681,1.37682,9750000,1
1754471520000,1754471579000,1.37682,1.37689,1.3768,1.37683,56340000,1
1754471580000,1754471639000,1.37683,1.37683,1.37674,1.37674,65550000,1
1754471640000,1754471699000,1.37675,1.37676,1.37671,1.37672,50850000,1
1754471700000,1754471759000,1.37671,1.37671,1.37661,1.37663,66600000,1
1754471760000,1754471819000,1.37662,1.37667,1.37661,1.37665,56700000,1
1754471820000,1754471879000,1.37665,1.37665,1.37663,1.37663,23550000,1
1754471880000,1754471939000,1.37664,1.37666,1.37664,1.37664,25650000,1
1754471940000,1754471999000,1.37665,1.37665,1.37658,1.37661,39420000,1
1754472000000,1754472059000,1.3766,1.37675,1.3766,1.37674,73890000,1
1754472060000,1754472119000,1.37675,1.37676,1.37674,1.37675,42750000,1
1754472120000,1754472179000,1.37674,1.37677,1.37669,1.37674,102840000,1
1754472180000,1754472239000,1.37674,1.37677,1.37673,1.37675,41250000,1
1754472240000,1754472299000,1.37674,1.37686,1.37673,1.37686,38550000,1
1754472300000,1754472359000,1.37685,1.37686,1.3768,1.37682,37320000,1
1754472360000,1754472419000,1.3768,1.3768,1.37673,1.37674,16050000,1
1754472420000,1754472479000,1.37675,1.3768,1.37673,1.37674,25200000,1
1754472480000,1754472539000,1.37675,1.37676,1.37675,1.37676,15000000,1
1754472540000,1754472599000,1.37675,1.37677,1.37675,1.37675,27450000,1
1754472600000,1754472659000,1.37675,1.37682,1.37672,1.37679,84690000,1
1754472660000,1754472719000,1.37678,1.37685,1.37676,1.37677,73230000,1
1754472720000,1754472779000,1.37677,1.37685,1.37677,1.37685,15660000,1
1754472780000,1754472839000,1.37682,1.37693,1.37681,1.37693,55650000,1
1754472840000,1754472899000,1.37693,1.37693,1.37664,1.37664,61890000,1
1754472900000,1754472959000,1.37665,1.37666,1.37664,1.37664,15450000,1
1754472960000,1754473019000,1.37666,1.37667,1.37664,1.37665,17250000,1
1754473020000,1754473079000,1.37664,1.3767,1.37664,1.37667,17400000,1
1754473080000,1754473139000,1.37667,1.37667,1.37656,1.3766,71340000,1
1754473140000,1754473199000,1.37661,1.37662,1.37656,1.37662,43350000,1
1754473200000,1754473259000,1.37662,1.37663,1.37656,1.37663,67890000,1
1754473260000,1754473319000,1.37661,1.37668,1.37661,1.37667,42600000,1
1754473320000,1754473379000,1.37665,1.37665,1.37656,1.3766,66720000,1
1754473380000,1754473439000,1.3766,1.37662,1.37658,1.37661,84150000,1
1754473440000,1754473499000,1.37659,1.37666,1.37659,1.37665,95250000,1
1754473500000,1754473559000,1.37665,1.37666,1.37659,1.37665,73080000,1
1754473560000,1754473619000,1.37666,1.37674,1.37663,1.37667,67680000,1
1754473620000,1754473679000,1.37666,1.37675,1.37665,1.37673,49200000,1
1754473680000,1754473739000,1.37673,1.37682,1.37672,1.37681,39540000,1
1754473740000,1754473799000,1.37681,1.37682,1.37675,1.37679,43770000,1
1754473800000,1754473859000,1.37679,1.37685,1.37678,1.37678,30840000,1
1754473860000,1754473919000,1.37678,1.37679,1.37672,1.37673,71160000,1
1754473920000,1754473979000,1.37671,1.37671,1.37657,1.37662,100590000,1
1754473980000,1754474039000,1.37662,1.37668,1.37662,1.37665,37350000,1
1754474040000,1754474099000,1.37665,1.37666,1.37661,1.37664,47850000,1
1754474100000,1754474159000,1.37664,1.37665,1.37662,1.37662,14400000,1
1754474160000,1754474219000,1.37661,1.3767,1.3766,1.3767,80940000,1
1754474220000,1754474279000,1.3767,1.37684,1.3767,1.3768,117540000,1
1754474280000,1754474339000,1.37681,1.37681,1.37672,1.37672,38850000,1
1754474340000,1754474399000,1.37671,1.37673,1.37664,1.37673,83100000,1
1754474400000,1754474459000,1.37675,1.37685,1.37675,1.37683,81150000,1
1754474460000,1754474519000,1.37681,1.37684,1.37677,1.37682,62400000,1
1754474520000,1754474579000,1.37682,1.37682,1.37677,1.37682,46950000,1
1754474580000,1754474639000,1.37681,1.37682,1.37675,1.37675,77400000,1
1754474640000,1754474699000,1.37676,1.37676,1.37665,1.37665,56040000,1
1754474700000,1754474759000,1.37666,1.37672,1.37664,1.37671,57690000,1
1754474760000,1754474819000,1.3767,1.37671,1.37667,1.3767,45870000,1
1754474820000,1754474879000,1.3767,1.37671,1.3764,1.3765,190560000,1
1754474880000,1754474939000,1.37651,1.37651,1.37619,1.37626,144450000,1
1754474940000,1754474999000,1.37626,1.37643,1.37623,1.37643,98550000,1
1754475000000,1754475059000,1.37642,1.37648,1.37626,1.37626,102000000,1
1754475060000,1754475119000,1.37626,1.37628,1.37615,1.37628,65490000,1
1754475120000,1754475179000,1.37628,1.37629,1.37613,1.37618,165090000,1
1754475180000,1754475239000,1.37617,1.37617,1.37598,1.37604,213390000,1
1754475240000,1754475299000,1.37602,1.37608,1.376,1.37602,53700000,1
1754475300000,1754475359000,1.37602,1.37609,1.37602,1.37606,32040000,1
1754475360000,1754475419000,1.37607,1.37608,1.37599,1.37604,58770000,1
1754475420000,1754475479000,1.37605,1.37608,1.376,1.37607,52200000,1
1754475480000,1754475539000,1.37608,1.37615,1.37607,1.37611,37200000,1
1754475540000,1754475599000,1.37611,1.37612,1.37605,1.37607,32670000,1
1754475600000,1754475659000,1.37607,1.37607,1.37584,1.37584,126600000,1
1754475660000,1754475719000,1.37584,1.37607,1.37584,1.37606,122040000,1
1754475720000,1754475779000,1.37606,1.37621,1.37606,1.37614,120450000,1
1754475780000,1754475839000,1.37615,1.37622,1.37615,1.37616,62340000,1
1754475840000,1754475899000,1.37618,1.37626,1.37618,1.37626,27420000,1
1754475900000,1754475959000,1.37627,1.37637,1.37624,1.37637,21150000,1
1754475960000,1754476019000,1.37636,1.37653,1.37636,1.37648,68160000,1
1754476020000,1754476079000,1.37648,1.37649,1.37647,1.37648,23220000,1
1754476080000,1754476139000,1.37646,1.37648,1.37643,1.37648,21240000,1
1754476140000,1754476199000,1.37647,1.37654,1.37647,1.37653,75060000,1
1754476200000,1754476259000,1.37654,1.37658,1.37654,1.37657,58470000,1
1754476260000,1754476319000,1.37657,1.3766,1.3764,1.3764,75270000,1
1754476320000,1754476379000,1.37641,1.37647,1.37637,1.37647,46200000,1
1754476380000,1754476439000,1.37646,1.3765,1.37646,1.37649,75750000,1
1754476440000,1754476499000,1.37649,1.37651,1.37647,1.37647,37020000,1
1754476500000,1754476559000,1.37648,1.37658,1.37647,1.37657,35940000,1
1754476560000,1754476619000,1.37658,1.37658,1.37646,1.37649,36030000,1
1754476620000,1754476679000,1.37649,1.3765,1.37648,1.37648,42900000,1
1754476680000,1754476739000,1.37647,1.37648,1.37636,1.37636,39000000,1
1754476740000,1754476799000,1.37636,1.3764,1.37636,1.37636,21540000,1
1754476800000,1754476859000,1.37636,1.37645,1.37636,1.37645,52950000,1
1754476860000,1754476919000,1.37645,1.3765,1.37645,1.37646,61950000,1
1754476920000,1754476979000,1.37646,1.37648,1.37646,1.37647,24600000,1
1754476980000,1754477039000,1.37648,1.3765,1.37646,1.37647,28800000,1
1754477040000,1754477099000,1.37647,1.37647,1.37625,1.37625,64440000,1
1754477100000,1754477159000,1.37624,1.37637,1.37612,1.37612,112440000,1
1754477160000,1754477219000,1.37614,1.37614,1.37593,1.37594,160440000,1
1754477220000,1754477279000,1.37595,1.37596,1.37564,1.37569,148530000,1
1754477280000,1754477339000,1.37571,1.3758,1.37569,1.37579,83460000,1
1754477340000,1754477399000,1.37578,1.37591,1.37576,1.37587,114150000,1
1754477400000,1754477459000,1.37587,1.37588,1.37567,1.37567,95100000,1
1754477460000,1754477519000,1.37567,1.37572,1.37548,1.37549,187050000,1
1754477520000,1754477579000,1.37549,1.37568,1.37549,1.37557,143100000,1
1754477580000,1754477639000,1.37557,1.37557,1.37535,1.37536,183960000,1
1754477640000,1754477699000,1.37538,1.37547,1.37534,1.37544,158340000,1
1754477700000,1754477759000,1.37543,1.37551,1.37541,1.37545,110640000,1
1754477760000,1754477819000,1.37548,1.37559,1.37547,1.37554,188550000,1
1754477820000,1754477879000,1.37555,1.37555,1.37542,1.37544,107580000,1
1754477880000,1754477939000,1.37543,1.37543,1.37535,1.37537,72990000,1
1754477940000,1754477999000,1.37537,1.3755,1.37535,1.3755,41940000,1
1754478000000,1754478059000,1.3755,1.37564,1.3755,1.37559,141630000,1
1754478060000,1754478119000,1.37559,1.37559,1.37545,1.3755,119220000,1
1754478120000,1754478179000,1.37549,1.37561,1.37549,1.37558,166800000,1
1754478180000,1754478239000,1.37558,1.37568,1.37558,1.37567,93540000,1
1754478240000,1754478299000,1.37566,1.37581,1.37566,1.3757,119400000,1
1754478300000,1754478359000,1.3757,1.37572,1.37548,1.3755,83220000,1
1754478360000,1754478419000,1.3755,1.3755,1.37541,1.37543,59550000,1
1754478420000,1754478479000,1.37543,1.37544,1.37531,1.37532,88650000,1
1754478480000,1754478539000,1.37532,1.37544,1.37531,1.37543,158850000,1
1754478540000,1754478599000,1.37542,1.37544,1.37541,1.37543,32400000,1
1754478600000,1754478659000,1.37542,1.37542,1.3753,1.37533,101550000,1
1754478660000,1754478719000,1.37533,1.37533,1.37527,1.37532,112920000,1
1754478720000,1754478779000,1.37532,1.37532,1.37529,1.3753,62280000,1
1754478780000,1754478839000,1.37529,1.37531,1.37524,1.37525,67470000,1
1754478840000,1754478899000,1.37524,1.37529,1.37524,1.37526,21150000,1
1754478900000,1754478959000,1.37525,1.37525,1.37516,1.37525,78000000,1
1754478960000,1754479019000,1.37526,1.37526,1.37516,1.37516,63750000,1
1754479020000,1754479079000,1.37516,1.37519,1.37513,1.37515,70050000,1
1754479080000,1754479139000,1.37515,1.37515,1.37509,1.37514,57450000,1
1754479140000,1754479199000,1.37512,1.37512,1.3749,1.37491,71850000,1
1754479200000,1754479259000,1.37492,1.37494,1.3749,1.37493,83100000,1
1754479260000,1754479319000,1.37492,1.37493,1.37482,1.37484,141720000,1
1754479320000,1754479379000,1.37484,1.37484,1.37473,1.37484,95070000,1
1754479380000,1754479439000,1.37484,1.37486,1.37469,1.37469,140700000,1
1754479440000,1754479499000,1.37469,1.37482,1.37469,1.37472,110010000,1
1754479500000,1754479559000,1.37473,1.37473,1.37462,1.3747,88740000,1
1754479560000,1754479619000,1.3747,1.37473,1.37464,1.37472,52530000,1
1754479620000,1754479679000,1.37472,1.37485,1.37472,1.37482,139320000,1
1754479680000,1754479739000,1.37481,1.37483,1.37473,1.37474,107430000,1
1754479740000,1754479799000,1.37474,1.37474,1.37469,1.37473,76290000,1
1754479800000,1754479859000,1.37472,1.37477,1.37452,1.37473,176700000,1
1754479860000,1754479919000,1.37473,1.37475,1.37463,1.37473,127590000,1
1754479920000,1754479979000,1.37473,1.3748,1.37471,1.37479,87210000,1
1754479980000,1754480039000,1.3748,1.37498,1.3748,1.37498,82500000,1
1754480040000,1754480099000,1.375,1.375,1.37489,1.37494,50490000,1
1754480100000,1754480159000,1.37494,1.37518,1.37494,1.37506,58740000,1
1754480160000,1754480219000,1.37506,1.37515,1.37505,1.37507,45750000,1
1754480220000,1754480279000,1.37505,1.37514,1.37505,1.37512,29400000,1
1754480280000,1754480339000,1.37512,1.37531,1.37512,1.37521,61650000,1
1754480340000,1754480399000,1.3752,1.37537,1.37517,1.37536,58800000,1
1754480400000,1754480459000,1.37537,1.37541,1.37524,1.37524,57900000,1
1754480460000,1754480519000,1.37525,1.37538,1.37525,1.37532,62400000,1
1754480520000,1754480579000,1.37534,1.37535,1.3753,1.37531,28350000,1
1754480580000,1754480639000,1.37531,1.37539,1.37531,1.37536,31350000,1
1754480640000,1754480699000,1.37537,1.37542,1.37536,1.37536,16470000,1
1754480700000,1754480759000,1.37539,1.3754,1.37533,1.37538,23100000,1
1754480760000,1754480819000,1.37538,1.37538,1.37525,1.37526,59790000,1
1754480820000,1754480879000,1.37527,1.37547,1.37517,1.37542,60570000,1
1754480880000,1754480939000,1.37543,1.37554,1.37543,1.37552,30660000,1
1754480940000,1754480999000,1.37551,1.37562,1.37551,1.37562,56550000,1
1754481000000,1754481059000,1.37562,1.37563,1.37553,1.37562,66000000,1
1754481060000,1754481119000,1.37564,1.37565,1.37555,1.37563,31080000,1
1754481120000,1754481179000,1.37564,1.37564,1.37552,1.37553,45300000,1
1754481180000,1754481239000,1.37553,1.37558,1.37553,1.37558,16050000,1
1754481240000,1754481299000,1.37559,1.37559,1.37551,1.37552,41100000,1
1754481300000,1754481359000,1.37552,1.37563,1.37552,1.37562,48630000,1
1754481360000,1754481419000,1.3756,1.3757,1.3756,1.37568,15900000,1
1754481420000,1754481479000,1.3757,1.37575,1.3757,1.37571,19950000,1
1754481480000,1754481539000,1.37568,1.37575,1.37563,1.37573,42750000,1
1754481540000,1754481599000,1.37574,1.37574,1.37571,1.37571,16350000,1
1754481600000,1754481659000,1.3757,1.3757,1.37562,1.37562,42450000,1
1754481660000,1754481719000,1.37563,1.37578,1.37562,1.37578,56850000,1
1754481720000,1754481779000,1.37577,1.37582,1.37571,1.37582,27450000,1
1754481780000,1754481839000,1.37581,1.37582,1.37571,1.37579,33870000,1
1754481840000,1754481899000,1.37582,1.37602,1.37582,1.37602,63450000,1
1754481900000,1754481959000,1.37602,1.37602,1.37599,1.376,38460000,1
1754481960000,1754482019000,1.376,1.37601,1.37591,1.37595,53550000,1
1754482020000,1754482079000,1.37593,1.37593,1.37584,1.3759,52500000,1
1754482080000,1754482139000,1.37588,1.37592,1.37584,1.37592,35250000,1
1754482140000,1754482199000,1.3759,1.3759,1.37587,1.37589,16950000,1
1754482200000,1754482259000,1.37591,1.37599,1.37585,1.37589,47700000,1
1754482260000,1754482319000,1.37587,1.37588,1.37562,1.37567,97620000,1
1754482320000,1754482379000,1.37566,1.37576,1.37566,1.37573,152400000,1
1754482380000,1754482439000,1.37573,1.37577,1.37572,1.37573,55050000,1
1754482440000,1754482499000,1.37572,1.37572,1.3756,1.37567,158400000,1
1754482500000,1754482559000,1.37567,1.37588,1.37564,1.37588,131550000,1
1754482560000,1754482619000,1.37589,1.37598,1.37584,1.37596,45900000,1
1754482620000,1754482679000,1.37595,1.37611,1.37593,1.37606,42150000,1
1754482680000,1754482739000,1.37607,1.37607,1.37591,1.37591,40050000,1
1754482740000,1754482799000,1.37589,1.37592,1.37587,1.37592,20250000,1
1754482800000,1754482859000,1.37589,1.37589,1.37562,1.37565,135750000,1
1754482860000,1754482919000,1.37562,1.37569,1.3755,1.37551,99900000,1
1754482920000,1754482979000,1.37551,1.37579,1.37551,1.37579,55050000,1
1754482980000,1754483039000,1.37578,1.37578,1.37568,1.37569,27750000,1
1754483040000,1754483099000,1.37569,1.37573,1.37568,1.37568,31650000,1
1754483100000,1754483159000,1.37569,1.37581,1.37568,1.37579,65400000,1
1754483160000,1754483219000,1.37578,1.37578,1.37572,1.37574,20700000,1
1754483220000,1754483279000,1.37572,1.37573,1.37564,1.37565,37350000,1
1754483280000,1754483339000,1.37564,1.37568,1.37562,1.37563,77400000,1
1754483340000,1754483399000,1.37562,1.37571,1.37555,1.37555,105300000,1
1754483400000,1754483459000,1.37555,1.3756,1.3755,1.37553,92700000,1
1754483460000,1754483519000,1.37553,1.37564,1.37553,1.37562,106620000,1
1754483520000,1754483579000,1.37563,1.37563,1.3755,1.3755,74040000,1
1754483580000,1754483639000,1.3755,1.3755,1.3754,1.37543,53250000,1
1754483640000,1754483699000,1.37542,1.37543,1.37538,1.37543,72300000,1
1754483700000,1754483759000,1.37541,1.37544,1.37533,1.37534,121500000,1
1754483760000,1754483819000,1.37533,1.37549,1.37531,1.37545,99780000,1
1754483820000,1754483879000,1.37544,1.37551,1.37541,1.3755,52950000,1
1754483880000,1754483939000,1.37552,1.37555,1.37545,1.3755,118500000,1
1754483940000,1754483999000,1.37548,1.37556,1.37547,1.37552,133980000,1
1754484000000,1754484059000,1.37551,1.37556,1.3755,1.3755,28890000,1
1754484060000,1754484119000,1.37552,1.37566,1.37552,1.37566,190500000,1
1754484120000,1754484179000,1.37566,1.37571,1.3756,1.37563,142110000,1
1754484180000,1754484239000,1.37563,1.37563,1.37548,1.37549,188190000,1
1754484240000,1754484299000,1.37551,1.37551,1.37538,1.3754,114000000,1
1754484300000,1754484359000,1.37541,1.37544,1.37539,1.37542,52980000,1
1754484360000,1754484419000,1.37541,1.37541,1.37526,1.37531,135450000,1
1754484420000,1754484479000,1.3753,1.37532,1.37526,1.37526,141270000,1
1754484480000,1754484539000,1.37527,1.37527,1.37519,1.37522,107910000,1
1754484540000,1754484599000,1.37523,1.37529,1.37494,1.37495,84810000,1
1754484600000,1754484659000,1.37494,1.37497,1.37485,1.37495,103560000,1
1754484660000,1754484719000,1.37492,1.37506,1.37492,1.37499,44730000,1
1754484720000,1754484779000,1.375,1.37507,1.375,1.37503,32190000,1
1754484780000,1754484839000,1.37504,1.37512,1.37502,1.37504,36750000,1
1754484840000,1754484899000,1.37504,1.37504,1.37472,1.37472,86550000,1
1754484900000,1754484959000,1.37472,1.37472,1.37447,1.37458,92520000,1
1754484960000,1754485019000,1.37457,1.37457,1.37434,1.3744,89700000,1
1754485020000,1754485079000,1.37439,1.37462,1.37437,1.37457,67060000,1
1754485080000,1754485139000,1.37457,1.37481,1.37457,1.37474,94950000,1
1754485140000,1754485199000,1.37471,1.37476,1.37459,1.37469,164280000,1
1754485200000,1754485259000,1.37469,1.37471,1.37443,1.3745,295140000,1
1754485260000,1754485319000,1.37451,1.37457,1.37442,1.37447,230490000,1
1754485320000,1754485379000,1.37445,1.37458,1.37438,1.37447,147150000,1
1754485380000,1754485439000,1.37445,1.37445,1.37437,1.37445,41700000,1
1754485440000,1754485499000,1.37445,1.37462,1.37444,1.37462,42540000,1
1754485500000,1754485559000,1.37461,1.37476,1.37456,1.37472,51630000,1
1754485560000,1754485619000,1.37472,1.37495,1.37469,1.37471,102840000,1
1754485620000,1754485679000,1.37474,1.37475,1.37461,1.37474,43380000,1
1754485680000,1754485739000,1.37475,1.37478,1.37474,1.37478,18630000,1
1754485740000,1754485799000,1.37475,1.37481,1.37471,1.37476,41550000,1
1754485800000,1754485859000,1.37474,1.37478,1.37465,1.37467,22110000,1
1754485860000,1754485919000,1.37467,1.37468,1.37455,1.37457,38550000,1
1754485920000,1754485979000,1.37456,1.37456,1.37439,1.37447,61200000,1
1754485980000,1754486039000,1.37447,1.37458,1.37447,1.37457,29790000,1
1754486040000,1754486099000,1.37455,1.37457,1.3743,1.37435,140850000,1
1754486100000,1754486159000,1.37435,1.37454,1.37435,1.37453,122520000,1
1754486160000,1754486219000,1.37452,1.37472,1.37452,1.37467,53490000,1
1754486220000,1754486279000,1.37467,1.3747,1.37461,1.37462,23850000,1
1754486280000,1754486339000,1.3746,1.37465,1.37457,1.37462,66600000,1
1754486340000,1754486399000,1.37461,1.37462,1.37457,1.37458,40350000,1
1754486400000,1754486459000,1.37455,1.37457,1.37444,1.37455,91920000,1
1754486460000,1754486519000,1.37454,1.37466,1.3745,1.3746,30300000,1
1754486520000,1754486579000,1.37461,1.37472,1.3746,1.37462,56550000,1
1754486580000,1754486639000,1.37459,1.37463,1.37457,1.37457,52770000,1
1754486640000,1754486699000,1.37456,1.37459,1.37449,1.3745,70600000,1
1754486700000,1754486759000,1.3745,1.3745,1.37427,1.37439,173590000,1
1754486760000,1754486819000,1.37439,1.3746,1.37438,1.37459,133200000,1
1754486820000,1754486879000,1.37459,1.37477,1.37456,1.37457,156780000,1
1754486880000,1754486939000,1.37458,1.37469,1.37456,1.37467,118530000,1
1754486940000,1754486999000,1.37467,1.37477,1.37459,1.37464,99150000,1
1754487000000,1754487059000,1.37466,1.37466,1.37408,1.37417,286260000,1
1754487060000,1754487119000,1.37419,1.37429,1.37416,1.37424,168960000,1
1754487120000,1754487179000,1.37424,1.37459,1.37424,1.37456,194010000,1
1754487180000,1754487239000,1.37456,1.37462,1.37436,1.37437,162090000,1
1754487240000,1754487299000,1.37438,1.37456,1.37431,1.37455,153150000,1
1754487300000,1754487359000,1.37456,1.37457,1.37437,1.37451,150420000,1
1754487360000,1754487419000,1.37451,1.37466,1.37447,1.37466,137250000,1
1754487420000,1754487479000,1.37468,1.37501,1.37468,1.37498,105210000,1
1754487480000,1754487539000,1.37497,1.37509,1.37487,1.37509,83070000,1
1754487540000,1754487599000,1.37508,1.37509,1.37494,1.37506,38670000,1
1754487600000,1754487659000,1.37506,1.37515,1.37481,1.37489,111000000,1
1754487660000,1754487719000,1.3749,1.37506,1.37488,1.37488,117450000,1
1754487720000,1754487779000,1.37488,1.37497,1.37486,1.37496,85050000,1
1754487780000,1754487839000,1.37497,1.37497,1.37477,1.37478,99150000,1
1754487840000,1754487899000,1.37477,1.37479,1.37466,1.3747,98400000,1
1754487900000,1754487959000,1.37468,1.3748,1.37466,1.37477,39570000,1
1754487960000,1754488019000,1.37477,1.37499,1.37475,1.37489,71970000,1
1754488020000,1754488079000,1.37489,1.37492,1.37468,1.37469,186930000,1
1754488080000,1754488139000,1.37468,1.37471,1.37456,1.37465,249480000,1
1754488140000,1754488199000,1.37466,1.37486,1.37465,1.37486,120150000,1
1754488200000,1754488259000,1.37487,1.37494,1.37474,1.37476,127800000,1
1754488260000,1754488319000,1.37475,1.37476,1.37452,1.37455,168900000,1
1754488320000,1754488379000,1.37455,1.37457,1.37435,1.37437,113100000,1
1754488380000,1754488439000,1.37436,1.37448,1.37433,1.37446,90600000,1
1754488440000,1754488499000,1.37444,1.37451,1.37437,1.37448,173850000,1
1754488500000,1754488559000,1.37449,1.37465,1.3744,1.37465,209130000,1
1754488560000,1754488619000,1.37466,1.37492,1.37466,1.37491,298230000,1
1754488620000,1754488679000,1.37491,1.37501,1.37489,1.37496,192690000,1
1754488680000,1754488739000,1.37494,1.37497,1.37487,1.37495,225870000,1
1754488740000,1754488799000,1.37496,1.37496,1.37485,1.37486,254670000,1
1754488800000,1754488859000,1.37485,1.37505,1.37482,1.37487,259020000,1
1754488860000,1754488919000,1.37485,1.37512,1.37484,1.37512,224640000,1
1754488920000,1754488979000,1.37513,1.37546,1.37512,1.37531,275150000,1
1754488980000,1754489039000,1.37532,1.37533,1.37515,1.37528,273420000,1
1754489040000,1754489099000,1.37529,1.3753,1.37501,1.37503,422910000,1
1754489100000,1754489159000,1.37503,1.37517,1.37485,1.3749,240750000,1
1754489160000,1754489219000,1.37491,1.37497,1.3745,1.37454,261870000,1
1754489220000,1754489279000,1.37455,1.3748,1.37454,1.37467,214200000,1
1754489280000,1754489339000,1.37468,1.37486,1.37455,1.37486,245730000,1
1754489340000,1754489399000,1.37484,1.37496,1.37482,1.37492,143880000,1
1754489400000,1754489459000,1.37492,1.37492,1.37473,1.37486,143040000,1
1754489460000,1754489519000,1.37486,1.37494,1.37484,1.37486,85950000,1
1754489520000,1754489579000,1.37487,1.37492,1.37473,1.37476,135540000,1
1754489580000,1754489639000,1.37477,1.37482,1.37469,1.37482,92490000,1
1754489640000,1754489699000,1.37482,1.37506,1.37481,1.37505,122940000,1
1754489700000,1754489759000,1.37504,1.37517,1.37498,1.37516,144000000,1
1754489760000,1754489819000,1.37514,1.37525,1.37514,1.37524,154200000,1
1754489820000,1754489879000,1.37524,1.37543,1.37524,1.3754,116130000,1
1754489880000,1754489939000,1.37541,1.37543,1.37515,1.37525,92520000,1
1754489940000,1754489999000,1.37525,1.37543,1.37525,1.37532,89400000,1
1754490000000,1754490059000,1.37533,1.37534,1.37515,1.37515,63750000,1
1754490060000,1754490119000,1.37515,1.37525,1.37515,1.37515,128370000,1
1754490120000,1754490179000,1.37515,1.37524,1.37512,1.37515,135750000,1
1754490180000,1754490239000,1.37514,1.37524,1.37513,1.37513,121050000,1
1754490240000,1754490299000,1.37513,1.37531,1.37511,1.37515,175530000,1
1754490300000,1754490359000,1.37516,1.37522,1.37504,1.37522,170670000,1
1754490360000,1754490419000,1.37522,1.37524,1.37514,1.3752,238500000,1
1754490420000,1754490479000,1.3752,1.37526,1.37516,1.37522,180240000,1
1754490480000,1754490539000,1.37522,1.37524,1.37516,1.37519,140490000,1
1754490540000,1754490599000,1.3752,1.3752,1.37512,1.37513,106200000,1
1754490600000,1754490659000,1.37513,1.37513,1.37501,1.3751,158400000,1
1754490660000,1754490719000,1.37511,1.37516,1.37504,1.37511,122250000,1
1754490720000,1754490779000,1.3751,1.37528,1.37506,1.37527,208140000,1
1754490780000,1754490839000,1.37527,1.37546,1.37525,1.37546,151770000,1
1754490840000,1754490899000,1.37546,1.37563,1.37541,1.37557,139710000,1
1754490900000,1754490959000,1.37559,1.37564,1.37553,1.3756,121320000,1
1754490960000,1754491019000,1.37561,1.37572,1.3755,1.3755,145260000,1
1754491020000,1754491079000,1.3755,1.37568,1.3755,1.37568,122550000,1
1754491080000,1754491139000,1.37568,1.37568,1.3755,1.3755,58800000,1
1754491140000,1754491199000,1.3755,1.37553,1.37522,1.37531,138480000,1
1754491200000,1754491259000,1.37532,1.37558,1.37531,1.37549,115290000,1
1754491260000,1754491319000,1.37549,1.37566,1.37549,1.37551,148590000,1
1754491320000,1754491379000,1.3755,1.37566,1.3755,1.37565,95100000,1
1754491380000,1754491439000,1.37564,1.37573,1.3756,1.37572,129150000,1
1754491440000,1754491499000,1.37571,1.37584,1.37571,1.37582,94800000,1
1754491500000,1754491559000,1.37581,1.37585,1.37573,1.3758,89400000,1
1754491560000,1754491619000,1.3758,1.37582,1.37571,1.37573,94200000,1
1754491620000,1754491679000,1.37574,1.37575,1.37555,1.37557,95340000,1
1754491680000,1754491739000,1.37556,1.37556,1.37532,1.37551,85350000,1
1754491740000,1754491799000,1.37552,1.37561,1.37544,1.37561,77400000,1
1754491800000,1754491859000,1.37562,1.37575,1.37555,1.37573,131850000,1
1754491860000,1754491919000,1.37571,1.37581,1.37571,1.37571,107400000,1
1754491920000,1754491979000,1.37572,1.37576,1.37563,1.37575,114600000,1
1754491980000,1754492039000,1.37574,1.37578,1.37545,1.37546,99600000,1
1754492040000,1754492099000,1.37544,1.37545,1.37532,1.37541,126750000,1
1754492100000,1754492159000,1.37539,1.37539,1.37501,1.37507,142680000,1
1754492160000,1754492219000,1.37512,1.37517,1.37493,1.37493,160950000,1
1754492220000,1754492279000,1.37494,1.37517,1.37492,1.3751,165750000,1
1754492280000,1754492339000,1.3751,1.37525,1.37508,1.37514,145950000,1
1754492340000,1754492399000,1.37515,1.37522,1.37514,1.37521,141540000,1
1754492400000,1754492459000,1.37523,1.3753,1.37516,1.37516,163500000,1
1754492460000,1754492519000,1.37517,1.37519,1.37512,1.37517,172650000,1
1754492520000,1754492579000,1.37516,1.37516,1.37488,1.37488,189990000,1
1754492580000,1754492639000,1.37487,1.37502,1.37476,1.37477,115470000,1
1754492640000,1754492699000,1.37478,1.37479,1.37445,1.37448,208680000,1
1754492700000,1754492759000,1.37448,1.37476,1.37448,1.37475,117300000,1
1754492760000,1754492819000,1.37474,1.37477,1.37462,1.37468,88050000,1
1754492820000,1754492879000,1.37469,1.3747,1.37456,1.37457,106800000,1
1754492880000,1754492939000,1.37458,1.37469,1.37445,1.37448,94420000,1
1754492940000,1754492999000,1.37448,1.37448,1.37435,1.3744,107100000,1
1754493000000,1754493059000,1.37437,1.37439,1.37426,1.37437,144960000,1
1754493060000,1754493119000,1.37438,1.37443,1.37425,1.3744,176010000,1
1754493120000,1754493179000,1.3744,1.37446,1.37417,1.37419,94570000,1
1754493180000,1754493239000,1.3742,1.37427,1.3741,1.37422,106200000,1
1754493240000,1754493299000,1.37421,1.37432,1.3742,1.37432,69600000,1
1754493300000,1754493359000,1.37432,1.37437,1.37427,1.37436,131100000,1
1754493360000,1754493419000,1.37435,1.37439,1.37404,1.3741,232020000,1
1754493420000,1754493479000,1.3741,1.37413,1.37405,1.3741,103980000,1
1754493480000,1754493539000,1.37408,1.37419,1.37408,1.37414,108450000,1
1754493540000,1754493599000,1.37415,1.37416,1.37394,1.37394,97920000,1
1754493600000,1754493659000,1.37393,1.37399,1.37385,1.37399,148500000,1
1754493660000,1754493719000,1.374,1.37433,1.374,1.37431,115500000,1
1754493720000,1754493779000,1.37432,1.37451,1.37426,1.37449,101400000,1
1754493780000,1754493839000,1.37447,1.37449,1.37439,1.37439,64200000,1
1754493840000,1754493899000,1.3744,1.37453,1.37436,1.37438,78420000,1
1754493900000,1754493959000,1.37438,1.3744,1.37426,1.37427,71460000,1
1754493960000,1754494019000,1.37429,1.37435,1.37417,1.37422,84900000,1
1754494020000,1754494079000,1.37423,1.37432,1.3742,1.37422,90600000,1
1754494080000,1754494139000,1.37422,1.37422,1.37402,1.37409,132000000,1
1754494140000,1754494199000,1.37406,1.37419,1.37401,1.37414,140220000,1
1754494200000,1754494259000,1.37412,1.37419,1.37408,1.37417,86700000,1
1754494260000,1754494319000,1.37418,1.37429,1.37414,1.37427,90900000,1
1754494320000,1754494379000,1.37426,1.37432,1.37421,1.37429,83400000,1
1754494380000,1754494439000,1.37429,1.37439,1.37426,1.37426,115980000,1
1754494440000,1754494499000,1.37423,1.3744,1.37423,1.37427,107520000,1
1754494500000,1754494559000,1.37427,1.37434,1.37426,1.37428,70200000,1
1754494560000,1754494619000,1.37429,1.37464,1.37414,1.37456,213120000,1
1754494620000,1754494679000,1.37456,1.37468,1.3743,1.37448,280200000,1
1754494680000,1754494739000,1.37448,1.37471,1.37448,1.37467,196500000,1
1754494740000,1754494799000,1.37466,1.37489,1.37466,1.3747,138300000,1
1754494800000,1754494859000,1.37471,1.37544,1.37471,1.37511,381600000,1
1754494860000,1754494919000,1.37508,1.37526,1.37487,1.37491,202950000,1
1754494920000,1754494979000,1.37489,1.3749,1.37447,1.3745,219300000,1
1754494980000,1754495039000,1.37449,1.37459,1.37437,1.37438,163650000,1
1754495040000,1754495099000,1.37438,1.3744,1.37419,1.37428,138000000,1
1754495100000,1754495159000,1.37426,1.37432,1.37417,1.37423,144090000,1
1754495160000,1754495219000,1.37426,1.37427,1.37418,1.37418,80820000,1
1754495220000,1754495279000,1.37419,1.37447,1.37419,1.37447,78180000,1
1754495280000,1754495339000,1.3745,1.3745,1.37441,1.37448,60600000,1
1754495340000,1754495399000,1.37448,1.37448,1.37426,1.37435,201450000,1
1754495400000,1754495459000,1.37435,1.37435,1.37408,1.37411,138150000,1
1754495460000,1754495519000,1.37412,1.37419,1.37399,1.37411,94800000,1
1754495520000,1754495579000,1.37411,1.37416,1.37407,1.37411,79320000,1
1754495580000,1754495639000,1.37409,1.37411,1.374,1.37404,129540000,1
1754495640000,1754495699000,1.37404,1.37422,1.37404,1.3742,101760000,1
1754495700000,1754495759000,1.37419,1.37419,1.37406,1.37417,111990000,1
1754495760000,1754495819000,1.37418,1.37419,1.37413,1.37413,112380000,1
1754495820000,1754495879000,1.37412,1.37421,1.37408,1.37408,65340000,1
1754495880000,1754495939000,1.37409,1.37416,1.37408,1.37409,64650000,1
1754495940000,1754495999000,1.37408,1.37417,1.37398,1.37403,120930000,1
1754496000000,1754496059000,1.37401,1.37416,1.37399,1.37415,113430000,1
1754496060000,1754496119000,1.37414,1.37416,1.37404,1.37404,122550000,1
1754496120000,1754496179000,1.37405,1.37407,1.37388,1.37406,138750000,1
1754496180000,1754496239000,1.37409,1.37422,1.37408,1.3742,84750000,1
1754496240000,1754496299000,1.3742,1.37428,1.37402,1.37408,125250000,1
1754496300000,1754496359000,1.37407,1.37421,1.37403,1.37419,76350000,1
1754496360000,1754496419000,1.37418,1.37419,1.3741,1.37412,117510000,1
1754496420000,1754496479000,1.37413,1.3742,1.37412,1.37417,50700000,1
1754496480000,1754496539000,1.37416,1.37428,1.37416,1.37425,77700000,1
1754496540000,1754496599000,1.37422,1.37428,1.37417,1.37417,82500000,1
1754496600000,1754496659000,1.37418,1.3743,1.37414,1.3743,105600000,1
1754496660000,1754496719000,1.3743,1.37436,1.37426,1.37433,43110000,1
1754496720000,1754496779000,1.37434,1.37437,1.37425,1.37432,70410000,1
1754496780000,1754496839000,1.37433,1.37445,1.37433,1.37437,76050000,1
1754496840000,1754496899000,1.37439,1.37446,1.37438,1.37445,53700000,1
1754496900000,1754496959000,1.37444,1.37445,1.37429,1.37433,68100000,1
1754496960000,1754497019000,1.37432,1.37449,1.37432,1.37446,87750000,1
1754497020000,1754497079000,1.37447,1.37448,1.37437,1.37441,24000000,1
1754497080000,1754497139000,1.37444,1.37447,1.37436,1.37436,85500000,1
1754497140000,1754497199000,1.37438,1.37439,1.37417,1.37418,82200000,1
1754497200000,1754497259000,1.37419,1.37428,1.37416,1.37427,60120000,1
1754497260000,1754497319000,1.37426,1.37437,1.37424,1.37436,44580000,1
1754497320000,1754497379000,1.37435,1.37447,1.37435,1.37442,102840000,1
1754497380000,1754497439000,1.3744,1.37444,1.37434,1.3744,86910000,1
1754497440000,1754497499000,1.37441,1.37457,1.37441,1.37453,62340000,1
1754497500000,1754497559000,1.37454,1.37454,1.37433,1.37438,85170000,1
1754497560000,1754497619000,1.37438,1.37446,1.37437,1.37446,63180000,1
1754497620000,1754497679000,1.37445,1.37454,1.37445,1.37454,60300000,1
1754497680000,1754497739000,1.37456,1.37456,1.37442,1.37442,76500000,1
1754497740000,1754497799000,1.37442,1.37448,1.37438,1.37443,84390000,1
1754497800000,1754497859000,1.37445,1.37457,1.37445,1.37457,53400000,1
1754497860000,1754497919000,1.37457,1.37459,1.37456,1.37457,54000000,1
1754497920000,1754497979000,1.37457,1.37468,1.37454,1.37466,94200000,1
1754497980000,1754498039000,1.37466,1.37476,1.37463,1.37474,84900000,1
1754498040000,1754498099000,1.37474,1.37487,1.37474,1.37476,78300000,1
1754498100000,1754498159000,1.37475,1.37476,1.37466,1.37474,45480000,1
1754498160000,1754498219000,1.37474,1.37474,1.37467,1.37468,39900000,1
1754498220000,1754498279000,1.37467,1.37474,1.37463,1.37463,32400000,1
1754498280000,1754498339000,1.37464,1.3747,1.37463,1.37465,86790000,1
1754498340000,1754498399000,1.37463,1.37476,1.37455,1.37474,99060000,1
1754498400000,1754498459000,1.37474,1.37478,1.37474,1.37477,52320000,1
1754498460000,1754498519000,1.37478,1.37485,1.37474,1.37485,47220000,1
1754498520000,1754498579000,1.37484,1.37486,1.37476,1.37476,41310000,1
1754498580000,1754498639000,1.37476,1.37487,1.37474,1.37484,35100000,1
1754498640000,1754498699000,1.37483,1.37487,1.37474,1.37474,59400000,1
1754498700000,1754498759000,1.37474,1.37478,1.37474,1.37476,47400000,1
1754498760000,1754498819000,1.37477,1.37502,1.37477,1.37494,75300000,1
1754498820000,1754498879000,1.37493,1.37494,1.37475,1.37475,75090000,1
1754498880000,1754498939000,1.37477,1.37477,1.37462,1.3747,63000000,1
1754498940000,1754498999000,1.3747,1.37476,1.37468,1.37472,75390000,1
1754499000000,1754499059000,1.37473,1.37479,1.37473,1.37475,43200000,1
1754499060000,1754499119000,1.37475,1.37477,1.37463,1.37467,68400000,1
1754499120000,1754499179000,1.37467,1.37477,1.37464,1.37477,81000000,1
1754499180000,1754499239000,1.37477,1.37483,1.37467,1.37467,89100000,1
1754499240000,1754499299000,1.37468,1.37486,1.37468,1.37479,58800000,1
1754499300000,1754499359000,1.37478,1.37494,1.37474,1.37492,61200000,1
1754499360000,1754499419000,1.37494,1.37494,1.37476,1.37478,91200000,1
1754499420000,1754499479000,1.37477,1.37478,1.37452,1.37454,189000000,1
1754499480000,1754499539000,1.37455,1.37456,1.37449,1.37453,157140000,1
1754499540000,1754499599000,1.37453,1.37458,1.37434,1.37436,126090000,1
1754499600000,1754499659000,1.37436,1.37436,1.37417,1.37425,125100000,1
1754499660000,1754499719000,1.37425,1.37439,1.37423,1.37434,126120000,1
1754499720000,1754499779000,1.37434,1.3746,1.37433,1.37445,133410000,1
1754499780000,1754499839000,1.37446,1.37448,1.37419,1.37431,143580000,1
1754499840000,1754499899000,1.37429,1.37435,1.37422,1.37426,101910000,1
1754499900000,1754499959000,1.37423,1.37429,1.37418,1.37422,110100000,1
1754499960000,1754500019000,1.37422,1.37438,1.37419,1.37433,106800000,1
1754500020000,1754500079000,1.37433,1.37433,1.37429,1.37432,50400000,1
1754500080000,1754500139000,1.37431,1.37432,1.3741,1.3741,96900000,1
1754500140000,1754500199000,1.3741,1.37419,1.37409,1.37418,69600000,1
1754500200000,1754500259000,1.37419,1.37426,1.37416,1.37425,107400000,1
1754500260000,1754500319000,1.37425,1.37426,1.37413,1.37415,128160000,1
1754500320000,1754500379000,1.37415,1.37436,1.37415,1.37429,86700000,1
1754500380000,1754500439000,1.3743,1.37431,1.37418,1.37419,72600000,1
1754500440000,1754500499000,1.37419,1.37428,1.37417,1.37417,53700000,1
1754500500000,1754500559000,1.37418,1.37422,1.37416,1.37417,59490000,1
1754500560000,1754500619000,1.37418,1.37433,1.37416,1.37433,82680000,1
1754500620000,1754500679000,1.37432,1.3744,1.37422,1.37422,70320000,1
1754500680000,1754500739000,1.37421,1.37425,1.37413,1.3742,77010000,1
1754500740000,1754500799000,1.37421,1.37421,1.37416,1.37421,50730000,1
1754500800000,1754500859000,1.3742,1.3742,1.37409,1.37419,97920000,1
1754500860000,1754500919000,1.37419,1.37427,1.37402,1.37419,197880000,1
1754500920000,1754500979000,1.37421,1.37427,1.3742,1.37423,54150000,1
1754500980000,1754501039000,1.37424,1.37436,1.37424,1.3743,72570000,1
1754501040000,1754501099000,1.3743,1.37431,1.3742,1.37425,95670000,1
1754501100000,1754501159000,1.37426,1.3743,1.37422,1.37422,68280000,1
1754501160000,1754501219000,1.37422,1.37429,1.37422,1.37427,56760000,1
1754501220000,1754501279000,1.37427,1.37429,1.37421,1.37428,78240000,1
1754501280000,1754501339000,1.37427,1.37428,1.37421,1.37422,66600000,1
1754501340000,1754501399000,1.37421,1.37423,1.37418,1.37419,28200000,1
1754501400000,1754501459000,1.37419,1.37428,1.37418,1.37428,49620000,1
1754501460000,1754501519000,1.37427,1.37428,1.37412,1.37425,78900000,1
1754501520000,1754501579000,1.37425,1.37425,1.37418,1.37418,42600000,1
1754501580000,1754501639000,1.37418,1.37418,1.37391,1.37398,130290000,1
1754501640000,1754501699000,1.37397,1.37402,1.37396,1.37398,37830000,1
1754501700000,1754501759000,1.374,1.37408,1.374,1.37407,18600000,1
1754501760000,1754501819000,1.37406,1.37407,1.37398,1.37399,39300000,1
1754501820000,1754501879000,1.37398,1.37407,1.37397,1.37398,66900000,1
1754501880000,1754501939000,1.37397,1.37399,1.37385,1.37391,33600000,1
1754501940000,1754501999000,1.37393,1.37395,1.37389,1.37389,49380000,1
1754502000000,1754502059000,1.37391,1.37391,1.37381,1.37386,42300000,1
1754502060000,1754502119000,1.37386,1.37392,1.37386,1.37391,33000000,1
1754502120000,1754502179000,1.3739,1.37397,1.37389,1.37397,26220000,1
1754502180000,1754502239000,1.37399,1.37399,1.37397,1.37397,18000000,1
1754502240000,1754502299000,1.37397,1.37398,1.37361,1.37363,103500000,1
1754502300000,1754502359000,1.37363,1.37373,1.37358,1.37371,55800000,1
1754502360000,1754502419000,1.37372,1.3739,1.37372,1.37389,46920000,1
1754502420000,1754502479000,1.37391,1.37393,1.37389,1.37389,40200000,1
1754502480000,1754502539000,1.3739,1.37397,1.37388,1.37397,24690000,1
1754502540000,1754502599000,1.37397,1.37398,1.3739,1.37391,33390000,1
1754502600000,1754502659000,1.37391,1.37395,1.3739,1.37391,33780000,1
1754502660000,1754502719000,1.37394,1.37401,1.37394,1.374,17160000,1
1754502720000,1754502779000,1.37399,1.37407,1.37399,1.37403,28170000,1
1754502780000,1754502839000,1.374,1.37401,1.37387,1.37387,44850000,1
1754502840000,1754502899000,1.37388,1.37392,1.37388,1.37389,51600000,1
1754502900000,1754502959000,1.37392,1.37392,1.37383,1.37384,59790000,1
1754502960000,1754503019000,1.37388,1.37391,1.37382,1.37388,47760000,1
1754503020000,1754503079000,1.37389,1.3739,1.37381,1.37381,30570000,1
1754503080000,1754503139000,1.37383,1.37383,1.37378,1.37381,35820000,1
1754503140000,1754503199000,1.3738,1.37389,1.3738,1.37388,58200000,1
1754503200000,1754503259000,1.37387,1.37392,1.37378,1.37378,41400000,1
1754503260000,1754503319000,1.37377,1.37378,1.37376,1.37378,27600000,1
1754503320000,1754503379000,1.37379,1.3738,1.3737,1.3737,49950000,1
1754503380000,1754503439000,1.37374,1.37378,1.37371,1.37371,35550000,1
1754503440000,1754503499000,1.3737,1.37379,1.3737,1.37378,37530000,1
1754503500000,1754503559000,1.37378,1.37388,1.37378,1.37388,31800000,1
1754503560000,1754503619000,1.37388,1.37388,1.37383,1.37384,18000000,1
1754503620000,1754503679000,1.37385,1.37391,1.37383,1.37391,20100000,1
1754503680000,1754503739000,1.37389,1.37391,1.37379,1.3738,52200000,1
1754503740000,1754503799000,1.37382,1.37383,1.37371,1.37371,25800000,1
1754503800000,1754503859000,1.37371,1.3738,1.37371,1.37379,42600000,1
1754503860000,1754503919000,1.37378,1.37383,1.37378,1.37381,48900000,1
1754503920000,1754503979000,1.37381,1.37382,1.37379,1.37381,44400000,1
1754503980000,1754504039000,1.37379,1.37379,1.37373,1.37373,37200000,1
1754504040000,1754504099000,1.37374,1.37379,1.37373,1.37379,68100000,1
1754504100000,1754504159000,1.37379,1.37388,1.37378,1.37388,40500000,1
1754504160000,1754504219000,1.37387,1.37392,1.37387,1.3739,24000000,1
1754504220000,1754504279000,1.37389,1.3739,1.37389,1.37389,7200000,1
1754504280000,1754504339000,1.37391,1.37412,1.37391,1.37411,78600000,1
1754504340000,1754504399000,1.37411,1.37418,1.37411,1.37417,15690000,1
1754504400000,1754504459000,1.37417,1.37425,1.37412,1.37425,64800000,1
1754504460000,1754504519000,1.37424,1.37431,1.37423,1.37428,73800000,1
1754504520000,1754504579000,1.37428,1.37429,1.37411,1.37415,67110000,1
1754504580000,1754504639000,1.37413,1.37413,1.3741,1.37411,17400000,1
1754504640000,1754504699000,1.3741,1.3741,1.37407,1.3741,38100000,1
1754504700000,1754504759000,1.3741,1.3741,1.3739,1.37391,67500000,1
1754504760000,1754504819000,1.37388,1.37388,1.3738,1.37382,66000000,1
1754504820000,1754504879000,1.3738,1.37383,1.3738,1.37382,29100000,1
1754504880000,1754504939000,1.37381,1.37384,1.3738,1.37382,37500000,1
1754504940000,1754504999000,1.37381,1.37383,1.37378,1.37379,15300000,1
1754505000000,1754505059000,1.37381,1.37402,1.37381,1.37402,65040000,1
1754505060000,1754505119000,1.37401,1.37401,1.37394,1.37399,48720000,1
1754505120000,1754505179000,1.37399,1.37401,1.37393,1.37393,27600000,1
1754505180000,1754505239000,1.37393,1.37393,1.3738,1.37381,51960000,1
1754505240000,1754505299000,1.37381,1.37381,1.37361,1.37363,102600000,1
1754505300000,1754505359000,1.37361,1.37369,1.37357,1.37359,59700000,1
1754505360000,1754505419000,1.3736,1.37369,1.37347,1.37369,95100000,1
1754505420000,1754505479000,1.37369,1.37373,1.37369,1.37372,28800000,1
1754505480000,1754505539000,1.37372,1.37375,1.37371,1.37373,22500000,1
1754505540000,1754505599000,1.37375,1.37383,1.37375,1.37382,56100000,1
1754505600000,1754505659000,1.37382,1.3739,1.37382,1.37389,36390000,1
1754505660000,1754505719000,1.3739,1.37394,1.37385,1.37389,43200000,1
1754505720000,1754505779000,1.3739,1.3739,1.37377,1.37379,68100000,1
1754505780000,1754505839000,1.3738,1.3739,1.37378,1.37379,68490000,1
1754505840000,1754505899000,1.37378,1.37378,1.37371,1.37371,59400000,1
1754505900000,1754505959000,1.37371,1.37371,1.37362,1.37364,35400000,1
1754505960000,1754506019000,1.37363,1.37372,1.37362,1.37364,81900000,1
1754506020000,1754506079000,1.37365,1.37366,1.37354,1.3736,67200000,1
1754506080000,1754506139000,1.3736,1.37364,1.37358,1.37364,39300000,1
1754506140000,1754506199000,1.37363,1.37379,1.37363,1.37378,78030000,1
1754506200000,1754506259000,1.3738,1.37382,1.37378,1.37381,26070000,1
1754506260000,1754506319000,1.37381,1.3739,1.3738,1.37389,44070000,1
1754506320000,1754506379000,1.37389,1.37393,1.37389,1.37392,22620000,1
1754506380000,1754506439000,1.37393,1.37393,1.3738,1.37382,122220000,1
1754506440000,1754506499000,1.37382,1.37384,1.37379,1.37381,166860000,1
1754506500000,1754506559000,1.37382,1.37388,1.3738,1.37388,69300000,1
1754506560000,1754506619000,1.37387,1.37387,1.37377,1.3738,99600000,1
1754506620000,1754506679000,1.37379,1.37395,1.37379,1.37395,126360000,1
1754506680000,1754506739000,1.37394,1.37413,1.37394,1.37412,120270000,1
1754506740000,1754506799000,1.3741,1.37415,1.374,1.37414,120870000,1
1754506800000,1754506859000,1.37414,1.37416,1.37409,1.37415,76560000,1
1754506860000,1754506919000,1.37416,1.37421,1.37413,1.37419,74520000,1
1754506920000,1754506979000,1.37419,1.37425,1.37419,1.37421,47430000,1
1754506980000,1754507039000,1.37421,1.37429,1.3742,1.37427,45030000,1
1754507040000,1754507099000,1.37428,1.37428,1.37418,1.37419,42990000,1
1754507100000,1754507159000,1.37419,1.3742,1.37418,1.3742,28800000,1
1754507160000,1754507219000,1.37419,1.37432,1.37419,1.37424,57000000,1
1754507220000,1754507279000,1.37424,1.3743,1.37421,1.37429,68700000,1
1754507280000,1754507339000,1.3743,1.37432,1.37428,1.37429,74880000,1
1754507340000,1754507399000,1.37428,1.3743,1.37427,1.37429,16800000,1
1754507400000,1754507459000,1.37429,1.3743,1.37428,1.3743,26400000,1
1754507460000,1754507519000,1.3743,1.37433,1.37425,1.37429,37800000,1
1754507520000,1754507579000,1.37428,1.3743,1.37422,1.37428,33900000,1
1754507580000,1754507639000,1.3743,1.3743,1.37428,1.3743,40560000,1
1754507640000,1754507699000,1.37428,1.37435,1.37428,1.37435,61800000,1
1754507700000,1754507759000,1.37434,1.37436,1.37432,1.37435,14550000,1
1754507760000,1754507819000,1.37434,1.37435,1.37429,1.37434,57720000,1
1754507820000,1754507879000,1.37435,1.37445,1.37435,1.37441,89700000,1
1754507880000,1754507939000,1.37441,1.37445,1.3744,1.37444,31020000,1
1754507940000,1754507999000,1.37447,1.37455,1.37447,1.37455,27840000,1
1754508000000,1754508059000,1.37455,1.3746,1.37455,1.37459,33060000,1
1754508060000,1754508119000,1.37459,1.37462,1.37454,1.37462,31440000,1
1754508120000,1754508179000,1.37461,1.37467,1.37459,1.37466,31800000,1
1754508180000,1754508239000,1.37466,1.37468,1.3746,1.3746,49620000,1
1754508240000,1754508299000,1.37461,1.37461,1.37459,1.37459,9000000,1
1754508300000,1754508359000,1.37458,1.37465,1.37458,1.37465,18120000,1
1754508360000,1754508419000,1.37465,1.37466,1.37463,1.37463,25650000,1
1754508420000,1754508479000,1.37464,1.37468,1.37463,1.37467,21780000,1
1754508480000,1754508539000,1.37468,1.37468,1.37461,1.37467,38340000,1
1754508540000,1754508599000,1.37467,1.37477,1.37467,1.37474,36960000,1
1754508600000,1754508659000,1.37474,1.37474,1.3746,1.37463,48360000,1
1754508660000,1754508719000,1.37464,1.37465,1.37459,1.37461,32160000,1
1754508720000,1754508779000,1.3746,1.37476,1.37459,1.37471,70950000,1
1754508780000,1754508839000,1.3747,1.37471,1.37468,1.37468,21120000,1
1754508840000,1754508899000,1.37467,1.37469,1.37458,1.37459,45600000,1
1754508900000,1754508959000,1.37457,1.37458,1.37454,1.37457,26730000,1
1754508960000,1754509019000,1.37457,1.37458,1.37448,1.37449,23640000,1
1754509020000,1754509079000,1.3745,1.37451,1.37448,1.37449,37740000,1
1754509080000,1754509139000,1.37449,1.37449,1.37435,1.37437,49500000,1
1754509140000,1754509199000,1.37436,1.37439,1.37435,1.37437,34320000,1
1754509200000,1754509259000,1.37436,1.37441,1.37436,1.37439,41370000,1
1754509260000,1754509319000,1.3744,1.3744,1.37428,1.37431,54420000,1
1754509320000,1754509379000,1.3743,1.37433,1.37428,1.37431,34200000,1
1754509380000,1754509439000,1.37432,1.37437,1.3743,1.37431,44400000,1
1754509440000,1754509499000,1.37432,1.37432,1.3742,1.37422,21900000,1
1754509500000,1754509559000,1.37422,1.37424,1.3742,1.3742,25200000,1
1754509560000,1754509619000,1.37422,1.37424,1.37418,1.37423,33300000,1
1754509620000,1754509679000,1.37421,1.37422,1.37415,1.37416,56100000,1
1754509680000,1754509739000,1.37417,1.37418,1.37406,1.37406,84600000,1
1754509740000,1754509799000,1.37407,1.37414,1.37407,1.37409,42120000,1
1754509800000,1754509859000,1.3741,1.37424,1.3741,1.37421,56100000,1
1754509860000,1754509919000,1.37421,1.37421,1.37414,1.37416,69000000,1
1754509920000,1754509979000,1.37417,1.37418,1.37411,1.37411,43200000,1
1754509980000,1754510039000,1.37411,1.37411,1.37393,1.37407,86100000,1
1754510040000,1754510099000,1.37406,1.37409,1.37402,1.37405,86700000,1
1754510100000,1754510159000,1.37404,1.37424,1.37402,1.3742,106950000,1
1754510160000,1754510219000,1.37421,1.37441,1.37417,1.37427,120690000,1
1754510220000,1754510279000,1.37427,1.3743,1.37412,1.37412,105240000,1
1754510280000,1754510339000,1.37414,1.37421,1.3741,1.37413,110520000,1
1754510340000,1754510399000,1.37413,1.37425,1.37412,1.37415,166890000,1
1754510400000,1754510459000,1.37414,1.37422,1.37381,1.37381,112890000,1
1754510460000,1754510519000,1.37382,1.37383,1.37371,1.37373,145500000,1
1754510520000,1754510579000,1.37374,1.37384,1.37368,1.37384,62400000,1
1754510580000,1754510639000,1.37385,1.37386,1.3738,1.37386,36300000,1
1754510640000,1754510699000,1.37387,1.37391,1.37383,1.37391,24690000,1
1754510700000,1754510759000,1.37386,1.37386,1.37378,1.37378,25800000,1
1754510760000,1754510819000,1.37378,1.3738,1.37378,1.3738,18030000,1
1754510820000,1754510879000,1.37385,1.37402,1.37385,1.37401,25440000,1
1754510880000,1754510939000,1.37401,1.37402,1.37388,1.37388,22920000,1
1754510940000,1754510999000,1.37391,1.37411,1.37391,1.37411,24000000,1
1754511000000,1754511059000,1.37411,1.37411,1.37403,1.37409,36750000,1
1754511060000,1754511119000,1.3741,1.37412,1.3741,1.37411,21600000,1
1754511120000,1754511179000,1.37412,1.37428,1.37408,1.37428,32670000,1
1754511180000,1754511239000,1.37428,1.37434,1.37427,1.37429,38400000,1
1754511240000,1754511299000,1.3743,1.3744,1.37429,1.37437,21960000,1
1754511300000,1754511359000,1.37438,1.37448,1.37436,1.37441,40920000,1
1754511360000,1754511419000,1.37442,1.37442,1.37441,1.37441,24000000,1
1754511420000,1754511479000,1.37441,1.37442,1.37422,1.37423,15600000,1
1754511480000,1754511539000,1.37422,1.37423,1.37419,1.37423,14400000,1
1754511540000,1754511599000,1.37421,1.37424,1.37421,1.37424,7200000,1
1754511600000,1754511659000,1.37424,1.37424,1.37419,1.3742,10800000,1
1754511660000,1754511719000,1.37417,1.37421,1.37417,1.37419,7200000,1
1754511720000,1754511779000,1.37419,1.37419,1.37419,1.37419,1200000,1
1754511780000,1754511839000,1.37418,1.37418,1.37416,1.37416,16200000,1
1754511840000,1754511899000,1.37415,1.37416,1.37414,1.37415,10200000,1
1754511900000,1754511959000,1.37414,1.37416,1.37414,1.37416,4200000,1
1754511960000,1754512019000,1.37414,1.37414,1.37414,1.37414,1200000,1
1754512020000,1754512079000,1.37414,1.37414,1.37397,1.37404,39960000,1
1754512080000,1754512139000,1.37405,1.37407,1.37405,1.37407,25620000,1
1754512140000,1754512199000,1.37407,1.37408,1.37405,1.37406,31260000,1
1754512200000,1754512259000,1.37406,1.37406,1.37386,1.37386,45540000,1
1754512260000,1754512319000,1.37387,1.37389,1.37385,1.37386,54420000,1
1754512320000,1754512379000,1.37388,1.3739,1.37387,1.37387,17400000,1
1754512380000,1754512439000,1.37387,1.37389,1.37387,1.37388,5880000,1
1754512440000,1754512499000,1.37388,1.37391,1.37388,1.37391,3840000,1
1754512500000,1754512559000,1.37391,1.37402,1.3739,1.37402,25860000,1
1754512560000,1754512619000,1.374,1.374,1.37399,1.37399,18540000,1
1754512620000,1754512679000,1.37399,1.3744,1.37398,1.37439,78090000,1
1754512680000,1754512739000,1.37438,1.37448,1.37427,1.37428,111000000,1
1754512740000,1754512799000,1.37427,1.37428,1.37407,1.37412,59040000,1
1754512800000,1754512859000,1.37409,1.37417,1.37398,1.37402,93360000,1
1754512860000,1754512919000,1.37404,1.37408,1.37402,1.37407,74520000,1
1754512920000,1754512979000,1.37407,1.37413,1.37407,1.37411,84570000,1
1754512980000,1754513039000,1.37412,1.37413,1.37407,1.3741,126540000,1
1754513040000,1754513099000,1.3741,1.37415,1.3741,1.37413,40950000,1
1754513100000,1754513159000,1.37413,1.37415,1.37411,1.37412,23850000,1
1754513160000,1754513219000,1.37413,1.37415,1.37412,1.37414,15450000,1
1754513220000,1754513279000,1.37415,1.37417,1.37398,1.37398,22200000,1
1754513280000,1754513339000,1.37397,1.37398,1.37397,1.37397,3600000,1
1754513340000,1754513399000,1.37398,1.37398,1.37378,1.37379,25440000,1
1754513400000,1754513459000,1.37379,1.37379,1.37364,1.37369,74250000,1
1754513460000,1754513519000,1.3737,1.37376,1.37367,1.37367,33660000,1
1754513520000,1754513579000,1.37366,1.37368,1.37364,1.37364,24300000,1
1754513580000,1754513639000,1.37365,1.37371,1.37364,1.3737,63060000,1
1754513640000,1754513699000,1.3737,1.37384,1.3737,1.37383,50040000,1
1754513700000,1754513759000,1.37378,1.37389,1.37378,1.37389,65880000,1
1754513760000,1754513819000,1.37389,1.37407,1.37387,1.37397,66150000,1
1754513820000,1754513879000,1.37397,1.37407,1.37394,1.37403,44040000,1
1754513880000,1754513939000,1.374,1.3741,1.37393,1.374,101430000,1
1754513940000,1754513999000,1.37397,1.37397,1.37386,1.37388,65400000,1
1754514000000,1754514059000,1.37389,1.37389,1.37367,1.37372,3600000,1
1754514060000,1754514119000,1.37371,1.37371,1.37371,1.37371,900000,1
1754514120000,1754514179000,1.37371,1.37371,1.37371,1.37371,0,1
1754514180000,1754514239000,1.37371,1.37371,1.37371,1.37371,0,1
1754514240000,1754514299000,1.37371,1.37371,1.37367,1.37367,1800000,1
1754514300000,1754514359000,1.37383,1.37383,1.37368,1.37369,4500000,1
1754514360000,1754514419000,1.37363,1.37364,1.37363,1.37364,3000000,1
1754514420000,1754514479000,1.37363,1.37363,1.37363,1.37363,900000,1
1754514480000,1754514539000,1.37363,1.37368,1.37363,1.37368,10500000,1
1754514540000,1754514599000,1.37368,1.37369,1.37368,1.37368,3600000,1
1754514600000,1754514659000,1.37368,1.37371,1.37368,1.37371,8100000,1
1754514660000,1754514719000,1.37369,1.37369,1.37362,1.37362,4800000,1
1754514720000,1754514779000,1.37365,1.37376,1.37361,1.3737,9600000,1
1754514780000,1754514839000,1.37368,1.37368,1.37368,1.37368,1200000,1
1754514840000,1754514899000,1.3737,1.3737,1.37369,1.37369,8400000,1
1754514900000,1754514959000,1.37369,1.3739,1.37365,1.37365,17400000,1
1754514960000,1754515019000,1.37365,1.37366,1.37364,1.37364,12000000,1
1754515020000,1754515079000,1.37367,1.37367,1.37367,1.37367,2400000,1
1754515080000,1754515139000,1.37367,1.37368,1.37367,1.37368,7500000,1
1754515140000,1754515199000,1.37367,1.37368,1.37367,1.37368,11100000,1
1754515200000,1754515259000,1.37366,1.37366,1.37363,1.37363,16800000,1
1754515260000,1754515319000,1.37363,1.37364,1.37362,1.37362,31920000,1
1754515320000,1754515379000,1.37363,1.37372,1.3736,1.37372,13890000,1
1754515380000,1754515439000,1.37368,1.3737,1.37368,1.37369,11400000,1
1754515440000,1754515499000,1.37369,1.37372,1.37369,1.37369,6600000,1
1754515500000,1754515559000,1.37368,1.37372,1.37368,1.3737,19800000,1
1754515560000,1754515619000,1.37369,1.3737,1.37368,1.37369,14400000,1
1754515620000,1754515679000,1.37367,1.37371,1.37367,1.37371,12000000,1
1754515680000,1754515739000,1.37371,1.37375,1.37371,1.37371,21600000,1
1754515740000,1754515799000,1.37372,1.37372,1.37372,1.37372,1200000,1
1754515800000,1754515859000,1.37372,1.37384,1.37372,1.37384,45330000,1
1754515860000,1754515919000,1.37384,1.37385,1.37384,1.37385,26880000,1
1754515920000,1754515979000,1.37384,1.37386,1.37384,1.37386,16800000,1
1754515980000,1754516039000,1.37385,1.37392,1.37385,1.37392,24510000,1
1754516040000,1754516099000,1.37392,1.37401,1.37392,1.37401,13080000,1
1754516100000,1754516159000,1.37403,1.37406,1.37395,1.37406,23070000,1
1754516160000,1754516219000,1.37404,1.37414,1.37404,1.37414,16500000,1
1754516220000,1754516279000,1.37415,1.37415,1.37402,1.37408,35040000,1
1754516280000,1754516339000,1.37408,1.37415,1.37403,1.37411,25470000,1
1754516340000,1754516399000,1.3741,1.37414,1.37409,1.3741,22800000,1
1754516400000,1754516459000,1.37411,1.37413,1.3741,1.37412,12300000,1
1754516460000,1754516519000,1.37412,1.37415,1.37408,1.37412,25800000,1
1754516520000,1754516579000,1.37412,1.37414,1.37405,1.37405,37950000,1
1754516580000,1754516639000,1.37405,1.3741,1.37404,1.3741,31950000,1
1754516640000,1754516699000,1.3741,1.3741,1.37406,1.37407,19800000,1
1754516700000,1754516759000,1.37408,1.37408,1.37398,1.37406,35520000,1
1754516760000,1754516819000,1.37408,1.37412,1.37406,1.37409,21120000,1
1754516820000,1754516879000,1.37409,1.37409,1.37407,1.37408,18750000,1
1754516880000,1754516939000,1.37407,1.3741,1.37391,1.37393,54720000,1
1754516940000,1754516999000,1.37394,1.37402,1.37393,1.37401,29820000,1
1754517000000,1754517059000,1.37397,1.37404,1.37397,1.37399,23550000,1
1754517060000,1754517119000,1.37401,1.37409,1.37398,1.37406,51330000,1
1754517120000,1754517179000,1.37405,1.37406,1.37401,1.37402,26580000,1
1754517180000,1754517239000,1.374,1.37406,1.374,1.37405,46740000,1
1754517240000,1754517299000,1.37407,1.37407,1.37403,1.37406,31920000,1
1754517300000,1754517359000,1.37405,1.37407,1.3739,1.37393,43410000,1
1754517360000,1754517419000,1.37394,1.37396,1.3739,1.37395,26400000,1
1754517420000,1754517479000,1.37394,1.37399,1.37386,1.37386,17670000,1
1754517480000,1754517539000,1.37386,1.37389,1.37379,1.37379,38280000,1
1754517540000,1754517599000,1.37379,1.3738,1.37376,1.37378,22200000,1
1754517600000,1754517659000,1.3737,1.37404,1.37365,1.37395,59850000,1
1754517660000,1754517719000,1.37397,1.37399,1.37376,1.37376,39150000,1
1754517720000,1754517779000,1.37377,1.37383,1.37377,1.37382,25200000,1
1754517780000,1754517839000,1.37382,1.37384,1.37382,1.37383,16200000,1
1754517840000,1754517899000,1.37383,1.37384,1.37382,1.37382,13200000,1
1754517900000,1754517959000,1.37382,1.37384,1.37382,1.37383,18000000,1
1754517960000,1754518019000,1.37383,1.37387,1.37382,1.37386,19200000,1
1754518020000,1754518079000,1.37386,1.37389,1.37379,1.3738,15600000,1
1754518080000,1754518139000,1.3738,1.3738,1.37379,1.37379,6000000,1
1754518140000,1754518199000,1.3738,1.3738,1.37379,1.37379,13200000,1
1754518200000,1754518259000,1.37379,1.3738,1.37379,1.3738,6000000,1
1754518260000,1754518319000,1.37378,1.37385,1.37378,1.37383,34200000,1
1754518320000,1754518379000,1.37383,1.37383,1.3738,1.3738,13200000,1
1754518380000,1754518439000,1.3738,1.37384,1.3738,1.37382,24000000,1
1754518440000,1754518499000,1.37383,1.37383,1.37378,1.37379,18000000,1
1754518500000,1754518559000,1.37379,1.3739,1.37379,1.37389,60000000,1
1754518560000,1754518619000,1.3739,1.37391,1.37389,1.3739,7800000,1
1754518620000,1754518679000,1.3739,1.3739,1.37381,1.37381,19800000,1
1754518680000,1754518739000,1.37381,1.37389,1.37381,1.37389,10200000,1
1754518740000,1754518799000,1.3739,1.3739,1.37388,1.37389,8400000,1
1754518800000,1754518859000,1.37388,1.37393,1.37388,1.37389,39300000,1
1754518860000,1754518919000,1.37389,1.37389,1.37389,1.37389,0,1
1754518920000,1754518979000,1.37386,1.37388,1.37381,1.37387,22950000,1
1754518980000,1754519039000,1.37386,1.37396,1.37386,1.37396,32400000,1
1754519040000,1754519099000,1.37395,1.37397,1.37393,1.37397,34650000,1
1754519100000,1754519159000,1.37396,1.37397,1.37391,1.37396,32100000,1
1754519160000,1754519219000,1.37397,1.37403,1.37394,1.37402,44250000,1
1754519220000,1754519279000,1.37402,1.37407,1.37402,1.37404,27900000,1
1754519280000,1754519339000,1.37406,1.37408,1.37402,1.37408,40200000,1
1754519340000,1754519399000,1.37407,1.37418,1.37403,1.37417,35550000,1
1754519400000,1754519459000,1.37417,1.37418,1.37413,1.37413,15600000,1
1754519460000,1754519519000,1.37414,1.37417,1.37413,1.37415,34980000,1
1754519520000,1754519579000,1.37413,1.37418,1.37413,1.37416,45600000,1
1754519580000,1754519639000,1.37416,1.3742,1.37413,1.37418,52440000,1
1754519640000,1754519699000,1.3742,1.37427,1.37418,1.37427,32730000,1
1754519700000,1754519759000,1.37426,1.37426,1.37426,1.37426,11400000,1
1754519760000,1754519819000,1.37428,1.37428,1.37426,1.37426,9330000,1
1754519820000,1754519879000,1.37426,1.37428,1.37426,1.37427,17130000,1
1754519880000,1754519939000,1.37427,1.37428,1.37427,1.37427,18120000,1
1754519940000,1754519999000,1.37427,1.37428,1.37427,1.37427,16200000,1
1754520000000,1754520059000,1.37428,1.37429,1.37427,1.37427,7560000,1
1754520060000,1754520119000,1.37426,1.37427,1.37426,1.37427,3000000,1
1754520120000,1754520179000,1.37426,1.37426,1.37418,1.37418,7350000,1
1754520180000,1754520239000,1.37418,1.37419,1.37418,1.37419,7740000,1
1754520240000,1754520299000,1.37419,1.37419,1.37417,1.37417,14190000,1
1754520300000,1754520359000,1.37418,1.37418,1.37409,1.37409,28800000,1
1754520360000,1754520419000,1.37409,1.37411,1.37409,1.3741,20640000,1
1754520420000,1754520479000,1.37411,1.37412,1.3741,1.37411,7890000,1
1754520480000,1754520539000,1.37416,1.37419,1.37416,1.37417,18600000,1
1754520540000,1754520599000,1.37418,1.37418,1.37417,1.37418,10800000,1
1754520600000,1754520659000,1.37419,1.37419,1.37418,1.37418,3600000,1
1754520660000,1754520719000,1.37418,1.37419,1.37418,1.37418,9750000,1
1754520720000,1754520779000,1.37419,1.37419,1.37416,1.37418,4800000,1
1754520780000,1754520839000,1.37418,1.37418,1.37418,1.37418,1200000,1
1754520840000,1754520899000,1.37418,1.37419,1.37418,1.37419,4950000,1
1754520900000,1754520959000,1.37414,1.37414,1.37409,1.37409,25050000,1
1754520960000,1754521019000,1.37409,1.3741,1.37405,1.37408,20250000,1
1754521020000,1754521079000,1.37408,1.3741,1.37404,1.37406,24750000,1
1754521080000,1754521139000,1.37406,1.37406,1.37406,1.37406,1800000,1
1754521140000,1754521199000,1.37405,1.37406,1.37405,1.37405,13800000,1
1754521200000,1754521259000,1.37407,1.37411,1.37399,1.374,65850000,1
1754521260000,1754521319000,1.37402,1.37402,1.37399,1.374,22950000,1
1754521320000,1754521379000,1.37399,1.37403,1.37399,1.37401,27000000,1
1754521380000,1754521439000,1.374,1.37401,1.37399,1.374,16800000,1
1754521440000,1754521499000,1.374,1.37403,1.37389,1.37389,58950000,1
1754521500000,1754521559000,1.3739,1.37392,1.37389,1.37391,27000000,1
1754521560000,1754521619000,1.37392,1.37393,1.37391,1.37392,13800000,1
1754521620000,1754521679000,1.37392,1.37393,1.3739,1.37391,28200000,1
1754521680000,1754521739000,1.37392,1.37393,1.3739,1.37391,28200000,1
1754521740000,1754521799000,1.37391,1.37391,1.37387,1.37389,28800000,1
1754521800000,1754521859000,1.37388,1.37392,1.37388,1.37392,27300000,1
1754521860000,1754521919000,1.37391,1.37392,1.37391,1.37392,7200000,1
1754521920000,1754521979000,1.37391,1.37394,1.37391,1.37392,20400000,1
1754521980000,1754522039000,1.37393,1.37399,1.37391,1.37399,20400000,1
1754522040000,1754522099000,1.37398,1.37401,1.37397,1.37401,9600000,1
1754522100000,1754522159000,1.37401,1.37402,1.37397,1.37398,19800000,1
1754522160000,1754522219000,1.37398,1.374,1.37396,1.37399,15600000,1
1754522220000,1754522279000,1.37399,1.374,1.37396,1.37398,29400000,1
1754522280000,1754522339000,1.37398,1.37398,1.37396,1.37397,4800000,1
1754522340000,1754522399000,1.37397,1.37401,1.37396,1.374,18000000,1
1754522400000,1754522459000,1.374,1.37401,1.374,1.37401,6000000,1
1754522460000,1754522519000,1.37402,1.37402,1.374,1.374,3600000,1
1754522520000,1754522579000,1.374,1.374,1.37399,1.374,8100000,1
1754522580000,1754522639000,1.37399,1.37399,1.37392,1.37392,13200000,1
1754522640000,1754522699000,1.37392,1.37392,1.3739,1.37391,5550000,1
1754522700000,1754522759000,1.3739,1.3739,1.37385,1.37387,20400000,1
1754522760000,1754522819000,1.37386,1.3739,1.37386,1.37388,20400000,1
1754522820000,1754522879000,1.37389,1.37393,1.37389,1.37391,28200000,1
1754522880000,1754522939000,1.37391,1.37402,1.37391,1.37402,19350000,1
1754522940000,1754522999000,1.37402,1.37403,1.37401,1.37402,16800000,1
1754523000000,1754523059000,1.37401,1.37403,1.374,1.37402,13200000,1
1754523060000,1754523119000,1.37403,1.37403,1.374,1.37403,14700000,1
1754523120000,1754523179000,1.374,1.37403,1.374,1.37401,5400000,1
1754523180000,1754523239000,1.37401,1.37403,1.37399,1.37403,17700000,1
1754523240000,1754523299000,1.374,1.37411,1.374,1.37407,31800000,1
1754523300000,1754523359000,1.3741,1.3741,1.374,1.37402,24000000,1
1754523360000,1754523419000,1.374,1.37403,1.37399,1.37399,11550000,1
1754523420000,1754523479000,1.374,1.37403,1.374,1.374,14820000,1
1754523480000,1754523539000,1.37402,1.37402,1.37399,1.374,12840000,1
1754523540000,1754523599000,1.37401,1.37402,1.37401,1.37402,2400000,1
1754523600000,1754523659000,1.374,1.37401,1.37396,1.374,16950000,1
1754523660000,1754523719000,1.37401,1.37402,1.37399,1.37401,22200000,1
1754523720000,1754523779000,1.37401,1.3741,1.37401,1.3741,24000000,1
1754523780000,1754523839000,1.37409,1.37411,1.37409,1.3741,7200000,1
1754523840000,1754523899000,1.3741,1.3741,1.3741,1.3741,0,1
1754523900000,1754523959000,1.37411,1.37412,1.37409,1.3741,30600000,1
1754523960000,1754524019000,1.37411,1.37413,1.37409,1.37412,40800000,1
1754524020000,1754524079000,1.37411,1.37411,1.37398,1.37399,62040000,1
1754524080000,1754524139000,1.37399,1.37402,1.37397,1.374,33330000,1
1754524140000,1754524199000,1.37401,1.37401,1.37391,1.37392,27510000,1
1754524200000,1754524259000,1.37392,1.37402,1.37392,1.374,53850000,1
1754524260000,1754524319000,1.37401,1.37403,1.37392,1.37394,38700000,1
1754524320000,1754524379000,1.37393,1.37407,1.37392,1.37406,24240000,1
1754524380000,1754524439000,1.37407,1.37408,1.37399,1.37402,48810000,1
1754524440000,1754524499000,1.37401,1.37404,1.37394,1.37394,20160000,1
1754524500000,1754524559000,1.37394,1.37402,1.37389,1.37401,110400000,1
1754524560000,1754524619000,1.37403,1.37403,1.374,1.37402,90000000,1
1754524620000,1754524679000,1.374,1.37402,1.37389,1.37391,72900000,1
1754524680000,1754524739000,1.3739,1.37395,1.3739,1.37393,33000000,1
1754524740000,1754524799000,1.37394,1.37394,1.3739,1.37392,63660000,1
1754524800000,1754524859000,1.37393,1.37413,1.37388,1.37411,128220000,1
1754524860000,1754524919000,1.3741,1.37422,1.37404,1.37415,182850000,1
1754524920000,1754524979000,1.37417,1.3742,1.3741,1.37418,138420000,1
1754524980000,1754525039000,1.3742,1.3742,1.37408,1.37414,115800000,1
1754525040000,1754525099000,1.37414,1.37423,1.37409,1.37411,126150000,1
1754525100000,1754525159000,1.37412,1.37421,1.37412,1.37417,92490000,1
1754525160000,1754525219000,1.37417,1.37428,1.37417,1.37421,119250000,1
1754525220000,1754525279000,1.37422,1.3743,1.37422,1.37426,105810000,1
1754525280000,1754525339000,1.37425,1.3743,1.37416,1.37421,121710000,1
1754525340000,1754525399000,1.3742,1.37436,1.3742,1.37429,128610000,1
1754525400000,1754525459000,1.37429,1.37438,1.37429,1.37435,134100000,1
1754525460000,1754525519000,1.37434,1.37434,1.37422,1.37425,81750000,1
1754525520000,1754525579000,1.37424,1.3743,1.37424,1.37428,97680000,1
1754525580000,1754525639000,1.37428,1.37428,1.37411,1.37419,92430000,1
1754525640000,1754525699000,1.3742,1.3742,1.37409,1.37412,72390000,1
1754525700000,1754525759000,1.37412,1.37414,1.37409,1.37412,72270000,1
1754525760000,1754525819000,1.37412,1.37414,1.37409,1.37413,74550000,1
1754525820000,1754525879000,1.37412,1.37427,1.37412,1.37422,41910000,1
1754525880000,1754525939000,1.37422,1.37422,1.37411,1.37419,93330000,1
1754525940000,1754525999000,1.37417,1.37421,1.37417,1.37419,93750000,1
1754526000000,1754526059000,1.37416,1.37423,1.37412,1.37421,57810000,1
1754526060000,1754526119000,1.3742,1.37427,1.3742,1.37425,71220000,1
1754526120000,1754526179000,1.37425,1.37438,1.37423,1.37438,76320000,1
1754526180000,1754526239000,1.37438,1.37442,1.37432,1.37435,81240000,1
1754526240000,1754526299000,1.37435,1.37439,1.37429,1.37431,74940000,1
1754526300000,1754526359000,1.3743,1.37432,1.37423,1.37424,38400000,1
1754526360000,1754526419000,1.37422,1.37424,1.37412,1.37413,86250000,1
1754526420000,1754526479000,1.37415,1.37419,1.3741,1.37418,123870000,1
1754526480000,1754526539000,1.37419,1.37425,1.37418,1.37422,53790000,1
1754526540000,1754526599000,1.37421,1.37424,1.37421,1.37423,51510000,1
1754526600000,1754526659000,1.37424,1.37434,1.37423,1.37428,78210000,1
1754526660000,1754526719000,1.37425,1.37426,1.37419,1.37419,72990000,1
1754526720000,1754526779000,1.37421,1.37431,1.37414,1.37431,67590000,1
1754526780000,1754526839000,1.37431,1.37433,1.37429,1.37429,51300000,1
1754526840000,1754526899000,1.37429,1.37435,1.37428,1.37433,43920000,1
1754526900000,1754526959000,1.37431,1.37431,1.37422,1.37422,45600000,1
1754526960000,1754527019000,1.37423,1.37424,1.37419,1.3742,51600000,1
1754527020000,1754527079000,1.3742,1.3742,1.37419,1.3742,20100000,1
1754527080000,1754527139000,1.3742,1.3742,1.3741,1.37413,58470000,1
1754527140000,1754527199000,1.37419,1.37419,1.37415,1.37415,43800000,1
1754527200000,1754527259000,1.37416,1.37418,1.37413,1.37415,55590000,1
1754527260000,1754527319000,1.37415,1.37422,1.37415,1.37421,43200000,1
1754527320000,1754527379000,1.3742,1.3742,1.37416,1.37417,15090000,1
1754527380000,1754527439000,1.3742,1.37423,1.3742,1.37423,17610000,1
1754527440000,1754527499000,1.37427,1.37431,1.37425,1.3743,41490000,1
1754527500000,1754527559000,1.37431,1.37431,1.37421,1.37422,40800000,1
1754527560000,1754527619000,1.37421,1.37432,1.37421,1.3743,41520000,1
1754527620000,1754527679000,1.37432,1.37432,1.37429,1.3743,22200000,1
1754527680000,1754527739000,1.37423,1.37429,1.37423,1.37429,7200000,1
1754527740000,1754527799000,1.37427,1.37427,1.37422,1.37425,49800000,1
1754527800000,1754527859000,1.37426,1.3743,1.37424,1.37426,72000000,1
1754527860000,1754527919000,1.37425,1.37425,1.3741,1.37411,56700000,1
1754527920000,1754527979000,1.37411,1.37417,1.3741,1.37416,51600000,1
1754527980000,1754528039000,1.37419,1.37429,1.37418,1.37428,82800000,1
1754528040000,1754528099000,1.37428,1.37437,1.37424,1.37425,123750000,1
1754528100000,1754528159000,1.37425,1.37444,1.37423,1.37439,92820000,1
1754528160000,1754528219000,1.3744,1.37444,1.37436,1.37441,101400000,1
1754528220000,1754528279000,1.37436,1.37445,1.37435,1.3744,102900000,1
1754528280000,1754528339000,1.37439,1.37442,1.37431,1.37438,96030000,1
1754528340000,1754528399000,1.37439,1.37439,1.37427,1.37437,90900000,1
1754528400000,1754528459000,1.37436,1.37446,1.37423,1.37436,197820000,1
1754528460000,1754528519000,1.37436,1.37438,1.37421,1.37423,63750000,1
1754528520000,1754528579000,1.37423,1.37434,1.37423,1.3743,68370000,1
1754528580000,1754528639000,1.3743,1.37448,1.37429,1.37448,112800000,1
1754528640000,1754528699000,1.37446,1.37447,1.3744,1.37442,65700000,1
1754528700000,1754528759000,1.37443,1.37443,1.37429,1.37437,90000000,1
1754528760000,1754528819000,1.37435,1.37436,1.37428,1.37431,78150000,1
1754528820000,1754528879000,1.37434,1.37434,1.37428,1.37432,61740000,1
1754528880000,1754528939000,1.3743,1.37432,1.37415,1.37417,65640000,1
1754528940000,1754528999000,1.37421,1.37421,1.3741,1.3741,85860000,1
1754529000000,1754529059000,1.37411,1.37424,1.37409,1.37422,81150000,1
1754529060000,1754529119000,1.37422,1.37429,1.3742,1.37427,102990000,1
1754529120000,1754529179000,1.37428,1.37434,1.37427,1.3743,150870000,1
1754529180000,1754529239000,1.37431,1.37431,1.37419,1.37422,89400000,1
1754529240000,1754529299000,1.3742,1.37431,1.3742,1.37427,117900000,1
1754529300000,1754529359000,1.37427,1.37427,1.37411,1.37412,186990000,1
1754529360000,1754529419000,1.37413,1.37421,1.37409,1.37411,106890000,1
1754529420000,1754529479000,1.37412,1.37421,1.37411,1.37421,88530000,1
1754529480000,1754529539000,1.37419,1.37421,1.37418,1.37419,41190000,1
1754529540000,1754529599000,1.37419,1.37431,1.37417,1.37429,86820000,1
1754529600000,1754529659000,1.37428,1.37438,1.37426,1.37435,69000000,1
1754529660000,1754529719000,1.37436,1.37438,1.3743,1.37431,76080000,1
1754529720000,1754529779000,1.3743,1.37441,1.3743,1.37441,63450000,1
1754529780000,1754529839000,1.37442,1.37443,1.37439,1.37443,25950000,1
1754529840000,1754529899000,1.37441,1.3745,1.37438,1.37447,36570000,1
1754529900000,1754529959000,1.37448,1.37451,1.37447,1.3745,43920000,1
1754529960000,1754530019000,1.3745,1.37458,1.37445,1.37448,114600000,1
1754530020000,1754530079000,1.37448,1.3745,1.37445,1.3745,151500000,1
1754530080000,1754530139000,1.37447,1.37451,1.37441,1.37443,93210000,1
1754530140000,1754530199000,1.37443,1.3745,1.37442,1.37448,127770000,1
1754530200000,1754530259000,1.37449,1.3745,1.37433,1.37438,202470000,1
1754530260000,1754530319000,1.37437,1.37437,1.37429,1.37434,159840000,1
1754530320000,1754530379000,1.37433,1.37434,1.3743,1.37432,76200000,1
1754530380000,1754530439000,1.37432,1.37434,1.37429,1.3743,75600000,1
1754530440000,1754530499000,1.37432,1.37441,1.3743,1.3744,106200000,1
1754530500000,1754530559000,1.3744,1.37441,1.37437,1.37439,102000000,1
1754530560000,1754530619000,1.3744,1.37442,1.3743,1.37437,146400000,1
1754530620000,1754530679000,1.37438,1.3744,1.37436,1.37437,142500000,1
1754530680000,1754530739000,1.37436,1.3744,1.37432,1.37436,208680000,1
1754530740000,1754530799000,1.37435,1.37436,1.37421,1.37422,115530000,1
1754530800000,1754530859000,1.37421,1.37424,1.37414,1.3742,68700000,1
1754530860000,1754530919000,1.3742,1.37422,1.3741,1.37418,157890000,1
1754530920000,1754530979000,1.37418,1.3742,1.37401,1.37402,139500000,1
1754530980000,1754531039000,1.37402,1.37402,1.37392,1.37401,116100000,1
1754531040000,1754531099000,1.374,1.374,1.37389,1.3739,109200000,1
1754531100000,1754531159000,1.37392,1.37393,1.37388,1.37389,85650000,1
1754531160000,1754531219000,1.37389,1.37389,1.37372,1.37373,43050000,1
1754531220000,1754531279000,1.37373,1.37373,1.37363,1.3737,91800000,1
1754531280000,1754531339000,1.37367,1.37372,1.37363,1.37363,71100000,1
1754531340000,1754531399000,1.37365,1.37367,1.37362,1.37366,72000000,1
1754531400000,1754531459000,1.37366,1.37366,1.37355,1.37359,169200000,1
1754531460000,1754531519000,1.37359,1.37369,1.37359,1.37366,124200000,1
1754531520000,1754531579000,1.37367,1.37368,1.37363,1.37367,135000000,1
1754531580000,1754531639000,1.37368,1.37372,1.37362,1.3737,112800000,1
1754531640000,1754531699000,1.37371,1.37376,1.37367,1.37376,79170000,1
1754531700000,1754531759000,1.37375,1.37385,1.37374,1.37382,144690000,1
1754531760000,1754531819000,1.37384,1.37387,1.37381,1.37384,114600000,1
1754531820000,1754531879000,1.37384,1.37389,1.37383,1.37386,131970000,1
1754531880000,1754531939000,1.37385,1.37393,1.37385,1.3739,117030000,1
1754531940000,1754531999000,1.37391,1.37395,1.3739,1.3739,67590000,1
1754532000000,1754532059000,1.37391,1.37391,1.37382,1.37385,78300000,1
1754532060000,1754532119000,1.37387,1.37388,1.37382,1.37386,100200000,1
1754532120000,1754532179000,1.37387,1.37393,1.37382,1.37384,81900000,1
1754532180000,1754532239000,1.37383,1.37388,1.37381,1.37385,78900000,1
1754532240000,1754532299000,1.37385,1.37395,1.37385,1.37391,138300000,1
1754532300000,1754532359000,1.37392,1.37396,1.37385,1.37387,106500000,1
1754532360000,1754532419000,1.37385,1.37392,1.37382,1.37387,56970000,1
1754532420000,1754532479000,1.37387,1.37389,1.37383,1.37384,105300000,1
1754532480000,1754532539000,1.37384,1.37384,1.37369,1.37371,163380000,1
1754532540000,1754532599000,1.37372,1.37374,1.3736,1.37361,126390000,1
1754532600000,1754532659000,1.37359,1.3736,1.3735,1.37355,84090000,1
1754532660000,1754532719000,1.37354,1.37357,1.37353,1.37354,62640000,1
1754532720000,1754532779000,1.37356,1.37357,1.37344,1.37344,86610000,1
1754532780000,1754532839000,1.37346,1.37349,1.37328,1.37328,149460000,1
1754532840000,1754532899000,1.37329,1.37347,1.37329,1.37338,120150000,1
1754532900000,1754532959000,1.37339,1.37347,1.37339,1.37344,37350000,1
1754532960000,1754533019000,1.37344,1.37347,1.37338,1.37347,67800000,1
1754533020000,1754533079000,1.37347,1.37356,1.37343,1.37355,54300000,1
1754533080000,1754533139000,1.37356,1.37357,1.37351,1.37355,56850000,1
1754533140000,1754533199000,1.37356,1.37358,1.37354,1.37355,25500000,1
1754533200000,1754533259000,1.37355,1.37359,1.37351,1.37354,47700000,1
1754533260000,1754533319000,1.37356,1.37359,1.37355,1.37357,43950000,1
1754533320000,1754533379000,1.37358,1.37366,1.37357,1.37366,31800000,1
1754533380000,1754533439000,1.37365,1.37374,1.37364,1.37374,38550000,1
1754533440000,1754533499000,1.37373,1.37374,1.37364,1.37364,43650000,1
1754533500000,1754533559000,1.37365,1.37374,1.37365,1.37371,61800000,1
1754533560000,1754533619000,1.37372,1.37379,1.37371,1.37379,36900000,1
1754533620000,1754533679000,1.37378,1.37385,1.37378,1.37385,46200000,1
1754533680000,1754533739000,1.37383,1.37387,1.37374,1.37385,77670000,1
1754533740000,1754533799000,1.37387,1.37388,1.37381,1.37381,37230000,1
1754533800000,1754533859000,1.37381,1.37386,1.3738,1.37381,57060000,1
1754533860000,1754533919000,1.3738,1.37382,1.37379,1.37381,43800000,1
1754533920000,1754533979000,1.37382,1.37384,1.3738,1.3738,37320000,1
1754533980000,1754534039000,1.3738,1.37384,1.3738,1.37382,86070000,1
1754534040000,1754534099000,1.37382,1.37386,1.37382,1.37385,40890000,1
1754534100000,1754534159000,1.37383,1.37383,1.37373,1.37374,63840000,1
1754534160000,1754534219000,1.37374,1.37374,1.37364,1.37368,57630000,1
1754534220000,1754534279000,1.37367,1.37369,1.37359,1.3736,110910000,1
1754534280000,1754534339000,1.37362,1.37363,1.37359,1.37361,92430000,1
1754534340000,1754534399000,1.3736,1.37372,1.3736,1.37371,39150000,1
1754534400000,1754534459000,1.37371,1.37381,1.37371,1.37372,148710000,1
1754534460000,1754534519000,1.37372,1.3738,1.37371,1.37379,168900000,1
1754534520000,1754534579000,1.37379,1.37379,1.37371,1.37373,106200000,1
1754534580000,1754534639000,1.37375,1.37378,1.37372,1.37374,67800000,1
1754534640000,1754534699000,1.37374,1.37382,1.37374,1.37381,120120000,1
1754534700000,1754534759000,1.3738,1.3739,1.37377,1.37388,77550000,1
1754534760000,1754534819000,1.3739,1.3739,1.3738,1.3738,85080000,1
1754534820000,1754534879000,1.37382,1.37383,1.37378,1.3738,66600000,1
1754534880000,1754534939000,1.37381,1.37385,1.37381,1.37384,31590000,1
1754534940000,1754534999000,1.37386,1.37392,1.37378,1.37381,106080000,1
1754535000000,1754535059000,1.37379,1.37382,1.37378,1.3738,79710000,1
1754535060000,1754535119000,1.37381,1.37384,1.37379,1.37381,79050000,1
1754535120000,1754535179000,1.37384,1.37391,1.37382,1.37391,58560000,1
1754535180000,1754535239000,1.3739,1.37391,1.37386,1.3739,80790000,1
1754535240000,1754535299000,1.37389,1.37391,1.37382,1.37383,86100000,1
1754535300000,1754535359000,1.37382,1.37383,1.37376,1.37382,77100000,1
1754535360000,1754535419000,1.37379,1.37389,1.37377,1.37385,71460000,1
1754535420000,1754535479000,1.37385,1.37389,1.37383,1.37383,66360000,1
1754535480000,1754535539000,1.37384,1.37386,1.37379,1.37381,80250000,1
1754535540000,1754535599000,1.37381,1.37384,1.37377,1.37381,115200000,1
1754535600000,1754535659000,1.3738,1.37383,1.37378,1.3738,41400000,1
1754535660000,1754535719000,1.37382,1.37383,1.37375,1.37378,103110000,1
1754535720000,1754535779000,1.37377,1.37384,1.37373,1.37375,95580000,1
1754535780000,1754535839000,1.37378,1.37395,1.37375,1.37392,164700000,1
1754535840000,1754535899000,1.37393,1.37394,1.37388,1.37389,59700000,1
1754535900000,1754535959000,1.37391,1.37392,1.37387,1.37392,57000000,1
1754535960000,1754536019000,1.37389,1.37394,1.37389,1.37391,54600000,1
1754536020000,1754536079000,1.37391,1.37392,1.37388,1.3739,62550000,1
1754536080000,1754536139000,1.3739,1.37393,1.3739,1.37392,25650000,1
1754536140000,1754536199000,1.37389,1.37394,1.37388,1.37391,24300000,1
1754536200000,1754536259000,1.37391,1.37391,1.37383,1.37388,45000000,1
1754536260000,1754536319000,1.37383,1.37392,1.37382,1.37388,70500000,1
1754536320000,1754536379000,1.37387,1.37395,1.37381,1.37383,123600000,1
1754536380000,1754536439000,1.37383,1.37386,1.37382,1.37386,35400000,1
1754536440000,1754536499000,1.3739,1.37393,1.37384,1.37389,64950000,1
1754536500000,1754536559000,1.37391,1.37393,1.37389,1.37392,24900000,1
1754536560000,1754536619000,1.37392,1.37402,1.37392,1.374,55380000,1
1754536620000,1754536679000,1.37401,1.37408,1.37399,1.37403,109080000,1
1754536680000,1754536739000,1.37401,1.37409,1.37399,1.37408,114960000,1
1754536740000,1754536799000,1.37409,1.37415,1.37406,1.37412,68820000,1
1754536800000,1754536859000,1.37412,1.37415,1.37412,1.37413,62700000,1
1754536860000,1754536919000,1.37412,1.37414,1.37408,1.3741,97500000,1
1754536920000,1754536979000,1.37413,1.37413,1.37405,1.37409,58500000,1
1754536980000,1754537039000,1.37408,1.37408,1.374,1.37401,92100000,1
1754537040000,1754537099000,1.374,1.374,1.37387,1.37389,114930000,1
1754537100000,1754537159000,1.37389,1.3739,1.37384,1.37388,97590000,1
1754537160000,1754537219000,1.37388,1.37389,1.37383,1.37385,72450000,1
1754537220000,1754537279000,1.37386,1.37398,1.37384,1.37397,76170000,1
1754537280000,1754537339000,1.37398,1.37399,1.3739,1.37391,77520000,1
1754537340000,1754537399000,1.3739,1.37391,1.37383,1.37387,129450000,1
1754537400000,1754537459000,1.37385,1.37392,1.37382,1.37391,135150000,1
1754537460000,1754537519000,1.37391,1.37393,1.37389,1.37391,65850000,1
1754537520000,1754537579000,1.37391,1.37394,1.37385,1.3739,51150000,1
1754537580000,1754537639000,1.37389,1.37391,1.37381,1.37384,57000000,1
1754537640000,1754537699000,1.37382,1.37389,1.37379,1.37386,52650000,1
1754537700000,1754537759000,1.37384,1.3739,1.37382,1.37386,90300000,1
1754537760000,1754537819000,1.37385,1.37387,1.37378,1.37382,117450000,1
1754537820000,1754537879000,1.37381,1.37382,1.37377,1.37381,75300000,1
1754537880000,1754537939000,1.37381,1.37382,1.37378,1.37381,50100000,1
1754537940000,1754537999000,1.37381,1.37382,1.37381,1.37382,23700000,1
1754538000000,1754538059000,1.37383,1.37389,1.37382,1.37387,57600000,1
1754538060000,1754538119000,1.37388,1.37389,1.37385,1.37386,42000000,1
1754538120000,1754538179000,1.37385,1.37386,1.37381,1.37383,69900000,1
1754538180000,1754538239000,1.37383,1.37386,1.37382,1.37384,32400000,1
1754538240000,1754538299000,1.37385,1.37387,1.37383,1.37383,50850000,1
1754538300000,1754538359000,1.37384,1.37385,1.37384,1.37385,17700000,1
1754538360000,1754538419000,1.37384,1.37384,1.37371,1.37374,94500000,1
1754538420000,1754538479000,1.37373,1.37375,1.37371,1.37373,35400000,1
1754538480000,1754538539000,1.37373,1.37378,1.37372,1.37373,69600000,1
1754538540000,1754538599000,1.37375,1.37375,1.3737,1.37372,31890000,1
1754538600000,1754538659000,1.3737,1.37375,1.3737,1.37374,96660000,1
1754538660000,1754538719000,1.37371,1.37372,1.37364,1.37367,91800000,1
1754538720000,1754538779000,1.37367,1.37372,1.37366,1.37368,72150000,1
1754538780000,1754538839000,1.37367,1.37367,1.37361,1.37364,60900000,1
1754538840000,1754538899000,1.37365,1.37365,1.37354,1.37354,48600000,1
1754538900000,1754538959000,1.37355,1.37356,1.37337,1.37338,106800000,1
1754538960000,1754539019000,1.37337,1.37341,1.37337,1.37337,90600000,1
1754539020000,1754539079000,1.37339,1.37341,1.37336,1.3734,80220000,1
1754539080000,1754539139000,1.3734,1.37341,1.37338,1.37339,45600000,1
1754539140000,1754539199000,1.3734,1.37347,1.37337,1.37346,66900000,1
1754539200000,1754539259000,1.37348,1.37356,1.37346,1.37355,78600000,1
1754539260000,1754539319000,1.37355,1.37355,1.37345,1.37349,76650000,1
1754539320000,1754539379000,1.37351,1.37351,1.3733,1.37331,103770000,1
1754539380000,1754539439000,1.37333,1.37333,1.37325,1.37327,96900000,1
1754539440000,1754539499000,1.37327,1.37333,1.37325,1.37325,91800000,1
1754539500000,1754539559000,1.37326,1.37329,1.37325,1.37325,91290000,1
1754539560000,1754539619000,1.37325,1.37327,1.37319,1.3732,78450000,1
1754539620000,1754539679000,1.37321,1.37326,1.37318,1.37324,132870000,1
1754539680000,1754539739000,1.37325,1.37329,1.37325,1.37326,90570000,1
1754539740000,1754539799000,1.37327,1.37331,1.37323,1.37324,85950000,1
1754539800000,1754539859000,1.37325,1.37328,1.37323,1.37325,84780000,1
1754539860000,1754539919000,1.37324,1.37325,1.37306,1.37311,91210000,1
1754539920000,1754539979000,1.37313,1.37314,1.37307,1.3731,119280000,1
1754539980000,1754540039000,1.37311,1.37319,1.37311,1.37317,72450000,1
1754540040000,1754540099000,1.37315,1.37322,1.37315,1.37321,73650000,1
1754540100000,1754540159000,1.37321,1.37321,1.37316,1.37318,76650000,1
1754540160000,1754540219000,1.37317,1.37321,1.37317,1.3732,43660000,1
1754540220000,1754540279000,1.3732,1.37321,1.37314,1.37317,102000000,1
1754540280000,1754540339000,1.37316,1.37317,1.37313,1.37315,65550000,1
1754540340000,1754540399000,1.37316,1.37319,1.37314,1.37318,51450000,1
1754540400000,1754540459000,1.37318,1.37318,1.37306,1.37306,66300000,1
1754540460000,1754540519000,1.37306,1.37308,1.37297,1.37298,89700000,1
1754540520000,1754540579000,1.37298,1.37299,1.37295,1.37296,51300000,1
1754540580000,1754540639000,1.37297,1.37301,1.37296,1.37301,48300000,1
1754540640000,1754540699000,1.37299,1.37302,1.37296,1.37298,43650000,1
1754540700000,1754540759000,1.37297,1.37303,1.37297,1.37299,44550000,1
1754540760000,1754540819000,1.37298,1.37308,1.37298,1.37306,82500000,1
1754540820000,1754540879000,1.37305,1.37309,1.37297,1.37308,88560000,1
1754540880000,1754540939000,1.37308,1.37314,1.37307,1.37309,84450000,1
1754540940000,1754540999000,1.3731,1.37314,1.37307,1.37307,40200000,1
1754541000000,1754541059000,1.37307,1.37314,1.37307,1.37311,35550000,1
1754541060000,1754541119000,1.37312,1.37314,1.37307,1.37308,54900000,1
1754541120000,1754541179000,1.37309,1.3731,1.37302,1.37307,29400000,1
1754541180000,1754541239000,1.37305,1.37307,1.37295,1.37297,32700000,1
1754541240000,1754541299000,1.37298,1.37299,1.37291,1.37298,59820000,1
1754541300000,1754541359000,1.37298,1.37301,1.37297,1.37299,34800000,1
1754541360000,1754541419000,1.373,1.37302,1.37288,1.3729,62100000,1
1754541420000,1754541479000,1.37291,1.37299,1.37291,1.37299,16800000,1
1754541480000,1754541539000,1.37298,1.37298,1.3729,1.37294,26400000,1
1754541540000,1754541599000,1.37294,1.373,1.37293,1.37296,54150000,1
1754541600000,1754541659000,1.37297,1.37299,1.37293,1.37299,42600000,1
1754541660000,1754541719000,1.37299,1.37308,1.37298,1.37308,61200000,1
1754541720000,1754541779000,1.37307,1.37308,1.37303,1.37304,34800000,1
1754541780000,1754541839000,1.37305,1.37308,1.37304,1.37307,21000000,1
1754541840000,1754541899000,1.37305,1.37306,1.37297,1.37298,45600000,1
1754541900000,1754541959000,1.37297,1.37304,1.37297,1.37303,37200000,1
1754541960000,1754542019000,1.37303,1.37309,1.37303,1.37306,38550000,1
1754542020000,1754542079000,1.37303,1.37306,1.373,1.37303,67800000,1
1754542080000,1754542139000,1.37304,1.37308,1.373,1.37302,59550000,1
1754542140000,1754542199000,1.37304,1.37306,1.37302,1.37305,25200000,1
1754542200000,1754542259000,1.37304,1.37304,1.37301,1.37303,22200000,1
1754542260000,1754542319000,1.37305,1.37306,1.37301,1.37306,62400000,1
1754542320000,1754542379000,1.37304,1.37308,1.37301,1.37306,76200000,1
1754542380000,1754542439000,1.37305,1.37306,1.37297,1.37301,39600000,1
1754542440000,1754542499000,1.37302,1.37306,1.37301,1.37303,85350000,1
1754542500000,1754542559000,1.37305,1.37307,1.37297,1.37298,57000000,1
1754542560000,1754542619000,1.373,1.37304,1.37297,1.37304,34800000,1
1754542620000,1754542679000,1.37304,1.37308,1.37301,1.37307,48150000,1
1754542680000,1754542739000,1.37307,1.37309,1.37303,1.37303,26400000,1
1754542740000,1754542799000,1.37304,1.37306,1.37302,1.37305,70800000,1
1754542800000,1754542859000,1.37307,1.37307,1.37296,1.37296,67500000,1
1754542860000,1754542919000,1.37298,1.373,1.37296,1.37298,38400000,1
1754542920000,1754542979000,1.37298,1.373,1.37297,1.37298,19200000,1
1754542980000,1754543039000,1.373,1.37301,1.37298,1.373,37350000,1
1754543040000,1754543099000,1.37299,1.37302,1.37298,1.373,39600000,1
1754543100000,1754543159000,1.37301,1.37309,1.37299,1.37299,64200000,1
1754543160000,1754543219000,1.373,1.37306,1.37298,1.37306,39600000,1
1754543220000,1754543279000,1.37307,1.37316,1.37306,1.37315,136800000,1
1754543280000,1754543339000,1.37314,1.37316,1.37311,1.37316,64800000,1
1754543340000,1754543399000,1.37316,1.37321,1.37315,1.37317,90150000,1
1754543400000,1754543459000,1.37319,1.3732,1.37315,1.37318,72750000,1
1754543460000,1754543519000,1.37318,1.37326,1.37316,1.37326,43200000,1
1754543520000,1754543579000,1.37327,1.37328,1.37323,1.37327,43800000,1
1754543580000,1754543639000,1.37328,1.37331,1.37327,1.37331,27600000,1
1754543640000,1754543699000,1.37332,1.37337,1.37331,1.37337,53400000,1
1754543700000,1754543759000,1.37336,1.37339,1.37334,1.37339,38400000,1
1754543760000,1754543819000,1.37338,1.37344,1.37336,1.37341,76800000,1
1754543820000,1754543879000,1.37343,1.37343,1.37331,1.37333,52800000,1
1754543880000,1754543939000,1.37334,1.37338,1.37332,1.37335,70800000,1
1754543940000,1754543999000,1.37336,1.37337,1.37335,1.37336,38400000,1
1754544000000,1754544059000,1.37336,1.37337,1.37335,1.37335,15600000,1
1754544060000,1754544119000,1.37336,1.37346,1.37335,1.37344,39600000,1
1754544120000,1754544179000,1.37344,1.37346,1.37333,1.37336,45600000,1
1754544180000,1754544239000,1.37336,1.37344,1.37335,1.37343,20400000,1
1754544240000,1754544299000,1.37341,1.37341,1.37336,1.37337,45600000,1
1754544300000,1754544359000,1.37338,1.37346,1.37338,1.37344,60600000,1
1754544360000,1754544419000,1.37346,1.37347,1.37337,1.37343,48600000,1
1754544420000,1754544479000,1.37345,1.37351,1.37343,1.37346,36090000,1
1754544480000,1754544539000,1.37348,1.37352,1.37345,1.37345,31500000,1
1754544540000,1754544599000,1.37345,1.37348,1.37341,1.37343,52800000,1
1754544600000,1754544659000,1.37342,1.37345,1.37337,1.37338,47100000,1
1754544660000,1754544719000,1.37339,1.37344,1.37338,1.37339,33240000,1
1754544720000,1754544779000,1.3734,1.37343,1.3734,1.37342,27600000,1
1754544780000,1754544839000,1.37342,1.37344,1.37338,1.37342,33870000,1
1754544840000,1754544899000,1.37341,1.37343,1.37336,1.37336,72150000,1
1754544900000,1754544959000,1.37335,1.37338,1.37331,1.37336,64200000,1
1754544960000,1754545019000,1.37336,1.37339,1.37333,1.37338,63000000,1
1754545020000,1754545079000,1.3734,1.37344,1.37339,1.37342,58650000,1
1754545080000,1754545139000,1.37342,1.37344,1.37339,1.37343,36000000,1
1754545140000,1754545199000,1.37344,1.37351,1.37344,1.37349,30000000,1
1754545200000,1754545259000,1.3735,1.37351,1.37348,1.3735,16200000,1
1754545260000,1754545319000,1.3735,1.37352,1.37349,1.3735,19200000,1
1754545320000,1754545379000,1.3735,1.37358,1.3735,1.37357,41250000,1
1754545380000,1754545439000,1.37357,1.37358,1.37354,1.37355,49050000,1
1754545440000,1754545499000,1.37355,1.37358,1.37347,1.37355,42750000,1
1754545500000,1754545559000,1.37354,1.37356,1.37349,1.37353,49200000,1
1754545560000,1754545619000,1.37353,1.37354,1.37349,1.37352,33000000,1
1754545620000,1754545679000,1.37352,1.37356,1.3735,1.37353,52800000,1
1754545680000,1754545739000,1.3735,1.37352,1.37339,1.37343,64200000,1
1754545740000,1754545799000,1.37343,1.37344,1.3733,1.37335,59400000,1
1754545800000,1754545859000,1.37335,1.37345,1.37335,1.37337,54300000,1
1754545860000,1754545919000,1.37336,1.37336,1.37326,1.37327,45600000,1
1754545920000,1754545979000,1.37326,1.37331,1.37325,1.37327,46800000,1
1754545980000,1754546039000,1.37328,1.37332,1.37327,1.37328,41400000,1
1754546040000,1754546099000,1.37329,1.37329,1.37317,1.37319,27600000,1
1754546100000,1754546159000,1.3732,1.3733,1.37318,1.3733,40950000,1
1754546160000,1754546219000,1.37329,1.37336,1.37329,1.37336,57600000,1
1754546220000,1754546279000,1.37335,1.37339,1.37322,1.37325,56100000,1
1754546280000,1754546339000,1.37326,1.37331,1.37322,1.37331,67500000,1
1754546340000,1754546399000,1.37331,1.37336,1.37328,1.37336,46200000,1
1754546400000,1754546459000,1.37337,1.37337,1.37314,1.37318,96000000,1
1754546460000,1754546519000,1.37318,1.37321,1.37313,1.37314,50850000,1
1754546520000,1754546579000,1.37314,1.37315,1.37296,1.37296,80550000,1
1754546580000,1754546639000,1.37297,1.37319,1.37296,1.37318,72000000,1
1754546640000,1754546699000,1.37318,1.37319,1.37315,1.37317,70200000,1
1754546700000,1754546759000,1.37318,1.37321,1.37316,1.37318,91800000,1
1754546760000,1754546819000,1.37318,1.37322,1.37305,1.37307,96300000,1
1754546820000,1754546879000,1.37307,1.3731,1.373,1.373,111150000,1
1754546880000,1754546939000,1.37301,1.37315,1.37301,1.37312,103500000,1
1754546940000,1754546999000,1.37313,1.37316,1.37309,1.37309,39600000,1
1754547000000,1754547059000,1.37309,1.37312,1.373,1.37312,66300000,1
1754547060000,1754547119000,1.37311,1.37313,1.37305,1.37307,44490000,1
1754547120000,1754547179000,1.37309,1.37316,1.37309,1.37314,31410000,1
1754547180000,1754547239000,1.37314,1.37317,1.37313,1.37316,19800000,1
1754547240000,1754547299000,1.37318,1.3732,1.37316,1.37316,26250000,1
1754547300000,1754547359000,1.37316,1.37316,1.373,1.37301,74430000,1
1754547360000,1754547419000,1.373,1.37302,1.37297,1.37301,90630000,1
1754547420000,1754547479000,1.37299,1.37299,1.37273,1.37273,104040000,1
1754547480000,1754547539000,1.37273,1.37281,1.37273,1.37278,100200000,1
1754547540000,1754547599000,1.37279,1.37295,1.37271,1.3729,117450000,1
1754547600000,1754547659000,1.37289,1.3729,1.37283,1.37288,89850000,1
1754547660000,1754547719000,1.37288,1.37293,1.3728,1.37284,72600000,1
1754547720000,1754547779000,1.37283,1.37285,1.37279,1.3728,38250000,1
1754547780000,1754547839000,1.37277,1.37288,1.37277,1.37288,44550000,1
1754547840000,1754547899000,1.37287,1.37287,1.37279,1.37281,36750000,1
1754547900000,1754547959000,1.37282,1.37289,1.37279,1.37287,56310000,1
1754547960000,1754548019000,1.37286,1.37286,1.37278,1.37278,71520000,1
1754548020000,1754548079000,1.37279,1.37283,1.37278,1.37282,23400000,1
1754548080000,1754548139000,1.37279,1.37281,1.37276,1.37277,74670000,1
1754548140000,1754548199000,1.37278,1.3728,1.37269,1.3727,85650000,1
1754548200000,1754548259000,1.3727,1.37275,1.37266,1.37275,91980000,1
1754548260000,1754548319000,1.37277,1.37281,1.37268,1.37269,70650000,1
1754548320000,1754548379000,1.3727,1.37273,1.37251,1.37272,49410000,1
1754548380000,1754548439000,1.37271,1.37276,1.3726,1.37267,84180000,1
1754548440000,1754548499000,1.37266,1.37274,1.37266,1.37269,57300000,1
1754548500000,1754548559000,1.37269,1.37278,1.37268,1.3727,59850000,1
1754548560000,1754548619000,1.3727,1.37276,1.37269,1.37272,35550000,1
1754548620000,1754548679000,1.37271,1.37275,1.37269,1.37275,53400000,1
1754548680000,1754548739000,1.37275,1.37276,1.37273,1.37274,30000000,1
1754548740000,1754548799000,1.37275,1.37279,1.37274,1.37277,41850000,1
1754548800000,1754548859000,1.37276,1.37277,1.37265,1.37271,87810000,1
1754548860000,1754548919000,1.3727,1.37273,1.37269,1.37273,35430000,1
1754548920000,1754548979000,1.37272,1.37272,1.37261,1.37264,37200000,1
1754548980000,1754549039000,1.37264,1.37265,1.37257,1.37261,39000000,1
1754549040000,1754549099000,1.37259,1.3727,1.37259,1.37267,79080000,1
1754549100000,1754549159000,1.37269,1.37269,1.37256,1.37257,46800000,1
1754549160000,1754549219000,1.37257,1.37258,1.37249,1.3725,93420000,1
1754549220000,1754549279000,1.37251,1.37253,1.37247,1.37252,48240000,1
1754549280000,1754549339000,1.37253,1.37253,1.37247,1.37251,44400000,1
1754549340000,1754549399000,1.37254,1.37259,1.37252,1.37256,58800000,1
1754549400000,1754549459000,1.37258,1.37262,1.37256,1.37258,24000000,1
1754549460000,1754549519000,1.37257,1.37259,1.37246,1.3725,62190000,1
1754549520000,1754549579000,1.3725,1.37255,1.37247,1.37254,71520000,1
1754549580000,1754549639000,1.37255,1.37258,1.37255,1.37258,49200000,1
1754549640000,1754549699000,1.37258,1.37267,1.37255,1.37259,57000000,1
1754549700000,1754549759000,1.37261,1.37265,1.37259,1.37262,50250000,1
1754549760000,1754549819000,1.37262,1.37269,1.3726,1.37269,56310000,1
1754549820000,1754549879000,1.37269,1.37271,1.37267,1.37267,66210000,1
1754549880000,1754549939000,1.37268,1.3727,1.37267,1.37268,58620000,1
1754549940000,1754549999000,1.37269,1.37282,1.37268,1.37278,106140000,1
1754550000000,1754550059000,1.37278,1.37292,1.37278,1.37286,115290000,1
1754550060000,1754550119000,1.37287,1.37292,1.37284,1.37287,63900000,1
1754550120000,1754550179000,1.37288,1.37292,1.37284,1.37288,65820000,1
1754550180000,1754550239000,1.37289,1.37293,1.37285,1.37289,46350000,1
1754550240000,1754550299000,1.37288,1.37292,1.37287,1.3729,47700000,1
1754550300000,1754550359000,1.37289,1.37298,1.37289,1.37296,47400000,1
1754550360000,1754550419000,1.37296,1.37297,1.37291,1.37296,65490000,1
1754550420000,1754550479000,1.37296,1.37297,1.37287,1.37288,71400000,1
1754550480000,1754550539000,1.37287,1.37294,1.37287,1.3729,49290000,1
1754550540000,1754550599000,1.37292,1.37292,1.37281,1.37287,50550000,1
1754550600000,1754550659000,1.37288,1.37291,1.37279,1.3729,76200000,1
1754550660000,1754550719000,1.37291,1.37298,1.3729,1.37291,58350000,1
1754550720000,1754550779000,1.37291,1.37301,1.37291,1.373,68520000,1
1754550780000,1754550839000,1.37297,1.37302,1.37297,1.37298,48120000,1
1754550840000,1754550899000,1.37298,1.37309,1.37298,1.37307,48090000,1
1754550900000,1754550959000,1.37308,1.3731,1.37297,1.37298,65460000,1
1754550960000,1754551019000,1.373,1.37301,1.37289,1.37289,103110000,1
1754551020000,1754551079000,1.3729,1.37291,1.37289,1.37291,20400000,1
1754551080000,1754551139000,1.3729,1.37298,1.37288,1.37292,55800000,1
1754551140000,1754551199000,1.37291,1.37294,1.37291,1.37292,45000000,1
1754551200000,1754551259000,1.3729,1.37299,1.37287,1.37298,107400000,1
1754551260000,1754551319000,1.37297,1.37311,1.37296,1.3731,95400000,1
1754551320000,1754551379000,1.37311,1.37311,1.37292,1.37296,84000000,1
1754551380000,1754551439000,1.37295,1.37296,1.37288,1.37288,39000000,1
1754551440000,1754551499000,1.37289,1.37292,1.37287,1.3729,94500000,1
1754551500000,1754551559000,1.37291,1.37302,1.37281,1.37301,126750000,1
1754551560000,1754551619000,1.373,1.37309,1.37297,1.37297,86700000,1
1754551620000,1754551679000,1.37298,1.37298,1.37295,1.37296,82350000,1
1754551680000,1754551739000,1.37298,1.37298,1.37295,1.37297,66600000,1
1754551740000,1754551799000,1.37293,1.37293,1.37261,1.37269,79440000,1
1754551800000,1754551859000,1.3727,1.37274,1.37259,1.37264,158250000,1
1754551860000,1754551919000,1.37263,1.3727,1.3726,1.37267,65400000,1
1754551920000,1754551979000,1.37269,1.37281,1.37269,1.37275,55350000,1
1754551980000,1754552039000,1.37274,1.37276,1.37269,1.3727,43980000,1
1754552040000,1754552099000,1.37271,1.37272,1.37263,1.37269,101550000,1
1754552100000,1754552159000,1.37268,1.37268,1.37248,1.3725,70710000,1
1754552160000,1754552219000,1.3725,1.37267,1.37248,1.37261,59520000,1
1754552220000,1754552279000,1.3726,1.37264,1.3725,1.37253,52680000,1
1754552280000,1754552339000,1.37251,1.3726,1.3725,1.37258,59940000,1
1754552340000,1754552399000,1.37258,1.37263,1.3725,1.37253,72240000,1
1754552400000,1754552459000,1.37253,1.37262,1.37253,1.37262,37200000,1
1754552460000,1754552519000,1.37262,1.3727,1.37262,1.3727,55800000,1
1754552520000,1754552579000,1.37269,1.37271,1.37261,1.37262,49800000,1
1754552580000,1754552639000,1.37263,1.37266,1.37259,1.3726,58200000,1
1754552640000,1754552699000,1.37259,1.37272,1.37258,1.3727,60570000,1
1754552700000,1754552759000,1.37269,1.37272,1.37254,1.37258,47700000,1
1754552760000,1754552819000,1.37259,1.37268,1.37259,1.37267,28800000,1
1754552820000,1754552879000,1.37267,1.37267,1.3725,1.37251,45210000,1
1754552880000,1754552939000,1.37252,1.37252,1.37241,1.3725,85800000,1
1754552940000,1754552999000,1.37251,1.37251,1.37245,1.37247,39600000,1
1754553000000,1754553059000,1.37246,1.37248,1.37236,1.37239,67050000,1
1754553060000,1754553119000,1.37241,1.37241,1.37211,1.37222,97640000,1
1754553120000,1754553179000,1.37223,1.37226,1.37213,1.37222,90600000,1
1754553180000,1754553239000,1.37223,1.37231,1.3722,1.37231,89400000,1
1754553240000,1754553299000,1.3723,1.37233,1.37226,1.37228,45450000,1
1754553300000,1754553359000,1.37228,1.3724,1.37228,1.37239,41400000,1
1754553360000,1754553419000,1.37238,1.37239,1.37232,1.37235,28800000,1
1754553420000,1754553479000,1.37233,1.37236,1.3723,1.37232,50370000,1
1754553480000,1754553539000,1.37234,1.37236,1.37227,1.37229,37800000,1
1754553540000,1754553599000,1.37227,1.37234,1.37227,1.37228,91200000,1
1754553600000,1754553659000,1.37228,1.37232,1.37221,1.37227,127170000,1
1754553660000,1754553719000,1.37228,1.37245,1.37222,1.37245,116970000,1
1754553720000,1754553779000,1.37245,1.37287,1.37244,1.37281,124200000,1
1754553780000,1754553839000,1.37281,1.37281,1.37256,1.37263,116550000,1
1754553840000,1754553899000,1.3726,1.37261,1.37237,1.37241,154800000,1
1754553900000,1754553959000,1.37242,1.37272,1.37242,1.3727,91350000,1
1754553960000,1754554019000,1.37272,1.37308,1.37271,1.37299,120750000,1
1754554020000,1754554079000,1.37301,1.37324,1.37301,1.37316,129300000,1
1754554080000,1754554139000,1.37319,1.3732,1.373,1.373,150180000,1
1754554140000,1754554199000,1.37299,1.37302,1.37287,1.37288,109800000,1
1754554200000,1754554259000,1.3729,1.37296,1.37285,1.37288,113100000,1
1754554260000,1754554319000,1.37288,1.37292,1.3728,1.3729,92850000,1
1754554320000,1754554379000,1.37291,1.37315,1.37289,1.37315,117270000,1
1754554380000,1754554439000,1.37317,1.37319,1.37309,1.37316,85500000,1
1754554440000,1754554499000,1.37315,1.37318,1.37308,1.37311,59970000,1
1754554500000,1754554559000,1.37311,1.37316,1.37286,1.37316,101850000,1
1754554560000,1754554619000,1.37316,1.3732,1.37311,1.37317,84000000,1
1754554620000,1754554679000,1.37315,1.37322,1.37311,1.37318,91050000,1
1754554680000,1754554739000,1.37318,1.37321,1.37315,1.37318,70950000,1
1754554740000,1754554799000,1.37318,1.37335,1.37314,1.37334,129300000,1
1754554800000,1754554859000,1.37334,1.37354,1.37334,1.37353,133350000,1
1754554860000,1754554919000,1.37354,1.37355,1.37341,1.37342,150600000,1
1754554920000,1754554979000,1.3734,1.37342,1.37333,1.37335,55800000,1
1754554980000,1754555039000,1.37335,1.37342,1.37332,1.37341,55950000,1
1754555040000,1754555099000,1.37342,1.37351,1.3734,1.37341,54300000,1
1754555100000,1754555159000,1.37341,1.37352,1.37341,1.37345,70800000,1
1754555160000,1754555219000,1.37346,1.37348,1.37343,1.37343,23400000,1
1754555220000,1754555279000,1.37344,1.37344,1.37337,1.37338,36000000,1
1754555280000,1754555339000,1.3734,1.37343,1.37335,1.37337,109680000,1
1754555340000,1754555399000,1.37337,1.3734,1.37332,1.37335,86100000,1
1754555400000,1754555459000,1.37333,1.37344,1.37333,1.37342,93450000,1
1754555460000,1754555519000,1.37343,1.37357,1.37335,1.37354,130500000,1
1754555520000,1754555579000,1.37354,1.37354,1.37339,1.37339,47700000,1
1754555580000,1754555639000,1.37337,1.37343,1.37322,1.37323,90900000,1
1754555640000,1754555699000,1.37324,1.37324,1.37306,1.37307,128700000,1
1754555700000,1754555759000,1.37309,1.37316,1.37306,1.37308,113550000,1
1754555760000,1754555819000,1.37309,1.37316,1.37304,1.37316,67200000,1
1754555820000,1754555879000,1.37314,1.3732,1.37308,1.37318,89850000,1
1754555880000,1754555939000,1.37318,1.37323,1.37309,1.37316,61950000,1
1754555940000,1754555999000,1.37315,1.37324,1.37315,1.37319,53700000,1
1754556000000,1754556059000,1.37319,1.37329,1.37318,1.37325,67200000,1
1754556060000,1754556119000,1.37324,1.37336,1.37319,1.37336,57570000,1
1754556120000,1754556179000,1.37335,1.37342,1.37335,1.37337,41010000,1
1754556180000,1754556239000,1.37335,1.37338,1.37333,1.37333,62700000,1
1754556240000,1754556299000,1.37333,1.37335,1.37328,1.37332,54000000,1
1754556300000,1754556359000,1.37329,1.37329,1.37324,1.37326,45750000,1
1754556360000,1754556419000,1.37325,1.37331,1.37323,1.37325,46350000,1
1754556420000,1754556479000,1.37326,1.37328,1.37304,1.37309,88650000,1
1754556480000,1754556539000,1.37309,1.37317,1.37308,1.37313,78750000,1
1754556540000,1754556599000,1.37314,1.37324,1.37313,1.37324,62400000,1
1754556600000,1754556659000,1.37323,1.37341,1.37321,1.37338,76080000,1
1754556660000,1754556719000,1.37339,1.37344,1.37337,1.37342,130680000,1
1754556720000,1754556779000,1.37341,1.37344,1.37334,1.37336,45240000,1
1754556780000,1754556839000,1.37337,1.37339,1.37334,1.37338,47100000,1
1754556840000,1754556899000,1.37339,1.3734,1.37336,1.37337,55350000,1
1754556900000,1754556959000,1.37339,1.37348,1.37336,1.37347,69420000,1
1754556960000,1754557019000,1.37345,1.37349,1.37343,1.37348,44790000,1
1754557020000,1754557079000,1.37347,1.37347,1.37314,1.37314,109020000,1
1754557080000,1754557139000,1.37315,1.37327,1.37314,1.37327,95940000,1
1754557140000,1754557199000,1.37327,1.37327,1.3732,1.37321,99870000,1
1754557200000,1754557259000,1.37321,1.37321,1.373,1.37308,130710000,1
1754557260000,1754557319000,1.37306,1.37326,1.37305,1.37325,99660000,1
1754557320000,1754557379000,1.37323,1.37331,1.37323,1.37325,57270000,1
1754557380000,1754557439000,1.37326,1.37338,1.37326,1.37336,53070000,1
1754557440000,1754557499000,1.37335,1.37338,1.37329,1.37331,43890000,1
1754557500000,1754557559000,1.3733,1.37333,1.37324,1.37329,45000000,1
1754557560000,1754557619000,1.37327,1.37342,1.37323,1.37339,87960000,1
1754557620000,1754557679000,1.3734,1.3734,1.37326,1.37328,66690000,1
1754557680000,1754557739000,1.37326,1.37328,1.37325,1.37327,51000000,1
1754557740000,1754557799000,1.37329,1.37329,1.37322,1.37322,31800000,1
1754557800000,1754557859000,1.37323,1.37328,1.37321,1.37326,59490000,1
1754557860000,1754557919000,1.37326,1.37331,1.37324,1.37331,42000000,1
1754557920000,1754557979000,1.37331,1.37331,1.37316,1.37317,62400000,1
1754557980000,1754558039000,1.37316,1.37316,1.37306,1.37316,81690000,1
1754558040000,1754558099000,1.37314,1.37318,1.37314,1.37316,26940000,1
1754558100000,1754558159000,1.37315,1.37321,1.37313,1.37317,83070000,1
1754558160000,1754558219000,1.37318,1.37327,1.37317,1.37318,53970000,1
1754558220000,1754558279000,1.37319,1.37319,1.37314,1.37314,41280000,1
1754558280000,1754558339000,1.37314,1.37318,1.37309,1.37316,40170000,1
1754558340000,1754558399000,1.37315,1.37316,1.37305,1.37307,70170000,1
1754558400000,1754558459000,1.37305,1.37305,1.37287,1.37297,100410000,1
1754558460000,1754558519000,1.37299,1.37311,1.37296,1.37309,61500000,1
1754558520000,1754558579000,1.37308,1.3731,1.37291,1.37292,73590000,1
1754558580000,1754558639000,1.37292,1.37292,1.37287,1.37289,79800000,1
1754558640000,1754558699000,1.3729,1.37291,1.37284,1.37285,36180000,1
1754558700000,1754558759000,1.37286,1.37291,1.37286,1.37287,27900000,1
1754558760000,1754558819000,1.3729,1.3729,1.37284,1.37286,36450000,1
1754558820000,1754558879000,1.37285,1.37288,1.37283,1.37284,41550000,1
1754558880000,1754558939000,1.37287,1.37292,1.37285,1.37287,49800000,1
1754558940000,1754558999000,1.37286,1.37293,1.3728,1.37285,70350000,1
1754559000000,1754559059000,1.37284,1.37288,1.37279,1.37286,66300000,1
1754559060000,1754559119000,1.37286,1.3729,1.37283,1.37286,60900000,1
1754559120000,1754559179000,1.37287,1.37301,1.37285,1.37293,82800000,1
1754559180000,1754559239000,1.37295,1.37308,1.37295,1.37306,31200000,1
1754559240000,1754559299000,1.37307,1.3731,1.37303,1.37307,50400000,1
1754559300000,1754559359000,1.37308,1.3731,1.37303,1.37307,79650000,1
1754559360000,1754559419000,1.37305,1.37309,1.37297,1.37309,57750000,1
1754559420000,1754559479000,1.37308,1.37325,1.37308,1.37324,83100000,1
1754559480000,1754559539000,1.37323,1.37333,1.37323,1.37331,86370000,1
1754559540000,1754559599000,1.37332,1.37332,1.37318,1.3732,58200000,1
1754559600000,1754559659000,1.3732,1.37325,1.37314,1.37322,57270000,1
1754559660000,1754559719000,1.37323,1.37323,1.37306,1.37306,103350000,1
1754559720000,1754559779000,1.37306,1.37312,1.37303,1.37306,120270000,1
1754559780000,1754559839000,1.37303,1.37312,1.37303,1.37312,28290000,1
1754559840000,1754559899000,1.37314,1.37318,1.37305,1.37306,47190000,1
1754559900000,1754559959000,1.37306,1.37309,1.37304,1.37306,39180000,1
1754559960000,1754560019000,1.37308,1.37315,1.37305,1.37307,67320000,1
1754560020000,1754560079000,1.37308,1.3731,1.37298,1.37305,74400000,1
1754560080000,1754560139000,1.37305,1.37311,1.37298,1.37301,91650000,1
1754560140000,1754560199000,1.37299,1.37302,1.37296,1.37299,42450000,1
1754560200000,1754560259000,1.37298,1.37303,1.37297,1.37303,37500000,1
1754560260000,1754560319000,1.37305,1.37312,1.37303,1.37306,54270000,1
1754560320000,1754560379000,1.37305,1.37317,1.37305,1.37316,17430000,1
1754560380000,1754560439000,1.37315,1.37317,1.37304,1.37304,64740000,1
1754560440000,1754560499000,1.37304,1.37314,1.37304,1.37304,63000000,1
1754560500000,1754560559000,1.37305,1.37311,1.37304,1.37307,54750000,1
1754560560000,1754560619000,1.37311,1.37318,1.37311,1.37316,18600000,1
1754560620000,1754560679000,1.37316,1.37323,1.37313,1.37322,81150000,1
1754560680000,1754560739000,1.37324,1.37324,1.37302,1.37305,98040000,1
1754560740000,1754560799000,1.37307,1.37332,1.37306,1.37326,122070000,1
1754560800000,1754560859000,1.37324,1.37332,1.37322,1.37331,73950000,1
1754560860000,1754560919000,1.37331,1.37344,1.37331,1.37342,104550000,1
1754560920000,1754560979000,1.37343,1.37344,1.37324,1.37333,77220000,1
1754560980000,1754561039000,1.37333,1.37355,1.37333,1.37347,112800000,1
1754561040000,1754561099000,1.37345,1.37345,1.37337,1.37343,64650000,1
1754561100000,1754561159000,1.37344,1.37345,1.37342,1.37343,52800000,1
1754561160000,1754561219000,1.37345,1.37345,1.37341,1.37345,30750000,1
1754561220000,1754561279000,1.37342,1.37344,1.37334,1.3734,61500000,1
1754561280000,1754561339000,1.3734,1.37344,1.37335,1.37344,47850000,1
1754561340000,1754561399000,1.37343,1.37343,1.37337,1.37342,44760000,1
1754561400000,1754561459000,1.3734,1.37342,1.37334,1.37337,51900000,1
1754561460000,1754561519000,1.37337,1.37344,1.37335,1.37343,41700000,1
1754561520000,1754561579000,1.37343,1.37344,1.37341,1.37343,27900000,1
1754561580000,1754561639000,1.37342,1.37352,1.37342,1.3735,34890000,1
1754561640000,1754561699000,1.37352,1.37353,1.37341,1.37343,27150000,1
1754561700000,1754561759000,1.37344,1.37346,1.37331,1.37346,70980000,1
1754561760000,1754561819000,1.37347,1.37353,1.37345,1.37346,42900000,1
1754561820000,1754561879000,1.37346,1.37351,1.37341,1.37347,85500000,1
1754561880000,1754561939000,1.37347,1.37351,1.37341,1.37342,42450000,1
1754561940000,1754561999000,1.37344,1.37344,1.37331,1.37332,63390000,1
1754562000000,1754562059000,1.37331,1.37335,1.37324,1.37326,56400000,1
1754562060000,1754562119000,1.37327,1.37331,1.37324,1.37325,27600000,1
1754562120000,1754562179000,1.3733,1.37332,1.37328,1.3733,28950000,1
1754562180000,1754562239000,1.37329,1.3733,1.37321,1.37322,53100000,1
1754562240000,1754562299000,1.37323,1.37328,1.37322,1.37327,51600000,1
1754562300000,1754562359000,1.37327,1.37342,1.37327,1.37341,89700000,1
1754562360000,1754562419000,1.37339,1.37343,1.37337,1.37342,27960000,1
1754562420000,1754562479000,1.37342,1.37345,1.37341,1.37342,39420000,1
1754562480000,1754562539000,1.37344,1.37345,1.37341,1.37345,65820000,1
1754562540000,1754562599000,1.37343,1.37345,1.37333,1.37343,122880000,1
1754562600000,1754562659000,1.37341,1.37341,1.37332,1.37333,112050000,1
1754562660000,1754562719000,1.37333,1.37337,1.37322,1.37322,118050000,1
1754562720000,1754562779000,1.37323,1.37327,1.37322,1.37322,58950000,1
1754562780000,1754562839000,1.37322,1.37324,1.37322,1.37323,33750000,1
1754562840000,1754562899000,1.37322,1.37323,1.37314,1.37317,30840000,1
1754562900000,1754562959000,1.37316,1.37329,1.37314,1.37326,89760000,1
1754562960000,1754563019000,1.37326,1.37327,1.37316,1.37317,59610000,1
1754563020000,1754563079000,1.37317,1.37318,1.37306,1.37306,129450000,1
1754563080000,1754563139000,1.37306,1.37308,1.37306,1.37307,3600000,1
1754563140000,1754563199000,1.37307,1.37307,1.37296,1.37303,45330000,1
1754563200000,1754563259000,1.37303,1.37306,1.37302,1.37304,90150000,1
1754563260000,1754563319000,1.37304,1.37304,1.37284,1.37286,87390000,1
1754563320000,1754563379000,1.37286,1.37289,1.37277,1.37283,80700000,1
1754563380000,1754563439000,1.37284,1.37285,1.37276,1.37278,59400000,1
1754563440000,1754563499000,1.3728,1.37286,1.37277,1.37279,35250000,1
1754563500000,1754563559000,1.37278,1.37286,1.37277,1.37282,74100000,1
1754563560000,1754563619000,1.37281,1.37285,1.37276,1.37278,48600000,1
1754563620000,1754563679000,1.37276,1.37279,1.37275,1.37277,35850000,1
1754563680000,1754563739000,1.37278,1.37278,1.37267,1.37269,64500000,1
1754563740000,1754563799000,1.37267,1.37277,1.37267,1.37275,60450000,1
1754563800000,1754563859000,1.37274,1.37276,1.37267,1.37267,69900000,1
1754563860000,1754563919000,1.37266,1.37272,1.37266,1.37269,50700000,1
1754563920000,1754563979000,1.37267,1.37305,1.37266,1.3729,96270000,1
1754563980000,1754564039000,1.3729,1.37293,1.37285,1.37287,101100000,1
1754564040000,1754564099000,1.37286,1.37291,1.37283,1.37285,101820000,1
1754564100000,1754564159000,1.37284,1.37287,1.37281,1.37287,102180000,1
1754564160000,1754564219000,1.37285,1.37286,1.37284,1.37286,79470000,1
1754564220000,1754564279000,1.37284,1.37285,1.37284,1.37285,9450000,1
1754564280000,1754564339000,1.37283,1.37283,1.37276,1.37276,21300000,1
1754564340000,1754564399000,1.37275,1.37275,1.37264,1.3727,38400000,1
1754564400000,1754564459000,1.37273,1.37273,1.37213,1.37252,348210000,1
1754564460000,1754564519000,1.3725,1.37264,1.37246,1.37259,139590000,1
1754564520000,1754564579000,1.37261,1.37271,1.37258,1.37265,74280000,1
1754564580000,1754564639000,1.37267,1.37287,1.37267,1.37283,188730000,1
1754564640000,1754564699000,1.37282,1.37294,1.37279,1.37283,126600000,1
1754564700000,1754564759000,1.37282,1.37294,1.37282,1.37293,75960000,1
1754564760000,1754564819000,1.37292,1.37299,1.37286,1.37293,162600000,1
1754564820000,1754564879000,1.37294,1.37304,1.37286,1.37302,96750000,1
1754564880000,1754564939000,1.37302,1.37322,1.37302,1.3732,123690000,1
1754564940000,1754564999000,1.3732,1.37323,1.37318,1.37322,114930000,1
1754565000000,1754565059000,1.37323,1.37334,1.37318,1.37319,151350000,1
1754565060000,1754565119000,1.37319,1.37344,1.37319,1.37333,90300000,1
1754565120000,1754565179000,1.37333,1.37346,1.37332,1.37346,138900000,1
1754565180000,1754565239000,1.37346,1.3736,1.37346,1.37359,139800000,1
1754565240000,1754565299000,1.37359,1.37359,1.37342,1.37347,100500000,1
1754565300000,1754565359000,1.37346,1.37346,1.37331,1.3734,103500000,1
1754565360000,1754565419000,1.37339,1.37342,1.37304,1.37304,137400000,1
1754565420000,1754565479000,1.37305,1.37312,1.37292,1.3731,113430000,1
1754565480000,1754565539000,1.37311,1.37333,1.37311,1.37332,66120000,1
1754565540000,1754565599000,1.37332,1.37358,1.37332,1.37354,106260000,1
1754565600000,1754565659000,1.37354,1.37355,1.37342,1.37355,103680000,1
1754565660000,1754565719000,1.37355,1.37362,1.37354,1.37362,109800000,1
1754565720000,1754565779000,1.37361,1.37364,1.3735,1.37357,150900000,1
1754565780000,1754565839000,1.37357,1.37374,1.37357,1.37367,189900000,1
1754565840000,1754565899000,1.37365,1.37367,1.37356,1.37366,135780000,1
1754565900000,1754565959000,1.37367,1.37386,1.37367,1.37383,151590000,1
1754565960000,1754566019000,1.37383,1.3739,1.37382,1.37383,84000000,1
1754566020000,1754566079000,1.37382,1.37383,1.37364,1.37373,98100000,1
1754566080000,1754566139000,1.37375,1.37375,1.37368,1.37374,61950000,1
1754566140000,1754566199000,1.37375,1.3738,1.3737,1.37372,77550000,1
1754566200000,1754566259000,1.37371,1.37383,1.37366,1.37382,72600000,1
1754566260000,1754566319000,1.37382,1.37403,1.37382,1.37398,99300000,1
1754566320000,1754566379000,1.374,1.37402,1.3739,1.3739,49500000,1
1754566380000,1754566439000,1.3739,1.37402,1.37386,1.37388,56010000,1
1754566440000,1754566499000,1.37388,1.37413,1.37381,1.37398,67620000,1
1754566500000,1754566559000,1.37399,1.37403,1.37387,1.37391,56250000,1
1754566560000,1754566619000,1.37389,1.37398,1.37386,1.37394,29310000,1
1754566620000,1754566679000,1.37392,1.37401,1.37391,1.37401,44400000,1
1754566680000,1754566739000,1.37399,1.37421,1.37394,1.37421,68400000,1
1754566740000,1754566799000,1.3742,1.37423,1.37412,1.37415,84000000,1
1754566800000,1754566859000,1.37416,1.37434,1.37407,1.37434,94800000,1
1754566860000,1754566919000,1.37434,1.37443,1.37428,1.37428,96000000,1
1754566920000,1754566979000,1.37427,1.37429,1.37415,1.37417,76320000,1
1754566980000,1754567039000,1.37417,1.37418,1.37393,1.37406,75960000,1
1754567040000,1754567099000,1.37406,1.37424,1.37404,1.37414,58800000,1
1754567100000,1754567159000,1.37414,1.37421,1.37413,1.37413,55680000,1
1754567160000,1754567219000,1.37413,1.37433,1.3741,1.3742,92160000,1
1754567220000,1754567279000,1.37422,1.37422,1.37412,1.3742,47400000,1
1754567280000,1754567339000,1.3742,1.37421,1.37414,1.37414,53820000,1
1754567340000,1754567399000,1.37415,1.37418,1.37412,1.37412,49200000,1
1754567400000,1754567459000,1.37411,1.37413,1.37402,1.37407,53400000,1
1754567460000,1754567519000,1.37407,1.37415,1.37406,1.37414,54000000,1
1754567520000,1754567579000,1.37415,1.37415,1.37405,1.37409,56430000,1
1754567580000,1754567639000,1.37408,1.37418,1.37403,1.37413,73320000,1
1754567640000,1754567699000,1.37412,1.37412,1.3741,1.37411,16500000,1
1754567700000,1754567759000,1.37414,1.37421,1.37409,1.37412,51120000,1
1754567760000,1754567819000,1.37411,1.37415,1.37402,1.37412,54120000,1
1754567820000,1754567879000,1.37411,1.37412,1.37406,1.37408,56490000,1
1754567880000,1754567939000,1.3741,1.37416,1.3741,1.37415,40920000,1
1754567940000,1754567999000,1.37416,1.37416,1.37409,1.37413,62190000,1
1754568000000,1754568059000,1.37412,1.37419,1.37406,1.37419,123960000,1
1754568060000,1754568119000,1.37419,1.37432,1.37419,1.37425,82920000,1
1754568120000,1754568179000,1.37424,1.37427,1.37411,1.37411,171750000,1
1754568180000,1754568239000,1.37408,1.37426,1.37401,1.37424,155190000,1
1754568240000,1754568299000,1.37426,1.3743,1.37421,1.37423,59340000,1
1754568300000,1754568359000,1.37419,1.37436,1.37419,1.37426,41370000,1
1754568360000,1754568419000,1.37424,1.37426,1.37407,1.37426,97500000,1
1754568420000,1754568479000,1.37426,1.37432,1.37422,1.37431,33600000,1
1754568480000,1754568539000,1.37432,1.37432,1.37421,1.37422,23700000,1
1754568540000,1754568599000,1.3742,1.37427,1.37419,1.37426,75390000,1
1754568600000,1754568659000,1.37426,1.37435,1.3741,1.37413,125310000,1
1754568660000,1754568719000,1.3741,1.3742,1.37407,1.3742,99600000,1
1754568720000,1754568779000,1.37419,1.37419,1.37408,1.37409,109050000,1
1754568780000,1754568839000,1.37409,1.37421,1.37404,1.37419,125730000,1
1754568840000,1754568899000,1.3742,1.37427,1.37418,1.37424,55500000,1
1754568900000,1754568959000,1.37424,1.37434,1.3741,1.37411,53400000,1
1754568960000,1754569019000,1.37412,1.37412,1.37403,1.37405,44340000,1
1754569020000,1754569079000,1.37404,1.37406,1.37398,1.37401,89400000,1
1754569080000,1754569139000,1.37401,1.37401,1.37387,1.37389,51030000,1
1754569140000,1754569199000,1.37392,1.37396,1.37389,1.37393,35700000,1
1754569200000,1754569259000,1.37394,1.37415,1.37391,1.3741,58500000,1
1754569260000,1754569319000,1.37411,1.37421,1.37411,1.37412,45870000,1
1754569320000,1754569379000,1.37412,1.37416,1.37381,1.37402,119640000,1
1754569380000,1754569439000,1.37401,1.37407,1.37391,1.37393,88350000,1
1754569440000,1754569499000,1.37394,1.37394,1.37374,1.37377,122190000,1
1754569500000,1754569559000,1.37375,1.37382,1.37375,1.37382,55980000,1
1754569560000,1754569619000,1.37387,1.374,1.37383,1.37399,113760000,1
1754569620000,1754569679000,1.374,1.37402,1.37392,1.37394,32010000,1
1754569680000,1754569739000,1.37394,1.37405,1.37392,1.37402,64500000,1
1754569740000,1754569799000,1.37401,1.37401,1.37386,1.37391,64900000,1
1754569800000,1754569859000,1.37391,1.37391,1.37366,1.37366,259030000,1
1754569860000,1754569919000,1.37367,1.37384,1.37359,1.37376,163920000,1
1754569920000,1754569979000,1.37376,1.37377,1.3735,1.3735,70290000,1
1754569980000,1754570039000,1.37351,1.37359,1.37321,1.37323,149430000,1
1754570040000,1754570099000,1.37322,1.37331,1.37321,1.3733,126420000,1
1754570100000,1754570159000,1.37331,1.37331,1.37317,1.37323,154260000,1
1754570160000,1754570219000,1.37323,1.3733,1.3732,1.37325,81150000,1
1754570220000,1754570279000,1.37328,1.37342,1.37328,1.37335,70140000,1
1754570280000,1754570339000,1.37336,1.37365,1.37336,1.37363,75390000,1
1754570340000,1754570399000,1.37364,1.37383,1.37364,1.37382,65400000,1
1754570400000,1754570459000,1.37381,1.37404,1.37361,1.37403,126690000,1
1754570460000,1754570519000,1.37403,1.37418,1.37402,1.37413,64950000,1
1754570520000,1754570579000,1.37413,1.37419,1.37409,1.37409,27210000,1
1754570580000,1754570639000,1.37408,1.37417,1.37398,1.37398,43500000,1
1754570640000,1754570699000,1.37397,1.37401,1.37391,1.37399,49290000,1
1754570700000,1754570759000,1.37398,1.37398,1.3739,1.37391,54030000,1
1754570760000,1754570819000,1.37392,1.37395,1.37381,1.37388,100200000,1
1754570820000,1754570879000,1.37389,1.37393,1.37382,1.3739,64830000,1
1754570880000,1754570939000,1.37388,1.37388,1.37368,1.37372,107220000,1
1754570940000,1754570999000,1.37371,1.37379,1.37368,1.37376,103500000,1
1754571000000,1754571059000,1.37378,1.3739,1.37376,1.37381,80400000,1
1754571060000,1754571119000,1.3738,1.37381,1.37369,1.37371,24450000,1
1754571120000,1754571179000,1.37369,1.37398,1.37369,1.37398,80100000,1
1754571180000,1754571239000,1.37398,1.37399,1.37383,1.37388,52950000,1
1754571240000,1754571299000,1.37389,1.37392,1.37378,1.37389,60450000,1
1754571300000,1754571359000,1.3739,1.37408,1.37388,1.3739,73950000,1
1754571360000,1754571419000,1.37392,1.37404,1.3738,1.3739,89790000,1
1754571420000,1754571479000,1.37389,1.37392,1.37366,1.37368,96930000,1
1754571480000,1754571539000,1.3737,1.37382,1.37368,1.37379,104490000,1
1754571540000,1754571599000,1.37379,1.37382,1.37372,1.37373,87300000,1
1754571600000,1754571659000,1.37374,1.37382,1.37367,1.37369,102060000,1
1754571660000,1754571719000,1.37367,1.37371,1.37358,1.3737,86100000,1
1754571720000,1754571779000,1.37372,1.37374,1.37362,1.37373,143160000,1
1754571780000,1754571839000,1.37375,1.37378,1.37354,1.37354,78360000,1
1754571840000,1754571899000,1.37349,1.37351,1.37333,1.37344,121380000,1
1754571900000,1754571959000,1.37345,1.3735,1.37327,1.37334,61800000,1
1754571960000,1754572019000,1.37335,1.37358,1.37335,1.37343,124620000,1
1754572020000,1754572079000,1.37344,1.3736,1.37341,1.3736,97020000,1
1754572080000,1754572139000,1.37362,1.3737,1.3736,1.37362,121350000,1
1754572140000,1754572199000,1.37363,1.37365,1.37356,1.37364,64500000,1
1754572200000,1754572259000,1.37363,1.37365,1.37349,1.37349,55650000,1
1754572260000,1754572319000,1.3735,1.37353,1.37344,1.37344,70050000,1
1754572320000,1754572379000,1.37344,1.37353,1.37342,1.37346,84480000,1
1754572380000,1754572439000,1.37345,1.37347,1.37338,1.37346,105990000,1
1754572440000,1754572499000,1.37347,1.37355,1.37345,1.37349,74670000,1
1754572500000,1754572559000,1.37351,1.37351,1.37331,1.37336,71310000,1
1754572560000,1754572619000,1.37336,1.37347,1.37332,1.37332,60390000,1
1754572620000,1754572679000,1.37335,1.37341,1.37332,1.37336,70980000,1
1754572680000,1754572739000,1.37338,1.37341,1.37323,1.37325,45000000,1
1754572740000,1754572799000,1.37325,1.37334,1.37325,1.37334,78000000,1
1754572800000,1754572859000,1.37339,1.37346,1.37337,1.37343,59100000,1
1754572860000,1754572919000,1.37342,1.37352,1.37342,1.37348,75000000,1
1754572920000,1754572979000,1.37349,1.37376,1.37349,1.37372,109200000,1
1754572980000,1754573039000,1.37376,1.37384,1.37369,1.37382,95550000,1
1754573040000,1754573099000,1.37382,1.37382,1.37362,1.3737,88950000,1
1754573100000,1754573159000,1.3737,1.37371,1.37347,1.37351,75030000,1
1754573160000,1754573219000,1.37349,1.37349,1.3733,1.37333,108540000,1
1754573220000,1754573279000,1.37333,1.37348,1.37332,1.37345,70650000,1
1754573280000,1754573339000,1.37344,1.37348,1.37332,1.37332,83100000,1
1754573340000,1754573399000,1.37333,1.3734,1.37317,1.3732,91020000,1
1754573400000,1754573459000,1.37319,1.37326,1.37301,1.37322,166920000,1
1754573460000,1754573519000,1.37318,1.37337,1.37315,1.37331,180150000,1
1754573520000,1754573579000,1.37333,1.37347,1.37331,1.37344,166800000,1
1754573580000,1754573639000,1.37342,1.37356,1.37341,1.37351,123600000,1
1754573640000,1754573699000,1.37351,1.37386,1.37349,1.37372,141000000,1
1754573700000,1754573759000,1.37372,1.37374,1.37361,1.37365,103680000,1
1754573760000,1754573819000,1.37365,1.37366,1.37345,1.37347,93600000,1
1754573820000,1754573879000,1.37347,1.37358,1.37346,1.37347,87930000,1
1754573880000,1754573939000,1.37346,1.37375,1.37346,1.37366,70140000,1
1754573940000,1754573999000,1.37369,1.37394,1.37369,1.37373,133950000,1
1754574000000,1754574059000,1.37372,1.37382,1.37367,1.37369,126660000,1
1754574060000,1754574119000,1.37369,1.37391,1.37367,1.37391,125700000,1
1754574120000,1754574179000,1.37389,1.37413,1.37387,1.37413,81450000,1
1754574180000,1754574239000,1.37412,1.37412,1.37398,1.374,93750000,1
1754574240000,1754574299000,1.37401,1.37432,1.37401,1.37405,149970000,1
1754574300000,1754574359000,1.37405,1.37449,1.37402,1.37442,263070000,1
1754574360000,1754574419000,1.37442,1.3747,1.3744,1.37467,141180000,1
1754574420000,1754574479000,1.37468,1.37468,1.37455,1.37458,86040000,1
1754574480000,1754574539000,1.37458,1.37477,1.37457,1.37474,118320000,1
1754574540000,1754574599000,1.37475,1.37476,1.37457,1.37457,114300000,1
1754574600000,1754574659000,1.37458,1.37466,1.37448,1.37449,100200000,1
1754574660000,1754574719000,1.37451,1.37451,1.37448,1.37448,43950000,1
1754574720000,1754574779000,1.37448,1.37449,1.37438,1.37438,83550000,1
1754574780000,1754574839000,1.37446,1.37478,1.37438,1.37476,135450000,1
1754574840000,1754574899000,1.37475,1.37476,1.37461,1.3747,132300000,1
1754574900000,1754574959000,1.3747,1.37499,1.3747,1.37476,138930000,1
1754574960000,1754575019000,1.37476,1.37494,1.37474,1.3749,89400000,1
1754575020000,1754575079000,1.37491,1.37493,1.37469,1.37471,59550000,1
1754575080000,1754575139000,1.37472,1.375,1.37472,1.375,68760000,1
1754575140000,1754575199000,1.37499,1.3751,1.37487,1.37489,75720000,1
1754575200000,1754575259000,1.37487,1.37497,1.37476,1.37476,64410000,1
1754575260000,1754575319000,1.37476,1.37499,1.37464,1.37481,114150000,1
1754575320000,1754575379000,1.37482,1.37516,1.37482,1.37509,162750000,1
1754575380000,1754575439000,1.37509,1.37536,1.37509,1.37533,103650000,1
1754575440000,1754575499000,1.37532,1.37567,1.3753,1.37558,168300000,1
1754575500000,1754575559000,1.37559,1.37571,1.37549,1.37568,173100000,1
1754575560000,1754575619000,1.37568,1.37568,1.37537,1.37541,151380000,1
1754575620000,1754575679000,1.37541,1.37562,1.37538,1.37557,186270000,1
1754575680000,1754575739000,1.37558,1.37625,1.3755,1.37623,447690000,1
1754575740000,1754575799000,1.37621,1.37622,1.37582,1.3761,344370000,1
1754575800000,1754575859000,1.37611,1.37673,1.3761,1.37632,345390000,1
1754575860000,1754575919000,1.37633,1.37647,1.37602,1.37633,314760000,1
1754575920000,1754575979000,1.37633,1.37639,1.37597,1.37598,152550000,1
1754575980000,1754576039000,1.37602,1.37624,1.37601,1.37606,148440000,1
1754576040000,1754576099000,1.37607,1.37612,1.3759,1.37592,158190000,1
1754576100000,1754576159000,1.37591,1.3761,1.37587,1.37598,188220000,1
1754576160000,1754576219000,1.37598,1.37602,1.37578,1.37593,150600000,1
1754576220000,1754576279000,1.37594,1.37622,1.37578,1.37621,180810000,1
1754576280000,1754576339000,1.37624,1.3763,1.37615,1.37625,168120000,1
1754576340000,1754576399000,1.37627,1.37627,1.37593,1.37595,79200000,1
1754576400000,1754576459000,1.37595,1.37613,1.37586,1.3759,177210000,1
1754576460000,1754576519000,1.37589,1.37635,1.37586,1.37634,250980000,1
1754576520000,1754576579000,1.37633,1.37647,1.37632,1.37643,180900000,1
1754576580000,1754576639000,1.37644,1.37665,1.37643,1.37643,99150000,1
1754576640000,1754576699000,1.37644,1.37662,1.37642,1.3766,157230000,1
1754576700000,1754576759000,1.37658,1.37669,1.37658,1.37664,182940000,1
1754576760000,1754576819000,1.37665,1.37665,1.37645,1.37648,215250000,1
1754576820000,1754576879000,1.37648,1.37661,1.37645,1.37651,158400000,1
1754576880000,1754576939000,1.37651,1.37665,1.37651,1.37662,136200000,1
1754576940000,1754576999000,1.37663,1.37666,1.37654,1.37661,149400000,1
1754577000000,1754577059000,1.37661,1.3767,1.37651,1.37668,172920000,1
1754577060000,1754577119000,1.37669,1.37681,1.37662,1.37663,172650000,1
1754577120000,1754577179000,1.37667,1.37682,1.37663,1.37671,160200000,1
1754577180000,1754577239000,1.37673,1.3768,1.37652,1.37656,110070000,1
1754577240000,1754577299000,1.37655,1.37663,1.37641,1.37644,109590000,1
1754577300000,1754577359000,1.37645,1.37658,1.37644,1.37651,123420000,1
1754577360000,1754577419000,1.37651,1.37669,1.37649,1.3765,117210000,1
1754577420000,1754577479000,1.37651,1.37655,1.37632,1.37641,155790000,1
1754577480000,1754577539000,1.37641,1.37671,1.37637,1.37669,170820000,1
1754577540000,1754577599000,1.37671,1.37674,1.37661,1.3767,212640000,1
1754577600000,1754577659000,1.37672,1.37733,1.37672,1.37719,151290000,1
1754577660000,1754577719000,1.37718,1.37718,1.37707,1.37718,87120000,1
1754577720000,1754577779000,1.37718,1.37718,1.37706,1.37707,83700000,1
1754577780000,1754577839000,1.37707,1.37707,1.37686,1.37695,121860000,1
1754577840000,1754577899000,1.37693,1.37707,1.37686,1.37696,99630000,1
1754577900000,1754577959000,1.37696,1.37704,1.37685,1.37697,154950000,1
1754577960000,1754578019000,1.37695,1.37733,1.37695,1.37704,212160000,1
1754578020000,1754578079000,1.37704,1.37722,1.377,1.37717,142920000,1
1754578080000,1754578139000,1.37718,1.37727,1.37678,1.37679,200220000,1
1754578140000,1754578199000,1.3768,1.3768,1.37658,1.37668,127410000,1
1754578200000,1754578259000,1.3767,1.37698,1.37667,1.37689,207900000,1
1754578260000,1754578319000,1.37688,1.37705,1.37686,1.37689,163140000,1
1754578320000,1754578379000,1.37689,1.37706,1.37686,1.37689,195390000,1
1754578380000,1754578439000,1.37689,1.37702,1.37685,1.37698,161550000,1
1754578440000,1754578499000,1.377,1.377,1.37667,1.37667,229650000,1
1754578500000,1754578559000,1.37668,1.37677,1.37652,1.37664,231240000,1
1754578560000,1754578619000,1.37665,1.37669,1.37624,1.37628,275970000,1
1754578620000,1754578679000,1.37629,1.37642,1.37628,1.37636,329070000,1
1754578680000,1754578739000,1.37637,1.3764,1.37628,1.37628,371490000,1
1754578740000,1754578799000,1.37627,1.37631,1.37618,1.37618,422530000,1
1754578800000,1754578859000,1.37619,1.37626,1.37617,1.37621,282440000,1
1754578860000,1754578919000,1.37619,1.37623,1.37616,1.37618,253100000,1
1754578920000,1754578979000,1.37618,1.37632,1.37611,1.37626,181820000,1
1754578980000,1754579039000,1.37627,1.3763,1.37582,1.37585,149340000,1
1754579040000,1754579099000,1.37584,1.37641,1.37572,1.37619,243810000,1
1754579100000,1754579159000,1.37621,1.37636,1.37619,1.37626,107700000,1
1754579160000,1754579219000,1.37625,1.37647,1.37619,1.37631,105070000,1
1754579220000,1754579279000,1.37633,1.37649,1.37622,1.37643,215520000,1
1754579280000,1754579339000,1.37642,1.37661,1.37632,1.37648,162060000,1
1754579340000,1754579399000,1.37646,1.37648,1.37622,1.37622,133050000,1
1754579400000,1754579459000,1.37622,1.37627,1.37601,1.37624,151710000,1
1754579460000,1754579519000,1.37624,1.37643,1.37621,1.37622,126660000,1
1754579520000,1754579579000,1.37623,1.37628,1.37612,1.37615,119190000,1
1754579580000,1754579639000,1.37616,1.37619,1.37601,1.37601,158380000,1
1754579640000,1754579699000,1.376,1.37606,1.37582,1.37586,152940000,1
1754579700000,1754579759000,1.37589,1.37592,1.37573,1.37583,223980000,1
1754579760000,1754579819000,1.37582,1.37585,1.3757,1.37575,163800000,1
1754579820000,1754579879000,1.37573,1.37574,1.37562,1.37571,156360000,1
1754579880000,1754579939000,1.37571,1.37572,1.37557,1.37558,160740000,1
1754579940000,1754579999000,1.37559,1.37567,1.37556,1.37565,109200000,1
1754580000000,1754580059000,1.37566,1.37566,1.37555,1.37556,79980000,1
1754580060000,1754580119000,1.37558,1.3757,1.37557,1.37558,82650000,1
1754580120000,1754580179000,1.37558,1.37571,1.37557,1.37571,131970000,1
1754580180000,1754580239000,1.3757,1.37573,1.37565,1.37565,61560000,1
1754580240000,1754580299000,1.37565,1.37575,1.37562,1.37574,96480000,1
1754580300000,1754580359000,1.37576,1.37584,1.37574,1.37583,75060000,1
1754580360000,1754580419000,1.37583,1.37593,1.37582,1.37592,49320000,1
1754580420000,1754580479000,1.3759,1.37603,1.37585,1.37586,176910000,1
1754580480000,1754580539000,1.37585,1.37585,1.37567,1.37574,119700000,1
1754580540000,1754580599000,1.37574,1.37576,1.37566,1.37568,61800000,1
1754580600000,1754580659000,1.37569,1.37569,1.37551,1.37553,86880000,1
1754580660000,1754580719000,1.37554,1.3757,1.37552,1.37569,58020000,1
1754580720000,1754580779000,1.37569,1.37574,1.37559,1.37566,65250000,1
1754580780000,1754580839000,1.37565,1.37582,1.37565,1.37581,117330000,1
1754580840000,1754580899000,1.37582,1.37585,1.37563,1.37566,95700000,1
1754580900000,1754580959000,1.37565,1.3757,1.37555,1.3757,76350000,1
1754580960000,1754581019000,1.37571,1.37576,1.37563,1.37565,64200000,1
1754581020000,1754581079000,1.37565,1.37571,1.37565,1.37568,26850000,1
1754581080000,1754581139000,1.37568,1.37575,1.37553,1.37554,67440000,1
1754581140000,1754581199000,1.37554,1.37556,1.37543,1.37546,97860000,1
1754581200000,1754581259000,1.37547,1.37556,1.37545,1.37554,42420000,1
1754581260000,1754581319000,1.37556,1.37558,1.37545,1.37545,69150000,1
1754581320000,1754581379000,1.37544,1.37567,1.37544,1.37565,86910000,1
1754581380000,1754581439000,1.37566,1.37566,1.37553,1.37559,83130000,1
1754581440000,1754581499000,1.37558,1.37563,1.37555,1.37555,73050000,1
1754581500000,1754581559000,1.37554,1.37561,1.37552,1.37557,90720000,1
1754581560000,1754581619000,1.37557,1.37559,1.37534,1.37534,77880000,1
1754581620000,1754581679000,1.37531,1.37531,1.37508,1.37511,63900000,1
1754581680000,1754581739000,1.37509,1.37513,1.37505,1.37507,122700000,1
1754581740000,1754581799000,1.37507,1.37516,1.37488,1.37516,140160000,1
1754581800000,1754581859000,1.37518,1.37533,1.37518,1.37528,89430000,1
1754581860000,1754581919000,1.37528,1.37534,1.37509,1.37514,148410000,1
1754581920000,1754581979000,1.37515,1.37515,1.37501,1.37502,38250000,1
1754581980000,1754582039000,1.37505,1.37512,1.37497,1.37497,99300000,1
1754582040000,1754582099000,1.37498,1.37508,1.37497,1.37508,39600000,1
1754582100000,1754582159000,1.37508,1.37508,1.37499,1.37499,56520000,1
1754582160000,1754582219000,1.375,1.37503,1.37488,1.37501,125610000,1
1754582220000,1754582279000,1.37501,1.37501,1.37488,1.37488,71160000,1
1754582280000,1754582339000,1.37489,1.3749,1.37467,1.37468,177090000,1
1754582340000,1754582399000,1.37469,1.375,1.37469,1.375,259140000,1
1754582400000,1754582459000,1.37501,1.37532,1.37496,1.37523,150150000,1
1754582460000,1754582519000,1.37522,1.37524,1.37485,1.37495,89280000,1
1754582520000,1754582579000,1.37497,1.37497,1.37481,1.37492,106950000,1
1754582580000,1754582639000,1.37493,1.37513,1.37493,1.37508,69150000,1
1754582640000,1754582699000,1.3751,1.3751,1.375,1.37501,48660000,1
1754582700000,1754582759000,1.37501,1.37504,1.37489,1.37489,106950000,1
1754582760000,1754582819000,1.37489,1.375,1.37489,1.37498,51300000,1
1754582820000,1754582879000,1.37497,1.37512,1.37488,1.37488,62010000,1
1754582880000,1754582939000,1.37487,1.37491,1.37481,1.37491,42300000,1
1754582940000,1754582999000,1.37492,1.37494,1.37482,1.37482,39210000,1
1754583000000,1754583059000,1.37481,1.3749,1.37476,1.37479,61050000,1
1754583060000,1754583119000,1.37482,1.37486,1.37475,1.37481,42780000,1
1754583120000,1754583179000,1.37481,1.37491,1.37481,1.37491,28950000,1
1754583180000,1754583239000,1.37491,1.37497,1.37472,1.37476,61680000,1
1754583240000,1754583299000,1.37475,1.37478,1.37472,1.37473,33090000,1
1754583300000,1754583359000,1.37473,1.37475,1.37469,1.37471,40950000,1
1754583360000,1754583419000,1.37471,1.37489,1.37467,1.37473,54600000,1
1754583420000,1754583479000,1.37476,1.37479,1.37468,1.37479,34050000,1
1754583480000,1754583539000,1.37479,1.37482,1.37476,1.37476,42030000,1
1754583540000,1754583599000,1.37479,1.3749,1.37472,1.3749,67620000,1
1754583600000,1754583659000,1.3749,1.37491,1.37479,1.37491,34590000,1
1754583660000,1754583719000,1.3749,1.37491,1.37479,1.37481,26400000,1
1754583720000,1754583779000,1.37482,1.3749,1.37481,1.37482,43470000,1
1754583780000,1754583839000,1.37482,1.37483,1.3747,1.37471,37500000,1
1754583840000,1754583899000,1.37473,1.37473,1.37463,1.37469,37950000,1
1754583900000,1754583959000,1.37471,1.37493,1.37468,1.37493,58080000,1
1754583960000,1754584019000,1.37495,1.37495,1.37482,1.37482,26550000,1
1754584020000,1754584079000,1.37483,1.37492,1.37482,1.37492,273990000,1
1754584080000,1754584139000,1.37493,1.37493,1.37471,1.37478,162990000,1
1754584140000,1754584199000,1.37477,1.37492,1.37476,1.37491,120660000,1
1754584200000,1754584259000,1.3749,1.3749,1.37475,1.37479,40500000,1
1754584260000,1754584319000,1.3748,1.37481,1.37476,1.37481,16020000,1
1754584320000,1754584379000,1.37481,1.37494,1.37481,1.3749,45120000,1
1754584380000,1754584439000,1.3749,1.3749,1.37482,1.37485,47820000,1
1754584440000,1754584499000,1.37485,1.37489,1.37476,1.37488,64710000,1
1754584500000,1754584559000,1.37488,1.37488,1.37482,1.37483,35400000,1
1754584560000,1754584619000,1.37485,1.37492,1.37483,1.37492,35280000,1
1754584620000,1754584679000,1.37493,1.37501,1.37493,1.37499,36150000,1
1754584680000,1754584739000,1.375,1.37511,1.375,1.37511,21600000,1
1754584740000,1754584799000,1.37513,1.37513,1.3751,1.37513,22680000,1
1754584800000,1754584859000,1.37514,1.37517,1.37509,1.37511,39270000,1
1754584860000,1754584919000,1.37511,1.37511,1.37502,1.37506,69030000,1
1754584920000,1754584979000,1.37506,1.3752,1.37504,1.37519,68490000,1
1754584980000,1754585039000,1.37518,1.37541,1.37516,1.37541,75900000,1
1754585040000,1754585099000,1.37541,1.37549,1.37534,1.37549,28800000,1
1754585100000,1754585159000,1.37548,1.3755,1.37543,1.37543,28920000,1
1754585160000,1754585219000,1.3754,1.37549,1.37538,1.37549,42150000,1
1754585220000,1754585279000,1.37547,1.3755,1.37543,1.37548,24900000,1
1754585280000,1754585339000,1.37549,1.37549,1.37546,1.37546,64890000,1
1754585340000,1754585399000,1.37544,1.37544,1.37536,1.37539,20280000,1
1754585400000,1754585459000,1.37541,1.37541,1.37526,1.37527,22920000,1
1754585460000,1754585519000,1.37526,1.37526,1.37512,1.37519,40800000,1
1754585520000,1754585579000,1.3752,1.37531,1.3752,1.37522,19200000,1
1754585580000,1754585639000,1.37522,1.37523,1.37521,1.37521,21000000,1
1754585640000,1754585699000,1.37521,1.37522,1.37503,1.37503,36000000,1
1754585700000,1754585759000,1.37501,1.37501,1.37499,1.37501,13800000,1
1754585760000,1754585819000,1.37501,1.37504,1.37494,1.37494,24450000,1
1754585820000,1754585879000,1.37492,1.37511,1.37492,1.37511,62190000,1
1754585880000,1754585939000,1.37511,1.37514,1.37508,1.37511,43200000,1
1754585940000,1754585999000,1.37511,1.37523,1.37511,1.37523,59400000,1
1754586000000,1754586059000,1.37522,1.37526,1.37512,1.37522,65400000,1
1754586060000,1754586119000,1.37523,1.37529,1.3752,1.3752,86550000,1
1754586120000,1754586179000,1.37521,1.37538,1.37514,1.37514,137370000,1
1754586180000,1754586239000,1.37513,1.37522,1.37489,1.37491,112770000,1
1754586240000,1754586299000,1.37492,1.37512,1.37492,1.37508,131880000,1
1754586300000,1754586359000,1.37508,1.3752,1.37499,1.37517,160500000,1
1754586360000,1754586419000,1.37517,1.37517,1.37506,1.37507,114600000,1
1754586420000,1754586479000,1.37508,1.3751,1.37494,1.37494,94200000,1
1754586480000,1754586539000,1.37495,1.37514,1.3749,1.37499,121920000,1
1754586540000,1754586599000,1.37498,1.375,1.37497,1.37499,130710000,1
1754586600000,1754586659000,1.375,1.37528,1.375,1.3752,180120000,1
1754586660000,1754586719000,1.37519,1.37522,1.37509,1.37509,127620000,1
1754586720000,1754586779000,1.3751,1.37513,1.37499,1.37502,151500000,1
1754586780000,1754586839000,1.37501,1.37505,1.3749,1.3749,101850000,1
1754586840000,1754586899000,1.37489,1.37494,1.37472,1.37491,115350000,1
1754586900000,1754586959000,1.37493,1.37495,1.37491,1.37491,37350000,1
1754586960000,1754587019000,1.37488,1.37511,1.37486,1.37511,28200000,1
1754587020000,1754587079000,1.37512,1.37516,1.37502,1.37503,41850000,1
1754587080000,1754587139000,1.37504,1.37518,1.37504,1.37512,33600000,1
1754587140000,1754587199000,1.37512,1.37512,1.37491,1.37491,42510000,1
1754587200000,1754587259000,1.3749,1.37495,1.37487,1.37493,42390000,1
1754587260000,1754587319000,1.37493,1.37493,1.37486,1.37488,20850000,1
1754587320000,1754587379000,1.37486,1.37492,1.37482,1.37485,48600000,1
1754587380000,1754587439000,1.37488,1.3749,1.37481,1.37483,54300000,1
1754587440000,1754587499000,1.37483,1.37493,1.37481,1.37492,33390000,1
1754587500000,1754587559000,1.37494,1.37502,1.3749,1.37502,39720000,1
1754587560000,1754587619000,1.37501,1.37502,1.37493,1.37502,60720000,1
1754587620000,1754587679000,1.37507,1.37523,1.37507,1.37521,61200000,1
1754587680000,1754587739000,1.37521,1.37528,1.37519,1.37528,52350000,1
1754587740000,1754587799000,1.37529,1.37529,1.37521,1.37528,95820000,1
1754587800000,1754587859000,1.37529,1.37539,1.37528,1.37534,56070000,1
1754587860000,1754587919000,1.37533,1.37533,1.37529,1.37533,16650000,1
1754587920000,1754587979000,1.37531,1.37541,1.37531,1.37534,37200000,1
1754587980000,1754588039000,1.37534,1.37541,1.37531,1.37532,42000000,1
1754588040000,1754588099000,1.37533,1.37538,1.37529,1.3753,41400000,1
1754588100000,1754588159000,1.37531,1.3755,1.37531,1.37542,36000000,1
1754588160000,1754588219000,1.37541,1.37541,1.37523,1.37524,52950000,1
1754588220000,1754588279000,1.37523,1.37532,1.37523,1.37532,32670000,1
1754588280000,1754588339000,1.37534,1.37541,1.37534,1.3754,20400000,1
1754588340000,1754588399000,1.3754,1.37549,1.37539,1.37548,43140000,1
1754588400000,1754588459000,1.37546,1.37546,1.37531,1.37532,31200000,1
1754588460000,1754588519000,1.37532,1.37532,1.37522,1.37523,60600000,1
1754588520000,1754588579000,1.37523,1.37523,1.37511,1.37514,47100000,1
1754588580000,1754588639000,1.37513,1.37514,1.37495,1.37511,57270000,1
1754588640000,1754588699000,1.37511,1.37515,1.37504,1.37504,48750000,1
1754588700000,1754588759000,1.37502,1.37503,1.37493,1.37502,47340000,1
1754588760000,1754588819000,1.37503,1.37521,1.37502,1.37514,53100000,1
1754588820000,1754588879000,1.37513,1.37515,1.3751,1.37512,44100000,1
1754588880000,1754588939000,1.37513,1.37523,1.37512,1.37515,78510000,1
1754588940000,1754588999000,1.37517,1.37518,1.37514,1.37518,56700000,1
1754589000000,1754589059000,1.37519,1.3753,1.37517,1.3753,62550000,1
1754589060000,1754589119000,1.3753,1.3753,1.37528,1.3753,36150000,1
1754589120000,1754589179000,1.37531,1.37538,1.37526,1.37533,62310000,1
1754589180000,1754589239000,1.37532,1.37532,1.37522,1.3753,47400000,1
1754589240000,1754589299000,1.37531,1.37533,1.37523,1.37527,54300000,1
1754589300000,1754589359000,1.37528,1.37533,1.37526,1.37533,56850000,1
1754589360000,1754589419000,1.37533,1.3754,1.37531,1.37535,38430000,1
1754589420000,1754589479000,1.37535,1.37541,1.37533,1.37541,18600000,1
1754589480000,1754589539000,1.37539,1.37539,1.37524,1.3753,45600000,1
1754589540000,1754589599000,1.3753,1.37531,1.37528,1.3753,51000000,1
1754589600000,1754589659000,1.3753,1.37531,1.37521,1.37525,63720000,1
1754589660000,1754589719000,1.37526,1.37536,1.37526,1.37534,42690000,1
1754589720000,1754589779000,1.37535,1.37537,1.37519,1.37519,81390000,1
1754589780000,1754589839000,1.37518,1.3752,1.37507,1.37508,58650000,1
1754589840000,1754589899000,1.37509,1.37513,1.37493,1.37506,68220000,1
1754589900000,1754589959000,1.37504,1.37508,1.375,1.37501,84120000,1
1754589960000,1754590019000,1.375,1.37509,1.375,1.37509,62100000,1
1754590020000,1754590079000,1.37509,1.3752,1.37505,1.37519,64470000,1
1754590080000,1754590139000,1.3752,1.37526,1.37519,1.37525,15750000,1
1754590140000,1754590199000,1.37523,1.37523,1.37521,1.37521,15300000,1
1754590200000,1754590259000,1.3752,1.37547,1.3752,1.37545,39450000,1
1754590260000,1754590319000,1.37544,1.37559,1.37544,1.37559,52350000,1
1754590320000,1754590379000,1.37559,1.37559,1.37552,1.37555,37200000,1
1754590380000,1754590439000,1.37555,1.3756,1.37551,1.3756,23700000,1
1754590440000,1754590499000,1.37559,1.3756,1.37548,1.37549,37650000,1
1754590500000,1754590559000,1.3755,1.37559,1.3755,1.37559,11670000,1
1754590560000,1754590619000,1.3756,1.37566,1.37558,1.37561,29850000,1
1754590620000,1754590679000,1.37559,1.37568,1.37559,1.37559,19320000,1
1754590680000,1754590739000,1.37559,1.3756,1.37554,1.3756,16350000,1
1754590740000,1754590799000,1.37559,1.37563,1.37558,1.37558,28500000,1
1754590800000,1754590859000,1.37556,1.37558,1.37552,1.37557,39450000,1
1754590860000,1754590919000,1.37558,1.37569,1.37558,1.37567,48000000,1
1754590920000,1754590979000,1.37567,1.37585,1.37567,1.37585,27600000,1
1754590980000,1754591039000,1.37585,1.37599,1.37585,1.37598,30240000,1
1754591040000,1754591099000,1.376,1.376,1.37594,1.37598,33750000,1
1754591100000,1754591159000,1.37597,1.37605,1.37597,1.37602,30210000,1
1754591160000,1754591219000,1.37601,1.37603,1.37588,1.37589,39600000,1
1754591220000,1754591279000,1.37588,1.37588,1.3758,1.37584,23400000,1
1754591280000,1754591339000,1.37582,1.37592,1.37582,1.37589,33600000,1
1754591340000,1754591399000,1.37591,1.37599,1.37589,1.37599,45000000,1
1754591400000,1754591459000,1.37601,1.37621,1.376,1.37619,52200000,1
1754591460000,1754591519000,1.37618,1.37619,1.37608,1.37611,28200000,1
1754591520000,1754591579000,1.37611,1.37617,1.37609,1.37613,57450000,1
1754591580000,1754591639000,1.37613,1.37618,1.3761,1.37616,51900000,1
1754591640000,1754591699000,1.37617,1.37617,1.37612,1.37615,62250000,1
1754591700000,1754591759000,1.37617,1.37617,1.37607,1.37607,27900000,1
1754591760000,1754591819000,1.37606,1.37606,1.37596,1.37597,24150000,1
1754591820000,1754591879000,1.37597,1.37598,1.37585,1.37587,24750000,1
1754591880000,1754591939000,1.37587,1.37596,1.37586,1.37596,21000000,1
1754591940000,1754591999000,1.37597,1.37602,1.37596,1.376,33600000,1
1754592000000,1754592059000,1.37601,1.37617,1.376,1.37617,54600000,1
1754592060000,1754592119000,1.37622,1.37636,1.37622,1.37627,65850000,1
1754592120000,1754592179000,1.37627,1.37629,1.37627,1.37629,22200000,1
1754592180000,1754592239000,1.37629,1.3764,1.37629,1.37637,66300000,1
1754592240000,1754592299000,1.37636,1.37646,1.37636,1.37646,17940000,1
1754592300000,1754592359000,1.37645,1.37652,1.37638,1.37646,53550000,1
1754592360000,1754592419000,1.37648,1.37648,1.37643,1.37643,15000000,1
1754592420000,1754592479000,1.37645,1.37646,1.37638,1.37643,30150000,1
1754592480000,1754592539000,1.37645,1.37649,1.37643,1.37644,31800000,1
1754592540000,1754592599000,1.37644,1.37656,1.37643,1.37655,51210000,1
1754592600000,1754592659000,1.37654,1.37657,1.37646,1.37655,56700000,1
1754592660000,1754592719000,1.37654,1.37655,1.37651,1.37655,29640000,1
1754592720000,1754592779000,1.37658,1.37664,1.37655,1.37656,68430000,1
1754592780000,1754592839000,1.37654,1.37655,1.3763,1.3763,106350000,1
1754592840000,1754592899000,1.37631,1.37633,1.37624,1.37631,49680000,1
1754592900000,1754592959000,1.37632,1.37633,1.37624,1.37632,52170000,1
1754592960000,1754593019000,1.37632,1.37638,1.37623,1.37623,59760000,1
1754593020000,1754593079000,1.37623,1.3764,1.37623,1.3764,38520000,1
1754593080000,1754593139000,1.37639,1.37656,1.37639,1.37649,72360000,1
1754593140000,1754593199000,1.37649,1.37662,1.37643,1.37657,90000000,1
1754593200000,1754593259000,1.37658,1.37658,1.3765,1.37655,43080000,1
1754593260000,1754593319000,1.37656,1.37663,1.37646,1.37647,36750000,1
1754593320000,1754593379000,1.37646,1.37648,1.37638,1.37639,42840000,1
1754593380000,1754593439000,1.37639,1.37671,1.37639,1.37664,50730000,1
1754593440000,1754593499000,1.37663,1.37663,1.37642,1.37643,54840000,1
1754593500000,1754593559000,1.37644,1.37657,1.37644,1.37654,47520000,1
1754593560000,1754593619000,1.37655,1.37661,1.37654,1.37655,29040000,1
1754593620000,1754593679000,1.37657,1.37665,1.37657,1.37664,32040000,1
1754593680000,1754593739000,1.37663,1.37664,1.37657,1.37657,38760000,1
1754593740000,1754593799000,1.37657,1.37663,1.37654,1.37656,26400000,1
1754593800000,1754593859000,1.37654,1.37662,1.37653,1.37654,22350000,1
1754593860000,1754593919000,1.37654,1.37659,1.37653,1.37658,17400000,1
1754593920000,1754593979000,1.37657,1.37662,1.37654,1.37655,26400000,1
1754593980000,1754594039000,1.37654,1.37655,1.37653,1.37654,24750000,1
1754594040000,1754594099000,1.37655,1.37662,1.37655,1.37661,14400000,1
1754594100000,1754594159000,1.37662,1.37662,1.37625,1.37632,38550000,1
1754594160000,1754594219000,1.37634,1.37637,1.37632,1.37635,25200000,1
1754594220000,1754594279000,1.37634,1.37648,1.37634,1.37638,33300000,1
1754594280000,1754594339000,1.37639,1.37643,1.37638,1.37641,17040000,1
1754594340000,1754594399000,1.37641,1.37646,1.37639,1.37645,14520000,1
1754594400000,1754594459000,1.37645,1.37662,1.37644,1.37662,31590000,1
1754594460000,1754594519000,1.37662,1.37662,1.37635,1.37635,62250000,1
1754594520000,1754594579000,1.37635,1.37647,1.37633,1.37644,51840000,1
1754594580000,1754594639000,1.37645,1.37645,1.37633,1.37634,16800000,1
1754594640000,1754594699000,1.37632,1.37632,1.37623,1.37628,54150000,1
1754594700000,1754594759000,1.37629,1.37649,1.37629,1.37649,51780000,1
1754594760000,1754594819000,1.37649,1.37651,1.37644,1.37647,18720000,1
1754594820000,1754594879000,1.37647,1.37647,1.37642,1.37644,7200000,1
1754594880000,1754594939000,1.37643,1.37643,1.37635,1.37641,19590000,1
1754594940000,1754594999000,1.3764,1.37645,1.37627,1.37627,42630000,1
1754595000000,1754595059000,1.37626,1.37626,1.37537,1.37538,590490000,1
1754595060000,1754595119000,1.37542,1.37564,1.37536,1.37544,431400000,1
1754595120000,1754595179000,1.37542,1.37564,1.37524,1.37564,157170000,1
1754595180000,1754595239000,1.37565,1.37566,1.37537,1.3756,146640000,1
1754595240000,1754595299000,1.37561,1.37567,1.37547,1.37551,134850000,1
1754595300000,1754595359000,1.3755,1.3755,1.37537,1.37539,144480000,1
1754595360000,1754595419000,1.37543,1.37557,1.37535,1.37547,170910000,1
1754595420000,1754595479000,1.37547,1.37547,1.37521,1.37521,95550000,1
1754595480000,1754595539000,1.3752,1.3753,1.37519,1.37524,78000000,1
1754595540000,1754595599000,1.37524,1.3754,1.37517,1.3754,48240000,1
1754595600000,1754595659000,1.37539,1.37539,1.37526,1.37533,38340000,1
1754595660000,1754595719000,1.37533,1.37536,1.3752,1.3752,40590000,1
1754595720000,1754595779000,1.37521,1.37521,1.37493,1.3751,73950000,1
1754595780000,1754595839000,1.37511,1.37513,1.37503,1.37503,45240000,1
1754595840000,1754595899000,1.37503,1.37505,1.37472,1.37474,112350000,1
1754595900000,1754595959000,1.37474,1.37482,1.37471,1.3748,105870000,1
1754595960000,1754596019000,1.37479,1.37484,1.37472,1.37474,84030000,1
1754596020000,1754596079000,1.37474,1.37486,1.37459,1.37479,101340000,1
1754596080000,1754596139000,1.37479,1.37485,1.37472,1.37479,68010000,1
1754596140000,1754596199000,1.3748,1.3749,1.37474,1.37479,74910000,1
1754596200000,1754596259000,1.37479,1.37516,1.37474,1.37515,97470000,1
1754596260000,1754596319000,1.37517,1.37526,1.37498,1.37504,77400000,1
1754596320000,1754596379000,1.37505,1.37517,1.37504,1.37515,44520000,1
1754596380000,1754596439000,1.37515,1.37515,1.37504,1.37504,33000000,1
1754596440000,1754596499000,1.37505,1.37512,1.37501,1.37506,74400000,1
1754596500000,1754596559000,1.37504,1.37512,1.37466,1.37469,120690000,1
1754596560000,1754596619000,1.37471,1.37488,1.37462,1.37484,125340000,1
1754596620000,1754596679000,1.37482,1.37482,1.37449,1.37452,158310000,1
1754596680000,1754596739000,1.37453,1.37461,1.3743,1.37441,260760000,1
1754596740000,1754596799000,1.37439,1.37443,1.37431,1.37441,150360000,1
1754596800000,1754596859000,1.37441,1.37443,1.37421,1.37422,150450000,1
1754596860000,1754596919000,1.3742,1.37429,1.37405,1.37406,86550000,1
1754596920000,1754596979000,1.37408,1.3741,1.37402,1.37406,37200000,1
1754596980000,1754597039000,1.37409,1.37416,1.37406,1.37414,18600000,1
1754597040000,1754597099000,1.37415,1.37428,1.37414,1.37427,31800000,1
1754597100000,1754597159000,1.37425,1.37425,1.3741,1.37418,74400000,1
1754597160000,1754597219000,1.37417,1.3742,1.37408,1.37408,26400000,1
1754597220000,1754597279000,1.37407,1.37407,1.374,1.37401,30000000,1
1754597280000,1754597339000,1.37403,1.3741,1.37399,1.37406,30600000,1
1754597340000,1754597399000,1.37405,1.37418,1.37404,1.37418,34800000,1
1754597400000,1754597459000,1.37417,1.37429,1.37416,1.37428,32400000,1
1754597460000,1754597519000,1.37428,1.37429,1.37418,1.37418,19200000,1
1754597520000,1754597579000,1.37417,1.37419,1.37406,1.37408,32760000,1
1754597580000,1754597639000,1.37409,1.37409,1.37405,1.37408,21600000,1
1754597640000,1754597699000,1.37408,1.37409,1.37408,1.37409,4800000,1
1754597700000,1754597759000,1.3741,1.3741,1.37407,1.37407,7200000,1
1754597760000,1754597819000,1.37403,1.37411,1.374,1.37409,19440000,1
1754597820000,1754597879000,1.37409,1.37409,1.37405,1.37405,20160000,1
1754597880000,1754597939000,1.37404,1.37407,1.37398,1.37398,22680000,1
1754597940000,1754597999000,1.37399,1.37399,1.37396,1.37396,21000000,1
1754598000000,1754598059000,1.37396,1.37399,1.37388,1.37389,28560000,1
1754598060000,1754598119000,1.37391,1.37391,1.3739,1.3739,7920000,1
1754598120000,1754598179000,1.37391,1.37391,1.37389,1.37389,6480000,1
1754598180000,1754598239000,1.37389,1.37389,1.37389,1.37389,2400000,1
1754598240000,1754598299000,1.37389,1.37391,1.37389,1.37391,3600000,1
1754598300000,1754598359000,1.3739,1.37396,1.3739,1.37394,26880000,1
1754598360000,1754598419000,1.37393,1.37393,1.37386,1.37387,14400000,1
1754598420000,1754598479000,1.37389,1.37389,1.37389,1.37389,3600000,1
1754598480000,1754598539000,1.3739,1.3742,1.3739,1.3742,78000000,1
1754598540000,1754598599000,1.3742,1.3742,1.374,1.374,32160000,1
1754598600000,1754598659000,1.37401,1.3742,1.37401,1.37417,48960000,1
1754598660000,1754598719000,1.37419,1.37419,1.37416,1.37418,20400000,1
1754598720000,1754598779000,1.37417,1.37427,1.37417,1.37426,57090000,1
1754598780000,1754598839000,1.37425,1.37439,1.37424,1.37435,40800000,1
1754598840000,1754598899000,1.37433,1.37434,1.3743,1.37434,29400000,1
1754598900000,1754598959000,1.37432,1.37433,1.37425,1.37428,29280000,1
1754598960000,1754599019000,1.37429,1.37433,1.37426,1.37431,21870000,1
1754599020000,1754599079000,1.3743,1.37449,1.3743,1.37448,25350000,1
1754599080000,1754599139000,1.37447,1.37447,1.37439,1.37439,9960000,1
1754599140000,1754599199000,1.37439,1.37439,1.37429,1.37429,30120000,1
1754599200000,1754599259000,1.37428,1.37428,1.37418,1.37424,60540000,1
1754599260000,1754599319000,1.37424,1.37427,1.37424,1.37426,26190000,1
1754599320000,1754599379000,1.37426,1.37428,1.37419,1.37419,20640000,1
1754599380000,1754599439000,1.37417,1.37417,1.37414,1.37415,10080000,1
1754599440000,1754599499000,1.37418,1.37418,1.37415,1.37417,19440000,1
1754599500000,1754599559000,1.37416,1.37418,1.37415,1.37417,10200000,1
1754599560000,1754599619000,1.37416,1.37428,1.37415,1.37416,37920000,1
1754599620000,1754599679000,1.37417,1.37419,1.37417,1.37418,26160000,1
1754599680000,1754599739000,1.37419,1.37422,1.37418,1.37422,56310000,1
1754599740000,1754599799000,1.37421,1.37421,1.37415,1.37418,40590000,1
1754599800000,1754599859000,1.37417,1.37429,1.37411,1.37413,62250000,1
1754599860000,1754599919000,1.37412,1.37412,1.37402,1.37402,36900000,1
1754599920000,1754599979000,1.37401,1.37415,1.37401,1.37413,31200000,1
1754599980000,1754600039000,1.37412,1.37415,1.37411,1.37415,18000000,1
1754600040000,1754600099000,1.37414,1.37427,1.37413,1.37427,50760000,1
1754600100000,1754600159000,1.37426,1.37434,1.37423,1.3743,83130000,1
1754600160000,1754600219000,1.37439,1.37458,1.37438,1.37458,117870000,1
1754600220000,1754600279000,1.37458,1.37467,1.37449,1.37459,132330000,1
1754600280000,1754600339000,1.37464,1.37483,1.37454,1.37481,138540000,1
1754600340000,1754600399000,1.37479,1.37479,1.37428,1.37428,117960000,1
1754600400000,1754600459000,1.37428,1.37428,1.37427,1.37427,1080000,1
1754600460000,1754600519000,1.37427,1.37427,1.37427,1.37427,0,1
1754600520000,1754600579000,1.37427,1.37427,1.37427,1.37427,0,1
1754600580000,1754600639000,1.37427,1.37427,1.37427,1.37427,0,1
1754600640000,1754600699000,1.374,1.37404,1.374,1.37404,7800000,1
1754600700000,1754600759000,1.37492,1.37492,1.374,1.37405,5250000,1
1754600760000,1754600819000,1.37405,1.37405,1.37405,1.37405,9000000,1
1754600820000,1754600879000,1.37405,1.37406,1.37405,1.37406,5400000,1
1754600880000,1754600939000,1.37428,1.37428,1.37421,1.37421,3810000,1
1754600940000,1754600999000,1.37422,1.37428,1.37421,1.37422,6660000,1
1754601000000,1754601059000,1.37428,1.37428,1.37421,1.37421,46830000,1
1754601060000,1754601119000,1.37423,1.37438,1.37422,1.37438,3060000,1
1754601120000,1754601179000,1.37428,1.37428,1.37427,1.37427,720000,1
1754601180000,1754601239000,1.37428,1.37428,1.37427,1.37427,1080000,1
1754601240000,1754601299000,1.37428,1.37428,1.37427,1.37427,2160000,1
1754601300000,1754601359000,1.37428,1.37428,1.37427,1.37427,1440000,1
1754601360000,1754601419000,1.37418,1.37431,1.37405,1.37405,8240000,1
1754601420000,1754601479000,1.37407,1.37432,1.37405,1.37432,16000000,1
1754601480000,1754601539000,1.37433,1.37435,1.37404,1.37434,6070000,1
1754601540000,1754601599000,1.37408,1.37434,1.37408,1.37434,4490000,1
1754601600000,1754601659000,1.37434,1.37434,1.37407,1.37433,10120000,1
1754601660000,1754601719000,1.37434,1.37435,1.37434,1.37435,480000,1
1754601720000,1754601779000,1.37428,1.3743,1.37417,1.3743,3910000,1
1754601780000,1754601839000,1.37409,1.37432,1.37409,1.37432,4040000,1
1754601840000,1754601899000,1.37432,1.37433,1.37409,1.37416,26680000,1
1754601900000,1754601959000,1.37417,1.37418,1.37416,1.37416,14720000,1
1754601960000,1754602019000,1.37421,1.37434,1.37409,1.37409,12200000,1
1754602020000,1754602079000,1.37415,1.37433,1.37412,1.37412,3920000,1
1754602080000,1754602139000,1.37432,1.37432,1.37417,1.3743,5040000,1
1754602140000,1754602199000,1.37429,1.37431,1.37412,1.37412,13200000,1
1754602200000,1754602259000,1.37421,1.37438,1.37421,1.37433,8170000,1
1754602260000,1754602319000,1.37428,1.37438,1.37426,1.37427,5650000,1
1754602320000,1754602379000,1.37416,1.37416,1.37416,1.37416,2340000,1
1754602380000,1754602439000,1.37433,1.37433,1.37433,1.37433,570000,1
1754602440000,1754602499000,1.37417,1.37426,1.37417,1.37426,8400000,1
1754602500000,1754602559000,1.37437,1.37443,1.37426,1.37443,13380000,1
1754602560000,1754602619000,1.37443,1.37446,1.3744,1.37444,71190000,1
1754602620000,1754602679000,1.37442,1.37447,1.37438,1.37439,26820000,1
1754602680000,1754602739000,1.37437,1.37446,1.37423,1.37446,29080000,1
1754602740000,1754602799000,1.37451,1.37451,1.37445,1.37451,17610000,1
1754602800000,1754602859000,1.37444,1.37444,1.37419,1.37435,45900000,1
1754602860000,1754602919000,1.37433,1.37444,1.37433,1.37443,21120000,1
1754602920000,1754602979000,1.37441,1.37453,1.37441,1.37452,55410000,1
1754602980000,1754603039000,1.37451,1.37451,1.3743,1.37436,44160000,1
1754603040000,1754603099000,1.37435,1.37437,1.37432,1.37433,18210000,1
1754603100000,1754603159000,1.37433,1.37433,1.37423,1.37428,33660000,1
1754603160000,1754603219000,1.37427,1.37429,1.37423,1.37423,18240000,1
1754603220000,1754603279000,1.37426,1.37432,1.37424,1.37424,16710000,1
1754603280000,1754603339000,1.37424,1.37439,1.37422,1.37432,14640000,1
1754603340000,1754603399000,1.37432,1.37432,1.37425,1.37425,2400000,1
1754603400000,1754603459000,1.37424,1.37453,1.37424,1.37434,6000000,1
1754603460000,1754603519000,1.37433,1.37434,1.37413,1.37429,14760000,1
1754603520000,1754603579000,1.37418,1.3743,1.37408,1.37428,60420000,1
1754603580000,1754603639000,1.37435,1.37435,1.37428,1.37429,12000000,1
1754603640000,1754603699000,1.3743,1.3743,1.37417,1.37417,21270000,1
1754603700000,1754603759000,1.37417,1.37419,1.37417,1.37418,16500000,1
1754603760000,1754603819000,1.37418,1.37421,1.37418,1.37421,4800000,1
1754603820000,1754603879000,1.3742,1.3742,1.3742,1.3742,3600000,1
1754603880000,1754603939000,1.37421,1.37433,1.37415,1.37433,25800000,1
1754603940000,1754603999000,1.37432,1.37445,1.37419,1.3742,10080000,1
1754604000000,1754604059000,1.37419,1.37442,1.37415,1.37421,78810000,1
1754604060000,1754604119000,1.37421,1.37423,1.37408,1.37414,57600000,1
1754604120000,1754604179000,1.37411,1.37413,1.37408,1.37409,13050000,1
1754604180000,1754604239000,1.37409,1.37413,1.37408,1.37409,23400000,1
1754604240000,1754604299000,1.37406,1.37406,1.37391,1.37394,51600000,1
1754604300000,1754604359000,1.37397,1.37405,1.37396,1.37398,50250000,1
1754604360000,1754604419000,1.37398,1.37399,1.37397,1.37397,24300000,1
1754604420000,1754604479000,1.374,1.37405,1.37397,1.37405,29100000,1
1754604480000,1754604539000,1.37404,1.37408,1.37404,1.37405,42150000,1
1754604540000,1754604599000,1.37404,1.37413,1.37404,1.37404,49500000,1
1754604600000,1754604659000,1.37405,1.37406,1.37403,1.37406,34200000,1
1754604660000,1754604719000,1.37406,1.37416,1.37406,1.37408,18900000,1
1754604720000,1754604779000,1.3741,1.37414,1.37407,1.37412,51150000,1
1754604780000,1754604839000,1.37413,1.37421,1.37412,1.37417,19800000,1
1754604840000,1754604899000,1.37418,1.37419,1.37417,1.37417,7950000,1
1754604900000,1754604959000,1.37417,1.37421,1.37415,1.37418,29700000,1
1754604960000,1754605019000,1.3742,1.37423,1.3742,1.37422,31650000,1
1754605020000,1754605079000,1.37425,1.37429,1.37425,1.37427,57900000,1
1754605080000,1754605139000,1.3743,1.3743,1.37428,1.37428,28650000,1
1754605140000,1754605199000,1.37428,1.3743,1.37427,1.37429,37950000,1
1754605200000,1754605259000,1.3743,1.3743,1.37428,1.37428,8700000,1
1754605260000,1754605319000,1.37428,1.37433,1.37426,1.37426,38850000,1
1754605320000,1754605379000,1.37426,1.37428,1.37419,1.37422,30600000,1
1754605380000,1754605439000,1.37421,1.37423,1.3742,1.3742,26850000,1
1754605440000,1754605499000,1.37423,1.37423,1.37416,1.37416,18900000,1
1754605500000,1754605559000,1.37416,1.3742,1.37414,1.3742,17250000,1
1754605560000,1754605619000,1.37419,1.37421,1.37418,1.37419,22800000,1
1754605620000,1754605679000,1.37421,1.37424,1.3742,1.37424,36150000,1
1754605680000,1754605739000,1.37423,1.37425,1.37421,1.37424,33150000,1
1754605740000,1754605799000,1.37425,1.37428,1.37425,1.37425,23250000,1
1754605800000,1754605859000,1.37426,1.37427,1.37416,1.37416,58950000,1
1754605860000,1754605919000,1.37416,1.37418,1.37414,1.37416,29850000,1
1754605920000,1754605979000,1.37415,1.37415,1.37406,1.37406,28530000,1
1754605980000,1754606039000,1.37405,1.37406,1.37389,1.3739,67420000,1
1754606040000,1754606099000,1.37391,1.37391,1.37386,1.3739,70170000,1
1754606100000,1754606159000,1.3739,1.37391,1.37382,1.37382,58230000,1
1754606160000,1754606219000,1.37381,1.37382,1.37379,1.37381,32160000,1
1754606220000,1754606279000,1.37381,1.37381,1.3737,1.37372,49230000,1
1754606280000,1754606339000,1.37373,1.37377,1.37369,1.37376,58140000,1
1754606340000,1754606399000,1.37377,1.37378,1.3737,1.3737,33660000,1
1754606400000,1754606459000,1.3737,1.37373,1.37358,1.3736,75210000,1
1754606460000,1754606519000,1.37361,1.37367,1.3736,1.37366,46020000,1
1754606520000,1754606579000,1.37368,1.3737,1.37368,1.37368,33720000,1
1754606580000,1754606639000,1.37369,1.37371,1.37367,1.37369,28620000,1
1754606640000,1754606699000,1.3737,1.37371,1.37366,1.3737,66870000,1
1754606700000,1754606759000,1.37369,1.3737,1.37366,1.37366,61980000,1
1754606760000,1754606819000,1.37367,1.37369,1.37366,1.37368,68700000,1
1754606820000,1754606879000,1.37368,1.3737,1.37366,1.37368,35220000,1
1754606880000,1754606939000,1.37367,1.37371,1.37366,1.37371,47430000,1
1754606940000,1754606999000,1.37371,1.37373,1.3737,1.37372,19350000,1
1754607000000,1754607059000,1.3737,1.37372,1.3737,1.37371,33060000,1
1754607060000,1754607119000,1.37371,1.37372,1.3737,1.37371,56370000,1
1754607120000,1754607179000,1.37373,1.37373,1.3737,1.3737,37290000,1
1754607180000,1754607239000,1.3737,1.37377,1.3737,1.37377,45570000,1
1754607240000,1754607299000,1.37377,1.37387,1.37377,1.3738,49890000,1
1754607300000,1754607359000,1.37382,1.37382,1.37367,1.37368,47280000,1
1754607360000,1754607419000,1.37367,1.3737,1.37365,1.37368,35550000,1
1754607420000,1754607479000,1.37367,1.37367,1.37349,1.3735,274950000,1
1754607480000,1754607539000,1.37349,1.37362,1.37347,1.37354,170880000,1
1754607540000,1754607599000,1.37353,1.37358,1.37347,1.37349,177360000,1
1754607600000,1754607659000,1.37349,1.37364,1.37346,1.37349,217830000,1
1754607660000,1754607719000,1.37347,1.37357,1.37339,1.37343,99420000,1
1754607720000,1754607779000,1.37343,1.37351,1.37341,1.37349,96210000,1
1754607780000,1754607839000,1.37349,1.37356,1.37349,1.37351,41550000,1
1754607840000,1754607899000,1.37351,1.37354,1.37351,1.37352,14070000,1
1754607900000,1754607959000,1.37359,1.37368,1.37357,1.3736,40890000,1
1754607960000,1754608019000,1.37359,1.37369,1.37359,1.37369,38490000,1
1754608020000,1754608079000,1.3737,1.37377,1.37369,1.3737,43200000,1
1754608080000,1754608139000,1.37369,1.3737,1.37368,1.37369,13680000,1
1754608140000,1754608199000,1.37368,1.37368,1.37363,1.37366,15210000,1
1754608200000,1754608259000,1.37368,1.37368,1.37347,1.37351,43800000,1
1754608260000,1754608319000,1.3735,1.37352,1.37348,1.3735,27750000,1
1754608320000,1754608379000,1.37351,1.37351,1.37348,1.37349,28380000,1
1754608380000,1754608439000,1.3735,1.37351,1.37347,1.3735,42600000,1
1754608440000,1754608499000,1.37348,1.37355,1.37348,1.3735,43620000,1
1754608500000,1754608559000,1.3735,1.3735,1.37343,1.37343,19260000,1
1754608560000,1754608619000,1.37344,1.37344,1.37335,1.37335,13440000,1
1754608620000,1754608679000,1.37335,1.37335,1.37329,1.3733,39030000,1
1754608680000,1754608739000,1.37329,1.37332,1.37329,1.3733,12360000,1
1754608740000,1754608799000,1.37331,1.37338,1.37329,1.37337,24150000,1
1754608800000,1754608859000,1.37337,1.37337,1.3733,1.37331,15150000,1
1754608860000,1754608919000,1.37332,1.37333,1.3733,1.3733,18570000,1
1754608920000,1754608979000,1.37332,1.37332,1.37331,1.37331,2550000,1
1754608980000,1754609039000,1.37332,1.37333,1.37331,1.37331,19080000,1
1754609040000,1754609099000,1.37332,1.37332,1.37328,1.37331,39600000,1
1754609100000,1754609159000,1.37336,1.37338,1.37333,1.37333,21000000,1
1754609160000,1754609219000,1.37334,1.37334,1.37329,1.3733,19800000,1
1754609220000,1754609279000,1.37329,1.37331,1.37328,1.3733,14040000,1
1754609280000,1754609339000,1.37328,1.37332,1.37326,1.37329,22800000,1
1754609340000,1754609399000,1.37331,1.37335,1.37328,1.37328,18300000,1
1754609400000,1754609459000,1.37329,1.37331,1.37327,1.37331,22050000,1
1754609460000,1754609519000,1.37332,1.37336,1.37328,1.37334,13800000,1
1754609520000,1754609579000,1.37335,1.37337,1.37333,1.37335,40260000,1
1754609580000,1754609639000,1.37336,1.37339,1.37334,1.37338,24600000,1
1754609640000,1754609699000,1.37339,1.37339,1.37337,1.37338,33000000,1
1754609700000,1754609759000,1.3734,1.3734,1.3734,1.3734,3900000,1
1754609760000,1754609819000,1.3734,1.37344,1.37338,1.37343,19350000,1
1754609820000,1754609879000,1.37344,1.3735,1.37343,1.37348,27900000,1
1754609880000,1754609939000,1.37348,1.37349,1.37346,1.37347,25050000,1
1754609940000,1754609999000,1.37344,1.37346,1.37338,1.37338,42750000,1
1754610000000,1754610059000,1.37338,1.37357,1.37338,1.37356,66690000,1
1754610060000,1754610119000,1.37355,1.37355,1.37355,1.37355,5340000,1
1754610120000,1754610179000,1.37357,1.37358,1.37354,1.37354,45690000,1
1754610180000,1754610239000,1.37353,1.37353,1.37346,1.37347,25470000,1
1754610240000,1754610299000,1.37348,1.37349,1.37347,1.37347,21360000,1
1754610300000,1754610359000,1.37346,1.37349,1.37336,1.37338,38250000,1
1754610360000,1754610419000,1.37336,1.37336,1.37331,1.37332,15210000,1
1754610420000,1754610479000,1.37331,1.37332,1.3733,1.37332,46320000,1
1754610480000,1754610539000,1.37332,1.37332,1.37331,1.37332,11400000,1
1754610540000,1754610599000,1.37332,1.37333,1.37329,1.37332,45600000,1
1754610600000,1754610659000,1.3733,1.37332,1.37329,1.37331,31200000,1
1754610660000,1754610719000,1.37329,1.3733,1.37324,1.37329,37920000,1
1754610720000,1754610779000,1.37328,1.37329,1.37326,1.37327,19770000,1
1754610780000,1754610839000,1.37328,1.37328,1.37326,1.37326,13080000,1
1754610840000,1754610899000,1.37327,1.37332,1.37311,1.37311,63960000,1
1754610900000,1754610959000,1.37311,1.37323,1.37311,1.37322,47820000,1
1754610960000,1754611019000,1.37324,1.37324,1.37317,1.3732,102630000,1
1754611020000,1754611079000,1.37319,1.37326,1.37319,1.37322,38700000,1
1754611080000,1754611139000,1.37322,1.37323,1.37319,1.37319,22110000,1
1754611140000,1754611199000,1.37319,1.37325,1.37319,1.37319,36720000,1
1754611200000,1754611259000,1.3732,1.37328,1.37312,1.37319,148140000,1
1754611260000,1754611319000,1.37321,1.37342,1.37318,1.37341,207990000,1
1754611320000,1754611379000,1.37341,1.37348,1.37331,1.37334,116580000,1
1754611380000,1754611439000,1.37333,1.37356,1.37333,1.37355,128400000,1
1754611440000,1754611499000,1.37357,1.37362,1.37349,1.37352,133170000,1
1754611500000,1754611559000,1.37351,1.37367,1.37351,1.37362,129900000,1
1754611560000,1754611619000,1.37362,1.37373,1.37362,1.37369,107790000,1
1754611620000,1754611679000,1.37371,1.37388,1.37371,1.37371,107970000,1
1754611680000,1754611739000,1.37371,1.37373,1.37364,1.37367,94650000,1
1754611740000,1754611799000,1.37368,1.37371,1.37367,1.37367,40890000,1
1754611800000,1754611859000,1.37368,1.37375,1.37366,1.37366,66630000,1
1754611860000,1754611919000,1.37363,1.37396,1.37363,1.37396,127320000,1
1754611920000,1754611979000,1.37396,1.37398,1.37396,1.37398,43260000,1
1754611980000,1754612039000,1.37399,1.37399,1.37388,1.37388,53070000,1
1754612040000,1754612099000,1.37389,1.37408,1.37389,1.37398,47160000,1
1754612100000,1754612159000,1.37398,1.37401,1.37397,1.37399,47400000,1
1754612160000,1754612219000,1.374,1.3741,1.37397,1.37405,83760000,1
1754612220000,1754612279000,1.37405,1.37411,1.37405,1.37411,34980000,1
1754612280000,1754612339000,1.3741,1.37411,1.374,1.37408,118260000,1
1754612340000,1754612399000,1.37407,1.37417,1.37407,1.37407,43440000,1
1754612400000,1754612459000,1.37408,1.37411,1.37408,1.37411,34830000,1
1754612460000,1754612519000,1.3741,1.37412,1.37402,1.37407,53640000,1
1754612520000,1754612579000,1.37407,1.37409,1.37405,1.37408,158790000,1
1754612580000,1754612639000,1.37406,1.3741,1.37406,1.37408,34110000,1
1754612640000,1754612699000,1.37407,1.37411,1.37407,1.37408,58170000,1
1754612700000,1754612759000,1.37407,1.37411,1.37407,1.37408,115650000,1
1754612760000,1754612819000,1.37409,1.3741,1.37407,1.37408,49830000,1
1754612820000,1754612879000,1.37408,1.37431,1.37407,1.3743,93210000,1
1754612880000,1754612939000,1.3743,1.37432,1.37426,1.3743,43020000,1
1754612940000,1754612999000,1.37429,1.37433,1.37426,1.37427,51900000,1
1754613000000,1754613059000,1.3743,1.3743,1.37428,1.3743,38490000,1
1754613060000,1754613119000,1.37428,1.37428,1.37415,1.37416,49440000,1
1754613120000,1754613179000,1.37418,1.3742,1.37406,1.37408,149220000,1
1754613180000,1754613239000,1.37407,1.37409,1.37398,1.37401,55380000,1
1754613240000,1754613299000,1.37401,1.3741,1.374,1.374,34230000,1
1754613300000,1754613359000,1.37401,1.37402,1.374,1.374,19800000,1
1754613360000,1754613419000,1.374,1.37403,1.37399,1.37399,14940000,1
1754613420000,1754613479000,1.37399,1.37401,1.37388,1.37391,63900000,1
1754613480000,1754613539000,1.37391,1.37394,1.3739,1.3739,31920000,1
1754613540000,1754613599000,1.3739,1.37407,1.3739,1.37407,57060000,1
1754613600000,1754613659000,1.37408,1.3741,1.37407,1.37409,40050000,1
1754613660000,1754613719000,1.37409,1.3741,1.37407,1.3741,30450000,1
1754613720000,1754613779000,1.37409,1.37416,1.37406,1.37407,68400000,1
1754613780000,1754613839000,1.37407,1.37409,1.37398,1.37398,54090000,1
1754613840000,1754613899000,1.37398,1.37398,1.3739,1.3739,38370000,1
1754613900000,1754613959000,1.3739,1.37416,1.37388,1.37415,68430000,1
1754613960000,1754614019000,1.37417,1.37418,1.37408,1.37415,77310000,1
1754614020000,1754614079000,1.37414,1.37414,1.37408,1.37409,15660000,1
1754614080000,1754614139000,1.37407,1.37408,1.37398,1.37401,56220000,1
1754614140000,1754614199000,1.37402,1.37408,1.37398,1.37398,34500000,1
1754614200000,1754614259000,1.37398,1.37399,1.37394,1.37399,46950000,1
1754614260000,1754614319000,1.37399,1.37409,1.37398,1.37398,32820000,1
1754614320000,1754614379000,1.37399,1.37407,1.37398,1.37402,96690000,1
1754614380000,1754614439000,1.37403,1.37407,1.37398,1.37398,109200000,1
1754614440000,1754614499000,1.37399,1.37404,1.37389,1.37389,178470000,1
1754614500000,1754614559000,1.3739,1.37398,1.37389,1.37396,102810000,1
1754614560000,1754614619000,1.37397,1.37405,1.37397,1.37403,158430000,1
1754614620000,1754614679000,1.37403,1.37407,1.37396,1.37398,103200000,1
1754614680000,1754614739000,1.37398,1.37399,1.37395,1.37395,37800000,1
1754614740000,1754614799000,1.37396,1.37396,1.37377,1.37379,105750000,1
1754614800000,1754614859000,1.37377,1.37388,1.37332,1.37336,238500000,1
1754614860000,1754614919000,1.37336,1.37351,1.37336,1.37346,127710000,1
1754614920000,1754614979000,1.37346,1.3738,1.37344,1.3738,146820000,1
1754614980000,1754615039000,1.3738,1.37389,1.3738,1.37388,83070000,1
1754615040000,1754615099000,1.37389,1.37396,1.37387,1.37395,68100000,1
1754615100000,1754615159000,1.37395,1.37399,1.37394,1.37398,56850000,1
1754615160000,1754615219000,1.37398,1.37406,1.37398,1.37405,50400000,1
1754615220000,1754615279000,1.37405,1.3741,1.37405,1.3741,57480000,1
1754615280000,1754615339000,1.3741,1.37426,1.3741,1.3742,99150000,1
1754615340000,1754615399000,1.37418,1.37431,1.37416,1.37428,38070000,1
1754615400000,1754615459000,1.37428,1.37433,1.37426,1.37428,73860000,1
1754615460000,1754615519000,1.37427,1.37429,1.37416,1.37417,70110000,1
1754615520000,1754615579000,1.37417,1.37428,1.37417,1.3742,64770000,1
1754615580000,1754615639000,1.37419,1.37419,1.37417,1.37417,27390000,1
1754615640000,1754615699000,1.37418,1.37419,1.37417,1.37418,102900000,1
1754615700000,1754615759000,1.37418,1.37445,1.37418,1.37445,77880000,1
1754615760000,1754615819000,1.37447,1.37452,1.37438,1.37438,76590000,1
1754615820000,1754615879000,1.37437,1.37438,1.37427,1.37435,74370000,1
1754615880000,1754615939000,1.37435,1.37446,1.37435,1.37446,60900000,1
1754615940000,1754615999000,1.37445,1.37451,1.37443,1.37447,59130000,1
1754616000000,1754616059000,1.37447,1.37457,1.37446,1.37456,87420000,1
1754616060000,1754616119000,1.37456,1.3746,1.37456,1.37457,58020000,1
1754616120000,1754616179000,1.37457,1.37472,1.37457,1.37469,69870000,1
1754616180000,1754616239000,1.37469,1.37472,1.37467,1.37468,63480000,1
1754616240000,1754616299000,1.37467,1.37468,1.37464,1.37466,48420000,1
1754616300000,1754616359000,1.37465,1.37466,1.37457,1.37458,25830000,1
1754616360000,1754616419000,1.37457,1.37485,1.37457,1.37476,87450000,1
1754616420000,1754616479000,1.37475,1.37478,1.37463,1.37463,110280000,1
1754616480000,1754616539000,1.37464,1.37468,1.37455,1.37455,80190000,1
1754616540000,1754616599000,1.37454,1.37455,1.3745,1.3745,84930000,1
1754616600000,1754616659000,1.37451,1.37451,1.37436,1.37437,43800000,1
1754616660000,1754616719000,1.37437,1.37447,1.37432,1.37439,68520000,1
1754616720000,1754616779000,1.3744,1.37448,1.3744,1.37446,28770000,1
1754616780000,1754616839000,1.37446,1.37446,1.37445,1.37445,9360000,1
1754616840000,1754616899000,1.37445,1.37455,1.37444,1.37445,32430000,1
1754616900000,1754616959000,1.37445,1.37455,1.37445,1.3745,43950000,1
1754616960000,1754617019000,1.3745,1.37462,1.3745,1.37458,63300000,1
1754617020000,1754617079000,1.37458,1.37473,1.37458,1.37463,42540000,1
1754617080000,1754617139000,1.37463,1.37465,1.3745,1.37455,66900000,1
1754617140000,1754617199000,1.37456,1.37456,1.37447,1.37447,50100000,1
1754617200000,1754617259000,1.37448,1.37463,1.37448,1.3746,42600000,1
1754617260000,1754617319000,1.37459,1.37473,1.37456,1.37465,68040000,1
1754617320000,1754617379000,1.37464,1.37464,1.37456,1.37456,52620000,1
1754617380000,1754617439000,1.37455,1.37463,1.37455,1.37457,41520000,1
1754617440000,1754617499000,1.37459,1.37467,1.37447,1.37447,72090000,1
1754617500000,1754617559000,1.37446,1.37446,1.37439,1.37445,69960000,1
1754617560000,1754617619000,1.37444,1.37445,1.37438,1.37443,65640000,1
1754617620000,1754617679000,1.37444,1.37447,1.37444,1.37445,56940000,1
1754617680000,1754617739000,1.37444,1.37445,1.37439,1.3744,47070000,1
1754617740000,1754617799000,1.37438,1.37447,1.37438,1.37446,43680000,1
1754617800000,1754617859000,1.37446,1.37454,1.37445,1.37445,31110000,1
1754617860000,1754617919000,1.37446,1.37456,1.37446,1.3745,45780000,1
1754617920000,1754617979000,1.37453,1.37454,1.37442,1.37443,33540000,1
1754617980000,1754618039000,1.37443,1.37445,1.37442,1.37445,26700000,1
1754618040000,1754618099000,1.37444,1.37446,1.37443,1.37445,16230000,1
1754618100000,1754618159000,1.37444,1.37446,1.37435,1.37436,48030000,1
1754618160000,1754618219000,1.37437,1.37452,1.37437,1.37452,102750000,1
1754618220000,1754618279000,1.37451,1.37456,1.37449,1.37455,40770000,1
1754618280000,1754618339000,1.37456,1.37457,1.37454,1.37455,26850000,1
1754618340000,1754618399000,1.37455,1.37457,1.37447,1.37449,57240000,1
1754618400000,1754618459000,1.37449,1.37456,1.37447,1.37456,117810000,1
1754618460000,1754618519000,1.37455,1.37456,1.37438,1.37441,50340000,1
1754618520000,1754618579000,1.3744,1.37441,1.37436,1.37436,55290000,1
1754618580000,1754618639000,1.37435,1.37448,1.37435,1.37437,51900000,1
1754618640000,1754618699000,1.37438,1.37438,1.37429,1.3743,71850000,1
1754618700000,1754618759000,1.37429,1.3743,1.37414,1.37416,69060000,1
1754618760000,1754618819000,1.37416,1.3743,1.37411,1.37427,72300000,1
1754618820000,1754618879000,1.37428,1.3743,1.3742,1.3742,84450000,1
1754618880000,1754618939000,1.37421,1.37423,1.3741,1.37416,84720000,1
1754618940000,1754618999000,1.37416,1.37421,1.37416,1.3742,40050000,1
1754619000000,1754619059000,1.37422,1.37431,1.37418,1.37431,53700000,1
1754619060000,1754619119000,1.37432,1.37435,1.37429,1.3743,46800000,1
1754619120000,1754619179000,1.3743,1.37435,1.37429,1.37434,29940000,1
1754619180000,1754619239000,1.37434,1.37436,1.37433,1.37435,28350000,1
1754619240000,1754619299000,1.37435,1.37435,1.37427,1.37427,48150000,1
1754619300000,1754619359000,1.37428,1.37428,1.3741,1.37417,57990000,1
1754619360000,1754619419000,1.37416,1.37416,1.37408,1.37408,41160000,1
1754619420000,1754619479000,1.37407,1.37409,1.37406,1.37408,21930000,1
1754619480000,1754619539000,1.37407,1.37411,1.37407,1.37411,20550000,1
1754619540000,1754619599000,1.37409,1.3741,1.37407,1.37407,41340000,1
1754619600000,1754619659000,1.37409,1.37411,1.37406,1.37406,19530000,1
1754619660000,1754619719000,1.37406,1.37411,1.37405,1.3741,57510000,1
1754619720000,1754619779000,1.37414,1.37417,1.37413,1.37414,35910000,1
1754619780000,1754619839000,1.37414,1.37418,1.37414,1.37417,20160000,1
1754619840000,1754619899000,1.37417,1.37418,1.37417,1.37418,31410000,1
1754619900000,1754619959000,1.37418,1.37423,1.37415,1.37418,43530000,1
1754619960000,1754620019000,1.37417,1.37418,1.37417,1.37417,10350000,1
1754620020000,1754620079000,1.37418,1.37418,1.37408,1.37409,21480000,1
1754620080000,1754620139000,1.37408,1.3741,1.374,1.374,48480000,1
1754620140000,1754620199000,1.37401,1.37401,1.37396,1.37396,34020000,1
1754620200000,1754620259000,1.37396,1.37406,1.37396,1.37406,55740000,1
1754620260000,1754620319000,1.37407,1.37416,1.37404,1.3741,65970000,1
1754620320000,1754620379000,1.37411,1.37417,1.37408,1.37408,33000000,1
1754620380000,1754620439000,1.37407,1.37418,1.37407,1.37415,62970000,1
1754620440000,1754620499000,1.37416,1.37417,1.37404,1.37404,62430000,1
1754620500000,1754620559000,1.37405,1.37414,1.37403,1.37413,55440000,1
1754620560000,1754620619000,1.37411,1.37414,1.37409,1.37414,44370000,1
1754620620000,1754620679000,1.37412,1.37412,1.374,1.374,56760000,1
1754620680000,1754620739000,1.37401,1.37407,1.37398,1.37399,47850000,1
1754620740000,1754620799000,1.37396,1.37399,1.3739,1.37398,117540000,1
1754620800000,1754620859000,1.37398,1.37398,1.3739,1.3739,33360000,1
1754620860000,1754620919000,1.37391,1.37398,1.3739,1.37397,79650000,1
1754620920000,1754620979000,1.37398,1.37398,1.37388,1.37388,45600000,1
1754620980000,1754621039000,1.37388,1.37393,1.37388,1.37392,46530000,1
1754621040000,1754621099000,1.37393,1.37393,1.3739,1.37391,17790000,1
1754621100000,1754621159000,1.37392,1.37394,1.3739,1.37392,52440000,1
1754621160000,1754621219000,1.37393,1.37393,1.37382,1.37383,49920000,1
1754621220000,1754621279000,1.37385,1.3739,1.37384,1.37389,58320000,1
1754621280000,1754621339000,1.37388,1.37389,1.37386,1.37387,28800000,1
1754621340000,1754621399000,1.37387,1.37394,1.37387,1.37389,80580000,1
1754621400000,1754621459000,1.37391,1.37397,1.37387,1.37397,65010000,1
1754621460000,1754621519000,1.37398,1.37398,1.37395,1.37396,49080000,1
1754621520000,1754621579000,1.37396,1.37399,1.37394,1.37399,56580000,1
1754621580000,1754621639000,1.37398,1.37403,1.37397,1.37403,45180000,1
1754621640000,1754621699000,1.37405,1.37405,1.374,1.37403,37650000,1
1754621700000,1754621759000,1.37404,1.37404,1.37396,1.37397,44640000,1
1754621760000,1754621819000,1.37397,1.37399,1.37394,1.37397,46170000,1
1754621820000,1754621879000,1.37397,1.374,1.37396,1.37396,30300000,1
1754621880000,1754621939000,1.37396,1.37398,1.37396,1.37397,44700000,1
1754621940000,1754621999000,1.37396,1.374,1.37396,1.37398,35220000,1
1754622000000,1754622059000,1.37398,1.37399,1.37396,1.37398,76500000,1
1754622060000,1754622119000,1.37399,1.37407,1.37399,1.37407,69630000,1
1754622120000,1754622179000,1.37407,1.37408,1.37405,1.37405,35790000,1
1754622180000,1754622239000,1.37406,1.37413,1.37406,1.37412,30060000,1
1754622240000,1754622299000,1.37413,1.3742,1.37413,1.3742,39630000,1
1754622300000,1754622359000,1.3742,1.37435,1.3742,1.37434,82200000,1
1754622360000,1754622419000,1.37433,1.37437,1.37427,1.37431,100350000,1
1754622420000,1754622479000,1.37431,1.37431,1.37424,1.37425,55200000,1
1754622480000,1754622539000,1.37424,1.37425,1.37417,1.37418,48750000,1
1754622540000,1754622599000,1.37418,1.37423,1.37417,1.37423,29040000,1
1754622600000,1754622659000,1.37422,1.37423,1.37417,1.37417,33810000,1
1754622660000,1754622719000,1.3742,1.37429,1.3742,1.37429,18000000,1
1754622720000,1754622779000,1.37427,1.37428,1.37422,1.37422,24720000,1
1754622780000,1754622839000,1.37423,1.37425,1.3742,1.3742,39450000,1
1754622840000,1754622899000,1.3742,1.37423,1.37419,1.3742,39450000,1
1754622900000,1754622959000,1.3742,1.37421,1.37415,1.37416,18000000,1
1754622960000,1754623019000,1.37416,1.37421,1.37415,1.37419,101520000,1
1754623020000,1754623079000,1.37421,1.37421,1.37417,1.3742,82740000,1
1754623080000,1754623139000,1.37421,1.37428,1.3742,1.37425,85740000,1
1754623140000,1754623199000,1.37425,1.37426,1.3742,1.37421,39810000,1
1754623200000,1754623259000,1.37418,1.37424,1.37418,1.37423,34830000,1
1754623260000,1754623319000,1.37425,1.37426,1.37422,1.37425,14850000,1
1754623320000,1754623379000,1.37425,1.37427,1.37424,1.37424,57240000,1
1754623380000,1754623439000,1.37425,1.37428,1.37423,1.37425,32130000,1
1754623440000,1754623499000,1.37425,1.37425,1.37424,1.37424,33900000,1
1754623500000,1754623559000,1.37425,1.37428,1.37424,1.37427,48750000,1
1754623560000,1754623619000,1.37426,1.37427,1.37423,1.37423,69150000,1
1754623620000,1754623679000,1.37424,1.37426,1.37423,1.37423,25200000,1
1754623680000,1754623739000,1.37421,1.37424,1.37419,1.37421,53640000,1
1754623740000,1754623799000,1.37422,1.37424,1.37416,1.37416,81720000,1
1754623800000,1754623859000,1.37417,1.37424,1.37414,1.3742,129900000,1
1754623860000,1754623919000,1.3742,1.37425,1.37417,1.37418,52020000,1
1754623920000,1754623979000,1.37418,1.37418,1.37407,1.37408,25200000,1
1754623980000,1754624039000,1.37408,1.37409,1.37406,1.37406,39030000,1
1754624040000,1754624099000,1.37406,1.3741,1.374,1.37406,40050000,1
1754624100000,1754624159000,1.37407,1.37409,1.37406,1.37406,37800000,1
1754624160000,1754624219000,1.37405,1.37409,1.37405,1.37407,45600000,1
1754624220000,1754624279000,1.37407,1.37409,1.37406,1.37407,43200000,1
1754624280000,1754624339000,1.37408,1.37408,1.37405,1.37405,27000000,1
1754624340000,1754624399000,1.37406,1.37415,1.37405,1.37415,57000000,1
1754624400000,1754624459000,1.37413,1.37417,1.37409,1.37409,42900000,1
1754624460000,1754624519000,1.3741,1.3741,1.37403,1.37403,54000000,1
1754624520000,1754624579000,1.37401,1.37404,1.37401,1.37404,24150000,1
1754624580000,1754624639000,1.37404,1.37404,1.37395,1.37402,88800000,1
1754624640000,1754624699000,1.37402,1.37402,1.37397,1.37399,37980000,1
1754624700000,1754624759000,1.37399,1.37408,1.37399,1.37407,35940000,1
1754624760000,1754624819000,1.37407,1.37409,1.37406,1.37407,29130000,1
1754624820000,1754624879000,1.37407,1.37409,1.37397,1.37397,35340000,1
1754624880000,1754624939000,1.37395,1.37395,1.37388,1.37388,25950000,1
1754624940000,1754624999000,1.37389,1.3739,1.37386,1.37387,15840000,1
1754625000000,1754625059000,1.37386,1.37393,1.37386,1.37393,27180000,1
1754625060000,1754625119000,1.37394,1.37399,1.37394,1.37398,44700000,1
1754625120000,1754625179000,1.37399,1.37401,1.37398,1.37398,52200000,1
1754625180000,1754625239000,1.37398,1.37403,1.37398,1.37403,37170000,1
1754625240000,1754625299000,1.37404,1.37407,1.37398,1.37398,60030000,1
1754625300000,1754625359000,1.37398,1.37399,1.37397,1.37397,59100000,1
1754625360000,1754625419000,1.37399,1.37406,1.37399,1.37401,66570000,1
1754625420000,1754625479000,1.374,1.37402,1.374,1.37401,67710000,1
1754625480000,1754625539000,1.37401,1.37401,1.37389,1.37389,79350000,1
1754625540000,1754625599000,1.37389,1.37389,1.37385,1.37388,75120000,1
1754625600000,1754625659000,1.37387,1.37394,1.3738,1.37394,105960000,1
1754625660000,1754625719000,1.37393,1.37395,1.37386,1.3739,82800000,1
1754625720000,1754625779000,1.37389,1.37391,1.37387,1.37391,55740000,1
1754625780000,1754625839000,1.37393,1.374,1.37393,1.37395,60810000,1
1754625840000,1754625899000,1.37396,1.37396,1.37383,1.37386,57300000,1
1754625900000,1754625959000,1.37387,1.37388,1.3738,1.3738,25800000,1
1754625960000,1754626019000,1.3738,1.37383,1.3738,1.37381,46050000,1
1754626020000,1754626079000,1.3738,1.37381,1.3737,1.37371,23550000,1
1754626080000,1754626139000,1.3737,1.37371,1.37367,1.37367,55350000,1
1754626140000,1754626199000,1.37368,1.37371,1.37368,1.3737,56700000,1
1754626200000,1754626259000,1.3737,1.37371,1.37369,1.3737,45150000,1
1754626260000,1754626319000,1.3737,1.37371,1.37369,1.37369,34950000,1
1754626320000,1754626379000,1.3737,1.37371,1.37366,1.37369,115800000,1
1754626380000,1754626439000,1.37369,1.37372,1.37369,1.37372,66870000,1
1754626440000,1754626499000,1.37371,1.37371,1.37369,1.37371,44850000,1
1754626500000,1754626559000,1.37371,1.37371,1.37361,1.37369,73620000,1
1754626560000,1754626619000,1.37368,1.3737,1.37367,1.37367,78150000,1
1754626620000,1754626679000,1.37364,1.37367,1.37364,1.37367,34890000,1
1754626680000,1754626739000,1.37367,1.37367,1.37362,1.37362,66450000,1
1754626740000,1754626799000,1.37364,1.37371,1.37363,1.3737,70770000,1
1754626800000,1754626859000,1.3737,1.37379,1.37369,1.37378,33720000,1
1754626860000,1754626919000,1.3738,1.37388,1.37378,1.3738,44850000,1
1754626920000,1754626979000,1.3738,1.37381,1.37379,1.37379,9900000,1
1754626980000,1754627039000,1.3738,1.3738,1.37379,1.37379,20850000,1
1754627040000,1754627099000,1.37379,1.37381,1.37378,1.3738,64050000,1
1754627100000,1754627159000,1.37379,1.37381,1.37379,1.37379,89280000,1
1754627160000,1754627219000,1.37378,1.37379,1.37378,1.37378,26700000,1
1754627220000,1754627279000,1.37377,1.37383,1.37375,1.37381,75210000,1
1754627280000,1754627339000,1.37383,1.37389,1.37377,1.37389,53520000,1
1754627340000,1754627399000,1.37388,1.37388,1.37386,1.37388,20400000,1
1754627400000,1754627459000,1.37388,1.37398,1.37388,1.37398,46440000,1
1754627460000,1754627519000,1.37398,1.37398,1.37389,1.37389,35700000,1
1754627520000,1754627579000,1.37391,1.37398,1.37389,1.37397,45090000,1
1754627580000,1754627639000,1.37399,1.374,1.37398,1.374,9900000,1
1754627640000,1754627699000,1.37399,1.37399,1.37398,1.37399,4800000,1
1754627700000,1754627759000,1.37398,1.37398,1.37397,1.37397,13950000,1
1754627760000,1754627819000,1.37397,1.37398,1.37395,1.37395,30450000,1
1754627820000,1754627879000,1.37394,1.37396,1.37394,1.37395,12450000,1
1754627880000,1754627939000,1.37397,1.37397,1.37393,1.37395,22050000,1
1754627940000,1754627999000,1.37396,1.37396,1.37385,1.37385,69270000,1
1754628000000,1754628059000,1.37386,1.37386,1.37384,1.37386,39600000,1
1754628060000,1754628119000,1.37387,1.37392,1.37387,1.37391,24900000,1
1754628120000,1754628179000,1.37392,1.37393,1.37389,1.37391,35400000,1
1754628180000,1754628239000,1.37392,1.37392,1.3739,1.37392,48150000,1
1754628240000,1754628299000,1.3739,1.37394,1.3739,1.37394,27750000,1
1754628300000,1754628359000,1.37393,1.37397,1.37392,1.37396,45150000,1
1754628360000,1754628419000,1.37396,1.37401,1.37396,1.37401,13200000,1
1754628420000,1754628479000,1.37401,1.37402,1.37397,1.37397,58800000,1
1754628480000,1754628539000,1.37398,1.37399,1.3739,1.3739,48900000,1
1754628540000,1754628599000,1.37391,1.37392,1.3739,1.37392,3900000,1
1754628600000,1754628659000,1.37391,1.37392,1.37386,1.3739,55200000,1
1754628660000,1754628719000,1.3739,1.37391,1.37389,1.3739,37800000,1
1754628720000,1754628779000,1.3739,1.37397,1.3739,1.37396,47250000,1
1754628780000,1754628839000,1.37396,1.37397,1.37389,1.37391,45450000,1
1754628840000,1754628899000,1.37391,1.37393,1.37391,1.37392,24150000,1
1754628900000,1754628959000,1.37393,1.37401,1.37392,1.37401,28800000,1
1754628960000,1754629019000,1.374,1.37406,1.374,1.37406,45180000,1
1754629020000,1754629079000,1.37407,1.37409,1.37399,1.37401,109050000,1
1754629080000,1754629139000,1.37402,1.37404,1.37401,1.37404,28620000,1
1754629140000,1754629199000,1.37405,1.37407,1.37401,1.37406,30480000,1
1754629200000,1754629259000,1.37406,1.37407,1.37402,1.37404,105480000,1
1754629260000,1754629319000,1.37405,1.37405,1.37399,1.374,122910000,1
1754629320000,1754629379000,1.37399,1.37406,1.37395,1.37405,98700000,1
1754629380000,1754629439000,1.37404,1.37407,1.37404,1.37407,54300000,1
1754629440000,1754629499000,1.37407,1.37409,1.37406,1.37408,31200000,1
1754629500000,1754629559000,1.37408,1.37408,1.37402,1.37406,60270000,1
1754629560000,1754629619000,1.37404,1.37405,1.37401,1.37402,54390000,1
1754629620000,1754629679000,1.37403,1.37403,1.37397,1.37397,42390000,1
1754629680000,1754629739000,1.37398,1.37405,1.37397,1.37405,38070000,1
1754629740000,1754629799000,1.37403,1.37406,1.37402,1.37405,78870000,1
1754629800000,1754629859000,1.37405,1.37405,1.37402,1.37402,27780000,1
1754629860000,1754629919000,1.37402,1.37404,1.37402,1.37404,31980000,1
1754629920000,1754629979000,1.37404,1.37416,1.37403,1.37411,81420000,1
1754629980000,1754630039000,1.37411,1.37433,1.37411,1.37428,104580000,1
1754630040000,1754630099000,1.37428,1.37449,1.37428,1.37448,56250000,1
1754630100000,1754630159000,1.37447,1.37447,1.37438,1.37445,90930000,1
1754630160000,1754630219000,1.37447,1.37455,1.37446,1.37453,146010000,1
1754630220000,1754630279000,1.37453,1.37456,1.37453,1.37454,69750000,1
1754630280000,1754630339000,1.37453,1.37465,1.3745,1.37455,83580000,1
1754630340000,1754630399000,1.37455,1.37457,1.37452,1.37456,51420000,1
1754630400000,1754630459000,1.37454,1.37465,1.37452,1.37452,103590000,1
1754630460000,1754630519000,1.37452,1.37461,1.37451,1.37458,68250000,1
1754630520000,1754630579000,1.37459,1.3746,1.37451,1.37451,76650000,1
1754630580000,1754630639000,1.37451,1.37453,1.3745,1.37451,29100000,1
1754630640000,1754630699000,1.37451,1.37453,1.37447,1.37451,65250000,1
1754630700000,1754630759000,1.37453,1.37454,1.37452,1.37452,21450000,1
1754630760000,1754630819000,1.37454,1.37466,1.37454,1.37463,106200000,1
1754630820000,1754630879000,1.37464,1.37465,1.37463,1.37463,62400000,1
1754630880000,1754630939000,1.37463,1.37472,1.37463,1.37465,117690000,1
1754630940000,1754630999000,1.37464,1.37471,1.37464,1.37468,147930000,1
1754631000000,1754631059000,1.37468,1.37468,1.37461,1.37463,63030000,1
1754631060000,1754631119000,1.37462,1.37463,1.37458,1.37462,25440000,1
1754631120000,1754631179000,1.37461,1.37463,1.37459,1.37463,30930000,1
1754631180000,1754631239000,1.37463,1.37482,1.37463,1.37479,72210000,1
1754631240000,1754631299000,1.37482,1.37486,1.3748,1.37483,69900000,1
1754631300000,1754631359000,1.37485,1.37485,1.37475,1.37475,90900000,1
1754631360000,1754631419000,1.37476,1.37476,1.37463,1.37464,57750000,1
1754631420000,1754631479000,1.37465,1.37467,1.37457,1.37458,97410000,1
1754631480000,1754631539000,1.37457,1.37464,1.37455,1.37459,93750000,1
1754631540000,1754631599000,1.3746,1.37463,1.3746,1.37462,33840000,1
1754631600000,1754631659000,1.37463,1.37467,1.37462,1.37464,55230000,1
1754631660000,1754631719000,1.37464,1.37469,1.37461,1.37461,51840000,1
1754631720000,1754631779000,1.3746,1.37466,1.3746,1.37464,95490000,1
1754631780000,1754631839000,1.37462,1.3747,1.3746,1.37467,78000000,1
1754631840000,1754631899000,1.37468,1.37472,1.37465,1.37472,27660000,1
1754631900000,1754631959000,1.3747,1.3747,1.37462,1.37462,70740000,1
1754631960000,1754632019000,1.37462,1.37462,1.37455,1.37455,20730000,1
1754632020000,1754632079000,1.37455,1.37463,1.37455,1.37462,44760000,1
1754632080000,1754632139000,1.37463,1.37465,1.3746,1.37461,55470000,1
1754632140000,1754632199000,1.37462,1.37481,1.37461,1.37481,86190000,1
1754632200000,1754632259000,1.3748,1.3748,1.37461,1.37461,45030000,1
1754632260000,1754632319000,1.37462,1.37466,1.37461,1.37461,26460000,1
1754632320000,1754632379000,1.37461,1.37464,1.3746,1.37463,18060000,1
1754632380000,1754632439000,1.37461,1.37465,1.37461,1.37461,23250000,1
1754632440000,1754632499000,1.37462,1.37463,1.37457,1.37463,19560000,1
1754632500000,1754632559000,1.37464,1.37471,1.37461,1.37463,77820000,1
1754632560000,1754632619000,1.37463,1.37476,1.37462,1.37476,75750000,1
1754632620000,1754632679000,1.37476,1.37476,1.37469,1.37471,84990000,1
1754632680000,1754632739000,1.37471,1.3749,1.3747,1.37483,171000000,1
1754632740000,1754632799000,1.37483,1.37484,1.3748,1.3748,70020000,1
1754632800000,1754632859000,1.37482,1.37483,1.37464,1.37464,71430000,1
1754632860000,1754632919000,1.37465,1.37465,1.37457,1.37457,37230000,1
1754632920000,1754632979000,1.37458,1.37464,1.37456,1.37456,153090000,1
1754632980000,1754633039000,1.37456,1.37458,1.37454,1.37455,113070000,1
1754633040000,1754633099000,1.37455,1.37466,1.37454,1.37454,84840000,1
1754633100000,1754633159000,1.37455,1.37457,1.37424,1.37427,87900000,1
1754633160000,1754633219000,1.37426,1.37427,1.37408,1.37426,75720000,1
1754633220000,1754633279000,1.37426,1.3744,1.37426,1.37439,163890000,1
1754633280000,1754633339000,1.37439,1.37447,1.37438,1.37446,47550000,1
1754633340000,1754633399000,1.37445,1.37445,1.37428,1.37429,81090000,1
1754633400000,1754633459000,1.37429,1.37436,1.37428,1.37431,42150000,1
1754633460000,1754633519000,1.3743,1.37435,1.37429,1.37431,61350000,1
1754633520000,1754633579000,1.37431,1.37435,1.37425,1.37426,46050000,1
1754633580000,1754633639000,1.37426,1.3743,1.37425,1.37426,45750000,1
1754633640000,1754633699000,1.37425,1.37426,1.37415,1.37416,54300000,1
1754633700000,1754633759000,1.37416,1.37417,1.37409,1.3741,60960000,1
1754633760000,1754633819000,1.3741,1.3741,1.37406,1.37407,16650000,1
1754633820000,1754633879000,1.37408,1.37409,1.37405,1.37406,32940000,1
1754633880000,1754633939000,1.37407,1.3741,1.37399,1.37399,43350000,1
1754633940000,1754633999000,1.37399,1.374,1.37399,1.374,3600000,1
1754634000000,1754634059000,1.374,1.3741,1.374,1.3741,28320000,1
1754634060000,1754634119000,1.3741,1.37415,1.37408,1.3741,24000000,1
1754634120000,1754634179000,1.37409,1.37414,1.37408,1.37414,33420000,1
1754634180000,1754634239000,1.37413,1.37415,1.37406,1.37407,24000000,1
1754634240000,1754634299000,1.3741,1.37415,1.37408,1.37413,44550000,1
1754634300000,1754634359000,1.37413,1.37415,1.37408,1.37412,73680000,1
1754634360000,1754634419000,1.37414,1.3743,1.37414,1.37428,86670000,1
1754634420000,1754634479000,1.37428,1.37429,1.37406,1.37407,97680000,1
1754634480000,1754634539000,1.37408,1.37414,1.37408,1.37409,65250000,1
1754634540000,1754634599000,1.37409,1.37425,1.37409,1.37424,68190000,1
1754634600000,1754634659000,1.37426,1.37431,1.37426,1.37426,81780000,1
1754634660000,1754634719000,1.37425,1.37426,1.37423,1.37425,62550000,1
1754634720000,1754634779000,1.37426,1.37427,1.37414,1.37416,114240000,1
1754634780000,1754634839000,1.37417,1.37427,1.37417,1.37423,61290000,1
1754634840000,1754634899000,1.37424,1.37427,1.37418,1.37419,69750000,1
1754634900000,1754634959000,1.3742,1.37437,1.3742,1.37432,115380000,1
1754634960000,1754635019000,1.37434,1.37436,1.37434,1.37436,52230000,1
1754635020000,1754635079000,1.37436,1.37438,1.37425,1.37426,79770000,1
1754635080000,1754635139000,1.37427,1.37433,1.37426,1.37427,68040000,1
1754635140000,1754635199000,1.37428,1.37439,1.37428,1.37437,70140000,1
1754635200000,1754635259000,1.37436,1.37438,1.37433,1.37433,162120000,1
1754635260000,1754635319000,1.37433,1.37438,1.37432,1.37436,73110000,1
1754635320000,1754635379000,1.37437,1.37438,1.37434,1.37434,52290000,1
1754635380000,1754635439000,1.37435,1.37435,1.37424,1.37424,68100000,1
1754635440000,1754635499000,1.37425,1.3743,1.37425,1.37428,35250000,1
1754635500000,1754635559000,1.37427,1.37432,1.37426,1.37428,92070000,1
1754635560000,1754635619000,1.37427,1.37429,1.37418,1.3742,60810000,1
1754635620000,1754635679000,1.37419,1.37421,1.37416,1.37416,59760000,1
1754635680000,1754635739000,1.37416,1.37425,1.37414,1.37425,36870000,1
1754635740000,1754635799000,1.37424,1.37428,1.37418,1.37423,89550000,1
1754635800000,1754635859000,1.37424,1.37432,1.37422,1.37427,89550000,1
1754635860000,1754635919000,1.37426,1.37427,1.37416,1.37417,39300000,1
1754635920000,1754635979000,1.37417,1.37419,1.37414,1.37416,27900000,1
1754635980000,1754636039000,1.37415,1.37416,1.37409,1.37416,67200000,1
1754636040000,1754636099000,1.37415,1.37417,1.37413,1.37415,55050000,1
1754636100000,1754636159000,1.37416,1.37416,1.37406,1.37406,62250000,1
1754636160000,1754636219000,1.37405,1.3741,1.374,1.37407,58350000,1
1754636220000,1754636279000,1.37408,1.37421,1.37407,1.37421,53100000,1
1754636280000,1754636339000,1.37419,1.37423,1.37415,1.3742,129600000,1
1754636340000,1754636399000,1.3742,1.37422,1.3741,1.37422,88590000,1
1754636400000,1754636459000,1.3742,1.37428,1.37409,1.37421,163410000,1
1754636460000,1754636519000,1.37419,1.3742,1.37415,1.37416,62700000,1
1754636520000,1754636579000,1.37415,1.37416,1.37399,1.374,113400000,1
1754636580000,1754636639000,1.37401,1.37402,1.37395,1.37396,121710000,1
1754636640000,1754636699000,1.37397,1.37397,1.37377,1.37381,176220000,1
1754636700000,1754636759000,1.37379,1.37382,1.37364,1.37365,157980000,1
1754636760000,1754636819000,1.37364,1.37369,1.37364,1.37367,84000000,1
1754636820000,1754636879000,1.37366,1.37366,1.37351,1.37356,103050000,1
1754636880000,1754636939000,1.37358,1.37362,1.37356,1.37359,123750000,1
1754636940000,1754636999000,1.3736,1.37373,1.37358,1.3736,202800000,1
1754637000000,1754637059000,1.3736,1.37387,1.3736,1.37383,134400000,1
1754637060000,1754637119000,1.37383,1.37388,1.3738,1.37381,100650000,1
1754637120000,1754637179000,1.37381,1.37386,1.37374,1.37374,126300000,1
1754637180000,1754637239000,1.37374,1.37374,1.37358,1.37359,124800000,1
1754637240000,1754637299000,1.37358,1.37361,1.37354,1.37355,149400000,1
1754637300000,1754637359000,1.37357,1.37369,1.37355,1.37369,170310000,1
1754637360000,1754637419000,1.37368,1.37369,1.37364,1.37368,86370000,1
1754637420000,1754637479000,1.37368,1.3737,1.37356,1.3736,124290000,1
1754637480000,1754637539000,1.3736,1.3736,1.37347,1.37349,148530000,1
1754637540000,1754637599000,1.37349,1.37358,1.37347,1.37357,111870000,1
1754637600000,1754637659000,1.37358,1.37358,1.37348,1.37348,135120000,1
1754637660000,1754637719000,1.37349,1.37352,1.37348,1.37349,79800000,1
1754637720000,1754637779000,1.37349,1.37351,1.3734,1.3734,57000000,1
1754637780000,1754637839000,1.37342,1.37345,1.37338,1.37338,109470000,1
1754637840000,1754637899000,1.37338,1.3735,1.37338,1.3735,31920000,1
1754637900000,1754637959000,1.37348,1.37348,1.37338,1.3734,38610000,1
1754637960000,1754638019000,1.3734,1.37342,1.3733,1.3733,126720000,1
1754638020000,1754638079000,1.37329,1.37329,1.37318,1.37321,195120000,1
1754638080000,1754638139000,1.37321,1.37328,1.37319,1.37322,144370000,1
1754638140000,1754638199000,1.37326,1.37332,1.37322,1.3733,87960000,1
1754638200000,1754638259000,1.3733,1.37331,1.37321,1.37324,130350000,1
1754638260000,1754638319000,1.37321,1.3733,1.37317,1.37328,96810000,1
1754638320000,1754638379000,1.37329,1.3733,1.37311,1.37311,88440000,1
1754638380000,1754638439000,1.37312,1.37312,1.37296,1.37297,96900000,1
1754638440000,1754638499000,1.37295,1.37304,1.37295,1.37301,144390000,1
1754638500000,1754638559000,1.37302,1.37315,1.37301,1.37315,72960000,1
1754638560000,1754638619000,1.37315,1.37321,1.37309,1.37312,110790000,1
1754638620000,1754638679000,1.37312,1.37312,1.37295,1.37295,83790000,1
1754638680000,1754638739000,1.37295,1.37301,1.37288,1.37295,85230000,1
1754638740000,1754638799000,1.37295,1.37302,1.37294,1.37297,76650000,1
1754638800000,1754638859000,1.37296,1.373,1.37291,1.37296,130950000,1
1754638860000,1754638919000,1.37297,1.37297,1.37284,1.37284,78210000,1
1754638920000,1754638979000,1.37284,1.37294,1.37284,1.37292,78690000,1
1754638980000,1754639039000,1.37291,1.37312,1.37291,1.37304,103650000,1
1754639040000,1754639099000,1.37306,1.37322,1.37306,1.37321,117600000,1
1754639100000,1754639159000,1.37322,1.37327,1.3732,1.37322,132780000,1
1754639160000,1754639219000,1.37321,1.37335,1.37321,1.37331,55650000,1
1754639220000,1754639279000,1.37332,1.37345,1.37331,1.37343,91050000,1
1754639280000,1754639339000,1.37343,1.3735,1.37331,1.37337,103950000,1
1754639340000,1754639399000,1.37337,1.37343,1.37324,1.37343,118380000,1
1754639400000,1754639459000,1.37343,1.37346,1.37329,1.37331,146640000,1
1754639460000,1754639519000,1.37331,1.3734,1.37331,1.3734,72570000,1
1754639520000,1754639579000,1.3734,1.37341,1.37339,1.37341,35130000,1
1754639580000,1754639639000,1.37341,1.37342,1.37327,1.37327,61050000,1
1754639640000,1754639699000,1.37327,1.37331,1.3732,1.37322,52050000,1
1754639700000,1754639759000,1.37325,1.37333,1.37322,1.37327,35820000,1
1754639760000,1754639819000,1.37327,1.37331,1.37323,1.37324,30300000,1
1754639820000,1754639879000,1.37323,1.37341,1.37323,1.37333,105090000,1
1754639880000,1754639939000,1.37331,1.37334,1.37325,1.37325,73050000,1
1754639940000,1754639999000,1.37326,1.37328,1.37322,1.37323,94380000,1
1754640000000,1754640059000,1.37323,1.37323,1.37305,1.37312,114150000,1
1754640060000,1754640119000,1.37311,1.37323,1.3731,1.37312,127860000,1
1754640120000,1754640179000,1.3731,1.3731,1.37301,1.37301,119550000,1
1754640180000,1754640239000,1.37301,1.37311,1.37299,1.3731,91800000,1
1754640240000,1754640299000,1.37311,1.3732,1.3731,1.37313,114780000,1
1754640300000,1754640359000,1.37313,1.37313,1.37308,1.3731,59400000,1
1754640360000,1754640419000,1.37309,1.37313,1.37298,1.37301,96000000,1
1754640420000,1754640479000,1.373,1.37302,1.37299,1.373,60300000,1
1754640480000,1754640539000,1.37301,1.37301,1.37286,1.37286,68850000,1
1754640540000,1754640599000,1.37288,1.37292,1.37283,1.37286,50160000,1
1754640600000,1754640659000,1.37285,1.37291,1.37284,1.37284,28200000,1
1754640660000,1754640719000,1.37285,1.37291,1.37269,1.37272,124200000,1
1754640720000,1754640779000,1.37273,1.3728,1.37272,1.37273,108300000,1
1754640780000,1754640839000,1.37272,1.37277,1.37272,1.37276,56220000,1
1754640840000,1754640899000,1.37279,1.37279,1.37272,1.37274,79530000,1
1754640900000,1754640959000,1.37274,1.37286,1.37274,1.37286,22200000,1
1754640960000,1754641019000,1.37286,1.37287,1.37276,1.37276,25050000,1
1754641020000,1754641079000,1.37279,1.37289,1.37276,1.37287,17250000,1
1754641080000,1754641139000,1.37285,1.37288,1.37274,1.37286,76530000,1
1754641140000,1754641199000,1.37285,1.37286,1.37284,1.37284,28800000,1
1754641200000,1754641259000,1.37283,1.37284,1.37276,1.37278,19500000,1
1754641260000,1754641319000,1.37277,1.37284,1.37274,1.3728,20250000,1
1754641320000,1754641379000,1.37281,1.37286,1.37276,1.37276,47190000,1
1754641380000,1754641439000,1.3728,1.37285,1.37276,1.37284,35850000,1
1754641440000,1754641499000,1.37284,1.37293,1.37284,1.37288,27000000,1
1754641500000,1754641559000,1.37288,1.37299,1.37288,1.37293,21450000,1
1754641560000,1754641619000,1.37294,1.37298,1.37293,1.37293,13740000,1
1754641620000,1754641679000,1.37291,1.373,1.37291,1.37291,78090000,1
1754641680000,1754641739000,1.37291,1.37305,1.37291,1.37295,88950000,1
1754641740000,1754641799000,1.37294,1.37303,1.37294,1.37299,22200000,1
1754641800000,1754641859000,1.37299,1.37316,1.37299,1.37314,42780000,1
1754641860000,1754641919000,1.37318,1.37323,1.37316,1.37322,44400000,1
1754641920000,1754641979000,1.37321,1.37325,1.37321,1.37322,12210000,1
1754641980000,1754642039000,1.37321,1.37334,1.37321,1.37331,24150000,1
1754642040000,1754642099000,1.37331,1.37334,1.37331,1.37331,16800000,1
1754642100000,1754642159000,1.37334,1.37344,1.37334,1.37335,47220000,1
1754642160000,1754642219000,1.37335,1.37335,1.3733,1.37333,19200000,1
1754642220000,1754642279000,1.37333,1.37333,1.37327,1.37329,14250000,1
1754642280000,1754642339000,1.37329,1.37333,1.37329,1.37329,10350000,1
1754642340000,1754642399000,1.3733,1.37334,1.37327,1.37327,43020000,1
1754642400000,1754642459000,1.37328,1.37337,1.37328,1.37335,47850000,1
1754642460000,1754642519000,1.37336,1.37339,1.37332,1.37333,28890000,1
1754642520000,1754642579000,1.37334,1.37342,1.37329,1.37334,41250000,1
1754642580000,1754642639000,1.37334,1.37341,1.37331,1.3734,28500000,1
1754642640000,1754642699000,1.3734,1.37341,1.37333,1.37334,19500000,1
1754642700000,1754642759000,1.37333,1.37338,1.37329,1.3733,91950000,1
1754642760000,1754642819000,1.37329,1.37341,1.37329,1.37341,180150000,1
1754642820000,1754642879000,1.37344,1.37348,1.3734,1.37347,148050000,1
1754642880000,1754642939000,1.37347,1.3736,1.37347,1.37358,205860000,1
1754642940000,1754642999000,1.37359,1.37373,1.37358,1.37371,144000000,1
1754643000000,1754643059000,1.37372,1.37387,1.37367,1.37367,164700000,1
1754643060000,1754643119000,1.37367,1.37377,1.37366,1.37367,131400000,1
1754643120000,1754643179000,1.37367,1.37367,1.37357,1.37359,89850000,1
1754643180000,1754643239000,1.3736,1.3736,1.37354,1.37358,54450000,1
1754643240000,1754643299000,1.37357,1.37374,1.37357,1.37367,85200000,1
1754643300000,1754643359000,1.37371,1.37373,1.37356,1.37356,92850000,1
1754643360000,1754643419000,1.37355,1.37356,1.37348,1.37356,96750000,1
1754643420000,1754643479000,1.37357,1.37373,1.37357,1.37367,136050000,1
1754643480000,1754643539000,1.37367,1.37373,1.37365,1.37369,202050000,1
1754643540000,1754643599000,1.37367,1.3737,1.37356,1.37358,136980000,1
1754643600000,1754643659000,1.37357,1.37357,1.37348,1.37348,61890000,1
1754643660000,1754643719000,1.37348,1.37349,1.37338,1.37346,101400000,1
1754643720000,1754643779000,1.37345,1.37346,1.37326,1.37326,82050000,1
1754643780000,1754643839000,1.37327,1.37328,1.37316,1.37317,84600000,1
1754643840000,1754643899000,1.37318,1.37322,1.37313,1.37316,64740000,1
1754643900000,1754643959000,1.37316,1.37324,1.37314,1.37322,44100000,1
1754643960000,1754644019000,1.37322,1.37324,1.37318,1.37324,62100000,1
1754644020000,1754644079000,1.37323,1.37338,1.37321,1.37322,150900000,1
1754644080000,1754644139000,1.37321,1.37342,1.37321,1.37336,113550000,1
1754644140000,1754644199000,1.37337,1.37347,1.37336,1.37347,80850000,1
1754644200000,1754644259000,1.37346,1.37354,1.3734,1.37341,109200000,1
1754644260000,1754644319000,1.37341,1.37346,1.37338,1.37345,48750000,1
1754644320000,1754644379000,1.37345,1.37346,1.37331,1.37331,72300000,1
1754644380000,1754644439000,1.37331,1.37331,1.37329,1.37329,52650000,1
1754644440000,1754644499000,1.37329,1.37339,1.37329,1.37338,78690000,1
1754644500000,1754644559000,1.3734,1.37345,1.37336,1.37336,106650000,1
1754644560000,1754644619000,1.37337,1.37346,1.37336,1.37346,84750000,1
1754644620000,1754644679000,1.37347,1.37354,1.37343,1.37347,89370000,1
1754644680000,1754644739000,1.37347,1.37348,1.37337,1.37338,100200000,1
1754644740000,1754644799000,1.37336,1.37348,1.37335,1.37342,85500000,1
1754644800000,1754644859000,1.37344,1.3735,1.37343,1.37347,181950000,1
1754644860000,1754644919000,1.37346,1.37349,1.37338,1.37345,94950000,1
1754644920000,1754644979000,1.37345,1.37355,1.37345,1.37349,107400000,1
1754644980000,1754645039000,1.37349,1.37349,1.37335,1.37338,135300000,1
1754645040000,1754645099000,1.37339,1.37349,1.37338,1.37348,108300000,1
1754645100000,1754645159000,1.37348,1.37349,1.37336,1.37339,126750000,1
1754645160000,1754645219000,1.3734,1.37341,1.37331,1.37332,80550000,1
1754645220000,1754645279000,1.37332,1.37332,1.37329,1.37331,39150000,1
1754645280000,1754645339000,1.37329,1.37342,1.37329,1.37341,83100000,1
1754645340000,1754645399000,1.37342,1.37353,1.3734,1.37352,76500000,1
1754645400000,1754645459000,1.37355,1.37358,1.3734,1.3734,160350000,1
1754645460000,1754645519000,1.37338,1.37339,1.37333,1.37333,70800000,1
1754645520000,1754645579000,1.37334,1.37334,1.37319,1.37319,86400000,1
1754645580000,1754645639000,1.3732,1.3732,1.37312,1.37315,109950000,1
1754645640000,1754645699000,1.37314,1.37325,1.37314,1.37321,98700000,1
1754645700000,1754645759000,1.37322,1.37322,1.37319,1.37319,30420000,1
1754645760000,1754645819000,1.37319,1.3732,1.37311,1.37318,64080000,1
1754645820000,1754645879000,1.37319,1.37319,1.37299,1.37306,109290000,1
1754645880000,1754645939000,1.37306,1.37306,1.37297,1.37301,91620000,1
1754645940000,1754645999000,1.37301,1.3731,1.37297,1.3731,130650000,1
1754646000000,1754646059000,1.37308,1.37308,1.37297,1.37302,73350000,1
1754646060000,1754646119000,1.37302,1.37304,1.37299,1.37299,22500000,1
1754646120000,1754646179000,1.37301,1.3731,1.373,1.37305,79350000,1
1754646180000,1754646239000,1.37306,1.37306,1.37289,1.373,91050000,1
1754646240000,1754646299000,1.373,1.37305,1.37299,1.37301,103650000,1
1754646300000,1754646359000,1.37302,1.37302,1.37297,1.37299,97590000,1
1754646360000,1754646419000,1.37299,1.37304,1.37299,1.37301,51570000,1
1754646420000,1754646479000,1.37299,1.37305,1.37299,1.37302,55500000,1
1754646480000,1754646539000,1.37302,1.37303,1.37293,1.37293,77700000,1
1754646540000,1754646599000,1.37293,1.37298,1.37292,1.37294,88200000,1
1754646600000,1754646659000,1.37295,1.37296,1.37281,1.37288,64050000,1
1754646660000,1754646719000,1.37291,1.37291,1.3728,1.3728,104100000,1
1754646720000,1754646779000,1.3728,1.37289,1.37275,1.37288,75000000,1
1754646780000,1754646839000,1.37288,1.37293,1.37288,1.37292,54150000,1
1754646840000,1754646899000,1.37292,1.37313,1.37292,1.37292,107400000,1
1754646900000,1754646959000,1.37293,1.37302,1.37293,1.37302,118020000,1
1754646960000,1754647019000,1.37301,1.37301,1.37282,1.37282,134520000,1
1754647020000,1754647079000,1.37281,1.37283,1.37268,1.3728,118740000,1
1754647080000,1754647139000,1.3728,1.37301,1.3728,1.3729,151770000,1
1754647140000,1754647199000,1.3729,1.3729,1.3728,1.3728,121620000,1
1754647200000,1754647259000,1.3728,1.37284,1.37278,1.3728,48450000,1
1754647260000,1754647319000,1.3728,1.37283,1.37256,1.37258,113040000,1
1754647320000,1754647379000,1.37258,1.3727,1.37256,1.37257,138930000,1
1754647380000,1754647439000,1.37258,1.37272,1.37258,1.37265,136140000,1
1754647440000,1754647499000,1.37266,1.37271,1.3726,1.37261,109230000,1
1754647500000,1754647559000,1.37259,1.37259,1.37253,1.37256,93390000,1
1754647560000,1754647619000,1.37255,1.37263,1.37254,1.37263,59280000,1
1754647620000,1754647679000,1.37265,1.37265,1.37259,1.37261,91650000,1
1754647680000,1754647739000,1.37263,1.3727,1.37263,1.37269,88050000,1
1754647740000,1754647799000,1.37271,1.3728,1.37271,1.37272,53130000,1
1754647800000,1754647859000,1.37271,1.3728,1.37271,1.37274,52230000,1
1754647860000,1754647919000,1.37272,1.3728,1.37272,1.37275,20640000,1
1754647920000,1754647979000,1.37276,1.37279,1.37275,1.37275,17940000,1
1754647980000,1754648039000,1.37274,1.37285,1.37269,1.37285,51900000,1
1754648040000,1754648099000,1.37283,1.37286,1.37281,1.37284,60120000,1
1754648100000,1754648159000,1.37284,1.37285,1.37282,1.37285,42060000,1
1754648160000,1754648219000,1.37285,1.37289,1.37283,1.37287,57540000,1
1754648220000,1754648279000,1.37288,1.37291,1.37284,1.37284,33570000,1
1754648280000,1754648339000,1.37285,1.3729,1.37282,1.37283,105540000,1
1754648340000,1754648399000,1.37283,1.37284,1.37279,1.37284,64740000,1
1754648400000,1754648459000,1.37282,1.37292,1.37282,1.37291,55470000,1
1754648460000,1754648519000,1.37291,1.37292,1.37291,1.37291,15600000,1
1754648520000,1754648579000,1.37291,1.373,1.37291,1.37296,118440000,1
1754648580000,1754648639000,1.37296,1.37307,1.37295,1.37305,125490000,1
1754648640000,1754648699000,1.37305,1.37307,1.37302,1.37302,47400000,1
1754648700000,1754648759000,1.37301,1.37302,1.373,1.37301,39960000,1
1754648760000,1754648819000,1.37302,1.37302,1.37294,1.37295,112980000,1
1754648820000,1754648879000,1.37297,1.373,1.37296,1.37298,50040000,1
1754648880000,1754648939000,1.37297,1.37303,1.37296,1.37302,64890000,1
1754648940000,1754648999000,1.37306,1.37311,1.37302,1.37307,82950000,1
1754649000000,1754649059000,1.37306,1.37309,1.37298,1.37298,83910000,1
1754649060000,1754649119000,1.37299,1.37303,1.37299,1.37302,48690000,1
1754649120000,1754649179000,1.37302,1.37308,1.37302,1.37305,61050000,1
1754649180000,1754649239000,1.37306,1.37307,1.37296,1.37298,99660000,1
1754649240000,1754649299000,1.37299,1.37302,1.37298,1.373,66750000,1
1754649300000,1754649359000,1.373,1.373,1.37293,1.37298,128310000,1
1754649360000,1754649419000,1.37298,1.37307,1.37298,1.37306,56100000,1
1754649420000,1754649479000,1.37306,1.3731,1.37305,1.37307,107010000,1
1754649480000,1754649539000,1.37308,1.37313,1.37298,1.373,87420000,1
1754649540000,1754649599000,1.373,1.37301,1.37298,1.37298,81300000,1
1754649600000,1754649659000,1.373,1.37303,1.373,1.37301,47100000,1
1754649660000,1754649719000,1.37301,1.37311,1.373,1.3731,43500000,1
1754649720000,1754649779000,1.3731,1.37312,1.37309,1.37312,23400000,1
1754649780000,1754649839000,1.37313,1.37322,1.37313,1.37321,9300000,1
1754649840000,1754649899000,1.3732,1.37325,1.37318,1.37319,59400000,1
1754649900000,1754649959000,1.37319,1.37319,1.37314,1.37318,81000000,1
1754649960000,1754650019000,1.37318,1.37318,1.3731,1.3731,32250000,1
1754650020000,1754650079000,1.3731,1.37311,1.37307,1.3731,78810000,1
1754650080000,1754650139000,1.3731,1.37317,1.3731,1.37315,39000000,1
1754650140000,1754650199000,1.37315,1.37315,1.37311,1.37313,39750000,1
1754650200000,1754650259000,1.37313,1.37322,1.37312,1.37312,72360000,1
1754650260000,1754650319000,1.37311,1.37311,1.37304,1.37307,31620000,1
1754650320000,1754650379000,1.37307,1.37311,1.37296,1.37296,35580000,1
1754650380000,1754650439000,1.37296,1.37305,1.37296,1.37302,73350000,1
1754650440000,1754650499000,1.37302,1.37304,1.37294,1.37294,115830000,1
1754650500000,1754650559000,1.37294,1.373,1.37294,1.37297,63600000,1
1754650560000,1754650619000,1.37298,1.37306,1.37298,1.37304,79950000,1
1754650620000,1754650679000,1.37306,1.37306,1.37283,1.3729,113220000,1
1754650680000,1754650739000,1.37291,1.37298,1.37285,1.37285,108450000,1
1754650740000,1754650799000,1.37285,1.3729,1.37282,1.37283,118140000,1
1754650800000,1754650859000,1.37282,1.37284,1.37272,1.37281,105510000,1
1754650860000,1754650919000,1.37281,1.37282,1.37281,1.37281,24480000,1
1754650920000,1754650979000,1.37281,1.37286,1.37281,1.37284,31650000,1
1754650980000,1754651039000,1.37286,1.37286,1.37275,1.3728,39300000,1
1754651040000,1754651099000,1.37281,1.37283,1.37277,1.37282,69150000,1
1754651100000,1754651159000,1.37283,1.37286,1.37282,1.37286,12090000,1
1754651160000,1754651219000,1.37286,1.3729,1.37285,1.3729,33990000,1
1754651220000,1754651279000,1.3729,1.37296,1.37288,1.37292,76500000,1
1754651280000,1754651339000,1.37291,1.37299,1.3729,1.37294,55560000,1
1754651340000,1754651399000,1.37295,1.37295,1.37288,1.37291,50190000,1
1754651400000,1754651459000,1.3729,1.37291,1.3728,1.37282,90840000,1
1754651460000,1754651519000,1.37282,1.37295,1.3728,1.37293,63810000,1
1754651520000,1754651579000,1.37295,1.37295,1.37293,1.37294,25800000,1
1754651580000,1754651639000,1.37294,1.37298,1.37294,1.37295,33300000,1
1754651640000,1754651699000,1.37294,1.37294,1.37283,1.37283,68100000,1
1754651700000,1754651759000,1.37283,1.37289,1.37283,1.37284,30870000,1
1754651760000,1754651819000,1.37283,1.37283,1.37274,1.37279,65730000,1
1754651820000,1754651879000,1.3728,1.37287,1.3728,1.37282,61650000,1
1754651880000,1754651939000,1.37284,1.37285,1.37283,1.37284,19890000,1
1754651940000,1754651999000,1.37283,1.37283,1.37274,1.37274,81300000,1
1754652000000,1754652059000,1.37275,1.37282,1.37274,1.37277,82800000,1
1754652060000,1754652119000,1.37278,1.37283,1.37277,1.37282,55650000,1
1754652120000,1754652179000,1.37282,1.37285,1.37281,1.37283,39180000,1
1754652180000,1754652239000,1.37284,1.37298,1.37284,1.37292,81780000,1
1754652240000,1754652299000,1.37293,1.37302,1.37292,1.373,78000000,1
1754652300000,1754652359000,1.373,1.37304,1.37299,1.37303,43530000,1
1754652360000,1754652419000,1.37304,1.37319,1.37304,1.37314,26640000,1
1754652420000,1754652479000,1.37314,1.37314,1.37309,1.37314,33150000,1
1754652480000,1754652539000,1.37313,1.37319,1.3731,1.37318,60900000,1
1754652540000,1754652599000,1.37318,1.3732,1.37312,1.37312,46950000,1
1754652600000,1754652659000,1.37313,1.37315,1.37304,1.3731,60210000,1
1754652660000,1754652719000,1.3731,1.37311,1.37304,1.37305,35250000,1
1754652720000,1754652779000,1.37305,1.37309,1.37305,1.37307,55200000,1
1754652780000,1754652839000,1.37307,1.37309,1.37294,1.37295,45840000,1
1754652840000,1754652899000,1.37294,1.37294,1.37292,1.37294,18600000,1
1754652900000,1754652959000,1.37294,1.37295,1.37285,1.37287,25500000,1
1754652960000,1754653019000,1.37287,1.3729,1.37283,1.37289,53400000,1
1754653020000,1754653079000,1.37292,1.37298,1.37291,1.37295,37500000,1
1754653080000,1754653139000,1.37294,1.37302,1.37294,1.37301,18750000,1
1754653140000,1754653199000,1.37303,1.37304,1.37298,1.37299,23250000,1
1754653200000,1754653259000,1.37299,1.373,1.37299,1.37299,26400000,1
1754653260000,1754653319000,1.373,1.37305,1.37296,1.37297,28650000,1
1754653320000,1754653379000,1.37297,1.37297,1.37292,1.37296,25650000,1
1754653380000,1754653439000,1.37296,1.37296,1.37287,1.37292,41250000,1
1754653440000,1754653499000,1.37293,1.37302,1.37293,1.37302,32400000,1
1754653500000,1754653559000,1.37303,1.3731,1.37302,1.37306,34950000,1
1754653560000,1754653619000,1.37304,1.37304,1.37296,1.37296,49800000,1
1754653620000,1754653679000,1.37296,1.37302,1.37296,1.37299,33600000,1
1754653680000,1754653739000,1.37298,1.37307,1.37298,1.37305,40050000,1
1754653740000,1754653799000,1.37306,1.37306,1.37304,1.37304,9000000,1
1754653800000,1754653859000,1.37305,1.37311,1.37305,1.3731,17250000,1
1754653860000,1754653919000,1.37315,1.37315,1.37314,1.37315,6300000,1
1754653920000,1754653979000,1.37312,1.37333,1.37311,1.37332,46500000,1
1754653980000,1754654039000,1.37334,1.3737,1.37334,1.3737,77400000,1
1754654040000,1754654099000,1.37371,1.3739,1.37368,1.3739,77850000,1
1754654100000,1754654159000,1.37389,1.37389,1.37351,1.37351,46050000,1
1754654160000,1754654219000,1.37353,1.37359,1.37353,1.37358,18900000,1
1754654220000,1754654279000,1.37357,1.37379,1.37357,1.37378,57600000,1
1754654280000,1754654339000,1.37376,1.37391,1.3737,1.37387,77580000,1
1754654340000,1754654399000,1.37387,1.37388,1.37377,1.37377,59940000,1
1754654400000,1754654459000,1.37377,1.3738,1.3737,1.37378,89820000,1
1754654460000,1754654519000,1.37377,1.37387,1.37377,1.37379,33420000,1
1754654520000,1754654579000,1.37379,1.37382,1.37367,1.37378,59250000,1
1754654580000,1754654639000,1.37379,1.37383,1.3737,1.37373,24600000,1
1754654640000,1754654699000,1.37372,1.37376,1.37366,1.37371,28800000,1
1754654700000,1754654759000,1.3737,1.37372,1.37368,1.37369,10950000,1
1754654760000,1754654819000,1.37371,1.37389,1.37371,1.37387,62400000,1
1754654820000,1754654879000,1.3739,1.3739,1.37387,1.37388,44400000,1
1754654880000,1754654939000,1.37388,1.37388,1.37379,1.37379,36600000,1
1754654940000,1754654999000,1.37379,1.37389,1.37375,1.37381,59700000,1
1754655000000,1754655059000,1.3738,1.37388,1.37372,1.37382,79500000,1
1754655060000,1754655119000,1.37381,1.37388,1.37381,1.37386,43350000,1
1754655120000,1754655179000,1.37386,1.37387,1.37379,1.37386,52200000,1
1754655180000,1754655239000,1.37385,1.37396,1.37385,1.37395,48000000,1
1754655240000,1754655299000,1.37395,1.37412,1.37395,1.37409,78000000,1
1754655300000,1754655359000,1.37407,1.37428,1.37407,1.37428,70200000,1
1754655360000,1754655419000,1.37427,1.37439,1.37422,1.37427,42150000,1
1754655420000,1754655479000,1.37427,1.37431,1.37419,1.3743,64500000,1
1754655480000,1754655539000,1.3743,1.37437,1.37427,1.37434,90150000,1
1754655540000,1754655599000,1.37434,1.37443,1.37433,1.37435,69600000,1
1754655600000,1754655659000,1.37436,1.37444,1.37433,1.37441,66900000,1
1754655660000,1754655719000,1.37443,1.37443,1.37432,1.37432,73650000,1
1754655720000,1754655779000,1.37432,1.37432,1.37415,1.37417,52650000,1
1754655780000,1754655839000,1.37417,1.37421,1.37408,1.37414,40650000,1
1754655840000,1754655899000,1.37415,1.37426,1.37414,1.37422,38400000,1
1754655900000,1754655959000,1.37422,1.37436,1.37422,1.37432,49350000,1
1754655960000,1754656019000,1.37429,1.37429,1.37422,1.37425,29400000,1
1754656020000,1754656079000,1.37432,1.37445,1.37428,1.37444,22800000,1
1754656080000,1754656139000,1.37444,1.37457,1.37443,1.37451,42450000,1
1754656140000,1754656199000,1.37447,1.37447,1.37422,1.37425,87900000,1
1754656200000,1754656259000,1.37424,1.37622,1.37424,1.37509,495320000,1
1754656260000,1754656319000,1.37506,1.37551,1.37496,1.37519,250200000,1
1754656320000,1754656379000,1.3752,1.37567,1.3752,1.37559,155580000,1
1754656380000,1754656439000,1.37558,1.37569,1.37542,1.37557,123270000,1
1754656440000,1754656499000,1.37559,1.3761,1.37553,1.37592,155820000,1
1754656500000,1754656559000,1.37594,1.37599,1.37573,1.37595,220200000,1
1754656560000,1754656619000,1.37596,1.37596,1.37564,1.37564,213630000,1
1754656620000,1754656679000,1.37565,1.37565,1.37546,1.37546,175230000,1
1754656680000,1754656739000,1.37544,1.37549,1.37533,1.37536,117420000,1
1754656740000,1754656799000,1.37537,1.37565,1.37534,1.37564,111300000,1
1754656800000,1754656859000,1.37566,1.37582,1.37553,1.37565,179700000,1
1754656860000,1754656919000,1.37564,1.37573,1.37544,1.37545,174690000,1
1754656920000,1754656979000,1.37545,1.37563,1.37544,1.37563,84420000,1
1754656980000,1754657039000,1.37564,1.37572,1.37545,1.3755,125670000,1
1754657040000,1754657099000,1.3755,1.37551,1.37536,1.37545,90450000,1
1754657100000,1754657159000,1.37545,1.37545,1.37526,1.37535,168660000,1
1754657160000,1754657219000,1.37534,1.3757,1.37534,1.37566,159690000,1
1754657220000,1754657279000,1.37569,1.37572,1.37548,1.37552,63750000,1
1754657280000,1754657339000,1.37552,1.37576,1.37552,1.37563,106830000,1
1754657340000,1754657399000,1.37561,1.37563,1.37541,1.37562,135030000,1
1754657400000,1754657459000,1.37562,1.3759,1.3756,1.37588,145950000,1
1754657460000,1754657519000,1.37588,1.37613,1.37581,1.37613,145590000,1
1754657520000,1754657579000,1.37611,1.37615,1.37609,1.37612,137670000,1
1754657580000,1754657639000,1.37612,1.37621,1.37608,1.37612,81690000,1
1754657640000,1754657699000,1.37612,1.37613,1.37592,1.37592,107100000,1
1754657700000,1754657759000,1.37593,1.376,1.37582,1.37582,142830000,1
1754657760000,1754657819000,1.37582,1.37602,1.37574,1.37596,151380000,1
1754657820000,1754657879000,1.37597,1.37599,1.3759,1.3759,106800000,1
1754657880000,1754657939000,1.37591,1.37607,1.3759,1.37603,88170000,1
1754657940000,1754657999000,1.37601,1.37601,1.37572,1.37577,109350000,1
1754658000000,1754658059000,1.37577,1.37581,1.3755,1.37555,181050000,1
1754658060000,1754658119000,1.37558,1.37561,1.37543,1.37547,141600000,1
1754658120000,1754658179000,1.37546,1.37563,1.37539,1.37548,175440000,1
1754658180000,1754658239000,1.37551,1.37555,1.37551,1.37555,35850000,1
1754658240000,1754658299000,1.37556,1.37564,1.37544,1.37545,160350000,1
1754658300000,1754658359000,1.37545,1.37546,1.37542,1.37544,93750000,1
1754658360000,1754658419000,1.37543,1.37546,1.37516,1.37516,138300000,1
1754658420000,1754658479000,1.37516,1.37518,1.37503,1.37508,106230000,1
1754658480000,1754658539000,1.37508,1.37517,1.37504,1.37505,96450000,1
1754658540000,1754658599000,1.37507,1.37515,1.37485,1.37496,231930000,1
1754658600000,1754658659000,1.37495,1.37498,1.37486,1.3749,171840000,1
1754658660000,1754658719000,1.37488,1.37488,1.37469,1.3747,132420000,1
1754658720000,1754658779000,1.37471,1.37489,1.37471,1.37488,73620000,1
1754658780000,1754658839000,1.37488,1.3749,1.3748,1.3748,43470000,1
1754658840000,1754658899000,1.37479,1.37481,1.37451,1.37451,66780000,1
1754658900000,1754658959000,1.37451,1.3746,1.37449,1.37453,79470000,1
1754658960000,1754659019000,1.37453,1.37453,1.37424,1.37424,136470000,1
1754659020000,1754659079000,1.37423,1.37433,1.37422,1.37427,74700000,1
1754659080000,1754659139000,1.37428,1.37452,1.37428,1.3745,62340000,1
1754659140000,1754659199000,1.3745,1.3745,1.37441,1.3745,55080000,1
1754659200000,1754659259000,1.37448,1.37453,1.37448,1.37452,51810000,1
1754659260000,1754659319000,1.37453,1.3749,1.37451,1.37474,88230000,1
1754659320000,1754659379000,1.37473,1.3748,1.37459,1.37473,101640000,1
1754659380000,1754659439000,1.37471,1.37472,1.37439,1.37439,82740000,1
1754659440000,1754659499000,1.37441,1.37451,1.37441,1.3745,55320000,1
1754659500000,1754659559000,1.3745,1.37461,1.3745,1.37451,109980000,1
1754659560000,1754659619000,1.37452,1.37459,1.3745,1.37459,52950000,1
1754659620000,1754659679000,1.37463,1.37475,1.37463,1.37465,85980000,1
1754659680000,1754659739000,1.37464,1.37475,1.37454,1.37461,256770000,1
1754659740000,1754659799000,1.3746,1.3747,1.37459,1.37469,57600000,1
1754659800000,1754659859000,1.37469,1.37492,1.37463,1.3748,286920000,1
1754659860000,1754659919000,1.37478,1.37481,1.37469,1.37481,98400000,1
1754659920000,1754659979000,1.37482,1.37483,1.37472,1.3748,75900000,1
1754659980000,1754660039000,1.37479,1.3748,1.3746,1.37466,94980000,1
1754660040000,1754660099000,1.37466,1.37473,1.37462,1.37464,118800000,1
1754660100000,1754660159000,1.37464,1.37494,1.37464,1.37481,165120000,1
1754660160000,1754660219000,1.37483,1.37485,1.37475,1.37482,89700000,1
1754660220000,1754660279000,1.37481,1.37502,1.37477,1.37501,56820000,1
1754660280000,1754660339000,1.37501,1.37518,1.37496,1.37518,53880000,1
1754660340000,1754660399000,1.37519,1.3753,1.37512,1.37527,102210000,1
1754660400000,1754660459000,1.37527,1.37551,1.37517,1.37542,94500000,1
1754660460000,1754660519000,1.37542,1.37542,1.37528,1.37539,69600000,1
1754660520000,1754660579000,1.37541,1.37562,1.37541,1.37553,57600000,1
1754660580000,1754660639000,1.37552,1.37558,1.37546,1.37547,61050000,1
1754660640000,1754660699000,1.37543,1.37548,1.37527,1.37541,95490000,1
1754660700000,1754660759000,1.37539,1.37543,1.37535,1.37536,62610000,1
1754660760000,1754660819000,1.37536,1.3755,1.37535,1.3754,63480000,1
1754660820000,1754660879000,1.37542,1.37542,1.37527,1.37529,54000000,1
1754660880000,1754660939000,1.37527,1.37527,1.37509,1.3751,54000000,1
1754660940000,1754660999000,1.37509,1.37515,1.37481,1.37481,127950000,1
1754661000000,1754661059000,1.37481,1.37502,1.37481,1.37498,139890000,1
1754661060000,1754661119000,1.37497,1.37508,1.3749,1.37502,72000000,1
1754661120000,1754661179000,1.37504,1.3752,1.37504,1.37509,65760000,1
1754661180000,1754661239000,1.3751,1.37518,1.37501,1.37501,33150000,1
1754661240000,1754661299000,1.375,1.37506,1.37499,1.375,38400000,1
1754661300000,1754661359000,1.37498,1.37501,1.37488,1.37492,54600000,1
1754661360000,1754661419000,1.3749,1.3749,1.37478,1.37479,46980000,1
1754661420000,1754661479000,1.37479,1.37512,1.37479,1.37512,117030000,1
1754661480000,1754661539000,1.37512,1.37529,1.37508,1.3752,74490000,1
1754661540000,1754661599000,1.37522,1.37522,1.37506,1.3751,121890000,1
1754661600000,1754661659000,1.3751,1.37529,1.37487,1.37499,283710000,1
1754661660000,1754661719000,1.37498,1.3751,1.37479,1.37489,208800000,1
1754661720000,1754661779000,1.37492,1.375,1.37473,1.37473,154800000,1
1754661780000,1754661839000,1.37474,1.3748,1.37471,1.3748,100650000,1
1754661840000,1754661899000,1.37479,1.37481,1.37441,1.37451,122850000,1
1754661900000,1754661959000,1.3745,1.37491,1.37448,1.37487,154260000,1
1754661960000,1754662019000,1.37485,1.37489,1.3747,1.37481,132180000,1
1754662020000,1754662079000,1.37481,1.37499,1.3747,1.3747,82680000,1
1754662080000,1754662139000,1.37471,1.37487,1.37463,1.3748,273630000,1
1754662140000,1754662199000,1.3748,1.37507,1.37479,1.37501,246990000,1
1754662200000,1754662259000,1.37501,1.3754,1.37496,1.37536,171810000,1
1754662260000,1754662319000,1.37537,1.37547,1.37532,1.37547,117600000,1
1754662320000,1754662379000,1.37546,1.37565,1.37546,1.37565,105630000,1
1754662380000,1754662439000,1.37563,1.37564,1.37548,1.37554,107520000,1
1754662440000,1754662499000,1.37553,1.37553,1.37541,1.37543,116430000,1
1754662500000,1754662559000,1.37542,1.37556,1.37534,1.37546,121200000,1
1754662560000,1754662619000,1.37546,1.3755,1.37537,1.37545,99630000,1
1754662620000,1754662679000,1.37544,1.3756,1.37537,1.37544,65970000,1
1754662680000,1754662739000,1.37544,1.37548,1.37536,1.37547,66600000,1
1754662740000,1754662799000,1.37547,1.37547,1.37533,1.37537,79200000,1
1754662800000,1754662859000,1.37537,1.37553,1.37535,1.37541,124650000,1
1754662860000,1754662919000,1.37543,1.37549,1.37536,1.37536,56400000,1
1754662920000,1754662979000,1.37536,1.3754,1.3753,1.37533,67200000,1
1754662980000,1754663039000,1.37531,1.37536,1.37524,1.37526,84180000,1
1754663040000,1754663099000,1.37526,1.37526,1.37507,1.37507,82830000,1
1754663100000,1754663159000,1.37508,1.37524,1.37507,1.37515,169620000,1
1754663160000,1754663219000,1.37515,1.37518,1.37505,1.37508,56550000,1
1754663220000,1754663279000,1.37507,1.3753,1.37507,1.37528,101400000,1
1754663280000,1754663339000,1.37527,1.37543,1.37524,1.37541,88140000,1
1754663340000,1754663399000,1.37543,1.37546,1.37538,1.37545,119010000,1
1754663400000,1754663459000,1.37546,1.37546,1.37527,1.37528,90900000,1
1754663460000,1754663519000,1.37527,1.37558,1.37518,1.37557,193990000,1
1754663520000,1754663579000,1.37555,1.37557,1.37536,1.37546,163290000,1
1754663580000,1754663639000,1.37546,1.37555,1.37544,1.37551,70020000,1
1754663640000,1754663699000,1.3755,1.37551,1.37536,1.37543,180090000,1
1754663700000,1754663759000,1.37543,1.37554,1.37542,1.37552,94110000,1
1754663760000,1754663819000,1.37552,1.37555,1.37542,1.37544,107340000,1
1754663820000,1754663879000,1.37545,1.37545,1.37524,1.37524,149700000,1
1754663880000,1754663939000,1.37526,1.37526,1.37504,1.37506,71730000,1
1754663940000,1754663999000,1.37505,1.37531,1.37505,1.37517,112710000,1
1754664000000,1754664059000,1.37516,1.37528,1.37515,1.37522,77070000,1
1754664060000,1754664119000,1.37522,1.37541,1.37522,1.37539,80010000,1
1754664120000,1754664179000,1.37538,1.37547,1.37532,1.37544,125280000,1
1754664180000,1754664239000,1.37544,1.37546,1.37535,1.37538,109380000,1
1754664240000,1754664299000,1.37539,1.37539,1.37526,1.37527,33750000,1
1754664300000,1754664359000,1.37526,1.37527,1.37495,1.37499,70110000,1
1754664360000,1754664419000,1.37497,1.37498,1.37484,1.37498,115500000,1
1754664420000,1754664479000,1.37498,1.37506,1.37488,1.37489,43950000,1
1754664480000,1754664539000,1.37488,1.37516,1.37488,1.37511,133770000,1
1754664540000,1754664599000,1.37513,1.37528,1.3751,1.37527,108870000,1
1754664600000,1754664659000,1.37528,1.37558,1.37528,1.37552,171210000,1
1754664660000,1754664719000,1.37552,1.37558,1.37548,1.37555,62010000,1
1754664720000,1754664779000,1.37555,1.37556,1.37538,1.37546,57030000,1
1754664780000,1754664839000,1.37549,1.37558,1.37547,1.37557,21600000,1
1754664840000,1754664899000,1.37557,1.37557,1.37546,1.37547,68550000,1
1754664900000,1754664959000,1.37548,1.37555,1.37535,1.37539,148350000,1
1754664960000,1754665019000,1.37537,1.37537,1.37521,1.37525,164310000,1
1754665020000,1754665079000,1.37525,1.37533,1.37523,1.37532,173670000,1
1754665080000,1754665139000,1.37533,1.37538,1.37523,1.37533,294900000,1
1754665140000,1754665199000,1.37533,1.37545,1.37533,1.37544,209820000,1
1754665200000,1754665259000,1.37545,1.37552,1.37538,1.37538,161850000,1
1754665260000,1754665319000,1.37538,1.37544,1.37535,1.37539,114330000,1
1754665320000,1754665379000,1.37537,1.37539,1.37513,1.37519,153330000,1
1754665380000,1754665439000,1.37518,1.37528,1.37518,1.37519,81540000,1
1754665440000,1754665499000,1.37519,1.37525,1.37505,1.37508,125460000,1
1754665500000,1754665559000,1.37507,1.37513,1.37498,1.37499,82440000,1
1754665560000,1754665619000,1.37498,1.37506,1.37496,1.37506,51450000,1
1754665620000,1754665679000,1.37508,1.37517,1.37507,1.37515,63900000,1
1754665680000,1754665739000,1.37515,1.37516,1.37506,1.37506,81450000,1
1754665740000,1754665799000,1.37507,1.37509,1.37497,1.37498,84150000,1
1754665800000,1754665859000,1.37497,1.37507,1.37485,1.37486,91500000,1
1754665860000,1754665919000,1.37485,1.37507,1.37485,1.37506,76800000,1
1754665920000,1754665979000,1.37505,1.37515,1.37503,1.37505,72570000,1
1754665980000,1754666039000,1.37505,1.37506,1.37494,1.37495,39450000,1
1754666040000,1754666099000,1.37498,1.37507,1.37498,1.37498,29190000,1
1754666100000,1754666159000,1.37498,1.37506,1.37498,1.37506,27870000,1
1754666160000,1754666219000,1.37507,1.37527,1.37507,1.37518,98130000,1
1754666220000,1754666279000,1.37516,1.37521,1.37509,1.37509,57570000,1
1754666280000,1754666339000,1.37509,1.37509,1.3749,1.37497,82320000,1
1754666340000,1754666399000,1.37497,1.37497,1.37487,1.37488,34350000,1
1754666400000,1754666459000,1.37488,1.3749,1.37487,1.37487,31350000,1
1754666460000,1754666519000,1.37487,1.37488,1.37477,1.37478,35460000,1
1754666520000,1754666579000,1.37477,1.3748,1.37477,1.3748,42420000,1
1754666580000,1754666639000,1.37481,1.37488,1.37478,1.37488,34410000,1
1754666640000,1754666699000,1.37488,1.37488,1.37478,1.3748,21150000,1
1754666700000,1754666759000,1.37481,1.37482,1.37479,1.37482,14250000,1
1754666760000,1754666819000,1.37482,1.37482,1.3747,1.37479,43200000,1
1754666820000,1754666879000,1.37479,1.37483,1.37477,1.37479,51030000,1
1754666880000,1754666939000,1.37478,1.3748,1.37476,1.3748,80280000,1
1754666940000,1754666999000,1.37479,1.37481,1.37478,1.3748,61740000,1
1754667000000,1754667059000,1.3748,1.37502,1.37476,1.37496,119550000,1
1754667060000,1754667119000,1.37498,1.37498,1.37481,1.3749,46050000,1
1754667120000,1754667179000,1.37488,1.37501,1.37488,1.375,60150000,1
1754667180000,1754667239000,1.375,1.375,1.3749,1.37494,112350000,1
1754667240000,1754667299000,1.37492,1.37492,1.37472,1.37475,119400000,1
1754667300000,1754667359000,1.37473,1.37498,1.37473,1.37498,79800000,1
1754667360000,1754667419000,1.37494,1.37499,1.37492,1.37498,77400000,1
1754667420000,1754667479000,1.37498,1.37541,1.37492,1.37534,106830000,1
1754667480000,1754667539000,1.37534,1.37534,1.37524,1.37524,51750000,1
1754667540000,1754667599000,1.37522,1.37522,1.37513,1.37518,41520000,1
1754667600000,1754667659000,1.37517,1.37522,1.3751,1.37516,71070000,1
1754667660000,1754667719000,1.37513,1.37535,1.37511,1.37533,85590000,1
1754667720000,1754667779000,1.37533,1.37555,1.37526,1.37555,58710000,1
1754667780000,1754667839000,1.37553,1.37557,1.37547,1.37547,42210000,1
1754667840000,1754667899000,1.37548,1.37555,1.37546,1.37546,77730000,1
1754667900000,1754667959000,1.37546,1.37547,1.37535,1.37538,65700000,1
1754667960000,1754668019000,1.37537,1.3754,1.37535,1.3754,60870000,1
1754668020000,1754668079000,1.37538,1.37541,1.37537,1.37539,15600000,1
1754668080000,1754668139000,1.37534,1.37536,1.37527,1.37534,38100000,1
1754668140000,1754668199000,1.37537,1.37546,1.37533,1.37544,38400000,1
1754668200000,1754668259000,1.37541,1.37554,1.37539,1.37543,33000000,1
1754668260000,1754668319000,1.37541,1.3756,1.37541,1.37559,31800000,1
1754668320000,1754668379000,1.37559,1.37565,1.37548,1.37548,32520000,1
1754668380000,1754668439000,1.37547,1.37547,1.37536,1.37538,26400000,1
1754668440000,1754668499000,1.37538,1.3754,1.37529,1.3754,22650000,1
1754668500000,1754668559000,1.37541,1.37543,1.37529,1.37529,42630000,1
1754668560000,1754668619000,1.37526,1.37528,1.37518,1.37524,39240000,1
1754668620000,1754668679000,1.37525,1.37528,1.37514,1.37518,53310000,1
1754668680000,1754668739000,1.37518,1.37535,1.37517,1.37532,84000000,1
1754668740000,1754668799000,1.37531,1.3754,1.37519,1.37526,117450000,1
1754668800000,1754668859000,1.37525,1.37525,1.37512,1.37512,30300000,1
1754668860000,1754668919000,1.37513,1.37523,1.37507,1.37519,58740000,1
1754668920000,1754668979000,1.37519,1.37519,1.37507,1.37509,46980000,1
1754668980000,1754669039000,1.37509,1.37509,1.37491,1.37491,18750000,1
1754669040000,1754669099000,1.37491,1.375,1.37491,1.375,36840000,1
1754669100000,1754669159000,1.37501,1.37508,1.37499,1.37501,66060000,1
1754669160000,1754669219000,1.37499,1.37509,1.37499,1.37509,62670000,1
1754669220000,1754669279000,1.3751,1.37511,1.375,1.375,38100000,1
1754669280000,1754669339000,1.375,1.3751,1.37499,1.3751,24600000,1
1754669340000,1754669399000,1.37511,1.37529,1.3751,1.37522,72480000,1
1754669400000,1754669459000,1.3752,1.37529,1.37519,1.37526,70350000,1
1754669460000,1754669519000,1.37527,1.37533,1.37526,1.37532,62820000,1
1754669520000,1754669579000,1.37532,1.37541,1.3753,1.37539,41340000,1
1754669580000,1754669639000,1.3754,1.37547,1.3754,1.37546,54900000,1
1754669640000,1754669699000,1.37545,1.37547,1.37515,1.37525,81600000,1
1754669700000,1754669759000,1.37526,1.37531,1.37526,1.37531,35910000,1
1754669760000,1754669819000,1.37532,1.3754,1.37532,1.37533,88530000,1
1754669820000,1754669879000,1.37536,1.37538,1.37534,1.37534,30450000,1
1754669880000,1754669939000,1.37532,1.37536,1.37532,1.37535,23850000,1
1754669940000,1754669999000,1.37538,1.37547,1.37537,1.37547,50070000,1
1754670000000,1754670059000,1.37547,1.37556,1.37546,1.37554,122220000,1
1754670060000,1754670119000,1.37554,1.37556,1.37544,1.37544,108360000,1
1754670120000,1754670179000,1.37543,1.37554,1.37543,1.37554,46140000,1
1754670180000,1754670239000,1.37554,1.37555,1.37546,1.37549,83790000,1
1754670240000,1754670299000,1.37549,1.37552,1.37516,1.37524,165000000,1
1754670300000,1754670359000,1.37524,1.37536,1.37523,1.37528,58050000,1
1754670360000,1754670419000,1.37531,1.37532,1.37527,1.37529,42150000,1
1754670420000,1754670479000,1.37529,1.37529,1.37526,1.37527,27750000,1
1754670480000,1754670539000,1.37527,1.37529,1.37526,1.37529,28800000,1
1754670540000,1754670599000,1.3753,1.3753,1.37526,1.37528,27000000,1
1754670600000,1754670659000,1.37526,1.37527,1.37517,1.37518,48150000,1
1754670660000,1754670719000,1.37517,1.37527,1.37517,1.37526,81120000,1
1754670720000,1754670779000,1.37527,1.37537,1.37524,1.37537,55500000,1
1754670780000,1754670839000,1.37535,1.3755,1.37535,1.37546,36570000,1
1754670840000,1754670899000,1.37545,1.37545,1.37524,1.37524,78780000,1
1754670900000,1754670959000,1.37524,1.37528,1.37519,1.37526,67500000,1
1754670960000,1754671019000,1.37526,1.37526,1.37506,1.37509,54450000,1
1754671020000,1754671079000,1.37508,1.37508,1.37498,1.37498,67950000,1
1754671080000,1754671139000,1.37499,1.37508,1.37498,1.37501,97650000,1
1754671140000,1754671199000,1.37501,1.37505,1.37497,1.37497,118950000,1
1754671200000,1754671259000,1.375,1.375,1.37487,1.37489,146760000,1
1754671260000,1754671319000,1.37489,1.37489,1.37478,1.37488,156960000,1
1754671320000,1754671379000,1.37488,1.37496,1.37487,1.3749,52710000,1
1754671380000,1754671439000,1.37489,1.37489,1.37487,1.37488,11250000,1
1754671440000,1754671499000,1.37487,1.37493,1.37487,1.37489,56850000,1
1754671500000,1754671559000,1.37489,1.3749,1.37486,1.37487,43740000,1
1754671560000,1754671619000,1.37488,1.37498,1.37486,1.37486,102900000,1
1754671620000,1754671679000,1.37486,1.3749,1.37486,1.37488,33300000,1
1754671680000,1754671739000,1.37487,1.37499,1.37486,1.37496,66120000,1
1754671740000,1754671799000,1.37497,1.37498,1.37497,1.37498,28470000,1
1754671800000,1754671859000,1.37497,1.37519,1.37497,1.3751,46200000,1
1754671860000,1754671919000,1.37511,1.37511,1.37509,1.37511,9030000,1
1754671920000,1754671979000,1.3751,1.37536,1.3751,1.37536,46260000,1
1754671980000,1754672039000,1.37534,1.37538,1.37534,1.37535,23550000,1
1754672040000,1754672099000,1.37537,1.37544,1.37535,1.37536,25740000,1
1754672100000,1754672159000,1.37536,1.37537,1.37534,1.37534,17940000,1
1754672160000,1754672219000,1.37532,1.37536,1.37532,1.37533,23940000,1
1754672220000,1754672279000,1.37533,1.37533,1.37523,1.37526,18630000,1
1754672280000,1754672339000,1.37528,1.37531,1.37525,1.37526,40320000,1
1754672340000,1754672399000,1.37526,1.37528,1.37515,1.37517,50640000,1
1754672400000,1754672459000,1.37516,1.37525,1.37516,1.37523,130440000,1
1754672460000,1754672519000,1.37524,1.37532,1.37524,1.37532,71260000,1
1754672520000,1754672579000,1.37528,1.37534,1.37526,1.37534,50190000,1
1754672580000,1754672639000,1.37535,1.3754,1.37532,1.37534,100110000,1
1754672640000,1754672699000,1.37533,1.37533,1.37514,1.37514,64530000,1
1754672700000,1754672759000,1.37515,1.37525,1.37507,1.37508,84570000,1
1754672760000,1754672819000,1.37507,1.37516,1.37498,1.37498,71520000,1
1754672820000,1754672879000,1.37499,1.37499,1.37485,1.37487,52950000,1
1754672880000,1754672939000,1.37482,1.37485,1.37473,1.37485,80250000,1
1754672940000,1754672999000,1.37485,1.37487,1.37478,1.37479,71700000,1
1754673000000,1754673059000,1.37477,1.37488,1.37477,1.37487,58350000,1
1754673060000,1754673119000,1.37488,1.37489,1.37483,1.37488,71700000,1
1754673120000,1754673179000,1.37489,1.37496,1.37489,1.37496,53550000,1
1754673180000,1754673239000,1.37495,1.37496,1.37484,1.37485,112350000,1
1754673240000,1754673299000,1.37486,1.37486,1.37476,1.37477,71100000,1
1754673300000,1754673359000,1.37476,1.37486,1.37476,1.37486,70890000,1
1754673360000,1754673419000,1.37485,1.37486,1.37467,1.37468,144150000,1
1754673420000,1754673479000,1.37472,1.37476,1.37468,1.37469,71100000,1
1754673480000,1754673539000,1.37471,1.37472,1.37466,1.37466,62850000,1
1754673540000,1754673599000,1.37467,1.37468,1.37464,1.37467,69630000,1
1754673600000,1754673659000,1.37467,1.37468,1.37466,1.37467,46050000,1
1754673660000,1754673719000,1.37468,1.37483,1.37464,1.37479,63270000,1
1754673720000,1754673779000,1.37479,1.37479,1.37468,1.37475,139200000,1
1754673780000,1754673839000,1.37475,1.37478,1.3747,1.37477,79860000,1
1754673840000,1754673899000,1.37478,1.37478,1.37473,1.37477,75150000,1
1754673900000,1754673959000,1.37479,1.37479,1.37477,1.37477,10200000,1
1754673960000,1754674019000,1.37477,1.37481,1.37471,1.37471,19050000,1
1754674020000,1754674079000,1.37471,1.37472,1.37466,1.37466,34200000,1
1754674080000,1754674139000,1.37465,1.37466,1.37459,1.37462,33900000,1
1754674140000,1754674199000,1.37462,1.37463,1.3744,1.37441,57300000,1
1754674200000,1754674259000,1.3744,1.37444,1.3744,1.37442,56550000,1
1754674260000,1754674319000,1.37442,1.37442,1.37436,1.3744,15600000,1
1754674320000,1754674379000,1.3744,1.37451,1.3744,1.37451,33300000,1
1754674380000,1754674439000,1.3745,1.37451,1.37449,1.3745,10800000,1
1754674440000,1754674499000,1.37451,1.37452,1.37447,1.3745,27300000,1
1754674500000,1754674559000,1.37451,1.37451,1.37446,1.37447,27000000,1
1754674560000,1754674619000,1.37447,1.37449,1.37447,1.37447,27000000,1
1754674620000,1754674679000,1.37447,1.37461,1.37439,1.37441,56850000,1
1754674680000,1754674739000,1.3744,1.37441,1.37438,1.3744,53100000,1
1754674740000,1754674799000,1.37441,1.37441,1.37439,1.37439,66450000,1
1754674800000,1754674859000,1.37439,1.37447,1.37438,1.37444,62340000,1
1754674860000,1754674919000,1.37443,1.37443,1.37437,1.37438,36000000,1
1754674920000,1754674979000,1.37439,1.3744,1.37427,1.3743,67050000,1
1754674980000,1754675039000,1.37431,1.37436,1.37418,1.37419,94200000,1
1754675040000,1754675099000,1.37421,1.37422,1.37419,1.37421,27900000,1
1754675100000,1754675159000,1.37426,1.37435,1.37423,1.37431,106350000,1
1754675160000,1754675219000,1.37431,1.37433,1.37429,1.37429,41400000,1
1754675220000,1754675279000,1.37429,1.37432,1.37421,1.37428,36750000,1
1754675280000,1754675339000,1.37429,1.37432,1.37429,1.37431,25500000,1
1754675340000,1754675399000,1.37432,1.37441,1.37431,1.3744,53850000,1
1754675400000,1754675459000,1.3744,1.37449,1.37438,1.37449,54150000,1
1754675460000,1754675519000,1.37449,1.37452,1.37449,1.37452,20100000,1
1754675520000,1754675579000,1.37451,1.37459,1.37451,1.37458,38100000,1
1754675580000,1754675639000,1.37459,1.37469,1.37458,1.37468,85350000,1
1754675640000,1754675699000,1.37469,1.3747,1.37467,1.37468,22050000,1
1754675700000,1754675759000,1.37467,1.37477,1.37467,1.37477,42750000,1
1754675760000,1754675819000,1.37477,1.37477,1.37469,1.37477,34650000,1
1754675820000,1754675879000,1.37478,1.3748,1.37477,1.37477,37500000,1
1754675880000,1754675939000,1.37477,1.37477,1.37459,1.37462,61590000,1
1754675940000,1754675999000,1.37462,1.37498,1.37456,1.37497,193500000,1
1754676000000,1754676059000,1.37496,1.37516,1.37486,1.37503,460770000,1
1754676060000,1754676119000,1.37503,1.37508,1.37494,1.37494,317250000,1
1754676120000,1754676179000,1.37495,1.37495,1.37485,1.37485,215700000,1
1754676180000,1754676239000,1.37486,1.37496,1.37484,1.37484,182400000,1
1754676240000,1754676299000,1.37484,1.37488,1.37476,1.37485,123300000,1
1754676300000,1754676359000,1.37486,1.37507,1.37484,1.37496,147900000,1
1754676360000,1754676419000,1.37496,1.37496,1.37475,1.37475,161700000,1
1754676420000,1754676479000,1.37476,1.37477,1.37466,1.37466,112500000,1
1754676480000,1754676539000,1.37466,1.37476,1.37466,1.37469,122100000,1
1754676540000,1754676599000,1.37468,1.37469,1.37458,1.37469,89850000,1
1754676600000,1754676659000,1.37466,1.37467,1.37465,1.37467,53550000,1
1754676660000,1754676719000,1.37468,1.37468,1.37444,1.37445,138900000,1
1754676720000,1754676779000,1.37444,1.3745,1.37444,1.37449,126600000,1
1754676780000,1754676839000,1.3745,1.37465,1.37447,1.37462,139200000,1
1754676840000,1754676899000,1.37462,1.37475,1.37462,1.37466,94500000,1
1754676900000,1754676959000,1.37465,1.37465,1.3745,1.3745,177150000,1
1754676960000,1754677019000,1.3745,1.3745,1.37438,1.37439,84000000,1
1754677020000,1754677079000,1.37439,1.37449,1.37429,1.37447,125400000,1
1754677080000,1754677139000,1.37447,1.37448,1.37437,1.37437,102150000,1
1754677140000,1754677199000,1.37439,1.37458,1.37439,1.37458,118650000,1
1754677200000,1754677259000,1.37457,1.37467,1.37455,1.37458,183000000,1
1754677260000,1754677319000,1.37458,1.37459,1.37454,1.37457,73650000,1
1754677320000,1754677379000,1.37457,1.37464,1.37446,1.37452,106500000,1
1754677380000,1754677439000,1.37449,1.37459,1.37449,1.37458,128400000,1
1754677440000,1754677499000,1.37457,1.37462,1.37457,1.37459,49800000,1
1754677500000,1754677559000,1.37459,1.37468,1.37459,1.37467,89700000,1
1754677560000,1754677619000,1.37467,1.37467,1.37459,1.37466,83400000,1
1754677620000,1754677679000,1.37465,1.37465,1.37455,1.37457,43950000,1
1754677680000,1754677739000,1.37458,1.37459,1.37457,1.37458,38400000,1
1754677740000,1754677799000,1.37459,1.37466,1.37457,1.37465,83700000,1
1754677800000,1754677859000,1.37465,1.37465,1.37456,1.37456,89100000,1
1754677860000,1754677919000,1.37457,1.3746,1.37448,1.37459,76200000,1
1754677920000,1754677979000,1.3746,1.37468,1.37459,1.37467,66600000,1
1754677980000,1754678039000,1.37465,1.37484,1.37465,1.3748,53550000,1
1754678040000,1754678099000,1.37479,1.37497,1.37477,1.37497,49800000,1
1754678100000,1754678159000,1.37498,1.37503,1.3749,1.375,69600000,1
1754678160000,1754678219000,1.37499,1.37508,1.37499,1.37507,40650000,1
1754678220000,1754678279000,1.37507,1.37522,1.37506,1.37518,51000000,1
1754678280000,1754678339000,1.37515,1.37526,1.37515,1.37525,25200000,1
1754678340000,1754678399000,1.37524,1.37528,1.37524,1.37528,4800000,1
1754678400000,1754678459000,1.37529,1.37529,1.37519,1.37519,24150000,1
1754678460000,1754678519000,1.37521,1.37526,1.37517,1.37519,33150000,1
1754678520000,1754678579000,1.37518,1.37519,1.37515,1.37519,16050000,1
1754678580000,1754678639000,1.37517,1.37518,1.37503,1.37506,30600000,1
1754678640000,1754678699000,1.37506,1.37509,1.37497,1.37497,19650000,1
1754678700000,1754678759000,1.37497,1.375,1.3749,1.3749,30300000,1
1754678760000,1754678819000,1.37492,1.375,1.37492,1.37499,21000000,1
1754678820000,1754678879000,1.37499,1.3751,1.37498,1.3751,35100000,1
1754678880000,1754678939000,1.37514,1.37526,1.37514,1.37526,35190000,1
1754678940000,1754678999000,1.37525,1.3753,1.37525,1.3753,18000000,1
1754679000000,1754679059000,1.3753,1.37537,1.37528,1.3753,26400000,1
1754679060000,1754679119000,1.37529,1.37535,1.37529,1.37533,15510000,1
1754679120000,1754679179000,1.37532,1.37534,1.37513,1.37513,36750000,1
1754679180000,1754679239000,1.37512,1.37512,1.37495,1.37495,21750000,1
1754679240000,1754679299000,1.37495,1.37498,1.37495,1.37495,13650000,1
1754679300000,1754679359000,1.37496,1.37497,1.37487,1.37495,75150000,1
1754679360000,1754679419000,1.37495,1.37497,1.3749,1.37493,26850000,1
1754679420000,1754679479000,1.37494,1.37506,1.37494,1.37506,26250000,1
1754679480000,1754679539000,1.37505,1.37507,1.37502,1.37507,36450000,1
1754679540000,1754679599000,1.37508,1.37509,1.37503,1.37505,172800000,1
1754679600000,1754679659000,1.37507,1.37516,1.37507,1.37514,76650000,1
1754679660000,1754679719000,1.37513,1.37517,1.37507,1.37508,55500000,1
1754679720000,1754679779000,1.37507,1.37512,1.37507,1.37508,15000000,1
1754679780000,1754679839000,1.37508,1.37526,1.37507,1.37526,28050000,1
1754679840000,1754679899000,1.37526,1.37535,1.37526,1.37527,26250000,1
1754679900000,1754679959000,1.3753,1.3753,1.37514,1.37514,29700000,1
1754679960000,1754680019000,1.37513,1.37513,1.37507,1.3751,27600000,1
1754680020000,1754680079000,1.37511,1.37511,1.37505,1.37505,14730000,1
1754680080000,1754680139000,1.37506,1.37516,1.37506,1.37509,50100000,1
1754680140000,1754680199000,1.37507,1.37514,1.37505,1.37513,38520000,1
1754680200000,1754680259000,1.37516,1.37516,1.37514,1.37515,10020000,1
1754680260000,1754680319000,1.37515,1.37524,1.37515,1.37517,13410000,1
1754680320000,1754680379000,1.37516,1.37516,1.37515,1.37516,3900000,1
1754680380000,1754680439000,1.37516,1.37516,1.37511,1.37515,7200000,1
1754680440000,1754680499000,1.37516,1.37516,1.37508,1.37508,15900000,1
1754680500000,1754680559000,1.37507,1.3752,1.37507,1.37516,33810000,1
1754680560000,1754680619000,1.37515,1.37518,1.37514,1.37514,40770000,1
1754680620000,1754680679000,1.37516,1.37516,1.37507,1.37507,19110000,1
1754680680000,1754680739000,1.37508,1.3751,1.37507,1.37509,36840000,1
1754680740000,1754680799000,1.37508,1.37508,1.37504,1.37505,30330000,1
1754680800000,1754680859000,1.37505,1.37514,1.37504,1.37513,20910000,1
1754680860000,1754680919000,1.37516,1.37516,1.37507,1.3751,23520000,1
1754680920000,1754680979000,1.3751,1.37519,1.3751,1.37519,9720000,1
1754680980000,1754681039000,1.37522,1.37528,1.37519,1.37527,28800000,1
1754681040000,1754681099000,1.37525,1.37542,1.37524,1.37538,30000000,1
1754681100000,1754681159000,1.37536,1.37544,1.37536,1.37537,47100000,1
1754681160000,1754681219000,1.37536,1.37554,1.37536,1.37554,25800000,1
1754681220000,1754681279000,1.37553,1.37571,1.37553,1.37565,80250000,1
1754681280000,1754681339000,1.37566,1.3757,1.37561,1.37562,74400000,1
1754681340000,1754681399000,1.37562,1.37562,1.37553,1.37554,36750000,1
1754681400000,1754681459000,1.37553,1.37573,1.37552,1.37571,65250000,1
1754681460000,1754681519000,1.37572,1.37572,1.37555,1.37556,68550000,1
1754681520000,1754681579000,1.37557,1.37566,1.37557,1.37566,21600000,1
1754681580000,1754681639000,1.37565,1.37566,1.37555,1.37556,27600000,1
1754681640000,1754681699000,1.37556,1.37563,1.37555,1.37555,34950000,1
1754681700000,1754681759000,1.37556,1.37564,1.37556,1.37564,14400000,1
1754681760000,1754681819000,1.37565,1.37571,1.37565,1.37571,38400000,1
1754681820000,1754681879000,1.37572,1.37574,1.37568,1.37568,14400000,1
1754681880000,1754681939000,1.3757,1.37572,1.37565,1.37565,15600000,1
1754681940000,1754681999000,1.37566,1.3757,1.37564,1.37568,21000000,1
1754682000000,1754682059000,1.3757,1.37571,1.37565,1.37568,28800000,1
1754682060000,1754682119000,1.37569,1.37569,1.37557,1.37557,21600000,1
1754682120000,1754682179000,1.37558,1.37563,1.37558,1.37561,22200000,1
1754682180000,1754682239000,1.37561,1.37563,1.37555,1.37557,33450000,1
1754682240000,1754682299000,1.37558,1.37565,1.37558,1.3756,59550000,1
1754682300000,1754682359000,1.37561,1.37574,1.3756,1.37571,27600000,1
1754682360000,1754682419000,1.37571,1.37572,1.37571,1.37572,3600000,1
1754682420000,1754682479000,1.37571,1.37573,1.37567,1.37571,13200000,1
1754682480000,1754682539000,1.37571,1.37571,1.37568,1.37571,8400000,1
1754682540000,1754682599000,1.37571,1.37571,1.3757,1.37571,4800000,1
1754682600000,1754682659000,1.37573,1.37587,1.37573,1.37581,25200000,1
1754682660000,1754682719000,1.37583,1.37583,1.3757,1.37572,12600000,1
1754682720000,1754682779000,1.37573,1.37573,1.37562,1.37566,13200000,1
1754682780000,1754682839000,1.37564,1.37564,1.37548,1.37548,30000000,1
1754682840000,1754682899000,1.3755,1.3756,1.37549,1.3756,44490000,1
1754682900000,1754682959000,1.37559,1.37563,1.37556,1.37562,23400000,1
1754682960000,1754683019000,1.37556,1.37564,1.37556,1.37559,26550000,1
1754683020000,1754683079000,1.37561,1.37569,1.37555,1.37563,60060000,1
1754683080000,1754683139000,1.37564,1.37566,1.37559,1.3756,37950000,1
1754683140000,1754683199000,1.3756,1.37569,1.3756,1.37569,37800000,1
1754683200000,1754683259000,1.37567,1.37569,1.37559,1.3756,54150000,1
1754683260000,1754683319000,1.37561,1.3757,1.37561,1.37566,187770000,1
1754683320000,1754683379000,1.37567,1.37568,1.37565,1.37565,19290000,1
1754683380000,1754683439000,1.37567,1.3757,1.37567,1.3757,6150000,1
1754683440000,1754683499000,1.37568,1.37572,1.37568,1.3757,19050000,1
1754683500000,1754683559000,1.37571,1.37573,1.37571,1.37571,25350000,1
1754683560000,1754683619000,1.37568,1.37568,1.37561,1.37563,29040000,1
1754683620000,1754683679000,1.37562,1.37563,1.37562,1.37563,44700000,1
1754683680000,1754683739000,1.37565,1.37573,1.37563,1.37573,8490000,1
1754683740000,1754683799000,1.37573,1.37573,1.3757,1.37571,17490000,1
1754683800000,1754683859000,1.3757,1.3758,1.3757,1.3758,14580000,1
1754683860000,1754683919000,1.3758,1.3758,1.3758,1.3758,0,1
1754683920000,1754683979000,1.37581,1.37581,1.37575,1.37575,16950000,1
1754683980000,1754684039000,1.37573,1.37575,1.37573,1.37573,3750000,1
1754684040000,1754684099000,1.3757,1.37573,1.37565,1.37565,29130000,1
1754684100000,1754684159000,1.37564,1.37577,1.37564,1.37577,27240000,1
1754684160000,1754684219000,1.37576,1.37576,1.37562,1.37562,40350000,1
1754684220000,1754684279000,1.37561,1.37568,1.37557,1.37566,70950000,1
1754684280000,1754684339000,1.37566,1.37567,1.37565,1.37566,30120000,1
1754684340000,1754684399000,1.37565,1.37565,1.3754,1.37542,20550000,1
1754684400000,1754684459000,1.37543,1.37545,1.37542,1.37544,77640000,1
1754684460000,1754684519000,1.37544,1.37574,1.37543,1.37572,46920000,1
1754684520000,1754684579000,1.37572,1.37573,1.37569,1.37569,13230000,1
1754684580000,1754684639000,1.3757,1.3757,1.37559,1.37561,27270000,1
1754684640000,1754684699000,1.3756,1.37561,1.37545,1.37545,39900000,1
1754684700000,1754684759000,1.37544,1.37548,1.37528,1.37529,48180000,1
1754684760000,1754684819000,1.37532,1.37549,1.37532,1.37548,150990000,1
1754684820000,1754684879000,1.37548,1.3755,1.37548,1.37549,19350000,1
1754684880000,1754684939000,1.3755,1.37559,1.37549,1.37559,33060000,1
1754684940000,1754684999000,1.37557,1.37562,1.37557,1.37561,34920000,1
1754685000000,1754685059000,1.37559,1.37559,1.37551,1.37552,24480000,1
1754685060000,1754685119000,1.37552,1.37554,1.37551,1.37554,24810000,1
1754685120000,1754685179000,1.37554,1.37556,1.37553,1.37556,67230000,1
1754685180000,1754685239000,1.37554,1.37568,1.37553,1.37563,27390000,1
1754685240000,1754685299000,1.37564,1.37587,1.37563,1.37586,63270000,1
1754685300000,1754685359000,1.37587,1.37594,1.37586,1.37589,51150000,1
1754685360000,1754685419000,1.3759,1.37597,1.3759,1.37597,79620000,1
1754685420000,1754685479000,1.37598,1.37618,1.37597,1.37617,94140000,1
1754685480000,1754685539000,1.37618,1.37629,1.37608,1.37614,77280000,1
1754685540000,1754685599000,1.37614,1.37628,1.37608,1.37625,65100000,1
1754685600000,1754685659000,1.37623,1.37626,1.37623,1.37625,35100000,1
1754685660000,1754685719000,1.37626,1.37627,1.37619,1.37626,41850000,1
1754685720000,1754685779000,1.37622,1.37622,1.37576,1.3759,112500000,1
1754685780000,1754685839000,1.37589,1.37592,1.37587,1.37587,19500000,1
1754685840000,1754685899000,1.37583,1.37586,1.37578,1.37578,27300000,1
1754685900000,1754685959000,1.3758,1.37585,1.37565,1.37566,78150000,1
1754685960000,1754686019000,1.37565,1.37565,1.37565,1.37565,14400000,1
1754686020000,1754686079000,1.37575,1.37579,1.37569,1.37575,50190000,1
1754686080000,1754686139000,1.37572,1.37572,1.3756,1.3756,80130000,1
1754686140000,1754686199000,1.37559,1.37568,1.37558,1.37567,61500000,1
1754686200000,1754686259000,1.37566,1.37574,1.37556,1.37566,305250000,1
1754686260000,1754686319000,1.37566,1.37569,1.37557,1.37559,171000000,1
1754686320000,1754686379000,1.37561,1.37569,1.37556,1.37556,188130000,1
1754686380000,1754686439000,1.37552,1.37563,1.37547,1.37556,126870000,1
1754686440000,1754686499000,1.37556,1.37556,1.37547,1.37549,211200000,1
1754686500000,1754686559000,1.37552,1.37556,1.37539,1.37542,240600000,1
1754686560000,1754686619000,1.37541,1.37563,1.37538,1.37559,369000000,1
1754686620000,1754686679000,1.37559,1.37568,1.37542,1.37549,244800000,1
1754686680000,1754686739000,1.37553,1.37553,1.37519,1.37535,298950000,1
1754686740000,1754686799000,1.37535,1.37539,1.3752,1.37529,23250000,1
1754686800000,1754686859000,1.37529,1.37529,1.37529,1.37529,0,1
1754686860000,1754686919000,1.37529,1.37529,1.37529,1.37529,0,1
1754686920000,1754686979000,1.37529,1.37529,1.37529,1.37529,0,1
1754686980000,1754687039000,1.37529,1.37529,1.37529,1.37529,0,1
1754687040000,1754687099000,1.37529,1.37529,1.37529,1.37529,0,1
1754687100000,1754687159000,1.37529,1.37529,1.37529,1.37529,0,1
1754687160000,1754687219000,1.37529,1.37529,1.37529,1.37529,0,1
1754687220000,1754687279000,1.37529,1.37529,1.37529,1.37529,0,1
1754687280000,1754687339000,1.37529,1.37529,1.37529,1.37529,0,1
1754687340000,1754687399000,1.37529,1.37529,1.37529,1.37529,0,1
1754687400000,1754687459000,1.37529,1.37529,1.37529,1.37529,0,1
1754687460000,1754687519000,1.37529,1.37529,1.37529,1.37529,0,1
1754687520000,1754687579000,1.37529,1.37529,1.37529,1.37529,0,1
1754687580000,1754687639000,1.37529,1.37529,1.37529,1.37529,0,1
1754687640000,1754687699000,1.37529,1.37529,1.37529,1.37529,0,1
1754687700000,1754687759000,1.37529,1.37529,1.37529,1.37529,0,1
1754687760000,1754687819000,1.37529,1.37529,1.37529,1.37529,0,1
1754687820000,1754687879000,1.37529,1.37529,1.37529,1.37529,0,1
1754687880000,1754687939000,1.37529,1.37529,1.37529,1.37529,0,1
1754687940000,1754687999000,1.37529,1.37529,1.37529,1.37529,0,1
1754688000000,1754688059000,1.37529,1.37529,1.37529,1.37529,0,1
1754688060000,1754688119000,1.37529,1.37529,1.37529,1.37529,0,1
1754688120000,1754688179000,1.37529,1.37529,1.37529,1.37529,0,1
1754688180000,1754688239000,1.37529,1.37529,1.37529,1.37529,0,1
1754688240000,1754688299000,1.37529,1.37529,1.37529,1.37529,0,1
1754688300000,1754688359000,1.37529,1.37529,1.37529,1.37529,0,1
1754688360000,1754688419000,1.37529,1.37529,1.37529,1.37529,0,1
1754688420000,1754688479000,1.37529,1.37529,1.37529,1.37529,0,1
1754688480000,1754688539000,1.37529,1.37529,1.37529,1.37529,0,1
1754688540000,1754688599000,1.37529,1.37529,1.37529,1.37529,0,1
1754688600000,1754688659000,1.37529,1.37529,1.37529,1.37529,0,1
1754688660000,1754688719000,1.37529,1.37529,1.37529,1.37529,0,1
1754688720000,1754688779000,1.37529,1.37529,1.37529,1.37529,0,1
1754688780000,1754688839000,1.37529,1.37529,1.37529,1.37529,0,1
1754688840000,1754688899000,1.37529,1.37529,1.37529,1.37529,0,1
1754688900000,1754688959000,1.37529,1.37529,1.37529,1.37529,0,1
1754688960000,1754689019000,1.37529,1.37529,1.37529,1.37529,0,1
1754689020000,1754689079000,1.37529,1.37529,1.37529,1.37529,0,1
1754689080000,1754689139000,1.37529,1.37529,1.37529,1.37529,0,1
1754689140000,1754689199000,1.37529,1.37529,1.37529,1.37529,0,1
1754689200000,1754689259000,1.37529,1.37529,1.37529,1.37529,0,1
1754689260000,1754689319000,1.37529,1.37529,1.37529,1.37529,0,1
1754689320000,1754689379000,1.37529,1.37529,1.37529,1.37529,0,1
1754689380000,1754689439000,1.37529,1.37529,1.37529,1.37529,0,1
1754689440000,1754689499000,1.37529,1.37529,1.37529,1.37529,0,1
1754689500000,1754689559000,1.37529,1.37529,1.37529,1.37529,0,1
1754689560000,1754689619000,1.37529,1.37529,1.37529,1.37529,0,1
1754689620000,1754689679000,1.37529,1.37529,1.37529,1.37529,0,1
1754689680000,1754689739000,1.37529,1.37529,1.37529,1.37529,0,1
1754689740000,1754689799000,1.37529,1.37529,1.37529,1.37529,0,1
1754689800000,1754689859000,1.37529,1.37529,1.37529,1.37529,0,1
1754689860000,1754689919000,1.37529,1.37529,1.37529,1.37529,0,1
1754689920000,1754689979000,1.37529,1.37529,1.37529,1.37529,0,1
1754689980000,1754690039000,1.37529,1.37529,1.37529,1.37529,0,1
1754690040000,1754690099000,1.37529,1.37529,1.37529,1.37529,0,1
1754690100000,1754690159000,1.37529,1.37529,1.37529,1.37529,0,1
1754690160000,1754690219000,1.37529,1.37529,1.37529,1.37529,0,1
1754690220000,1754690279000,1.37529,1.37529,1.37529,1.37529,0,1
1754690280000,1754690339000,1.37529,1.37529,1.37529,1.37529,0,1
1754690340000,1754690399000,1.37529,1.37529,1.37529,1.37529,0,1
1754690400000,1754690459000,1.37529,1.37529,1.37529,1.37529,0,1
1754690460000,1754690519000,1.37529,1.37529,1.37529,1.37529,0,1
1754690520000,1754690579000,1.37529,1.37529,1.37529,1.37529,0,1
1754690580000,1754690639000,1.37529,1.37529,1.37529,1.37529,0,1
1754690640000,1754690699000,1.37529,1.37529,1.37529,1.37529,0,1
1754690700000,1754690759000,1.37529,1.37529,1.37529,1.37529,0,1
1754690760000,1754690819000,1.37529,1.37529,1.37529,1.37529,0,1
1754690820000,1754690879000,1.37529,1.37529,1.37529,1.37529,0,1
1754690880000,1754690939000,1.37529,1.37529,1.37529,1.37529,0,1
1754690940000,1754690999000,1.37529,1.37529,1.37529,1.37529,0,1
1754691000000,1754691059000,1.37529,1.37529,1.37529,1.37529,0,1
1754691060000,1754691119000,1.37529,1.37529,1.37529,1.37529,0,1
1754691120000,1754691179000,1.37529,1.37529,1.37529,1.37529,0,1
1754691180000,1754691239000,1.37529,1.37529,1.37529,1.37529,0,1
1754691240000,1754691299000,1.37529,1.37529,1.37529,1.37529,0,1
1754691300000,1754691359000,1.37529,1.37529,1.37529,1.37529,0,1
1754691360000,1754691419000,1.37529,1.37529,1.37529,1.37529,0,1
1754691420000,1754691479000,1.37529,1.37529,1.37529,1.37529,0,1
1754691480000,1754691539000,1.37529,1.37529,1.37529,1.37529,0,1
1754691540000,1754691599000,1.37529,1.37529,1.37529,1.37529,0,1
1754691600000,1754691659000,1.37529,1.37529,1.37529,1.37529,0,1
1754691660000,1754691719000,1.37529,1.37529,1.37529,1.37529,0,1
1754691720000,1754691779000,1.37529,1.37529,1.37529,1.37529,0,1
1754691780000,1754691839000,1.37529,1.37529,1.37529,1.37529,0,1
1754691840000,1754691899000,1.37529,1.37529,1.37529,1.37529,0,1
1754691900000,1754691959000,1.37529,1.37529,1.37529,1.37529,0,1
1754691960000,1754692019000,1.37529,1.37529,1.37529,1.37529,0,1
1754692020000,1754692079000,1.37529,1.37529,1.37529,1.37529,0,1
1754692080000,1754692139000,1.37529,1.37529,1.37529,1.37529,0,1
1754692140000,1754692199000,1.37529,1.37529,1.37529,1.37529,0,1
1754692200000,1754692259000,1.37529,1.37529,1.37529,1.37529,0,1
1754692260000,1754692319000,1.37529,1.37529,1.37529,1.37529,0,1
1754692320000,1754692379000,1.37529,1.37529,1.37529,1.37529,0,1
1754692380000,1754692439000,1.37529,1.37529,1.37529,1.37529,0,1
1754692440000,1754692499000,1.37529,1.37529,1.37529,1.37529,0,1
1754692500000,1754692559000,1.37529,1.37529,1.37529,1.37529,0,1
1754692560000,1754692619000,1.37529,1.37529,1.37529,1.37529,0,1
1754692620000,1754692679000,1.37529,1.37529,1.37529,1.37529,0,1
1754692680000,1754692739000,1.37529,1.37529,1.37529,1.37529,0,1
1754692740000,1754692799000,1.37529,1.37529,1.37529,1.37529,0,1
1754692800000,1754692859000,1.37529,1.37529,1.37529,1.37529,0,1
1754692860000,1754692919000,1.37529,1.37529,1.37529,1.37529,0,1
1754692920000,1754692979000,1.37529,1.37529,1.37529,1.37529,0,1
1754692980000,1754693039000,1.37529,1.37529,1.37529,1.37529,0,1
1754693040000,1754693099000,1.37529,1.37529,1.37529,1.37529,0,1
1754693100000,1754693159000,1.37529,1.37529,1.37529,1.37529,0,1
1754693160000,1754693219000,1.37529,1.37529,1.37529,1.37529,0,1
1754693220000,1754693279000,1.37529,1.37529,1.37529,1.37529,0,1
1754693280000,1754693339000,1.37529,1.37529,1.37529,1.37529,0,1
1754693340000,1754693399000,1.37529,1.37529,1.37529,1.37529,0,1
1754693400000,1754693459000,1.37529,1.37529,1.37529,1.37529,0,1
1754693460000,1754693519000,1.37529,1.37529,1.37529,1.37529,0,1
1754693520000,1754693579000,1.37529,1.37529,1.37529,1.37529,0,1
1754693580000,1754693639000,1.37529,1.37529,1.37529,1.37529,0,1
1754693640000,1754693699000,1.37529,1.37529,1.37529,1.37529,0,1
1754693700000,1754693759000,1.37529,1.37529,1.37529,1.37529,0,1
1754693760000,1754693819000,1.37529,1.37529,1.37529,1.37529,0,1
1754693820000,1754693879000,1.37529,1.37529,1.37529,1.37529,0,1
1754693880000,1754693939000,1.37529,1.37529,1.37529,1.37529,0,1
1754693940000,1754693999000,1.37529,1.37529,1.37529,1.37529,0,1
1754694000000,1754694059000,1.37529,1.37529,1.37529,1.37529,0,1
1754694060000,1754694119000,1.37529,1.37529,1.37529,1.37529,0,1
1754694120000,1754694179000,1.37529,1.37529,1.37529,1.37529,0,1
1754694180000,1754694239000,1.37529,1.37529,1.37529,1.37529,0,1
1754694240000,1754694299000,1.37529,1.37529,1.37529,1.37529,0,1
1754694300000,1754694359000,1.37529,1.37529,1.37529,1.37529,0,1
1754694360000,1754694419000,1.37529,1.37529,1.37529,1.37529,0,1
1754694420000,1754694479000,1.37529,1.37529,1.37529,1.37529,0,1
1754694480000,1754694539000,1.37529,1.37529,1.37529,1.37529,0,1
1754694540000,1754694599000,1.37529,1.37529,1.37529,1.37529,0,1
1754694600000,1754694659000,1.37529,1.37529,1.37529,1.37529,0,1
1754694660000,1754694719000,1.37529,1.37529,1.37529,1.37529,0,1
1754694720000,1754694779000,1.37529,1.37529,1.37529,1.37529,0,1
1754694780000,1754694839000,1.37529,1.37529,1.37529,1.37529,0,1
1754694840000,1754694899000,1.37529,1.37529,1.37529,1.37529,0,1
1754694900000,1754694959000,1.37529,1.37529,1.37529,1.37529,0,1
1754694960000,1754695019000,1.37529,1.37529,1.37529,1.37529,0,1
1754695020000,1754695079000,1.37529,1.37529,1.37529,1.37529,0,1
1754695080000,1754695139000,1.37529,1.37529,1.37529,1.37529,0,1
1754695140000,1754695199000,1.37529,1.37529,1.37529,1.37529,0,1
1754695200000,1754695259000,1.37529,1.37529,1.37529,1.37529,0,1
1754695260000,1754695319000,1.37529,1.37529,1.37529,1.37529,0,1
1754695320000,1754695379000,1.37529,1.37529,1.37529,1.37529,0,1
1754695380000,1754695439000,1.37529,1.37529,1.37529,1.37529,0,1
1754695440000,1754695499000,1.37529,1.37529,1.37529,1.37529,0,1
1754695500000,1754695559000,1.37529,1.37529,1.37529,1.37529,0,1
1754695560000,1754695619000,1.37529,1.37529,1.37529,1.37529,0,1
1754695620000,1754695679000,1.37529,1.37529,1.37529,1.37529,0,1
1754695680000,1754695739000,1.37529,1.37529,1.37529,1.37529,0,1
1754695740000,1754695799000,1.37529,1.37529,1.37529,1.37529,0,1
1754695800000,1754695859000,1.37529,1.37529,1.37529,1.37529,0,1
1754695860000,1754695919000,1.37529,1.37529,1.37529,1.37529,0,1
1754695920000,1754695979000,1.37529,1.37529,1.37529,1.37529,0,1
1754695980000,1754696039000,1.37529,1.37529,1.37529,1.37529,0,1
1754696040000,1754696099000,1.37529,1.37529,1.37529,1.37529,0,1
1754696100000,1754696159000,1.37529,1.37529,1.37529,1.37529,0,1
1754696160000,1754696219000,1.37529,1.37529,1.37529,1.37529,0,1
1754696220000,1754696279000,1.37529,1.37529,1.37529,1.37529,0,1
1754696280000,1754696339000,1.37529,1.37529,1.37529,1.37529,0,1
1754696340000,1754696399000,1.37529,1.37529,1.37529,1.37529,0,1
1754696400000,1754696459000,1.37529,1.37529,1.37529,1.37529,0,1
1754696460000,1754696519000,1.37529,1.37529,1.37529,1.37529,0,1
1754696520000,1754696579000,1.37529,1.37529,1.37529,1.37529,0,1
1754696580000,1754696639000,1.37529,1.37529,1.37529,1.37529,0,1
1754696640000,1754696699000,1.37529,1.37529,1.37529,1.37529,0,1
1754696700000,1754696759000,1.37529,1.37529,1.37529,1.37529,0,1
1754696760000,1754696819000,1.37529,1.37529,1.37529,1.37529,0,1
1754696820000,1754696879000,1.37529,1.37529,1.37529,1.37529,0,1
1754696880000,1754696939000,1.37529,1.37529,1.37529,1.37529,0,1
1754696940000,1754696999000,1.37529,1.37529,1.37529,1.37529,0,1
1754697000000,1754697059000,1.37529,1.37529,1.37529,1.37529,0,1
1754697060000,1754697119000,1.37529,1.37529,1.37529,1.37529,0,1
1754697120000,1754697179000,1.37529,1.37529,1.37529,1.37529,0,1
1754697180000,1754697239000,1.37529,1.37529,1.37529,1.37529,0,1
1754697240000,1754697299000,1.37529,1.37529,1.37529,1.37529,0,1
1754697300000,1754697359000,1.37529,1.37529,1.37529,1.37529,0,1
1754697360000,1754697419000,1.37529,1.37529,1.37529,1.37529,0,1
1754697420000,1754697479000,1.37529,1.37529,1.37529,1.37529,0,1
1754697480000,1754697539000,1.37529,1.37529,1.37529,1.37529,0,1
1754697540000,1754697599000,1.37529,1.37529,1.37529,1.37529,0,1
1754784000000,1754784059000,1.37529,1.37529,1.37529,1.37529,0,1
1754784060000,1754784119000,1.37529,1.37529,1.37529,1.37529,0,1
1754784120000,1754784179000,1.37529,1.37529,1.37529,1.37529,0,1
1754784180000,1754784239000,1.37529,1.37529,1.37529,1.37529,0,1
1754784240000,1754784299000,1.37529,1.37529,1.37529,1.37529,0,1
1754784300000,1754784359000,1.37529,1.37529,1.37529,1.37529,0,1
1754784360000,1754784419000,1.37529,1.37529,1.37529,1.37529,0,1
1754784420000,1754784479000,1.37529,1.37529,1.37529,1.37529,0,1
1754784480000,1754784539000,1.37529,1.37529,1.37529,1.37529,0,1
1754784540000,1754784599000,1.37529,1.37529,1.37529,1.37529,0,1
1754784600000,1754784659000,1.37529,1.37529,1.37529,1.37529,0,1
1754784660000,1754784719000,1.37529,1.37529,1.37529,1.37529,0,1
1754784720000,1754784779000,1.37529,1.37529,1.37529,1.37529,0,1
1754784780000,1754784839000,1.37529,1.37529,1.37529,1.37529,0,1
1754784840000,1754784899000,1.37529,1.37529,1.37529,1.37529,0,1
1754784900000,1754784959000,1.37529,1.37529,1.37529,1.37529,0,1
1754784960000,1754785019000,1.37529,1.37529,1.37529,1.37529,0,1
1754785020000,1754785079000,1.37529,1.37529,1.37529,1.37529,0,1
1754785080000,1754785139000,1.37529,1.37529,1.37529,1.37529,0,1
1754785140000,1754785199000,1.37529,1.37529,1.37529,1.37529,0,1
1754785200000,1754785259000,1.37529,1.37529,1.37529,1.37529,0,1
1754785260000,1754785319000,1.37529,1.37529,1.37529,1.37529,0,1
1754785320000,1754785379000,1.37529,1.37529,1.37529,1.37529,0,1
1754785380000,1754785439000,1.37529,1.37529,1.37529,1.37529,0,1
1754785440000,1754785499000,1.37529,1.37529,1.37529,1.37529,0,1
1754785500000,1754785559000,1.37529,1.37529,1.37529,1.37529,0,1
1754785560000,1754785619000,1.37529,1.37529,1.37529,1.37529,0,1
1754785620000,1754785679000,1.37529,1.37529,1.37529,1.37529,0,1
1754785680000,1754785739000,1.37529,1.37529,1.37529,1.37529,0,1
1754785740000,1754785799000,1.37529,1.37529,1.37529,1.37529,0,1
1754785800000,1754785859000,1.37529,1.37529,1.37529,1.37529,0,1
1754785860000,1754785919000,1.37529,1.37529,1.37529,1.37529,0,1
1754785920000,1754785979000,1.37529,1.37529,1.37529,1.37529,0,1
1754785980000,1754786039000,1.37529,1.37529,1.37529,1.37529,0,1
1754786040000,1754786099000,1.37529,1.37529,1.37529,1.37529,0,1
1754786100000,1754786159000,1.37529,1.37529,1.37529,1.37529,0,1
1754786160000,1754786219000,1.37529,1.37529,1.37529,1.37529,0,1
1754786220000,1754786279000,1.37529,1.37529,1.37529,1.37529,0,1
1754786280000,1754786339000,1.37529,1.37529,1.37529,1.37529,0,1
1754786340000,1754786399000,1.37529,1.37529,1.37529,1.37529,0,1
1754786400000,1754786459000,1.37529,1.37529,1.37529,1.37529,0,1
1754786460000,1754786519000,1.37529,1.37529,1.37529,1.37529,0,1
1754786520000,1754786579000,1.37529,1.37529,1.37529,1.37529,0,1
1754786580000,1754786639000,1.37529,1.37529,1.37529,1.37529,0,1
1754786640000,1754786699000,1.37529,1.37529,1.37529,1.37529,0,1
1754786700000,1754786759000,1.37529,1.37529,1.37529,1.37529,0,1
1754786760000,1754786819000,1.37529,1.37529,1.37529,1.37529,0,1
1754786820000,1754786879000,1.37529,1.37529,1.37529,1.37529,0,1
1754786880000,1754786939000,1.37529,1.37529,1.37529,1.37529,0,1
1754786940000,1754786999000,1.37529,1.37529,1.37529,1.37529,0,1
1754787000000,1754787059000,1.37529,1.37529,1.37529,1.37529,0,1
1754787060000,1754787119000,1.37529,1.37529,1.37529,1.37529,0,1
1754787120000,1754787179000,1.37529,1.37529,1.37529,1.37529,0,1
1754787180000,1754787239000,1.37529,1.37529,1.37529,1.37529,0,1
1754787240000,1754787299000,1.37529,1.37529,1.37529,1.37529,0,1
1754787300000,1754787359000,1.37529,1.37529,1.37529,1.37529,0,1
1754787360000,1754787419000,1.37529,1.37529,1.37529,1.37529,0,1
1754787420000,1754787479000,1.37529,1.37529,1.37529,1.37529,0,1
1754787480000,1754787539000,1.37529,1.37529,1.37529,1.37529,0,1
1754787540000,1754787599000,1.37529,1.37529,1.37529,1.37529,0,1
1754787600000,1754787659000,1.37529,1.37529,1.37529,1.37529,0,1
1754787660000,1754787719000,1.37529,1.37529,1.37529,1.37529,0,1
1754787720000,1754787779000,1.37529,1.37529,1.37529,1.37529,0,1
1754787780000,1754787839000,1.37529,1.37529,1.37529,1.37529,0,1
1754787840000,1754787899000,1.37529,1.37529,1.37529,1.37529,0,1
1754787900000,1754787959000,1.37529,1.37529,1.37529,1.37529,0,1
1754787960000,1754788019000,1.37529,1.37529,1.37529,1.37529,0,1
1754788020000,1754788079000,1.37529,1.37529,1.37529,1.37529,0,1
1754788080000,1754788139000,1.37529,1.37529,1.37529,1.37529,0,1
1754788140000,1754788199000,1.37529,1.37529,1.37529,1.37529,0,1
1754788200000,1754788259000,1.37529,1.37529,1.37529,1.37529,0,1
1754788260000,1754788319000,1.37529,1.37529,1.37529,1.37529,0,1
1754788320000,1754788379000,1.37529,1.37529,1.37529,1.37529,0,1
1754788380000,1754788439000,1.37529,1.37529,1.37529,1.37529,0,1
1754788440000,1754788499000,1.37529,1.37529,1.37529,1.37529,0,1
1754788500000,1754788559000,1.37529,1.37529,1.37529,1.37529,0,1
1754788560000,1754788619000,1.37529,1.37529,1.37529,1.37529,0,1
1754788620000,1754788679000,1.37529,1.37529,1.37529,1.37529,0,1
1754788680000,1754788739000,1.37529,1.37529,1.37529,1.37529,0,1
1754788740000,1754788799000,1.37529,1.37529,1.37529,1.37529,0,1
1754788800000,1754788859000,1.37529,1.37529,1.37529,1.37529,0,1
1754788860000,1754788919000,1.37529,1.37529,1.37529,1.37529,0,1
1754788920000,1754788979000,1.37529,1.37529,1.37529,1.37529,0,1
1754788980000,1754789039000,1.37529,1.37529,1.37529,1.37529,0,1
1754789040000,1754789099000,1.37529,1.37529,1.37529,1.37529,0,1
1754789100000,1754789159000,1.37529,1.37529,1.37529,1.37529,0,1
1754789160000,1754789219000,1.37529,1.37529,1.37529,1.37529,0,1
1754789220000,1754789279000,1.37529,1.37529,1.37529,1.37529,0,1
1754789280000,1754789339000,1.37529,1.37529,1.37529,1.37529,0,1
1754789340000,1754789399000,1.37529,1.37529,1.37529,1.37529,0,1
1754789400000,1754789459000,1.37529,1.37529,1.37529,1.37529,0,1
1754789460000,1754789519000,1.37529,1.37529,1.37529,1.37529,0,1
1754789520000,1754789579000,1.37529,1.37529,1.37529,1.37529,0,1
1754789580000,1754789639000,1.37529,1.37529,1.37529,1.37529,0,1
1754789640000,1754789699000,1.37529,1.37529,1.37529,1.37529,0,1
1754789700000,1754789759000,1.37529,1.37529,1.37529,1.37529,0,1
1754789760000,1754789819000,1.37529,1.37529,1.37529,1.37529,0,1
1754789820000,1754789879000,1.37529,1.37529,1.37529,1.37529,0,1
1754789880000,1754789939000,1.37529,1.37529,1.37529,1.37529,0,1
1754789940000,1754789999000,1.37529,1.37529,1.37529,1.37529,0,1
1754790000000,1754790059000,1.37529,1.37529,1.37529,1.37529,0,1
1754790060000,1754790119000,1.37529,1.37529,1.37529,1.37529,0,1
1754790120000,1754790179000,1.37529,1.37529,1.37529,1.37529,0,1
1754790180000,1754790239000,1.37529,1.37529,1.37529,1.37529,0,1
1754790240000,1754790299000,1.37529,1.37529,1.37529,1.37529,0,1
1754790300000,1754790359000,1.37529,1.37529,1.37529,1.37529,0,1
1754790360000,1754790419000,1.37529,1.37529,1.37529,1.37529,0,1
1754790420000,1754790479000,1.37529,1.37529,1.37529,1.37529,0,1
1754790480000,1754790539000,1.37529,1.37529,1.37529,1.37529,0,1
1754790540000,1754790599000,1.37529,1.37529,1.37529,1.37529,0,1
1754790600000,1754790659000,1.37529,1.37529,1.37529,1.37529,0,1
1754790660000,1754790719000,1.37529,1.37529,1.37529,1.37529,0,1
1754790720000,1754790779000,1.37529,1.37529,1.37529,1.37529,0,1
1754790780000,1754790839000,1.37529,1.37529,1.37529,1.37529,0,1
1754790840000,1754790899000,1.37529,1.37529,1.37529,1.37529,0,1
1754790900000,1754790959000,1.37529,1.37529,1.37529,1.37529,0,1
1754790960000,1754791019000,1.37529,1.37529,1.37529,1.37529,0,1
1754791020000,1754791079000,1.37529,1.37529,1.37529,1.37529,0,1
1754791080000,1754791139000,1.37529,1.37529,1.37529,1.37529,0,1
1754791140000,1754791199000,1.37529,1.37529,1.37529,1.37529,0,1
1754791200000,1754791259000,1.37529,1.37529,1.37529,1.37529,0,1
1754791260000,1754791319000,1.37529,1.37529,1.37529,1.37529,0,1
1754791320000,1754791379000,1.37529,1.37529,1.37529,1.37529,0,1
1754791380000,1754791439000,1.37529,1.37529,1.37529,1.37529,0,1
1754791440000,1754791499000,1.37529,1.37529,1.37529,1.37529,0,1
1754791500000,1754791559000,1.37529,1.37529,1.37529,1.37529,0,1
1754791560000,1754791619000,1.37529,1.37529,1.37529,1.37529,0,1
1754791620000,1754791679000,1.37529,1.37529,1.37529,1.37529,0,1
1754791680000,1754791739000,1.37529,1.37529,1.37529,1.37529,0,1
1754791740000,1754791799000,1.37529,1.37529,1.37529,1.37529,0,1
1754791800000,1754791859000,1.37529,1.37529,1.37529,1.37529,0,1
1754791860000,1754791919000,1.37529,1.37529,1.37529,1.37529,0,1
1754791920000,1754791979000,1.37529,1.37529,1.37529,1.37529,0,1
1754791980000,1754792039000,1.37529,1.37529,1.37529,1.37529,0,1
1754792040000,1754792099000,1.37529,1.37529,1.37529,1.37529,0,1
1754792100000,1754792159000,1.37529,1.37529,1.37529,1.37529,0,1
1754792160000,1754792219000,1.37529,1.37529,1.37529,1.37529,0,1
1754792220000,1754792279000,1.37529,1.37529,1.37529,1.37529,0,1
1754792280000,1754792339000,1.37529,1.37529,1.37529,1.37529,0,1
1754792340000,1754792399000,1.37529,1.37529,1.37529,1.37529,0,1
1754792400000,1754792459000,1.37529,1.37529,1.37529,1.37529,0,1
1754792460000,1754792519000,1.37529,1.37529,1.37529,1.37529,0,1
1754792520000,1754792579000,1.37529,1.37529,1.37529,1.37529,0,1
1754792580000,1754792639000,1.37529,1.37529,1.37529,1.37529,0,1
1754792640000,1754792699000,1.37529,1.37529,1.37529,1.37529,0,1
1754792700000,1754792759000,1.37529,1.37529,1.37529,1.37529,0,1
1754792760000,1754792819000,1.37529,1.37529,1.37529,1.37529,0,1
1754792820000,1754792879000,1.37529,1.37529,1.37529,1.37529,0,1
1754792880000,1754792939000,1.37529,1.37529,1.37529,1.37529,0,1
1754792940000,1754792999000,1.37529,1.37529,1.37529,1.37529,0,1
1754793000000,1754793059000,1.37529,1.37529,1.37529,1.37529,0,1
1754793060000,1754793119000,1.37529,1.37529,1.37529,1.37529,0,1
1754793120000,1754793179000,1.37529,1.37529,1.37529,1.37529,0,1
1754793180000,1754793239000,1.37529,1.37529,1.37529,1.37529,0,1
1754793240000,1754793299000,1.37529,1.37529,1.37529,1.37529,0,1
1754793300000,1754793359000,1.37529,1.37529,1.37529,1.37529,0,1
1754793360000,1754793419000,1.37529,1.37529,1.37529,1.37529,0,1
1754793420000,1754793479000,1.37529,1.37529,1.37529,1.37529,0,1
1754793480000,1754793539000,1.37529,1.37529,1.37529,1.37529,0,1
1754793540000,1754793599000,1.37529,1.37529,1.37529,1.37529,0,1
1754793600000,1754793659000,1.37529,1.37529,1.37529,1.37529,0,1
1754793660000,1754793719000,1.37529,1.37529,1.37529,1.37529,0,1
1754793720000,1754793779000,1.37529,1.37529,1.37529,1.37529,0,1
1754793780000,1754793839000,1.37529,1.37529,1.37529,1.37529,0,1
1754793840000,1754793899000,1.37529,1.37529,1.37529,1.37529,0,1
1754793900000,1754793959000,1.37529,1.37529,1.37529,1.37529,0,1
1754793960000,1754794019000,1.37529,1.37529,1.37529,1.37529,0,1
1754794020000,1754794079000,1.37529,1.37529,1.37529,1.37529,0,1
1754794080000,1754794139000,1.37529,1.37529,1.37529,1.37529,0,1
1754794140000,1754794199000,1.37529,1.37529,1.37529,1.37529,0,1
1754794200000,1754794259000,1.37529,1.37529,1.37529,1.37529,0,1
1754794260000,1754794319000,1.37529,1.37529,1.37529,1.37529,0,1
1754794320000,1754794379000,1.37529,1.37529,1.37529,1.37529,0,1
1754794380000,1754794439000,1.37529,1.37529,1.37529,1.37529,0,1
1754794440000,1754794499000,1.37529,1.37529,1.37529,1.37529,0,1
1754794500000,1754794559000,1.37529,1.37529,1.37529,1.37529,0,1
1754794560000,1754794619000,1.37529,1.37529,1.37529,1.37529,0,1
1754794620000,1754794679000,1.37529,1.37529,1.37529,1.37529,0,1
1754794680000,1754794739000,1.37529,1.37529,1.37529,1.37529,0,1
1754794740000,1754794799000,1.37529,1.37529,1.37529,1.37529,0,1
1754794800000,1754794859000,1.37529,1.37529,1.37529,1.37529,0,1
1754794860000,1754794919000,1.37529,1.37529,1.37529,1.37529,0,1
1754794920000,1754794979000,1.37529,1.37529,1.37529,1.37529,0,1
1754794980000,1754795039000,1.37529,1.37529,1.37529,1.37529,0,1
1754795040000,1754795099000,1.37529,1.37529,1.37529,1.37529,0,1
1754795100000,1754795159000,1.37529,1.37529,1.37529,1.37529,0,1
1754795160000,1754795219000,1.37529,1.37529,1.37529,1.37529,0,1
1754795220000,1754795279000,1.37529,1.37529,1.37529,1.37529,0,1
1754795280000,1754795339000,1.37529,1.37529,1.37529,1.37529,0,1
1754795340000,1754795399000,1.37529,1.37529,1.37529,1.37529,0,1
1754795400000,1754795459000,1.37529,1.37529,1.37529,1.37529,0,1
1754795460000,1754795519000,1.37529,1.37529,1.37529,1.37529,0,1
1754795520000,1754795579000,1.37529,1.37529,1.37529,1.37529,0,1
1754795580000,1754795639000,1.37529,1.37529,1.37529,1.37529,0,1
1754795640000,1754795699000,1.37529,1.37529,1.37529,1.37529,0,1
1754795700000,1754795759000,1.37529,1.37529,1.37529,1.37529,0,1
1754795760000,1754795819000,1.37529,1.37529,1.37529,1.37529,0,1
1754795820000,1754795879000,1.37529,1.37529,1.37529,1.37529,0,1
1754795880000,1754795939000,1.37529,1.37529,1.37529,1.37529,0,1
1754795940000,1754795999000,1.37529,1.37529,1.37529,1.37529,0,1
1754796000000,1754796059000,1.37529,1.37529,1.37529,1.37529,0,1
1754796060000,1754796119000,1.37529,1.37529,1.37529,1.37529,0,1
1754796120000,1754796179000,1.37529,1.37529,1.37529,1.37529,0,1
1754796180000,1754796239000,1.37529,1.37529,1.37529,1.37529,0,1
1754796240000,1754796299000,1.37529,1.37529,1.37529,1.37529,0,1
1754796300000,1754796359000,1.37529,1.37529,1.37529,1.37529,0,1
1754796360000,1754796419000,1.37529,1.37529,1.37529,1.37529,0,1
1754796420000,1754796479000,1.37529,1.37529,1.37529,1.37529,0,1
1754796480000,1754796539000,1.37529,1.37529,1.37529,1.37529,0,1
1754796540000,1754796599000,1.37529,1.37529,1.37529,1.37529,0,1
1754796600000,1754796659000,1.37529,1.37529,1.37529,1.37529,0,1
1754796660000,1754796719000,1.37529,1.37529,1.37529,1.37529,0,1
1754796720000,1754796779000,1.37529,1.37529,1.37529,1.37529,0,1
1754796780000,1754796839000,1.37529,1.37529,1.37529,1.37529,0,1
1754796840000,1754796899000,1.37529,1.37529,1.37529,1.37529,0,1
1754796900000,1754796959000,1.37529,1.37529,1.37529,1.37529,0,1
1754796960000,1754797019000,1.37529,1.37529,1.37529,1.37529,0,1
1754797020000,1754797079000,1.37529,1.37529,1.37529,1.37529,0,1
1754797080000,1754797139000,1.37529,1.37529,1.37529,1.37529,0,1
1754797140000,1754797199000,1.37529,1.37529,1.37529,1.37529,0,1
1754797200000,1754797259000,1.37529,1.37529,1.37529,1.37529,0,1
1754797260000,1754797319000,1.37529,1.37529,1.37529,1.37529,0,1
1754797320000,1754797379000,1.37529,1.37529,1.37529,1.37529,0,1
1754797380000,1754797439000,1.37529,1.37529,1.37529,1.37529,0,1
1754797440000,1754797499000,1.37529,1.37529,1.37529,1.37529,0,1
1754797500000,1754797559000,1.37529,1.37529,1.37529,1.37529,0,1
1754797560000,1754797619000,1.37529,1.37529,1.37529,1.37529,0,1
1754797620000,1754797679000,1.37529,1.37529,1.37529,1.37529,0,1
1754797680000,1754797739000,1.37529,1.37529,1.37529,1.37529,0,1
1754797740000,1754797799000,1.37529,1.37529,1.37529,1.37529,0,1
1754797800000,1754797859000,1.37529,1.37529,1.37529,1.37529,0,1
1754797860000,1754797919000,1.37529,1.37529,1.37529,1.37529,0,1
1754797920000,1754797979000,1.37529,1.37529,1.37529,1.37529,0,1
1754797980000,1754798039000,1.37529,1.37529,1.37529,1.37529,0,1
1754798040000,1754798099000,1.37529,1.37529,1.37529,1.37529,0,1
1754798100000,1754798159000,1.37529,1.37529,1.37529,1.37529,0,1
1754798160000,1754798219000,1.37529,1.37529,1.37529,1.37529,0,1
1754798220000,1754798279000,1.37529,1.37529,1.37529,1.37529,0,1
1754798280000,1754798339000,1.37529,1.37529,1.37529,1.37529,0,1
1754798340000,1754798399000,1.37529,1.37529,1.37529,1.37529,0,1
1754798400000,1754798459000,1.37529,1.37529,1.37529,1.37529,0,1
1754798460000,1754798519000,1.37529,1.37529,1.37529,1.37529,0,1
1754798520000,1754798579000,1.37529,1.37529,1.37529,1.37529,0,1
1754798580000,1754798639000,1.37529,1.37529,1.37529,1.37529,0,1
1754798640000,1754798699000,1.37529,1.37529,1.37529,1.37529,0,1
1754798700000,1754798759000,1.37529,1.37529,1.37529,1.37529,0,1
1754798760000,1754798819000,1.37529,1.37529,1.37529,1.37529,0,1
1754798820000,1754798879000,1.37529,1.37529,1.37529,1.37529,0,1
1754798880000,1754798939000,1.37529,1.37529,1.37529,1.37529,0,1
1754798940000,1754798999000,1.37529,1.37529,1.37529,1.37529,0,1
1754799000000,1754799059000,1.37529,1.37529,1.37529,1.37529,0,1
1754799060000,1754799119000,1.37529,1.37529,1.37529,1.37529,0,1
1754799120000,1754799179000,1.37529,1.37529,1.37529,1.37529,0,1
1754799180000,1754799239000,1.37529,1.37529,1.37529,1.37529,0,1
1754799240000,1754799299000,1.37529,1.37529,1.37529,1.37529,0,1
1754799300000,1754799359000,1.37529,1.37529,1.37529,1.37529,0,1
1754799360000,1754799419000,1.37529,1.37529,1.37529,1.37529,0,1
1754799420000,1754799479000,1.37529,1.37529,1.37529,1.37529,0,1
1754799480000,1754799539000,1.37529,1.37529,1.37529,1.37529,0,1
1754799540000,1754799599000,1.37529,1.37529,1.37529,1.37529,0,1
1754799600000,1754799659000,1.37529,1.37529,1.37529,1.37529,0,1
1754799660000,1754799719000,1.37529,1.37529,1.37529,1.37529,0,1
1754799720000,1754799779000,1.37529,1.37529,1.37529,1.37529,0,1
1754799780000,1754799839000,1.37529,1.37529,1.37529,1.37529,0,1
1754799840000,1754799899000,1.37529,1.37529,1.37529,1.37529,0,1
1754799900000,1754799959000,1.37529,1.37529,1.37529,1.37529,0,1
1754799960000,1754800019000,1.37529,1.37529,1.37529,1.37529,0,1
1754800020000,1754800079000,1.37529,1.37529,1.37529,1.37529,0,1
1754800080000,1754800139000,1.37529,1.37529,1.37529,1.37529,0,1
1754800140000,1754800199000,1.37529,1.37529,1.37529,1.37529,0,1
1754800200000,1754800259000,1.37529,1.37529,1.37529,1.37529,0,1
1754800260000,1754800319000,1.37529,1.37529,1.37529,1.37529,0,1
1754800320000,1754800379000,1.37529,1.37529,1.37529,1.37529,0,1
1754800380000,1754800439000,1.37529,1.37529,1.37529,1.37529,0,1
1754800440000,1754800499000,1.37529,1.37529,1.37529,1.37529,0,1
1754800500000,1754800559000,1.37529,1.37529,1.37529,1.37529,0,1
1754800560000,1754800619000,1.37529,1.37529,1.37529,1.37529,0,1
1754800620000,1754800679000,1.37529,1.37529,1.37529,1.37529,0,1
1754800680000,1754800739000,1.37529,1.37529,1.37529,1.37529,0,1
1754800740000,1754800799000,1.37529,1.37529,1.37529,1.37529,0,1
1754800800000,1754800859000,1.37529,1.37529,1.37529,1.37529,0,1
1754800860000,1754800919000,1.37529,1.37529,1.37529,1.37529,0,1
1754800920000,1754800979000,1.37529,1.37529,1.37529,1.37529,0,1
1754800980000,1754801039000,1.37529,1.37529,1.37529,1.37529,0,1
1754801040000,1754801099000,1.37529,1.37529,1.37529,1.37529,0,1
1754801100000,1754801159000,1.37529,1.37529,1.37529,1.37529,0,1
1754801160000,1754801219000,1.37529,1.37529,1.37529,1.37529,0,1
1754801220000,1754801279000,1.37529,1.37529,1.37529,1.37529,0,1
1754801280000,1754801339000,1.37529,1.37529,1.37529,1.37529,0,1
1754801340000,1754801399000,1.37529,1.37529,1.37529,1.37529,0,1
1754801400000,1754801459000,1.37529,1.37529,1.37529,1.37529,0,1
1754801460000,1754801519000,1.37529,1.37529,1.37529,1.37529,0,1
1754801520000,1754801579000,1.37529,1.37529,1.37529,1.37529,0,1
1754801580000,1754801639000,1.37529,1.37529,1.37529,1.37529,0,1
1754801640000,1754801699000,1.37529,1.37529,1.37529,1.37529,0,1
1754801700000,1754801759000,1.37529,1.37529,1.37529,1.37529,0,1
1754801760000,1754801819000,1.37529,1.37529,1.37529,1.37529,0,1
1754801820000,1754801879000,1.37529,1.37529,1.37529,1.37529,0,1
1754801880000,1754801939000,1.37529,1.37529,1.37529,1.37529,0,1
1754801940000,1754801999000,1.37529,1.37529,1.37529,1.37529,0,1
1754802000000,1754802059000,1.37529,1.37529,1.37529,1.37529,0,1
1754802060000,1754802119000,1.37529,1.37529,1.37529,1.37529,0,1
1754802120000,1754802179000,1.37529,1.37529,1.37529,1.37529,0,1
1754802180000,1754802239000,1.37529,1.37529,1.37529,1.37529,0,1
1754802240000,1754802299000,1.37529,1.37529,1.37529,1.37529,0,1
1754802300000,1754802359000,1.37529,1.37529,1.37529,1.37529,0,1
1754802360000,1754802419000,1.37529,1.37529,1.37529,1.37529,0,1
1754802420000,1754802479000,1.37529,1.37529,1.37529,1.37529,0,1
1754802480000,1754802539000,1.37529,1.37529,1.37529,1.37529,0,1
1754802540000,1754802599000,1.37529,1.37529,1.37529,1.37529,0,1
1754802600000,1754802659000,1.37529,1.37529,1.37529,1.37529,0,1
1754802660000,1754802719000,1.37529,1.37529,1.37529,1.37529,0,1
1754802720000,1754802779000,1.37529,1.37529,1.37529,1.37529,0,1
1754802780000,1754802839000,1.37529,1.37529,1.37529,1.37529,0,1
1754802840000,1754802899000,1.37529,1.37529,1.37529,1.37529,0,1
1754802900000,1754802959000,1.37529,1.37529,1.37529,1.37529,0,1
1754802960000,1754803019000,1.37529,1.37529,1.37529,1.37529,0,1
1754803020000,1754803079000,1.37529,1.37529,1.37529,1.37529,0,1
1754803080000,1754803139000,1.37529,1.37529,1.37529,1.37529,0,1
1754803140000,1754803199000,1.37529,1.37529,1.37529,1.37529,0,1
1754803200000,1754803259000,1.37529,1.37529,1.37529,1.37529,0,1
1754803260000,1754803319000,1.37529,1.37529,1.37529,1.37529,0,1
1754803320000,1754803379000,1.37529,1.37529,1.37529,1.37529,0,1
1754803380000,1754803439000,1.37529,1.37529,1.37529,1.37529,0,1
1754803440000,1754803499000,1.37529,1.37529,1.37529,1.37529,0,1
1754803500000,1754803559000,1.37529,1.37529,1.37529,1.37529,0,1
1754803560000,1754803619000,1.37529,1.37529,1.37529,1.37529,0,1
1754803620000,1754803679000,1.37529,1.37529,1.37529,1.37529,0,1
1754803680000,1754803739000,1.37529,1.37529,1.37529,1.37529,0,1
1754803740000,1754803799000,1.37529,1.37529,1.37529,1.37529,0,1
1754803800000,1754803859000,1.37529,1.37529,1.37529,1.37529,0,1
1754803860000,1754803919000,1.37529,1.37529,1.37529,1.37529,0,1
1754803920000,1754803979000,1.37529,1.37529,1.37529,1.37529,0,1
1754803980000,1754804039000,1.37529,1.37529,1.37529,1.37529,0,1
1754804040000,1754804099000,1.37529,1.37529,1.37529,1.37529,0,1
1754804100000,1754804159000,1.37529,1.37529,1.37529,1.37529,0,1
1754804160000,1754804219000,1.37529,1.37529,1.37529,1.37529,0,1
1754804220000,1754804279000,1.37529,1.37529,1.37529,1.37529,0,1
1754804280000,1754804339000,1.37529,1.37529,1.37529,1.37529,0,1
1754804340000,1754804399000,1.37529,1.37529,1.37529,1.37529,0,1
1754804400000,1754804459000,1.37529,1.37529,1.37529,1.37529,0,1
1754804460000,1754804519000,1.37529,1.37529,1.37529,1.37529,0,1
1754804520000,1754804579000,1.37529,1.37529,1.37529,1.37529,0,1
1754804580000,1754804639000,1.37529,1.37529,1.37529,1.37529,0,1
1754804640000,1754804699000,1.37529,1.37529,1.37529,1.37529,0,1
1754804700000,1754804759000,1.37529,1.37529,1.37529,1.37529,0,1
1754804760000,1754804819000,1.37529,1.37529,1.37529,1.37529,0,1
1754804820000,1754804879000,1.37529,1.37529,1.37529,1.37529,0,1
1754804880000,1754804939000,1.37529,1.37529,1.37529,1.37529,0,1
1754804940000,1754804999000,1.37529,1.37529,1.37529,1.37529,0,1
1754805000000,1754805059000,1.37529,1.37529,1.37529,1.37529,0,1
1754805060000,1754805119000,1.37529,1.37529,1.37529,1.37529,0,1
1754805120000,1754805179000,1.37529,1.37529,1.37529,1.37529,0,1
1754805180000,1754805239000,1.37529,1.37529,1.37529,1.37529,0,1
1754805240000,1754805299000,1.37529,1.37529,1.37529,1.37529,0,1
1754805300000,1754805359000,1.37529,1.37529,1.37529,1.37529,0,1
1754805360000,1754805419000,1.37529,1.37529,1.37529,1.37529,0,1
1754805420000,1754805479000,1.37529,1.37529,1.37529,1.37529,0,1
1754805480000,1754805539000,1.37529,1.37529,1.37529,1.37529,0,1
1754805540000,1754805599000,1.37529,1.37529,1.37529,1.37529,0,1
1754805600000,1754805659000,1.37529,1.37529,1.37529,1.37529,0,1
1754805660000,1754805719000,1.37529,1.37529,1.37529,1.37529,0,1
1754805720000,1754805779000,1.37529,1.37529,1.37529,1.37529,0,1
1754805780000,1754805839000,1.37529,1.37529,1.37529,1.37529,0,1
1754805840000,1754805899000,1.37529,1.37529,1.37529,1.37529,0,1
1754805900000,1754805959000,1.37529,1.37529,1.37529,1.37529,0,1
1754805960000,1754806019000,1.37529,1.37529,1.37529,1.37529,0,1
1754806020000,1754806079000,1.37529,1.37529,1.37529,1.37529,0,1
1754806080000,1754806139000,1.37529,1.37529,1.37529,1.37529,0,1
1754806140000,1754806199000,1.37529,1.37529,1.37529,1.37529,0,1
1754806200000,1754806259000,1.37529,1.37529,1.37529,1.37529,0,1
1754806260000,1754806319000,1.37529,1.37529,1.37529,1.37529,0,1
1754806320000,1754806379000,1.37529,1.37529,1.37529,1.37529,0,1
1754806380000,1754806439000,1.37529,1.37529,1.37529,1.37529,0,1
1754806440000,1754806499000,1.37529,1.37529,1.37529,1.37529,0,1
1754806500000,1754806559000,1.37529,1.37529,1.37529,1.37529,0,1
1754806560000,1754806619000,1.37529,1.37529,1.37529,1.37529,0,1
1754806620000,1754806679000,1.37529,1.37529,1.37529,1.37529,0,1
1754806680000,1754806739000,1.37529,1.37529,1.37529,1.37529,0,1
1754806740000,1754806799000,1.37529,1.37529,1.37529,1.37529,0,1
1754806800000,1754806859000,1.37529,1.37529,1.37529,1.37529,0,1
1754806860000,1754806919000,1.37529,1.37529,1.37529,1.37529,0,1
1754806920000,1754806979000,1.37529,1.37529,1.37529,1.37529,0,1
1754806980000,1754807039000,1.37529,1.37529,1.37529,1.37529,0,1
1754807040000,1754807099000,1.37529,1.37529,1.37529,1.37529,0,1
1754807100000,1754807159000,1.37529,1.37529,1.37529,1.37529,0,1
1754807160000,1754807219000,1.37529,1.37529,1.37529,1.37529,0,1
1754807220000,1754807279000,1.37529,1.37529,1.37529,1.37529,0,1
1754807280000,1754807339000,1.37529,1.37529,1.37529,1.37529,0,1
1754807340000,1754807399000,1.37529,1.37529,1.37529,1.37529,0,1
1754807400000,1754807459000,1.37529,1.37529,1.37529,1.37529,0,1
1754807460000,1754807519000,1.37529,1.37529,1.37529,1.37529,0,1
1754807520000,1754807579000,1.37529,1.37529,1.37529,1.37529,0,1
1754807580000,1754807639000,1.37529,1.37529,1.37529,1.37529,0,1
1754807640000,1754807699000,1.37529,1.37529,1.37529,1.37529,0,1
1754807700000,1754807759000,1.37529,1.37529,1.37529,1.37529,0,1
1754807760000,1754807819000,1.37529,1.37529,1.37529,1.37529,0,1
1754807820000,1754807879000,1.37529,1.37529,1.37529,1.37529,0,1
1754807880000,1754807939000,1.37529,1.37529,1.37529,1.37529,0,1
1754807940000,1754807999000,1.37529,1.37529,1.37529,1.37529,0,1
1754808000000,1754808059000,1.37529,1.37529,1.37529,1.37529,0,1
1754808060000,1754808119000,1.37529,1.37529,1.37529,1.37529,0,1
1754808120000,1754808179000,1.37529,1.37529,1.37529,1.37529,0,1
1754808180000,1754808239000,1.37529,1.37529,1.37529,1.37529,0,1
1754808240000,1754808299000,1.37529,1.37529,1.37529,1.37529,0,1
1754808300000,1754808359000,1.37529,1.37529,1.37529,1.37529,0,1
1754808360000,1754808419000,1.37529,1.37529,1.37529,1.37529,0,1
1754808420000,1754808479000,1.37529,1.37529,1.37529,1.37529,0,1
1754808480000,1754808539000,1.37529,1.37529,1.37529,1.37529,0,1
1754808540000,1754808599000,1.37529,1.37529,1.37529,1.37529,0,1
1754808600000,1754808659000,1.37529,1.37529,1.37529,1.37529,0,1
1754808660000,1754808719000,1.37529,1.37529,1.37529,1.37529,0,1
1754808720000,1754808779000,1.37529,1.37529,1.37529,1.37529,0,1
1754808780000,1754808839000,1.37529,1.37529,1.37529,1.37529,0,1
1754808840000,1754808899000,1.37529,1.37529,1.37529,1.37529,0,1
1754808900000,1754808959000,1.37529,1.37529,1.37529,1.37529,0,1
1754808960000,1754809019000,1.37529,1.37529,1.37529,1.37529,0,1
1754809020000,1754809079000,1.37529,1.37529,1.37529,1.37529,0,1
1754809080000,1754809139000,1.37529,1.37529,1.37529,1.37529,0,1
1754809140000,1754809199000,1.37529,1.37529,1.37529,1.37529,0,1
1754809200000,1754809259000,1.37529,1.37529,1.37529,1.37529,0,1
1754809260000,1754809319000,1.37529,1.37529,1.37529,1.37529,0,1
1754809320000,1754809379000,1.37529,1.37529,1.37529,1.37529,0,1
1754809380000,1754809439000,1.37529,1.37529,1.37529,1.37529,0,1
1754809440000,1754809499000,1.37529,1.37529,1.37529,1.37529,0,1
1754809500000,1754809559000,1.37529,1.37529,1.37529,1.37529,0,1
1754809560000,1754809619000,1.37529,1.37529,1.37529,1.37529,0,1
1754809620000,1754809679000,1.37529,1.37529,1.37529,1.37529,0,1
1754809680000,1754809739000,1.37529,1.37529,1.37529,1.37529,0,1
1754809740000,1754809799000,1.37529,1.37529,1.37529,1.37529,0,1
1754809800000,1754809859000,1.37529,1.37529,1.37529,1.37529,0,1
1754809860000,1754809919000,1.37529,1.37529,1.37529,1.37529,0,1
1754809920000,1754809979000,1.37529,1.37529,1.37529,1.37529,0,1
1754809980000,1754810039000,1.37529,1.37529,1.37529,1.37529,0,1
1754810040000,1754810099000,1.37529,1.37529,1.37529,1.37529,0,1
1754810100000,1754810159000,1.37529,1.37529,1.37529,1.37529,0,1
1754810160000,1754810219000,1.37529,1.37529,1.37529,1.37529,0,1
1754810220000,1754810279000,1.37529,1.37529,1.37529,1.37529,0,1
1754810280000,1754810339000,1.37529,1.37529,1.37529,1.37529,0,1
1754810340000,1754810399000,1.37529,1.37529,1.37529,1.37529,0,1
1754810400000,1754810459000,1.37529,1.37529,1.37529,1.37529,0,1
1754810460000,1754810519000,1.37529,1.37529,1.37529,1.37529,0,1
1754810520000,1754810579000,1.37529,1.37529,1.37529,1.37529,0,1
1754810580000,1754810639000,1.37529,1.37529,1.37529,1.37529,0,1
1754810640000,1754810699000,1.37529,1.37529,1.37529,1.37529,0,1
1754810700000,1754810759000,1.37529,1.37529,1.37529,1.37529,0,1
1754810760000,1754810819000,1.37529,1.37529,1.37529,1.37529,0,1
1754810820000,1754810879000,1.37529,1.37529,1.37529,1.37529,0,1
1754810880000,1754810939000,1.37529,1.37529,1.37529,1.37529,0,1
1754810940000,1754810999000,1.37529,1.37529,1.37529,1.37529,0,1
1754811000000,1754811059000,1.37529,1.37529,1.37529,1.37529,0,1
1754811060000,1754811119000,1.37529,1.37529,1.37529,1.37529,0,1
1754811120000,1754811179000,1.37529,1.37529,1.37529,1.37529,0,1
1754811180000,1754811239000,1.37529,1.37529,1.37529,1.37529,0,1
1754811240000,1754811299000,1.37529,1.37529,1.37529,1.37529,0,1
1754811300000,1754811359000,1.37529,1.37529,1.37529,1.37529,0,1
1754811360000,1754811419000,1.37529,1.37529,1.37529,1.37529,0,1
1754811420000,1754811479000,1.37529,1.37529,1.37529,1.37529,0,1
1754811480000,1754811539000,1.37529,1.37529,1.37529,1.37529,0,1
1754811540000,1754811599000,1.37529,1.37529,1.37529,1.37529,0,1
1754811600000,1754811659000,1.37529,1.37529,1.37529,1.37529,0,1
1754811660000,1754811719000,1.37529,1.37529,1.37529,1.37529,0,1
1754811720000,1754811779000,1.37529,1.37529,1.37529,1.37529,0,1
1754811780000,1754811839000,1.37529,1.37529,1.37529,1.37529,0,1
1754811840000,1754811899000,1.37529,1.37529,1.37529,1.37529,0,1
1754811900000,1754811959000,1.37529,1.37529,1.37529,1.37529,0,1
1754811960000,1754812019000,1.37529,1.37529,1.37529,1.37529,0,1
1754812020000,1754812079000,1.37529,1.37529,1.37529,1.37529,0,1
1754812080000,1754812139000,1.37529,1.37529,1.37529,1.37529,0,1
1754812140000,1754812199000,1.37529,1.37529,1.37529,1.37529,0,1
1754812200000,1754812259000,1.37529,1.37529,1.37529,1.37529,0,1
1754812260000,1754812319000,1.37529,1.37529,1.37529,1.37529,0,1
1754812320000,1754812379000,1.37529,1.37529,1.37529,1.37529,0,1
1754812380000,1754812439000,1.37529,1.37529,1.37529,1.37529,0,1
1754812440000,1754812499000,1.37529,1.37529,1.37529,1.37529,0,1
1754812500000,1754812559000,1.37529,1.37529,1.37529,1.37529,0,1
1754812560000,1754812619000,1.37529,1.37529,1.37529,1.37529,0,1
1754812620000,1754812679000,1.37529,1.37529,1.37529,1.37529,0,1
1754812680000,1754812739000,1.37529,1.37529,1.37529,1.37529,0,1
1754812740000,1754812799000,1.37529,1.37529,1.37529,1.37529,0,1
1754812800000,1754812859000,1.37529,1.37529,1.37529,1.37529,0,1
1754812860000,1754812919000,1.37529,1.37529,1.37529,1.37529,0,1
1754812920000,1754812979000,1.37529,1.37529,1.37529,1.37529,0,1
1754812980000,1754813039000,1.37529,1.37529,1.37529,1.37529,0,1
1754813040000,1754813099000,1.37529,1.37529,1.37529,1.37529,0,1
1754813100000,1754813159000,1.37529,1.37529,1.37529,1.37529,0,1
1754813160000,1754813219000,1.37529,1.37529,1.37529,1.37529,0,1
1754813220000,1754813279000,1.37529,1.37529,1.37529,1.37529,0,1
1754813280000,1754813339000,1.37529,1.37529,1.37529,1.37529,0,1
1754813340000,1754813399000,1.37529,1.37529,1.37529,1.37529,0,1
1754813400000,1754813459000,1.37529,1.37529,1.37529,1.37529,0,1
1754813460000,1754813519000,1.37529,1.37529,1.37529,1.37529,0,1
1754813520000,1754813579000,1.37529,1.37529,1.37529,1.37529,0,1
1754813580000,1754813639000,1.37529,1.37529,1.37529,1.37529,0,1
1754813640000,1754813699000,1.37529,1.37529,1.37529,1.37529,0,1
1754813700000,1754813759000,1.37529,1.37529,1.37529,1.37529,0,1
1754813760000,1754813819000,1.37529,1.37529,1.37529,1.37529,0,1
1754813820000,1754813879000,1.37529,1.37529,1.37529,1.37529,0,1
1754813880000,1754813939000,1.37529,1.37529,1.37529,1.37529,0,1
1754813940000,1754813999000,1.37529,1.37529,1.37529,1.37529,0,1
1754814000000,1754814059000,1.37529,1.37529,1.37529,1.37529,0,1
1754814060000,1754814119000,1.37529,1.37529,1.37529,1.37529,0,1
1754814120000,1754814179000,1.37529,1.37529,1.37529,1.37529,0,1
1754814180000,1754814239000,1.37529,1.37529,1.37529,1.37529,0,1
1754814240000,1754814299000,1.37529,1.37529,1.37529,1.37529,0,1
1754814300000,1754814359000,1.37529,1.37529,1.37529,1.37529,0,1
1754814360000,1754814419000,1.37529,1.37529,1.37529,1.37529,0,1
1754814420000,1754814479000,1.37529,1.37529,1.37529,1.37529,0,1
1754814480000,1754814539000,1.37529,1.37529,1.37529,1.37529,0,1
1754814540000,1754814599000,1.37529,1.37529,1.37529,1.37529,0,1
1754814600000,1754814659000,1.37529,1.37529,1.37529,1.37529,0,1
1754814660000,1754814719000,1.37529,1.37529,1.37529,1.37529,0,1
1754814720000,1754814779000,1.37529,1.37529,1.37529,1.37529,0,1
1754814780000,1754814839000,1.37529,1.37529,1.37529,1.37529,0,1
1754814840000,1754814899000,1.37529,1.37529,1.37529,1.37529,0,1
1754814900000,1754814959000,1.37529,1.37529,1.37529,1.37529,0,1
1754814960000,1754815019000,1.37529,1.37529,1.37529,1.37529,0,1
1754815020000,1754815079000,1.37529,1.37529,1.37529,1.37529,0,1
1754815080000,1754815139000,1.37529,1.37529,1.37529,1.37529,0,1
1754815140000,1754815199000,1.37529,1.37529,1.37529,1.37529,0,1
1754815200000,1754815259000,1.37529,1.37529,1.37529,1.37529,0,1
1754815260000,1754815319000,1.37529,1.37529,1.37529,1.37529,0,1
1754815320000,1754815379000,1.37529,1.37529,1.37529,1.37529,0,1
1754815380000,1754815439000,1.37529,1.37529,1.37529,1.37529,0,1
1754815440000,1754815499000,1.37529,1.37529,1.37529,1.37529,0,1
1754815500000,1754815559000,1.37529,1.37529,1.37529,1.37529,0,1
1754815560000,1754815619000,1.37529,1.37529,1.37529,1.37529,0,1
1754815620000,1754815679000,1.37529,1.37529,1.37529,1.37529,0,1
1754815680000,1754815739000,1.37529,1.37529,1.37529,1.37529,0,1
1754815740000,1754815799000,1.37529,1.37529,1.37529,1.37529,0,1
1754815800000,1754815859000,1.37529,1.37529,1.37529,1.37529,0,1
1754815860000,1754815919000,1.37529,1.37529,1.37529,1.37529,0,1
1754815920000,1754815979000,1.37529,1.37529,1.37529,1.37529,0,1
1754815980000,1754816039000,1.37529,1.37529,1.37529,1.37529,0,1
1754816040000,1754816099000,1.37529,1.37529,1.37529,1.37529,0,1
1754816100000,1754816159000,1.37529,1.37529,1.37529,1.37529,0,1
1754816160000,1754816219000,1.37529,1.37529,1.37529,1.37529,0,1
1754816220000,1754816279000,1.37529,1.37529,1.37529,1.37529,0,1
1754816280000,1754816339000,1.37529,1.37529,1.37529,1.37529,0,1
1754816340000,1754816399000,1.37529,1.37529,1.37529,1.37529,0,1
1754816400000,1754816459000,1.37529,1.37529,1.37529,1.37529,0,1
1754816460000,1754816519000,1.37529,1.37529,1.37529,1.37529,0,1
1754816520000,1754816579000,1.37529,1.37529,1.37529,1.37529,0,1
1754816580000,1754816639000,1.37529,1.37529,1.37529,1.37529,0,1
1754816640000,1754816699000,1.37529,1.37529,1.37529,1.37529,0,1
1754816700000,1754816759000,1.37529,1.37529,1.37529,1.37529,0,1
1754816760000,1754816819000,1.37529,1.37529,1.37529,1.37529,0,1
1754816820000,1754816879000,1.37529,1.37529,1.37529,1.37529,0,1
1754816880000,1754816939000,1.37529,1.37529,1.37529,1.37529,0,1
1754816940000,1754816999000,1.37529,1.37529,1.37529,1.37529,0,1
1754817000000,1754817059000,1.37529,1.37529,1.37529,1.37529,0,1
1754817060000,1754817119000,1.37529,1.37529,1.37529,1.37529,0,1
1754817120000,1754817179000,1.37529,1.37529,1.37529,1.37529,0,1
1754817180000,1754817239000,1.37529,1.37529,1.37529,1.37529,0,1
1754817240000,1754817299000,1.37529,1.37529,1.37529,1.37529,0,1
1754817300000,1754817359000,1.37529,1.37529,1.37529,1.37529,0,1
1754817360000,1754817419000,1.37529,1.37529,1.37529,1.37529,0,1
1754817420000,1754817479000,1.37529,1.37529,1.37529,1.37529,0,1
1754817480000,1754817539000,1.37529,1.37529,1.37529,1.37529,0,1
1754817540000,1754817599000,1.37529,1.37529,1.37529,1.37529,0,1
1754817600000,1754817659000,1.37529,1.37529,1.37529,1.37529,0,1
1754817660000,1754817719000,1.37529,1.37529,1.37529,1.37529,0,1
1754817720000,1754817779000,1.37529,1.37529,1.37529,1.37529,0,1
1754817780000,1754817839000,1.37529,1.37529,1.37529,1.37529,0,1
1754817840000,1754817899000,1.37529,1.37529,1.37529,1.37529,0,1
1754817900000,1754817959000,1.37529,1.37529,1.37529,1.37529,0,1
1754817960000,1754818019000,1.37529,1.37529,1.37529,1.37529,0,1
1754818020000,1754818079000,1.37529,1.37529,1.37529,1.37529,0,1
1754818080000,1754818139000,1.37529,1.37529,1.37529,1.37529,0,1
1754818140000,1754818199000,1.37529,1.37529,1.37529,1.37529,0,1
1754818200000,1754818259000,1.37529,1.37529,1.37529,1.37529,0,1
1754818260000,1754818319000,1.37529,1.37529,1.37529,1.37529,0,1
1754818320000,1754818379000,1.37529,1.37529,1.37529,1.37529,0,1
1754818380000,1754818439000,1.37529,1.37529,1.37529,1.37529,0,1
1754818440000,1754818499000,1.37529,1.37529,1.37529,1.37529,0,1
1754818500000,1754818559000,1.37529,1.37529,1.37529,1.37529,0,1
1754818560000,1754818619000,1.37529,1.37529,1.37529,1.37529,0,1
1754818620000,1754818679000,1.37529,1.37529,1.37529,1.37529,0,1
1754818680000,1754818739000,1.37529,1.37529,1.37529,1.37529,0,1
1754818740000,1754818799000,1.37529,1.37529,1.37529,1.37529,0,1
1754818800000,1754818859000,1.37529,1.37529,1.37529,1.37529,0,1
1754818860000,1754818919000,1.37529,1.37529,1.37529,1.37529,0,1
1754818920000,1754818979000,1.37529,1.37529,1.37529,1.37529,0,1
1754818980000,1754819039000,1.37529,1.37529,1.37529,1.37529,0,1
1754819040000,1754819099000,1.37529,1.37529,1.37529,1.37529,0,1
1754819100000,1754819159000,1.37529,1.37529,1.37529,1.37529,0,1
1754819160000,1754819219000,1.37529,1.37529,1.37529,1.37529,0,1
1754819220000,1754819279000,1.37529,1.37529,1.37529,1.37529,0,1
1754819280000,1754819339000,1.37529,1.37529,1.37529,1.37529,0,1
1754819340000,1754819399000,1.37529,1.37529,1.37529,1.37529,0,1
1754819400000,1754819459000,1.37529,1.37529,1.37529,1.37529,0,1
1754819460000,1754819519000,1.37529,1.37529,1.37529,1.37529,0,1
1754819520000,1754819579000,1.37529,1.37529,1.37529,1.37529,0,1
1754819580000,1754819639000,1.37529,1.37529,1.37529,1.37529,0,1
1754819640000,1754819699000,1.37529,1.37529,1.37529,1.37529,0,1
1754819700000,1754819759000,1.37529,1.37529,1.37529,1.37529,0,1
1754819760000,1754819819000,1.37529,1.37529,1.37529,1.37529,0,1
1754819820000,1754819879000,1.37529,1.37529,1.37529,1.37529,0,1
1754819880000,1754819939000,1.37529,1.37529,1.37529,1.37529,0,1
1754819940000,1754819999000,1.37529,1.37529,1.37529,1.37529,0,1
1754820000000,1754820059000,1.37529,1.37529,1.37529,1.37529,0,1
1754820060000,1754820119000,1.37529,1.37529,1.37529,1.37529,0,1
1754820120000,1754820179000,1.37529,1.37529,1.37529,1.37529,0,1
1754820180000,1754820239000,1.37529,1.37529,1.37529,1.37529,0,1
1754820240000,1754820299000,1.37529,1.37529,1.37529,1.37529,0,1
1754820300000,1754820359000,1.37529,1.37529,1.37529,1.37529,0,1
1754820360000,1754820419000,1.37529,1.37529,1.37529,1.37529,0,1
1754820420000,1754820479000,1.37529,1.37529,1.37529,1.37529,0,1
1754820480000,1754820539000,1.37529,1.37529,1.37529,1.37529,0,1
1754820540000,1754820599000,1.37529,1.37529,1.37529,1.37529,0,1
1754820600000,1754820659000,1.37529,1.37529,1.37529,1.37529,0,1
1754820660000,1754820719000,1.37529,1.37529,1.37529,1.37529,0,1
1754820720000,1754820779000,1.37529,1.37529,1.37529,1.37529,0,1
1754820780000,1754820839000,1.37529,1.37529,1.37529,1.37529,0,1
1754820840000,1754820899000,1.37529,1.37529,1.37529,1.37529,0,1
1754820900000,1754820959000,1.37529,1.37529,1.37529,1.37529,0,1
1754820960000,1754821019000,1.37529,1.37529,1.37529,1.37529,0,1
1754821020000,1754821079000,1.37529,1.37529,1.37529,1.37529,0,1
1754821080000,1754821139000,1.37529,1.37529,1.37529,1.37529,0,1
1754821140000,1754821199000,1.37529,1.37529,1.37529,1.37529,0,1
1754821200000,1754821259000,1.37529,1.37529,1.37529,1.37529,0,1
1754821260000,1754821319000,1.37529,1.37529,1.37529,1.37529,0,1
1754821320000,1754821379000,1.37529,1.37529,1.37529,1.37529,0,1
1754821380000,1754821439000,1.37529,1.37529,1.37529,1.37529,0,1
1754821440000,1754821499000,1.37529,1.37529,1.37529,1.37529,0,1
1754821500000,1754821559000,1.37529,1.37529,1.37529,1.37529,0,1
1754821560000,1754821619000,1.37529,1.37529,1.37529,1.37529,0,1
1754821620000,1754821679000,1.37529,1.37529,1.37529,1.37529,0,1
1754821680000,1754821739000,1.37529,1.37529,1.37529,1.37529,0,1
1754821740000,1754821799000,1.37529,1.37529,1.37529,1.37529,0,1
1754821800000,1754821859000,1.37529,1.37529,1.37529,1.37529,0,1
1754821860000,1754821919000,1.37529,1.37529,1.37529,1.37529,0,1
1754821920000,1754821979000,1.37529,1.37529,1.37529,1.37529,0,1
1754821980000,1754822039000,1.37529,1.37529,1.37529,1.37529,0,1
1754822040000,1754822099000,1.37529,1.37529,1.37529,1.37529,0,1
1754822100000,1754822159000,1.37529,1.37529,1.37529,1.37529,0,1
1754822160000,1754822219000,1.37529,1.37529,1.37529,1.37529,0,1
1754822220000,1754822279000,1.37529,1.37529,1.37529,1.37529,0,1
1754822280000,1754822339000,1.37529,1.37529,1.37529,1.37529,0,1
1754822340000,1754822399000,1.37529,1.37529,1.37529,1.37529,0,1
1754822400000,1754822459000,1.37529,1.37529,1.37529,1.37529,0,1
1754822460000,1754822519000,1.37529,1.37529,1.37529,1.37529,0,1
1754822520000,1754822579000,1.37529,1.37529,1.37529,1.37529,0,1
1754822580000,1754822639000,1.37529,1.37529,1.37529,1.37529,0,1
1754822640000,1754822699000,1.37529,1.37529,1.37529,1.37529,0,1
1754822700000,1754822759000,1.37529,1.37529,1.37529,1.37529,0,1
1754822760000,1754822819000,1.37529,1.37529,1.37529,1.37529,0,1
1754822820000,1754822879000,1.37529,1.37529,1.37529,1.37529,0,1
1754822880000,1754822939000,1.37529,1.37529,1.37529,1.37529,0,1
1754822940000,1754822999000,1.37529,1.37529,1.37529,1.37529,0,1
1754823000000,1754823059000,1.37529,1.37529,1.37529,1.37529,0,1
1754823060000,1754823119000,1.37529,1.37529,1.37529,1.37529,0,1
1754823120000,1754823179000,1.37529,1.37529,1.37529,1.37529,0,1
1754823180000,1754823239000,1.37529,1.37529,1.37529,1.37529,0,1
1754823240000,1754823299000,1.37529,1.37529,1.37529,1.37529,0,1
1754823300000,1754823359000,1.37529,1.37529,1.37529,1.37529,0,1
1754823360000,1754823419000,1.37529,1.37529,1.37529,1.37529,0,1
1754823420000,1754823479000,1.37529,1.37529,1.37529,1.37529,0,1
1754823480000,1754823539000,1.37529,1.37529,1.37529,1.37529,0,1
1754823540000,1754823599000,1.37529,1.37529,1.37529,1.37529,0,1
1754823600000,1754823659000,1.37529,1.37529,1.37529,1.37529,0,1
1754823660000,1754823719000,1.37529,1.37529,1.37529,1.37529,0,1
1754823720000,1754823779000,1.37529,1.37529,1.37529,1.37529,0,1
1754823780000,1754823839000,1.37529,1.37529,1.37529,1.37529,0,1
1754823840000,1754823899000,1.37529,1.37529,1.37529,1.37529,0,1
1754823900000,1754823959000,1.37529,1.37529,1.37529,1.37529,0,1
1754823960000,1754824019000,1.37529,1.37529,1.37529,1.37529,0,1
1754824020000,1754824079000,1.37529,1.37529,1.37529,1.37529,0,1
1754824080000,1754824139000,1.37529,1.37529,1.37529,1.37529,0,1
1754824140000,1754824199000,1.37529,1.37529,1.37529,1.37529,0,1
1754824200000,1754824259000,1.37529,1.37529,1.37529,1.37529,0,1
1754824260000,1754824319000,1.37529,1.37529,1.37529,1.37529,0,1
1754824320000,1754824379000,1.37529,1.37529,1.37529,1.37529,0,1
1754824380000,1754824439000,1.37529,1.37529,1.37529,1.37529,0,1
1754824440000,1754824499000,1.37529,1.37529,1.37529,1.37529,0,1
1754824500000,1754824559000,1.37529,1.37529,1.37529,1.37529,0,1
1754824560000,1754824619000,1.37529,1.37529,1.37529,1.37529,0,1
1754824620000,1754824679000,1.37529,1.37529,1.37529,1.37529,0,1
1754824680000,1754824739000,1.37529,1.37529,1.37529,1.37529,0,1
1754824740000,1754824799000,1.37529,1.37529,1.37529,1.37529,0,1
1754824800000,1754824859000,1.37529,1.37529,1.37529,1.37529,0,1
1754824860000,1754824919000,1.37529,1.37529,1.37529,1.37529,0,1
1754824920000,1754824979000,1.37529,1.37529,1.37529,1.37529,0,1
1754824980000,1754825039000,1.37529,1.37529,1.37529,1.37529,0,1
1754825040000,1754825099000,1.37529,1.37529,1.37529,1.37529,0,1
1754825100000,1754825159000,1.37529,1.37529,1.37529,1.37529,0,1
1754825160000,1754825219000,1.37529,1.37529,1.37529,1.37529,0,1
1754825220000,1754825279000,1.37529,1.37529,1.37529,1.37529,0,1
1754825280000,1754825339000,1.37529,1.37529,1.37529,1.37529,0,1
1754825340000,1754825399000,1.37529,1.37529,1.37529,1.37529,0,1
1754825400000,1754825459000,1.37529,1.37529,1.37529,1.37529,0,1
1754825460000,1754825519000,1.37529,1.37529,1.37529,1.37529,0,1
1754825520000,1754825579000,1.37529,1.37529,1.37529,1.37529,0,1
1754825580000,1754825639000,1.37529,1.37529,1.37529,1.37529,0,1
1754825640000,1754825699000,1.37529,1.37529,1.37529,1.37529,0,1
1754825700000,1754825759000,1.37529,1.37529,1.37529,1.37529,0,1
1754825760000,1754825819000,1.37529,1.37529,1.37529,1.37529,0,1
1754825820000,1754825879000,1.37529,1.37529,1.37529,1.37529,0,1
1754825880000,1754825939000,1.37529,1.37529,1.37529,1.37529,0,1
1754825940000,1754825999000,1.37529,1.37529,1.37529,1.37529,0,1
1754826000000,1754826059000,1.37529,1.37529,1.37529,1.37529,0,1
1754826060000,1754826119000,1.37529,1.37529,1.37529,1.37529,0,1
1754826120000,1754826179000,1.37529,1.37529,1.37529,1.37529,0,1
1754826180000,1754826239000,1.37529,1.37529,1.37529,1.37529,0,1
1754826240000,1754826299000,1.37529,1.37529,1.37529,1.37529,0,1
1754826300000,1754826359000,1.37529,1.37529,1.37529,1.37529,0,1
1754826360000,1754826419000,1.37529,1.37529,1.37529,1.37529,0,1
1754826420000,1754826479000,1.37529,1.37529,1.37529,1.37529,0,1
1754826480000,1754826539000,1.37529,1.37529,1.37529,1.37529,0,1
1754826540000,1754826599000,1.37529,1.37529,1.37529,1.37529,0,1
1754826600000,1754826659000,1.37529,1.37529,1.37529,1.37529,0,1
1754826660000,1754826719000,1.37529,1.37529,1.37529,1.37529,0,1
1754826720000,1754826779000,1.37529,1.37529,1.37529,1.37529,0,1
1754826780000,1754826839000,1.37529,1.37529,1.37529,1.37529,0,1
1754826840000,1754826899000,1.37529,1.37529,1.37529,1.37529,0,1
1754826900000,1754826959000,1.37529,1.37529,1.37529,1.37529,0,1
1754826960000,1754827019000,1.37529,1.37529,1.37529,1.37529,0,1
1754827020000,1754827079000,1.37529,1.37529,1.37529,1.37529,0,1
1754827080000,1754827139000,1.37529,1.37529,1.37529,1.37529,0,1
1754827140000,1754827199000,1.37529,1.37529,1.37529,1.37529,0,1
1754827200000,1754827259000,1.37529,1.37529,1.37529,1.37529,0,1
1754827260000,1754827319000,1.37529,1.37529,1.37529,1.37529,0,1
1754827320000,1754827379000,1.37529,1.37529,1.37529,1.37529,0,1
1754827380000,1754827439000,1.37529,1.37529,1.37529,1.37529,0,1
1754827440000,1754827499000,1.37529,1.37529,1.37529,1.37529,0,1
1754827500000,1754827559000,1.37529,1.37529,1.37529,1.37529,0,1
1754827560000,1754827619000,1.37529,1.37529,1.37529,1.37529,0,1
1754827620000,1754827679000,1.37529,1.37529,1.37529,1.37529,0,1
1754827680000,1754827739000,1.37529,1.37529,1.37529,1.37529,0,1
1754827740000,1754827799000,1.37529,1.37529,1.37529,1.37529,0,1
1754827800000,1754827859000,1.37529,1.37529,1.37529,1.37529,0,1
1754827860000,1754827919000,1.37529,1.37529,1.37529,1.37529,0,1
1754827920000,1754827979000,1.37529,1.37529,1.37529,1.37529,0,1
1754827980000,1754828039000,1.37529,1.37529,1.37529,1.37529,0,1
1754828040000,1754828099000,1.37529,1.37529,1.37529,1.37529,0,1
1754828100000,1754828159000,1.37529,1.37529,1.37529,1.37529,0,1
1754828160000,1754828219000,1.37529,1.37529,1.37529,1.37529,0,1
1754828220000,1754828279000,1.37529,1.37529,1.37529,1.37529,0,1
1754828280000,1754828339000,1.37529,1.37529,1.37529,1.37529,0,1
1754828340000,1754828399000,1.37529,1.37529,1.37529,1.37529,0,1
1754828400000,1754828459000,1.37529,1.37529,1.37529,1.37529,0,1
1754828460000,1754828519000,1.37529,1.37529,1.37529,1.37529,0,1
1754828520000,1754828579000,1.37529,1.37529,1.37529,1.37529,0,1
1754828580000,1754828639000,1.37529,1.37529,1.37529,1.37529,0,1
1754828640000,1754828699000,1.37529,1.37529,1.37529,1.37529,0,1
1754828700000,1754828759000,1.37529,1.37529,1.37529,1.37529,0,1
1754828760000,1754828819000,1.37529,1.37529,1.37529,1.37529,0,1
1754828820000,1754828879000,1.37529,1.37529,1.37529,1.37529,0,1
1754828880000,1754828939000,1.37529,1.37529,1.37529,1.37529,0,1
1754828940000,1754828999000,1.37529,1.37529,1.37529,1.37529,0,1
1754829000000,1754829059000,1.37529,1.37529,1.37529,1.37529,0,1
1754829060000,1754829119000,1.37529,1.37529,1.37529,1.37529,0,1
1754829120000,1754829179000,1.37529,1.37529,1.37529,1.37529,0,1
1754829180000,1754829239000,1.37529,1.37529,1.37529,1.37529,0,1
1754829240000,1754829299000,1.37529,1.37529,1.37529,1.37529,0,1
1754829300000,1754829359000,1.37529,1.37529,1.37529,1.37529,0,1
1754829360000,1754829419000,1.37529,1.37529,1.37529,1.37529,0,1
1754829420000,1754829479000,1.37529,1.37529,1.37529,1.37529,0,1
1754829480000,1754829539000,1.37529,1.37529,1.37529,1.37529,0,1
1754829540000,1754829599000,1.37529,1.37529,1.37529,1.37529,0,1
1754829600000,1754829659000,1.37529,1.37529,1.37529,1.37529,0,1
1754829660000,1754829719000,1.37529,1.37529,1.37529,1.37529,0,1
1754829720000,1754829779000,1.37529,1.37529,1.37529,1.37529,0,1
1754829780000,1754829839000,1.37529,1.37529,1.37529,1.37529,0,1
1754829840000,1754829899000,1.37529,1.37529,1.37529,1.37529,0,1
1754829900000,1754829959000,1.37529,1.37529,1.37529,1.37529,0,1
1754829960000,1754830019000,1.37529,1.37529,1.37529,1.37529,0,1
1754830020000,1754830079000,1.37529,1.37529,1.37529,1.37529,0,1
1754830080000,1754830139000,1.37529,1.37529,1.37529,1.37529,0,1
1754830140000,1754830199000,1.37529,1.37529,1.37529,1.37529,0,1
1754830200000,1754830259000,1.37529,1.37529,1.37529,1.37529,0,1
1754830260000,1754830319000,1.37529,1.37529,1.37529,1.37529,0,1
1754830320000,1754830379000,1.37529,1.37529,1.37529,1.37529,0,1
1754830380000,1754830439000,1.37529,1.37529,1.37529,1.37529,0,1
1754830440000,1754830499000,1.37529,1.37529,1.37529,1.37529,0,1
1754830500000,1754830559000,1.37529,1.37529,1.37529,1.37529,0,1
1754830560000,1754830619000,1.37529,1.37529,1.37529,1.37529,0,1
1754830620000,1754830679000,1.37529,1.37529,1.37529,1.37529,0,1
1754830680000,1754830739000,1.37529,1.37529,1.37529,1.37529,0,1
1754830740000,1754830799000,1.37529,1.37529,1.37529,1.37529,0,1
1754830800000,1754830859000,1.37529,1.37529,1.37529,1.37529,0,1
1754830860000,1754830919000,1.37529,1.37529,1.37529,1.37529,0,1
1754830920000,1754830979000,1.37529,1.37529,1.37529,1.37529,0,1
1754830980000,1754831039000,1.37529,1.37529,1.37529,1.37529,0,1
1754831040000,1754831099000,1.37529,1.37529,1.37529,1.37529,0,1
1754831100000,1754831159000,1.37529,1.37529,1.37529,1.37529,0,1
1754831160000,1754831219000,1.37529,1.37529,1.37529,1.37529,0,1
1754831220000,1754831279000,1.37529,1.37529,1.37529,1.37529,0,1
1754831280000,1754831339000,1.37529,1.37529,1.37529,1.37529,0,1
1754831340000,1754831399000,1.37529,1.37529,1.37529,1.37529,0,1
1754831400000,1754831459000,1.37529,1.37529,1.37529,1.37529,0,1
1754831460000,1754831519000,1.37529,1.37529,1.37529,1.37529,0,1
1754831520000,1754831579000,1.37529,1.37529,1.37529,1.37529,0,1
1754831580000,1754831639000,1.37529,1.37529,1.37529,1.37529,0,1
1754831640000,1754831699000,1.37529,1.37529,1.37529,1.37529,0,1
1754831700000,1754831759000,1.37529,1.37529,1.37529,1.37529,0,1
1754831760000,1754831819000,1.37529,1.37529,1.37529,1.37529,0,1
1754831820000,1754831879000,1.37529,1.37529,1.37529,1.37529,0,1
1754831880000,1754831939000,1.37529,1.37529,1.37529,1.37529,0,1
1754831940000,1754831999000,1.37529,1.37529,1.37529,1.37529,0,1
1754832000000,1754832059000,1.37529,1.37529,1.37529,1.37529,0,1
1754832060000,1754832119000,1.37529,1.37529,1.37529,1.37529,0,1
1754832120000,1754832179000,1.37529,1.37529,1.37529,1.37529,0,1
1754832180000,1754832239000,1.37529,1.37529,1.37529,1.37529,0,1
1754832240000,1754832299000,1.37529,1.37529,1.37529,1.37529,0,1
1754832300000,1754832359000,1.37529,1.37529,1.37529,1.37529,0,1
1754832360000,1754832419000,1.37529,1.37529,1.37529,1.37529,0,1
1754832420000,1754832479000,1.37529,1.37529,1.37529,1.37529,0,1
1754832480000,1754832539000,1.37529,1.37529,1.37529,1.37529,0,1
1754832540000,1754832599000,1.37529,1.37529,1.37529,1.37529,0,1
1754832600000,1754832659000,1.37529,1.37529,1.37529,1.37529,0,1
1754832660000,1754832719000,1.37529,1.37529,1.37529,1.37529,0,1
1754832720000,1754832779000,1.37529,1.37529,1.37529,1.37529,0,1
1754832780000,1754832839000,1.37529,1.37529,1.37529,1.37529,0,1
1754832840000,1754832899000,1.37529,1.37529,1.37529,1.37529,0,1
1754832900000,1754832959000,1.37529,1.37529,1.37529,1.37529,0,1
1754832960000,1754833019000,1.37529,1.37529,1.37529,1.37529,0,1
1754833020000,1754833079000,1.37529,1.37529,1.37529,1.37529,0,1
1754833080000,1754833139000,1.37529,1.37529,1.37529,1.37529,0,1
1754833140000,1754833199000,1.37529,1.37529,1.37529,1.37529,0,1
1754833200000,1754833259000,1.37529,1.37529,1.37529,1.37529,0,1
1754833260000,1754833319000,1.37529,1.37529,1.37529,1.37529,0,1
1754833320000,1754833379000,1.37529,1.37529,1.37529,1.37529,0,1
1754833380000,1754833439000,1.37529,1.37529,1.37529,1.37529,0,1
1754833440000,1754833499000,1.37529,1.37529,1.37529,1.37529,0,1
1754833500000,1754833559000,1.37529,1.37529,1.37529,1.37529,0,1
1754833560000,1754833619000,1.37529,1.37529,1.37529,1.37529,0,1
1754833620000,1754833679000,1.37529,1.37529,1.37529,1.37529,0,1
1754833680000,1754833739000,1.37529,1.37529,1.37529,1.37529,0,1
1754833740000,1754833799000,1.37529,1.37529,1.37529,1.37529,0,1
1754833800000,1754833859000,1.37529,1.37529,1.37529,1.37529,0,1
1754833860000,1754833919000,1.37529,1.37529,1.37529,1.37529,0,1
1754833920000,1754833979000,1.37529,1.37529,1.37529,1.37529,0,1
1754833980000,1754834039000,1.37529,1.37529,1.37529,1.37529,0,1
1754834040000,1754834099000,1.37529,1.37529,1.37529,1.37529,0,1
1754834100000,1754834159000,1.37529,1.37529,1.37529,1.37529,0,1
1754834160000,1754834219000,1.37529,1.37529,1.37529,1.37529,0,1
1754834220000,1754834279000,1.37529,1.37529,1.37529,1.37529,0,1
1754834280000,1754834339000,1.37529,1.37529,1.37529,1.37529,0,1
1754834340000,1754834399000,1.37529,1.37529,1.37529,1.37529,0,1
1754834400000,1754834459000,1.37529,1.37529,1.37529,1.37529,0,1
1754834460000,1754834519000,1.37529,1.37529,1.37529,1.37529,0,1
1754834520000,1754834579000,1.37529,1.37529,1.37529,1.37529,0,1
1754834580000,1754834639000,1.37529,1.37529,1.37529,1.37529,0,1
1754834640000,1754834699000,1.37529,1.37529,1.37529,1.37529,0,1
1754834700000,1754834759000,1.37529,1.37529,1.37529,1.37529,0,1
1754834760000,1754834819000,1.37529,1.37529,1.37529,1.37529,0,1
1754834820000,1754834879000,1.37529,1.37529,1.37529,1.37529,0,1
1754834880000,1754834939000,1.37529,1.37529,1.37529,1.37529,0,1
1754834940000,1754834999000,1.37529,1.37529,1.37529,1.37529,0,1
1754835000000,1754835059000,1.37529,1.37529,1.37529,1.37529,0,1
1754835060000,1754835119000,1.37529,1.37529,1.37529,1.37529,0,1
1754835120000,1754835179000,1.37529,1.37529,1.37529,1.37529,0,1
1754835180000,1754835239000,1.37529,1.37529,1.37529,1.37529,0,1
1754835240000,1754835299000,1.37529,1.37529,1.37529,1.37529,0,1
1754835300000,1754835359000,1.37529,1.37529,1.37529,1.37529,0,1
1754835360000,1754835419000,1.37529,1.37529,1.37529,1.37529,0,1
1754835420000,1754835479000,1.37529,1.37529,1.37529,1.37529,0,1
1754835480000,1754835539000,1.37529,1.37529,1.37529,1.37529,0,1
1754835540000,1754835599000,1.37529,1.37529,1.37529,1.37529,0,1
1754835600000,1754835659000,1.37529,1.37529,1.37529,1.37529,0,1
1754835660000,1754835719000,1.37529,1.37529,1.37529,1.37529,0,1
1754835720000,1754835779000,1.37529,1.37529,1.37529,1.37529,0,1
1754835780000,1754835839000,1.37529,1.37529,1.37529,1.37529,0,1
1754835840000,1754835899000,1.37529,1.37529,1.37529,1.37529,0,1
1754835900000,1754835959000,1.37529,1.37529,1.37529,1.37529,0,1
1754835960000,1754836019000,1.37529,1.37529,1.37529,1.37529,0,1
1754836020000,1754836079000,1.37529,1.37529,1.37529,1.37529,0,1
1754836080000,1754836139000,1.37529,1.37529,1.37529,1.37529,0,1
1754836140000,1754836199000,1.37529,1.37529,1.37529,1.37529,0,1
1754836200000,1754836259000,1.37529,1.37529,1.37529,1.37529,0,1
1754836260000,1754836319000,1.37529,1.37529,1.37529,1.37529,0,1
1754836320000,1754836379000,1.37529,1.37529,1.37529,1.37529,0,1
1754836380000,1754836439000,1.37529,1.37529,1.37529,1.37529,0,1
1754836440000,1754836499000,1.37529,1.37529,1.37529,1.37529,0,1
1754836500000,1754836559000,1.37529,1.37529,1.37529,1.37529,0,1
1754836560000,1754836619000,1.37529,1.37529,1.37529,1.37529,0,1
1754836620000,1754836679000,1.37529,1.37529,1.37529,1.37529,0,1
1754836680000,1754836739000,1.37529,1.37529,1.37529,1.37529,0,1
1754836740000,1754836799000,1.37529,1.37529,1.37529,1.37529,0,1
1754836800000,1754836859000,1.37529,1.37529,1.37529,1.37529,0,1
1754836860000,1754836919000,1.37529,1.37529,1.37529,1.37529,0,1
1754836920000,1754836979000,1.37529,1.37529,1.37529,1.37529,0,1
1754836980000,1754837039000,1.37529,1.37529,1.37529,1.37529,0,1
1754837040000,1754837099000,1.37529,1.37529,1.37529,1.37529,0,1
1754837100000,1754837159000,1.37529,1.37529,1.37529,1.37529,0,1
1754837160000,1754837219000,1.37529,1.37529,1.37529,1.37529,0,1
1754837220000,1754837279000,1.37529,1.37529,1.37529,1.37529,0,1
1754837280000,1754837339000,1.37529,1.37529,1.37529,1.37529,0,1
1754837340000,1754837399000,1.37529,1.37529,1.37529,1.37529,0,1
1754837400000,1754837459000,1.37529,1.37529,1.37529,1.37529,0,1
1754837460000,1754837519000,1.37529,1.37529,1.37529,1.37529,0,1
1754837520000,1754837579000,1.37529,1.37529,1.37529,1.37529,0,1
1754837580000,1754837639000,1.37529,1.37529,1.37529,1.37529,0,1
1754837640000,1754837699000,1.37529,1.37529,1.37529,1.37529,0,1
1754837700000,1754837759000,1.37529,1.37529,1.37529,1.37529,0,1
1754837760000,1754837819000,1.37529,1.37529,1.37529,1.37529,0,1
1754837820000,1754837879000,1.37529,1.37529,1.37529,1.37529,0,1
1754837880000,1754837939000,1.37529,1.37529,1.37529,1.37529,0,1
1754837940000,1754837999000,1.37529,1.37529,1.37529,1.37529,0,1
1754838000000,1754838059000,1.37529,1.37529,1.37529,1.37529,0,1
1754838060000,1754838119000,1.37529,1.37529,1.37529,1.37529,0,1
1754838120000,1754838179000,1.37529,1.37529,1.37529,1.37529,0,1
1754838180000,1754838239000,1.37529,1.37529,1.37529,1.37529,0,1
1754838240000,1754838299000,1.37529,1.37529,1.37529,1.37529,0,1
1754838300000,1754838359000,1.37529,1.37529,1.37529,1.37529,0,1
1754838360000,1754838419000,1.37529,1.37529,1.37529,1.37529,0,1
1754838420000,1754838479000,1.37529,1.37529,1.37529,1.37529,0,1
1754838480000,1754838539000,1.37529,1.37529,1.37529,1.37529,0,1
1754838540000,1754838599000,1.37529,1.37529,1.37529,1.37529,0,1
1754838600000,1754838659000,1.37529,1.37529,1.37529,1.37529,0,1
1754838660000,1754838719000,1.37529,1.37529,1.37529,1.37529,0,1
1754838720000,1754838779000,1.37529,1.37529,1.37529,1.37529,0,1
1754838780000,1754838839000,1.37529,1.37529,1.37529,1.37529,0,1
1754838840000,1754838899000,1.37529,1.37529,1.37529,1.37529,0,1
1754838900000,1754838959000,1.37529,1.37529,1.37529,1.37529,0,1
1754838960000,1754839019000,1.37529,1.37529,1.37529,1.37529,0,1
1754839020000,1754839079000,1.37529,1.37529,1.37529,1.37529,0,1
1754839080000,1754839139000,1.37529,1.37529,1.37529,1.37529,0,1
1754839140000,1754839199000,1.37529,1.37529,1.37529,1.37529,0,1
1754839200000,1754839259000,1.37529,1.37529,1.37529,1.37529,0,1
1754839260000,1754839319000,1.37529,1.37529,1.37529,1.37529,0,1
1754839320000,1754839379000,1.37529,1.37529,1.37529,1.37529,0,1
1754839380000,1754839439000,1.37529,1.37529,1.37529,1.37529,0,1
1754839440000,1754839499000,1.37529,1.37529,1.37529,1.37529,0,1
1754839500000,1754839559000,1.37529,1.37529,1.37529,1.37529,0,1
1754839560000,1754839619000,1.37529,1.37529,1.37529,1.37529,0,1
1754839620000,1754839679000,1.37529,1.37529,1.37529,1.37529,0,1
1754839680000,1754839739000,1.37529,1.37529,1.37529,1.37529,0,1
1754839740000,1754839799000,1.37529,1.37529,1.37529,1.37529,0,1
1754839800000,1754839859000,1.37529,1.37529,1.37529,1.37529,0,1
1754839860000,1754839919000,1.37529,1.37529,1.37529,1.37529,0,1
1754839920000,1754839979000,1.37529,1.37529,1.37529,1.37529,0,1
1754839980000,1754840039000,1.37529,1.37529,1.37529,1.37529,0,1
1754840040000,1754840099000,1.37529,1.37529,1.37529,1.37529,0,1
1754840100000,1754840159000,1.37529,1.37529,1.37529,1.37529,0,1
1754840160000,1754840219000,1.37529,1.37529,1.37529,1.37529,0,1
1754840220000,1754840279000,1.37529,1.37529,1.37529,1.37529,0,1
1754840280000,1754840339000,1.37529,1.37529,1.37529,1.37529,0,1
1754840340000,1754840399000,1.37529,1.37529,1.37529,1.37529,0,1
1754840400000,1754840459000,1.37529,1.37529,1.37529,1.37529,0,1
1754840460000,1754840519000,1.37529,1.37529,1.37529,1.37529,0,1
1754840520000,1754840579000,1.37529,1.37529,1.37529,1.37529,0,1
1754840580000,1754840639000,1.37529,1.37529,1.37529,1.37529,0,1
1754840640000,1754840699000,1.37529,1.37529,1.37529,1.37529,0,1
1754840700000,1754840759000,1.37529,1.37529,1.37529,1.37529,0,1
1754840760000,1754840819000,1.37529,1.37529,1.37529,1.37529,0,1
1754840820000,1754840879000,1.37529,1.37529,1.37529,1.37529,0,1
1754840880000,1754840939000,1.37529,1.37529,1.37529,1.37529,0,1
1754840940000,1754840999000,1.37529,1.37529,1.37529,1.37529,0,1
1754841000000,1754841059000,1.37529,1.37529,1.37529,1.37529,0,1
1754841060000,1754841119000,1.37529,1.37529,1.37529,1.37529,0,1
1754841120000,1754841179000,1.37529,1.37529,1.37529,1.37529,0,1
1754841180000,1754841239000,1.37529,1.37529,1.37529,1.37529,0,1
1754841240000,1754841299000,1.37529,1.37529,1.37529,1.37529,0,1
1754841300000,1754841359000,1.37529,1.37529,1.37529,1.37529,0,1
1754841360000,1754841419000,1.37529,1.37529,1.37529,1.37529,0,1
1754841420000,1754841479000,1.37529,1.37529,1.37529,1.37529,0,1
1754841480000,1754841539000,1.37529,1.37529,1.37529,1.37529,0,1
1754841540000,1754841599000,1.37529,1.37529,1.37529,1.37529,0,1
1754841600000,1754841659000,1.37529,1.37529,1.37529,1.37529,0,1
1754841660000,1754841719000,1.37529,1.37529,1.37529,1.37529,0,1
1754841720000,1754841779000,1.37529,1.37529,1.37529,1.37529,0,1
1754841780000,1754841839000,1.37529,1.37529,1.37529,1.37529,0,1
1754841840000,1754841899000,1.37529,1.37529,1.37529,1.37529,0,1
1754841900000,1754841959000,1.37529,1.37529,1.37529,1.37529,0,1
1754841960000,1754842019000,1.37529,1.37529,1.37529,1.37529,0,1
1754842020000,1754842079000,1.37529,1.37529,1.37529,1.37529,0,1
1754842080000,1754842139000,1.37529,1.37529,1.37529,1.37529,0,1
1754842140000,1754842199000,1.37529,1.37529,1.37529,1.37529,0,1
1754842200000,1754842259000,1.37529,1.37529,1.37529,1.37529,0,1
1754842260000,1754842319000,1.37529,1.37529,1.37529,1.37529,0,1
1754842320000,1754842379000,1.37529,1.37529,1.37529,1.37529,0,1
1754842380000,1754842439000,1.37529,1.37529,1.37529,1.37529,0,1
1754842440000,1754842499000,1.37529,1.37529,1.37529,1.37529,0,1
1754842500000,1754842559000,1.37529,1.37529,1.37529,1.37529,0,1
1754842560000,1754842619000,1.37529,1.37529,1.37529,1.37529,0,1
1754842620000,1754842679000,1.37529,1.37529,1.37529,1.37529,0,1
1754842680000,1754842739000,1.37529,1.37529,1.37529,1.37529,0,1
1754842740000,1754842799000,1.37529,1.37529,1.37529,1.37529,0,1
1754842800000,1754842859000,1.37529,1.37529,1.37529,1.37529,0,1
1754842860000,1754842919000,1.37529,1.37529,1.37529,1.37529,0,1
1754842920000,1754842979000,1.37529,1.37529,1.37529,1.37529,0,1
1754842980000,1754843039000,1.37529,1.37529,1.37529,1.37529,0,1
1754843040000,1754843099000,1.37529,1.37529,1.37529,1.37529,0,1
1754843100000,1754843159000,1.37529,1.37529,1.37529,1.37529,0,1
1754843160000,1754843219000,1.37529,1.37529,1.37529,1.37529,0,1
1754843220000,1754843279000,1.37529,1.37529,1.37529,1.37529,0,1
1754843280000,1754843339000,1.37529,1.37529,1.37529,1.37529,0,1
1754843340000,1754843399000,1.37529,1.37529,1.37529,1.37529,0,1
1754843400000,1754843459000,1.37529,1.37529,1.37529,1.37529,0,1
1754843460000,1754843519000,1.37529,1.37529,1.37529,1.37529,0,1
1754843520000,1754843579000,1.37529,1.37529,1.37529,1.37529,0,1
1754843580000,1754843639000,1.37529,1.37529,1.37529,1.37529,0,1
1754843640000,1754843699000,1.37529,1.37529,1.37529,1.37529,0,1
1754843700000,1754843759000,1.37529,1.37529,1.37529,1.37529,0,1
1754843760000,1754843819000,1.37529,1.37529,1.37529,1.37529,0,1
1754843820000,1754843879000,1.37529,1.37529,1.37529,1.37529,0,1
1754843880000,1754843939000,1.37529,1.37529,1.37529,1.37529,0,1
1754843940000,1754843999000,1.37529,1.37529,1.37529,1.37529,0,1
1754844000000,1754844059000,1.37529,1.37529,1.37529,1.37529,0,1
1754844060000,1754844119000,1.37529,1.37529,1.37529,1.37529,0,1
1754844120000,1754844179000,1.37529,1.37529,1.37529,1.37529,0,1
1754844180000,1754844239000,1.37529,1.37529,1.37529,1.37529,0,1
1754844240000,1754844299000,1.37529,1.37529,1.37529,1.37529,0,1
1754844300000,1754844359000,1.37529,1.37529,1.37529,1.37529,0,1
1754844360000,1754844419000,1.37529,1.37529,1.37529,1.37529,0,1
1754844420000,1754844479000,1.37529,1.37529,1.37529,1.37529,0,1
1754844480000,1754844539000,1.37529,1.37529,1.37529,1.37529,0,1
1754844540000,1754844599000,1.37529,1.37529,1.37529,1.37529,0,1
1754844600000,1754844659000,1.37529,1.37529,1.37529,1.37529,0,1
1754844660000,1754844719000,1.37529,1.37529,1.37529,1.37529,0,1
1754844720000,1754844779000,1.37529,1.37529,1.37529,1.37529,0,1
1754844780000,1754844839000,1.37529,1.37529,1.37529,1.37529,0,1
1754844840000,1754844899000,1.37529,1.37529,1.37529,1.37529,0,1
1754844900000,1754844959000,1.37529,1.37529,1.37529,1.37529,0,1
1754844960000,1754845019000,1.37529,1.37529,1.37529,1.37529,0,1
1754845020000,1754845079000,1.37529,1.37529,1.37529,1.37529,0,1
1754845080000,1754845139000,1.37529,1.37529,1.37529,1.37529,0,1
1754845140000,1754845199000,1.37529,1.37529,1.37529,1.37529,0,1
1754845200000,1754845259000,1.37529,1.37529,1.37529,1.37529,0,1
1754845260000,1754845319000,1.37529,1.37529,1.37529,1.37529,0,1
1754845320000,1754845379000,1.37529,1.37529,1.37529,1.37529,0,1
1754845380000,1754845439000,1.37529,1.37529,1.37529,1.37529,0,1
1754845440000,1754845499000,1.37529,1.37529,1.37529,1.37529,0,1
1754845500000,1754845559000,1.37529,1.37529,1.37529,1.37529,0,1
1754845560000,1754845619000,1.37529,1.37529,1.37529,1.37529,0,1
1754845620000,1754845679000,1.37529,1.37529,1.37529,1.37529,0,1
1754845680000,1754845739000,1.37529,1.37529,1.37529,1.37529,0,1
1754845740000,1754845799000,1.37529,1.37529,1.37529,1.37529,0,1
1754845800000,1754845859000,1.37529,1.37529,1.37529,1.37529,0,1
1754845860000,1754845919000,1.37529,1.37529,1.37529,1.37529,0,1
1754845920000,1754845979000,1.37529,1.37529,1.37529,1.37529,0,1
1754845980000,1754846039000,1.37529,1.37529,1.37529,1.37529,0,1
1754846040000,1754846099000,1.37529,1.37529,1.37529,1.37529,0,1
1754846100000,1754846159000,1.37529,1.37529,1.37529,1.37529,0,1
1754846160000,1754846219000,1.37529,1.37529,1.37529,1.37529,0,1
1754846220000,1754846279000,1.37529,1.37529,1.37529,1.37529,0,1
1754846280000,1754846339000,1.37529,1.37529,1.37529,1.37529,0,1
1754846340000,1754846399000,1.37529,1.37529,1.37529,1.37529,0,1
1754846400000,1754846459000,1.37529,1.37529,1.37529,1.37529,0,1
1754846460000,1754846519000,1.37529,1.37529,1.37529,1.37529,0,1
1754846520000,1754846579000,1.37529,1.37529,1.37529,1.37529,0,1
1754846580000,1754846639000,1.37529,1.37529,1.37529,1.37529,0,1
1754846640000,1754846699000,1.37529,1.37529,1.37529,1.37529,0,1
1754846700000,1754846759000,1.37529,1.37529,1.37529,1.37529,0,1
1754846760000,1754846819000,1.37529,1.37529,1.37529,1.37529,0,1
1754846820000,1754846879000,1.37529,1.37529,1.37529,1.37529,0,1
1754846880000,1754846939000,1.37529,1.37529,1.37529,1.37529,0,1
1754846940000,1754846999000,1.37529,1.37529,1.37529,1.37529,0,1
1754847000000,1754847059000,1.37529,1.37529,1.37529,1.37529,0,1
1754847060000,1754847119000,1.37529,1.37529,1.37529,1.37529,0,1
1754847120000,1754847179000,1.37529,1.37529,1.37529,1.37529,0,1
1754847180000,1754847239000,1.37529,1.37529,1.37529,1.37529,0,1
1754847240000,1754847299000,1.37529,1.37529,1.37529,1.37529,0,1
1754847300000,1754847359000,1.37529,1.37529,1.37529,1.37529,0,1
1754847360000,1754847419000,1.37529,1.37529,1.37529,1.37529,0,1
1754847420000,1754847479000,1.37529,1.37529,1.37529,1.37529,0,1
1754847480000,1754847539000,1.37529,1.37529,1.37529,1.37529,0,1
1754847540000,1754847599000,1.37529,1.37529,1.37529,1.37529,0,1
1754847600000,1754847659000,1.37529,1.37529,1.37529,1.37529,0,1
1754847660000,1754847719000,1.37529,1.37529,1.37529,1.37529,0,1
1754847720000,1754847779000,1.37529,1.37529,1.37529,1.37529,0,1
1754847780000,1754847839000,1.37529,1.37529,1.37529,1.37529,0,1
1754847840000,1754847899000,1.37529,1.37529,1.37529,1.37529,0,1
1754847900000,1754847959000,1.37529,1.37529,1.37529,1.37529,0,1
1754847960000,1754848019000,1.37529,1.37529,1.37529,1.37529,0,1
1754848020000,1754848079000,1.37529,1.37529,1.37529,1.37529,0,1
1754848080000,1754848139000,1.37529,1.37529,1.37529,1.37529,0,1
1754848140000,1754848199000,1.37529,1.37529,1.37529,1.37529,0,1
1754848200000,1754848259000,1.37529,1.37529,1.37529,1.37529,0,1
1754848260000,1754848319000,1.37529,1.37529,1.37529,1.37529,0,1
1754848320000,1754848379000,1.37529,1.37529,1.37529,1.37529,0,1
1754848380000,1754848439000,1.37529,1.37529,1.37529,1.37529,0,1
1754848440000,1754848499000,1.37529,1.37529,1.37529,1.37529,0,1
1754848500000,1754848559000,1.37529,1.37529,1.37529,1.37529,0,1
1754848560000,1754848619000,1.37529,1.37529,1.37529,1.37529,0,1
1754848620000,1754848679000,1.37529,1.37529,1.37529,1.37529,0,1
1754848680000,1754848739000,1.37529,1.37529,1.37529,1.37529,0,1
1754848740000,1754848799000,1.37529,1.37529,1.37529,1.37529,0,1
1754848800000,1754848859000,1.37529,1.37529,1.37529,1.37529,0,1
1754848860000,1754848919000,1.37529,1.37529,1.37529,1.37529,0,1
1754848920000,1754848979000,1.37529,1.37529,1.37529,1.37529,0,1
1754848980000,1754849039000,1.37529,1.37529,1.37529,1.37529,0,1
1754849040000,1754849099000,1.37529,1.37529,1.37529,1.37529,0,1
1754849100000,1754849159000,1.37529,1.37529,1.37529,1.37529,0,1
1754849160000,1754849219000,1.37529,1.37529,1.37529,1.37529,0,1
1754849220000,1754849279000,1.37529,1.37529,1.37529,1.37529,0,1
1754849280000,1754849339000,1.37529,1.37529,1.37529,1.37529,0,1
1754849340000,1754849399000,1.37529,1.37529,1.37529,1.37529,0,1
1754849400000,1754849459000,1.37529,1.37529,1.37529,1.37529,0,1
1754849460000,1754849519000,1.37529,1.37529,1.37529,1.37529,0,1
1754849520000,1754849579000,1.37529,1.37529,1.37529,1.37529,0,1
1754849580000,1754849639000,1.37529,1.37529,1.37529,1.37529,0,1
1754849640000,1754849699000,1.37529,1.37529,1.37529,1.37529,0,1
1754849700000,1754849759000,1.37529,1.37529,1.37529,1.37529,0,1
1754849760000,1754849819000,1.37529,1.37529,1.37529,1.37529,0,1
1754849820000,1754849879000,1.37529,1.37529,1.37529,1.37529,0,1
1754849880000,1754849939000,1.37529,1.37529,1.37529,1.37529,0,1
1754849940000,1754849999000,1.37529,1.37529,1.37529,1.37529,0,1
1754850000000,1754850059000,1.37529,1.37529,1.37529,1.37529,0,1
1754850060000,1754850119000,1.37529,1.37529,1.37529,1.37529,0,1
1754850120000,1754850179000,1.37529,1.37529,1.37529,1.37529,0,1
1754850180000,1754850239000,1.37529,1.37529,1.37529,1.37529,0,1
1754850240000,1754850299000,1.37529,1.37529,1.37529,1.37529,0,1
1754850300000,1754850359000,1.37529,1.37529,1.37529,1.37529,0,1
1754850360000,1754850419000,1.37529,1.37529,1.37529,1.37529,0,1
1754850420000,1754850479000,1.37529,1.37529,1.37529,1.37529,0,1
1754850480000,1754850539000,1.37529,1.37529,1.37529,1.37529,0,1
1754850540000,1754850599000,1.37529,1.37529,1.37529,1.37529,0,1
1754850600000,1754850659000,1.37529,1.37529,1.37529,1.37529,0,1
1754850660000,1754850719000,1.37529,1.37529,1.37529,1.37529,0,1
1754850720000,1754850779000,1.37529,1.37529,1.37529,1.37529,0,1
1754850780000,1754850839000,1.37529,1.37529,1.37529,1.37529,0,1
1754850840000,1754850899000,1.37529,1.37529,1.37529,1.37529,0,1
1754850900000,1754850959000,1.37529,1.37529,1.37529,1.37529,0,1
1754850960000,1754851019000,1.37529,1.37529,1.37529,1.37529,0,1
1754851020000,1754851079000,1.37529,1.37529,1.37529,1.37529,0,1
1754851080000,1754851139000,1.37529,1.37529,1.37529,1.37529,0,1
1754851140000,1754851199000,1.37529,1.37529,1.37529,1.37529,0,1
1754851200000,1754851259000,1.37529,1.37529,1.37529,1.37529,0,1
1754851260000,1754851319000,1.37529,1.37529,1.37529,1.37529,0,1
1754851320000,1754851379000,1.37529,1.37529,1.37529,1.37529,0,1
1754851380000,1754851439000,1.37529,1.37529,1.37529,1.37529,0,1
1754851440000,1754851499000,1.37529,1.37529,1.37529,1.37529,0,1
1754851500000,1754851559000,1.37529,1.37529,1.37529,1.37529,0,1
1754851560000,1754851619000,1.37529,1.37529,1.37529,1.37529,0,1
1754851620000,1754851679000,1.37529,1.37529,1.37529,1.37529,0,1
1754851680000,1754851739000,1.37529,1.37529,1.37529,1.37529,0,1
1754851740000,1754851799000,1.37529,1.37529,1.37529,1.37529,0,1
1754851800000,1754851859000,1.37529,1.37529,1.37529,1.37529,0,1
1754851860000,1754851919000,1.37529,1.37529,1.37529,1.37529,0,1
1754851920000,1754851979000,1.37529,1.37529,1.37529,1.37529,0,1
1754851980000,1754852039000,1.37529,1.37529,1.37529,1.37529,0,1
1754852040000,1754852099000,1.37529,1.37529,1.37529,1.37529,0,1
1754852100000,1754852159000,1.37529,1.37529,1.37529,1.37529,0,1
1754852160000,1754852219000,1.37529,1.37529,1.37529,1.37529,0,1
1754852220000,1754852279000,1.37529,1.37529,1.37529,1.37529,0,1
1754852280000,1754852339000,1.37529,1.37529,1.37529,1.37529,0,1
1754852340000,1754852399000,1.37529,1.37529,1.37529,1.37529,0,1
1754852400000,1754852459000,1.37529,1.37529,1.37529,1.37529,0,1
1754852460000,1754852519000,1.37529,1.37529,1.37529,1.37529,0,1
1754852520000,1754852579000,1.37529,1.37529,1.37529,1.37529,0,1
1754852580000,1754852639000,1.37529,1.37529,1.37529,1.37529,0,1
1754852640000,1754852699000,1.37529,1.37529,1.37529,1.37529,0,1
1754852700000,1754852759000,1.37529,1.37529,1.37529,1.37529,0,1
1754852760000,1754852819000,1.37529,1.37529,1.37529,1.37529,0,1
1754852820000,1754852879000,1.37529,1.37529,1.37529,1.37529,0,1
1754852880000,1754852939000,1.37529,1.37529,1.37529,1.37529,0,1
1754852940000,1754852999000,1.37529,1.37529,1.37529,1.37529,0,1
1754853000000,1754853059000,1.37529,1.37529,1.37529,1.37529,0,1
1754853060000,1754853119000,1.37529,1.37529,1.37529,1.37529,0,1
1754853120000,1754853179000,1.37529,1.37529,1.37529,1.37529,0,1
1754853180000,1754853239000,1.37529,1.37529,1.37529,1.37529,0,1
1754853240000,1754853299000,1.37529,1.37529,1.37529,1.37529,0,1
1754853300000,1754853359000,1.37529,1.37529,1.37529,1.37529,0,1
1754853360000,1754853419000,1.37529,1.37529,1.37529,1.37529,0,1
1754853420000,1754853479000,1.37529,1.37529,1.37529,1.37529,0,1
1754853480000,1754853539000,1.37529,1.37529,1.37529,1.37529,0,1
1754853540000,1754853599000,1.37529,1.37529,1.37529,1.37529,0,1
1754853600000,1754853659000,1.37529,1.37529,1.37529,1.37529,0,1
1754853660000,1754853719000,1.37529,1.37529,1.37529,1.37529,0,1
1754853720000,1754853779000,1.37529,1.37529,1.37529,1.37529,0,1
1754853780000,1754853839000,1.37529,1.37529,1.37529,1.37529,0,1
1754853840000,1754853899000,1.37529,1.37529,1.37529,1.37529,0,1
1754853900000,1754853959000,1.37529,1.37529,1.37529,1.37529,0,1
1754853960000,1754854019000,1.37529,1.37529,1.37529,1.37529,0,1
1754854020000,1754854079000,1.37529,1.37529,1.37529,1.37529,0,1
1754854080000,1754854139000,1.37529,1.37529,1.37529,1.37529,0,1
1754854140000,1754854199000,1.37529,1.37529,1.37529,1.37529,0,1
1754854200000,1754854259000,1.37529,1.37529,1.37529,1.37529,0,1
1754854260000,1754854319000,1.37529,1.37529,1.37529,1.37529,0,1
1754854320000,1754854379000,1.37529,1.37529,1.37529,1.37529,0,1
1754854380000,1754854439000,1.37529,1.37529,1.37529,1.37529,0,1
1754854440000,1754854499000,1.37529,1.37529,1.37529,1.37529,0,1
1754854500000,1754854559000,1.37529,1.37529,1.37529,1.37529,0,1
1754854560000,1754854619000,1.37529,1.37529,1.37529,1.37529,0,1
1754854620000,1754854679000,1.37529,1.37529,1.37529,1.37529,0,1
1754854680000,1754854739000,1.37529,1.37529,1.37529,1.37529,0,1
1754854740000,1754854799000,1.37529,1.37529,1.37529,1.37529,0,1
1754854800000,1754854859000,1.37529,1.37529,1.37529,1.37529,0,1
1754854860000,1754854919000,1.37529,1.37529,1.37529,1.37529,0,1
1754854920000,1754854979000,1.37529,1.37529,1.37529,1.37529,0,1
1754854980000,1754855039000,1.37529,1.37529,1.37529,1.37529,0,1
1754855040000,1754855099000,1.37529,1.37529,1.37529,1.37529,0,1
1754855100000,1754855159000,1.37529,1.37529,1.37529,1.37529,0,1
1754855160000,1754855219000,1.37529,1.37529,1.37529,1.37529,0,1
1754855220000,1754855279000,1.37529,1.37529,1.37529,1.37529,0,1
1754855280000,1754855339000,1.37529,1.37529,1.37529,1.37529,0,1
1754855340000,1754855399000,1.37529,1.37529,1.37529,1.37529,0,1
1754855400000,1754855459000,1.37529,1.37529,1.37529,1.37529,0,1
1754855460000,1754855519000,1.37529,1.37529,1.37529,1.37529,0,1
1754855520000,1754855579000,1.37529,1.37529,1.37529,1.37529,0,1
1754855580000,1754855639000,1.37529,1.37529,1.37529,1.37529,0,1
1754855640000,1754855699000,1.37529,1.37529,1.37529,1.37529,0,1
1754855700000,1754855759000,1.37529,1.37529,1.37529,1.37529,0,1
1754855760000,1754855819000,1.37529,1.37529,1.37529,1.37529,0,1
1754855820000,1754855879000,1.37529,1.37529,1.37529,1.37529,0,1
1754855880000,1754855939000,1.37529,1.37529,1.37529,1.37529,0,1
1754855940000,1754855999000,1.37529,1.37529,1.37529,1.37529,0,1
1754856000000,1754856059000,1.37529,1.37529,1.37529,1.37529,0,1
1754856060000,1754856119000,1.37529,1.37529,1.37529,1.37529,0,1
1754856120000,1754856179000,1.37529,1.37529,1.37529,1.37529,0,1
1754856180000,1754856239000,1.37529,1.37529,1.37529,1.37529,0,1
1754856240000,1754856299000,1.37529,1.37529,1.37529,1.37529,0,1
1754856300000,1754856359000,1.37529,1.37529,1.37529,1.37529,0,1
1754856360000,1754856419000,1.37529,1.37529,1.37529,1.37529,0,1
1754856420000,1754856479000,1.37529,1.37529,1.37529,1.37529,0,1
1754856480000,1754856539000,1.37529,1.37529,1.37529,1.37529,0,1
1754856540000,1754856599000,1.37529,1.37529,1.37529,1.37529,0,1
1754856600000,1754856659000,1.37529,1.37529,1.37529,1.37529,0,1
1754856660000,1754856719000,1.37529,1.37529,1.37529,1.37529,0,1
1754856720000,1754856779000,1.37529,1.37529,1.37529,1.37529,0,1
1754856780000,1754856839000,1.37529,1.37529,1.37529,1.37529,0,1
1754856840000,1754856899000,1.37529,1.37529,1.37529,1.37529,0,1
1754856900000,1754856959000,1.37529,1.37529,1.37529,1.37529,0,1
1754856960000,1754857019000,1.37529,1.37529,1.37529,1.37529,0,1
1754857020000,1754857079000,1.37529,1.37529,1.37529,1.37529,0,1
1754857080000,1754857139000,1.37529,1.37529,1.37529,1.37529,0,1
1754857140000,1754857199000,1.37529,1.37529,1.37529,1.37529,0,1
1754857200000,1754857259000,1.37529,1.37529,1.37529,1.37529,0,1
1754857260000,1754857319000,1.37529,1.37529,1.37529,1.37529,0,1
1754857320000,1754857379000,1.37529,1.37529,1.37529,1.37529,0,1
1754857380000,1754857439000,1.37529,1.37529,1.37529,1.37529,0,1
1754857440000,1754857499000,1.37529,1.37529,1.37529,1.37529,0,1
1754857500000,1754857559000,1.37529,1.37529,1.37529,1.37529,0,1
1754857560000,1754857619000,1.37529,1.37529,1.37529,1.37529,0,1
1754857620000,1754857679000,1.37529,1.37529,1.37529,1.37529,0,1
1754857680000,1754857739000,1.37529,1.37529,1.37529,1.37529,0,1
1754857740000,1754857799000,1.37529,1.37529,1.37529,1.37529,0,1
1754857800000,1754857859000,1.37529,1.37529,1.37529,1.37529,0,1
1754857860000,1754857919000,1.37529,1.37529,1.37529,1.37529,0,1
1754857920000,1754857979000,1.37529,1.37529,1.37529,1.37529,0,1
1754857980000,1754858039000,1.37529,1.37529,1.37529,1.37529,0,1
1754858040000,1754858099000,1.37529,1.37529,1.37529,1.37529,0,1
1754858100000,1754858159000,1.37529,1.37529,1.37529,1.37529,0,1
1754858160000,1754858219000,1.37529,1.37529,1.37529,1.37529,0,1
1754858220000,1754858279000,1.37529,1.37529,1.37529,1.37529,0,1
1754858280000,1754858339000,1.37529,1.37529,1.37529,1.37529,0,1
1754858340000,1754858399000,1.37529,1.37529,1.37529,1.37529,0,1
1754858400000,1754858459000,1.37529,1.37529,1.37529,1.37529,0,1
1754858460000,1754858519000,1.37529,1.37529,1.37529,1.37529,0,1
1754858520000,1754858579000,1.37529,1.37529,1.37529,1.37529,0,1
1754858580000,1754858639000,1.37529,1.37529,1.37529,1.37529,0,1
1754858640000,1754858699000,1.37529,1.37529,1.37529,1.37529,0,1
1754858700000,1754858759000,1.37529,1.37529,1.37529,1.37529,0,1
1754858760000,1754858819000,1.37529,1.37529,1.37529,1.37529,0,1
1754858820000,1754858879000,1.37529,1.37529,1.37529,1.37529,0,1
1754858880000,1754858939000,1.37529,1.37529,1.37529,1.37529,0,1
1754858940000,1754858999000,1.37529,1.37529,1.37529,1.37529,0,1
1754859000000,1754859059000,1.37529,1.37529,1.37529,1.37529,0,1
1754859060000,1754859119000,1.37529,1.37529,1.37529,1.37529,0,1
1754859120000,1754859179000,1.37529,1.37529,1.37529,1.37529,0,1
1754859180000,1754859239000,1.37529,1.37529,1.37529,1.37529,0,1
1754859240000,1754859299000,1.37529,1.37529,1.37529,1.37529,0,1
1754859300000,1754859359000,1.37529,1.37529,1.37529,1.37529,0,1
1754859360000,1754859419000,1.37529,1.37529,1.37529,1.37529,0,1
1754859420000,1754859479000,1.37529,1.37529,1.37529,1.37529,0,1
1754859480000,1754859539000,1.37529,1.37529,1.37529,1.37529,0,1
1754859540000,1754859599000,1.37529,1.37529,1.37529,1.37529,0,1
1754859600000,1754859659000,1.37492,1.37493,1.37492,1.37493,3150000,1
1754859660000,1754859719000,1.37493,1.37493,1.37493,1.37493,1800000,1
1754859720000,1754859779000,1.37493,1.37493,1.37493,1.37493,900000,1
1754859780000,1754859839000,1.37494,1.37494,1.37494,1.37494,1800000,1
1754859840000,1754859899000,1.37493,1.37494,1.37493,1.37494,2400000,1
1754859900000,1754859959000,1.37485,1.37492,1.37485,1.37492,10200000,1
1754859960000,1754860019000,1.37492,1.37492,1.37492,1.37492,1200000,1
1754860020000,1754860079000,1.37491,1.37492,1.37491,1.37492,1800000,1
1754860080000,1754860139000,1.37492,1.37492,1.37492,1.37492,0,1
1754860140000,1754860199000,1.37492,1.37492,1.37492,1.37492,0,1
1754860200000,1754860259000,1.37492,1.37492,1.37492,1.37492,0,1
1754860260000,1754860319000,1.37492,1.37492,1.37492,1.37492,0,1
1754860320000,1754860379000,1.37493,1.375,1.37484,1.37499,27750000,1
1754860380000,1754860439000,1.375,1.375,1.375,1.375,1200000,1
1754860440000,1754860499000,1.37499,1.37499,1.37499,1.37499,3000000,1
1754860500000,1754860559000,1.37499,1.37499,1.37499,1.37499,1800000,1
1754860560000,1754860619000,1.37499,1.37499,1.37499,1.37499,3600000,1
1754860620000,1754860679000,1.37499,1.37499,1.37499,1.37499,1500000,1
1754860680000,1754860739000,1.37499,1.37499,1.37499,1.37499,900000,1
1754860740000,1754860799000,1.37499,1.37499,1.37499,1.37499,0,1
1754860800000,1754860859000,1.37499,1.37499,1.37496,1.37496,3300000,1
1754860860000,1754860919000,1.37499,1.37509,1.37499,1.37508,9600000,1
1754860920000,1754860979000,1.37508,1.37508,1.37508,1.37508,3600000,1
1754860980000,1754861039000,1.37508,1.37509,1.37508,1.37509,3000000,1
1754861040000,1754861099000,1.37509,1.37509,1.37509,1.37509,1200000,1
1754861100000,1754861159000,1.37509,1.37509,1.37509,1.37509,0,1
1754861160000,1754861219000,1.37509,1.37509,1.37508,1.37508,3000000,1
1754861220000,1754861279000,1.37508,1.37508,1.37508,1.37508,1800000,1
1754861280000,1754861339000,1.37509,1.37525,1.37506,1.37525,2850000,1
1754861340000,1754861399000,1.37524,1.37524,1.37508,1.37509,3450000,1
1754861400000,1754861459000,1.37508,1.37526,1.37507,1.37518,5550000,1
1754861460000,1754861519000,1.37519,1.37525,1.37507,1.37525,4650000,1
1754861520000,1754861579000,1.37508,1.37508,1.37508,1.37508,1200000,1
1754861580000,1754861639000,1.37525,1.37525,1.37514,1.37517,28500000,1
1754861640000,1754861699000,1.37517,1.37522,1.37504,1.37522,13800000,1
1754861700000,1754861759000,1.37523,1.37524,1.37523,1.37524,3600000,1
1754861760000,1754861819000,1.37526,1.37526,1.3752,1.3752,2400000,1
1754861820000,1754861879000,1.37522,1.37524,1.37522,1.37523,6000000,1
1754861880000,1754861939000,1.37523,1.37523,1.37522,1.37523,12000000,1
1754861940000,1754861999000,1.37523,1.37525,1.37523,1.37524,4800000,1
1754862000000,1754862059000,1.3752,1.37524,1.37512,1.37524,54750000,1
1754862060000,1754862119000,1.37524,1.37529,1.37521,1.37527,31350000,1
1754862120000,1754862179000,1.37528,1.3753,1.37525,1.37529,81150000,1
1754862180000,1754862239000,1.3753,1.37532,1.37526,1.37529,28050000,1
1754862240000,1754862299000,1.37533,1.37533,1.37528,1.37528,10800000,1
1754862300000,1754862359000,1.37528,1.37531,1.37528,1.37528,7200000,1
1754862360000,1754862419000,1.37529,1.37531,1.37526,1.37526,14550000,1
1754862420000,1754862479000,1.37526,1.37531,1.37526,1.37527,10200000,1
1754862480000,1754862539000,1.37527,1.37532,1.37527,1.37527,15150000,1
1754862540000,1754862599000,1.37531,1.37531,1.37527,1.37528,9000000,1
1754862600000,1754862659000,1.37527,1.37528,1.37527,1.37528,8400000,1
1754862660000,1754862719000,1.37527,1.37527,1.37524,1.37524,4800000,1
1754862720000,1754862779000,1.37524,1.37524,1.37523,1.37523,7200000,1
1754862780000,1754862839000,1.3753,1.3753,1.37527,1.3753,7200000,1
1754862840000,1754862899000,1.37527,1.37528,1.37527,1.37528,4350000,1
1754862900000,1754862959000,1.37531,1.37532,1.37522,1.37526,12000000,1
1754862960000,1754863019000,1.37526,1.37527,1.37525,1.37526,6000000,1
1754863020000,1754863079000,1.37527,1.37527,1.37526,1.37526,3600000,1
1754863080000,1754863139000,1.37526,1.37526,1.37522,1.37522,8400000,1
1754863140000,1754863199000,1.37529,1.3753,1.37528,1.37529,2700000,1
1754863200000,1754863259000,1.37529,1.3754,1.37521,1.37539,40500000,1
1754863260000,1754863319000,1.37533,1.37538,1.37518,1.37537,24750000,1
1754863320000,1754863379000,1.3754,1.3754,1.37531,1.37532,11920000,1
1754863380000,1754863439000,1.37531,1.37539,1.37531,1.37539,7200000,1
1754863440000,1754863499000,1.37535,1.37535,1.37528,1.37528,9900000,1
1754863500000,1754863559000,1.37533,1.37535,1.37532,1.37532,17100000,1
1754863560000,1754863619000,1.37534,1.37535,1.37532,1.37534,12600000,1
1754863620000,1754863679000,1.37536,1.37536,1.37535,1.37535,7200000,1
1754863680000,1754863739000,1.37536,1.37536,1.37515,1.37517,41400000,1
1754863740000,1754863799000,1.37516,1.3753,1.37516,1.3753,46200000,1
1754863800000,1754863859000,1.37529,1.37531,1.37527,1.3753,19200000,1
1754863860000,1754863919000,1.37533,1.37536,1.37523,1.37536,39750000,1
1754863920000,1754863979000,1.37537,1.37537,1.37534,1.37535,15750000,1
1754863980000,1754864039000,1.37535,1.37538,1.37535,1.37538,5400000,1
1754864040000,1754864099000,1.37538,1.37538,1.37533,1.37533,25350000,1
1754864100000,1754864159000,1.37533,1.37537,1.37531,1.37537,30750000,1
1754864160000,1754864219000,1.37536,1.37538,1.37533,1.37533,46800000,1
1754864220000,1754864279000,1.37532,1.37532,1.37531,1.37531,6150000,1
1754864280000,1754864339000,1.3753,1.3753,1.37529,1.3753,5400000,1
1754864340000,1754864399000,1.37532,1.37535,1.37532,1.37533,20400000,1
1754864400000,1754864459000,1.37532,1.37535,1.37532,1.37534,22350000,1
1754864460000,1754864519000,1.37533,1.37536,1.37532,1.37532,28800000,1
1754864520000,1754864579000,1.37534,1.37537,1.37532,1.37536,21450000,1
1754864580000,1754864639000,1.37536,1.37536,1.37534,1.37534,9000000,1
1754864640000,1754864699000,1.37534,1.37534,1.37529,1.37529,9150000,1
1754864700000,1754864759000,1.3753,1.3753,1.3753,1.3753,12750000,1
1754864760000,1754864819000,1.37531,1.37535,1.3753,1.37535,24000000,1
1754864820000,1754864879000,1.37534,1.37537,1.37533,1.37534,72750000,1
1754864880000,1754864939000,1.37533,1.37535,1.37533,1.37534,7800000,1
1754864940000,1754864999000,1.37527,1.37535,1.37526,1.37534,69300000,1
1754865000000,1754865059000,1.37533,1.37534,1.37529,1.37533,71850000,1
1754865060000,1754865119000,1.37533,1.37538,1.37527,1.37527,40200000,1
1754865120000,1754865179000,1.37526,1.37528,1.37525,1.37527,13320000,1
1754865180000,1754865239000,1.37526,1.37528,1.37525,1.37526,11640000,1
1754865240000,1754865299000,1.37525,1.37529,1.37523,1.37528,23490000,1
1754865300000,1754865359000,1.37526,1.37528,1.37525,1.37525,16440000,1
1754865360000,1754865419000,1.37526,1.37528,1.37526,1.37527,6240000,1
1754865420000,1754865479000,1.37526,1.37527,1.37525,1.37525,11040000,1
1754865480000,1754865539000,1.37527,1.37527,1.37526,1.37526,8400000,1
1754865540000,1754865599000,1.37526,1.37527,1.37526,1.37526,6150000,1
1754865600000,1754865659000,1.37526,1.37526,1.37523,1.37524,16050000,1
1754865660000,1754865719000,1.37523,1.37528,1.37523,1.37528,16350000,1
1754865720000,1754865779000,1.37527,1.37529,1.37527,1.37527,13350000,1
1754865780000,1754865839000,1.37527,1.37532,1.37526,1.37526,26250000,1
1754865840000,1754865899000,1.37528,1.37528,1.37526,1.37527,13950000,1
1754865900000,1754865959000,1.37527,1.37527,1.37526,1.37526,5700000,1
1754865960000,1754866019000,1.37526,1.37527,1.37525,1.37526,24600000,1
1754866020000,1754866079000,1.37527,1.37534,1.37527,1.37533,27900000,1
1754866080000,1754866139000,1.37532,1.37536,1.37532,1.37533,9000000,1
1754866140000,1754866199000,1.37535,1.37537,1.37535,1.37536,9150000,1
1754866200000,1754866259000,1.37535,1.37544,1.37535,1.37541,14550000,1
1754866260000,1754866319000,1.37541,1.37541,1.3753,1.3753,37800000,1
1754866320000,1754866379000,1.37529,1.37531,1.37528,1.37529,12300000,1
1754866380000,1754866439000,1.37529,1.37529,1.37528,1.37528,2400000,1
1754866440000,1754866499000,1.37528,1.37529,1.37527,1.37527,4800000,1
1754866500000,1754866559000,1.37528,1.37528,1.37527,1.37527,3000000,1
1754866560000,1754866619000,1.37526,1.37529,1.37526,1.37527,13800000,1
1754866620000,1754866679000,1.37527,1.37528,1.37526,1.37527,21750000,1
1754866680000,1754866739000,1.37527,1.37529,1.37527,1.37527,7200000,1
1754866740000,1754866799000,1.37528,1.37528,1.37523,1.37524,28500000,1
1754866800000,1754866859000,1.37523,1.37523,1.37505,1.37514,72600000,1
1754866860000,1754866919000,1.37515,1.37519,1.37515,1.37518,16950000,1
1754866920000,1754866979000,1.37517,1.37532,1.37517,1.37532,30450000,1
1754866980000,1754867039000,1.37533,1.37538,1.37533,1.37534,21150000,1
1754867040000,1754867099000,1.37535,1.37542,1.37533,1.37541,36900000,1
1754867100000,1754867159000,1.37541,1.37542,1.37541,1.37542,3000000,1
1754867160000,1754867219000,1.37543,1.37544,1.37542,1.37544,12750000,1
1754867220000,1754867279000,1.37544,1.37548,1.37543,1.37544,46200000,1
1754867280000,1754867339000,1.37543,1.37546,1.37543,1.37545,10800000,1
1754867340000,1754867399000,1.37544,1.37546,1.37533,1.37542,38850000,1
1754867400000,1754867459000,1.37543,1.37543,1.37534,1.37535,27900000,1
1754867460000,1754867519000,1.37535,1.37535,1.37526,1.37526,26400000,1
1754867520000,1754867579000,1.37526,1.37526,1.37524,1.37524,6150000,1
1754867580000,1754867639000,1.37526,1.37526,1.37524,1.37524,6000000,1
1754867640000,1754867699000,1.37523,1.37526,1.37521,1.37521,23550000,1
1754867700000,1754867759000,1.37517,1.37526,1.37512,1.37525,52050000,1
1754867760000,1754867819000,1.37523,1.37525,1.37522,1.37524,18900000,1
1754867820000,1754867879000,1.37522,1.37524,1.37522,1.37522,6150000,1
1754867880000,1754867939000,1.37522,1.37523,1.37513,1.37521,43800000,1
1754867940000,1754867999000,1.37521,1.37523,1.37521,1.37521,59700000,1
1754868000000,1754868059000,1.37522,1.37523,1.37514,1.37514,19650000,1
1754868060000,1754868119000,1.37515,1.37515,1.37503,1.37503,26700000,1
1754868120000,1754868179000,1.37503,1.37517,1.37503,1.37517,33750000,1
1754868180000,1754868239000,1.37516,1.37516,1.37505,1.37507,38100000,1
1754868240000,1754868299000,1.37505,1.37509,1.37505,1.37506,25200000,1
1754868300000,1754868359000,1.37507,1.37507,1.37503,1.37503,36000000,1
1754868360000,1754868419000,1.37501,1.37504,1.37497,1.37498,22200000,1
1754868420000,1754868479000,1.37499,1.37513,1.37497,1.37513,21900000,1
1754868480000,1754868539000,1.37514,1.37515,1.37507,1.37511,21300000,1
1754868540000,1754868599000,1.37511,1.37514,1.37507,1.37513,38100000,1
1754868600000,1754868659000,1.37512,1.37512,1.37507,1.37507,33090000,1
1754868660000,1754868719000,1.37508,1.37516,1.37508,1.37508,28620000,1
1754868720000,1754868779000,1.37509,1.37509,1.37505,1.37506,28080000,1
1754868780000,1754868839000,1.37506,1.37509,1.37506,1.37507,15300000,1
1754868840000,1754868899000,1.37508,1.3751,1.37507,1.37507,20400000,1
1754868900000,1754868959000,1.37507,1.37515,1.37507,1.37515,5670000,1
1754868960000,1754869019000,1.37515,1.37515,1.37513,1.37514,27000000,1
1754869020000,1754869079000,1.37513,1.37515,1.37504,1.37507,23790000,1
1754869080000,1754869139000,1.37508,1.3751,1.37505,1.37506,25170000,1
1754869140000,1754869199000,1.37506,1.37506,1.37506,1.37506,1200000,1
1754869200000,1754869259000,1.37506,1.37506,1.37505,1.37505,14130000,1
1754869260000,1754869319000,1.37507,1.37507,1.37506,1.37507,23250000,1
1754869320000,1754869379000,1.3751,1.37516,1.3751,1.37515,14910000,1
1754869380000,1754869439000,1.37515,1.37515,1.37514,1.37514,3840000,1
1754869440000,1754869499000,1.37514,1.37515,1.37513,1.37514,16080000,1
1754869500000,1754869559000,1.37516,1.37516,1.37506,1.37507,19890000,1
1754869560000,1754869619000,1.37507,1.3751,1.37504,1.37504,36000000,1
1754869620000,1754869679000,1.37507,1.37508,1.37505,1.37505,25950000,1
1754869680000,1754869739000,1.37513,1.37516,1.37513,1.37515,13950000,1
1754869740000,1754869799000,1.37516,1.37516,1.37512,1.37513,11700000,1
1754869800000,1754869859000,1.37514,1.37517,1.37512,1.37517,22350000,1
1754869860000,1754869919000,1.37516,1.37517,1.37515,1.37515,12450000,1
1754869920000,1754869979000,1.37517,1.37517,1.37514,1.37515,14400000,1
1754869980000,1754870039000,1.37515,1.37527,1.37515,1.37524,36750000,1
1754870040000,1754870099000,1.37525,1.37527,1.37524,1.37524,14850000,1
1754870100000,1754870159000,1.37525,1.37527,1.37525,1.37526,7200000,1
1754870160000,1754870219000,1.37525,1.37526,1.37525,1.37526,9000000,1
1754870220000,1754870279000,1.37526,1.37532,1.37523,1.37529,60420000,1
1754870280000,1754870339000,1.37529,1.3753,1.37525,1.37528,29460000,1
1754870340000,1754870399000,1.37527,1.37532,1.37527,1.37528,38460000,1
1754870400000,1754870459000,1.37529,1.37538,1.37528,1.37538,169740000,1
1754870460000,1754870519000,1.37538,1.37556,1.37536,1.37548,106170000,1
1754870520000,1754870579000,1.37547,1.37553,1.37536,1.37539,105210000,1
1754870580000,1754870639000,1.37537,1.37555,1.37535,1.37551,75390000,1
1754870640000,1754870699000,1.37553,1.37563,1.37549,1.37556,48600000,1
1754870700000,1754870759000,1.37558,1.37562,1.37556,1.37561,86700000,1
1754870760000,1754870819000,1.37561,1.37566,1.37559,1.37563,65220000,1
1754870820000,1754870879000,1.37563,1.37566,1.3756,1.3756,34230000,1
1754870880000,1754870939000,1.37556,1.37556,1.37547,1.3755,64200000,1
1754870940000,1754870999000,1.3755,1.37556,1.37541,1.37541,56490000,1
1754871000000,1754871059000,1.3754,1.37544,1.37537,1.37541,43320000,1
1754871060000,1754871119000,1.37541,1.37546,1.37538,1.37546,46830000,1
1754871120000,1754871179000,1.37545,1.37547,1.37544,1.37547,38280000,1
1754871180000,1754871239000,1.37546,1.37546,1.37534,1.37544,66390000,1
1754871240000,1754871299000,1.37542,1.37546,1.37542,1.37545,31260000,1
1754871300000,1754871359000,1.37545,1.37547,1.37538,1.37544,51750000,1
1754871360000,1754871419000,1.37544,1.37547,1.3754,1.37544,55200000,1
1754871420000,1754871479000,1.37547,1.37547,1.37538,1.37544,61500000,1
1754871480000,1754871539000,1.37544,1.37549,1.37536,1.37536,64200000,1
1754871540000,1754871599000,1.37536,1.37543,1.37536,1.37537,64830000,1
1754871600000,1754871659000,1.37538,1.37538,1.37535,1.37535,50220000,1
1754871660000,1754871719000,1.37535,1.37536,1.3752,1.3752,42390000,1
1754871720000,1754871779000,1.37522,1.37526,1.37522,1.37525,31440000,1
1754871780000,1754871839000,1.37523,1.37529,1.37523,1.37525,49920000,1
1754871840000,1754871899000,1.37525,1.37535,1.37525,1.37534,54270000,1
1754871900000,1754871959000,1.37536,1.37543,1.37536,1.37543,29550000,1
1754871960000,1754872019000,1.37543,1.37546,1.37538,1.37544,31560000,1
1754872020000,1754872079000,1.37543,1.37543,1.37538,1.37538,35310000,1
1754872080000,1754872139000,1.37537,1.37543,1.37537,1.37543,40890000,1
1754872140000,1754872199000,1.37541,1.37541,1.37539,1.37539,59970000,1
1754872200000,1754872259000,1.3754,1.37541,1.37535,1.37539,28170000,1
1754872260000,1754872319000,1.3754,1.3755,1.3754,1.37545,54000000,1
1754872320000,1754872379000,1.37544,1.37555,1.37544,1.37551,46500000,1
1754872380000,1754872439000,1.37552,1.37558,1.37552,1.37557,18300000,1
1754872440000,1754872499000,1.37556,1.37565,1.37553,1.37563,30900000,1
1754872500000,1754872559000,1.37563,1.37563,1.37557,1.37557,29250000,1
1754872560000,1754872619000,1.37557,1.3756,1.37555,1.37559,29670000,1
1754872620000,1754872679000,1.37562,1.37574,1.37562,1.37573,40770000,1
1754872680000,1754872739000,1.3757,1.37575,1.37568,1.37575,25650000,1
1754872740000,1754872799000,1.37575,1.37577,1.37573,1.37573,28200000,1
1754872800000,1754872859000,1.37574,1.37575,1.37573,1.37575,42150000,1
1754872860000,1754872919000,1.37574,1.37576,1.3757,1.37575,36750000,1
1754872920000,1754872979000,1.37576,1.37582,1.37572,1.37582,30300000,1
1754872980000,1754873039000,1.3758,1.37582,1.3758,1.37581,17400000,1
1754873040000,1754873099000,1.37582,1.37582,1.37579,1.37579,27600000,1
1754873100000,1754873159000,1.37578,1.37583,1.37578,1.37582,36000000,1
1754873160000,1754873219000,1.37581,1.37582,1.37576,1.37576,24450000,1
1754873220000,1754873279000,1.37575,1.37577,1.37564,1.37565,73920000,1
1754873280000,1754873339000,1.37566,1.37566,1.3756,1.37563,22650000,1
1754873340000,1754873399000,1.37564,1.37566,1.37564,1.37566,38700000,1
1754873400000,1754873459000,1.37565,1.37574,1.37565,1.37571,53850000,1
1754873460000,1754873519000,1.37572,1.37574,1.37572,1.37572,9840000,1
1754873520000,1754873579000,1.37572,1.37576,1.37572,1.37574,20940000,1
1754873580000,1754873639000,1.37575,1.37575,1.37573,1.37574,21180000,1
1754873640000,1754873699000,1.37573,1.37584,1.37573,1.37583,40830000,1
1754873700000,1754873759000,1.37583,1.37584,1.3758,1.3758,18000000,1
1754873760000,1754873819000,1.37582,1.37593,1.3758,1.3759,53550000,1
1754873820000,1754873879000,1.37588,1.37594,1.37588,1.37594,31680000,1
1754873880000,1754873939000,1.37594,1.37594,1.3758,1.37582,70410000,1
1754873940000,1754873999000,1.37581,1.37582,1.37576,1.37581,95910000,1
1754874000000,1754874059000,1.37581,1.37586,1.3758,1.37585,52740000,1
1754874060000,1754874119000,1.37584,1.37591,1.37581,1.37581,48930000,1
1754874120000,1754874179000,1.37582,1.37587,1.37582,1.37586,52770000,1
1754874180000,1754874239000,1.37586,1.37588,1.37584,1.37585,29160000,1
1754874240000,1754874299000,1.37586,1.37587,1.37584,1.37584,24480000,1
1754874300000,1754874359000,1.37584,1.37584,1.37573,1.37575,38130000,1
1754874360000,1754874419000,1.37576,1.37579,1.37576,1.37576,31200000,1
1754874420000,1754874479000,1.37576,1.37577,1.37576,1.37576,16800000,1
1754874480000,1754874539000,1.37578,1.37595,1.37578,1.37595,108840000,1
1754874540000,1754874599000,1.37595,1.37596,1.37589,1.37595,59100000,1
1754874600000,1754874659000,1.37596,1.37603,1.37592,1.37601,25260000,1
1754874660000,1754874719000,1.37602,1.37604,1.37597,1.37602,24540000,1
1754874720000,1754874779000,1.37602,1.37602,1.37595,1.37595,37200000,1
1754874780000,1754874839000,1.37596,1.376,1.37595,1.37598,19680000,1
1754874840000,1754874899000,1.376,1.37602,1.37595,1.37595,17490000,1
1754874900000,1754874959000,1.37594,1.37602,1.37594,1.37601,32880000,1
1754874960000,1754875019000,1.376,1.376,1.37596,1.37596,6720000,1
1754875020000,1754875079000,1.37593,1.37595,1.37587,1.37587,21930000,1
1754875080000,1754875139000,1.37589,1.37594,1.37588,1.37594,8520000,1
1754875140000,1754875199000,1.37595,1.37597,1.37592,1.37592,14400000,1
1754875200000,1754875259000,1.37591,1.37596,1.37591,1.37593,38400000,1
1754875260000,1754875319000,1.37595,1.37595,1.37587,1.37587,29700000,1
1754875320000,1754875379000,1.37587,1.37589,1.37586,1.37588,27600000,1
1754875380000,1754875439000,1.37589,1.37589,1.37574,1.37575,37230000,1
1754875440000,1754875499000,1.37576,1.37577,1.37575,1.37577,25200000,1
1754875500000,1754875559000,1.37576,1.37585,1.37575,1.37585,39450000,1
1754875560000,1754875619000,1.37583,1.37584,1.37581,1.37583,40950000,1
1754875620000,1754875679000,1.37582,1.37583,1.37577,1.37577,30900000,1
1754875680000,1754875739000,1.37576,1.37576,1.37573,1.37576,12000000,1
1754875740000,1754875799000,1.37576,1.37576,1.37569,1.37574,31650000,1
1754875800000,1754875859000,1.37574,1.37575,1.37552,1.37554,163350000,1
1754875860000,1754875919000,1.37556,1.37566,1.37553,1.37564,145500000,1
1754875920000,1754875979000,1.37564,1.37564,1.37556,1.37556,80700000,1
1754875980000,1754876039000,1.37556,1.37556,1.37547,1.37547,55440000,1
1754876040000,1754876099000,1.37549,1.3755,1.37544,1.37544,25110000,1
1754876100000,1754876159000,1.37543,1.37546,1.3754,1.37546,80520000,1
1754876160000,1754876219000,1.37545,1.37546,1.37543,1.37545,36420000,1
1754876220000,1754876279000,1.37545,1.37553,1.37539,1.37553,118440000,1
1754876280000,1754876339000,1.37552,1.37557,1.37552,1.37557,203010000,1
1754876340000,1754876399000,1.37558,1.37558,1.37553,1.37553,74700000,1
1754876400000,1754876459000,1.37553,1.37557,1.37551,1.37551,61650000,1
1754876460000,1754876519000,1.37552,1.37557,1.37552,1.37556,123300000,1
1754876520000,1754876579000,1.37555,1.37557,1.37555,1.37557,20850000,1
1754876580000,1754876639000,1.37558,1.37558,1.37545,1.37545,96750000,1
1754876640000,1754876699000,1.37545,1.37547,1.37543,1.37544,94200000,1
1754876700000,1754876759000,1.37544,1.37545,1.37527,1.37529,94140000,1
1754876760000,1754876819000,1.37528,1.37539,1.37528,1.37538,25890000,1
1754876820000,1754876879000,1.37539,1.37556,1.37539,1.37548,54480000,1
1754876880000,1754876939000,1.37549,1.37551,1.37546,1.37547,37890000,1
1754876940000,1754876999000,1.37547,1.37548,1.37532,1.37535,74640000,1
1754877000000,1754877059000,1.37535,1.37537,1.37528,1.37528,99420000,1
1754877060000,1754877119000,1.37527,1.37529,1.37525,1.37529,97560000,1
1754877120000,1754877179000,1.37529,1.3753,1.37526,1.37526,43680000,1
1754877180000,1754877239000,1.37528,1.37528,1.37527,1.37527,21510000,1
1754877240000,1754877299000,1.37528,1.37528,1.37525,1.37528,55950000,1
1754877300000,1754877359000,1.37527,1.37542,1.37527,1.37541,79650000,1
1754877360000,1754877419000,1.3754,1.37546,1.3754,1.37543,150510000,1
1754877420000,1754877479000,1.37542,1.37542,1.37535,1.37535,54210000,1
1754877480000,1754877539000,1.37536,1.37537,1.37532,1.37535,67380000,1
1754877540000,1754877599000,1.37533,1.37535,1.37529,1.37529,39600000,1
1754877600000,1754877659000,1.37528,1.37528,1.37508,1.37516,193740000,1
1754877660000,1754877719000,1.37516,1.37519,1.37511,1.37518,107850000,1
1754877720000,1754877779000,1.37519,1.37519,1.37509,1.3751,87690000,1
1754877780000,1754877839000,1.3751,1.3751,1.37509,1.37509,12300000,1
1754877840000,1754877899000,1.37508,1.37509,1.37505,1.37506,30450000,1
1754877900000,1754877959000,1.37508,1.37511,1.37503,1.37505,54690000,1
1754877960000,1754878019000,1.37505,1.37505,1.37493,1.37496,50250000,1
1754878020000,1754878079000,1.37498,1.37507,1.37498,1.37507,93300000,1
1754878080000,1754878139000,1.37506,1.37513,1.37506,1.37513,36030000,1
1754878140000,1754878199000,1.37514,1.37516,1.37508,1.3751,84210000,1
1754878200000,1754878259000,1.3751,1.37518,1.3751,1.37518,36420000,1
1754878260000,1754878319000,1.37518,1.37518,1.37511,1.37511,18900000,1
1754878320000,1754878379000,1.37512,1.37515,1.37509,1.37513,55800000,1
1754878380000,1754878439000,1.37512,1.37514,1.37507,1.37512,47850000,1
1754878440000,1754878499000,1.37512,1.37513,1.3751,1.3751,34650000,1
1754878500000,1754878559000,1.37511,1.37517,1.37509,1.37516,28800000,1
1754878560000,1754878619000,1.37516,1.37517,1.37515,1.37515,35700000,1
1754878620000,1754878679000,1.37516,1.37526,1.37515,1.37518,92250000,1
1754878680000,1754878739000,1.37518,1.37518,1.37506,1.37507,70200000,1
1754878740000,1754878799000,1.37506,1.37506,1.37499,1.37501,21300000,1
1754878800000,1754878859000,1.37499,1.37499,1.37487,1.37493,64950000,1
1754878860000,1754878919000,1.37492,1.37499,1.37491,1.37491,34500000,1
1754878920000,1754878979000,1.3749,1.37494,1.37489,1.37493,43950000,1
1754878980000,1754879039000,1.37493,1.37498,1.37492,1.37496,16500000,1
1754879040000,1754879099000,1.37497,1.37499,1.37487,1.3749,68400000,1
1754879100000,1754879159000,1.3749,1.37499,1.37488,1.37498,64050000,1
1754879160000,1754879219000,1.37499,1.37499,1.37497,1.37497,7800000,1
1754879220000,1754879279000,1.37497,1.37497,1.37489,1.37489,14850000,1
1754879280000,1754879339000,1.37487,1.37488,1.37487,1.37488,2400000,1
1754879340000,1754879399000,1.37488,1.37488,1.37479,1.37483,27450000,1
1754879400000,1754879459000,1.37483,1.37484,1.3748,1.37484,50670000,1
1754879460000,1754879519000,1.37485,1.37488,1.37485,1.37485,20190000,1
1754879520000,1754879579000,1.37484,1.37485,1.3748,1.37484,18240000,1
1754879580000,1754879639000,1.37482,1.37495,1.37481,1.37491,47760000,1
1754879640000,1754879699000,1.37491,1.37493,1.37488,1.37493,32400000,1
1754879700000,1754879759000,1.37493,1.37497,1.3749,1.3749,56490000,1
1754879760000,1754879819000,1.37487,1.37489,1.37484,1.37489,21660000,1
1754879820000,1754879879000,1.37489,1.37491,1.37489,1.3749,24030000,1
1754879880000,1754879939000,1.37495,1.37505,1.37486,1.37505,58440000,1
1754879940000,1754879999000,1.37505,1.37505,1.37498,1.37499,51000000,1
1754880000000,1754880059000,1.37498,1.37498,1.37493,1.37496,38280000,1
1754880060000,1754880119000,1.37496,1.37496,1.37489,1.3749,42300000,1
1754880120000,1754880179000,1.37489,1.37489,1.37486,1.37487,27300000,1
1754880180000,1754880239000,1.37487,1.37492,1.37487,1.37489,65100000,1
1754880240000,1754880299000,1.37492,1.37492,1.37489,1.3749,23850000,1
1754880300000,1754880359000,1.37489,1.37496,1.37489,1.37495,14850000,1
1754880360000,1754880419000,1.37496,1.37496,1.37495,1.37496,10230000,1
1754880420000,1754880479000,1.37496,1.37498,1.37496,1.37498,16140000,1
1754880480000,1754880539000,1.37498,1.37501,1.37498,1.375,19170000,1
1754880540000,1754880599000,1.375,1.37501,1.37498,1.37498,19650000,1
1754880600000,1754880659000,1.37499,1.37499,1.37498,1.37498,7350000,1
1754880660000,1754880719000,1.37499,1.37499,1.37497,1.37497,10230000,1
1754880720000,1754880779000,1.37499,1.37499,1.37492,1.37492,27600000,1
1754880780000,1754880839000,1.37491,1.37492,1.37489,1.37492,23370000,1
1754880840000,1754880899000,1.37491,1.37496,1.37491,1.37492,28590000,1
1754880900000,1754880959000,1.37493,1.37498,1.37491,1.37491,62700000,1
1754880960000,1754881019000,1.37491,1.37493,1.3748,1.37483,41700000,1
1754881020000,1754881079000,1.37481,1.37489,1.3748,1.37488,33750000,1
1754881080000,1754881139000,1.37489,1.37489,1.37483,1.37486,35400000,1
1754881140000,1754881199000,1.37488,1.37488,1.37481,1.37482,41700000,1
1754881200000,1754881259000,1.37481,1.37482,1.3748,1.3748,29100000,1
1754881260000,1754881319000,1.37483,1.37483,1.3748,1.37481,10050000,1
1754881320000,1754881379000,1.37481,1.37483,1.37479,1.37483,43950000,1
1754881380000,1754881439000,1.37482,1.3749,1.37482,1.37482,35400000,1
1754881440000,1754881499000,1.37482,1.37488,1.37482,1.37483,30450000,1
1754881500000,1754881559000,1.37483,1.3749,1.37483,1.37489,40800000,1
1754881560000,1754881619000,1.37489,1.37495,1.37488,1.3749,39390000,1
1754881620000,1754881679000,1.3749,1.37498,1.3749,1.37494,31680000,1
1754881680000,1754881739000,1.37495,1.37495,1.37482,1.37483,34350000,1
1754881740000,1754881799000,1.37482,1.37484,1.3748,1.37482,32550000,1
1754881800000,1754881859000,1.37482,1.37483,1.37478,1.3748,35250000,1
1754881860000,1754881919000,1.37482,1.37482,1.37477,1.37479,32250000,1
1754881920000,1754881979000,1.37481,1.37484,1.3748,1.37483,22800000,1
1754881980000,1754882039000,1.37483,1.37483,1.37473,1.37473,63300000,1
1754882040000,1754882099000,1.37473,1.37474,1.37471,1.37473,43050000,1
1754882100000,1754882159000,1.37473,1.37479,1.37473,1.37478,48150000,1
1754882160000,1754882219000,1.37479,1.37479,1.37458,1.37461,96150000,1
1754882220000,1754882279000,1.3746,1.37464,1.3746,1.3746,39150000,1
1754882280000,1754882339000,1.37461,1.37466,1.37458,1.37459,43800000,1
1754882340000,1754882399000,1.37458,1.37458,1.37451,1.37451,51450000,1
1754882400000,1754882459000,1.37451,1.37459,1.37451,1.37459,13500000,1
1754882460000,1754882519000,1.3746,1.3746,1.37451,1.37453,47880000,1
1754882520000,1754882579000,1.37452,1.37458,1.37452,1.37455,31890000,1
1754882580000,1754882639000,1.37457,1.37457,1.37445,1.37449,30840000,1
1754882640000,1754882699000,1.37448,1.37451,1.37445,1.37448,72300000,1
1754882700000,1754882759000,1.37449,1.37451,1.37449,1.3745,26550000,1
1754882760000,1754882819000,1.37451,1.37463,1.3745,1.37454,48060000,1
1754882820000,1754882879000,1.37454,1.37458,1.37452,1.37454,41730000,1
1754882880000,1754882939000,1.37454,1.37459,1.37452,1.37459,27870000,1
1754882940000,1754882999000,1.37458,1.37459,1.37454,1.37459,56700000,1
1754883000000,1754883059000,1.37459,1.3746,1.37454,1.37459,80430000,1
1754883060000,1754883119000,1.37459,1.37467,1.37459,1.37459,57030000,1
1754883120000,1754883179000,1.37459,1.37462,1.37459,1.37459,29790000,1
1754883180000,1754883239000,1.3746,1.37463,1.37458,1.37458,27840000,1
1754883240000,1754883299000,1.37459,1.37465,1.37459,1.37464,24870000,1
1754883300000,1754883359000,1.37464,1.37468,1.37464,1.37465,50040000,1
1754883360000,1754883419000,1.37463,1.37463,1.37457,1.37458,14700000,1
1754883420000,1754883479000,1.37457,1.37461,1.37457,1.37461,19950000,1
1754883480000,1754883539000,1.37461,1.37461,1.3745,1.37451,45600000,1
1754883540000,1754883599000,1.3745,1.37456,1.3745,1.37451,27900000,1
1754883600000,1754883659000,1.37451,1.37452,1.3745,1.37451,12000000,1
1754883660000,1754883719000,1.37451,1.37452,1.37448,1.37452,27300000,1
1754883720000,1754883779000,1.37452,1.37456,1.37448,1.37456,34800000,1
1754883780000,1754883839000,1.37455,1.37456,1.37453,1.37454,31500000,1
1754883840000,1754883899000,1.37453,1.37455,1.37451,1.37453,26400000,1
1754883900000,1754883959000,1.37453,1.37458,1.37453,1.37456,27000000,1
1754883960000,1754884019000,1.37457,1.37458,1.37448,1.37449,34800000,1
1754884020000,1754884079000,1.37449,1.37455,1.37449,1.37452,35550000,1
1754884080000,1754884139000,1.37452,1.37455,1.37448,1.37454,63750000,1
1754884140000,1754884199000,1.37454,1.37456,1.37453,1.37453,66750000,1
1754884200000,1754884259000,1.37454,1.37455,1.37453,1.37453,23250000,1
1754884260000,1754884319000,1.37453,1.37456,1.37453,1.37456,15450000,1
1754884320000,1754884379000,1.37456,1.37456,1.37454,1.37456,11850000,1
1754884380000,1754884439000,1.37454,1.37455,1.37452,1.37453,32850000,1
1754884440000,1754884499000,1.37453,1.37455,1.37449,1.37449,72840000,1
1754884500000,1754884559000,1.37449,1.37449,1.37446,1.37446,22350000,1
1754884560000,1754884619000,1.37446,1.37449,1.37446,1.37449,9150000,1
1754884620000,1754884679000,1.37449,1.37454,1.37449,1.37451,71970000,1
1754884680000,1754884739000,1.37451,1.37452,1.37448,1.3745,51450000,1
1754884740000,1754884799000,1.37449,1.37458,1.37449,1.37456,51870000,1
1754884800000,1754884859000,1.37455,1.37456,1.37448,1.3745,66510000,1
1754884860000,1754884919000,1.37451,1.37455,1.3745,1.3745,62790000,1
1754884920000,1754884979000,1.37449,1.37453,1.37448,1.37449,47610000,1
1754884980000,1754885039000,1.37449,1.37459,1.37449,1.37459,33150000,1
1754885040000,1754885099000,1.37458,1.37468,1.37457,1.37468,41760000,1
1754885100000,1754885159000,1.37467,1.37471,1.37467,1.3747,22260000,1
1754885160000,1754885219000,1.37469,1.37471,1.37459,1.37459,37560000,1
1754885220000,1754885279000,1.37459,1.37462,1.37459,1.37462,25140000,1
1754885280000,1754885339000,1.37461,1.37464,1.37461,1.37461,26070000,1
1754885340000,1754885399000,1.37463,1.37463,1.37453,1.37453,48000000,1
1754885400000,1754885459000,1.37453,1.37454,1.37451,1.37452,20670000,1
1754885460000,1754885519000,1.37454,1.37455,1.37453,1.37455,21270000,1
1754885520000,1754885579000,1.37454,1.37456,1.37449,1.37454,54030000,1
1754885580000,1754885639000,1.37452,1.37452,1.37451,1.37452,29670000,1
1754885640000,1754885699000,1.37451,1.37456,1.37451,1.37453,27570000,1
1754885700000,1754885759000,1.3745,1.3745,1.37447,1.3745,177210000,1
1754885760000,1754885819000,1.3745,1.37455,1.3745,1.37455,32970000,1
1754885820000,1754885879000,1.37455,1.37455,1.37449,1.37449,19680000,1
1754885880000,1754885939000,1.37449,1.37453,1.37449,1.37451,18900000,1
1754885940000,1754885999000,1.37451,1.37454,1.37451,1.37452,22590000,1
1754886000000,1754886059000,1.37453,1.37453,1.3745,1.37451,27840000,1
1754886060000,1754886119000,1.37452,1.37461,1.3745,1.3746,65070000,1
1754886120000,1754886179000,1.37462,1.37465,1.37461,1.37465,11970000,1
1754886180000,1754886239000,1.37464,1.37472,1.37464,1.37471,43800000,1
1754886240000,1754886299000,1.37472,1.37472,1.37469,1.3747,16860000,1
1754886300000,1754886359000,1.3747,1.37476,1.3747,1.37476,7680000,1
1754886360000,1754886419000,1.37477,1.37482,1.37476,1.37479,40260000,1
1754886420000,1754886479000,1.37478,1.37482,1.37478,1.37481,12030000,1
1754886480000,1754886539000,1.37481,1.37488,1.37481,1.37485,23670000,1
1754886540000,1754886599000,1.37486,1.3749,1.37486,1.37487,38700000,1
1754886600000,1754886659000,1.37486,1.37488,1.37483,1.37487,33810000,1
1754886660000,1754886719000,1.3749,1.37497,1.37487,1.37496,86490000,1
1754886720000,1754886779000,1.37496,1.37497,1.37492,1.37497,60480000,1
1754886780000,1754886839000,1.37496,1.37496,1.37493,1.37493,39720000,1
1754886840000,1754886899000,1.37492,1.37492,1.37485,1.37485,25350000,1
1754886900000,1754886959000,1.37485,1.37491,1.37485,1.37485,21090000,1
1754886960000,1754887019000,1.37485,1.37487,1.37484,1.37486,19500000,1
1754887020000,1754887079000,1.37488,1.37489,1.37487,1.37487,23970000,1
1754887080000,1754887139000,1.37489,1.3749,1.37486,1.37487,28980000,1
1754887140000,1754887199000,1.37487,1.37489,1.37487,1.37489,6660000,1
1754887200000,1754887259000,1.37489,1.3749,1.37489,1.3749,14070000,1
1754887260000,1754887319000,1.3749,1.37491,1.3749,1.37491,8970000,1
1754887320000,1754887379000,1.37489,1.37492,1.37489,1.3749,64200000,1
1754887380000,1754887439000,1.3749,1.37491,1.3749,1.3749,9180000,1
1754887440000,1754887499000,1.3749,1.37491,1.37489,1.37489,13200000,1
1754887500000,1754887559000,1.3749,1.37491,1.37489,1.3749,15900000,1
1754887560000,1754887619000,1.37494,1.37495,1.37488,1.37488,69600000,1
1754887620000,1754887679000,1.37489,1.37491,1.37488,1.37489,16440000,1
1754887680000,1754887739000,1.37489,1.37489,1.37485,1.37485,15150000,1
1754887740000,1754887799000,1.37486,1.37486,1.37484,1.37484,42120000,1
1754887800000,1754887859000,1.37487,1.37487,1.37483,1.37483,63420000,1
1754887860000,1754887919000,1.37483,1.37484,1.37482,1.37482,13800000,1
1754887920000,1754887979000,1.37482,1.37494,1.37481,1.37494,55950000,1
1754887980000,1754888039000,1.37495,1.37498,1.37493,1.37496,25140000,1
1754888040000,1754888099000,1.37496,1.37499,1.37494,1.37496,59400000,1
1754888100000,1754888159000,1.37497,1.37499,1.37494,1.37499,58500000,1
1754888160000,1754888219000,1.37502,1.37504,1.37496,1.37497,35430000,1
1754888220000,1754888279000,1.37499,1.37502,1.37497,1.37502,24990000,1
1754888280000,1754888339000,1.37503,1.37504,1.37499,1.37501,49410000,1
1754888340000,1754888399000,1.37503,1.37508,1.37501,1.37504,66000000,1
1754888400000,1754888459000,1.37505,1.37515,1.37505,1.37513,63090000,1
1754888460000,1754888519000,1.37515,1.37518,1.37512,1.37515,47670000,1
1754888520000,1754888579000,1.37515,1.37515,1.37509,1.3751,52410000,1
1754888580000,1754888639000,1.37509,1.3752,1.37509,1.37518,75900000,1
1754888640000,1754888699000,1.37518,1.3752,1.37516,1.37519,30750000,1
1754888700000,1754888759000,1.37519,1.37519,1.37506,1.37506,106500000,1
1754888760000,1754888819000,1.37506,1.37507,1.37499,1.37499,70050000,1
1754888820000,1754888879000,1.375,1.375,1.37498,1.37499,13950000,1
1754888880000,1754888939000,1.375,1.37501,1.37499,1.37501,21600000,1
1754888940000,1754888999000,1.37501,1.37501,1.37496,1.37496,43200000,1
1754889000000,1754889059000,1.37496,1.37502,1.37496,1.375,43200000,1
1754889060000,1754889119000,1.37501,1.37509,1.37501,1.37508,39750000,1
1754889120000,1754889179000,1.37507,1.37507,1.375,1.37502,46200000,1
1754889180000,1754889239000,1.37502,1.37507,1.375,1.37507,35100000,1
1754889240000,1754889299000,1.37508,1.3751,1.37508,1.37508,23250000,1
1754889300000,1754889359000,1.3751,1.37516,1.37509,1.37513,22740000,1
1754889360000,1754889419000,1.37515,1.37516,1.37507,1.37507,22650000,1
1754889420000,1754889479000,1.37507,1.37507,1.37505,1.37505,4800000,1
1754889480000,1754889539000,1.37508,1.37509,1.37508,1.37509,13350000,1
1754889540000,1754889599000,1.37508,1.37513,1.37508,1.3751,39390000,1
1754889600000,1754889659000,1.37511,1.37511,1.37503,1.37503,103380000,1
1754889660000,1754889719000,1.37503,1.37504,1.37502,1.37503,30420000,1
1754889720000,1754889779000,1.37503,1.37504,1.37502,1.37502,54300000,1
1754889780000,1754889839000,1.37502,1.37506,1.37501,1.37502,34920000,1
1754889840000,1754889899000,1.37501,1.37505,1.37501,1.37503,37620000,1
1754889900000,1754889959000,1.37503,1.37506,1.37502,1.37502,31200000,1
1754889960000,1754890019000,1.37504,1.37508,1.37504,1.37508,7950000,1
1754890020000,1754890079000,1.37507,1.37513,1.37507,1.3751,25080000,1
1754890080000,1754890139000,1.37509,1.37514,1.37509,1.37513,22320000,1
1754890140000,1754890199000,1.37513,1.37516,1.37511,1.37516,32160000,1
1754890200000,1754890259000,1.37515,1.37522,1.37515,1.37521,15780000,1
1754890260000,1754890319000,1.37522,1.37525,1.3752,1.37521,74130000,1
1754890320000,1754890379000,1.3752,1.3752,1.37515,1.37516,84960000,1
1754890380000,1754890439000,1.37515,1.37518,1.37508,1.37518,50400000,1
1754890440000,1754890499000,1.37518,1.37525,1.37518,1.37525,34050000,1
1754890500000,1754890559000,1.37524,1.37526,1.37524,1.37524,20400000,1
1754890560000,1754890619000,1.37524,1.37528,1.37524,1.37525,21600000,1
1754890620000,1754890679000,1.37526,1.3753,1.37522,1.3753,21450000,1
1754890680000,1754890739000,1.37531,1.37531,1.37527,1.37528,14400000,1
1754890740000,1754890799000,1.37528,1.37528,1.37521,1.37523,56370000,1
1754890800000,1754890859000,1.37523,1.37524,1.37511,1.37512,51840000,1
1754890860000,1754890919000,1.37511,1.37511,1.3751,1.37511,36900000,1
1754890920000,1754890979000,1.3751,1.3752,1.3751,1.37519,42750000,1
1754890980000,1754891039000,1.37521,1.37522,1.37518,1.37519,39600000,1
1754891040000,1754891099000,1.37518,1.37519,1.37508,1.37513,75090000,1
1754891100000,1754891159000,1.37512,1.37516,1.37512,1.37515,28500000,1
1754891160000,1754891219000,1.37517,1.37517,1.37508,1.37508,27150000,1
1754891220000,1754891279000,1.37508,1.37509,1.37507,1.37508,19800000,1
1754891280000,1754891339000,1.37508,1.37516,1.37503,1.37516,30000000,1
1754891340000,1754891399000,1.37516,1.37519,1.37508,1.37508,29100000,1
1754891400000,1754891459000,1.37508,1.37509,1.37499,1.37499,24600000,1
1754891460000,1754891519000,1.37499,1.375,1.37498,1.37498,8850000,1
1754891520000,1754891579000,1.37498,1.37506,1.37498,1.37506,55740000,1
1754891580000,1754891639000,1.37505,1.37506,1.37504,1.37505,45300000,1
1754891640000,1754891699000,1.37506,1.37509,1.37506,1.37508,24810000,1
1754891700000,1754891759000,1.37507,1.37508,1.375,1.37503,78900000,1
1754891760000,1754891819000,1.37504,1.37506,1.37502,1.37502,82170000,1
1754891820000,1754891879000,1.37501,1.37506,1.37501,1.37501,36390000,1
1754891880000,1754891939000,1.37501,1.37513,1.37501,1.37513,95280000,1
1754891940000,1754891999000,1.37513,1.37513,1.3751,1.3751,114720000,1
1754892000000,1754892059000,1.37512,1.37512,1.37497,1.37498,133740000,1
1754892060000,1754892119000,1.37498,1.375,1.37495,1.37498,89220000,1
1754892120000,1754892179000,1.37497,1.37499,1.3749,1.37498,59280000,1
1754892180000,1754892239000,1.37497,1.375,1.37495,1.37496,65370000,1
1754892240000,1754892299000,1.37498,1.375,1.37496,1.37499,44370000,1
1754892300000,1754892359000,1.37502,1.37506,1.37493,1.37502,88320000,1
1754892360000,1754892419000,1.37501,1.37506,1.37489,1.3749,124320000,1
1754892420000,1754892479000,1.3749,1.37503,1.37489,1.37501,64050000,1
1754892480000,1754892539000,1.37502,1.37509,1.37502,1.37504,77100000,1
1754892540000,1754892599000,1.37506,1.3751,1.37502,1.37502,64140000,1
1754892600000,1754892659000,1.37502,1.37508,1.375,1.37508,56700000,1
1754892660000,1754892719000,1.37507,1.37509,1.37507,1.37507,51450000,1
1754892720000,1754892779000,1.37507,1.37517,1.37505,1.37517,22650000,1
1754892780000,1754892839000,1.37518,1.3753,1.37517,1.37529,41550000,1
1754892840000,1754892899000,1.37529,1.3753,1.37525,1.37525,44850000,1
1754892900000,1754892959000,1.37526,1.37528,1.37526,1.37527,23100000,1
1754892960000,1754893019000,1.37528,1.37539,1.37528,1.37534,58650000,1
1754893020000,1754893079000,1.37534,1.37538,1.3752,1.37527,85920000,1
1754893080000,1754893139000,1.37528,1.37534,1.3752,1.37522,73620000,1
1754893140000,1754893199000,1.37522,1.3753,1.37522,1.3753,36540000,1
1754893200000,1754893259000,1.37529,1.3753,1.37522,1.37525,24510000,1
1754893260000,1754893319000,1.37525,1.37527,1.37518,1.37518,23730000,1
1754893320000,1754893379000,1.37519,1.37519,1.37506,1.37512,56700000,1
1754893380000,1754893439000,1.37512,1.37513,1.37506,1.37512,52260000,1
1754893440000,1754893499000,1.37512,1.37524,1.3751,1.37523,45090000,1
1754893500000,1754893559000,1.37523,1.37534,1.37523,1.37526,80100000,1
1754893560000,1754893619000,1.37526,1.37544,1.37526,1.37539,62160000,1
1754893620000,1754893679000,1.37539,1.37545,1.37537,1.37545,102930000,1
1754893680000,1754893739000,1.37545,1.37549,1.37544,1.37548,73890000,1
1754893740000,1754893799000,1.37548,1.37559,1.37546,1.37556,42360000,1
1754893800000,1754893859000,1.37556,1.37558,1.37551,1.37555,37440000,1
1754893860000,1754893919000,1.37556,1.37562,1.37556,1.37561,23550000,1
1754893920000,1754893979000,1.3756,1.37561,1.37557,1.37557,37500000,1
1754893980000,1754894039000,1.37557,1.37561,1.37557,1.37559,47850000,1
1754894040000,1754894099000,1.37559,1.3756,1.37557,1.37558,38850000,1
1754894100000,1754894159000,1.37559,1.37563,1.37558,1.3756,24000000,1
1754894160000,1754894219000,1.37559,1.37559,1.37552,1.37557,22950000,1
1754894220000,1754894279000,1.37557,1.37558,1.37556,1.37557,24000000,1
1754894280000,1754894339000,1.37557,1.37563,1.37557,1.37558,27750000,1
1754894340000,1754894399000,1.3756,1.37569,1.3756,1.37569,32670000,1
1754894400000,1754894459000,1.37569,1.37569,1.37562,1.37565,27600000,1
1754894460000,1754894519000,1.37564,1.37567,1.37559,1.37567,29400000,1
1754894520000,1754894579000,1.37568,1.3757,1.37567,1.37568,28800000,1
1754894580000,1754894639000,1.37567,1.37567,1.37564,1.37565,12000000,1
1754894640000,1754894699000,1.37563,1.37566,1.37558,1.37566,43500000,1
1754894700000,1754894759000,1.37566,1.37569,1.37561,1.37563,49050000,1
1754894760000,1754894819000,1.37562,1.37564,1.37559,1.37564,39300000,1
1754894820000,1754894879000,1.37564,1.3757,1.37564,1.37569,29850000,1
1754894880000,1754894939000,1.37571,1.37571,1.37569,1.37571,30540000,1
1754894940000,1754894999000,1.3757,1.37571,1.37563,1.37566,37740000,1
1754895000000,1754895059000,1.37565,1.3757,1.37565,1.37567,11010000,1
1754895060000,1754895119000,1.37568,1.3757,1.37558,1.37559,71340000,1
1754895120000,1754895179000,1.37558,1.37565,1.37557,1.37565,55920000,1
1754895180000,1754895239000,1.37566,1.37567,1.37564,1.37564,14700000,1
1754895240000,1754895299000,1.37564,1.3757,1.37564,1.37567,35190000,1
1754895300000,1754895359000,1.37567,1.37582,1.37567,1.37582,48180000,1
1754895360000,1754895419000,1.3758,1.3758,1.37576,1.37578,59850000,1
1754895420000,1754895479000,1.37578,1.3758,1.37569,1.37574,101250000,1
1754895480000,1754895539000,1.37574,1.37576,1.37562,1.37569,142770000,1
1754895540000,1754895599000,1.3757,1.37578,1.37567,1.37567,139170000,1
1754895600000,1754895659000,1.37567,1.376,1.37567,1.37598,178590000,1
1754895660000,1754895719000,1.37598,1.37621,1.37595,1.3762,152940000,1
1754895720000,1754895779000,1.37619,1.37633,1.37619,1.3763,84390000,1
1754895780000,1754895839000,1.37629,1.37629,1.3762,1.37621,98760000,1
1754895840000,1754895899000,1.37621,1.37657,1.37621,1.37651,186630000,1
1754895900000,1754895959000,1.37652,1.37653,1.37646,1.37651,75300000,1
1754895960000,1754896019000,1.37652,1.3768,1.37652,1.3768,77880000,1
1754896020000,1754896079000,1.37679,1.37681,1.37669,1.37675,62190000,1
1754896080000,1754896139000,1.37675,1.3768,1.37666,1.37672,76860000,1
1754896140000,1754896199000,1.3767,1.37678,1.37667,1.37675,28650000,1
1754896200000,1754896259000,1.37675,1.37688,1.37675,1.37686,68370000,1
1754896260000,1754896319000,1.37686,1.37691,1.37685,1.37688,51270000,1
1754896320000,1754896379000,1.37687,1.37687,1.37665,1.37666,106950000,1
1754896380000,1754896439000,1.37666,1.37666,1.37639,1.37643,87450000,1
1754896440000,1754896499000,1.37642,1.37652,1.37641,1.37649,80100000,1
1754896500000,1754896559000,1.37649,1.3765,1.37632,1.37632,72630000,1
1754896560000,1754896619000,1.3763,1.37637,1.37624,1.37631,86400000,1
1754896620000,1754896679000,1.37633,1.3764,1.37631,1.37639,55650000,1
1754896680000,1754896739000,1.37637,1.37638,1.37631,1.37631,54750000,1
1754896740000,1754896799000,1.37632,1.37645,1.37631,1.37645,88500000,1
1754896800000,1754896859000,1.37647,1.37655,1.37647,1.37654,62370000,1
1754896860000,1754896919000,1.37653,1.37653,1.37643,1.37643,33750000,1
1754896920000,1754896979000,1.37642,1.3765,1.37638,1.37649,75450000,1
1754896980000,1754897039000,1.37649,1.3766,1.37649,1.37659,111450000,1
1754897040000,1754897099000,1.37659,1.3766,1.37638,1.37641,79500000,1
1754897100000,1754897159000,1.37639,1.3764,1.37613,1.37618,110550000,1
1754897160000,1754897219000,1.37619,1.37622,1.37611,1.37614,119400000,1
1754897220000,1754897279000,1.37613,1.37638,1.37613,1.37638,142800000,1
1754897280000,1754897339000,1.37638,1.37657,1.37638,1.37657,67350000,1
1754897340000,1754897399000,1.37657,1.37658,1.37647,1.37648,77280000,1
1754897400000,1754897459000,1.37649,1.37656,1.37647,1.37655,148620000,1
1754897460000,1754897519000,1.37655,1.37675,1.37655,1.37668,86310000,1
1754897520000,1754897579000,1.37668,1.37671,1.37661,1.37671,94440000,1
1754897580000,1754897639000,1.37672,1.37678,1.37669,1.37669,106560000,1
1754897640000,1754897699000,1.37668,1.37674,1.37666,1.37667,76410000,1
1754897700000,1754897759000,1.37667,1.37674,1.3766,1.37674,96360000,1
1754897760000,1754897819000,1.37674,1.37683,1.37674,1.37678,51900000,1
1754897820000,1754897879000,1.37678,1.37687,1.37671,1.37686,100350000,1
1754897880000,1754897939000,1.37688,1.37691,1.37684,1.37684,40200000,1
1754897940000,1754897999000,1.37682,1.37682,1.37672,1.37673,47580000,1
1754898000000,1754898059000,1.37673,1.37673,1.37666,1.37669,58950000,1
1754898060000,1754898119000,1.37668,1.37672,1.37661,1.37667,52020000,1
1754898120000,1754898179000,1.37668,1.37679,1.37668,1.37679,38310000,1
1754898180000,1754898239000,1.37676,1.37685,1.37671,1.37671,53820000,1
1754898240000,1754898299000,1.37672,1.37675,1.37667,1.37675,60330000,1
1754898300000,1754898359000,1.37675,1.37677,1.3767,1.37677,72960000,1
1754898360000,1754898419000,1.37678,1.37678,1.37668,1.3767,84990000,1
1754898420000,1754898479000,1.37671,1.37685,1.3767,1.37677,74580000,1
1754898480000,1754898539000,1.37677,1.37689,1.37677,1.37689,44400000,1
1754898540000,1754898599000,1.37689,1.3769,1.37681,1.37684,86100000,1
1754898600000,1754898659000,1.37684,1.37696,1.37684,1.37694,55200000,1
1754898660000,1754898719000,1.37692,1.37693,1.37688,1.37693,101160000,1
1754898720000,1754898779000,1.37694,1.37733,1.37693,1.37724,98670000,1
1754898780000,1754898839000,1.37723,1.37737,1.37723,1.37724,63750000,1
1754898840000,1754898899000,1.37724,1.37724,1.37714,1.37723,62820000,1
1754898900000,1754898959000,1.37724,1.37725,1.37703,1.37705,115320000,1
1754898960000,1754899019000,1.37705,1.37707,1.37696,1.37697,43500000,1
1754899020000,1754899079000,1.37697,1.37699,1.37693,1.37696,88170000,1
1754899080000,1754899139000,1.37696,1.37698,1.37693,1.37695,124620000,1
1754899140000,1754899199000,1.37695,1.37695,1.37677,1.37689,114150000,1
1754899200000,1754899259000,1.37689,1.37701,1.37678,1.37695,171210000,1
1754899260000,1754899319000,1.37695,1.377,1.37688,1.37696,117450000,1
1754899320000,1754899379000,1.37696,1.37698,1.37693,1.37698,42900000,1
1754899380000,1754899439000,1.37696,1.37702,1.37694,1.377,70470000,1
1754899440000,1754899499000,1.377,1.37707,1.37697,1.377,64350000,1
1754899500000,1754899559000,1.37699,1.37699,1.37687,1.37697,77640000,1
1754899560000,1754899619000,1.37698,1.37698,1.37683,1.37686,105600000,1
1754899620000,1754899679000,1.37685,1.37688,1.37676,1.37676,28650000,1
1754899680000,1754899739000,1.37676,1.3768,1.37661,1.37661,73440000,1
1754899740000,1754899799000,1.37661,1.37671,1.37657,1.37665,156690000,1
1754899800000,1754899859000,1.37665,1.37679,1.37663,1.37677,137250000,1
1754899860000,1754899919000,1.37677,1.3768,1.37665,1.37673,142890000,1
1754899920000,1754899979000,1.37673,1.37678,1.37673,1.37675,66750000,1
1754899980000,1754900039000,1.37673,1.37675,1.37668,1.3767,110100000,1
1754900040000,1754900099000,1.3767,1.3767,1.37658,1.37668,35550000,1
1754900100000,1754900159000,1.37668,1.37673,1.37666,1.37673,46350000,1
1754900160000,1754900219000,1.37671,1.37682,1.37667,1.37681,71100000,1
1754900220000,1754900279000,1.37679,1.37681,1.37674,1.37676,58350000,1
1754900280000,1754900339000,1.37676,1.37679,1.37671,1.37675,60300000,1
1754900340000,1754900399000,1.37674,1.37678,1.37674,1.37676,29100000,1
1754900400000,1754900459000,1.37675,1.37675,1.37656,1.37656,59550000,1
1754900460000,1754900519000,1.37656,1.3766,1.3764,1.3764,52200000,1
1754900520000,1754900579000,1.37639,1.37643,1.37628,1.37642,58800000,1
1754900580000,1754900639000,1.37642,1.3765,1.37639,1.3765,51900000,1
1754900640000,1754900699000,1.3765,1.37654,1.37641,1.37642,138900000,1
1754900700000,1754900759000,1.37642,1.37668,1.37641,1.37667,125050000,1
1754900760000,1754900819000,1.37668,1.37678,1.37667,1.37675,60570000,1
1754900820000,1754900879000,1.37674,1.37675,1.37667,1.3767,30600000,1
1754900880000,1754900939000,1.3767,1.37677,1.37667,1.37676,46200000,1
1754900940000,1754900999000,1.37675,1.37675,1.3766,1.37663,70800000,1
1754901000000,1754901059000,1.37663,1.37664,1.37658,1.37662,45600000,1
1754901060000,1754901119000,1.37662,1.37665,1.37653,1.37656,44010000,1
1754901120000,1754901179000,1.37655,1.37656,1.37649,1.37649,67230000,1
1754901180000,1754901239000,1.3765,1.37653,1.3764,1.37651,66150000,1
1754901240000,1754901299000,1.37652,1.37662,1.3765,1.37662,22050000,1
1754901300000,1754901359000,1.37661,1.37662,1.37653,1.37654,53100000,1
1754901360000,1754901419000,1.37651,1.37666,1.37651,1.37662,32700000,1
1754901420000,1754901479000,1.3766,1.37666,1.3766,1.37666,18000000,1
1754901480000,1754901539000,1.37666,1.37673,1.37653,1.37655,57330000,1
1754901540000,1754901599000,1.37655,1.37662,1.37654,1.3766,57300000,1
1754901600000,1754901659000,1.37659,1.37661,1.37657,1.3766,43350000,1
1754901660000,1754901719000,1.3766,1.37661,1.37655,1.37656,50190000,1
1754901720000,1754901779000,1.37657,1.37658,1.37648,1.37648,32070000,1
1754901780000,1754901839000,1.37649,1.37662,1.37648,1.37659,64440000,1
1754901840000,1754901899000,1.37659,1.37665,1.37657,1.37658,93060000,1
1754901900000,1754901959000,1.37658,1.3766,1.37656,1.37657,29070000,1
1754901960000,1754902019000,1.37657,1.3766,1.3765,1.37652,62970000,1
1754902020000,1754902079000,1.37651,1.37654,1.37649,1.37652,42330000,1
1754902080000,1754902139000,1.37653,1.37658,1.37651,1.37654,91950000,1
1754902140000,1754902199000,1.37655,1.37659,1.37652,1.37652,45720000,1
1754902200000,1754902259000,1.37651,1.37656,1.3765,1.37655,74430000,1
1754902260000,1754902319000,1.37655,1.37655,1.37641,1.37642,79920000,1
1754902320000,1754902379000,1.37641,1.37648,1.3764,1.3764,76680000,1
1754902380000,1754902439000,1.37641,1.37641,1.3763,1.37637,47970000,1
1754902440000,1754902499000,1.37638,1.37642,1.37635,1.3764,86010000,1
1754902500000,1754902559000,1.37641,1.37648,1.37638,1.37647,67290000,1
1754902560000,1754902619000,1.37648,1.37649,1.37646,1.37647,135630000,1
1754902620000,1754902679000,1.37648,1.37655,1.37647,1.37649,70500000,1
1754902680000,1754902739000,1.37649,1.37653,1.37648,1.37652,20670000,1
1754902740000,1754902799000,1.3765,1.37654,1.3764,1.3764,63240000,1
1754902800000,1754902859000,1.37642,1.37645,1.3763,1.37631,85350000,1
1754902860000,1754902919000,1.37631,1.37632,1.37629,1.37629,55410000,1
1754902920000,1754902979000,1.3763,1.37636,1.37625,1.37634,56790000,1
1754902980000,1754903039000,1.37634,1.37636,1.37632,1.37633,48510000,1
1754903040000,1754903099000,1.37633,1.37636,1.37633,1.37635,99630000,1
1754903100000,1754903159000,1.37634,1.37645,1.37634,1.37644,97050000,1
1754903160000,1754903219000,1.37645,1.37649,1.37643,1.37648,50130000,1
1754903220000,1754903279000,1.37647,1.37659,1.37647,1.37657,40320000,1
1754903280000,1754903339000,1.37657,1.37658,1.3765,1.3765,23850000,1
1754903340000,1754903399000,1.37651,1.37658,1.37649,1.37657,31740000,1
1754903400000,1754903459000,1.37656,1.37657,1.37653,1.37653,18150000,1
1754903460000,1754903519000,1.37654,1.37658,1.37653,1.37658,17100000,1
1754903520000,1754903579000,1.37656,1.37658,1.37656,1.37657,16650000,1
1754903580000,1754903639000,1.37657,1.37659,1.37651,1.37658,60090000,1
1754903640000,1754903699000,1.37659,1.37684,1.37659,1.37683,44670000,1
1754903700000,1754903759000,1.37684,1.37697,1.37684,1.37696,58650000,1
1754903760000,1754903819000,1.37696,1.37697,1.37678,1.37678,90750000,1
1754903820000,1754903879000,1.37677,1.37677,1.3767,1.37674,71640000,1
1754903880000,1754903939000,1.37674,1.37674,1.37668,1.3767,61650000,1
1754903940000,1754903999000,1.3767,1.3767,1.37662,1.37663,74850000,1
1754904000000,1754904059000,1.37661,1.37678,1.37661,1.37677,58500000,1
1754904060000,1754904119000,1.37678,1.37678,1.37666,1.37666,58350000,1
1754904120000,1754904179000,1.37666,1.37669,1.37666,1.37667,62220000,1
1754904180000,1754904239000,1.37669,1.37676,1.37663,1.37676,36630000,1
1754904240000,1754904299000,1.37676,1.37692,1.37676,1.37687,85440000,1
1754904300000,1754904359000,1.37686,1.37689,1.3768,1.3768,48600000,1
1754904360000,1754904419000,1.3768,1.37707,1.3768,1.37706,104970000,1
1754904420000,1754904479000,1.37706,1.37707,1.37698,1.37706,49350000,1
1754904480000,1754904539000,1.37704,1.37708,1.37698,1.37707,43770000,1
1754904540000,1754904599000,1.37708,1.37716,1.37696,1.37697,84240000,1
1754904600000,1754904659000,1.37697,1.37707,1.37696,1.37705,54300000,1
1754904660000,1754904719000,1.37704,1.37709,1.37703,1.37704,53400000,1
1754904720000,1754904779000,1.37705,1.3771,1.37698,1.37699,64800000,1
1754904780000,1754904839000,1.37698,1.37709,1.37698,1.37709,42600000,1
1754904840000,1754904899000,1.37708,1.37709,1.37702,1.37705,30750000,1
1754904900000,1754904959000,1.37705,1.37711,1.37702,1.37711,69390000,1
1754904960000,1754905019000,1.37711,1.37712,1.37708,1.37711,38400000,1
1754905020000,1754905079000,1.3771,1.37712,1.37705,1.37709,30450000,1
1754905080000,1754905139000,1.37709,1.37724,1.37709,1.3772,57540000,1
1754905140000,1754905199000,1.37719,1.37729,1.37718,1.37725,102660000,1
1754905200000,1754905259000,1.37723,1.37723,1.3771,1.37712,100200000,1
1754905260000,1754905319000,1.3771,1.37717,1.37707,1.37717,60120000,1
1754905320000,1754905379000,1.37715,1.37719,1.37714,1.37717,21600000,1
1754905380000,1754905439000,1.37716,1.37717,1.37712,1.37716,57600000,1
1754905440000,1754905499000,1.37715,1.37717,1.37711,1.37712,39600000,1
1754905500000,1754905559000,1.37711,1.37719,1.3771,1.37717,42120000,1
1754905560000,1754905619000,1.37718,1.37718,1.37712,1.37713,42300000,1
1754905620000,1754905679000,1.37711,1.37711,1.37708,1.37708,17400000,1
1754905680000,1754905739000,1.37708,1.3771,1.37704,1.37704,29610000,1
1754905740000,1754905799000,1.37706,1.37707,1.37706,1.37706,19500000,1
1754905800000,1754905859000,1.37706,1.37718,1.37706,1.37717,30600000,1
1754905860000,1754905919000,1.37717,1.37727,1.37716,1.37727,12420000,1
1754905920000,1754905979000,1.37727,1.37728,1.37725,1.37725,10800000,1
1754905980000,1754906039000,1.37727,1.37745,1.37726,1.37739,48420000,1
1754906040000,1754906099000,1.37738,1.37742,1.37735,1.37736,51930000,1
1754906100000,1754906159000,1.37737,1.37748,1.37737,1.37744,74100000,1
1754906160000,1754906219000,1.37745,1.3775,1.37742,1.37744,69510000,1
1754906220000,1754906279000,1.37743,1.3775,1.37742,1.37748,64770000,1
1754906280000,1754906339000,1.37746,1.37749,1.37736,1.37736,51120000,1
1754906340000,1754906399000,1.37736,1.3774,1.37735,1.37737,56640000,1
1754906400000,1754906459000,1.37738,1.37738,1.37727,1.37737,71850000,1
1754906460000,1754906519000,1.37735,1.37735,1.37719,1.37721,68400000,1
1754906520000,1754906579000,1.3772,1.37721,1.37715,1.37718,42090000,1
1754906580000,1754906639000,1.37716,1.37716,1.37706,1.37712,63150000,1
1754906640000,1754906699000,1.37712,1.37712,1.37706,1.37706,21750000,1
1754906700000,1754906759000,1.37705,1.37705,1.37696,1.37699,36750000,1
1754906760000,1754906819000,1.37701,1.37707,1.377,1.37707,40770000,1
1754906820000,1754906879000,1.37708,1.37711,1.37705,1.37707,17100000,1
1754906880000,1754906939000,1.37709,1.37709,1.37699,1.37699,12150000,1
1754906940000,1754906999000,1.377,1.37701,1.37696,1.37697,36300000,1
1754907000000,1754907059000,1.37696,1.37697,1.37692,1.37692,14250000,1
1754907060000,1754907119000,1.37693,1.37698,1.37691,1.37698,19200000,1
1754907120000,1754907179000,1.37697,1.37704,1.37697,1.37698,49950000,1
1754907180000,1754907239000,1.37697,1.37699,1.37691,1.37691,35100000,1
1754907240000,1754907299000,1.37692,1.37696,1.3769,1.3769,55200000,1
1754907300000,1754907359000,1.3769,1.37691,1.37686,1.37686,30000000,1
1754907360000,1754907419000,1.37681,1.37681,1.3767,1.37671,51690000,1
1754907420000,1754907479000,1.3767,1.3767,1.37667,1.37667,27600000,1
1754907480000,1754907539000,1.37669,1.3767,1.37663,1.37665,31350000,1
1754907540000,1754907599000,1.37664,1.37668,1.37664,1.37667,19050000,1
1754907600000,1754907659000,1.37669,1.37672,1.37668,1.37669,64050000,1
1754907660000,1754907719000,1.3767,1.37674,1.37669,1.37673,63000000,1
1754907720000,1754907779000,1.37672,1.37672,1.37664,1.37666,61500000,1
1754907780000,1754907839000,1.37666,1.37668,1.37662,1.37662,39450000,1
1754907840000,1754907899000,1.37664,1.37668,1.37662,1.37662,59550000,1
1754907900000,1754907959000,1.37664,1.37671,1.37662,1.3767,57900000,1
1754907960000,1754908019000,1.3767,1.37671,1.37668,1.3767,42600000,1
1754908020000,1754908079000,1.3767,1.37671,1.37669,1.37671,15000000,1
1754908080000,1754908139000,1.37674,1.37674,1.37668,1.37668,31950000,1
1754908140000,1754908199000,1.37667,1.37667,1.37662,1.37662,47850000,1
1754908200000,1754908259000,1.37662,1.37662,1.37657,1.37658,48150000,1
1754908260000,1754908319000,1.37657,1.3767,1.37657,1.3767,81390000,1
1754908320000,1754908379000,1.37671,1.37676,1.37669,1.37676,11250000,1
1754908380000,1754908439000,1.37676,1.37688,1.37676,1.37678,73770000,1
1754908440000,1754908499000,1.37677,1.37677,1.37669,1.3767,38700000,1
1754908500000,1754908559000,1.37671,1.37674,1.37663,1.37663,17250000,1
1754908560000,1754908619000,1.37663,1.37667,1.37663,1.37665,95250000,1
1754908620000,1754908679000,1.37664,1.37674,1.37662,1.37674,44550000,1
1754908680000,1754908739000,1.37674,1.37675,1.37671,1.37671,37350000,1
1754908740000,1754908799000,1.37672,1.37672,1.3766,1.3766,57270000,1
1754908800000,1754908859000,1.37661,1.37662,1.37655,1.37655,23550000,1
1754908860000,1754908919000,1.37655,1.37665,1.37654,1.37665,77550000,1
1754908920000,1754908979000,1.37666,1.37675,1.37666,1.37673,59850000,1
1754908980000,1754909039000,1.37674,1.37688,1.37674,1.37683,118470000,1
1754909040000,1754909099000,1.37683,1.37687,1.37671,1.37674,80100000,1
1754909100000,1754909159000,1.37673,1.37676,1.3767,1.37672,54450000,1
1754909160000,1754909219000,1.37673,1.37673,1.37664,1.37666,45090000,1
1754909220000,1754909279000,1.37667,1.37671,1.37667,1.37668,49470000,1
1754909280000,1754909339000,1.37668,1.37669,1.37667,1.37669,16650000,1
1754909340000,1754909399000,1.37668,1.37671,1.37667,1.3767,21150000,1
1754909400000,1754909459000,1.37676,1.37683,1.37676,1.3768,45090000,1
1754909460000,1754909519000,1.37681,1.37689,1.37679,1.37688,65250000,1
1754909520000,1754909579000,1.37688,1.37691,1.37688,1.37688,36870000,1
1754909580000,1754909639000,1.37689,1.37689,1.37687,1.37689,29460000,1
1754909640000,1754909699000,1.37688,1.377,1.37688,1.37695,32040000,1
1754909700000,1754909759000,1.37695,1.37705,1.37695,1.37702,58200000,1
1754909760000,1754909819000,1.37701,1.37701,1.37688,1.37689,53880000,1
1754909820000,1754909879000,1.3769,1.37692,1.37686,1.37692,53550000,1
1754909880000,1754909939000,1.37691,1.37693,1.37689,1.37689,117420000,1
1754909940000,1754909999000,1.37689,1.3769,1.37678,1.3768,107490000,1
1754910000000,1754910059000,1.3768,1.3769,1.37669,1.37688,113640000,1
1754910060000,1754910119000,1.37689,1.377,1.37689,1.37698,42270000,1
1754910120000,1754910179000,1.37697,1.37699,1.37695,1.37697,27900000,1
1754910180000,1754910239000,1.37697,1.37704,1.37697,1.377,25410000,1
1754910240000,1754910299000,1.37701,1.3772,1.37701,1.3772,75930000,1
1754910300000,1754910359000,1.37719,1.3772,1.37717,1.37717,76020000,1
1754910360000,1754910419000,1.37716,1.37717,1.37705,1.37707,50160000,1
1754910420000,1754910479000,1.37707,1.37712,1.37706,1.37706,35250000,1
1754910480000,1754910539000,1.37707,1.37708,1.37701,1.37708,22350000,1
1754910540000,1754910599000,1.37708,1.3773,1.37707,1.37726,59490000,1
1754910600000,1754910659000,1.37725,1.37742,1.37725,1.37742,63540000,1
1754910660000,1754910719000,1.3774,1.37749,1.37739,1.37747,44070000,1
1754910720000,1754910779000,1.37747,1.37749,1.37737,1.37739,50880000,1
1754910780000,1754910839000,1.37738,1.37738,1.3773,1.37736,47550000,1
1754910840000,1754910899000,1.37737,1.37747,1.37737,1.37743,31020000,1
1754910900000,1754910959000,1.37744,1.37745,1.37736,1.37744,40950000,1
1754910960000,1754911019000,1.37745,1.37752,1.37744,1.37751,16920000,1
1754911020000,1754911079000,1.37751,1.37752,1.37746,1.37747,39240000,1
1754911080000,1754911139000,1.37746,1.37747,1.37746,1.37746,6150000,1
1754911140000,1754911199000,1.37746,1.37758,1.37746,1.37757,138720000,1
1754911200000,1754911259000,1.37757,1.37761,1.3775,1.37756,121980000,1
1754911260000,1754911319000,1.37756,1.37756,1.37746,1.37748,34560000,1
1754911320000,1754911379000,1.37747,1.37748,1.37745,1.37746,30420000,1
1754911380000,1754911439000,1.37747,1.37753,1.37736,1.37738,84330000,1
1754911440000,1754911499000,1.37737,1.37748,1.37737,1.37746,52740000,1
1754911500000,1754911559000,1.37746,1.37779,1.37745,1.37772,109830000,1
1754911560000,1754911619000,1.37772,1.37772,1.37743,1.37757,111150000,1
1754911620000,1754911679000,1.37756,1.37762,1.37746,1.37747,78210000,1
1754911680000,1754911739000,1.37746,1.37746,1.37736,1.37742,62700000,1
1754911740000,1754911799000,1.37743,1.37743,1.37737,1.37741,49170000,1
1754911800000,1754911859000,1.37742,1.37742,1.3773,1.37733,41100000,1
1754911860000,1754911919000,1.37734,1.37738,1.37734,1.37737,18000000,1
1754911920000,1754911979000,1.37739,1.37744,1.37739,1.37744,38700000,1
1754911980000,1754912039000,1.37746,1.3775,1.37745,1.3775,21900000,1
1754912040000,1754912099000,1.37751,1.37752,1.37742,1.37746,29700000,1
1754912100000,1754912159000,1.37745,1.37774,1.37744,1.3777,93390000,1
1754912160000,1754912219000,1.37769,1.37775,1.37763,1.37764,84120000,1
1754912220000,1754912279000,1.37764,1.37773,1.37763,1.37765,81000000,1
1754912280000,1754912339000,1.37766,1.37775,1.37766,1.37773,82200000,1
1754912340000,1754912399000,1.37771,1.37779,1.37769,1.37779,67200000,1
1754912400000,1754912459000,1.37778,1.37779,1.37772,1.37776,48000000,1
1754912460000,1754912519000,1.37777,1.37788,1.37776,1.37784,76050000,1
1754912520000,1754912579000,1.37784,1.37805,1.37784,1.37804,89640000,1
1754912580000,1754912639000,1.37804,1.37822,1.37794,1.37821,96660000,1
1754912640000,1754912699000,1.3782,1.37821,1.37802,1.37804,51720000,1
1754912700000,1754912759000,1.37803,1.37807,1.37795,1.37805,30420000,1
1754912760000,1754912819000,1.37804,1.37808,1.37802,1.37805,18360000,1
1754912820000,1754912879000,1.37805,1.37824,1.37805,1.37824,62190000,1
1754912880000,1754912939000,1.37824,1.37825,1.3782,1.37825,44550000,1
1754912940000,1754912999000,1.37823,1.37827,1.37823,1.37824,37890000,1
1754913000000,1754913059000,1.37823,1.37832,1.37823,1.37829,106740000,1
1754913060000,1754913119000,1.37827,1.37829,1.37823,1.37829,16470000,1
1754913120000,1754913179000,1.37831,1.37834,1.37829,1.37832,28500000,1
1754913180000,1754913239000,1.37831,1.37831,1.37822,1.37823,53250000,1
1754913240000,1754913299000,1.37824,1.37831,1.3782,1.37824,43200000,1
1754913300000,1754913359000,1.37823,1.37823,1.37802,1.3781,65400000,1
1754913360000,1754913419000,1.37812,1.37819,1.37802,1.37805,93690000,1
1754913420000,1754913479000,1.37803,1.37805,1.37792,1.37798,120840000,1
1754913480000,1754913539000,1.378,1.37803,1.3779,1.37799,92910000,1
1754913540000,1754913599000,1.378,1.37802,1.37792,1.37795,78120000,1
1754913600000,1754913659000,1.37796,1.37802,1.37779,1.37802,220830000,1
1754913660000,1754913719000,1.378,1.37824,1.378,1.37823,61650000,1
1754913720000,1754913779000,1.3783,1.37839,1.37822,1.37825,118050000,1
1754913780000,1754913839000,1.37823,1.37828,1.37813,1.37817,62550000,1
1754913840000,1754913899000,1.37816,1.37823,1.37808,1.37822,80130000,1
1754913900000,1754913959000,1.37823,1.37849,1.37823,1.37848,70500000,1
1754913960000,1754914019000,1.37848,1.37859,1.3784,1.37842,90240000,1
1754914020000,1754914079000,1.37841,1.37845,1.37837,1.37842,58950000,1
1754914080000,1754914139000,1.3784,1.37845,1.37833,1.37835,73110000,1
1754914140000,1754914199000,1.37834,1.37852,1.37828,1.37829,93090000,1
1754914200000,1754914259000,1.37827,1.37837,1.37827,1.37835,103860000,1
1754914260000,1754914319000,1.37834,1.37836,1.37827,1.37836,134640000,1
1754914320000,1754914379000,1.37835,1.37843,1.37828,1.37833,157050000,1
1754914380000,1754914439000,1.37833,1.37847,1.37833,1.37847,137250000,1
1754914440000,1754914499000,1.37846,1.37865,1.37844,1.37862,109590000,1
1754914500000,1754914559000,1.37863,1.37891,1.37863,1.3789,127920000,1
1754914560000,1754914619000,1.37893,1.37902,1.37872,1.37873,87000000,1
1754914620000,1754914679000,1.37873,1.37876,1.37865,1.37875,60000000,1
1754914680000,1754914739000,1.37874,1.37885,1.37871,1.37878,48000000,1
1754914740000,1754914799000,1.37879,1.37892,1.37879,1.37889,27000000,1
1754914800000,1754914859000,1.3789,1.37898,1.37879,1.37889,99360000,1
1754914860000,1754914919000,1.37892,1.37897,1.3789,1.37894,85830000,1
1754914920000,1754914979000,1.37895,1.37896,1.37882,1.37893,74850000,1
1754914980000,1754915039000,1.37892,1.37896,1.37885,1.37895,78750000,1
1754915040000,1754915099000,1.37898,1.37907,1.37889,1.37905,62400000,1
1754915100000,1754915159000,1.37906,1.37908,1.37883,1.37884,122280000,1
1754915160000,1754915219000,1.37884,1.37899,1.37874,1.37891,116040000,1
1754915220000,1754915279000,1.37891,1.37918,1.3789,1.37915,132870000,1
1754915280000,1754915339000,1.37916,1.37916,1.37898,1.37906,77400000,1
1754915340000,1754915399000,1.37906,1.37907,1.37884,1.37884,76620000,1
1754915400000,1754915459000,1.37884,1.37901,1.37878,1.37897,109290000,1
1754915460000,1754915519000,1.37898,1.37913,1.37886,1.37913,55050000,1
1754915520000,1754915579000,1.37914,1.37915,1.37894,1.37894,100950000,1
1754915580000,1754915639000,1.37893,1.37903,1.37884,1.37903,70830000,1
1754915640000,1754915699000,1.37905,1.3792,1.379,1.37918,102330000,1
1754915700000,1754915759000,1.37919,1.37925,1.37911,1.37912,117000000,1
1754915760000,1754915819000,1.37912,1.37914,1.37907,1.37911,91950000,1
1754915820000,1754915879000,1.37915,1.37928,1.37915,1.37925,74400000,1
1754915880000,1754915939000,1.37926,1.37927,1.37917,1.37926,84240000,1
1754915940000,1754915999000,1.37926,1.37937,1.37923,1.37936,74340000,1
1754916000000,1754916059000,1.37935,1.37935,1.37922,1.37922,47520000,1
1754916060000,1754916119000,1.37923,1.37929,1.37916,1.37928,42000000,1
1754916120000,1754916179000,1.37928,1.37946,1.37928,1.37941,53400000,1
1754916180000,1754916239000,1.37941,1.37942,1.37934,1.37939,64200000,1
1754916240000,1754916299000,1.37938,1.37938,1.37929,1.37932,88110000,1
1754916300000,1754916359000,1.37931,1.37932,1.37925,1.37926,86310000,1
1754916360000,1754916419000,1.37927,1.37944,1.37918,1.37943,81270000,1
1754916420000,1754916479000,1.37943,1.37946,1.37922,1.37923,78330000,1
1754916480000,1754916539000,1.37924,1.37928,1.37916,1.37923,131010000,1
1754916540000,1754916599000,1.37922,1.37935,1.37922,1.3793,66600000,1
1754916600000,1754916659000,1.37932,1.37932,1.37922,1.37923,57360000,1
1754916660000,1754916719000,1.37924,1.37924,1.37896,1.37896,81150000,1
1754916720000,1754916779000,1.37895,1.37909,1.3789,1.37904,65100000,1
1754916780000,1754916839000,1.37906,1.37926,1.37903,1.37918,87570000,1
1754916840000,1754916899000,1.37918,1.37918,1.379,1.37902,96900000,1
1754916900000,1754916959000,1.379,1.37905,1.37892,1.37897,79440000,1
1754916960000,1754917019000,1.37897,1.37902,1.37893,1.37898,104100000,1
1754917020000,1754917079000,1.37897,1.37899,1.37887,1.37893,134070000,1
1754917080000,1754917139000,1.37892,1.379,1.37889,1.37895,71730000,1
1754917140000,1754917199000,1.37894,1.37897,1.37884,1.37885,90840000,1
1754917200000,1754917259000,1.37886,1.37891,1.37877,1.37885,116130000,1
1754917260000,1754917319000,1.37885,1.37897,1.37881,1.37887,88170000,1
1754917320000,1754917379000,1.37888,1.37888,1.37867,1.37868,101400000,1
1754917380000,1754917439000,1.37868,1.37868,1.37856,1.37856,79200000,1
1754917440000,1754917499000,1.37856,1.37868,1.37855,1.37858,58350000,1
1754917500000,1754917559000,1.37857,1.37862,1.37849,1.37849,82800000,1
1754917560000,1754917619000,1.37854,1.37857,1.37843,1.37848,138770000,1
1754917620000,1754917679000,1.37848,1.37855,1.37845,1.37848,74640000,1
1754917680000,1754917739000,1.37847,1.37848,1.37836,1.37841,70650000,1
1754917740000,1754917799000,1.37841,1.37858,1.37839,1.37847,72000000,1
1754917800000,1754917859000,1.37848,1.37848,1.3783,1.37831,39600000,1
1754917860000,1754917919000,1.37831,1.37843,1.37831,1.37843,40050000,1
1754917920000,1754917979000,1.37844,1.37847,1.37827,1.37828,70500000,1
1754917980000,1754918039000,1.37829,1.37829,1.37803,1.37809,75900000,1
1754918040000,1754918099000,1.37808,1.37811,1.37798,1.37801,87000000,1
1754918100000,1754918159000,1.378,1.37811,1.37799,1.37807,117480000,1
1754918160000,1754918219000,1.37808,1.3781,1.37789,1.3779,107080000,1
1754918220000,1754918279000,1.3779,1.37799,1.37776,1.37777,86120000,1
1754918280000,1754918339000,1.37777,1.37782,1.37753,1.37754,142520000,1
1754918340000,1754918399000,1.37753,1.37786,1.37753,1.37778,170040000,1
1754918400000,1754918459000,1.37778,1.37792,1.37772,1.37784,129240000,1
1754918460000,1754918519000,1.37783,1.37788,1.37772,1.37782,180450000,1
1754918520000,1754918579000,1.37782,1.37803,1.37782,1.37803,90120000,1
1754918580000,1754918639000,1.37808,1.37814,1.37808,1.37811,104040000,1
1754918640000,1754918699000,1.37812,1.37812,1.37803,1.37803,83220000,1
1754918700000,1754918759000,1.37804,1.37804,1.37795,1.37797,87810000,1
1754918760000,1754918819000,1.37797,1.37798,1.37792,1.37794,98250000,1
1754918820000,1754918879000,1.37794,1.37794,1.37784,1.37791,82350000,1
1754918880000,1754918939000,1.37791,1.37794,1.37783,1.37783,102000000,1
1754918940000,1754918999000,1.37784,1.3779,1.37783,1.37785,70170000,1
1754919000000,1754919059000,1.37785,1.37801,1.37773,1.37801,271230000,1
1754919060000,1754919119000,1.37802,1.37804,1.37782,1.37782,252780000,1
1754919120000,1754919179000,1.37782,1.37788,1.37773,1.37784,167940000,1
1754919180000,1754919239000,1.37784,1.37801,1.37782,1.37801,127080000,1
1754919240000,1754919299000,1.37802,1.37808,1.37794,1.37801,134430000,1
1754919300000,1754919359000,1.37802,1.37813,1.378,1.37812,100920000,1
1754919360000,1754919419000,1.37813,1.37819,1.37801,1.37803,87540000,1
1754919420000,1754919479000,1.37803,1.37803,1.37784,1.37791,119130000,1
1754919480000,1754919539000,1.37793,1.378,1.3779,1.37799,60900000,1
1754919540000,1754919599000,1.37797,1.37819,1.37795,1.37801,93210000,1
1754919600000,1754919659000,1.378,1.37801,1.37786,1.37801,106200000,1
1754919660000,1754919719000,1.37799,1.37802,1.3778,1.3778,127770000,1
1754919720000,1754919779000,1.3778,1.37784,1.3775,1.37752,149340000,1
1754919780000,1754919839000,1.37753,1.37763,1.37745,1.3776,208500000,1
1754919840000,1754919899000,1.3776,1.37763,1.37751,1.37761,159090000,1
1754919900000,1754919959000,1.3776,1.37764,1.37751,1.37762,133950000,1
1754919960000,1754920019000,1.37761,1.37763,1.37752,1.3776,100200000,1
1754920020000,1754920079000,1.37761,1.37762,1.37733,1.37745,140400000,1
1754920080000,1754920139000,1.37749,1.37778,1.37746,1.37774,188760000,1
1754920140000,1754920199000,1.37774,1.37781,1.37769,1.37776,112200000,1
1754920200000,1754920259000,1.37777,1.37781,1.37761,1.37763,79740000,1
1754920260000,1754920319000,1.37761,1.37766,1.37754,1.37761,120300000,1
1754920320000,1754920379000,1.37761,1.37777,1.37757,1.37763,106380000,1
1754920380000,1754920439000,1.37762,1.37775,1.37757,1.37772,90870000,1
1754920440000,1754920499000,1.37771,1.37793,1.37771,1.37787,118320000,1
1754920500000,1754920559000,1.37787,1.37794,1.37783,1.37789,123900000,1
1754920560000,1754920619000,1.37789,1.37804,1.37789,1.37801,84000000,1
1754920620000,1754920679000,1.37798,1.37803,1.37788,1.37795,129840000,1
1754920680000,1754920739000,1.37798,1.37805,1.37797,1.37802,106890000,1
1754920740000,1754920799000,1.37802,1.37809,1.37794,1.37794,147720000,1
1754920800000,1754920859000,1.37794,1.3782,1.37782,1.37819,140400000,1
1754920860000,1754920919000,1.37817,1.3783,1.37814,1.37818,116400000,1
1754920920000,1754920979000,1.37818,1.37822,1.37809,1.37817,65280000,1
1754920980000,1754921039000,1.3782,1.37841,1.37814,1.37838,138000000,1
1754921040000,1754921099000,1.37838,1.37874,1.37837,1.37855,219000000,1
1754921100000,1754921159000,1.37855,1.37856,1.37824,1.37849,140790000,1
1754921160000,1754921219000,1.3785,1.37863,1.37848,1.3786,107400000,1
1754921220000,1754921279000,1.37859,1.37866,1.37858,1.37858,114930000,1
1754921280000,1754921339000,1.37858,1.37872,1.37858,1.37872,92520000,1
1754921340000,1754921399000,1.37872,1.37873,1.37864,1.3787,111720000,1
1754921400000,1754921459000,1.3787,1.37877,1.37848,1.3785,177510000,1
1754921460000,1754921519000,1.3785,1.37856,1.37846,1.37855,144420000,1
1754921520000,1754921579000,1.37854,1.37879,1.37854,1.37879,105150000,1
1754921580000,1754921639000,1.37879,1.37903,1.37879,1.37903,102600000,1
1754921640000,1754921699000,1.37904,1.37907,1.37891,1.37892,80700000,1
1754921700000,1754921759000,1.37892,1.37897,1.37878,1.37879,111900000,1
1754921760000,1754921819000,1.37878,1.37884,1.37866,1.37866,121680000,1
1754921820000,1754921879000,1.37867,1.3789,1.37866,1.37879,111720000,1
1754921880000,1754921939000,1.37879,1.37879,1.37859,1.37863,113400000,1
1754921940000,1754921999000,1.37863,1.37869,1.3786,1.37868,110970000,1
1754922000000,1754922059000,1.37868,1.37889,1.37867,1.37888,113370000,1
1754922060000,1754922119000,1.37887,1.37889,1.37857,1.3786,117390000,1
1754922120000,1754922179000,1.37859,1.37864,1.37857,1.37863,77850000,1
1754922180000,1754922239000,1.37861,1.3787,1.37858,1.37867,82950000,1
1754922240000,1754922299000,1.37866,1.37888,1.37861,1.37887,151470000,1
1754922300000,1754922359000,1.37888,1.37897,1.37881,1.37889,181020000,1
1754922360000,1754922419000,1.37889,1.37893,1.37868,1.37876,160680000,1
1754922420000,1754922479000,1.37875,1.37893,1.37875,1.37889,99090000,1
1754922480000,1754922539000,1.37892,1.37897,1.37883,1.37889,146520000,1
1754922540000,1754922599000,1.37887,1.37898,1.37883,1.37895,98100000,1
1754922600000,1754922659000,1.37896,1.3792,1.37889,1.37919,111930000,1
1754922660000,1754922719000,1.37919,1.3792,1.37896,1.37902,118050000,1
1754922720000,1754922779000,1.37901,1.37924,1.37901,1.37913,121410000,1
1754922780000,1754922839000,1.37912,1.37912,1.37893,1.37898,99420000,1
1754922840000,1754922899000,1.37901,1.37904,1.37895,1.37897,81000000,1
1754922900000,1754922959000,1.37901,1.37907,1.37882,1.37887,102870000,1
1754922960000,1754923019000,1.37888,1.37895,1.37879,1.3788,107550000,1
1754923020000,1754923079000,1.37881,1.37888,1.37863,1.37863,130230000,1
1754923080000,1754923139000,1.37863,1.37881,1.3786,1.3787,155910000,1
1754923140000,1754923199000,1.37873,1.3789,1.37869,1.37889,167820000,1
1754923200000,1754923259000,1.37889,1.37905,1.37882,1.37901,106200000,1
1754923260000,1754923319000,1.37903,1.37929,1.37903,1.37915,175740000,1
1754923320000,1754923379000,1.37915,1.37921,1.37908,1.37919,125340000,1
1754923380000,1754923439000,1.37917,1.37928,1.37917,1.37926,85020000,1
1754923440000,1754923499000,1.37926,1.37928,1.37922,1.37927,91920000,1
1754923500000,1754923559000,1.37927,1.37938,1.37927,1.37936,74490000,1
1754923560000,1754923619000,1.37936,1.37941,1.37928,1.37939,91140000,1
1754923620000,1754923679000,1.3794,1.3794,1.37937,1.37937,66450000,1
1754923680000,1754923739000,1.37939,1.3794,1.37927,1.37934,75120000,1
1754923740000,1754923799000,1.37934,1.37938,1.3793,1.37932,62250000,1
1754923800000,1754923859000,1.37932,1.37932,1.37909,1.37913,106950000,1
1754923860000,1754923919000,1.37912,1.3792,1.37908,1.37916,92100000,1
1754923920000,1754923979000,1.37916,1.37922,1.37908,1.37908,99240000,1
1754923980000,1754924039000,1.37908,1.37908,1.37893,1.37898,54030000,1
1754924040000,1754924099000,1.37897,1.37898,1.37885,1.37892,130800000,1
1754924100000,1754924159000,1.37893,1.37902,1.37889,1.37892,131820000,1
1754924160000,1754924219000,1.37893,1.37901,1.37889,1.37893,86430000,1
1754924220000,1754924279000,1.37893,1.37915,1.37893,1.3791,150450000,1
1754924280000,1754924339000,1.37911,1.37914,1.37905,1.3791,146940000,1
1754924340000,1754924399000,1.37912,1.37916,1.37907,1.37909,132450000,1
1754924400000,1754924459000,1.37909,1.37916,1.37901,1.37903,233160000,1
1754924460000,1754924519000,1.37903,1.37908,1.37884,1.37885,175470000,1
1754924520000,1754924579000,1.37883,1.37892,1.37879,1.3789,149340000,1
1754924580000,1754924639000,1.37891,1.37892,1.37878,1.3788,117900000,1
1754924640000,1754924699000,1.37879,1.37882,1.37868,1.37871,120000000,1
1754924700000,1754924759000,1.37871,1.37899,1.3787,1.37898,136380000,1
1754924760000,1754924819000,1.37898,1.37904,1.37898,1.37902,76800000,1
1754924820000,1754924879000,1.37902,1.3791,1.37897,1.3791,74490000,1
1754924880000,1754924939000,1.37909,1.37932,1.37909,1.37932,98520000,1
1754924940000,1754924999000,1.3793,1.37943,1.3793,1.37943,93480000,1
1754925000000,1754925059000,1.37942,1.37946,1.37935,1.37942,92640000,1
1754925060000,1754925119000,1.37943,1.3795,1.37939,1.37942,145920000,1
1754925120000,1754925179000,1.37942,1.37944,1.37929,1.37931,69360000,1
1754925180000,1754925239000,1.37932,1.37932,1.37918,1.37925,97320000,1
1754925240000,1754925299000,1.37925,1.3793,1.37911,1.37914,99600000,1
1754925300000,1754925359000,1.37914,1.37918,1.37901,1.37903,87000000,1
1754925360000,1754925419000,1.37904,1.3791,1.37898,1.3791,84180000,1
1754925420000,1754925479000,1.37912,1.3792,1.3791,1.37917,131400000,1
1754925480000,1754925539000,1.37917,1.37919,1.37914,1.37914,43200000,1
1754925540000,1754925599000,1.37915,1.37916,1.37909,1.37915,102000000,1
1754925600000,1754925659000,1.37914,1.37915,1.37898,1.379,96900000,1
1754925660000,1754925719000,1.37899,1.3791,1.37898,1.37906,70290000,1
1754925720000,1754925779000,1.37906,1.3791,1.37899,1.37901,114600000,1
1754925780000,1754925839000,1.379,1.37906,1.37899,1.37899,51000000,1
1754925840000,1754925899000,1.379,1.37909,1.37899,1.37907,53700000,1
1754925900000,1754925959000,1.37905,1.37907,1.37889,1.3789,115800000,1
1754925960000,1754926019000,1.3789,1.379,1.37889,1.379,89400000,1
1754926020000,1754926079000,1.37899,1.379,1.37883,1.37887,99300000,1
1754926080000,1754926139000,1.37887,1.37891,1.3788,1.3788,99600000,1
1754926140000,1754926199000,1.37881,1.37882,1.37868,1.37868,58080000,1
1754926200000,1754926259000,1.37869,1.37872,1.37856,1.37861,87600000,1
1754926260000,1754926319000,1.3786,1.3788,1.37859,1.37879,85800000,1
1754926320000,1754926379000,1.3788,1.37886,1.37877,1.3788,91800000,1
1754926380000,1754926439000,1.37879,1.37881,1.37861,1.37861,66900000,1
1754926440000,1754926499000,1.37863,1.37863,1.37841,1.37842,73200000,1
1754926500000,1754926559000,1.37841,1.37852,1.37836,1.37847,117090000,1
1754926560000,1754926619000,1.37846,1.37846,1.37824,1.37828,87720000,1
1754926620000,1754926679000,1.37829,1.37835,1.37822,1.37825,107100000,1
1754926680000,1754926739000,1.37825,1.37828,1.37821,1.37824,124950000,1
1754926740000,1754926799000,1.37823,1.37832,1.37822,1.37822,72120000,1
1754926800000,1754926859000,1.37823,1.37842,1.37822,1.37842,169260000,1
1754926860000,1754926919000,1.37841,1.37862,1.37841,1.37862,123600000,1
1754926920000,1754926979000,1.37861,1.37861,1.3785,1.37854,84480000,1
1754926980000,1754927039000,1.37854,1.37866,1.37852,1.37853,81900000,1
1754927040000,1754927099000,1.37852,1.37853,1.37841,1.37843,100800000,1
1754927100000,1754927159000,1.37843,1.37854,1.37843,1.37854,46800000,1
1754927160000,1754927219000,1.37855,1.37872,1.37854,1.3787,56400000,1
1754927220000,1754927279000,1.37868,1.37873,1.37858,1.3786,73200000,1
1754927280000,1754927339000,1.37861,1.3787,1.37853,1.37862,79500000,1
1754927340000,1754927399000,1.37862,1.37862,1.37848,1.37848,63300000,1
1754927400000,1754927459000,1.37848,1.37848,1.37835,1.37839,62880000,1
1754927460000,1754927519000,1.37839,1.37852,1.37838,1.37852,73500000,1
1754927520000,1754927579000,1.3785,1.37862,1.3785,1.3786,63600000,1
1754927580000,1754927639000,1.37861,1.37863,1.3786,1.37862,54000000,1
1754927640000,1754927699000,1.37861,1.37868,1.37861,1.37865,62400000,1
1754927700000,1754927759000,1.37866,1.37879,1.37861,1.37877,64500000,1
1754927760000,1754927819000,1.37876,1.37878,1.37837,1.37861,112470000,1
1754927820000,1754927879000,1.3786,1.37863,1.37852,1.37852,78600000,1
1754927880000,1754927939000,1.37851,1.37856,1.37844,1.37844,83850000,1
1754927940000,1754927999000,1.37845,1.37845,1.37836,1.37841,118800000,1
1754928000000,1754928059000,1.37841,1.37844,1.37833,1.37841,79920000,1
1754928060000,1754928119000,1.37842,1.37852,1.3784,1.37844,78570000,1
1754928120000,1754928179000,1.37843,1.37853,1.37843,1.37853,52770000,1
1754928180000,1754928239000,1.37853,1.37855,1.37839,1.37847,73200000,1
1754928240000,1754928299000,1.37845,1.37849,1.37832,1.37841,102900000,1
1754928300000,1754928359000,1.37842,1.37852,1.37837,1.37849,78150000,1
1754928360000,1754928419000,1.3785,1.3786,1.37846,1.37852,108120000,1
1754928420000,1754928479000,1.37852,1.3786,1.3785,1.3785,62100000,1
1754928480000,1754928539000,1.37851,1.37854,1.37849,1.3785,47100000,1
1754928540000,1754928599000,1.37851,1.37852,1.37841,1.3785,102600000,1
1754928600000,1754928659000,1.3785,1.37851,1.37833,1.37833,66000000,1
1754928660000,1754928719000,1.37833,1.3784,1.37832,1.37832,43500000,1
1754928720000,1754928779000,1.37832,1.37843,1.37824,1.37828,70200000,1
1754928780000,1754928839000,1.37831,1.37832,1.37819,1.3782,75750000,1
1754928840000,1754928899000,1.37821,1.37835,1.37819,1.37833,57120000,1
1754928900000,1754928959000,1.37834,1.37838,1.37824,1.37824,45600000,1
1754928960000,1754929019000,1.37824,1.37833,1.37824,1.37832,61500000,1
1754929020000,1754929079000,1.3783,1.37843,1.37828,1.37843,76950000,1
1754929080000,1754929139000,1.37841,1.37842,1.37829,1.37835,63900000,1
1754929140000,1754929199000,1.37835,1.37843,1.37831,1.37843,43800000,1
1754929200000,1754929259000,1.37843,1.37848,1.37838,1.37841,73800000,1
1754929260000,1754929319000,1.3784,1.37847,1.37838,1.37845,55800000,1
1754929320000,1754929379000,1.37844,1.37844,1.37804,1.37806,96300000,1
1754929380000,1754929439000,1.37804,1.37811,1.37803,1.37811,54900000,1
1754929440000,1754929499000,1.37811,1.37817,1.37811,1.37814,28890000,1
1754929500000,1754929559000,1.37815,1.37824,1.37814,1.37824,37800000,1
1754929560000,1754929619000,1.37823,1.37826,1.37821,1.37823,82800000,1
1754929620000,1754929679000,1.37823,1.37824,1.37813,1.37814,70800000,1
1754929680000,1754929739000,1.37814,1.3782,1.37814,1.37819,36720000,1
1754929740000,1754929799000,1.3782,1.37827,1.37818,1.37825,45900000,1
1754929800000,1754929859000,1.37825,1.37837,1.37823,1.37835,118200000,1
1754929860000,1754929919000,1.37835,1.37847,1.37828,1.37843,101520000,1
1754929920000,1754929979000,1.37845,1.37862,1.37845,1.37852,80190000,1
1754929980000,1754930039000,1.37851,1.3786,1.3785,1.37853,62400000,1
1754930040000,1754930099000,1.37853,1.37857,1.37849,1.37853,40800000,1
1754930100000,1754930159000,1.37853,1.37853,1.37834,1.37838,95740000,1
1754930160000,1754930219000,1.37838,1.3784,1.37834,1.37836,49680000,1
1754930220000,1754930279000,1.37834,1.37837,1.37831,1.37836,49750000,1
1754930280000,1754930339000,1.37834,1.37837,1.37833,1.37834,38700000,1
1754930340000,1754930399000,1.37835,1.37835,1.3782,1.37833,73290000,1
1754930400000,1754930459000,1.37834,1.37841,1.37834,1.37838,78560000,1
1754930460000,1754930519000,1.37839,1.37846,1.37839,1.37842,94500000,1
1754930520000,1754930579000,1.37842,1.37848,1.37841,1.37842,50100000,1
1754930580000,1754930639000,1.37842,1.37851,1.37841,1.3785,49920000,1
1754930640000,1754930699000,1.37851,1.37862,1.3785,1.37854,56610000,1
1754930700000,1754930759000,1.37853,1.37853,1.37846,1.37852,45600000,1
1754930760000,1754930819000,1.37852,1.37852,1.37848,1.37848,32100000,1
1754930820000,1754930879000,1.37849,1.3785,1.37842,1.37845,89640000,1
1754930880000,1754930939000,1.37843,1.37846,1.37838,1.37841,74700000,1
1754930940000,1754930999000,1.37839,1.3785,1.37839,1.37845,73320000,1
1754931000000,1754931059000,1.37844,1.37844,1.3783,1.3783,58200000,1
1754931060000,1754931119000,1.37831,1.37833,1.37829,1.3783,30720000,1
1754931120000,1754931179000,1.37832,1.37832,1.37822,1.37822,38400000,1
1754931180000,1754931239000,1.37822,1.37822,1.37821,1.37821,2400000,1
1754931240000,1754931299000,1.37822,1.37835,1.37822,1.37832,48900000,1
1754931300000,1754931359000,1.37834,1.37839,1.37831,1.37832,62250000,1
1754931360000,1754931419000,1.37832,1.37835,1.37832,1.37833,21600000,1
1754931420000,1754931479000,1.37833,1.37836,1.37828,1.37834,33450000,1
1754931480000,1754931539000,1.37833,1.37835,1.37832,1.37834,48270000,1
1754931540000,1754931599000,1.37834,1.37836,1.37832,1.37834,28140000,1
1754931600000,1754931659000,1.37834,1.37837,1.37832,1.37833,59340000,1
1754931660000,1754931719000,1.37833,1.37838,1.37833,1.37836,46410000,1
1754931720000,1754931779000,1.37836,1.37841,1.37834,1.37841,43800000,1
1754931780000,1754931839000,1.37842,1.37852,1.37842,1.37852,35700000,1
1754931840000,1754931899000,1.37853,1.37864,1.37849,1.3785,43590000,1
1754931900000,1754931959000,1.37849,1.37864,1.37849,1.37861,36720000,1
1754931960000,1754932019000,1.37862,1.37862,1.37848,1.37848,30300000,1
1754932020000,1754932079000,1.37847,1.37852,1.37847,1.37852,4800000,1
1754932080000,1754932139000,1.3785,1.3785,1.37849,1.37849,15390000,1
1754932140000,1754932199000,1.37849,1.37849,1.37841,1.37844,39240000,1
1754932200000,1754932259000,1.37844,1.37848,1.37842,1.37844,52200000,1
1754932260000,1754932319000,1.37844,1.37844,1.37837,1.37844,20100000,1
1754932320000,1754932379000,1.37843,1.37851,1.37842,1.37851,26700000,1
1754932380000,1754932439000,1.37852,1.37853,1.37851,1.37851,12000000,1
1754932440000,1754932499000,1.37852,1.37865,1.37852,1.37858,93300000,1
1754932500000,1754932559000,1.37859,1.3786,1.37851,1.37852,33000000,1
1754932560000,1754932619000,1.37852,1.37853,1.3785,1.37851,27000000,1
1754932620000,1754932679000,1.37851,1.37851,1.37841,1.37849,74400000,1
1754932680000,1754932739000,1.3785,1.3786,1.3785,1.37851,56100000,1
1754932740000,1754932799000,1.37852,1.37854,1.37841,1.37843,59400000,1
1754932800000,1754932859000,1.37842,1.37843,1.37834,1.37834,63300000,1
1754932860000,1754932919000,1.37834,1.37838,1.37832,1.37833,33900000,1
1754932920000,1754932979000,1.37833,1.37837,1.37824,1.37824,48600000,1
1754932980000,1754933039000,1.37826,1.3783,1.37821,1.37826,68100000,1
1754933040000,1754933099000,1.37825,1.37834,1.37824,1.37828,149200000,1
1754933100000,1754933159000,1.37832,1.37836,1.37827,1.37832,43590000,1
1754933160000,1754933219000,1.37833,1.37834,1.37824,1.37825,42810000,1
1754933220000,1754933279000,1.37825,1.37826,1.37823,1.37826,33180000,1
1754933280000,1754933339000,1.37827,1.37834,1.37827,1.37827,18630000,1
1754933340000,1754933399000,1.37826,1.37826,1.37817,1.37818,21510000,1
1754933400000,1754933459000,1.37817,1.37817,1.3781,1.37814,49260000,1
1754933460000,1754933519000,1.37814,1.37814,1.37806,1.37806,61440000,1
1754933520000,1754933579000,1.37806,1.37824,1.37805,1.37818,124920000,1
1754933580000,1754933639000,1.37818,1.37818,1.37806,1.37812,64020000,1
1754933640000,1754933699000,1.37813,1.37817,1.37808,1.37816,81600000,1
1754933700000,1754933759000,1.37819,1.37825,1.37816,1.37824,110280000,1
1754933760000,1754933819000,1.37823,1.37834,1.37822,1.37832,80040000,1
1754933820000,1754933879000,1.37834,1.37843,1.3783,1.37836,75990000,1
1754933880000,1754933939000,1.37835,1.37836,1.37832,1.37835,68100000,1
1754933940000,1754933999000,1.37833,1.37835,1.3782,1.37826,104790000,1
1754934000000,1754934059000,1.37827,1.37829,1.37823,1.37824,55590000,1
1754934060000,1754934119000,1.37825,1.37827,1.37822,1.37823,37800000,1
1754934120000,1754934179000,1.37823,1.37838,1.37823,1.37834,43800000,1
1754934180000,1754934239000,1.37835,1.37838,1.37826,1.37832,66690000,1
1754934240000,1754934299000,1.3783,1.37834,1.37825,1.3783,47760000,1
1754934300000,1754934359000,1.37829,1.3783,1.37825,1.37826,33750000,1
1754934360000,1754934419000,1.37827,1.37835,1.37826,1.37827,60930000,1
1754934420000,1754934479000,1.37829,1.37829,1.37822,1.37822,73650000,1
1754934480000,1754934539000,1.37823,1.37824,1.37816,1.37823,43170000,1
1754934540000,1754934599000,1.37824,1.37824,1.37804,1.37804,63120000,1
1754934600000,1754934659000,1.37805,1.37805,1.37784,1.37787,80250000,1
1754934660000,1754934719000,1.37786,1.37798,1.37786,1.37798,76050000,1
1754934720000,1754934779000,1.37797,1.378,1.37796,1.37797,19800000,1
1754934780000,1754934839000,1.37797,1.37812,1.37795,1.37806,48720000,1
1754934840000,1754934899000,1.37807,1.37815,1.37807,1.37815,71190000,1
1754934900000,1754934959000,1.37815,1.37816,1.37804,1.37804,66990000,1
1754934960000,1754935019000,1.37804,1.37804,1.37787,1.37787,56580000,1
1754935020000,1754935079000,1.37787,1.37789,1.37779,1.37785,46500000,1
1754935080000,1754935139000,1.37786,1.37796,1.37784,1.37789,71850000,1
1754935140000,1754935199000,1.37788,1.37797,1.37787,1.37797,55020000,1
1754935200000,1754935259000,1.37796,1.37799,1.37796,1.37796,31200000,1
1754935260000,1754935319000,1.37797,1.37807,1.37789,1.37789,70830000,1
1754935320000,1754935379000,1.37789,1.3779,1.3778,1.37789,68520000,1
1754935380000,1754935439000,1.37789,1.37806,1.37789,1.37806,70350000,1
1754935440000,1754935499000,1.37807,1.37816,1.37807,1.37815,39000000,1
1754935500000,1754935559000,1.37815,1.37817,1.37813,1.37816,43380000,1
1754935560000,1754935619000,1.37815,1.37817,1.3781,1.37815,47280000,1
1754935620000,1754935679000,1.37815,1.37815,1.37795,1.37799,58020000,1
1754935680000,1754935739000,1.378,1.37801,1.37795,1.37796,41910000,1
1754935740000,1754935799000,1.37796,1.37797,1.37794,1.37797,46860000,1
1754935800000,1754935859000,1.37797,1.37806,1.37796,1.37804,97980000,1
1754935860000,1754935919000,1.37805,1.37816,1.37803,1.37814,76500000,1
1754935920000,1754935979000,1.37814,1.37825,1.37807,1.37809,59820000,1
1754935980000,1754936039000,1.37808,1.3781,1.37805,1.37806,24600000,1
1754936040000,1754936099000,1.37806,1.37808,1.37804,1.37807,61140000,1
1754936100000,1754936159000,1.37807,1.37815,1.37805,1.37806,76200000,1
1754936160000,1754936219000,1.37806,1.3781,1.37804,1.37808,102810000,1
1754936220000,1754936279000,1.37807,1.37816,1.37804,1.37816,146220000,1
1754936280000,1754936339000,1.3782,1.37826,1.3782,1.37825,31020000,1
1754936340000,1754936399000,1.37825,1.37832,1.37825,1.37827,48600000,1
1754936400000,1754936459000,1.37827,1.37833,1.37824,1.37825,56700000,1
1754936460000,1754936519000,1.37826,1.37828,1.37824,1.37827,30900000,1
1754936520000,1754936579000,1.37826,1.37828,1.37823,1.37826,71100000,1
1754936580000,1754936639000,1.37826,1.37828,1.37816,1.37817,50400000,1
1754936640000,1754936699000,1.37816,1.37817,1.37798,1.37798,100350000,1
1754936700000,1754936759000,1.37799,1.37799,1.37791,1.37798,95550000,1
1754936760000,1754936819000,1.37797,1.37797,1.37793,1.37796,39600000,1
1754936820000,1754936879000,1.37795,1.37799,1.37783,1.37784,33300000,1
1754936880000,1754936939000,1.3778,1.37789,1.37774,1.37778,110400000,1
1754936940000,1754936999000,1.37778,1.3778,1.37767,1.37768,49200000,1
1754937000000,1754937059000,1.37766,1.37774,1.37759,1.37773,129000000,1
1754937060000,1754937119000,1.37771,1.37775,1.37766,1.37774,63900000,1
1754937120000,1754937179000,1.37776,1.37776,1.37759,1.37759,57600000,1
1754937180000,1754937239000,1.37758,1.37771,1.37757,1.3777,78900000,1
1754937240000,1754937299000,1.37769,1.37769,1.37765,1.37765,35100000,1
1754937300000,1754937359000,1.37764,1.37765,1.37755,1.37759,106500000,1
1754937360000,1754937419000,1.37757,1.37766,1.37757,1.3776,67500000,1
1754937420000,1754937479000,1.37764,1.37778,1.37764,1.3777,71220000,1
1754937480000,1754937539000,1.37772,1.37775,1.37768,1.37768,30300000,1
1754937540000,1754937599000,1.37768,1.3777,1.37768,1.37768,16800000,1
1754937600000,1754937659000,1.37769,1.3777,1.37763,1.37767,34500000,1
1754937660000,1754937719000,1.37767,1.37778,1.37767,1.3777,62100000,1
1754937720000,1754937779000,1.37771,1.37771,1.37752,1.37762,116850000,1
1754937780000,1754937839000,1.37761,1.37766,1.37756,1.37766,96000000,1
1754937840000,1754937899000,1.37765,1.37778,1.37765,1.37778,93900000,1
1754937900000,1754937959000,1.37779,1.37779,1.37755,1.37757,47100000,1
1754937960000,1754938019000,1.37756,1.37759,1.37751,1.37757,25200000,1
1754938020000,1754938079000,1.37758,1.3776,1.37755,1.37758,32100000,1
1754938080000,1754938139000,1.37758,1.37768,1.37758,1.37768,21720000,1
1754938140000,1754938199000,1.37766,1.37766,1.37757,1.37759,37260000,1
1754938200000,1754938259000,1.37758,1.37759,1.37753,1.37758,27600000,1
1754938260000,1754938319000,1.37758,1.37775,1.37758,1.37773,33060000,1
1754938320000,1754938379000,1.37771,1.37787,1.37771,1.37786,19410000,1
1754938380000,1754938439000,1.37786,1.37788,1.37781,1.37787,34290000,1
1754938440000,1754938499000,1.37788,1.37797,1.37786,1.37796,28170000,1
1754938500000,1754938559000,1.37796,1.37798,1.37789,1.3779,46650000,1
1754938560000,1754938619000,1.37793,1.37795,1.37786,1.37788,36540000,1
1754938620000,1754938679000,1.37787,1.37788,1.37772,1.37773,62610000,1
1754938680000,1754938739000,1.37773,1.37783,1.37773,1.3778,76800000,1
1754938740000,1754938799000,1.3778,1.37782,1.37777,1.37777,39600000,1
1754938800000,1754938859000,1.37777,1.37788,1.37774,1.37786,120600000,1
1754938860000,1754938919000,1.37786,1.37789,1.3778,1.37781,44700000,1
1754938920000,1754938979000,1.3778,1.3778,1.37776,1.37778,34200000,1
1754938980000,1754939039000,1.3778,1.37788,1.3778,1.37787,40200000,1
1754939040000,1754939099000,1.37788,1.3779,1.37775,1.37776,40890000,1
1754939100000,1754939159000,1.37774,1.37775,1.37769,1.37769,63120000,1
1754939160000,1754939219000,1.37769,1.37774,1.37769,1.3777,38520000,1
1754939220000,1754939279000,1.3777,1.37777,1.37768,1.37773,66750000,1
1754939280000,1754939339000,1.37776,1.37779,1.37775,1.37778,37830000,1
1754939340000,1754939399000,1.37777,1.37777,1.37765,1.37768,86700000,1
1754939400000,1754939459000,1.37766,1.37772,1.37766,1.37772,64860000,1
1754939460000,1754939519000,1.37773,1.37777,1.37772,1.37777,68220000,1
1754939520000,1754939579000,1.37778,1.37779,1.37778,1.37778,32400000,1
1754939580000,1754939639000,1.37778,1.37781,1.37774,1.37781,49890000,1
1754939640000,1754939699000,1.37781,1.3779,1.37781,1.37789,27840000,1
1754939700000,1754939759000,1.3779,1.3779,1.37784,1.37788,17520000,1
1754939760000,1754939819000,1.37789,1.37789,1.3778,1.37783,72240000,1
1754939820000,1754939879000,1.37784,1.378,1.37781,1.37798,51870000,1
1754939880000,1754939939000,1.37796,1.37797,1.37789,1.37793,62550000,1
1754939940000,1754939999000,1.37793,1.37799,1.37786,1.37796,81480000,1
1754940000000,1754940059000,1.37796,1.37798,1.37794,1.37796,26610000,1
1754940060000,1754940119000,1.37796,1.37798,1.37796,1.37798,43590000,1
1754940120000,1754940179000,1.37797,1.37798,1.37797,1.37797,19260000,1
1754940180000,1754940239000,1.37799,1.37799,1.3779,1.37798,65820000,1
1754940240000,1754940299000,1.37797,1.37797,1.37794,1.37797,18600000,1
1754940300000,1754940359000,1.37796,1.37819,1.37796,1.37819,66510000,1
1754940360000,1754940419000,1.37818,1.37822,1.37817,1.37819,57300000,1
1754940420000,1754940479000,1.37818,1.37827,1.37818,1.37824,58800000,1
1754940480000,1754940539000,1.37825,1.37828,1.37814,1.37817,47460000,1
1754940540000,1754940599000,1.37817,1.37819,1.37816,1.37817,28740000,1
1754940600000,1754940659000,1.37817,1.37818,1.37817,1.37817,32010000,1
1754940660000,1754940719000,1.37818,1.37826,1.37818,1.37826,29820000,1
1754940720000,1754940779000,1.37826,1.37826,1.37821,1.37824,59520000,1
1754940780000,1754940839000,1.37826,1.37831,1.37823,1.3783,34980000,1
1754940840000,1754940899000,1.3783,1.37852,1.3783,1.37847,59550000,1
1754940900000,1754940959000,1.37847,1.37853,1.37836,1.37841,85260000,1
1754940960000,1754941019000,1.37843,1.37846,1.37841,1.37843,40710000,1
1754941020000,1754941079000,1.37844,1.37847,1.37837,1.37837,49890000,1
1754941080000,1754941139000,1.37837,1.37844,1.37835,1.37844,60480000,1
1754941140000,1754941199000,1.37844,1.37856,1.37844,1.37855,28740000,1
1754941200000,1754941259000,1.37853,1.37855,1.37847,1.37854,43020000,1
1754941260000,1754941319000,1.37855,1.37858,1.37854,1.37855,33750000,1
1754941320000,1754941379000,1.37854,1.37856,1.37854,1.37856,20340000,1
1754941380000,1754941439000,1.37855,1.37864,1.37855,1.37863,108540000,1
1754941440000,1754941499000,1.37862,1.37863,1.37853,1.37853,56100000,1
1754941500000,1754941559000,1.37854,1.37857,1.37854,1.37856,23700000,1
1754941560000,1754941619000,1.37855,1.37857,1.37854,1.37856,20700000,1
1754941620000,1754941679000,1.37854,1.37862,1.37853,1.37861,77700000,1
1754941680000,1754941739000,1.37861,1.37862,1.37845,1.37845,45000000,1
1754941740000,1754941799000,1.37846,1.37847,1.37838,1.37839,40500000,1
1754941800000,1754941859000,1.37842,1.37848,1.37841,1.37845,73380000,1
1754941860000,1754941919000,1.37846,1.37846,1.37843,1.37844,43200000,1
1754941920000,1754941979000,1.37844,1.37845,1.37843,1.37845,18300000,1
1754941980000,1754942039000,1.37848,1.37853,1.37847,1.37848,41550000,1
1754942040000,1754942099000,1.37849,1.37859,1.37847,1.37856,99360000,1
1754942100000,1754942159000,1.37855,1.3787,1.37849,1.37849,81900000,1
1754942160000,1754942219000,1.37849,1.37853,1.37842,1.37842,60030000,1
1754942220000,1754942279000,1.37844,1.37849,1.3783,1.37834,95580000,1
1754942280000,1754942339000,1.37835,1.37836,1.37827,1.37831,54840000,1
1754942340000,1754942399000,1.37832,1.37832,1.37814,1.37815,224280000,1
1754942400000,1754942459000,1.37817,1.37831,1.37814,1.37831,78690000,1
1754942460000,1754942519000,1.37829,1.3783,1.37824,1.37827,13800000,1
1754942520000,1754942579000,1.37826,1.3783,1.37826,1.3783,18600000,1
1754942580000,1754942639000,1.37831,1.37837,1.37828,1.37836,30300000,1
1754942640000,1754942699000,1.37835,1.37837,1.37834,1.37837,19200000,1
1754942700000,1754942759000,1.37835,1.3784,1.37826,1.3784,37200000,1
1754942760000,1754942819000,1.3784,1.3784,1.37836,1.37836,7200000,1
1754942820000,1754942879000,1.37837,1.37837,1.37827,1.37831,37200000,1
1754942880000,1754942939000,1.37831,1.37832,1.3783,1.37832,33000000,1
1754942940000,1754942999000,1.37832,1.37832,1.3783,1.37831,8400000,1
1754943000000,1754943059000,1.37832,1.37844,1.37832,1.37842,33150000,1
1754943060000,1754943119000,1.37842,1.37842,1.37839,1.37839,7050000,1
1754943120000,1754943179000,1.37837,1.37838,1.37836,1.37837,14850000,1
1754943180000,1754943239000,1.37837,1.37838,1.37819,1.3782,60600000,1
1754943240000,1754943299000,1.37819,1.37819,1.37806,1.37807,39900000,1
1754943300000,1754943359000,1.37806,1.37811,1.37805,1.37811,14250000,1
1754943360000,1754943419000,1.37811,1.37813,1.37806,1.37806,15750000,1
1754943420000,1754943479000,1.37807,1.37807,1.37804,1.37805,30000000,1
1754943480000,1754943539000,1.37805,1.37806,1.37805,1.37806,3600000,1
1754943540000,1754943599000,1.37806,1.37807,1.37805,1.37805,10500000,1
1754943600000,1754943659000,1.37805,1.37813,1.37805,1.37809,30750000,1
1754943660000,1754943719000,1.37809,1.37809,1.37803,1.37805,24300000,1
1754943720000,1754943779000,1.37804,1.37804,1.3779,1.37791,42300000,1
1754943780000,1754943839000,1.37794,1.37796,1.37792,1.37794,64950000,1
1754943840000,1754943899000,1.37794,1.37794,1.37792,1.37792,18750000,1
1754943900000,1754943959000,1.37793,1.37794,1.37784,1.37786,43350000,1
1754943960000,1754944019000,1.37786,1.37793,1.37783,1.37793,24150000,1
1754944020000,1754944079000,1.37793,1.37796,1.37793,1.37793,33750000,1
1754944080000,1754944139000,1.37793,1.37793,1.37784,1.37786,30300000,1
1754944140000,1754944199000,1.37786,1.37787,1.37784,1.37787,24750000,1
1754944200000,1754944259000,1.37785,1.37787,1.37784,1.37787,12600000,1
1754944260000,1754944319000,1.37787,1.37787,1.37784,1.37785,8760000,1
1754944320000,1754944379000,1.37786,1.37786,1.37783,1.37783,13860000,1
1754944380000,1754944439000,1.37783,1.37787,1.37783,1.37787,17370000,1
1754944440000,1754944499000,1.37786,1.37787,1.37786,1.37786,15150000,1
1754944500000,1754944559000,1.37786,1.37786,1.37784,1.37784,14520000,1
1754944560000,1754944619000,1.37784,1.37791,1.37784,1.37791,12000000,1
1754944620000,1754944679000,1.3779,1.3779,1.37789,1.3779,22530000,1
1754944680000,1754944739000,1.37789,1.37789,1.37786,1.37786,33060000,1
1754944740000,1754944799000,1.37785,1.37785,1.37783,1.37785,34530000,1
1754944800000,1754944859000,1.37783,1.37784,1.3778,1.37782,66060000,1
1754944860000,1754944919000,1.3778,1.3778,1.37771,1.37773,12420000,1
1754944920000,1754944979000,1.37773,1.37775,1.37742,1.37744,60690000,1
1754944980000,1754945039000,1.37745,1.37747,1.37745,1.37747,17970000,1
1754945040000,1754945099000,1.37747,1.37749,1.37747,1.37749,12000000,1
1754945100000,1754945159000,1.37748,1.37749,1.37747,1.37749,10800000,1
1754945160000,1754945219000,1.37749,1.37762,1.37748,1.37762,39720000,1
1754945220000,1754945279000,1.37761,1.37767,1.37761,1.37766,13470000,1
1754945280000,1754945339000,1.37767,1.37768,1.37765,1.37766,8400000,1
1754945340000,1754945399000,1.37765,1.37784,1.37765,1.37784,37950000,1
1754945400000,1754945459000,1.37782,1.37786,1.3778,1.37784,55200000,1
1754945460000,1754945519000,1.37784,1.37785,1.37784,1.37785,10800000,1
1754945520000,1754945579000,1.37784,1.37785,1.37784,1.37785,16800000,1
1754945580000,1754945639000,1.37785,1.37785,1.37764,1.37766,56490000,1
1754945640000,1754945699000,1.37765,1.37768,1.37765,1.37766,39000000,1
1754945700000,1754945759000,1.37764,1.37765,1.3776,1.37765,38790000,1
1754945760000,1754945819000,1.37765,1.37765,1.37761,1.37761,79050000,1
1754945820000,1754945879000,1.37763,1.3777,1.37762,1.37762,84600000,1
1754945880000,1754945939000,1.37763,1.37773,1.37762,1.37769,121950000,1
1754945940000,1754945999000,1.37771,1.37779,1.37771,1.37777,47850000,1
1754946000000,1754946059000,1.37774,1.37774,1.37765,1.37766,7650000,1
1754946060000,1754946119000,1.37755,1.37755,1.37755,1.37755,450000,1
1754946120000,1754946179000,1.37757,1.37757,1.37757,1.37757,450000,1
1754946180000,1754946239000,1.37757,1.37757,1.37757,1.37757,0,1
1754946240000,1754946299000,1.37741,1.37741,1.37741,1.37741,1200000,1
1754946300000,1754946359000,1.37763,1.37763,1.37758,1.37758,2100000,1
1754946360000,1754946419000,1.3774,1.3774,1.37739,1.37739,2100000,1
1754946420000,1754946479000,1.37757,1.37758,1.37757,1.37758,2400000,1
1754946480000,1754946539000,1.37756,1.37756,1.37756,1.37756,1200000,1
1754946540000,1754946599000,1.37739,1.37739,1.37739,1.37739,2400000,1
1754946600000,1754946659000,1.37746,1.3776,1.37738,1.3776,24750000,1
1754946660000,1754946719000,1.3774,1.3774,1.3774,1.3774,2400000,1
1754946720000,1754946779000,1.3774,1.3774,1.37736,1.37739,18000000,1
1754946780000,1754946839000,1.37739,1.3776,1.37739,1.3776,5100000,1
1754946840000,1754946899000,1.37759,1.37759,1.37743,1.37743,4200000,1
1754946900000,1754946959000,1.37762,1.37762,1.37743,1.37743,1650000,1
1754946960000,1754947019000,1.37762,1.37762,1.37762,1.37762,450000,1
1754947020000,1754947079000,1.3776,1.37794,1.37755,1.3779,7620000,1
1754947080000,1754947139000,1.37791,1.37791,1.37791,1.37791,1200000,1
1754947140000,1754947199000,1.37792,1.37792,1.37791,1.37791,2400000,1
1754947200000,1754947259000,1.37792,1.37793,1.37792,1.37792,4800000,1
1754947260000,1754947319000,1.37794,1.37795,1.37791,1.37794,8520000,1
1754947320000,1754947379000,1.37794,1.37794,1.37793,1.37793,3600000,1
1754947380000,1754947439000,1.37793,1.37795,1.37793,1.37794,8400000,1
1754947440000,1754947499000,1.37796,1.37796,1.37794,1.37795,4800000,1
1754947500000,1754947559000,1.37795,1.37795,1.37794,1.37795,6000000,1
1754947560000,1754947619000,1.37795,1.37795,1.37793,1.37794,7200000,1
1754947620000,1754947679000,1.37794,1.37794,1.37794,1.37794,0,1
1754947680000,1754947739000,1.37792,1.37794,1.37792,1.37793,6000000,1
1754947740000,1754947799000,1.37792,1.37793,1.37791,1.37792,16800000,1
1754947800000,1754947859000,1.3779,1.37791,1.37786,1.37789,26760000,1
1754947860000,1754947919000,1.37791,1.37794,1.37789,1.37793,50520000,1
1754947920000,1754947979000,1.37792,1.37794,1.37789,1.37791,21600000,1
1754947980000,1754948039000,1.37791,1.37794,1.37787,1.37791,78480000,1
1754948040000,1754948099000,1.37791,1.37794,1.37787,1.3779,22320000,1
1754948100000,1754948159000,1.37791,1.37794,1.37787,1.37788,54840000,1
1754948160000,1754948219000,1.37787,1.37794,1.37787,1.3779,20280000,1
1754948220000,1754948279000,1.37793,1.37793,1.37792,1.37792,14550000,1
1754948280000,1754948339000,1.37792,1.37795,1.37788,1.37793,20040000,1
1754948340000,1754948399000,1.37792,1.37793,1.37791,1.37792,22320000,1
1754948400000,1754948459000,1.37791,1.37793,1.37791,1.37791,26640000,1
1754948460000,1754948519000,1.37791,1.37794,1.37788,1.37792,28080000,1
1754948520000,1754948579000,1.37791,1.37794,1.37786,1.37793,40800000,1
1754948580000,1754948639000,1.37792,1.37794,1.37791,1.37793,44700000,1
1754948640000,1754948699000,1.37793,1.37793,1.37789,1.37791,19200000,1
1754948700000,1754948759000,1.3779,1.37792,1.3779,1.37791,13200000,1
1754948760000,1754948819000,1.37791,1.37792,1.37789,1.3779,12000000,1
1754948820000,1754948879000,1.3779,1.37791,1.37789,1.3779,12000000,1
1754948880000,1754948939000,1.37787,1.37789,1.37787,1.37788,9720000,1
1754948940000,1754948999000,1.37789,1.37789,1.37787,1.37788,11760000,1
1754949000000,1754949059000,1.37787,1.37789,1.37787,1.37788,10800000,1
1754949060000,1754949119000,1.37789,1.37789,1.37787,1.37788,6000000,1
1754949120000,1754949179000,1.37788,1.37789,1.37787,1.37789,9600000,1
1754949180000,1754949239000,1.37787,1.37789,1.37787,1.37788,12000000,1
1754949240000,1754949299000,1.37786,1.37788,1.37786,1.37787,8400000,1
1754949300000,1754949359000,1.37788,1.37791,1.37787,1.37791,8760000,1
1754949360000,1754949419000,1.37791,1.37792,1.37791,1.37792,2400000,1
1754949420000,1754949479000,1.37788,1.37791,1.37788,1.37791,8400000,1
1754949480000,1754949539000,1.3779,1.3779,1.37788,1.3779,4800000,1
1754949540000,1754949599000,1.3779,1.37791,1.37788,1.37791,7500000,1
1754949600000,1754949659000,1.37799,1.37799,1.37783,1.37786,47700000,1
1754949660000,1754949719000,1.37785,1.37786,1.37776,1.37779,17550000,1
1754949720000,1754949779000,1.37777,1.37777,1.37762,1.37767,11250000,1
1754949780000,1754949839000,1.37766,1.37778,1.37766,1.37778,13500000,1
1754949840000,1754949899000,1.37778,1.37778,1.37777,1.37778,3600000,1
1754949900000,1754949959000,1.37778,1.37787,1.37778,1.37786,13350000,1
1754949960000,1754950019000,1.37788,1.37788,1.37787,1.37787,3750000,1
1754950020000,1754950079000,1.37786,1.37787,1.37786,1.37787,8100000,1
1754950080000,1754950139000,1.37785,1.37788,1.37785,1.37786,7200000,1
1754950140000,1754950199000,1.37787,1.37787,1.37774,1.37774,34200000,1
1754950200000,1754950259000,1.37775,1.37784,1.37774,1.37781,82650000,1
1754950260000,1754950319000,1.37782,1.37787,1.37776,1.37782,71400000,1
1754950320000,1754950379000,1.37782,1.37784,1.37782,1.37783,77550000,1
1754950380000,1754950439000,1.37783,1.37785,1.37783,1.37783,24150000,1
1754950440000,1754950499000,1.37783,1.37784,1.37781,1.37781,52800000,1
1754950500000,1754950559000,1.37782,1.37787,1.37782,1.37783,39150000,1
1754950560000,1754950619000,1.37782,1.37783,1.37775,1.37775,35250000,1
1754950620000,1754950679000,1.37778,1.37778,1.37775,1.37777,16200000,1
1754950680000,1754950739000,1.37776,1.37783,1.37776,1.3778,21150000,1
1754950740000,1754950799000,1.37779,1.37784,1.37779,1.37781,31500000,1
1754950800000,1754950859000,1.37782,1.37782,1.37782,1.37782,5550000,1
1754950860000,1754950919000,1.37782,1.37782,1.3778,1.37781,12600000,1
1754950920000,1754950979000,1.37781,1.37782,1.37781,1.37781,6000000,1
1754950980000,1754951039000,1.37783,1.37788,1.37781,1.37788,9600000,1
1754951040000,1754951099000,1.37786,1.37786,1.37785,1.37785,3750000,1
1754951100000,1754951159000,1.37785,1.37785,1.37785,1.37785,3750000,1
1754951160000,1754951219000,1.37786,1.37786,1.37784,1.37784,21750000,1
1754951220000,1754951279000,1.37784,1.37785,1.37784,1.37784,40650000,1
1754951280000,1754951339000,1.37784,1.37785,1.37784,1.37784,12750000,1
1754951340000,1754951399000,1.37784,1.37784,1.37784,1.37784,1200000,1
1754951400000,1754951459000,1.37785,1.37785,1.37785,1.37785,1350000,1
1754951460000,1754951519000,1.37784,1.37785,1.37784,1.37784,9150000,1
1754951520000,1754951579000,1.37784,1.37784,1.37784,1.37784,4650000,1
1754951580000,1754951639000,1.37784,1.37795,1.37784,1.37794,30720000,1
1754951640000,1754951699000,1.37792,1.37792,1.37785,1.37788,16800000,1
1754951700000,1754951759000,1.37786,1.37789,1.37785,1.37789,10050000,1
1754951760000,1754951819000,1.37788,1.3779,1.37788,1.3779,3600000,1
1754951820000,1754951879000,1.37789,1.37791,1.37788,1.37789,32850000,1
1754951880000,1754951939000,1.3779,1.37792,1.37788,1.37791,79050000,1
1754951940000,1754951999000,1.37791,1.37792,1.37789,1.37789,15900000,1
1754952000000,1754952059000,1.37791,1.37791,1.37787,1.37788,14220000,1
1754952060000,1754952119000,1.37787,1.37791,1.37775,1.37776,21750000,1
1754952120000,1754952179000,1.37776,1.37776,1.37776,1.37776,0,1
1754952180000,1754952239000,1.37775,1.37786,1.37775,1.37784,39540000,1
1754952240000,1754952299000,1.37784,1.37785,1.37784,1.37784,10200000,1
1754952300000,1754952359000,1.37785,1.37785,1.37784,1.37784,11010000,1
1754952360000,1754952419000,1.37784,1.37795,1.37784,1.37795,32550000,1
1754952420000,1754952479000,1.37792,1.37793,1.37784,1.37784,10080000,1
1754952480000,1754952539000,1.37787,1.37787,1.37784,1.37784,3600000,1
1754952540000,1754952599000,1.37784,1.37785,1.37784,1.37785,22500000,1
1754952600000,1754952659000,1.37785,1.37785,1.37784,1.37784,3300000,1
1754952660000,1754952719000,1.37784,1.37784,1.37784,1.37784,0,1
1754952720000,1754952779000,1.37786,1.37787,1.37783,1.37783,29400000,1
1754952780000,1754952839000,1.37783,1.37784,1.37779,1.3778,20100000,1
1754952840000,1754952899000,1.37778,1.37781,1.37777,1.37777,32400000,1
1754952900000,1754952959000,1.37777,1.37777,1.37776,1.37776,8550000,1
1754952960000,1754953019000,1.37778,1.37781,1.37777,1.37779,18450000,1
1754953020000,1754953079000,1.37779,1.3778,1.37768,1.37771,63900000,1
1754953080000,1754953139000,1.37772,1.37774,1.37756,1.37758,79800000,1
1754953140000,1754953199000,1.37759,1.37768,1.37751,1.37765,121650000,1
1754953200000,1754953259000,1.37766,1.37766,1.37747,1.37748,150570000,1
1754953260000,1754953319000,1.37748,1.37759,1.37745,1.37748,98100000,1
1754953320000,1754953379000,1.37748,1.37759,1.37746,1.37751,86700000,1
1754953380000,1754953439000,1.3775,1.3776,1.37749,1.37759,67950000,1
1754953440000,1754953499000,1.37758,1.37759,1.37754,1.37757,34050000,1
1754953500000,1754953559000,1.37757,1.37759,1.37757,1.37757,18900000,1
1754953560000,1754953619000,1.37757,1.37759,1.37757,1.37757,16050000,1
1754953620000,1754953679000,1.37757,1.37759,1.37747,1.37749,40800000,1
1754953680000,1754953739000,1.37749,1.37755,1.37749,1.37753,37350000,1
1754953740000,1754953799000,1.37754,1.37756,1.37752,1.37752,39300000,1
1754953800000,1754953859000,1.37753,1.37753,1.37749,1.37749,25350000,1
1754953860000,1754953919000,1.3775,1.3775,1.37749,1.37749,8850000,1
1754953920000,1754953979000,1.3775,1.3775,1.37748,1.37749,13950000,1
1754953980000,1754954039000,1.37749,1.3775,1.37747,1.37747,15750000,1
1754954040000,1754954099000,1.37749,1.37749,1.37746,1.37747,5850000,1
1754954100000,1754954159000,1.37749,1.37749,1.37746,1.37746,12450000,1
1754954160000,1754954219000,1.37747,1.3775,1.37747,1.37747,24600000,1
1754954220000,1754954279000,1.37747,1.37747,1.37741,1.37745,12900000,1
1754954280000,1754954339000,1.37745,1.37752,1.37743,1.3775,26490000,1
1754954340000,1754954399000,1.3775,1.3775,1.37746,1.37746,26250000,1
1754954400000,1754954459000,1.37747,1.37748,1.37747,1.37747,6000000,1
1754954460000,1754954519000,1.37748,1.37748,1.37746,1.37746,2400000,1
1754954520000,1754954579000,1.37747,1.37748,1.37746,1.37746,17400000,1
1754954580000,1754954639000,1.37747,1.37747,1.37747,1.37747,3600000,1
1754954640000,1754954699000,1.37748,1.37749,1.37748,1.37748,8850000,1
1754954700000,1754954759000,1.37748,1.3775,1.37746,1.37747,27750000,1
1754954760000,1754954819000,1.37746,1.37748,1.37746,1.37746,5400000,1
1754954820000,1754954879000,1.37748,1.37748,1.37737,1.37737,50700000,1
1754954880000,1754954939000,1.37737,1.3774,1.37737,1.37738,28650000,1
1754954940000,1754954999000,1.37739,1.37739,1.37737,1.37737,3000000,1
1754955000000,1754955059000,1.37738,1.37743,1.37738,1.37742,27420000,1
1754955060000,1754955119000,1.37743,1.37743,1.37738,1.37738,20250000,1
1754955120000,1754955179000,1.37738,1.37739,1.37737,1.37738,11250000,1
1754955180000,1754955239000,1.37739,1.37739,1.37733,1.37735,27150000,1
1754955240000,1754955299000,1.37735,1.37739,1.37735,1.37735,18300000,1
1754955300000,1754955359000,1.37736,1.37736,1.37735,1.37735,22200000,1
1754955360000,1754955419000,1.37735,1.3774,1.37735,1.37739,14700000,1
1754955420000,1754955479000,1.37739,1.37744,1.37739,1.37739,7650000,1
1754955480000,1754955539000,1.3774,1.37742,1.37738,1.37738,5100000,1
1754955540000,1754955599000,1.37738,1.37739,1.37737,1.37738,31200000,1
1754955600000,1754955659000,1.37738,1.37741,1.37737,1.37737,18750000,1
1754955660000,1754955719000,1.37739,1.37739,1.37737,1.37739,7350000,1
1754955720000,1754955779000,1.37739,1.3774,1.37737,1.37738,10050000,1
1754955780000,1754955839000,1.37738,1.37739,1.37737,1.37737,5100000,1
1754955840000,1754955899000,1.37738,1.37738,1.37736,1.37736,12600000,1
1754955900000,1754955959000,1.37736,1.37739,1.37735,1.37735,14700000,1
1754955960000,1754956019000,1.37736,1.37738,1.37734,1.37738,31950000,1
1754956020000,1754956079000,1.37738,1.37739,1.37736,1.37739,20250000,1
1754956080000,1754956139000,1.37738,1.37742,1.37738,1.37739,19650000,1
1754956140000,1754956199000,1.37737,1.37738,1.37733,1.37736,17400000,1
1754956200000,1754956259000,1.37735,1.37738,1.37735,1.37735,13350000,1
1754956260000,1754956319000,1.37736,1.37737,1.37736,1.37736,5250000,1
1754956320000,1754956379000,1.37737,1.3774,1.37736,1.3774,26550000,1
1754956380000,1754956439000,1.3774,1.3774,1.37738,1.37738,6450000,1
1754956440000,1754956499000,1.37738,1.37738,1.37733,1.37733,28500000,1
1754956500000,1754956559000,1.37734,1.3774,1.37734,1.37738,20490000,1
1754956560000,1754956619000,1.37738,1.37738,1.37736,1.37737,4950000,1
1754956620000,1754956679000,1.37737,1.37737,1.37733,1.37736,56460000,1
1754956680000,1754956739000,1.37735,1.37739,1.37735,1.37738,30510000,1
1754956740000,1754956799000,1.37738,1.37743,1.37737,1.37743,26040000,1
1754956800000,1754956859000,1.37743,1.37761,1.37741,1.37749,218220000,1
1754956860000,1754956919000,1.37747,1.37748,1.37736,1.37739,149520000,1
1754956920000,1754956979000,1.37738,1.37744,1.37736,1.37739,88740000,1
1754956980000,1754957039000,1.3774,1.37751,1.37739,1.37751,92040000,1
1754957040000,1754957099000,1.3775,1.37752,1.37748,1.37748,52890000,1
1754957100000,1754957159000,1.37748,1.37754,1.37748,1.37749,45540000,1
1754957160000,1754957219000,1.37748,1.37755,1.37747,1.37755,43050000,1
1754957220000,1754957279000,1.37755,1.37765,1.37755,1.37765,56490000,1
1754957280000,1754957339000,1.37763,1.37768,1.37759,1.37765,64920000,1
1754957340000,1754957399000,1.37766,1.37768,1.37766,1.37768,33390000,1
1754957400000,1754957459000,1.37768,1.37774,1.37768,1.37769,44730000,1
1754957460000,1754957519000,1.37768,1.37768,1.37768,1.37768,10050000,1
1754957520000,1754957579000,1.37769,1.37776,1.37769,1.37769,52800000,1
1754957580000,1754957639000,1.3777,1.37777,1.37769,1.37774,103980000,1
1754957640000,1754957699000,1.37775,1.37775,1.37757,1.37758,61500000,1
1754957700000,1754957759000,1.37759,1.3776,1.37749,1.37752,48000000,1
1754957760000,1754957819000,1.37751,1.37758,1.37748,1.37756,43710000,1
1754957820000,1754957879000,1.37756,1.37757,1.3775,1.37753,72630000,1
1754957880000,1754957939000,1.37752,1.37771,1.37751,1.37769,133680000,1
1754957940000,1754957999000,1.37771,1.37771,1.37765,1.37769,50730000,1
1754958000000,1754958059000,1.37768,1.37768,1.37748,1.37749,53850000,1
1754958060000,1754958119000,1.37748,1.37751,1.37748,1.37749,29490000,1
1754958120000,1754958179000,1.37748,1.37751,1.37742,1.3775,33510000,1
1754958180000,1754958239000,1.3775,1.37757,1.37749,1.37756,56670000,1
1754958240000,1754958299000,1.37756,1.37758,1.3775,1.37753,48660000,1
1754958300000,1754958359000,1.37752,1.37761,1.37752,1.37758,65730000,1
1754958360000,1754958419000,1.37755,1.3776,1.37755,1.37757,26700000,1
1754958420000,1754958479000,1.37757,1.3776,1.37752,1.37757,55140000,1
1754958480000,1754958539000,1.37757,1.37758,1.37757,1.37757,19470000,1
1754958540000,1754958599000,1.37757,1.37767,1.37755,1.37762,80610000,1
1754958600000,1754958659000,1.37763,1.37768,1.37761,1.37768,59520000,1
1754958660000,1754958719000,1.37767,1.37767,1.37757,1.37759,71670000,1
1754958720000,1754958779000,1.37761,1.37765,1.37759,1.37759,27360000,1
1754958780000,1754958839000,1.37757,1.37757,1.37749,1.37751,68670000,1
1754958840000,1754958899000,1.3775,1.37753,1.3775,1.3775,34650000,1
1754958900000,1754958959000,1.37751,1.37754,1.37748,1.37748,55740000,1
1754958960000,1754959019000,1.37748,1.37752,1.37748,1.37748,62640000,1
1754959020000,1754959079000,1.37748,1.37748,1.37741,1.37741,30450000,1
1754959080000,1754959139000,1.37741,1.37748,1.37741,1.37748,13890000,1
1754959140000,1754959199000,1.37748,1.3775,1.37746,1.37747,46800000,1
1754959200000,1754959259000,1.37748,1.37751,1.37746,1.37747,36270000,1
1754959260000,1754959319000,1.37747,1.37759,1.37747,1.3775,86520000,1
1754959320000,1754959379000,1.37751,1.37759,1.37749,1.37759,51690000,1
1754959380000,1754959439000,1.37757,1.37759,1.37756,1.37759,32700000,1
1754959440000,1754959499000,1.37757,1.37764,1.37757,1.37761,62040000,1
1754959500000,1754959559000,1.3776,1.37762,1.37756,1.37756,51330000,1
1754959560000,1754959619000,1.37758,1.37765,1.37757,1.37764,31830000,1
1754959620000,1754959679000,1.37766,1.37781,1.37766,1.37774,43740000,1
1754959680000,1754959739000,1.37775,1.3778,1.37771,1.37775,83280000,1
1754959740000,1754959799000,1.37775,1.3778,1.37773,1.37775,50940000,1
1754959800000,1754959859000,1.37774,1.37781,1.37772,1.37781,67110000,1
1754959860000,1754959919000,1.37779,1.37783,1.37779,1.37782,36900000,1
1754959920000,1754959979000,1.37782,1.37782,1.37774,1.37779,42600000,1
1754959980000,1754960039000,1.37779,1.3778,1.37763,1.37775,115650000,1
1754960040000,1754960099000,1.37777,1.37785,1.37771,1.37778,132180000,1
1754960100000,1754960159000,1.37778,1.37789,1.37772,1.37788,122280000,1
1754960160000,1754960219000,1.37789,1.37792,1.37788,1.37792,37140000,1
1754960220000,1754960279000,1.37791,1.37792,1.37779,1.37782,50430000,1
1754960280000,1754960339000,1.37781,1.37786,1.37781,1.37784,68100000,1
1754960340000,1754960399000,1.37782,1.37789,1.37775,1.37788,104940000,1
1754960400000,1754960459000,1.37787,1.37797,1.37786,1.37791,107550000,1
1754960460000,1754960519000,1.37792,1.378,1.3779,1.37796,93570000,1
1754960520000,1754960579000,1.37798,1.37798,1.37787,1.37787,101250000,1
1754960580000,1754960639000,1.37787,1.37798,1.37787,1.37792,57450000,1
1754960640000,1754960699000,1.37791,1.37793,1.3777,1.37772,86460000,1
1754960700000,1754960759000,1.37771,1.37773,1.37758,1.37761,54390000,1
1754960760000,1754960819000,1.3776,1.37772,1.37759,1.37769,71730000,1
1754960820000,1754960879000,1.3777,1.3777,1.3776,1.37769,80910000,1
1754960880000,1754960939000,1.37769,1.37772,1.37766,1.37768,49500000,1
1754960940000,1754960999000,1.37769,1.37772,1.37768,1.37771,88080000,1
1754961000000,1754961059000,1.3777,1.3777,1.37766,1.37767,83940000,1
1754961060000,1754961119000,1.37767,1.37773,1.37757,1.37757,117900000,1
1754961120000,1754961179000,1.37759,1.37769,1.37759,1.37768,74100000,1
1754961180000,1754961239000,1.3777,1.37777,1.37768,1.37777,59040000,1
1754961240000,1754961299000,1.37778,1.37781,1.37773,1.37775,54480000,1
1754961300000,1754961359000,1.37775,1.37781,1.37775,1.37777,65220000,1
1754961360000,1754961419000,1.37778,1.37781,1.37773,1.37774,71910000,1
1754961420000,1754961479000,1.37773,1.37773,1.37768,1.37768,92010000,1
1754961480000,1754961539000,1.37769,1.37782,1.37768,1.37778,91440000,1
1754961540000,1754961599000,1.3778,1.37781,1.37768,1.37768,142170000,1
1754961600000,1754961659000,1.37768,1.37769,1.37757,1.37769,114240000,1
1754961660000,1754961719000,1.37768,1.37781,1.37768,1.37779,72030000,1
1754961720000,1754961779000,1.37779,1.37796,1.37779,1.37796,73770000,1
1754961780000,1754961839000,1.37795,1.37797,1.37788,1.37789,118560000,1
1754961840000,1754961899000,1.3779,1.37794,1.37787,1.37787,98400000,1
1754961900000,1754961959000,1.37788,1.37788,1.37781,1.37783,44400000,1
1754961960000,1754962019000,1.37783,1.37786,1.37778,1.37783,69600000,1
1754962020000,1754962079000,1.37781,1.37785,1.3778,1.37785,35250000,1
1754962080000,1754962139000,1.37787,1.37789,1.37786,1.37787,28200000,1
1754962140000,1754962199000,1.37787,1.37788,1.37784,1.37786,42450000,1
1754962200000,1754962259000,1.37785,1.37785,1.37777,1.37779,46500000,1
1754962260000,1754962319000,1.37777,1.37781,1.37768,1.37777,81450000,1
1754962320000,1754962379000,1.37777,1.37777,1.37768,1.37768,31200000,1
1754962380000,1754962439000,1.37768,1.37777,1.37767,1.37771,75750000,1
1754962440000,1754962499000,1.3777,1.3777,1.37765,1.37768,56250000,1
1754962500000,1754962559000,1.37768,1.3777,1.37751,1.37754,139200000,1
1754962560000,1754962619000,1.37759,1.3776,1.37757,1.37757,74400000,1
1754962620000,1754962679000,1.37758,1.37759,1.37757,1.37757,50250000,1
1754962680000,1754962739000,1.37757,1.37757,1.37735,1.3774,96450000,1
1754962740000,1754962799000,1.3774,1.37749,1.37737,1.37739,144990000,1
1754962800000,1754962859000,1.37739,1.3775,1.37736,1.37749,97860000,1
1754962860000,1754962919000,1.37748,1.37749,1.37746,1.37748,65250000,1
1754962920000,1754962979000,1.37747,1.37747,1.37737,1.37739,85800000,1
1754962980000,1754963039000,1.37739,1.37741,1.3773,1.3773,83040000,1
1754963040000,1754963099000,1.3773,1.37738,1.3773,1.37737,109680000,1
1754963100000,1754963159000,1.37737,1.37748,1.37734,1.37747,103170000,1
1754963160000,1754963219000,1.37747,1.37752,1.37746,1.37748,37800000,1
1754963220000,1754963279000,1.3775,1.37759,1.37748,1.37757,128730000,1
1754963280000,1754963339000,1.37755,1.37755,1.37746,1.3775,60780000,1
1754963340000,1754963399000,1.3775,1.37751,1.37746,1.37748,43350000,1
1754963400000,1754963459000,1.37749,1.37749,1.3774,1.37741,74550000,1
1754963460000,1754963519000,1.3774,1.37743,1.37738,1.37742,92700000,1
1754963520000,1754963579000,1.37742,1.37743,1.3774,1.3774,27900000,1
1754963580000,1754963639000,1.3774,1.37758,1.3774,1.37757,53640000,1
1754963640000,1754963699000,1.37758,1.37761,1.37757,1.37757,102510000,1
1754963700000,1754963759000,1.37757,1.37758,1.37745,1.37748,99090000,1
1754963760000,1754963819000,1.37749,1.37757,1.37747,1.37757,52800000,1
1754963820000,1754963879000,1.37756,1.37757,1.37749,1.37751,90450000,1
1754963880000,1754963939000,1.37751,1.37758,1.37751,1.37758,98400000,1
1754963940000,1754963999000,1.37758,1.37758,1.37753,1.37758,40200000,1
1754964000000,1754964059000,1.37759,1.37759,1.37756,1.37757,27600000,1
1754964060000,1754964119000,1.37756,1.37757,1.37747,1.37748,88950000,1
1754964120000,1754964179000,1.37748,1.37752,1.37745,1.37745,65010000,1
1754964180000,1754964239000,1.37745,1.37745,1.37741,1.37741,17730000,1
1754964240000,1754964299000,1.37741,1.37741,1.3774,1.3774,11550000,1
1754964300000,1754964359000,1.3774,1.37741,1.37732,1.37732,105180000,1
1754964360000,1754964419000,1.37732,1.37733,1.37724,1.3773,68940000,1
1754964420000,1754964479000,1.3773,1.37733,1.3773,1.3773,48960000,1
1754964480000,1754964539000,1.3773,1.3773,1.37729,1.3773,24750000,1
1754964540000,1754964599000,1.3773,1.37732,1.37729,1.3773,88590000,1
1754964600000,1754964659000,1.37731,1.37739,1.3773,1.37738,52620000,1
1754964660000,1754964719000,1.37737,1.3774,1.37735,1.37739,73170000,1
1754964720000,1754964779000,1.37738,1.37739,1.37736,1.37738,52710000,1
1754964780000,1754964839000,1.37739,1.37739,1.37732,1.37735,63180000,1
1754964840000,1754964899000,1.37734,1.37742,1.37734,1.37741,37050000,1
1754964900000,1754964959000,1.37741,1.37748,1.3774,1.37741,55770000,1
1754964960000,1754965019000,1.3774,1.37743,1.37739,1.37741,38400000,1
1754965020000,1754965079000,1.3774,1.37742,1.37739,1.37741,33600000,1
1754965080000,1754965139000,1.37741,1.37744,1.37735,1.37735,60000000,1
1754965140000,1754965199000,1.37735,1.37738,1.37729,1.37731,47850000,1
1754965200000,1754965259000,1.3773,1.37731,1.37723,1.37725,73500000,1
1754965260000,1754965319000,1.37727,1.37731,1.37725,1.37731,34110000,1
1754965320000,1754965379000,1.37729,1.3773,1.37728,1.37728,47520000,1
1754965380000,1754965439000,1.3773,1.3773,1.37724,1.37726,98730000,1
1754965440000,1754965499000,1.37725,1.37726,1.37715,1.3772,128700000,1
1754965500000,1754965559000,1.37721,1.37733,1.37719,1.37733,74580000,1
1754965560000,1754965619000,1.37732,1.37733,1.37728,1.37731,64500000,1
1754965620000,1754965679000,1.3773,1.37731,1.37725,1.37725,43050000,1
1754965680000,1754965739000,1.37725,1.37728,1.37722,1.37725,62520000,1
1754965740000,1754965799000,1.37725,1.37728,1.37721,1.37728,39420000,1
1754965800000,1754965859000,1.37728,1.37729,1.37724,1.37727,67500000,1
1754965860000,1754965919000,1.37727,1.37727,1.37717,1.37718,44100000,1
1754965920000,1754965979000,1.37716,1.37718,1.37713,1.37717,86010000,1
1754965980000,1754966039000,1.37717,1.37719,1.37713,1.37719,55380000,1
1754966040000,1754966099000,1.37717,1.37728,1.37717,1.37728,27870000,1
1754966100000,1754966159000,1.37728,1.37729,1.37727,1.37727,24060000,1
1754966160000,1754966219000,1.37729,1.37729,1.37727,1.37727,23460000,1
1754966220000,1754966279000,1.37728,1.37731,1.37727,1.37731,30150000,1
1754966280000,1754966339000,1.37732,1.37732,1.37731,1.37731,12150000,1
1754966340000,1754966399000,1.37736,1.37738,1.3773,1.37736,54900000,1
1754966400000,1754966459000,1.37736,1.37736,1.37735,1.37736,15900000,1
1754966460000,1754966519000,1.37736,1.37739,1.37735,1.37739,46200000,1
1754966520000,1754966579000,1.37739,1.37739,1.37732,1.37732,46800000,1
1754966580000,1754966639000,1.37732,1.37736,1.37732,1.37734,45300000,1
1754966640000,1754966699000,1.37735,1.37739,1.37734,1.37734,60900000,1
1754966700000,1754966759000,1.37734,1.37739,1.37734,1.37738,33150000,1
1754966760000,1754966819000,1.37739,1.37739,1.37736,1.37738,32700000,1
1754966820000,1754966879000,1.37739,1.37741,1.37738,1.3774,18600000,1
1754966880000,1754966939000,1.3774,1.3774,1.37733,1.37738,36600000,1
1754966940000,1754966999000,1.37739,1.37739,1.37735,1.37736,39450000,1
1754967000000,1754967059000,1.37736,1.37737,1.37728,1.37728,48150000,1
1754967060000,1754967119000,1.37727,1.37729,1.37723,1.37723,25800000,1
1754967120000,1754967179000,1.37725,1.37729,1.37721,1.37727,50220000,1
1754967180000,1754967239000,1.37727,1.37729,1.37724,1.37728,61530000,1
1754967240000,1754967299000,1.37726,1.37728,1.37721,1.37727,47850000,1
1754967300000,1754967359000,1.37727,1.37732,1.37727,1.37728,47520000,1
1754967360000,1754967419000,1.37731,1.37733,1.37725,1.3773,67560000,1
1754967420000,1754967479000,1.37732,1.37736,1.3773,1.3773,33720000,1
1754967480000,1754967539000,1.37729,1.37731,1.37728,1.37729,50880000,1
1754967540000,1754967599000,1.37729,1.37729,1.37727,1.37728,32550000,1
1754967600000,1754967659000,1.37727,1.37729,1.37719,1.37724,93180000,1
1754967660000,1754967719000,1.37726,1.37735,1.37724,1.37735,73290000,1
1754967720000,1754967779000,1.37736,1.37736,1.37726,1.37728,93960000,1
1754967780000,1754967839000,1.37725,1.37728,1.37723,1.37724,48120000,1
1754967840000,1754967899000,1.37723,1.37728,1.37722,1.37725,84930000,1
1754967900000,1754967959000,1.37725,1.37727,1.37724,1.37727,48150000,1
1754967960000,1754968019000,1.37725,1.37725,1.37719,1.3772,46320000,1
1754968020000,1754968079000,1.3772,1.37729,1.37717,1.37719,69510000,1
1754968080000,1754968139000,1.37719,1.37719,1.37717,1.37718,26640000,1
1754968140000,1754968199000,1.37718,1.37722,1.37716,1.37717,52260000,1
1754968200000,1754968259000,1.37717,1.37718,1.37714,1.37717,37110000,1
1754968260000,1754968319000,1.37717,1.37721,1.37717,1.37718,26190000,1
1754968320000,1754968379000,1.37718,1.37718,1.37714,1.37717,47430000,1
1754968380000,1754968439000,1.37716,1.37724,1.37716,1.37723,35460000,1
1754968440000,1754968499000,1.37726,1.37727,1.3772,1.3772,63000000,1
1754968500000,1754968559000,1.37719,1.37726,1.37718,1.37724,54480000,1
1754968560000,1754968619000,1.37725,1.37727,1.37716,1.37717,36090000,1
1754968620000,1754968679000,1.37716,1.37718,1.37716,1.37717,55920000,1
1754968680000,1754968739000,1.37718,1.37718,1.37714,1.37716,23940000,1
1754968740000,1754968799000,1.37717,1.37726,1.37717,1.37725,47220000,1
1754968800000,1754968859000,1.37727,1.37728,1.37716,1.37719,109380000,1
1754968860000,1754968919000,1.37718,1.37726,1.37718,1.37726,47100000,1
1754968920000,1754968979000,1.37725,1.37729,1.37725,1.37726,49050000,1
1754968980000,1754969039000,1.37725,1.37731,1.37725,1.37728,47730000,1
1754969040000,1754969099000,1.37727,1.3773,1.37727,1.37729,33750000,1
1754969100000,1754969159000,1.37728,1.37729,1.37727,1.37729,20100000,1
1754969160000,1754969219000,1.37728,1.37736,1.37728,1.37735,19200000,1
1754969220000,1754969279000,1.37735,1.37735,1.3773,1.37732,53100000,1
1754969280000,1754969339000,1.37731,1.37735,1.37731,1.37734,54900000,1
1754969340000,1754969399000,1.37735,1.37736,1.37731,1.37734,64710000,1
1754969400000,1754969459000,1.37734,1.37739,1.37731,1.37737,59070000,1
1754969460000,1754969519000,1.37736,1.37737,1.37728,1.37729,26190000,1
1754969520000,1754969579000,1.37729,1.37732,1.37728,1.37729,25890000,1
1754969580000,1754969639000,1.3773,1.37731,1.37728,1.37728,31170000,1
1754969640000,1754969699000,1.37729,1.37729,1.37727,1.37727,9630000,1
1754969700000,1754969759000,1.37727,1.37731,1.37727,1.37728,57840000,1
1754969760000,1754969819000,1.37728,1.37729,1.37728,1.37729,35880000,1
1754969820000,1754969879000,1.37728,1.37739,1.37727,1.37737,50700000,1
1754969880000,1754969939000,1.37738,1.37738,1.37731,1.37732,47670000,1
1754969940000,1754969999000,1.37731,1.37739,1.37731,1.37733,73080000,1
1754970000000,1754970059000,1.37733,1.37738,1.37733,1.37736,68610000,1
1754970060000,1754970119000,1.37737,1.37748,1.37736,1.37744,88860000,1
1754970120000,1754970179000,1.37747,1.37749,1.37742,1.37747,134070000,1
1754970180000,1754970239000,1.37747,1.3775,1.37747,1.37749,31800000,1
1754970240000,1754970299000,1.37747,1.37748,1.37745,1.37747,19500000,1
1754970300000,1754970359000,1.37747,1.37748,1.37739,1.3774,36000000,1
1754970360000,1754970419000,1.3774,1.37747,1.3774,1.37745,22800000,1
1754970420000,1754970479000,1.37745,1.37745,1.37741,1.37741,42450000,1
1754970480000,1754970539000,1.37742,1.37746,1.3774,1.37745,80520000,1
1754970540000,1754970599000,1.37745,1.37752,1.37745,1.37751,52740000,1
1754970600000,1754970659000,1.37752,1.37752,1.37749,1.37749,19950000,1
1754970660000,1754970719000,1.37749,1.37752,1.37749,1.37751,6900000,1
1754970720000,1754970779000,1.37751,1.37751,1.37748,1.3775,57300000,1
1754970780000,1754970839000,1.37749,1.37756,1.37749,1.37752,47340000,1
1754970840000,1754970899000,1.37752,1.37761,1.37752,1.3776,57600000,1
1754970900000,1754970959000,1.37759,1.37769,1.37759,1.37769,55770000,1
1754970960000,1754971019000,1.37768,1.37768,1.3776,1.37764,53220000,1
1754971020000,1754971079000,1.37765,1.37766,1.37762,1.37766,55650000,1
1754971080000,1754971139000,1.37765,1.37768,1.37763,1.37766,27900000,1
1754971140000,1754971199000,1.37768,1.37771,1.37767,1.37771,30030000,1
1754971200000,1754971259000,1.37772,1.3778,1.37772,1.37779,83580000,1
1754971260000,1754971319000,1.37778,1.37778,1.37771,1.37771,63750000,1
1754971320000,1754971379000,1.37772,1.37773,1.37769,1.37771,27240000,1
1754971380000,1754971439000,1.37769,1.37771,1.37768,1.37768,32850000,1
1754971440000,1754971499000,1.37769,1.37777,1.37769,1.37776,76770000,1
1754971500000,1754971559000,1.37776,1.37778,1.37773,1.37777,73500000,1
1754971560000,1754971619000,1.37777,1.3778,1.37777,1.37778,48450000,1
1754971620000,1754971679000,1.37778,1.37779,1.37776,1.37777,19050000,1
1754971680000,1754971739000,1.37777,1.37778,1.37769,1.3777,104700000,1
1754971740000,1754971799000,1.37771,1.37772,1.37765,1.37767,67500000,1
1754971800000,1754971859000,1.37766,1.3777,1.37766,1.3777,42000000,1
1754971860000,1754971919000,1.37769,1.37772,1.37769,1.3777,39150000,1
1754971920000,1754971979000,1.37769,1.3777,1.37762,1.37769,52440000,1
1754971980000,1754972039000,1.3777,1.37775,1.37768,1.37773,37800000,1
1754972040000,1754972099000,1.37774,1.37779,1.37774,1.37778,54150000,1
1754972100000,1754972159000,1.37778,1.37778,1.37776,1.37778,18540000,1
1754972160000,1754972219000,1.3778,1.37786,1.37779,1.37782,35700000,1
1754972220000,1754972279000,1.3778,1.37783,1.37779,1.37782,34560000,1
1754972280000,1754972339000,1.37782,1.37782,1.3778,1.3778,44100000,1
1754972340000,1754972399000,1.37781,1.37783,1.37778,1.37782,44370000,1
1754972400000,1754972459000,1.37782,1.37783,1.3778,1.37781,64200000,1
1754972460000,1754972519000,1.37782,1.37787,1.3778,1.37787,55350000,1
1754972520000,1754972579000,1.37784,1.37786,1.37779,1.37783,36900000,1
1754972580000,1754972639000,1.37783,1.37788,1.37783,1.37786,38130000,1
1754972640000,1754972699000,1.37786,1.37787,1.37784,1.37785,40950000,1
1754972700000,1754972759000,1.37784,1.37785,1.37777,1.3778,59250000,1
1754972760000,1754972819000,1.3778,1.37788,1.3778,1.37786,23850000,1
1754972820000,1754972879000,1.37786,1.37791,1.37786,1.37791,12300000,1
1754972880000,1754972939000,1.37791,1.37791,1.37782,1.37783,75180000,1
1754972940000,1754972999000,1.37785,1.37788,1.37783,1.37784,115500000,1
1754973000000,1754973059000,1.37784,1.3784,1.37784,1.37836,245790000,1
1754973060000,1754973119000,1.37836,1.37836,1.37792,1.37811,169890000,1
1754973120000,1754973179000,1.37809,1.37816,1.37795,1.37796,105840000,1
1754973180000,1754973239000,1.37796,1.37797,1.37788,1.37788,134550000,1
1754973240000,1754973299000,1.37791,1.37797,1.37787,1.37788,121950000,1
1754973300000,1754973359000,1.37787,1.37792,1.37782,1.37783,159600000,1
1754973360000,1754973419000,1.37783,1.37792,1.37783,1.37789,87600000,1
1754973420000,1754973479000,1.37788,1.37789,1.37781,1.37787,99330000,1
1754973480000,1754973539000,1.37787,1.37798,1.37785,1.37785,87450000,1
1754973540000,1754973599000,1.37785,1.37789,1.37781,1.37787,43050000,1
1754973600000,1754973659000,1.37787,1.37789,1.37786,1.37789,18840000,1
1754973660000,1754973719000,1.37788,1.37788,1.37785,1.37786,22830000,1
1754973720000,1754973779000,1.37788,1.37788,1.37775,1.3778,63360000,1
1754973780000,1754973839000,1.37779,1.3778,1.37769,1.3777,45240000,1
1754973840000,1754973899000,1.37769,1.37773,1.37769,1.37771,52650000,1
1754973900000,1754973959000,1.37775,1.37775,1.37768,1.37768,44550000,1
1754973960000,1754974019000,1.37768,1.37769,1.37766,1.37769,23850000,1
1754974020000,1754974079000,1.37768,1.37769,1.37763,1.37763,43500000,1
1754974080000,1754974139000,1.37763,1.37769,1.37762,1.37767,30900000,1
1754974140000,1754974199000,1.37767,1.3777,1.37761,1.37762,103500000,1
1754974200000,1754974259000,1.37762,1.37765,1.37757,1.37757,78900000,1
1754974260000,1754974319000,1.37758,1.37758,1.37744,1.37744,97350000,1
1754974320000,1754974379000,1.37746,1.37746,1.37742,1.37742,35550000,1
1754974380000,1754974439000,1.37742,1.37742,1.37737,1.37737,34500000,1
1754974440000,1754974499000,1.37738,1.37743,1.37737,1.37743,31200000,1
1754974500000,1754974559000,1.37742,1.37745,1.37742,1.37743,84900000,1
1754974560000,1754974619000,1.37744,1.3775,1.37744,1.37747,36180000,1
1754974620000,1754974679000,1.37747,1.37748,1.37739,1.37747,68940000,1
1754974680000,1754974739000,1.37748,1.37749,1.37746,1.37746,35700000,1
1754974740000,1754974799000,1.37743,1.37745,1.37734,1.37739,96000000,1
1754974800000,1754974859000,1.37739,1.3774,1.37733,1.37738,85500000,1
1754974860000,1754974919000,1.37737,1.37741,1.37734,1.37737,46200000,1
1754974920000,1754974979000,1.37737,1.37763,1.37736,1.37763,215910000,1
1754974980000,1754975039000,1.37763,1.37776,1.37763,1.37774,272160000,1
1754975040000,1754975099000,1.37774,1.3779,1.37773,1.37781,203820000,1
1754975100000,1754975159000,1.37782,1.37786,1.37776,1.37778,152340000,1
1754975160000,1754975219000,1.37778,1.37796,1.37778,1.37791,115680000,1
1754975220000,1754975279000,1.37791,1.37795,1.37786,1.37788,115350000,1
1754975280000,1754975339000,1.37786,1.37794,1.37781,1.37788,112800000,1
1754975340000,1754975399000,1.37789,1.37789,1.37779,1.37779,104400000,1
1754975400000,1754975459000,1.37777,1.3778,1.37774,1.37775,35700000,1
1754975460000,1754975519000,1.37776,1.37776,1.3776,1.37765,93600000,1
1754975520000,1754975579000,1.37764,1.37774,1.37764,1.37769,73650000,1
1754975580000,1754975639000,1.37769,1.37773,1.37767,1.37771,55200000,1
1754975640000,1754975699000,1.37772,1.37778,1.37769,1.37769,48600000,1
1754975700000,1754975759000,1.3777,1.3777,1.37767,1.37767,58200000,1
1754975760000,1754975819000,1.37767,1.37781,1.37767,1.37778,66000000,1
1754975820000,1754975879000,1.37779,1.37797,1.37772,1.37797,125820000,1
1754975880000,1754975939000,1.37797,1.37798,1.37791,1.37796,70980000,1
1754975940000,1754975999000,1.37796,1.37815,1.37796,1.37806,143760000,1
1754976000000,1754976059000,1.37806,1.37806,1.37788,1.37788,104340000,1
1754976060000,1754976119000,1.37789,1.37789,1.37779,1.37787,97050000,1
1754976120000,1754976179000,1.37787,1.37789,1.37782,1.37789,74220000,1
1754976180000,1754976239000,1.37789,1.37797,1.37788,1.37797,107700000,1
1754976240000,1754976299000,1.37794,1.37799,1.37793,1.37796,38040000,1
1754976300000,1754976359000,1.37795,1.378,1.37786,1.37786,91050000,1
1754976360000,1754976419000,1.37786,1.37786,1.37779,1.37781,81450000,1
1754976420000,1754976479000,1.37781,1.37781,1.37767,1.37768,68400000,1
1754976480000,1754976539000,1.37771,1.37776,1.37766,1.37767,80400000,1
1754976540000,1754976599000,1.37769,1.37774,1.37767,1.3777,39000000,1
1754976600000,1754976659000,1.37771,1.37776,1.37769,1.37774,134700000,1
1754976660000,1754976719000,1.37775,1.37775,1.37758,1.37758,120900000,1
1754976720000,1754976779000,1.37758,1.37766,1.37752,1.37752,74850000,1
1754976780000,1754976839000,1.37751,1.37756,1.37741,1.37742,76950000,1
1754976840000,1754976899000,1.37741,1.37751,1.37739,1.37751,85500000,1
1754976900000,1754976959000,1.37751,1.37756,1.37751,1.37755,30180000,1
1754976960000,1754977019000,1.37756,1.37756,1.37749,1.37751,35100000,1
1754977020000,1754977079000,1.37752,1.3777,1.37752,1.37761,73110000,1
1754977080000,1754977139000,1.37761,1.37761,1.37758,1.37761,37350000,1
1754977140000,1754977199000,1.37761,1.37775,1.37761,1.3777,74730000,1
1754977200000,1754977259000,1.3777,1.37782,1.37768,1.37782,56130000,1
1754977260000,1754977319000,1.37783,1.37786,1.37776,1.37776,120600000,1
1754977320000,1754977379000,1.37776,1.37776,1.37766,1.37766,76800000,1
1754977380000,1754977439000,1.37766,1.37774,1.37761,1.37773,95400000,1
1754977440000,1754977499000,1.37774,1.37781,1.37771,1.3778,69600000,1
1754977500000,1754977559000,1.3778,1.37784,1.37779,1.37781,56220000,1
1754977560000,1754977619000,1.37781,1.37781,1.37771,1.37772,78930000,1
1754977620000,1754977679000,1.37772,1.3778,1.37768,1.37768,77670000,1
1754977680000,1754977739000,1.37768,1.37779,1.37767,1.37778,45240000,1
1754977740000,1754977799000,1.37777,1.37777,1.37758,1.3776,75060000,1
1754977800000,1754977859000,1.3776,1.37778,1.3776,1.37774,111600000,1
1754977860000,1754977919000,1.37775,1.3779,1.37771,1.37787,151260000,1
1754977920000,1754977979000,1.37784,1.37787,1.37777,1.37787,121860000,1
1754977980000,1754978039000,1.37788,1.37788,1.37777,1.37781,60060000,1
1754978040000,1754978099000,1.37782,1.37782,1.37774,1.37781,79170000,1
1754978100000,1754978159000,1.37781,1.37791,1.37781,1.37789,111150000,1
1754978160000,1754978219000,1.37789,1.37795,1.37777,1.37785,116610000,1
1754978220000,1754978279000,1.37785,1.37799,1.37784,1.37798,92760000,1
1754978280000,1754978339000,1.37796,1.37796,1.37772,1.37772,118290000,1
1754978340000,1754978399000,1.37772,1.37774,1.37765,1.37773,164400000,1
1754978400000,1754978459000,1.37774,1.37777,1.37746,1.37747,194250000,1
1754978460000,1754978519000,1.37746,1.37758,1.37746,1.37747,96300000,1
1754978520000,1754978579000,1.37747,1.37767,1.37747,1.37759,93900000,1
1754978580000,1754978639000,1.3776,1.3776,1.37749,1.37757,147000000,1
1754978640000,1754978699000,1.37757,1.37762,1.37748,1.37748,160380000,1
1754978700000,1754978759000,1.37748,1.37752,1.37743,1.37747,160260000,1
1754978760000,1754978819000,1.3775,1.37754,1.37742,1.37743,137010000,1
1754978820000,1754978879000,1.37742,1.3775,1.3774,1.37746,115800000,1
1754978880000,1754978939000,1.37747,1.3776,1.37744,1.37753,137760000,1
1754978940000,1754978999000,1.37753,1.37761,1.37752,1.37756,140460000,1
1754979000000,1754979059000,1.37756,1.37759,1.37749,1.37749,81300000,1
1754979060000,1754979119000,1.3775,1.37754,1.37739,1.3774,135600000,1
1754979120000,1754979179000,1.37739,1.37742,1.37735,1.3774,104250000,1
1754979180000,1754979239000,1.37743,1.37762,1.37743,1.37759,102180000,1
1754979240000,1754979299000,1.37762,1.37787,1.37762,1.37786,126240000,1
1754979300000,1754979359000,1.37786,1.37799,1.37786,1.37798,141960000,1
1754979360000,1754979419000,1.37796,1.37801,1.37778,1.37783,82440000,1
1754979420000,1754979479000,1.37783,1.37785,1.37777,1.37779,100440000,1
1754979480000,1754979539000,1.37779,1.37783,1.37768,1.3777,119340000,1
1754979540000,1754979599000,1.3777,1.37784,1.3777,1.37777,121830000,1
1754979600000,1754979659000,1.37778,1.3778,1.37754,1.37759,150030000,1
1754979660000,1754979719000,1.37759,1.37777,1.37754,1.37774,77040000,1
1754979720000,1754979779000,1.37775,1.37775,1.37759,1.37766,97290000,1
1754979780000,1754979839000,1.37767,1.37768,1.37755,1.37759,96840000,1
1754979840000,1754979899000,1.37759,1.37774,1.37758,1.37774,67740000,1
1754979900000,1754979959000,1.37776,1.37786,1.37775,1.37785,98700000,1
1754979960000,1754980019000,1.37786,1.37796,1.37778,1.37778,137760000,1
1754980020000,1754980079000,1.37778,1.37788,1.37778,1.37783,68850000,1
1754980080000,1754980139000,1.37784,1.37788,1.37779,1.37784,120450000,1
1754980140000,1754980199000,1.37784,1.37786,1.37779,1.37784,83700000,1
1754980200000,1754980259000,1.37784,1.37794,1.3777,1.37794,169350000,1
1754980260000,1754980319000,1.37791,1.37795,1.37785,1.37786,137250000,1
1754980320000,1754980379000,1.37787,1.3779,1.3778,1.37784,68100000,1
1754980380000,1754980439000,1.37785,1.37796,1.37779,1.37794,158550000,1
1754980440000,1754980499000,1.37795,1.37795,1.37786,1.37788,170340000,1
1754980500000,1754980559000,1.37786,1.37809,1.37785,1.37808,87750000,1
1754980560000,1754980619000,1.37809,1.37809,1.37798,1.37798,73650000,1
1754980620000,1754980679000,1.37797,1.37818,1.37797,1.37816,90120000,1
1754980680000,1754980739000,1.37815,1.3782,1.37807,1.37815,108570000,1
1754980740000,1754980799000,1.37813,1.37817,1.37801,1.37815,113880000,1
1754980800000,1754980859000,1.37814,1.37817,1.37806,1.37815,116070000,1
1754980860000,1754980919000,1.37815,1.37825,1.37814,1.37825,96780000,1
1754980920000,1754980979000,1.37828,1.37831,1.37814,1.37815,104040000,1
1754980980000,1754981039000,1.37816,1.37827,1.37806,1.37816,112440000,1
1754981040000,1754981099000,1.37818,1.37827,1.37816,1.37821,114900000,1
1754981100000,1754981159000,1.37822,1.37825,1.37815,1.37817,90900000,1
1754981160000,1754981219000,1.37817,1.37825,1.37815,1.37824,77100000,1
1754981220000,1754981279000,1.37824,1.37836,1.37813,1.37835,118290000,1
1754981280000,1754981339000,1.37835,1.37835,1.37815,1.37823,115710000,1
1754981340000,1754981399000,1.37823,1.37825,1.37806,1.37807,105810000,1
1754981400000,1754981459000,1.37807,1.37807,1.37787,1.37796,123930000,1
1754981460000,1754981519000,1.37796,1.37799,1.37794,1.37794,107850000,1
1754981520000,1754981579000,1.37794,1.3781,1.37793,1.37808,110790000,1
1754981580000,1754981639000,1.37806,1.37813,1.37806,1.37806,57780000,1
1754981640000,1754981699000,1.37807,1.37812,1.37803,1.37804,86700000,1
1754981700000,1754981759000,1.37805,1.37825,1.37805,1.3782,105900000,1
1754981760000,1754981819000,1.3782,1.3783,1.3782,1.37829,52050000,1
1754981820000,1754981879000,1.37828,1.37846,1.37827,1.37844,98100000,1
1754981880000,1754981939000,1.37843,1.3785,1.37834,1.37845,86430000,1
1754981940000,1754981999000,1.37844,1.37846,1.37837,1.37837,74820000,1
1754982000000,1754982059000,1.37836,1.37836,1.3782,1.37822,161550000,1
1754982060000,1754982119000,1.37821,1.37823,1.37804,1.37805,103980000,1
1754982120000,1754982179000,1.37807,1.37816,1.37804,1.37815,83100000,1
1754982180000,1754982239000,1.37815,1.37815,1.37798,1.37798,108660000,1
1754982240000,1754982299000,1.37798,1.378,1.37796,1.37799,96600000,1
1754982300000,1754982359000,1.37799,1.37806,1.37795,1.37799,113550000,1
1754982360000,1754982419000,1.37799,1.37806,1.37799,1.37805,89340000,1
1754982420000,1754982479000,1.37806,1.37807,1.37795,1.37795,100950000,1
1754982480000,1754982539000,1.37796,1.37806,1.37795,1.37806,106740000,1
1754982540000,1754982599000,1.37805,1.37806,1.37795,1.37795,65820000,1
1754982600000,1754982659000,1.37797,1.37798,1.37773,1.37773,72990000,1
1754982660000,1754982719000,1.37773,1.37773,1.37768,1.37768,48540000,1
1754982720000,1754982779000,1.37768,1.37779,1.37768,1.37778,55530000,1
1754982780000,1754982839000,1.37779,1.37779,1.3777,1.3777,115380000,1
1754982840000,1754982899000,1.37771,1.37775,1.3776,1.37771,48240000,1
1754982900000,1754982959000,1.3777,1.37779,1.3777,1.37777,98280000,1
1754982960000,1754983019000,1.37778,1.37782,1.3777,1.37774,80700000,1
1754983020000,1754983079000,1.37774,1.37782,1.3777,1.37777,160200000,1
1754983080000,1754983139000,1.37774,1.37775,1.37767,1.37772,154200000,1
1754983140000,1754983199000,1.37772,1.37777,1.37759,1.37775,53100000,1
1754983200000,1754983259000,1.37773,1.37782,1.37771,1.37782,21600000,1
1754983260000,1754983319000,1.37778,1.37785,1.37759,1.37759,123300000,1
1754983320000,1754983379000,1.37759,1.37768,1.37759,1.37761,173700000,1
1754983380000,1754983439000,1.37762,1.37782,1.37759,1.37775,225390000,1
1754983440000,1754983499000,1.37774,1.37788,1.37774,1.37785,82800000,1
1754983500000,1754983559000,1.37785,1.37796,1.37783,1.3779,75540000,1
1754983560000,1754983619000,1.3779,1.37791,1.37761,1.3777,104400000,1
1754983620000,1754983679000,1.3777,1.37772,1.37766,1.37771,87180000,1
1754983680000,1754983739000,1.37771,1.37771,1.37763,1.37766,72330000,1
1754983740000,1754983799000,1.37767,1.37767,1.37759,1.37759,50400000,1
1754983800000,1754983859000,1.3776,1.3776,1.37749,1.37752,95100000,1
1754983860000,1754983919000,1.37751,1.37764,1.3775,1.37762,88500000,1
1754983920000,1754983979000,1.37763,1.37773,1.37761,1.37771,48300000,1
1754983980000,1754984039000,1.3777,1.37781,1.37767,1.37779,107250000,1
1754984040000,1754984099000,1.37778,1.37783,1.37776,1.37781,106950000,1
1754984100000,1754984159000,1.37781,1.37801,1.3778,1.37792,72450000,1
1754984160000,1754984219000,1.37791,1.37798,1.3778,1.37787,103650000,1
1754984220000,1754984279000,1.37788,1.37799,1.37787,1.37794,63900000,1
1754984280000,1754984339000,1.37795,1.37799,1.37789,1.37799,75750000,1
1754984340000,1754984399000,1.37797,1.37798,1.3779,1.3779,132000000,1
1754984400000,1754984459000,1.37789,1.37796,1.37784,1.37785,73950000,1
1754984460000,1754984519000,1.37784,1.37791,1.37779,1.37789,62460000,1
1754984520000,1754984579000,1.3779,1.378,1.37788,1.37799,34770000,1
1754984580000,1754984639000,1.37799,1.378,1.37798,1.37799,20850000,1
1754984640000,1754984699000,1.378,1.37801,1.37789,1.37789,63600000,1
1754984700000,1754984759000,1.37791,1.37799,1.37789,1.37797,35850000,1
1754984760000,1754984819000,1.37798,1.37799,1.3778,1.37781,51750000,1
1754984820000,1754984879000,1.37781,1.37786,1.37777,1.3778,62700000,1
1754984880000,1754984939000,1.37779,1.37782,1.37778,1.3778,36600000,1
1754984940000,1754984999000,1.37781,1.37781,1.37771,1.37779,60300000,1
1754985000000,1754985059000,1.3778,1.37788,1.37778,1.37782,50100000,1
1754985060000,1754985119000,1.37782,1.37785,1.37779,1.3778,26850000,1
1754985120000,1754985179000,1.37779,1.37781,1.37776,1.37781,32100000,1
1754985180000,1754985239000,1.3778,1.3779,1.3778,1.3779,28950000,1
1754985240000,1754985299000,1.37792,1.378,1.37792,1.378,19320000,1
1754985300000,1754985359000,1.37801,1.37808,1.37792,1.37805,87750000,1
1754985360000,1754985419000,1.37806,1.37809,1.37806,1.37808,27870000,1
1754985420000,1754985479000,1.37809,1.37809,1.37787,1.37788,47820000,1
1754985480000,1754985539000,1.37788,1.37789,1.37779,1.37782,76020000,1
1754985540000,1754985599000,1.37782,1.37795,1.37781,1.37789,117180000,1
1754985600000,1754985659000,1.37788,1.37788,1.37758,1.37758,149100000,1
1754985660000,1754985719000,1.37759,1.37792,1.37758,1.37791,150510000,1
1754985720000,1754985779000,1.37792,1.37802,1.3779,1.37793,62100000,1
1754985780000,1754985839000,1.37794,1.37812,1.37794,1.37812,72810000,1
1754985840000,1754985899000,1.3781,1.37816,1.37807,1.37815,50790000,1
1754985900000,1754985959000,1.37816,1.37838,1.37816,1.37834,121050000,1
1754985960000,1754986019000,1.37835,1.37836,1.3783,1.37832,78900000,1
1754986020000,1754986079000,1.37833,1.3785,1.37831,1.3785,47430000,1
1754986080000,1754986139000,1.37851,1.37853,1.37846,1.37849,16950000,1
1754986140000,1754986199000,1.37847,1.37851,1.3784,1.3785,38280000,1
1754986200000,1754986259000,1.3785,1.37878,1.3785,1.37865,87990000,1
1754986260000,1754986319000,1.37864,1.3788,1.37863,1.37877,40740000,1
1754986320000,1754986379000,1.37876,1.37879,1.3787,1.37875,46800000,1
1754986380000,1754986439000,1.37873,1.37875,1.37866,1.37866,69480000,1
1754986440000,1754986499000,1.37867,1.37877,1.37863,1.37865,72600000,1
1754986500000,1754986559000,1.37866,1.37872,1.37866,1.37867,55440000,1
1754986560000,1754986619000,1.37866,1.37874,1.37866,1.37872,38880000,1
1754986620000,1754986679000,1.37873,1.37886,1.37867,1.37882,65550000,1
1754986680000,1754986739000,1.37883,1.37886,1.37867,1.37868,68520000,1
1754986740000,1754986799000,1.37868,1.37876,1.37867,1.37873,46500000,1
1754986800000,1754986859000,1.37872,1.37885,1.3787,1.37885,55140000,1
1754986860000,1754986919000,1.37887,1.37897,1.37887,1.37892,62040000,1
1754986920000,1754986979000,1.37893,1.37896,1.37888,1.37896,33750000,1
1754986980000,1754987039000,1.37896,1.37903,1.37895,1.37903,24120000,1
1754987040000,1754987099000,1.37902,1.37904,1.379,1.37902,39300000,1
1754987100000,1754987159000,1.37903,1.3791,1.37901,1.37904,64470000,1
1754987160000,1754987219000,1.37904,1.37904,1.37882,1.37891,92280000,1
1754987220000,1754987279000,1.37891,1.37901,1.37888,1.379,85980000,1
1754987280000,1754987339000,1.379,1.37902,1.37896,1.379,105810000,1
1754987340000,1754987399000,1.37898,1.37902,1.37896,1.37897,54810000,1
1754987400000,1754987459000,1.37897,1.37905,1.37895,1.37902,121290000,1
1754987460000,1754987519000,1.37902,1.37905,1.37895,1.37898,65370000,1
1754987520000,1754987579000,1.37899,1.37901,1.37892,1.37893,66780000,1
1754987580000,1754987639000,1.37892,1.37893,1.37883,1.37893,54540000,1
1754987640000,1754987699000,1.37893,1.37899,1.37879,1.37883,96870000,1
1754987700000,1754987759000,1.37881,1.37882,1.37858,1.3786,97620000,1
1754987760000,1754987819000,1.37862,1.37878,1.37854,1.37878,77460000,1
1754987820000,1754987879000,1.37879,1.37891,1.37875,1.37891,90000000,1
1754987880000,1754987939000,1.3789,1.379,1.3789,1.37899,72270000,1
1754987940000,1754987999000,1.37899,1.37906,1.37896,1.37906,120540000,1
1754988000000,1754988059000,1.37907,1.37907,1.379,1.379,121980000,1
1754988060000,1754988119000,1.37901,1.37908,1.379,1.37903,120960000,1
1754988120000,1754988179000,1.37902,1.37908,1.379,1.37907,61740000,1
1754988180000,1754988239000,1.3791,1.3791,1.37905,1.37909,114630000,1
1754988240000,1754988299000,1.37907,1.37913,1.37907,1.37913,168240000,1
1754988300000,1754988359000,1.37913,1.37918,1.37909,1.37912,64620000,1
1754988360000,1754988419000,1.37911,1.37917,1.37908,1.37916,35490000,1
1754988420000,1754988479000,1.37918,1.37919,1.37912,1.37915,73500000,1
1754988480000,1754988539000,1.37913,1.37918,1.37912,1.37912,52050000,1
1754988540000,1754988599000,1.37912,1.37912,1.37902,1.37908,104400000,1
1754988600000,1754988659000,1.37908,1.37908,1.37894,1.37894,52050000,1
1754988660000,1754988719000,1.37894,1.37894,1.37883,1.37884,52650000,1
1754988720000,1754988779000,1.37885,1.37891,1.37883,1.37891,54300000,1
1754988780000,1754988839000,1.3789,1.3789,1.37873,1.37873,45600000,1
1754988840000,1754988899000,1.37875,1.37885,1.37875,1.37883,72300000,1
1754988900000,1754988959000,1.37884,1.37884,1.37875,1.3788,62340000,1
1754988960000,1754989019000,1.37881,1.37881,1.37873,1.37879,84300000,1
1754989020000,1754989079000,1.37878,1.3788,1.37867,1.3788,81600000,1
1754989080000,1754989139000,1.37879,1.37895,1.37879,1.37884,70770000,1
1754989140000,1754989199000,1.37883,1.37891,1.37883,1.37885,66960000,1
1754989200000,1754989259000,1.37886,1.37889,1.37881,1.37886,76830000,1
1754989260000,1754989319000,1.37885,1.37903,1.37885,1.379,50550000,1
1754989320000,1754989379000,1.379,1.379,1.37886,1.37887,49200000,1
1754989380000,1754989439000,1.37886,1.37905,1.37885,1.37901,68400000,1
1754989440000,1754989499000,1.37902,1.37904,1.379,1.37901,34800000,1
1754989500000,1754989559000,1.379,1.37903,1.37895,1.37899,42600000,1
1754989560000,1754989619000,1.37898,1.37911,1.37898,1.37908,37050000,1
1754989620000,1754989679000,1.37908,1.37912,1.37905,1.37908,46920000,1
1754989680000,1754989739000,1.37909,1.37916,1.37905,1.37909,42990000,1
1754989740000,1754989799000,1.37909,1.37919,1.37908,1.37915,31440000,1
1754989800000,1754989859000,1.37917,1.37917,1.3791,1.37912,66360000,1
1754989860000,1754989919000,1.37912,1.37913,1.37903,1.37903,34080000,1
1754989920000,1754989979000,1.37904,1.37904,1.37893,1.37894,31800000,1
1754989980000,1754990039000,1.37894,1.37897,1.37894,1.37896,25200000,1
1754990040000,1754990099000,1.37895,1.37896,1.37885,1.37891,42600000,1
1754990100000,1754990159000,1.37891,1.37894,1.37886,1.3789,32400000,1
1754990160000,1754990219000,1.37888,1.37889,1.37876,1.3788,57600000,1
1754990220000,1754990279000,1.37879,1.37887,1.37879,1.37884,48450000,1
1754990280000,1754990339000,1.37883,1.37893,1.37883,1.37887,39720000,1
1754990340000,1754990399000,1.37889,1.3789,1.37874,1.37874,46200000,1
1754990400000,1754990459000,1.37874,1.37894,1.37871,1.37888,70200000,1
1754990460000,1754990519000,1.37888,1.37894,1.37884,1.37884,57000000,1
1754990520000,1754990579000,1.37883,1.3789,1.37883,1.3789,17490000,1
1754990580000,1754990639000,1.37891,1.37891,1.37879,1.37881,45900000,1
1754990640000,1754990699000,1.37882,1.37885,1.37878,1.37883,70500000,1
1754990700000,1754990759000,1.37881,1.37881,1.37872,1.37873,40920000,1
1754990760000,1754990819000,1.37873,1.37879,1.37873,1.37878,97950000,1
1754990820000,1754990879000,1.37878,1.37882,1.37875,1.37881,106650000,1
1754990880000,1754990939000,1.37881,1.37887,1.37881,1.37886,59850000,1
1754990940000,1754990999000,1.37886,1.37889,1.37883,1.37888,80400000,1
1754991000000,1754991059000,1.37887,1.3789,1.37881,1.3789,66300000,1
1754991060000,1754991119000,1.3789,1.37894,1.37886,1.37889,66300000,1
1754991120000,1754991179000,1.37889,1.37892,1.37883,1.37889,65430000,1
1754991180000,1754991239000,1.37889,1.3789,1.3787,1.37874,90840000,1
1754991240000,1754991299000,1.37874,1.37887,1.37874,1.37886,53400000,1
1754991300000,1754991359000,1.37886,1.3789,1.37884,1.37888,76410000,1
1754991360000,1754991419000,1.37889,1.37889,1.37882,1.37886,53400000,1
1754991420000,1754991479000,1.37884,1.37894,1.37877,1.37878,100260000,1
1754991480000,1754991539000,1.37877,1.37883,1.37876,1.37882,107490000,1
1754991540000,1754991599000,1.37882,1.37886,1.37881,1.37885,65850000,1
1754991600000,1754991659000,1.37885,1.37885,1.37879,1.37884,50550000,1
1754991660000,1754991719000,1.37883,1.37892,1.37882,1.37891,30600000,1
1754991720000,1754991779000,1.37891,1.37893,1.3789,1.37892,45750000,1
1754991780000,1754991839000,1.37895,1.37907,1.37895,1.37906,45450000,1
1754991840000,1754991899000,1.37907,1.37909,1.37903,1.37904,49440000,1
1754991900000,1754991959000,1.37904,1.37905,1.379,1.37901,65550000,1
1754991960000,1754992019000,1.37902,1.37902,1.37893,1.37896,108240000,1
1754992020000,1754992079000,1.37896,1.37897,1.37893,1.37893,69600000,1
1754992080000,1754992139000,1.37894,1.37896,1.37892,1.37892,45750000,1
1754992140000,1754992199000,1.37892,1.37903,1.37892,1.37903,29310000,1
1754992200000,1754992259000,1.37903,1.37912,1.37896,1.37911,67980000,1
1754992260000,1754992319000,1.37913,1.37916,1.3791,1.37912,43590000,1
1754992320000,1754992379000,1.37911,1.37911,1.37901,1.37901,80580000,1
1754992380000,1754992439000,1.37905,1.37912,1.37905,1.37911,86550000,1
1754992440000,1754992499000,1.3791,1.37912,1.379,1.37902,121950000,1
1754992500000,1754992559000,1.37903,1.37911,1.37903,1.37909,45450000,1
1754992560000,1754992619000,1.3791,1.37923,1.3791,1.37913,112050000,1
1754992620000,1754992679000,1.37913,1.37913,1.37904,1.37907,88650000,1
1754992680000,1754992739000,1.37906,1.37906,1.37891,1.37893,87390000,1
1754992740000,1754992799000,1.37895,1.37912,1.37894,1.37908,125550000,1
1754992800000,1754992859000,1.37909,1.37909,1.37898,1.37899,42450000,1
1754992860000,1754992919000,1.37899,1.37902,1.37893,1.37899,52110000,1
1754992920000,1754992979000,1.37899,1.379,1.37891,1.37892,44940000,1
1754992980000,1754993039000,1.37891,1.37892,1.37886,1.37888,41580000,1
1754993040000,1754993099000,1.37887,1.37889,1.37879,1.37879,31500000,1
1754993100000,1754993159000,1.37883,1.37885,1.37882,1.37884,13050000,1
1754993160000,1754993219000,1.37883,1.37885,1.3788,1.3788,53850000,1
1754993220000,1754993279000,1.3788,1.37883,1.37875,1.37878,57450000,1
1754993280000,1754993339000,1.37879,1.37883,1.37878,1.37881,70950000,1
1754993340000,1754993399000,1.37882,1.37882,1.37876,1.37879,25950000,1
1754993400000,1754993459000,1.37877,1.37877,1.37875,1.37875,26400000,1
1754993460000,1754993519000,1.37875,1.37877,1.37871,1.37871,37050000,1
1754993520000,1754993579000,1.37872,1.37873,1.37864,1.37864,30120000,1
1754993580000,1754993639000,1.37864,1.37865,1.37863,1.37865,13920000,1
1754993640000,1754993699000,1.37864,1.37865,1.37859,1.3786,18930000,1
1754993700000,1754993759000,1.37858,1.37861,1.37857,1.37859,37500000,1
1754993760000,1754993819000,1.37859,1.3786,1.37853,1.37856,36510000,1
1754993820000,1754993879000,1.37855,1.37856,1.37849,1.37852,70290000,1
1754993880000,1754993939000,1.37851,1.37863,1.37851,1.37861,67080000,1
1754993940000,1754993999000,1.37861,1.37867,1.37858,1.37859,79890000,1
1754994000000,1754994059000,1.37859,1.37861,1.37859,1.3786,21090000,1
1754994060000,1754994119000,1.3786,1.3786,1.3785,1.37855,42930000,1
1754994120000,1754994179000,1.37855,1.3786,1.37846,1.37846,79050000,1
1754994180000,1754994239000,1.37847,1.37853,1.37847,1.37852,30960000,1
1754994240000,1754994299000,1.37853,1.37853,1.37849,1.37851,74340000,1
1754994300000,1754994359000,1.37851,1.3786,1.37851,1.37854,75630000,1
1754994360000,1754994419000,1.37854,1.37862,1.37851,1.3786,115410000,1
1754994420000,1754994479000,1.3786,1.37869,1.37858,1.37868,65580000,1
1754994480000,1754994539000,1.37868,1.37871,1.37868,1.3787,54090000,1
1754994540000,1754994599000,1.3787,1.37875,1.3787,1.37874,69960000,1
1754994600000,1754994659000,1.37876,1.37876,1.3787,1.37871,40500000,1
1754994660000,1754994719000,1.37871,1.37873,1.37865,1.37871,34740000,1
1754994720000,1754994779000,1.3787,1.37874,1.3787,1.37873,28050000,1
1754994780000,1754994839000,1.37872,1.37873,1.37867,1.37868,44700000,1
1754994840000,1754994899000,1.37868,1.37872,1.37864,1.37868,39900000,1
1754994900000,1754994959000,1.37867,1.37873,1.37864,1.37872,58440000,1
1754994960000,1754995019000,1.37873,1.37874,1.37871,1.37871,41400000,1
1754995020000,1754995079000,1.37872,1.37875,1.37871,1.37875,11370000,1
1754995080000,1754995139000,1.37874,1.37879,1.37873,1.37878,19890000,1
1754995140000,1754995199000,1.37878,1.37881,1.37873,1.37876,30750000,1
1754995200000,1754995259000,1.37876,1.37898,1.37876,1.37893,68760000,1
1754995260000,1754995319000,1.37894,1.37902,1.37894,1.37895,51120000,1
1754995320000,1754995379000,1.37897,1.37897,1.37879,1.3788,37110000,1
1754995380000,1754995439000,1.37882,1.37893,1.37882,1.37892,21600000,1
1754995440000,1754995499000,1.37892,1.37893,1.3789,1.37891,63300000,1
1754995500000,1754995559000,1.37891,1.37893,1.37881,1.37882,62100000,1
1754995560000,1754995619000,1.37882,1.37882,1.37873,1.37882,52800000,1
1754995620000,1754995679000,1.37883,1.37883,1.37873,1.37874,53850000,1
1754995680000,1754995739000,1.37874,1.37879,1.37874,1.37874,44850000,1
1754995740000,1754995799000,1.37873,1.37874,1.37867,1.37873,56100000,1
1754995800000,1754995859000,1.37872,1.37881,1.3787,1.37873,52200000,1
1754995860000,1754995919000,1.37873,1.37883,1.37873,1.37881,37440000,1
1754995920000,1754995979000,1.37881,1.37891,1.3788,1.37891,21480000,1
1754995980000,1754996039000,1.37891,1.37892,1.37882,1.37892,58740000,1
1754996040000,1754996099000,1.37892,1.37904,1.37892,1.37899,30300000,1
1754996100000,1754996159000,1.379,1.37912,1.37899,1.37909,36000000,1
1754996160000,1754996219000,1.37909,1.37916,1.37907,1.37915,60180000,1
1754996220000,1754996279000,1.37914,1.37917,1.37914,1.37915,33000000,1
1754996280000,1754996339000,1.37915,1.37922,1.37909,1.37921,45060000,1
1754996340000,1754996399000,1.37922,1.37927,1.37921,1.37922,52800000,1
1754996400000,1754996459000,1.37922,1.37932,1.3792,1.3793,67200000,1
1754996460000,1754996519000,1.37931,1.37931,1.37928,1.3793,68400000,1
1754996520000,1754996579000,1.37933,1.37941,1.37933,1.37939,52920000,1
1754996580000,1754996639000,1.3794,1.37952,1.37935,1.37951,45960000,1
1754996640000,1754996699000,1.37952,1.3796,1.37949,1.37949,60990000,1
1754996700000,1754996759000,1.37949,1.37952,1.37948,1.37948,34110000,1
1754996760000,1754996819000,1.37947,1.37953,1.37942,1.37952,39270000,1
1754996820000,1754996879000,1.37957,1.3796,1.37956,1.37959,47820000,1
1754996880000,1754996939000,1.3796,1.3797,1.37952,1.37952,55950000,1
1754996940000,1754996999000,1.37952,1.37966,1.37951,1.37951,87300000,1
1754997000000,1754997059000,1.37951,1.37956,1.37948,1.37949,57780000,1
1754997060000,1754997119000,1.3795,1.37953,1.37927,1.37931,118170000,1
1754997120000,1754997179000,1.37932,1.37932,1.37924,1.3793,94500000,1
1754997180000,1754997239000,1.37931,1.37941,1.3793,1.37937,50670000,1
1754997240000,1754997299000,1.37937,1.37942,1.37937,1.37939,100080000,1
1754997300000,1754997359000,1.37939,1.37943,1.37939,1.37943,58500000,1
1754997360000,1754997419000,1.37942,1.37954,1.37942,1.37953,73650000,1
1754997420000,1754997479000,1.37952,1.37964,1.37952,1.37959,49950000,1
1754997480000,1754997539000,1.37958,1.37961,1.37941,1.37948,84870000,1
1754997540000,1754997599000,1.37948,1.37948,1.37942,1.37946,32850000,1
1754997600000,1754997659000,1.37948,1.37981,1.37948,1.3798,71400000,1
1754997660000,1754997719000,1.37981,1.37984,1.37979,1.3798,37200000,1
1754997720000,1754997779000,1.3798,1.37987,1.37979,1.37984,85950000,1
1754997780000,1754997839000,1.37985,1.3799,1.37983,1.37984,51420000,1
1754997840000,1754997899000,1.37983,1.3799,1.37983,1.37983,51600000,1
1754997900000,1754997959000,1.37983,1.37989,1.37983,1.37989,48000000,1
1754997960000,1754998019000,1.37989,1.38008,1.37989,1.38003,77100000,1
1754998020000,1754998079000,1.38003,1.38014,1.38002,1.38013,80400000,1
1754998080000,1754998139000,1.38013,1.38013,1.38002,1.38002,51840000,1
1754998140000,1754998199000,1.38001,1.38002,1.37992,1.37996,84390000,1
1754998200000,1754998259000,1.37997,1.38001,1.37992,1.37996,102210000,1
1754998260000,1754998319000,1.37997,1.38002,1.37991,1.38001,96180000,1
1754998320000,1754998379000,1.37999,1.38008,1.37993,1.38006,95100000,1
1754998380000,1754998439000,1.38005,1.38024,1.38001,1.38022,71100000,1
1754998440000,1754998499000,1.38022,1.38022,1.38004,1.38012,49650000,1
1754998500000,1754998559000,1.38013,1.38015,1.38011,1.38012,30450000,1
1754998560000,1754998619000,1.3801,1.3801,1.37999,1.3801,221790000,1
1754998620000,1754998679000,1.38009,1.38024,1.38009,1.38023,73320000,1
1754998680000,1754998739000,1.38025,1.38027,1.38016,1.38018,49620000,1
1754998740000,1754998799000,1.38016,1.38018,1.38009,1.3801,35250000,1
1754998800000,1754998859000,1.38011,1.38015,1.3801,1.38014,36750000,1
1754998860000,1754998919000,1.38015,1.38015,1.38012,1.38012,18810000,1
1754998920000,1754998979000,1.38012,1.38016,1.38012,1.38016,64080000,1
1754998980000,1754999039000,1.38016,1.38029,1.38013,1.38028,90450000,1
1754999040000,1754999099000,1.3803,1.3803,1.38023,1.38027,23160000,1
1754999100000,1754999159000,1.38026,1.38034,1.38026,1.38033,26760000,1
1754999160000,1754999219000,1.38033,1.38035,1.38032,1.38035,16260000,1
1754999220000,1754999279000,1.38036,1.38037,1.38021,1.38023,44550000,1
1754999280000,1754999339000,1.38025,1.38034,1.38025,1.38034,22470000,1
1754999340000,1754999399000,1.38034,1.38037,1.38028,1.3803,27780000,1
1754999400000,1754999459000,1.38029,1.38033,1.38024,1.38033,37920000,1
1754999460000,1754999519000,1.38036,1.38047,1.38036,1.38047,38460000,1
1754999520000,1754999579000,1.38046,1.38056,1.38046,1.38052,40350000,1
1754999580000,1754999639000,1.38052,1.38057,1.38052,1.38054,56400000,1
1754999640000,1754999699000,1.38053,1.38053,1.38031,1.38032,54120000,1
1754999700000,1754999759000,1.38033,1.38036,1.38022,1.38025,52650000,1
1754999760000,1754999819000,1.38024,1.38026,1.38011,1.38011,63690000,1
1754999820000,1754999879000,1.3801,1.38016,1.38005,1.38014,82710000,1
1754999880000,1754999939000,1.38016,1.3802,1.38007,1.38017,63000000,1
1754999940000,1754999999000,1.38016,1.38017,1.37975,1.37977,52200000,1
1755000000000,1755000059000,1.37976,1.38,1.37976,1.37995,107040000,1
1755000060000,1755000119000,1.37993,1.37993,1.37966,1.3797,140970000,1
1755000120000,1755000179000,1.3797,1.37978,1.37965,1.37968,53700000,1
1755000180000,1755000239000,1.37967,1.37967,1.37939,1.37958,82500000,1
1755000240000,1755000299000,1.37958,1.37961,1.3795,1.37954,56310000,1
1755000300000,1755000359000,1.37954,1.37969,1.37954,1.37968,56130000,1
1755000360000,1755000419000,1.37969,1.37974,1.37962,1.37974,84660000,1
1755000420000,1755000479000,1.37975,1.3798,1.37974,1.37979,52710000,1
1755000480000,1755000539000,1.37979,1.3798,1.37957,1.37957,117330000,1
1755000540000,1755000599000,1.37957,1.37981,1.37957,1.37975,108420000,1
1755000600000,1755000659000,1.37974,1.3798,1.37962,1.3798,96750000,1
1755000660000,1755000719000,1.3798,1.37984,1.37969,1.3798,91950000,1
1755000720000,1755000779000,1.37979,1.37982,1.37971,1.37972,83400000,1
1755000780000,1755000839000,1.37973,1.37977,1.37959,1.37969,83730000,1
1755000840000,1755000899000,1.3797,1.37982,1.37954,1.37982,76050000,1
1755000900000,1755000959000,1.37982,1.37992,1.3798,1.37988,67470000,1
1755000960000,1755001019000,1.37987,1.38002,1.37987,1.38001,45000000,1
1755001020000,1755001079000,1.38001,1.3801,1.38,1.3801,33900000,1
1755001080000,1755001139000,1.38009,1.38021,1.38009,1.38018,72720000,1
1755001140000,1755001199000,1.38019,1.38034,1.38018,1.38021,104100000,1
1755001200000,1755001259000,1.38023,1.38033,1.38016,1.38017,103560000,1
1755001260000,1755001319000,1.38017,1.3802,1.38011,1.38019,91060000,1
1755001320000,1755001379000,1.38017,1.38024,1.37998,1.38009,79800000,1
1755001380000,1755001439000,1.38007,1.3801,1.37998,1.38002,69930000,1
1755001440000,1755001499000,1.38002,1.38008,1.37997,1.38007,97680000,1
1755001500000,1755001559000,1.38009,1.38011,1.38008,1.38008,43050000,1
1755001560000,1755001619000,1.38008,1.38024,1.38007,1.38024,21000000,1
1755001620000,1755001679000,1.38024,1.38025,1.38007,1.38015,90000000,1
1755001680000,1755001739000,1.38014,1.38015,1.37998,1.38008,99380000,1
1755001740000,1755001799000,1.38008,1.38008,1.37991,1.37996,160800000,1
1755001800000,1755001859000,1.37982,1.37983,1.37643,1.37878,830820000,1
1755001860000,1755001919000,1.37877,1.37877,1.37801,1.37825,670050000,1
1755001920000,1755001979000,1.37824,1.37881,1.37817,1.37861,423120000,1
1755001980000,1755002039000,1.37862,1.37897,1.37842,1.37893,408120000,1
1755002040000,1755002099000,1.37893,1.37903,1.37829,1.37844,370860000,1
1755002100000,1755002159000,1.37846,1.37861,1.3782,1.37821,392640000,1
1755002160000,1755002219000,1.3782,1.37888,1.37819,1.37879,379170000,1
1755002220000,1755002279000,1.37881,1.37934,1.37865,1.37926,300960000,1
1755002280000,1755002339000,1.37925,1.37935,1.3786,1.37866,313710000,1
1755002340000,1755002399000,1.37868,1.37869,1.37817,1.37818,217560000,1
1755002400000,1755002459000,1.37822,1.37834,1.378,1.37818,296380000,1
1755002460000,1755002519000,1.37816,1.37816,1.37743,1.37759,362210000,1
1755002520000,1755002579000,1.37761,1.37797,1.37747,1.37748,287550000,1
1755002580000,1755002639000,1.37749,1.3779,1.37749,1.37778,214500000,1
1755002640000,1755002699000,1.37776,1.37778,1.37731,1.37778,327300000,1
1755002700000,1755002759000,1.37777,1.37807,1.37761,1.3778,343500000,1
1755002760000,1755002819000,1.37781,1.37815,1.37775,1.37812,222450000,1
1755002820000,1755002879000,1.37811,1.37812,1.37765,1.37772,288420000,1
1755002880000,1755002939000,1.37769,1.37802,1.37751,1.3778,255960000,1
1755002940000,1755002999000,1.37778,1.37782,1.37704,1.37704,246240000,1
1755003000000,1755003059000,1.37702,1.3777,1.37702,1.37765,302910000,1
1755003060000,1755003119000,1.37764,1.3778,1.37752,1.3777,271290000,1
1755003120000,1755003179000,1.3777,1.37795,1.3776,1.37782,211950000,1
1755003180000,1755003239000,1.37782,1.37823,1.37776,1.37821,265140000,1
1755003240000,1755003299000,1.37821,1.37822,1.37782,1.37799,258150000,1
1755003300000,1755003359000,1.37797,1.37797,1.37779,1.37781,231900000,1
1755003360000,1755003419000,1.37782,1.37824,1.37776,1.37821,182550000,1
1755003420000,1755003479000,1.37824,1.37839,1.37796,1.37799,228720000,1
1755003480000,1755003539000,1.378,1.37831,1.37794,1.37802,249750000,1
1755003540000,1755003599000,1.37801,1.37809,1.37785,1.37793,222990000,1
1755003600000,1755003659000,1.37797,1.37827,1.37791,1.37793,356010000,1
1755003660000,1755003719000,1.37791,1.3782,1.37785,1.37819,178920000,1
1755003720000,1755003779000,1.37818,1.37852,1.37817,1.37837,238050000,1
1755003780000,1755003839000,1.37837,1.37837,1.3781,1.37826,240690000,1
1755003840000,1755003899000,1.37828,1.37838,1.37817,1.37837,191160000,1
1755003900000,1755003959000,1.37839,1.37888,1.37839,1.3788,250560000,1
1755003960000,1755004019000,1.37882,1.37884,1.37868,1.37883,301230000,1
1755004020000,1755004079000,1.37882,1.37933,1.37875,1.37909,292050000,1
1755004080000,1755004139000,1.37909,1.37912,1.37866,1.37891,428670000,1
1755004140000,1755004199000,1.37891,1.37894,1.3784,1.37841,488220000,1
1755004200000,1755004259000,1.37842,1.37852,1.37831,1.37852,365970000,1
1755004260000,1755004319000,1.37852,1.37862,1.37841,1.37855,393480000,1
1755004320000,1755004379000,1.37856,1.37872,1.37844,1.37862,510630000,1
1755004380000,1755004439000,1.37862,1.37864,1.37832,1.37844,420270000,1
1755004440000,1755004499000,1.37844,1.37863,1.37834,1.37839,361770000,1
1755004500000,1755004559000,1.37841,1.37854,1.37834,1.37844,298080000,1
1755004560000,1755004619000,1.37844,1.37845,1.37798,1.378,384360000,1
1755004620000,1755004679000,1.378,1.37803,1.37784,1.37803,367170000,1
1755004680000,1755004739000,1.37801,1.37837,1.37799,1.37837,331080000,1
1755004740000,1755004799000,1.37837,1.37856,1.37837,1.37853,244740000,1
1755004800000,1755004859000,1.37854,1.37866,1.37843,1.37859,264870000,1
1755004860000,1755004919000,1.3786,1.37888,1.37851,1.37882,385920000,1
1755004920000,1755004979000,1.37882,1.37892,1.3787,1.37883,351360000,1
1755004980000,1755005039000,1.37883,1.37904,1.3788,1.37894,357750000,1
1755005040000,1755005099000,1.37894,1.37902,1.37883,1.37892,288270000,1
1755005100000,1755005159000,1.37893,1.37904,1.37882,1.3789,322380000,1
1755005160000,1755005219000,1.3789,1.37893,1.37855,1.37873,303510000,1
1755005220000,1755005279000,1.37872,1.37903,1.37872,1.37901,331860000,1
1755005280000,1755005339000,1.379,1.379,1.37865,1.37875,338130000,1
1755005340000,1755005399000,1.37874,1.37874,1.37864,1.37866,249480000,1
1755005400000,1755005459000,1.37866,1.37902,1.37866,1.37882,365490000,1
1755005460000,1755005519000,1.37882,1.37916,1.3787,1.37905,351390000,1
1755005520000,1755005579000,1.37906,1.37906,1.37864,1.37869,287010000,1
1755005580000,1755005639000,1.37869,1.37872,1.37841,1.37846,268140000,1
1755005640000,1755005699000,1.37845,1.3786,1.37828,1.3786,206070000,1
1755005700000,1755005759000,1.3786,1.37873,1.37844,1.37859,290910000,1
1755005760000,1755005819000,1.37856,1.37884,1.37856,1.37879,176160000,1
1755005820000,1755005879000,1.37879,1.3789,1.37874,1.37878,194640000,1
1755005880000,1755005939000,1.37878,1.37879,1.37864,1.37864,224400000,1
1755005940000,1755005999000,1.37862,1.3789,1.37858,1.37866,168450000,1
1755006000000,1755006059000,1.37865,1.37897,1.37855,1.37877,194250000,1
1755006060000,1755006119000,1.37876,1.37879,1.37856,1.37859,168600000,1
1755006120000,1755006179000,1.37859,1.37885,1.37855,1.37884,209700000,1
1755006180000,1755006239000,1.37884,1.37892,1.37866,1.37867,158490000,1
1755006240000,1755006299000,1.37869,1.37885,1.37737,1.3775,738690000,1
1755006300000,1755006359000,1.37752,1.37819,1.37719,1.37802,863260000,1
1755006360000,1755006419000,1.37801,1.37803,1.37775,1.37791,452730000,1
1755006420000,1755006479000,1.37788,1.37877,1.37784,1.37861,381660000,1
1755006480000,1755006539000,1.37861,1.3789,1.37824,1.37831,427620000,1
1755006540000,1755006599000,1.37831,1.37841,1.378,1.37812,400650000,1
1755006600000,1755006659000,1.37813,1.37862,1.37813,1.37848,386700000,1
1755006660000,1755006719000,1.37847,1.37862,1.37826,1.37844,301050000,1
1755006720000,1755006779000,1.37846,1.37865,1.37827,1.37847,323940000,1
1755006780000,1755006839000,1.37846,1.3785,1.37835,1.37843,338250000,1
1755006840000,1755006899000,1.37844,1.37856,1.3784,1.37845,343050000,1
1755006900000,1755006959000,1.37847,1.37851,1.37835,1.3784,320430000,1
1755006960000,1755007019000,1.37839,1.37866,1.37839,1.37848,325350000,1
1755007020000,1755007079000,1.37849,1.37854,1.37835,1.37847,283020000,1
1755007080000,1755007139000,1.37848,1.37876,1.37848,1.37874,388800000,1
1755007140000,1755007199000,1.37873,1.37874,1.37838,1.37846,542310000,1
1755007200000,1755007259000,1.37847,1.37847,1.37818,1.3782,538350000,1
1755007260000,1755007319000,1.37821,1.3783,1.37789,1.37789,337950000,1
1755007320000,1755007379000,1.37788,1.3779,1.37733,1.37742,493830000,1
1755007380000,1755007439000,1.37742,1.3775,1.37732,1.3775,334380000,1
1755007440000,1755007499000,1.3775,1.3775,1.37731,1.37732,286290000,1
1755007500000,1755007559000,1.37731,1.37736,1.37714,1.37717,223830000,1
1755007560000,1755007619000,1.37716,1.37744,1.37715,1.37724,204750000,1
1755007620000,1755007679000,1.37725,1.37748,1.37718,1.37738,284520000,1
1755007680000,1755007739000,1.37739,1.3774,1.37717,1.37729,271260000,1
1755007740000,1755007799000,1.37731,1.37748,1.37727,1.37738,140370000,1
1755007800000,1755007859000,1.37737,1.3775,1.37727,1.37728,158680000,1
1755007860000,1755007919000,1.37728,1.37747,1.37727,1.37736,236190000,1
1755007920000,1755007979000,1.37735,1.3775,1.37735,1.37744,209100000,1
1755007980000,1755008039000,1.37743,1.37749,1.37736,1.37746,250200000,1
1755008040000,1755008099000,1.37746,1.37752,1.37732,1.37744,240240000,1
1755008100000,1755008159000,1.37743,1.37771,1.37737,1.37769,200430000,1
1755008160000,1755008219000,1.3777,1.37777,1.37756,1.37756,212700000,1
1755008220000,1755008279000,1.37755,1.37763,1.3775,1.37754,152370000,1
1755008280000,1755008339000,1.37753,1.37764,1.37737,1.37745,178260000,1
1755008340000,1755008399000,1.37748,1.37768,1.37745,1.37745,157470000,1
1755008400000,1755008459000,1.37745,1.37768,1.37735,1.37768,138120000,1
1755008460000,1755008519000,1.37768,1.3777,1.3774,1.37743,153840000,1
1755008520000,1755008579000,1.37741,1.37762,1.37726,1.37755,125700000,1
1755008580000,1755008639000,1.37754,1.37755,1.37707,1.37717,157620000,1
1755008640000,1755008699000,1.37716,1.3772,1.37705,1.37718,122940000,1
1755008700000,1755008759000,1.37721,1.37736,1.37713,1.37725,135990000,1
1755008760000,1755008819000,1.37725,1.37736,1.37703,1.37712,163200000,1
1755008820000,1755008879000,1.37712,1.37735,1.37709,1.37726,174960000,1
1755008880000,1755008939000,1.37725,1.37764,1.37724,1.37763,157290000,1
1755008940000,1755008999000,1.37764,1.37773,1.37753,1.37765,123900000,1
1755009000000,1755009059000,1.37765,1.37793,1.37746,1.37765,193350000,1
1755009060000,1755009119000,1.37765,1.37783,1.37764,1.37773,187980000,1
1755009120000,1755009179000,1.37773,1.37778,1.37721,1.37725,206970000,1
1755009180000,1755009239000,1.37726,1.37758,1.37724,1.37742,222270000,1
1755009240000,1755009299000,1.37743,1.37753,1.37731,1.37731,165450000,1
1755009300000,1755009359000,1.37732,1.37747,1.3773,1.37742,196830000,1
1755009360000,1755009419000,1.37742,1.37745,1.37732,1.37744,164310000,1
1755009420000,1755009479000,1.37743,1.37784,1.37734,1.37784,159330000,1
1755009480000,1755009539000,1.37783,1.37791,1.37775,1.3779,108600000,1
1755009540000,1755009599000,1.37792,1.37801,1.37762,1.37765,147210000,1
1755009600000,1755009659000,1.37763,1.3778,1.37753,1.37771,203910000,1
1755009660000,1755009719000,1.3777,1.37777,1.37758,1.37764,93300000,1
1755009720000,1755009779000,1.37764,1.37766,1.37742,1.37755,139800000,1
1755009780000,1755009839000,1.37756,1.37756,1.37735,1.37754,121350000,1
1755009840000,1755009899000,1.37755,1.37763,1.37737,1.37744,103350000,1
1755009900000,1755009959000,1.37744,1.3776,1.37744,1.37755,123390000,1
1755009960000,1755010019000,1.37755,1.37791,1.37752,1.3779,108570000,1
1755010020000,1755010079000,1.37791,1.378,1.37764,1.37766,115050000,1
1755010080000,1755010139000,1.37765,1.37765,1.37743,1.37759,115020000,1
1755010140000,1755010199000,1.3776,1.37782,1.37756,1.37773,120030000,1
1755010200000,1755010259000,1.37774,1.37781,1.3777,1.37776,105990000,1
1755010260000,1755010319000,1.37775,1.37792,1.37773,1.37792,87570000,1
1755010320000,1755010379000,1.37791,1.37801,1.37772,1.37799,166320000,1
1755010380000,1755010439000,1.37799,1.378,1.3777,1.37773,179790000,1
1755010440000,1755010499000,1.37773,1.37791,1.37771,1.37787,128700000,1
1755010500000,1755010559000,1.37787,1.37787,1.37764,1.37765,237750000,1
1755010560000,1755010619000,1.37766,1.37787,1.37754,1.37761,273750000,1
1755010620000,1755010679000,1.37762,1.37768,1.37709,1.37712,363270000,1
1755010680000,1755010739000,1.37712,1.37733,1.37704,1.37715,190610000,1
1755010740000,1755010799000,1.37716,1.37722,1.37708,1.37713,197070000,1
1755010800000,1755010859000,1.37712,1.37724,1.37712,1.37715,225750000,1
1755010860000,1755010919000,1.37717,1.37726,1.37714,1.37721,215910000,1
1755010920000,1755010979000,1.37721,1.37722,1.3771,1.37718,262350000,1
1755010980000,1755011039000,1.37717,1.37723,1.37694,1.37699,177090000,1
1755011040000,1755011099000,1.37699,1.37708,1.37677,1.37705,221190000,1
1755011100000,1755011159000,1.37707,1.37707,1.37662,1.37684,425070000,1
1755011160000,1755011219000,1.37685,1.37685,1.37645,1.37647,270870000,1
1755011220000,1755011279000,1.37646,1.37668,1.37643,1.37668,272610000,1
1755011280000,1755011339000,1.37667,1.37671,1.37656,1.37657,227580000,1
1755011340000,1755011399000,1.37655,1.3766,1.37645,1.37659,403260000,1
1755011400000,1755011459000,1.3766,1.37665,1.37648,1.37655,186690000,1
1755011460000,1755011519000,1.37656,1.37658,1.37648,1.37657,137340000,1
1755011520000,1755011579000,1.37656,1.37662,1.37651,1.37651,79200000,1
1755011580000,1755011639000,1.37648,1.37666,1.37647,1.37665,82950000,1
1755011640000,1755011699000,1.37665,1.37687,1.37665,1.37681,64650000,1
1755011700000,1755011759000,1.37679,1.37679,1.37663,1.37674,105150000,1
1755011760000,1755011819000,1.37674,1.37677,1.37638,1.37641,188580000,1
1755011820000,1755011879000,1.37641,1.37646,1.37628,1.37634,170340000,1
1755011880000,1755011939000,1.37633,1.37637,1.37617,1.37619,196050000,1
1755011940000,1755011999000,1.3762,1.37636,1.37606,1.37622,157170000,1
1755012000000,1755012059000,1.37624,1.37632,1.37617,1.37631,104340000,1
1755012060000,1755012119000,1.3763,1.37648,1.3762,1.37623,157740000,1
1755012120000,1755012179000,1.37625,1.37628,1.37617,1.37623,115020000,1
1755012180000,1755012239000,1.37623,1.37631,1.37619,1.37628,150570000,1
1755012240000,1755012299000,1.37627,1.37632,1.37612,1.37615,78510000,1
1755012300000,1755012359000,1.37613,1.37627,1.37603,1.37604,72450000,1
1755012360000,1755012419000,1.37604,1.37604,1.37592,1.37592,249690000,1
1755012420000,1755012479000,1.37594,1.37594,1.37563,1.3757,287970000,1
1755012480000,1755012539000,1.3757,1.37585,1.37567,1.37569,234690000,1
1755012540000,1755012599000,1.37568,1.37569,1.37552,1.37563,157560000,1
1755012600000,1755012659000,1.37562,1.37562,1.37536,1.37556,204150000,1
1755012660000,1755012719000,1.37556,1.37585,1.37548,1.37583,191010000,1
1755012720000,1755012779000,1.37583,1.37602,1.37576,1.37601,153300000,1
1755012780000,1755012839000,1.37599,1.37622,1.37597,1.37618,148500000,1
1755012840000,1755012899000,1.37618,1.37621,1.37607,1.37607,112350000,1
1755012900000,1755012959000,1.37606,1.37607,1.37566,1.37571,199650000,1
1755012960000,1755013019000,1.37572,1.37585,1.37562,1.37579,205800000,1
1755013020000,1755013079000,1.37578,1.37582,1.37569,1.37578,150750000,1
1755013080000,1755013139000,1.37575,1.37591,1.37574,1.37583,159390000,1
1755013140000,1755013199000,1.37583,1.3759,1.37572,1.37572,147450000,1
1755013200000,1755013259000,1.37573,1.37578,1.37545,1.37547,182850000,1
1755013260000,1755013319000,1.37545,1.37562,1.37542,1.3756,125100000,1
1755013320000,1755013379000,1.37558,1.37558,1.37536,1.3754,135720000,1
1755013380000,1755013439000,1.37541,1.37557,1.37539,1.37556,201270000,1
1755013440000,1755013499000,1.37556,1.37562,1.37539,1.37556,237510000,1
1755013500000,1755013559000,1.37556,1.37575,1.37553,1.37569,191790000,1
1755013560000,1755013619000,1.37568,1.37569,1.37556,1.37564,98400000,1
1755013620000,1755013679000,1.37564,1.37564,1.37545,1.37548,93000000,1
1755013680000,1755013739000,1.37548,1.37577,1.3754,1.37577,128700000,1
1755013740000,1755013799000,1.37577,1.37612,1.37575,1.37612,146250000,1
1755013800000,1755013859000,1.37611,1.37613,1.3758,1.37585,135750000,1
1755013860000,1755013919000,1.37585,1.37586,1.37564,1.37576,96750000,1
1755013920000,1755013979000,1.37576,1.37611,1.37575,1.3761,120000000,1
1755013980000,1755014039000,1.37606,1.37625,1.37606,1.37625,190290000,1
1755014040000,1755014099000,1.37625,1.37631,1.37608,1.37608,146760000,1
1755014100000,1755014159000,1.3761,1.37613,1.37597,1.37605,116010000,1
1755014160000,1755014219000,1.37605,1.37618,1.37601,1.37603,127470000,1
1755014220000,1755014279000,1.37602,1.37632,1.37596,1.37632,192060000,1
1755014280000,1755014339000,1.37634,1.37635,1.37612,1.37631,212190000,1
1755014340000,1755014399000,1.37631,1.37645,1.37624,1.37635,173490000,1
1755014400000,1755014459000,1.37634,1.37647,1.37625,1.3764,200850000,1
1755014460000,1755014519000,1.3764,1.3765,1.37637,1.37639,186300000,1
1755014520000,1755014579000,1.37637,1.37651,1.37633,1.37645,162120000,1
1755014580000,1755014639000,1.37644,1.37645,1.37612,1.37612,151500000,1
1755014640000,1755014699000,1.37613,1.37651,1.37613,1.37648,144690000,1
1755014700000,1755014759000,1.37649,1.37652,1.37631,1.37636,110400000,1
1755014760000,1755014819000,1.37637,1.3766,1.37633,1.37645,144150000,1
1755014820000,1755014879000,1.37644,1.3765,1.37638,1.3764,102720000,1
1755014880000,1755014939000,1.3764,1.37656,1.37633,1.37647,110850000,1
1755014940000,1755014999000,1.37646,1.37657,1.37643,1.37651,110100000,1
1755015000000,1755015059000,1.3765,1.3766,1.37647,1.37658,103200000,1
1755015060000,1755015119000,1.37659,1.3767,1.37655,1.3767,86550000,1
1755015120000,1755015179000,1.37669,1.37679,1.37657,1.37672,97350000,1
1755015180000,1755015239000,1.37673,1.37682,1.37664,1.37669,74400000,1
1755015240000,1755015299000,1.37667,1.37679,1.37658,1.37678,74400000,1
1755015300000,1755015359000,1.37678,1.37681,1.37659,1.37659,92040000,1
1755015360000,1755015419000,1.37662,1.37681,1.37662,1.37679,69750000,1
1755015420000,1755015479000,1.3768,1.3768,1.37665,1.37668,105000000,1
1755015480000,1755015539000,1.37667,1.37667,1.37658,1.3766,71850000,1
1755015540000,1755015599000,1.37659,1.37669,1.37656,1.37656,85200000,1
1755015600000,1755015659000,1.37656,1.3766,1.37643,1.3765,103800000,1
1755015660000,1755015719000,1.37649,1.3765,1.3763,1.37633,92190000,1
1755015720000,1755015779000,1.37633,1.37633,1.37611,1.37612,87600000,1
1755015780000,1755015839000,1.37612,1.37621,1.37609,1.37613,94950000,1
1755015840000,1755015899000,1.37614,1.37615,1.37605,1.37608,73340000,1
1755015900000,1755015959000,1.37607,1.37623,1.37607,1.37614,77520000,1
1755015960000,1755016019000,1.37615,1.37615,1.37609,1.37611,56700000,1
1755016020000,1755016079000,1.37612,1.37613,1.37606,1.37607,44590000,1
1755016080000,1755016139000,1.37606,1.37606,1.37596,1.37597,49100000,1
1755016140000,1755016199000,1.376,1.37603,1.37596,1.37598,45450000,1
1755016200000,1755016259000,1.37597,1.37612,1.37594,1.37604,87900000,1
1755016260000,1755016319000,1.37605,1.37634,1.37603,1.37627,88950000,1
1755016320000,1755016379000,1.37627,1.37644,1.37624,1.37634,100200000,1
1755016380000,1755016439000,1.37634,1.37646,1.37628,1.37638,95850000,1
1755016440000,1755016499000,1.37638,1.37638,1.3761,1.37613,164100000,1
1755016500000,1755016559000,1.37613,1.37616,1.37603,1.37614,101400000,1
1755016560000,1755016619000,1.37614,1.37624,1.37612,1.3762,83100000,1
1755016620000,1755016679000,1.37618,1.37618,1.37604,1.37607,48600000,1
1755016680000,1755016739000,1.37605,1.37606,1.37587,1.37588,73950000,1
1755016740000,1755016799000,1.37587,1.3759,1.37577,1.37581,74490000,1
1755016800000,1755016859000,1.37578,1.37582,1.37567,1.37574,73470000,1
1755016860000,1755016919000,1.37576,1.37595,1.37574,1.37587,80100000,1
1755016920000,1755016979000,1.37585,1.37586,1.37577,1.37582,93600000,1
1755016980000,1755017039000,1.37583,1.37589,1.37577,1.37586,89400000,1
1755017040000,1755017099000,1.37585,1.37597,1.37585,1.37589,90000000,1
1755017100000,1755017159000,1.37588,1.37603,1.37587,1.37589,130050000,1
1755017160000,1755017219000,1.37588,1.37594,1.37584,1.37594,78300000,1
1755017220000,1755017279000,1.37593,1.37595,1.37581,1.37581,92100000,1
1755017280000,1755017339000,1.37579,1.37585,1.37575,1.37577,89700000,1
1755017340000,1755017399000,1.37576,1.37599,1.37576,1.37596,130800000,1
1755017400000,1755017459000,1.37596,1.376,1.37591,1.37591,90600000,1
1755017460000,1755017519000,1.37588,1.37606,1.37588,1.37599,123600000,1
1755017520000,1755017579000,1.37597,1.376,1.37594,1.37598,47400000,1
1755017580000,1755017639000,1.37598,1.37599,1.37589,1.37589,63300000,1
1755017640000,1755017699000,1.37589,1.37605,1.37588,1.37597,85350000,1
1755017700000,1755017759000,1.37597,1.37599,1.37591,1.37591,67350000,1
1755017760000,1755017819000,1.37594,1.37598,1.37591,1.37595,86700000,1
1755017820000,1755017879000,1.37597,1.37607,1.37594,1.37603,70050000,1
1755017880000,1755017939000,1.37605,1.37615,1.37604,1.37615,78150000,1
1755017940000,1755017999000,1.37615,1.37618,1.37608,1.37618,118800000,1
1755018000000,1755018059000,1.37619,1.37655,1.37617,1.37631,319770000,1
1755018060000,1755018119000,1.37633,1.37662,1.37633,1.37653,163800000,1
1755018120000,1755018179000,1.37655,1.37673,1.37651,1.37673,100890000,1
1755018180000,1755018239000,1.37672,1.3769,1.37667,1.37683,110970000,1
1755018240000,1755018299000,1.37681,1.3769,1.37673,1.37683,114900000,1
1755018300000,1755018359000,1.37683,1.37691,1.37676,1.37683,137100000,1
1755018360000,1755018419000,1.37683,1.37709,1.37679,1.37707,143400000,1
1755018420000,1755018479000,1.37707,1.37707,1.37687,1.37689,76800000,1
1755018480000,1755018539000,1.37687,1.377,1.37674,1.37688,133140000,1
1755018540000,1755018599000,1.37691,1.37703,1.3769,1.3769,107220000,1
1755018600000,1755018659000,1.37693,1.37699,1.3769,1.37696,85440000,1
1755018660000,1755018719000,1.37695,1.37701,1.37692,1.37694,79410000,1
1755018720000,1755018779000,1.37695,1.37697,1.37677,1.37683,116010000,1
1755018780000,1755018839000,1.37686,1.37686,1.37673,1.37678,107400000,1
1755018840000,1755018899000,1.37678,1.37691,1.37663,1.37663,107910000,1
1755018900000,1755018959000,1.37665,1.37677,1.37651,1.37663,134370000,1
1755018960000,1755019019000,1.37665,1.37674,1.37655,1.37662,109200000,1
1755019020000,1755019079000,1.3766,1.37678,1.37657,1.37678,69510000,1
1755019080000,1755019139000,1.37677,1.37703,1.37677,1.377,109050000,1
1755019140000,1755019199000,1.377,1.37702,1.37693,1.37697,82500000,1
1755019200000,1755019259000,1.37698,1.37701,1.37689,1.37701,88200000,1
1755019260000,1755019319000,1.37699,1.37699,1.37678,1.37684,115350000,1
1755019320000,1755019379000,1.37684,1.37697,1.37679,1.37696,114600000,1
1755019380000,1755019439000,1.377,1.37732,1.377,1.37725,121200000,1
1755019440000,1755019499000,1.37725,1.37734,1.37715,1.37715,73500000,1
1755019500000,1755019559000,1.37714,1.37714,1.37704,1.37708,58800000,1
1755019560000,1755019619000,1.37706,1.37721,1.37704,1.37718,118800000,1
1755019620000,1755019679000,1.3772,1.37722,1.37713,1.37717,82800000,1
1755019680000,1755019739000,1.37716,1.3772,1.37705,1.37708,73800000,1
1755019740000,1755019799000,1.37707,1.37717,1.37705,1.37713,58200000,1
1755019800000,1755019859000,1.37713,1.37713,1.37703,1.37706,44400000,1
1755019860000,1755019919000,1.37703,1.37703,1.37696,1.377,94800000,1
1755019920000,1755019979000,1.37699,1.37702,1.37698,1.37701,53400000,1
1755019980000,1755020039000,1.37702,1.37703,1.37679,1.37681,82650000,1
1755020040000,1755020099000,1.3768,1.37708,1.3768,1.37702,85320000,1
1755020100000,1755020159000,1.37701,1.37703,1.37693,1.37696,58200000,1
1755020160000,1755020219000,1.37696,1.3771,1.37692,1.37704,83400000,1
1755020220000,1755020279000,1.37704,1.37711,1.37698,1.37708,68550000,1
1755020280000,1755020339000,1.37705,1.3771,1.37698,1.37698,73800000,1
1755020340000,1755020399000,1.37695,1.37699,1.37683,1.3769,87600000,1
1755020400000,1755020459000,1.37692,1.37692,1.37679,1.37684,70890000,1
1755020460000,1755020519000,1.37685,1.3769,1.37683,1.37689,84090000,1
1755020520000,1755020579000,1.37688,1.37691,1.37674,1.37678,78600000,1
1755020580000,1755020639000,1.37677,1.37683,1.37671,1.37673,63000000,1
1755020640000,1755020699000,1.37674,1.37675,1.3766,1.37664,73200000,1
1755020700000,1755020759000,1.37666,1.37666,1.37653,1.37654,60150000,1
1755020760000,1755020819000,1.37653,1.37655,1.3765,1.3765,53100000,1
1755020820000,1755020879000,1.37652,1.37655,1.37651,1.37653,18600000,1
1755020880000,1755020939000,1.37654,1.37664,1.37653,1.37663,78300000,1
1755020940000,1755020999000,1.3766,1.37673,1.3766,1.37669,67800000,1
1755021000000,1755021059000,1.37671,1.37672,1.37647,1.37655,84000000,1
1755021060000,1755021119000,1.37654,1.37656,1.37649,1.37654,41040000,1
1755021120000,1755021179000,1.37656,1.37674,1.37656,1.37673,42480000,1
1755021180000,1755021239000,1.37674,1.37684,1.37662,1.37663,109680000,1
1755021240000,1755021299000,1.37667,1.37685,1.37663,1.37684,87510000,1
1755021300000,1755021359000,1.37685,1.37686,1.37681,1.37685,53700000,1
1755021360000,1755021419000,1.37683,1.37692,1.37682,1.37687,72510000,1
1755021420000,1755021479000,1.37688,1.3769,1.37681,1.37681,31200000,1
1755021480000,1755021539000,1.3768,1.3769,1.37676,1.37685,70350000,1
1755021540000,1755021599000,1.37685,1.37685,1.37681,1.37683,49200000,1
1755021600000,1755021659000,1.3768,1.37692,1.3768,1.37691,76920000,1
1755021660000,1755021719000,1.37689,1.37693,1.37682,1.37682,60600000,1
1755021720000,1755021779000,1.37681,1.37684,1.37671,1.37671,109200000,1
1755021780000,1755021839000,1.37673,1.37673,1.37662,1.37663,49800000,1
1755021840000,1755021899000,1.37663,1.37663,1.37653,1.37653,92550000,1
1755021900000,1755021959000,1.37653,1.37653,1.37643,1.37649,87000000,1
1755021960000,1755022019000,1.3765,1.37651,1.37645,1.37651,31320000,1
1755022020000,1755022079000,1.37652,1.37665,1.37652,1.37662,61650000,1
1755022080000,1755022139000,1.37662,1.37677,1.37662,1.37672,64350000,1
1755022140000,1755022199000,1.3767,1.37673,1.37664,1.37673,47970000,1
1755022200000,1755022259000,1.37672,1.37682,1.37671,1.37682,97440000,1
1755022260000,1755022319000,1.37681,1.37684,1.3768,1.37681,30270000,1
1755022320000,1755022379000,1.37682,1.37683,1.37674,1.37674,32400000,1
1755022380000,1755022439000,1.37675,1.37684,1.37673,1.37682,56400000,1
1755022440000,1755022499000,1.37683,1.37691,1.37682,1.3769,53400000,1
1755022500000,1755022559000,1.37688,1.3769,1.3768,1.37681,50400000,1
1755022560000,1755022619000,1.37682,1.37684,1.3767,1.37676,110700000,1
1755022620000,1755022679000,1.37676,1.3769,1.37675,1.37688,59700000,1
1755022680000,1755022739000,1.37687,1.37694,1.37687,1.37694,43200000,1
1755022740000,1755022799000,1.37695,1.37703,1.37693,1.37702,32400000,1
1755022800000,1755022859000,1.37702,1.37707,1.37698,1.37702,55350000,1
1755022860000,1755022919000,1.37707,1.37712,1.37702,1.3771,77490000,1
1755022920000,1755022979000,1.37711,1.3772,1.37711,1.37719,66600000,1
1755022980000,1755023039000,1.37717,1.37731,1.37717,1.37728,54120000,1
1755023040000,1755023099000,1.37728,1.37747,1.37723,1.3774,94950000,1
1755023100000,1755023159000,1.3774,1.37745,1.37736,1.37741,58170000,1
1755023160000,1755023219000,1.37741,1.37741,1.3773,1.3773,38400000,1
1755023220000,1755023279000,1.37732,1.37751,1.37729,1.3775,57000000,1
1755023280000,1755023339000,1.3775,1.37759,1.37748,1.37758,58800000,1
1755023340000,1755023399000,1.37758,1.37768,1.37748,1.37752,127500000,1
1755023400000,1755023459000,1.37753,1.37767,1.37747,1.37747,124950000,1
1755023460000,1755023519000,1.37749,1.37766,1.37748,1.37766,78150000,1
1755023520000,1755023579000,1.37766,1.37768,1.37746,1.37748,64620000,1
1755023580000,1755023639000,1.37749,1.3775,1.37747,1.37749,49200000,1
1755023640000,1755023699000,1.37748,1.3775,1.37746,1.37749,30000000,1
1755023700000,1755023759000,1.37749,1.3776,1.37748,1.37758,72600000,1
1755023760000,1755023819000,1.37759,1.37769,1.37757,1.37766,87000000,1
1755023820000,1755023879000,1.37766,1.37784,1.37766,1.37779,72000000,1
1755023880000,1755023939000,1.37779,1.37779,1.37764,1.37767,57600000,1
1755023940000,1755023999000,1.37766,1.3777,1.3776,1.37767,81000000,1
1755024000000,1755024059000,1.37766,1.37779,1.37766,1.37776,44400000,1
1755024060000,1755024119000,1.37779,1.37783,1.37776,1.37778,61500000,1
1755024120000,1755024179000,1.37778,1.37782,1.3777,1.3778,67650000,1
1755024180000,1755024239000,1.3778,1.37784,1.37775,1.37778,51600000,1
1755024240000,1755024299000,1.37776,1.37781,1.37774,1.37779,58500000,1
1755024300000,1755024359000,1.37781,1.37786,1.37769,1.37784,45600000,1
1755024360000,1755024419000,1.37782,1.37786,1.37777,1.37785,68400000,1
1755024420000,1755024479000,1.37785,1.37788,1.37779,1.37788,54450000,1
1755024480000,1755024539000,1.37789,1.37795,1.37785,1.37794,63600000,1
1755024540000,1755024599000,1.37793,1.37793,1.37786,1.37786,45150000,1
1755024600000,1755024659000,1.37785,1.37789,1.37781,1.37786,57000000,1
1755024660000,1755024719000,1.37787,1.37788,1.37785,1.37785,24000000,1
1755024720000,1755024779000,1.37786,1.37786,1.37768,1.37773,44850000,1
1755024780000,1755024839000,1.37772,1.37773,1.37764,1.37764,46800000,1
1755024840000,1755024899000,1.37764,1.37767,1.37758,1.37761,42450000,1
1755024900000,1755024959000,1.37761,1.37765,1.3775,1.37757,81000000,1
1755024960000,1755025019000,1.37759,1.37769,1.37756,1.37765,38670000,1
1755025020000,1755025079000,1.37765,1.37773,1.3775,1.37753,106350000,1
1755025080000,1755025139000,1.37753,1.37777,1.3775,1.37774,136800000,1
1755025140000,1755025199000,1.37775,1.37781,1.3777,1.37772,192300000,1
1755025200000,1755025259000,1.3777,1.3778,1.37766,1.37779,228930000,1
1755025260000,1755025319000,1.3778,1.3779,1.37778,1.37789,156750000,1
1755025320000,1755025379000,1.3779,1.3779,1.37772,1.37774,84450000,1
1755025380000,1755025439000,1.37773,1.37775,1.37772,1.37775,35250000,1
1755025440000,1755025499000,1.37774,1.37774,1.37768,1.37774,63150000,1
1755025500000,1755025559000,1.37778,1.37793,1.37778,1.37792,77700000,1
1755025560000,1755025619000,1.37793,1.37797,1.3779,1.37794,105750000,1
1755025620000,1755025679000,1.37793,1.37813,1.37793,1.37811,62400000,1
1755025680000,1755025739000,1.37812,1.37815,1.37797,1.37797,77100000,1
1755025740000,1755025799000,1.37797,1.37827,1.37797,1.37826,116370000,1
1755025800000,1755025859000,1.37826,1.37826,1.37821,1.37821,62100000,1
1755025860000,1755025919000,1.37821,1.37832,1.37821,1.37832,61200000,1
1755025920000,1755025979000,1.37831,1.37832,1.37822,1.37823,103950000,1
1755025980000,1755026039000,1.37823,1.37824,1.37817,1.37817,76800000,1
1755026040000,1755026099000,1.37818,1.37827,1.37817,1.37825,67350000,1
1755026100000,1755026159000,1.37825,1.37839,1.37821,1.37839,87900000,1
1755026160000,1755026219000,1.3784,1.3784,1.37838,1.37838,33750000,1
1755026220000,1755026279000,1.37839,1.3784,1.37829,1.37829,67950000,1
1755026280000,1755026339000,1.37829,1.37829,1.37805,1.37806,67500000,1
1755026340000,1755026399000,1.37805,1.37819,1.37803,1.37811,115470000,1
1755026400000,1755026459000,1.37811,1.37813,1.37811,1.37812,42630000,1
1755026460000,1755026519000,1.3781,1.37813,1.37809,1.37812,32070000,1
1755026520000,1755026579000,1.37812,1.37817,1.37809,1.37809,57780000,1
1755026580000,1755026639000,1.37807,1.37807,1.37798,1.37799,53100000,1
1755026640000,1755026699000,1.37798,1.378,1.37789,1.37791,115170000,1
1755026700000,1755026759000,1.37791,1.37799,1.37787,1.37795,122040000,1
1755026760000,1755026819000,1.37795,1.37799,1.37791,1.37792,108000000,1
1755026820000,1755026879000,1.37791,1.37792,1.37779,1.37779,109020000,1
1755026880000,1755026939000,1.37779,1.3778,1.37764,1.37771,160410000,1
1755026940000,1755026999000,1.37771,1.37781,1.37761,1.37761,90840000,1
1755027000000,1755027059000,1.37763,1.3777,1.37763,1.37769,64620000,1
1755027060000,1755027119000,1.3777,1.37771,1.37761,1.37767,57630000,1
1755027120000,1755027179000,1.37767,1.3777,1.37754,1.37754,40410000,1
1755027180000,1755027239000,1.37755,1.37759,1.37754,1.37755,28350000,1
1755027240000,1755027299000,1.37754,1.37755,1.37748,1.37749,49500000,1
1755027300000,1755027359000,1.37749,1.37757,1.37743,1.37755,67800000,1
1755027360000,1755027419000,1.37754,1.37754,1.37747,1.37751,58800000,1
1755027420000,1755027479000,1.3775,1.37759,1.37749,1.37751,47850000,1
1755027480000,1755027539000,1.3775,1.37754,1.3775,1.3775,44190000,1
1755027540000,1755027599000,1.37751,1.37773,1.3775,1.37772,115920000,1
1755027600000,1755027659000,1.37773,1.37785,1.37772,1.37784,51660000,1
1755027660000,1755027719000,1.37785,1.37788,1.37782,1.37783,40260000,1
1755027720000,1755027779000,1.37783,1.37787,1.37782,1.37783,40410000,1
1755027780000,1755027839000,1.37784,1.37784,1.37782,1.37782,4470000,1
1755027840000,1755027899000,1.37782,1.37784,1.37781,1.37782,48630000,1
1755027900000,1755027959000,1.37784,1.37788,1.37772,1.37773,90000000,1
1755027960000,1755028019000,1.37774,1.37798,1.37773,1.37797,44700000,1
1755028020000,1755028079000,1.37796,1.37796,1.3779,1.37793,41850000,1
1755028080000,1755028139000,1.37788,1.37789,1.37782,1.37786,50670000,1
1755028140000,1755028199000,1.37785,1.37785,1.37768,1.37768,72030000,1
1755028200000,1755028259000,1.37771,1.37774,1.37762,1.37765,101820000,1
1755028260000,1755028319000,1.37766,1.37766,1.37754,1.37755,59100000,1
1755028320000,1755028379000,1.37756,1.37759,1.37755,1.37759,45000000,1
1755028380000,1755028439000,1.3776,1.3776,1.37755,1.37759,38190000,1
1755028440000,1755028499000,1.37759,1.37769,1.37756,1.37769,60180000,1
1755028500000,1755028559000,1.37769,1.37771,1.37756,1.37756,116340000,1
1755028560000,1755028619000,1.37756,1.3776,1.37753,1.37759,71550000,1
1755028620000,1755028679000,1.3776,1.37761,1.37753,1.37759,75180000,1
1755028680000,1755028739000,1.37757,1.37759,1.3775,1.37754,71730000,1
1755028740000,1755028799000,1.37755,1.37779,1.37755,1.37767,110130000,1
1755028800000,1755028859000,1.37768,1.37769,1.37765,1.37768,34290000,1
1755028860000,1755028919000,1.37769,1.3779,1.37769,1.37786,82080000,1
1755028920000,1755028979000,1.37788,1.37791,1.37786,1.37788,55260000,1
1755028980000,1755029039000,1.3779,1.37791,1.37776,1.3778,29400000,1
1755029040000,1755029099000,1.37778,1.37779,1.37778,1.37779,6000000,1
1755029100000,1755029159000,1.37778,1.37778,1.3777,1.3777,32850000,1
1755029160000,1755029219000,1.37769,1.37769,1.37764,1.37765,36300000,1
1755029220000,1755029279000,1.37765,1.37768,1.37763,1.37768,30300000,1
1755029280000,1755029339000,1.37767,1.37768,1.37763,1.37763,30000000,1
1755029340000,1755029399000,1.37764,1.37764,1.3776,1.37761,15600000,1
1755029400000,1755029459000,1.37761,1.37764,1.3776,1.37764,27300000,1
1755029460000,1755029519000,1.37764,1.37766,1.37764,1.37764,9150000,1
1755029520000,1755029579000,1.37765,1.37765,1.37757,1.37761,24450000,1
1755029580000,1755029639000,1.3776,1.37765,1.37751,1.37758,28050000,1
1755029640000,1755029699000,1.37758,1.37772,1.37752,1.37772,22200000,1
1755029700000,1755029759000,1.37772,1.37781,1.37772,1.37781,26940000,1
1755029760000,1755029819000,1.37779,1.37779,1.37745,1.37745,60390000,1
1755029820000,1755029879000,1.37745,1.3775,1.37745,1.3775,8280000,1
1755029880000,1755029939000,1.37751,1.37758,1.37751,1.37756,48600000,1
1755029940000,1755029999000,1.37756,1.37787,1.37756,1.37785,45240000,1
1755030000000,1755030059000,1.37784,1.37784,1.37782,1.37784,25050000,1
1755030060000,1755030119000,1.37785,1.37786,1.37785,1.37785,14400000,1
1755030120000,1755030179000,1.37784,1.37784,1.37762,1.37762,133800000,1
1755030180000,1755030239000,1.37762,1.37762,1.3776,1.37761,24600000,1
1755030240000,1755030299000,1.37761,1.37769,1.37761,1.37768,60900000,1
1755030300000,1755030359000,1.3777,1.37775,1.37769,1.3777,16800000,1
1755030360000,1755030419000,1.37771,1.37775,1.3777,1.37775,34050000,1
1755030420000,1755030479000,1.37775,1.37775,1.37768,1.37768,35100000,1
1755030480000,1755030539000,1.37768,1.3777,1.37768,1.37768,21000000,1
1755030540000,1755030599000,1.37768,1.37769,1.37767,1.37769,24600000,1
1755030600000,1755030659000,1.37768,1.37772,1.37768,1.37772,7350000,1
1755030660000,1755030719000,1.37769,1.37771,1.37768,1.37768,6390000,1
1755030720000,1755030779000,1.37769,1.3777,1.37768,1.3777,29010000,1
1755030780000,1755030839000,1.3777,1.37778,1.37769,1.37769,61560000,1
1755030840000,1755030899000,1.37772,1.37786,1.3777,1.37781,49350000,1
1755030900000,1755030959000,1.37776,1.37782,1.37768,1.3777,122400000,1
1755030960000,1755031019000,1.37769,1.3777,1.37769,1.37769,43950000,1
1755031020000,1755031079000,1.37769,1.3778,1.37769,1.37778,39450000,1
1755031080000,1755031139000,1.37778,1.37778,1.37769,1.37771,49650000,1
1755031140000,1755031199000,1.37771,1.37772,1.37768,1.37768,72900000,1
1755031200000,1755031259000,1.37773,1.37783,1.37773,1.37775,39900000,1
1755031260000,1755031319000,1.37774,1.37774,1.37768,1.3777,36630000,1
1755031320000,1755031379000,1.3777,1.3777,1.37769,1.3777,11100000,1
1755031380000,1755031439000,1.37769,1.3777,1.3776,1.37768,24540000,1
1755031440000,1755031499000,1.37766,1.37766,1.37751,1.37752,68250000,1
1755031500000,1755031559000,1.37752,1.37753,1.37747,1.37749,55500000,1
1755031560000,1755031619000,1.37751,1.37752,1.37742,1.37743,31350000,1
1755031620000,1755031679000,1.37744,1.3775,1.37744,1.37748,15270000,1
1755031680000,1755031739000,1.37747,1.37747,1.37738,1.37741,14760000,1
1755031740000,1755031799000,1.3774,1.37741,1.37735,1.37735,8190000,1
1755031800000,1755031859000,1.37734,1.37744,1.37733,1.37739,75990000,1
1755031860000,1755031919000,1.3774,1.37742,1.37738,1.37738,52110000,1
1755031920000,1755031979000,1.37736,1.37737,1.37736,1.37736,4560000,1
1755031980000,1755032039000,1.37737,1.37743,1.37736,1.37736,15690000,1
1755032040000,1755032099000,1.37736,1.37736,1.37728,1.37732,22860000,1
1755032100000,1755032159000,1.37733,1.37737,1.37726,1.37727,70080000,1
1755032160000,1755032219000,1.37729,1.37729,1.37718,1.37718,82050000,1
1755032220000,1755032279000,1.37718,1.37719,1.37708,1.37708,188700000,1
1755032280000,1755032339000,1.37711,1.37717,1.37708,1.37709,123300000,1
1755032340000,1755032399000,1.37713,1.37718,1.37709,1.37714,28800000,1
1755032400000,1755032459000,1.37711,1.37711,1.37664,1.37669,3600000,1
1755032460000,1755032519000,1.3767,1.37703,1.3767,1.37703,1350000,1
1755032520000,1755032579000,1.37704,1.37704,1.37704,1.37704,450000,1
1755032580000,1755032639000,1.37704,1.37704,1.37704,1.37704,0,1
1755032640000,1755032699000,1.37656,1.37656,1.37656,1.37656,1200000,1
1755032700000,1755032759000,1.37636,1.37704,1.37636,1.37699,5100000,1
1755032760000,1755032819000,1.37699,1.37704,1.37699,1.37704,8400000,1
1755032820000,1755032879000,1.37675,1.37675,1.37675,1.37675,1500000,1
1755032880000,1755032939000,1.3768,1.37704,1.37665,1.37703,191550000,1
1755032940000,1755032999000,1.37703,1.37704,1.37701,1.37704,133200000,1
1755033000000,1755033059000,1.37704,1.37704,1.37704,1.37704,0,1
1755033060000,1755033119000,1.37696,1.37698,1.37696,1.37698,3600000,1
1755033120000,1755033179000,1.37698,1.37701,1.37698,1.377,6000000,1
1755033180000,1755033239000,1.377,1.37701,1.37696,1.37701,15000000,1
1755033240000,1755033299000,1.377,1.377,1.37698,1.37698,2400000,1
1755033300000,1755033359000,1.37699,1.377,1.37699,1.377,2400000,1
1755033360000,1755033419000,1.37697,1.3772,1.37697,1.37716,17400000,1
1755033420000,1755033479000,1.37716,1.37725,1.37698,1.37719,42900000,1
1755033480000,1755033539000,1.37718,1.37722,1.37714,1.37715,15600000,1
1755033540000,1755033599000,1.37719,1.3772,1.37713,1.37716,46650000,1
1755033600000,1755033659000,1.37716,1.37723,1.37713,1.37721,33600000,1
1755033660000,1755033719000,1.37722,1.37722,1.37703,1.37716,45900000,1
1755033720000,1755033779000,1.37715,1.37716,1.37709,1.37713,24600000,1
1755033780000,1755033839000,1.37712,1.37712,1.37693,1.37695,40350000,1
1755033840000,1755033899000,1.37694,1.37703,1.37693,1.37694,60600000,1
1755033900000,1755033959000,1.37693,1.37704,1.37693,1.37701,35400000,1
1755033960000,1755034019000,1.37703,1.37704,1.37701,1.37701,38400000,1
1755034020000,1755034079000,1.37701,1.37704,1.37699,1.37702,57000000,1
1755034080000,1755034139000,1.37699,1.37704,1.37699,1.37703,8400000,1
1755034140000,1755034199000,1.37701,1.37703,1.37696,1.37696,7200000,1
1755034200000,1755034259000,1.37699,1.37706,1.37699,1.37705,29700000,1
1755034260000,1755034319000,1.37702,1.37708,1.37702,1.37707,35700000,1
1755034320000,1755034379000,1.37707,1.37709,1.37703,1.37705,28200000,1
1755034380000,1755034439000,1.37707,1.37707,1.37702,1.37704,17400000,1
1755034440000,1755034499000,1.37704,1.37707,1.377,1.37707,14100000,1
1755034500000,1755034559000,1.37708,1.37708,1.37707,1.37707,4800000,1
1755034560000,1755034619000,1.37708,1.37709,1.37699,1.37704,13800000,1
1755034620000,1755034679000,1.37703,1.37706,1.37703,1.37706,12150000,1
1755034680000,1755034739000,1.37705,1.37705,1.37704,1.37705,4800000,1
1755034740000,1755034799000,1.37705,1.37708,1.37704,1.37708,14700000,1
1755034800000,1755034859000,1.37703,1.37709,1.37702,1.37707,21300000,1
1755034860000,1755034919000,1.37706,1.37709,1.37703,1.37705,33450000,1
1755034920000,1755034979000,1.37705,1.37706,1.37704,1.37705,16950000,1
1755034980000,1755035039000,1.37705,1.37713,1.37705,1.37712,32250000,1
1755035040000,1755035099000,1.37711,1.37712,1.3771,1.37711,22800000,1
1755035100000,1755035159000,1.37711,1.37711,1.37705,1.37707,35550000,1
1755035160000,1755035219000,1.37708,1.3771,1.37707,1.37708,8400000,1
1755035220000,1755035279000,1.37709,1.3771,1.37708,1.37708,8850000,1
1755035280000,1755035339000,1.37709,1.3771,1.37707,1.37708,17550000,1
1755035340000,1755035399000,1.37707,1.37708,1.37706,1.37708,14100000,1
1755035400000,1755035459000,1.37706,1.37707,1.37705,1.37705,5400000,1
1755035460000,1755035519000,1.37706,1.37706,1.37704,1.37704,9150000,1
1755035520000,1755035579000,1.37704,1.37709,1.37704,1.37705,50850000,1
1755035580000,1755035639000,1.37707,1.37708,1.37705,1.37708,10650000,1
1755035640000,1755035699000,1.37707,1.37707,1.37707,1.37707,1800000,1
1755035700000,1755035759000,1.37707,1.37709,1.37702,1.37706,20700000,1
1755035760000,1755035819000,1.37707,1.37707,1.37706,1.37707,16200000,1
1755035820000,1755035879000,1.37707,1.37717,1.37706,1.37717,27750000,1
1755035880000,1755035939000,1.37716,1.37716,1.37715,1.37716,4800000,1
1755035940000,1755035999000,1.37715,1.3772,1.37711,1.37718,14850000,1
1755036000000,1755036059000,1.37718,1.37741,1.37708,1.37711,69750000,1
1755036060000,1755036119000,1.37712,1.37715,1.37711,1.37711,4950000,1
1755036120000,1755036179000,1.37711,1.37743,1.37711,1.37734,17550000,1
1755036180000,1755036239000,1.37731,1.37731,1.37723,1.37723,4500000,1
1755036240000,1755036299000,1.37723,1.37723,1.37723,1.37723,2700000,1
1755036300000,1755036359000,1.37723,1.37729,1.37723,1.37725,20850000,1
1755036360000,1755036419000,1.37725,1.37725,1.37725,1.37725,3300000,1
1755036420000,1755036479000,1.37725,1.37725,1.37725,1.37725,8700000,1
1755036480000,1755036539000,1.37726,1.37726,1.37725,1.37726,9750000,1
1755036540000,1755036599000,1.37726,1.37728,1.37725,1.37727,24300000,1
1755036600000,1755036659000,1.37726,1.37729,1.37725,1.37726,29700000,1
1755036660000,1755036719000,1.37725,1.37728,1.37724,1.37725,92700000,1
1755036720000,1755036779000,1.37725,1.37726,1.37725,1.37725,25350000,1
1755036780000,1755036839000,1.37725,1.37725,1.37725,1.37725,3600000,1
1755036840000,1755036899000,1.37726,1.37731,1.37723,1.3773,30000000,1
1755036900000,1755036959000,1.3773,1.37731,1.37723,1.37723,38700000,1
1755036960000,1755037019000,1.37724,1.37724,1.37721,1.37721,109350000,1
1755037020000,1755037079000,1.37722,1.37722,1.3771,1.37713,195000000,1
1755037080000,1755037139000,1.37713,1.37713,1.37711,1.37713,28050000,1
1755037140000,1755037199000,1.37713,1.37714,1.37708,1.37712,57150000,1
1755037200000,1755037259000,1.37713,1.37714,1.37713,1.37714,3600000,1
1755037260000,1755037319000,1.37713,1.37714,1.37712,1.37712,17100000,1
1755037320000,1755037379000,1.37712,1.37722,1.37712,1.37721,55200000,1
1755037380000,1755037439000,1.37721,1.37722,1.37714,1.37714,40050000,1
1755037440000,1755037499000,1.37714,1.37715,1.37712,1.37713,36300000,1
1755037500000,1755037559000,1.37713,1.37713,1.37713,1.37713,3600000,1
1755037560000,1755037619000,1.37721,1.37722,1.37714,1.37715,73500000,1
1755037620000,1755037679000,1.37714,1.37714,1.37713,1.37714,5250000,1
1755037680000,1755037739000,1.37714,1.37714,1.37713,1.37713,5700000,1
1755037740000,1755037799000,1.37713,1.37713,1.37706,1.37706,31950000,1
1755037800000,1755037859000,1.37707,1.37707,1.37704,1.37705,19500000,1
1755037860000,1755037919000,1.37705,1.37705,1.37703,1.37704,20760000,1
1755037920000,1755037979000,1.37705,1.37707,1.37703,1.37707,27900000,1
1755037980000,1755038039000,1.37708,1.37712,1.37707,1.37712,21750000,1
1755038040000,1755038099000,1.37713,1.37719,1.37713,1.37719,15840000,1
1755038100000,1755038159000,1.37719,1.37722,1.37715,1.37715,21390000,1
1755038160000,1755038219000,1.37717,1.37717,1.37716,1.37716,3600000,1
1755038220000,1755038279000,1.37716,1.37718,1.37716,1.37717,19500000,1
1755038280000,1755038339000,1.37717,1.37717,1.37717,1.37717,4200000,1
1755038340000,1755038399000,1.37716,1.37717,1.37711,1.37711,12330000,1
1755038400000,1755038459000,1.37712,1.37718,1.37712,1.37716,16140000,1
1755038460000,1755038519000,1.37714,1.37719,1.37712,1.37719,38340000,1
1755038520000,1755038579000,1.37719,1.3772,1.37718,1.37718,23400000,1
1755038580000,1755038639000,1.37719,1.37719,1.37717,1.37718,20400000,1
1755038640000,1755038699000,1.37718,1.37719,1.37717,1.37719,20160000,1
1755038700000,1755038759000,1.37722,1.37722,1.37721,1.37721,19200000,1
1755038760000,1755038819000,1.37722,1.37725,1.37722,1.37725,6240000,1
1755038820000,1755038879000,1.37723,1.37724,1.37723,1.37724,22830000,1
1755038880000,1755038939000,1.37724,1.37724,1.37722,1.37722,11250000,1
1755038940000,1755038999000,1.37722,1.37722,1.37722,1.37722,2490000,1
1755039000000,1755039059000,1.37723,1.37725,1.37722,1.37724,33690000,1
1755039060000,1755039119000,1.37724,1.37724,1.37724,1.37724,2520000,1
1755039120000,1755039179000,1.37724,1.37724,1.37713,1.37714,10620000,1
1755039180000,1755039239000,1.37714,1.37715,1.37714,1.37714,13200000,1
1755039240000,1755039299000,1.37714,1.37716,1.37714,1.37715,21300000,1
1755039300000,1755039359000,1.37716,1.37721,1.37715,1.37721,23250000,1
1755039360000,1755039419000,1.37721,1.37723,1.37705,1.37705,53400000,1
1755039420000,1755039479000,1.37703,1.37705,1.37684,1.37684,287150000,1
1755039480000,1755039539000,1.37685,1.37689,1.37672,1.37672,285270000,1
1755039540000,1755039599000,1.37673,1.37686,1.3767,1.37676,172230000,1
1755039600000,1755039659000,1.37676,1.37686,1.37663,1.37672,235380000,1
1755039660000,1755039719000,1.37673,1.37677,1.37662,1.37665,232470000,1
1755039720000,1755039779000,1.37666,1.37674,1.37646,1.37674,154020000,1
1755039780000,1755039839000,1.37673,1.37689,1.37673,1.37688,77700000,1
1755039840000,1755039899000,1.37688,1.37689,1.37688,1.37688,22470000,1
1755039900000,1755039959000,1.37688,1.37691,1.37686,1.37687,56910000,1
1755039960000,1755040019000,1.37687,1.37689,1.37687,1.37687,33360000,1
1755040020000,1755040079000,1.37686,1.37687,1.37684,1.37685,35850000,1
1755040080000,1755040139000,1.37685,1.37686,1.37674,1.37674,30600000,1
1755040140000,1755040199000,1.37674,1.37677,1.37668,1.37669,39660000,1
1755040200000,1755040259000,1.37671,1.37674,1.37671,1.37673,23100000,1
1755040260000,1755040319000,1.37672,1.37681,1.37672,1.37677,40290000,1
1755040320000,1755040379000,1.37676,1.37681,1.37676,1.3768,20100000,1
1755040380000,1755040439000,1.37683,1.37683,1.37677,1.37681,35700000,1
1755040440000,1755040499000,1.3768,1.37681,1.3768,1.37681,5100000,1
1755040500000,1755040559000,1.37683,1.37687,1.37683,1.37683,18750000,1
1755040560000,1755040619000,1.37683,1.37684,1.37683,1.37683,8400000,1
1755040620000,1755040679000,1.37684,1.37684,1.37683,1.37683,13200000,1
1755040680000,1755040739000,1.37683,1.37684,1.37683,1.37684,2550000,1
1755040740000,1755040799000,1.37684,1.37684,1.37683,1.37683,2400000,1
1755040800000,1755040859000,1.37684,1.37685,1.37684,1.37685,6000000,1
1755040860000,1755040919000,1.37685,1.37699,1.37684,1.37697,23100000,1
1755040920000,1755040979000,1.37696,1.37696,1.37691,1.37691,7200000,1
1755040980000,1755041039000,1.3769,1.37693,1.37687,1.37687,16350000,1
1755041040000,1755041099000,1.37687,1.37688,1.37687,1.37688,12600000,1
1755041100000,1755041159000,1.37688,1.3769,1.37687,1.3769,12600000,1
1755041160000,1755041219000,1.37689,1.3769,1.37689,1.37689,4800000,1
1755041220000,1755041279000,1.37689,1.37689,1.37689,1.37689,1200000,1
1755041280000,1755041339000,1.3769,1.3769,1.3769,1.3769,2550000,1
1755041340000,1755041399000,1.37689,1.37689,1.37688,1.37689,10950000,1
1755041400000,1755041459000,1.37688,1.37689,1.37687,1.37687,26700000,1
1755041460000,1755041519000,1.37687,1.37687,1.37686,1.37687,13500000,1
1755041520000,1755041579000,1.37686,1.37687,1.37686,1.37687,4440000,1
1755041580000,1755041639000,1.37686,1.37689,1.37686,1.37688,7500000,1
1755041640000,1755041699000,1.37688,1.37689,1.37687,1.37687,9150000,1
1755041700000,1755041759000,1.37687,1.37688,1.37687,1.37688,4950000,1
1755041760000,1755041819000,1.37688,1.37689,1.37688,1.37689,4050000,1
1755041820000,1755041879000,1.37688,1.37697,1.37688,1.3769,11100000,1
1755041880000,1755041939000,1.37689,1.37689,1.37689,1.37689,1200000,1
1755041940000,1755041999000,1.3769,1.3769,1.37689,1.3769,4800000,1
1755042000000,1755042059000,1.3769,1.37697,1.3769,1.37697,23700000,1
1755042060000,1755042119000,1.37697,1.37698,1.37697,1.37697,6750000,1
1755042120000,1755042179000,1.37697,1.37697,1.37688,1.37688,10650000,1
1755042180000,1755042239000,1.37689,1.37689,1.3768,1.3768,14400000,1
1755042240000,1755042299000,1.37681,1.37689,1.3768,1.37688,33030000,1
1755042300000,1755042359000,1.37688,1.37693,1.37688,1.37692,29790000,1
1755042360000,1755042419000,1.37694,1.37695,1.37694,1.37695,3600000,1
1755042420000,1755042479000,1.37695,1.37697,1.37692,1.37697,14640000,1
1755042480000,1755042539000,1.37698,1.37698,1.37697,1.37698,10560000,1
1755042540000,1755042599000,1.37696,1.37698,1.37696,1.37698,9600000,1
1755042600000,1755042659000,1.37697,1.377,1.37697,1.377,22440000,1
1755042660000,1755042719000,1.37699,1.37702,1.37699,1.37702,10680000,1
1755042720000,1755042779000,1.37703,1.37704,1.377,1.37703,12600000,1
1755042780000,1755042839000,1.37704,1.37704,1.37703,1.37703,5610000,1
1755042840000,1755042899000,1.37699,1.37699,1.37695,1.37695,9360000,1
1755042900000,1755042959000,1.37697,1.37699,1.37697,1.37699,13890000,1
1755042960000,1755043019000,1.37696,1.37696,1.37688,1.37691,18150000,1
1755043020000,1755043079000,1.37691,1.37698,1.37691,1.37696,32820000,1
1755043080000,1755043139000,1.37696,1.37705,1.37696,1.377,61080000,1
1755043140000,1755043199000,1.37699,1.37701,1.37695,1.37697,34230000,1
1755043200000,1755043259000,1.37698,1.37701,1.37686,1.37698,123780000,1
1755043260000,1755043319000,1.37695,1.37712,1.37694,1.37711,75390000,1
1755043320000,1755043379000,1.37711,1.37719,1.37711,1.37712,52830000,1
1755043380000,1755043439000,1.37713,1.37713,1.377,1.37704,59100000,1
1755043440000,1755043499000,1.37704,1.37704,1.37696,1.37698,22650000,1
1755043500000,1755043559000,1.37702,1.37709,1.377,1.37709,36570000,1
1755043560000,1755043619000,1.37709,1.37715,1.37709,1.37715,60780000,1
1755043620000,1755043679000,1.37715,1.37743,1.37715,1.37739,102360000,1
1755043680000,1755043739000,1.37739,1.37747,1.37735,1.37737,120720000,1
1755043740000,1755043799000,1.37737,1.37744,1.37736,1.37743,54450000,1
1755043800000,1755043859000,1.37744,1.37744,1.37735,1.37735,40800000,1
1755043860000,1755043919000,1.37734,1.37737,1.37734,1.37734,21900000,1
1755043920000,1755043979000,1.37734,1.37738,1.37733,1.37737,49500000,1
1755043980000,1755044039000,1.37738,1.37738,1.37735,1.37735,31200000,1
1755044040000,1755044099000,1.37737,1.37738,1.37735,1.37735,16800000,1
1755044100000,1755044159000,1.37737,1.37738,1.37734,1.37735,37470000,1
1755044160000,1755044219000,1.37735,1.37737,1.37734,1.37735,30000000,1
1755044220000,1755044279000,1.37736,1.37742,1.37736,1.37742,9720000,1
1755044280000,1755044339000,1.3774,1.37748,1.3774,1.37747,14100000,1
1755044340000,1755044399000,1.37747,1.37747,1.37745,1.37745,13200000,1
1755044400000,1755044459000,1.37747,1.37759,1.37746,1.37752,69480000,1
1755044460000,1755044519000,1.37752,1.37757,1.37748,1.37748,51960000,1
1755044520000,1755044579000,1.37749,1.37752,1.37748,1.37752,38220000,1
1755044580000,1755044639000,1.37752,1.37752,1.37747,1.37748,18000000,1
1755044640000,1755044699000,1.37746,1.37756,1.37746,1.37756,14700000,1
1755044700000,1755044759000,1.37756,1.37756,1.37755,1.37755,9000000,1
1755044760000,1755044819000,1.37755,1.37758,1.37748,1.37758,23880000,1
1755044820000,1755044879000,1.37758,1.37767,1.37756,1.37767,36360000,1
1755044880000,1755044939000,1.37766,1.37766,1.37765,1.37765,6750000,1
1755044940000,1755044999000,1.37766,1.37772,1.37766,1.37771,30690000,1
1755045000000,1755045059000,1.37771,1.37772,1.3777,1.37771,62880000,1
1755045060000,1755045119000,1.37771,1.37776,1.3777,1.37775,55710000,1
1755045120000,1755045179000,1.37776,1.37776,1.37771,1.37776,37920000,1
1755045180000,1755045239000,1.37781,1.37782,1.37776,1.37777,24900000,1
1755045240000,1755045299000,1.37778,1.37785,1.37776,1.37785,81390000,1
1755045300000,1755045359000,1.37785,1.37792,1.37785,1.37792,28800000,1
1755045360000,1755045419000,1.37792,1.37793,1.37791,1.37792,28800000,1
1755045420000,1755045479000,1.37793,1.37798,1.37792,1.37796,35400000,1
1755045480000,1755045539000,1.37798,1.37799,1.37784,1.37795,59130000,1
1755045540000,1755045599000,1.37795,1.37798,1.37791,1.37794,37320000,1
1755045600000,1755045659000,1.37794,1.37795,1.37791,1.37795,38220000,1
1755045660000,1755045719000,1.37794,1.37801,1.37785,1.37791,71670000,1
1755045720000,1755045779000,1.37791,1.37794,1.37786,1.3779,53790000,1
1755045780000,1755045839000,1.37791,1.37791,1.37788,1.37791,27450000,1
1755045840000,1755045899000,1.3779,1.3779,1.37786,1.37788,24750000,1
1755045900000,1755045959000,1.37788,1.37789,1.37775,1.37777,64860000,1
1755045960000,1755046019000,1.37778,1.37786,1.37775,1.37786,42840000,1
1755046020000,1755046079000,1.37785,1.37787,1.37783,1.37786,23850000,1
1755046080000,1755046139000,1.37786,1.37794,1.37783,1.3779,45600000,1
1755046140000,1755046199000,1.37792,1.37795,1.3779,1.37791,43050000,1
1755046200000,1755046259000,1.37791,1.37793,1.37791,1.37793,35160000,1
1755046260000,1755046319000,1.37793,1.37793,1.37787,1.37787,34140000,1
1755046320000,1755046379000,1.37785,1.37785,1.37779,1.37784,55950000,1
1755046380000,1755046439000,1.37784,1.37785,1.37782,1.37784,14850000,1
1755046440000,1755046499000,1.37782,1.37784,1.37764,1.37765,104580000,1
1755046500000,1755046559000,1.37765,1.37792,1.37765,1.37792,87330000,1
1755046560000,1755046619000,1.37792,1.37792,1.37791,1.37791,36750000,1
1755046620000,1755046679000,1.37791,1.37791,1.37784,1.37785,38670000,1
1755046680000,1755046739000,1.37784,1.37784,1.37774,1.37774,28800000,1
1755046740000,1755046799000,1.37775,1.37781,1.37775,1.3778,42900000,1
1755046800000,1755046859000,1.3778,1.37781,1.37773,1.37775,65250000,1
1755046860000,1755046919000,1.37776,1.37776,1.37756,1.37756,46620000,1
1755046920000,1755046979000,1.37755,1.37757,1.37753,1.37755,65100000,1
1755046980000,1755047039000,1.37753,1.37756,1.37753,1.37755,27600000,1
1755047040000,1755047099000,1.37753,1.3776,1.37747,1.3776,41250000,1
1755047100000,1755047159000,1.37759,1.37777,1.37757,1.37774,42420000,1
1755047160000,1755047219000,1.37772,1.37773,1.37757,1.37758,31950000,1
1755047220000,1755047279000,1.37757,1.37758,1.3775,1.3775,61350000,1
1755047280000,1755047339000,1.3775,1.37756,1.37747,1.37756,40500000,1
1755047340000,1755047399000,1.37755,1.37765,1.37751,1.37761,50850000,1
1755047400000,1755047459000,1.37761,1.37762,1.37758,1.37759,52200000,1
1755047460000,1755047519000,1.37759,1.3776,1.37751,1.37751,58350000,1
1755047520000,1755047579000,1.3775,1.37751,1.3775,1.3775,29100000,1
1755047580000,1755047639000,1.3775,1.37754,1.37747,1.37747,43500000,1
1755047640000,1755047699000,1.37748,1.37761,1.37746,1.37756,59400000,1
1755047700000,1755047759000,1.37757,1.37757,1.37751,1.37756,67500000,1
1755047760000,1755047819000,1.37756,1.37761,1.37749,1.3776,64800000,1
1755047820000,1755047879000,1.37759,1.37766,1.37758,1.37766,82680000,1
1755047880000,1755047939000,1.37765,1.37776,1.37765,1.37774,93450000,1
1755047940000,1755047999000,1.37775,1.37785,1.37774,1.37779,47400000,1
1755048000000,1755048059000,1.37779,1.37782,1.37772,1.37774,108900000,1
1755048060000,1755048119000,1.37775,1.37785,1.37774,1.37784,57540000,1
1755048120000,1755048179000,1.37785,1.37792,1.37784,1.37791,62430000,1
1755048180000,1755048239000,1.37793,1.37801,1.37789,1.37789,85200000,1
1755048240000,1755048299000,1.3779,1.37793,1.37787,1.37787,48150000,1
1755048300000,1755048359000,1.37788,1.37793,1.37786,1.37787,54450000,1
1755048360000,1755048419000,1.37787,1.37799,1.37787,1.37797,77700000,1
1755048420000,1755048479000,1.37799,1.37799,1.3779,1.37794,63150000,1
1755048480000,1755048539000,1.37794,1.37798,1.37792,1.37794,47700000,1
1755048540000,1755048599000,1.37793,1.37801,1.37793,1.378,116100000,1
1755048600000,1755048659000,1.378,1.37804,1.3779,1.37794,133200000,1
1755048660000,1755048719000,1.37794,1.37794,1.37783,1.37787,61800000,1
1755048720000,1755048779000,1.37786,1.37794,1.37784,1.37793,105000000,1
1755048780000,1755048839000,1.37792,1.37792,1.37785,1.37787,63750000,1
1755048840000,1755048899000,1.37786,1.37794,1.37782,1.37794,97500000,1
1755048900000,1755048959000,1.37793,1.37794,1.37792,1.37793,45450000,1
1755048960000,1755049019000,1.37792,1.378,1.37792,1.37797,38400000,1
1755049020000,1755049079000,1.37795,1.37797,1.37787,1.3779,51750000,1
1755049080000,1755049139000,1.37788,1.37792,1.37786,1.37787,52200000,1
1755049140000,1755049199000,1.37787,1.37791,1.37784,1.37785,81600000,1
1755049200000,1755049259000,1.37784,1.37793,1.37783,1.37784,45600000,1
1755049260000,1755049319000,1.37783,1.37785,1.37783,1.37784,12600000,1
1755049320000,1755049379000,1.37784,1.37784,1.37774,1.37782,43050000,1
1755049380000,1755049439000,1.37782,1.37787,1.37782,1.37783,27000000,1
1755049440000,1755049499000,1.37782,1.37783,1.3778,1.37783,53400000,1
1755049500000,1755049559000,1.37782,1.37784,1.37779,1.37783,47850000,1
1755049560000,1755049619000,1.37781,1.37787,1.37781,1.37786,38100000,1
1755049620000,1755049679000,1.37786,1.37787,1.37784,1.37784,17400000,1
1755049680000,1755049739000,1.37784,1.378,1.37782,1.378,54450000,1
1755049740000,1755049799000,1.37801,1.37803,1.37799,1.37801,41100000,1
1755049800000,1755049859000,1.37801,1.37802,1.37794,1.378,48600000,1
1755049860000,1755049919000,1.37798,1.37798,1.37787,1.37789,51150000,1
1755049920000,1755049979000,1.37791,1.37791,1.37784,1.37787,74700000,1
1755049980000,1755050039000,1.37788,1.37793,1.37788,1.37789,97050000,1
1755050040000,1755050099000,1.37789,1.37791,1.37787,1.37789,73350000,1
1755050100000,1755050159000,1.37789,1.37791,1.37784,1.37785,42750000,1
1755050160000,1755050219000,1.37786,1.378,1.37785,1.37796,107640000,1
1755050220000,1755050279000,1.37796,1.37796,1.37789,1.3779,69600000,1
1755050280000,1755050339000,1.3779,1.37792,1.37786,1.37787,44430000,1
1755050340000,1755050399000,1.37786,1.3779,1.37786,1.37788,41070000,1
1755050400000,1755050459000,1.37787,1.37795,1.37787,1.37794,60000000,1
1755050460000,1755050519000,1.37794,1.37796,1.37793,1.37793,22800000,1
1755050520000,1755050579000,1.37791,1.37794,1.37789,1.37793,59370000,1
1755050580000,1755050639000,1.37794,1.37794,1.37792,1.37792,18330000,1
1755050640000,1755050699000,1.37793,1.37793,1.37787,1.37789,50370000,1
1755050700000,1755050759000,1.37788,1.37789,1.37786,1.37786,33300000,1
1755050760000,1755050819000,1.37788,1.37798,1.37788,1.37797,80910000,1
1755050820000,1755050879000,1.37795,1.37802,1.37795,1.37799,68910000,1
1755050880000,1755050939000,1.37802,1.37809,1.37802,1.37807,69000000,1
1755050940000,1755050999000,1.37808,1.37809,1.37806,1.37806,54720000,1
1755051000000,1755051059000,1.37805,1.37814,1.37795,1.37814,87990000,1
1755051060000,1755051119000,1.37813,1.37813,1.37806,1.37806,77280000,1
1755051120000,1755051179000,1.37805,1.37807,1.37805,1.37805,24180000,1
1755051180000,1755051239000,1.37803,1.37804,1.37799,1.37799,45510000,1
1755051240000,1755051299000,1.37799,1.37804,1.37799,1.378,50670000,1
1755051300000,1755051359000,1.37802,1.37802,1.37797,1.37797,51390000,1
1755051360000,1755051419000,1.37797,1.37797,1.37796,1.37796,25080000,1
1755051420000,1755051479000,1.37797,1.37797,1.37794,1.37794,27600000,1
1755051480000,1755051539000,1.37792,1.37796,1.37792,1.37795,24000000,1
1755051540000,1755051599000,1.37796,1.37797,1.37793,1.37793,29460000,1
1755051600000,1755051659000,1.37794,1.37794,1.37775,1.37781,63780000,1
1755051660000,1755051719000,1.3778,1.37782,1.37772,1.37773,70710000,1
1755051720000,1755051779000,1.37772,1.37775,1.37768,1.37774,21960000,1
1755051780000,1755051839000,1.37774,1.37775,1.37762,1.37763,31440000,1
1755051840000,1755051899000,1.37763,1.37771,1.37761,1.3777,47580000,1
1755051900000,1755051959000,1.37769,1.37774,1.37768,1.3777,41040000,1
1755051960000,1755052019000,1.37768,1.37773,1.37768,1.37769,52920000,1
1755052020000,1755052079000,1.37769,1.37774,1.37764,1.37774,82830000,1
1755052080000,1755052139000,1.37775,1.37775,1.3777,1.37772,14310000,1
1755052140000,1755052199000,1.37771,1.37774,1.3777,1.37773,37830000,1
1755052200000,1755052259000,1.37772,1.37775,1.37764,1.37765,53550000,1
1755052260000,1755052319000,1.37765,1.37775,1.37765,1.37772,45480000,1
1755052320000,1755052379000,1.37773,1.37775,1.37765,1.37767,53160000,1
1755052380000,1755052439000,1.37767,1.37768,1.37766,1.37766,26400000,1
1755052440000,1755052499000,1.37765,1.37766,1.37764,1.37765,21120000,1
1755052500000,1755052559000,1.37765,1.37765,1.37759,1.37763,38970000,1
1755052560000,1755052619000,1.37763,1.37764,1.37759,1.37759,41040000,1
1755052620000,1755052679000,1.37759,1.3776,1.37746,1.37748,59130000,1
1755052680000,1755052739000,1.37749,1.37749,1.37745,1.37746,119550000,1
1755052740000,1755052799000,1.37745,1.3775,1.37733,1.37734,77310000,1
1755052800000,1755052859000,1.37735,1.37741,1.37735,1.37738,71820000,1
1755052860000,1755052919000,1.37737,1.37745,1.37737,1.37738,58860000,1
1755052920000,1755052979000,1.37738,1.37738,1.37728,1.37734,56160000,1
1755052980000,1755053039000,1.37733,1.37748,1.37733,1.37747,59580000,1
1755053040000,1755053099000,1.37745,1.37747,1.37741,1.37743,67230000,1
1755053100000,1755053159000,1.37744,1.37745,1.37743,1.37744,19110000,1
1755053160000,1755053219000,1.37745,1.37747,1.37744,1.37744,47940000,1
1755053220000,1755053279000,1.37745,1.37749,1.37744,1.37746,48210000,1
1755053280000,1755053339000,1.37747,1.37748,1.37744,1.37745,32940000,1
1755053340000,1755053399000,1.37745,1.37746,1.37744,1.37745,26400000,1
1755053400000,1755053459000,1.37744,1.37746,1.37742,1.37744,34560000,1
1755053460000,1755053519000,1.37745,1.37748,1.37742,1.37747,74070000,1
1755053520000,1755053579000,1.37748,1.37748,1.37733,1.3774,77250000,1
1755053580000,1755053639000,1.3774,1.37746,1.37739,1.3774,62190000,1
1755053640000,1755053699000,1.37739,1.37741,1.37737,1.37737,95700000,1
1755053700000,1755053759000,1.37737,1.37744,1.37733,1.37744,90630000,1
1755053760000,1755053819000,1.37743,1.37746,1.37743,1.37744,40650000,1
1755053820000,1755053879000,1.37743,1.37744,1.37738,1.37743,73050000,1
1755053880000,1755053939000,1.37743,1.37752,1.37743,1.37751,79920000,1
1755053940000,1755053999000,1.3775,1.37754,1.37747,1.37753,139290000,1
1755054000000,1755054059000,1.37754,1.37765,1.37754,1.37764,42510000,1
1755054060000,1755054119000,1.37764,1.37766,1.37761,1.37764,87300000,1
1755054120000,1755054179000,1.37763,1.37765,1.37761,1.37764,69930000,1
1755054180000,1755054239000,1.37763,1.37764,1.37759,1.37762,129030000,1
1755054240000,1755054299000,1.37762,1.37765,1.37756,1.37756,95070000,1
1755054300000,1755054359000,1.37757,1.37758,1.37754,1.37754,30270000,1
1755054360000,1755054419000,1.37754,1.3776,1.37754,1.37758,74010000,1
1755054420000,1755054479000,1.37759,1.37759,1.37756,1.37758,84660000,1
1755054480000,1755054539000,1.37758,1.37758,1.37755,1.37758,38610000,1
1755054540000,1755054599000,1.37756,1.37756,1.3775,1.37751,76200000,1
1755054600000,1755054659000,1.37752,1.37752,1.37745,1.37746,43080000,1
1755054660000,1755054719000,1.37746,1.37746,1.37745,1.37745,15990000,1
1755054720000,1755054779000,1.37745,1.37747,1.37745,1.37746,19860000,1
1755054780000,1755054839000,1.37747,1.37747,1.37744,1.37744,29370000,1
1755054840000,1755054899000,1.37744,1.37745,1.37742,1.37745,47610000,1
1755054900000,1755054959000,1.37744,1.37745,1.37744,1.37744,35820000,1
1755054960000,1755055019000,1.37745,1.37746,1.37744,1.37746,42030000,1
1755055020000,1755055079000,1.37748,1.37754,1.37746,1.37752,33390000,1
1755055080000,1755055139000,1.3775,1.37751,1.3775,1.3775,45000000,1
1755055140000,1755055199000,1.37751,1.37758,1.37747,1.37758,24750000,1
1755055200000,1755055259000,1.37756,1.37763,1.37754,1.37761,49350000,1
1755055260000,1755055319000,1.37761,1.37761,1.37759,1.3776,60150000,1
1755055320000,1755055379000,1.37757,1.37759,1.37754,1.37755,64800000,1
1755055380000,1755055439000,1.37757,1.37758,1.37755,1.37757,27060000,1
1755055440000,1755055499000,1.37757,1.37764,1.37757,1.37763,68100000,1
1755055500000,1755055559000,1.37762,1.37762,1.37759,1.37759,37740000,1
1755055560000,1755055619000,1.37759,1.37761,1.37747,1.37748,68250000,1
1755055620000,1755055679000,1.37749,1.37758,1.37748,1.37755,46020000,1
1755055680000,1755055739000,1.37755,1.37756,1.37753,1.37754,42690000,1
1755055740000,1755055799000,1.37755,1.37755,1.37753,1.37755,65430000,1
1755055800000,1755055859000,1.37757,1.37757,1.37753,1.37756,28440000,1
1755055860000,1755055919000,1.37756,1.37759,1.37753,1.37756,34440000,1
1755055920000,1755055979000,1.37755,1.37755,1.37754,1.37754,38400000,1
1755055980000,1755056039000,1.37754,1.37755,1.37753,1.37754,41700000,1
1755056040000,1755056099000,1.37753,1.37755,1.37747,1.37754,62400000,1
1755056100000,1755056159000,1.37754,1.37756,1.37754,1.37756,40050000,1
1755056160000,1755056219000,1.37755,1.37756,1.37751,1.37754,77310000,1
1755056220000,1755056279000,1.37754,1.37754,1.37742,1.37743,103770000,1
1755056280000,1755056339000,1.37742,1.37744,1.37742,1.37742,95670000,1
1755056340000,1755056399000,1.37742,1.37744,1.37742,1.37742,104550000,1
1755056400000,1755056459000,1.37742,1.37745,1.3774,1.37745,51600000,1
1755056460000,1755056519000,1.37746,1.37747,1.37745,1.37745,35250000,1
1755056520000,1755056579000,1.37745,1.37745,1.37737,1.37741,44910000,1
1755056580000,1755056639000,1.37742,1.37743,1.37737,1.37741,71370000,1
1755056640000,1755056699000,1.37742,1.37744,1.37741,1.37741,37590000,1
1755056700000,1755056759000,1.37743,1.37744,1.37738,1.37738,58170000,1
1755056760000,1755056819000,1.37739,1.37744,1.37738,1.37743,61800000,1
1755056820000,1755056879000,1.37744,1.37745,1.37742,1.37742,83460000,1
1755056880000,1755056939000,1.37744,1.37744,1.37739,1.37742,40890000,1
1755056940000,1755056999000,1.37743,1.37745,1.37743,1.37744,32220000,1
1755057000000,1755057059000,1.37744,1.37744,1.37744,1.37744,1200000,1
1755057060000,1755057119000,1.37743,1.37745,1.37743,1.37744,30120000,1
1755057120000,1755057179000,1.37745,1.37746,1.37745,1.37746,41850000,1
1755057180000,1755057239000,1.37745,1.37746,1.37735,1.37735,51300000,1
1755057240000,1755057299000,1.37734,1.37737,1.37734,1.37736,51720000,1
1755057300000,1755057359000,1.37736,1.37743,1.37734,1.37736,62910000,1
1755057360000,1755057419000,1.37737,1.37745,1.37737,1.37743,80310000,1
1755057420000,1755057479000,1.37745,1.37748,1.37744,1.37746,35370000,1
1755057480000,1755057539000,1.37747,1.37764,1.37746,1.37764,82260000,1
1755057540000,1755057599000,1.37763,1.37765,1.37759,1.37765,71640000,1
1755057600000,1755057659000,1.37765,1.37766,1.37763,1.37766,22500000,1
1755057660000,1755057719000,1.37766,1.37773,1.37764,1.37765,72330000,1
1755057720000,1755057779000,1.37764,1.37768,1.37764,1.37766,57060000,1
1755057780000,1755057839000,1.37767,1.37767,1.37764,1.37764,27750000,1
1755057840000,1755057899000,1.37765,1.37765,1.37754,1.37754,41580000,1
1755057900000,1755057959000,1.37753,1.37755,1.37752,1.37754,43950000,1
1755057960000,1755058019000,1.37755,1.37755,1.37755,1.37755,1200000,1
1755058020000,1755058079000,1.37755,1.37765,1.37755,1.37765,24270000,1
1755058080000,1755058139000,1.37763,1.37764,1.37763,1.37763,55050000,1
1755058140000,1755058199000,1.37763,1.37775,1.37763,1.37772,78720000,1
1755058200000,1755058259000,1.37771,1.37773,1.37764,1.3777,40020000,1
1755058260000,1755058319000,1.37771,1.37772,1.37759,1.37759,59790000,1
1755058320000,1755058379000,1.37759,1.37759,1.37755,1.37756,21360000,1
1755058380000,1755058439000,1.37756,1.37757,1.3775,1.37753,87150000,1
1755058440000,1755058499000,1.37753,1.37755,1.37751,1.37752,40650000,1
1755058500000,1755058559000,1.37753,1.37755,1.37744,1.37745,87450000,1
1755058560000,1755058619000,1.37745,1.37752,1.37745,1.37751,85170000,1
1755058620000,1755058679000,1.37751,1.37752,1.3775,1.37751,25500000,1
1755058680000,1755058739000,1.37751,1.37751,1.37745,1.37745,49050000,1
1755058740000,1755058799000,1.37745,1.37747,1.37743,1.37745,81870000,1
1755058800000,1755058859000,1.37745,1.37747,1.37745,1.37746,27360000,1
1755058860000,1755058919000,1.37747,1.37749,1.37746,1.37747,29580000,1
1755058920000,1755058979000,1.37747,1.37748,1.37746,1.37746,16350000,1
1755058980000,1755059039000,1.37746,1.37755,1.37746,1.37754,16800000,1
1755059040000,1755059099000,1.37755,1.37758,1.37755,1.37758,30960000,1
1755059100000,1755059159000,1.37757,1.37761,1.37756,1.37759,38400000,1
1755059160000,1755059219000,1.37757,1.37763,1.37756,1.37756,41760000,1
1755059220000,1755059279000,1.37757,1.37757,1.37754,1.37756,31680000,1
1755059280000,1755059339000,1.37756,1.37757,1.37755,1.37755,31620000,1
1755059340000,1755059399000,1.37754,1.37764,1.37754,1.37762,31920000,1
1755059400000,1755059459000,1.37764,1.37773,1.37762,1.37773,73290000,1
1755059460000,1755059519000,1.37773,1.37773,1.37769,1.37771,67680000,1
1755059520000,1755059579000,1.37771,1.37772,1.37769,1.37771,52440000,1
1755059580000,1755059639000,1.3777,1.37772,1.37762,1.37762,107580000,1
1755059640000,1755059699000,1.37762,1.37771,1.37762,1.37769,47130000,1
1755059700000,1755059759000,1.37768,1.37768,1.37762,1.37762,50040000,1
1755059760000,1755059819000,1.37763,1.37764,1.37762,1.37762,34410000,1
1755059820000,1755059879000,1.37762,1.37765,1.37762,1.37764,47670000,1
1755059880000,1755059939000,1.37763,1.37765,1.37763,1.37764,55350000,1
1755059940000,1755059999000,1.37764,1.37766,1.37763,1.37763,69540000,1
1755060000000,1755060059000,1.37766,1.37766,1.37751,1.37755,57300000,1
1755060060000,1755060119000,1.37755,1.37758,1.37754,1.37757,29970000,1
1755060120000,1755060179000,1.37756,1.37758,1.37752,1.37754,25260000,1
1755060180000,1755060239000,1.37755,1.37756,1.37755,1.37756,19350000,1
1755060240000,1755060299000,1.37756,1.37762,1.37755,1.37762,67560000,1
1755060300000,1755060359000,1.37761,1.37763,1.37759,1.37762,77670000,1
1755060360000,1755060419000,1.37762,1.37762,1.37756,1.37756,23790000,1
1755060420000,1755060479000,1.37757,1.3776,1.37757,1.37759,43950000,1
1755060480000,1755060539000,1.3776,1.3776,1.37752,1.37754,95610000,1
1755060540000,1755060599000,1.37752,1.37754,1.37746,1.3775,65040000,1
1755060600000,1755060659000,1.37751,1.37751,1.37746,1.3775,82650000,1
1755060660000,1755060719000,1.3775,1.37755,1.3775,1.37752,59370000,1
1755060720000,1755060779000,1.37752,1.37756,1.37748,1.37756,88680000,1
1755060780000,1755060839000,1.37756,1.37757,1.37753,1.37753,38880000,1
1755060840000,1755060899000,1.37753,1.37757,1.37753,1.37755,23220000,1
1755060900000,1755060959000,1.37755,1.37761,1.37755,1.37761,36840000,1
1755060960000,1755061019000,1.37762,1.37765,1.37762,1.37764,42510000,1
1755061020000,1755061079000,1.37763,1.37763,1.37756,1.37759,62070000,1
1755061080000,1755061139000,1.37758,1.3776,1.37754,1.37755,128580000,1
1755061140000,1755061199000,1.37755,1.37757,1.37754,1.37756,35250000,1
1755061200000,1755061259000,1.37754,1.37755,1.37748,1.37755,70620000,1
1755061260000,1755061319000,1.37758,1.37764,1.37758,1.37763,31770000,1
1755061320000,1755061379000,1.37763,1.37763,1.3776,1.37763,25650000,1
1755061380000,1755061439000,1.37763,1.37764,1.37762,1.37762,14220000,1
1755061440000,1755061499000,1.37763,1.37765,1.37762,1.37765,15900000,1
1755061500000,1755061559000,1.37764,1.37774,1.37764,1.37774,31770000,1
1755061560000,1755061619000,1.37774,1.37774,1.37771,1.37771,14250000,1
1755061620000,1755061679000,1.37771,1.37771,1.3776,1.37761,68730000,1
1755061680000,1755061739000,1.37761,1.37764,1.37759,1.37764,19890000,1
1755061740000,1755061799000,1.37763,1.37763,1.3776,1.37761,24780000,1
1755061800000,1755061859000,1.3776,1.37763,1.3776,1.37763,28950000,1
1755061860000,1755061919000,1.37763,1.37764,1.37761,1.37761,41040000,1
1755061920000,1755061979000,1.37761,1.37767,1.37761,1.37765,53880000,1
1755061980000,1755062039000,1.37766,1.37766,1.37763,1.37765,30510000,1
1755062040000,1755062099000,1.37764,1.37766,1.37764,1.37765,26280000,1
1755062100000,1755062159000,1.37766,1.37771,1.37765,1.37766,36900000,1
1755062160000,1755062219000,1.37767,1.37767,1.37764,1.37767,21480000,1
1755062220000,1755062279000,1.37766,1.37768,1.37766,1.37766,163740000,1
1755062280000,1755062339000,1.37771,1.37776,1.37765,1.37766,97140000,1
1755062340000,1755062399000,1.37766,1.37767,1.37766,1.37766,33210000,1
1755062400000,1755062459000,1.37766,1.37766,1.37765,1.37766,29520000,1
1755062460000,1755062519000,1.37765,1.37773,1.37765,1.37772,26070000,1
1755062520000,1755062579000,1.37772,1.37773,1.37769,1.37772,27240000,1
1755062580000,1755062639000,1.37772,1.37775,1.37772,1.37775,27750000,1
1755062640000,1755062699000,1.37776,1.37776,1.37775,1.37775,8400000,1
1755062700000,1755062759000,1.37775,1.37778,1.37775,1.37777,14970000,1
1755062760000,1755062819000,1.37776,1.37777,1.37776,1.37777,34950000,1
1755062820000,1755062879000,1.37776,1.37777,1.37772,1.37775,34830000,1
1755062880000,1755062939000,1.37776,1.37776,1.37775,1.37775,18390000,1
1755062940000,1755062999000,1.37775,1.37782,1.37775,1.37782,43200000,1
1755063000000,1755063059000,1.37782,1.37794,1.3778,1.37793,39360000,1
1755063060000,1755063119000,1.37794,1.378,1.37792,1.378,48150000,1
1755063120000,1755063179000,1.378,1.378,1.37797,1.37799,24900000,1
1755063180000,1755063239000,1.37799,1.378,1.37797,1.378,15480000,1
1755063240000,1755063299000,1.37799,1.37803,1.37797,1.37802,59940000,1
1755063300000,1755063359000,1.37803,1.37807,1.37802,1.37806,20520000,1
1755063360000,1755063419000,1.37807,1.37811,1.37801,1.3781,56130000,1
1755063420000,1755063479000,1.37809,1.37809,1.37803,1.37806,35010000,1
1755063480000,1755063539000,1.37806,1.37806,1.378,1.37803,31920000,1
1755063540000,1755063599000,1.37805,1.37805,1.37796,1.37796,19650000,1
1755063600000,1755063659000,1.37796,1.37796,1.37794,1.37795,18900000,1
1755063660000,1755063719000,1.37795,1.37797,1.37794,1.37795,13110000,1
1755063720000,1755063779000,1.37794,1.37794,1.37785,1.37785,27840000,1
1755063780000,1755063839000,1.37784,1.37785,1.37781,1.37783,51600000,1
1755063840000,1755063899000,1.37782,1.37783,1.37775,1.37775,53400000,1
1755063900000,1755063959000,1.37775,1.37775,1.37773,1.37773,40740000,1
1755063960000,1755064019000,1.37776,1.37783,1.37776,1.37777,83970000,1
1755064020000,1755064079000,1.37778,1.37785,1.37778,1.37782,30570000,1
1755064080000,1755064139000,1.37782,1.37783,1.37772,1.37773,65250000,1
1755064140000,1755064199000,1.37772,1.37775,1.37772,1.37775,42240000,1
1755064200000,1755064259000,1.37774,1.37775,1.37772,1.37774,48750000,1
1755064260000,1755064319000,1.37773,1.37775,1.37773,1.37775,38250000,1
1755064320000,1755064379000,1.37773,1.37774,1.37768,1.37773,106650000,1
1755064380000,1755064439000,1.37772,1.37774,1.37765,1.37768,43470000,1
1755064440000,1755064499000,1.37768,1.37779,1.37767,1.37778,110820000,1
1755064500000,1755064559000,1.37778,1.37781,1.37777,1.37778,76830000,1
1755064560000,1755064619000,1.37778,1.37791,1.37778,1.3779,104940000,1
1755064620000,1755064679000,1.37791,1.37795,1.37791,1.37793,35220000,1
1755064680000,1755064739000,1.37792,1.37792,1.37785,1.37792,70830000,1
1755064740000,1755064799000,1.37791,1.378,1.37791,1.37798,139740000,1
1755064800000,1755064859000,1.37797,1.37797,1.37773,1.37774,166590000,1
1755064860000,1755064919000,1.37773,1.37773,1.37753,1.37756,111030000,1
1755064920000,1755064979000,1.37757,1.37762,1.37756,1.37756,65640000,1
1755064980000,1755065039000,1.37756,1.37757,1.37754,1.37757,51720000,1
1755065040000,1755065099000,1.37756,1.37757,1.3775,1.3775,42090000,1
1755065100000,1755065159000,1.37748,1.37755,1.37743,1.37744,110070000,1
1755065160000,1755065219000,1.37746,1.37755,1.37744,1.37754,143700000,1
1755065220000,1755065279000,1.37753,1.37758,1.37752,1.37758,58650000,1
1755065280000,1755065339000,1.37759,1.37773,1.37759,1.37772,114630000,1
1755065340000,1755065399000,1.37772,1.37772,1.37754,1.37756,91650000,1
1755065400000,1755065459000,1.37755,1.37757,1.37754,1.37755,59250000,1
1755065460000,1755065519000,1.37755,1.37767,1.37754,1.37764,90480000,1
1755065520000,1755065579000,1.37764,1.3777,1.37762,1.37764,95520000,1
1755065580000,1755065639000,1.37763,1.37766,1.37756,1.37756,102390000,1
1755065640000,1755065699000,1.37757,1.37757,1.37747,1.3775,62040000,1
1755065700000,1755065759000,1.37749,1.3775,1.37744,1.37745,93720000,1
1755065760000,1755065819000,1.37744,1.37748,1.37737,1.37739,142740000,1
1755065820000,1755065879000,1.37739,1.37745,1.37738,1.37739,196890000,1
1755065880000,1755065939000,1.3774,1.37742,1.37734,1.37735,88020000,1
1755065940000,1755065999000,1.37734,1.37735,1.37727,1.37729,71970000,1
1755066000000,1755066059000,1.3773,1.3773,1.37716,1.37716,65970000,1
1755066060000,1755066119000,1.37716,1.37718,1.37707,1.37714,84420000,1
1755066120000,1755066179000,1.37714,1.37718,1.37714,1.37718,60600000,1
1755066180000,1755066239000,1.37718,1.3772,1.37717,1.37719,22200000,1
1755066240000,1755066299000,1.3772,1.37724,1.37713,1.37717,68250000,1
1755066300000,1755066359000,1.37718,1.37719,1.3771,1.3771,16500000,1
1755066360000,1755066419000,1.3771,1.37715,1.37697,1.37698,73800000,1
1755066420000,1755066479000,1.37697,1.37705,1.37697,1.377,77850000,1
1755066480000,1755066539000,1.37699,1.37716,1.37699,1.3771,51390000,1
1755066540000,1755066599000,1.3771,1.37717,1.3771,1.37716,57450000,1
1755066600000,1755066659000,1.37716,1.37719,1.37694,1.37701,112950000,1
1755066660000,1755066719000,1.377,1.3771,1.377,1.37702,106020000,1
1755066720000,1755066779000,1.37702,1.37711,1.37698,1.37699,103800000,1
1755066780000,1755066839000,1.37697,1.3771,1.37695,1.3771,56310000,1
1755066840000,1755066899000,1.37708,1.3771,1.37698,1.37708,69150000,1
1755066900000,1755066959000,1.37709,1.3771,1.37702,1.37703,24600000,1
1755066960000,1755067019000,1.37703,1.37703,1.37683,1.37683,88950000,1
1755067020000,1755067079000,1.37681,1.3769,1.3767,1.37676,95550000,1
1755067080000,1755067139000,1.37677,1.37685,1.37675,1.37677,145920000,1
1755067140000,1755067199000,1.37678,1.37684,1.37663,1.37665,152430000,1
1755067200000,1755067259000,1.37663,1.3767,1.37654,1.37654,150630000,1
1755067260000,1755067319000,1.37656,1.37671,1.37653,1.37662,76590000,1
1755067320000,1755067379000,1.37662,1.37669,1.37662,1.37667,74730000,1
1755067380000,1755067439000,1.37669,1.37677,1.37669,1.37676,84300000,1
1755067440000,1755067499000,1.37676,1.37677,1.37669,1.37669,34200000,1
1755067500000,1755067559000,1.3767,1.37675,1.37667,1.37673,88350000,1
1755067560000,1755067619000,1.37673,1.37679,1.37666,1.37673,51030000,1
1755067620000,1755067679000,1.37672,1.37676,1.37669,1.37674,74370000,1
1755067680000,1755067739000,1.37674,1.37676,1.37664,1.37668,104580000,1
1755067740000,1755067799000,1.37667,1.37669,1.37655,1.37668,66600000,1
1755067800000,1755067859000,1.37667,1.37669,1.37655,1.37657,62130000,1
1755067860000,1755067919000,1.37658,1.3767,1.37657,1.37665,53850000,1
1755067920000,1755067979000,1.37664,1.37664,1.37653,1.3766,100200000,1
1755067980000,1755068039000,1.3766,1.37667,1.37658,1.37663,90450000,1
1755068040000,1755068099000,1.37663,1.37671,1.37658,1.37668,77250000,1
1755068100000,1755068159000,1.37668,1.37669,1.37659,1.37661,75150000,1
1755068160000,1755068219000,1.37659,1.37677,1.37656,1.37676,79710000,1
1755068220000,1755068279000,1.37675,1.37681,1.37664,1.37681,83190000,1
1755068280000,1755068339000,1.37682,1.37686,1.37681,1.37684,105120000,1
1755068340000,1755068399000,1.37684,1.37684,1.37675,1.37683,115230000,1
1755068400000,1755068459000,1.37681,1.37681,1.37666,1.37673,150990000,1
1755068460000,1755068519000,1.37672,1.37679,1.37664,1.37664,83100000,1
1755068520000,1755068579000,1.37662,1.37664,1.37651,1.37651,96090000,1
1755068580000,1755068639000,1.37653,1.37658,1.3765,1.37653,115860000,1
1755068640000,1755068699000,1.37654,1.3766,1.37653,1.37653,46740000,1
1755068700000,1755068759000,1.37652,1.37654,1.37651,1.37654,45540000,1
1755068760000,1755068819000,1.37653,1.37655,1.3765,1.37651,55290000,1
1755068820000,1755068879000,1.37653,1.37658,1.3765,1.37653,92400000,1
1755068880000,1755068939000,1.3765,1.37658,1.3765,1.3765,62700000,1
1755068940000,1755068999000,1.3765,1.3765,1.37632,1.37636,92340000,1
1755069000000,1755069059000,1.37637,1.37645,1.37635,1.37642,87300000,1
1755069060000,1755069119000,1.37641,1.37641,1.37629,1.37632,136950000,1
1755069120000,1755069179000,1.3763,1.37633,1.37614,1.37615,123120000,1
1755069180000,1755069239000,1.37615,1.37616,1.37596,1.37596,152220000,1
1755069240000,1755069299000,1.37598,1.37598,1.37556,1.37572,215100000,1
1755069300000,1755069359000,1.37572,1.37583,1.37566,1.37579,161130000,1
1755069360000,1755069419000,1.37579,1.37582,1.37573,1.37576,166170000,1
1755069420000,1755069479000,1.37576,1.3758,1.37567,1.37571,97920000,1
1755069480000,1755069539000,1.37571,1.3758,1.37559,1.37563,182580000,1
1755069540000,1755069599000,1.37563,1.37583,1.37563,1.37583,153510000,1
1755069600000,1755069659000,1.37582,1.37595,1.37579,1.37592,91110000,1
1755069660000,1755069719000,1.37593,1.37598,1.37589,1.37596,45630000,1
1755069720000,1755069779000,1.37596,1.37602,1.37586,1.37589,29460000,1
1755069780000,1755069839000,1.37589,1.37589,1.37575,1.37576,61110000,1
1755069840000,1755069899000,1.37574,1.37574,1.37565,1.37568,67920000,1
1755069900000,1755069959000,1.37567,1.37577,1.37566,1.37575,56250000,1
1755069960000,1755070019000,1.37574,1.37574,1.37548,1.37551,41550000,1
1755070020000,1755070079000,1.3755,1.37568,1.37548,1.37566,62400000,1
1755070080000,1755070139000,1.37566,1.37566,1.37557,1.37558,56400000,1
1755070140000,1755070199000,1.37559,1.37559,1.3755,1.37551,119970000,1
1755070200000,1755070259000,1.37552,1.37553,1.37538,1.37547,198600000,1
1755070260000,1755070319000,1.37546,1.37549,1.37543,1.37548,71100000,1
1755070320000,1755070379000,1.37548,1.37561,1.37548,1.37557,85020000,1
1755070380000,1755070439000,1.37558,1.37575,1.37558,1.37573,36900000,1
1755070440000,1755070499000,1.37573,1.37576,1.37554,1.37556,93600000,1
1755070500000,1755070559000,1.37555,1.37565,1.37555,1.37565,87720000,1
1755070560000,1755070619000,1.37564,1.37565,1.37556,1.3756,128250000,1
1755070620000,1755070679000,1.37559,1.37564,1.37555,1.37563,83070000,1
1755070680000,1755070739000,1.37564,1.37568,1.37547,1.37547,84180000,1
1755070740000,1755070799000,1.37547,1.37548,1.37535,1.37537,108360000,1
1755070800000,1755070859000,1.37538,1.37546,1.37537,1.37546,122280000,1
1755070860000,1755070919000,1.37546,1.37556,1.37546,1.37549,98700000,1
1755070920000,1755070979000,1.37548,1.37558,1.37548,1.37557,67200000,1
1755070980000,1755071039000,1.37559,1.37568,1.37559,1.37566,78600000,1
1755071040000,1755071099000,1.37567,1.37574,1.37567,1.37571,93720000,1
1755071100000,1755071159000,1.3757,1.37575,1.37569,1.37574,109500000,1
1755071160000,1755071219000,1.37572,1.37575,1.3757,1.37574,69150000,1
1755071220000,1755071279000,1.37576,1.37587,1.37576,1.37587,39900000,1
1755071280000,1755071339000,1.37586,1.37594,1.37586,1.37592,86640000,1
1755071340000,1755071399000,1.37593,1.37605,1.37591,1.37604,55740000,1
1755071400000,1755071459000,1.37604,1.37604,1.37592,1.37596,98100000,1
1755071460000,1755071519000,1.37597,1.37601,1.37595,1.37595,59670000,1
1755071520000,1755071579000,1.37595,1.37596,1.3759,1.37595,116460000,1
1755071580000,1755071639000,1.37593,1.37595,1.3759,1.37595,106830000,1
1755071640000,1755071699000,1.37596,1.37609,1.37595,1.37608,87030000,1
1755071700000,1755071759000,1.37608,1.37609,1.37596,1.37601,68910000,1
1755071760000,1755071819000,1.376,1.37613,1.376,1.37607,61500000,1
1755071820000,1755071879000,1.37607,1.3762,1.37604,1.37609,115140000,1
1755071880000,1755071939000,1.37609,1.37618,1.37602,1.37604,105570000,1
1755071940000,1755071999000,1.37605,1.37622,1.37605,1.37619,126270000,1
1755072000000,1755072059000,1.37618,1.37628,1.37607,1.37607,145410000,1
1755072060000,1755072119000,1.37607,1.37611,1.37584,1.37591,174750000,1
1755072120000,1755072179000,1.37591,1.37591,1.37579,1.37588,196800000,1
1755072180000,1755072239000,1.37587,1.37587,1.37572,1.37583,186000000,1
1755072240000,1755072299000,1.37584,1.37584,1.37572,1.37574,153450000,1
1755072300000,1755072359000,1.37573,1.37602,1.37573,1.37602,75750000,1
1755072360000,1755072419000,1.37602,1.37602,1.37585,1.37585,136950000,1
1755072420000,1755072479000,1.37585,1.37592,1.37585,1.37587,44400000,1
1755072480000,1755072539000,1.37588,1.37604,1.37588,1.37602,54750000,1
1755072540000,1755072599000,1.37602,1.37602,1.37585,1.37587,99900000,1
1755072600000,1755072659000,1.37587,1.37599,1.37582,1.37591,131970000,1
1755072660000,1755072719000,1.37592,1.37596,1.37592,1.37594,68670000,1
1755072720000,1755072779000,1.37595,1.37621,1.3759,1.3762,117060000,1
1755072780000,1755072839000,1.3762,1.3762,1.37603,1.37614,100200000,1
1755072840000,1755072899000,1.37613,1.37632,1.37613,1.37614,84300000,1
1755072900000,1755072959000,1.37614,1.37626,1.37614,1.37625,67200000,1
1755072960000,1755073019000,1.37625,1.37632,1.37619,1.37623,90600000,1
1755073020000,1755073079000,1.37622,1.37624,1.37613,1.37614,83850000,1
1755073080000,1755073139000,1.37614,1.37616,1.37606,1.37606,65850000,1
1755073140000,1755073199000,1.37606,1.37609,1.37596,1.37605,84210000,1
1755073200000,1755073259000,1.37602,1.37603,1.37594,1.37602,141000000,1
1755073260000,1755073319000,1.37603,1.37604,1.37571,1.37583,176760000,1
1755073320000,1755073379000,1.37584,1.37584,1.37571,1.37577,191640000,1
1755073380000,1755073439000,1.37579,1.37583,1.37571,1.37572,202170000,1
1755073440000,1755073499000,1.37574,1.37592,1.37573,1.37592,222120000,1
1755073500000,1755073559000,1.37592,1.37611,1.37589,1.37592,216120000,1
1755073560000,1755073619000,1.37591,1.37592,1.37576,1.37578,109860000,1
1755073620000,1755073679000,1.37579,1.37594,1.37577,1.37593,128700000,1
1755073680000,1755073739000,1.37593,1.37604,1.37592,1.376,111150000,1
1755073740000,1755073799000,1.37599,1.37621,1.37593,1.3762,173160000,1
1755073800000,1755073859000,1.3762,1.37623,1.37616,1.37617,78990000,1
1755073860000,1755073919000,1.37617,1.3762,1.37603,1.3761,105150000,1
1755073920000,1755073979000,1.3761,1.37621,1.37609,1.3762,81540000,1
1755073980000,1755074039000,1.3762,1.37622,1.37613,1.37614,48960000,1
1755074040000,1755074099000,1.37616,1.37624,1.37615,1.37616,47700000,1
1755074100000,1755074159000,1.37616,1.37637,1.37616,1.37633,49200000,1
1755074160000,1755074219000,1.37632,1.37643,1.37632,1.37642,85590000,1
1755074220000,1755074279000,1.37642,1.3767,1.37641,1.3767,76320000,1
1755074280000,1755074339000,1.3767,1.37679,1.37661,1.37666,75300000,1
1755074340000,1755074399000,1.37667,1.37671,1.37663,1.37665,83700000,1
1755074400000,1755074459000,1.37664,1.37668,1.37661,1.37667,124800000,1
1755074460000,1755074519000,1.37667,1.37669,1.37656,1.37658,43050000,1
1755074520000,1755074579000,1.37659,1.37659,1.37654,1.37656,19800000,1
1755074580000,1755074639000,1.37656,1.37659,1.37652,1.37657,56100000,1
1755074640000,1755074699000,1.37657,1.37661,1.37657,1.37659,33300000,1
1755074700000,1755074759000,1.37659,1.37662,1.37654,1.37656,40350000,1
1755074760000,1755074819000,1.37656,1.37656,1.37645,1.37648,59240000,1
1755074820000,1755074879000,1.37648,1.37648,1.3763,1.37642,145470000,1
1755074880000,1755074939000,1.37642,1.37646,1.37619,1.37619,241470000,1
1755074940000,1755074999000,1.37617,1.3762,1.3761,1.37611,139590000,1
1755075000000,1755075059000,1.37611,1.37622,1.3761,1.37621,127050000,1
1755075060000,1755075119000,1.37622,1.37638,1.37621,1.37638,89010000,1
1755075120000,1755075179000,1.37639,1.37647,1.37638,1.3764,116970000,1
1755075180000,1755075239000,1.37639,1.37643,1.37634,1.37638,116490000,1
1755075240000,1755075299000,1.37639,1.37639,1.37629,1.37629,100950000,1
1755075300000,1755075359000,1.37631,1.37643,1.37631,1.37637,117420000,1
1755075360000,1755075419000,1.37637,1.37643,1.37633,1.37633,151740000,1
1755075420000,1755075479000,1.37633,1.37634,1.37623,1.37623,114480000,1
1755075480000,1755075539000,1.37623,1.37634,1.37623,1.37629,138840000,1
1755075540000,1755075599000,1.37628,1.37635,1.37626,1.37629,122730000,1
1755075600000,1755075659000,1.37627,1.37629,1.37619,1.37625,205260000,1
1755075660000,1755075719000,1.37625,1.37626,1.37611,1.37613,80880000,1
1755075720000,1755075779000,1.37614,1.37614,1.37607,1.37613,40350000,1
1755075780000,1755075839000,1.37614,1.37614,1.37605,1.37606,28800000,1
1755075840000,1755075899000,1.37606,1.37611,1.37603,1.37603,34050000,1
1755075900000,1755075959000,1.37603,1.37605,1.37601,1.37604,22500000,1
1755075960000,1755076019000,1.37601,1.37611,1.37596,1.37609,72450000,1
1755076020000,1755076079000,1.37609,1.37609,1.37598,1.37599,57150000,1
1755076080000,1755076139000,1.37598,1.37607,1.37597,1.37602,52800000,1
1755076140000,1755076199000,1.37602,1.37606,1.37596,1.37604,40740000,1
1755076200000,1755076259000,1.37604,1.37605,1.37599,1.37605,26250000,1
1755076260000,1755076319000,1.37605,1.37618,1.37605,1.37608,88080000,1
1755076320000,1755076379000,1.3761,1.37615,1.37608,1.37612,99630000,1
1755076380000,1755076439000,1.37612,1.37613,1.37593,1.37594,95670000,1
1755076440000,1755076499000,1.37594,1.37595,1.37583,1.37587,113970000,1
1755076500000,1755076559000,1.37585,1.37595,1.37585,1.37593,60270000,1
1755076560000,1755076619000,1.37592,1.376,1.37591,1.37593,125490000,1
1755076620000,1755076679000,1.37592,1.37595,1.37584,1.37585,93570000,1
1755076680000,1755076739000,1.37587,1.37592,1.37585,1.37586,96240000,1
1755076740000,1755076799000,1.37586,1.37588,1.37571,1.37576,134880000,1
1755076800000,1755076859000,1.37575,1.37576,1.37572,1.37574,87690000,1
1755076860000,1755076919000,1.37574,1.37574,1.37563,1.37564,132180000,1
1755076920000,1755076979000,1.37564,1.37565,1.37545,1.37551,238710000,1
1755076980000,1755077039000,1.3755,1.37554,1.37548,1.3755,144870000,1
1755077040000,1755077099000,1.37549,1.37552,1.37533,1.37535,183750000,1
1755077100000,1755077159000,1.37539,1.37539,1.37533,1.37536,142560000,1
1755077160000,1755077219000,1.37537,1.3755,1.37533,1.37544,170490000,1
1755077220000,1755077279000,1.37544,1.37553,1.37534,1.37553,180990000,1
1755077280000,1755077339000,1.37555,1.37565,1.37554,1.37555,107760000,1
1755077340000,1755077399000,1.37555,1.37565,1.37555,1.3756,128220000,1
1755077400000,1755077459000,1.37559,1.37563,1.37548,1.3755,127740000,1
1755077460000,1755077519000,1.3755,1.37559,1.37547,1.37552,201450000,1
1755077520000,1755077579000,1.37551,1.37551,1.37544,1.37545,98070000,1
1755077580000,1755077639000,1.37545,1.37549,1.37533,1.37535,124770000,1
1755077640000,1755077699000,1.37535,1.37562,1.37534,1.37561,119250000,1
1755077700000,1755077759000,1.37561,1.37573,1.37556,1.37572,116280000,1
1755077760000,1755077819000,1.37573,1.37574,1.37571,1.37573,60060000,1
1755077820000,1755077879000,1.37573,1.37575,1.37572,1.37572,43230000,1
1755077880000,1755077939000,1.37574,1.3758,1.37565,1.3757,94050000,1
1755077940000,1755077999000,1.37569,1.37569,1.37551,1.37563,116100000,1
1755078000000,1755078059000,1.37562,1.37573,1.37553,1.37569,81000000,1
1755078060000,1755078119000,1.37569,1.37577,1.37565,1.37569,119400000,1
1755078120000,1755078179000,1.37568,1.37569,1.37547,1.37549,66150000,1
1755078180000,1755078239000,1.3755,1.37563,1.3755,1.37559,61650000,1
1755078240000,1755078299000,1.37559,1.37566,1.37559,1.37563,94500000,1
1755078300000,1755078359000,1.37564,1.37567,1.37556,1.3756,57540000,1
1755078360000,1755078419000,1.37561,1.37563,1.37556,1.3756,66780000,1
1755078420000,1755078479000,1.37562,1.37562,1.37545,1.37546,79740000,1
1755078480000,1755078539000,1.37546,1.37546,1.37536,1.37538,58290000,1
1755078540000,1755078599000,1.37538,1.37546,1.37536,1.37545,98040000,1
1755078600000,1755078659000,1.37544,1.37548,1.37539,1.37541,79860000,1
1755078660000,1755078719000,1.3754,1.37541,1.37533,1.37534,94080000,1
1755078720000,1755078779000,1.37533,1.37538,1.37532,1.37533,98970000,1
1755078780000,1755078839000,1.37534,1.37536,1.37529,1.37536,71250000,1
1755078840000,1755078899000,1.37537,1.37537,1.37516,1.37516,126000000,1
1755078900000,1755078959000,1.37517,1.37524,1.37516,1.37519,47850000,1
1755078960000,1755079019000,1.37518,1.37538,1.37516,1.37537,88350000,1
1755079020000,1755079079000,1.37538,1.37539,1.37523,1.37527,198690000,1
1755079080000,1755079139000,1.37527,1.37539,1.37525,1.37531,188130000,1
1755079140000,1755079199000,1.37532,1.37533,1.37517,1.37518,150240000,1
1755079200000,1755079259000,1.37519,1.37521,1.37513,1.37518,77790000,1
1755079260000,1755079319000,1.37518,1.37529,1.3751,1.37526,105510000,1
1755079320000,1755079379000,1.37526,1.37527,1.37516,1.37519,115020000,1
1755079380000,1755079439000,1.37518,1.37525,1.37517,1.37524,100980000,1
1755079440000,1755079499000,1.37524,1.3754,1.37524,1.37538,132060000,1
1755079500000,1755079559000,1.37537,1.37549,1.37537,1.37543,130770000,1
1755079560000,1755079619000,1.37543,1.3755,1.37537,1.3755,104610000,1
1755079620000,1755079679000,1.3755,1.3755,1.37546,1.3755,51450000,1
1755079680000,1755079739000,1.3755,1.37551,1.37537,1.37542,113070000,1
1755079740000,1755079799000,1.3754,1.37547,1.37538,1.37544,152430000,1
1755079800000,1755079859000,1.37544,1.37546,1.37536,1.37544,126210000,1
1755079860000,1755079919000,1.37545,1.37549,1.37537,1.37537,97080000,1
1755079920000,1755079979000,1.37538,1.37539,1.37535,1.37538,57180000,1
1755079980000,1755080039000,1.37539,1.37541,1.37538,1.37539,27750000,1
1755080040000,1755080099000,1.37538,1.37538,1.3753,1.37536,31470000,1
1755080100000,1755080159000,1.37535,1.37547,1.37535,1.37536,55620000,1
1755080160000,1755080219000,1.37537,1.37538,1.37536,1.37537,24000000,1
1755080220000,1755080279000,1.37537,1.37554,1.37537,1.37547,68700000,1
1755080280000,1755080339000,1.37547,1.37549,1.37541,1.37547,106470000,1
1755080340000,1755080399000,1.37546,1.37559,1.37546,1.37557,104550000,1
1755080400000,1755080459000,1.37556,1.37562,1.37556,1.37561,41550000,1
1755080460000,1755080519000,1.37562,1.37567,1.37559,1.37567,145500000,1
1755080520000,1755080579000,1.37568,1.37574,1.37568,1.37572,62250000,1
1755080580000,1755080639000,1.37573,1.37578,1.37572,1.37576,94770000,1
1755080640000,1755080699000,1.37575,1.37577,1.37574,1.37576,24000000,1
1755080700000,1755080759000,1.37579,1.37587,1.37579,1.37584,41100000,1
1755080760000,1755080819000,1.37585,1.37591,1.37585,1.37591,73950000,1
1755080820000,1755080879000,1.37592,1.37592,1.37585,1.37585,30900000,1
1755080880000,1755080939000,1.37584,1.37585,1.37576,1.37577,104700000,1
1755080940000,1755080999000,1.37576,1.37581,1.37576,1.3758,81210000,1
1755081000000,1755081059000,1.3758,1.37581,1.37571,1.37571,100050000,1
1755081060000,1755081119000,1.37569,1.37584,1.37568,1.37582,90090000,1
1755081120000,1755081179000,1.37583,1.37586,1.37582,1.37585,41430000,1
1755081180000,1755081239000,1.37582,1.37588,1.37582,1.37586,47550000,1
1755081240000,1755081299000,1.37585,1.37593,1.37584,1.3759,52140000,1
1755081300000,1755081359000,1.3759,1.37592,1.37586,1.37586,57600000,1
1755081360000,1755081419000,1.37586,1.37586,1.37574,1.37575,33300000,1
1755081420000,1755081479000,1.37574,1.37581,1.37573,1.3758,78540000,1
1755081480000,1755081539000,1.3758,1.37581,1.37575,1.37577,86670000,1
1755081540000,1755081599000,1.37577,1.37579,1.37572,1.37578,93720000,1
1755081600000,1755081659000,1.37578,1.37588,1.37578,1.3758,62940000,1
1755081660000,1755081719000,1.3758,1.3758,1.37568,1.37573,121590000,1
1755081720000,1755081779000,1.37573,1.37574,1.37568,1.37574,29970000,1
1755081780000,1755081839000,1.37573,1.37576,1.37572,1.37575,68310000,1
1755081840000,1755081899000,1.37577,1.37579,1.37572,1.37572,66480000,1
1755081900000,1755081959000,1.37573,1.37577,1.37567,1.37577,70740000,1
1755081960000,1755082019000,1.37577,1.37589,1.37576,1.37589,85980000,1
1755082020000,1755082079000,1.37589,1.37589,1.37584,1.37586,70950000,1
1755082080000,1755082139000,1.37586,1.3759,1.37586,1.37588,53700000,1
1755082140000,1755082199000,1.37587,1.37588,1.37582,1.37584,58170000,1
1755082200000,1755082259000,1.37583,1.37584,1.37577,1.37584,67680000,1
1755082260000,1755082319000,1.37583,1.37584,1.37578,1.37579,56430000,1
1755082320000,1755082379000,1.3758,1.37586,1.37576,1.37577,60360000,1
1755082380000,1755082439000,1.37579,1.37582,1.37575,1.37576,48300000,1
1755082440000,1755082499000,1.37576,1.37576,1.37566,1.37566,71010000,1
1755082500000,1755082559000,1.37566,1.37576,1.37566,1.37574,63330000,1
1755082560000,1755082619000,1.37575,1.37582,1.37573,1.37579,42300000,1
1755082620000,1755082679000,1.37577,1.37577,1.37566,1.37571,72060000,1
1755082680000,1755082739000,1.3757,1.3757,1.37566,1.37569,79050000,1
1755082740000,1755082799000,1.3757,1.37571,1.37566,1.3757,69810000,1
1755082800000,1755082859000,1.37571,1.37591,1.37571,1.37586,87570000,1
1755082860000,1755082919000,1.37586,1.37586,1.37569,1.37574,56310000,1
1755082920000,1755082979000,1.37575,1.37588,1.37574,1.37588,78460000,1
1755082980000,1755083039000,1.37587,1.37596,1.37585,1.37585,95070000,1
1755083040000,1755083099000,1.37584,1.37596,1.37584,1.37594,115050000,1
1755083100000,1755083159000,1.37594,1.37595,1.37587,1.37594,104340000,1
1755083160000,1755083219000,1.37595,1.37597,1.37594,1.37595,83490000,1
1755083220000,1755083279000,1.37595,1.37595,1.37593,1.37595,62460000,1
1755083280000,1755083339000,1.37596,1.37606,1.37588,1.37601,188280000,1
1755083340000,1755083399000,1.37597,1.37611,1.37593,1.37608,169200000,1
1755083400000,1755083459000,1.37609,1.37614,1.37602,1.37603,109110000,1
1755083460000,1755083519000,1.37602,1.37611,1.37602,1.37606,27720000,1
1755083520000,1755083579000,1.37604,1.37615,1.37602,1.37614,101910000,1
1755083580000,1755083639000,1.37614,1.37615,1.37611,1.37614,57600000,1
1755083640000,1755083699000,1.37614,1.37617,1.37611,1.37613,57630000,1
1755083700000,1755083759000,1.37613,1.37614,1.37605,1.37605,41670000,1
1755083760000,1755083819000,1.37605,1.37607,1.37599,1.37607,96300000,1
1755083820000,1755083879000,1.37606,1.37623,1.37606,1.37621,60600000,1
1755083880000,1755083939000,1.37621,1.37631,1.37621,1.37624,50280000,1
1755083940000,1755083999000,1.37625,1.37636,1.37625,1.37636,25050000,1
1755084000000,1755084059000,1.37635,1.37636,1.37625,1.3763,91320000,1
1755084060000,1755084119000,1.37629,1.37629,1.37624,1.37624,42240000,1
1755084120000,1755084179000,1.37622,1.37622,1.37597,1.37602,64590000,1
1755084180000,1755084239000,1.37602,1.37605,1.37602,1.37602,106050000,1
1755084240000,1755084299000,1.37601,1.37603,1.37592,1.37602,170790000,1
1755084300000,1755084359000,1.37602,1.37621,1.37601,1.37621,204570000,1
1755084360000,1755084419000,1.37619,1.37619,1.376,1.37608,100050000,1
1755084420000,1755084479000,1.37608,1.37608,1.37598,1.37602,121950000,1
1755084480000,1755084539000,1.37601,1.37605,1.37598,1.37599,124950000,1
1755084540000,1755084599000,1.37598,1.37601,1.37597,1.376,127350000,1
1755084600000,1755084659000,1.37601,1.37605,1.37594,1.37599,143400000,1
1755084660000,1755084719000,1.37599,1.376,1.37597,1.37597,37200000,1
1755084720000,1755084779000,1.37597,1.37602,1.37594,1.37602,77460000,1
1755084780000,1755084839000,1.37601,1.37603,1.37596,1.376,139290000,1
1755084840000,1755084899000,1.37601,1.37607,1.37595,1.37604,94740000,1
1755084900000,1755084959000,1.37604,1.37608,1.37603,1.37604,88260000,1
1755084960000,1755085019000,1.37604,1.37607,1.37596,1.37604,67380000,1
1755085020000,1755085079000,1.37604,1.37606,1.37603,1.37604,51420000,1
1755085080000,1755085139000,1.37604,1.37606,1.37599,1.37604,72960000,1
1755085140000,1755085199000,1.37603,1.3761,1.37603,1.37609,146370000,1
1755085200000,1755085259000,1.37609,1.37609,1.37594,1.37595,121410000,1
1755085260000,1755085319000,1.37596,1.37596,1.37585,1.37585,79620000,1
1755085320000,1755085379000,1.37586,1.37587,1.37571,1.37573,129570000,1
1755085380000,1755085439000,1.37573,1.37588,1.3756,1.37561,180600000,1
1755085440000,1755085499000,1.37561,1.37573,1.37556,1.37564,201870000,1
1755085500000,1755085559000,1.37565,1.37575,1.37565,1.37574,76920000,1
1755085560000,1755085619000,1.37573,1.37575,1.37562,1.37564,205860000,1
1755085620000,1755085679000,1.37565,1.37565,1.37554,1.37555,87270000,1
1755085680000,1755085739000,1.37554,1.37556,1.37546,1.37546,126300000,1
1755085740000,1755085799000,1.37546,1.37558,1.37538,1.37558,137460000,1
1755085800000,1755085859000,1.37558,1.37558,1.37555,1.37557,102660000,1
1755085860000,1755085919000,1.37557,1.37558,1.37551,1.37554,137070000,1
1755085920000,1755085979000,1.37554,1.37555,1.37537,1.37538,154140000,1
1755085980000,1755086039000,1.37538,1.37549,1.37525,1.37549,151200000,1
1755086040000,1755086099000,1.37547,1.3755,1.3754,1.3755,47370000,1
1755086100000,1755086159000,1.37549,1.37551,1.37538,1.37551,52350000,1
1755086160000,1755086219000,1.37552,1.37554,1.37546,1.37549,24540000,1
1755086220000,1755086279000,1.37548,1.37561,1.37548,1.37559,49650000,1
1755086280000,1755086339000,1.37558,1.3756,1.37558,1.37559,6300000,1
1755086340000,1755086399000,1.3756,1.37562,1.3756,1.37561,16800000,1
1755086400000,1755086459000,1.3756,1.37564,1.37552,1.3756,80430000,1
1755086460000,1755086519000,1.3756,1.3756,1.37548,1.3755,69060000,1
1755086520000,1755086579000,1.37549,1.37553,1.37548,1.37549,35100000,1
1755086580000,1755086639000,1.37549,1.37579,1.37549,1.37578,63900000,1
1755086640000,1755086699000,1.37579,1.37587,1.37569,1.3757,106380000,1
1755086700000,1755086759000,1.37568,1.37568,1.37557,1.37558,50400000,1
1755086760000,1755086819000,1.37558,1.37567,1.37558,1.3756,54390000,1
1755086820000,1755086879000,1.37559,1.3756,1.37548,1.37558,44430000,1
1755086880000,1755086939000,1.37558,1.37567,1.37556,1.37567,63600000,1
1755086940000,1755086999000,1.37568,1.3758,1.37568,1.3758,81000000,1
1755087000000,1755087059000,1.3758,1.37588,1.37571,1.37587,95370000,1
1755087060000,1755087119000,1.37587,1.37595,1.37581,1.37581,45000000,1
1755087120000,1755087179000,1.37582,1.37586,1.37578,1.37586,40050000,1
1755087180000,1755087239000,1.37588,1.37594,1.37583,1.37586,77970000,1
1755087240000,1755087299000,1.37587,1.37587,1.37577,1.37581,71880000,1
1755087300000,1755087359000,1.3758,1.3758,1.3757,1.3757,56820000,1
1755087360000,1755087419000,1.37569,1.3757,1.37563,1.37563,34650000,1
1755087420000,1755087479000,1.3756,1.37579,1.3756,1.37579,71790000,1
1755087480000,1755087539000,1.3758,1.37597,1.3758,1.37596,80580000,1
1755087540000,1755087599000,1.37596,1.37602,1.37588,1.37593,58590000,1
1755087600000,1755087659000,1.37594,1.37599,1.37586,1.37589,133800000,1
1755087660000,1755087719000,1.37588,1.37589,1.37566,1.37569,162090000,1
1755087720000,1755087779000,1.37571,1.37578,1.37568,1.37576,68340000,1
1755087780000,1755087839000,1.37577,1.37596,1.37576,1.37596,35850000,1
1755087840000,1755087899000,1.37598,1.37598,1.37593,1.37596,23970000,1
1755087900000,1755087959000,1.37595,1.37597,1.3758,1.37584,115740000,1
1755087960000,1755088019000,1.37586,1.37597,1.37585,1.37595,122820000,1
1755088020000,1755088079000,1.37596,1.3761,1.37585,1.37605,73410000,1
1755088080000,1755088139000,1.37604,1.37621,1.37602,1.37621,156150000,1
1755088140000,1755088199000,1.37622,1.37625,1.37619,1.3762,68730000,1
1755088200000,1755088259000,1.37618,1.3763,1.37612,1.37629,93720000,1
1755088260000,1755088319000,1.37631,1.37637,1.3763,1.3763,111720000,1
1755088320000,1755088379000,1.37631,1.37635,1.37622,1.37625,37710000,1
1755088380000,1755088439000,1.37624,1.37634,1.3762,1.3762,126480000,1
1755088440000,1755088499000,1.3762,1.3762,1.37611,1.37611,104700000,1
1755088500000,1755088559000,1.37613,1.37616,1.37608,1.37611,44100000,1
1755088560000,1755088619000,1.37611,1.37618,1.37607,1.37607,73470000,1
1755088620000,1755088679000,1.37609,1.3761,1.37606,1.37609,56220000,1
1755088680000,1755088739000,1.37609,1.37633,1.37607,1.37626,67230000,1
1755088740000,1755088799000,1.37628,1.37637,1.37621,1.37633,143580000,1
1755088800000,1755088859000,1.37634,1.37646,1.3763,1.37646,75210000,1
1755088860000,1755088919000,1.37646,1.37656,1.37644,1.37654,91920000,1
1755088920000,1755088979000,1.37654,1.37668,1.37653,1.37665,69570000,1
1755088980000,1755089039000,1.37664,1.37672,1.37662,1.3767,35370000,1
1755089040000,1755089099000,1.37673,1.37673,1.37652,1.37653,50130000,1
1755089100000,1755089159000,1.37653,1.37673,1.37653,1.37671,58890000,1
1755089160000,1755089219000,1.37672,1.37672,1.37649,1.37651,122310000,1
1755089220000,1755089279000,1.37651,1.3766,1.3765,1.37651,100800000,1
1755089280000,1755089339000,1.37652,1.37662,1.37651,1.37661,123300000,1
1755089340000,1755089399000,1.37668,1.37691,1.37668,1.37682,88050000,1
1755089400000,1755089459000,1.37684,1.37698,1.37684,1.37691,104550000,1
1755089460000,1755089519000,1.3769,1.3771,1.3769,1.37703,63390000,1
1755089520000,1755089579000,1.37701,1.37703,1.37696,1.377,50400000,1
1755089580000,1755089639000,1.377,1.377,1.37667,1.37678,117330000,1
1755089640000,1755089699000,1.37679,1.37689,1.37678,1.3768,129810000,1
1755089700000,1755089759000,1.37683,1.37699,1.37683,1.3769,136080000,1
1755089760000,1755089819000,1.3769,1.37694,1.37688,1.37691,62610000,1
1755089820000,1755089879000,1.37689,1.37691,1.37679,1.37682,79230000,1
1755089880000,1755089939000,1.37681,1.37699,1.37678,1.37696,82230000,1
1755089940000,1755089999000,1.37697,1.37703,1.37697,1.37701,77100000,1
1755090000000,1755090059000,1.37702,1.37726,1.37702,1.37705,137310000,1
1755090060000,1755090119000,1.37704,1.37722,1.37702,1.37717,85770000,1
1755090120000,1755090179000,1.37719,1.37728,1.37719,1.37722,61890000,1
1755090180000,1755090239000,1.37723,1.37747,1.37723,1.37744,87450000,1
1755090240000,1755090299000,1.37745,1.37746,1.37724,1.3774,141540000,1
1755090300000,1755090359000,1.37739,1.37742,1.37721,1.37722,148800000,1
1755090360000,1755090419000,1.37724,1.37731,1.37721,1.37725,76590000,1
1755090420000,1755090479000,1.37726,1.37732,1.37723,1.37726,103590000,1
1755090480000,1755090539000,1.37728,1.3773,1.37727,1.3773,27900000,1
1755090540000,1755090599000,1.3773,1.37736,1.37725,1.3773,141000000,1
1755090600000,1755090659000,1.37731,1.37737,1.37725,1.37727,55200000,1
1755090660000,1755090719000,1.37729,1.37732,1.37723,1.37726,56760000,1
1755090720000,1755090779000,1.37728,1.37734,1.37727,1.37727,85740000,1
1755090780000,1755090839000,1.37727,1.37728,1.37716,1.37716,78510000,1
1755090840000,1755090899000,1.37715,1.37717,1.37705,1.37716,162330000,1
1755090900000,1755090959000,1.37716,1.37734,1.3771,1.37714,106770000,1
1755090960000,1755091019000,1.37713,1.37735,1.37707,1.37729,192960000,1
1755091020000,1755091079000,1.3773,1.37739,1.37727,1.37731,55740000,1
1755091080000,1755091139000,1.37729,1.37741,1.37729,1.37734,41460000,1
1755091140000,1755091199000,1.37735,1.37741,1.37735,1.37738,71550000,1
1755091200000,1755091259000,1.37735,1.37742,1.37732,1.37738,46350000,1
1755091260000,1755091319000,1.37737,1.37737,1.37715,1.37715,78750000,1
1755091320000,1755091379000,1.37715,1.37717,1.37697,1.37698,126300000,1
1755091380000,1755091439000,1.37697,1.37709,1.37697,1.37709,112380000,1
1755091440000,1755091499000,1.37708,1.37708,1.37682,1.37682,62850000,1
1755091500000,1755091559000,1.37684,1.37689,1.37682,1.37688,90360000,1
1755091560000,1755091619000,1.37691,1.37699,1.37687,1.37699,58980000,1
1755091620000,1755091679000,1.37698,1.37699,1.37692,1.37694,23250000,1
1755091680000,1755091739000,1.37692,1.37692,1.37684,1.37686,45750000,1
1755091740000,1755091799000,1.37687,1.37698,1.37683,1.37695,66450000,1
1755091800000,1755091859000,1.37695,1.37697,1.37684,1.37693,91140000,1
1755091860000,1755091919000,1.37691,1.37695,1.37688,1.37691,72690000,1
1755091920000,1755091979000,1.37692,1.37697,1.37683,1.37685,80880000,1
1755091980000,1755092039000,1.37684,1.37689,1.37676,1.37682,118740000,1
1755092040000,1755092099000,1.37682,1.37691,1.3768,1.37689,60000000,1
1755092100000,1755092159000,1.37688,1.37697,1.37688,1.37689,89460000,1
1755092160000,1755092219000,1.37689,1.37711,1.37682,1.37711,86280000,1
1755092220000,1755092279000,1.37708,1.37708,1.3768,1.3768,87900000,1
1755092280000,1755092339000,1.3768,1.3769,1.37675,1.37677,190200000,1
1755092340000,1755092399000,1.37675,1.37687,1.37668,1.37686,228090000,1
1755092400000,1755092459000,1.37687,1.37693,1.37681,1.37681,138750000,1
1755092460000,1755092519000,1.37682,1.37684,1.37666,1.3768,64530000,1
1755092520000,1755092579000,1.37681,1.37687,1.37676,1.3768,116220000,1
1755092580000,1755092639000,1.37678,1.37678,1.37648,1.37659,224250000,1
1755092640000,1755092699000,1.37661,1.37661,1.37653,1.37657,177450000,1
1755092700000,1755092759000,1.37659,1.37675,1.37657,1.37668,161940000,1
1755092760000,1755092819000,1.37667,1.37671,1.37647,1.37648,158790000,1
1755092820000,1755092879000,1.37649,1.3765,1.37629,1.37629,195600000,1
1755092880000,1755092939000,1.3763,1.37635,1.37619,1.37635,196080000,1
1755092940000,1755092999000,1.37634,1.37637,1.37624,1.37636,106500000,1
1755093000000,1755093059000,1.37634,1.37644,1.37627,1.37644,86400000,1
1755093060000,1755093119000,1.37645,1.37646,1.37634,1.3764,49200000,1
1755093120000,1755093179000,1.3764,1.37641,1.37612,1.37617,127050000,1
1755093180000,1755093239000,1.37618,1.3763,1.37614,1.37624,141030000,1
1755093240000,1755093299000,1.37623,1.37634,1.37621,1.37626,75420000,1
1755093300000,1755093359000,1.37625,1.37634,1.3762,1.37633,81780000,1
1755093360000,1755093419000,1.37635,1.3764,1.37622,1.37624,212490000,1
1755093420000,1755093479000,1.37625,1.37639,1.37624,1.37635,177090000,1
1755093480000,1755093539000,1.37635,1.37644,1.37633,1.37639,118800000,1
1755093540000,1755093599000,1.37637,1.37641,1.37617,1.37621,165090000,1
1755093600000,1755093659000,1.37622,1.37638,1.37621,1.37635,132480000,1
1755093660000,1755093719000,1.37635,1.37651,1.37635,1.3764,97860000,1
1755093720000,1755093779000,1.3764,1.37651,1.3764,1.37645,79200000,1
1755093780000,1755093839000,1.37644,1.37644,1.37607,1.37607,94500000,1
1755093840000,1755093899000,1.37606,1.37624,1.37599,1.37623,137640000,1
1755093900000,1755093959000,1.37623,1.37632,1.37619,1.37631,112410000,1
1755093960000,1755094019000,1.37632,1.37632,1.37612,1.37619,127290000,1
1755094020000,1755094079000,1.3762,1.37636,1.37619,1.37635,110490000,1
1755094080000,1755094139000,1.37634,1.37662,1.37634,1.37642,124620000,1
1755094140000,1755094199000,1.37642,1.37643,1.37622,1.37633,146550000,1
1755094200000,1755094259000,1.37634,1.37643,1.37621,1.37623,99600000,1
1755094260000,1755094319000,1.37624,1.37629,1.37614,1.37614,108450000,1
1755094320000,1755094379000,1.37615,1.37616,1.37605,1.37608,124290000,1
1755094380000,1755094439000,1.37608,1.37645,1.37606,1.37643,101490000,1
1755094440000,1755094499000,1.37642,1.37645,1.37632,1.37632,133350000,1
1755094500000,1755094559000,1.37632,1.37637,1.3762,1.37635,123570000,1
1755094560000,1755094619000,1.37636,1.37644,1.37626,1.37629,122160000,1
1755094620000,1755094679000,1.37629,1.37644,1.37619,1.37643,106800000,1
1755094680000,1755094739000,1.37642,1.37644,1.37621,1.37621,96450000,1
1755094740000,1755094799000,1.37621,1.37632,1.37621,1.37624,93450000,1
1755094800000,1755094859000,1.37629,1.37636,1.37607,1.37625,135990000,1
1755094860000,1755094919000,1.37627,1.37642,1.37625,1.37628,122430000,1
1755094920000,1755094979000,1.37627,1.37635,1.37625,1.37635,72840000,1
1755094980000,1755095039000,1.37634,1.37641,1.37625,1.37637,70800000,1
1755095040000,1755095099000,1.37638,1.37653,1.37635,1.37646,95640000,1
1755095100000,1755095159000,1.37646,1.37663,1.37645,1.3766,86400000,1
1755095160000,1755095219000,1.3766,1.37662,1.3764,1.3764,72600000,1
1755095220000,1755095279000,1.37639,1.37639,1.37586,1.37586,143160000,1
1755095280000,1755095339000,1.37587,1.37593,1.37585,1.37588,81840000,1
1755095340000,1755095399000,1.37588,1.37602,1.37583,1.37597,162690000,1
1755095400000,1755095459000,1.37596,1.37605,1.3758,1.37595,174300000,1
1755095460000,1755095519000,1.37596,1.37599,1.37593,1.37594,106200000,1
1755095520000,1755095579000,1.37594,1.37595,1.37583,1.3759,102120000,1
1755095580000,1755095639000,1.37587,1.3759,1.37584,1.37584,65520000,1
1755095640000,1755095699000,1.37584,1.37594,1.37584,1.37594,58050000,1
1755095700000,1755095759000,1.37595,1.37599,1.37586,1.37591,113070000,1
1755095760000,1755095819000,1.37592,1.37596,1.37585,1.37594,82350000,1
1755095820000,1755095879000,1.37593,1.37597,1.37587,1.37589,107100000,1
1755095880000,1755095939000,1.37589,1.3759,1.37585,1.37586,69040000,1
1755095940000,1755095999000,1.37581,1.37589,1.37577,1.37578,108420000,1
1755096000000,1755096059000,1.37577,1.37578,1.37557,1.37558,160200000,1
1755096060000,1755096119000,1.37558,1.37574,1.37555,1.37566,142650000,1
1755096120000,1755096179000,1.37568,1.37578,1.37566,1.37578,61740000,1
1755096180000,1755096239000,1.37581,1.37613,1.37581,1.37607,116550000,1
1755096240000,1755096299000,1.37607,1.37625,1.37607,1.37625,90450000,1
1755096300000,1755096359000,1.37624,1.37644,1.37624,1.37643,93990000,1
1755096360000,1755096419000,1.37643,1.37654,1.37642,1.37653,81510000,1
1755096420000,1755096479000,1.37652,1.37701,1.37652,1.377,136590000,1
1755096480000,1755096539000,1.377,1.37722,1.37692,1.37693,182640000,1
1755096540000,1755096599000,1.37693,1.37695,1.37669,1.37674,221400000,1
1755096600000,1755096659000,1.37674,1.37676,1.37643,1.37651,220500000,1
1755096660000,1755096719000,1.37652,1.37682,1.37652,1.37671,136590000,1
1755096720000,1755096779000,1.3767,1.3767,1.37634,1.37636,165720000,1
1755096780000,1755096839000,1.37637,1.37653,1.37635,1.37641,134910000,1
1755096840000,1755096899000,1.37643,1.37645,1.3763,1.3763,132300000,1
1755096900000,1755096959000,1.3763,1.37642,1.3763,1.37641,112620000,1
1755096960000,1755097019000,1.3764,1.37641,1.37611,1.37611,84450000,1
1755097020000,1755097079000,1.37612,1.3762,1.37595,1.37608,202800000,1
1755097080000,1755097139000,1.3761,1.3762,1.37606,1.37615,329730000,1
1755097140000,1755097199000,1.37616,1.3762,1.37603,1.37604,461010000,1
1755097200000,1755097259000,1.37604,1.37614,1.376,1.37608,348690000,1
1755097260000,1755097319000,1.37611,1.37616,1.37602,1.37613,362640000,1
1755097320000,1755097379000,1.37614,1.3763,1.37602,1.3763,246330000,1
1755097380000,1755097439000,1.37629,1.37656,1.37627,1.37656,137370000,1
1755097440000,1755097499000,1.37658,1.37661,1.37638,1.37655,211750000,1
1755097500000,1755097559000,1.37655,1.37666,1.37655,1.37662,165720000,1
1755097560000,1755097619000,1.37663,1.37681,1.37651,1.37655,127630000,1
1755097620000,1755097679000,1.37653,1.3766,1.37639,1.37642,212170000,1
1755097680000,1755097739000,1.37641,1.37666,1.3764,1.37666,99180000,1
1755097740000,1755097799000,1.37667,1.37681,1.3766,1.37662,175800000,1
1755097800000,1755097859000,1.37663,1.37666,1.37654,1.37662,104550000,1
1755097860000,1755097919000,1.37664,1.37669,1.37654,1.37666,135450000,1
1755097920000,1755097979000,1.37666,1.37683,1.37664,1.37679,126000000,1
1755097980000,1755098039000,1.3768,1.3768,1.37661,1.37662,151080000,1
1755098040000,1755098099000,1.37662,1.37674,1.37661,1.3767,81180000,1
1755098100000,1755098159000,1.37669,1.37673,1.37658,1.37663,116880000,1
1755098160000,1755098219000,1.37663,1.37688,1.37662,1.37681,139650000,1
1755098220000,1755098279000,1.3768,1.37692,1.3768,1.37692,98100000,1
1755098280000,1755098339000,1.37691,1.37712,1.3769,1.37708,101430000,1
1755098340000,1755098399000,1.37709,1.37709,1.37681,1.37681,78480000,1
1755098400000,1755098459000,1.3768,1.37687,1.37678,1.37685,67500000,1
1755098460000,1755098519000,1.37685,1.37691,1.37682,1.37683,82650000,1
1755098520000,1755098579000,1.37683,1.37687,1.37678,1.37683,100500000,1
1755098580000,1755098639000,1.37683,1.37683,1.37674,1.3768,55050000,1
1755098640000,1755098699000,1.3768,1.37681,1.37661,1.37662,114480000,1
1755098700000,1755098759000,1.37662,1.37672,1.37662,1.3767,85140000,1
1755098760000,1755098819000,1.3767,1.37676,1.3766,1.3766,68100000,1
1755098820000,1755098879000,1.37659,1.37675,1.37658,1.3767,100260000,1
1755098880000,1755098939000,1.37671,1.37681,1.37668,1.3768,92580000,1
1755098940000,1755098999000,1.37679,1.37689,1.37673,1.37675,97650000,1
1755099000000,1755099059000,1.37673,1.37673,1.37653,1.37655,90090000,1
1755099060000,1755099119000,1.37656,1.37667,1.37652,1.37656,123960000,1
1755099120000,1755099179000,1.37655,1.37657,1.37642,1.37643,95400000,1
1755099180000,1755099239000,1.37644,1.37647,1.37641,1.37643,33300000,1
1755099240000,1755099299000,1.37642,1.37642,1.37626,1.37626,45840000,1
1755099300000,1755099359000,1.37626,1.37626,1.37618,1.37625,44070000,1
1755099360000,1755099419000,1.37625,1.37644,1.37625,1.37633,65700000,1
1755099420000,1755099479000,1.37634,1.37644,1.37626,1.37626,75450000,1
1755099480000,1755099539000,1.37625,1.37627,1.37614,1.37626,43140000,1
1755099540000,1755099599000,1.37626,1.37633,1.37616,1.37622,83700000,1
1755099600000,1755099659000,1.37622,1.37649,1.37622,1.37645,108600000,1
1755099660000,1755099719000,1.37644,1.37644,1.37637,1.37643,75870000,1
1755099720000,1755099779000,1.37641,1.37642,1.37632,1.37641,54450000,1
1755099780000,1755099839000,1.37642,1.37647,1.37642,1.37644,31590000,1
1755099840000,1755099899000,1.37646,1.37651,1.37638,1.37645,78300000,1
1755099900000,1755099959000,1.37644,1.37653,1.37643,1.37652,59700000,1
1755099960000,1755100019000,1.37653,1.37671,1.37652,1.37657,69750000,1
1755100020000,1755100079000,1.37658,1.37662,1.37652,1.37661,53490000,1
1755100080000,1755100139000,1.37661,1.3767,1.37661,1.37666,50700000,1
1755100140000,1755100199000,1.37667,1.37671,1.37661,1.37661,32400000,1
1755100200000,1755100259000,1.37663,1.37667,1.37653,1.37656,22950000,1
1755100260000,1755100319000,1.37657,1.37659,1.37648,1.37652,42600000,1
1755100320000,1755100379000,1.37654,1.37665,1.37654,1.37664,56520000,1
1755100380000,1755100439000,1.37663,1.37667,1.37659,1.37662,145530000,1
1755100440000,1755100499000,1.37664,1.37665,1.37652,1.37652,64200000,1
1755100500000,1755100559000,1.37653,1.37664,1.3765,1.3766,74160000,1
1755100560000,1755100619000,1.3766,1.3767,1.3766,1.37665,102120000,1
1755100620000,1755100679000,1.37666,1.37671,1.37644,1.37649,100260000,1
1755100680000,1755100739000,1.37649,1.3765,1.37639,1.3764,73350000,1
1755100740000,1755100799000,1.3764,1.37659,1.3764,1.37656,110070000,1
1755100800000,1755100859000,1.37655,1.37662,1.37652,1.37652,93000000,1
1755100860000,1755100919000,1.37653,1.37655,1.37647,1.37653,62550000,1
1755100920000,1755100979000,1.37652,1.37652,1.3764,1.3764,85320000,1
1755100980000,1755101039000,1.37639,1.37643,1.37631,1.37637,39390000,1
1755101040000,1755101099000,1.37636,1.37643,1.37636,1.37642,19980000,1
1755101100000,1755101159000,1.37642,1.37643,1.37641,1.37641,8550000,1
1755101160000,1755101219000,1.3764,1.37648,1.3764,1.37646,49140000,1
1755101220000,1755101279000,1.37647,1.37655,1.37645,1.37648,58650000,1
1755101280000,1755101339000,1.37646,1.37647,1.3764,1.37641,42000000,1
1755101340000,1755101399000,1.37641,1.37647,1.3764,1.37643,29850000,1
1755101400000,1755101459000,1.37643,1.37644,1.37636,1.37642,53190000,1
1755101460000,1755101519000,1.37642,1.37648,1.37641,1.37641,48600000,1
1755101520000,1755101579000,1.37641,1.37654,1.3764,1.37651,44700000,1
1755101580000,1755101639000,1.37651,1.37651,1.37645,1.3765,33600000,1
1755101640000,1755101699000,1.3765,1.37652,1.37647,1.37652,24000000,1
1755101700000,1755101759000,1.37653,1.37661,1.37651,1.37653,24900000,1
1755101760000,1755101819000,1.37654,1.37658,1.37653,1.37658,30300000,1
1755101820000,1755101879000,1.37657,1.37663,1.37656,1.37657,55350000,1
1755101880000,1755101939000,1.37656,1.37663,1.37655,1.37663,28050000,1
1755101940000,1755101999000,1.37661,1.3767,1.37659,1.37667,43800000,1
1755102000000,1755102059000,1.37669,1.3767,1.37665,1.37669,21000000,1
1755102060000,1755102119000,1.37669,1.3767,1.37669,1.3767,24300000,1
1755102120000,1755102179000,1.37671,1.37676,1.37671,1.37671,36150000,1
1755102180000,1755102239000,1.37671,1.37671,1.37655,1.37659,30750000,1
1755102240000,1755102299000,1.37658,1.37661,1.37655,1.37661,39750000,1
1755102300000,1755102359000,1.3766,1.37663,1.37654,1.37656,60450000,1
1755102360000,1755102419000,1.37655,1.3766,1.37655,1.3766,47250000,1
1755102420000,1755102479000,1.37661,1.37662,1.37653,1.37654,41250000,1
1755102480000,1755102539000,1.37654,1.3766,1.37653,1.37659,27090000,1
1755102540000,1755102599000,1.37658,1.37659,1.37653,1.37657,52500000,1
1755102600000,1755102659000,1.37658,1.37664,1.37657,1.37658,62850000,1
1755102660000,1755102719000,1.37657,1.37659,1.37653,1.37655,57750000,1
1755102720000,1755102779000,1.37655,1.37655,1.37645,1.37647,39900000,1
1755102780000,1755102839000,1.37645,1.37647,1.37642,1.37644,46500000,1
1755102840000,1755102899000,1.37644,1.37645,1.37642,1.37642,31050000,1
1755102900000,1755102959000,1.37642,1.37645,1.37638,1.37644,46500000,1
1755102960000,1755103019000,1.37645,1.37646,1.37642,1.37642,27150000,1
1755103020000,1755103079000,1.37643,1.37643,1.37632,1.37634,34200000,1
1755103080000,1755103139000,1.3764,1.37663,1.3764,1.37662,57450000,1
1755103140000,1755103199000,1.37662,1.37676,1.37662,1.37675,52350000,1
1755103200000,1755103259000,1.37674,1.37679,1.37672,1.37679,31500000,1
1755103260000,1755103319000,1.3768,1.37682,1.37672,1.37673,39300000,1
1755103320000,1755103379000,1.37679,1.37683,1.37679,1.37681,16800000,1
1755103380000,1755103439000,1.37682,1.37684,1.37677,1.37677,24150000,1
1755103440000,1755103499000,1.37677,1.3769,1.37677,1.37686,48900000,1
1755103500000,1755103559000,1.37686,1.37693,1.37682,1.37692,50520000,1
1755103560000,1755103619000,1.37693,1.377,1.37689,1.37699,65760000,1
1755103620000,1755103679000,1.37699,1.37702,1.37689,1.3769,68700000,1
1755103680000,1755103739000,1.3769,1.37692,1.37688,1.3769,72000000,1
1755103740000,1755103799000,1.37691,1.37692,1.37681,1.37682,58020000,1
1755103800000,1755103859000,1.37681,1.37692,1.37681,1.37692,114600000,1
1755103860000,1755103919000,1.37692,1.37692,1.37681,1.37681,69450000,1
1755103920000,1755103979000,1.37682,1.37692,1.37682,1.37692,17400000,1
1755103980000,1755104039000,1.37692,1.37693,1.37689,1.3769,58590000,1
1755104040000,1755104099000,1.3769,1.3769,1.37679,1.37682,61290000,1
1755104100000,1755104159000,1.37682,1.3769,1.3768,1.37689,139920000,1
1755104160000,1755104219000,1.3769,1.37697,1.37687,1.37691,55050000,1
1755104220000,1755104279000,1.37692,1.37693,1.3769,1.3769,18480000,1
1755104280000,1755104339000,1.3769,1.37692,1.3769,1.37691,30870000,1
1755104340000,1755104399000,1.37694,1.37699,1.37694,1.37699,40230000,1
1755104400000,1755104459000,1.37699,1.37701,1.37698,1.37699,51000000,1
1755104460000,1755104519000,1.37698,1.37698,1.37686,1.37686,30810000,1
1755104520000,1755104579000,1.37687,1.37691,1.37684,1.3769,97440000,1
1755104580000,1755104639000,1.3769,1.3769,1.37676,1.37683,34890000,1
1755104640000,1755104699000,1.37682,1.3769,1.37681,1.37689,23160000,1
1755104700000,1755104759000,1.37691,1.37693,1.37682,1.37682,48900000,1
1755104760000,1755104819000,1.37683,1.37683,1.37681,1.37681,6930000,1
1755104820000,1755104879000,1.37682,1.37684,1.37682,1.37682,25980000,1
1755104880000,1755104939000,1.37683,1.377,1.37683,1.37699,53700000,1
1755104940000,1755104999000,1.377,1.37701,1.37693,1.37694,46080000,1
1755105000000,1755105059000,1.37694,1.37699,1.37691,1.37698,73050000,1
1755105060000,1755105119000,1.37699,1.37702,1.37693,1.37693,56250000,1
1755105120000,1755105179000,1.37693,1.37693,1.3768,1.37683,95880000,1
1755105180000,1755105239000,1.37683,1.37701,1.37682,1.37697,66690000,1
1755105240000,1755105299000,1.37697,1.37706,1.37697,1.37703,39150000,1
1755105300000,1755105359000,1.37708,1.3771,1.377,1.37703,50010000,1
1755105360000,1755105419000,1.37706,1.37709,1.37692,1.37692,49620000,1
1755105420000,1755105479000,1.37692,1.377,1.37692,1.37696,35820000,1
1755105480000,1755105539000,1.37695,1.37699,1.37692,1.37699,46680000,1
1755105540000,1755105599000,1.37698,1.37698,1.37691,1.37691,33060000,1
1755105600000,1755105659000,1.3769,1.3769,1.37672,1.37672,44580000,1
1755105660000,1755105719000,1.37672,1.37672,1.37669,1.37672,33000000,1
1755105720000,1755105779000,1.37667,1.37668,1.37654,1.37656,44430000,1
1755105780000,1755105839000,1.37656,1.37657,1.37632,1.37637,71610000,1
1755105840000,1755105899000,1.37637,1.37641,1.37632,1.37633,49500000,1
1755105900000,1755105959000,1.37633,1.37646,1.37632,1.37635,78360000,1
1755105960000,1755106019000,1.37636,1.37643,1.37635,1.37642,27150000,1
1755106020000,1755106079000,1.37642,1.37653,1.37642,1.37653,37950000,1
1755106080000,1755106139000,1.37655,1.37663,1.37654,1.37663,61050000,1
1755106140000,1755106199000,1.37663,1.37675,1.37663,1.37674,52800000,1
1755106200000,1755106259000,1.37675,1.37684,1.37673,1.37673,45750000,1
1755106260000,1755106319000,1.37675,1.37683,1.37675,1.37676,37350000,1
1755106320000,1755106379000,1.37677,1.37682,1.37674,1.37681,78000000,1
1755106380000,1755106439000,1.3768,1.37685,1.37674,1.37684,39900000,1
1755106440000,1755106499000,1.37684,1.37692,1.37678,1.37686,86790000,1
1755106500000,1755106559000,1.37685,1.37686,1.3767,1.37673,68850000,1
1755106560000,1755106619000,1.37672,1.37679,1.37672,1.37678,65070000,1
1755106620000,1755106679000,1.37678,1.37684,1.37677,1.37684,29250000,1
1755106680000,1755106739000,1.37682,1.37692,1.37682,1.37691,44760000,1
1755106740000,1755106799000,1.3769,1.3769,1.37678,1.37683,65100000,1
1755106800000,1755106859000,1.37683,1.37683,1.37677,1.3768,41100000,1
1755106860000,1755106919000,1.3768,1.37683,1.37671,1.37671,27900000,1
1755106920000,1755106979000,1.37672,1.37678,1.37672,1.37672,58020000,1
1755106980000,1755107039000,1.37673,1.37679,1.37673,1.37676,34320000,1
1755107040000,1755107099000,1.37675,1.37683,1.37673,1.37683,46620000,1
1755107100000,1755107159000,1.37683,1.3769,1.37682,1.37682,35010000,1
1755107160000,1755107219000,1.37682,1.37684,1.37672,1.37674,83130000,1
1755107220000,1755107279000,1.37675,1.37682,1.37675,1.37682,50250000,1
1755107280000,1755107339000,1.37683,1.37683,1.37674,1.37679,57540000,1
1755107340000,1755107399000,1.3768,1.37682,1.37665,1.37665,38370000,1
1755107400000,1755107459000,1.37665,1.3767,1.37662,1.37666,49440000,1
1755107460000,1755107519000,1.37664,1.37666,1.37658,1.37666,48300000,1
1755107520000,1755107579000,1.37665,1.37665,1.37662,1.37665,34500000,1
1755107580000,1755107639000,1.37664,1.37676,1.37664,1.37673,42870000,1
1755107640000,1755107699000,1.37673,1.37686,1.37673,1.37683,57990000,1
1755107700000,1755107759000,1.37683,1.37685,1.37674,1.37674,73140000,1
1755107760000,1755107819000,1.37673,1.3768,1.37672,1.37679,55860000,1
1755107820000,1755107879000,1.37679,1.37686,1.37679,1.37682,51930000,1
1755107880000,1755107939000,1.37681,1.3769,1.37678,1.3769,68190000,1
1755107940000,1755107999000,1.3769,1.37696,1.37687,1.37694,72600000,1
1755108000000,1755108059000,1.37693,1.37706,1.37692,1.37693,96300000,1
1755108060000,1755108119000,1.37692,1.37702,1.37691,1.37692,122760000,1
1755108120000,1755108179000,1.37693,1.37705,1.37693,1.37704,86970000,1
1755108180000,1755108239000,1.37704,1.37705,1.37693,1.37697,119700000,1
1755108240000,1755108299000,1.37695,1.37702,1.37694,1.37694,62700000,1
1755108300000,1755108359000,1.37696,1.37696,1.37683,1.37683,94890000,1
1755108360000,1755108419000,1.37682,1.37683,1.37678,1.37682,40950000,1
1755108420000,1755108479000,1.37681,1.37694,1.37681,1.37693,39900000,1
1755108480000,1755108539000,1.37694,1.37702,1.37692,1.37702,40050000,1
1755108540000,1755108599000,1.37702,1.37704,1.37693,1.37696,75600000,1
1755108600000,1755108659000,1.37694,1.37702,1.37694,1.37701,33090000,1
1755108660000,1755108719000,1.37701,1.37713,1.37701,1.37713,33750000,1
1755108720000,1755108779000,1.37713,1.37713,1.37709,1.37711,43200000,1
1755108780000,1755108839000,1.3771,1.37712,1.37704,1.37706,56400000,1
1755108840000,1755108899000,1.37705,1.37706,1.37693,1.37694,48120000,1
1755108900000,1755108959000,1.37693,1.37695,1.37684,1.37693,66000000,1
1755108960000,1755109019000,1.37694,1.37695,1.37693,1.37694,47250000,1
1755109020000,1755109079000,1.37696,1.3772,1.37696,1.3771,86220000,1
1755109080000,1755109139000,1.3771,1.37711,1.37703,1.37707,74700000,1
1755109140000,1755109199000,1.37708,1.37708,1.37701,1.37705,61050000,1
1755109200000,1755109259000,1.37703,1.37712,1.37702,1.37709,50280000,1
1755109260000,1755109319000,1.37709,1.37713,1.37709,1.3771,37590000,1
1755109320000,1755109379000,1.3771,1.37712,1.37706,1.3771,72660000,1
1755109380000,1755109439000,1.37711,1.37722,1.37709,1.37721,41760000,1
1755109440000,1755109499000,1.37721,1.37723,1.37715,1.37715,42000000,1
1755109500000,1755109559000,1.37715,1.37722,1.37713,1.37716,63300000,1
1755109560000,1755109619000,1.37717,1.3772,1.37711,1.3772,42450000,1
1755109620000,1755109679000,1.3772,1.37732,1.3772,1.37728,59580000,1
1755109680000,1755109739000,1.37729,1.37731,1.3772,1.37721,52200000,1
1755109740000,1755109799000,1.3772,1.3772,1.37701,1.37703,38700000,1
1755109800000,1755109859000,1.37701,1.37703,1.377,1.37702,24480000,1
1755109860000,1755109919000,1.37702,1.37703,1.37695,1.377,81510000,1
1755109920000,1755109979000,1.37699,1.37702,1.37695,1.37697,66570000,1
1755109980000,1755110039000,1.37695,1.37702,1.37695,1.37698,33570000,1
1755110040000,1755110099000,1.37698,1.37698,1.37695,1.37696,74970000,1
1755110100000,1755110159000,1.37696,1.37698,1.37687,1.37693,46800000,1
1755110160000,1755110219000,1.37692,1.37693,1.3769,1.37692,31650000,1
1755110220000,1755110279000,1.37693,1.37702,1.37691,1.37701,59100000,1
1755110280000,1755110339000,1.37701,1.37702,1.37684,1.37687,58050000,1
1755110340000,1755110399000,1.37691,1.37703,1.37691,1.37698,71100000,1
1755110400000,1755110459000,1.37699,1.37704,1.37696,1.37704,44400000,1
1755110460000,1755110519000,1.37704,1.37708,1.37704,1.37708,27600000,1
1755110520000,1755110579000,1.3771,1.37723,1.3771,1.37722,25200000,1
1755110580000,1755110639000,1.37715,1.37723,1.37713,1.37722,23400000,1
1755110640000,1755110699000,1.37722,1.37722,1.37714,1.37714,20400000,1
1755110700000,1755110759000,1.37716,1.37716,1.37705,1.37707,31500000,1
1755110760000,1755110819000,1.37709,1.37728,1.37709,1.37722,36450000,1
1755110820000,1755110879000,1.37722,1.37723,1.37711,1.37712,50100000,1
1755110880000,1755110939000,1.37712,1.37713,1.3771,1.3771,23550000,1
1755110940000,1755110999000,1.37708,1.37709,1.37692,1.37692,52410000,1
1755111000000,1755111059000,1.37692,1.37693,1.3769,1.37691,19560000,1
1755111060000,1755111119000,1.37693,1.37697,1.37692,1.37694,18000000,1
1755111120000,1755111179000,1.37695,1.37703,1.37694,1.377,51840000,1
1755111180000,1755111239000,1.37701,1.37701,1.3769,1.3769,82770000,1
1755111240000,1755111299000,1.3769,1.37705,1.3769,1.37696,170130000,1
1755111300000,1755111359000,1.37696,1.37702,1.37696,1.37701,134280000,1
1755111360000,1755111419000,1.37702,1.37704,1.37699,1.37701,39600000,1
1755111420000,1755111479000,1.377,1.37704,1.37695,1.37703,103170000,1
1755111480000,1755111539000,1.37702,1.37714,1.37702,1.37704,178620000,1
1755111540000,1755111599000,1.37703,1.37703,1.37697,1.37699,223830000,1
1755111600000,1755111659000,1.377,1.37705,1.37694,1.37694,113400000,1
1755111660000,1755111719000,1.37694,1.37694,1.37685,1.37691,116100000,1
1755111720000,1755111779000,1.37692,1.37693,1.3769,1.37692,116220000,1
1755111780000,1755111839000,1.37693,1.37702,1.37692,1.37699,73920000,1
1755111840000,1755111899000,1.377,1.3771,1.377,1.37708,108810000,1
1755111900000,1755111959000,1.37708,1.37715,1.37706,1.37714,39000000,1
1755111960000,1755112019000,1.37712,1.37713,1.37708,1.37709,52920000,1
1755112020000,1755112079000,1.37709,1.37711,1.37702,1.37705,60060000,1
1755112080000,1755112139000,1.37704,1.37706,1.37691,1.37691,42810000,1
1755112140000,1755112199000,1.37693,1.37693,1.37688,1.37691,27360000,1
1755112200000,1755112259000,1.37691,1.37691,1.37687,1.37687,20790000,1
1755112260000,1755112319000,1.37686,1.37688,1.37686,1.37687,18900000,1
1755112320000,1755112379000,1.37686,1.37693,1.37686,1.37693,11340000,1
1755112380000,1755112439000,1.37692,1.37693,1.37692,1.37693,11340000,1
1755112440000,1755112499000,1.37694,1.37698,1.37687,1.37694,36420000,1
1755112500000,1755112559000,1.37694,1.37697,1.37689,1.37695,84510000,1
1755112560000,1755112619000,1.37693,1.37696,1.37693,1.37695,46080000,1
1755112620000,1755112679000,1.37695,1.37695,1.37686,1.37686,27960000,1
1755112680000,1755112739000,1.37688,1.37705,1.37688,1.37702,98430000,1
1755112740000,1755112799000,1.37701,1.37706,1.37697,1.37705,46440000,1
1755112800000,1755112859000,1.37705,1.37707,1.37699,1.37704,63900000,1
1755112860000,1755112919000,1.37704,1.37704,1.37685,1.37687,61110000,1
1755112920000,1755112979000,1.37688,1.37689,1.37669,1.37671,103020000,1
1755112980000,1755113039000,1.3767,1.37675,1.37668,1.37675,53160000,1
1755113040000,1755113099000,1.37675,1.37681,1.37672,1.37681,42420000,1
1755113100000,1755113159000,1.37682,1.37682,1.37673,1.37674,31830000,1
1755113160000,1755113219000,1.37676,1.37682,1.37676,1.37682,19200000,1
1755113220000,1755113279000,1.37682,1.37687,1.37682,1.37685,21600000,1
1755113280000,1755113339000,1.37685,1.37686,1.37676,1.37681,28050000,1
1755113340000,1755113399000,1.37683,1.37683,1.37671,1.37674,47580000,1
1755113400000,1755113459000,1.37672,1.37672,1.37662,1.37664,72390000,1
1755113460000,1755113519000,1.37664,1.37666,1.37661,1.37662,41850000,1
1755113520000,1755113579000,1.37662,1.37662,1.37654,1.37654,42780000,1
1755113580000,1755113639000,1.37656,1.37659,1.37655,1.37657,34500000,1
1755113640000,1755113699000,1.37656,1.37664,1.37656,1.37663,71550000,1
1755113700000,1755113759000,1.37664,1.37674,1.37664,1.37672,38190000,1
1755113760000,1755113819000,1.37675,1.37675,1.37672,1.37673,11100000,1
1755113820000,1755113879000,1.37672,1.37679,1.37672,1.37674,30330000,1
1755113880000,1755113939000,1.37673,1.37692,1.37673,1.37692,45420000,1
1755113940000,1755113999000,1.37693,1.37699,1.37693,1.37697,28500000,1
1755114000000,1755114059000,1.37696,1.37697,1.37692,1.37693,61440000,1
1755114060000,1755114119000,1.37693,1.37695,1.37684,1.37684,24930000,1
1755114120000,1755114179000,1.37685,1.37686,1.37682,1.37684,12390000,1
1755114180000,1755114239000,1.37684,1.37684,1.37672,1.37674,58830000,1
1755114240000,1755114299000,1.37675,1.37676,1.37673,1.37675,25500000,1
1755114300000,1755114359000,1.37674,1.37682,1.37674,1.37674,35940000,1
1755114360000,1755114419000,1.37673,1.37674,1.37665,1.3767,27810000,1
1755114420000,1755114479000,1.3767,1.37673,1.3767,1.37673,18900000,1
1755114480000,1755114539000,1.37673,1.37675,1.3767,1.37673,53400000,1
1755114540000,1755114599000,1.37673,1.37674,1.37666,1.37668,35040000,1
1755114600000,1755114659000,1.37666,1.37667,1.37647,1.37647,55800000,1
1755114660000,1755114719000,1.37647,1.3765,1.37634,1.37639,86580000,1
1755114720000,1755114779000,1.37639,1.37643,1.37637,1.3764,46890000,1
1755114780000,1755114839000,1.37639,1.37645,1.37639,1.37641,80110000,1
1755114840000,1755114899000,1.3764,1.37642,1.37638,1.37642,43500000,1
1755114900000,1755114959000,1.37642,1.37642,1.3763,1.37632,64350000,1
1755114960000,1755115019000,1.37631,1.37646,1.37631,1.37642,46800000,1
1755115020000,1755115079000,1.37643,1.37643,1.3763,1.3763,59100000,1
1755115080000,1755115139000,1.3763,1.3763,1.37617,1.37629,76800000,1
1755115140000,1755115199000,1.37629,1.3763,1.37621,1.37624,67800000,1
1755115200000,1755115259000,1.37624,1.37626,1.37622,1.37623,55710000,1
1755115260000,1755115319000,1.3762,1.37632,1.37618,1.3763,59640000,1
1755115320000,1755115379000,1.3763,1.37636,1.37629,1.37633,39000000,1
1755115380000,1755115439000,1.37635,1.37637,1.37635,1.37637,21600000,1
1755115440000,1755115499000,1.37636,1.3764,1.37636,1.37636,13200000,1
1755115500000,1755115559000,1.37635,1.37637,1.37634,1.37635,28350000,1
1755115560000,1755115619000,1.37634,1.37634,1.37613,1.37616,34860000,1
1755115620000,1755115679000,1.37616,1.37618,1.37616,1.37617,6360000,1
1755115680000,1755115739000,1.37619,1.37627,1.37619,1.37627,12360000,1
1755115740000,1755115799000,1.37628,1.37629,1.37628,1.37628,9600000,1
1755115800000,1755115859000,1.3763,1.3763,1.37624,1.37627,22800000,1
1755115860000,1755115919000,1.37627,1.37629,1.37625,1.37629,16920000,1
1755115920000,1755115979000,1.37629,1.3763,1.37627,1.3763,18240000,1
1755115980000,1755116039000,1.3763,1.3763,1.37629,1.3763,4410000,1
1755116040000,1755116099000,1.37628,1.37633,1.37616,1.37616,33180000,1
1755116100000,1755116159000,1.37615,1.37615,1.37607,1.37607,18720000,1
1755116160000,1755116219000,1.37609,1.37617,1.37606,1.37616,19080000,1
1755116220000,1755116279000,1.37615,1.37618,1.37613,1.37616,16200000,1
1755116280000,1755116339000,1.37617,1.37621,1.37617,1.3762,14400000,1
1755116340000,1755116399000,1.37619,1.37626,1.37618,1.37625,22200000,1
1755116400000,1755116459000,1.37626,1.37626,1.37618,1.37619,15000000,1
1755116460000,1755116519000,1.37618,1.37619,1.37618,1.37618,16800000,1
1755116520000,1755116579000,1.37618,1.37619,1.37618,1.37618,10800000,1
1755116580000,1755116639000,1.37618,1.37619,1.37618,1.37618,12000000,1
1755116640000,1755116699000,1.3762,1.37624,1.37619,1.37624,14400000,1
1755116700000,1755116759000,1.37623,1.37623,1.37616,1.37617,16800000,1
1755116760000,1755116819000,1.37617,1.37617,1.37617,1.37617,1200000,1
1755116820000,1755116879000,1.37616,1.37625,1.37616,1.37625,6000000,1
1755116880000,1755116939000,1.37625,1.37625,1.37616,1.37622,18420000,1
1755116940000,1755116999000,1.37622,1.37626,1.37616,1.37616,18780000,1
1755117000000,1755117059000,1.37616,1.37616,1.37611,1.37611,14310000,1
1755117060000,1755117119000,1.3761,1.37613,1.37606,1.37613,36150000,1
1755117120000,1755117179000,1.37613,1.37617,1.37613,1.37617,9600000,1
1755117180000,1755117239000,1.37617,1.37617,1.37614,1.37614,23100000,1
1755117240000,1755117299000,1.37616,1.37616,1.37613,1.37613,21390000,1
1755117300000,1755117359000,1.37615,1.37615,1.37612,1.37612,15000000,1
1755117360000,1755117419000,1.37611,1.37611,1.37593,1.37594,44400000,1
1755117420000,1755117479000,1.37592,1.37604,1.37592,1.37604,29040000,1
1755117480000,1755117539000,1.37604,1.37607,1.37601,1.37606,38880000,1
1755117540000,1755117599000,1.37606,1.37606,1.37594,1.37597,45510000,1
1755117600000,1755117659000,1.37597,1.37598,1.37593,1.37594,10890000,1
1755117660000,1755117719000,1.37595,1.37595,1.37584,1.37586,48490000,1
1755117720000,1755117779000,1.37585,1.37595,1.37555,1.37595,68310000,1
1755117780000,1755117839000,1.37595,1.37598,1.37579,1.37598,34290000,1
1755117840000,1755117899000,1.37599,1.376,1.37597,1.376,17040000,1
1755117900000,1755117959000,1.37599,1.376,1.37599,1.376,11520000,1
1755117960000,1755118019000,1.376,1.3763,1.37599,1.37629,43980000,1
1755118020000,1755118079000,1.37629,1.37656,1.37629,1.37652,47880000,1
1755118080000,1755118139000,1.37649,1.37651,1.37637,1.37637,31350000,1
1755118140000,1755118199000,1.37637,1.37637,1.37624,1.37624,32280000,1
1755118200000,1755118259000,1.37623,1.37624,1.37618,1.37618,22200000,1
1755118260000,1755118319000,1.37619,1.37621,1.37614,1.37619,25350000,1
1755118320000,1755118379000,1.37619,1.37622,1.37617,1.3762,67200000,1
1755118380000,1755118439000,1.3762,1.37623,1.37618,1.37623,25200000,1
1755118440000,1755118499000,1.37622,1.37622,1.37602,1.37606,49800000,1
1755118500000,1755118559000,1.37605,1.37606,1.37602,1.37604,36600000,1
1755118560000,1755118619000,1.37606,1.37608,1.37605,1.37606,37980000,1
1755118620000,1755118679000,1.37607,1.37607,1.37598,1.37599,45660000,1
1755118680000,1755118739000,1.37599,1.37604,1.37573,1.37574,160320000,1
1755118740000,1755118799000,1.37574,1.37591,1.3757,1.37571,120000000,1
1755118800000,1755118859000,1.37571,1.37571,1.37538,1.37538,2250000,1
1755118860000,1755118919000,1.37545,1.37545,1.37545,1.37545,450000,1
1755118920000,1755118979000,1.37547,1.37547,1.37547,1.37547,450000,1
1755118980000,1755119039000,1.37547,1.37547,1.37547,1.37547,0,1
1755119040000,1755119099000,1.37546,1.37546,1.37546,1.37546,450000,1
1755119100000,1755119159000,1.37546,1.37556,1.37546,1.37556,6600000,1
1755119160000,1755119219000,1.37545,1.37558,1.37545,1.37555,7350000,1
1755119220000,1755119279000,1.37556,1.37556,1.37543,1.37543,4950000,1
1755119280000,1755119339000,1.37544,1.37544,1.37543,1.37544,12600000,1
1755119340000,1755119399000,1.37544,1.37544,1.37544,1.37544,1200000,1
1755119400000,1755119459000,1.37538,1.37558,1.37538,1.37558,21900000,1
1755119460000,1755119519000,1.37559,1.37559,1.37544,1.37558,21000000,1
1755119520000,1755119579000,1.37559,1.37559,1.37549,1.37549,24000000,1
1755119580000,1755119639000,1.37558,1.37559,1.37549,1.37558,24750000,1
1755119640000,1755119699000,1.37558,1.37559,1.37556,1.37557,18600000,1
1755119700000,1755119759000,1.37556,1.37564,1.37556,1.37557,12000000,1
1755119760000,1755119819000,1.37558,1.37566,1.37557,1.37566,23010000,1
1755119820000,1755119879000,1.37564,1.37569,1.37561,1.37566,13200000,1
1755119880000,1755119939000,1.37564,1.37585,1.37557,1.37582,22800000,1
1755119940000,1755119999000,1.37582,1.37584,1.37582,1.37583,12150000,1
1755120000000,1755120059000,1.37583,1.37585,1.37582,1.37583,51750000,1
1755120060000,1755120119000,1.37584,1.37584,1.37582,1.37583,51600000,1
1755120120000,1755120179000,1.37584,1.37584,1.37582,1.37583,26100000,1
1755120180000,1755120239000,1.37582,1.37584,1.37582,1.37582,22050000,1
1755120240000,1755120299000,1.37583,1.37585,1.37582,1.37582,30600000,1
1755120300000,1755120359000,1.37581,1.37584,1.37581,1.37581,24600000,1
1755120360000,1755120419000,1.37582,1.37584,1.37582,1.37583,14100000,1
1755120420000,1755120479000,1.3758,1.37581,1.3758,1.37581,19500000,1
1755120480000,1755120539000,1.37582,1.37584,1.37579,1.37582,23700000,1
1755120540000,1755120599000,1.37582,1.37583,1.37582,1.37582,8100000,1
1755120600000,1755120659000,1.37585,1.37585,1.37582,1.37584,13200000,1
1755120660000,1755120719000,1.37585,1.37586,1.37583,1.37586,16950000,1
1755120720000,1755120779000,1.37584,1.37585,1.37584,1.37585,5700000,1
1755120780000,1755120839000,1.37586,1.37586,1.37583,1.37583,6150000,1
1755120840000,1755120899000,1.37584,1.37588,1.37582,1.37586,11400000,1
1755120900000,1755120959000,1.37586,1.3759,1.37584,1.37584,11700000,1
1755120960000,1755121019000,1.37584,1.37584,1.37584,1.37584,3150000,1
1755121020000,1755121079000,1.37583,1.37583,1.37582,1.37583,12600000,1
1755121080000,1755121139000,1.37582,1.37582,1.37579,1.37579,14400000,1
1755121140000,1755121199000,1.37579,1.37579,1.37578,1.37578,10200000,1
1755121200000,1755121259000,1.37578,1.37583,1.37578,1.37582,39150000,1
1755121260000,1755121319000,1.37582,1.37587,1.37581,1.37585,30750000,1
1755121320000,1755121379000,1.37586,1.37589,1.37579,1.37581,51000000,1
1755121380000,1755121439000,1.3758,1.37587,1.3758,1.37586,35100000,1
1755121440000,1755121499000,1.37584,1.37587,1.37584,1.37586,6150000,1
1755121500000,1755121559000,1.37586,1.37586,1.37585,1.37585,2400000,1
1755121560000,1755121619000,1.37585,1.37585,1.37585,1.37585,1200000,1
1755121620000,1755121679000,1.37581,1.37586,1.37581,1.37586,3600000,1
1755121680000,1755121739000,1.37582,1.37582,1.37582,1.37582,3000000,1
1755121740000,1755121799000,1.37592,1.37596,1.37585,1.37595,12000000,1
1755121800000,1755121859000,1.3759,1.3759,1.37581,1.37581,10200000,1
1755121860000,1755121919000,1.37591,1.37591,1.37581,1.37582,8400000,1
1755121920000,1755121979000,1.37581,1.37582,1.37581,1.37582,3000000,1
1755121980000,1755122039000,1.37581,1.37581,1.37576,1.3758,8400000,1
1755122040000,1755122099000,1.3758,1.37582,1.37579,1.3758,6000000,1
1755122100000,1755122159000,1.3758,1.37581,1.37577,1.3758,22650000,1
1755122160000,1755122219000,1.3758,1.3758,1.3758,1.3758,4200000,1
1755122220000,1755122279000,1.3758,1.3758,1.3758,1.3758,0,1
1755122280000,1755122339000,1.37581,1.37599,1.37581,1.37586,18000000,1
1755122340000,1755122399000,1.37586,1.37586,1.37586,1.37586,2700000,1
1755122400000,1755122459000,1.37606,1.3762,1.37594,1.37612,115650000,1
1755122460000,1755122519000,1.37613,1.3762,1.37601,1.37612,79650000,1
1755122520000,1755122579000,1.3761,1.37611,1.37605,1.37606,18000000,1
1755122580000,1755122639000,1.37605,1.37607,1.37605,1.37605,6300000,1
1755122640000,1755122699000,1.37604,1.37605,1.37602,1.37603,19500000,1
1755122700000,1755122759000,1.37602,1.37603,1.37595,1.37596,23850000,1
1755122760000,1755122819000,1.37596,1.37596,1.37596,1.37596,4950000,1
1755122820000,1755122879000,1.37596,1.37598,1.37592,1.37596,14250000,1
1755122880000,1755122939000,1.37597,1.37597,1.37597,1.37597,1200000,1
1755122940000,1755122999000,1.37595,1.37598,1.37595,1.37596,16050000,1
1755123000000,1755123059000,1.37595,1.37607,1.37593,1.37593,25200000,1
1755123060000,1755123119000,1.37595,1.37595,1.37593,1.37594,11850000,1
1755123120000,1755123179000,1.37592,1.37592,1.37592,1.37592,2400000,1
1755123180000,1755123239000,1.37592,1.37592,1.37587,1.37587,13800000,1
1755123240000,1755123299000,1.37584,1.37594,1.37584,1.37594,32400000,1
1755123300000,1755123359000,1.37594,1.37595,1.37592,1.37593,55350000,1
1755123360000,1755123419000,1.37594,1.37596,1.37593,1.37595,44100000,1
1755123420000,1755123479000,1.37597,1.37597,1.37595,1.37596,11700000,1
1755123480000,1755123539000,1.37597,1.37602,1.37597,1.37602,28200000,1
1755123540000,1755123599000,1.37603,1.37603,1.37593,1.37595,25950000,1
1755123600000,1755123659000,1.37596,1.37596,1.37594,1.37596,10500000,1
1755123660000,1755123719000,1.37594,1.37594,1.37593,1.37593,19200000,1
1755123720000,1755123779000,1.37594,1.37594,1.37586,1.37587,12300000,1
1755123780000,1755123839000,1.37587,1.37587,1.37584,1.37586,14700000,1
1755123840000,1755123899000,1.37585,1.37585,1.37585,1.37585,14400000,1
1755123900000,1755123959000,1.37584,1.37587,1.37584,1.37587,13650000,1
1755123960000,1755124019000,1.37586,1.37586,1.37584,1.37584,12750000,1
1755124020000,1755124079000,1.37584,1.37584,1.37584,1.37584,1350000,1
1755124080000,1755124139000,1.37584,1.37585,1.37583,1.37584,267900000,1
1755124140000,1755124199000,1.37583,1.37589,1.37583,1.37588,21450000,1
1755124200000,1755124259000,1.37587,1.37588,1.37585,1.37585,21600000,1
1755124260000,1755124319000,1.37586,1.37587,1.37585,1.37586,21600000,1
1755124320000,1755124379000,1.37586,1.37588,1.37586,1.37588,13500000,1
1755124380000,1755124439000,1.37587,1.37589,1.37587,1.37587,17400000,1
1755124440000,1755124499000,1.37585,1.37587,1.37585,1.37585,9600000,1
1755124500000,1755124559000,1.37585,1.37586,1.37585,1.37586,3900000,1
1755124560000,1755124619000,1.37586,1.37588,1.37585,1.37585,27150000,1
1755124620000,1755124679000,1.37586,1.37586,1.37586,1.37586,8100000,1
1755124680000,1755124739000,1.37585,1.37587,1.37583,1.37584,11100000,1
1755124740000,1755124799000,1.37583,1.37583,1.37583,1.37583,1200000,1
1755124800000,1755124859000,1.37583,1.37584,1.37583,1.37583,3600000,1
1755124860000,1755124919000,1.37583,1.37584,1.37573,1.37576,28500000,1
1755124920000,1755124979000,1.37577,1.37577,1.37561,1.37565,48600000,1
1755124980000,1755125039000,1.37566,1.37568,1.37566,1.37566,10350000,1
1755125040000,1755125099000,1.37566,1.37575,1.37566,1.37574,51150000,1
1755125100000,1755125159000,1.37574,1.37576,1.37573,1.37576,25710000,1
1755125160000,1755125219000,1.37574,1.37574,1.37573,1.37573,5190000,1
1755125220000,1755125279000,1.37574,1.37577,1.37574,1.37576,6720000,1
1755125280000,1755125339000,1.37577,1.37577,1.37573,1.37573,10050000,1
1755125340000,1755125399000,1.37574,1.37575,1.37574,1.37574,6900000,1
1755125400000,1755125459000,1.37574,1.37574,1.37574,1.37574,1200000,1
1755125460000,1755125519000,1.37573,1.37574,1.37573,1.37574,7800000,1
1755125520000,1755125579000,1.37573,1.37573,1.37573,1.37573,1800000,1
1755125580000,1755125639000,1.37575,1.37576,1.37575,1.37576,9300000,1
1755125640000,1755125699000,1.37575,1.37575,1.37573,1.37573,10650000,1
1755125700000,1755125759000,1.37575,1.37576,1.37574,1.37574,9000000,1
1755125760000,1755125819000,1.37575,1.37575,1.37575,1.37575,1200000,1
1755125820000,1755125879000,1.37575,1.37575,1.37556,1.37558,115650000,1
1755125880000,1755125939000,1.37558,1.37559,1.37545,1.37545,138900000,1
1755125940000,1755125999000,1.37549,1.37554,1.37526,1.37531,177150000,1
1755126000000,1755126059000,1.3753,1.37552,1.37526,1.37527,263040000,1
1755126060000,1755126119000,1.37527,1.37531,1.37516,1.37522,173460000,1
1755126120000,1755126179000,1.37523,1.37541,1.37516,1.3754,83190000,1
1755126180000,1755126239000,1.37539,1.37549,1.37532,1.37532,34950000,1
1755126240000,1755126299000,1.37533,1.37533,1.37528,1.3753,22410000,1
1755126300000,1755126359000,1.3753,1.3753,1.37525,1.37528,31470000,1
1755126360000,1755126419000,1.3753,1.3753,1.37529,1.37529,8100000,1
1755126420000,1755126479000,1.3753,1.37531,1.37527,1.37527,16740000,1
1755126480000,1755126539000,1.37527,1.37531,1.37527,1.37529,14340000,1
1755126540000,1755126599000,1.37529,1.37529,1.37526,1.37527,16380000,1
1755126600000,1755126659000,1.37527,1.37528,1.37526,1.37528,9090000,1
1755126660000,1755126719000,1.37527,1.3753,1.37527,1.3753,14490000,1
1755126720000,1755126779000,1.3753,1.3753,1.37529,1.37529,5760000,1
1755126780000,1755126839000,1.37529,1.37538,1.37529,1.37536,16290000,1
1755126840000,1755126899000,1.37537,1.37539,1.37536,1.37538,26490000,1
1755126900000,1755126959000,1.37538,1.37539,1.37535,1.37535,38160000,1
1755126960000,1755127019000,1.37535,1.37538,1.37535,1.37536,19890000,1
1755127020000,1755127079000,1.37536,1.37537,1.37535,1.37535,24450000,1
1755127080000,1755127139000,1.37536,1.37536,1.37536,1.37536,6750000,1
1755127140000,1755127199000,1.37536,1.37537,1.37536,1.37537,7650000,1
1755127200000,1755127259000,1.37537,1.37537,1.37535,1.37535,15000000,1
1755127260000,1755127319000,1.37535,1.37537,1.37535,1.37536,5400000,1
1755127320000,1755127379000,1.37537,1.37538,1.37534,1.37534,18150000,1
1755127380000,1755127439000,1.37534,1.37535,1.37534,1.37535,9900000,1
1755127440000,1755127499000,1.37537,1.37537,1.37535,1.37535,4350000,1
1755127500000,1755127559000,1.37535,1.37535,1.37531,1.37531,13050000,1
1755127560000,1755127619000,1.37531,1.37538,1.37524,1.37536,34200000,1
1755127620000,1755127679000,1.37536,1.37536,1.37527,1.37528,27750000,1
1755127680000,1755127739000,1.37526,1.37527,1.37525,1.37527,9750000,1
1755127740000,1755127799000,1.37526,1.37526,1.37526,1.37526,5700000,1
1755127800000,1755127859000,1.37527,1.37529,1.37521,1.37521,19200000,1
1755127860000,1755127919000,1.3752,1.37521,1.3752,1.3752,42000000,1
1755127920000,1755127979000,1.37521,1.37521,1.3752,1.3752,14400000,1
1755127980000,1755128039000,1.3752,1.37521,1.37519,1.37519,9300000,1
1755128040000,1755128099000,1.37518,1.37519,1.37518,1.37518,10050000,1
1755128100000,1755128159000,1.37516,1.37516,1.37514,1.37514,9900000,1
1755128160000,1755128219000,1.37514,1.37515,1.37513,1.37513,37650000,1
1755128220000,1755128279000,1.37515,1.37515,1.37513,1.37514,57600000,1
1755128280000,1755128339000,1.37513,1.37516,1.37513,1.37515,33000000,1
1755128340000,1755128399000,1.37515,1.37516,1.37513,1.37514,26550000,1
1755128400000,1755128459000,1.37514,1.37514,1.37509,1.37513,49050000,1
1755128460000,1755128519000,1.37513,1.37516,1.37513,1.37514,27150000,1
1755128520000,1755128579000,1.37516,1.37523,1.37515,1.37521,11850000,1
1755128580000,1755128639000,1.37521,1.37521,1.37521,1.37521,1350000,1
1755128640000,1755128699000,1.37522,1.37524,1.37522,1.37523,14550000,1
1755128700000,1755128759000,1.37523,1.37533,1.37523,1.37531,15720000,1
1755128760000,1755128819000,1.37529,1.37529,1.37525,1.37527,71100000,1
1755128820000,1755128879000,1.37526,1.37526,1.37519,1.37519,34050000,1
1755128880000,1755128939000,1.37519,1.37519,1.37519,1.37519,8250000,1
1755128940000,1755128999000,1.3752,1.3752,1.37519,1.37519,6450000,1
1755129000000,1755129059000,1.37519,1.37519,1.37513,1.37513,35550000,1
1755129060000,1755129119000,1.37516,1.37518,1.37516,1.37517,49050000,1
1755129120000,1755129179000,1.37518,1.37518,1.37517,1.37517,32250000,1
1755129180000,1755129239000,1.37518,1.3752,1.37518,1.37518,18300000,1
1755129240000,1755129299000,1.3752,1.37521,1.37514,1.37521,17250000,1
1755129300000,1755129359000,1.37522,1.37524,1.37519,1.37519,13500000,1
1755129360000,1755129419000,1.37519,1.3752,1.37518,1.37519,12000000,1
1755129420000,1755129479000,1.37519,1.37521,1.37518,1.37521,41400000,1
1755129480000,1755129539000,1.3752,1.37522,1.3752,1.37522,28650000,1
1755129540000,1755129599000,1.3752,1.37521,1.3752,1.3752,11850000,1
1755129600000,1755129659000,1.3752,1.37531,1.3752,1.37527,106080000,1
1755129660000,1755129719000,1.37529,1.37532,1.37528,1.37529,78900000,1
1755129720000,1755129779000,1.37529,1.3753,1.37517,1.37523,84570000,1
1755129780000,1755129839000,1.37522,1.37527,1.37512,1.37516,74040000,1
1755129840000,1755129899000,1.37518,1.37519,1.37509,1.37512,42750000,1
1755129900000,1755129959000,1.37515,1.37521,1.37512,1.3752,94620000,1
1755129960000,1755130019000,1.37522,1.37527,1.37518,1.37518,79350000,1
1755130020000,1755130079000,1.37519,1.3752,1.37514,1.37519,63750000,1
1755130080000,1755130139000,1.37517,1.37519,1.37513,1.37514,53250000,1
1755130140000,1755130199000,1.37514,1.37521,1.37514,1.37518,37050000,1
1755130200000,1755130259000,1.37519,1.37525,1.37518,1.37523,44550000,1
1755130260000,1755130319000,1.37522,1.3753,1.37522,1.37523,46650000,1
1755130320000,1755130379000,1.37523,1.3753,1.37521,1.37522,65700000,1
1755130380000,1755130439000,1.37522,1.37523,1.37514,1.37518,50850000,1
1755130440000,1755130499000,1.37518,1.37519,1.37511,1.37517,117450000,1
1755130500000,1755130559000,1.37517,1.37523,1.37516,1.37517,71400000,1
1755130560000,1755130619000,1.37516,1.37524,1.37516,1.37521,71550000,1
1755130620000,1755130679000,1.37521,1.37524,1.37517,1.37522,35400000,1
1755130680000,1755130739000,1.37522,1.37522,1.37515,1.37521,18600000,1
1755130740000,1755130799000,1.37522,1.37527,1.37521,1.37527,16800000,1
1755130800000,1755130859000,1.37526,1.37532,1.37525,1.37525,58800000,1
1755130860000,1755130919000,1.37525,1.37526,1.37521,1.37523,18000000,1
1755130920000,1755130979000,1.37524,1.37531,1.37522,1.37524,27600000,1
1755130980000,1755131039000,1.37524,1.37533,1.37523,1.37528,49050000,1
1755131040000,1755131099000,1.37529,1.37532,1.37527,1.37531,41850000,1
1755131100000,1755131159000,1.37529,1.3753,1.37523,1.37525,32400000,1
1755131160000,1755131219000,1.37524,1.37532,1.37524,1.37526,40800000,1
1755131220000,1755131279000,1.37525,1.37525,1.37516,1.37518,61200000,1
1755131280000,1755131339000,1.37519,1.37522,1.37517,1.3752,44250000,1
1755131340000,1755131399000,1.37521,1.37522,1.37517,1.3752,30000000,1
1755131400000,1755131459000,1.3752,1.37521,1.37512,1.37513,56400000,1
1755131460000,1755131519000,1.37512,1.37514,1.37506,1.37506,31200000,1
1755131520000,1755131579000,1.37506,1.37507,1.37504,1.37505,22800000,1
1755131580000,1755131639000,1.37505,1.37507,1.37498,1.37506,45000000,1
1755131640000,1755131699000,1.37507,1.37515,1.37505,1.37515,48750000,1
1755131700000,1755131759000,1.37514,1.37521,1.37512,1.3752,52200000,1
1755131760000,1755131819000,1.37519,1.37526,1.37519,1.37524,30750000,1
1755131820000,1755131879000,1.37525,1.37526,1.37517,1.37523,56550000,1
1755131880000,1755131939000,1.37525,1.37526,1.37522,1.37524,26550000,1
1755131940000,1755131999000,1.37524,1.37532,1.37521,1.37526,34800000,1
1755132000000,1755132059000,1.37526,1.37531,1.37522,1.37522,53550000,1
1755132060000,1755132119000,1.37522,1.37533,1.37522,1.37531,46650000,1
1755132120000,1755132179000,1.37531,1.37533,1.37529,1.37531,27600000,1
1755132180000,1755132239000,1.37532,1.37532,1.37525,1.37525,42000000,1
1755132240000,1755132299000,1.37526,1.37526,1.37521,1.37525,35100000,1
1755132300000,1755132359000,1.37526,1.37526,1.37523,1.37524,30450000,1
1755132360000,1755132419000,1.37525,1.37526,1.3752,1.37523,64650000,1
1755132420000,1755132479000,1.37523,1.37526,1.37523,1.37524,30300000,1
1755132480000,1755132539000,1.37525,1.37527,1.37519,1.3752,39000000,1
1755132540000,1755132599000,1.37522,1.37523,1.37515,1.37515,39000000,1
1755132600000,1755132659000,1.37516,1.37517,1.37515,1.37516,9600000,1
1755132660000,1755132719000,1.37516,1.37517,1.37511,1.37516,64800000,1
1755132720000,1755132779000,1.37515,1.37521,1.37514,1.3752,63750000,1
1755132780000,1755132839000,1.37519,1.37523,1.37517,1.37517,74100000,1
1755132840000,1755132899000,1.37518,1.37522,1.37511,1.37512,46050000,1
1755132900000,1755132959000,1.37511,1.37515,1.37503,1.37503,95520000,1
1755132960000,1755133019000,1.37504,1.37506,1.37496,1.37503,56700000,1
1755133020000,1755133079000,1.37504,1.37507,1.37504,1.37504,58440000,1
1755133080000,1755133139000,1.37505,1.37515,1.37505,1.37507,70800000,1
1755133140000,1755133199000,1.37508,1.37513,1.37506,1.37511,74700000,1
1755133200000,1755133259000,1.37512,1.37512,1.37503,1.37503,98250000,1
1755133260000,1755133319000,1.37502,1.37504,1.37497,1.37503,60150000,1
1755133320000,1755133379000,1.37502,1.37507,1.37502,1.37505,22950000,1
1755133380000,1755133439000,1.37506,1.37506,1.37502,1.37502,8250000,1
1755133440000,1755133499000,1.37503,1.37504,1.37496,1.37503,42300000,1
1755133500000,1755133559000,1.3751,1.37515,1.37506,1.37515,84900000,1
1755133560000,1755133619000,1.37514,1.37517,1.37507,1.37509,54000000,1
1755133620000,1755133679000,1.37509,1.37509,1.37504,1.37505,25200000,1
1755133680000,1755133739000,1.37505,1.37506,1.37504,1.37505,22800000,1
1755133740000,1755133799000,1.37505,1.37516,1.37505,1.37505,64140000,1
1755133800000,1755133859000,1.37507,1.37507,1.37501,1.37506,61350000,1
1755133860000,1755133919000,1.37507,1.37507,1.37501,1.37503,53400000,1
1755133920000,1755133979000,1.37503,1.37505,1.37494,1.37495,60000000,1
1755133980000,1755134039000,1.37494,1.375,1.37493,1.37494,131520000,1
1755134040000,1755134099000,1.37495,1.37497,1.37494,1.37495,49560000,1
1755134100000,1755134159000,1.37494,1.37497,1.37494,1.37494,49800000,1
1755134160000,1755134219000,1.37494,1.37495,1.37493,1.37495,96150000,1
1755134220000,1755134279000,1.37496,1.37497,1.37493,1.37494,53100000,1
1755134280000,1755134339000,1.37494,1.37495,1.37482,1.37484,96600000,1
1755134340000,1755134399000,1.37484,1.37484,1.37478,1.3748,103350000,1
1755134400000,1755134459000,1.3748,1.37486,1.37478,1.37485,85050000,1
1755134460000,1755134519000,1.37491,1.37492,1.37482,1.37482,173400000,1
1755134520000,1755134579000,1.37482,1.37486,1.37482,1.37483,61320000,1
1755134580000,1755134639000,1.37484,1.37484,1.37475,1.37479,101100000,1
1755134640000,1755134699000,1.37479,1.37485,1.37475,1.37484,212100000,1
1755134700000,1755134759000,1.37484,1.37492,1.37483,1.37485,125730000,1
1755134760000,1755134819000,1.37485,1.3749,1.37485,1.37488,101730000,1
1755134820000,1755134879000,1.37489,1.37489,1.37484,1.37486,88920000,1
1755134880000,1755134939000,1.37487,1.37491,1.37484,1.37491,48990000,1
1755134940000,1755134999000,1.3749,1.375,1.3749,1.37495,157560000,1
1755135000000,1755135059000,1.37497,1.37499,1.37458,1.37458,267100000,1
1755135060000,1755135119000,1.37459,1.37462,1.37447,1.37454,190500000,1
1755135120000,1755135179000,1.37455,1.37471,1.3745,1.3747,112500000,1
1755135180000,1755135239000,1.3747,1.37483,1.37467,1.37482,156480000,1
1755135240000,1755135299000,1.37482,1.37485,1.37455,1.37456,146580000,1
1755135300000,1755135359000,1.37455,1.37475,1.37455,1.37474,122100000,1
1755135360000,1755135419000,1.37474,1.37486,1.37473,1.37484,80010000,1
1755135420000,1755135479000,1.37484,1.37485,1.37469,1.37472,136650000,1
1755135480000,1755135539000,1.37472,1.37472,1.37465,1.37465,109020000,1
1755135540000,1755135599000,1.37463,1.37465,1.37461,1.37461,52200000,1
1755135600000,1755135659000,1.37462,1.37464,1.37456,1.37464,30780000,1
1755135660000,1755135719000,1.37465,1.37465,1.37458,1.3746,89850000,1
1755135720000,1755135779000,1.3746,1.37475,1.37458,1.37474,146580000,1
1755135780000,1755135839000,1.37473,1.37475,1.37464,1.37466,79110000,1
1755135840000,1755135899000,1.37466,1.37477,1.37461,1.37477,84870000,1
1755135900000,1755135959000,1.37476,1.37477,1.37468,1.37473,90390000,1
1755135960000,1755136019000,1.3747,1.37474,1.37466,1.37466,58680000,1
1755136020000,1755136079000,1.37467,1.37471,1.37465,1.37469,111450000,1
1755136080000,1755136139000,1.37468,1.37473,1.37465,1.37466,153840000,1
1755136140000,1755136199000,1.37467,1.37467,1.37445,1.37447,122070000,1
1755136200000,1755136259000,1.37448,1.37454,1.37446,1.37454,67050000,1
1755136260000,1755136319000,1.37454,1.37455,1.3744,1.37443,94350000,1
1755136320000,1755136379000,1.37443,1.37448,1.37442,1.37447,84210000,1
1755136380000,1755136439000,1.37448,1.37453,1.37448,1.37451,73800000,1
1755136440000,1755136499000,1.37452,1.37456,1.3745,1.37452,97500000,1
1755136500000,1755136559000,1.37451,1.37463,1.3745,1.37462,94710000,1
1755136560000,1755136619000,1.37462,1.37467,1.37457,1.37466,60450000,1
1755136620000,1755136679000,1.37465,1.37475,1.37463,1.37464,87390000,1
1755136680000,1755136739000,1.37464,1.37475,1.37463,1.37475,97410000,1
1755136740000,1755136799000,1.37475,1.37475,1.37469,1.37471,105510000,1
1755136800000,1755136859000,1.37472,1.37485,1.37472,1.37481,110190000,1
1755136860000,1755136919000,1.37484,1.37486,1.37482,1.37483,59610000,1
1755136920000,1755136979000,1.37483,1.37488,1.3748,1.37482,46200000,1
1755136980000,1755137039000,1.37482,1.37484,1.3748,1.37484,53280000,1
1755137040000,1755137099000,1.37484,1.37493,1.3748,1.3749,102450000,1
1755137100000,1755137159000,1.3749,1.37496,1.37489,1.37494,47340000,1
1755137160000,1755137219000,1.37493,1.37495,1.37492,1.37494,50790000,1
1755137220000,1755137279000,1.37495,1.37497,1.3749,1.37496,68670000,1
1755137280000,1755137339000,1.37496,1.37498,1.37495,1.37497,33690000,1
1755137340000,1755137399000,1.37497,1.37508,1.37497,1.37507,29730000,1
1755137400000,1755137459000,1.37508,1.37508,1.375,1.37505,30810000,1
1755137460000,1755137519000,1.37504,1.37509,1.37504,1.37507,40650000,1
1755137520000,1755137579000,1.37507,1.37507,1.375,1.375,54270000,1
1755137580000,1755137639000,1.37499,1.37499,1.37478,1.37483,72600000,1
1755137640000,1755137699000,1.37483,1.37484,1.37479,1.37482,48690000,1
1755137700000,1755137759000,1.37482,1.37498,1.37482,1.37498,88950000,1
1755137760000,1755137819000,1.37499,1.37511,1.37497,1.37509,78000000,1
1755137820000,1755137879000,1.37507,1.37513,1.37507,1.37512,76200000,1
1755137880000,1755137939000,1.37512,1.37522,1.3751,1.37522,72840000,1
1755137940000,1755137999000,1.37524,1.37528,1.37522,1.37527,51600000,1
1755138000000,1755138059000,1.37526,1.37532,1.37522,1.37525,74040000,1
1755138060000,1755138119000,1.37525,1.37525,1.37508,1.3751,41100000,1
1755138120000,1755138179000,1.3751,1.37515,1.3751,1.37511,29760000,1
1755138180000,1755138239000,1.3751,1.37515,1.37509,1.37514,32550000,1
1755138240000,1755138299000,1.37513,1.37517,1.37512,1.37513,22950000,1
1755138300000,1755138359000,1.37513,1.37523,1.37512,1.37522,29550000,1
1755138360000,1755138419000,1.37521,1.37522,1.37519,1.3752,30000000,1
1755138420000,1755138479000,1.3752,1.3752,1.37512,1.37514,46800000,1
1755138480000,1755138539000,1.37514,1.37523,1.37514,1.37522,46800000,1
1755138540000,1755138599000,1.37522,1.37529,1.37522,1.37528,31800000,1
1755138600000,1755138659000,1.37528,1.37547,1.37528,1.37545,66630000,1
1755138660000,1755138719000,1.37545,1.37545,1.37535,1.3754,37800000,1
1755138720000,1755138779000,1.37541,1.37551,1.37541,1.37551,26640000,1
1755138780000,1755138839000,1.37549,1.37552,1.37548,1.3755,49950000,1
1755138840000,1755138899000,1.37551,1.37578,1.37551,1.37571,64680000,1
1755138900000,1755138959000,1.37571,1.37571,1.37562,1.37563,30510000,1
1755138960000,1755139019000,1.37564,1.37569,1.37562,1.37563,46500000,1
1755139020000,1755139079000,1.37563,1.37572,1.37562,1.37569,47280000,1
1755139080000,1755139139000,1.37569,1.37571,1.37566,1.37569,40200000,1
1755139140000,1755139199000,1.37569,1.37577,1.37569,1.37577,30300000,1
1755139200000,1755139259000,1.37575,1.37579,1.37571,1.37578,28320000,1
1755139260000,1755139319000,1.37575,1.37578,1.37573,1.37574,18960000,1
1755139320000,1755139379000,1.37574,1.3758,1.37572,1.3758,36960000,1
1755139380000,1755139439000,1.37579,1.37585,1.37579,1.37581,20640000,1
1755139440000,1755139499000,1.3758,1.37584,1.3758,1.37581,31440000,1
1755139500000,1755139559000,1.3758,1.376,1.3758,1.37599,39330000,1
1755139560000,1755139619000,1.37599,1.376,1.3759,1.3759,48840000,1
1755139620000,1755139679000,1.37591,1.37591,1.37582,1.37589,86850000,1
1755139680000,1755139739000,1.37589,1.37598,1.37589,1.37596,37800000,1
1755139740000,1755139799000,1.37597,1.376,1.37593,1.37599,27750000,1
1755139800000,1755139859000,1.376,1.37606,1.376,1.376,23400000,1
1755139860000,1755139919000,1.376,1.37608,1.376,1.37606,20400000,1
1755139920000,1755139979000,1.37607,1.37608,1.37595,1.37601,46590000,1
1755139980000,1755140039000,1.376,1.37602,1.37592,1.37592,10950000,1
1755140040000,1755140099000,1.37591,1.37599,1.37591,1.37599,38460000,1
1755140100000,1755140159000,1.37598,1.376,1.37587,1.37589,37500000,1
1755140160000,1755140219000,1.37588,1.37589,1.3758,1.3758,16650000,1
1755140220000,1755140279000,1.37581,1.37581,1.37573,1.37576,70740000,1
1755140280000,1755140339000,1.37577,1.37579,1.37576,1.37577,47190000,1
1755140340000,1755140399000,1.37577,1.37579,1.37576,1.37578,45600000,1
1755140400000,1755140459000,1.37578,1.37588,1.37577,1.37588,35640000,1
1755140460000,1755140519000,1.37588,1.37596,1.37586,1.37595,37800000,1
1755140520000,1755140579000,1.37595,1.37596,1.37595,1.37595,9540000,1
1755140580000,1755140639000,1.37596,1.37601,1.37596,1.376,48840000,1
1755140640000,1755140699000,1.37601,1.37601,1.37595,1.376,55530000,1
1755140700000,1755140759000,1.376,1.37608,1.376,1.37605,34320000,1
1755140760000,1755140819000,1.37606,1.37606,1.37599,1.37599,12300000,1
1755140820000,1755140879000,1.376,1.376,1.37585,1.37589,56400000,1
1755140880000,1755140939000,1.37591,1.37591,1.37582,1.37582,27750000,1
1755140940000,1755140999000,1.37582,1.37591,1.3758,1.37589,44250000,1
1755141000000,1755141059000,1.3759,1.3759,1.37585,1.37585,33450000,1
1755141060000,1755141119000,1.37585,1.37587,1.37582,1.37585,78600000,1
1755141120000,1755141179000,1.37585,1.37589,1.37584,1.37586,27300000,1
1755141180000,1755141239000,1.37588,1.37591,1.37582,1.37582,56550000,1
1755141240000,1755141299000,1.37583,1.37583,1.3758,1.37581,28050000,1
1755141300000,1755141359000,1.37581,1.37591,1.37581,1.3759,45300000,1
1755141360000,1755141419000,1.3759,1.37602,1.3759,1.37598,94350000,1
1755141420000,1755141479000,1.37598,1.37604,1.37597,1.37601,75420000,1
1755141480000,1755141539000,1.37602,1.37602,1.37599,1.37599,40050000,1
1755141540000,1755141599000,1.376,1.376,1.37595,1.37598,76170000,1
1755141600000,1755141659000,1.37598,1.37599,1.37591,1.37593,39750000,1
1755141660000,1755141719000,1.37592,1.37592,1.37589,1.3759,66000000,1
1755141720000,1755141779000,1.3759,1.37591,1.37589,1.3759,32310000,1
1755141780000,1755141839000,1.3759,1.37594,1.3759,1.37593,35820000,1
1755141840000,1755141899000,1.37593,1.37597,1.37593,1.37593,73080000,1
1755141900000,1755141959000,1.37593,1.37596,1.37593,1.37596,61890000,1
1755141960000,1755142019000,1.37596,1.37605,1.37596,1.37604,31950000,1
1755142020000,1755142079000,1.37605,1.37611,1.37603,1.37609,26700000,1
1755142080000,1755142139000,1.37609,1.37616,1.37606,1.37606,52050000,1
1755142140000,1755142199000,1.37606,1.37606,1.376,1.37602,46800000,1
1755142200000,1755142259000,1.37603,1.3762,1.37602,1.37618,58890000,1
1755142260000,1755142319000,1.37618,1.37622,1.37611,1.37617,50850000,1
1755142320000,1755142379000,1.37618,1.37627,1.37618,1.37618,45900000,1
1755142380000,1755142439000,1.37616,1.37617,1.37616,1.37616,4950000,1
1755142440000,1755142499000,1.37618,1.37619,1.37616,1.37618,28320000,1
1755142500000,1755142559000,1.37615,1.37616,1.37604,1.37604,59610000,1
1755142560000,1755142619000,1.37604,1.37612,1.37603,1.37612,79230000,1
1755142620000,1755142679000,1.37612,1.37624,1.3761,1.37616,103260000,1
1755142680000,1755142739000,1.37616,1.37619,1.37613,1.37615,47550000,1
1755142740000,1755142799000,1.37616,1.37619,1.37615,1.37616,51210000,1
1755142800000,1755142859000,1.37615,1.37619,1.37608,1.37609,20430000,1
1755142860000,1755142919000,1.37609,1.3761,1.37603,1.37604,23370000,1
1755142920000,1755142979000,1.37603,1.37611,1.376,1.3761,69870000,1
1755142980000,1755143039000,1.37611,1.37611,1.37605,1.37607,50790000,1
1755143040000,1755143099000,1.37605,1.37619,1.37605,1.37619,75570000,1
1755143100000,1755143159000,1.37622,1.37634,1.37622,1.37634,42450000,1
1755143160000,1755143219000,1.37634,1.37636,1.37632,1.37633,48810000,1
1755143220000,1755143279000,1.37632,1.37633,1.37624,1.37624,61890000,1
1755143280000,1755143339000,1.37625,1.37627,1.37624,1.37627,52800000,1
1755143340000,1755143399000,1.37626,1.37627,1.37625,1.37625,84660000,1
1755143400000,1755143459000,1.37625,1.37631,1.37625,1.37631,51540000,1
1755143460000,1755143519000,1.37631,1.37636,1.37628,1.37634,59070000,1
1755143520000,1755143579000,1.37633,1.37637,1.37633,1.37637,85740000,1
1755143580000,1755143639000,1.37639,1.3764,1.37637,1.37637,53430000,1
1755143640000,1755143699000,1.37638,1.37638,1.37631,1.37631,82920000,1
1755143700000,1755143759000,1.37631,1.37631,1.37626,1.37627,43890000,1
1755143760000,1755143819000,1.37625,1.37628,1.37619,1.37622,85650000,1
1755143820000,1755143879000,1.37623,1.37624,1.37619,1.37623,99900000,1
1755143880000,1755143939000,1.37624,1.37626,1.3762,1.37623,87270000,1
1755143940000,1755143999000,1.37624,1.37624,1.37619,1.37621,88560000,1
1755144000000,1755144059000,1.37622,1.3763,1.37621,1.37629,117510000,1
1755144060000,1755144119000,1.37627,1.37629,1.37621,1.37623,54690000,1
1755144120000,1755144179000,1.37622,1.37627,1.37617,1.37617,74910000,1
1755144180000,1755144239000,1.37618,1.37625,1.37618,1.37625,68040000,1
1755144240000,1755144299000,1.37624,1.37627,1.37623,1.37626,87000000,1
1755144300000,1755144359000,1.37626,1.37628,1.37625,1.37625,35310000,1
1755144360000,1755144419000,1.37625,1.37631,1.37625,1.37628,70050000,1
1755144420000,1755144479000,1.37627,1.37632,1.37627,1.37629,81000000,1
1755144480000,1755144539000,1.37629,1.37632,1.37627,1.37632,64050000,1
1755144540000,1755144599000,1.37633,1.37634,1.37627,1.37627,20100000,1
1755144600000,1755144659000,1.37627,1.37631,1.37626,1.37628,36600000,1
1755144660000,1755144719000,1.37627,1.37627,1.37622,1.37623,22950000,1
1755144720000,1755144779000,1.37623,1.37623,1.3761,1.37611,61110000,1
1755144780000,1755144839000,1.37612,1.37613,1.3761,1.37612,66450000,1
1755144840000,1755144899000,1.37612,1.37613,1.37607,1.37609,55050000,1
1755144900000,1755144959000,1.37608,1.3761,1.37603,1.37603,41790000,1
1755144960000,1755145019000,1.37604,1.37608,1.37598,1.37601,73710000,1
1755145020000,1755145079000,1.376,1.37603,1.37598,1.376,63780000,1
1755145080000,1755145139000,1.37601,1.37602,1.37597,1.37599,36000000,1
1755145140000,1755145199000,1.37599,1.37605,1.37599,1.37605,32400000,1
1755145200000,1755145259000,1.37606,1.37607,1.37601,1.37602,27750000,1
1755145260000,1755145319000,1.37602,1.37606,1.37602,1.37604,96300000,1
1755145320000,1755145379000,1.37605,1.37605,1.37597,1.37598,83100000,1
1755145380000,1755145439000,1.37598,1.37602,1.37595,1.37602,30900000,1
1755145440000,1755145499000,1.37601,1.37601,1.3759,1.37591,52050000,1
1755145500000,1755145559000,1.37591,1.37596,1.37588,1.37588,70350000,1
1755145560000,1755145619000,1.37589,1.37595,1.37589,1.37594,38550000,1
1755145620000,1755145679000,1.37595,1.37599,1.37595,1.37597,18900000,1
1755145680000,1755145739000,1.37597,1.37598,1.37596,1.37597,32910000,1
1755145740000,1755145799000,1.37597,1.37598,1.37595,1.37596,37950000,1
1755145800000,1755145859000,1.37595,1.37595,1.37588,1.37588,52350000,1
1755145860000,1755145919000,1.37588,1.37597,1.37588,1.37594,33600000,1
1755145920000,1755145979000,1.37595,1.37595,1.37589,1.37594,72900000,1
1755145980000,1755146039000,1.37594,1.37597,1.37594,1.37596,35100000,1
1755146040000,1755146099000,1.37596,1.37598,1.37593,1.37597,31650000,1
1755146100000,1755146159000,1.37596,1.37598,1.37588,1.37588,48330000,1
1755146160000,1755146219000,1.37589,1.37589,1.37581,1.37582,31350000,1
1755146220000,1755146279000,1.37581,1.37581,1.37577,1.37578,36600000,1
1755146280000,1755146339000,1.37577,1.37579,1.37577,1.37578,40050000,1
1755146340000,1755146399000,1.37577,1.37581,1.37577,1.37579,36600000,1
1755146400000,1755146459000,1.37578,1.37579,1.3757,1.3757,39300000,1
1755146460000,1755146519000,1.37568,1.37573,1.37568,1.37572,56850000,1
1755146520000,1755146579000,1.37571,1.37576,1.3757,1.37576,54450000,1
1755146580000,1755146639000,1.37575,1.37578,1.37574,1.37575,41550000,1
1755146640000,1755146699000,1.37576,1.37577,1.37573,1.37575,82650000,1
1755146700000,1755146759000,1.37574,1.37575,1.3757,1.3757,38100000,1
1755146760000,1755146819000,1.3757,1.37577,1.3757,1.37577,33900000,1
1755146820000,1755146879000,1.37578,1.37586,1.37578,1.37584,58200000,1
1755146880000,1755146939000,1.37585,1.37585,1.37577,1.37577,41400000,1
1755146940000,1755146999000,1.37578,1.37578,1.37571,1.37574,42150000,1
1755147000000,1755147059000,1.37575,1.37578,1.37569,1.37573,63750000,1
1755147060000,1755147119000,1.37573,1.37573,1.37565,1.37567,40200000,1
1755147120000,1755147179000,1.37568,1.37568,1.37566,1.37566,15450000,1
1755147180000,1755147239000,1.37563,1.37574,1.37563,1.37574,54000000,1
1755147240000,1755147299000,1.37574,1.37575,1.37572,1.37574,73380000,1
1755147300000,1755147359000,1.37572,1.37575,1.37572,1.37573,25380000,1
1755147360000,1755147419000,1.37572,1.37576,1.37572,1.37575,76950000,1
1755147420000,1755147479000,1.37576,1.37578,1.37575,1.37578,32550000,1
1755147480000,1755147539000,1.37577,1.37577,1.37569,1.37573,127080000,1
1755147540000,1755147599000,1.37572,1.37577,1.37572,1.37577,45300000,1
1755147600000,1755147659000,1.37578,1.37584,1.37578,1.37584,114300000,1
1755147660000,1755147719000,1.37583,1.37587,1.37582,1.37584,51450000,1
1755147720000,1755147779000,1.37584,1.37585,1.37578,1.37578,72150000,1
1755147780000,1755147839000,1.37579,1.37584,1.37574,1.37578,97800000,1
1755147840000,1755147899000,1.37578,1.37578,1.37576,1.37576,20100000,1
1755147900000,1755147959000,1.37578,1.37579,1.37576,1.37578,101850000,1
1755147960000,1755148019000,1.37578,1.3758,1.37577,1.3758,48450000,1
1755148020000,1755148079000,1.37578,1.37582,1.37577,1.37577,27900000,1
1755148080000,1755148139000,1.37577,1.37579,1.37577,1.37578,28950000,1
1755148140000,1755148199000,1.37581,1.37581,1.37578,1.37579,13950000,1
1755148200000,1755148259000,1.3758,1.37587,1.3758,1.37585,18900000,1
1755148260000,1755148319000,1.37584,1.37584,1.37579,1.37581,48450000,1
1755148320000,1755148379000,1.37581,1.37591,1.37581,1.37588,68250000,1
1755148380000,1755148439000,1.37589,1.37591,1.37585,1.37586,59100000,1
1755148440000,1755148499000,1.37585,1.37586,1.37583,1.37584,9750000,1
1755148500000,1755148559000,1.37583,1.37586,1.37582,1.37583,126300000,1
1755148560000,1755148619000,1.37582,1.37587,1.37582,1.37587,52950000,1
1755148620000,1755148679000,1.37585,1.37586,1.37583,1.37583,43800000,1
1755148680000,1755148739000,1.37585,1.37586,1.37583,1.37583,17400000,1
1755148740000,1755148799000,1.37583,1.37584,1.37579,1.37582,58800000,1
1755148800000,1755148859000,1.37582,1.3759,1.37581,1.3759,79500000,1
1755148860000,1755148919000,1.37589,1.37589,1.37584,1.37586,58500000,1
1755148920000,1755148979000,1.37586,1.37596,1.37585,1.37596,81900000,1
1755148980000,1755149039000,1.37596,1.37596,1.37588,1.37592,52650000,1
1755149040000,1755149099000,1.37594,1.37596,1.37587,1.37587,80700000,1
1755149100000,1755149159000,1.37589,1.37608,1.37588,1.37608,46650000,1
1755149160000,1755149219000,1.37607,1.37609,1.37603,1.37607,38100000,1
1755149220000,1755149279000,1.37608,1.37625,1.37607,1.37625,57300000,1
1755149280000,1755149339000,1.37625,1.37625,1.37623,1.37625,42900000,1
1755149340000,1755149399000,1.37624,1.37625,1.3762,1.37623,77400000,1
1755149400000,1755149459000,1.37623,1.37634,1.37623,1.37632,65700000,1
1755149460000,1755149519000,1.37632,1.37635,1.37631,1.37633,76890000,1
1755149520000,1755149579000,1.37634,1.37637,1.37634,1.37636,60300000,1
1755149580000,1755149639000,1.37636,1.37636,1.3763,1.37632,44100000,1
1755149640000,1755149699000,1.37629,1.37634,1.37628,1.37632,27300000,1
1755149700000,1755149759000,1.37634,1.37634,1.37631,1.37632,70500000,1
1755149760000,1755149819000,1.37633,1.37633,1.37628,1.3763,47550000,1
1755149820000,1755149879000,1.37631,1.37632,1.37627,1.37631,36900000,1
1755149880000,1755149939000,1.37632,1.37632,1.37626,1.37626,21000000,1
1755149940000,1755149999000,1.37625,1.37626,1.37622,1.37622,40650000,1
1755150000000,1755150059000,1.37622,1.37622,1.37615,1.37616,49050000,1
1755150060000,1755150119000,1.37617,1.37618,1.37616,1.37618,50820000,1
1755150120000,1755150179000,1.37617,1.37618,1.37615,1.37618,29820000,1
1755150180000,1755150239000,1.37619,1.37629,1.37617,1.37619,45150000,1
1755150240000,1755150299000,1.37621,1.37624,1.37616,1.37616,30300000,1
1755150300000,1755150359000,1.37616,1.37617,1.37606,1.37607,51600000,1
1755150360000,1755150419000,1.37607,1.37608,1.37587,1.37588,90750000,1
1755150420000,1755150479000,1.37588,1.37596,1.37588,1.37592,40200000,1
1755150480000,1755150539000,1.37593,1.37605,1.37593,1.37601,108300000,1
1755150540000,1755150599000,1.37599,1.37604,1.37595,1.37604,82500000,1
1755150600000,1755150659000,1.37605,1.37606,1.37602,1.37605,54600000,1
1755150660000,1755150719000,1.37606,1.37607,1.37606,1.37606,39000000,1
1755150720000,1755150779000,1.37606,1.37621,1.37606,1.37616,85710000,1
1755150780000,1755150839000,1.37617,1.3762,1.37615,1.37615,56280000,1
1755150840000,1755150899000,1.37616,1.37626,1.37616,1.37623,84120000,1
1755150900000,1755150959000,1.37621,1.37626,1.37618,1.37626,115920000,1
1755150960000,1755151019000,1.37625,1.37639,1.37622,1.37638,105600000,1
1755151020000,1755151079000,1.37639,1.37639,1.37627,1.3763,114150000,1
1755151080000,1755151139000,1.3763,1.37632,1.37622,1.37623,140460000,1
1755151140000,1755151199000,1.37623,1.37624,1.37619,1.37621,79200000,1
1755151200000,1755151259000,1.37622,1.37622,1.37595,1.37599,177240000,1
1755151260000,1755151319000,1.376,1.37605,1.37599,1.376,74040000,1
1755151320000,1755151379000,1.37599,1.37613,1.37592,1.37612,138120000,1
1755151380000,1755151439000,1.37612,1.37617,1.37612,1.37615,87300000,1
1755151440000,1755151499000,1.37615,1.37617,1.37614,1.37614,66120000,1
1755151500000,1755151559000,1.37615,1.37623,1.37602,1.37602,130050000,1
1755151560000,1755151619000,1.37603,1.37606,1.37591,1.37591,140250000,1
1755151620000,1755151679000,1.37592,1.37597,1.37582,1.37582,98760000,1
1755151680000,1755151739000,1.3758,1.37581,1.3757,1.37576,99030000,1
1755151740000,1755151799000,1.37578,1.37581,1.37569,1.37571,77490000,1
1755151800000,1755151859000,1.37571,1.37582,1.37567,1.37567,105870000,1
1755151860000,1755151919000,1.37568,1.37585,1.37568,1.37578,48840000,1
1755151920000,1755151979000,1.37578,1.37578,1.37562,1.37563,149010000,1
1755151980000,1755152039000,1.37562,1.37574,1.37562,1.37565,114870000,1
1755152040000,1755152099000,1.37565,1.37576,1.37562,1.37575,102510000,1
1755152100000,1755152159000,1.37574,1.37587,1.37571,1.37586,147720000,1
1755152160000,1755152219000,1.37587,1.37598,1.37587,1.37591,111120000,1
1755152220000,1755152279000,1.37591,1.37591,1.37578,1.37581,123990000,1
1755152280000,1755152339000,1.37581,1.37598,1.37581,1.37597,105600000,1
1755152340000,1755152399000,1.37597,1.37608,1.37592,1.37592,88140000,1
1755152400000,1755152459000,1.37594,1.37625,1.37594,1.37624,113040000,1
1755152460000,1755152519000,1.37624,1.37629,1.37622,1.37624,122550000,1
1755152520000,1755152579000,1.37624,1.37638,1.37624,1.37635,132480000,1
1755152580000,1755152639000,1.37635,1.37641,1.37613,1.37614,213780000,1
1755152640000,1755152699000,1.37613,1.37614,1.376,1.376,164730000,1
1755152700000,1755152759000,1.376,1.37605,1.37593,1.37601,82620000,1
1755152760000,1755152819000,1.37601,1.37604,1.37594,1.37604,76200000,1
1755152820000,1755152879000,1.37605,1.37605,1.3759,1.37595,61650000,1
1755152880000,1755152939000,1.37592,1.376,1.3759,1.376,84600000,1
1755152940000,1755152999000,1.37599,1.37599,1.37593,1.37594,54750000,1
1755153000000,1755153059000,1.37594,1.37594,1.37584,1.37593,98550000,1
1755153060000,1755153119000,1.37594,1.37627,1.37594,1.37626,158670000,1
1755153120000,1755153179000,1.37626,1.37633,1.3761,1.3761,116700000,1
1755153180000,1755153239000,1.37611,1.37611,1.37591,1.37592,140370000,1
1755153240000,1755153299000,1.37593,1.37601,1.37593,1.376,145230000,1
1755153300000,1755153359000,1.376,1.37609,1.37598,1.37604,94440000,1
1755153360000,1755153419000,1.37605,1.37605,1.37588,1.37591,206820000,1
1755153420000,1755153479000,1.37594,1.37605,1.37589,1.37601,101340000,1
1755153480000,1755153539000,1.37603,1.37605,1.37596,1.37604,116130000,1
1755153540000,1755153599000,1.37604,1.37611,1.376,1.37611,85710000,1
1755153600000,1755153659000,1.37612,1.37624,1.37605,1.37623,70710000,1
1755153660000,1755153719000,1.37624,1.37626,1.37618,1.37626,129270000,1
1755153720000,1755153779000,1.37627,1.37628,1.37621,1.37626,87780000,1
1755153780000,1755153839000,1.37625,1.37633,1.37611,1.37629,89220000,1
1755153840000,1755153899000,1.37629,1.37636,1.37625,1.37634,51660000,1
1755153900000,1755153959000,1.37635,1.37638,1.3763,1.37637,51090000,1
1755153960000,1755154019000,1.37637,1.37642,1.37636,1.37638,69060000,1
1755154020000,1755154079000,1.37638,1.37656,1.37638,1.37656,77760000,1
1755154080000,1755154139000,1.37655,1.37667,1.37653,1.37662,92340000,1
1755154140000,1755154199000,1.37662,1.37663,1.37646,1.3766,119880000,1
1755154200000,1755154259000,1.37661,1.37667,1.3766,1.3766,40650000,1
1755154260000,1755154319000,1.37659,1.37668,1.37658,1.37666,44520000,1
1755154320000,1755154379000,1.37664,1.37683,1.37661,1.37682,68100000,1
1755154380000,1755154439000,1.37681,1.37687,1.37674,1.37674,119250000,1
1755154440000,1755154499000,1.37674,1.37674,1.37654,1.37662,73050000,1
1755154500000,1755154559000,1.37662,1.37684,1.3766,1.37682,88350000,1
1755154560000,1755154619000,1.37683,1.37685,1.3768,1.37685,45900000,1
1755154620000,1755154679000,1.37685,1.37699,1.3768,1.37696,103980000,1
1755154680000,1755154739000,1.37695,1.37695,1.37684,1.37685,80250000,1
1755154740000,1755154799000,1.37685,1.37699,1.37685,1.37697,120450000,1
1755154800000,1755154859000,1.37697,1.37701,1.37676,1.37682,141930000,1
1755154860000,1755154919000,1.3768,1.3768,1.37659,1.37662,109050000,1
1755154920000,1755154979000,1.37662,1.37663,1.37641,1.37643,215070000,1
1755154980000,1755155039000,1.37642,1.37644,1.37631,1.37644,186060000,1
1755155040000,1755155099000,1.37643,1.37644,1.37633,1.37643,256710000,1
1755155100000,1755155159000,1.37643,1.37652,1.37634,1.37652,170010000,1
1755155160000,1755155219000,1.37652,1.37684,1.37651,1.37683,233760000,1
1755155220000,1755155279000,1.37683,1.37685,1.37672,1.37672,163800000,1
1755155280000,1755155339000,1.37671,1.37692,1.3767,1.37685,111000000,1
1755155340000,1755155399000,1.37685,1.37693,1.37683,1.37685,177750000,1
1755155400000,1755155459000,1.37685,1.37685,1.37672,1.37674,151830000,1
1755155460000,1755155519000,1.37674,1.37682,1.37662,1.37664,159660000,1
1755155520000,1755155579000,1.37664,1.37671,1.37659,1.3767,124440000,1
1755155580000,1755155639000,1.37671,1.37672,1.3766,1.37664,147300000,1
1755155640000,1755155699000,1.37663,1.37666,1.37654,1.37661,135600000,1
1755155700000,1755155759000,1.3766,1.37667,1.37651,1.37654,169050000,1
1755155760000,1755155819000,1.37654,1.37661,1.3765,1.3765,110190000,1
1755155820000,1755155879000,1.3765,1.37662,1.3765,1.37651,179520000,1
1755155880000,1755155939000,1.37652,1.37674,1.37651,1.37673,211830000,1
1755155940000,1755155999000,1.37672,1.37687,1.37663,1.37667,275700000,1
1755156000000,1755156059000,1.37668,1.37684,1.37667,1.3768,217980000,1
1755156060000,1755156119000,1.37679,1.37685,1.37675,1.37684,132120000,1
1755156120000,1755156179000,1.37684,1.37715,1.37684,1.37711,117900000,1
1755156180000,1755156239000,1.37711,1.37727,1.37708,1.37723,141060000,1
1755156240000,1755156299000,1.37721,1.37721,1.37695,1.37701,154350000,1
1755156300000,1755156359000,1.37702,1.37713,1.37691,1.37691,81180000,1
1755156360000,1755156419000,1.37692,1.37704,1.37691,1.37703,50670000,1
1755156420000,1755156479000,1.37704,1.37704,1.37692,1.37695,80370000,1
1755156480000,1755156539000,1.37695,1.37699,1.37683,1.37699,95760000,1
1755156540000,1755156599000,1.37698,1.377,1.3769,1.37691,138390000,1
1755156600000,1755156659000,1.3769,1.37721,1.3769,1.3772,90780000,1
1755156660000,1755156719000,1.37721,1.37725,1.37706,1.37708,79650000,1
1755156720000,1755156779000,1.37709,1.37712,1.37708,1.37711,82740000,1
1755156780000,1755156839000,1.37712,1.37714,1.37691,1.37695,112470000,1
1755156840000,1755156899000,1.37695,1.37696,1.37691,1.37694,97170000,1
1755156900000,1755156959000,1.37695,1.37711,1.37693,1.3771,90360000,1
1755156960000,1755157019000,1.37709,1.37711,1.37688,1.37689,127470000,1
1755157020000,1755157079000,1.37686,1.37705,1.37685,1.37701,48570000,1
1755157080000,1755157139000,1.37701,1.37708,1.377,1.37707,114360000,1
1755157140000,1755157199000,1.37707,1.37708,1.37698,1.37698,83970000,1
1755157200000,1755157259000,1.37698,1.37706,1.37697,1.377,110520000,1
1755157260000,1755157319000,1.37702,1.37718,1.37702,1.37718,137040000,1
1755157320000,1755157379000,1.37718,1.37726,1.37716,1.37717,171930000,1
1755157380000,1755157439000,1.37718,1.37742,1.37718,1.37732,132690000,1
1755157440000,1755157499000,1.37732,1.3774,1.37731,1.3774,115080000,1
1755157500000,1755157559000,1.37741,1.37751,1.3774,1.3775,100860000,1
1755157560000,1755157619000,1.3775,1.37771,1.3775,1.37768,163470000,1
1755157620000,1755157679000,1.37768,1.37779,1.37744,1.37747,161550000,1
1755157680000,1755157739000,1.37748,1.3776,1.37739,1.37759,122670000,1
1755157740000,1755157799000,1.37759,1.37771,1.37759,1.37764,107280000,1
1755157800000,1755157859000,1.37765,1.37774,1.37765,1.37772,88560000,1
1755157860000,1755157919000,1.37771,1.37787,1.37771,1.37784,78300000,1
1755157920000,1755157979000,1.37784,1.37789,1.37782,1.37784,111990000,1
1755157980000,1755158039000,1.37784,1.37789,1.37776,1.37776,84390000,1
1755158040000,1755158099000,1.37776,1.37776,1.37766,1.37766,145020000,1
1755158100000,1755158159000,1.37766,1.37768,1.37764,1.37764,157200000,1
1755158160000,1755158219000,1.37765,1.37776,1.37765,1.37767,113490000,1
1755158220000,1755158279000,1.37768,1.37777,1.37764,1.37766,141690000,1
1755158280000,1755158339000,1.37766,1.37766,1.37751,1.37753,192420000,1
1755158340000,1755158399000,1.37754,1.37755,1.37735,1.37735,295470000,1
1755158400000,1755158459000,1.37736,1.37756,1.3773,1.37745,263220000,1
1755158460000,1755158519000,1.37747,1.37752,1.37739,1.37748,144420000,1
1755158520000,1755158579000,1.37749,1.37754,1.37741,1.37741,153360000,1
1755158580000,1755158639000,1.37742,1.3775,1.37742,1.37749,167490000,1
1755158640000,1755158699000,1.37749,1.37756,1.37747,1.37754,77550000,1
1755158700000,1755158759000,1.37754,1.37755,1.37741,1.37742,164760000,1
1755158760000,1755158819000,1.37742,1.37748,1.37734,1.37734,85740000,1
1755158820000,1755158879000,1.3773,1.37746,1.37728,1.37745,185490000,1
1755158880000,1755158939000,1.37745,1.37765,1.37745,1.37762,137400000,1
1755158940000,1755158999000,1.37763,1.37775,1.37761,1.3777,151410000,1
1755159000000,1755159059000,1.37769,1.37776,1.37768,1.37768,94770000,1
1755159060000,1755159119000,1.37766,1.37771,1.37757,1.37757,99900000,1
1755159120000,1755159179000,1.37757,1.37758,1.37748,1.37748,100200000,1
1755159180000,1755159239000,1.37748,1.37749,1.37737,1.37741,66900000,1
1755159240000,1755159299000,1.37741,1.3775,1.37741,1.37749,83550000,1
1755159300000,1755159359000,1.37749,1.37751,1.37746,1.37748,91500000,1
1755159360000,1755159419000,1.3775,1.37769,1.3775,1.37769,73200000,1
1755159420000,1755159479000,1.37766,1.37767,1.37757,1.37757,63150000,1
1755159480000,1755159539000,1.37757,1.37766,1.37753,1.37764,87120000,1
1755159540000,1755159599000,1.37764,1.37765,1.37749,1.37749,72240000,1
1755159600000,1755159659000,1.37749,1.37759,1.37749,1.37758,59220000,1
1755159660000,1755159719000,1.37759,1.37759,1.37746,1.37748,57720000,1
1755159720000,1755159779000,1.37748,1.37749,1.37737,1.37739,78600000,1
1755159780000,1755159839000,1.3774,1.3775,1.37739,1.37747,36690000,1
1755159840000,1755159899000,1.37748,1.37748,1.37739,1.37747,61290000,1
1755159900000,1755159959000,1.37749,1.37756,1.37747,1.37749,75060000,1
1755159960000,1755160019000,1.37748,1.37749,1.37738,1.37739,70230000,1
1755160020000,1755160079000,1.37741,1.3775,1.3774,1.37749,62520000,1
1755160080000,1755160139000,1.3775,1.37758,1.37748,1.3775,81570000,1
1755160140000,1755160199000,1.3775,1.37752,1.37747,1.37747,108120000,1
1755160200000,1755160259000,1.37749,1.37755,1.37737,1.37746,113340000,1
1755160260000,1755160319000,1.37746,1.37749,1.37739,1.3774,94740000,1
1755160320000,1755160379000,1.37739,1.37739,1.3772,1.37729,67590000,1
1755160380000,1755160439000,1.37727,1.37728,1.37714,1.37719,80700000,1
1755160440000,1755160499000,1.37718,1.3772,1.37711,1.37716,120450000,1
1755160500000,1755160559000,1.37715,1.37728,1.37713,1.37728,112020000,1
1755160560000,1755160619000,1.37728,1.37745,1.37728,1.37744,73800000,1
1755160620000,1755160679000,1.37744,1.37748,1.37737,1.37738,77370000,1
1755160680000,1755160739000,1.37744,1.37744,1.37726,1.37726,93600000,1
1755160740000,1755160799000,1.37727,1.37737,1.37727,1.3773,111420000,1
1755160800000,1755160859000,1.3773,1.37737,1.37729,1.37737,38400000,1
1755160860000,1755160919000,1.37736,1.37739,1.37731,1.37738,43500000,1
1755160920000,1755160979000,1.3774,1.3776,1.3774,1.37759,66240000,1
1755160980000,1755161039000,1.37758,1.37774,1.37758,1.37769,48480000,1
1755161040000,1755161099000,1.3777,1.3778,1.37769,1.3778,63720000,1
1755161100000,1755161159000,1.37779,1.37784,1.37779,1.37782,58440000,1
1755161160000,1755161219000,1.37782,1.37787,1.37779,1.3778,67440000,1
1755161220000,1755161279000,1.3778,1.37788,1.37776,1.37787,52200000,1
1755161280000,1755161339000,1.37786,1.37796,1.37786,1.3779,70200000,1
1755161340000,1755161399000,1.3779,1.37805,1.3779,1.37804,79740000,1
1755161400000,1755161459000,1.37804,1.37814,1.37802,1.37813,79320000,1
1755161460000,1755161519000,1.37814,1.37816,1.37806,1.37816,99540000,1
1755161520000,1755161579000,1.37814,1.37832,1.37813,1.37817,84300000,1
1755161580000,1755161639000,1.37816,1.37825,1.37815,1.37823,108570000,1
1755161640000,1755161699000,1.37822,1.37823,1.37807,1.37807,83790000,1
1755161700000,1755161759000,1.37806,1.37811,1.37801,1.3781,177420000,1
1755161760000,1755161819000,1.37809,1.37815,1.37803,1.37813,123510000,1
1755161820000,1755161879000,1.37814,1.37819,1.37814,1.37816,97830000,1
1755161880000,1755161939000,1.37815,1.3782,1.37808,1.37811,165360000,1
1755161940000,1755161999000,1.37811,1.37814,1.37806,1.37814,99600000,1
1755162000000,1755162059000,1.37811,1.37814,1.37804,1.37813,104640000,1
1755162060000,1755162119000,1.37812,1.37817,1.378,1.378,51870000,1
1755162120000,1755162179000,1.37799,1.37801,1.37786,1.37793,102540000,1
1755162180000,1755162239000,1.37792,1.37801,1.37781,1.37781,79830000,1
1755162240000,1755162299000,1.37781,1.37783,1.37774,1.37777,97920000,1
1755162300000,1755162359000,1.37775,1.37785,1.37774,1.37784,62730000,1
1755162360000,1755162419000,1.37784,1.37789,1.37772,1.37772,78210000,1
1755162420000,1755162479000,1.37773,1.37775,1.37766,1.37775,66900000,1
1755162480000,1755162539000,1.37774,1.37776,1.37766,1.37768,80400000,1
1755162540000,1755162599000,1.37768,1.37776,1.37757,1.37758,91260000,1
1755162600000,1755162659000,1.3776,1.37776,1.37759,1.37759,91200000,1
1755162660000,1755162719000,1.37758,1.37764,1.37739,1.37745,133440000,1
1755162720000,1755162779000,1.37745,1.37755,1.37743,1.37755,94950000,1
1755162780000,1755162839000,1.37756,1.3776,1.3774,1.37747,74700000,1
1755162840000,1755162899000,1.37746,1.37754,1.3774,1.37743,78000000,1
1755162900000,1755162959000,1.37743,1.37751,1.37738,1.37738,91050000,1
1755162960000,1755163019000,1.37738,1.37745,1.37738,1.3774,39120000,1
1755163020000,1755163079000,1.3774,1.37746,1.37737,1.37738,74280000,1
1755163080000,1755163139000,1.37738,1.37744,1.37738,1.37741,52290000,1
1755163140000,1755163199000,1.37741,1.37742,1.37734,1.37738,53100000,1
1755163200000,1755163259000,1.37738,1.37743,1.37736,1.37742,65730000,1
1755163260000,1755163319000,1.37742,1.37752,1.3774,1.37748,75690000,1
1755163320000,1755163379000,1.37747,1.37752,1.37747,1.3775,46800000,1
1755163380000,1755163439000,1.3775,1.37752,1.37749,1.3775,81060000,1
1755163440000,1755163499000,1.3775,1.37751,1.37748,1.37748,30900000,1
1755163500000,1755163559000,1.37748,1.37749,1.37746,1.37747,49950000,1
1755163560000,1755163619000,1.37747,1.3775,1.37736,1.37736,63930000,1
1755163620000,1755163679000,1.37737,1.37738,1.37729,1.37737,80820000,1
1755163680000,1755163739000,1.37735,1.37737,1.37729,1.3773,123990000,1
1755163740000,1755163799000,1.37731,1.37746,1.37729,1.37746,69600000,1
1755163800000,1755163859000,1.37744,1.3775,1.37733,1.37734,107190000,1
1755163860000,1755163919000,1.37735,1.37736,1.37728,1.37728,43590000,1
1755163920000,1755163979000,1.37728,1.3773,1.37716,1.37717,47070000,1
1755163980000,1755164039000,1.37716,1.37727,1.37709,1.37727,56970000,1
1755164040000,1755164099000,1.37728,1.37736,1.37726,1.3773,86430000,1
1755164100000,1755164159000,1.37731,1.37734,1.37723,1.37728,140430000,1
1755164160000,1755164219000,1.37729,1.37737,1.37729,1.37737,54150000,1
1755164220000,1755164279000,1.37737,1.37741,1.37734,1.37741,62220000,1
1755164280000,1755164339000,1.37741,1.37742,1.37738,1.37742,73170000,1
1755164340000,1755164399000,1.37741,1.37743,1.3773,1.3773,98880000,1
1755164400000,1755164459000,1.37733,1.37741,1.37733,1.37739,30150000,1
1755164460000,1755164519000,1.37739,1.37742,1.37731,1.3774,60600000,1
1755164520000,1755164579000,1.37739,1.37741,1.37734,1.3774,62100000,1
1755164580000,1755164639000,1.37741,1.37768,1.37741,1.37759,72600000,1
1755164640000,1755164699000,1.3776,1.3776,1.37749,1.37755,109020000,1
1755164700000,1755164759000,1.37756,1.37765,1.37755,1.37761,120000000,1
1755164760000,1755164819000,1.37761,1.37765,1.37758,1.37765,130290000,1
1755164820000,1755164879000,1.37766,1.3777,1.37765,1.37769,75390000,1
1755164880000,1755164939000,1.37767,1.37773,1.37766,1.37767,112890000,1
1755164940000,1755164999000,1.37768,1.37769,1.37748,1.37749,78450000,1
1755165000000,1755165059000,1.37749,1.37752,1.37748,1.3775,74460000,1
1755165060000,1755165119000,1.37749,1.37757,1.37739,1.37739,75510000,1
1755165120000,1755165179000,1.3774,1.37746,1.37737,1.37746,43950000,1
1755165180000,1755165239000,1.37745,1.37757,1.37745,1.37752,112650000,1
1755165240000,1755165299000,1.3775,1.37751,1.37742,1.37747,87930000,1
1755165300000,1755165359000,1.37749,1.37761,1.37749,1.37758,71700000,1
1755165360000,1755165419000,1.3776,1.37761,1.37749,1.3775,92970000,1
1755165420000,1755165479000,1.37753,1.37766,1.37751,1.37763,111870000,1
1755165480000,1755165539000,1.37764,1.37766,1.37753,1.3776,212280000,1
1755165540000,1755165599000,1.37765,1.37767,1.37758,1.37762,190260000,1
1755165600000,1755165659000,1.37761,1.37765,1.37757,1.37762,105390000,1
1755165660000,1755165719000,1.37763,1.37774,1.3776,1.37768,94620000,1
1755165720000,1755165779000,1.37769,1.3777,1.37759,1.37761,77370000,1
1755165780000,1755165839000,1.37762,1.37764,1.37739,1.37743,74160000,1
1755165840000,1755165899000,1.37743,1.37759,1.3774,1.37755,137970000,1
1755165900000,1755165959000,1.37755,1.3776,1.37755,1.37758,74250000,1
1755165960000,1755166019000,1.37757,1.37767,1.37757,1.37767,63360000,1
1755166020000,1755166079000,1.37767,1.37768,1.37755,1.37756,87220000,1
1755166080000,1755166139000,1.37756,1.37766,1.37749,1.37766,121050000,1
1755166140000,1755166199000,1.37765,1.37765,1.37756,1.3776,23490000,1
1755166200000,1755166259000,1.3776,1.37766,1.37758,1.3776,72540000,1
1755166260000,1755166319000,1.37759,1.37776,1.37759,1.37776,56520000,1
1755166320000,1755166379000,1.37775,1.37778,1.37767,1.37767,72060000,1
1755166380000,1755166439000,1.37768,1.37775,1.37762,1.37771,97800000,1
1755166440000,1755166499000,1.37771,1.37774,1.37768,1.37769,98940000,1
1755166500000,1755166559000,1.3777,1.3777,1.37759,1.37759,59040000,1
1755166560000,1755166619000,1.37759,1.3776,1.37751,1.37752,102720000,1
1755166620000,1755166679000,1.37753,1.37757,1.37746,1.37748,114240000,1
1755166680000,1755166739000,1.37748,1.3775,1.37748,1.37748,59850000,1
1755166740000,1755166799000,1.37749,1.37758,1.37749,1.37757,67410000,1
1755166800000,1755166859000,1.37756,1.37756,1.3775,1.37754,43320000,1
1755166860000,1755166919000,1.37754,1.37755,1.3774,1.37741,74370000,1
1755166920000,1755166979000,1.3774,1.37741,1.37735,1.37739,64650000,1
1755166980000,1755167039000,1.37738,1.37748,1.37738,1.37747,71400000,1
1755167040000,1755167099000,1.37747,1.37748,1.37741,1.37743,76560000,1
1755167100000,1755167159000,1.37744,1.37745,1.37737,1.37738,69180000,1
1755167160000,1755167219000,1.37739,1.3774,1.37721,1.37723,138750000,1
1755167220000,1755167279000,1.37722,1.37723,1.37704,1.37721,166350000,1
1755167280000,1755167339000,1.37721,1.37729,1.37719,1.37725,78450000,1
1755167340000,1755167399000,1.37725,1.37731,1.37725,1.37731,75180000,1
1755167400000,1755167459000,1.37731,1.37731,1.37719,1.37721,63000000,1
1755167460000,1755167519000,1.37721,1.37737,1.37721,1.37737,25050000,1
1755167520000,1755167579000,1.37738,1.37738,1.37731,1.37734,43800000,1
1755167580000,1755167639000,1.37734,1.37734,1.37726,1.37726,39900000,1
1755167640000,1755167699000,1.37725,1.37725,1.37715,1.37719,86250000,1
1755167700000,1755167759000,1.37719,1.37721,1.37717,1.37717,113820000,1
1755167760000,1755167819000,1.37718,1.37726,1.37718,1.37722,38070000,1
1755167820000,1755167879000,1.37722,1.37728,1.37715,1.37716,53610000,1
1755167880000,1755167939000,1.37715,1.37716,1.37699,1.377,92820000,1
1755167940000,1755167999000,1.377,1.37705,1.37698,1.37703,84960000,1
1755168000000,1755168059000,1.37703,1.37715,1.377,1.37712,71640000,1
1755168060000,1755168119000,1.37712,1.37721,1.37711,1.37721,99900000,1
1755168120000,1755168179000,1.37719,1.37725,1.37719,1.37724,27450000,1
1755168180000,1755168239000,1.37724,1.37731,1.37722,1.37731,52350000,1
1755168240000,1755168299000,1.37731,1.37737,1.37729,1.37729,43530000,1
1755168300000,1755168359000,1.3773,1.37738,1.37729,1.3773,87840000,1
1755168360000,1755168419000,1.37732,1.37738,1.3773,1.37734,92580000,1
1755168420000,1755168479000,1.37734,1.37737,1.37733,1.37734,99000000,1
1755168480000,1755168539000,1.37734,1.37736,1.3773,1.37734,121620000,1
1755168540000,1755168599000,1.37734,1.37736,1.37729,1.37732,169230000,1
1755168600000,1755168659000,1.37734,1.37737,1.37731,1.37731,88890000,1
1755168660000,1755168719000,1.3773,1.37736,1.3773,1.37736,48300000,1
1755168720000,1755168779000,1.37735,1.3774,1.37733,1.37739,60120000,1
1755168780000,1755168839000,1.3774,1.37743,1.37739,1.37741,40350000,1
1755168840000,1755168899000,1.37743,1.37756,1.3774,1.37754,60450000,1
1755168900000,1755168959000,1.37753,1.37758,1.37753,1.37757,56940000,1
1755168960000,1755169019000,1.37755,1.37765,1.37755,1.37764,64560000,1
1755169020000,1755169079000,1.37764,1.37769,1.37762,1.37762,55320000,1
1755169080000,1755169139000,1.3776,1.37769,1.37758,1.37765,124350000,1
1755169140000,1755169199000,1.37765,1.37766,1.37749,1.37749,164790000,1
1755169200000,1755169259000,1.37749,1.3775,1.37736,1.37742,222600000,1
1755169260000,1755169319000,1.37743,1.37751,1.37741,1.37745,162420000,1
1755169320000,1755169379000,1.37746,1.37749,1.37742,1.37748,107010000,1
1755169380000,1755169439000,1.37748,1.37762,1.37746,1.37758,120030000,1
1755169440000,1755169499000,1.37758,1.37759,1.37745,1.37757,114000000,1
1755169500000,1755169559000,1.37758,1.37758,1.37751,1.37755,77790000,1
1755169560000,1755169619000,1.37757,1.37762,1.37752,1.37761,54750000,1
1755169620000,1755169679000,1.37762,1.37763,1.3775,1.37757,75750000,1
1755169680000,1755169739000,1.37756,1.3776,1.37751,1.3776,63000000,1
1755169740000,1755169799000,1.37759,1.37762,1.37759,1.37761,49950000,1
1755169800000,1755169859000,1.37762,1.37768,1.3776,1.37765,40800000,1
1755169860000,1755169919000,1.37764,1.37771,1.37764,1.3777,28800000,1
1755169920000,1755169979000,1.3777,1.37771,1.37762,1.37766,64620000,1
1755169980000,1755170039000,1.37767,1.37777,1.37766,1.37776,66750000,1
1755170040000,1755170099000,1.37776,1.37777,1.3777,1.3777,29430000,1
1755170100000,1755170159000,1.37769,1.37777,1.37767,1.37776,35400000,1
1755170160000,1755170219000,1.37777,1.3778,1.37774,1.37777,62040000,1
1755170220000,1755170279000,1.37777,1.37777,1.37774,1.37775,61140000,1
1755170280000,1755170339000,1.37777,1.37788,1.37776,1.37787,54270000,1
1755170340000,1755170399000,1.37787,1.37794,1.37786,1.37793,104550000,1
1755170400000,1755170459000,1.37792,1.37798,1.37785,1.37794,118170000,1
1755170460000,1755170519000,1.37794,1.37803,1.37791,1.37802,108960000,1
1755170520000,1755170579000,1.37802,1.37817,1.37801,1.37815,151830000,1
1755170580000,1755170639000,1.37815,1.37815,1.378,1.378,42000000,1
1755170640000,1755170699000,1.37803,1.37803,1.37794,1.37794,56340000,1
1755170700000,1755170759000,1.37795,1.37815,1.37794,1.37815,57030000,1
1755170760000,1755170819000,1.37816,1.37823,1.37812,1.37822,70050000,1
1755170820000,1755170879000,1.37822,1.37831,1.37818,1.37824,123390000,1
1755170880000,1755170939000,1.37824,1.37833,1.37819,1.37827,137100000,1
1755170940000,1755170999000,1.37827,1.37828,1.37822,1.37822,52200000,1
1755171000000,1755171059000,1.37824,1.37825,1.37816,1.3782,39450000,1
1755171060000,1755171119000,1.3782,1.37822,1.37812,1.37813,49050000,1
1755171120000,1755171179000,1.37814,1.37817,1.37812,1.37813,78750000,1
1755171180000,1755171239000,1.37812,1.37814,1.37805,1.37811,125700000,1
1755171240000,1755171299000,1.3781,1.3781,1.3779,1.37795,39300000,1
1755171300000,1755171359000,1.37794,1.37794,1.37782,1.37784,96450000,1
1755171360000,1755171419000,1.37783,1.37804,1.37782,1.37804,90300000,1
1755171420000,1755171479000,1.37806,1.37807,1.37804,1.37807,6000000,1
1755171480000,1755171539000,1.37806,1.37826,1.37806,1.37825,26400000,1
1755171540000,1755171599000,1.37825,1.37825,1.37816,1.37817,14310000,1
1755171600000,1755171659000,1.37817,1.37817,1.37808,1.3781,35250000,1
1755171660000,1755171719000,1.3781,1.37817,1.3781,1.37811,78300000,1
1755171720000,1755171779000,1.37812,1.37815,1.37807,1.3781,38400000,1
1755171780000,1755171839000,1.37808,1.37823,1.37808,1.37823,42120000,1
1755171840000,1755171899000,1.37822,1.37823,1.37817,1.37818,25950000,1
1755171900000,1755171959000,1.3782,1.37836,1.37817,1.37836,52200000,1
1755171960000,1755172019000,1.37836,1.37837,1.37827,1.37827,61800000,1
1755172020000,1755172079000,1.37827,1.37828,1.37816,1.37823,28950000,1
1755172080000,1755172139000,1.37824,1.37826,1.37822,1.37823,31800000,1
1755172140000,1755172199000,1.37825,1.37833,1.37822,1.37832,64860000,1
1755172200000,1755172259000,1.37832,1.37841,1.37821,1.37821,129270000,1
1755172260000,1755172319000,1.37822,1.3783,1.37821,1.37822,41220000,1
1755172320000,1755172379000,1.37823,1.37823,1.37811,1.37811,40800000,1
1755172380000,1755172439000,1.37811,1.37814,1.3781,1.37813,85740000,1
1755172440000,1755172499000,1.37812,1.37822,1.37812,1.37822,93270000,1
1755172500000,1755172559000,1.37822,1.37844,1.37822,1.37838,109410000,1
1755172560000,1755172619000,1.37838,1.37844,1.37838,1.37842,43650000,1
1755172620000,1755172679000,1.37841,1.37848,1.37838,1.37843,86790000,1
1755172680000,1755172739000,1.37843,1.37844,1.37837,1.3784,29100000,1
1755172740000,1755172799000,1.37838,1.37842,1.37838,1.37839,35850000,1
1755172800000,1755172859000,1.37837,1.37837,1.37813,1.37817,259140000,1
1755172860000,1755172919000,1.37815,1.37825,1.37813,1.37814,267390000,1
1755172920000,1755172979000,1.37813,1.37821,1.37811,1.3782,174300000,1
1755172980000,1755173039000,1.37819,1.37824,1.37814,1.37823,218130000,1
1755173040000,1755173099000,1.37823,1.37824,1.37815,1.37817,58920000,1
1755173100000,1755173159000,1.37817,1.37819,1.37809,1.37816,48900000,1
1755173160000,1755173219000,1.37816,1.37826,1.37814,1.37824,31770000,1
1755173220000,1755173279000,1.37825,1.37825,1.37814,1.37816,19200000,1
1755173280000,1755173339000,1.37818,1.37827,1.37818,1.37821,19050000,1
1755173340000,1755173399000,1.37822,1.37826,1.37822,1.37826,21900000,1
1755173400000,1755173459000,1.37826,1.37827,1.3781,1.37816,69480000,1
1755173460000,1755173519000,1.37816,1.37819,1.37813,1.37815,53250000,1
1755173520000,1755173579000,1.37816,1.37825,1.37814,1.37824,64590000,1
1755173580000,1755173639000,1.37822,1.37846,1.37819,1.37844,69720000,1
1755173640000,1755173699000,1.37844,1.37845,1.37835,1.37836,73200000,1
1755173700000,1755173759000,1.37834,1.37845,1.37832,1.37844,70800000,1
1755173760000,1755173819000,1.37843,1.37845,1.37837,1.37842,43200000,1
1755173820000,1755173879000,1.37843,1.37854,1.37842,1.37854,60720000,1
1755173880000,1755173939000,1.37854,1.3787,1.37854,1.37862,97710000,1
1755173940000,1755173999000,1.37861,1.37866,1.37855,1.37866,55200000,1
1755174000000,1755174059000,1.37864,1.37865,1.37855,1.37858,66150000,1
1755174060000,1755174119000,1.37857,1.37863,1.3785,1.37862,81840000,1
1755174120000,1755174179000,1.37862,1.37862,1.37856,1.37857,83640000,1
1755174180000,1755174239000,1.37857,1.37857,1.37834,1.37835,67350000,1
1755174240000,1755174299000,1.37833,1.37837,1.3783,1.37834,48120000,1
1755174300000,1755174359000,1.37836,1.37836,1.37829,1.37833,30210000,1
1755174360000,1755174419000,1.37833,1.37841,1.37833,1.37834,21420000,1
1755174420000,1755174479000,1.37832,1.37843,1.37832,1.37834,37770000,1
1755174480000,1755174539000,1.37833,1.37859,1.37833,1.37853,63360000,1
1755174540000,1755174599000,1.37853,1.37854,1.37845,1.37846,80550000,1
1755174600000,1755174659000,1.37846,1.38012,1.37839,1.37977,471960000,1
1755174660000,1755174719000,1.37977,1.37986,1.37915,1.37928,349380000,1
1755174720000,1755174779000,1.37929,1.37962,1.37927,1.37948,264690000,1
1755174780000,1755174839000,1.37946,1.37976,1.37946,1.37964,299040000,1
1755174840000,1755174899000,1.37963,1.37967,1.37947,1.37966,224160000,1
1755174900000,1755174959000,1.37967,1.37968,1.37917,1.37921,265410000,1
1755174960000,1755175019000,1.3792,1.37947,1.3792,1.37927,204630000,1
1755175020000,1755175079000,1.37927,1.37936,1.37914,1.37929,165090000,1
1755175080000,1755175139000,1.37928,1.37966,1.37928,1.37964,251400000,1
1755175140000,1755175199000,1.37965,1.37978,1.37931,1.37939,216570000,1
1755175200000,1755175259000,1.37939,1.37976,1.37939,1.3797,193800000,1
1755175260000,1755175319000,1.37971,1.3798,1.37931,1.37937,222210000,1
1755175320000,1755175379000,1.37939,1.37967,1.37924,1.37931,205380000,1
1755175380000,1755175439000,1.37931,1.37931,1.37904,1.3791,211050000,1
1755175440000,1755175499000,1.37914,1.3792,1.37858,1.37863,259170000,1
1755175500000,1755175559000,1.37863,1.37881,1.37848,1.37853,202650000,1
1755175560000,1755175619000,1.37853,1.37862,1.37835,1.37862,219960000,1
1755175620000,1755175679000,1.37863,1.37896,1.37862,1.37891,197250000,1
1755175680000,1755175739000,1.37891,1.37898,1.37878,1.37895,194220000,1
1755175740000,1755175799000,1.37895,1.37922,1.37891,1.37913,164220000,1
1755175800000,1755175859000,1.37913,1.37919,1.37884,1.3789,197520000,1
1755175860000,1755175919000,1.3789,1.37914,1.37887,1.37913,146700000,1
1755175920000,1755175979000,1.37912,1.37947,1.37909,1.37946,201510000,1
1755175980000,1755176039000,1.37947,1.37956,1.37943,1.37953,240150000,1
1755176040000,1755176099000,1.37954,1.37968,1.37947,1.37963,190560000,1
1755176100000,1755176159000,1.37962,1.37986,1.37953,1.37985,175500000,1
1755176160000,1755176219000,1.37985,1.38006,1.37981,1.37989,165450000,1
1755176220000,1755176279000,1.3799,1.37997,1.37973,1.37996,169340000,1
1755176280000,1755176339000,1.37997,1.37998,1.37965,1.3798,194700000,1
1755176340000,1755176399000,1.3798,1.3798,1.37957,1.37957,145470000,1
1755176400000,1755176459000,1.37957,1.3801,1.37957,1.38002,214290000,1
1755176460000,1755176519000,1.38001,1.38013,1.37972,1.37972,268890000,1
1755176520000,1755176579000,1.37972,1.37988,1.37954,1.37958,210900000,1
1755176580000,1755176639000,1.37959,1.37995,1.37958,1.37994,181500000,1
1755176640000,1755176699000,1.37994,1.37995,1.3798,1.37985,139500000,1
1755176700000,1755176759000,1.37985,1.38012,1.37979,1.38007,140100000,1
1755176760000,1755176819000,1.38006,1.38012,1.37997,1.37998,119700000,1
1755176820000,1755176879000,1.38002,1.38022,1.37996,1.38015,171600000,1
1755176880000,1755176939000,1.38015,1.3803,1.38014,1.38023,182970000,1
1755176940000,1755176999000,1.38023,1.38029,1.38008,1.38011,175890000,1
1755177000000,1755177059000,1.38011,1.38034,1.38005,1.38033,203130000,1
1755177060000,1755177119000,1.38033,1.38033,1.38007,1.38018,160170000,1
1755177120000,1755177179000,1.38018,1.38018,1.37993,1.38008,152790000,1
1755177180000,1755177239000,1.38007,1.38016,1.38005,1.38012,107520000,1
1755177240000,1755177299000,1.38013,1.38024,1.38003,1.38023,153360000,1
1755177300000,1755177359000,1.38024,1.38035,1.38003,1.38003,156180000,1
1755177360000,1755177419000,1.38001,1.38006,1.37987,1.37987,113400000,1
1755177420000,1755177479000,1.37985,1.37986,1.37961,1.37983,219330000,1
1755177480000,1755177539000,1.37989,1.37996,1.37975,1.37978,128250000,1
1755177540000,1755177599000,1.37976,1.38027,1.37972,1.38017,163950000,1
1755177600000,1755177659000,1.38018,1.38044,1.38017,1.38043,173550000,1
1755177660000,1755177719000,1.38044,1.3805,1.38035,1.38039,162190000,1
1755177720000,1755177779000,1.3804,1.38043,1.38032,1.3804,153240000,1
1755177780000,1755177839000,1.3804,1.38049,1.38032,1.38046,125400000,1
1755177840000,1755177899000,1.38046,1.38064,1.38041,1.38064,148560000,1
1755177900000,1755177959000,1.38063,1.38083,1.38051,1.38054,170190000,1
1755177960000,1755178019000,1.38055,1.38057,1.38039,1.38052,221220000,1
1755178020000,1755178079000,1.38052,1.38062,1.38049,1.3806,207390000,1
1755178080000,1755178139000,1.3806,1.38081,1.3806,1.38071,133290000,1
1755178140000,1755178199000,1.38072,1.38078,1.38068,1.38078,131820000,1
1755178200000,1755178259000,1.38078,1.38081,1.38059,1.38061,192990000,1
1755178260000,1755178319000,1.38063,1.38071,1.38051,1.38063,224910000,1
1755178320000,1755178379000,1.38062,1.38063,1.38043,1.38052,186690000,1
1755178380000,1755178439000,1.38053,1.38066,1.38041,1.38064,216840000,1
1755178440000,1755178499000,1.38063,1.38072,1.38053,1.38069,177600000,1
1755178500000,1755178559000,1.38069,1.3807,1.38032,1.38038,195900000,1
1755178560000,1755178619000,1.38039,1.38046,1.38024,1.38045,193020000,1
1755178620000,1755178679000,1.38046,1.3805,1.38013,1.38017,267090000,1
1755178680000,1755178739000,1.38017,1.38024,1.37999,1.38002,217500000,1
1755178740000,1755178799000,1.38002,1.38019,1.37998,1.37999,202800000,1
1755178800000,1755178859000,1.37999,1.38015,1.37996,1.38008,163800000,1
1755178860000,1755178919000,1.38007,1.38017,1.38007,1.38015,146490000,1
1755178920000,1755178979000,1.38014,1.38037,1.38013,1.38033,156990000,1
1755178980000,1755179039000,1.38033,1.38034,1.38017,1.38023,102990000,1
1755179040000,1755179099000,1.38022,1.38049,1.38014,1.38027,170220000,1
1755179100000,1755179159000,1.3803,1.38042,1.38028,1.38035,161160000,1
1755179160000,1755179219000,1.38035,1.38053,1.38035,1.38049,169440000,1
1755179220000,1755179279000,1.38049,1.38053,1.38036,1.38051,155460000,1
1755179280000,1755179339000,1.38052,1.38054,1.38037,1.38044,243750000,1
1755179340000,1755179399000,1.38045,1.38057,1.38041,1.38057,155100000,1
1755179400000,1755179459000,1.38058,1.38062,1.38043,1.38055,139080000,1
1755179460000,1755179519000,1.38055,1.38067,1.38049,1.38061,166560000,1
1755179520000,1755179579000,1.38062,1.38071,1.38059,1.3807,133650000,1
1755179580000,1755179639000,1.38069,1.38083,1.38064,1.38064,144360000,1
1755179640000,1755179699000,1.38063,1.38077,1.38048,1.38053,130890000,1
1755179700000,1755179759000,1.38057,1.38072,1.38052,1.38071,162540000,1
1755179760000,1755179819000,1.38072,1.38084,1.38066,1.38076,165180000,1
1755179820000,1755179879000,1.38076,1.38095,1.38074,1.3809,141240000,1
1755179880000,1755179939000,1.38091,1.38114,1.38084,1.38106,222390000,1
1755179940000,1755179999000,1.38107,1.38126,1.38104,1.3812,233850000,1
1755180000000,1755180059000,1.38121,1.38121,1.38082,1.3809,349200000,1
1755180060000,1755180119000,1.3809,1.3809,1.38073,1.38083,229290000,1
1755180120000,1755180179000,1.38084,1.38092,1.38062,1.38071,246270000,1
1755180180000,1755180239000,1.38072,1.38072,1.38048,1.38052,224820000,1
1755180240000,1755180299000,1.38051,1.38072,1.38039,1.38059,199410000,1
1755180300000,1755180359000,1.38061,1.3809,1.38061,1.38089,243750000,1
1755180360000,1755180419000,1.38088,1.38092,1.3807,1.3809,172260000,1
1755180420000,1755180479000,1.38092,1.38119,1.38088,1.38113,208890000,1
1755180480000,1755180539000,1.38113,1.38113,1.38089,1.38097,187800000,1
1755180540000,1755180599000,1.38097,1.38102,1.38088,1.38092,159720000,1
1755180600000,1755180659000,1.38093,1.38115,1.38093,1.38102,241260000,1
1755180660000,1755180719000,1.38103,1.3811,1.38085,1.38095,179520000,1
1755180720000,1755180779000,1.38096,1.38106,1.38083,1.38085,113340000,1
1755180780000,1755180839000,1.38086,1.38086,1.38056,1.38065,160200000,1
1755180840000,1755180899000,1.38067,1.3807,1.38044,1.38045,149790000,1
1755180900000,1755180959000,1.38046,1.38046,1.38006,1.38019,276600000,1
1755180960000,1755181019000,1.3802,1.38029,1.38003,1.38008,233400000,1
1755181020000,1755181079000,1.38008,1.3802,1.37977,1.37983,275370000,1
1755181080000,1755181139000,1.37983,1.37998,1.37978,1.37998,149250000,1
1755181140000,1755181199000,1.37998,1.37998,1.37966,1.37975,247170000,1
1755181200000,1755181259000,1.37975,1.37984,1.37967,1.37984,191940000,1
1755181260000,1755181319000,1.37984,1.37999,1.37983,1.37991,119190000,1
1755181320000,1755181379000,1.37992,1.37999,1.37985,1.37998,92700000,1
1755181380000,1755181439000,1.37998,1.38016,1.37997,1.38016,142530000,1
1755181440000,1755181499000,1.38014,1.38032,1.38012,1.38014,208470000,1
1755181500000,1755181559000,1.38016,1.38021,1.38003,1.38005,190620000,1
1755181560000,1755181619000,1.38004,1.38004,1.37953,1.37964,239880000,1
1755181620000,1755181679000,1.37963,1.3798,1.37963,1.37975,228690000,1
1755181680000,1755181739000,1.37974,1.37974,1.37948,1.37952,201150000,1
1755181740000,1755181799000,1.37951,1.37953,1.3793,1.37935,202650000,1
1755181800000,1755181859000,1.37935,1.37941,1.3791,1.37922,237750000,1
1755181860000,1755181919000,1.37925,1.37947,1.3792,1.37934,226650000,1
1755181920000,1755181979000,1.37933,1.37939,1.37927,1.37928,124230000,1
1755181980000,1755182039000,1.37927,1.37947,1.37927,1.37931,119490000,1
1755182040000,1755182099000,1.37932,1.37942,1.37916,1.37918,121890000,1
1755182100000,1755182159000,1.37917,1.37926,1.3791,1.37916,190260000,1
1755182160000,1755182219000,1.37917,1.37935,1.37911,1.37911,166530000,1
1755182220000,1755182279000,1.37912,1.37932,1.37907,1.3792,172800000,1
1755182280000,1755182339000,1.3792,1.37931,1.37918,1.37928,133290000,1
1755182340000,1755182399000,1.3793,1.37956,1.3793,1.37952,164880000,1
1755182400000,1755182459000,1.37952,1.37962,1.37952,1.37958,146040000,1
1755182460000,1755182519000,1.37959,1.37961,1.37955,1.37957,79560000,1
1755182520000,1755182579000,1.37957,1.37958,1.37946,1.37948,154050000,1
1755182580000,1755182639000,1.37948,1.37959,1.37946,1.37948,150450000,1
1755182640000,1755182699000,1.37949,1.37965,1.37945,1.37965,105930000,1
1755182700000,1755182759000,1.37966,1.37967,1.37923,1.37923,94410000,1
1755182760000,1755182819000,1.37922,1.37928,1.37908,1.37908,108690000,1
1755182820000,1755182879000,1.37908,1.3793,1.37906,1.37928,155310000,1
1755182880000,1755182939000,1.37929,1.3794,1.37927,1.37928,103050000,1
1755182940000,1755182999000,1.37927,1.3793,1.37914,1.37924,194760000,1
1755183000000,1755183059000,1.37924,1.37934,1.37912,1.37917,146040000,1
1755183060000,1755183119000,1.37917,1.3792,1.37893,1.37911,256200000,1
1755183120000,1755183179000,1.37914,1.37932,1.37914,1.3792,267120000,1
1755183180000,1755183239000,1.37919,1.37929,1.37912,1.3792,293040000,1
1755183240000,1755183299000,1.37918,1.37928,1.37907,1.37915,184380000,1
1755183300000,1755183359000,1.37914,1.37942,1.37914,1.37931,202650000,1
1755183360000,1755183419000,1.3793,1.37944,1.37914,1.37916,245670000,1
1755183420000,1755183479000,1.37916,1.37927,1.37897,1.37897,329100000,1
1755183480000,1755183539000,1.37897,1.37924,1.37895,1.37918,271380000,1
1755183540000,1755183599000,1.37919,1.37922,1.37901,1.37904,293820000,1
1755183600000,1755183659000,1.37903,1.37904,1.37896,1.37897,289050000,1
1755183660000,1755183719000,1.37898,1.37912,1.37898,1.37908,192390000,1
1755183720000,1755183779000,1.37909,1.37936,1.37908,1.37934,173370000,1
1755183780000,1755183839000,1.37934,1.3795,1.37924,1.3795,143700000,1
1755183840000,1755183899000,1.3795,1.37962,1.37946,1.3796,128790000,1
1755183900000,1755183959000,1.3796,1.38,1.37959,1.37994,190320000,1
1755183960000,1755184019000,1.37995,1.38021,1.37982,1.37983,203700000,1
1755184020000,1755184079000,1.37984,1.37984,1.3797,1.37971,153210000,1
1755184080000,1755184139000,1.3797,1.37983,1.3797,1.37979,200670000,1
1755184140000,1755184199000,1.37979,1.38,1.37979,1.37998,110700000,1
1755184200000,1755184259000,1.37999,1.38004,1.37978,1.37996,141600000,1
1755184260000,1755184319000,1.37996,1.38005,1.37993,1.38002,132900000,1
1755184320000,1755184379000,1.38001,1.38007,1.37988,1.37997,133680000,1
1755184380000,1755184439000,1.37997,1.38001,1.37979,1.37979,178650000,1
1755184440000,1755184499000,1.37976,1.37981,1.37973,1.37973,97170000,1
1755184500000,1755184559000,1.37972,1.37978,1.37968,1.37977,74010000,1
1755184560000,1755184619000,1.37977,1.37982,1.37966,1.37968,90090000,1
1755184620000,1755184679000,1.37966,1.37966,1.37949,1.3795,92700000,1
1755184680000,1755184739000,1.3795,1.37973,1.37948,1.37968,102900000,1
1755184740000,1755184799000,1.37967,1.37978,1.37958,1.37977,78270000,1
1755184800000,1755184859000,1.37977,1.37988,1.37969,1.37971,115650000,1
1755184860000,1755184919000,1.37969,1.37969,1.37949,1.37954,88350000,1
1755184920000,1755184979000,1.37955,1.37955,1.37941,1.37949,79650000,1
1755184980000,1755185039000,1.37949,1.37961,1.37944,1.3796,123450000,1
1755185040000,1755185099000,1.3796,1.3797,1.37957,1.37969,162000000,1
1755185100000,1755185159000,1.37973,1.3798,1.3796,1.3798,110820000,1
1755185160000,1755185219000,1.37979,1.37993,1.37976,1.37989,139440000,1
1755185220000,1755185279000,1.37989,1.3801,1.37982,1.3801,142560000,1
1755185280000,1755185339000,1.38009,1.3801,1.3799,1.37991,125760000,1
1755185340000,1755185399000,1.37992,1.38,1.3799,1.37993,108480000,1
1755185400000,1755185459000,1.37992,1.38002,1.37982,1.37998,129000000,1
1755185460000,1755185519000,1.37999,1.38006,1.37993,1.37995,127470000,1
1755185520000,1755185579000,1.37995,1.38002,1.37982,1.37984,129750000,1
1755185580000,1755185639000,1.37983,1.37992,1.37977,1.3799,97500000,1
1755185640000,1755185699000,1.3799,1.37995,1.37972,1.37994,112950000,1
1755185700000,1755185759000,1.37994,1.3803,1.37994,1.38023,155100000,1
1755185760000,1755185819000,1.38022,1.38054,1.38021,1.38049,140430000,1
1755185820000,1755185879000,1.38049,1.38052,1.38035,1.38048,165930000,1
1755185880000,1755185939000,1.38046,1.38053,1.38039,1.38044,149100000,1
1755185940000,1755185999000,1.38042,1.38057,1.38027,1.38056,151630000,1
1755186000000,1755186059000,1.38056,1.38077,1.3805,1.38073,143400000,1
1755186060000,1755186119000,1.38072,1.38072,1.38041,1.38054,145470000,1
1755186120000,1755186179000,1.38054,1.3808,1.3805,1.38079,191400000,1
1755186180000,1755186239000,1.3808,1.38091,1.38076,1.38083,191370000,1
1755186240000,1755186299000,1.38083,1.38091,1.38079,1.38088,126570000,1
1755186300000,1755186359000,1.38086,1.38102,1.38069,1.3809,179130000,1
1755186360000,1755186419000,1.38091,1.38092,1.3806,1.3806,232680000,1
1755186420000,1755186479000,1.3806,1.3806,1.38032,1.38032,268140000,1
1755186480000,1755186539000,1.38033,1.38059,1.38033,1.38054,108900000,1
1755186540000,1755186599000,1.38054,1.38067,1.38054,1.38067,101820000,1
1755186600000,1755186659000,1.38066,1.38087,1.38064,1.38064,110040000,1
1755186660000,1755186719000,1.38063,1.38067,1.38045,1.38057,150750000,1
1755186720000,1755186779000,1.38057,1.38068,1.38052,1.38059,87450000,1
1755186780000,1755186839000,1.38059,1.38065,1.38056,1.38064,73200000,1
1755186840000,1755186899000,1.38064,1.38096,1.38064,1.38095,90000000,1
1755186900000,1755186959000,1.38096,1.38112,1.38094,1.38101,130200000,1
1755186960000,1755187019000,1.381,1.38104,1.38075,1.38079,75810000,1
1755187020000,1755187079000,1.38079,1.38086,1.38071,1.38085,74730000,1
1755187080000,1755187139000,1.38084,1.38086,1.38059,1.38066,148320000,1
1755187140000,1755187199000,1.38065,1.38074,1.38062,1.38065,106290000,1
1755187200000,1755187259000,1.38064,1.38071,1.38059,1.38062,124350000,1
1755187260000,1755187319000,1.38064,1.38082,1.38061,1.38075,94950000,1
1755187320000,1755187379000,1.38074,1.3809,1.38062,1.38081,138840000,1
1755187380000,1755187439000,1.38081,1.38085,1.38073,1.38074,101760000,1
1755187440000,1755187499000,1.38073,1.38074,1.38042,1.3805,99300000,1
1755187500000,1755187559000,1.38051,1.38055,1.38048,1.38051,110160000,1
1755187560000,1755187619000,1.38049,1.38074,1.38049,1.38071,114000000,1
1755187620000,1755187679000,1.38071,1.38094,1.38057,1.38093,121320000,1
1755187680000,1755187739000,1.38094,1.38104,1.38091,1.38093,91200000,1
1755187740000,1755187799000,1.38093,1.3811,1.38091,1.38104,93120000,1
1755187800000,1755187859000,1.38104,1.38113,1.38104,1.38112,73800000,1
1755187860000,1755187919000,1.38112,1.38122,1.38104,1.38119,119040000,1
1755187920000,1755187979000,1.38118,1.38128,1.38096,1.38103,125070000,1
1755187980000,1755188039000,1.38106,1.38132,1.38106,1.38123,136320000,1
1755188040000,1755188099000,1.38123,1.38132,1.38123,1.3813,75360000,1
1755188100000,1755188159000,1.3813,1.38156,1.3813,1.38137,123180000,1
1755188160000,1755188219000,1.38136,1.38142,1.38136,1.38139,106320000,1
1755188220000,1755188279000,1.3814,1.38147,1.3813,1.3813,97920000,1
1755188280000,1755188339000,1.38133,1.38139,1.38124,1.38129,80400000,1
1755188340000,1755188399000,1.3813,1.38131,1.38113,1.38122,94800000,1
1755188400000,1755188459000,1.38122,1.38138,1.38119,1.38133,126240000,1
1755188460000,1755188519000,1.38135,1.38143,1.38121,1.38122,112980000,1
1755188520000,1755188579000,1.38121,1.38127,1.38118,1.38118,83400000,1
1755188580000,1755188639000,1.38118,1.38119,1.38107,1.38107,109800000,1
1755188640000,1755188699000,1.38108,1.38118,1.38107,1.38114,72600000,1
1755188700000,1755188759000,1.38113,1.38123,1.381,1.38102,90600000,1
1755188760000,1755188819000,1.38103,1.38104,1.38088,1.38089,79800000,1
1755188820000,1755188879000,1.38087,1.3811,1.38087,1.38108,111600000,1
1755188880000,1755188939000,1.38109,1.38124,1.38107,1.38116,110520000,1
1755188940000,1755188999000,1.38116,1.3812,1.38113,1.38117,98400000,1
1755189000000,1755189059000,1.38117,1.38139,1.38117,1.38132,133200000,1
1755189060000,1755189119000,1.38133,1.38139,1.3813,1.38134,79740000,1
1755189120000,1755189179000,1.38134,1.38144,1.38133,1.38133,106800000,1
1755189180000,1755189239000,1.38132,1.38135,1.38129,1.38131,61200000,1
1755189240000,1755189299000,1.38132,1.38134,1.38127,1.38132,46500000,1
1755189300000,1755189359000,1.38131,1.38137,1.38123,1.38124,58800000,1
1755189360000,1755189419000,1.38124,1.38136,1.38122,1.38136,75240000,1
1755189420000,1755189479000,1.38135,1.38142,1.38124,1.38124,90720000,1
1755189480000,1755189539000,1.38126,1.38131,1.38118,1.38118,71760000,1
1755189540000,1755189599000,1.38119,1.38125,1.38113,1.38125,69600000,1
1755189600000,1755189659000,1.38125,1.38129,1.38122,1.38124,64800000,1
1755189660000,1755189719000,1.38123,1.38143,1.38123,1.38141,58200000,1
1755189720000,1755189779000,1.38141,1.38156,1.38141,1.3815,69000000,1
1755189780000,1755189839000,1.3815,1.38151,1.38142,1.38142,51600000,1
1755189840000,1755189899000,1.38142,1.3816,1.38142,1.38158,70080000,1
1755189900000,1755189959000,1.38159,1.38163,1.38158,1.38162,73170000,1
1755189960000,1755190019000,1.38162,1.38173,1.3816,1.38169,54690000,1
1755190020000,1755190079000,1.38168,1.3817,1.38143,1.3815,97020000,1
1755190080000,1755190139000,1.38152,1.38164,1.38152,1.3816,59880000,1
1755190140000,1755190199000,1.38161,1.38161,1.38149,1.38158,60000000,1
1755190200000,1755190259000,1.38159,1.38159,1.3814,1.38141,52680000,1
1755190260000,1755190319000,1.3814,1.38143,1.38124,1.38125,65520000,1
1755190320000,1755190379000,1.38126,1.38145,1.38126,1.38143,69480000,1
1755190380000,1755190439000,1.38143,1.38145,1.38139,1.38143,44160000,1
1755190440000,1755190499000,1.38142,1.38146,1.38141,1.38143,47640000,1
1755190500000,1755190559000,1.38142,1.38162,1.38142,1.38157,119040000,1
1755190560000,1755190619000,1.38156,1.38161,1.38155,1.38159,110760000,1
1755190620000,1755190679000,1.38158,1.38159,1.38144,1.38151,115320000,1
1755190680000,1755190739000,1.3815,1.38153,1.38143,1.38143,99600000,1
1755190740000,1755190799000,1.38143,1.38145,1.38139,1.38143,73680000,1
1755190800000,1755190859000,1.38143,1.38144,1.38132,1.38133,80880000,1
1755190860000,1755190919000,1.38136,1.3814,1.38131,1.38132,91770000,1
1755190920000,1755190979000,1.38135,1.38138,1.38132,1.38133,64800000,1
1755190980000,1755191039000,1.38132,1.38134,1.38132,1.38132,42360000,1
1755191040000,1755191099000,1.38131,1.38137,1.38122,1.38132,59400000,1
1755191100000,1755191159000,1.38133,1.38145,1.38133,1.38141,53520000,1
1755191160000,1755191219000,1.38142,1.38143,1.38121,1.38125,54390000,1
1755191220000,1755191279000,1.38124,1.38125,1.38111,1.38115,83490000,1
1755191280000,1755191339000,1.38119,1.38121,1.38111,1.38111,57600000,1
1755191340000,1755191399000,1.38112,1.38112,1.38108,1.38109,61590000,1
1755191400000,1755191459000,1.38108,1.38113,1.38105,1.38113,51600000,1
1755191460000,1755191519000,1.38112,1.38117,1.38111,1.38111,37500000,1
1755191520000,1755191579000,1.38111,1.38115,1.3811,1.3811,35400000,1
1755191580000,1755191639000,1.38113,1.38115,1.3811,1.38113,41400000,1
1755191640000,1755191699000,1.38113,1.38114,1.38099,1.38102,61440000,1
1755191700000,1755191759000,1.38103,1.38106,1.38092,1.38103,94440000,1
1755191760000,1755191819000,1.38103,1.38113,1.38102,1.38104,76950000,1
1755191820000,1755191879000,1.38105,1.38123,1.38105,1.38123,63600000,1
1755191880000,1755191939000,1.38123,1.38134,1.38122,1.38134,38520000,1
1755191940000,1755191999000,1.38133,1.38143,1.38133,1.38139,42120000,1
1755192000000,1755192059000,1.3814,1.38142,1.38121,1.38121,77700000,1
1755192060000,1755192119000,1.3812,1.38121,1.38102,1.38113,111150000,1
1755192120000,1755192179000,1.38112,1.38115,1.38103,1.38105,48000000,1
1755192180000,1755192239000,1.38106,1.38106,1.38101,1.38102,44400000,1
1755192240000,1755192299000,1.38103,1.38105,1.38086,1.38086,54720000,1
1755192300000,1755192359000,1.38087,1.381,1.38083,1.381,68520000,1
1755192360000,1755192419000,1.38099,1.38109,1.38095,1.38108,34200000,1
1755192420000,1755192479000,1.38108,1.38109,1.38102,1.38108,61920000,1
1755192480000,1755192539000,1.38107,1.38109,1.38094,1.38097,82200000,1
1755192540000,1755192599000,1.38098,1.38099,1.38093,1.38095,40800000,1
1755192600000,1755192659000,1.38096,1.38099,1.38093,1.38098,63000000,1
1755192660000,1755192719000,1.38098,1.38124,1.38097,1.38124,37200000,1
1755192720000,1755192779000,1.38125,1.38145,1.38123,1.38137,67200000,1
1755192780000,1755192839000,1.38137,1.38143,1.38134,1.38141,86400000,1
1755192840000,1755192899000,1.3814,1.38148,1.38139,1.38141,55200000,1
1755192900000,1755192959000,1.38141,1.38149,1.38141,1.38149,54000000,1
1755192960000,1755193019000,1.38151,1.38167,1.38151,1.38166,56400000,1
1755193020000,1755193079000,1.38165,1.38172,1.3816,1.38169,76920000,1
1755193080000,1755193139000,1.3817,1.38172,1.38168,1.38169,44400000,1
1755193140000,1755193199000,1.3817,1.3817,1.3816,1.3816,30600000,1
1755193200000,1755193259000,1.38163,1.38176,1.38162,1.38174,66720000,1
1755193260000,1755193319000,1.38172,1.38179,1.3817,1.38178,26220000,1
1755193320000,1755193379000,1.38178,1.38191,1.38178,1.38191,48600000,1
1755193380000,1755193439000,1.38191,1.38191,1.38174,1.38176,72900000,1
1755193440000,1755193499000,1.38175,1.38176,1.38157,1.38157,73800000,1
1755193500000,1755193559000,1.38159,1.38168,1.38139,1.38139,72600000,1
1755193560000,1755193619000,1.38139,1.38147,1.38132,1.38145,111090000,1
1755193620000,1755193679000,1.38144,1.38147,1.38137,1.38146,69000000,1
1755193680000,1755193739000,1.38146,1.38152,1.38127,1.38128,99000000,1
1755193740000,1755193799000,1.38127,1.3813,1.38121,1.38122,117600000,1
1755193800000,1755193859000,1.38123,1.38137,1.38122,1.38137,82800000,1
1755193860000,1755193919000,1.38136,1.38148,1.38134,1.38135,90780000,1
1755193920000,1755193979000,1.38137,1.38142,1.38136,1.38136,72000000,1
1755193980000,1755194039000,1.38135,1.38144,1.38129,1.3813,84600000,1
1755194040000,1755194099000,1.38131,1.38134,1.38128,1.38129,57900000,1
1755194100000,1755194159000,1.38129,1.38133,1.38126,1.3813,89100000,1
1755194160000,1755194219000,1.3813,1.38135,1.3813,1.38131,79650000,1
1755194220000,1755194279000,1.38131,1.38132,1.38121,1.38122,58500000,1
1755194280000,1755194339000,1.38122,1.38122,1.38113,1.3812,52440000,1
1755194340000,1755194399000,1.38121,1.38122,1.38112,1.38113,70680000,1
1755194400000,1755194459000,1.38115,1.38119,1.38113,1.38116,104700000,1
1755194460000,1755194519000,1.38116,1.38127,1.38116,1.38124,67200000,1
1755194520000,1755194579000,1.38124,1.38132,1.38124,1.38129,78600000,1
1755194580000,1755194639000,1.38131,1.38144,1.38127,1.38142,61200000,1
1755194640000,1755194699000,1.38142,1.38145,1.3814,1.38144,103200000,1
1755194700000,1755194759000,1.38143,1.38151,1.38141,1.38142,84000000,1
1755194760000,1755194819000,1.38142,1.38164,1.38139,1.38152,107160000,1
1755194820000,1755194879000,1.38151,1.38154,1.38145,1.38145,93600000,1
1755194880000,1755194939000,1.38145,1.3816,1.38144,1.38159,58800000,1
1755194940000,1755194999000,1.38159,1.38167,1.38159,1.38161,72000000,1
1755195000000,1755195059000,1.38161,1.38162,1.38152,1.38157,57240000,1
1755195060000,1755195119000,1.38157,1.38161,1.38155,1.38161,48000000,1
1755195120000,1755195179000,1.3816,1.38167,1.38152,1.38152,88590000,1
1755195180000,1755195239000,1.38152,1.3816,1.38152,1.3816,84060000,1
1755195240000,1755195299000,1.38159,1.38164,1.38156,1.38161,78300000,1
1755195300000,1755195359000,1.3816,1.38171,1.3816,1.38165,56910000,1
1755195360000,1755195419000,1.38165,1.38179,1.38163,1.38179,118560000,1
1755195420000,1755195479000,1.3818,1.38185,1.38172,1.38174,166620000,1
1755195480000,1755195539000,1.38174,1.38186,1.38165,1.38182,174690000,1
1755195540000,1755195599000,1.38182,1.38183,1.38159,1.38159,202590000,1
1755195600000,1755195659000,1.38158,1.38167,1.38157,1.38165,194250000,1
1755195660000,1755195719000,1.38165,1.38173,1.38163,1.38165,127740000,1
1755195720000,1755195779000,1.38164,1.38183,1.38162,1.38181,149280000,1
1755195780000,1755195839000,1.38181,1.38182,1.38152,1.38153,113640000,1
1755195840000,1755195899000,1.38153,1.38161,1.38149,1.38156,120960000,1
1755195900000,1755195959000,1.38157,1.38171,1.38157,1.38164,47250000,1
1755195960000,1755196019000,1.38164,1.38167,1.38154,1.3816,74520000,1
1755196020000,1755196079000,1.38161,1.38165,1.38159,1.38164,125640000,1
1755196080000,1755196139000,1.38162,1.38162,1.38153,1.38156,169830000,1
1755196140000,1755196199000,1.38155,1.3816,1.38154,1.38155,80280000,1
1755196200000,1755196259000,1.38152,1.38153,1.3814,1.38144,118020000,1
1755196260000,1755196319000,1.38145,1.38146,1.38135,1.38137,108960000,1
1755196320000,1755196379000,1.38138,1.38145,1.38136,1.38143,61380000,1
1755196380000,1755196439000,1.38143,1.38143,1.38125,1.38134,88950000,1
1755196440000,1755196499000,1.38134,1.38134,1.3812,1.38122,73080000,1
1755196500000,1755196559000,1.38122,1.38123,1.38109,1.38119,86940000,1
1755196560000,1755196619000,1.3812,1.38155,1.3812,1.38155,125880000,1
1755196620000,1755196679000,1.38157,1.38164,1.38143,1.38152,170250000,1
1755196680000,1755196739000,1.38153,1.38157,1.38142,1.38147,45540000,1
1755196740000,1755196799000,1.38146,1.38146,1.38123,1.38123,77700000,1
1755196800000,1755196859000,1.38122,1.38132,1.38122,1.38132,106530000,1
1755196860000,1755196919000,1.38133,1.38133,1.38126,1.3813,44400000,1
1755196920000,1755196979000,1.3813,1.38149,1.3813,1.38147,33300000,1
1755196980000,1755197039000,1.38146,1.38146,1.38138,1.3814,21600000,1
1755197040000,1755197099000,1.38141,1.38152,1.38141,1.38152,55200000,1
1755197100000,1755197159000,1.38151,1.38161,1.38151,1.3816,53400000,1
1755197160000,1755197219000,1.38162,1.38162,1.38156,1.38157,49200000,1
1755197220000,1755197279000,1.38156,1.38163,1.38156,1.38157,39000000,1
1755197280000,1755197339000,1.38158,1.38163,1.38152,1.3816,33810000,1
1755197340000,1755197399000,1.38161,1.38161,1.38145,1.38147,44400000,1
1755197400000,1755197459000,1.38147,1.38147,1.38143,1.38144,51000000,1
1755197460000,1755197519000,1.38144,1.38144,1.38131,1.38132,24600000,1
1755197520000,1755197579000,1.38131,1.38133,1.3812,1.38122,42540000,1
1755197580000,1755197639000,1.38121,1.38143,1.38121,1.38143,64800000,1
1755197640000,1755197699000,1.38143,1.38151,1.38142,1.38151,40200000,1
1755197700000,1755197759000,1.38152,1.38152,1.38149,1.38151,20400000,1
1755197760000,1755197819000,1.38149,1.38152,1.38148,1.3815,20400000,1
1755197820000,1755197879000,1.38149,1.38149,1.38133,1.38135,65250000,1
1755197880000,1755197939000,1.38135,1.38147,1.38135,1.38143,41820000,1
1755197940000,1755197999000,1.38143,1.3815,1.38128,1.38128,85740000,1
1755198000000,1755198059000,1.38129,1.38131,1.38115,1.38123,87690000,1
1755198060000,1755198119000,1.38123,1.3813,1.38119,1.38119,66600000,1
1755198120000,1755198179000,1.3812,1.38123,1.38117,1.38121,31110000,1
1755198180000,1755198239000,1.3812,1.38122,1.38118,1.38119,47430000,1
1755198240000,1755198299000,1.38121,1.38121,1.38114,1.38121,73860000,1
1755198300000,1755198359000,1.38121,1.38121,1.38104,1.38118,96240000,1
1755198360000,1755198419000,1.38118,1.3812,1.38112,1.38113,57300000,1
1755198420000,1755198479000,1.38114,1.38117,1.38096,1.38096,55500000,1
1755198480000,1755198539000,1.38095,1.38102,1.38093,1.38093,95700000,1
1755198540000,1755198599000,1.38093,1.38095,1.38091,1.38092,43200000,1
1755198600000,1755198659000,1.38092,1.38098,1.38089,1.38097,43200000,1
1755198660000,1755198719000,1.38099,1.38103,1.38094,1.38102,87150000,1
1755198720000,1755198779000,1.38103,1.38104,1.38099,1.38104,50400000,1
1755198780000,1755198839000,1.38103,1.38103,1.38086,1.38093,74550000,1
1755198840000,1755198899000,1.38093,1.38099,1.38092,1.38092,59100000,1
1755198900000,1755198959000,1.38092,1.38092,1.38084,1.38087,47910000,1
1755198960000,1755199019000,1.38087,1.38095,1.38087,1.3809,80010000,1
1755199020000,1755199079000,1.38092,1.38093,1.38084,1.38089,80610000,1
1755199080000,1755199139000,1.3809,1.38091,1.38086,1.38086,41610000,1
1755199140000,1755199199000,1.38085,1.38085,1.38081,1.38084,61050000,1
1755199200000,1755199259000,1.38083,1.3809,1.38078,1.3808,92610000,1
1755199260000,1755199319000,1.38078,1.38079,1.38073,1.38079,21480000,1
1755199320000,1755199379000,1.38076,1.38079,1.3807,1.38075,52200000,1
1755199380000,1755199439000,1.38073,1.38074,1.38071,1.38073,55800000,1
1755199440000,1755199499000,1.38074,1.38075,1.38064,1.38074,63600000,1
1755199500000,1755199559000,1.38079,1.38081,1.38076,1.38079,53400000,1
1755199560000,1755199619000,1.38079,1.3808,1.3807,1.38073,83100000,1
1755199620000,1755199679000,1.38073,1.38082,1.3807,1.38076,77850000,1
1755199680000,1755199739000,1.38073,1.38079,1.38073,1.38076,65490000,1
1755199740000,1755199799000,1.38074,1.3808,1.38073,1.38075,89610000,1
1755199800000,1755199859000,1.38073,1.38079,1.38072,1.38076,96450000,1
1755199860000,1755199919000,1.38076,1.38078,1.38072,1.38074,51600000,1
1755199920000,1755199979000,1.38073,1.38075,1.38064,1.38066,52200000,1
1755199980000,1755200039000,1.38066,1.38071,1.38064,1.38067,28800000,1
1755200040000,1755200099000,1.38067,1.38077,1.38067,1.38075,32490000,1
1755200100000,1755200159000,1.38074,1.3808,1.38074,1.38076,18900000,1
1755200160000,1755200219000,1.38076,1.3808,1.38073,1.38074,31920000,1
1755200220000,1755200279000,1.38073,1.38079,1.38063,1.38065,73020000,1
1755200280000,1755200339000,1.38066,1.3807,1.38063,1.38063,25500000,1
1755200340000,1755200399000,1.38064,1.38065,1.3805,1.38051,55110000,1
1755200400000,1755200459000,1.38053,1.38097,1.38051,1.38087,89400000,1
1755200460000,1755200519000,1.38086,1.38086,1.38069,1.38073,68460000,1
1755200520000,1755200579000,1.38074,1.38074,1.38067,1.38068,96240000,1
1755200580000,1755200639000,1.38069,1.38073,1.38068,1.38071,87120000,1
1755200640000,1755200699000,1.3807,1.38073,1.38068,1.38073,61110000,1
1755200700000,1755200759000,1.38072,1.38082,1.38069,1.38082,125940000,1
1755200760000,1755200819000,1.38083,1.38087,1.38076,1.38078,83640000,1
1755200820000,1755200879000,1.38078,1.3808,1.3807,1.3807,119250000,1
1755200880000,1755200939000,1.38072,1.38072,1.38063,1.38069,59580000,1
1755200940000,1755200999000,1.38069,1.38071,1.38069,1.3807,13230000,1
1755201000000,1755201059000,1.3807,1.38078,1.38069,1.38077,66210000,1
1755201060000,1755201119000,1.38075,1.38089,1.38074,1.38089,84990000,1
1755201120000,1755201179000,1.38089,1.38093,1.38085,1.38093,24960000,1
1755201180000,1755201239000,1.38094,1.38105,1.38093,1.38103,26460000,1
1755201240000,1755201299000,1.38101,1.38106,1.38101,1.38103,60450000,1
1755201300000,1755201359000,1.38104,1.38114,1.38104,1.38113,110640000,1
1755201360000,1755201419000,1.38113,1.3812,1.38111,1.38111,87720000,1
1755201420000,1755201479000,1.38112,1.38123,1.38112,1.38123,63270000,1
1755201480000,1755201539000,1.38122,1.38123,1.38111,1.38116,77820000,1
1755201540000,1755201599000,1.38116,1.38122,1.38111,1.38121,118350000,1
1755201600000,1755201659000,1.38122,1.38135,1.38121,1.3813,51420000,1
1755201660000,1755201719000,1.3813,1.38134,1.38127,1.38133,40680000,1
1755201720000,1755201779000,1.38133,1.38134,1.38133,1.38133,9930000,1
1755201780000,1755201839000,1.38132,1.38132,1.38126,1.38127,16650000,1
1755201840000,1755201899000,1.38127,1.38127,1.38107,1.38114,38850000,1
1755201900000,1755201959000,1.38115,1.3814,1.38114,1.38137,23130000,1
1755201960000,1755202019000,1.38134,1.38134,1.38123,1.38123,23730000,1
1755202020000,1755202079000,1.38127,1.38151,1.38127,1.38151,44370000,1
1755202080000,1755202139000,1.38152,1.38153,1.38151,1.38151,10800000,1
1755202140000,1755202199000,1.38151,1.38152,1.3815,1.3815,4800000,1
1755202200000,1755202259000,1.38145,1.38145,1.38143,1.38143,2400000,1
1755202260000,1755202319000,1.38138,1.38141,1.38136,1.3814,27810000,1
1755202320000,1755202379000,1.3814,1.38143,1.3814,1.38143,10950000,1
1755202380000,1755202439000,1.38142,1.38143,1.38139,1.38139,15840000,1
1755202440000,1755202499000,1.38139,1.38143,1.38139,1.38143,13560000,1
1755202500000,1755202559000,1.38145,1.3815,1.38144,1.3815,31680000,1
1755202560000,1755202619000,1.38149,1.38153,1.38149,1.38153,4800000,1
1755202620000,1755202679000,1.3815,1.38152,1.38146,1.38149,30120000,1
1755202680000,1755202739000,1.38147,1.38149,1.38142,1.38147,25050000,1
1755202740000,1755202799000,1.38147,1.38147,1.38145,1.38146,18000000,1
1755202800000,1755202859000,1.38145,1.38145,1.38123,1.3813,29910000,1
1755202860000,1755202919000,1.38128,1.38134,1.38127,1.38134,37800000,1
1755202920000,1755202979000,1.38133,1.38137,1.38127,1.38137,50340000,1
1755202980000,1755203039000,1.38138,1.38138,1.38136,1.38137,5670000,1
1755203040000,1755203099000,1.38135,1.38135,1.38134,1.38134,3780000,1
1755203100000,1755203159000,1.38137,1.38139,1.38134,1.38134,13230000,1
1755203160000,1755203219000,1.38132,1.38135,1.38129,1.38135,51930000,1
1755203220000,1755203279000,1.38135,1.38141,1.38135,1.38139,17010000,1
1755203280000,1755203339000,1.38138,1.38142,1.38138,1.38142,7560000,1
1755203340000,1755203399000,1.38143,1.38146,1.3814,1.3814,20100000,1
1755203400000,1755203459000,1.38139,1.38145,1.38138,1.38144,38700000,1
1755203460000,1755203519000,1.38143,1.38143,1.3814,1.38142,26460000,1
1755203520000,1755203579000,1.38142,1.38143,1.38139,1.38142,30240000,1
1755203580000,1755203639000,1.38141,1.38147,1.3814,1.38146,39690000,1
1755203640000,1755203699000,1.38146,1.38153,1.38145,1.38152,24480000,1
1755203700000,1755203759000,1.38152,1.38153,1.3815,1.38152,19920000,1
1755203760000,1755203819000,1.38152,1.38154,1.38151,1.38151,31440000,1
1755203820000,1755203879000,1.38156,1.38162,1.38156,1.38161,28350000,1
1755203880000,1755203939000,1.38162,1.3818,1.3816,1.38179,54120000,1
1755203940000,1755203999000,1.38178,1.3818,1.38174,1.38174,44370000,1
1755204000000,1755204059000,1.38174,1.38179,1.38172,1.38176,41580000,1
1755204060000,1755204119000,1.38174,1.38174,1.38173,1.38173,11340000,1
1755204120000,1755204179000,1.38171,1.38175,1.38171,1.38174,13230000,1
1755204180000,1755204239000,1.3817,1.38174,1.3817,1.38171,13740000,1
1755204240000,1755204299000,1.3817,1.38171,1.3817,1.38171,15120000,1
1755204300000,1755204359000,1.3817,1.38171,1.38163,1.38171,17010000,1
1755204360000,1755204419000,1.38172,1.38177,1.38166,1.38174,35910000,1
1755204420000,1755204479000,1.38174,1.38181,1.38173,1.38181,17010000,1
1755204480000,1755204539000,1.38181,1.38185,1.38181,1.38182,9450000,1
1755204540000,1755204599000,1.3818,1.38183,1.3818,1.38182,22680000,1
1755204600000,1755204659000,1.38181,1.38181,1.3816,1.38161,28350000,1
1755204660000,1755204719000,1.38161,1.38171,1.3816,1.38171,39690000,1
1755204720000,1755204779000,1.3817,1.38175,1.3817,1.38172,30240000,1
1755204780000,1755204839000,1.38172,1.38178,1.38172,1.38174,39690000,1
1755204840000,1755204899000,1.38175,1.38176,1.3817,1.3817,51810000,1
1755204900000,1755204959000,1.38167,1.38173,1.38165,1.38168,51810000,1
1755204960000,1755205019000,1.38168,1.38171,1.38168,1.38169,56580000,1
1755205020000,1755205079000,1.38168,1.3817,1.38157,1.38157,70830000,1
1755205080000,1755205139000,1.3816,1.38165,1.38156,1.38159,113220000,1
1755205140000,1755205199000,1.38159,1.38159,1.38143,1.38154,64500000,1
1755205200000,1755205259000,1.38153,1.38155,1.3814,1.38141,7650000,1
1755205260000,1755205319000,1.3814,1.3814,1.3814,1.3814,1800000,1
1755205320000,1755205379000,1.3814,1.3814,1.3814,1.3814,900000,1
1755205380000,1755205439000,1.3814,1.3814,1.3814,1.3814,0,1
1755205440000,1755205499000,1.38138,1.38138,1.38138,1.38138,2400000,1
1755205500000,1755205559000,1.38132,1.38137,1.38132,1.38137,3600000,1
1755205560000,1755205619000,1.38137,1.38139,1.38136,1.38136,6300000,1
1755205620000,1755205679000,1.38136,1.38136,1.38136,1.38136,3000000,1
1755205680000,1755205739000,1.38136,1.38136,1.38136,1.38136,1200000,1
1755205740000,1755205799000,1.38136,1.38136,1.38136,1.38136,1200000,1
1755205800000,1755205859000,1.38121,1.38137,1.38109,1.38137,22350000,1
1755205860000,1755205919000,1.38137,1.38137,1.38137,1.38137,1200000,1
1755205920000,1755205979000,1.38136,1.38137,1.38133,1.38136,9000000,1
1755205980000,1755206039000,1.38137,1.38137,1.38136,1.38136,2400000,1
1755206040000,1755206099000,1.38136,1.38149,1.38136,1.38149,3300000,1
1755206100000,1755206159000,1.38149,1.38151,1.38149,1.38151,3840000,1
1755206160000,1755206219000,1.3815,1.38151,1.3815,1.3815,6600000,1
1755206220000,1755206279000,1.3815,1.3815,1.3815,1.3815,1320000,1
1755206280000,1755206339000,1.3815,1.3815,1.3815,1.3815,2400000,1
1755206340000,1755206399000,1.3815,1.38151,1.3815,1.3815,3600000,1
1755206400000,1755206459000,1.3815,1.38151,1.3815,1.3815,3960000,1
1755206460000,1755206519000,1.3815,1.38151,1.3815,1.3815,5280000,1
1755206520000,1755206579000,1.3815,1.38151,1.3815,1.38151,9120000,1
1755206580000,1755206639000,1.3815,1.3815,1.3815,1.3815,3960000,1
1755206640000,1755206699000,1.3815,1.38151,1.3815,1.38151,5160000,1
1755206700000,1755206759000,1.3815,1.38151,1.3815,1.3815,11880000,1
1755206760000,1755206819000,1.3815,1.3815,1.3815,1.3815,9600000,1
1755206820000,1755206879000,1.3815,1.3815,1.3815,1.3815,3600000,1
1755206880000,1755206939000,1.3815,1.38151,1.3815,1.38151,7200000,1
1755206940000,1755206999000,1.3815,1.3815,1.3815,1.3815,2400000,1
1755207000000,1755207059000,1.38151,1.38151,1.38138,1.38138,22350000,1
1755207060000,1755207119000,1.38137,1.38137,1.38137,1.38137,3600000,1
1755207120000,1755207179000,1.38137,1.38138,1.38137,1.38137,6000000,1
1755207180000,1755207239000,1.38132,1.38137,1.38132,1.38137,3990000,1
1755207240000,1755207299000,1.38137,1.38138,1.38135,1.38137,16800000,1
1755207300000,1755207359000,1.38136,1.38137,1.38133,1.38135,18120000,1
1755207360000,1755207419000,1.38135,1.38138,1.38133,1.38137,22200000,1
1755207420000,1755207479000,1.38133,1.38139,1.38133,1.38135,23760000,1
1755207480000,1755207539000,1.38139,1.38143,1.38138,1.38143,25200000,1
1755207540000,1755207599000,1.38141,1.38142,1.38138,1.3814,9120000,1
1755207600000,1755207659000,1.3814,1.38143,1.3814,1.38142,12960000,1
1755207660000,1755207719000,1.38141,1.38142,1.38141,1.38142,15240000,1
1755207720000,1755207779000,1.38142,1.38145,1.38141,1.38144,12480000,1
1755207780000,1755207839000,1.38144,1.38144,1.38143,1.38143,8550000,1
1755207840000,1755207899000,1.38144,1.38144,1.38141,1.38142,17190000,1
1755207900000,1755207959000,1.38142,1.38142,1.38141,1.38142,7680000,1
1755207960000,1755208019000,1.38141,1.38143,1.38141,1.38143,7440000,1
1755208020000,1755208079000,1.38143,1.38143,1.38142,1.38142,16920000,1
1755208080000,1755208139000,1.38142,1.38142,1.38138,1.38142,20520000,1
1755208140000,1755208199000,1.3814,1.38144,1.3814,1.38144,12600000,1
1755208200000,1755208259000,1.38142,1.38144,1.38142,1.38144,9120000,1
1755208260000,1755208319000,1.38142,1.38146,1.3814,1.38143,10800000,1
1755208320000,1755208379000,1.38141,1.38145,1.38141,1.38144,4470000,1
1755208380000,1755208439000,1.38142,1.38145,1.3814,1.38144,7930000,1
1755208440000,1755208499000,1.38141,1.38145,1.38141,1.38145,3280000,1
1755208500000,1755208559000,1.38145,1.38145,1.38137,1.38143,24720000,1
1755208560000,1755208619000,1.38142,1.38144,1.38139,1.38141,118920000,1
1755208620000,1755208679000,1.38142,1.38143,1.38139,1.38139,63840000,1
1755208680000,1755208739000,1.38142,1.38143,1.38139,1.3814,48090000,1
1755208740000,1755208799000,1.38142,1.38144,1.38137,1.38144,49650000,1
1755208800000,1755208859000,1.38145,1.38148,1.38137,1.38143,47700000,1
1755208860000,1755208919000,1.38136,1.38139,1.38135,1.38135,9000000,1
1755208920000,1755208979000,1.38135,1.38135,1.38131,1.38134,11700000,1
1755208980000,1755209039000,1.38134,1.38134,1.38131,1.38131,14400000,1
1755209040000,1755209099000,1.38132,1.38134,1.38128,1.38134,27900000,1
1755209100000,1755209159000,1.38132,1.38132,1.38131,1.38131,6150000,1
1755209160000,1755209219000,1.38132,1.38132,1.38132,1.38132,1800000,1
1755209220000,1755209279000,1.38135,1.38141,1.38135,1.3814,10800000,1
1755209280000,1755209339000,1.38142,1.38142,1.38137,1.38141,7350000,1
1755209340000,1755209399000,1.38139,1.3814,1.38138,1.38138,10800000,1
1755209400000,1755209459000,1.38137,1.38137,1.38129,1.38135,38850000,1
1755209460000,1755209519000,1.38135,1.38143,1.38131,1.38131,27600000,1
1755209520000,1755209579000,1.38131,1.38137,1.3813,1.38137,9600000,1
1755209580000,1755209639000,1.38138,1.38138,1.38136,1.38137,9750000,1
1755209640000,1755209699000,1.38137,1.38137,1.38135,1.38136,9900000,1
1755209700000,1755209759000,1.38137,1.38141,1.38137,1.3814,49050000,1
1755209760000,1755209819000,1.3814,1.38142,1.3814,1.3814,25800000,1
1755209820000,1755209879000,1.38141,1.38142,1.3814,1.38141,32850000,1
1755209880000,1755209939000,1.3814,1.38141,1.38139,1.3814,20850000,1
1755209940000,1755209999000,1.3814,1.3814,1.38139,1.3814,21900000,1
1755210000000,1755210059000,1.38139,1.38139,1.38138,1.38139,16200000,1
1755210060000,1755210119000,1.38139,1.3814,1.38136,1.38136,27300000,1
1755210120000,1755210179000,1.38136,1.3814,1.38136,1.3814,27300000,1
1755210180000,1755210239000,1.38139,1.38141,1.38137,1.38139,18150000,1
1755210240000,1755210299000,1.38138,1.38138,1.38131,1.38131,25170000,1
1755210300000,1755210359000,1.38131,1.38132,1.38129,1.38129,18150000,1
1755210360000,1755210419000,1.38129,1.38131,1.38127,1.38131,55200000,1
1755210420000,1755210479000,1.3813,1.38138,1.3813,1.38135,29850000,1
1755210480000,1755210539000,1.38136,1.38137,1.38135,1.38136,18000000,1
1755210540000,1755210599000,1.38137,1.38137,1.38136,1.38136,10350000,1
1755210600000,1755210659000,1.38136,1.38138,1.38135,1.38137,13650000,1
1755210660000,1755210719000,1.38137,1.38137,1.38135,1.38135,23070000,1
1755210720000,1755210779000,1.38137,1.38138,1.38136,1.38136,15300000,1
1755210780000,1755210839000,1.38136,1.38136,1.38134,1.38134,7800000,1
1755210840000,1755210899000,1.38135,1.38136,1.38134,1.38136,19200000,1
1755210900000,1755210959000,1.38138,1.38138,1.38135,1.38136,9750000,1
1755210960000,1755211019000,1.38136,1.38143,1.38136,1.38143,50850000,1
1755211020000,1755211079000,1.38143,1.38143,1.38143,1.38143,0,1
1755211080000,1755211139000,1.38142,1.38142,1.38136,1.38137,29070000,1
1755211140000,1755211199000,1.38136,1.38136,1.38136,1.38136,3960000,1
1755211200000,1755211259000,1.38136,1.38137,1.38136,1.38136,30120000,1
1755211260000,1755211319000,1.38137,1.38137,1.38136,1.38136,24060000,1
1755211320000,1755211379000,1.38136,1.38137,1.38136,1.38137,9660000,1
1755211380000,1755211439000,1.38135,1.38138,1.38134,1.38134,33450000,1
1755211440000,1755211499000,1.38135,1.38135,1.38127,1.38135,70170000,1
1755211500000,1755211559000,1.38134,1.38135,1.38134,1.38134,17910000,1
1755211560000,1755211619000,1.38135,1.38135,1.38134,1.38135,8550000,1
1755211620000,1755211679000,1.38138,1.38138,1.38136,1.38136,13650000,1
1755211680000,1755211739000,1.38135,1.38135,1.38133,1.38134,7650000,1
1755211740000,1755211799000,1.38134,1.38137,1.38128,1.38129,24600000,1
1755211800000,1755211859000,1.38129,1.38129,1.38129,1.38129,5550000,1
1755211860000,1755211919000,1.38129,1.38137,1.38129,1.38136,19890000,1
1755211920000,1755211979000,1.38137,1.38137,1.38136,1.38136,3960000,1
1755211980000,1755212039000,1.38139,1.38139,1.38136,1.38136,6000000,1
1755212040000,1755212099000,1.38137,1.38137,1.38133,1.38133,7500000,1
1755212100000,1755212159000,1.38134,1.38134,1.38133,1.38133,2400000,1
1755212160000,1755212219000,1.3813,1.3813,1.38128,1.38128,13050000,1
1755212220000,1755212279000,1.38129,1.38133,1.38126,1.38126,10800000,1
1755212280000,1755212339000,1.38127,1.38127,1.38126,1.38127,9540000,1
1755212340000,1755212399000,1.38126,1.38126,1.38126,1.38126,3240000,1
1755212400000,1755212459000,1.38125,1.38139,1.38125,1.38137,34800000,1
1755212460000,1755212519000,1.38139,1.38139,1.38133,1.38133,17910000,1
1755212520000,1755212579000,1.38133,1.38134,1.38133,1.38134,4320000,1
1755212580000,1755212639000,1.38133,1.38133,1.38127,1.38127,11400000,1
1755212640000,1755212699000,1.38126,1.38126,1.38126,1.38126,3300000,1
1755212700000,1755212759000,1.38126,1.38126,1.38125,1.38126,12240000,1
1755212760000,1755212819000,1.38126,1.38132,1.38125,1.38125,33000000,1
1755212820000,1755212879000,1.38125,1.38125,1.38125,1.38125,0,1
1755212880000,1755212939000,1.38125,1.38125,1.38124,1.38125,10080000,1
1755212940000,1755212999000,1.38126,1.38126,1.38124,1.38125,6930000,1
1755213000000,1755213059000,1.38127,1.38128,1.38127,1.38128,9990000,1
1755213060000,1755213119000,1.38127,1.3813,1.38127,1.38129,39360000,1
1755213120000,1755213179000,1.38129,1.38136,1.38129,1.38136,37710000,1
1755213180000,1755213239000,1.38137,1.38137,1.38134,1.38136,21120000,1
1755213240000,1755213299000,1.38135,1.38135,1.38135,1.38135,1200000,1
1755213300000,1755213359000,1.38136,1.38137,1.38135,1.38135,12450000,1
1755213360000,1755213419000,1.38136,1.38136,1.38135,1.38135,13650000,1
1755213420000,1755213479000,1.38135,1.38136,1.38135,1.38135,8400000,1
1755213480000,1755213539000,1.38135,1.38136,1.38135,1.38136,4800000,1
1755213540000,1755213599000,1.38137,1.38138,1.38137,1.38137,7200000,1
1755213600000,1755213659000,1.38137,1.38137,1.38132,1.38132,4350000,1
1755213660000,1755213719000,1.38131,1.38131,1.38128,1.38128,8550000,1
1755213720000,1755213779000,1.38128,1.38129,1.38127,1.38129,15000000,1
1755213780000,1755213839000,1.38128,1.38129,1.38128,1.38129,5400000,1
1755213840000,1755213899000,1.38128,1.38132,1.38128,1.38129,8400000,1
1755213900000,1755213959000,1.38129,1.38129,1.38128,1.38129,7200000,1
1755213960000,1755214019000,1.3813,1.3813,1.38128,1.38128,5400000,1
1755214020000,1755214079000,1.38128,1.3813,1.38128,1.3813,11700000,1
1755214080000,1755214139000,1.38129,1.3813,1.38129,1.3813,9000000,1
1755214140000,1755214199000,1.3813,1.3813,1.38129,1.38129,10350000,1
1755214200000,1755214259000,1.38129,1.38132,1.38129,1.38129,9000000,1
1755214260000,1755214319000,1.3813,1.3813,1.38128,1.3813,24750000,1
1755214320000,1755214379000,1.38126,1.3813,1.38126,1.38128,16800000,1
1755214380000,1755214439000,1.38129,1.38129,1.38126,1.38126,21600000,1
1755214440000,1755214499000,1.38127,1.38133,1.38127,1.38132,28650000,1
1755214500000,1755214559000,1.3813,1.38131,1.38129,1.38129,7050000,1
1755214560000,1755214619000,1.38128,1.38129,1.38127,1.38129,19350000,1
1755214620000,1755214679000,1.38128,1.38129,1.38125,1.38125,24900000,1
1755214680000,1755214739000,1.38125,1.38125,1.38124,1.38125,12600000,1
1755214740000,1755214799000,1.38125,1.38125,1.38123,1.38123,22350000,1
1755214800000,1755214859000,1.38123,1.38124,1.38123,1.38124,16950000,1
1755214860000,1755214919000,1.38123,1.38124,1.38123,1.38123,12600000,1
1755214920000,1755214979000,1.38123,1.38126,1.38123,1.38125,20700000,1
1755214980000,1755215039000,1.38125,1.38125,1.38123,1.38123,11850000,1
1755215040000,1755215099000,1.38123,1.38124,1.38123,1.38124,6300000,1
1755215100000,1755215159000,1.38121,1.38122,1.3812,1.3812,25950000,1
1755215160000,1755215219000,1.38121,1.38121,1.38116,1.38118,25800000,1
1755215220000,1755215279000,1.38118,1.3812,1.38118,1.38119,13800000,1
1755215280000,1755215339000,1.38121,1.38121,1.38118,1.38119,18900000,1
1755215340000,1755215399000,1.38118,1.3812,1.38118,1.3812,8700000,1
1755215400000,1755215459000,1.3812,1.38128,1.38117,1.38126,49050000,1
1755215460000,1755215519000,1.38125,1.38127,1.38125,1.38126,28350000,1
1755215520000,1755215579000,1.38126,1.38128,1.38126,1.38126,13950000,1
1755215580000,1755215639000,1.38126,1.38134,1.38126,1.3813,32400000,1
1755215640000,1755215699000,1.38131,1.38134,1.3813,1.38134,13500000,1
1755215700000,1755215759000,1.38133,1.38133,1.3813,1.3813,12150000,1
1755215760000,1755215819000,1.3813,1.38137,1.3813,1.38134,35250000,1
1755215820000,1755215879000,1.38134,1.38136,1.38129,1.38129,28950000,1
1755215880000,1755215939000,1.3813,1.38133,1.38129,1.38131,64050000,1
1755215940000,1755215999000,1.3813,1.38136,1.38129,1.38129,30450000,1
1755216000000,1755216059000,1.38128,1.38133,1.3812,1.38126,128700000,1
1755216060000,1755216119000,1.38126,1.38139,1.38126,1.38138,103200000,1
1755216120000,1755216179000,1.38138,1.38145,1.38134,1.38145,71700000,1
1755216180000,1755216239000,1.38144,1.38144,1.38138,1.38139,38400000,1
1755216240000,1755216299000,1.38139,1.38147,1.38136,1.38145,41250000,1
1755216300000,1755216359000,1.38143,1.38144,1.38137,1.38138,43950000,1
1755216360000,1755216419000,1.38138,1.38145,1.38129,1.3813,50850000,1
1755216420000,1755216479000,1.38129,1.38131,1.38124,1.38125,44700000,1
1755216480000,1755216539000,1.38129,1.38136,1.38124,1.38131,59040000,1
1755216540000,1755216599000,1.38131,1.38136,1.3813,1.38132,64740000,1
1755216600000,1755216659000,1.38131,1.38131,1.38121,1.38124,72480000,1
1755216660000,1755216719000,1.38125,1.38129,1.38122,1.38128,44070000,1
1755216720000,1755216779000,1.38128,1.38129,1.38122,1.38122,92850000,1
1755216780000,1755216839000,1.38122,1.38125,1.38121,1.38124,55410000,1
1755216840000,1755216899000,1.38125,1.38125,1.38122,1.38124,57960000,1
1755216900000,1755216959000,1.38122,1.38124,1.38118,1.38118,64200000,1
1755216960000,1755217019000,1.3812,1.38121,1.38117,1.3812,47910000,1
1755217020000,1755217079000,1.3812,1.38123,1.38119,1.3812,23340000,1
1755217080000,1755217139000,1.3812,1.38121,1.38119,1.38121,29190000,1
1755217140000,1755217199000,1.3812,1.38126,1.3812,1.38121,48150000,1
1755217200000,1755217259000,1.3812,1.38122,1.38117,1.38122,100530000,1
1755217260000,1755217319000,1.38119,1.38123,1.38119,1.38122,14070000,1
1755217320000,1755217379000,1.38124,1.38129,1.38124,1.38129,15270000,1
1755217380000,1755217439000,1.38126,1.38126,1.38119,1.38119,50970000,1
1755217440000,1755217499000,1.38119,1.38121,1.38115,1.3812,30570000,1
1755217500000,1755217559000,1.3812,1.38128,1.38118,1.38127,48090000,1
1755217560000,1755217619000,1.38127,1.38132,1.38127,1.3813,26760000,1
1755217620000,1755217679000,1.38131,1.38134,1.3813,1.38131,26340000,1
1755217680000,1755217739000,1.38131,1.38137,1.38131,1.38136,59160000,1
1755217740000,1755217799000,1.38136,1.38136,1.38132,1.38133,37740000,1
1755217800000,1755217859000,1.38132,1.38137,1.38132,1.38132,76500000,1
1755217860000,1755217919000,1.38135,1.38136,1.3813,1.38131,26130000,1
1755217920000,1755217979000,1.38131,1.38131,1.38125,1.38129,32340000,1
1755217980000,1755218039000,1.3813,1.38133,1.38128,1.38128,22470000,1
1755218040000,1755218099000,1.38129,1.38131,1.38128,1.38128,17850000,1
1755218100000,1755218159000,1.38127,1.38129,1.38127,1.38128,25650000,1
1755218160000,1755218219000,1.38128,1.38128,1.38127,1.38127,9000000,1
1755218220000,1755218279000,1.38127,1.38127,1.38118,1.38119,75150000,1
1755218280000,1755218339000,1.3812,1.38121,1.38117,1.38119,114300000,1
1755218340000,1755218399000,1.3812,1.38125,1.3812,1.3812,38400000,1
1755218400000,1755218459000,1.38121,1.38122,1.3812,1.38121,27750000,1
1755218460000,1755218519000,1.3812,1.38123,1.38119,1.3812,72450000,1
1755218520000,1755218579000,1.3812,1.38121,1.38113,1.38115,111930000,1
1755218580000,1755218639000,1.38115,1.38118,1.38115,1.38117,67140000,1
1755218640000,1755218699000,1.38118,1.38125,1.38117,1.38122,69270000,1
1755218700000,1755218759000,1.38121,1.38125,1.38121,1.38121,36750000,1
1755218760000,1755218819000,1.38123,1.38133,1.38121,1.38129,84900000,1
1755218820000,1755218879000,1.38129,1.38129,1.38125,1.38127,74490000,1
1755218880000,1755218939000,1.38126,1.38133,1.38126,1.38132,238500000,1
1755218940000,1755218999000,1.38131,1.38131,1.3812,1.3812,58350000,1
1755219000000,1755219059000,1.38119,1.38126,1.38119,1.38125,107550000,1
1755219060000,1755219119000,1.38125,1.38126,1.38118,1.38118,52740000,1
1755219120000,1755219179000,1.3812,1.38121,1.38117,1.3812,83250000,1
1755219180000,1755219239000,1.3812,1.38124,1.38119,1.38119,87150000,1
1755219240000,1755219299000,1.38119,1.38121,1.38115,1.38117,116490000,1
1755219300000,1755219359000,1.38117,1.38117,1.38105,1.38106,190410000,1
1755219360000,1755219419000,1.38108,1.38114,1.38098,1.38114,116550000,1
1755219420000,1755219479000,1.38119,1.38119,1.38107,1.38108,108300000,1
1755219480000,1755219539000,1.38107,1.38115,1.38107,1.38112,100800000,1
1755219540000,1755219599000,1.38112,1.38112,1.38107,1.38111,98700000,1
1755219600000,1755219659000,1.3811,1.3813,1.3811,1.38122,112320000,1
1755219660000,1755219719000,1.38121,1.38121,1.38109,1.38109,88050000,1
1755219720000,1755219779000,1.3811,1.38114,1.38107,1.38109,87420000,1
1755219780000,1755219839000,1.38108,1.38108,1.38099,1.38099,60420000,1
1755219840000,1755219899000,1.38098,1.38105,1.38095,1.38104,89100000,1
1755219900000,1755219959000,1.38104,1.38104,1.38098,1.38101,44850000,1
1755219960000,1755220019000,1.38102,1.38109,1.38099,1.38108,59040000,1
1755220020000,1755220079000,1.38108,1.38119,1.38108,1.38118,76860000,1
1755220080000,1755220139000,1.38118,1.3812,1.38117,1.38119,54150000,1
1755220140000,1755220199000,1.3812,1.38125,1.38118,1.38123,28800000,1
1755220200000,1755220259000,1.38123,1.38127,1.38117,1.3812,73050000,1
1755220260000,1755220319000,1.38121,1.38127,1.3812,1.3812,51540000,1
1755220320000,1755220379000,1.38121,1.38121,1.38119,1.38121,46950000,1
1755220380000,1755220439000,1.38119,1.38122,1.38118,1.38118,41400000,1
1755220440000,1755220499000,1.38118,1.38128,1.38117,1.38126,71400000,1
1755220500000,1755220559000,1.38127,1.38131,1.3812,1.3812,80250000,1
1755220560000,1755220619000,1.3812,1.38128,1.38119,1.38127,122400000,1
1755220620000,1755220679000,1.38127,1.38127,1.38125,1.38126,26850000,1
1755220680000,1755220739000,1.38127,1.38129,1.38117,1.38118,55350000,1
1755220740000,1755220799000,1.38118,1.38121,1.38117,1.38121,40200000,1
1755220800000,1755220859000,1.3812,1.38131,1.3812,1.38128,69900000,1
1755220860000,1755220919000,1.38129,1.3813,1.38126,1.38128,86250000,1
1755220920000,1755220979000,1.38127,1.38136,1.38127,1.38135,52500000,1
1755220980000,1755221039000,1.38135,1.38136,1.38126,1.38128,31650000,1
1755221040000,1755221099000,1.38129,1.38129,1.38124,1.38128,23790000,1
1755221100000,1755221159000,1.38128,1.38128,1.38126,1.38126,12690000,1
1755221160000,1755221219000,1.38127,1.38127,1.38125,1.38127,15450000,1
1755221220000,1755221279000,1.38127,1.38128,1.38126,1.38127,53220000,1
1755221280000,1755221339000,1.38125,1.38126,1.38117,1.3812,97980000,1
1755221340000,1755221399000,1.38118,1.38119,1.38114,1.38118,91500000,1
1755221400000,1755221459000,1.38123,1.38138,1.38118,1.38134,136350000,1
1755221460000,1755221519000,1.38136,1.38143,1.38135,1.38136,67650000,1
1755221520000,1755221579000,1.38135,1.38135,1.38118,1.38127,81600000,1
1755221580000,1755221639000,1.38127,1.3813,1.38115,1.38115,115200000,1
1755221640000,1755221699000,1.38115,1.38118,1.381,1.38101,105150000,1
1755221700000,1755221759000,1.381,1.38106,1.381,1.38101,60150000,1
1755221760000,1755221819000,1.38101,1.38109,1.38099,1.38109,111150000,1
1755221820000,1755221879000,1.38108,1.38109,1.38099,1.38102,106350000,1
1755221880000,1755221939000,1.381,1.38105,1.38098,1.38098,49290000,1
1755221940000,1755221999000,1.38098,1.381,1.38098,1.38099,60660000,1
1755222000000,1755222059000,1.38098,1.38102,1.38098,1.38099,128130000,1
1755222060000,1755222119000,1.38098,1.38101,1.38089,1.38097,91350000,1
1755222120000,1755222179000,1.38096,1.381,1.38096,1.38098,56850000,1
1755222180000,1755222239000,1.38098,1.38098,1.38088,1.38089,41700000,1
1755222240000,1755222299000,1.38088,1.3809,1.38088,1.38089,19800000,1
1755222300000,1755222359000,1.38088,1.38095,1.38088,1.3809,52500000,1
1755222360000,1755222419000,1.38091,1.38091,1.38088,1.38091,28050000,1
1755222420000,1755222479000,1.3809,1.38092,1.38087,1.3809,54900000,1
1755222480000,1755222539000,1.3809,1.38091,1.38088,1.38091,23850000,1
1755222540000,1755222599000,1.3809,1.38101,1.38088,1.38099,95850000,1
1755222600000,1755222659000,1.38098,1.381,1.38087,1.38089,65850000,1
1755222660000,1755222719000,1.38091,1.38091,1.38087,1.3809,41400000,1
1755222720000,1755222779000,1.38089,1.38091,1.38088,1.38091,62250000,1
1755222780000,1755222839000,1.38092,1.38093,1.3809,1.3809,30900000,1
1755222840000,1755222899000,1.38091,1.38092,1.38089,1.38091,27750000,1
1755222900000,1755222959000,1.38094,1.38095,1.38071,1.38077,81900000,1
1755222960000,1755223019000,1.38077,1.38088,1.38077,1.38087,93210000,1
1755223020000,1755223079000,1.38086,1.38087,1.38086,1.38087,17010000,1
1755223080000,1755223139000,1.38086,1.3809,1.38085,1.3809,36000000,1
1755223140000,1755223199000,1.38089,1.38089,1.38079,1.38089,67950000,1
1755223200000,1755223259000,1.38089,1.38091,1.38079,1.38079,75600000,1
1755223260000,1755223319000,1.3808,1.38083,1.38078,1.38083,42600000,1
1755223320000,1755223379000,1.38082,1.3809,1.38081,1.38088,47100000,1
1755223380000,1755223439000,1.3809,1.3809,1.38078,1.38081,48750000,1
1755223440000,1755223499000,1.38079,1.38088,1.38079,1.38088,50220000,1
1755223500000,1755223559000,1.38087,1.38087,1.38085,1.38086,85440000,1
1755223560000,1755223619000,1.38086,1.38087,1.38075,1.38075,50250000,1
1755223620000,1755223679000,1.38075,1.38078,1.38075,1.38075,44250000,1
1755223680000,1755223739000,1.38076,1.38076,1.38071,1.38072,40650000,1
1755223740000,1755223799000,1.38073,1.38078,1.38073,1.38077,15180000,1
1755223800000,1755223859000,1.38078,1.38082,1.38076,1.38078,59550000,1
1755223860000,1755223919000,1.3808,1.38084,1.38078,1.38078,33450000,1
1755223920000,1755223979000,1.38078,1.38079,1.38071,1.38072,94500000,1
1755223980000,1755224039000,1.38073,1.3808,1.38071,1.3808,109800000,1
1755224040000,1755224099000,1.38081,1.38083,1.38079,1.38083,72900000,1
1755224100000,1755224159000,1.38084,1.38091,1.38081,1.38088,59700000,1
1755224160000,1755224219000,1.38088,1.38097,1.38088,1.38096,68730000,1
1755224220000,1755224279000,1.38097,1.38103,1.38096,1.38096,99600000,1
1755224280000,1755224339000,1.38097,1.38105,1.38096,1.38105,46140000,1
1755224340000,1755224399000,1.38106,1.38106,1.38088,1.38094,58350000,1
1755224400000,1755224459000,1.38096,1.38105,1.38096,1.38104,57360000,1
1755224460000,1755224519000,1.38106,1.38122,1.38106,1.38115,116610000,1
1755224520000,1755224579000,1.38115,1.38118,1.38109,1.38118,35580000,1
1755224580000,1755224639000,1.38117,1.38121,1.38112,1.38113,110160000,1
1755224640000,1755224699000,1.38113,1.38113,1.38109,1.3811,77700000,1
1755224700000,1755224759000,1.38111,1.38121,1.3811,1.3812,66600000,1
1755224760000,1755224819000,1.38123,1.38132,1.38123,1.38128,90660000,1
1755224820000,1755224879000,1.38128,1.38131,1.38124,1.38124,47670000,1
1755224880000,1755224939000,1.38126,1.38129,1.38125,1.38126,18300000,1
1755224940000,1755224999000,1.38127,1.38127,1.38122,1.38126,49950000,1
1755225000000,1755225059000,1.38125,1.38125,1.38116,1.38117,59010000,1
1755225060000,1755225119000,1.38117,1.38118,1.38108,1.38108,70650000,1
1755225120000,1755225179000,1.38108,1.38109,1.38099,1.381,94080000,1
1755225180000,1755225239000,1.38101,1.38107,1.38101,1.38104,46710000,1
1755225240000,1755225299000,1.38104,1.38104,1.381,1.38101,33450000,1
1755225300000,1755225359000,1.381,1.38103,1.38096,1.381,39060000,1
1755225360000,1755225419000,1.38102,1.38104,1.38096,1.38096,60180000,1
1755225420000,1755225479000,1.38098,1.38098,1.38086,1.38088,53460000,1
1755225480000,1755225539000,1.38087,1.3809,1.38086,1.38088,46410000,1
1755225540000,1755225599000,1.38088,1.3809,1.38079,1.38081,24510000,1
1755225600000,1755225659000,1.38083,1.38083,1.38077,1.38077,40110000,1
1755225660000,1755225719000,1.38076,1.3808,1.38076,1.38079,20520000,1
1755225720000,1755225779000,1.38082,1.38084,1.38078,1.38082,36750000,1
1755225780000,1755225839000,1.38083,1.38092,1.38082,1.3809,43830000,1
1755225840000,1755225899000,1.3809,1.3809,1.38081,1.38082,76320000,1
1755225900000,1755225959000,1.3808,1.38087,1.3808,1.38087,35340000,1
1755225960000,1755226019000,1.38086,1.38086,1.3808,1.3808,57480000,1
1755226020000,1755226079000,1.38079,1.38081,1.38077,1.38077,43710000,1
1755226080000,1755226139000,1.38077,1.3808,1.38076,1.38078,42390000,1
1755226140000,1755226199000,1.38078,1.3808,1.38069,1.38073,76350000,1
1755226200000,1755226259000,1.38073,1.38079,1.3807,1.3807,51720000,1
1755226260000,1755226319000,1.38069,1.38071,1.38069,1.3807,22200000,1
1755226320000,1755226379000,1.38074,1.38077,1.38071,1.38076,63840000,1
1755226380000,1755226439000,1.38076,1.38085,1.38076,1.38085,40440000,1
1755226440000,1755226499000,1.38085,1.38086,1.38072,1.38072,98790000,1
1755226500000,1755226559000,1.38073,1.38075,1.38069,1.3807,70410000,1
1755226560000,1755226619000,1.38071,1.38074,1.38069,1.3807,39270000,1
1755226620000,1755226679000,1.38071,1.38073,1.3807,1.38071,52140000,1
1755226680000,1755226739000,1.38071,1.38074,1.3807,1.3807,26100000,1
1755226740000,1755226799000,1.3807,1.38071,1.38067,1.38068,60150000,1
1755226800000,1755226859000,1.38069,1.38069,1.38058,1.38066,87840000,1
1755226860000,1755226919000,1.38066,1.38067,1.38057,1.38058,29880000,1
1755226920000,1755226979000,1.38057,1.38063,1.38057,1.3806,32310000,1
1755226980000,1755227039000,1.38062,1.38062,1.38061,1.38062,39360000,1
1755227040000,1755227099000,1.38062,1.38067,1.38062,1.38067,22350000,1
1755227100000,1755227159000,1.38066,1.38066,1.3806,1.38061,38460000,1
1755227160000,1755227219000,1.38062,1.38062,1.38058,1.38058,48840000,1
1755227220000,1755227279000,1.38058,1.3806,1.38056,1.3806,37380000,1
1755227280000,1755227339000,1.38059,1.3806,1.38052,1.38055,65730000,1
1755227340000,1755227399000,1.38054,1.38056,1.3805,1.38054,41250000,1
1755227400000,1755227459000,1.38055,1.3806,1.38054,1.38054,24000000,1
1755227460000,1755227519000,1.38055,1.38057,1.38054,1.38057,34350000,1
1755227520000,1755227579000,1.38056,1.38058,1.38053,1.38056,34200000,1
1755227580000,1755227639000,1.38054,1.38057,1.38051,1.38054,20400000,1
1755227640000,1755227699000,1.38053,1.38058,1.38052,1.38056,37080000,1
1755227700000,1755227759000,1.38056,1.38058,1.3805,1.38052,85440000,1
1755227760000,1755227819000,1.38053,1.38058,1.38053,1.38055,80340000,1
1755227820000,1755227879000,1.38054,1.38057,1.38052,1.38054,48600000,1
1755227880000,1755227939000,1.38053,1.38056,1.38047,1.38047,37200000,1
1755227940000,1755227999000,1.38048,1.38049,1.38046,1.38048,82050000,1
1755228000000,1755228059000,1.3805,1.38053,1.3804,1.38048,86910000,1
1755228060000,1755228119000,1.38048,1.3805,1.38047,1.38047,15600000,1
1755228120000,1755228179000,1.38048,1.3805,1.38042,1.38045,31800000,1
1755228180000,1755228239000,1.38044,1.38047,1.38042,1.38044,51180000,1
1755228240000,1755228299000,1.38042,1.38042,1.38039,1.38042,49920000,1
1755228300000,1755228359000,1.3804,1.38046,1.38039,1.38044,36150000,1
1755228360000,1755228419000,1.38047,1.38048,1.38043,1.38043,51000000,1
1755228420000,1755228479000,1.38044,1.38048,1.38043,1.38044,117900000,1
1755228480000,1755228539000,1.38045,1.38046,1.38043,1.38044,42900000,1
1755228540000,1755228599000,1.38044,1.38044,1.38039,1.38042,47100000,1
1755228600000,1755228659000,1.3804,1.38041,1.38035,1.3804,72600000,1
1755228660000,1755228719000,1.38039,1.38044,1.38037,1.3804,120750000,1
1755228720000,1755228779000,1.38039,1.38042,1.3803,1.3803,75840000,1
1755228780000,1755228839000,1.38029,1.38035,1.38029,1.38034,64770000,1
1755228840000,1755228899000,1.38034,1.38036,1.38027,1.38029,92550000,1
1755228900000,1755228959000,1.38029,1.3803,1.38027,1.3803,33150000,1
1755228960000,1755229019000,1.38029,1.38037,1.38029,1.38035,78150000,1
1755229020000,1755229079000,1.38037,1.38041,1.38037,1.38041,15750000,1
1755229080000,1755229139000,1.3804,1.3804,1.38038,1.38038,11550000,1
1755229140000,1755229199000,1.38037,1.38041,1.38036,1.38041,78750000,1
1755229200000,1755229259000,1.3804,1.3804,1.3803,1.38031,29850000,1
1755229260000,1755229319000,1.3803,1.38033,1.38029,1.3803,30300000,1
1755229320000,1755229379000,1.3803,1.38035,1.38029,1.38029,11400000,1
1755229380000,1755229439000,1.3803,1.38032,1.3803,1.3803,21900000,1
1755229440000,1755229499000,1.38031,1.38031,1.38028,1.38028,26550000,1
1755229500000,1755229559000,1.3803,1.3803,1.38027,1.38027,32250000,1
1755229560000,1755229619000,1.38027,1.38027,1.3802,1.3802,83610000,1
1755229620000,1755229679000,1.38019,1.38019,1.38012,1.38018,110430000,1
1755229680000,1755229739000,1.38017,1.38022,1.38012,1.38013,64710000,1
1755229740000,1755229799000,1.38014,1.38021,1.38014,1.38019,65250000,1
1755229800000,1755229859000,1.38019,1.38028,1.38018,1.38024,70140000,1
1755229860000,1755229919000,1.38026,1.38028,1.38024,1.38028,31500000,1
1755229920000,1755229979000,1.38027,1.3803,1.38025,1.38029,87000000,1
1755229980000,1755230039000,1.38029,1.38035,1.38027,1.38028,157200000,1
1755230040000,1755230099000,1.38028,1.3804,1.38028,1.3803,74100000,1
1755230100000,1755230159000,1.38032,1.38036,1.38032,1.38033,13800000,1
1755230160000,1755230219000,1.38035,1.38037,1.38032,1.38032,35850000,1
1755230220000,1755230279000,1.38033,1.38034,1.38031,1.38031,21510000,1
1755230280000,1755230339000,1.38032,1.38035,1.3803,1.38034,24690000,1
1755230340000,1755230399000,1.38032,1.38036,1.3803,1.38032,39030000,1
1755230400000,1755230459000,1.38031,1.38032,1.3803,1.38031,20550000,1
1755230460000,1755230519000,1.3803,1.38032,1.38027,1.38031,34950000,1
1755230520000,1755230579000,1.38031,1.38033,1.3803,1.38031,24600000,1
1755230580000,1755230639000,1.38031,1.38031,1.38022,1.38024,43350000,1
1755230640000,1755230699000,1.38024,1.38038,1.38024,1.38038,61200000,1
1755230700000,1755230759000,1.38038,1.38038,1.38032,1.38033,60780000,1
1755230760000,1755230819000,1.38035,1.38036,1.38023,1.38023,45000000,1
1755230820000,1755230879000,1.38024,1.38024,1.38022,1.38023,16140000,1
1755230880000,1755230939000,1.38023,1.38025,1.38021,1.38025,22290000,1
1755230940000,1755230999000,1.38023,1.38028,1.38022,1.38023,57810000,1
1755231000000,1755231059000,1.38023,1.38027,1.38023,1.38024,74970000,1
1755231060000,1755231119000,1.38023,1.38029,1.38021,1.38027,49500000,1
1755231120000,1755231179000,1.38027,1.3803,1.38027,1.38029,40680000,1
1755231180000,1755231239000,1.38029,1.38032,1.38028,1.38032,52200000,1
1755231240000,1755231299000,1.38032,1.38037,1.3803,1.38036,50250000,1
1755231300000,1755231359000,1.38037,1.38037,1.38033,1.38036,57390000,1
1755231360000,1755231419000,1.38036,1.38037,1.38033,1.38036,30660000,1
1755231420000,1755231479000,1.38037,1.38038,1.38036,1.38036,15690000,1
1755231480000,1755231539000,1.38037,1.38038,1.38036,1.38038,55050000,1
1755231540000,1755231599000,1.38037,1.3804,1.38037,1.38039,60240000,1
1755231600000,1755231659000,1.38039,1.38044,1.38039,1.3804,30180000,1
1755231660000,1755231719000,1.3804,1.38046,1.3804,1.38045,49530000,1
1755231720000,1755231779000,1.38045,1.38047,1.38039,1.3804,47160000,1
1755231780000,1755231839000,1.38041,1.38044,1.38041,1.38042,21210000,1
1755231840000,1755231899000,1.38042,1.38046,1.38042,1.38044,37320000,1
1755231900000,1755231959000,1.38043,1.38045,1.38042,1.38045,36030000,1
1755231960000,1755232019000,1.38044,1.38048,1.38041,1.38047,38490000,1
1755232020000,1755232079000,1.38047,1.38047,1.38042,1.38042,45930000,1
1755232080000,1755232139000,1.38042,1.38042,1.38029,1.3803,58620000,1
1755232140000,1755232199000,1.38031,1.38037,1.38031,1.38035,35010000,1
1755232200000,1755232259000,1.38036,1.38036,1.3803,1.38033,24270000,1
1755232260000,1755232319000,1.38033,1.38039,1.38033,1.38038,25410000,1
1755232320000,1755232379000,1.38039,1.38043,1.38039,1.38041,18360000,1
1755232380000,1755232439000,1.38041,1.38042,1.38038,1.38039,20460000,1
1755232440000,1755232499000,1.38037,1.3804,1.38034,1.38036,27780000,1
1755232500000,1755232559000,1.38036,1.38042,1.38036,1.38038,38040000,1
1755232560000,1755232619000,1.38039,1.38039,1.38031,1.38031,15930000,1
1755232620000,1755232679000,1.38031,1.38033,1.38029,1.3803,20250000,1
1755232680000,1755232739000,1.38029,1.3803,1.38029,1.38029,8850000,1
1755232740000,1755232799000,1.38032,1.3804,1.38032,1.38037,46440000,1
1755232800000,1755232859000,1.38038,1.38046,1.38031,1.38032,66960000,1
1755232860000,1755232919000,1.38032,1.38034,1.38031,1.38032,20130000,1
1755232920000,1755232979000,1.38031,1.38033,1.38031,1.38033,13740000,1
1755232980000,1755233039000,1.38037,1.38037,1.38033,1.38034,27690000,1
1755233040000,1755233099000,1.38033,1.38034,1.38032,1.38032,13590000,1
1755233100000,1755233159000,1.38033,1.38037,1.38032,1.38032,25830000,1
1755233160000,1755233219000,1.38032,1.38032,1.38027,1.38028,16170000,1
1755233220000,1755233279000,1.38027,1.38028,1.38027,1.38027,33870000,1
1755233280000,1755233339000,1.38028,1.38028,1.38027,1.38027,31080000,1
1755233340000,1755233399000,1.38025,1.38028,1.38022,1.38027,31890000,1
1755233400000,1755233459000,1.38027,1.38027,1.38027,1.38027,7200000,1
1755233460000,1755233519000,1.38027,1.38029,1.38027,1.38029,36900000,1
1755233520000,1755233579000,1.38027,1.38028,1.38021,1.38022,25740000,1
1755233580000,1755233639000,1.38021,1.38027,1.3802,1.3802,88680000,1
1755233640000,1755233699000,1.3802,1.3802,1.38012,1.38012,55890000,1
1755233700000,1755233759000,1.38012,1.3802,1.38012,1.38017,50760000,1
1755233760000,1755233819000,1.38017,1.38018,1.38017,1.38018,7200000,1
1755233820000,1755233879000,1.38018,1.38019,1.38013,1.38014,21900000,1
1755233880000,1755233939000,1.38014,1.38017,1.38014,1.38015,24810000,1
1755233940000,1755233999000,1.38015,1.38018,1.38012,1.38017,30900000,1
1755234000000,1755234059000,1.38017,1.38022,1.38017,1.38018,36180000,1
1755234060000,1755234119000,1.38018,1.38019,1.38012,1.38017,45150000,1
1755234120000,1755234179000,1.38018,1.38022,1.38012,1.38018,125730000,1
1755234180000,1755234239000,1.38018,1.38019,1.38012,1.38012,46050000,1
1755234240000,1755234299000,1.38011,1.38015,1.38011,1.38012,48570000,1
1755234300000,1755234359000,1.38013,1.38017,1.38012,1.38014,41310000,1
1755234360000,1755234419000,1.38013,1.38019,1.38013,1.38018,31740000,1
1755234420000,1755234479000,1.38018,1.38019,1.38013,1.38013,48990000,1
1755234480000,1755234539000,1.38013,1.38017,1.38012,1.38013,41250000,1
1755234540000,1755234599000,1.38014,1.38015,1.38013,1.38013,5430000,1
1755234600000,1755234659000,1.38015,1.38021,1.38014,1.38021,43110000,1
1755234660000,1755234719000,1.38019,1.38023,1.38018,1.3802,44580000,1
1755234720000,1755234779000,1.3802,1.3802,1.3802,1.3802,2880000,1
1755234780000,1755234839000,1.3802,1.38021,1.38017,1.38021,60690000,1
1755234840000,1755234899000,1.38022,1.38022,1.3802,1.38022,20130000,1
1755234900000,1755234959000,1.38023,1.38024,1.38017,1.38018,53730000,1
1755234960000,1755235019000,1.38017,1.38021,1.38017,1.38021,24690000,1
1755235020000,1755235079000,1.38022,1.38026,1.3802,1.38025,63180000,1
1755235080000,1755235139000,1.38024,1.38024,1.38019,1.38019,31080000,1
1755235140000,1755235199000,1.38019,1.38022,1.38018,1.3802,24450000,1
1755235200000,1755235259000,1.38019,1.38023,1.38019,1.38022,17550000,1
1755235260000,1755235319000,1.38021,1.38023,1.38021,1.38023,2400000,1
1755235320000,1755235379000,1.38023,1.38026,1.3802,1.38021,24390000,1
1755235380000,1755235439000,1.38022,1.38024,1.3802,1.38023,17340000,1
1755235440000,1755235499000,1.38023,1.38023,1.38022,1.38023,16260000,1
1755235500000,1755235559000,1.38022,1.38022,1.38019,1.3802,10950000,1
1755235560000,1755235619000,1.38022,1.38022,1.3802,1.3802,7200000,1
1755235620000,1755235679000,1.3802,1.38021,1.38019,1.3802,12300000,1
1755235680000,1755235739000,1.3802,1.38022,1.38019,1.38022,12300000,1
1755235740000,1755235799000,1.38023,1.38023,1.38021,1.38022,22590000,1
1755235800000,1755235859000,1.38021,1.38029,1.38021,1.38024,41400000,1
1755235860000,1755235919000,1.38025,1.38025,1.38023,1.38023,3990000,1
1755235920000,1755235979000,1.38025,1.38029,1.38018,1.38019,33960000,1
1755235980000,1755236039000,1.38015,1.3802,1.38013,1.3802,31110000,1
1755236040000,1755236099000,1.38021,1.38028,1.3802,1.38023,23730000,1
1755236100000,1755236159000,1.38022,1.38022,1.38018,1.38019,19950000,1
1755236160000,1755236219000,1.38018,1.3802,1.38017,1.38019,26670000,1
1755236220000,1755236279000,1.38018,1.38021,1.38013,1.38017,27030000,1
1755236280000,1755236339000,1.38019,1.3802,1.38012,1.38014,32310000,1
1755236340000,1755236399000,1.38014,1.38014,1.3801,1.3801,36000000,1
1755236400000,1755236459000,1.3801,1.38019,1.38009,1.38016,41970000,1
1755236460000,1755236519000,1.38015,1.3802,1.38012,1.38015,45720000,1
1755236520000,1755236579000,1.38017,1.3802,1.38017,1.3802,14220000,1
1755236580000,1755236639000,1.38019,1.38025,1.38017,1.38025,35640000,1
1755236640000,1755236699000,1.38024,1.3803,1.38023,1.38025,48630000,1
1755236700000,1755236759000,1.38026,1.38027,1.38022,1.38023,36270000,1
1755236760000,1755236819000,1.38024,1.38026,1.38021,1.38022,35640000,1
1755236820000,1755236879000,1.38025,1.38025,1.38023,1.38024,13950000,1
1755236880000,1755236939000,1.38023,1.38023,1.3802,1.38021,25200000,1
1755236940000,1755236999000,1.38021,1.38022,1.3802,1.3802,26850000,1
1755237000000,1755237059000,1.38022,1.38031,1.3802,1.38031,47220000,1
1755237060000,1755237119000,1.3803,1.38031,1.3803,1.38031,10950000,1
1755237120000,1755237179000,1.3803,1.38032,1.3803,1.3803,21750000,1
1755237180000,1755237239000,1.3803,1.38042,1.3803,1.38041,48000000,1
1755237240000,1755237299000,1.38041,1.38042,1.38031,1.38031,52230000,1
1755237300000,1755237359000,1.38031,1.38031,1.38012,1.38012,47850000,1
1755237360000,1755237419000,1.38012,1.38012,1.38005,1.38008,49680000,1
1755237420000,1755237479000,1.38008,1.38011,1.38006,1.38006,66660000,1
1755237480000,1755237539000,1.38009,1.38009,1.38003,1.38004,37740000,1
1755237540000,1755237599000,1.38003,1.38009,1.38001,1.38001,48720000,1
1755237600000,1755237659000,1.38002,1.38021,1.38002,1.38015,137460000,1
1755237660000,1755237719000,1.38016,1.38019,1.38009,1.38013,81210000,1
1755237720000,1755237779000,1.38012,1.38015,1.38007,1.38014,69180000,1
1755237780000,1755237839000,1.38014,1.38014,1.38009,1.38012,60240000,1
1755237840000,1755237899000,1.38011,1.38013,1.38,1.38011,67590000,1
1755237900000,1755237959000,1.38012,1.38013,1.38004,1.38013,60420000,1
1755237960000,1755238019000,1.38011,1.38021,1.3801,1.38021,75390000,1
1755238020000,1755238079000,1.3802,1.38026,1.3802,1.38023,49950000,1
1755238080000,1755238139000,1.38022,1.38023,1.38015,1.38021,67980000,1
1755238140000,1755238199000,1.38022,1.38022,1.38014,1.38016,59430000,1
1755238200000,1755238259000,1.38017,1.3802,1.38005,1.38008,73470000,1
1755238260000,1755238319000,1.38007,1.38014,1.38006,1.38012,29880000,1
1755238320000,1755238379000,1.38013,1.38021,1.38012,1.38018,49950000,1
1755238380000,1755238439000,1.38018,1.38026,1.38018,1.3802,71550000,1
1755238440000,1755238499000,1.38021,1.38027,1.38019,1.38022,76200000,1
1755238500000,1755238559000,1.38021,1.38032,1.38021,1.38026,88830000,1
1755238560000,1755238619000,1.38025,1.38029,1.38024,1.38029,72690000,1
1755238620000,1755238679000,1.38029,1.38036,1.38028,1.38032,88410000,1
1755238680000,1755238739000,1.38032,1.38036,1.3803,1.38031,111330000,1
1755238740000,1755238799000,1.38033,1.38035,1.38031,1.38034,179580000,1
1755238800000,1755238859000,1.38036,1.38038,1.38029,1.38031,132870000,1
1755238860000,1755238919000,1.3803,1.38036,1.38029,1.38034,152310000,1
1755238920000,1755238979000,1.38034,1.38042,1.38032,1.38042,82920000,1
1755238980000,1755239039000,1.38044,1.38045,1.38038,1.38041,68700000,1
1755239040000,1755239099000,1.38042,1.38051,1.38041,1.38051,52500000,1
1755239100000,1755239159000,1.38051,1.38062,1.38049,1.38056,43860000,1
1755239160000,1755239219000,1.38057,1.38058,1.38047,1.38054,93360000,1
1755239220000,1755239279000,1.38054,1.3806,1.38052,1.38058,38400000,1
1755239280000,1755239339000,1.38059,1.38063,1.38059,1.3806,31650000,1
1755239340000,1755239399000,1.3806,1.38065,1.38051,1.38051,40920000,1
1755239400000,1755239459000,1.38051,1.38053,1.38035,1.38036,82320000,1
1755239460000,1755239519000,1.38036,1.38036,1.38031,1.38031,29400000,1
1755239520000,1755239579000,1.3803,1.38032,1.38016,1.38016,34500000,1
1755239580000,1755239639000,1.38014,1.38014,1.3801,1.3801,12600000,1
1755239640000,1755239699000,1.38012,1.38018,1.38012,1.38012,28500000,1
1755239700000,1755239759000,1.38012,1.38013,1.37991,1.37992,77700000,1
1755239760000,1755239819000,1.37992,1.37997,1.3799,1.3799,55650000,1
1755239820000,1755239879000,1.3799,1.37991,1.37984,1.37985,66600000,1
1755239880000,1755239939000,1.37984,1.37992,1.37983,1.37992,56550000,1
1755239940000,1755239999000,1.37993,1.37993,1.37973,1.37973,57600000,1
1755240000000,1755240059000,1.37972,1.3798,1.37972,1.37973,42750000,1
1755240060000,1755240119000,1.37974,1.37974,1.37952,1.37962,157200000,1
1755240120000,1755240179000,1.37959,1.3796,1.37953,1.37954,50400000,1
1755240180000,1755240239000,1.37955,1.37956,1.37943,1.37944,75060000,1
1755240240000,1755240299000,1.37945,1.3797,1.37944,1.37962,79680000,1
1755240300000,1755240359000,1.37965,1.37973,1.37964,1.37966,47790000,1
1755240360000,1755240419000,1.37965,1.37967,1.37964,1.37967,19140000,1
1755240420000,1755240479000,1.37966,1.37969,1.37964,1.37964,41820000,1
1755240480000,1755240539000,1.37962,1.37962,1.37956,1.3796,59220000,1
1755240540000,1755240599000,1.3796,1.3796,1.37952,1.37953,40830000,1
1755240600000,1755240659000,1.37955,1.37957,1.37954,1.37954,16740000,1
1755240660000,1755240719000,1.37955,1.37957,1.37951,1.37951,29940000,1
1755240720000,1755240779000,1.37952,1.37952,1.37943,1.37943,20040000,1
1755240780000,1755240839000,1.37943,1.37947,1.37941,1.37945,45000000,1
1755240840000,1755240899000,1.37943,1.37953,1.37942,1.37952,62100000,1
1755240900000,1755240959000,1.37951,1.37965,1.37951,1.37965,60300000,1
1755240960000,1755241019000,1.37965,1.37972,1.37964,1.37969,55260000,1
1755241020000,1755241079000,1.3797,1.3797,1.37957,1.37957,25800000,1
1755241080000,1755241139000,1.37957,1.37959,1.37953,1.37955,32280000,1
1755241140000,1755241199000,1.37953,1.37964,1.37953,1.37963,27000000,1
1755241200000,1755241259000,1.37962,1.37973,1.3796,1.37961,63570000,1
1755241260000,1755241319000,1.3796,1.37962,1.37941,1.37941,94080000,1
1755241320000,1755241379000,1.37944,1.37947,1.37941,1.37946,76080000,1
1755241380000,1755241439000,1.37948,1.37953,1.37945,1.37948,34020000,1
1755241440000,1755241499000,1.37946,1.37946,1.37924,1.37924,46290000,1
1755241500000,1755241559000,1.37923,1.37925,1.37918,1.37922,33600000,1
1755241560000,1755241619000,1.37921,1.37923,1.37907,1.37913,99600000,1
1755241620000,1755241679000,1.37912,1.37925,1.3791,1.37922,89250000,1
1755241680000,1755241739000,1.3792,1.37922,1.37919,1.3792,33000000,1
1755241740000,1755241799000,1.37921,1.37922,1.37917,1.3792,54450000,1
1755241800000,1755241859000,1.3792,1.3792,1.37914,1.37916,18240000,1
1755241860000,1755241919000,1.37916,1.37922,1.37916,1.37919,24570000,1
1755241920000,1755241979000,1.37917,1.37918,1.37909,1.3791,39210000,1
1755241980000,1755242039000,1.3791,1.37923,1.3791,1.37923,29790000,1
1755242040000,1755242099000,1.37924,1.37938,1.37924,1.37936,31950000,1
1755242100000,1755242159000,1.37937,1.37945,1.37937,1.37944,27000000,1
1755242160000,1755242219000,1.37943,1.37946,1.37938,1.37938,28200000,1
1755242220000,1755242279000,1.37938,1.37966,1.37938,1.37965,85320000,1
1755242280000,1755242339000,1.37965,1.37965,1.37949,1.37949,68400000,1
1755242340000,1755242399000,1.37949,1.37952,1.37938,1.37938,57600000,1
1755242400000,1755242459000,1.37939,1.37939,1.37931,1.37935,79200000,1
1755242460000,1755242519000,1.37935,1.37937,1.37931,1.37935,26400000,1
1755242520000,1755242579000,1.37936,1.37947,1.37936,1.37945,64500000,1
1755242580000,1755242639000,1.37945,1.37948,1.37937,1.37937,54900000,1
1755242640000,1755242699000,1.37937,1.37946,1.37937,1.37943,34920000,1
1755242700000,1755242759000,1.37945,1.37948,1.37941,1.37946,32400000,1
1755242760000,1755242819000,1.37946,1.37956,1.37942,1.37954,33600000,1
1755242820000,1755242879000,1.37953,1.37957,1.37938,1.37947,59400000,1
1755242880000,1755242939000,1.37947,1.37948,1.37943,1.37947,36000000,1
1755242940000,1755242999000,1.37947,1.37948,1.37927,1.37931,48300000,1
1755243000000,1755243059000,1.37929,1.37956,1.37929,1.37956,95760000,1
1755243060000,1755243119000,1.37957,1.37964,1.37936,1.37936,47040000,1
1755243120000,1755243179000,1.37938,1.37967,1.37934,1.37964,68370000,1
1755243180000,1755243239000,1.37963,1.37964,1.37949,1.37963,54600000,1
1755243240000,1755243299000,1.37964,1.37969,1.3796,1.37964,57000000,1
1755243300000,1755243359000,1.37965,1.37968,1.37963,1.37965,44400000,1
1755243360000,1755243419000,1.37964,1.37973,1.37964,1.37969,53490000,1
1755243420000,1755243479000,1.37971,1.37974,1.37957,1.37966,83100000,1
1755243480000,1755243539000,1.37965,1.37967,1.37961,1.37965,40800000,1
1755243540000,1755243599000,1.37967,1.37967,1.37959,1.37967,49200000,1
1755243600000,1755243659000,1.37966,1.37968,1.37959,1.37959,42600000,1
1755243660000,1755243719000,1.37958,1.37965,1.37956,1.37961,53970000,1
1755243720000,1755243779000,1.37961,1.37966,1.37959,1.3796,40800000,1
1755243780000,1755243839000,1.37959,1.37962,1.37951,1.37957,66000000,1
1755243840000,1755243899000,1.37956,1.37956,1.37947,1.37947,50210000,1
1755243900000,1755243959000,1.37948,1.37956,1.3794,1.37955,84780000,1
1755243960000,1755244019000,1.37955,1.37963,1.37955,1.37961,52080000,1
1755244020000,1755244079000,1.3796,1.37967,1.37949,1.3795,53160000,1
1755244080000,1755244139000,1.37949,1.3795,1.37948,1.37949,16920000,1
1755244140000,1755244199000,1.37948,1.37964,1.37948,1.37964,48990000,1
1755244200000,1755244259000,1.37964,1.37964,1.37948,1.37948,35160000,1
1755244260000,1755244319000,1.37949,1.37955,1.37945,1.37953,48780000,1
1755244320000,1755244379000,1.37954,1.37956,1.37949,1.37956,45780000,1
1755244380000,1755244439000,1.37954,1.3796,1.37954,1.37959,32190000,1
1755244440000,1755244499000,1.37958,1.37959,1.37939,1.37943,86310000,1
1755244500000,1755244559000,1.37943,1.37943,1.37928,1.37935,80820000,1
1755244560000,1755244619000,1.37935,1.37944,1.37932,1.37934,71940000,1
1755244620000,1755244679000,1.37933,1.37934,1.37925,1.37926,176100000,1
1755244680000,1755244739000,1.37926,1.37935,1.37922,1.37935,190080000,1
1755244740000,1755244799000,1.37934,1.37935,1.37928,1.3793,73410000,1
1755244800000,1755244859000,1.37929,1.3793,1.37911,1.37912,86430000,1
1755244860000,1755244919000,1.37912,1.37921,1.3791,1.37917,88140000,1
1755244920000,1755244979000,1.37917,1.3792,1.37916,1.37917,51930000,1
1755244980000,1755245039000,1.37917,1.37929,1.37917,1.37923,82500000,1
1755245040000,1755245099000,1.37922,1.37936,1.37921,1.37936,69240000,1
1755245100000,1755245159000,1.37937,1.37939,1.37934,1.37939,50400000,1
1755245160000,1755245219000,1.37938,1.37938,1.37925,1.37928,69180000,1
1755245220000,1755245279000,1.37929,1.37939,1.37925,1.37939,169800000,1
1755245280000,1755245339000,1.37937,1.3794,1.37932,1.37938,50280000,1
1755245340000,1755245399000,1.37938,1.37939,1.37934,1.37938,71190000,1
1755245400000,1755245459000,1.37938,1.3795,1.37936,1.3795,82050000,1
1755245460000,1755245519000,1.37951,1.37956,1.37949,1.37954,28800000,1
1755245520000,1755245579000,1.37955,1.37955,1.37939,1.37939,45000000,1
1755245580000,1755245639000,1.37939,1.37942,1.37937,1.37939,44400000,1
1755245640000,1755245699000,1.3794,1.37956,1.37939,1.37955,48120000,1
1755245700000,1755245759000,1.37954,1.37966,1.37954,1.37965,24000000,1
1755245760000,1755245819000,1.37965,1.37965,1.37957,1.37958,34200000,1
1755245820000,1755245879000,1.37959,1.37959,1.37948,1.37948,45000000,1
1755245880000,1755245939000,1.37948,1.3795,1.37942,1.37945,46350000,1
1755245940000,1755245999000,1.37945,1.37947,1.37942,1.37945,33750000,1
1755246000000,1755246059000,1.37946,1.37949,1.37944,1.37945,48750000,1
1755246060000,1755246119000,1.37945,1.37957,1.37944,1.37954,40740000,1
1755246120000,1755246179000,1.37954,1.37957,1.37951,1.37952,43350000,1
1755246180000,1755246239000,1.37953,1.37967,1.37953,1.37966,36030000,1
1755246240000,1755246299000,1.37966,1.37978,1.37966,1.37975,63090000,1
1755246300000,1755246359000,1.37977,1.37985,1.37967,1.37968,56400000,1
1755246360000,1755246419000,1.37969,1.37975,1.37966,1.37974,52950000,1
1755246420000,1755246479000,1.37975,1.37978,1.37975,1.37977,48150000,1
1755246480000,1755246539000,1.37975,1.37985,1.37975,1.37985,64320000,1
1755246540000,1755246599000,1.37982,1.37982,1.37973,1.37974,120900000,1
1755246600000,1755246659000,1.37974,1.37976,1.37974,1.37975,105030000,1
1755246660000,1755246719000,1.37976,1.37985,1.37975,1.37978,78330000,1
1755246720000,1755246779000,1.37979,1.37982,1.37976,1.37976,103500000,1
1755246780000,1755246839000,1.37977,1.37984,1.37975,1.37982,121530000,1
1755246840000,1755246899000,1.37981,1.37981,1.37975,1.37977,114240000,1
1755246900000,1755246959000,1.37978,1.37982,1.37976,1.37979,104850000,1
1755246960000,1755247019000,1.37978,1.37985,1.37977,1.37981,43290000,1
1755247020000,1755247079000,1.37982,1.37984,1.37973,1.37975,102090000,1
1755247080000,1755247139000,1.37974,1.37979,1.37974,1.37978,146100000,1
1755247140000,1755247199000,1.37977,1.37979,1.37974,1.37974,91650000,1
1755247200000,1755247259000,1.37975,1.37977,1.37971,1.37977,134640000,1
1755247260000,1755247319000,1.37977,1.37983,1.37976,1.37979,32670000,1
1755247320000,1755247379000,1.37978,1.37978,1.37976,1.37976,55170000,1
1755247380000,1755247439000,1.37976,1.37987,1.37976,1.37984,40950000,1
1755247440000,1755247499000,1.37985,1.37986,1.37984,1.37986,16830000,1
1755247500000,1755247559000,1.37986,1.37987,1.37984,1.37984,18510000,1
1755247560000,1755247619000,1.37985,1.37985,1.37978,1.37983,50940000,1
1755247620000,1755247679000,1.37984,1.37997,1.37984,1.37994,43020000,1
1755247680000,1755247739000,1.37993,1.37995,1.37987,1.37995,73050000,1
1755247740000,1755247799000,1.37995,1.37996,1.37988,1.3799,62850000,1
1755247800000,1755247859000,1.3799,1.37996,1.37987,1.37994,49650000,1
1755247860000,1755247919000,1.37995,1.37995,1.37972,1.37972,54450000,1
1755247920000,1755247979000,1.37973,1.37975,1.37966,1.37967,67800000,1
1755247980000,1755248039000,1.37967,1.37975,1.37967,1.37974,33810000,1
1755248040000,1755248099000,1.37973,1.37974,1.37965,1.37969,26730000,1
1755248100000,1755248159000,1.37968,1.37969,1.37964,1.37964,48180000,1
1755248160000,1755248219000,1.37965,1.37969,1.37964,1.37967,66990000,1
1755248220000,1755248279000,1.37966,1.37968,1.37956,1.37958,83700000,1
1755248280000,1755248339000,1.37956,1.37972,1.37956,1.37972,103410000,1
1755248340000,1755248399000,1.37972,1.37977,1.37964,1.37969,49680000,1
1755248400000,1755248459000,1.37969,1.37969,1.37962,1.37965,70200000,1
1755248460000,1755248519000,1.37966,1.3797,1.37959,1.37969,87720000,1
1755248520000,1755248579000,1.37969,1.37973,1.37959,1.37959,88950000,1
1755248580000,1755248639000,1.3796,1.3796,1.37951,1.37955,51150000,1
1755248640000,1755248699000,1.37957,1.37961,1.37956,1.37956,48000000,1
1755248700000,1755248759000,1.37956,1.37957,1.37953,1.37956,46200000,1
1755248760000,1755248819000,1.37958,1.37961,1.37951,1.37952,69150000,1
1755248820000,1755248879000,1.37953,1.37957,1.37951,1.37953,22050000,1
1755248880000,1755248939000,1.37953,1.37959,1.37951,1.37957,56550000,1
1755248940000,1755248999000,1.37957,1.37957,1.37937,1.37939,117000000,1
1755249000000,1755249059000,1.37941,1.37941,1.37926,1.37929,56700000,1
1755249060000,1755249119000,1.3793,1.3793,1.37927,1.37928,77550000,1
1755249120000,1755249179000,1.37927,1.37934,1.37926,1.37926,39600000,1
1755249180000,1755249239000,1.37927,1.3793,1.37926,1.37927,74400000,1
1755249240000,1755249299000,1.37926,1.37929,1.37926,1.37928,60300000,1
1755249300000,1755249359000,1.37928,1.3793,1.37928,1.37928,47940000,1
1755249360000,1755249419000,1.37928,1.3793,1.37928,1.37928,17550000,1
1755249420000,1755249479000,1.37927,1.37928,1.37919,1.37919,42150000,1
1755249480000,1755249539000,1.3792,1.37931,1.3792,1.3793,58770000,1
1755249540000,1755249599000,1.37929,1.37929,1.37919,1.37919,38790000,1
1755249600000,1755249659000,1.37919,1.37928,1.37918,1.37927,38400000,1
1755249660000,1755249719000,1.37928,1.37932,1.37928,1.37932,25290000,1
1755249720000,1755249779000,1.37929,1.3794,1.37927,1.37937,99420000,1
1755249780000,1755249839000,1.37938,1.3794,1.37935,1.3794,46560000,1
1755249840000,1755249899000,1.37939,1.3795,1.37938,1.37941,51990000,1
1755249900000,1755249959000,1.3794,1.37946,1.3794,1.3794,50640000,1
1755249960000,1755250019000,1.3794,1.37941,1.37938,1.37938,46320000,1
1755250020000,1755250079000,1.37938,1.37938,1.37931,1.37931,46710000,1
1755250080000,1755250139000,1.37932,1.37932,1.37929,1.37929,39030000,1
1755250140000,1755250199000,1.37929,1.37931,1.37928,1.3793,53190000,1
1755250200000,1755250259000,1.3793,1.37937,1.3793,1.37937,33150000,1
1755250260000,1755250319000,1.37937,1.37939,1.3793,1.37939,62070000,1
1755250320000,1755250379000,1.37938,1.37939,1.37932,1.37937,45600000,1
1755250380000,1755250439000,1.37936,1.37948,1.37931,1.37945,56430000,1
1755250440000,1755250499000,1.37946,1.37957,1.37945,1.37952,136680000,1
1755250500000,1755250559000,1.37952,1.37954,1.37947,1.37947,65700000,1
1755250560000,1755250619000,1.37949,1.37957,1.37949,1.37953,22800000,1
1755250620000,1755250679000,1.37952,1.37957,1.37952,1.37957,25650000,1
1755250680000,1755250739000,1.37958,1.37975,1.37958,1.37973,64650000,1
1755250740000,1755250799000,1.37973,1.37978,1.37968,1.37969,86550000,1
1755250800000,1755250859000,1.37969,1.37974,1.37969,1.37974,27750000,1
1755250860000,1755250919000,1.37973,1.37974,1.37966,1.37971,66450000,1
1755250920000,1755250979000,1.3797,1.37971,1.37964,1.37966,37500000,1
1755250980000,1755251039000,1.37964,1.37964,1.37955,1.37958,21450000,1
1755251040000,1755251099000,1.37958,1.37958,1.37946,1.37948,55950000,1
1755251100000,1755251159000,1.37947,1.37949,1.37946,1.37948,100500000,1
1755251160000,1755251219000,1.37948,1.37956,1.37948,1.37948,58800000,1
1755251220000,1755251279000,1.37948,1.37949,1.37942,1.37944,70800000,1
1755251280000,1755251339000,1.37947,1.37947,1.37937,1.3794,52650000,1
1755251340000,1755251399000,1.3794,1.37947,1.37939,1.37941,58200000,1
1755251400000,1755251459000,1.37941,1.37947,1.3794,1.37945,34050000,1
1755251460000,1755251519000,1.37944,1.37949,1.37943,1.37949,55800000,1
1755251520000,1755251579000,1.37949,1.3795,1.37945,1.37947,66900000,1
1755251580000,1755251639000,1.37948,1.3795,1.3794,1.3794,31050000,1
1755251640000,1755251699000,1.3794,1.37942,1.37938,1.37938,39900000,1
1755251700000,1755251759000,1.37938,1.37944,1.3793,1.37932,51870000,1
1755251760000,1755251819000,1.37933,1.37938,1.37932,1.37937,64350000,1
1755251820000,1755251879000,1.37938,1.37943,1.37936,1.37941,54960000,1
1755251880000,1755251939000,1.37942,1.37943,1.37938,1.37938,68340000,1
1755251940000,1755251999000,1.37938,1.3794,1.37926,1.37934,100350000,1
1755252000000,1755252059000,1.37933,1.37942,1.37933,1.37938,63900000,1
1755252060000,1755252119000,1.37937,1.37938,1.37928,1.37929,54450000,1
1755252120000,1755252179000,1.37929,1.37934,1.37915,1.37916,61080000,1
1755252180000,1755252239000,1.37915,1.37919,1.37909,1.37909,67560000,1
1755252240000,1755252299000,1.3791,1.37911,1.37903,1.37907,107040000,1
1755252300000,1755252359000,1.37909,1.37917,1.37907,1.37917,147540000,1
1755252360000,1755252419000,1.37918,1.37921,1.37917,1.37919,30450000,1
1755252420000,1755252479000,1.37919,1.37919,1.37906,1.37906,36600000,1
1755252480000,1755252539000,1.37906,1.37909,1.37897,1.37899,51630000,1
1755252540000,1755252599000,1.37897,1.37899,1.3789,1.37892,82870000,1
1755252600000,1755252659000,1.37895,1.37897,1.37893,1.37896,93900000,1
1755252660000,1755252719000,1.37896,1.3791,1.37893,1.3791,99660000,1
1755252720000,1755252779000,1.37908,1.37911,1.37906,1.37907,94290000,1
1755252780000,1755252839000,1.37907,1.37918,1.37907,1.37918,24030000,1
1755252840000,1755252899000,1.37917,1.37918,1.37916,1.37916,39900000,1
1755252900000,1755252959000,1.37916,1.37918,1.37912,1.37912,53730000,1
1755252960000,1755253019000,1.37912,1.37912,1.37908,1.3791,26550000,1
1755253020000,1755253079000,1.3791,1.37911,1.37904,1.37907,35550000,1
1755253080000,1755253139000,1.37909,1.37916,1.37908,1.37916,27540000,1
1755253140000,1755253199000,1.37915,1.37917,1.37908,1.37914,30300000,1
1755253200000,1755253259000,1.37913,1.37913,1.37908,1.37909,33150000,1
1755253260000,1755253319000,1.37909,1.37916,1.37908,1.37915,28650000,1
1755253320000,1755253379000,1.37915,1.37917,1.37915,1.37916,26400000,1
1755253380000,1755253439000,1.37916,1.37931,1.37916,1.3793,29520000,1
1755253440000,1755253499000,1.3793,1.37931,1.37927,1.37927,16650000,1
1755253500000,1755253559000,1.37927,1.3793,1.37927,1.3793,25800000,1
1755253560000,1755253619000,1.37929,1.37934,1.37929,1.37931,17190000,1
1755253620000,1755253679000,1.37931,1.37932,1.3793,1.3793,14130000,1
1755253680000,1755253739000,1.37931,1.37931,1.37923,1.37926,21150000,1
1755253740000,1755253799000,1.37927,1.37938,1.37926,1.37936,23520000,1
1755253800000,1755253859000,1.37937,1.37937,1.37932,1.37936,57900000,1
1755253860000,1755253919000,1.37937,1.37946,1.3793,1.37941,64500000,1
1755253920000,1755253979000,1.3794,1.37942,1.37931,1.37932,38550000,1
1755253980000,1755254039000,1.37931,1.37931,1.37928,1.3793,38100000,1
1755254040000,1755254099000,1.3793,1.37937,1.3793,1.37937,74100000,1
1755254100000,1755254159000,1.37936,1.37937,1.37932,1.37936,36300000,1
1755254160000,1755254219000,1.37935,1.37935,1.3793,1.37931,44400000,1
1755254220000,1755254279000,1.37933,1.37935,1.3793,1.37933,53700000,1
1755254280000,1755254339000,1.37934,1.37944,1.3793,1.37944,63450000,1
1755254340000,1755254399000,1.37944,1.37946,1.3794,1.37945,33300000,1
1755254400000,1755254459000,1.37945,1.37946,1.37936,1.37941,31800000,1
1755254460000,1755254519000,1.37941,1.37941,1.37936,1.37939,55050000,1
1755254520000,1755254579000,1.37939,1.3794,1.37931,1.37937,51120000,1
1755254580000,1755254639000,1.37937,1.37942,1.37937,1.37939,33090000,1
1755254640000,1755254699000,1.37941,1.37942,1.3794,1.37942,4410000,1
1755254700000,1755254759000,1.37942,1.37946,1.37942,1.37946,22650000,1
1755254760000,1755254819000,1.37946,1.37954,1.37946,1.37952,30960000,1
1755254820000,1755254879000,1.37952,1.37956,1.37952,1.37955,29250000,1
1755254880000,1755254939000,1.37954,1.37956,1.37935,1.37935,78450000,1
1755254940000,1755254999000,1.37934,1.37934,1.3792,1.3792,43800000,1
1755255000000,1755255059000,1.3792,1.3792,1.37915,1.37916,46950000,1
1755255060000,1755255119000,1.37916,1.37917,1.37908,1.37909,109800000,1
1755255120000,1755255179000,1.37908,1.3791,1.379,1.37904,73650000,1
1755255180000,1755255239000,1.37903,1.37907,1.37897,1.37898,62100000,1
1755255240000,1755255299000,1.37899,1.37899,1.37895,1.37897,38850000,1
1755255300000,1755255359000,1.37895,1.379,1.37889,1.37896,113850000,1
1755255360000,1755255419000,1.37896,1.379,1.37889,1.37892,111510000,1
1755255420000,1755255479000,1.37892,1.37898,1.37885,1.37885,108630000,1
1755255480000,1755255539000,1.37883,1.37888,1.37872,1.37887,145530000,1
1755255540000,1755255599000,1.37887,1.3789,1.37879,1.3788,119070000,1
1755255600000,1755255659000,1.3788,1.37893,1.3788,1.37886,149850000,1
1755255660000,1755255719000,1.37886,1.3789,1.37884,1.3789,69930000,1
1755255720000,1755255779000,1.37891,1.37904,1.3789,1.37903,106080000,1
1755255780000,1755255839000,1.37904,1.37909,1.37899,1.37903,97980000,1
1755255840000,1755255899000,1.37903,1.37903,1.37895,1.37898,70050000,1
1755255900000,1755255959000,1.37898,1.37901,1.37897,1.379,50250000,1
1755255960000,1755256019000,1.379,1.37906,1.37899,1.37901,38100000,1
1755256020000,1755256079000,1.37894,1.37894,1.37879,1.37879,51900000,1
1755256080000,1755256139000,1.37881,1.37881,1.37878,1.37878,29250000,1
1755256140000,1755256199000,1.3788,1.37897,1.37879,1.37896,75150000,1
1755256200000,1755256259000,1.37896,1.379,1.37895,1.37898,46350000,1
1755256260000,1755256319000,1.37897,1.37898,1.37889,1.37889,33270000,1
1755256320000,1755256379000,1.3789,1.37892,1.37889,1.37889,30750000,1
1755256380000,1755256439000,1.37889,1.3789,1.37885,1.3789,23700000,1
1755256440000,1755256499000,1.37891,1.37893,1.37887,1.37888,26400000,1
1755256500000,1755256559000,1.37886,1.3789,1.37885,1.37889,29700000,1
1755256560000,1755256619000,1.37889,1.37898,1.37888,1.37898,34200000,1
1755256620000,1755256679000,1.37899,1.37899,1.37887,1.37893,63300000,1
1755256680000,1755256739000,1.37893,1.37894,1.3789,1.37892,28800000,1
1755256740000,1755256799000,1.37893,1.37895,1.37892,1.37892,43560000,1
1755256800000,1755256859000,1.37892,1.37896,1.3789,1.37896,43800000,1
1755256860000,1755256919000,1.37897,1.37912,1.37897,1.3791,45660000,1
1755256920000,1755256979000,1.37912,1.37912,1.37904,1.37904,32880000,1
1755256980000,1755257039000,1.37904,1.37907,1.37903,1.37904,32880000,1
1755257040000,1755257099000,1.37905,1.3791,1.37904,1.37904,65040000,1
1755257100000,1755257159000,1.37905,1.37905,1.3789,1.3789,105330000,1
1755257160000,1755257219000,1.3789,1.37892,1.37889,1.3789,60120000,1
1755257220000,1755257279000,1.37891,1.37896,1.3789,1.37892,60420000,1
1755257280000,1755257339000,1.37893,1.37896,1.37891,1.37896,49770000,1
1755257340000,1755257399000,1.37895,1.37897,1.37894,1.37897,35550000,1
1755257400000,1755257459000,1.37897,1.37898,1.37893,1.37895,32550000,1
1755257460000,1755257519000,1.37896,1.379,1.37893,1.37898,44400000,1
1755257520000,1755257579000,1.37899,1.379,1.37896,1.37897,34200000,1
1755257580000,1755257639000,1.37898,1.37904,1.37897,1.37904,42450000,1
1755257640000,1755257699000,1.37904,1.3792,1.37904,1.37918,50670000,1
1755257700000,1755257759000,1.37918,1.37919,1.37911,1.37912,66300000,1
1755257760000,1755257819000,1.37912,1.37912,1.37903,1.37904,61650000,1
1755257820000,1755257879000,1.37905,1.37909,1.37903,1.37905,48750000,1
1755257880000,1755257939000,1.37905,1.37909,1.37905,1.37908,38550000,1
1755257940000,1755257999000,1.3791,1.37921,1.37909,1.37921,49620000,1
1755258000000,1755258059000,1.37922,1.37922,1.37915,1.37918,31800000,1
1755258060000,1755258119000,1.37917,1.37921,1.37917,1.37917,31200000,1
1755258120000,1755258179000,1.37917,1.37922,1.37916,1.37922,33150000,1
1755258180000,1755258239000,1.37921,1.37929,1.37921,1.37929,35400000,1
1755258240000,1755258299000,1.37929,1.37939,1.37928,1.37934,78870000,1
1755258300000,1755258359000,1.37933,1.37942,1.37933,1.37939,61410000,1
1755258360000,1755258419000,1.3794,1.3794,1.3793,1.37932,67980000,1
1755258420000,1755258479000,1.37931,1.37938,1.37931,1.37933,28950000,1
1755258480000,1755258539000,1.37935,1.37939,1.37933,1.37939,71670000,1
1755258540000,1755258599000,1.37939,1.37941,1.37935,1.3794,50760000,1
1755258600000,1755258659000,1.37939,1.37944,1.37936,1.37936,21900000,1
1755258660000,1755258719000,1.37935,1.37936,1.37929,1.3793,39690000,1
1755258720000,1755258779000,1.37931,1.37941,1.37931,1.37941,31650000,1
1755258780000,1755258839000,1.3794,1.37943,1.37938,1.37938,51450000,1
1755258840000,1755258899000,1.37938,1.37938,1.3793,1.3793,7350000,1
1755258900000,1755258959000,1.37928,1.3793,1.37921,1.37921,23340000,1
1755258960000,1755259019000,1.37921,1.37922,1.37921,1.37922,7350000,1
1755259020000,1755259079000,1.37922,1.37922,1.37912,1.37913,20250000,1
1755259080000,1755259139000,1.37914,1.37914,1.37904,1.37912,93450000,1
1755259140000,1755259199000,1.37911,1.37913,1.37901,1.37901,19350000,1
1755259200000,1755259259000,1.37902,1.37918,1.37901,1.37913,149130000,1
1755259260000,1755259319000,1.37914,1.37915,1.37908,1.37911,97890000,1
1755259320000,1755259379000,1.37913,1.3792,1.37913,1.37918,53340000,1
1755259380000,1755259439000,1.37919,1.37928,1.37917,1.37927,106230000,1
1755259440000,1755259499000,1.37927,1.37928,1.37921,1.37922,46950000,1
1755259500000,1755259559000,1.37923,1.37929,1.37922,1.37927,112950000,1
1755259560000,1755259619000,1.37928,1.37928,1.37924,1.37924,58500000,1
1755259620000,1755259679000,1.37923,1.37926,1.37913,1.37917,65400000,1
1755259680000,1755259739000,1.37917,1.37922,1.37909,1.37909,45150000,1
1755259740000,1755259799000,1.37908,1.37912,1.37908,1.37911,32250000,1
1755259800000,1755259859000,1.3791,1.37911,1.37883,1.37886,66750000,1
1755259860000,1755259919000,1.37885,1.37887,1.37881,1.37883,40650000,1
1755259920000,1755259979000,1.37882,1.37896,1.37878,1.37895,47940000,1
1755259980000,1755260039000,1.37895,1.37896,1.3789,1.37893,59400000,1
1755260040000,1755260099000,1.37894,1.37898,1.37893,1.37895,52800000,1
1755260100000,1755260159000,1.37894,1.37898,1.37892,1.37896,48030000,1
1755260160000,1755260219000,1.37895,1.37911,1.37894,1.37911,57120000,1
1755260220000,1755260279000,1.37911,1.37913,1.37906,1.37912,64140000,1
1755260280000,1755260339000,1.37913,1.37922,1.37911,1.37922,66150000,1
1755260340000,1755260399000,1.37922,1.37925,1.37919,1.3792,70050000,1
1755260400000,1755260459000,1.37922,1.37933,1.37911,1.37922,109620000,1
1755260460000,1755260519000,1.37921,1.37937,1.37921,1.37934,59400000,1
1755260520000,1755260579000,1.37933,1.37943,1.37933,1.37942,54120000,1
1755260580000,1755260639000,1.37942,1.37954,1.37941,1.37946,90960000,1
1755260640000,1755260699000,1.37945,1.37953,1.37941,1.37952,43320000,1
1755260700000,1755260759000,1.37951,1.37953,1.37943,1.37952,91200000,1
1755260760000,1755260819000,1.37952,1.37959,1.37952,1.37959,31200000,1
1755260820000,1755260879000,1.37958,1.37964,1.37942,1.37942,43320000,1
1755260880000,1755260939000,1.37943,1.37951,1.37943,1.37951,18000000,1
1755260940000,1755260999000,1.37952,1.37961,1.3795,1.3795,87000000,1
1755261000000,1755261059000,1.37948,1.37967,1.37935,1.37967,246600000,1
1755261060000,1755261119000,1.37968,1.38018,1.37968,1.3799,180000000,1
1755261120000,1755261179000,1.3799,1.38,1.3799,1.37999,79560000,1
1755261180000,1755261239000,1.37999,1.38005,1.37973,1.37977,128940000,1
1755261240000,1755261299000,1.3798,1.37989,1.37974,1.37983,98760000,1
1755261300000,1755261359000,1.37983,1.37987,1.37972,1.37974,83160000,1
1755261360000,1755261419000,1.37973,1.37973,1.3794,1.3794,114840000,1
1755261420000,1755261479000,1.37939,1.3796,1.37939,1.37958,95880000,1
1755261480000,1755261539000,1.37958,1.37958,1.37906,1.37908,168180000,1
1755261540000,1755261599000,1.3791,1.37915,1.37901,1.37911,125160000,1
1755261600000,1755261659000,1.3791,1.37919,1.37897,1.37897,168960000,1
1755261660000,1755261719000,1.37896,1.37899,1.37876,1.37896,133110000,1
1755261720000,1755261779000,1.37895,1.37907,1.37888,1.37905,132180000,1
1755261780000,1755261839000,1.37905,1.3792,1.37901,1.3792,92910000,1
1755261840000,1755261899000,1.37923,1.37924,1.37908,1.37919,93810000,1
1755261900000,1755261959000,1.37919,1.37924,1.37906,1.37906,72000000,1
1755261960000,1755262019000,1.37905,1.37905,1.37891,1.37896,111240000,1
1755262020000,1755262079000,1.37896,1.37908,1.37892,1.37908,75270000,1
1755262080000,1755262139000,1.37907,1.3791,1.37894,1.37899,158610000,1
1755262140000,1755262199000,1.37899,1.37909,1.37898,1.37901,68460000,1
1755262200000,1755262259000,1.37901,1.37908,1.37895,1.37899,47760000,1
1755262260000,1755262319000,1.37899,1.37901,1.37892,1.37895,49260000,1
1755262320000,1755262379000,1.37898,1.37926,1.37897,1.37923,155280000,1
1755262380000,1755262439000,1.37923,1.37944,1.37916,1.37938,152790000,1
1755262440000,1755262499000,1.37939,1.37946,1.37938,1.37946,160800000,1
1755262500000,1755262559000,1.37947,1.37947,1.37932,1.3794,105750000,1
1755262560000,1755262619000,1.3794,1.3794,1.37916,1.37918,139200000,1
1755262620000,1755262679000,1.37918,1.37925,1.37915,1.37917,88440000,1
1755262680000,1755262739000,1.37917,1.37932,1.37917,1.37921,63120000,1
1755262740000,1755262799000,1.37921,1.37932,1.37921,1.37931,74400000,1
1755262800000,1755262859000,1.37927,1.37929,1.37902,1.37902,143700000,1
1755262860000,1755262919000,1.379,1.37905,1.3789,1.37903,184260000,1
1755262920000,1755262979000,1.37901,1.37918,1.37899,1.37913,92400000,1
1755262980000,1755263039000,1.37915,1.37915,1.37902,1.3791,115200000,1
1755263040000,1755263099000,1.37908,1.37928,1.37904,1.37911,147720000,1
1755263100000,1755263159000,1.37911,1.37921,1.37911,1.37918,93720000,1
1755263160000,1755263219000,1.37917,1.37928,1.3791,1.37919,114750000,1
1755263220000,1755263279000,1.37918,1.37918,1.37893,1.37912,115200000,1
1755263280000,1755263339000,1.37912,1.3794,1.37912,1.37929,142350000,1
1755263340000,1755263399000,1.37928,1.37931,1.37905,1.37919,133020000,1
1755263400000,1755263459000,1.3792,1.37951,1.3792,1.3795,93000000,1
1755263460000,1755263519000,1.3795,1.37963,1.37949,1.37961,80700000,1
1755263520000,1755263579000,1.37961,1.37964,1.37959,1.3796,59400000,1
1755263580000,1755263639000,1.37961,1.37966,1.3796,1.3796,44640000,1
1755263640000,1755263699000,1.37963,1.37976,1.37963,1.3797,84750000,1
1755263700000,1755263759000,1.37971,1.37977,1.37968,1.37977,88980000,1
1755263760000,1755263819000,1.37977,1.37989,1.37976,1.37979,83640000,1
1755263820000,1755263879000,1.37978,1.38,1.37977,1.37999,140970000,1
1755263880000,1755263939000,1.37998,1.38028,1.37998,1.38021,127200000,1
1755263940000,1755263999000,1.3802,1.38025,1.38007,1.38007,111450000,1
1755264000000,1755264059000,1.38006,1.38006,1.37982,1.37982,113700000,1
1755264060000,1755264119000,1.37981,1.37992,1.37976,1.3799,80850000,1
1755264120000,1755264179000,1.3799,1.38016,1.3799,1.38011,99120000,1
1755264180000,1755264239000,1.38012,1.38037,1.38012,1.38017,84570000,1
1755264240000,1755264299000,1.38018,1.38026,1.38015,1.38017,99600000,1
1755264300000,1755264359000,1.38015,1.38016,1.38005,1.38006,129330000,1
1755264360000,1755264419000,1.38007,1.38007,1.37988,1.37989,113100000,1
1755264420000,1755264479000,1.37988,1.37991,1.37977,1.37988,89100000,1
1755264480000,1755264539000,1.3799,1.37991,1.37984,1.37987,98820000,1
1755264540000,1755264599000,1.37985,1.38006,1.37985,1.38003,111420000,1
1755264600000,1755264659000,1.38001,1.38002,1.3797,1.37973,162450000,1
1755264660000,1755264719000,1.37973,1.38008,1.37958,1.37996,202890000,1
1755264720000,1755264779000,1.37998,1.38015,1.37997,1.38009,133560000,1
1755264780000,1755264839000,1.38009,1.38013,1.37996,1.37996,116760000,1
1755264840000,1755264899000,1.37997,1.38029,1.37997,1.38017,110190000,1
1755264900000,1755264959000,1.38017,1.3802,1.38,1.38004,175920000,1
1755264960000,1755265019000,1.38005,1.38023,1.38005,1.38022,115440000,1
1755265020000,1755265079000,1.3802,1.38031,1.38009,1.38018,149250000,1
1755265080000,1755265139000,1.38017,1.38019,1.38,1.38012,136560000,1
1755265140000,1755265199000,1.38014,1.38039,1.38008,1.38034,165780000,1
1755265200000,1755265259000,1.38031,1.38031,1.38019,1.38025,152670000,1
1755265260000,1755265319000,1.38025,1.38037,1.38019,1.38024,96060000,1
1755265320000,1755265379000,1.38022,1.38022,1.38003,1.38005,119640000,1
1755265380000,1755265439000,1.38005,1.38016,1.37991,1.38015,96000000,1
1755265440000,1755265499000,1.38016,1.38032,1.38003,1.38008,160050000,1
1755265500000,1755265559000,1.38009,1.38011,1.3797,1.37974,282720000,1
1755265560000,1755265619000,1.37975,1.37981,1.37957,1.37959,260460000,1
1755265620000,1755265679000,1.3796,1.37986,1.3796,1.37984,213150000,1
1755265680000,1755265739000,1.37984,1.37989,1.37972,1.37972,190620000,1
1755265740000,1755265799000,1.3797,1.3801,1.37968,1.38008,248310000,1
1755265800000,1755265859000,1.38007,1.38007,1.37973,1.37996,276030000,1
1755265860000,1755265919000,1.37998,1.38,1.37985,1.37986,132270000,1
1755265920000,1755265979000,1.37987,1.37988,1.3797,1.37979,175860000,1
1755265980000,1755266039000,1.37978,1.37996,1.37976,1.37991,355350000,1
1755266040000,1755266099000,1.37992,1.38007,1.37987,1.38007,156450000,1
1755266100000,1755266159000,1.38007,1.38014,1.37989,1.3799,148650000,1
1755266160000,1755266219000,1.37989,1.38017,1.37989,1.38,76410000,1
1755266220000,1755266279000,1.37997,1.37999,1.37991,1.37998,33750000,1
1755266280000,1755266339000,1.37997,1.38003,1.37992,1.38003,23250000,1
1755266340000,1755266399000,1.38004,1.38006,1.37994,1.37994,97500000,1
1755266400000,1755266459000,1.37999,1.3802,1.37987,1.38006,147120000,1
1755266460000,1755266519000,1.38007,1.38007,1.37965,1.37972,116730000,1
1755266520000,1755266579000,1.37971,1.37985,1.37954,1.3798,106650000,1
1755266580000,1755266639000,1.37979,1.37993,1.37975,1.37993,215070000,1
1755266640000,1755266699000,1.37993,1.37996,1.37969,1.37981,227820000,1
1755266700000,1755266759000,1.37981,1.37998,1.37978,1.37988,158790000,1
1755266760000,1755266819000,1.37988,1.37997,1.37985,1.3799,94950000,1
1755266820000,1755266879000,1.37989,1.37996,1.37969,1.37987,129540000,1
1755266880000,1755266939000,1.37989,1.37989,1.37963,1.37976,176610000,1
1755266940000,1755266999000,1.37976,1.37991,1.37967,1.37985,122940000,1
1755267000000,1755267059000,1.37986,1.37989,1.37962,1.37962,144420000,1
1755267060000,1755267119000,1.37961,1.37965,1.37953,1.37965,133860000,1
1755267120000,1755267179000,1.37967,1.37969,1.37953,1.37955,178560000,1
1755267180000,1755267239000,1.37955,1.37955,1.37945,1.37954,168090000,1
1755267240000,1755267299000,1.37954,1.37959,1.37936,1.37937,148650000,1
1755267300000,1755267359000,1.37937,1.37951,1.37927,1.37942,188670000,1
1755267360000,1755267419000,1.37944,1.37962,1.37944,1.37949,72450000,1
1755267420000,1755267479000,1.37948,1.37948,1.37918,1.3792,126150000,1
1755267480000,1755267539000,1.37919,1.37927,1.37917,1.37926,120390000,1
1755267540000,1755267599000,1.37927,1.37927,1.37915,1.37922,163860000,1
1755267600000,1755267659000,1.37918,1.37918,1.37883,1.37891,179730000,1
1755267660000,1755267719000,1.37897,1.37915,1.37897,1.3791,80550000,1
1755267720000,1755267779000,1.37912,1.37923,1.37908,1.37912,111150000,1
1755267780000,1755267839000,1.37912,1.37934,1.37912,1.37932,144600000,1
1755267840000,1755267899000,1.37932,1.37941,1.37923,1.37941,173760000,1
1755267900000,1755267959000,1.3794,1.37943,1.37921,1.37933,136290000,1
1755267960000,1755268019000,1.37934,1.37938,1.37899,1.37899,138480000,1
1755268020000,1755268079000,1.37899,1.37905,1.37879,1.37905,169950000,1
1755268080000,1755268139000,1.37908,1.37972,1.37908,1.3797,217500000,1
1755268140000,1755268199000,1.37968,1.37987,1.37968,1.37986,180750000,1
1755268200000,1755268259000,1.37989,1.37997,1.37985,1.37986,180540000,1
1755268260000,1755268319000,1.37985,1.38008,1.37985,1.38008,75420000,1
1755268320000,1755268379000,1.38008,1.3803,1.38008,1.38029,120990000,1
1755268380000,1755268439000,1.38029,1.38043,1.38022,1.38022,151710000,1
1755268440000,1755268499000,1.38021,1.38025,1.37995,1.37999,131520000,1
1755268500000,1755268559000,1.37998,1.37999,1.37974,1.37987,133170000,1
1755268560000,1755268619000,1.37987,1.38015,1.37987,1.38015,133640000,1
1755268620000,1755268679000,1.38016,1.38025,1.38004,1.38022,128770000,1
1755268680000,1755268739000,1.3802,1.38024,1.38003,1.38007,96300000,1
1755268740000,1755268799000,1.38007,1.38018,1.37996,1.38,103800000,1
1755268800000,1755268859000,1.37998,1.38009,1.37995,1.37999,102450000,1
1755268860000,1755268919000,1.37998,1.38009,1.37995,1.38003,223620000,1
1755268920000,1755268979000,1.38003,1.38024,1.38,1.38021,172440000,1
1755268980000,1755269039000,1.38022,1.38027,1.38016,1.38017,115860000,1
1755269040000,1755269099000,1.38018,1.38019,1.38,1.38003,62250000,1
1755269100000,1755269159000,1.38,1.38008,1.37997,1.37997,120060000,1
1755269160000,1755269219000,1.37998,1.38003,1.37986,1.3799,92490000,1
1755269220000,1755269279000,1.37992,1.38023,1.37992,1.38023,110700000,1
1755269280000,1755269339000,1.38022,1.38047,1.38016,1.38032,130770000,1
1755269340000,1755269399000,1.38031,1.38033,1.38016,1.38031,132060000,1
1755269400000,1755269459000,1.38029,1.38035,1.38025,1.38034,97950000,1
1755269460000,1755269519000,1.38034,1.3805,1.38032,1.38032,129270000,1
1755269520000,1755269579000,1.38033,1.38042,1.38032,1.38037,66960000,1
1755269580000,1755269639000,1.38037,1.38049,1.38037,1.38044,132090000,1
1755269640000,1755269699000,1.38046,1.38069,1.38045,1.38066,136350000,1
1755269700000,1755269759000,1.38068,1.38084,1.38054,1.38056,184170000,1
1755269760000,1755269819000,1.38057,1.38057,1.38035,1.38035,180930000,1
1755269820000,1755269879000,1.38037,1.38048,1.38032,1.38046,147060000,1
1755269880000,1755269939000,1.38046,1.38049,1.38039,1.38041,166920000,1
1755269940000,1755269999000,1.38042,1.3806,1.38039,1.38054,178290000,1
1755270000000,1755270059000,1.38054,1.38063,1.3805,1.38056,164310000,1
1755270060000,1755270119000,1.38056,1.3806,1.38051,1.38056,127350000,1
1755270120000,1755270179000,1.38055,1.38055,1.38011,1.38013,275820000,1
1755270180000,1755270239000,1.38013,1.3802,1.37952,1.37954,317430000,1
1755270240000,1755270299000,1.37956,1.37988,1.37956,1.37974,226170000,1
1755270300000,1755270359000,1.37974,1.37989,1.37969,1.3797,124800000,1
1755270360000,1755270419000,1.37971,1.3798,1.37969,1.37975,75600000,1
1755270420000,1755270479000,1.37974,1.38007,1.37974,1.38002,103800000,1
1755270480000,1755270539000,1.38,1.38002,1.3799,1.38,75600000,1
1755270540000,1755270599000,1.37999,1.38008,1.37996,1.38008,110220000,1
1755270600000,1755270659000,1.38009,1.38026,1.38006,1.38018,166920000,1
1755270660000,1755270719000,1.38018,1.38023,1.38004,1.38004,113400000,1
1755270720000,1755270779000,1.38003,1.38017,1.38003,1.38013,76920000,1
1755270780000,1755270839000,1.38014,1.38018,1.38011,1.38011,110730000,1
1755270840000,1755270899000,1.38012,1.38056,1.38011,1.38053,167700000,1
1755270900000,1755270959000,1.38053,1.38059,1.38053,1.38056,123240000,1
1755270960000,1755271019000,1.38056,1.38059,1.38047,1.38054,140670000,1
1755271020000,1755271079000,1.38055,1.38057,1.38033,1.38036,115320000,1
1755271080000,1755271139000,1.38035,1.38035,1.38024,1.38026,108600000,1
1755271140000,1755271199000,1.38028,1.38034,1.38027,1.38028,111750000,1
1755271200000,1755271259000,1.38027,1.38028,1.38017,1.38024,96960000,1
1755271260000,1755271319000,1.38023,1.38044,1.38023,1.38043,119520000,1
1755271320000,1755271379000,1.38044,1.38044,1.38028,1.38029,115200000,1
1755271380000,1755271439000,1.38029,1.38036,1.38027,1.38027,76950000,1
1755271440000,1755271499000,1.38026,1.38036,1.38023,1.38034,87000000,1
1755271500000,1755271559000,1.38035,1.38046,1.38028,1.38033,104880000,1
1755271560000,1755271619000,1.38033,1.38038,1.38027,1.38038,100920000,1
1755271620000,1755271679000,1.38038,1.38039,1.38025,1.3803,89400000,1
1755271680000,1755271739000,1.3803,1.38033,1.38026,1.38031,99600000,1
1755271740000,1755271799000,1.38033,1.38037,1.38032,1.38035,57600000,1
1755271800000,1755271859000,1.38036,1.38054,1.38036,1.38046,149640000,1
1755271860000,1755271919000,1.38046,1.38056,1.38036,1.38056,102000000,1
1755271920000,1755271979000,1.38056,1.38068,1.38056,1.38067,58410000,1
1755271980000,1755272039000,1.38066,1.3807,1.38058,1.38065,91920000,1
1755272040000,1755272099000,1.38066,1.38073,1.38066,1.38073,71100000,1
1755272100000,1755272159000,1.38072,1.38073,1.38045,1.3805,108000000,1
1755272160000,1755272219000,1.38051,1.38065,1.38051,1.38065,112800000,1
1755272220000,1755272279000,1.38064,1.38069,1.38056,1.38063,107400000,1
1755272280000,1755272339000,1.38063,1.3808,1.38059,1.38075,97320000,1
1755272340000,1755272399000,1.38077,1.3809,1.38077,1.38085,56400000,1
1755272400000,1755272459000,1.38086,1.38092,1.38073,1.38078,143550000,1
1755272460000,1755272519000,1.38079,1.38097,1.38078,1.38095,73320000,1
1755272520000,1755272579000,1.38095,1.38102,1.38093,1.38095,88950000,1
1755272580000,1755272639000,1.38095,1.38106,1.38094,1.38103,32400000,1
1755272640000,1755272699000,1.38104,1.38111,1.381,1.38105,47670000,1
1755272700000,1755272759000,1.38104,1.3811,1.381,1.38104,66870000,1
1755272760000,1755272819000,1.38107,1.3811,1.38091,1.38091,117720000,1
1755272820000,1755272879000,1.3809,1.38098,1.38085,1.38093,90090000,1
1755272880000,1755272939000,1.38093,1.38102,1.38093,1.38101,10800000,1
1755272940000,1755272999000,1.38101,1.38101,1.38092,1.38097,27210000,1
1755273000000,1755273059000,1.38096,1.38098,1.38087,1.38087,27900000,1
1755273060000,1755273119000,1.38087,1.3809,1.38084,1.38085,53700000,1
1755273120000,1755273179000,1.38086,1.38092,1.38084,1.38084,32100000,1
1755273180000,1755273239000,1.38084,1.38085,1.3808,1.38082,30270000,1
1755273240000,1755273299000,1.38083,1.38086,1.38075,1.38086,63630000,1
1755273300000,1755273359000,1.38086,1.38098,1.38073,1.38093,88200000,1
1755273360000,1755273419000,1.38087,1.38093,1.38084,1.38087,36780000,1
1755273420000,1755273479000,1.38088,1.38092,1.38082,1.38083,80550000,1
1755273480000,1755273539000,1.38085,1.38092,1.38084,1.38085,58770000,1
1755273540000,1755273599000,1.38086,1.38091,1.38082,1.38087,91320000,1
1755273600000,1755273659000,1.38086,1.38091,1.38084,1.38088,60630000,1
1755273660000,1755273719000,1.38088,1.38091,1.38076,1.38079,123300000,1
1755273720000,1755273779000,1.38077,1.38089,1.38077,1.38088,100650000,1
1755273780000,1755273839000,1.38088,1.381,1.38087,1.38097,123750000,1
1755273840000,1755273899000,1.38099,1.38107,1.38099,1.38102,51600000,1
1755273900000,1755273959000,1.38102,1.38113,1.38101,1.38107,90750000,1
1755273960000,1755274019000,1.38108,1.3811,1.38105,1.38107,143490000,1
1755274020000,1755274079000,1.38108,1.38112,1.38098,1.38101,68850000,1
1755274080000,1755274139000,1.38102,1.38117,1.38102,1.38117,31110000,1
1755274140000,1755274199000,1.38114,1.38114,1.38099,1.38099,29910000,1
1755274200000,1755274259000,1.38099,1.38102,1.38094,1.38099,41100000,1
1755274260000,1755274319000,1.38101,1.38112,1.38101,1.38108,27720000,1
1755274320000,1755274379000,1.38107,1.38107,1.38088,1.3809,54600000,1
1755274380000,1755274439000,1.3809,1.38097,1.3809,1.38092,29400000,1
1755274440000,1755274499000,1.38092,1.38098,1.38091,1.38092,34800000,1
1755274500000,1755274559000,1.38092,1.381,1.38092,1.381,43290000,1
1755274560000,1755274619000,1.38098,1.381,1.38092,1.38098,30000000,1
1755274620000,1755274679000,1.38098,1.38106,1.38098,1.38103,45600000,1
1755274680000,1755274739000,1.38103,1.38105,1.38094,1.38094,40200000,1
1755274740000,1755274799000,1.38096,1.38102,1.38094,1.38102,34800000,1
1755274800000,1755274859000,1.38101,1.38114,1.38101,1.3811,43800000,1
1755274860000,1755274919000,1.3811,1.38113,1.38104,1.38111,34920000,1
1755274920000,1755274979000,1.38111,1.38129,1.38111,1.38127,61320000,1
1755274980000,1755275039000,1.38126,1.38129,1.38122,1.38124,55920000,1
1755275040000,1755275099000,1.38124,1.38125,1.38112,1.38112,33960000,1
1755275100000,1755275159000,1.38111,1.38119,1.38111,1.38112,43800000,1
1755275160000,1755275219000,1.38114,1.38114,1.38108,1.38111,24600000,1
1755275220000,1755275279000,1.38111,1.38112,1.3811,1.38112,4200000,1
1755275280000,1755275339000,1.38112,1.38113,1.38107,1.38113,16800000,1
1755275340000,1755275399000,1.38113,1.38117,1.38111,1.38111,24600000,1
1755275400000,1755275459000,1.3811,1.38111,1.38097,1.381,43800000,1
1755275460000,1755275519000,1.38099,1.3811,1.38099,1.38106,36000000,1
1755275520000,1755275579000,1.38106,1.38106,1.38102,1.38103,20370000,1
1755275580000,1755275639000,1.38105,1.38105,1.38097,1.38103,9600000,1
1755275640000,1755275699000,1.38102,1.38111,1.38101,1.38108,19320000,1
1755275700000,1755275759000,1.38105,1.3812,1.38104,1.38117,32040000,1
1755275760000,1755275819000,1.38116,1.38117,1.38112,1.38113,26400000,1
1755275820000,1755275879000,1.38114,1.38115,1.38101,1.38104,21600000,1
1755275880000,1755275939000,1.38103,1.38103,1.38096,1.381,16290000,1
1755275940000,1755275999000,1.381,1.381,1.38096,1.38096,4800000,1
1755276000000,1755276059000,1.38096,1.38108,1.38096,1.38107,22800000,1
1755276060000,1755276119000,1.38108,1.38112,1.38105,1.38111,28800000,1
1755276120000,1755276179000,1.38112,1.38116,1.38106,1.3811,46800000,1
1755276180000,1755276239000,1.38109,1.38113,1.38106,1.38109,28800000,1
1755276240000,1755276299000,1.3811,1.38116,1.38106,1.38114,30000000,1
1755276300000,1755276359000,1.38115,1.38118,1.38108,1.38116,39600000,1
1755276360000,1755276419000,1.38116,1.38123,1.38114,1.38116,40320000,1
1755276420000,1755276479000,1.38117,1.3812,1.38116,1.38119,16200000,1
1755276480000,1755276539000,1.38118,1.3812,1.38118,1.3812,3600000,1
1755276540000,1755276599000,1.38121,1.38123,1.3812,1.3812,6540000,1
1755276600000,1755276659000,1.38119,1.38119,1.38111,1.38111,48360000,1
1755276660000,1755276719000,1.38111,1.38116,1.3811,1.38112,21000000,1
1755276720000,1755276779000,1.38111,1.38119,1.38111,1.38118,37860000,1
1755276780000,1755276839000,1.38119,1.38119,1.38115,1.38115,23490000,1
1755276840000,1755276899000,1.38116,1.38126,1.38116,1.38122,21960000,1
1755276900000,1755276959000,1.38123,1.38127,1.38121,1.38124,28230000,1
1755276960000,1755277019000,1.38126,1.3813,1.38123,1.38128,60780000,1
1755277020000,1755277079000,1.38128,1.38129,1.38115,1.38115,32430000,1
1755277080000,1755277139000,1.38116,1.38118,1.381,1.381,95790000,1
1755277140000,1755277199000,1.38101,1.38103,1.38094,1.38094,82380000,1
1755277200000,1755277259000,1.38096,1.38109,1.38094,1.38109,104040000,1
1755277260000,1755277319000,1.38108,1.38111,1.38086,1.38091,99930000,1
1755277320000,1755277379000,1.38091,1.38112,1.3809,1.38106,35160000,1
1755277380000,1755277439000,1.38105,1.38105,1.38096,1.38102,26520000,1
1755277440000,1755277499000,1.38102,1.38102,1.38096,1.38101,63300000,1
1755277500000,1755277559000,1.38101,1.3811,1.38101,1.38109,28800000,1
1755277560000,1755277619000,1.38108,1.38108,1.38102,1.38103,28800000,1
1755277620000,1755277679000,1.38102,1.38103,1.38095,1.38096,30000000,1
1755277680000,1755277739000,1.38094,1.38101,1.38091,1.38096,43680000,1
1755277740000,1755277799000,1.381,1.38105,1.381,1.381,29520000,1
1755277800000,1755277859000,1.381,1.38106,1.381,1.38102,16920000,1
1755277860000,1755277919000,1.38103,1.38111,1.38101,1.38109,14520000,1
1755277920000,1755277979000,1.38109,1.38109,1.38091,1.38092,32400000,1
1755277980000,1755278039000,1.38092,1.38095,1.38091,1.38095,17400000,1
1755278040000,1755278099000,1.38093,1.38099,1.38092,1.38094,38310000,1
1755278100000,1755278159000,1.38096,1.38105,1.38096,1.38105,25860000,1
1755278160000,1755278219000,1.38104,1.38105,1.38103,1.38103,13800000,1
1755278220000,1755278279000,1.38102,1.38106,1.38102,1.38104,19260000,1
1755278280000,1755278339000,1.38105,1.38111,1.38104,1.38111,28650000,1
1755278340000,1755278399000,1.38112,1.38123,1.38112,1.38119,42480000,1
1755278400000,1755278459000,1.38119,1.38135,1.38119,1.38132,45720000,1
1755278460000,1755278519000,1.38133,1.38133,1.38123,1.38126,40200000,1
1755278520000,1755278579000,1.38125,1.3813,1.38122,1.38122,43320000,1
1755278580000,1755278639000,1.38123,1.38132,1.38123,1.3813,39810000,1
1755278640000,1755278699000,1.38131,1.38146,1.38131,1.38143,44280000,1
1755278700000,1755278759000,1.38143,1.38154,1.38141,1.38147,80400000,1
1755278760000,1755278819000,1.38146,1.38146,1.38135,1.38138,40800000,1
1755278820000,1755278879000,1.38137,1.38137,1.38127,1.38131,43620000,1
1755278880000,1755278939000,1.3813,1.38138,1.3813,1.38136,48960000,1
1755278940000,1755278999000,1.38134,1.38137,1.38132,1.38133,49800000,1
1755279000000,1755279059000,1.38132,1.38134,1.3813,1.38133,46080000,1
1755279060000,1755279119000,1.38133,1.38134,1.38128,1.38129,39120000,1
1755279120000,1755279179000,1.38129,1.38137,1.38129,1.38131,53760000,1
1755279180000,1755279239000,1.38131,1.38132,1.38128,1.3813,48000000,1
1755279240000,1755279299000,1.3813,1.3815,1.3813,1.38143,76500000,1
1755279300000,1755279359000,1.38143,1.3815,1.38142,1.38147,39120000,1
1755279360000,1755279419000,1.38147,1.38149,1.38142,1.38142,33000000,1
1755279420000,1755279479000,1.38142,1.38142,1.3814,1.3814,5280000,1
1755279480000,1755279539000,1.38141,1.38142,1.3814,1.3814,7680000,1
1755279540000,1755279599000,1.3814,1.3814,1.38132,1.38132,21900000,1
1755279600000,1755279659000,1.38133,1.38133,1.38109,1.3811,56160000,1
1755279660000,1755279719000,1.38111,1.38118,1.38111,1.38114,45720000,1
1755279720000,1755279779000,1.38115,1.38119,1.38111,1.38115,29490000,1
1755279780000,1755279839000,1.38116,1.38131,1.38116,1.38127,31890000,1
1755279840000,1755279899000,1.38128,1.3813,1.38122,1.38122,28800000,1
1755279900000,1755279959000,1.38121,1.38127,1.38121,1.38126,16800000,1
1755279960000,1755280019000,1.38127,1.38137,1.38124,1.38136,55800000,1
1755280020000,1755280079000,1.38136,1.38141,1.38133,1.38138,36000000,1
1755280080000,1755280139000,1.38138,1.38142,1.38138,1.38141,27600000,1
1755280140000,1755280199000,1.38141,1.38144,1.38141,1.38142,27600000,1
1755280200000,1755280259000,1.38142,1.38146,1.38136,1.38138,39600000,1
1755280260000,1755280319000,1.38139,1.38143,1.38139,1.3814,25800000,1
1755280320000,1755280379000,1.38139,1.38143,1.38139,1.38142,22320000,1
1755280380000,1755280439000,1.38142,1.38143,1.38132,1.3814,53400000,1
1755280440000,1755280499000,1.38138,1.38139,1.38132,1.38133,25200000,1
1755280500000,1755280559000,1.3813,1.3813,1.38121,1.38121,53850000,1
1755280560000,1755280619000,1.38122,1.38124,1.3812,1.3812,18360000,1
1755280620000,1755280679000,1.38121,1.38132,1.3812,1.38122,42090000,1
1755280680000,1755280739000,1.38124,1.38129,1.38121,1.38125,64800000,1
1755280740000,1755280799000,1.38126,1.38126,1.38121,1.38123,52650000,1
1755280800000,1755280859000,1.38122,1.38128,1.38121,1.38127,52560000,1
1755280860000,1755280919000,1.38127,1.38141,1.38126,1.38141,84000000,1
1755280920000,1755280979000,1.3814,1.38143,1.3814,1.38142,19320000,1
1755280980000,1755281039000,1.38144,1.38144,1.38123,1.38123,45000000,1
1755281040000,1755281099000,1.38123,1.38135,1.38121,1.38134,34800000,1
1755281100000,1755281159000,1.38135,1.38138,1.38132,1.38134,25200000,1
1755281160000,1755281219000,1.38131,1.38151,1.38129,1.38149,43800000,1
1755281220000,1755281279000,1.3815,1.38159,1.38148,1.38149,72000000,1
1755281280000,1755281339000,1.38149,1.38151,1.38147,1.38148,24000000,1
1755281340000,1755281399000,1.38146,1.38146,1.38139,1.3814,38400000,1
1755281400000,1755281459000,1.38139,1.38142,1.38137,1.3814,21000000,1
1755281460000,1755281519000,1.38138,1.38142,1.38138,1.38138,16800000,1
1755281520000,1755281579000,1.38137,1.38139,1.38135,1.38136,18000000,1
1755281580000,1755281639000,1.38136,1.38136,1.38122,1.38122,19800000,1
1755281640000,1755281699000,1.38124,1.38132,1.38121,1.38128,36000000,1
1755281700000,1755281759000,1.38129,1.3813,1.38122,1.38122,33450000,1
1755281760000,1755281819000,1.38121,1.38122,1.38119,1.38122,18000000,1
1755281820000,1755281879000,1.38121,1.38127,1.3812,1.38121,28290000,1
1755281880000,1755281939000,1.38121,1.38128,1.38121,1.38123,40800000,1
1755281940000,1755281999000,1.38122,1.38124,1.3811,1.38111,16200000,1
1755282000000,1755282059000,1.38112,1.38115,1.3811,1.3811,19800000,1
1755282060000,1755282119000,1.38109,1.38109,1.381,1.381,17070000,1
1755282120000,1755282179000,1.38102,1.38111,1.38101,1.38109,32250000,1
1755282180000,1755282239000,1.3811,1.38112,1.38104,1.38109,23550000,1
1755282240000,1755282299000,1.38109,1.38109,1.38098,1.38099,43350000,1
1755282300000,1755282359000,1.38098,1.38108,1.38098,1.38106,21720000,1
1755282360000,1755282419000,1.38107,1.38116,1.38103,1.38114,53460000,1
1755282420000,1755282479000,1.38114,1.38115,1.3811,1.38113,26400000,1
1755282480000,1755282539000,1.38114,1.38123,1.38112,1.38123,46320000,1
1755282540000,1755282599000,1.38123,1.38132,1.38123,1.38132,18600000,1
1755282600000,1755282659000,1.38133,1.38133,1.38126,1.38129,36000000,1
1755282660000,1755282719000,1.38129,1.38133,1.38123,1.38126,50400000,1
1755282720000,1755282779000,1.38125,1.38127,1.3812,1.38126,34920000,1
1755282780000,1755282839000,1.38126,1.38133,1.38126,1.38131,29790000,1
1755282840000,1755282899000,1.38133,1.38137,1.38132,1.38136,33570000,1
1755282900000,1755282959000,1.38136,1.38137,1.38132,1.38136,34800000,1
1755282960000,1755283019000,1.38136,1.38139,1.38134,1.38137,26820000,1
1755283020000,1755283079000,1.38136,1.38137,1.3813,1.38132,16800000,1
1755283080000,1755283139000,1.38131,1.38132,1.3813,1.38131,12000000,1
1755283140000,1755283199000,1.38131,1.38132,1.38127,1.38131,38400000,1
1755283200000,1755283259000,1.38131,1.3814,1.38131,1.38137,40800000,1
1755283260000,1755283319000,1.38135,1.38139,1.38135,1.38139,12000000,1
1755283320000,1755283379000,1.38138,1.3814,1.38134,1.38138,39600000,1
1755283380000,1755283439000,1.38138,1.38139,1.38126,1.38126,24000000,1
1755283440000,1755283499000,1.38128,1.38139,1.38128,1.38138,26400000,1
1755283500000,1755283559000,1.38139,1.38146,1.38137,1.38146,10800000,1
1755283560000,1755283619000,1.38147,1.38148,1.3814,1.38141,28800000,1
1755283620000,1755283679000,1.38143,1.38144,1.38137,1.38141,14040000,1
1755283680000,1755283739000,1.38143,1.38143,1.38133,1.38136,21600000,1
1755283740000,1755283799000,1.38137,1.3814,1.38135,1.38138,13800000,1
1755283800000,1755283859000,1.38135,1.38141,1.38132,1.38136,53400000,1
1755283860000,1755283919000,1.38136,1.3814,1.38135,1.38139,25680000,1
1755283920000,1755283979000,1.38141,1.38141,1.38139,1.3814,8880000,1
1755283980000,1755284039000,1.38142,1.38147,1.38139,1.38141,28560000,1
1755284040000,1755284099000,1.38141,1.38141,1.38141,1.38141,2520000,1
1755284100000,1755284159000,1.38141,1.3815,1.38141,1.38145,26160000,1
1755284160000,1755284219000,1.38146,1.38149,1.38142,1.38147,38640000,1
1755284220000,1755284279000,1.38146,1.38146,1.38126,1.38128,49020000,1
1755284280000,1755284339000,1.38129,1.38131,1.38122,1.38122,44580000,1
1755284340000,1755284399000,1.38122,1.38141,1.38122,1.3813,107670000,1
1755284400000,1755284459000,1.3813,1.38141,1.38126,1.38138,91500000,1
1755284460000,1755284519000,1.38139,1.38145,1.38134,1.38137,102150000,1
1755284520000,1755284579000,1.38139,1.38141,1.38139,1.38139,48690000,1
1755284580000,1755284639000,1.38139,1.38143,1.38139,1.38139,18600000,1
1755284640000,1755284699000,1.38139,1.3814,1.38134,1.38138,67080000,1
1755284700000,1755284759000,1.38139,1.3814,1.38133,1.38136,75810000,1
1755284760000,1755284819000,1.38135,1.38139,1.38134,1.38137,42420000,1
1755284820000,1755284879000,1.38138,1.38138,1.38127,1.38132,24300000,1
1755284880000,1755284939000,1.38134,1.38138,1.38132,1.38137,60450000,1
1755284940000,1755284999000,1.38135,1.38135,1.38126,1.38126,97770000,1
1755285000000,1755285059000,1.38128,1.38129,1.38127,1.38128,47550000,1
1755285060000,1755285119000,1.38129,1.38131,1.38128,1.38131,67500000,1
1755285120000,1755285179000,1.38131,1.38132,1.38131,1.38131,15930000,1
1755285180000,1755285239000,1.38131,1.38131,1.3813,1.3813,2400000,1
1755285240000,1755285299000,1.38129,1.38134,1.38127,1.38133,26310000,1
1755285300000,1755285359000,1.38132,1.38134,1.38131,1.38132,48450000,1
1755285360000,1755285419000,1.38133,1.3814,1.38132,1.38133,40620000,1
1755285420000,1755285479000,1.38133,1.38135,1.38132,1.38134,25350000,1
1755285480000,1755285539000,1.38135,1.38143,1.38133,1.38142,23100000,1
1755285540000,1755285599000,1.38141,1.38151,1.3814,1.38147,43800000,1
1755285600000,1755285659000,1.38147,1.3815,1.38147,1.38149,56100000,1
1755285660000,1755285719000,1.3815,1.3815,1.38146,1.38148,33840000,1
1755285720000,1755285779000,1.38148,1.38152,1.38148,1.38152,4800000,1
1755285780000,1755285839000,1.38152,1.38152,1.38137,1.38138,18000000,1
1755285840000,1755285899000,1.38135,1.38135,1.38131,1.38131,14550000,1
1755285900000,1755285959000,1.3813,1.38136,1.3813,1.38131,16200000,1
1755285960000,1755286019000,1.38132,1.38133,1.3812,1.38121,27600000,1
1755286020000,1755286079000,1.38121,1.38125,1.3812,1.38125,24450000,1
1755286080000,1755286139000,1.38124,1.38126,1.38121,1.38125,23700000,1
1755286140000,1755286199000,1.38124,1.38124,1.38112,1.38113,57000000,1
1755286200000,1755286259000,1.38113,1.38113,1.38094,1.38104,86910000,1
1755286260000,1755286319000,1.38102,1.38112,1.38102,1.38112,18000000,1
1755286320000,1755286379000,1.3811,1.3811,1.38102,1.38106,21180000,1
1755286380000,1755286439000,1.38106,1.38107,1.38104,1.38106,32850000,1
1755286440000,1755286499000,1.38105,1.38109,1.38105,1.38109,11130000,1
1755286500000,1755286559000,1.3811,1.38112,1.38109,1.3811,10770000,1
1755286560000,1755286619000,1.38108,1.38108,1.38104,1.38104,17850000,1
1755286620000,1755286679000,1.38104,1.38111,1.38104,1.38108,16920000,1
1755286680000,1755286739000,1.38109,1.38111,1.38108,1.38111,6300000,1
1755286740000,1755286799000,1.38112,1.38114,1.38109,1.38114,23640000,1
1755286800000,1755286859000,1.38112,1.38112,1.38109,1.3811,19470000,1
1755286860000,1755286919000,1.38107,1.38109,1.38102,1.38102,41640000,1
1755286920000,1755286979000,1.38101,1.38105,1.38099,1.38101,48300000,1
1755286980000,1755287039000,1.38101,1.38103,1.38101,1.38102,31200000,1
1755287040000,1755287099000,1.38101,1.38102,1.38099,1.38099,14550000,1
1755287100000,1755287159000,1.38099,1.3811,1.38099,1.38108,83460000,1
1755287160000,1755287219000,1.38108,1.3811,1.38107,1.3811,12450000,1
1755287220000,1755287279000,1.3811,1.38111,1.3811,1.3811,18300000,1
1755287280000,1755287339000,1.3811,1.38119,1.3811,1.38119,27600000,1
1755287340000,1755287399000,1.3812,1.38123,1.38116,1.38116,27600000,1
1755287400000,1755287459000,1.38116,1.38116,1.38102,1.38102,33300000,1
1755287460000,1755287519000,1.38102,1.38117,1.38102,1.38111,57750000,1
1755287520000,1755287579000,1.38112,1.3812,1.38112,1.3812,34950000,1
1755287580000,1755287639000,1.38118,1.38118,1.38111,1.38111,42750000,1
1755287640000,1755287699000,1.38113,1.38114,1.38106,1.38108,29850000,1
1755287700000,1755287759000,1.38108,1.38111,1.38107,1.38109,49230000,1
1755287760000,1755287819000,1.38108,1.38117,1.38108,1.38116,42030000,1
1755287820000,1755287879000,1.38117,1.38118,1.38114,1.38116,29550000,1
1755287880000,1755287939000,1.38117,1.38123,1.38115,1.38121,52470000,1
1755287940000,1755287999000,1.38121,1.38143,1.38121,1.3814,92610000,1
1755288000000,1755288059000,1.3814,1.3814,1.38106,1.38115,64950000,1
1755288060000,1755288119000,1.38116,1.38118,1.38107,1.38115,42690000,1
1755288120000,1755288179000,1.38114,1.38116,1.38113,1.38116,11310000,1
1755288180000,1755288239000,1.38117,1.38119,1.38112,1.38112,19140000,1
1755288240000,1755288299000,1.38113,1.38113,1.38109,1.3811,11400000,1
1755288300000,1755288359000,1.3811,1.3811,1.381,1.38101,23610000,1
1755288360000,1755288419000,1.381,1.381,1.38089,1.38093,68790000,1
1755288420000,1755288479000,1.38093,1.38094,1.38088,1.38088,9900000,1
1755288480000,1755288539000,1.38089,1.38092,1.38089,1.3809,9150000,1
1755288540000,1755288599000,1.3809,1.3809,1.38084,1.3809,26370000,1
1755288600000,1755288659000,1.3809,1.3809,1.3809,1.3809,3390000,1
1755288660000,1755288719000,1.3809,1.38095,1.3809,1.38095,12570000,1
1755288720000,1755288779000,1.38095,1.38095,1.38067,1.38084,71640000,1
1755288780000,1755288839000,1.38084,1.38094,1.38083,1.38094,36600000,1
1755288840000,1755288899000,1.38093,1.38095,1.38093,1.38093,15150000,1
1755288900000,1755288959000,1.38093,1.38094,1.38093,1.38093,6750000,1
1755288960000,1755289019000,1.38093,1.38095,1.38085,1.38094,23100000,1
1755289020000,1755289079000,1.38093,1.38104,1.38093,1.38104,33000000,1
1755289080000,1755289139000,1.38105,1.38107,1.38092,1.38103,42450000,1
1755289140000,1755289199000,1.38102,1.38104,1.38094,1.38098,36750000,1
1755289200000,1755289259000,1.38101,1.38121,1.38097,1.38115,59280000,1
1755289260000,1755289319000,1.38116,1.38118,1.38113,1.38116,48480000,1
1755289320000,1755289379000,1.38117,1.38128,1.38117,1.38128,26310000,1
1755289380000,1755289439000,1.38127,1.38127,1.38116,1.38126,35040000,1
1755289440000,1755289499000,1.38125,1.38129,1.38125,1.38126,27840000,1
1755289500000,1755289559000,1.38125,1.3813,1.38117,1.38119,33450000,1
1755289560000,1755289619000,1.38117,1.38121,1.38106,1.38106,40650000,1
1755289620000,1755289679000,1.38109,1.38109,1.38101,1.38109,15450000,1
1755289680000,1755289739000,1.38108,1.38108,1.38105,1.38105,6000000,1
1755289740000,1755289799000,1.38104,1.38112,1.38103,1.38111,23550000,1
1755289800000,1755289859000,1.3811,1.38113,1.38106,1.38111,24570000,1
1755289860000,1755289919000,1.38111,1.38118,1.38111,1.38118,42990000,1
1755289920000,1755289979000,1.38118,1.38127,1.38113,1.38126,31380000,1
1755289980000,1755290039000,1.38126,1.38128,1.38126,1.38128,20160000,1
1755290040000,1755290099000,1.38128,1.38129,1.38128,1.38129,8970000,1
1755290100000,1755290159000,1.38129,1.38141,1.38129,1.38139,21270000,1
1755290160000,1755290219000,1.38138,1.38139,1.38138,1.38139,7200000,1
1755290220000,1755290279000,1.38138,1.38138,1.38132,1.38132,34320000,1
1755290280000,1755290339000,1.38133,1.38137,1.38131,1.38136,12240000,1
1755290340000,1755290399000,1.38135,1.38136,1.38132,1.38135,17100000,1
1755290400000,1755290459000,1.38135,1.38138,1.38133,1.38137,21600000,1
1755290460000,1755290519000,1.38135,1.3814,1.3813,1.3813,110850000,1
1755290520000,1755290579000,1.38128,1.38128,1.38122,1.38125,25350000,1
1755290580000,1755290639000,1.38124,1.38128,1.38124,1.38125,22050000,1
1755290640000,1755290699000,1.38125,1.38125,1.38117,1.38117,22650000,1
1755290700000,1755290759000,1.38119,1.38119,1.3811,1.38117,63450000,1
1755290760000,1755290819000,1.38117,1.38127,1.38115,1.38126,24750000,1
1755290820000,1755290879000,1.38124,1.38132,1.38123,1.38128,59970000,1
1755290880000,1755290939000,1.3813,1.38164,1.38117,1.38159,135600000,1
1755290940000,1755290999000,1.3816,1.3817,1.3816,1.38164,78990000,1
1755291000000,1755291059000,1.38164,1.3817,1.38162,1.3817,88740000,1
1755291060000,1755291119000,1.3817,1.38172,1.38161,1.38172,44400000,1
1755291120000,1755291179000,1.38177,1.3818,1.38171,1.3818,39450000,1
1755291180000,1755291239000,1.38184,1.38185,1.3818,1.38185,25500000,1
1755291240000,1755291299000,1.38185,1.38187,1.38174,1.38185,71250000,1
1755291300000,1755291359000,1.38188,1.38188,1.38161,1.38161,93900000,1
1755291360000,1755291419000,1.38162,1.38182,1.38162,1.38177,263100000,1
1755291420000,1755291479000,1.38178,1.38179,1.3816,1.38169,191550000,1
1755291480000,1755291539000,1.38175,1.38184,1.38174,1.38175,66600000,1
1755291540000,1755291599000,1.38175,1.38183,1.3814,1.38182,46200000,1
1755291600000,1755291659000,1.38182,1.38182,1.38182,1.38182,0,1
1755291660000,1755291719000,1.38182,1.38182,1.38182,1.38182,0,1
1755291720000,1755291779000,1.38182,1.38182,1.38182,1.38182,0,1
1755291780000,1755291839000,1.38182,1.38182,1.38182,1.38182,0,1
1755291840000,1755291899000,1.38182,1.38182,1.38182,1.38182,0,1
1755291900000,1755291959000,1.38182,1.38182,1.38182,1.38182,0,1
1755291960000,1755292019000,1.38182,1.38182,1.38182,1.38182,0,1
1755292020000,1755292079000,1.38182,1.38182,1.38182,1.38182,0,1
1755292080000,1755292139000,1.38182,1.38182,1.38182,1.38182,0,1
1755292140000,1755292199000,1.38182,1.38182,1.38182,1.38182,0,1
1755292200000,1755292259000,1.38182,1.38182,1.38182,1.38182,0,1
1755292260000,1755292319000,1.38182,1.38182,1.38182,1.38182,0,1
1755292320000,1755292379000,1.38182,1.38182,1.38182,1.38182,0,1
1755292380000,1755292439000,1.38182,1.38182,1.38182,1.38182,0,1
1755292440000,1755292499000,1.38182,1.38182,1.38182,1.38182,0,1
1755292500000,1755292559000,1.38182,1.38182,1.38182,1.38182,0,1
1755292560000,1755292619000,1.38182,1.38182,1.38182,1.38182,0,1
1755292620000,1755292679000,1.38182,1.38182,1.38182,1.38182,0,1
1755292680000,1755292739000,1.38182,1.38182,1.38182,1.38182,0,1
1755292740000,1755292799000,1.38182,1.38182,1.38182,1.38182,0,1
1755292800000,1755292859000,1.38182,1.38182,1.38182,1.38182,0,1
1755292860000,1755292919000,1.38182,1.38182,1.38182,1.38182,0,1
1755292920000,1755292979000,1.38182,1.38182,1.38182,1.38182,0,1
1755292980000,1755293039000,1.38182,1.38182,1.38182,1.38182,0,1
1755293040000,1755293099000,1.38182,1.38182,1.38182,1.38182,0,1
1755293100000,1755293159000,1.38182,1.38182,1.38182,1.38182,0,1
1755293160000,1755293219000,1.38182,1.38182,1.38182,1.38182,0,1
1755293220000,1755293279000,1.38182,1.38182,1.38182,1.38182,0,1
1755293280000,1755293339000,1.38182,1.38182,1.38182,1.38182,0,1
1755293340000,1755293399000,1.38182,1.38182,1.38182,1.38182,0,1
1755293400000,1755293459000,1.38182,1.38182,1.38182,1.38182,0,1
1755293460000,1755293519000,1.38182,1.38182,1.38182,1.38182,0,1
1755293520000,1755293579000,1.38182,1.38182,1.38182,1.38182,0,1
1755293580000,1755293639000,1.38182,1.38182,1.38182,1.38182,0,1
1755293640000,1755293699000,1.38182,1.38182,1.38182,1.38182,0,1
1755293700000,1755293759000,1.38182,1.38182,1.38182,1.38182,0,1
1755293760000,1755293819000,1.38182,1.38182,1.38182,1.38182,0,1
1755293820000,1755293879000,1.38182,1.38182,1.38182,1.38182,0,1
1755293880000,1755293939000,1.38182,1.38182,1.38182,1.38182,0,1
1755293940000,1755293999000,1.38182,1.38182,1.38182,1.38182,0,1
1755294000000,1755294059000,1.38182,1.38182,1.38182,1.38182,0,1
1755294060000,1755294119000,1.38182,1.38182,1.38182,1.38182,0,1
1755294120000,1755294179000,1.38182,1.38182,1.38182,1.38182,0,1
1755294180000,1755294239000,1.38182,1.38182,1.38182,1.38182,0,1
1755294240000,1755294299000,1.38182,1.38182,1.38182,1.38182,0,1
1755294300000,1755294359000,1.38182,1.38182,1.38182,1.38182,0,1
1755294360000,1755294419000,1.38182,1.38182,1.38182,1.38182,0,1
1755294420000,1755294479000,1.38182,1.38182,1.38182,1.38182,0,1
1755294480000,1755294539000,1.38182,1.38182,1.38182,1.38182,0,1
1755294540000,1755294599000,1.38182,1.38182,1.38182,1.38182,0,1
1755294600000,1755294659000,1.38182,1.38182,1.38182,1.38182,0,1
1755294660000,1755294719000,1.38182,1.38182,1.38182,1.38182,0,1
1755294720000,1755294779000,1.38182,1.38182,1.38182,1.38182,0,1
1755294780000,1755294839000,1.38182,1.38182,1.38182,1.38182,0,1
1755294840000,1755294899000,1.38182,1.38182,1.38182,1.38182,0,1
1755294900000,1755294959000,1.38182,1.38182,1.38182,1.38182,0,1
1755294960000,1755295019000,1.38182,1.38182,1.38182,1.38182,0,1
1755295020000,1755295079000,1.38182,1.38182,1.38182,1.38182,0,1
1755295080000,1755295139000,1.38182,1.38182,1.38182,1.38182,0,1
1755295140000,1755295199000,1.38182,1.38182,1.38182,1.38182,0,1
1755295200000,1755295259000,1.38182,1.38182,1.38182,1.38182,0,1
1755295260000,1755295319000,1.38182,1.38182,1.38182,1.38182,0,1
1755295320000,1755295379000,1.38182,1.38182,1.38182,1.38182,0,1
1755295380000,1755295439000,1.38182,1.38182,1.38182,1.38182,0,1
1755295440000,1755295499000,1.38182,1.38182,1.38182,1.38182,0,1
1755295500000,1755295559000,1.38182,1.38182,1.38182,1.38182,0,1
1755295560000,1755295619000,1.38182,1.38182,1.38182,1.38182,0,1
1755295620000,1755295679000,1.38182,1.38182,1.38182,1.38182,0,1
1755295680000,1755295739000,1.38182,1.38182,1.38182,1.38182,0,1
1755295740000,1755295799000,1.38182,1.38182,1.38182,1.38182,0,1
1755295800000,1755295859000,1.38182,1.38182,1.38182,1.38182,0,1
1755295860000,1755295919000,1.38182,1.38182,1.38182,1.38182,0,1
1755295920000,1755295979000,1.38182,1.38182,1.38182,1.38182,0,1
1755295980000,1755296039000,1.38182,1.38182,1.38182,1.38182,0,1
1755296040000,1755296099000,1.38182,1.38182,1.38182,1.38182,0,1
1755296100000,1755296159000,1.38182,1.38182,1.38182,1.38182,0,1
1755296160000,1755296219000,1.38182,1.38182,1.38182,1.38182,0,1
1755296220000,1755296279000,1.38182,1.38182,1.38182,1.38182,0,1
1755296280000,1755296339000,1.38182,1.38182,1.38182,1.38182,0,1
1755296340000,1755296399000,1.38182,1.38182,1.38182,1.38182,0,1
1755296400000,1755296459000,1.38182,1.38182,1.38182,1.38182,0,1
1755296460000,1755296519000,1.38182,1.38182,1.38182,1.38182,0,1
1755296520000,1755296579000,1.38182,1.38182,1.38182,1.38182,0,1
1755296580000,1755296639000,1.38182,1.38182,1.38182,1.38182,0,1
1755296640000,1755296699000,1.38182,1.38182,1.38182,1.38182,0,1
1755296700000,1755296759000,1.38182,1.38182,1.38182,1.38182,0,1
1755296760000,1755296819000,1.38182,1.38182,1.38182,1.38182,0,1
1755296820000,1755296879000,1.38182,1.38182,1.38182,1.38182,0,1
1755296880000,1755296939000,1.38182,1.38182,1.38182,1.38182,0,1
1755296940000,1755296999000,1.38182,1.38182,1.38182,1.38182,0,1
1755297000000,1755297059000,1.38182,1.38182,1.38182,1.38182,0,1
1755297060000,1755297119000,1.38182,1.38182,1.38182,1.38182,0,1
1755297120000,1755297179000,1.38182,1.38182,1.38182,1.38182,0,1
1755297180000,1755297239000,1.38182,1.38182,1.38182,1.38182,0,1
1755297240000,1755297299000,1.38182,1.38182,1.38182,1.38182,0,1
1755297300000,1755297359000,1.38182,1.38182,1.38182,1.38182,0,1
1755297360000,1755297419000,1.38182,1.38182,1.38182,1.38182,0,1
1755297420000,1755297479000,1.38182,1.38182,1.38182,1.38182,0,1
1755297480000,1755297539000,1.38182,1.38182,1.38182,1.38182,0,1
1755297540000,1755297599000,1.38182,1.38182,1.38182,1.38182,0,1
1755297600000,1755297659000,1.38182,1.38182,1.38182,1.38182,0,1
1755297660000,1755297719000,1.38182,1.38182,1.38182,1.38182,0,1
1755297720000,1755297779000,1.38182,1.38182,1.38182,1.38182,0,1
1755297780000,1755297839000,1.38182,1.38182,1.38182,1.38182,0,1
1755297840000,1755297899000,1.38182,1.38182,1.38182,1.38182,0,1
1755297900000,1755297959000,1.38182,1.38182,1.38182,1.38182,0,1
1755297960000,1755298019000,1.38182,1.38182,1.38182,1.38182,0,1
1755298020000,1755298079000,1.38182,1.38182,1.38182,1.38182,0,1
1755298080000,1755298139000,1.38182,1.38182,1.38182,1.38182,0,1
1755298140000,1755298199000,1.38182,1.38182,1.38182,1.38182,0,1
1755298200000,1755298259000,1.38182,1.38182,1.38182,1.38182,0,1
1755298260000,1755298319000,1.38182,1.38182,1.38182,1.38182,0,1
1755298320000,1755298379000,1.38182,1.38182,1.38182,1.38182,0,1
1755298380000,1755298439000,1.38182,1.38182,1.38182,1.38182,0,1
1755298440000,1755298499000,1.38182,1.38182,1.38182,1.38182,0,1
1755298500000,1755298559000,1.38182,1.38182,1.38182,1.38182,0,1
1755298560000,1755298619000,1.38182,1.38182,1.38182,1.38182,0,1
1755298620000,1755298679000,1.38182,1.38182,1.38182,1.38182,0,1
1755298680000,1755298739000,1.38182,1.38182,1.38182,1.38182,0,1
1755298740000,1755298799000,1.38182,1.38182,1.38182,1.38182,0,1
1755298800000,1755298859000,1.38182,1.38182,1.38182,1.38182,0,1
1755298860000,1755298919000,1.38182,1.38182,1.38182,1.38182,0,1
1755298920000,1755298979000,1.38182,1.38182,1.38182,1.38182,0,1
1755298980000,1755299039000,1.38182,1.38182,1.38182,1.38182,0,1
1755299040000,1755299099000,1.38182,1.38182,1.38182,1.38182,0,1
1755299100000,1755299159000,1.38182,1.38182,1.38182,1.38182,0,1
1755299160000,1755299219000,1.38182,1.38182,1.38182,1.38182,0,1
1755299220000,1755299279000,1.38182,1.38182,1.38182,1.38182,0,1
1755299280000,1755299339000,1.38182,1.38182,1.38182,1.38182,0,1
1755299340000,1755299399000,1.38182,1.38182,1.38182,1.38182,0,1
1755299400000,1755299459000,1.38182,1.38182,1.38182,1.38182,0,1
1755299460000,1755299519000,1.38182,1.38182,1.38182,1.38182,0,1
1755299520000,1755299579000,1.38182,1.38182,1.38182,1.38182,0,1
1755299580000,1755299639000,1.38182,1.38182,1.38182,1.38182,0,1
1755299640000,1755299699000,1.38182,1.38182,1.38182,1.38182,0,1
1755299700000,1755299759000,1.38182,1.38182,1.38182,1.38182,0,1
1755299760000,1755299819000,1.38182,1.38182,1.38182,1.38182,0,1
1755299820000,1755299879000,1.38182,1.38182,1.38182,1.38182,0,1
1755299880000,1755299939000,1.38182,1.38182,1.38182,1.38182,0,1
1755299940000,1755299999000,1.38182,1.38182,1.38182,1.38182,0,1
1755300000000,1755300059000,1.38182,1.38182,1.38182,1.38182,0,1
1755300060000,1755300119000,1.38182,1.38182,1.38182,1.38182,0,1
1755300120000,1755300179000,1.38182,1.38182,1.38182,1.38182,0,1
1755300180000,1755300239000,1.38182,1.38182,1.38182,1.38182,0,1
1755300240000,1755300299000,1.38182,1.38182,1.38182,1.38182,0,1
1755300300000,1755300359000,1.38182,1.38182,1.38182,1.38182,0,1
1755300360000,1755300419000,1.38182,1.38182,1.38182,1.38182,0,1
1755300420000,1755300479000,1.38182,1.38182,1.38182,1.38182,0,1
1755300480000,1755300539000,1.38182,1.38182,1.38182,1.38182,0,1
1755300540000,1755300599000,1.38182,1.38182,1.38182,1.38182,0,1
1755300600000,1755300659000,1.38182,1.38182,1.38182,1.38182,0,1
1755300660000,1755300719000,1.38182,1.38182,1.38182,1.38182,0,1
1755300720000,1755300779000,1.38182,1.38182,1.38182,1.38182,0,1
1755300780000,1755300839000,1.38182,1.38182,1.38182,1.38182,0,1
1755300840000,1755300899000,1.38182,1.38182,1.38182,1.38182,0,1
1755300900000,1755300959000,1.38182,1.38182,1.38182,1.38182,0,1
1755300960000,1755301019000,1.38182,1.38182,1.38182,1.38182,0,1
1755301020000,1755301079000,1.38182,1.38182,1.38182,1.38182,0,1
1755301080000,1755301139000,1.38182,1.38182,1.38182,1.38182,0,1
1755301140000,1755301199000,1.38182,1.38182,1.38182,1.38182,0,1
1755301200000,1755301259000,1.38182,1.38182,1.38182,1.38182,0,1
1755301260000,1755301319000,1.38182,1.38182,1.38182,1.38182,0,1
1755301320000,1755301379000,1.38182,1.38182,1.38182,1.38182,0,1
1755301380000,1755301439000,1.38182,1.38182,1.38182,1.38182,0,1
1755301440000,1755301499000,1.38182,1.38182,1.38182,1.38182,0,1
1755301500000,1755301559000,1.38182,1.38182,1.38182,1.38182,0,1
1755301560000,1755301619000,1.38182,1.38182,1.38182,1.38182,0,1
1755301620000,1755301679000,1.38182,1.38182,1.38182,1.38182,0,1
1755301680000,1755301739000,1.38182,1.38182,1.38182,1.38182,0,1
1755301740000,1755301799000,1.38182,1.38182,1.38182,1.38182,0,1
1755301800000,1755301859000,1.38182,1.38182,1.38182,1.38182,0,1
1755301860000,1755301919000,1.38182,1.38182,1.38182,1.38182,0,1
1755301920000,1755301979000,1.38182,1.38182,1.38182,1.38182,0,1
1755301980000,1755302039000,1.38182,1.38182,1.38182,1.38182,0,1
1755302040000,1755302099000,1.38182,1.38182,1.38182,1.38182,0,1
1755302100000,1755302159000,1.38182,1.38182,1.38182,1.38182,0,1
1755302160000,1755302219000,1.38182,1.38182,1.38182,1.38182,0,1
1755302220000,1755302279000,1.38182,1.38182,1.38182,1.38182,0,1
1755302280000,1755302339000,1.38182,1.38182,1.38182,1.38182,0,1
1755302340000,1755302399000,1.38182,1.38182,1.38182,1.38182,0,1
1755388800000,1755388859000,1.38182,1.38182,1.38182,1.38182,0,1
1755388860000,1755388919000,1.38182,1.38182,1.38182,1.38182,0,1
1755388920000,1755388979000,1.38182,1.38182,1.38182,1.38182,0,1
1755388980000,1755389039000,1.38182,1.38182,1.38182,1.38182,0,1
1755389040000,1755389099000,1.38182,1.38182,1.38182,1.38182,0,1
1755389100000,1755389159000,1.38182,1.38182,1.38182,1.38182,0,1
1755389160000,1755389219000,1.38182,1.38182,1.38182,1.38182,0,1
1755389220000,1755389279000,1.38182,1.38182,1.38182,1.38182,0,1
1755389280000,1755389339000,1.38182,1.38182,1.38182,1.38182,0,1
1755389340000,1755389399000,1.38182,1.38182,1.38182,1.38182,0,1
1755389400000,1755389459000,1.38182,1.38182,1.38182,1.38182,0,1
1755389460000,1755389519000,1.38182,1.38182,1.38182,1.38182,0,1
1755389520000,1755389579000,1.38182,1.38182,1.38182,1.38182,0,1
1755389580000,1755389639000,1.38182,1.38182,1.38182,1.38182,0,1
1755389640000,1755389699000,1.38182,1.38182,1.38182,1.38182,0,1
1755389700000,1755389759000,1.38182,1.38182,1.38182,1.38182,0,1
1755389760000,1755389819000,1.38182,1.38182,1.38182,1.38182,0,1
1755389820000,1755389879000,1.38182,1.38182,1.38182,1.38182,0,1
1755389880000,1755389939000,1.38182,1.38182,1.38182,1.38182,0,1
1755389940000,1755389999000,1.38182,1.38182,1.38182,1.38182,0,1
1755390000000,1755390059000,1.38182,1.38182,1.38182,1.38182,0,1
1755390060000,1755390119000,1.38182,1.38182,1.38182,1.38182,0,1
1755390120000,1755390179000,1.38182,1.38182,1.38182,1.38182,0,1
1755390180000,1755390239000,1.38182,1.38182,1.38182,1.38182,0,1
1755390240000,1755390299000,1.38182,1.38182,1.38182,1.38182,0,1
1755390300000,1755390359000,1.38182,1.38182,1.38182,1.38182,0,1
1755390360000,1755390419000,1.38182,1.38182,1.38182,1.38182,0,1
1755390420000,1755390479000,1.38182,1.38182,1.38182,1.38182,0,1
1755390480000,1755390539000,1.38182,1.38182,1.38182,1.38182,0,1
1755390540000,1755390599000,1.38182,1.38182,1.38182,1.38182,0,1
1755390600000,1755390659000,1.38182,1.38182,1.38182,1.38182,0,1
1755390660000,1755390719000,1.38182,1.38182,1.38182,1.38182,0,1
1755390720000,1755390779000,1.38182,1.38182,1.38182,1.38182,0,1
1755390780000,1755390839000,1.38182,1.38182,1.38182,1.38182,0,1
1755390840000,1755390899000,1.38182,1.38182,1.38182,1.38182,0,1
1755390900000,1755390959000,1.38182,1.38182,1.38182,1.38182,0,1
1755390960000,1755391019000,1.38182,1.38182,1.38182,1.38182,0,1
1755391020000,1755391079000,1.38182,1.38182,1.38182,1.38182,0,1
1755391080000,1755391139000,1.38182,1.38182,1.38182,1.38182,0,1
1755391140000,1755391199000,1.38182,1.38182,1.38182,1.38182,0,1
1755391200000,1755391259000,1.38182,1.38182,1.38182,1.38182,0,1
1755391260000,1755391319000,1.38182,1.38182,1.38182,1.38182,0,1
1755391320000,1755391379000,1.38182,1.38182,1.38182,1.38182,0,1
1755391380000,1755391439000,1.38182,1.38182,1.38182,1.38182,0,1
1755391440000,1755391499000,1.38182,1.38182,1.38182,1.38182,0,1
1755391500000,1755391559000,1.38182,1.38182,1.38182,1.38182,0,1
1755391560000,1755391619000,1.38182,1.38182,1.38182,1.38182,0,1
1755391620000,1755391679000,1.38182,1.38182,1.38182,1.38182,0,1
1755391680000,1755391739000,1.38182,1.38182,1.38182,1.38182,0,1
1755391740000,1755391799000,1.38182,1.38182,1.38182,1.38182,0,1
1755391800000,1755391859000,1.38182,1.38182,1.38182,1.38182,0,1
1755391860000,1755391919000,1.38182,1.38182,1.38182,1.38182,0,1
1755391920000,1755391979000,1.38182,1.38182,1.38182,1.38182,0,1
1755391980000,1755392039000,1.38182,1.38182,1.38182,1.38182,0,1
1755392040000,1755392099000,1.38182,1.38182,1.38182,1.38182,0,1
1755392100000,1755392159000,1.38182,1.38182,1.38182,1.38182,0,1
1755392160000,1755392219000,1.38182,1.38182,1.38182,1.38182,0,1
1755392220000,1755392279000,1.38182,1.38182,1.38182,1.38182,0,1
1755392280000,1755392339000,1.38182,1.38182,1.38182,1.38182,0,1
1755392340000,1755392399000,1.38182,1.38182,1.38182,1.38182,0,1
1755392400000,1755392459000,1.38182,1.38182,1.38182,1.38182,0,1
1755392460000,1755392519000,1.38182,1.38182,1.38182,1.38182,0,1
1755392520000,1755392579000,1.38182,1.38182,1.38182,1.38182,0,1
1755392580000,1755392639000,1.38182,1.38182,1.38182,1.38182,0,1
1755392640000,1755392699000,1.38182,1.38182,1.38182,1.38182,0,1
1755392700000,1755392759000,1.38182,1.38182,1.38182,1.38182,0,1
1755392760000,1755392819000,1.38182,1.38182,1.38182,1.38182,0,1
1755392820000,1755392879000,1.38182,1.38182,1.38182,1.38182,0,1
1755392880000,1755392939000,1.38182,1.38182,1.38182,1.38182,0,1
1755392940000,1755392999000,1.38182,1.38182,1.38182,1.38182,0,1
1755393000000,1755393059000,1.38182,1.38182,1.38182,1.38182,0,1
1755393060000,1755393119000,1.38182,1.38182,1.38182,1.38182,0,1
1755393120000,1755393179000,1.38182,1.38182,1.38182,1.38182,0,1
1755393180000,1755393239000,1.38182,1.38182,1.38182,1.38182,0,1
1755393240000,1755393299000,1.38182,1.38182,1.38182,1.38182,0,1
1755393300000,1755393359000,1.38182,1.38182,1.38182,1.38182,0,1
1755393360000,1755393419000,1.38182,1.38182,1.38182,1.38182,0,1
1755393420000,1755393479000,1.38182,1.38182,1.38182,1.38182,0,1
1755393480000,1755393539000,1.38182,1.38182,1.38182,1.38182,0,1
1755393540000,1755393599000,1.38182,1.38182,1.38182,1.38182,0,1
1755393600000,1755393659000,1.38182,1.38182,1.38182,1.38182,0,1
1755393660000,1755393719000,1.38182,1.38182,1.38182,1.38182,0,1
1755393720000,1755393779000,1.38182,1.38182,1.38182,1.38182,0,1
1755393780000,1755393839000,1.38182,1.38182,1.38182,1.38182,0,1
1755393840000,1755393899000,1.38182,1.38182,1.38182,1.38182,0,1
1755393900000,1755393959000,1.38182,1.38182,1.38182,1.38182,0,1
1755393960000,1755394019000,1.38182,1.38182,1.38182,1.38182,0,1
1755394020000,1755394079000,1.38182,1.38182,1.38182,1.38182,0,1
1755394080000,1755394139000,1.38182,1.38182,1.38182,1.38182,0,1
1755394140000,1755394199000,1.38182,1.38182,1.38182,1.38182,0,1
1755394200000,1755394259000,1.38182,1.38182,1.38182,1.38182,0,1
1755394260000,1755394319000,1.38182,1.38182,1.38182,1.38182,0,1
1755394320000,1755394379000,1.38182,1.38182,1.38182,1.38182,0,1
1755394380000,1755394439000,1.38182,1.38182,1.38182,1.38182,0,1
1755394440000,1755394499000,1.38182,1.38182,1.38182,1.38182,0,1
1755394500000,1755394559000,1.38182,1.38182,1.38182,1.38182,0,1
1755394560000,1755394619000,1.38182,1.38182,1.38182,1.38182,0,1
1755394620000,1755394679000,1.38182,1.38182,1.38182,1.38182,0,1
1755394680000,1755394739000,1.38182,1.38182,1.38182,1.38182,0,1
1755394740000,1755394799000,1.38182,1.38182,1.38182,1.38182,0,1
1755394800000,1755394859000,1.38182,1.38182,1.38182,1.38182,0,1
1755394860000,1755394919000,1.38182,1.38182,1.38182,1.38182,0,1
1755394920000,1755394979000,1.38182,1.38182,1.38182,1.38182,0,1
1755394980000,1755395039000,1.38182,1.38182,1.38182,1.38182,0,1
1755395040000,1755395099000,1.38182,1.38182,1.38182,1.38182,0,1
1755395100000,1755395159000,1.38182,1.38182,1.38182,1.38182,0,1
1755395160000,1755395219000,1.38182,1.38182,1.38182,1.38182,0,1
1755395220000,1755395279000,1.38182,1.38182,1.38182,1.38182,0,1
1755395280000,1755395339000,1.38182,1.38182,1.38182,1.38182,0,1
1755395340000,1755395399000,1.38182,1.38182,1.38182,1.38182,0,1
1755395400000,1755395459000,1.38182,1.38182,1.38182,1.38182,0,1
1755395460000,1755395519000,1.38182,1.38182,1.38182,1.38182,0,1
1755395520000,1755395579000,1.38182,1.38182,1.38182,1.38182,0,1
1755395580000,1755395639000,1.38182,1.38182,1.38182,1.38182,0,1
1755395640000,1755395699000,1.38182,1.38182,1.38182,1.38182,0,1
1755395700000,1755395759000,1.38182,1.38182,1.38182,1.38182,0,1
1755395760000,1755395819000,1.38182,1.38182,1.38182,1.38182,0,1
1755395820000,1755395879000,1.38182,1.38182,1.38182,1.38182,0,1
1755395880000,1755395939000,1.38182,1.38182,1.38182,1.38182,0,1
1755395940000,1755395999000,1.38182,1.38182,1.38182,1.38182,0,1
1755396000000,1755396059000,1.38182,1.38182,1.38182,1.38182,0,1
1755396060000,1755396119000,1.38182,1.38182,1.38182,1.38182,0,1
1755396120000,1755396179000,1.38182,1.38182,1.38182,1.38182,0,1
1755396180000,1755396239000,1.38182,1.38182,1.38182,1.38182,0,1
1755396240000,1755396299000,1.38182,1.38182,1.38182,1.38182,0,1
1755396300000,1755396359000,1.38182,1.38182,1.38182,1.38182,0,1
1755396360000,1755396419000,1.38182,1.38182,1.38182,1.38182,0,1
1755396420000,1755396479000,1.38182,1.38182,1.38182,1.38182,0,1
1755396480000,1755396539000,1.38182,1.38182,1.38182,1.38182,0,1
1755396540000,1755396599000,1.38182,1.38182,1.38182,1.38182,0,1
1755396600000,1755396659000,1.38182,1.38182,1.38182,1.38182,0,1
1755396660000,1755396719000,1.38182,1.38182,1.38182,1.38182,0,1
1755396720000,1755396779000,1.38182,1.38182,1.38182,1.38182,0,1
1755396780000,1755396839000,1.38182,1.38182,1.38182,1.38182,0,1
1755396840000,1755396899000,1.38182,1.38182,1.38182,1.38182,0,1
1755396900000,1755396959000,1.38182,1.38182,1.38182,1.38182,0,1
1755396960000,1755397019000,1.38182,1.38182,1.38182,1.38182,0,1
1755397020000,1755397079000,1.38182,1.38182,1.38182,1.38182,0,1
1755397080000,1755397139000,1.38182,1.38182,1.38182,1.38182,0,1
1755397140000,1755397199000,1.38182,1.38182,1.38182,1.38182,0,1
1755397200000,1755397259000,1.38182,1.38182,1.38182,1.38182,0,1
1755397260000,1755397319000,1.38182,1.38182,1.38182,1.38182,0,1
1755397320000,1755397379000,1.38182,1.38182,1.38182,1.38182,0,1
1755397380000,1755397439000,1.38182,1.38182,1.38182,1.38182,0,1
1755397440000,1755397499000,1.38182,1.38182,1.38182,1.38182,0,1
1755397500000,1755397559000,1.38182,1.38182,1.38182,1.38182,0,1
1755397560000,1755397619000,1.38182,1.38182,1.38182,1.38182,0,1
1755397620000,1755397679000,1.38182,1.38182,1.38182,1.38182,0,1
1755397680000,1755397739000,1.38182,1.38182,1.38182,1.38182,0,1
1755397740000,1755397799000,1.38182,1.38182,1.38182,1.38182,0,1
1755397800000,1755397859000,1.38182,1.38182,1.38182,1.38182,0,1
1755397860000,1755397919000,1.38182,1.38182,1.38182,1.38182,0,1
1755397920000,1755397979000,1.38182,1.38182,1.38182,1.38182,0,1
1755397980000,1755398039000,1.38182,1.38182,1.38182,1.38182,0,1
1755398040000,1755398099000,1.38182,1.38182,1.38182,1.38182,0,1
1755398100000,1755398159000,1.38182,1.38182,1.38182,1.38182,0,1
1755398160000,1755398219000,1.38182,1.38182,1.38182,1.38182,0,1
1755398220000,1755398279000,1.38182,1.38182,1.38182,1.38182,0,1
1755398280000,1755398339000,1.38182,1.38182,1.38182,1.38182,0,1
1755398340000,1755398399000,1.38182,1.38182,1.38182,1.38182,0,1
1755398400000,1755398459000,1.38182,1.38182,1.38182,1.38182,0,1
1755398460000,1755398519000,1.38182,1.38182,1.38182,1.38182,0,1
1755398520000,1755398579000,1.38182,1.38182,1.38182,1.38182,0,1
1755398580000,1755398639000,1.38182,1.38182,1.38182,1.38182,0,1
1755398640000,1755398699000,1.38182,1.38182,1.38182,1.38182,0,1
1755398700000,1755398759000,1.38182,1.38182,1.38182,1.38182,0,1
1755398760000,1755398819000,1.38182,1.38182,1.38182,1.38182,0,1
1755398820000,1755398879000,1.38182,1.38182,1.38182,1.38182,0,1
1755398880000,1755398939000,1.38182,1.38182,1.38182,1.38182,0,1
1755398940000,1755398999000,1.38182,1.38182,1.38182,1.38182,0,1
1755399000000,1755399059000,1.38182,1.38182,1.38182,1.38182,0,1
1755399060000,1755399119000,1.38182,1.38182,1.38182,1.38182,0,1
1755399120000,1755399179000,1.38182,1.38182,1.38182,1.38182,0,1
1755399180000,1755399239000,1.38182,1.38182,1.38182,1.38182,0,1
1755399240000,1755399299000,1.38182,1.38182,1.38182,1.38182,0,1
1755399300000,1755399359000,1.38182,1.38182,1.38182,1.38182,0,1
1755399360000,1755399419000,1.38182,1.38182,1.38182,1.38182,0,1
1755399420000,1755399479000,1.38182,1.38182,1.38182,1.38182,0,1
1755399480000,1755399539000,1.38182,1.38182,1.38182,1.38182,0,1
1755399540000,1755399599000,1.38182,1.38182,1.38182,1.38182,0,1
1755399600000,1755399659000,1.38182,1.38182,1.38182,1.38182,0,1
1755399660000,1755399719000,1.38182,1.38182,1.38182,1.38182,0,1
1755399720000,1755399779000,1.38182,1.38182,1.38182,1.38182,0,1
1755399780000,1755399839000,1.38182,1.38182,1.38182,1.38182,0,1
1755399840000,1755399899000,1.38182,1.38182,1.38182,1.38182,0,1
1755399900000,1755399959000,1.38182,1.38182,1.38182,1.38182,0,1
1755399960000,1755400019000,1.38182,1.38182,1.38182,1.38182,0,1
1755400020000,1755400079000,1.38182,1.38182,1.38182,1.38182,0,1
1755400080000,1755400139000,1.38182,1.38182,1.38182,1.38182,0,1
1755400140000,1755400199000,1.38182,1.38182,1.38182,1.38182,0,1
1755400200000,1755400259000,1.38182,1.38182,1.38182,1.38182,0,1
1755400260000,1755400319000,1.38182,1.38182,1.38182,1.38182,0,1
1755400320000,1755400379000,1.38182,1.38182,1.38182,1.38182,0,1
1755400380000,1755400439000,1.38182,1.38182,1.38182,1.38182,0,1
1755400440000,1755400499000,1.38182,1.38182,1.38182,1.38182,0,1
1755400500000,1755400559000,1.38182,1.38182,1.38182,1.38182,0,1
1755400560000,1755400619000,1.38182,1.38182,1.38182,1.38182,0,1
1755400620000,1755400679000,1.38182,1.38182,1.38182,1.38182,0,1
1755400680000,1755400739000,1.38182,1.38182,1.38182,1.38182,0,1
1755400740000,1755400799000,1.38182,1.38182,1.38182,1.38182,0,1
1755400800000,1755400859000,1.38182,1.38182,1.38182,1.38182,0,1
1755400860000,1755400919000,1.38182,1.38182,1.38182,1.38182,0,1
1755400920000,1755400979000,1.38182,1.38182,1.38182,1.38182,0,1
1755400980000,1755401039000,1.38182,1.38182,1.38182,1.38182,0,1
1755401040000,1755401099000,1.38182,1.38182,1.38182,1.38182,0,1
1755401100000,1755401159000,1.38182,1.38182,1.38182,1.38182,0,1
1755401160000,1755401219000,1.38182,1.38182,1.38182,1.38182,0,1
1755401220000,1755401279000,1.38182,1.38182,1.38182,1.38182,0,1
1755401280000,1755401339000,1.38182,1.38182,1.38182,1.38182,0,1
1755401340000,1755401399000,1.38182,1.38182,1.38182,1.38182,0,1
1755401400000,1755401459000,1.38182,1.38182,1.38182,1.38182,0,1
1755401460000,1755401519000,1.38182,1.38182,1.38182,1.38182,0,1
1755401520000,1755401579000,1.38182,1.38182,1.38182,1.38182,0,1
1755401580000,1755401639000,1.38182,1.38182,1.38182,1.38182,0,1
1755401640000,1755401699000,1.38182,1.38182,1.38182,1.38182,0,1
1755401700000,1755401759000,1.38182,1.38182,1.38182,1.38182,0,1
1755401760000,1755401819000,1.38182,1.38182,1.38182,1.38182,0,1
1755401820000,1755401879000,1.38182,1.38182,1.38182,1.38182,0,1
1755401880000,1755401939000,1.38182,1.38182,1.38182,1.38182,0,1
1755401940000,1755401999000,1.38182,1.38182,1.38182,1.38182,0,1
1755402000000,1755402059000,1.38182,1.38182,1.38182,1.38182,0,1
1755402060000,1755402119000,1.38182,1.38182,1.38182,1.38182,0,1
1755402120000,1755402179000,1.38182,1.38182,1.38182,1.38182,0,1
1755402180000,1755402239000,1.38182,1.38182,1.38182,1.38182,0,1
1755402240000,1755402299000,1.38182,1.38182,1.38182,1.38182,0,1
1755402300000,1755402359000,1.38182,1.38182,1.38182,1.38182,0,1
1755402360000,1755402419000,1.38182,1.38182,1.38182,1.38182,0,1
1755402420000,1755402479000,1.38182,1.38182,1.38182,1.38182,0,1
1755402480000,1755402539000,1.38182,1.38182,1.38182,1.38182,0,1
1755402540000,1755402599000,1.38182,1.38182,1.38182,1.38182,0,1
1755402600000,1755402659000,1.38182,1.38182,1.38182,1.38182,0,1
1755402660000,1755402719000,1.38182,1.38182,1.38182,1.38182,0,1
1755402720000,1755402779000,1.38182,1.38182,1.38182,1.38182,0,1
1755402780000,1755402839000,1.38182,1.38182,1.38182,1.38182,0,1
1755402840000,1755402899000,1.38182,1.38182,1.38182,1.38182,0,1
1755402900000,1755402959000,1.38182,1.38182,1.38182,1.38182,0,1
1755402960000,1755403019000,1.38182,1.38182,1.38182,1.38182,0,1
1755403020000,1755403079000,1.38182,1.38182,1.38182,1.38182,0,1
1755403080000,1755403139000,1.38182,1.38182,1.38182,1.38182,0,1
1755403140000,1755403199000,1.38182,1.38182,1.38182,1.38182,0,1
1755403200000,1755403259000,1.38182,1.38182,1.38182,1.38182,0,1
1755403260000,1755403319000,1.38182,1.38182,1.38182,1.38182,0,1
1755403320000,1755403379000,1.38182,1.38182,1.38182,1.38182,0,1
1755403380000,1755403439000,1.38182,1.38182,1.38182,1.38182,0,1
1755403440000,1755403499000,1.38182,1.38182,1.38182,1.38182,0,1
1755403500000,1755403559000,1.38182,1.38182,1.38182,1.38182,0,1
1755403560000,1755403619000,1.38182,1.38182,1.38182,1.38182,0,1
1755403620000,1755403679000,1.38182,1.38182,1.38182,1.38182,0,1
1755403680000,1755403739000,1.38182,1.38182,1.38182,1.38182,0,1
1755403740000,1755403799000,1.38182,1.38182,1.38182,1.38182,0,1
1755403800000,1755403859000,1.38182,1.38182,1.38182,1.38182,0,1
1755403860000,1755403919000,1.38182,1.38182,1.38182,1.38182,0,1
1755403920000,1755403979000,1.38182,1.38182,1.38182,1.38182,0,1
1755403980000,1755404039000,1.38182,1.38182,1.38182,1.38182,0,1
1755404040000,1755404099000,1.38182,1.38182,1.38182,1.38182,0,1
1755404100000,1755404159000,1.38182,1.38182,1.38182,1.38182,0,1
1755404160000,1755404219000,1.38182,1.38182,1.38182,1.38182,0,1
1755404220000,1755404279000,1.38182,1.38182,1.38182,1.38182,0,1
1755404280000,1755404339000,1.38182,1.38182,1.38182,1.38182,0,1
1755404340000,1755404399000,1.38182,1.38182,1.38182,1.38182,0,1
1755404400000,1755404459000,1.38182,1.38182,1.38182,1.38182,0,1
1755404460000,1755404519000,1.38182,1.38182,1.38182,1.38182,0,1
1755404520000,1755404579000,1.38182,1.38182,1.38182,1.38182,0,1
1755404580000,1755404639000,1.38182,1.38182,1.38182,1.38182,0,1
1755404640000,1755404699000,1.38182,1.38182,1.38182,1.38182,0,1
1755404700000,1755404759000,1.38182,1.38182,1.38182,1.38182,0,1
1755404760000,1755404819000,1.38182,1.38182,1.38182,1.38182,0,1
1755404820000,1755404879000,1.38182,1.38182,1.38182,1.38182,0,1
1755404880000,1755404939000,1.38182,1.38182,1.38182,1.38182,0,1
1755404940000,1755404999000,1.38182,1.38182,1.38182,1.38182,0,1
1755405000000,1755405059000,1.38182,1.38182,1.38182,1.38182,0,1
1755405060000,1755405119000,1.38182,1.38182,1.38182,1.38182,0,1
1755405120000,1755405179000,1.38182,1.38182,1.38182,1.38182,0,1
1755405180000,1755405239000,1.38182,1.38182,1.38182,1.38182,0,1
1755405240000,1755405299000,1.38182,1.38182,1.38182,1.38182,0,1
1755405300000,1755405359000,1.38182,1.38182,1.38182,1.38182,0,1
1755405360000,1755405419000,1.38182,1.38182,1.38182,1.38182,0,1
1755405420000,1755405479000,1.38182,1.38182,1.38182,1.38182,0,1
1755405480000,1755405539000,1.38182,1.38182,1.38182,1.38182,0,1
1755405540000,1755405599000,1.38182,1.38182,1.38182,1.38182,0,1
1755405600000,1755405659000,1.38182,1.38182,1.38182,1.38182,0,1
1755405660000,1755405719000,1.38182,1.38182,1.38182,1.38182,0,1
1755405720000,1755405779000,1.38182,1.38182,1.38182,1.38182,0,1
1755405780000,1755405839000,1.38182,1.38182,1.38182,1.38182,0,1
1755405840000,1755405899000,1.38182,1.38182,1.38182,1.38182,0,1
1755405900000,1755405959000,1.38182,1.38182,1.38182,1.38182,0,1
1755405960000,1755406019000,1.38182,1.38182,1.38182,1.38182,0,1
1755406020000,1755406079000,1.38182,1.38182,1.38182,1.38182,0,1
1755406080000,1755406139000,1.38182,1.38182,1.38182,1.38182,0,1
1755406140000,1755406199000,1.38182,1.38182,1.38182,1.38182,0,1
1755406200000,1755406259000,1.38182,1.38182,1.38182,1.38182,0,1
1755406260000,1755406319000,1.38182,1.38182,1.38182,1.38182,0,1
1755406320000,1755406379000,1.38182,1.38182,1.38182,1.38182,0,1
1755406380000,1755406439000,1.38182,1.38182,1.38182,1.38182,0,1
1755406440000,1755406499000,1.38182,1.38182,1.38182,1.38182,0,1
1755406500000,1755406559000,1.38182,1.38182,1.38182,1.38182,0,1
1755406560000,1755406619000,1.38182,1.38182,1.38182,1.38182,0,1
1755406620000,1755406679000,1.38182,1.38182,1.38182,1.38182,0,1
1755406680000,1755406739000,1.38182,1.38182,1.38182,1.38182,0,1
1755406740000,1755406799000,1.38182,1.38182,1.38182,1.38182,0,1
1755406800000,1755406859000,1.38182,1.38182,1.38182,1.38182,0,1
1755406860000,1755406919000,1.38182,1.38182,1.38182,1.38182,0,1
1755406920000,1755406979000,1.38182,1.38182,1.38182,1.38182,0,1
1755406980000,1755407039000,1.38182,1.38182,1.38182,1.38182,0,1
1755407040000,1755407099000,1.38182,1.38182,1.38182,1.38182,0,1
1755407100000,1755407159000,1.38182,1.38182,1.38182,1.38182,0,1
1755407160000,1755407219000,1.38182,1.38182,1.38182,1.38182,0,1
1755407220000,1755407279000,1.38182,1.38182,1.38182,1.38182,0,1
1755407280000,1755407339000,1.38182,1.38182,1.38182,1.38182,0,1
1755407340000,1755407399000,1.38182,1.38182,1.38182,1.38182,0,1
1755407400000,1755407459000,1.38182,1.38182,1.38182,1.38182,0,1
1755407460000,1755407519000,1.38182,1.38182,1.38182,1.38182,0,1
1755407520000,1755407579000,1.38182,1.38182,1.38182,1.38182,0,1
1755407580000,1755407639000,1.38182,1.38182,1.38182,1.38182,0,1
1755407640000,1755407699000,1.38182,1.38182,1.38182,1.38182,0,1
1755407700000,1755407759000,1.38182,1.38182,1.38182,1.38182,0,1
1755407760000,1755407819000,1.38182,1.38182,1.38182,1.38182,0,1
1755407820000,1755407879000,1.38182,1.38182,1.38182,1.38182,0,1
1755407880000,1755407939000,1.38182,1.38182,1.38182,1.38182,0,1
1755407940000,1755407999000,1.38182,1.38182,1.38182,1.38182,0,1
1755408000000,1755408059000,1.38182,1.38182,1.38182,1.38182,0,1
1755408060000,1755408119000,1.38182,1.38182,1.38182,1.38182,0,1
1755408120000,1755408179000,1.38182,1.38182,1.38182,1.38182,0,1
1755408180000,1755408239000,1.38182,1.38182,1.38182,1.38182,0,1
1755408240000,1755408299000,1.38182,1.38182,1.38182,1.38182,0,1
1755408300000,1755408359000,1.38182,1.38182,1.38182,1.38182,0,1
1755408360000,1755408419000,1.38182,1.38182,1.38182,1.38182,0,1
1755408420000,1755408479000,1.38182,1.38182,1.38182,1.38182,0,1
1755408480000,1755408539000,1.38182,1.38182,1.38182,1.38182,0,1
1755408540000,1755408599000,1.38182,1.38182,1.38182,1.38182,0,1
1755408600000,1755408659000,1.38182,1.38182,1.38182,1.38182,0,1
1755408660000,1755408719000,1.38182,1.38182,1.38182,1.38182,0,1
1755408720000,1755408779000,1.38182,1.38182,1.38182,1.38182,0,1
1755408780000,1755408839000,1.38182,1.38182,1.38182,1.38182,0,1
1755408840000,1755408899000,1.38182,1.38182,1.38182,1.38182,0,1
1755408900000,1755408959000,1.38182,1.38182,1.38182,1.38182,0,1
1755408960000,1755409019000,1.38182,1.38182,1.38182,1.38182,0,1
1755409020000,1755409079000,1.38182,1.38182,1.38182,1.38182,0,1
1755409080000,1755409139000,1.38182,1.38182,1.38182,1.38182,0,1
1755409140000,1755409199000,1.38182,1.38182,1.38182,1.38182,0,1
1755409200000,1755409259000,1.38182,1.38182,1.38182,1.38182,0,1
1755409260000,1755409319000,1.38182,1.38182,1.38182,1.38182,0,1
1755409320000,1755409379000,1.38182,1.38182,1.38182,1.38182,0,1
1755409380000,1755409439000,1.38182,1.38182,1.38182,1.38182,0,1
1755409440000,1755409499000,1.38182,1.38182,1.38182,1.38182,0,1
1755409500000,1755409559000,1.38182,1.38182,1.38182,1.38182,0,1
1755409560000,1755409619000,1.38182,1.38182,1.38182,1.38182,0,1
1755409620000,1755409679000,1.38182,1.38182,1.38182,1.38182,0,1
1755409680000,1755409739000,1.38182,1.38182,1.38182,1.38182,0,1
1755409740000,1755409799000,1.38182,1.38182,1.38182,1.38182,0,1
1755409800000,1755409859000,1.38182,1.38182,1.38182,1.38182,0,1
1755409860000,1755409919000,1.38182,1.38182,1.38182,1.38182,0,1
1755409920000,1755409979000,1.38182,1.38182,1.38182,1.38182,0,1
1755409980000,1755410039000,1.38182,1.38182,1.38182,1.38182,0,1
1755410040000,1755410099000,1.38182,1.38182,1.38182,1.38182,0,1
1755410100000,1755410159000,1.38182,1.38182,1.38182,1.38182,0,1
1755410160000,1755410219000,1.38182,1.38182,1.38182,1.38182,0,1
1755410220000,1755410279000,1.38182,1.38182,1.38182,1.38182,0,1
1755410280000,1755410339000,1.38182,1.38182,1.38182,1.38182,0,1
1755410340000,1755410399000,1.38182,1.38182,1.38182,1.38182,0,1
1755410400000,1755410459000,1.38182,1.38182,1.38182,1.38182,0,1
1755410460000,1755410519000,1.38182,1.38182,1.38182,1.38182,0,1
1755410520000,1755410579000,1.38182,1.38182,1.38182,1.38182,0,1
1755410580000,1755410639000,1.38182,1.38182,1.38182,1.38182,0,1
1755410640000,1755410699000,1.38182,1.38182,1.38182,1.38182,0,1
1755410700000,1755410759000,1.38182,1.38182,1.38182,1.38182,0,1
1755410760000,1755410819000,1.38182,1.38182,1.38182,1.38182,0,1
1755410820000,1755410879000,1.38182,1.38182,1.38182,1.38182,0,1
1755410880000,1755410939000,1.38182,1.38182,1.38182,1.38182,0,1
1755410940000,1755410999000,1.38182,1.38182,1.38182,1.38182,0,1
1755411000000,1755411059000,1.38182,1.38182,1.38182,1.38182,0,1
1755411060000,1755411119000,1.38182,1.38182,1.38182,1.38182,0,1
1755411120000,1755411179000,1.38182,1.38182,1.38182,1.38182,0,1
1755411180000,1755411239000,1.38182,1.38182,1.38182,1.38182,0,1
1755411240000,1755411299000,1.38182,1.38182,1.38182,1.38182,0,1
1755411300000,1755411359000,1.38182,1.38182,1.38182,1.38182,0,1
1755411360000,1755411419000,1.38182,1.38182,1.38182,1.38182,0,1
1755411420000,1755411479000,1.38182,1.38182,1.38182,1.38182,0,1
1755411480000,1755411539000,1.38182,1.38182,1.38182,1.38182,0,1
1755411540000,1755411599000,1.38182,1.38182,1.38182,1.38182,0,1
1755411600000,1755411659000,1.38182,1.38182,1.38182,1.38182,0,1
1755411660000,1755411719000,1.38182,1.38182,1.38182,1.38182,0,1
1755411720000,1755411779000,1.38182,1.38182,1.38182,1.38182,0,1
1755411780000,1755411839000,1.38182,1.38182,1.38182,1.38182,0,1
1755411840000,1755411899000,1.38182,1.38182,1.38182,1.38182,0,1
1755411900000,1755411959000,1.38182,1.38182,1.38182,1.38182,0,1
1755411960000,1755412019000,1.38182,1.38182,1.38182,1.38182,0,1
1755412020000,1755412079000,1.38182,1.38182,1.38182,1.38182,0,1
1755412080000,1755412139000,1.38182,1.38182,1.38182,1.38182,0,1
1755412140000,1755412199000,1.38182,1.38182,1.38182,1.38182,0,1
1755412200000,1755412259000,1.38182,1.38182,1.38182,1.38182,0,1
1755412260000,1755412319000,1.38182,1.38182,1.38182,1.38182,0,1
1755412320000,1755412379000,1.38182,1.38182,1.38182,1.38182,0,1
1755412380000,1755412439000,1.38182,1.38182,1.38182,1.38182,0,1
1755412440000,1755412499000,1.38182,1.38182,1.38182,1.38182,0,1
1755412500000,1755412559000,1.38182,1.38182,1.38182,1.38182,0,1
1755412560000,1755412619000,1.38182,1.38182,1.38182,1.38182,0,1
1755412620000,1755412679000,1.38182,1.38182,1.38182,1.38182,0,1
1755412680000,1755412739000,1.38182,1.38182,1.38182,1.38182,0,1
1755412740000,1755412799000,1.38182,1.38182,1.38182,1.38182,0,1
1755412800000,1755412859000,1.38182,1.38182,1.38182,1.38182,0,1
1755412860000,1755412919000,1.38182,1.38182,1.38182,1.38182,0,1
1755412920000,1755412979000,1.38182,1.38182,1.38182,1.38182,0,1
1755412980000,1755413039000,1.38182,1.38182,1.38182,1.38182,0,1
1755413040000,1755413099000,1.38182,1.38182,1.38182,1.38182,0,1
1755413100000,1755413159000,1.38182,1.38182,1.38182,1.38182,0,1
1755413160000,1755413219000,1.38182,1.38182,1.38182,1.38182,0,1
1755413220000,1755413279000,1.38182,1.38182,1.38182,1.38182,0,1
1755413280000,1755413339000,1.38182,1.38182,1.38182,1.38182,0,1
1755413340000,1755413399000,1.38182,1.38182,1.38182,1.38182,0,1
1755413400000,1755413459000,1.38182,1.38182,1.38182,1.38182,0,1
1755413460000,1755413519000,1.38182,1.38182,1.38182,1.38182,0,1
1755413520000,1755413579000,1.38182,1.38182,1.38182,1.38182,0,1
1755413580000,1755413639000,1.38182,1.38182,1.38182,1.38182,0,1
1755413640000,1755413699000,1.38182,1.38182,1.38182,1.38182,0,1
1755413700000,1755413759000,1.38182,1.38182,1.38182,1.38182,0,1
1755413760000,1755413819000,1.38182,1.38182,1.38182,1.38182,0,1
1755413820000,1755413879000,1.38182,1.38182,1.38182,1.38182,0,1
1755413880000,1755413939000,1.38182,1.38182,1.38182,1.38182,0,1
1755413940000,1755413999000,1.38182,1.38182,1.38182,1.38182,0,1
1755414000000,1755414059000,1.38182,1.38182,1.38182,1.38182,0,1
1755414060000,1755414119000,1.38182,1.38182,1.38182,1.38182,0,1
1755414120000,1755414179000,1.38182,1.38182,1.38182,1.38182,0,1
1755414180000,1755414239000,1.38182,1.38182,1.38182,1.38182,0,1
1755414240000,1755414299000,1.38182,1.38182,1.38182,1.38182,0,1
1755414300000,1755414359000,1.38182,1.38182,1.38182,1.38182,0,1
1755414360000,1755414419000,1.38182,1.38182,1.38182,1.38182,0,1
1755414420000,1755414479000,1.38182,1.38182,1.38182,1.38182,0,1
1755414480000,1755414539000,1.38182,1.38182,1.38182,1.38182,0,1
1755414540000,1755414599000,1.38182,1.38182,1.38182,1.38182,0,1
1755414600000,1755414659000,1.38182,1.38182,1.38182,1.38182,0,1
1755414660000,1755414719000,1.38182,1.38182,1.38182,1.38182,0,1
1755414720000,1755414779000,1.38182,1.38182,1.38182,1.38182,0,1
1755414780000,1755414839000,1.38182,1.38182,1.38182,1.38182,0,1
1755414840000,1755414899000,1.38182,1.38182,1.38182,1.38182,0,1
1755414900000,1755414959000,1.38182,1.38182,1.38182,1.38182,0,1
1755414960000,1755415019000,1.38182,1.38182,1.38182,1.38182,0,1
1755415020000,1755415079000,1.38182,1.38182,1.38182,1.38182,0,1
1755415080000,1755415139000,1.38182,1.38182,1.38182,1.38182,0,1
1755415140000,1755415199000,1.38182,1.38182,1.38182,1.38182,0,1
1755415200000,1755415259000,1.38182,1.38182,1.38182,1.38182,0,1
1755415260000,1755415319000,1.38182,1.38182,1.38182,1.38182,0,1
1755415320000,1755415379000,1.38182,1.38182,1.38182,1.38182,0,1
1755415380000,1755415439000,1.38182,1.38182,1.38182,1.38182,0,1
1755415440000,1755415499000,1.38182,1.38182,1.38182,1.38182,0,1
1755415500000,1755415559000,1.38182,1.38182,1.38182,1.38182,0,1
1755415560000,1755415619000,1.38182,1.38182,1.38182,1.38182,0,1
1755415620000,1755415679000,1.38182,1.38182,1.38182,1.38182,0,1
1755415680000,1755415739000,1.38182,1.38182,1.38182,1.38182,0,1
1755415740000,1755415799000,1.38182,1.38182,1.38182,1.38182,0,1
1755415800000,1755415859000,1.38182,1.38182,1.38182,1.38182,0,1
1755415860000,1755415919000,1.38182,1.38182,1.38182,1.38182,0,1
1755415920000,1755415979000,1.38182,1.38182,1.38182,1.38182,0,1
1755415980000,1755416039000,1.38182,1.38182,1.38182,1.38182,0,1
1755416040000,1755416099000,1.38182,1.38182,1.38182,1.38182,0,1
1755416100000,1755416159000,1.38182,1.38182,1.38182,1.38182,0,1
1755416160000,1755416219000,1.38182,1.38182,1.38182,1.38182,0,1
1755416220000,1755416279000,1.38182,1.38182,1.38182,1.38182,0,1
1755416280000,1755416339000,1.38182,1.38182,1.38182,1.38182,0,1
1755416340000,1755416399000,1.38182,1.38182,1.38182,1.38182,0,1
1755416400000,1755416459000,1.38182,1.38182,1.38182,1.38182,0,1
1755416460000,1755416519000,1.38182,1.38182,1.38182,1.38182,0,1
1755416520000,1755416579000,1.38182,1.38182,1.38182,1.38182,0,1
1755416580000,1755416639000,1.38182,1.38182,1.38182,1.38182,0,1
1755416640000,1755416699000,1.38182,1.38182,1.38182,1.38182,0,1
1755416700000,1755416759000,1.38182,1.38182,1.38182,1.38182,0,1
1755416760000,1755416819000,1.38182,1.38182,1.38182,1.38182,0,1
1755416820000,1755416879000,1.38182,1.38182,1.38182,1.38182,0,1
1755416880000,1755416939000,1.38182,1.38182,1.38182,1.38182,0,1
1755416940000,1755416999000,1.38182,1.38182,1.38182,1.38182,0,1
1755417000000,1755417059000,1.38182,1.38182,1.38182,1.38182,0,1
1755417060000,1755417119000,1.38182,1.38182,1.38182,1.38182,0,1
1755417120000,1755417179000,1.38182,1.38182,1.38182,1.38182,0,1
1755417180000,1755417239000,1.38182,1.38182,1.38182,1.38182,0,1
1755417240000,1755417299000,1.38182,1.38182,1.38182,1.38182,0,1
1755417300000,1755417359000,1.38182,1.38182,1.38182,1.38182,0,1
1755417360000,1755417419000,1.38182,1.38182,1.38182,1.38182,0,1
1755417420000,1755417479000,1.38182,1.38182,1.38182,1.38182,0,1
1755417480000,1755417539000,1.38182,1.38182,1.38182,1.38182,0,1
1755417540000,1755417599000,1.38182,1.38182,1.38182,1.38182,0,1
1755417600000,1755417659000,1.38182,1.38182,1.38182,1.38182,0,1
1755417660000,1755417719000,1.38182,1.38182,1.38182,1.38182,0,1
1755417720000,1755417779000,1.38182,1.38182,1.38182,1.38182,0,1
1755417780000,1755417839000,1.38182,1.38182,1.38182,1.38182,0,1
1755417840000,1755417899000,1.38182,1.38182,1.38182,1.38182,0,1
1755417900000,1755417959000,1.38182,1.38182,1.38182,1.38182,0,1
1755417960000,1755418019000,1.38182,1.38182,1.38182,1.38182,0,1
1755418020000,1755418079000,1.38182,1.38182,1.38182,1.38182,0,1
1755418080000,1755418139000,1.38182,1.38182,1.38182,1.38182,0,1
1755418140000,1755418199000,1.38182,1.38182,1.38182,1.38182,0,1
1755418200000,1755418259000,1.38182,1.38182,1.38182,1.38182,0,1
1755418260000,1755418319000,1.38182,1.38182,1.38182,1.38182,0,1
1755418320000,1755418379000,1.38182,1.38182,1.38182,1.38182,0,1
1755418380000,1755418439000,1.38182,1.38182,1.38182,1.38182,0,1
1755418440000,1755418499000,1.38182,1.38182,1.38182,1.38182,0,1
1755418500000,1755418559000,1.38182,1.38182,1.38182,1.38182,0,1
1755418560000,1755418619000,1.38182,1.38182,1.38182,1.38182,0,1
1755418620000,1755418679000,1.38182,1.38182,1.38182,1.38182,0,1
1755418680000,1755418739000,1.38182,1.38182,1.38182,1.38182,0,1
1755418740000,1755418799000,1.38182,1.38182,1.38182,1.38182,0,1
1755418800000,1755418859000,1.38182,1.38182,1.38182,1.38182,0,1
1755418860000,1755418919000,1.38182,1.38182,1.38182,1.38182,0,1
1755418920000,1755418979000,1.38182,1.38182,1.38182,1.38182,0,1
1755418980000,1755419039000,1.38182,1.38182,1.38182,1.38182,0,1
1755419040000,1755419099000,1.38182,1.38182,1.38182,1.38182,0,1
1755419100000,1755419159000,1.38182,1.38182,1.38182,1.38182,0,1
1755419160000,1755419219000,1.38182,1.38182,1.38182,1.38182,0,1
1755419220000,1755419279000,1.38182,1.38182,1.38182,1.38182,0,1
1755419280000,1755419339000,1.38182,1.38182,1.38182,1.38182,0,1
1755419340000,1755419399000,1.38182,1.38182,1.38182,1.38182,0,1
1755419400000,1755419459000,1.38182,1.38182,1.38182,1.38182,0,1
1755419460000,1755419519000,1.38182,1.38182,1.38182,1.38182,0,1
1755419520000,1755419579000,1.38182,1.38182,1.38182,1.38182,0,1
1755419580000,1755419639000,1.38182,1.38182,1.38182,1.38182,0,1
1755419640000,1755419699000,1.38182,1.38182,1.38182,1.38182,0,1
1755419700000,1755419759000,1.38182,1.38182,1.38182,1.38182,0,1
1755419760000,1755419819000,1.38182,1.38182,1.38182,1.38182,0,1
1755419820000,1755419879000,1.38182,1.38182,1.38182,1.38182,0,1
1755419880000,1755419939000,1.38182,1.38182,1.38182,1.38182,0,1
1755419940000,1755419999000,1.38182,1.38182,1.38182,1.38182,0,1
1755420000000,1755420059000,1.38182,1.38182,1.38182,1.38182,0,1
1755420060000,1755420119000,1.38182,1.38182,1.38182,1.38182,0,1
1755420120000,1755420179000,1.38182,1.38182,1.38182,1.38182,0,1
1755420180000,1755420239000,1.38182,1.38182,1.38182,1.38182,0,1
1755420240000,1755420299000,1.38182,1.38182,1.38182,1.38182,0,1
1755420300000,1755420359000,1.38182,1.38182,1.38182,1.38182,0,1
1755420360000,1755420419000,1.38182,1.38182,1.38182,1.38182,0,1
1755420420000,1755420479000,1.38182,1.38182,1.38182,1.38182,0,1
1755420480000,1755420539000,1.38182,1.38182,1.38182,1.38182,0,1
1755420540000,1755420599000,1.38182,1.38182,1.38182,1.38182,0,1
1755420600000,1755420659000,1.38182,1.38182,1.38182,1.38182,0,1
1755420660000,1755420719000,1.38182,1.38182,1.38182,1.38182,0,1
1755420720000,1755420779000,1.38182,1.38182,1.38182,1.38182,0,1
1755420780000,1755420839000,1.38182,1.38182,1.38182,1.38182,0,1
1755420840000,1755420899000,1.38182,1.38182,1.38182,1.38182,0,1
1755420900000,1755420959000,1.38182,1.38182,1.38182,1.38182,0,1
1755420960000,1755421019000,1.38182,1.38182,1.38182,1.38182,0,1
1755421020000,1755421079000,1.38182,1.38182,1.38182,1.38182,0,1
1755421080000,1755421139000,1.38182,1.38182,1.38182,1.38182,0,1
1755421140000,1755421199000,1.38182,1.38182,1.38182,1.38182,0,1
1755421200000,1755421259000,1.38182,1.38182,1.38182,1.38182,0,1
1755421260000,1755421319000,1.38182,1.38182,1.38182,1.38182,0,1
1755421320000,1755421379000,1.38182,1.38182,1.38182,1.38182,0,1
1755421380000,1755421439000,1.38182,1.38182,1.38182,1.38182,0,1
1755421440000,1755421499000,1.38182,1.38182,1.38182,1.38182,0,1
1755421500000,1755421559000,1.38182,1.38182,1.38182,1.38182,0,1
1755421560000,1755421619000,1.38182,1.38182,1.38182,1.38182,0,1
1755421620000,1755421679000,1.38182,1.38182,1.38182,1.38182,0,1
1755421680000,1755421739000,1.38182,1.38182,1.38182,1.38182,0,1
1755421740000,1755421799000,1.38182,1.38182,1.38182,1.38182,0,1
1755421800000,1755421859000,1.38182,1.38182,1.38182,1.38182,0,1
1755421860000,1755421919000,1.38182,1.38182,1.38182,1.38182,0,1
1755421920000,1755421979000,1.38182,1.38182,1.38182,1.38182,0,1
1755421980000,1755422039000,1.38182,1.38182,1.38182,1.38182,0,1
1755422040000,1755422099000,1.38182,1.38182,1.38182,1.38182,0,1
1755422100000,1755422159000,1.38182,1.38182,1.38182,1.38182,0,1
1755422160000,1755422219000,1.38182,1.38182,1.38182,1.38182,0,1
1755422220000,1755422279000,1.38182,1.38182,1.38182,1.38182,0,1
1755422280000,1755422339000,1.38182,1.38182,1.38182,1.38182,0,1
1755422340000,1755422399000,1.38182,1.38182,1.38182,1.38182,0,1
1755422400000,1755422459000,1.38182,1.38182,1.38182,1.38182,0,1
1755422460000,1755422519000,1.38182,1.38182,1.38182,1.38182,0,1
1755422520000,1755422579000,1.38182,1.38182,1.38182,1.38182,0,1
1755422580000,1755422639000,1.38182,1.38182,1.38182,1.38182,0,1
1755422640000,1755422699000,1.38182,1.38182,1.38182,1.38182,0,1
1755422700000,1755422759000,1.38182,1.38182,1.38182,1.38182,0,1
1755422760000,1755422819000,1.38182,1.38182,1.38182,1.38182,0,1
1755422820000,1755422879000,1.38182,1.38182,1.38182,1.38182,0,1
1755422880000,1755422939000,1.38182,1.38182,1.38182,1.38182,0,1
1755422940000,1755422999000,1.38182,1.38182,1.38182,1.38182,0,1
1755423000000,1755423059000,1.38182,1.38182,1.38182,1.38182,0,1
1755423060000,1755423119000,1.38182,1.38182,1.38182,1.38182,0,1
1755423120000,1755423179000,1.38182,1.38182,1.38182,1.38182,0,1
1755423180000,1755423239000,1.38182,1.38182,1.38182,1.38182,0,1
1755423240000,1755423299000,1.38182,1.38182,1.38182,1.38182,0,1
1755423300000,1755423359000,1.38182,1.38182,1.38182,1.38182,0,1
1755423360000,1755423419000,1.38182,1.38182,1.38182,1.38182,0,1
1755423420000,1755423479000,1.38182,1.38182,1.38182,1.38182,0,1
1755423480000,1755423539000,1.38182,1.38182,1.38182,1.38182,0,1
1755423540000,1755423599000,1.38182,1.38182,1.38182,1.38182,0,1
1755423600000,1755423659000,1.38182,1.38182,1.38182,1.38182,0,1
1755423660000,1755423719000,1.38182,1.38182,1.38182,1.38182,0,1
1755423720000,1755423779000,1.38182,1.38182,1.38182,1.38182,0,1
1755423780000,1755423839000,1.38182,1.38182,1.38182,1.38182,0,1
1755423840000,1755423899000,1.38182,1.38182,1.38182,1.38182,0,1
1755423900000,1755423959000,1.38182,1.38182,1.38182,1.38182,0,1
1755423960000,1755424019000,1.38182,1.38182,1.38182,1.38182,0,1
1755424020000,1755424079000,1.38182,1.38182,1.38182,1.38182,0,1
1755424080000,1755424139000,1.38182,1.38182,1.38182,1.38182,0,1
1755424140000,1755424199000,1.38182,1.38182,1.38182,1.38182,0,1
1755424200000,1755424259000,1.38182,1.38182,1.38182,1.38182,0,1
1755424260000,1755424319000,1.38182,1.38182,1.38182,1.38182,0,1
1755424320000,1755424379000,1.38182,1.38182,1.38182,1.38182,0,1
1755424380000,1755424439000,1.38182,1.38182,1.38182,1.38182,0,1
1755424440000,1755424499000,1.38182,1.38182,1.38182,1.38182,0,1
1755424500000,1755424559000,1.38182,1.38182,1.38182,1.38182,0,1
1755424560000,1755424619000,1.38182,1.38182,1.38182,1.38182,0,1
1755424620000,1755424679000,1.38182,1.38182,1.38182,1.38182,0,1
1755424680000,1755424739000,1.38182,1.38182,1.38182,1.38182,0,1
1755424740000,1755424799000,1.38182,1.38182,1.38182,1.38182,0,1
1755424800000,1755424859000,1.38182,1.38182,1.38182,1.38182,0,1
1755424860000,1755424919000,1.38182,1.38182,1.38182,1.38182,0,1
1755424920000,1755424979000,1.38182,1.38182,1.38182,1.38182,0,1
1755424980000,1755425039000,1.38182,1.38182,1.38182,1.38182,0,1
1755425040000,1755425099000,1.38182,1.38182,1.38182,1.38182,0,1
1755425100000,1755425159000,1.38182,1.38182,1.38182,1.38182,0,1
1755425160000,1755425219000,1.38182,1.38182,1.38182,1.38182,0,1
1755425220000,1755425279000,1.38182,1.38182,1.38182,1.38182,0,1
1755425280000,1755425339000,1.38182,1.38182,1.38182,1.38182,0,1
1755425340000,1755425399000,1.38182,1.38182,1.38182,1.38182,0,1
1755425400000,1755425459000,1.38182,1.38182,1.38182,1.38182,0,1
1755425460000,1755425519000,1.38182,1.38182,1.38182,1.38182,0,1
1755425520000,1755425579000,1.38182,1.38182,1.38182,1.38182,0,1
1755425580000,1755425639000,1.38182,1.38182,1.38182,1.38182,0,1
1755425640000,1755425699000,1.38182,1.38182,1.38182,1.38182,0,1
1755425700000,1755425759000,1.38182,1.38182,1.38182,1.38182,0,1
1755425760000,1755425819000,1.38182,1.38182,1.38182,1.38182,0,1
1755425820000,1755425879000,1.38182,1.38182,1.38182,1.38182,0,1
1755425880000,1755425939000,1.38182,1.38182,1.38182,1.38182,0,1
1755425940000,1755425999000,1.38182,1.38182,1.38182,1.38182,0,1
1755426000000,1755426059000,1.38182,1.38182,1.38182,1.38182,0,1
1755426060000,1755426119000,1.38182,1.38182,1.38182,1.38182,0,1
1755426120000,1755426179000,1.38182,1.38182,1.38182,1.38182,0,1
1755426180000,1755426239000,1.38182,1.38182,1.38182,1.38182,0,1
1755426240000,1755426299000,1.38182,1.38182,1.38182,1.38182,0,1
1755426300000,1755426359000,1.38182,1.38182,1.38182,1.38182,0,1
1755426360000,1755426419000,1.38182,1.38182,1.38182,1.38182,0,1
1755426420000,1755426479000,1.38182,1.38182,1.38182,1.38182,0,1
1755426480000,1755426539000,1.38182,1.38182,1.38182,1.38182,0,1
1755426540000,1755426599000,1.38182,1.38182,1.38182,1.38182,0,1
1755426600000,1755426659000,1.38182,1.38182,1.38182,1.38182,0,1
1755426660000,1755426719000,1.38182,1.38182,1.38182,1.38182,0,1
1755426720000,1755426779000,1.38182,1.38182,1.38182,1.38182,0,1
1755426780000,1755426839000,1.38182,1.38182,1.38182,1.38182,0,1
1755426840000,1755426899000,1.38182,1.38182,1.38182,1.38182,0,1
1755426900000,1755426959000,1.38182,1.38182,1.38182,1.38182,0,1
1755426960000,1755427019000,1.38182,1.38182,1.38182,1.38182,0,1
1755427020000,1755427079000,1.38182,1.38182,1.38182,1.38182,0,1
1755427080000,1755427139000,1.38182,1.38182,1.38182,1.38182,0,1
1755427140000,1755427199000,1.38182,1.38182,1.38182,1.38182,0,1
1755427200000,1755427259000,1.38182,1.38182,1.38182,1.38182,0,1
1755427260000,1755427319000,1.38182,1.38182,1.38182,1.38182,0,1
1755427320000,1755427379000,1.38182,1.38182,1.38182,1.38182,0,1
1755427380000,1755427439000,1.38182,1.38182,1.38182,1.38182,0,1
1755427440000,1755427499000,1.38182,1.38182,1.38182,1.38182,0,1
1755427500000,1755427559000,1.38182,1.38182,1.38182,1.38182,0,1
1755427560000,1755427619000,1.38182,1.38182,1.38182,1.38182,0,1
1755427620000,1755427679000,1.38182,1.38182,1.38182,1.38182,0,1
1755427680000,1755427739000,1.38182,1.38182,1.38182,1.38182,0,1
1755427740000,1755427799000,1.38182,1.38182,1.38182,1.38182,0,1
1755427800000,1755427859000,1.38182,1.38182,1.38182,1.38182,0,1
1755427860000,1755427919000,1.38182,1.38182,1.38182,1.38182,0,1
1755427920000,1755427979000,1.38182,1.38182,1.38182,1.38182,0,1
1755427980000,1755428039000,1.38182,1.38182,1.38182,1.38182,0,1
1755428040000,1755428099000,1.38182,1.38182,1.38182,1.38182,0,1
1755428100000,1755428159000,1.38182,1.38182,1.38182,1.38182,0,1
1755428160000,1755428219000,1.38182,1.38182,1.38182,1.38182,0,1
1755428220000,1755428279000,1.38182,1.38182,1.38182,1.38182,0,1
1755428280000,1755428339000,1.38182,1.38182,1.38182,1.38182,0,1
1755428340000,1755428399000,1.38182,1.38182,1.38182,1.38182,0,1
1755428400000,1755428459000,1.38182,1.38182,1.38182,1.38182,0,1
1755428460000,1755428519000,1.38182,1.38182,1.38182,1.38182,0,1
1755428520000,1755428579000,1.38182,1.38182,1.38182,1.38182,0,1
1755428580000,1755428639000,1.38182,1.38182,1.38182,1.38182,0,1
1755428640000,1755428699000,1.38182,1.38182,1.38182,1.38182,0,1
1755428700000,1755428759000,1.38182,1.38182,1.38182,1.38182,0,1
1755428760000,1755428819000,1.38182,1.38182,1.38182,1.38182,0,1
1755428820000,1755428879000,1.38182,1.38182,1.38182,1.38182,0,1
1755428880000,1755428939000,1.38182,1.38182,1.38182,1.38182,0,1
1755428940000,1755428999000,1.38182,1.38182,1.38182,1.38182,0,1
1755429000000,1755429059000,1.38182,1.38182,1.38182,1.38182,0,1
1755429060000,1755429119000,1.38182,1.38182,1.38182,1.38182,0,1
1755429120000,1755429179000,1.38182,1.38182,1.38182,1.38182,0,1
1755429180000,1755429239000,1.38182,1.38182,1.38182,1.38182,0,1
1755429240000,1755429299000,1.38182,1.38182,1.38182,1.38182,0,1
1755429300000,1755429359000,1.38182,1.38182,1.38182,1.38182,0,1
1755429360000,1755429419000,1.38182,1.38182,1.38182,1.38182,0,1
1755429420000,1755429479000,1.38182,1.38182,1.38182,1.38182,0,1
1755429480000,1755429539000,1.38182,1.38182,1.38182,1.38182,0,1
1755429540000,1755429599000,1.38182,1.38182,1.38182,1.38182,0,1
1755429600000,1755429659000,1.38182,1.38182,1.38182,1.38182,0,1
1755429660000,1755429719000,1.38182,1.38182,1.38182,1.38182,0,1
1755429720000,1755429779000,1.38182,1.38182,1.38182,1.38182,0,1
1755429780000,1755429839000,1.38182,1.38182,1.38182,1.38182,0,1
1755429840000,1755429899000,1.38182,1.38182,1.38182,1.38182,0,1
1755429900000,1755429959000,1.38182,1.38182,1.38182,1.38182,0,1
1755429960000,1755430019000,1.38182,1.38182,1.38182,1.38182,0,1
1755430020000,1755430079000,1.38182,1.38182,1.38182,1.38182,0,1
1755430080000,1755430139000,1.38182,1.38182,1.38182,1.38182,0,1
1755430140000,1755430199000,1.38182,1.38182,1.38182,1.38182,0,1
1755430200000,1755430259000,1.38182,1.38182,1.38182,1.38182,0,1
1755430260000,1755430319000,1.38182,1.38182,1.38182,1.38182,0,1
1755430320000,1755430379000,1.38182,1.38182,1.38182,1.38182,0,1
1755430380000,1755430439000,1.38182,1.38182,1.38182,1.38182,0,1
1755430440000,1755430499000,1.38182,1.38182,1.38182,1.38182,0,1
1755430500000,1755430559000,1.38182,1.38182,1.38182,1.38182,0,1
1755430560000,1755430619000,1.38182,1.38182,1.38182,1.38182,0,1
1755430620000,1755430679000,1.38182,1.38182,1.38182,1.38182,0,1
1755430680000,1755430739000,1.38182,1.38182,1.38182,1.38182,0,1
1755430740000,1755430799000,1.38182,1.38182,1.38182,1.38182,0,1
1755430800000,1755430859000,1.38182,1.38182,1.38182,1.38182,0,1
1755430860000,1755430919000,1.38182,1.38182,1.38182,1.38182,0,1
1755430920000,1755430979000,1.38182,1.38182,1.38182,1.38182,0,1
1755430980000,1755431039000,1.38182,1.38182,1.38182,1.38182,0,1
1755431040000,1755431099000,1.38182,1.38182,1.38182,1.38182,0,1
1755431100000,1755431159000,1.38182,1.38182,1.38182,1.38182,0,1
1755431160000,1755431219000,1.38182,1.38182,1.38182,1.38182,0,1
1755431220000,1755431279000,1.38182,1.38182,1.38182,1.38182,0,1
1755431280000,1755431339000,1.38182,1.38182,1.38182,1.38182,0,1
1755431340000,1755431399000,1.38182,1.38182,1.38182,1.38182,0,1
1755431400000,1755431459000,1.38182,1.38182,1.38182,1.38182,0,1
1755431460000,1755431519000,1.38182,1.38182,1.38182,1.38182,0,1
1755431520000,1755431579000,1.38182,1.38182,1.38182,1.38182,0,1
1755431580000,1755431639000,1.38182,1.38182,1.38182,1.38182,0,1
1755431640000,1755431699000,1.38182,1.38182,1.38182,1.38182,0,1
1755431700000,1755431759000,1.38182,1.38182,1.38182,1.38182,0,1
1755431760000,1755431819000,1.38182,1.38182,1.38182,1.38182,0,1
1755431820000,1755431879000,1.38182,1.38182,1.38182,1.38182,0,1
1755431880000,1755431939000,1.38182,1.38182,1.38182,1.38182,0,1
1755431940000,1755431999000,1.38182,1.38182,1.38182,1.38182,0,1
1755432000000,1755432059000,1.38182,1.38182,1.38182,1.38182,0,1
1755432060000,1755432119000,1.38182,1.38182,1.38182,1.38182,0,1
1755432120000,1755432179000,1.38182,1.38182,1.38182,1.38182,0,1
1755432180000,1755432239000,1.38182,1.38182,1.38182,1.38182,0,1
1755432240000,1755432299000,1.38182,1.38182,1.38182,1.38182,0,1
1755432300000,1755432359000,1.38182,1.38182,1.38182,1.38182,0,1
1755432360000,1755432419000,1.38182,1.38182,1.38182,1.38182,0,1
1755432420000,1755432479000,1.38182,1.38182,1.38182,1.38182,0,1
1755432480000,1755432539000,1.38182,1.38182,1.38182,1.38182,0,1
1755432540000,1755432599000,1.38182,1.38182,1.38182,1.38182,0,1
1755432600000,1755432659000,1.38182,1.38182,1.38182,1.38182,0,1
1755432660000,1755432719000,1.38182,1.38182,1.38182,1.38182,0,1
1755432720000,1755432779000,1.38182,1.38182,1.38182,1.38182,0,1
1755432780000,1755432839000,1.38182,1.38182,1.38182,1.38182,0,1
1755432840000,1755432899000,1.38182,1.38182,1.38182,1.38182,0,1
1755432900000,1755432959000,1.38182,1.38182,1.38182,1.38182,0,1
1755432960000,1755433019000,1.38182,1.38182,1.38182,1.38182,0,1
1755433020000,1755433079000,1.38182,1.38182,1.38182,1.38182,0,1
1755433080000,1755433139000,1.38182,1.38182,1.38182,1.38182,0,1
1755433140000,1755433199000,1.38182,1.38182,1.38182,1.38182,0,1
1755433200000,1755433259000,1.38182,1.38182,1.38182,1.38182,0,1
1755433260000,1755433319000,1.38182,1.38182,1.38182,1.38182,0,1
1755433320000,1755433379000,1.38182,1.38182,1.38182,1.38182,0,1
1755433380000,1755433439000,1.38182,1.38182,1.38182,1.38182,0,1
1755433440000,1755433499000,1.38182,1.38182,1.38182,1.38182,0,1
1755433500000,1755433559000,1.38182,1.38182,1.38182,1.38182,0,1
1755433560000,1755433619000,1.38182,1.38182,1.38182,1.38182,0,1
1755433620000,1755433679000,1.38182,1.38182,1.38182,1.38182,0,1
1755433680000,1755433739000,1.38182,1.38182,1.38182,1.38182,0,1
1755433740000,1755433799000,1.38182,1.38182,1.38182,1.38182,0,1
1755433800000,1755433859000,1.38182,1.38182,1.38182,1.38182,0,1
1755433860000,1755433919000,1.38182,1.38182,1.38182,1.38182,0,1
1755433920000,1755433979000,1.38182,1.38182,1.38182,1.38182,0,1
1755433980000,1755434039000,1.38182,1.38182,1.38182,1.38182,0,1
1755434040000,1755434099000,1.38182,1.38182,1.38182,1.38182,0,1
1755434100000,1755434159000,1.38182,1.38182,1.38182,1.38182,0,1
1755434160000,1755434219000,1.38182,1.38182,1.38182,1.38182,0,1
1755434220000,1755434279000,1.38182,1.38182,1.38182,1.38182,0,1
1755434280000,1755434339000,1.38182,1.38182,1.38182,1.38182,0,1
1755434340000,1755434399000,1.38182,1.38182,1.38182,1.38182,0,1
1755434400000,1755434459000,1.38182,1.38182,1.38182,1.38182,0,1
1755434460000,1755434519000,1.38182,1.38182,1.38182,1.38182,0,1
1755434520000,1755434579000,1.38182,1.38182,1.38182,1.38182,0,1
1755434580000,1755434639000,1.38182,1.38182,1.38182,1.38182,0,1
1755434640000,1755434699000,1.38182,1.38182,1.38182,1.38182,0,1
1755434700000,1755434759000,1.38182,1.38182,1.38182,1.38182,0,1
1755434760000,1755434819000,1.38182,1.38182,1.38182,1.38182,0,1
1755434820000,1755434879000,1.38182,1.38182,1.38182,1.38182,0,1
1755434880000,1755434939000,1.38182,1.38182,1.38182,1.38182,0,1
1755434940000,1755434999000,1.38182,1.38182,1.38182,1.38182,0,1
1755435000000,1755435059000,1.38182,1.38182,1.38182,1.38182,0,1
1755435060000,1755435119000,1.38182,1.38182,1.38182,1.38182,0,1
1755435120000,1755435179000,1.38182,1.38182,1.38182,1.38182,0,1
1755435180000,1755435239000,1.38182,1.38182,1.38182,1.38182,0,1
1755435240000,1755435299000,1.38182,1.38182,1.38182,1.38182,0,1
1755435300000,1755435359000,1.38182,1.38182,1.38182,1.38182,0,1
1755435360000,1755435419000,1.38182,1.38182,1.38182,1.38182,0,1
1755435420000,1755435479000,1.38182,1.38182,1.38182,1.38182,0,1
1755435480000,1755435539000,1.38182,1.38182,1.38182,1.38182,0,1
1755435540000,1755435599000,1.38182,1.38182,1.38182,1.38182,0,1
1755435600000,1755435659000,1.38182,1.38182,1.38182,1.38182,0,1
1755435660000,1755435719000,1.38182,1.38182,1.38182,1.38182,0,1
1755435720000,1755435779000,1.38182,1.38182,1.38182,1.38182,0,1
1755435780000,1755435839000,1.38182,1.38182,1.38182,1.38182,0,1
1755435840000,1755435899000,1.38182,1.38182,1.38182,1.38182,0,1
1755435900000,1755435959000,1.38182,1.38182,1.38182,1.38182,0,1
1755435960000,1755436019000,1.38182,1.38182,1.38182,1.38182,0,1
1755436020000,1755436079000,1.38182,1.38182,1.38182,1.38182,0,1
1755436080000,1755436139000,1.38182,1.38182,1.38182,1.38182,0,1
1755436140000,1755436199000,1.38182,1.38182,1.38182,1.38182,0,1
1755436200000,1755436259000,1.38182,1.38182,1.38182,1.38182,0,1
1755436260000,1755436319000,1.38182,1.38182,1.38182,1.38182,0,1
1755436320000,1755436379000,1.38182,1.38182,1.38182,1.38182,0,1
1755436380000,1755436439000,1.38182,1.38182,1.38182,1.38182,0,1
1755436440000,1755436499000,1.38182,1.38182,1.38182,1.38182,0,1
1755436500000,1755436559000,1.38182,1.38182,1.38182,1.38182,0,1
1755436560000,1755436619000,1.38182,1.38182,1.38182,1.38182,0,1
1755436620000,1755436679000,1.38182,1.38182,1.38182,1.38182,0,1
1755436680000,1755436739000,1.38182,1.38182,1.38182,1.38182,0,1
1755436740000,1755436799000,1.38182,1.38182,1.38182,1.38182,0,1
1755436800000,1755436859000,1.38182,1.38182,1.38182,1.38182,0,1
1755436860000,1755436919000,1.38182,1.38182,1.38182,1.38182,0,1
1755436920000,1755436979000,1.38182,1.38182,1.38182,1.38182,0,1
1755436980000,1755437039000,1.38182,1.38182,1.38182,1.38182,0,1
1755437040000,1755437099000,1.38182,1.38182,1.38182,1.38182,0,1
1755437100000,1755437159000,1.38182,1.38182,1.38182,1.38182,0,1
1755437160000,1755437219000,1.38182,1.38182,1.38182,1.38182,0,1
1755437220000,1755437279000,1.38182,1.38182,1.38182,1.38182,0,1
1755437280000,1755437339000,1.38182,1.38182,1.38182,1.38182,0,1
1755437340000,1755437399000,1.38182,1.38182,1.38182,1.38182,0,1
1755437400000,1755437459000,1.38182,1.38182,1.38182,1.38182,0,1
1755437460000,1755437519000,1.38182,1.38182,1.38182,1.38182,0,1
1755437520000,1755437579000,1.38182,1.38182,1.38182,1.38182,0,1
1755437580000,1755437639000,1.38182,1.38182,1.38182,1.38182,0,1
1755437640000,1755437699000,1.38182,1.38182,1.38182,1.38182,0,1
1755437700000,1755437759000,1.38182,1.38182,1.38182,1.38182,0,1
1755437760000,1755437819000,1.38182,1.38182,1.38182,1.38182,0,1
1755437820000,1755437879000,1.38182,1.38182,1.38182,1.38182,0,1
1755437880000,1755437939000,1.38182,1.38182,1.38182,1.38182,0,1
1755437940000,1755437999000,1.38182,1.38182,1.38182,1.38182,0,1
1755438000000,1755438059000,1.38182,1.38182,1.38182,1.38182,0,1
1755438060000,1755438119000,1.38182,1.38182,1.38182,1.38182,0,1
1755438120000,1755438179000,1.38182,1.38182,1.38182,1.38182,0,1
1755438180000,1755438239000,1.38182,1.38182,1.38182,1.38182,0,1
1755438240000,1755438299000,1.38182,1.38182,1.38182,1.38182,0,1
1755438300000,1755438359000,1.38182,1.38182,1.38182,1.38182,0,1
1755438360000,1755438419000,1.38182,1.38182,1.38182,1.38182,0,1
1755438420000,1755438479000,1.38182,1.38182,1.38182,1.38182,0,1
1755438480000,1755438539000,1.38182,1.38182,1.38182,1.38182,0,1
1755438540000,1755438599000,1.38182,1.38182,1.38182,1.38182,0,1
1755438600000,1755438659000,1.38182,1.38182,1.38182,1.38182,0,1
1755438660000,1755438719000,1.38182,1.38182,1.38182,1.38182,0,1
1755438720000,1755438779000,1.38182,1.38182,1.38182,1.38182,0,1
1755438780000,1755438839000,1.38182,1.38182,1.38182,1.38182,0,1
1755438840000,1755438899000,1.38182,1.38182,1.38182,1.38182,0,1
1755438900000,1755438959000,1.38182,1.38182,1.38182,1.38182,0,1
1755438960000,1755439019000,1.38182,1.38182,1.38182,1.38182,0,1
1755439020000,1755439079000,1.38182,1.38182,1.38182,1.38182,0,1
1755439080000,1755439139000,1.38182,1.38182,1.38182,1.38182,0,1
1755439140000,1755439199000,1.38182,1.38182,1.38182,1.38182,0,1
1755439200000,1755439259000,1.38182,1.38182,1.38182,1.38182,0,1
1755439260000,1755439319000,1.38182,1.38182,1.38182,1.38182,0,1
1755439320000,1755439379000,1.38182,1.38182,1.38182,1.38182,0,1
1755439380000,1755439439000,1.38182,1.38182,1.38182,1.38182,0,1
1755439440000,1755439499000,1.38182,1.38182,1.38182,1.38182,0,1
1755439500000,1755439559000,1.38182,1.38182,1.38182,1.38182,0,1
1755439560000,1755439619000,1.38182,1.38182,1.38182,1.38182,0,1
1755439620000,1755439679000,1.38182,1.38182,1.38182,1.38182,0,1
1755439680000,1755439739000,1.38182,1.38182,1.38182,1.38182,0,1
1755439740000,1755439799000,1.38182,1.38182,1.38182,1.38182,0,1
1755439800000,1755439859000,1.38182,1.38182,1.38182,1.38182,0,1
1755439860000,1755439919000,1.38182,1.38182,1.38182,1.38182,0,1
1755439920000,1755439979000,1.38182,1.38182,1.38182,1.38182,0,1
1755439980000,1755440039000,1.38182,1.38182,1.38182,1.38182,0,1
1755440040000,1755440099000,1.38182,1.38182,1.38182,1.38182,0,1
1755440100000,1755440159000,1.38182,1.38182,1.38182,1.38182,0,1
1755440160000,1755440219000,1.38182,1.38182,1.38182,1.38182,0,1
1755440220000,1755440279000,1.38182,1.38182,1.38182,1.38182,0,1
1755440280000,1755440339000,1.38182,1.38182,1.38182,1.38182,0,1
1755440340000,1755440399000,1.38182,1.38182,1.38182,1.38182,0,1
1755440400000,1755440459000,1.38182,1.38182,1.38182,1.38182,0,1
1755440460000,1755440519000,1.38182,1.38182,1.38182,1.38182,0,1
1755440520000,1755440579000,1.38182,1.38182,1.38182,1.38182,0,1
1755440580000,1755440639000,1.38182,1.38182,1.38182,1.38182,0,1
1755440640000,1755440699000,1.38182,1.38182,1.38182,1.38182,0,1
1755440700000,1755440759000,1.38182,1.38182,1.38182,1.38182,0,1
1755440760000,1755440819000,1.38182,1.38182,1.38182,1.38182,0,1
1755440820000,1755440879000,1.38182,1.38182,1.38182,1.38182,0,1
1755440880000,1755440939000,1.38182,1.38182,1.38182,1.38182,0,1
1755440940000,1755440999000,1.38182,1.38182,1.38182,1.38182,0,1
1755441000000,1755441059000,1.38182,1.38182,1.38182,1.38182,0,1
1755441060000,1755441119000,1.38182,1.38182,1.38182,1.38182,0,1
1755441120000,1755441179000,1.38182,1.38182,1.38182,1.38182,0,1
1755441180000,1755441239000,1.38182,1.38182,1.38182,1.38182,0,1
1755441240000,1755441299000,1.38182,1.38182,1.38182,1.38182,0,1
1755441300000,1755441359000,1.38182,1.38182,1.38182,1.38182,0,1
1755441360000,1755441419000,1.38182,1.38182,1.38182,1.38182,0,1
1755441420000,1755441479000,1.38182,1.38182,1.38182,1.38182,0,1
1755441480000,1755441539000,1.38182,1.38182,1.38182,1.38182,0,1
1755441540000,1755441599000,1.38182,1.38182,1.38182,1.38182,0,1
1755441600000,1755441659000,1.38182,1.38182,1.38182,1.38182,0,1
1755441660000,1755441719000,1.38182,1.38182,1.38182,1.38182,0,1
1755441720000,1755441779000,1.38182,1.38182,1.38182,1.38182,0,1
1755441780000,1755441839000,1.38182,1.38182,1.38182,1.38182,0,1
1755441840000,1755441899000,1.38182,1.38182,1.38182,1.38182,0,1
1755441900000,1755441959000,1.38182,1.38182,1.38182,1.38182,0,1
1755441960000,1755442019000,1.38182,1.38182,1.38182,1.38182,0,1
1755442020000,1755442079000,1.38182,1.38182,1.38182,1.38182,0,1
1755442080000,1755442139000,1.38182,1.38182,1.38182,1.38182,0,1
1755442140000,1755442199000,1.38182,1.38182,1.38182,1.38182,0,1
1755442200000,1755442259000,1.38182,1.38182,1.38182,1.38182,0,1
1755442260000,1755442319000,1.38182,1.38182,1.38182,1.38182,0,1
1755442320000,1755442379000,1.38182,1.38182,1.38182,1.38182,0,1
1755442380000,1755442439000,1.38182,1.38182,1.38182,1.38182,0,1
1755442440000,1755442499000,1.38182,1.38182,1.38182,1.38182,0,1
1755442500000,1755442559000,1.38182,1.38182,1.38182,1.38182,0,1
1755442560000,1755442619000,1.38182,1.38182,1.38182,1.38182,0,1
1755442620000,1755442679000,1.38182,1.38182,1.38182,1.38182,0,1
1755442680000,1755442739000,1.38182,1.38182,1.38182,1.38182,0,1
1755442740000,1755442799000,1.38182,1.38182,1.38182,1.38182,0,1
1755442800000,1755442859000,1.38182,1.38182,1.38182,1.38182,0,1
1755442860000,1755442919000,1.38182,1.38182,1.38182,1.38182,0,1
1755442920000,1755442979000,1.38182,1.38182,1.38182,1.38182,0,1
1755442980000,1755443039000,1.38182,1.38182,1.38182,1.38182,0,1
1755443040000,1755443099000,1.38182,1.38182,1.38182,1.38182,0,1
1755443100000,1755443159000,1.38182,1.38182,1.38182,1.38182,0,1
1755443160000,1755443219000,1.38182,1.38182,1.38182,1.38182,0,1
1755443220000,1755443279000,1.38182,1.38182,1.38182,1.38182,0,1
1755443280000,1755443339000,1.38182,1.38182,1.38182,1.38182,0,1
1755443340000,1755443399000,1.38182,1.38182,1.38182,1.38182,0,1
1755443400000,1755443459000,1.38182,1.38182,1.38182,1.38182,0,1
1755443460000,1755443519000,1.38182,1.38182,1.38182,1.38182,0,1
1755443520000,1755443579000,1.38182,1.38182,1.38182,1.38182,0,1
1755443580000,1755443639000,1.38182,1.38182,1.38182,1.38182,0,1
1755443640000,1755443699000,1.38182,1.38182,1.38182,1.38182,0,1
1755443700000,1755443759000,1.38182,1.38182,1.38182,1.38182,0,1
1755443760000,1755443819000,1.38182,1.38182,1.38182,1.38182,0,1
1755443820000,1755443879000,1.38182,1.38182,1.38182,1.38182,0,1
1755443880000,1755443939000,1.38182,1.38182,1.38182,1.38182,0,1
1755443940000,1755443999000,1.38182,1.38182,1.38182,1.38182,0,1
1755444000000,1755444059000,1.38182,1.38182,1.38182,1.38182,0,1
1755444060000,1755444119000,1.38182,1.38182,1.38182,1.38182,0,1
1755444120000,1755444179000,1.38182,1.38182,1.38182,1.38182,0,1
1755444180000,1755444239000,1.38182,1.38182,1.38182,1.38182,0,1
1755444240000,1755444299000,1.38182,1.38182,1.38182,1.38182,0,1
1755444300000,1755444359000,1.38182,1.38182,1.38182,1.38182,0,1
1755444360000,1755444419000,1.38182,1.38182,1.38182,1.38182,0,1
1755444420000,1755444479000,1.38182,1.38182,1.38182,1.38182,0,1
1755444480000,1755444539000,1.38182,1.38182,1.38182,1.38182,0,1
1755444540000,1755444599000,1.38182,1.38182,1.38182,1.38182,0,1
1755444600000,1755444659000,1.38182,1.38182,1.38182,1.38182,0,1
1755444660000,1755444719000,1.38182,1.38182,1.38182,1.38182,0,1
1755444720000,1755444779000,1.38182,1.38182,1.38182,1.38182,0,1
1755444780000,1755444839000,1.38182,1.38182,1.38182,1.38182,0,1
1755444840000,1755444899000,1.38182,1.38182,1.38182,1.38182,0,1
1755444900000,1755444959000,1.38182,1.38182,1.38182,1.38182,0,1
1755444960000,1755445019000,1.38182,1.38182,1.38182,1.38182,0,1
1755445020000,1755445079000,1.38182,1.38182,1.38182,1.38182,0,1
1755445080000,1755445139000,1.38182,1.38182,1.38182,1.38182,0,1
1755445140000,1755445199000,1.38182,1.38182,1.38182,1.38182,0,1
1755445200000,1755445259000,1.38182,1.38182,1.38182,1.38182,0,1
1755445260000,1755445319000,1.38182,1.38182,1.38182,1.38182,0,1
1755445320000,1755445379000,1.38182,1.38182,1.38182,1.38182,0,1
1755445380000,1755445439000,1.38182,1.38182,1.38182,1.38182,0,1
1755445440000,1755445499000,1.38182,1.38182,1.38182,1.38182,0,1
1755445500000,1755445559000,1.38182,1.38182,1.38182,1.38182,0,1
1755445560000,1755445619000,1.38182,1.38182,1.38182,1.38182,0,1
1755445620000,1755445679000,1.38182,1.38182,1.38182,1.38182,0,1
1755445680000,1755445739000,1.38182,1.38182,1.38182,1.38182,0,1
1755445740000,1755445799000,1.38182,1.38182,1.38182,1.38182,0,1
1755445800000,1755445859000,1.38182,1.38182,1.38182,1.38182,0,1
1755445860000,1755445919000,1.38182,1.38182,1.38182,1.38182,0,1
1755445920000,1755445979000,1.38182,1.38182,1.38182,1.38182,0,1
1755445980000,1755446039000,1.38182,1.38182,1.38182,1.38182,0,1
1755446040000,1755446099000,1.38182,1.38182,1.38182,1.38182,0,1
1755446100000,1755446159000,1.38182,1.38182,1.38182,1.38182,0,1
1755446160000,1755446219000,1.38182,1.38182,1.38182,1.38182,0,1
1755446220000,1755446279000,1.38182,1.38182,1.38182,1.38182,0,1
1755446280000,1755446339000,1.38182,1.38182,1.38182,1.38182,0,1
1755446340000,1755446399000,1.38182,1.38182,1.38182,1.38182,0,1
1755446400000,1755446459000,1.38182,1.38182,1.38182,1.38182,0,1
1755446460000,1755446519000,1.38182,1.38182,1.38182,1.38182,0,1
1755446520000,1755446579000,1.38182,1.38182,1.38182,1.38182,0,1
1755446580000,1755446639000,1.38182,1.38182,1.38182,1.38182,0,1
1755446640000,1755446699000,1.38182,1.38182,1.38182,1.38182,0,1
1755446700000,1755446759000,1.38182,1.38182,1.38182,1.38182,0,1
1755446760000,1755446819000,1.38182,1.38182,1.38182,1.38182,0,1
1755446820000,1755446879000,1.38182,1.38182,1.38182,1.38182,0,1
1755446880000,1755446939000,1.38182,1.38182,1.38182,1.38182,0,1
1755446940000,1755446999000,1.38182,1.38182,1.38182,1.38182,0,1
1755447000000,1755447059000,1.38182,1.38182,1.38182,1.38182,0,1
1755447060000,1755447119000,1.38182,1.38182,1.38182,1.38182,0,1
1755447120000,1755447179000,1.38182,1.38182,1.38182,1.38182,0,1
1755447180000,1755447239000,1.38182,1.38182,1.38182,1.38182,0,1
1755447240000,1755447299000,1.38182,1.38182,1.38182,1.38182,0,1
1755447300000,1755447359000,1.38182,1.38182,1.38182,1.38182,0,1
1755447360000,1755447419000,1.38182,1.38182,1.38182,1.38182,0,1
1755447420000,1755447479000,1.38182,1.38182,1.38182,1.38182,0,1
1755447480000,1755447539000,1.38182,1.38182,1.38182,1.38182,0,1
1755447540000,1755447599000,1.38182,1.38182,1.38182,1.38182,0,1
1755447600000,1755447659000,1.38182,1.38182,1.38182,1.38182,0,1
1755447660000,1755447719000,1.38182,1.38182,1.38182,1.38182,0,1
1755447720000,1755447779000,1.38182,1.38182,1.38182,1.38182,0,1
1755447780000,1755447839000,1.38182,1.38182,1.38182,1.38182,0,1
1755447840000,1755447899000,1.38182,1.38182,1.38182,1.38182,0,1
1755447900000,1755447959000,1.38182,1.38182,1.38182,1.38182,0,1
1755447960000,1755448019000,1.38182,1.38182,1.38182,1.38182,0,1
1755448020000,1755448079000,1.38182,1.38182,1.38182,1.38182,0,1
1755448080000,1755448139000,1.38182,1.38182,1.38182,1.38182,0,1
1755448140000,1755448199000,1.38182,1.38182,1.38182,1.38182,0,1
1755448200000,1755448259000,1.38182,1.38182,1.38182,1.38182,0,1
1755448260000,1755448319000,1.38182,1.38182,1.38182,1.38182,0,1
1755448320000,1755448379000,1.38182,1.38182,1.38182,1.38182,0,1
1755448380000,1755448439000,1.38182,1.38182,1.38182,1.38182,0,1
1755448440000,1755448499000,1.38182,1.38182,1.38182,1.38182,0,1
1755448500000,1755448559000,1.38182,1.38182,1.38182,1.38182,0,1
1755448560000,1755448619000,1.38182,1.38182,1.38182,1.38182,0,1
1755448620000,1755448679000,1.38182,1.38182,1.38182,1.38182,0,1
1755448680000,1755448739000,1.38182,1.38182,1.38182,1.38182,0,1
1755448740000,1755448799000,1.38182,1.38182,1.38182,1.38182,0,1
1755448800000,1755448859000,1.38182,1.38182,1.38182,1.38182,0,1
1755448860000,1755448919000,1.38182,1.38182,1.38182,1.38182,0,1
1755448920000,1755448979000,1.38182,1.38182,1.38182,1.38182,0,1
1755448980000,1755449039000,1.38182,1.38182,1.38182,1.38182,0,1
1755449040000,1755449099000,1.38182,1.38182,1.38182,1.38182,0,1
1755449100000,1755449159000,1.38182,1.38182,1.38182,1.38182,0,1
1755449160000,1755449219000,1.38182,1.38182,1.38182,1.38182,0,1
1755449220000,1755449279000,1.38182,1.38182,1.38182,1.38182,0,1
1755449280000,1755449339000,1.38182,1.38182,1.38182,1.38182,0,1
1755449340000,1755449399000,1.38182,1.38182,1.38182,1.38182,0,1
1755449400000,1755449459000,1.38182,1.38182,1.38182,1.38182,0,1
1755449460000,1755449519000,1.38182,1.38182,1.38182,1.38182,0,1
1755449520000,1755449579000,1.38182,1.38182,1.38182,1.38182,0,1
1755449580000,1755449639000,1.38182,1.38182,1.38182,1.38182,0,1
1755449640000,1755449699000,1.38182,1.38182,1.38182,1.38182,0,1
1755449700000,1755449759000,1.38182,1.38182,1.38182,1.38182,0,1
1755449760000,1755449819000,1.38182,1.38182,1.38182,1.38182,0,1
1755449820000,1755449879000,1.38182,1.38182,1.38182,1.38182,0,1
1755449880000,1755449939000,1.38182,1.38182,1.38182,1.38182,0,1
1755449940000,1755449999000,1.38182,1.38182,1.38182,1.38182,0,1
1755450000000,1755450059000,1.38182,1.38182,1.38182,1.38182,0,1
1755450060000,1755450119000,1.38182,1.38182,1.38182,1.38182,0,1
1755450120000,1755450179000,1.38182,1.38182,1.38182,1.38182,0,1
1755450180000,1755450239000,1.38182,1.38182,1.38182,1.38182,0,1
1755450240000,1755450299000,1.38182,1.38182,1.38182,1.38182,0,1
1755450300000,1755450359000,1.38182,1.38182,1.38182,1.38182,0,1
1755450360000,1755450419000,1.38182,1.38182,1.38182,1.38182,0,1
1755450420000,1755450479000,1.38182,1.38182,1.38182,1.38182,0,1
1755450480000,1755450539000,1.38182,1.38182,1.38182,1.38182,0,1
1755450540000,1755450599000,1.38182,1.38182,1.38182,1.38182,0,1
1755450600000,1755450659000,1.38182,1.38182,1.38182,1.38182,0,1
1755450660000,1755450719000,1.38182,1.38182,1.38182,1.38182,0,1
1755450720000,1755450779000,1.38182,1.38182,1.38182,1.38182,0,1
1755450780000,1755450839000,1.38182,1.38182,1.38182,1.38182,0,1
1755450840000,1755450899000,1.38182,1.38182,1.38182,1.38182,0,1
1755450900000,1755450959000,1.38182,1.38182,1.38182,1.38182,0,1
1755450960000,1755451019000,1.38182,1.38182,1.38182,1.38182,0,1
1755451020000,1755451079000,1.38182,1.38182,1.38182,1.38182,0,1
1755451080000,1755451139000,1.38182,1.38182,1.38182,1.38182,0,1
1755451140000,1755451199000,1.38182,1.38182,1.38182,1.38182,0,1
1755451200000,1755451259000,1.38182,1.38182,1.38182,1.38182,0,1
1755451260000,1755451319000,1.38182,1.38182,1.38182,1.38182,0,1
1755451320000,1755451379000,1.38182,1.38182,1.38182,1.38182,0,1
1755451380000,1755451439000,1.38182,1.38182,1.38182,1.38182,0,1
1755451440000,1755451499000,1.38182,1.38182,1.38182,1.38182,0,1
1755451500000,1755451559000,1.38182,1.38182,1.38182,1.38182,0,1
1755451560000,1755451619000,1.38182,1.38182,1.38182,1.38182,0,1
1755451620000,1755451679000,1.38182,1.38182,1.38182,1.38182,0,1
1755451680000,1755451739000,1.38182,1.38182,1.38182,1.38182,0,1
1755451740000,1755451799000,1.38182,1.38182,1.38182,1.38182,0,1
1755451800000,1755451859000,1.38182,1.38182,1.38182,1.38182,0,1
1755451860000,1755451919000,1.38182,1.38182,1.38182,1.38182,0,1
1755451920000,1755451979000,1.38182,1.38182,1.38182,1.38182,0,1
1755451980000,1755452039000,1.38182,1.38182,1.38182,1.38182,0,1
1755452040000,1755452099000,1.38182,1.38182,1.38182,1.38182,0,1
1755452100000,1755452159000,1.38182,1.38182,1.38182,1.38182,0,1
1755452160000,1755452219000,1.38182,1.38182,1.38182,1.38182,0,1
1755452220000,1755452279000,1.38182,1.38182,1.38182,1.38182,0,1
1755452280000,1755452339000,1.38182,1.38182,1.38182,1.38182,0,1
1755452340000,1755452399000,1.38182,1.38182,1.38182,1.38182,0,1
1755452400000,1755452459000,1.38182,1.38182,1.38182,1.38182,0,1
1755452460000,1755452519000,1.38182,1.38182,1.38182,1.38182,0,1
1755452520000,1755452579000,1.38182,1.38182,1.38182,1.38182,0,1
1755452580000,1755452639000,1.38182,1.38182,1.38182,1.38182,0,1
1755452640000,1755452699000,1.38182,1.38182,1.38182,1.38182,0,1
1755452700000,1755452759000,1.38182,1.38182,1.38182,1.38182,0,1
1755452760000,1755452819000,1.38182,1.38182,1.38182,1.38182,0,1
1755452820000,1755452879000,1.38182,1.38182,1.38182,1.38182,0,1
1755452880000,1755452939000,1.38182,1.38182,1.38182,1.38182,0,1
1755452940000,1755452999000,1.38182,1.38182,1.38182,1.38182,0,1
1755453000000,1755453059000,1.38182,1.38182,1.38182,1.38182,0,1
1755453060000,1755453119000,1.38182,1.38182,1.38182,1.38182,0,1
1755453120000,1755453179000,1.38182,1.38182,1.38182,1.38182,0,1
1755453180000,1755453239000,1.38182,1.38182,1.38182,1.38182,0,1
1755453240000,1755453299000,1.38182,1.38182,1.38182,1.38182,0,1
1755453300000,1755453359000,1.38182,1.38182,1.38182,1.38182,0,1
1755453360000,1755453419000,1.38182,1.38182,1.38182,1.38182,0,1
1755453420000,1755453479000,1.38182,1.38182,1.38182,1.38182,0,1
1755453480000,1755453539000,1.38182,1.38182,1.38182,1.38182,0,1
1755453540000,1755453599000,1.38182,1.38182,1.38182,1.38182,0,1
1755453600000,1755453659000,1.38182,1.38182,1.38182,1.38182,0,1
1755453660000,1755453719000,1.38182,1.38182,1.38182,1.38182,0,1
1755453720000,1755453779000,1.38182,1.38182,1.38182,1.38182,0,1
1755453780000,1755453839000,1.38182,1.38182,1.38182,1.38182,0,1
1755453840000,1755453899000,1.38182,1.38182,1.38182,1.38182,0,1
1755453900000,1755453959000,1.38182,1.38182,1.38182,1.38182,0,1
1755453960000,1755454019000,1.38182,1.38182,1.38182,1.38182,0,1
1755454020000,1755454079000,1.38182,1.38182,1.38182,1.38182,0,1
1755454080000,1755454139000,1.38182,1.38182,1.38182,1.38182,0,1
1755454140000,1755454199000,1.38182,1.38182,1.38182,1.38182,0,1
1755454200000,1755454259000,1.38182,1.38182,1.38182,1.38182,0,1
1755454260000,1755454319000,1.38182,1.38182,1.38182,1.38182,0,1
1755454320000,1755454379000,1.38182,1.38182,1.38182,1.38182,0,1
1755454380000,1755454439000,1.38182,1.38182,1.38182,1.38182,0,1
1755454440000,1755454499000,1.38182,1.38182,1.38182,1.38182,0,1
1755454500000,1755454559000,1.38182,1.38182,1.38182,1.38182,0,1
1755454560000,1755454619000,1.38182,1.38182,1.38182,1.38182,0,1
1755454620000,1755454679000,1.38182,1.38182,1.38182,1.38182,0,1
1755454680000,1755454739000,1.38182,1.38182,1.38182,1.38182,0,1
1755454740000,1755454799000,1.38182,1.38182,1.38182,1.38182,0,1
1755454800000,1755454859000,1.38182,1.38182,1.38182,1.38182,0,1
1755454860000,1755454919000,1.38182,1.38182,1.38182,1.38182,0,1
1755454920000,1755454979000,1.38182,1.38182,1.38182,1.38182,0,1
1755454980000,1755455039000,1.38182,1.38182,1.38182,1.38182,0,1
1755455040000,1755455099000,1.38182,1.38182,1.38182,1.38182,0,1
1755455100000,1755455159000,1.38182,1.38182,1.38182,1.38182,0,1
1755455160000,1755455219000,1.38182,1.38182,1.38182,1.38182,0,1
1755455220000,1755455279000,1.38182,1.38182,1.38182,1.38182,0,1
1755455280000,1755455339000,1.38182,1.38182,1.38182,1.38182,0,1
1755455340000,1755455399000,1.38182,1.38182,1.38182,1.38182,0,1
1755455400000,1755455459000,1.38182,1.38182,1.38182,1.38182,0,1
1755455460000,1755455519000,1.38182,1.38182,1.38182,1.38182,0,1
1755455520000,1755455579000,1.38182,1.38182,1.38182,1.38182,0,1
1755455580000,1755455639000,1.38182,1.38182,1.38182,1.38182,0,1
1755455640000,1755455699000,1.38182,1.38182,1.38182,1.38182,0,1
1755455700000,1755455759000,1.38182,1.38182,1.38182,1.38182,0,1
1755455760000,1755455819000,1.38182,1.38182,1.38182,1.38182,0,1
1755455820000,1755455879000,1.38182,1.38182,1.38182,1.38182,0,1
1755455880000,1755455939000,1.38182,1.38182,1.38182,1.38182,0,1
1755455940000,1755455999000,1.38182,1.38182,1.38182,1.38182,0,1
1755456000000,1755456059000,1.38182,1.38182,1.38182,1.38182,0,1
1755456060000,1755456119000,1.38182,1.38182,1.38182,1.38182,0,1
1755456120000,1755456179000,1.38182,1.38182,1.38182,1.38182,0,1
1755456180000,1755456239000,1.38182,1.38182,1.38182,1.38182,0,1
1755456240000,1755456299000,1.38182,1.38182,1.38182,1.38182,0,1
1755456300000,1755456359000,1.38182,1.38182,1.38182,1.38182,0,1
1755456360000,1755456419000,1.38182,1.38182,1.38182,1.38182,0,1
1755456420000,1755456479000,1.38182,1.38182,1.38182,1.38182,0,1
1755456480000,1755456539000,1.38182,1.38182,1.38182,1.38182,0,1
1755456540000,1755456599000,1.38182,1.38182,1.38182,1.38182,0,1
1755456600000,1755456659000,1.38182,1.38182,1.38182,1.38182,0,1
1755456660000,1755456719000,1.38182,1.38182,1.38182,1.38182,0,1
1755456720000,1755456779000,1.38182,1.38182,1.38182,1.38182,0,1
1755456780000,1755456839000,1.38182,1.38182,1.38182,1.38182,0,1
1755456840000,1755456899000,1.38182,1.38182,1.38182,1.38182,0,1
1755456900000,1755456959000,1.38182,1.38182,1.38182,1.38182,0,1
1755456960000,1755457019000,1.38182,1.38182,1.38182,1.38182,0,1
1755457020000,1755457079000,1.38182,1.38182,1.38182,1.38182,0,1
1755457080000,1755457139000,1.38182,1.38182,1.38182,1.38182,0,1
1755457140000,1755457199000,1.38182,1.38182,1.38182,1.38182,0,1
1755457200000,1755457259000,1.38182,1.38182,1.38182,1.38182,0,1
1755457260000,1755457319000,1.38182,1.38182,1.38182,1.38182,0,1
1755457320000,1755457379000,1.38182,1.38182,1.38182,1.38182,0,1
1755457380000,1755457439000,1.38182,1.38182,1.38182,1.38182,0,1
1755457440000,1755457499000,1.38182,1.38182,1.38182,1.38182,0,1
1755457500000,1755457559000,1.38182,1.38182,1.38182,1.38182,0,1
1755457560000,1755457619000,1.38182,1.38182,1.38182,1.38182,0,1
1755457620000,1755457679000,1.38182,1.38182,1.38182,1.38182,0,1
1755457680000,1755457739000,1.38182,1.38182,1.38182,1.38182,0,1
1755457740000,1755457799000,1.38182,1.38182,1.38182,1.38182,0,1
1755457800000,1755457859000,1.38182,1.38182,1.38182,1.38182,0,1
1755457860000,1755457919000,1.38182,1.38182,1.38182,1.38182,0,1
1755457920000,1755457979000,1.38182,1.38182,1.38182,1.38182,0,1
1755457980000,1755458039000,1.38182,1.38182,1.38182,1.38182,0,1
1755458040000,1755458099000,1.38182,1.38182,1.38182,1.38182,0,1
1755458100000,1755458159000,1.38182,1.38182,1.38182,1.38182,0,1
1755458160000,1755458219000,1.38182,1.38182,1.38182,1.38182,0,1
1755458220000,1755458279000,1.38182,1.38182,1.38182,1.38182,0,1
1755458280000,1755458339000,1.38182,1.38182,1.38182,1.38182,0,1
1755458340000,1755458399000,1.38182,1.38182,1.38182,1.38182,0,1
1755458400000,1755458459000,1.38182,1.38182,1.38182,1.38182,0,1
1755458460000,1755458519000,1.38182,1.38182,1.38182,1.38182,0,1
1755458520000,1755458579000,1.38182,1.38182,1.38182,1.38182,0,1
1755458580000,1755458639000,1.38182,1.38182,1.38182,1.38182,0,1
1755458640000,1755458699000,1.38182,1.38182,1.38182,1.38182,0,1
1755458700000,1755458759000,1.38182,1.38182,1.38182,1.38182,0,1
1755458760000,1755458819000,1.38182,1.38182,1.38182,1.38182,0,1
1755458820000,1755458879000,1.38182,1.38182,1.38182,1.38182,0,1
1755458880000,1755458939000,1.38182,1.38182,1.38182,1.38182,0,1
1755458940000,1755458999000,1.38182,1.38182,1.38182,1.38182,0,1
1755459000000,1755459059000,1.38182,1.38182,1.38182,1.38182,0,1
1755459060000,1755459119000,1.38182,1.38182,1.38182,1.38182,0,1
1755459120000,1755459179000,1.38182,1.38182,1.38182,1.38182,0,1
1755459180000,1755459239000,1.38182,1.38182,1.38182,1.38182,0,1
1755459240000,1755459299000,1.38182,1.38182,1.38182,1.38182,0,1
1755459300000,1755459359000,1.38182,1.38182,1.38182,1.38182,0,1
1755459360000,1755459419000,1.38182,1.38182,1.38182,1.38182,0,1
1755459420000,1755459479000,1.38182,1.38182,1.38182,1.38182,0,1
1755459480000,1755459539000,1.38182,1.38182,1.38182,1.38182,0,1
1755459540000,1755459599000,1.38182,1.38182,1.38182,1.38182,0,1
1755459600000,1755459659000,1.38182,1.38182,1.38182,1.38182,0,1
1755459660000,1755459719000,1.38182,1.38182,1.38182,1.38182,0,1
1755459720000,1755459779000,1.38182,1.38182,1.38182,1.38182,0,1
1755459780000,1755459839000,1.38182,1.38182,1.38182,1.38182,0,1
1755459840000,1755459899000,1.38182,1.38182,1.38182,1.38182,0,1
1755459900000,1755459959000,1.38182,1.38182,1.38182,1.38182,0,1
1755459960000,1755460019000,1.38182,1.38182,1.38182,1.38182,0,1
1755460020000,1755460079000,1.38182,1.38182,1.38182,1.38182,0,1
1755460080000,1755460139000,1.38182,1.38182,1.38182,1.38182,0,1
1755460140000,1755460199000,1.38182,1.38182,1.38182,1.38182,0,1
1755460200000,1755460259000,1.38182,1.38182,1.38182,1.38182,0,1
1755460260000,1755460319000,1.38182,1.38182,1.38182,1.38182,0,1
1755460320000,1755460379000,1.38182,1.38182,1.38182,1.38182,0,1
1755460380000,1755460439000,1.38182,1.38182,1.38182,1.38182,0,1
1755460440000,1755460499000,1.38182,1.38182,1.38182,1.38182,0,1
1755460500000,1755460559000,1.38182,1.38182,1.38182,1.38182,0,1
1755460560000,1755460619000,1.38182,1.38182,1.38182,1.38182,0,1
1755460620000,1755460679000,1.38182,1.38182,1.38182,1.38182,0,1
1755460680000,1755460739000,1.38182,1.38182,1.38182,1.38182,0,1
1755460740000,1755460799000,1.38182,1.38182,1.38182,1.38182,0,1
1755460800000,1755460859000,1.38182,1.38182,1.38182,1.38182,0,1
1755460860000,1755460919000,1.38182,1.38182,1.38182,1.38182,0,1
1755460920000,1755460979000,1.38182,1.38182,1.38182,1.38182,0,1
1755460980000,1755461039000,1.38182,1.38182,1.38182,1.38182,0,1
1755461040000,1755461099000,1.38182,1.38182,1.38182,1.38182,0,1
1755461100000,1755461159000,1.38182,1.38182,1.38182,1.38182,0,1
1755461160000,1755461219000,1.38182,1.38182,1.38182,1.38182,0,1
1755461220000,1755461279000,1.38182,1.38182,1.38182,1.38182,0,1
1755461280000,1755461339000,1.38182,1.38182,1.38182,1.38182,0,1
1755461340000,1755461399000,1.38182,1.38182,1.38182,1.38182,0,1
1755461400000,1755461459000,1.38182,1.38182,1.38182,1.38182,0,1
1755461460000,1755461519000,1.38182,1.38182,1.38182,1.38182,0,1
1755461520000,1755461579000,1.38182,1.38182,1.38182,1.38182,0,1
1755461580000,1755461639000,1.38182,1.38182,1.38182,1.38182,0,1
1755461640000,1755461699000,1.38182,1.38182,1.38182,1.38182,0,1
1755461700000,1755461759000,1.38182,1.38182,1.38182,1.38182,0,1
1755461760000,1755461819000,1.38182,1.38182,1.38182,1.38182,0,1
1755461820000,1755461879000,1.38182,1.38182,1.38182,1.38182,0,1
1755461880000,1755461939000,1.38182,1.38182,1.38182,1.38182,0,1
1755461940000,1755461999000,1.38182,1.38182,1.38182,1.38182,0,1
1755462000000,1755462059000,1.38182,1.38182,1.38182,1.38182,0,1
1755462060000,1755462119000,1.38182,1.38182,1.38182,1.38182,0,1
1755462120000,1755462179000,1.38182,1.38182,1.38182,1.38182,0,1
1755462180000,1755462239000,1.38182,1.38182,1.38182,1.38182,0,1
1755462240000,1755462299000,1.38182,1.38182,1.38182,1.38182,0,1
1755462300000,1755462359000,1.38182,1.38182,1.38182,1.38182,0,1
1755462360000,1755462419000,1.38182,1.38182,1.38182,1.38182,0,1
1755462420000,1755462479000,1.38182,1.38182,1.38182,1.38182,0,1
1755462480000,1755462539000,1.38182,1.38182,1.38182,1.38182,0,1
1755462540000,1755462599000,1.38182,1.38182,1.38182,1.38182,0,1
1755462600000,1755462659000,1.38182,1.38182,1.38182,1.38182,0,1
1755462660000,1755462719000,1.38182,1.38182,1.38182,1.38182,0,1
1755462720000,1755462779000,1.38182,1.38182,1.38182,1.38182,0,1
1755462780000,1755462839000,1.38182,1.38182,1.38182,1.38182,0,1
1755462840000,1755462899000,1.38182,1.38182,1.38182,1.38182,0,1
1755462900000,1755462959000,1.38182,1.38182,1.38182,1.38182,0,1
1755462960000,1755463019000,1.38182,1.38182,1.38182,1.38182,0,1
1755463020000,1755463079000,1.38182,1.38182,1.38182,1.38182,0,1
1755463080000,1755463139000,1.38182,1.38182,1.38182,1.38182,0,1
1755463140000,1755463199000,1.38182,1.38182,1.38182,1.38182,0,1
1755463200000,1755463259000,1.38182,1.38182,1.38182,1.38182,0,1
1755463260000,1755463319000,1.38182,1.38182,1.38182,1.38182,0,1
1755463320000,1755463379000,1.38182,1.38182,1.38182,1.38182,0,1
1755463380000,1755463439000,1.38182,1.38182,1.38182,1.38182,0,1
1755463440000,1755463499000,1.38182,1.38182,1.38182,1.38182,0,1
1755463500000,1755463559000,1.38182,1.38182,1.38182,1.38182,0,1
1755463560000,1755463619000,1.38182,1.38182,1.38182,1.38182,0,1
1755463620000,1755463679000,1.38182,1.38182,1.38182,1.38182,0,1
1755463680000,1755463739000,1.38182,1.38182,1.38182,1.38182,0,1
1755463740000,1755463799000,1.38182,1.38182,1.38182,1.38182,0,1
1755463800000,1755463859000,1.38182,1.38182,1.38182,1.38182,0,1
1755463860000,1755463919000,1.38182,1.38182,1.38182,1.38182,0,1
1755463920000,1755463979000,1.38182,1.38182,1.38182,1.38182,0,1
1755463980000,1755464039000,1.38182,1.38182,1.38182,1.38182,0,1
1755464040000,1755464099000,1.38182,1.38182,1.38182,1.38182,0,1
1755464100000,1755464159000,1.38182,1.38182,1.38182,1.38182,0,1
1755464160000,1755464219000,1.38182,1.38182,1.38182,1.38182,0,1
1755464220000,1755464279000,1.38182,1.38182,1.38182,1.38182,0,1
1755464280000,1755464339000,1.38182,1.38182,1.38182,1.38182,0,1
1755464340000,1755464399000,1.38182,1.38182,1.38182,1.38182,0,1
1755464400000,1755464459000,1.38118,1.38119,1.38118,1.38119,2700000,1
1755464460000,1755464519000,1.38118,1.38118,1.38118,1.38118,900000,1
1755464520000,1755464579000,1.38119,1.38119,1.38118,1.38118,1800000,1
1755464580000,1755464639000,1.38118,1.38118,1.38118,1.38118,1200000,1
1755464640000,1755464699000,1.38118,1.38119,1.38118,1.38119,1800000,1
1755464700000,1755464759000,1.38112,1.38116,1.38112,1.38115,6300000,1
1755464760000,1755464819000,1.38116,1.38117,1.38115,1.38116,8100000,1
1755464820000,1755464879000,1.38117,1.38117,1.38116,1.38117,3900000,1
1755464880000,1755464939000,1.38115,1.38116,1.38115,1.38115,3300000,1
1755464940000,1755464999000,1.38115,1.38115,1.38115,1.38115,1200000,1
1755465000000,1755465059000,1.38116,1.38117,1.38115,1.38115,4200000,1
1755465060000,1755465119000,1.38115,1.38115,1.38115,1.38115,900000,1
1755465120000,1755465179000,1.38116,1.38116,1.38103,1.38114,10200000,1
1755465180000,1755465239000,1.38114,1.38114,1.38114,1.38114,1200000,1
1755465240000,1755465299000,1.38114,1.38114,1.38114,1.38114,0,1
1755465300000,1755465359000,1.38114,1.38116,1.38104,1.38116,10800000,1
1755465360000,1755465419000,1.38115,1.38117,1.38115,1.38117,3600000,1
1755465420000,1755465479000,1.38116,1.38118,1.38116,1.38118,7200000,1
1755465480000,1755465539000,1.38117,1.38118,1.38116,1.38116,3600000,1
1755465540000,1755465599000,1.38115,1.38117,1.38115,1.38117,6000000,1
1755465600000,1755465659000,1.38117,1.38117,1.38114,1.38114,7800000,1
1755465660000,1755465719000,1.38114,1.38114,1.38114,1.38114,2100000,1
1755465720000,1755465779000,1.38116,1.38116,1.38115,1.38116,6000000,1
1755465780000,1755465839000,1.38115,1.38116,1.38113,1.38113,6000000,1
1755465840000,1755465899000,1.38114,1.38114,1.38113,1.38113,3300000,1
1755465900000,1755465959000,1.38113,1.38115,1.38113,1.38114,6300000,1
1755465960000,1755466019000,1.38116,1.38116,1.38113,1.38113,12300000,1
1755466020000,1755466079000,1.38113,1.38115,1.38113,1.38114,7800000,1
1755466080000,1755466139000,1.38113,1.38116,1.38113,1.38113,14400000,1
1755466140000,1755466199000,1.38114,1.38115,1.38113,1.38115,7200000,1
1755466200000,1755466259000,1.38114,1.38115,1.38114,1.38114,5700000,1
1755466260000,1755466319000,1.38113,1.38114,1.38113,1.38113,3600000,1
1755466320000,1755466379000,1.38113,1.38113,1.38113,1.38113,3600000,1
1755466380000,1755466439000,1.38113,1.38113,1.38113,1.38113,1800000,1
1755466440000,1755466499000,1.38113,1.38113,1.38113,1.38113,1800000,1
1755466500000,1755466559000,1.38114,1.38114,1.38113,1.38113,1800000,1
1755466560000,1755466619000,1.38114,1.38114,1.38113,1.38113,19800000,1
1755466620000,1755466679000,1.38113,1.38118,1.38112,1.38112,8700000,1
1755466680000,1755466739000,1.3811,1.38115,1.3811,1.38114,4800000,1
1755466740000,1755466799000,1.38114,1.38114,1.38114,1.38114,1200000,1
1755466800000,1755466859000,1.38114,1.38115,1.38114,1.38115,2400000,1
1755466860000,1755466919000,1.38115,1.38115,1.38115,1.38115,0,1
1755466920000,1755466979000,1.3812,1.38121,1.38119,1.38119,9750000,1
1755466980000,1755467039000,1.3812,1.38121,1.38119,1.38119,6600000,1
1755467040000,1755467099000,1.38119,1.3812,1.38119,1.3812,2400000,1
1755467100000,1755467159000,1.38119,1.3812,1.38119,1.3812,2400000,1
1755467160000,1755467219000,1.38121,1.38121,1.38117,1.3812,5400000,1
1755467220000,1755467279000,1.38119,1.38121,1.38119,1.38119,7200000,1
1755467280000,1755467339000,1.3812,1.3812,1.38119,1.3812,3600000,1
1755467340000,1755467399000,1.38121,1.38121,1.3812,1.3812,1800000,1
1755467400000,1755467459000,1.38119,1.38124,1.38119,1.38124,10500000,1
1755467460000,1755467519000,1.38124,1.38125,1.38124,1.38125,3000000,1
1755467520000,1755467579000,1.38123,1.38123,1.38123,1.38123,2400000,1
1755467580000,1755467639000,1.38124,1.38124,1.38123,1.38123,3600000,1
1755467640000,1755467699000,1.38123,1.38125,1.38123,1.38124,6600000,1
1755467700000,1755467759000,1.38123,1.38124,1.38122,1.38124,5700000,1
1755467760000,1755467819000,1.38125,1.38125,1.38125,1.38125,1200000,1
1755467820000,1755467879000,1.38124,1.38125,1.38123,1.38125,4800000,1
1755467880000,1755467939000,1.38125,1.38125,1.38125,1.38125,900000,1
1755467940000,1755467999000,1.38125,1.38125,1.38124,1.38124,2700000,1
1755468000000,1755468059000,1.38124,1.38127,1.38112,1.3812,40500000,1
1755468060000,1755468119000,1.38118,1.38138,1.38105,1.38135,38250000,1
1755468120000,1755468179000,1.38137,1.38139,1.38134,1.38136,20700000,1
1755468180000,1755468239000,1.38136,1.38136,1.38124,1.38125,3600000,1
1755468240000,1755468299000,1.38124,1.38127,1.38124,1.38127,8400000,1
1755468300000,1755468359000,1.38127,1.38127,1.38118,1.38121,23400000,1
1755468360000,1755468419000,1.38122,1.38122,1.38122,1.38122,1800000,1
1755468420000,1755468479000,1.38122,1.38124,1.38122,1.38123,4200000,1
1755468480000,1755468539000,1.38124,1.38124,1.38124,1.38124,1800000,1
1755468540000,1755468599000,1.38125,1.38137,1.38125,1.38134,20400000,1
1755468600000,1755468659000,1.38134,1.38135,1.38134,1.38134,7800000,1
1755468660000,1755468719000,1.38135,1.38135,1.38126,1.38127,15750000,1
1755468720000,1755468779000,1.38126,1.38131,1.38123,1.38131,21900000,1
1755468780000,1755468839000,1.3813,1.3813,1.38129,1.3813,10350000,1
1755468840000,1755468899000,1.38127,1.38129,1.38126,1.38129,14400000,1
1755468900000,1755468959000,1.3813,1.38133,1.38122,1.38122,19650000,1
1755468960000,1755469019000,1.38122,1.38127,1.38122,1.38127,13200000,1
1755469020000,1755469079000,1.38126,1.38134,1.38126,1.38131,13200000,1
1755469080000,1755469139000,1.38131,1.38134,1.38131,1.38133,31950000,1
1755469140000,1755469199000,1.38135,1.38135,1.38133,1.38135,15600000,1
1755469200000,1755469259000,1.38133,1.38134,1.38131,1.38132,10200000,1
1755469260000,1755469319000,1.38132,1.38136,1.38132,1.38133,15600000,1
1755469320000,1755469379000,1.38133,1.38133,1.3813,1.38131,34200000,1
1755469380000,1755469439000,1.3813,1.38132,1.3813,1.38131,15450000,1
1755469440000,1755469499000,1.38131,1.38132,1.38131,1.38132,7650000,1
1755469500000,1755469559000,1.38133,1.38134,1.38133,1.38134,9000000,1
1755469560000,1755469619000,1.38134,1.38135,1.38133,1.38134,24000000,1
1755469620000,1755469679000,1.38132,1.38139,1.38132,1.38137,22800000,1
1755469680000,1755469739000,1.38135,1.38135,1.38132,1.38133,33600000,1
1755469740000,1755469799000,1.38134,1.38135,1.38134,1.38134,13200000,1
1755469800000,1755469859000,1.38135,1.38135,1.38133,1.38134,30450000,1
1755469860000,1755469919000,1.38133,1.38134,1.38133,1.38133,40650000,1
1755469920000,1755469979000,1.38134,1.38134,1.38125,1.38126,28050000,1
1755469980000,1755470039000,1.38124,1.38126,1.38121,1.38125,32190000,1
1755470040000,1755470099000,1.38126,1.3813,1.38119,1.38119,21660000,1
1755470100000,1755470159000,1.3812,1.3812,1.38116,1.3812,32550000,1
1755470160000,1755470219000,1.38122,1.3813,1.38122,1.38127,20700000,1
1755470220000,1755470279000,1.38128,1.38128,1.38128,1.38128,2550000,1
1755470280000,1755470339000,1.38129,1.38129,1.38128,1.38129,10350000,1
1755470340000,1755470399000,1.38127,1.38131,1.38127,1.38131,5850000,1
1755470400000,1755470459000,1.3813,1.38132,1.3813,1.38132,4800000,1
1755470460000,1755470519000,1.38129,1.38132,1.38128,1.38132,7200000,1
1755470520000,1755470579000,1.3813,1.3813,1.3813,1.3813,1200000,1
1755470580000,1755470639000,1.38131,1.38131,1.38131,1.38131,1200000,1
1755470640000,1755470699000,1.3813,1.38132,1.3813,1.38132,3600000,1
1755470700000,1755470759000,1.38131,1.38133,1.38131,1.38133,6000000,1
1755470760000,1755470819000,1.38132,1.38133,1.38131,1.38132,7200000,1
1755470820000,1755470879000,1.38129,1.38133,1.38129,1.38133,5700000,1
1755470880000,1755470939000,1.38129,1.38131,1.38129,1.38131,9900000,1
1755470940000,1755470999000,1.3813,1.38132,1.3813,1.38132,4500000,1
1755471000000,1755471059000,1.38131,1.38132,1.3813,1.3813,7800000,1
1755471060000,1755471119000,1.3813,1.3814,1.3813,1.3814,17850000,1
1755471120000,1755471179000,1.3814,1.3814,1.3814,1.3814,0,1
1755471180000,1755471239000,1.38139,1.38139,1.38132,1.38133,15600000,1
1755471240000,1755471299000,1.38133,1.3814,1.38133,1.3814,11100000,1
1755471300000,1755471359000,1.38137,1.38137,1.38134,1.38135,9150000,1
1755471360000,1755471419000,1.38133,1.38134,1.38132,1.38134,10800000,1
1755471420000,1755471479000,1.38132,1.38132,1.38096,1.381,225180000,1
1755471480000,1755471539000,1.38103,1.38104,1.38096,1.38102,132960000,1
1755471540000,1755471599000,1.38098,1.38118,1.38093,1.38104,145650000,1
1755471600000,1755471659000,1.38104,1.38118,1.38095,1.38095,121710000,1
1755471660000,1755471719000,1.38095,1.38112,1.38093,1.38111,123810000,1
1755471720000,1755471779000,1.38112,1.38134,1.38108,1.38132,105120000,1
1755471780000,1755471839000,1.38132,1.38141,1.38131,1.3814,45450000,1
1755471840000,1755471899000,1.38141,1.38146,1.38141,1.38145,40500000,1
1755471900000,1755471959000,1.38149,1.3815,1.38147,1.38149,25050000,1
1755471960000,1755472019000,1.38149,1.38151,1.38141,1.38142,38250000,1
1755472020000,1755472079000,1.38141,1.38142,1.38139,1.3814,37050000,1
1755472080000,1755472139000,1.38139,1.38142,1.38134,1.38142,35850000,1
1755472140000,1755472199000,1.38144,1.38144,1.38141,1.38143,23550000,1
1755472200000,1755472259000,1.38144,1.38144,1.3814,1.3814,17550000,1
1755472260000,1755472319000,1.3814,1.38145,1.3814,1.38145,23250000,1
1755472320000,1755472379000,1.38145,1.3815,1.3814,1.3814,44340000,1
1755472380000,1755472439000,1.3814,1.38145,1.3814,1.38142,23100000,1
1755472440000,1755472499000,1.38141,1.38149,1.38141,1.38148,43380000,1
1755472500000,1755472559000,1.38147,1.38148,1.38144,1.38146,21150000,1
1755472560000,1755472619000,1.38145,1.3815,1.38143,1.38143,35850000,1
1755472620000,1755472679000,1.38145,1.38149,1.38145,1.38149,28140000,1
1755472680000,1755472739000,1.38148,1.38148,1.38136,1.38139,28620000,1
1755472740000,1755472799000,1.38139,1.38142,1.38138,1.38141,21750000,1
1755472800000,1755472859000,1.38142,1.38147,1.38142,1.38146,20880000,1
1755472860000,1755472919000,1.38146,1.38146,1.38146,1.38146,4560000,1
1755472920000,1755472979000,1.38146,1.38146,1.38145,1.38145,5160000,1
1755472980000,1755473039000,1.38148,1.38148,1.3814,1.38141,45720000,1
1755473040000,1755473099000,1.38141,1.38141,1.38141,1.38141,8550000,1
1755473100000,1755473159000,1.38143,1.38143,1.38139,1.38141,32400000,1
1755473160000,1755473219000,1.38142,1.38142,1.38137,1.38139,21450000,1
1755473220000,1755473279000,1.38138,1.3814,1.38138,1.38138,7200000,1
1755473280000,1755473339000,1.38138,1.38139,1.38137,1.38139,10350000,1
1755473340000,1755473399000,1.38137,1.38138,1.38137,1.38138,3600000,1
1755473400000,1755473459000,1.38137,1.38142,1.38137,1.3814,31500000,1
1755473460000,1755473519000,1.38139,1.38141,1.38139,1.38139,39270000,1
1755473520000,1755473579000,1.38145,1.38145,1.38141,1.38141,24750000,1
1755473580000,1755473639000,1.38141,1.38142,1.38138,1.3814,22920000,1
1755473640000,1755473699000,1.3814,1.38142,1.38139,1.38142,27120000,1
1755473700000,1755473759000,1.38141,1.38143,1.38141,1.38142,47040000,1
1755473760000,1755473819000,1.38142,1.38146,1.38142,1.38143,44730000,1
1755473820000,1755473879000,1.38143,1.38143,1.38139,1.38139,34200000,1
1755473880000,1755473939000,1.38139,1.38145,1.38138,1.3814,28710000,1
1755473940000,1755473999000,1.38142,1.38145,1.3814,1.3814,26520000,1
1755474000000,1755474059000,1.3814,1.38149,1.3814,1.38149,19770000,1
1755474060000,1755474119000,1.38148,1.3815,1.38147,1.3815,13200000,1
1755474120000,1755474179000,1.38151,1.38151,1.3815,1.3815,9600000,1
1755474180000,1755474239000,1.38149,1.38151,1.38149,1.3815,10800000,1
1755474240000,1755474299000,1.3815,1.3815,1.38148,1.3815,12000000,1
1755474300000,1755474359000,1.3815,1.3816,1.38149,1.38158,34320000,1
1755474360000,1755474419000,1.38157,1.38162,1.38157,1.38162,28800000,1
1755474420000,1755474479000,1.3816,1.38162,1.38158,1.3816,9600000,1
1755474480000,1755474539000,1.38161,1.38168,1.38158,1.38164,21600000,1
1755474540000,1755474599000,1.38163,1.38164,1.38163,1.38164,2400000,1
1755474600000,1755474659000,1.38162,1.38162,1.38161,1.38162,3600000,1
1755474660000,1755474719000,1.38161,1.38163,1.38161,1.38162,13200000,1
1755474720000,1755474779000,1.38162,1.38163,1.38162,1.38162,10800000,1
1755474780000,1755474839000,1.38163,1.38163,1.38161,1.38161,9600000,1
1755474840000,1755474899000,1.38159,1.38159,1.38159,1.38159,3960000,1
1755474900000,1755474959000,1.38159,1.3816,1.38153,1.38155,37200000,1
1755474960000,1755475019000,1.38155,1.38156,1.3815,1.3815,20400000,1
1755475020000,1755475079000,1.3815,1.38152,1.3815,1.38152,18000000,1
1755475080000,1755475139000,1.38152,1.38152,1.3815,1.3815,6000000,1
1755475140000,1755475199000,1.38148,1.3815,1.38145,1.38149,21600000,1
1755475200000,1755475259000,1.3815,1.3815,1.38141,1.38141,82050000,1
1755475260000,1755475319000,1.3814,1.38148,1.38139,1.38146,74640000,1
1755475320000,1755475379000,1.38145,1.38146,1.38132,1.38137,73800000,1
1755475380000,1755475439000,1.38137,1.38141,1.3813,1.3813,77400000,1
1755475440000,1755475499000,1.38131,1.38135,1.3813,1.38133,84150000,1
1755475500000,1755475559000,1.38133,1.38138,1.38126,1.38127,135240000,1
1755475560000,1755475619000,1.38128,1.38139,1.38126,1.38136,109710000,1
1755475620000,1755475679000,1.38137,1.3814,1.38128,1.38131,50100000,1
1755475680000,1755475739000,1.38132,1.38134,1.38122,1.38122,52350000,1
1755475740000,1755475799000,1.38121,1.3813,1.38121,1.38127,65700000,1
1755475800000,1755475859000,1.38127,1.38128,1.38127,1.38127,3600000,1
1755475860000,1755475919000,1.38128,1.38128,1.3812,1.38121,12150000,1
1755475920000,1755475979000,1.3812,1.3812,1.3811,1.38111,43200000,1
1755475980000,1755476039000,1.3811,1.38112,1.38102,1.38108,83400000,1
1755476040000,1755476099000,1.38107,1.38109,1.38103,1.38105,69600000,1
1755476100000,1755476159000,1.38105,1.3811,1.381,1.38101,81300000,1
1755476160000,1755476219000,1.38101,1.38101,1.38095,1.381,78150000,1
1755476220000,1755476279000,1.381,1.38102,1.38098,1.381,41850000,1
1755476280000,1755476339000,1.38098,1.38098,1.3809,1.3809,33000000,1
1755476340000,1755476399000,1.3809,1.38091,1.38081,1.38081,38550000,1
1755476400000,1755476459000,1.38081,1.38082,1.38074,1.38081,60450000,1
1755476460000,1755476519000,1.3808,1.3808,1.38064,1.38065,79110000,1
1755476520000,1755476579000,1.38064,1.38066,1.38062,1.38064,59070000,1
1755476580000,1755476639000,1.38065,1.38065,1.38061,1.38061,45690000,1
1755476640000,1755476699000,1.38061,1.38066,1.38061,1.38064,68790000,1
1755476700000,1755476759000,1.38064,1.38073,1.38064,1.38065,61800000,1
1755476760000,1755476819000,1.38066,1.38066,1.38061,1.38064,71850000,1
1755476820000,1755476879000,1.38065,1.38069,1.38062,1.38063,102300000,1
1755476880000,1755476939000,1.38063,1.38064,1.38056,1.38063,55800000,1
1755476940000,1755476999000,1.38063,1.38063,1.38054,1.38054,22050000,1
1755477000000,1755477059000,1.38054,1.38064,1.38053,1.38064,66150000,1
1755477060000,1755477119000,1.38062,1.38062,1.38053,1.38054,28800000,1
1755477120000,1755477179000,1.38056,1.38064,1.38055,1.38064,59100000,1
1755477180000,1755477239000,1.38066,1.38067,1.38065,1.38066,9900000,1
1755477240000,1755477299000,1.38066,1.38071,1.38066,1.38066,26700000,1
1755477300000,1755477359000,1.38066,1.38074,1.38066,1.38069,22500000,1
1755477360000,1755477419000,1.38068,1.38072,1.38067,1.38072,17550000,1
1755477420000,1755477479000,1.38072,1.38074,1.38072,1.38073,11700000,1
1755477480000,1755477539000,1.38073,1.38073,1.38067,1.38071,19500000,1
1755477540000,1755477599000,1.3807,1.38071,1.38068,1.3807,36000000,1
1755477600000,1755477659000,1.38071,1.38072,1.38064,1.38066,38400000,1
1755477660000,1755477719000,1.38066,1.38067,1.38063,1.38065,28650000,1
1755477720000,1755477779000,1.38064,1.38066,1.38064,1.38066,12000000,1
1755477780000,1755477839000,1.38065,1.3807,1.38064,1.3807,37650000,1
1755477840000,1755477899000,1.38069,1.38072,1.38066,1.38071,22410000,1
1755477900000,1755477959000,1.38071,1.38076,1.38071,1.38072,44460000,1
1755477960000,1755478019000,1.38072,1.38075,1.38071,1.38074,28200000,1
1755478020000,1755478079000,1.38075,1.38076,1.38072,1.38072,53490000,1
1755478080000,1755478139000,1.38073,1.38073,1.38063,1.38064,50850000,1
1755478140000,1755478199000,1.38063,1.38069,1.38063,1.38063,65400000,1
1755478200000,1755478259000,1.38064,1.3807,1.3806,1.3807,75870000,1
1755478260000,1755478319000,1.38071,1.38072,1.38069,1.38071,61770000,1
1755478320000,1755478379000,1.3807,1.38081,1.3807,1.38081,39450000,1
1755478380000,1755478439000,1.3808,1.38099,1.3808,1.38089,103530000,1
1755478440000,1755478499000,1.38089,1.38092,1.38088,1.3809,46500000,1
1755478500000,1755478559000,1.38089,1.38091,1.38085,1.3809,53400000,1
1755478560000,1755478619000,1.3809,1.3809,1.38083,1.38085,83250000,1
1755478620000,1755478679000,1.38085,1.38085,1.38064,1.38064,70560000,1
1755478680000,1755478739000,1.38065,1.3807,1.38064,1.38069,74250000,1
1755478740000,1755478799000,1.3807,1.38072,1.38068,1.38072,44790000,1
1755478800000,1755478859000,1.38071,1.38074,1.38063,1.38064,88050000,1
1755478860000,1755478919000,1.38064,1.38066,1.38063,1.38065,48450000,1
1755478920000,1755478979000,1.38065,1.38069,1.38065,1.38067,30000000,1
1755478980000,1755479039000,1.38067,1.38068,1.38064,1.38067,43440000,1
1755479040000,1755479099000,1.38066,1.38067,1.38065,1.38065,37140000,1
1755479100000,1755479159000,1.38065,1.3807,1.38064,1.38068,83790000,1
1755479160000,1755479219000,1.38066,1.38074,1.38065,1.38072,58140000,1
1755479220000,1755479279000,1.38072,1.38078,1.38072,1.38074,82500000,1
1755479280000,1755479339000,1.38073,1.38077,1.3807,1.38076,54540000,1
1755479340000,1755479399000,1.38075,1.38077,1.38071,1.38072,35700000,1
1755479400000,1755479459000,1.38073,1.38073,1.38057,1.38058,39300000,1
1755479460000,1755479519000,1.38058,1.38059,1.38055,1.38055,84870000,1
1755479520000,1755479579000,1.38055,1.38056,1.38048,1.38051,86940000,1
1755479580000,1755479639000,1.38052,1.38053,1.38051,1.38053,17400000,1
1755479640000,1755479699000,1.38054,1.38065,1.38054,1.38065,75000000,1
1755479700000,1755479759000,1.38064,1.38064,1.38052,1.38052,72750000,1
1755479760000,1755479819000,1.38054,1.38062,1.38051,1.38053,64200000,1
1755479820000,1755479879000,1.38053,1.38055,1.38053,1.38053,28200000,1
1755479880000,1755479939000,1.38053,1.38053,1.38053,1.38053,7950000,1
1755479940000,1755479999000,1.38054,1.38059,1.38054,1.38054,62100000,1
1755480000000,1755480059000,1.38054,1.38057,1.38051,1.38055,43890000,1
1755480060000,1755480119000,1.38054,1.38056,1.38054,1.38056,17700000,1
1755480120000,1755480179000,1.38056,1.38065,1.38056,1.38057,89100000,1
1755480180000,1755480239000,1.38057,1.38065,1.38057,1.38057,62700000,1
1755480240000,1755480299000,1.38057,1.38058,1.38056,1.38057,47250000,1
1755480300000,1755480359000,1.38057,1.38059,1.38057,1.38058,41400000,1
1755480360000,1755480419000,1.38057,1.3806,1.38056,1.38058,35400000,1
1755480420000,1755480479000,1.38058,1.38061,1.38055,1.38055,59220000,1
1755480480000,1755480539000,1.38055,1.38062,1.38053,1.38057,104640000,1
1755480540000,1755480599000,1.38057,1.38069,1.38057,1.38066,41250000,1
1755480600000,1755480659000,1.38066,1.38079,1.38064,1.38076,78510000,1
1755480660000,1755480719000,1.38077,1.38079,1.38066,1.38066,66540000,1
1755480720000,1755480779000,1.38067,1.38068,1.38065,1.38065,64740000,1
1755480780000,1755480839000,1.38065,1.38071,1.38065,1.3807,116610000,1
1755480840000,1755480899000,1.38068,1.38072,1.38067,1.38069,54750000,1
1755480900000,1755480959000,1.3807,1.38075,1.38065,1.38065,63960000,1
1755480960000,1755481019000,1.38065,1.38068,1.38055,1.38056,105330000,1
1755481020000,1755481079000,1.38056,1.3806,1.38053,1.38059,42060000,1
1755481080000,1755481139000,1.38058,1.38061,1.38051,1.38059,59640000,1
1755481140000,1755481199000,1.38059,1.38065,1.38058,1.38064,42600000,1
1755481200000,1755481259000,1.38063,1.38065,1.38062,1.38065,36930000,1
1755481260000,1755481319000,1.38064,1.38066,1.3806,1.38064,37200000,1
1755481320000,1755481379000,1.38066,1.38067,1.38066,1.38066,19320000,1
1755481380000,1755481439000,1.38066,1.38076,1.38066,1.38076,22800000,1
1755481440000,1755481499000,1.38076,1.38084,1.38075,1.3808,31110000,1
1755481500000,1755481559000,1.3808,1.38084,1.38078,1.38078,61950000,1
1755481560000,1755481619000,1.38079,1.38081,1.38076,1.38077,31350000,1
1755481620000,1755481679000,1.38075,1.38076,1.38071,1.38071,40200000,1
1755481680000,1755481739000,1.38071,1.38072,1.38069,1.38071,35490000,1
1755481740000,1755481799000,1.3807,1.38071,1.38061,1.38064,46230000,1
1755481800000,1755481859000,1.38063,1.38063,1.38057,1.38057,44460000,1
1755481860000,1755481919000,1.38056,1.38057,1.38051,1.38052,58320000,1
1755481920000,1755481979000,1.38052,1.38054,1.38046,1.38048,105780000,1
1755481980000,1755482039000,1.38049,1.38049,1.38037,1.38045,78090000,1
1755482040000,1755482099000,1.38046,1.38046,1.38036,1.3804,43350000,1
1755482100000,1755482159000,1.38039,1.38039,1.38026,1.38028,42900000,1
1755482160000,1755482219000,1.38027,1.38029,1.38019,1.38027,110940000,1
1755482220000,1755482279000,1.38026,1.38034,1.38025,1.38034,53400000,1
1755482280000,1755482339000,1.38035,1.38046,1.38034,1.38039,95400000,1
1755482340000,1755482399000,1.38041,1.38042,1.38038,1.38039,60900000,1
1755482400000,1755482459000,1.3804,1.3804,1.38036,1.38036,71400000,1
1755482460000,1755482519000,1.38035,1.38036,1.38031,1.38032,44850000,1
1755482520000,1755482579000,1.38033,1.38034,1.3803,1.38031,53400000,1
1755482580000,1755482639000,1.38033,1.38041,1.38031,1.38038,42000000,1
1755482640000,1755482699000,1.38038,1.38047,1.38032,1.38046,61500000,1
1755482700000,1755482759000,1.38046,1.38048,1.38043,1.38048,32100000,1
1755482760000,1755482819000,1.38048,1.3805,1.38042,1.38043,12150000,1
1755482820000,1755482879000,1.38043,1.3805,1.38042,1.38047,24150000,1
1755482880000,1755482939000,1.38046,1.38046,1.38038,1.38039,30750000,1
1755482940000,1755482999000,1.38039,1.38042,1.38037,1.38038,40020000,1
1755483000000,1755483059000,1.38039,1.38042,1.38037,1.38039,42720000,1
1755483060000,1755483119000,1.38039,1.38043,1.38039,1.3804,43950000,1
1755483120000,1755483179000,1.38041,1.38042,1.38036,1.38036,22500000,1
1755483180000,1755483239000,1.38038,1.38038,1.38037,1.38037,10500000,1
1755483240000,1755483299000,1.38039,1.3805,1.38038,1.3805,56370000,1
1755483300000,1755483359000,1.38051,1.3806,1.38051,1.3806,81300000,1
1755483360000,1755483419000,1.38061,1.38064,1.38059,1.38063,50400000,1
1755483420000,1755483479000,1.38064,1.38068,1.38063,1.38064,54450000,1
1755483480000,1755483539000,1.38064,1.38068,1.38063,1.38065,25800000,1
1755483540000,1755483599000,1.38066,1.38068,1.38065,1.38068,27900000,1
1755483600000,1755483659000,1.38067,1.3807,1.38067,1.38068,38250000,1
1755483660000,1755483719000,1.38068,1.38069,1.38068,1.38068,25350000,1
1755483720000,1755483779000,1.38067,1.38068,1.38067,1.38067,7200000,1
1755483780000,1755483839000,1.38068,1.38075,1.38068,1.38074,52500000,1
1755483840000,1755483899000,1.38074,1.38085,1.38073,1.38085,54300000,1
1755483900000,1755483959000,1.38085,1.38085,1.38083,1.38083,37200000,1
1755483960000,1755484019000,1.38085,1.38086,1.38084,1.38084,23400000,1
1755484020000,1755484079000,1.38085,1.38085,1.3808,1.3808,23100000,1
1755484080000,1755484139000,1.38081,1.38081,1.38076,1.38078,33750000,1
1755484140000,1755484199000,1.38078,1.3808,1.38075,1.38079,49500000,1
1755484200000,1755484259000,1.38082,1.38082,1.38065,1.38065,64260000,1
1755484260000,1755484319000,1.38067,1.38068,1.38063,1.38066,37380000,1
1755484320000,1755484379000,1.38067,1.38067,1.38063,1.38063,26580000,1
1755484380000,1755484439000,1.38063,1.38065,1.38063,1.38064,9240000,1
1755484440000,1755484499000,1.38065,1.38065,1.38065,1.38065,1200000,1
1755484500000,1755484559000,1.38065,1.38066,1.38064,1.38065,13200000,1
1755484560000,1755484619000,1.38071,1.38073,1.38071,1.38072,33750000,1
1755484620000,1755484679000,1.38072,1.38079,1.38072,1.38079,22290000,1
1755484680000,1755484739000,1.38078,1.38082,1.38078,1.3808,15360000,1
1755484740000,1755484799000,1.3808,1.38082,1.3808,1.38081,30630000,1
1755484800000,1755484859000,1.3808,1.38083,1.3808,1.38082,25680000,1
1755484860000,1755484919000,1.38082,1.38092,1.38082,1.38091,37110000,1
1755484920000,1755484979000,1.38093,1.38095,1.38092,1.38095,6750000,1
1755484980000,1755485039000,1.38092,1.38094,1.38092,1.38094,34950000,1
1755485040000,1755485099000,1.38093,1.38093,1.38081,1.38083,26700000,1
1755485100000,1755485159000,1.38082,1.38084,1.38064,1.38065,68730000,1
1755485160000,1755485219000,1.38065,1.38065,1.38063,1.38065,16950000,1
1755485220000,1755485279000,1.38067,1.38069,1.38065,1.38066,34200000,1
1755485280000,1755485339000,1.38067,1.38073,1.38065,1.38071,73950000,1
1755485340000,1755485399000,1.3807,1.38082,1.3807,1.38079,35700000,1
1755485400000,1755485459000,1.38081,1.38081,1.3808,1.3808,15450000,1
1755485460000,1755485519000,1.3808,1.38081,1.3808,1.38081,12900000,1
1755485520000,1755485579000,1.3808,1.38087,1.3808,1.38087,33900000,1
1755485580000,1755485639000,1.38087,1.38093,1.38087,1.38092,45750000,1
1755485640000,1755485699000,1.3809,1.38092,1.38089,1.38089,55350000,1
1755485700000,1755485759000,1.38089,1.3809,1.38084,1.38086,50400000,1
1755485760000,1755485819000,1.38084,1.38091,1.38084,1.38085,37650000,1
1755485820000,1755485879000,1.38084,1.38088,1.38084,1.38085,42780000,1
1755485880000,1755485939000,1.38084,1.38086,1.38083,1.38084,51090000,1
1755485940000,1755485999000,1.38083,1.38083,1.38082,1.38083,33000000,1
1755486000000,1755486059000,1.38083,1.38085,1.38074,1.38074,45990000,1
1755486060000,1755486119000,1.38073,1.38074,1.38053,1.38054,37560000,1
1755486120000,1755486179000,1.38053,1.38055,1.38046,1.38054,55650000,1
1755486180000,1755486239000,1.38056,1.38056,1.38048,1.38048,26400000,1
1755486240000,1755486299000,1.38049,1.38057,1.38048,1.38054,14400000,1
1755486300000,1755486359000,1.38054,1.38058,1.38054,1.38054,19620000,1
1755486360000,1755486419000,1.38055,1.38065,1.38055,1.38065,29580000,1
1755486420000,1755486479000,1.38064,1.38064,1.38056,1.38061,31050000,1
1755486480000,1755486539000,1.38061,1.38061,1.38055,1.38056,38850000,1
1755486540000,1755486599000,1.38054,1.38058,1.38051,1.38055,34500000,1
1755486600000,1755486659000,1.38056,1.38058,1.38045,1.38047,42300000,1
1755486660000,1755486719000,1.38046,1.3805,1.38043,1.38043,31500000,1
1755486720000,1755486779000,1.38044,1.38049,1.38044,1.38046,31050000,1
1755486780000,1755486839000,1.38047,1.38052,1.38047,1.38052,48690000,1
1755486840000,1755486899000,1.38052,1.38058,1.38052,1.38052,47430000,1
1755486900000,1755486959000,1.38052,1.38052,1.38044,1.38046,41070000,1
1755486960000,1755487019000,1.38048,1.38052,1.38047,1.38049,37140000,1
1755487020000,1755487079000,1.38049,1.38049,1.38047,1.38048,16800000,1
1755487080000,1755487139000,1.38047,1.38049,1.38046,1.38048,29340000,1
1755487140000,1755487199000,1.38048,1.38049,1.38044,1.38044,26100000,1
1755487200000,1755487259000,1.38044,1.38046,1.38042,1.38042,40350000,1
1755487260000,1755487319000,1.38042,1.38046,1.38042,1.38046,20700000,1
1755487320000,1755487379000,1.38046,1.38047,1.38044,1.38045,56700000,1
1755487380000,1755487439000,1.38045,1.38052,1.38044,1.38046,41700000,1
1755487440000,1755487499000,1.38046,1.38047,1.38044,1.38046,40350000,1
1755487500000,1755487559000,1.38044,1.38046,1.38038,1.38039,49800000,1
1755487560000,1755487619000,1.38038,1.38041,1.38037,1.3804,97500000,1
1755487620000,1755487679000,1.38039,1.38041,1.38036,1.38037,52050000,1
1755487680000,1755487739000,1.38037,1.38042,1.38037,1.3804,32250000,1
1755487740000,1755487799000,1.38039,1.38042,1.38037,1.38038,13500000,1
1755487800000,1755487859000,1.38038,1.3804,1.38036,1.38036,53100000,1
1755487860000,1755487919000,1.38037,1.38037,1.38028,1.38028,35400000,1
1755487920000,1755487979000,1.38028,1.38036,1.38027,1.38035,35250000,1
1755487980000,1755488039000,1.38035,1.38045,1.38035,1.38045,66300000,1
1755488040000,1755488099000,1.38045,1.38046,1.38034,1.38034,79110000,1
1755488100000,1755488159000,1.38034,1.38034,1.38031,1.38033,53370000,1
1755488160000,1755488219000,1.38032,1.38035,1.38026,1.38034,47670000,1
1755488220000,1755488279000,1.38033,1.38034,1.38028,1.38028,40200000,1
1755488280000,1755488339000,1.38027,1.38027,1.38024,1.38027,20100000,1
1755488340000,1755488399000,1.38027,1.38027,1.38025,1.38025,66300000,1
1755488400000,1755488459000,1.38025,1.38029,1.38025,1.38029,52200000,1
1755488460000,1755488519000,1.38029,1.38029,1.38025,1.38025,52200000,1
1755488520000,1755488579000,1.38025,1.38029,1.38025,1.38028,41340000,1
1755488580000,1755488639000,1.38028,1.38034,1.38026,1.38034,49050000,1
1755488640000,1755488699000,1.38033,1.38034,1.38026,1.38026,27600000,1
1755488700000,1755488759000,1.38027,1.38027,1.38023,1.38024,34800000,1
1755488760000,1755488819000,1.38025,1.38025,1.38024,1.38024,12000000,1
1755488820000,1755488879000,1.38024,1.38026,1.38024,1.38026,12900000,1
1755488880000,1755488939000,1.38025,1.38026,1.38025,1.38025,15900000,1
1755488940000,1755488999000,1.38026,1.38028,1.38025,1.38027,45600000,1
1755489000000,1755489059000,1.38027,1.38027,1.38018,1.38024,49650000,1
1755489060000,1755489119000,1.38025,1.38025,1.38023,1.38024,18600000,1
1755489120000,1755489179000,1.38023,1.38024,1.3802,1.38024,20700000,1
1755489180000,1755489239000,1.38023,1.38025,1.38023,1.38025,35490000,1
1755489240000,1755489299000,1.38025,1.38035,1.38024,1.38035,62460000,1
1755489300000,1755489359000,1.38034,1.38036,1.38031,1.38032,54810000,1
1755489360000,1755489419000,1.38031,1.38034,1.38026,1.38026,26280000,1
1755489420000,1755489479000,1.38026,1.38031,1.38025,1.38029,68850000,1
1755489480000,1755489539000,1.38028,1.3803,1.38026,1.38027,47760000,1
1755489540000,1755489599000,1.38026,1.38027,1.38023,1.38026,79200000,1
1755489600000,1755489659000,1.38028,1.38034,1.38018,1.38018,118650000,1
1755489660000,1755489719000,1.38018,1.38018,1.38008,1.38012,62100000,1
1755489720000,1755489779000,1.38012,1.38024,1.38012,1.38024,24900000,1
1755489780000,1755489839000,1.38023,1.38032,1.38023,1.38032,41250000,1
1755489840000,1755489899000,1.38032,1.38033,1.38026,1.38029,41700000,1
1755489900000,1755489959000,1.38026,1.38026,1.38023,1.38025,42270000,1
1755489960000,1755490019000,1.38024,1.38026,1.38016,1.38017,32760000,1
1755490020000,1755490079000,1.38019,1.38019,1.38017,1.38019,16950000,1
1755490080000,1755490139000,1.38018,1.38019,1.38015,1.38015,37200000,1
1755490140000,1755490199000,1.38013,1.38015,1.3801,1.38014,32100000,1
1755490200000,1755490259000,1.38012,1.38023,1.38012,1.38018,66750000,1
1755490260000,1755490319000,1.38018,1.3802,1.38016,1.3802,60900000,1
1755490320000,1755490379000,1.3802,1.3803,1.3802,1.3803,78000000,1
1755490380000,1755490439000,1.3803,1.38032,1.38028,1.38031,38550000,1
1755490440000,1755490499000,1.38032,1.38032,1.38021,1.38022,45450000,1
1755490500000,1755490559000,1.38023,1.38027,1.38021,1.38021,61650000,1
1755490560000,1755490619000,1.38021,1.38027,1.38021,1.38027,25200000,1
1755490620000,1755490679000,1.38026,1.38028,1.38019,1.38022,41100000,1
1755490680000,1755490739000,1.38022,1.38023,1.38017,1.38023,34050000,1
1755490740000,1755490799000,1.38023,1.38023,1.38017,1.38018,49650000,1
1755490800000,1755490859000,1.38019,1.38022,1.38016,1.3802,42150000,1
1755490860000,1755490919000,1.3802,1.3802,1.38018,1.38019,11400000,1
1755490920000,1755490979000,1.38019,1.38019,1.38015,1.38016,58350000,1
1755490980000,1755491039000,1.38015,1.38016,1.38007,1.38007,41850000,1
1755491040000,1755491099000,1.38007,1.38014,1.38006,1.38013,30300000,1
1755491100000,1755491159000,1.38012,1.38013,1.38007,1.3801,84900000,1
1755491160000,1755491219000,1.38009,1.38014,1.38007,1.38014,54750000,1
1755491220000,1755491279000,1.38013,1.3802,1.38013,1.38016,47490000,1
1755491280000,1755491339000,1.38017,1.38017,1.38015,1.38016,54510000,1
1755491340000,1755491399000,1.38015,1.38015,1.38008,1.38011,29550000,1
1755491400000,1755491459000,1.38011,1.38011,1.38004,1.38004,51150000,1
1755491460000,1755491519000,1.38003,1.38005,1.38,1.38005,59850000,1
1755491520000,1755491579000,1.38005,1.38007,1.38003,1.38007,30000000,1
1755491580000,1755491639000,1.38006,1.38008,1.38003,1.38004,26100000,1
1755491640000,1755491699000,1.38004,1.38004,1.37997,1.37998,35100000,1
1755491700000,1755491759000,1.37998,1.37999,1.37996,1.37999,50250000,1
1755491760000,1755491819000,1.38,1.38004,1.37998,1.38003,42390000,1
1755491820000,1755491879000,1.38004,1.38004,1.37994,1.37995,94920000,1
1755491880000,1755491939000,1.37994,1.37998,1.37993,1.37993,37050000,1
1755491940000,1755491999000,1.37993,1.37998,1.37993,1.37998,22110000,1
1755492000000,1755492059000,1.37997,1.37997,1.37993,1.37994,21450000,1
1755492060000,1755492119000,1.37994,1.38001,1.37994,1.38,46050000,1
1755492120000,1755492179000,1.37998,1.37998,1.37998,1.37998,4950000,1
1755492180000,1755492239000,1.37998,1.37999,1.37998,1.37998,16350000,1
1755492240000,1755492299000,1.37998,1.37999,1.37998,1.37998,15300000,1
1755492300000,1755492359000,1.37999,1.37999,1.37989,1.37989,31350000,1
1755492360000,1755492419000,1.3799,1.37991,1.37984,1.37984,21450000,1
1755492420000,1755492479000,1.37985,1.37986,1.37985,1.37986,7200000,1
1755492480000,1755492539000,1.37985,1.37993,1.37979,1.37992,112200000,1
1755492540000,1755492599000,1.37993,1.38,1.37993,1.37997,36450000,1
1755492600000,1755492659000,1.37997,1.38002,1.37997,1.38,45300000,1
1755492660000,1755492719000,1.37999,1.38004,1.37995,1.38002,68250000,1
1755492720000,1755492779000,1.38003,1.38004,1.37999,1.38002,54750000,1
1755492780000,1755492839000,1.38001,1.38001,1.37994,1.37994,27900000,1
1755492840000,1755492899000,1.37996,1.37996,1.37993,1.37996,29250000,1
1755492900000,1755492959000,1.37995,1.37999,1.37992,1.37999,21300000,1
1755492960000,1755493019000,1.37998,1.38,1.37998,1.37998,15600000,1
1755493020000,1755493079000,1.38001,1.38005,1.38001,1.38004,21150000,1
1755493080000,1755493139000,1.38003,1.38005,1.38,1.38004,46530000,1
1755493140000,1755493199000,1.38005,1.38006,1.38004,1.38005,39000000,1
1755493200000,1755493259000,1.38003,1.38007,1.38001,1.38002,67800000,1
1755493260000,1755493319000,1.37999,1.38008,1.37999,1.38007,60720000,1
1755493320000,1755493379000,1.38008,1.38009,1.38006,1.38007,76950000,1
1755493380000,1755493439000,1.38007,1.38007,1.38006,1.38006,15450000,1
1755493440000,1755493499000,1.38006,1.38007,1.37999,1.37999,36420000,1
1755493500000,1755493559000,1.38,1.38,1.37998,1.37998,17280000,1
1755493560000,1755493619000,1.37999,1.38006,1.37999,1.38004,83310000,1
1755493620000,1755493679000,1.38005,1.38006,1.38001,1.38006,81780000,1
1755493680000,1755493739000,1.38005,1.38006,1.38001,1.38002,101280000,1
1755493740000,1755493799000,1.38002,1.38005,1.37999,1.38004,109200000,1
1755493800000,1755493859000,1.38003,1.38014,1.38003,1.38014,73050000,1
1755493860000,1755493919000,1.38015,1.38019,1.38015,1.38018,45960000,1
1755493920000,1755493979000,1.38018,1.38027,1.38018,1.38026,66000000,1
1755493980000,1755494039000,1.38027,1.38027,1.38024,1.38025,33570000,1
1755494040000,1755494099000,1.38026,1.38028,1.38026,1.38027,25380000,1
1755494100000,1755494159000,1.38026,1.38028,1.38026,1.38026,40290000,1
1755494160000,1755494219000,1.38027,1.38027,1.38025,1.38026,29100000,1
1755494220000,1755494279000,1.38025,1.38026,1.38023,1.38025,26400000,1
1755494280000,1755494339000,1.38026,1.38034,1.38026,1.3803,85650000,1
1755494340000,1755494399000,1.38031,1.38031,1.38027,1.38028,11100000,1
1755494400000,1755494459000,1.38028,1.38028,1.38025,1.38025,7800000,1
1755494460000,1755494519000,1.38027,1.38029,1.38027,1.38028,15000000,1
1755494520000,1755494579000,1.38027,1.38027,1.38027,1.38027,7650000,1
1755494580000,1755494639000,1.38026,1.38026,1.38025,1.38025,5400000,1
1755494640000,1755494699000,1.38025,1.38029,1.38025,1.38027,30300000,1
1755494700000,1755494759000,1.38029,1.38029,1.38025,1.38025,17700000,1
1755494760000,1755494819000,1.38024,1.38026,1.38014,1.38016,51450000,1
1755494820000,1755494879000,1.38015,1.38023,1.38015,1.38017,41070000,1
1755494880000,1755494939000,1.38015,1.38017,1.38006,1.38013,80250000,1
1755494940000,1755494999000,1.38012,1.38016,1.3801,1.38016,30150000,1
1755495000000,1755495059000,1.38014,1.38016,1.38014,1.38014,21300000,1
1755495060000,1755495119000,1.38014,1.38023,1.38014,1.38022,37350000,1
1755495120000,1755495179000,1.38022,1.38024,1.38015,1.38018,36090000,1
1755495180000,1755495239000,1.38018,1.38024,1.38016,1.38022,39480000,1
1755495240000,1755495299000,1.38021,1.3803,1.38021,1.38024,31020000,1
1755495300000,1755495359000,1.38026,1.38026,1.38013,1.38015,24300000,1
1755495360000,1755495419000,1.38016,1.38018,1.38015,1.38015,17100000,1
1755495420000,1755495479000,1.38015,1.38015,1.38015,1.38015,0,1
1755495480000,1755495539000,1.38016,1.38019,1.38016,1.38018,20550000,1
1755495540000,1755495599000,1.38018,1.38018,1.38015,1.38017,32400000,1
1755495600000,1755495659000,1.38017,1.38018,1.38007,1.38017,54150000,1
1755495660000,1755495719000,1.38016,1.38017,1.38014,1.38015,47100000,1
1755495720000,1755495779000,1.38018,1.38023,1.38015,1.38023,29400000,1
1755495780000,1755495839000,1.38024,1.38025,1.38024,1.38025,6600000,1
1755495840000,1755495899000,1.38025,1.38032,1.38025,1.38026,40200000,1
1755495900000,1755495959000,1.38026,1.38032,1.38024,1.38025,54450000,1
1755495960000,1755496019000,1.38025,1.38026,1.38019,1.38022,18000000,1
1755496020000,1755496079000,1.38024,1.38025,1.38015,1.38015,39450000,1
1755496080000,1755496139000,1.38017,1.38022,1.38015,1.38021,27750000,1
1755496140000,1755496199000,1.38017,1.38017,1.38016,1.38016,19800000,1
1755496200000,1755496259000,1.38016,1.38019,1.38016,1.38016,13800000,1
1755496260000,1755496319000,1.38019,1.38028,1.38017,1.38027,21150000,1
1755496320000,1755496379000,1.38029,1.38037,1.38028,1.38035,27300000,1
1755496380000,1755496439000,1.38036,1.38036,1.38033,1.38033,12600000,1
1755496440000,1755496499000,1.38032,1.38032,1.38027,1.38027,36900000,1
1755496500000,1755496559000,1.38026,1.3803,1.38024,1.38026,49950000,1
1755496560000,1755496619000,1.38025,1.38029,1.38014,1.38014,77020000,1
1755496620000,1755496679000,1.38014,1.38017,1.38011,1.38017,38700000,1
1755496680000,1755496739000,1.38015,1.38021,1.38012,1.38016,49650000,1
1755496740000,1755496799000,1.38017,1.38019,1.38015,1.38019,54300000,1
1755496800000,1755496859000,1.38018,1.38027,1.38006,1.38015,131190000,1
1755496860000,1755496919000,1.38015,1.38015,1.38004,1.38006,85650000,1
1755496920000,1755496979000,1.38007,1.38026,1.38005,1.38025,122610000,1
1755496980000,1755497039000,1.38023,1.38026,1.38019,1.38021,41400000,1
1755497040000,1755497099000,1.3802,1.38026,1.38019,1.38019,33300000,1
1755497100000,1755497159000,1.38019,1.38035,1.38018,1.38029,81600000,1
1755497160000,1755497219000,1.38029,1.38036,1.38029,1.38034,79950000,1
1755497220000,1755497279000,1.38034,1.38034,1.3803,1.3803,48750000,1
1755497280000,1755497339000,1.3803,1.38035,1.3803,1.38035,49620000,1
1755497340000,1755497399000,1.38034,1.38035,1.38032,1.38032,30600000,1
1755497400000,1755497459000,1.38034,1.38046,1.38034,1.38044,55800000,1
1755497460000,1755497519000,1.38042,1.38047,1.38042,1.38046,48900000,1
1755497520000,1755497579000,1.38047,1.38056,1.38046,1.38048,100140000,1
1755497580000,1755497639000,1.38047,1.38056,1.38047,1.38056,61500000,1
1755497640000,1755497699000,1.38056,1.38064,1.38055,1.38063,52050000,1
1755497700000,1755497759000,1.38064,1.38073,1.38064,1.38071,36750000,1
1755497760000,1755497819000,1.38072,1.38072,1.38056,1.38056,58800000,1
1755497820000,1755497879000,1.38056,1.38061,1.38055,1.38061,69900000,1
1755497880000,1755497939000,1.38061,1.38069,1.38061,1.38067,64050000,1
1755497940000,1755497999000,1.38068,1.3807,1.38064,1.38068,48540000,1
1755498000000,1755498059000,1.38068,1.38072,1.38062,1.38065,74100000,1
1755498060000,1755498119000,1.38065,1.38067,1.38059,1.3806,52500000,1
1755498120000,1755498179000,1.38059,1.38064,1.38057,1.38062,54300000,1
1755498180000,1755498239000,1.38062,1.3807,1.3806,1.38067,40200000,1
1755498240000,1755498299000,1.38066,1.3807,1.38065,1.38069,56400000,1
1755498300000,1755498359000,1.38068,1.38068,1.38058,1.38065,60000000,1
1755498360000,1755498419000,1.38066,1.38076,1.38066,1.38076,48300000,1
1755498420000,1755498479000,1.38076,1.3809,1.38074,1.38087,72750000,1
1755498480000,1755498539000,1.38087,1.38093,1.38085,1.38088,79650000,1
1755498540000,1755498599000,1.38089,1.38091,1.38086,1.38086,75000000,1
1755498600000,1755498659000,1.38086,1.38088,1.38068,1.38068,105600000,1
1755498660000,1755498719000,1.38069,1.38078,1.38069,1.38076,52650000,1
1755498720000,1755498779000,1.38076,1.3808,1.38069,1.38071,61500000,1
1755498780000,1755498839000,1.38069,1.38074,1.38062,1.38062,45150000,1
1755498840000,1755498899000,1.38062,1.38068,1.38056,1.38064,79800000,1
1755498900000,1755498959000,1.38064,1.38067,1.38057,1.3806,61290000,1
1755498960000,1755499019000,1.3806,1.38071,1.38058,1.3807,93180000,1
1755499020000,1755499079000,1.3807,1.38072,1.38062,1.38063,78750000,1
1755499080000,1755499139000,1.38063,1.38067,1.38057,1.38067,61500000,1
1755499140000,1755499199000,1.3807,1.38071,1.38066,1.38066,55200000,1
1755499200000,1755499259000,1.38066,1.38073,1.38066,1.38066,40350000,1
1755499260000,1755499319000,1.38066,1.38071,1.38065,1.38065,50910000,1
1755499320000,1755499379000,1.38065,1.38065,1.38052,1.38052,50040000,1
1755499380000,1755499439000,1.38053,1.38068,1.38053,1.38063,94200000,1
1755499440000,1755499499000,1.38064,1.38073,1.38063,1.38072,41490000,1
1755499500000,1755499559000,1.38072,1.38072,1.38052,1.38053,51450000,1
1755499560000,1755499619000,1.38054,1.38056,1.38054,1.38055,16800000,1
1755499620000,1755499679000,1.38055,1.38057,1.38048,1.38052,39600000,1
1755499680000,1755499739000,1.38055,1.38058,1.38052,1.38054,55350000,1
1755499740000,1755499799000,1.38055,1.38063,1.38055,1.38063,17250000,1
1755499800000,1755499859000,1.38062,1.38062,1.38061,1.38062,10590000,1
1755499860000,1755499919000,1.38063,1.38064,1.38057,1.38057,76200000,1
1755499920000,1755499979000,1.38058,1.38062,1.38053,1.38053,49170000,1
1755499980000,1755500039000,1.38052,1.38058,1.38051,1.38056,59010000,1
1755500040000,1755500099000,1.38057,1.38057,1.38047,1.38049,76740000,1
1755500100000,1755500159000,1.3805,1.38056,1.38045,1.38052,50460000,1
1755500160000,1755500219000,1.38053,1.38056,1.38049,1.3805,82890000,1
1755500220000,1755500279000,1.38051,1.38062,1.38046,1.38058,72930000,1
1755500280000,1755500339000,1.38058,1.38058,1.3804,1.38042,83700000,1
1755500340000,1755500399000,1.38043,1.38043,1.38034,1.38035,77700000,1
1755500400000,1755500459000,1.38034,1.38039,1.38029,1.38036,114840000,1
1755500460000,1755500519000,1.38036,1.38039,1.38022,1.38024,151350000,1
1755500520000,1755500579000,1.38023,1.38025,1.38017,1.38023,100950000,1
1755500580000,1755500639000,1.38023,1.38039,1.38022,1.38035,121440000,1
1755500640000,1755500699000,1.38033,1.38039,1.38027,1.38033,103020000,1
1755500700000,1755500759000,1.38031,1.38034,1.38022,1.38033,71550000,1
1755500760000,1755500819000,1.38033,1.38037,1.38032,1.38035,52050000,1
1755500820000,1755500879000,1.38035,1.3804,1.38024,1.38024,85770000,1
1755500880000,1755500939000,1.38025,1.38026,1.38013,1.38014,51630000,1
1755500940000,1755500999000,1.38014,1.38024,1.38014,1.38024,101400000,1
1755501000000,1755501059000,1.38023,1.38023,1.3801,1.38013,88950000,1
1755501060000,1755501119000,1.38011,1.38014,1.38004,1.38009,63300000,1
1755501120000,1755501179000,1.38007,1.38012,1.37998,1.38005,75600000,1
1755501180000,1755501239000,1.38005,1.38007,1.37977,1.37977,101700000,1
1755501240000,1755501299000,1.37977,1.37984,1.37969,1.37982,115200000,1
1755501300000,1755501359000,1.37985,1.37987,1.37981,1.37986,64500000,1
1755501360000,1755501419000,1.37986,1.37988,1.37986,1.37988,17040000,1
1755501420000,1755501479000,1.37988,1.38007,1.37988,1.38007,71910000,1
1755501480000,1755501539000,1.38007,1.38023,1.38004,1.38009,73020000,1
1755501540000,1755501599000,1.38009,1.38009,1.38004,1.38004,31350000,1
1755501600000,1755501659000,1.38001,1.38001,1.37977,1.37978,78900000,1
1755501660000,1755501719000,1.37979,1.37984,1.37968,1.37977,131010000,1
1755501720000,1755501779000,1.37977,1.37978,1.37963,1.37966,85590000,1
1755501780000,1755501839000,1.37967,1.37967,1.37958,1.37965,63150000,1
1755501840000,1755501899000,1.37965,1.37976,1.37963,1.37976,81900000,1
1755501900000,1755501959000,1.37976,1.37986,1.37975,1.3798,105780000,1
1755501960000,1755502019000,1.37979,1.37987,1.37976,1.37978,96720000,1
1755502020000,1755502079000,1.37978,1.37978,1.37975,1.37976,32850000,1
1755502080000,1755502139000,1.37977,1.37979,1.37973,1.37977,88050000,1
1755502140000,1755502199000,1.37977,1.37983,1.37976,1.37978,49950000,1
1755502200000,1755502259000,1.37978,1.37984,1.37967,1.37967,66750000,1
1755502260000,1755502319000,1.37967,1.37979,1.37967,1.37976,117000000,1
1755502320000,1755502379000,1.37975,1.37978,1.37968,1.37969,65400000,1
1755502380000,1755502439000,1.3797,1.37977,1.3797,1.37976,54000000,1
1755502440000,1755502499000,1.37978,1.37982,1.37975,1.37982,42420000,1
1755502500000,1755502559000,1.37983,1.37989,1.37982,1.37985,53700000,1
1755502560000,1755502619000,1.37984,1.37991,1.37981,1.37988,47610000,1
1755502620000,1755502679000,1.37987,1.3799,1.37986,1.37988,43530000,1
1755502680000,1755502739000,1.37989,1.37996,1.3798,1.37981,100830000,1
1755502740000,1755502799000,1.37983,1.37988,1.37979,1.37988,89790000,1
1755502800000,1755502859000,1.37987,1.37988,1.37977,1.37981,64320000,1
1755502860000,1755502919000,1.37982,1.37986,1.37979,1.37982,60960000,1
1755502920000,1755502979000,1.37982,1.37985,1.37973,1.37976,57300000,1
1755502980000,1755503039000,1.37977,1.37985,1.37977,1.37978,30900000,1
1755503040000,1755503099000,1.37977,1.37977,1.37969,1.3797,56760000,1
1755503100000,1755503159000,1.3797,1.37976,1.3796,1.3796,84420000,1
1755503160000,1755503219000,1.3796,1.37968,1.37959,1.37962,60060000,1
1755503220000,1755503279000,1.37961,1.37966,1.3796,1.37962,41100000,1
1755503280000,1755503339000,1.37961,1.37969,1.37957,1.37965,38820000,1
1755503340000,1755503399000,1.37968,1.37988,1.37967,1.37988,97230000,1
1755503400000,1755503459000,1.37989,1.37989,1.37978,1.37981,42810000,1
1755503460000,1755503519000,1.37979,1.38005,1.37978,1.38003,115620000,1
1755503520000,1755503579000,1.38003,1.3801,1.37994,1.37995,136980000,1
1755503580000,1755503639000,1.37996,1.38004,1.37995,1.37998,87150000,1
1755503640000,1755503699000,1.38001,1.38001,1.3799,1.3799,32400000,1
1755503700000,1755503759000,1.37991,1.38018,1.37991,1.38009,148290000,1
1755503760000,1755503819000,1.3801,1.3801,1.37998,1.38,96360000,1
1755503820000,1755503879000,1.37999,1.38019,1.37999,1.38019,68940000,1
1755503880000,1755503939000,1.38018,1.38031,1.38017,1.38024,50700000,1
1755503940000,1755503999000,1.38023,1.38023,1.38005,1.38016,90600000,1
1755504000000,1755504059000,1.38017,1.38028,1.38014,1.38017,96300000,1
1755504060000,1755504119000,1.38017,1.38032,1.38007,1.38027,120600000,1
1755504120000,1755504179000,1.38027,1.38039,1.38018,1.38037,99150000,1
1755504180000,1755504239000,1.38038,1.38039,1.38029,1.38036,91170000,1
1755504240000,1755504299000,1.38037,1.38054,1.38037,1.38053,85350000,1
1755504300000,1755504359000,1.38055,1.38055,1.38025,1.38025,73500000,1
1755504360000,1755504419000,1.38025,1.38031,1.38025,1.38031,50100000,1
1755504420000,1755504479000,1.3803,1.38034,1.38015,1.38025,64350000,1
1755504480000,1755504539000,1.38025,1.38034,1.3802,1.38027,63900000,1
1755504540000,1755504599000,1.38027,1.38028,1.38017,1.3802,36300000,1
1755504600000,1755504659000,1.3802,1.38029,1.38017,1.38017,99300000,1
1755504660000,1755504719000,1.38018,1.38018,1.38015,1.38018,59850000,1
1755504720000,1755504779000,1.38016,1.38017,1.38005,1.38017,92550000,1
1755504780000,1755504839000,1.38016,1.38024,1.38009,1.3802,106860000,1
1755504840000,1755504899000,1.38018,1.38024,1.38013,1.38022,109260000,1
1755504900000,1755504959000,1.38021,1.38021,1.38004,1.38006,107700000,1
1755504960000,1755505019000,1.38006,1.38006,1.38002,1.38003,53850000,1
1755505020000,1755505079000,1.38005,1.38008,1.38004,1.38006,50250000,1
1755505080000,1755505139000,1.38008,1.38009,1.37998,1.38003,122250000,1
1755505140000,1755505199000,1.38003,1.38003,1.37991,1.37997,108750000,1
1755505200000,1755505259000,1.37999,1.38005,1.37999,1.38005,52860000,1
1755505260000,1755505319000,1.38004,1.38004,1.37993,1.37993,62670000,1
1755505320000,1755505379000,1.37995,1.37996,1.37986,1.37988,49350000,1
1755505380000,1755505439000,1.37986,1.37989,1.37975,1.37977,70200000,1
1755505440000,1755505499000,1.37977,1.37978,1.37965,1.37967,62850000,1
1755505500000,1755505559000,1.37967,1.37969,1.3796,1.37961,77400000,1
1755505560000,1755505619000,1.37961,1.37967,1.37955,1.37962,88200000,1
1755505620000,1755505679000,1.37962,1.37965,1.37951,1.37952,89250000,1
1755505680000,1755505739000,1.37951,1.37954,1.37941,1.37948,162600000,1
1755505740000,1755505799000,1.37948,1.37949,1.3794,1.37943,81900000,1
1755505800000,1755505859000,1.37942,1.37953,1.37941,1.3795,124800000,1
1755505860000,1755505919000,1.37951,1.37957,1.37945,1.37945,100530000,1
1755505920000,1755505979000,1.37947,1.37952,1.37946,1.3795,59370000,1
1755505980000,1755506039000,1.37951,1.37955,1.37947,1.37947,55800000,1
1755506040000,1755506099000,1.37947,1.37953,1.37946,1.37948,72960000,1
1755506100000,1755506159000,1.37948,1.37955,1.37936,1.37938,104430000,1
1755506160000,1755506219000,1.37938,1.37939,1.3793,1.37934,77100000,1
1755506220000,1755506279000,1.37934,1.37946,1.37934,1.37939,129960000,1
1755506280000,1755506339000,1.3794,1.37949,1.37931,1.37934,134040000,1
1755506340000,1755506399000,1.37935,1.3794,1.37924,1.3794,123390000,1
1755506400000,1755506459000,1.37939,1.37942,1.37937,1.37941,94350000,1
1755506460000,1755506519000,1.3794,1.37948,1.37939,1.3794,67050000,1
1755506520000,1755506579000,1.37941,1.37943,1.37938,1.37939,88350000,1
1755506580000,1755506639000,1.3794,1.3794,1.3793,1.37932,87150000,1
1755506640000,1755506699000,1.37931,1.3794,1.37929,1.37939,78990000,1
1755506700000,1755506759000,1.37939,1.37943,1.37935,1.37943,64050000,1
1755506760000,1755506819000,1.37942,1.37943,1.37936,1.37939,109110000,1
1755506820000,1755506879000,1.3794,1.3794,1.37928,1.3793,99300000,1
1755506880000,1755506939000,1.37929,1.37929,1.37914,1.37918,59100000,1
1755506940000,1755506999000,1.37917,1.37924,1.37917,1.37922,68970000,1
1755507000000,1755507059000,1.37921,1.37932,1.37919,1.37931,27030000,1
1755507060000,1755507119000,1.37932,1.37941,1.37932,1.37933,38400000,1
1755507120000,1755507179000,1.37931,1.37932,1.37928,1.3793,16860000,1
1755507180000,1755507239000,1.37931,1.37933,1.3793,1.37931,17400000,1
1755507240000,1755507299000,1.37933,1.37934,1.37932,1.37933,18840000,1
1755507300000,1755507359000,1.37932,1.37943,1.37932,1.37933,67140000,1
1755507360000,1755507419000,1.37934,1.37934,1.3793,1.37933,33300000,1
1755507420000,1755507479000,1.37931,1.37936,1.37931,1.37935,25170000,1
1755507480000,1755507539000,1.37937,1.37944,1.37935,1.37941,88800000,1
1755507540000,1755507599000,1.3794,1.37946,1.37931,1.37933,89880000,1
1755507600000,1755507659000,1.37934,1.37934,1.37928,1.37931,76650000,1
1755507660000,1755507719000,1.3793,1.37936,1.37923,1.37928,39150000,1
1755507720000,1755507779000,1.37928,1.37951,1.37927,1.37951,56070000,1
1755507780000,1755507839000,1.37952,1.3796,1.37952,1.37957,68580000,1
1755507840000,1755507899000,1.37959,1.37962,1.37959,1.37959,24600000,1
1755507900000,1755507959000,1.37957,1.37968,1.37957,1.3796,45480000,1
1755507960000,1755508019000,1.37958,1.37968,1.37958,1.37959,65970000,1
1755508020000,1755508079000,1.37957,1.37957,1.37943,1.37943,26100000,1
1755508080000,1755508139000,1.37943,1.37945,1.37941,1.37943,13500000,1
1755508140000,1755508199000,1.37943,1.37947,1.37941,1.37942,26850000,1
1755508200000,1755508259000,1.37942,1.37942,1.37935,1.37939,17100000,1
1755508260000,1755508319000,1.37938,1.3794,1.37928,1.37934,35400000,1
1755508320000,1755508379000,1.37935,1.37941,1.37935,1.37941,53400000,1
1755508380000,1755508439000,1.37941,1.37942,1.37932,1.37933,27630000,1
1755508440000,1755508499000,1.37931,1.37933,1.37929,1.37931,14850000,1
1755508500000,1755508559000,1.37932,1.37932,1.37931,1.37932,14400000,1
1755508560000,1755508619000,1.37933,1.37943,1.37933,1.3794,20640000,1
1755508620000,1755508679000,1.37941,1.37941,1.37933,1.37935,27450000,1
1755508680000,1755508739000,1.37936,1.37944,1.37936,1.37944,23550000,1
1755508740000,1755508799000,1.37942,1.3795,1.37935,1.37935,41100000,1
1755508800000,1755508859000,1.37935,1.37942,1.37933,1.37935,36300000,1
1755508860000,1755508919000,1.37936,1.37938,1.37933,1.37936,41400000,1
1755508920000,1755508979000,1.37936,1.37939,1.37931,1.37939,53550000,1
1755508980000,1755509039000,1.37939,1.37942,1.37935,1.37937,44790000,1
1755509040000,1755509099000,1.37938,1.37939,1.37932,1.37932,21750000,1
1755509100000,1755509159000,1.37932,1.37932,1.3792,1.37921,42600000,1
1755509160000,1755509219000,1.37921,1.3793,1.37921,1.37927,30900000,1
1755509220000,1755509279000,1.37927,1.37929,1.37921,1.37922,43200000,1
1755509280000,1755509339000,1.37923,1.37933,1.37923,1.37933,31500000,1
1755509340000,1755509399000,1.37932,1.37938,1.37932,1.37935,60000000,1
1755509400000,1755509459000,1.37936,1.37951,1.37936,1.3795,90900000,1
1755509460000,1755509519000,1.37951,1.37953,1.37947,1.37947,26700000,1
1755509520000,1755509579000,1.37947,1.37958,1.37947,1.37954,51750000,1
1755509580000,1755509639000,1.37953,1.37957,1.37947,1.37948,64320000,1
1755509640000,1755509699000,1.37946,1.37946,1.37943,1.37944,73950000,1
1755509700000,1755509759000,1.37943,1.37947,1.37943,1.37944,46650000,1
1755509760000,1755509819000,1.37945,1.37947,1.37943,1.37944,37560000,1
1755509820000,1755509879000,1.37945,1.37952,1.37945,1.3795,41910000,1
1755509880000,1755509939000,1.3795,1.37959,1.3795,1.37959,65580000,1
1755509940000,1755509999000,1.37958,1.37963,1.37953,1.37953,35520000,1
1755510000000,1755510059000,1.37953,1.37959,1.37951,1.37959,82800000,1
1755510060000,1755510119000,1.37961,1.37963,1.3796,1.37961,38250000,1
1755510120000,1755510179000,1.3796,1.37963,1.37959,1.3796,66900000,1
1755510180000,1755510239000,1.37961,1.37965,1.3796,1.37961,53250000,1
1755510240000,1755510299000,1.3796,1.3797,1.37956,1.3797,30450000,1
1755510300000,1755510359000,1.37969,1.37977,1.37969,1.37973,45750000,1
1755510360000,1755510419000,1.37973,1.37978,1.37972,1.37972,38400000,1
1755510420000,1755510479000,1.37974,1.37977,1.37971,1.37977,28200000,1
1755510480000,1755510539000,1.3798,1.37982,1.37973,1.37982,39900000,1
1755510540000,1755510599000,1.37984,1.37984,1.37971,1.37971,26700000,1
1755510600000,1755510659000,1.37972,1.37972,1.37968,1.37972,34800000,1
1755510660000,1755510719000,1.37972,1.3798,1.37972,1.37973,42150000,1
1755510720000,1755510779000,1.37973,1.37978,1.37967,1.37977,102030000,1
1755510780000,1755510839000,1.37977,1.3798,1.37975,1.37977,55350000,1
1755510840000,1755510899000,1.37977,1.37979,1.37968,1.37969,67710000,1
1755510900000,1755510959000,1.3797,1.37978,1.37967,1.37977,67200000,1
1755510960000,1755511019000,1.37976,1.37979,1.37963,1.3797,84900000,1
1755511020000,1755511079000,1.37969,1.3797,1.37962,1.37966,65250000,1
1755511080000,1755511139000,1.37966,1.37972,1.37961,1.3797,106770000,1
1755511140000,1755511199000,1.3797,1.37981,1.3797,1.37979,52440000,1
1755511200000,1755511259000,1.37981,1.37981,1.3797,1.3797,28800000,1
1755511260000,1755511319000,1.37968,1.37976,1.37967,1.37975,116880000,1
1755511320000,1755511379000,1.37974,1.37975,1.37965,1.37965,34800000,1
1755511380000,1755511439000,1.37968,1.3797,1.37957,1.37958,36000000,1
1755511440000,1755511499000,1.37961,1.37962,1.37952,1.37952,28800000,1
1755511500000,1755511559000,1.37952,1.37969,1.37952,1.37966,47400000,1
1755511560000,1755511619000,1.37965,1.37972,1.37964,1.37971,54150000,1
1755511620000,1755511679000,1.37971,1.37973,1.37968,1.37969,32400000,1
1755511680000,1755511739000,1.37968,1.37968,1.37956,1.37956,18000000,1
1755511740000,1755511799000,1.37956,1.37962,1.37952,1.37962,32400000,1
1755511800000,1755511859000,1.37962,1.37964,1.37959,1.37964,30480000,1
1755511860000,1755511919000,1.37962,1.37971,1.37961,1.37963,44040000,1
1755511920000,1755511979000,1.37964,1.37964,1.37954,1.37959,25920000,1
1755511980000,1755512039000,1.37959,1.37963,1.37958,1.37961,21960000,1
1755512040000,1755512099000,1.37961,1.37961,1.37953,1.37961,27960000,1
1755512100000,1755512159000,1.37961,1.37962,1.37952,1.37953,26550000,1
1755512160000,1755512219000,1.37951,1.37952,1.37946,1.37946,24600000,1
1755512220000,1755512279000,1.37948,1.37953,1.37944,1.37949,43110000,1
1755512280000,1755512339000,1.37947,1.37951,1.37944,1.37951,24300000,1
1755512340000,1755512399000,1.37949,1.37955,1.37947,1.37953,26610000,1
1755512400000,1755512459000,1.37954,1.37955,1.37951,1.37951,19650000,1
1755512460000,1755512519000,1.37951,1.37958,1.37951,1.37955,33570000,1
1755512520000,1755512579000,1.37957,1.37959,1.37957,1.37958,11580000,1
1755512580000,1755512639000,1.37959,1.37968,1.37958,1.37958,20850000,1
1755512640000,1755512699000,1.37959,1.37961,1.37956,1.3796,18000000,1
1755512700000,1755512759000,1.37958,1.37966,1.37958,1.37963,37650000,1
1755512760000,1755512819000,1.37964,1.37964,1.37959,1.37959,37230000,1
1755512820000,1755512879000,1.37959,1.37968,1.37959,1.37963,82200000,1
1755512880000,1755512939000,1.37963,1.37963,1.37958,1.3796,36450000,1
1755512940000,1755512999000,1.37959,1.3796,1.37957,1.37957,21000000,1
1755513000000,1755513059000,1.37958,1.37959,1.37949,1.37949,31500000,1
1755513060000,1755513119000,1.37947,1.37952,1.37945,1.37949,36900000,1
1755513120000,1755513179000,1.3795,1.37951,1.37949,1.37949,25350000,1
1755513180000,1755513239000,1.37949,1.37951,1.37945,1.37947,34800000,1
1755513240000,1755513299000,1.37947,1.3795,1.37947,1.37948,34950000,1
1755513300000,1755513359000,1.37949,1.37957,1.37949,1.37956,24300000,1
1755513360000,1755513419000,1.37957,1.37957,1.3795,1.3795,22050000,1
1755513420000,1755513479000,1.37948,1.37948,1.37942,1.37947,17700000,1
1755513480000,1755513539000,1.37947,1.37955,1.37946,1.37954,14550000,1
1755513540000,1755513599000,1.37953,1.37954,1.37943,1.37944,47400000,1
1755513600000,1755513659000,1.37945,1.37947,1.37938,1.37942,61620000,1
1755513660000,1755513719000,1.37942,1.37942,1.37937,1.37939,36150000,1
1755513720000,1755513779000,1.37938,1.37939,1.37919,1.37927,58800000,1
1755513780000,1755513839000,1.3793,1.37947,1.37929,1.37934,45390000,1
1755513840000,1755513899000,1.37934,1.37943,1.37934,1.37941,47250000,1
1755513900000,1755513959000,1.3794,1.3794,1.3794,1.3794,4950000,1
1755513960000,1755514019000,1.3794,1.3795,1.37939,1.37946,24750000,1
1755514020000,1755514079000,1.37946,1.3795,1.37943,1.37943,35550000,1
1755514080000,1755514139000,1.37943,1.37944,1.37938,1.37939,24600000,1
1755514140000,1755514199000,1.37939,1.37947,1.37939,1.37947,34320000,1
1755514200000,1755514259000,1.37945,1.37945,1.37938,1.37938,45360000,1
1755514260000,1755514319000,1.37939,1.37947,1.37938,1.37942,45450000,1
1755514320000,1755514379000,1.37944,1.37949,1.37944,1.37949,39720000,1
1755514380000,1755514439000,1.37951,1.37954,1.37948,1.37953,28920000,1
1755514440000,1755514499000,1.37954,1.37961,1.37952,1.37953,56250000,1
1755514500000,1755514559000,1.37954,1.37956,1.37951,1.37953,17400000,1
1755514560000,1755514619000,1.37952,1.37952,1.3795,1.37951,32430000,1
1755514620000,1755514679000,1.3795,1.37952,1.37949,1.37952,35280000,1
1755514680000,1755514739000,1.37951,1.37951,1.37948,1.37948,46710000,1
1755514740000,1755514799000,1.37947,1.3795,1.37947,1.3795,47790000,1
1755514800000,1755514859000,1.37947,1.37949,1.3794,1.3794,31050000,1
1755514860000,1755514919000,1.3794,1.37941,1.37939,1.37939,57060000,1
1755514920000,1755514979000,1.37939,1.3794,1.37933,1.37938,34980000,1
1755514980000,1755515039000,1.37939,1.3794,1.37932,1.37933,32430000,1
1755515040000,1755515099000,1.37931,1.37933,1.37931,1.37933,12540000,1
1755515100000,1755515159000,1.37932,1.3794,1.37931,1.3794,38460000,1
1755515160000,1755515219000,1.37939,1.37941,1.37938,1.37941,39480000,1
1755515220000,1755515279000,1.3794,1.37941,1.37939,1.3794,14610000,1
1755515280000,1755515339000,1.3794,1.3795,1.3794,1.37949,53880000,1
1755515340000,1755515399000,1.37949,1.3795,1.37948,1.3795,28500000,1
1755515400000,1755515459000,1.37949,1.37951,1.37945,1.37948,48060000,1
1755515460000,1755515519000,1.37948,1.37949,1.3794,1.3794,54450000,1
1755515520000,1755515579000,1.3794,1.37946,1.37937,1.37945,45420000,1
1755515580000,1755515639000,1.37945,1.37952,1.37943,1.37952,62970000,1
1755515640000,1755515699000,1.37952,1.37952,1.37947,1.3795,40800000,1
1755515700000,1755515759000,1.37951,1.37952,1.37945,1.37951,44550000,1
1755515760000,1755515819000,1.3795,1.37959,1.3795,1.37959,40440000,1
1755515820000,1755515879000,1.3796,1.37962,1.37959,1.37962,10920000,1
1755515880000,1755515939000,1.37962,1.37962,1.37961,1.37962,10920000,1
1755515940000,1755515999000,1.37961,1.37963,1.37959,1.37961,21720000,1
1755516000000,1755516059000,1.37962,1.3797,1.3796,1.3796,34200000,1
1755516060000,1755516119000,1.37961,1.37962,1.37951,1.37951,39930000,1
1755516120000,1755516179000,1.37951,1.37951,1.37941,1.37941,50550000,1
1755516180000,1755516239000,1.3794,1.37941,1.37938,1.37939,40800000,1
1755516240000,1755516299000,1.37938,1.37939,1.3793,1.37931,69600000,1
1755516300000,1755516359000,1.3793,1.3793,1.37922,1.37922,15180000,1
1755516360000,1755516419000,1.37922,1.37933,1.37922,1.37931,33630000,1
1755516420000,1755516479000,1.37931,1.37939,1.37928,1.37937,55320000,1
1755516480000,1755516539000,1.37938,1.37938,1.37928,1.37932,54150000,1
1755516540000,1755516599000,1.37931,1.37934,1.37925,1.37927,54810000,1
1755516600000,1755516659000,1.37928,1.37931,1.37927,1.37931,29100000,1
1755516660000,1755516719000,1.37931,1.3794,1.37927,1.37939,73380000,1
1755516720000,1755516779000,1.37943,1.37943,1.37939,1.37943,39090000,1
1755516780000,1755516839000,1.37945,1.37945,1.37932,1.37937,44340000,1
1755516840000,1755516899000,1.37935,1.37935,1.37926,1.37927,53340000,1
1755516900000,1755516959000,1.37929,1.37929,1.3792,1.37921,49590000,1
1755516960000,1755517019000,1.37922,1.37923,1.37914,1.37915,35820000,1
1755517020000,1755517079000,1.37915,1.37921,1.37914,1.3792,51090000,1
1755517080000,1755517139000,1.37919,1.37923,1.37918,1.37923,22200000,1
1755517140000,1755517199000,1.37924,1.3793,1.37924,1.37928,18240000,1
1755517200000,1755517259000,1.37928,1.37938,1.37926,1.37927,51600000,1
1755517260000,1755517319000,1.37927,1.37931,1.37927,1.37927,24840000,1
1755517320000,1755517379000,1.37927,1.37931,1.37927,1.37929,18510000,1
1755517380000,1755517439000,1.37928,1.37932,1.37926,1.37926,20400000,1
1755517440000,1755517499000,1.37924,1.37927,1.37923,1.37923,22440000,1
1755517500000,1755517559000,1.37923,1.37926,1.37917,1.37917,17250000,1
1755517560000,1755517619000,1.37918,1.37922,1.37918,1.37922,7320000,1
1755517620000,1755517679000,1.37923,1.37928,1.37922,1.37927,23820000,1
1755517680000,1755517739000,1.37926,1.3793,1.37925,1.37926,25200000,1
1755517740000,1755517799000,1.37926,1.37927,1.37924,1.37926,26400000,1
1755517800000,1755517859000,1.37925,1.37925,1.37908,1.37909,54600000,1
1755517860000,1755517919000,1.37911,1.37911,1.37903,1.37904,32760000,1
1755517920000,1755517979000,1.37903,1.37918,1.37903,1.37918,52890000,1
1755517980000,1755518039000,1.37916,1.37916,1.3791,1.3791,22500000,1
1755518040000,1755518099000,1.37909,1.37912,1.37906,1.37908,18120000,1
1755518100000,1755518159000,1.37908,1.37933,1.37908,1.37933,59790000,1
1755518160000,1755518219000,1.37934,1.3796,1.37934,1.3796,130650000,1
1755518220000,1755518279000,1.37962,1.37964,1.37941,1.37947,116610000,1
1755518280000,1755518339000,1.37948,1.37952,1.37944,1.37945,78030000,1
1755518340000,1755518399000,1.37946,1.37947,1.3793,1.37932,47250000,1
1755518400000,1755518459000,1.37931,1.37935,1.37923,1.37934,150330000,1
1755518460000,1755518519000,1.37935,1.37937,1.37915,1.37915,68880000,1
1755518520000,1755518579000,1.37915,1.37919,1.37909,1.37909,81220000,1
1755518580000,1755518639000,1.3791,1.3792,1.37909,1.37909,46890000,1
1755518640000,1755518699000,1.3791,1.37911,1.37891,1.37896,36300000,1
1755518700000,1755518759000,1.37894,1.37901,1.37886,1.37886,44860000,1
1755518760000,1755518819000,1.37887,1.37901,1.37887,1.379,34320000,1
1755518820000,1755518879000,1.37898,1.37899,1.37892,1.37893,25800000,1
1755518880000,1755518939000,1.37895,1.37901,1.37895,1.37899,53280000,1
1755518940000,1755518999000,1.37899,1.37902,1.37898,1.37899,41220000,1
1755519000000,1755519059000,1.37898,1.37902,1.37892,1.37892,98010000,1
1755519060000,1755519119000,1.37893,1.37899,1.37877,1.37877,95520000,1
1755519120000,1755519179000,1.37877,1.37881,1.37868,1.37868,60750000,1
1755519180000,1755519239000,1.37867,1.37869,1.37864,1.37869,39810000,1
1755519240000,1755519299000,1.37868,1.3787,1.37863,1.37866,45870000,1
1755519300000,1755519359000,1.37866,1.37868,1.37861,1.37863,39690000,1
1755519360000,1755519419000,1.37864,1.37871,1.37863,1.37868,28140000,1
1755519420000,1755519479000,1.37868,1.37869,1.37863,1.37864,38520000,1
1755519480000,1755519539000,1.37865,1.37868,1.37863,1.37863,32580000,1
1755519540000,1755519599000,1.37864,1.37864,1.37846,1.37848,88470000,1
1755519600000,1755519659000,1.37848,1.37849,1.37843,1.37848,107160000,1
1755519660000,1755519719000,1.37846,1.37847,1.37826,1.37833,88860000,1
1755519720000,1755519779000,1.37832,1.37832,1.37825,1.37827,54600000,1
1755519780000,1755519839000,1.37826,1.37836,1.37826,1.37832,43050000,1
1755519840000,1755519899000,1.37832,1.3784,1.37827,1.37839,68490000,1
1755519900000,1755519959000,1.37839,1.37853,1.37838,1.37852,88470000,1
1755519960000,1755520019000,1.37851,1.37873,1.37847,1.37869,69990000,1
1755520020000,1755520079000,1.37868,1.37869,1.37859,1.37867,67240000,1
1755520080000,1755520139000,1.37866,1.37869,1.37859,1.37867,48930000,1
1755520140000,1755520199000,1.37867,1.37874,1.37866,1.37874,69930000,1
1755520200000,1755520259000,1.37873,1.3788,1.37873,1.37877,54120000,1
1755520260000,1755520319000,1.37877,1.37883,1.3787,1.37882,68550000,1
1755520320000,1755520379000,1.37881,1.37889,1.37872,1.37874,71400000,1
1755520380000,1755520439000,1.37875,1.37889,1.37873,1.37887,73590000,1
1755520440000,1755520499000,1.37889,1.37899,1.37884,1.37897,104640000,1
1755520500000,1755520559000,1.37896,1.37909,1.3789,1.37909,64800000,1
1755520560000,1755520619000,1.37909,1.37926,1.37906,1.37914,136500000,1
1755520620000,1755520679000,1.37912,1.37913,1.37898,1.37909,61530000,1
1755520680000,1755520739000,1.37909,1.37923,1.37909,1.37922,73350000,1
1755520740000,1755520799000,1.37921,1.37927,1.37916,1.37917,42450000,1
1755520800000,1755520859000,1.37916,1.37917,1.37884,1.37895,81000000,1
1755520860000,1755520919000,1.37895,1.37897,1.37888,1.37889,47400000,1
1755520920000,1755520979000,1.37888,1.37894,1.37883,1.37888,59940000,1
1755520980000,1755521039000,1.37888,1.37894,1.37887,1.37894,50100000,1
1755521040000,1755521099000,1.37895,1.37899,1.37895,1.37896,32400000,1
1755521100000,1755521159000,1.37896,1.37898,1.37895,1.37897,42000000,1
1755521160000,1755521219000,1.37899,1.37904,1.37898,1.37904,54000000,1
1755521220000,1755521279000,1.37906,1.37907,1.37897,1.37899,34800000,1
1755521280000,1755521339000,1.37897,1.37897,1.37891,1.37897,28200000,1
1755521340000,1755521399000,1.37899,1.37906,1.37898,1.37903,75330000,1
1755521400000,1755521459000,1.37903,1.37906,1.379,1.37905,51420000,1
1755521460000,1755521519000,1.37905,1.37906,1.37887,1.37888,66480000,1
1755521520000,1755521579000,1.37888,1.3789,1.37875,1.37876,130680000,1
1755521580000,1755521639000,1.37875,1.37878,1.3787,1.37874,57360000,1
1755521640000,1755521699000,1.37873,1.3788,1.37869,1.37879,55140000,1
1755521700000,1755521759000,1.37879,1.37898,1.37879,1.37896,50190000,1
1755521760000,1755521819000,1.37896,1.37903,1.37894,1.37899,70560000,1
1755521820000,1755521879000,1.379,1.37918,1.37899,1.37912,87480000,1
1755521880000,1755521939000,1.37912,1.37917,1.37911,1.37915,98910000,1
1755521940000,1755521999000,1.37914,1.37914,1.37906,1.37906,88230000,1
1755522000000,1755522059000,1.37907,1.37921,1.37907,1.37918,137400000,1
1755522060000,1755522119000,1.37918,1.37925,1.37907,1.37925,94500000,1
1755522120000,1755522179000,1.37925,1.37926,1.37905,1.37905,57600000,1
1755522180000,1755522239000,1.37905,1.37926,1.37904,1.37925,54750000,1
1755522240000,1755522299000,1.37926,1.37929,1.37919,1.3792,75150000,1
1755522300000,1755522359000,1.37921,1.3793,1.37919,1.37924,43200000,1
1755522360000,1755522419000,1.37924,1.37952,1.37922,1.37951,79290000,1
1755522420000,1755522479000,1.37953,1.37963,1.3795,1.37958,83280000,1
1755522480000,1755522539000,1.37959,1.37959,1.37942,1.37943,90420000,1
1755522540000,1755522599000,1.37947,1.37949,1.37941,1.37943,106410000,1
1755522600000,1755522659000,1.37944,1.37945,1.37933,1.37935,125400000,1
1755522660000,1755522719000,1.37934,1.37942,1.37931,1.37931,115050000,1
1755522720000,1755522779000,1.37931,1.37943,1.37927,1.37941,50250000,1
1755522780000,1755522839000,1.37942,1.37942,1.37933,1.37933,60300000,1
1755522840000,1755522899000,1.37933,1.37937,1.37933,1.37935,38580000,1
1755522900000,1755522959000,1.37936,1.3794,1.37932,1.37936,35400000,1
1755522960000,1755523019000,1.37937,1.37937,1.37926,1.37933,41790000,1
1755523020000,1755523079000,1.37932,1.37934,1.37927,1.37927,33960000,1
1755523080000,1755523139000,1.37928,1.37939,1.37927,1.37936,48000000,1
1755523140000,1755523199000,1.37937,1.37952,1.37936,1.37948,71040000,1
1755523200000,1755523259000,1.37948,1.37974,1.37948,1.37974,59760000,1
1755523260000,1755523319000,1.37973,1.37975,1.37966,1.37972,49080000,1
1755523320000,1755523379000,1.37972,1.37981,1.37971,1.37974,74520000,1
1755523380000,1755523439000,1.37975,1.37982,1.37971,1.37971,92040000,1
1755523440000,1755523499000,1.3797,1.37971,1.37963,1.37965,57420000,1
1755523500000,1755523559000,1.37965,1.37965,1.37946,1.37946,70170000,1
1755523560000,1755523619000,1.37946,1.3795,1.37943,1.3795,40650000,1
1755523620000,1755523679000,1.37948,1.37955,1.37946,1.37954,43560000,1
1755523680000,1755523739000,1.37953,1.37956,1.37949,1.37949,37230000,1
1755523740000,1755523799000,1.3795,1.37962,1.37949,1.37958,36600000,1
1755523800000,1755523859000,1.37958,1.37963,1.37954,1.37956,113100000,1
1755523860000,1755523919000,1.37956,1.37966,1.37956,1.37964,69570000,1
1755523920000,1755523979000,1.37964,1.37981,1.37964,1.37973,88110000,1
1755523980000,1755524039000,1.37975,1.38012,1.37974,1.38012,98220000,1
1755524040000,1755524099000,1.38013,1.3802,1.37991,1.37992,76830000,1
1755524100000,1755524159000,1.37991,1.38001,1.37982,1.38,129030000,1
1755524160000,1755524219000,1.38,1.38003,1.37994,1.37995,106920000,1
1755524220000,1755524279000,1.37994,1.38003,1.37994,1.37996,84150000,1
1755524280000,1755524339000,1.37996,1.37996,1.37983,1.37992,78000000,1
1755524340000,1755524399000,1.37993,1.38022,1.37992,1.38022,73800000,1
1755524400000,1755524459000,1.38023,1.38051,1.38021,1.38044,90030000,1
1755524460000,1755524519000,1.38044,1.38054,1.38042,1.38049,84870000,1
1755524520000,1755524579000,1.38047,1.38047,1.3802,1.38034,122220000,1
1755524580000,1755524639000,1.38035,1.38035,1.38016,1.38028,82050000,1
1755524640000,1755524699000,1.38029,1.38038,1.38021,1.38035,95220000,1
1755524700000,1755524759000,1.38037,1.38056,1.38037,1.38055,69750000,1
1755524760000,1755524819000,1.38052,1.38063,1.38046,1.38047,129000000,1
1755524820000,1755524879000,1.38047,1.38067,1.38047,1.3806,66210000,1
1755524880000,1755524939000,1.38061,1.38067,1.38049,1.38056,84150000,1
1755524940000,1755524999000,1.38055,1.38061,1.38051,1.38054,77250000,1
1755525000000,1755525059000,1.38056,1.38061,1.38044,1.38046,68850000,1
1755525060000,1755525119000,1.38046,1.38046,1.38027,1.38038,61320000,1
1755525120000,1755525179000,1.3804,1.3804,1.38028,1.38028,68130000,1
1755525180000,1755525239000,1.38028,1.38046,1.38025,1.38042,75780000,1
1755525240000,1755525299000,1.38044,1.38047,1.38028,1.38044,125760000,1
1755525300000,1755525359000,1.38044,1.38048,1.3803,1.38031,112560000,1
1755525360000,1755525419000,1.38031,1.38051,1.38028,1.38047,116730000,1
1755525420000,1755525479000,1.38047,1.3807,1.38047,1.38069,84330000,1
1755525480000,1755525539000,1.38068,1.38086,1.38068,1.38084,106560000,1
1755525540000,1755525599000,1.38086,1.38087,1.38077,1.38084,113790000,1
1755525600000,1755525659000,1.38085,1.38109,1.38083,1.38107,107790000,1
1755525660000,1755525719000,1.38108,1.38138,1.38107,1.38107,117660000,1
1755525720000,1755525779000,1.38108,1.38122,1.38076,1.38083,166890000,1
1755525780000,1755525839000,1.38084,1.3809,1.38072,1.38076,155940000,1
1755525840000,1755525899000,1.38075,1.38083,1.38073,1.38082,169290000,1
1755525900000,1755525959000,1.38082,1.38089,1.38066,1.38086,134880000,1
1755525960000,1755526019000,1.38086,1.3809,1.38049,1.38056,92700000,1
1755526020000,1755526079000,1.38055,1.38065,1.38052,1.3806,125640000,1
1755526080000,1755526139000,1.3806,1.38097,1.3806,1.38097,83070000,1
1755526140000,1755526199000,1.38097,1.38109,1.38094,1.38106,91770000,1
1755526200000,1755526259000,1.38107,1.38116,1.38096,1.38104,113800000,1
1755526260000,1755526319000,1.38105,1.38134,1.38102,1.3813,142880000,1
1755526320000,1755526379000,1.3813,1.38136,1.38126,1.38135,45440000,1
1755526380000,1755526439000,1.38133,1.38141,1.38122,1.38122,105870000,1
1755526440000,1755526499000,1.38122,1.38132,1.38121,1.38126,77590000,1
1755526500000,1755526559000,1.38127,1.38162,1.38125,1.38151,90660000,1
1755526560000,1755526619000,1.38152,1.3816,1.38149,1.38155,137160000,1
1755526620000,1755526679000,1.38156,1.38161,1.38144,1.38156,128550000,1
1755526680000,1755526739000,1.38157,1.38167,1.38127,1.38127,110040000,1
1755526740000,1755526799000,1.38127,1.38133,1.38114,1.38123,65960000,1
1755526800000,1755526859000,1.38122,1.38141,1.38122,1.3814,108280000,1
1755526860000,1755526919000,1.3814,1.38156,1.38137,1.38152,84810000,1
1755526920000,1755526979000,1.38152,1.38165,1.38152,1.38164,75270000,1
1755526980000,1755527039000,1.38163,1.38166,1.38155,1.3816,68400000,1
1755527040000,1755527099000,1.38161,1.3817,1.38149,1.38154,102600000,1
1755527100000,1755527159000,1.38153,1.3816,1.38149,1.3815,114060000,1
1755527160000,1755527219000,1.38149,1.3815,1.38134,1.3814,106740000,1
1755527220000,1755527279000,1.3814,1.38145,1.38126,1.38127,138830000,1
1755527280000,1755527339000,1.38128,1.38142,1.38128,1.38142,133530000,1
1755527340000,1755527399000,1.38145,1.3816,1.38144,1.3816,79470000,1
1755527400000,1755527459000,1.38166,1.38177,1.38166,1.38172,93600000,1
1755527460000,1755527519000,1.38171,1.38175,1.38166,1.38173,74130000,1
1755527520000,1755527579000,1.38175,1.38195,1.38175,1.38184,74580000,1
1755527580000,1755527639000,1.38185,1.38193,1.38184,1.38189,36300000,1
1755527640000,1755527699000,1.38186,1.38191,1.38186,1.38191,57630000,1
1755527700000,1755527759000,1.38195,1.38197,1.38188,1.38191,61050000,1
1755527760000,1755527819000,1.38192,1.38195,1.38189,1.38189,105900000,1
1755527820000,1755527879000,1.3819,1.38196,1.38185,1.38196,54810000,1
1755527880000,1755527939000,1.38194,1.38215,1.3819,1.38196,77550000,1
1755527940000,1755527999000,1.38195,1.38195,1.38189,1.3819,54750000,1
1755528000000,1755528059000,1.38189,1.38211,1.38189,1.38209,78570000,1
1755528060000,1755528119000,1.3821,1.3821,1.38192,1.38192,80220000,1
1755528120000,1755528179000,1.38193,1.38209,1.38192,1.38208,59550000,1
1755528180000,1755528239000,1.38209,1.38209,1.38199,1.38208,79650000,1
1755528240000,1755528299000,1.38209,1.38218,1.38199,1.38217,95070000,1
1755528300000,1755528359000,1.38216,1.38223,1.38212,1.3822,104850000,1
1755528360000,1755528419000,1.38223,1.38228,1.38216,1.38226,96210000,1
1755528420000,1755528479000,1.38227,1.38246,1.38225,1.38242,136720000,1
1755528480000,1755528539000,1.38243,1.38263,1.38236,1.38261,172560000,1
1755528540000,1755528599000,1.38261,1.38269,1.38255,1.38265,134400000,1
1755528600000,1755528659000,1.38265,1.38266,1.38244,1.38256,115230000,1
1755528660000,1755528719000,1.38257,1.38262,1.38243,1.38255,85620000,1
1755528720000,1755528779000,1.38253,1.38254,1.38238,1.38254,104640000,1
1755528780000,1755528839000,1.38254,1.38255,1.38237,1.38242,97890000,1
1755528840000,1755528899000,1.38243,1.38253,1.3824,1.38245,62550000,1
1755528900000,1755528959000,1.38245,1.38257,1.38244,1.38247,106170000,1
1755528960000,1755529019000,1.38249,1.38258,1.38245,1.38249,105090000,1
1755529020000,1755529079000,1.38251,1.38251,1.38237,1.38247,133410000,1
1755529080000,1755529139000,1.38248,1.3826,1.38245,1.38247,130050000,1
1755529140000,1755529199000,1.38247,1.38247,1.38233,1.38235,109860000,1
1755529200000,1755529259000,1.38234,1.38239,1.38231,1.38236,117720000,1
1755529260000,1755529319000,1.38236,1.3824,1.3823,1.3824,123960000,1
1755529320000,1755529379000,1.38242,1.38246,1.38235,1.38244,83010000,1
1755529380000,1755529439000,1.38246,1.38277,1.38245,1.38275,84720000,1
1755529440000,1755529499000,1.38276,1.38279,1.38274,1.38278,64800000,1
1755529500000,1755529559000,1.38278,1.38285,1.3827,1.38276,98070000,1
1755529560000,1755529619000,1.38277,1.38289,1.3827,1.38281,94230000,1
1755529620000,1755529679000,1.38282,1.38285,1.38271,1.38282,77100000,1
1755529680000,1755529739000,1.38282,1.38294,1.3828,1.38292,63840000,1
1755529740000,1755529799000,1.38293,1.38297,1.38282,1.38293,136990000,1
1755529800000,1755529859000,1.38294,1.38309,1.38285,1.38303,81600000,1
1755529860000,1755529919000,1.38304,1.38307,1.38288,1.38292,102660000,1
1755529920000,1755529979000,1.38292,1.38294,1.38282,1.38282,58590000,1
1755529980000,1755530039000,1.38284,1.38284,1.38265,1.38266,75960000,1
1755530040000,1755530099000,1.38266,1.38275,1.38256,1.38257,56460000,1
1755530100000,1755530159000,1.38257,1.38274,1.38253,1.38272,69750000,1
1755530160000,1755530219000,1.3827,1.38273,1.38257,1.38261,74220000,1
1755530220000,1755530279000,1.38261,1.38266,1.38255,1.38257,62550000,1
1755530280000,1755530339000,1.38258,1.38274,1.38258,1.38265,90900000,1
1755530340000,1755530399000,1.38264,1.38284,1.38262,1.38279,81900000,1
1755530400000,1755530459000,1.38279,1.38279,1.38259,1.38266,109350000,1
1755530460000,1755530519000,1.38265,1.38266,1.38247,1.38247,75570000,1
1755530520000,1755530579000,1.38247,1.38252,1.3824,1.38248,113670000,1
1755530580000,1755530639000,1.3825,1.38265,1.38249,1.38265,107130000,1
1755530640000,1755530699000,1.38264,1.3827,1.38253,1.38259,87930000,1
1755530700000,1755530759000,1.38259,1.38274,1.38256,1.38263,112770000,1
1755530760000,1755530819000,1.38263,1.38278,1.38259,1.38278,113130000,1
1755530820000,1755530879000,1.38277,1.3828,1.38267,1.3827,82200000,1
1755530880000,1755530939000,1.3827,1.38271,1.38262,1.38265,72900000,1
1755530940000,1755530999000,1.38266,1.38267,1.38259,1.38259,80850000,1
1755531000000,1755531059000,1.38259,1.38267,1.38254,1.38265,85620000,1
1755531060000,1755531119000,1.38266,1.38274,1.38257,1.38267,81750000,1
1755531120000,1755531179000,1.38267,1.38268,1.38264,1.38267,48150000,1
1755531180000,1755531239000,1.38265,1.38267,1.38263,1.38267,31650000,1
1755531240000,1755531299000,1.38265,1.38266,1.38256,1.38257,49650000,1
1755531300000,1755531359000,1.38257,1.3826,1.3824,1.38245,85740000,1
1755531360000,1755531419000,1.38243,1.38251,1.38235,1.38247,66750000,1
1755531420000,1755531479000,1.38249,1.38253,1.38245,1.38245,55920000,1
1755531480000,1755531539000,1.38245,1.38246,1.3822,1.38222,83160000,1
1755531540000,1755531599000,1.38224,1.38231,1.38223,1.38228,70230000,1
1755531600000,1755531659000,1.38228,1.3823,1.38226,1.3823,55740000,1
1755531660000,1755531719000,1.38229,1.38229,1.38219,1.38222,53820000,1
1755531720000,1755531779000,1.38221,1.38226,1.3822,1.38225,82650000,1
1755531780000,1755531839000,1.38225,1.38235,1.38224,1.38229,48300000,1
1755531840000,1755531899000,1.3823,1.38232,1.38217,1.38218,77460000,1
1755531900000,1755531959000,1.38218,1.38235,1.38218,1.3822,54810000,1
1755531960000,1755532019000,1.3822,1.38224,1.38219,1.3822,37350000,1
1755532020000,1755532079000,1.3822,1.3822,1.38208,1.38211,36990000,1
1755532080000,1755532139000,1.3821,1.38211,1.38201,1.38209,90930000,1
1755532140000,1755532199000,1.38208,1.38208,1.38196,1.38197,57840000,1
1755532200000,1755532259000,1.38198,1.38198,1.38169,1.38178,71370000,1
1755532260000,1755532319000,1.38176,1.38179,1.38169,1.38172,76650000,1
1755532320000,1755532379000,1.38173,1.38182,1.38172,1.38172,49590000,1
1755532380000,1755532439000,1.38174,1.38177,1.38164,1.38164,76500000,1
1755532440000,1755532499000,1.38162,1.38162,1.38149,1.38161,82440000,1
1755532500000,1755532559000,1.38161,1.38163,1.38152,1.38153,86220000,1
1755532560000,1755532619000,1.38153,1.38157,1.38147,1.38152,81930000,1
1755532620000,1755532679000,1.38152,1.38155,1.38134,1.38135,136290000,1
1755532680000,1755532739000,1.38136,1.38168,1.38132,1.38155,144450000,1
1755532740000,1755532799000,1.38156,1.38159,1.38151,1.38154,52800000,1
1755532800000,1755532859000,1.38154,1.3816,1.38151,1.38151,72930000,1
1755532860000,1755532919000,1.38152,1.38163,1.38147,1.38148,83970000,1
1755532920000,1755532979000,1.38147,1.38151,1.3814,1.38142,71400000,1
1755532980000,1755533039000,1.38142,1.38145,1.3814,1.38142,51150000,1
1755533040000,1755533099000,1.38143,1.38147,1.38136,1.38143,74320000,1
1755533100000,1755533159000,1.38144,1.38148,1.38133,1.38138,61470000,1
1755533160000,1755533219000,1.38137,1.38152,1.38137,1.38146,68790000,1
1755533220000,1755533279000,1.38148,1.38151,1.38146,1.38149,46170000,1
1755533280000,1755533339000,1.38149,1.38152,1.38148,1.3815,42000000,1
1755533340000,1755533399000,1.38151,1.38153,1.38139,1.38139,27150000,1
1755533400000,1755533459000,1.3814,1.3814,1.38124,1.38125,32400000,1
1755533460000,1755533519000,1.38125,1.38126,1.38104,1.38105,58170000,1
1755533520000,1755533579000,1.38105,1.38114,1.38095,1.38106,90750000,1
1755533580000,1755533639000,1.38107,1.38107,1.38093,1.38097,58770000,1
1755533640000,1755533699000,1.38098,1.38117,1.38096,1.38111,84600000,1
1755533700000,1755533759000,1.38112,1.38113,1.38103,1.38107,64650000,1
1755533760000,1755533819000,1.38106,1.38116,1.38106,1.38112,56700000,1
1755533820000,1755533879000,1.38113,1.38115,1.38105,1.38111,70980000,1
1755533880000,1755533939000,1.38111,1.38116,1.38111,1.38115,42450000,1
1755533940000,1755533999000,1.38114,1.38115,1.38102,1.38102,56040000,1
1755534000000,1755534059000,1.38103,1.38114,1.38103,1.38113,34650000,1
1755534060000,1755534119000,1.38113,1.38113,1.38103,1.38104,53550000,1
1755534120000,1755534179000,1.38103,1.38111,1.38103,1.38105,25650000,1
1755534180000,1755534239000,1.38104,1.38104,1.38096,1.38096,31350000,1
1755534240000,1755534299000,1.38099,1.3811,1.38093,1.38093,59220000,1
1755534300000,1755534359000,1.38093,1.38104,1.38093,1.38098,64470000,1
1755534360000,1755534419000,1.38096,1.38104,1.38096,1.38103,27750000,1
1755534420000,1755534479000,1.38103,1.38104,1.38094,1.38095,76890000,1
1755534480000,1755534539000,1.38094,1.38094,1.38083,1.38087,91890000,1
1755534540000,1755534599000,1.38086,1.38087,1.38074,1.38086,67230000,1
1755534600000,1755534659000,1.38086,1.38086,1.38077,1.38083,78300000,1
1755534660000,1755534719000,1.38082,1.38084,1.38076,1.38078,36960000,1
1755534720000,1755534779000,1.38078,1.38087,1.38076,1.38087,39750000,1
1755534780000,1755534839000,1.38086,1.38103,1.38085,1.38098,54300000,1
1755534840000,1755534899000,1.38099,1.38099,1.38094,1.38095,47280000,1
1755534900000,1755534959000,1.38095,1.38096,1.3808,1.38084,53190000,1
1755534960000,1755535019000,1.38084,1.38095,1.38083,1.38095,60660000,1
1755535020000,1755535079000,1.38094,1.38103,1.38092,1.38098,42000000,1
1755535080000,1755535139000,1.38095,1.38098,1.38094,1.38095,27300000,1
1755535140000,1755535199000,1.38094,1.38094,1.38081,1.38081,24600000,1
1755535200000,1755535259000,1.38084,1.38095,1.3808,1.38095,65400000,1
1755535260000,1755535319000,1.38095,1.38098,1.38088,1.38088,70560000,1
1755535320000,1755535379000,1.38087,1.38092,1.38083,1.3809,84840000,1
1755535380000,1755535439000,1.38092,1.38092,1.38086,1.38089,36240000,1
1755535440000,1755535499000,1.38088,1.38099,1.38088,1.38099,67680000,1
1755535500000,1755535559000,1.38099,1.381,1.38096,1.38098,37560000,1
1755535560000,1755535619000,1.38097,1.38118,1.38092,1.38113,72270000,1
1755535620000,1755535679000,1.38109,1.38111,1.38104,1.38108,64800000,1
1755535680000,1755535739000,1.38109,1.3812,1.38108,1.38115,49200000,1
1755535740000,1755535799000,1.38114,1.38117,1.38114,1.38116,19200000,1
1755535800000,1755535859000,1.38114,1.38127,1.38114,1.38125,60000000,1
1755535860000,1755535919000,1.38124,1.38126,1.38123,1.38123,33600000,1
1755535920000,1755535979000,1.38124,1.38129,1.38122,1.38122,59190000,1
1755535980000,1755536039000,1.38121,1.38124,1.38118,1.38122,66180000,1
1755536040000,1755536099000,1.38121,1.38127,1.38115,1.38124,34230000,1
1755536100000,1755536159000,1.38126,1.38126,1.38116,1.38119,41580000,1
1755536160000,1755536219000,1.38118,1.38148,1.38118,1.38148,103440000,1
1755536220000,1755536279000,1.38146,1.38147,1.38112,1.38115,108090000,1
1755536280000,1755536339000,1.38115,1.38134,1.38115,1.38131,96960000,1
1755536340000,1755536399000,1.3813,1.38131,1.38117,1.38121,80400000,1
1755536400000,1755536459000,1.38123,1.38126,1.38111,1.38112,74400000,1
1755536460000,1755536519000,1.38111,1.38112,1.38094,1.38102,80790000,1
1755536520000,1755536579000,1.38101,1.38115,1.38099,1.38115,64770000,1
1755536580000,1755536639000,1.38115,1.38129,1.38112,1.38128,36510000,1
1755536640000,1755536699000,1.38129,1.38136,1.38127,1.38135,25440000,1
1755536700000,1755536759000,1.38136,1.3814,1.3813,1.38133,59160000,1
1755536760000,1755536819000,1.38133,1.38133,1.38117,1.3812,46200000,1
1755536820000,1755536879000,1.38119,1.38119,1.38096,1.38097,48150000,1
1755536880000,1755536939000,1.38098,1.38105,1.38093,1.38105,75690000,1
1755536940000,1755536999000,1.38106,1.38108,1.38096,1.38098,53100000,1
1755537000000,1755537059000,1.38098,1.38099,1.38087,1.38087,45900000,1
1755537060000,1755537119000,1.38088,1.38089,1.38085,1.38087,22050000,1
1755537120000,1755537179000,1.38086,1.38088,1.38077,1.38077,52350000,1
1755537180000,1755537239000,1.38078,1.38081,1.38075,1.38077,34050000,1
1755537240000,1755537299000,1.38077,1.38086,1.38074,1.38082,49800000,1
1755537300000,1755537359000,1.38081,1.38098,1.38081,1.38095,51840000,1
1755537360000,1755537419000,1.38094,1.38101,1.38088,1.38089,41250000,1
1755537420000,1755537479000,1.38088,1.38088,1.3808,1.38082,58500000,1
1755537480000,1755537539000,1.38082,1.38088,1.38082,1.38084,51000000,1
1755537540000,1755537599000,1.38084,1.38098,1.38084,1.38098,37470000,1
1755537600000,1755537659000,1.38098,1.381,1.38085,1.38085,50610000,1
1755537660000,1755537719000,1.38085,1.38108,1.38083,1.38107,65670000,1
1755537720000,1755537779000,1.38108,1.38108,1.38095,1.38098,49500000,1
1755537780000,1755537839000,1.38096,1.38098,1.38089,1.38091,46500000,1
1755537840000,1755537899000,1.38092,1.38097,1.38087,1.38088,49500000,1
1755537900000,1755537959000,1.38088,1.38089,1.38085,1.38086,35730000,1
1755537960000,1755538019000,1.38084,1.38084,1.38078,1.38078,33900000,1
1755538020000,1755538079000,1.3808,1.38089,1.38077,1.38088,21600000,1
1755538080000,1755538139000,1.38087,1.38091,1.38082,1.3809,43440000,1
1755538140000,1755538199000,1.38092,1.38097,1.38089,1.38093,68520000,1
1755538200000,1755538259000,1.38092,1.38094,1.38082,1.38084,61440000,1
1755538260000,1755538319000,1.38083,1.38083,1.38069,1.38071,74970000,1
1755538320000,1755538379000,1.3807,1.38073,1.38061,1.38066,60570000,1
1755538380000,1755538439000,1.38066,1.38074,1.38066,1.38074,33780000,1
1755538440000,1755538499000,1.38073,1.38078,1.38069,1.38078,45510000,1
1755538500000,1755538559000,1.38079,1.38079,1.38067,1.38073,35910000,1
1755538560000,1755538619000,1.38074,1.38076,1.38072,1.38074,27000000,1
1755538620000,1755538679000,1.38073,1.38083,1.38072,1.3808,44400000,1
1755538680000,1755538739000,1.38081,1.38089,1.38079,1.38089,30750000,1
1755538740000,1755538799000,1.38088,1.38089,1.38085,1.38089,31950000,1
1755538800000,1755538859000,1.38088,1.38097,1.38086,1.38095,64950000,1
1755538860000,1755538919000,1.38095,1.38101,1.38094,1.381,42240000,1
1755538920000,1755538979000,1.38098,1.38112,1.38098,1.38111,28080000,1
1755538980000,1755539039000,1.38111,1.38126,1.38111,1.38124,59790000,1
1755539040000,1755539099000,1.38123,1.38124,1.38113,1.3812,64800000,1
1755539100000,1755539159000,1.38119,1.38124,1.38119,1.38123,54900000,1
1755539160000,1755539219000,1.38123,1.38128,1.38114,1.38125,49560000,1
1755539220000,1755539279000,1.38126,1.38126,1.38118,1.38119,54000000,1
1755539280000,1755539339000,1.38118,1.38126,1.38111,1.38111,44040000,1
1755539340000,1755539399000,1.38111,1.38113,1.38105,1.38112,34860000,1
1755539400000,1755539459000,1.38111,1.38117,1.38111,1.38113,42930000,1
1755539460000,1755539519000,1.38113,1.38118,1.38113,1.38114,21120000,1
1755539520000,1755539579000,1.38115,1.38126,1.38114,1.38115,51000000,1
1755539580000,1755539639000,1.38115,1.38117,1.38108,1.38112,43710000,1
1755539640000,1755539699000,1.38111,1.38113,1.38107,1.38112,30000000,1
1755539700000,1755539759000,1.38112,1.38116,1.38111,1.38116,22020000,1
1755539760000,1755539819000,1.38113,1.38113,1.38097,1.38098,33030000,1
1755539820000,1755539879000,1.38097,1.38098,1.38092,1.38095,28350000,1
1755539880000,1755539939000,1.38096,1.38099,1.38091,1.38099,47400000,1
1755539940000,1755539999000,1.38099,1.38107,1.38096,1.38107,66750000,1
1755540000000,1755540059000,1.38105,1.38127,1.38105,1.38123,54900000,1
1755540060000,1755540119000,1.38122,1.38122,1.38105,1.38106,73020000,1
1755540120000,1755540179000,1.38106,1.38108,1.38087,1.38088,43530000,1
1755540180000,1755540239000,1.38088,1.38088,1.38087,1.38087,25680000,1
1755540240000,1755540299000,1.38086,1.38089,1.38086,1.38086,21000000,1
1755540300000,1755540359000,1.38086,1.38093,1.38082,1.3809,56400000,1
1755540360000,1755540419000,1.38089,1.38089,1.38061,1.38066,73380000,1
1755540420000,1755540479000,1.38067,1.38073,1.38066,1.38068,75600000,1
1755540480000,1755540539000,1.38067,1.38068,1.38066,1.38068,24450000,1
1755540540000,1755540599000,1.38066,1.38067,1.38058,1.38062,44670000,1
1755540600000,1755540659000,1.38062,1.38067,1.38051,1.38053,45780000,1
1755540660000,1755540719000,1.38051,1.3806,1.38047,1.3806,46650000,1
1755540720000,1755540779000,1.3806,1.38067,1.38058,1.38063,41250000,1
1755540780000,1755540839000,1.38065,1.38071,1.38062,1.38071,59040000,1
1755540840000,1755540899000,1.3807,1.3807,1.38057,1.38057,61470000,1
1755540900000,1755540959000,1.38058,1.38058,1.38048,1.38048,50160000,1
1755540960000,1755541019000,1.38049,1.38051,1.38047,1.38047,26550000,1
1755541020000,1755541079000,1.38048,1.38071,1.38048,1.3807,55950000,1
1755541080000,1755541139000,1.3807,1.38072,1.38069,1.3807,34800000,1
1755541140000,1755541199000,1.38069,1.38077,1.38069,1.3807,40650000,1
1755541200000,1755541259000,1.38069,1.38078,1.38069,1.38077,23400000,1
1755541260000,1755541319000,1.38078,1.3809,1.38077,1.3809,55800000,1
1755541320000,1755541379000,1.38088,1.38088,1.38077,1.38078,39000000,1
1755541380000,1755541439000,1.38077,1.38079,1.38076,1.38077,27750000,1
1755541440000,1755541499000,1.38078,1.38086,1.38077,1.38077,29640000,1
1755541500000,1755541559000,1.38077,1.38078,1.38068,1.38077,74730000,1
1755541560000,1755541619000,1.38077,1.38085,1.38076,1.38078,42180000,1
1755541620000,1755541679000,1.38078,1.38082,1.38077,1.38078,64620000,1
1755541680000,1755541739000,1.38077,1.3808,1.38077,1.38079,24750000,1
1755541740000,1755541799000,1.38078,1.38087,1.38078,1.38087,106600000,1
1755541800000,1755541859000,1.38088,1.38088,1.38081,1.38081,33510000,1
1755541860000,1755541919000,1.3808,1.38086,1.38077,1.38078,45750000,1
1755541920000,1755541979000,1.38077,1.38083,1.38077,1.3808,37320000,1
1755541980000,1755542039000,1.38083,1.38091,1.38082,1.38087,56550000,1
1755542040000,1755542099000,1.38087,1.38093,1.38087,1.38093,39990000,1
1755542100000,1755542159000,1.38094,1.38107,1.38093,1.38102,76860000,1
1755542160000,1755542219000,1.38102,1.38103,1.38098,1.38098,50250000,1
1755542220000,1755542279000,1.38099,1.38108,1.38098,1.38108,96120000,1
1755542280000,1755542339000,1.38106,1.38107,1.38098,1.38103,79800000,1
1755542340000,1755542399000,1.38101,1.38106,1.38099,1.38105,63600000,1
1755542400000,1755542459000,1.38104,1.38108,1.381,1.38102,75690000,1
1755542460000,1755542519000,1.38103,1.38106,1.38099,1.38106,63540000,1
1755542520000,1755542579000,1.38105,1.38105,1.38099,1.38104,34350000,1
1755542580000,1755542639000,1.38103,1.3811,1.38102,1.38106,92700000,1
1755542640000,1755542699000,1.38108,1.38115,1.38104,1.38114,69600000,1
1755542700000,1755542759000,1.38112,1.38115,1.38106,1.38108,99150000,1
1755542760000,1755542819000,1.38107,1.38111,1.38105,1.38105,76500000,1
1755542820000,1755542879000,1.3811,1.3811,1.38107,1.38108,33630000,1
1755542880000,1755542939000,1.38107,1.38129,1.38104,1.38127,54210000,1
1755542940000,1755542999000,1.38128,1.38129,1.38123,1.38125,37110000,1
1755543000000,1755543059000,1.38122,1.38123,1.38114,1.38115,72450000,1
1755543060000,1755543119000,1.38114,1.38115,1.38107,1.38113,56220000,1
1755543120000,1755543179000,1.38112,1.38112,1.38107,1.38111,58050000,1
1755543180000,1755543239000,1.3811,1.38117,1.38106,1.38116,67950000,1
1755543240000,1755543299000,1.38116,1.38116,1.38107,1.38116,20400000,1
1755543300000,1755543359000,1.38116,1.38118,1.38111,1.38114,29220000,1
1755543360000,1755543419000,1.38115,1.38117,1.38115,1.38117,9000000,1
1755543420000,1755543479000,1.38115,1.38119,1.38114,1.38114,45510000,1
1755543480000,1755543539000,1.38115,1.38115,1.38105,1.38107,57450000,1
1755543540000,1755543599000,1.38105,1.38116,1.38105,1.38116,78360000,1
1755543600000,1755543659000,1.38116,1.38125,1.38115,1.38115,86700000,1
1755543660000,1755543719000,1.38114,1.38114,1.38094,1.38102,80340000,1
1755543720000,1755543779000,1.38102,1.38111,1.38095,1.38111,123000000,1
1755543780000,1755543839000,1.3811,1.3811,1.38098,1.381,95520000,1
1755543840000,1755543899000,1.38099,1.38101,1.38097,1.38097,31950000,1
1755543900000,1755543959000,1.38098,1.38099,1.38095,1.38096,41970000,1
1755543960000,1755544019000,1.38096,1.38097,1.38096,1.38096,24000000,1
1755544020000,1755544079000,1.38097,1.38097,1.38085,1.38085,76050000,1
1755544080000,1755544139000,1.38085,1.38085,1.38082,1.38082,43650000,1
1755544140000,1755544199000,1.38085,1.38094,1.38084,1.38094,30000000,1
1755544200000,1755544259000,1.38095,1.38095,1.38092,1.38094,23100000,1
1755544260000,1755544319000,1.38094,1.38098,1.38093,1.38096,34470000,1
1755544320000,1755544379000,1.38094,1.38096,1.38091,1.38095,46350000,1
1755544380000,1755544439000,1.38096,1.38096,1.38094,1.38094,18600000,1
1755544440000,1755544499000,1.38095,1.38095,1.38092,1.38093,22830000,1
1755544500000,1755544559000,1.38092,1.38092,1.38087,1.38088,21600000,1
1755544560000,1755544619000,1.38087,1.38087,1.38067,1.38068,69750000,1
1755544620000,1755544679000,1.3807,1.3808,1.38068,1.38079,25200000,1
1755544680000,1755544739000,1.38079,1.38079,1.38076,1.38078,46650000,1
1755544740000,1755544799000,1.38079,1.38079,1.38077,1.38077,15900000,1
1755544800000,1755544859000,1.38077,1.38082,1.38077,1.38078,14580000,1
1755544860000,1755544919000,1.38078,1.38079,1.38078,1.38078,5400000,1
1755544920000,1755544979000,1.38078,1.38087,1.38074,1.38082,73770000,1
1755544980000,1755545039000,1.38082,1.38083,1.38078,1.38079,32850000,1
1755545040000,1755545099000,1.38079,1.38085,1.38078,1.3808,37920000,1
1755545100000,1755545159000,1.38081,1.38083,1.3808,1.38083,19500000,1
1755545160000,1755545219000,1.38082,1.38082,1.38074,1.38074,18750000,1
1755545220000,1755545279000,1.38075,1.38076,1.38069,1.38069,46650000,1
1755545280000,1755545339000,1.38069,1.38075,1.38067,1.38068,56730000,1
1755545340000,1755545399000,1.38067,1.38071,1.38066,1.38071,67110000,1
1755545400000,1755545459000,1.38069,1.38069,1.38049,1.38052,78900000,1
1755545460000,1755545519000,1.38052,1.38052,1.38048,1.38049,25920000,1
1755545520000,1755545579000,1.38049,1.38051,1.38049,1.38049,19800000,1
1755545580000,1755545639000,1.3805,1.38062,1.3805,1.38058,40350000,1
1755545640000,1755545699000,1.38057,1.38059,1.3805,1.38059,47790000,1
1755545700000,1755545759000,1.3806,1.3807,1.38056,1.3807,43350000,1
1755545760000,1755545819000,1.3807,1.38077,1.3807,1.38075,32850000,1
1755545820000,1755545879000,1.38073,1.38073,1.38058,1.38059,22650000,1
1755545880000,1755545939000,1.38058,1.38072,1.38058,1.38064,106350000,1
1755545940000,1755545999000,1.38064,1.38068,1.38063,1.38067,67650000,1
1755546000000,1755546059000,1.38068,1.38071,1.38065,1.38068,37200000,1
1755546060000,1755546119000,1.38068,1.38069,1.38057,1.38059,48600000,1
1755546120000,1755546179000,1.38058,1.38058,1.38046,1.38048,68700000,1
1755546180000,1755546239000,1.38047,1.38049,1.38047,1.38049,24900000,1
1755546240000,1755546299000,1.38048,1.3805,1.38048,1.38048,12000000,1
1755546300000,1755546359000,1.38048,1.38055,1.38048,1.38055,22350000,1
1755546360000,1755546419000,1.38051,1.38052,1.38046,1.3805,50700000,1
1755546420000,1755546479000,1.38049,1.38049,1.38038,1.38039,53190000,1
1755546480000,1755546539000,1.38038,1.3804,1.38031,1.38038,101340000,1
1755546540000,1755546599000,1.38039,1.3804,1.38033,1.38038,80850000,1
1755546600000,1755546659000,1.38037,1.38042,1.38028,1.38038,114150000,1
1755546660000,1755546719000,1.38039,1.38039,1.38037,1.38037,33600000,1
1755546720000,1755546779000,1.38034,1.38042,1.38033,1.38037,81420000,1
1755546780000,1755546839000,1.38037,1.38037,1.38028,1.38028,50070000,1
1755546840000,1755546899000,1.38028,1.38028,1.38014,1.38018,67350000,1
1755546900000,1755546959000,1.3802,1.38024,1.3802,1.38023,48600000,1
1755546960000,1755547019000,1.38023,1.38031,1.38021,1.3803,79950000,1
1755547020000,1755547079000,1.38031,1.3804,1.38031,1.38036,47700000,1
1755547080000,1755547139000,1.38035,1.38041,1.38034,1.38041,52950000,1
1755547140000,1755547199000,1.38042,1.38056,1.38042,1.38053,87000000,1
1755547200000,1755547259000,1.38053,1.38063,1.38052,1.3806,68700000,1
1755547260000,1755547319000,1.38059,1.3806,1.38049,1.38051,43650000,1
1755547320000,1755547379000,1.38051,1.38051,1.38042,1.38043,28950000,1
1755547380000,1755547439000,1.38043,1.38043,1.38037,1.38039,27450000,1
1755547440000,1755547499000,1.38038,1.3804,1.38037,1.38039,27000000,1
1755547500000,1755547559000,1.38038,1.38044,1.38035,1.38044,39450000,1
1755547560000,1755547619000,1.38044,1.38056,1.38044,1.38056,27150000,1
1755547620000,1755547679000,1.38057,1.38057,1.38057,1.38057,9000000,1
1755547680000,1755547739000,1.38057,1.38064,1.38057,1.38063,40500000,1
1755547740000,1755547799000,1.38063,1.38063,1.38053,1.38056,35250000,1
1755547800000,1755547859000,1.38055,1.38055,1.38046,1.38046,42900000,1
1755547860000,1755547919000,1.38047,1.38051,1.38046,1.38049,21450000,1
1755547920000,1755547979000,1.3805,1.38052,1.3805,1.3805,12300000,1
1755547980000,1755548039000,1.38051,1.38069,1.38051,1.38068,22800000,1
1755548040000,1755548099000,1.38069,1.38069,1.38067,1.38068,20100000,1
1755548100000,1755548159000,1.38067,1.38069,1.38067,1.38068,29100000,1
1755548160000,1755548219000,1.38068,1.3807,1.38068,1.38069,14010000,1
1755548220000,1755548279000,1.38072,1.38078,1.38071,1.38076,21600000,1
1755548280000,1755548339000,1.38076,1.38078,1.38076,1.38078,11190000,1
1755548340000,1755548399000,1.38077,1.38078,1.38073,1.38073,25830000,1
1755548400000,1755548459000,1.38074,1.3808,1.38073,1.38079,40950000,1
1755548460000,1755548519000,1.38079,1.38086,1.38079,1.38086,69000000,1
1755548520000,1755548579000,1.38086,1.38087,1.3808,1.3808,21150000,1
1755548580000,1755548639000,1.3808,1.3808,1.38079,1.38079,20400000,1
1755548640000,1755548699000,1.38079,1.3808,1.38079,1.3808,7200000,1
1755548700000,1755548759000,1.38079,1.38079,1.38079,1.38079,3000000,1
1755548760000,1755548819000,1.38079,1.38079,1.38079,1.38079,0,1
1755548820000,1755548879000,1.38081,1.38084,1.38081,1.38084,11250000,1
1755548880000,1755548939000,1.38085,1.38087,1.38084,1.38087,26550000,1
1755548940000,1755548999000,1.38088,1.38089,1.3808,1.3808,45150000,1
1755549000000,1755549059000,1.38081,1.38081,1.38079,1.38079,9150000,1
1755549060000,1755549119000,1.38079,1.3808,1.38056,1.38056,75600000,1
1755549120000,1755549179000,1.38056,1.38057,1.3805,1.38055,39750000,1
1755549180000,1755549239000,1.38055,1.38055,1.38054,1.38055,7350000,1
1755549240000,1755549299000,1.38057,1.38069,1.38056,1.38067,31950000,1
1755549300000,1755549359000,1.38067,1.38068,1.38067,1.38067,4800000,1
1755549360000,1755549419000,1.38067,1.38067,1.38065,1.38066,18000000,1
1755549420000,1755549479000,1.38066,1.38067,1.38062,1.38065,10200000,1
1755549480000,1755549539000,1.38066,1.38066,1.38053,1.38056,28500000,1
1755549540000,1755549599000,1.38055,1.38055,1.38044,1.38045,29850000,1
1755549600000,1755549659000,1.38044,1.38046,1.38034,1.38035,32400000,1
1755549660000,1755549719000,1.38037,1.38041,1.38033,1.38033,12450000,1
1755549720000,1755549779000,1.38034,1.38042,1.38032,1.38032,35700000,1
1755549780000,1755549839000,1.38031,1.38032,1.38022,1.38024,93030000,1
1755549840000,1755549899000,1.38022,1.38023,1.38014,1.38016,30690000,1
1755549900000,1755549959000,1.38015,1.38016,1.38003,1.38005,68250000,1
1755549960000,1755550019000,1.38004,1.38004,1.37996,1.37998,33000000,1
1755550020000,1755550079000,1.37999,1.38002,1.37992,1.37994,52020000,1
1755550080000,1755550139000,1.37995,1.37996,1.37993,1.37995,26190000,1
1755550140000,1755550199000,1.37995,1.37995,1.3799,1.37993,15450000,1
1755550200000,1755550259000,1.37992,1.37996,1.37992,1.37994,20550000,1
1755550260000,1755550319000,1.37994,1.37996,1.37993,1.37994,19350000,1
1755550320000,1755550379000,1.37993,1.37994,1.37991,1.37994,39000000,1
1755550380000,1755550439000,1.37992,1.37995,1.37989,1.37995,38250000,1
1755550440000,1755550499000,1.37995,1.37997,1.37995,1.37997,2550000,1
1755550500000,1755550559000,1.37993,1.37995,1.3799,1.37992,44100000,1
1755550560000,1755550619000,1.37994,1.37994,1.37993,1.37993,21300000,1
1755550620000,1755550679000,1.37994,1.38028,1.37993,1.38028,111150000,1
1755550680000,1755550739000,1.38028,1.38028,1.38014,1.38019,72750000,1
1755550740000,1755550799000,1.38019,1.38025,1.38013,1.3802,42900000,1
1755550800000,1755550859000,1.38015,1.38015,1.38002,1.38005,9900000,1
1755550860000,1755550919000,1.38008,1.38008,1.37948,1.37985,4050000,1
1755550920000,1755550979000,1.37982,1.37982,1.37957,1.37982,1800000,1
1755550980000,1755551039000,1.37957,1.37981,1.37957,1.37981,1650000,1
1755551040000,1755551099000,1.37958,1.37979,1.37958,1.37979,1950000,1
1755551100000,1755551159000,1.37982,1.37983,1.37982,1.37982,5280000,1
1755551160000,1755551219000,1.37984,1.37984,1.37984,1.37984,1800000,1
1755551220000,1755551279000,1.37985,1.37986,1.37985,1.37986,2400000,1
1755551280000,1755551339000,1.37986,1.37986,1.37986,1.37986,2400000,1
1755551340000,1755551399000,1.37986,1.37986,1.37986,1.37986,1200000,1
1755551400000,1755551459000,1.37985,1.37986,1.37985,1.37986,3600000,1
1755551460000,1755551519000,1.37955,1.37984,1.37955,1.37983,3780000,1
1755551520000,1755551579000,1.37984,1.37994,1.37983,1.37994,7200000,1
1755551580000,1755551639000,1.37995,1.37995,1.37995,1.37995,1350000,1
1755551640000,1755551699000,1.37991,1.37992,1.37991,1.37991,5400000,1
1755551700000,1755551759000,1.37991,1.37995,1.3799,1.37995,8400000,1
1755551760000,1755551819000,1.37995,1.37995,1.37993,1.37993,5250000,1
1755551820000,1755551879000,1.37993,1.37994,1.37993,1.37994,3900000,1
1755551880000,1755551939000,1.37995,1.37996,1.37995,1.37996,3600000,1
1755551940000,1755551999000,1.37996,1.37996,1.37996,1.37996,1200000,1
1755552000000,1755552059000,1.37996,1.37997,1.37996,1.37996,5400000,1
1755552060000,1755552119000,1.37998,1.37998,1.37998,1.37998,6600000,1
1755552120000,1755552179000,1.37998,1.37999,1.37996,1.37996,9000000,1
1755552180000,1755552239000,1.37997,1.38,1.37997,1.38,7200000,1
1755552240000,1755552299000,1.38,1.38,1.37999,1.37999,11550000,1
1755552300000,1755552359000,1.37998,1.38004,1.37996,1.38,25800000,1
1755552360000,1755552419000,1.38,1.38001,1.37998,1.37998,16200000,1
1755552420000,1755552479000,1.37998,1.37999,1.37996,1.37998,15600000,1
1755552480000,1755552539000,1.37998,1.38,1.37996,1.37997,30600000,1
1755552540000,1755552599000,1.37998,1.37998,1.37991,1.37992,25650000,1
1755552600000,1755552659000,1.37992,1.37994,1.37992,1.37992,26700000,1
1755552660000,1755552719000,1.37993,1.37997,1.3799,1.37992,64350000,1
1755552720000,1755552779000,1.37992,1.37994,1.37992,1.37993,10800000,1
1755552780000,1755552839000,1.37994,1.37996,1.37993,1.37993,13800000,1
1755552840000,1755552899000,1.37994,1.37999,1.37994,1.37997,16200000,1
1755552900000,1755552959000,1.37996,1.37996,1.37994,1.37995,21750000,1
1755552960000,1755553019000,1.37994,1.37995,1.37993,1.37994,15000000,1
1755553020000,1755553079000,1.37995,1.37995,1.37994,1.37994,3600000,1
1755553080000,1755553139000,1.37995,1.37995,1.37995,1.37995,1200000,1
1755553140000,1755553199000,1.37994,1.37996,1.37993,1.37996,22050000,1
1755553200000,1755553259000,1.37997,1.38009,1.37997,1.38007,22500000,1
1755553260000,1755553319000,1.38007,1.38009,1.38007,1.38007,6000000,1
1755553320000,1755553379000,1.38006,1.38011,1.38006,1.38009,25350000,1
1755553380000,1755553439000,1.3801,1.38013,1.3801,1.38011,10800000,1
1755553440000,1755553499000,1.38012,1.38012,1.38011,1.38011,3150000,1
1755553500000,1755553559000,1.38014,1.38015,1.38011,1.38013,14550000,1
1755553560000,1755553619000,1.38014,1.38016,1.38012,1.38015,21750000,1
1755553620000,1755553679000,1.38011,1.38014,1.38011,1.38014,16500000,1
1755553680000,1755553739000,1.38013,1.38015,1.38011,1.38015,9750000,1
1755553740000,1755553799000,1.38011,1.38012,1.3801,1.38012,16350000,1
1755553800000,1755553859000,1.38013,1.38015,1.38013,1.38015,8400000,1
1755553860000,1755553919000,1.38014,1.38014,1.38003,1.38006,24900000,1
1755553920000,1755553979000,1.38005,1.3801,1.38005,1.38006,32850000,1
1755553980000,1755554039000,1.38006,1.38008,1.38004,1.38005,27600000,1
1755554040000,1755554099000,1.38007,1.38009,1.38003,1.38009,10350000,1
1755554100000,1755554159000,1.38007,1.38013,1.38006,1.38009,29700000,1
1755554160000,1755554219000,1.38008,1.38014,1.38008,1.38014,15600000,1
1755554220000,1755554279000,1.3801,1.38012,1.38005,1.38008,19950000,1
1755554280000,1755554339000,1.3801,1.38012,1.38005,1.38007,10800000,1
1755554340000,1755554399000,1.38012,1.38015,1.38011,1.38015,4050000,1
1755554400000,1755554459000,1.38013,1.38032,1.38013,1.38019,41670000,1
1755554460000,1755554519000,1.3802,1.3802,1.38012,1.38013,4500000,1
1755554520000,1755554579000,1.38013,1.38013,1.38005,1.38011,10800000,1
1755554580000,1755554639000,1.38011,1.38012,1.38009,1.3801,7650000,1
1755554640000,1755554699000,1.38009,1.38009,1.38002,1.38002,31500000,1
1755554700000,1755554759000,1.38001,1.38001,1.37982,1.37987,68700000,1
1755554760000,1755554819000,1.37988,1.37988,1.37982,1.37987,10950000,1
1755554820000,1755554879000,1.37987,1.37989,1.37976,1.37976,15300000,1
1755554880000,1755554939000,1.37974,1.37975,1.37956,1.37959,85350000,1
1755554940000,1755554999000,1.3796,1.37967,1.3796,1.37963,35700000,1
1755555000000,1755555059000,1.37963,1.37965,1.37961,1.37964,32400000,1
1755555060000,1755555119000,1.37965,1.37967,1.37964,1.37966,29850000,1
1755555120000,1755555179000,1.37966,1.37972,1.37966,1.3797,21450000,1
1755555180000,1755555239000,1.3797,1.3797,1.37969,1.37969,22200000,1
1755555240000,1755555299000,1.37969,1.37992,1.37969,1.37989,78150000,1
1755555300000,1755555359000,1.37989,1.37999,1.37989,1.37999,33000000,1
1755555360000,1755555419000,1.37999,1.38001,1.37991,1.38,49950000,1
1755555420000,1755555479000,1.38,1.38007,1.38,1.38003,58050000,1
1755555480000,1755555539000,1.38003,1.38012,1.38002,1.38008,31350000,1
1755555540000,1755555599000,1.38007,1.38011,1.38007,1.3801,24300000,1
1755555600000,1755555659000,1.3801,1.38016,1.38009,1.3801,51600000,1
1755555660000,1755555719000,1.3801,1.38012,1.38008,1.38011,41550000,1
1755555720000,1755555779000,1.38012,1.38024,1.38012,1.38023,51150000,1
1755555780000,1755555839000,1.38022,1.38023,1.38019,1.3802,19650000,1
1755555840000,1755555899000,1.38017,1.38018,1.3801,1.38017,39750000,1
1755555900000,1755555959000,1.38018,1.38019,1.38018,1.38018,12600000,1
1755555960000,1755556019000,1.38017,1.38019,1.38017,1.38019,16800000,1
1755556020000,1755556079000,1.38018,1.38022,1.38018,1.38018,29850000,1
1755556080000,1755556139000,1.38018,1.38019,1.38017,1.38017,13950000,1
1755556140000,1755556199000,1.38017,1.38019,1.38017,1.38018,19200000,1
1755556200000,1755556259000,1.38018,1.38018,1.38017,1.38017,19350000,1
1755556260000,1755556319000,1.38018,1.38018,1.38017,1.38017,9600000,1
1755556320000,1755556379000,1.38019,1.38021,1.38018,1.38021,49950000,1
1755556380000,1755556439000,1.3802,1.38025,1.38018,1.38018,45150000,1
1755556440000,1755556499000,1.38018,1.38019,1.38012,1.38014,38040000,1
1755556500000,1755556559000,1.38014,1.38014,1.38012,1.38012,37200000,1
1755556560000,1755556619000,1.38012,1.38012,1.38,1.38001,36030000,1
1755556620000,1755556679000,1.38,1.38,1.37999,1.38,8130000,1
1755556680000,1755556739000,1.38001,1.38008,1.38001,1.38007,34560000,1
1755556740000,1755556799000,1.38006,1.38009,1.38006,1.38007,31110000,1
1755556800000,1755556859000,1.38007,1.38009,1.38007,1.38009,9270000,1
1755556860000,1755556919000,1.38007,1.38008,1.38007,1.38008,8400000,1
1755556920000,1755556979000,1.3801,1.38011,1.3801,1.3801,10800000,1
1755556980000,1755557039000,1.3801,1.3801,1.38008,1.38008,15600000,1
1755557040000,1755557099000,1.38009,1.38009,1.38008,1.38008,16800000,1
1755557100000,1755557159000,1.38008,1.38009,1.38008,1.38008,9600000,1
1755557160000,1755557219000,1.38008,1.38008,1.38004,1.38005,12750000,1
1755557220000,1755557279000,1.38007,1.38007,1.38005,1.38005,13470000,1
1755557280000,1755557339000,1.38006,1.38008,1.38005,1.38008,30000000,1
1755557340000,1755557399000,1.38006,1.38006,1.38002,1.38002,42750000,1
1755557400000,1755557459000,1.38003,1.38005,1.38001,1.38002,29850000,1
1755557460000,1755557519000,1.38007,1.38014,1.38007,1.38013,16800000,1
1755557520000,1755557579000,1.38014,1.38014,1.38012,1.38012,13200000,1
1755557580000,1755557639000,1.38012,1.38013,1.38012,1.38013,3150000,1
1755557640000,1755557699000,1.38013,1.38013,1.38012,1.38013,13050000,1
1755557700000,1755557759000,1.38012,1.38014,1.38012,1.38012,21300000,1
1755557760000,1755557819000,1.38013,1.38013,1.38012,1.38012,18600000,1
1755557820000,1755557879000,1.38011,1.38011,1.37988,1.3799,56340000,1
1755557880000,1755557939000,1.3799,1.37992,1.37981,1.37981,60960000,1
1755557940000,1755557999000,1.3798,1.38002,1.3798,1.38,161190000,1
1755558000000,1755558059000,1.37999,1.38013,1.37999,1.38003,133950000,1
1755558060000,1755558119000,1.38004,1.38007,1.37998,1.38003,85590000,1
1755558120000,1755558179000,1.38004,1.38022,1.38002,1.38019,64080000,1
1755558180000,1755558239000,1.38021,1.38039,1.38021,1.38035,51510000,1
1755558240000,1755558299000,1.38035,1.38035,1.3803,1.38034,34650000,1
1755558300000,1755558359000,1.38033,1.38033,1.3803,1.3803,8550000,1
1755558360000,1755558419000,1.38031,1.38031,1.38026,1.38027,6900000,1
1755558420000,1755558479000,1.38028,1.38028,1.38027,1.38027,2700000,1
1755558480000,1755558539000,1.38026,1.38026,1.38021,1.38025,17550000,1
1755558540000,1755558599000,1.38025,1.38028,1.38022,1.38022,24750000,1
1755558600000,1755558659000,1.38021,1.38025,1.38021,1.38021,33600000,1
1755558660000,1755558719000,1.38024,1.38025,1.38022,1.38022,5400000,1
1755558720000,1755558779000,1.38023,1.38025,1.38023,1.38025,12900000,1
1755558780000,1755558839000,1.38026,1.38031,1.38022,1.38031,49500000,1
1755558840000,1755558899000,1.38031,1.38032,1.38029,1.38031,17550000,1
1755558900000,1755558959000,1.38029,1.3803,1.38027,1.38029,24300000,1
1755558960000,1755559019000,1.38028,1.38033,1.38028,1.38032,18750000,1
1755559020000,1755559079000,1.38031,1.38031,1.38023,1.38024,36300000,1
1755559080000,1755559139000,1.38023,1.38026,1.38021,1.38025,43200000,1
1755559140000,1755559199000,1.38023,1.38023,1.3802,1.38022,32400000,1
1755559200000,1755559259000,1.38024,1.38027,1.38024,1.38025,22350000,1
1755559260000,1755559319000,1.38025,1.38028,1.38025,1.38027,28500000,1
1755559320000,1755559379000,1.38029,1.38033,1.38029,1.38031,26400000,1
1755559380000,1755559439000,1.38031,1.38032,1.38026,1.38026,13500000,1
1755559440000,1755559499000,1.38025,1.38029,1.38025,1.38029,14250000,1
1755559500000,1755559559000,1.3803,1.3803,1.38028,1.38028,15000000,1
1755559560000,1755559619000,1.38031,1.38031,1.38029,1.3803,8700000,1
1755559620000,1755559679000,1.38031,1.38031,1.38029,1.38029,5100000,1
1755559680000,1755559739000,1.38031,1.38032,1.38031,1.38031,9600000,1
1755559740000,1755559799000,1.38029,1.38031,1.38029,1.38029,17700000,1
1755559800000,1755559859000,1.3803,1.38034,1.3803,1.38033,22950000,1
1755559860000,1755559919000,1.38034,1.38046,1.38033,1.38041,43350000,1
1755559920000,1755559979000,1.38041,1.38041,1.38039,1.3804,18300000,1
1755559980000,1755560039000,1.38038,1.38041,1.38038,1.38041,35100000,1
1755560040000,1755560099000,1.38041,1.38043,1.3804,1.3804,43530000,1
1755560100000,1755560159000,1.3804,1.38042,1.3804,1.38041,58200000,1
1755560160000,1755560219000,1.38042,1.38047,1.38041,1.38041,84420000,1
1755560220000,1755560279000,1.38041,1.38047,1.3804,1.38045,35040000,1
1755560280000,1755560339000,1.38045,1.38047,1.38043,1.38043,18150000,1
1755560340000,1755560399000,1.38042,1.38044,1.3804,1.38041,16050000,1
1755560400000,1755560459000,1.38043,1.38044,1.38039,1.38039,33300000,1
1755560460000,1755560519000,1.3804,1.3804,1.38036,1.38036,38850000,1
1755560520000,1755560579000,1.38035,1.38036,1.3803,1.38031,39900000,1
1755560580000,1755560639000,1.3803,1.38031,1.38024,1.38024,37650000,1
1755560640000,1755560699000,1.38024,1.3803,1.38024,1.38027,44400000,1
1755560700000,1755560759000,1.38029,1.38029,1.38025,1.38025,39600000,1
1755560760000,1755560819000,1.38025,1.38027,1.38017,1.38018,59550000,1
1755560820000,1755560879000,1.3802,1.38022,1.38017,1.38019,45750000,1
1755560880000,1755560939000,1.38018,1.38019,1.38012,1.38017,46860000,1
1755560940000,1755560999000,1.38017,1.38018,1.38016,1.38018,19470000,1
1755561000000,1755561059000,1.38021,1.38022,1.38019,1.3802,34200000,1
1755561060000,1755561119000,1.3802,1.38024,1.3802,1.38022,24420000,1
1755561120000,1755561179000,1.38022,1.38022,1.38019,1.38019,38370000,1
1755561180000,1755561239000,1.3802,1.3802,1.38012,1.38012,16140000,1
1755561240000,1755561299000,1.38013,1.38018,1.38012,1.38018,37140000,1
1755561300000,1755561359000,1.38018,1.38019,1.38012,1.38019,46590000,1
1755561360000,1755561419000,1.38019,1.38021,1.38016,1.38017,14400000,1
1755561420000,1755561479000,1.38017,1.38023,1.38016,1.38023,25950000,1
1755561480000,1755561539000,1.38021,1.38023,1.38018,1.38022,80850000,1
1755561540000,1755561599000,1.38021,1.38024,1.38021,1.38022,65400000,1
1755561600000,1755561659000,1.38021,1.38023,1.38017,1.38019,86520000,1
1755561660000,1755561719000,1.38019,1.38031,1.38018,1.38025,165750000,1
1755561720000,1755561779000,1.38024,1.3803,1.3802,1.38027,92220000,1
1755561780000,1755561839000,1.38027,1.38033,1.38027,1.38033,52050000,1
1755561840000,1755561899000,1.38033,1.38041,1.38033,1.38041,53730000,1
1755561900000,1755561959000,1.38043,1.38046,1.3803,1.38041,131220000,1
1755561960000,1755562019000,1.3804,1.38041,1.38036,1.38037,51060000,1
1755562020000,1755562079000,1.38037,1.38039,1.38035,1.38035,60060000,1
1755562080000,1755562139000,1.38035,1.38039,1.38034,1.38039,57420000,1
1755562140000,1755562199000,1.38037,1.38039,1.38032,1.38032,38490000,1
1755562200000,1755562259000,1.38033,1.38033,1.38026,1.38026,40800000,1
1755562260000,1755562319000,1.38027,1.38029,1.38018,1.38021,47280000,1
1755562320000,1755562379000,1.38021,1.38021,1.38016,1.3802,37710000,1
1755562380000,1755562439000,1.3802,1.3802,1.38017,1.38019,21150000,1
1755562440000,1755562499000,1.3802,1.3803,1.38019,1.38022,78180000,1
1755562500000,1755562559000,1.38021,1.38023,1.38018,1.3802,67500000,1
1755562560000,1755562619000,1.3802,1.38023,1.38014,1.38023,77100000,1
1755562620000,1755562679000,1.38023,1.3803,1.38022,1.3803,41370000,1
1755562680000,1755562739000,1.38027,1.3804,1.38027,1.38038,67620000,1
1755562740000,1755562799000,1.38038,1.38039,1.38036,1.38038,55050000,1
1755562800000,1755562859000,1.38038,1.38041,1.38036,1.38038,95100000,1
1755562860000,1755562919000,1.38038,1.38047,1.38037,1.38043,65400000,1
1755562920000,1755562979000,1.38043,1.38051,1.3804,1.38047,47790000,1
1755562980000,1755563039000,1.38045,1.38048,1.38042,1.38046,70440000,1
1755563040000,1755563099000,1.38046,1.38049,1.38044,1.38044,46800000,1
1755563100000,1755563159000,1.38046,1.38051,1.38045,1.38051,37650000,1
1755563160000,1755563219000,1.38049,1.3805,1.38042,1.38047,68250000,1
1755563220000,1755563279000,1.38047,1.38047,1.38038,1.3804,44100000,1
1755563280000,1755563339000,1.38043,1.38047,1.38039,1.38043,46050000,1
1755563340000,1755563399000,1.38044,1.38053,1.38042,1.38052,97020000,1
1755563400000,1755563459000,1.38051,1.38053,1.38041,1.38042,72450000,1
1755563460000,1755563519000,1.38041,1.38043,1.38038,1.38038,84120000,1
1755563520000,1755563579000,1.38039,1.3804,1.38034,1.38038,79380000,1
1755563580000,1755563639000,1.38038,1.3804,1.38032,1.38032,76530000,1
1755563640000,1755563699000,1.38033,1.38038,1.38033,1.38037,59250000,1
1755563700000,1755563759000,1.38037,1.38039,1.38034,1.38038,75300000,1
1755563760000,1755563819000,1.38038,1.38039,1.38034,1.38038,49050000,1
1755563820000,1755563879000,1.38039,1.38046,1.38038,1.38043,69510000,1
1755563880000,1755563939000,1.38044,1.38051,1.38043,1.38051,36300000,1
1755563940000,1755563999000,1.38051,1.38066,1.3805,1.38065,64080000,1
1755564000000,1755564059000,1.38065,1.38065,1.38058,1.38062,25050000,1
1755564060000,1755564119000,1.38062,1.38069,1.3806,1.38066,37140000,1
1755564120000,1755564179000,1.38068,1.3807,1.38067,1.38068,32100000,1
1755564180000,1755564239000,1.38069,1.38075,1.38069,1.38075,44700000,1
1755564240000,1755564299000,1.38075,1.38077,1.38073,1.38073,94230000,1
1755564300000,1755564359000,1.38073,1.38074,1.38067,1.38067,124470000,1
1755564360000,1755564419000,1.38066,1.3807,1.38064,1.38067,74700000,1
1755564420000,1755564479000,1.38067,1.38076,1.38067,1.38076,51090000,1
1755564480000,1755564539000,1.38077,1.38078,1.3807,1.38075,61440000,1
1755564540000,1755564599000,1.38075,1.38076,1.38072,1.38075,30390000,1
1755564600000,1755564659000,1.38073,1.38078,1.38071,1.38077,43800000,1
1755564660000,1755564719000,1.3808,1.38087,1.38077,1.38087,76140000,1
1755564720000,1755564779000,1.38086,1.38088,1.38085,1.38086,115770000,1
1755564780000,1755564839000,1.38087,1.38087,1.38075,1.38079,82800000,1
1755564840000,1755564899000,1.3808,1.38093,1.38079,1.38093,135930000,1
1755564900000,1755564959000,1.38094,1.38102,1.38094,1.38097,170580000,1
1755564960000,1755565019000,1.38096,1.38098,1.38095,1.38096,90270000,1
1755565020000,1755565079000,1.38097,1.38097,1.38092,1.38094,95610000,1
1755565080000,1755565139000,1.38096,1.38096,1.38086,1.38091,75210000,1
1755565140000,1755565199000,1.3809,1.38091,1.38086,1.38088,92430000,1
1755565200000,1755565259000,1.38088,1.38088,1.38086,1.38087,54390000,1
1755565260000,1755565319000,1.38087,1.38088,1.38076,1.38077,119220000,1
1755565320000,1755565379000,1.38077,1.3808,1.38076,1.3808,43200000,1
1755565380000,1755565439000,1.38079,1.38088,1.38077,1.38081,62580000,1
1755565440000,1755565499000,1.38081,1.38082,1.38077,1.3808,98130000,1
1755565500000,1755565559000,1.38079,1.38096,1.38079,1.38087,62220000,1
1755565560000,1755565619000,1.38088,1.3809,1.38085,1.38085,53610000,1
1755565620000,1755565679000,1.38084,1.38096,1.38083,1.38092,59760000,1
1755565680000,1755565739000,1.3809,1.38098,1.3809,1.38098,76650000,1
1755565740000,1755565799000,1.38097,1.38107,1.38096,1.38101,74910000,1
1755565800000,1755565859000,1.381,1.38112,1.38096,1.3811,151770000,1
1755565860000,1755565919000,1.3811,1.3811,1.38107,1.38107,74640000,1
1755565920000,1755565979000,1.38106,1.38106,1.38099,1.38105,31110000,1
1755565980000,1755566039000,1.38105,1.38108,1.38098,1.38108,102150000,1
1755566040000,1755566099000,1.38109,1.38121,1.38109,1.3812,158970000,1
1755566100000,1755566159000,1.3812,1.38123,1.38109,1.38109,155520000,1
1755566160000,1755566219000,1.3811,1.38114,1.38107,1.38111,113340000,1
1755566220000,1755566279000,1.3811,1.38122,1.3811,1.38117,92250000,1
1755566280000,1755566339000,1.38118,1.3812,1.38111,1.38114,103890000,1
1755566340000,1755566399000,1.38115,1.38117,1.38115,1.38117,65040000,1
1755566400000,1755566459000,1.38118,1.38118,1.38096,1.38097,79950000,1
1755566460000,1755566519000,1.38097,1.38098,1.38088,1.38091,112860000,1
1755566520000,1755566579000,1.3809,1.3809,1.38083,1.38085,81870000,1
1755566580000,1755566639000,1.38083,1.38099,1.38083,1.38098,89400000,1
1755566640000,1755566699000,1.38098,1.38123,1.38097,1.38119,164040000,1
1755566700000,1755566759000,1.3812,1.3812,1.38113,1.38118,99270000,1
1755566760000,1755566819000,1.38117,1.3812,1.38116,1.38117,82770000,1
1755566820000,1755566879000,1.38118,1.38121,1.38117,1.3812,49830000,1
1755566880000,1755566939000,1.38118,1.38125,1.38117,1.38124,76410000,1
1755566940000,1755566999000,1.38125,1.38147,1.38124,1.38147,221430000,1
1755567000000,1755567059000,1.38147,1.38147,1.38136,1.38136,112350000,1
1755567060000,1755567119000,1.38137,1.38156,1.38135,1.38156,171360000,1
1755567120000,1755567179000,1.38155,1.38162,1.38148,1.38148,135240000,1
1755567180000,1755567239000,1.38148,1.38162,1.38141,1.38155,101100000,1
1755567240000,1755567299000,1.38156,1.3816,1.38148,1.38158,74820000,1
1755567300000,1755567359000,1.38157,1.38164,1.38146,1.38164,88020000,1
1755567360000,1755567419000,1.38163,1.38164,1.38156,1.38157,93300000,1
1755567420000,1755567479000,1.38158,1.3817,1.38149,1.3817,72600000,1
1755567480000,1755567539000,1.38171,1.38176,1.38164,1.38165,73800000,1
1755567540000,1755567599000,1.38165,1.38166,1.38154,1.38154,65850000,1
1755567600000,1755567659000,1.38155,1.38157,1.38145,1.38146,38250000,1
1755567660000,1755567719000,1.38147,1.38153,1.38145,1.38149,69870000,1
1755567720000,1755567779000,1.38151,1.38151,1.38138,1.38139,47550000,1
1755567780000,1755567839000,1.38139,1.38143,1.38137,1.38141,58350000,1
1755567840000,1755567899000,1.3814,1.38145,1.38137,1.38139,69300000,1
1755567900000,1755567959000,1.38139,1.38139,1.38121,1.38121,72300000,1
1755567960000,1755568019000,1.38122,1.38122,1.38105,1.38105,103560000,1
1755568020000,1755568079000,1.38105,1.38114,1.38105,1.38108,58950000,1
1755568080000,1755568139000,1.38108,1.38124,1.38108,1.3812,137550000,1
1755568140000,1755568199000,1.3812,1.38123,1.38116,1.38116,100950000,1
1755568200000,1755568259000,1.38117,1.38117,1.3811,1.38116,67980000,1
1755568260000,1755568319000,1.38116,1.38124,1.38116,1.38117,98550000,1
1755568320000,1755568379000,1.38117,1.38128,1.38114,1.38124,101400000,1
1755568380000,1755568439000,1.38124,1.38124,1.38117,1.38117,77550000,1
1755568440000,1755568499000,1.38116,1.38121,1.38115,1.3812,114750000,1
1755568500000,1755568559000,1.38121,1.38133,1.38116,1.3813,184320000,1
1755568560000,1755568619000,1.38131,1.38134,1.38127,1.3813,102120000,1
1755568620000,1755568679000,1.38129,1.3813,1.38118,1.38119,90360000,1
1755568680000,1755568739000,1.38119,1.38121,1.38114,1.3812,127380000,1
1755568740000,1755568799000,1.38121,1.38127,1.38116,1.38126,286560000,1
1755568800000,1755568859000,1.38127,1.3814,1.38127,1.38139,170430000,1
1755568860000,1755568919000,1.38138,1.38142,1.38127,1.38128,120510000,1
1755568920000,1755568979000,1.38128,1.3813,1.38121,1.38125,96750000,1
1755568980000,1755569039000,1.38125,1.38135,1.38124,1.38131,112650000,1
1755569040000,1755569099000,1.3813,1.3814,1.3813,1.38137,202200000,1
1755569100000,1755569159000,1.38138,1.38138,1.38126,1.38133,171970000,1
1755569160000,1755569219000,1.38132,1.38144,1.38126,1.38143,181740000,1
1755569220000,1755569279000,1.38143,1.38143,1.38116,1.38116,109600000,1
1755569280000,1755569339000,1.38115,1.3812,1.38113,1.38115,110100000,1
1755569340000,1755569399000,1.38115,1.38116,1.38109,1.38109,73470000,1
1755569400000,1755569459000,1.3811,1.38116,1.38109,1.38114,117930000,1
1755569460000,1755569519000,1.38115,1.38116,1.38103,1.38106,178350000,1
1755569520000,1755569579000,1.38105,1.38105,1.38097,1.38098,101070000,1
1755569580000,1755569639000,1.38098,1.38102,1.38096,1.38101,128100000,1
1755569640000,1755569699000,1.38102,1.38109,1.381,1.38102,156900000,1
1755569700000,1755569759000,1.38102,1.38112,1.38102,1.38105,83400000,1
1755569760000,1755569819000,1.38104,1.38113,1.38103,1.3811,109440000,1
1755569820000,1755569879000,1.38109,1.38121,1.38109,1.38118,94740000,1
1755569880000,1755569939000,1.38119,1.38129,1.38118,1.38127,106500000,1
1755569940000,1755569999000,1.38128,1.38129,1.38126,1.38126,46800000,1
1755570000000,1755570059000,1.38127,1.38127,1.38108,1.38113,135300000,1
1755570060000,1755570119000,1.38109,1.38112,1.38108,1.38111,95550000,1
1755570120000,1755570179000,1.38111,1.38115,1.38107,1.38115,72600000,1
1755570180000,1755570239000,1.38116,1.38119,1.3811,1.38111,54750000,1
1755570240000,1755570299000,1.38111,1.38117,1.38107,1.38107,109650000,1
1755570300000,1755570359000,1.38109,1.38116,1.38108,1.38116,62550000,1
1755570360000,1755570419000,1.38114,1.38115,1.38108,1.38113,43800000,1
1755570420000,1755570479000,1.38112,1.38117,1.38107,1.38109,53400000,1
1755570480000,1755570539000,1.38109,1.38113,1.38106,1.38111,98100000,1
1755570540000,1755570599000,1.38112,1.38113,1.38104,1.38108,98640000,1
1755570600000,1755570659000,1.38108,1.38109,1.38103,1.38103,59160000,1
1755570660000,1755570719000,1.38104,1.38106,1.38098,1.38099,148950000,1
1755570720000,1755570779000,1.38098,1.38107,1.38098,1.38103,69300000,1
1755570780000,1755570839000,1.38103,1.38104,1.38096,1.38097,28800000,1
1755570840000,1755570899000,1.38098,1.38101,1.38097,1.38098,26400000,1
1755570900000,1755570959000,1.38098,1.38098,1.38093,1.38093,55800000,1
1755570960000,1755571019000,1.38092,1.381,1.38092,1.381,30150000,1
1755571020000,1755571079000,1.38099,1.38101,1.38098,1.38098,24300000,1
1755571080000,1755571139000,1.38097,1.38099,1.38094,1.38097,82500000,1
1755571140000,1755571199000,1.38098,1.38102,1.38096,1.38102,69900000,1
1755571200000,1755571259000,1.38103,1.38103,1.38097,1.38099,88200000,1
1755571260000,1755571319000,1.38098,1.381,1.38094,1.38098,136650000,1
1755571320000,1755571379000,1.38098,1.38101,1.38096,1.38096,60300000,1
1755571380000,1755571439000,1.38097,1.38097,1.38086,1.38087,73200000,1
1755571440000,1755571499000,1.38088,1.38093,1.38086,1.38088,50400000,1
1755571500000,1755571559000,1.3809,1.38101,1.3809,1.38101,26100000,1
1755571560000,1755571619000,1.38105,1.38105,1.38097,1.38097,60600000,1
1755571620000,1755571679000,1.38097,1.38104,1.38095,1.38099,67500000,1
1755571680000,1755571739000,1.38099,1.38102,1.38098,1.38101,75900000,1
1755571740000,1755571799000,1.38102,1.38102,1.38097,1.381,52950000,1
1755571800000,1755571859000,1.381,1.38103,1.38095,1.38097,62400000,1
1755571860000,1755571919000,1.38096,1.38096,1.38088,1.3809,70950000,1
1755571920000,1755571979000,1.3809,1.38094,1.3809,1.38092,43950000,1
1755571980000,1755572039000,1.38093,1.38102,1.38093,1.381,59400000,1
1755572040000,1755572099000,1.38101,1.38102,1.38097,1.38101,63450000,1
1755572100000,1755572159000,1.381,1.38106,1.38097,1.38106,75150000,1
1755572160000,1755572219000,1.38105,1.38105,1.381,1.38101,51750000,1
1755572220000,1755572279000,1.38102,1.38104,1.38098,1.38099,65250000,1
1755572280000,1755572339000,1.381,1.38101,1.38097,1.38097,56340000,1
1755572340000,1755572399000,1.38097,1.38098,1.38093,1.38093,46410000,1
1755572400000,1755572459000,1.38091,1.38091,1.3808,1.38089,93300000,1
1755572460000,1755572519000,1.38089,1.38098,1.38087,1.38088,78900000,1
1755572520000,1755572579000,1.38088,1.38101,1.38088,1.38098,106650000,1
1755572580000,1755572639000,1.38099,1.38101,1.38091,1.38092,78000000,1
1755572640000,1755572699000,1.38091,1.38092,1.38089,1.38092,60150000,1
1755572700000,1755572759000,1.38091,1.38096,1.38087,1.38096,86250000,1
1755572760000,1755572819000,1.38094,1.38095,1.38075,1.38075,115500000,1
1755572820000,1755572879000,1.38076,1.38085,1.38074,1.38084,79230000,1
1755572880000,1755572939000,1.38089,1.38091,1.38077,1.38077,112860000,1
1755572940000,1755572999000,1.38078,1.38082,1.38077,1.38077,108180000,1
1755573000000,1755573059000,1.38077,1.38081,1.38076,1.38079,83010000,1
1755573060000,1755573119000,1.38078,1.38079,1.38071,1.38073,54090000,1
1755573120000,1755573179000,1.38074,1.38076,1.38069,1.38071,91410000,1
1755573180000,1755573239000,1.38073,1.38073,1.38069,1.38072,95910000,1
1755573240000,1755573299000,1.3807,1.38071,1.38062,1.38064,93690000,1
1755573300000,1755573359000,1.38063,1.38071,1.38063,1.38069,107370000,1
1755573360000,1755573419000,1.38068,1.38069,1.38065,1.38068,78180000,1
1755573420000,1755573479000,1.38067,1.38071,1.38067,1.38069,60330000,1
1755573480000,1755573539000,1.38067,1.38075,1.38066,1.38075,73830000,1
1755573540000,1755573599000,1.38075,1.38084,1.3807,1.38083,152190000,1
1755573600000,1755573659000,1.38083,1.38083,1.38075,1.38075,114480000,1
1755573660000,1755573719000,1.38075,1.38076,1.38067,1.3807,86490000,1
1755573720000,1755573779000,1.3807,1.38075,1.38069,1.38069,74850000,1
1755573780000,1755573839000,1.38067,1.38069,1.38067,1.38069,15930000,1
1755573840000,1755573899000,1.38069,1.38069,1.38066,1.38067,48720000,1
1755573900000,1755573959000,1.38066,1.38066,1.38058,1.38061,102420000,1
1755573960000,1755574019000,1.38061,1.38066,1.38061,1.38065,55740000,1
1755574020000,1755574079000,1.38065,1.38067,1.3806,1.38062,77280000,1
1755574080000,1755574139000,1.38064,1.38069,1.38063,1.38066,105090000,1
1755574140000,1755574199000,1.38065,1.38068,1.38061,1.38066,81360000,1
1755574200000,1755574259000,1.38066,1.38068,1.38057,1.38058,138630000,1
1755574260000,1755574319000,1.38058,1.38059,1.38058,1.38059,178350000,1
1755574320000,1755574379000,1.38058,1.3806,1.38058,1.3806,12450000,1
1755574380000,1755574439000,1.38059,1.38071,1.38058,1.38067,45960000,1
1755574440000,1755574499000,1.38066,1.38068,1.38059,1.38059,92310000,1
1755574500000,1755574559000,1.38059,1.38063,1.38058,1.38061,73050000,1
1755574560000,1755574619000,1.38062,1.38072,1.3806,1.38067,78150000,1
1755574620000,1755574679000,1.38067,1.38069,1.38065,1.38065,51450000,1
1755574680000,1755574739000,1.38066,1.38068,1.38065,1.38068,76950000,1
1755574740000,1755574799000,1.38068,1.38069,1.38066,1.38066,47550000,1
1755574800000,1755574859000,1.38066,1.38069,1.38066,1.38068,80550000,1
1755574860000,1755574919000,1.38068,1.38071,1.38068,1.38071,73500000,1
1755574920000,1755574979000,1.38071,1.38074,1.38067,1.38074,78300000,1
1755574980000,1755575039000,1.38072,1.38079,1.38071,1.38078,37800000,1
1755575040000,1755575099000,1.38081,1.38083,1.38075,1.38076,70800000,1
1755575100000,1755575159000,1.38077,1.38079,1.38076,1.38077,18900000,1
1755575160000,1755575219000,1.38077,1.38082,1.38077,1.38081,29100000,1
1755575220000,1755575279000,1.38083,1.38087,1.38079,1.38086,62100000,1
1755575280000,1755575339000,1.3809,1.38097,1.38085,1.38095,109410000,1
1755575340000,1755575399000,1.38095,1.38103,1.38095,1.38103,95130000,1
1755575400000,1755575459000,1.38104,1.38104,1.38097,1.38102,123660000,1
1755575460000,1755575519000,1.38102,1.38106,1.38099,1.38106,47610000,1
1755575520000,1755575579000,1.38106,1.38107,1.38096,1.38096,87870000,1
1755575580000,1755575639000,1.38096,1.38101,1.38096,1.38097,90960000,1
1755575640000,1755575699000,1.38097,1.38097,1.38094,1.38095,49440000,1
1755575700000,1755575759000,1.38095,1.381,1.38094,1.38097,55680000,1
1755575760000,1755575819000,1.38099,1.38104,1.38096,1.38103,23370000,1
1755575820000,1755575879000,1.38103,1.38103,1.38098,1.38098,95460000,1
1755575880000,1755575939000,1.38098,1.38103,1.38097,1.38103,101010000,1
1755575940000,1755575999000,1.38103,1.38113,1.38103,1.38107,124110000,1
1755576000000,1755576059000,1.38108,1.38114,1.38108,1.38112,88860000,1
1755576060000,1755576119000,1.38112,1.38112,1.38107,1.38109,60030000,1
1755576120000,1755576179000,1.38109,1.38118,1.38108,1.38113,178020000,1
1755576180000,1755576239000,1.38114,1.38117,1.38108,1.38114,72480000,1
1755576240000,1755576299000,1.38113,1.38115,1.38108,1.38108,96960000,1
1755576300000,1755576359000,1.38108,1.3811,1.38105,1.38106,90090000,1
1755576360000,1755576419000,1.38107,1.38107,1.38104,1.38104,28200000,1
1755576420000,1755576479000,1.38105,1.38107,1.38104,1.38104,28350000,1
1755576480000,1755576539000,1.38103,1.38106,1.38103,1.38103,33240000,1
1755576540000,1755576599000,1.38104,1.38104,1.38095,1.38103,70500000,1
1755576600000,1755576659000,1.38103,1.38105,1.38096,1.38102,154740000,1
1755576660000,1755576719000,1.38102,1.38115,1.38102,1.38114,52590000,1
1755576720000,1755576779000,1.38115,1.38116,1.38113,1.38114,45120000,1
1755576780000,1755576839000,1.38115,1.3812,1.38114,1.38116,55380000,1
1755576840000,1755576899000,1.38115,1.3812,1.38115,1.38116,17310000,1
1755576900000,1755576959000,1.38116,1.38117,1.38115,1.38116,81810000,1
1755576960000,1755577019000,1.38116,1.38116,1.38107,1.38108,76350000,1
1755577020000,1755577079000,1.38108,1.38108,1.38098,1.38099,76650000,1
1755577080000,1755577139000,1.381,1.381,1.38093,1.38095,67830000,1
1755577140000,1755577199000,1.38095,1.38096,1.38094,1.38095,53190000,1
1755577200000,1755577259000,1.38095,1.38095,1.38085,1.38086,54150000,1
1755577260000,1755577319000,1.38087,1.38087,1.38085,1.38086,42840000,1
1755577320000,1755577379000,1.38087,1.38087,1.38086,1.38086,96960000,1
1755577380000,1755577439000,1.38087,1.38087,1.38086,1.38086,88440000,1
1755577440000,1755577499000,1.38085,1.38087,1.38085,1.38086,63870000,1
1755577500000,1755577559000,1.38085,1.38097,1.38085,1.38096,48750000,1
1755577560000,1755577619000,1.38094,1.38096,1.38093,1.38095,32130000,1
1755577620000,1755577679000,1.38096,1.38104,1.38096,1.38102,58710000,1
1755577680000,1755577739000,1.38102,1.38105,1.38102,1.38104,24600000,1
1755577740000,1755577799000,1.38104,1.38107,1.38104,1.38104,108000000,1
1755577800000,1755577859000,1.38104,1.38105,1.38094,1.38097,71550000,1
1755577860000,1755577919000,1.38097,1.38097,1.38092,1.38094,48300000,1
1755577920000,1755577979000,1.38094,1.38097,1.38094,1.38094,23700000,1
1755577980000,1755578039000,1.38094,1.38096,1.38094,1.38095,31650000,1
1755578040000,1755578099000,1.38095,1.38095,1.38094,1.38094,13950000,1
1755578100000,1755578159000,1.38094,1.38099,1.38094,1.38098,63600000,1
1755578160000,1755578219000,1.38096,1.38106,1.38096,1.38104,63150000,1
1755578220000,1755578279000,1.38102,1.38105,1.38102,1.38103,76350000,1
1755578280000,1755578339000,1.38103,1.38106,1.38102,1.38102,44700000,1
1755578340000,1755578399000,1.38104,1.38107,1.38103,1.38107,82500000,1
1755578400000,1755578459000,1.38105,1.38115,1.38105,1.38111,83550000,1
1755578460000,1755578519000,1.38112,1.38112,1.38103,1.38104,87450000,1
1755578520000,1755578579000,1.38105,1.38105,1.38091,1.38091,78900000,1
1755578580000,1755578639000,1.38092,1.38092,1.38083,1.38086,35820000,1
1755578640000,1755578699000,1.38086,1.38086,1.38084,1.38086,30240000,1
1755578700000,1755578759000,1.38085,1.38087,1.38083,1.38086,40050000,1
1755578760000,1755578819000,1.38086,1.38086,1.38081,1.38083,49050000,1
1755578820000,1755578879000,1.38084,1.38095,1.38083,1.38094,44100000,1
1755578880000,1755578939000,1.38094,1.38094,1.38086,1.38089,91050000,1
1755578940000,1755578999000,1.3809,1.38094,1.38088,1.38093,61950000,1
1755579000000,1755579059000,1.38094,1.38098,1.38091,1.38092,30420000,1
1755579060000,1755579119000,1.38091,1.38094,1.38077,1.38079,133650000,1
1755579120000,1755579179000,1.38078,1.38078,1.38065,1.38072,79410000,1
1755579180000,1755579239000,1.38072,1.38074,1.38071,1.38073,10650000,1
1755579240000,1755579299000,1.38073,1.38074,1.38068,1.38071,60240000,1
1755579300000,1755579359000,1.38071,1.38085,1.38071,1.38084,33120000,1
1755579360000,1755579419000,1.38085,1.38088,1.38083,1.38088,46650000,1
1755579420000,1755579479000,1.38088,1.38093,1.38086,1.38087,76950000,1
1755579480000,1755579539000,1.38086,1.38087,1.38083,1.38084,58440000,1
1755579540000,1755579599000,1.38084,1.38087,1.38084,1.38085,52410000,1
1755579600000,1755579659000,1.38086,1.38087,1.38072,1.38076,144990000,1
1755579660000,1755579719000,1.38076,1.3808,1.38073,1.38074,24510000,1
1755579720000,1755579779000,1.38074,1.38074,1.38067,1.3807,43980000,1
1755579780000,1755579839000,1.38069,1.3807,1.38065,1.38068,122010000,1
1755579840000,1755579899000,1.38068,1.38069,1.38066,1.38067,85380000,1
1755579900000,1755579959000,1.38066,1.38068,1.38062,1.38065,78150000,1
1755579960000,1755580019000,1.38066,1.38069,1.38065,1.38065,70950000,1
1755580020000,1755580079000,1.38066,1.38072,1.38065,1.38068,26850000,1
1755580080000,1755580139000,1.38068,1.38069,1.38065,1.38069,64500000,1
1755580140000,1755580199000,1.3807,1.38076,1.3807,1.38075,58200000,1
1755580200000,1755580259000,1.38074,1.38074,1.38067,1.38068,29250000,1
1755580260000,1755580319000,1.38069,1.3807,1.38067,1.38069,25350000,1
1755580320000,1755580379000,1.38068,1.38074,1.38068,1.3807,37800000,1
1755580380000,1755580439000,1.38068,1.38075,1.38067,1.3807,44280000,1
1755580440000,1755580499000,1.38069,1.38072,1.38068,1.38072,32040000,1
1755580500000,1755580559000,1.38071,1.38071,1.38065,1.38067,72720000,1
1755580560000,1755580619000,1.38066,1.38067,1.38059,1.3806,108840000,1
1755580620000,1755580679000,1.3806,1.3806,1.38057,1.38057,13020000,1
1755580680000,1755580739000,1.38058,1.38066,1.38057,1.38066,42810000,1
1755580740000,1755580799000,1.38066,1.38073,1.38066,1.38069,61110000,1
1755580800000,1755580859000,1.38069,1.3807,1.38066,1.38067,107220000,1
1755580860000,1755580919000,1.38067,1.38075,1.38066,1.38075,109500000,1
1755580920000,1755580979000,1.38075,1.38078,1.38075,1.38075,39480000,1
1755580980000,1755581039000,1.38075,1.38078,1.38073,1.38074,44850000,1
1755581040000,1755581099000,1.38074,1.38075,1.38074,1.38074,27630000,1
1755581100000,1755581159000,1.38074,1.38076,1.38073,1.38074,44520000,1
1755581160000,1755581219000,1.38075,1.38077,1.38073,1.38073,30600000,1
1755581220000,1755581279000,1.38073,1.38074,1.38066,1.38067,45900000,1
1755581280000,1755581339000,1.38066,1.38067,1.38064,1.38064,44550000,1
1755581340000,1755581399000,1.38066,1.38066,1.38065,1.38065,23850000,1
1755581400000,1755581459000,1.38067,1.38068,1.38065,1.38065,26550000,1
1755581460000,1755581519000,1.38065,1.38069,1.38065,1.38067,18570000,1
1755581520000,1755581579000,1.38066,1.38067,1.38064,1.38064,42780000,1
1755581580000,1755581639000,1.38066,1.38074,1.38065,1.38073,36090000,1
1755581640000,1755581699000,1.38073,1.38078,1.38066,1.38075,48480000,1
1755581700000,1755581759000,1.38076,1.38082,1.38075,1.38079,68190000,1
1755581760000,1755581819000,1.38078,1.38084,1.38077,1.38082,84060000,1
1755581820000,1755581879000,1.38082,1.38087,1.38082,1.38084,20850000,1
1755581880000,1755581939000,1.38085,1.38086,1.38082,1.38086,24150000,1
1755581940000,1755581999000,1.38084,1.38086,1.38082,1.38082,7800000,1
1755582000000,1755582059000,1.38083,1.38084,1.38083,1.38083,17550000,1
1755582060000,1755582119000,1.38084,1.38087,1.38084,1.38085,27660000,1
1755582120000,1755582179000,1.38085,1.38087,1.38084,1.38084,21090000,1
1755582180000,1755582239000,1.38084,1.38089,1.38084,1.38088,24030000,1
1755582240000,1755582299000,1.3809,1.38092,1.38084,1.38085,31980000,1
1755582300000,1755582359000,1.38084,1.38087,1.38084,1.38086,30810000,1
1755582360000,1755582419000,1.38087,1.38096,1.38087,1.38094,98280000,1
1755582420000,1755582479000,1.38092,1.3811,1.38092,1.38109,61020000,1
1755582480000,1755582539000,1.3811,1.38115,1.38107,1.38114,37860000,1
1755582540000,1755582599000,1.38114,1.38123,1.38111,1.38115,80850000,1
1755582600000,1755582659000,1.38113,1.38123,1.3811,1.38122,48090000,1
1755582660000,1755582719000,1.38122,1.38124,1.38121,1.38123,28050000,1
1755582720000,1755582779000,1.38125,1.38135,1.38123,1.38131,55950000,1
1755582780000,1755582839000,1.3813,1.38132,1.38123,1.38131,61590000,1
1755582840000,1755582899000,1.38131,1.38132,1.38121,1.38123,73650000,1
1755582900000,1755582959000,1.38122,1.38125,1.38114,1.38115,94260000,1
1755582960000,1755583019000,1.38116,1.38122,1.38112,1.38112,167040000,1
1755583020000,1755583079000,1.38113,1.38116,1.38111,1.38112,111570000,1
1755583080000,1755583139000,1.38112,1.38116,1.38111,1.38113,59250000,1
1755583140000,1755583199000,1.38112,1.38114,1.38103,1.38114,141660000,1
1755583200000,1755583259000,1.38113,1.3814,1.38112,1.3814,300990000,1
1755583260000,1755583319000,1.3814,1.3814,1.38129,1.38129,160680000,1
1755583320000,1755583379000,1.3813,1.3813,1.3811,1.38111,47250000,1
1755583380000,1755583439000,1.3811,1.38114,1.38092,1.38095,90840000,1
1755583440000,1755583499000,1.38095,1.38101,1.38092,1.38094,66450000,1
1755583500000,1755583559000,1.38092,1.38103,1.38092,1.38098,66900000,1
1755583560000,1755583619000,1.38099,1.38102,1.38094,1.38096,61500000,1
1755583620000,1755583679000,1.38095,1.38099,1.38092,1.38092,51150000,1
1755583680000,1755583739000,1.38094,1.38097,1.38085,1.38087,52350000,1
1755583740000,1755583799000,1.38087,1.38106,1.38086,1.38094,68640000,1
1755583800000,1755583859000,1.38095,1.38097,1.38091,1.38094,33390000,1
1755583860000,1755583919000,1.38095,1.38096,1.38092,1.38093,22350000,1
1755583920000,1755583979000,1.38092,1.38104,1.38092,1.38101,41250000,1
1755583980000,1755584039000,1.38102,1.38107,1.38101,1.38107,40650000,1
1755584040000,1755584099000,1.38107,1.38107,1.38092,1.38092,22800000,1
1755584100000,1755584159000,1.38093,1.38094,1.38091,1.38092,59700000,1
1755584160000,1755584219000,1.38092,1.381,1.38091,1.381,102600000,1
1755584220000,1755584279000,1.381,1.38102,1.38085,1.38102,99330000,1
1755584280000,1755584339000,1.38101,1.38104,1.38091,1.38092,55380000,1
1755584340000,1755584399000,1.38095,1.38095,1.38083,1.38085,46020000,1
1755584400000,1755584459000,1.38084,1.38088,1.38084,1.38084,88890000,1
1755584460000,1755584519000,1.38084,1.38088,1.38074,1.38074,90150000,1
1755584520000,1755584579000,1.38074,1.38074,1.38065,1.38072,110100000,1
1755584580000,1755584639000,1.38072,1.38079,1.38064,1.38065,108300000,1
1755584640000,1755584699000,1.38066,1.38071,1.38064,1.38066,90150000,1
1755584700000,1755584759000,1.38066,1.3807,1.38064,1.38066,75690000,1
1755584760000,1755584819000,1.38065,1.38076,1.38064,1.38076,94410000,1
1755584820000,1755584879000,1.38075,1.38077,1.38073,1.38073,62100000,1
1755584880000,1755584939000,1.38074,1.38082,1.38072,1.38074,69870000,1
1755584940000,1755584999000,1.38074,1.38084,1.38074,1.38082,63660000,1
1755585000000,1755585059000,1.38084,1.38089,1.38074,1.3808,174180000,1
1755585060000,1755585119000,1.38081,1.38081,1.38075,1.38077,56850000,1
1755585120000,1755585179000,1.38077,1.38077,1.38065,1.38065,35160000,1
1755585180000,1755585239000,1.38068,1.38068,1.38062,1.38064,9600000,1
1755585240000,1755585299000,1.38066,1.38067,1.38055,1.38057,29100000,1
1755585300000,1755585359000,1.38056,1.38056,1.38052,1.38055,40770000,1
1755585360000,1755585419000,1.38056,1.38058,1.38055,1.38056,35250000,1
1755585420000,1755585479000,1.38056,1.3806,1.38055,1.38056,117540000,1
1755585480000,1755585539000,1.38057,1.38059,1.38055,1.38055,102600000,1
1755585540000,1755585599000,1.38055,1.38064,1.38054,1.38064,44550000,1
1755585600000,1755585659000,1.38064,1.38065,1.38055,1.38056,79890000,1
1755585660000,1755585719000,1.38055,1.38055,1.38054,1.38054,8070000,1
1755585720000,1755585779000,1.38054,1.38055,1.38053,1.38055,31650000,1
1755585780000,1755585839000,1.38053,1.38058,1.38053,1.38058,52800000,1
1755585840000,1755585899000,1.38056,1.38059,1.38054,1.38057,90600000,1
1755585900000,1755585959000,1.38057,1.38059,1.38054,1.38055,48900000,1
1755585960000,1755586019000,1.38054,1.38054,1.38028,1.38034,157050000,1
1755586020000,1755586079000,1.38036,1.38036,1.38028,1.3803,75570000,1
1755586080000,1755586139000,1.3803,1.38036,1.38028,1.38029,90540000,1
1755586140000,1755586199000,1.3803,1.38037,1.38028,1.38037,69000000,1
1755586200000,1755586259000,1.38038,1.38049,1.38038,1.38038,62520000,1
1755586260000,1755586319000,1.38039,1.38044,1.38039,1.38044,55800000,1
1755586320000,1755586379000,1.38042,1.38042,1.38031,1.38033,62040000,1
1755586380000,1755586439000,1.38035,1.38057,1.38033,1.38053,88500000,1
1755586440000,1755586499000,1.38053,1.38056,1.38042,1.38044,59400000,1
1755586500000,1755586559000,1.38043,1.38047,1.3804,1.38043,93450000,1
1755586560000,1755586619000,1.38043,1.38046,1.38037,1.38037,74400000,1
1755586620000,1755586679000,1.38037,1.38043,1.38034,1.38037,88200000,1
1755586680000,1755586739000,1.38037,1.3804,1.38036,1.3804,78240000,1
1755586740000,1755586799000,1.38041,1.38043,1.38031,1.38032,56250000,1
1755586800000,1755586859000,1.38032,1.3804,1.38025,1.3804,116100000,1
1755586860000,1755586919000,1.38039,1.38039,1.3803,1.38037,77070000,1
1755586920000,1755586979000,1.38038,1.3804,1.3803,1.38039,119040000,1
1755586980000,1755587039000,1.38039,1.38046,1.38036,1.38041,112320000,1
1755587040000,1755587099000,1.3804,1.38046,1.3804,1.38044,101700000,1
1755587100000,1755587159000,1.38044,1.38055,1.38038,1.38038,113280000,1
1755587160000,1755587219000,1.38035,1.38035,1.38015,1.38017,98220000,1
1755587220000,1755587279000,1.38018,1.38018,1.38009,1.38017,102720000,1
1755587280000,1755587339000,1.38016,1.38022,1.3801,1.38011,101400000,1
1755587340000,1755587399000,1.38011,1.38024,1.3801,1.3801,72510000,1
1755587400000,1755587459000,1.38009,1.38027,1.38008,1.38022,193620000,1
1755587460000,1755587519000,1.38021,1.38021,1.38009,1.38011,112590000,1
1755587520000,1755587579000,1.3801,1.38024,1.3801,1.38023,66960000,1
1755587580000,1755587639000,1.38023,1.38039,1.38023,1.38039,56160000,1
1755587640000,1755587699000,1.38039,1.3805,1.38035,1.3805,100920000,1
1755587700000,1755587759000,1.38051,1.38061,1.38048,1.3806,63420000,1
1755587760000,1755587819000,1.38059,1.38068,1.38056,1.38057,67200000,1
1755587820000,1755587879000,1.38056,1.3806,1.38046,1.38046,117000000,1
1755587880000,1755587939000,1.38046,1.38061,1.38045,1.38053,107700000,1
1755587940000,1755587999000,1.38053,1.38055,1.38048,1.38049,79830000,1
1755588000000,1755588059000,1.3805,1.38063,1.38047,1.38061,116400000,1
1755588060000,1755588119000,1.3806,1.3807,1.38059,1.3807,125820000,1
1755588120000,1755588179000,1.38069,1.38074,1.3805,1.38057,91410000,1
1755588180000,1755588239000,1.38056,1.38061,1.38049,1.3805,100920000,1
1755588240000,1755588299000,1.3805,1.3806,1.3805,1.38058,127350000,1
1755588300000,1755588359000,1.38057,1.38058,1.38039,1.38046,98550000,1
1755588360000,1755588419000,1.38044,1.38044,1.38036,1.38044,58620000,1
1755588420000,1755588479000,1.38043,1.38046,1.38039,1.38039,64350000,1
1755588480000,1755588539000,1.38039,1.38058,1.38038,1.38053,75090000,1
1755588540000,1755588599000,1.38053,1.38071,1.38053,1.38069,57450000,1
1755588600000,1755588659000,1.38069,1.38088,1.38069,1.38075,115020000,1
1755588660000,1755588719000,1.38075,1.38079,1.38072,1.38075,97680000,1
1755588720000,1755588779000,1.38075,1.38078,1.38072,1.38073,46650000,1
1755588780000,1755588839000,1.38073,1.38099,1.38072,1.38096,82920000,1
1755588840000,1755588899000,1.38091,1.38097,1.38083,1.38083,48960000,1
1755588900000,1755588959000,1.38084,1.38094,1.38083,1.38091,98850000,1
1755588960000,1755589019000,1.38091,1.38091,1.38081,1.38086,73320000,1
1755589020000,1755589079000,1.38087,1.38091,1.38082,1.38082,54690000,1
1755589080000,1755589139000,1.38081,1.38081,1.38077,1.38077,55500000,1
1755589140000,1755589199000,1.38078,1.38081,1.38073,1.38079,65850000,1
1755589200000,1755589259000,1.38079,1.38099,1.38079,1.38096,77250000,1
1755589260000,1755589319000,1.38097,1.38103,1.3809,1.38092,65250000,1
1755589320000,1755589379000,1.38097,1.38104,1.38094,1.38103,62700000,1
1755589380000,1755589439000,1.38104,1.38109,1.38091,1.38092,113010000,1
1755589440000,1755589499000,1.38092,1.38102,1.38092,1.38102,60300000,1
1755589500000,1755589559000,1.38103,1.3812,1.38103,1.38118,65280000,1
1755589560000,1755589619000,1.38117,1.38118,1.38108,1.38113,49650000,1
1755589620000,1755589679000,1.38114,1.3812,1.381,1.381,89850000,1
1755589680000,1755589739000,1.38099,1.38145,1.38099,1.38142,84900000,1
1755589740000,1755589799000,1.3814,1.38145,1.38133,1.38137,105600000,1
1755589800000,1755589859000,1.38137,1.38147,1.38137,1.3814,125400000,1
1755589860000,1755589919000,1.38139,1.38139,1.38126,1.38126,60570000,1
1755589920000,1755589979000,1.38127,1.38127,1.38107,1.38118,51000000,1
1755589980000,1755590039000,1.38119,1.38125,1.38116,1.38117,54720000,1
1755590040000,1755590099000,1.38117,1.38124,1.38113,1.38121,84930000,1
1755590100000,1755590159000,1.38121,1.38134,1.38121,1.38132,107640000,1
1755590160000,1755590219000,1.38131,1.38146,1.38128,1.38145,110040000,1
1755590220000,1755590279000,1.38145,1.38152,1.38138,1.38147,134160000,1
1755590280000,1755590339000,1.38146,1.38156,1.38143,1.38156,102090000,1
1755590340000,1755590399000,1.38154,1.38156,1.38141,1.38154,153150000,1
1755590400000,1755590459000,1.38156,1.38164,1.38148,1.38153,190350000,1
1755590460000,1755590519000,1.38153,1.38169,1.38153,1.38163,129150000,1
1755590520000,1755590579000,1.38162,1.38166,1.38156,1.38161,82650000,1
1755590580000,1755590639000,1.3816,1.38163,1.38137,1.38138,76350000,1
1755590640000,1755590699000,1.3814,1.38165,1.3814,1.38154,83730000,1
1755590700000,1755590759000,1.38159,1.38166,1.38159,1.38166,40110000,1
1755590760000,1755590819000,1.38169,1.38175,1.38168,1.38169,91290000,1
1755590820000,1755590879000,1.38169,1.38178,1.38169,1.38173,102780000,1
1755590880000,1755590939000,1.38173,1.38195,1.38173,1.3819,83670000,1
1755590940000,1755590999000,1.38185,1.38188,1.38183,1.38183,53220000,1
1755591000000,1755591059000,1.38183,1.38197,1.38183,1.38191,70050000,1
1755591060000,1755591119000,1.38192,1.38201,1.38191,1.38199,81900000,1
1755591120000,1755591179000,1.382,1.38202,1.38198,1.38199,76350000,1
1755591180000,1755591239000,1.382,1.38211,1.38199,1.38209,140400000,1
1755591240000,1755591299000,1.38209,1.38212,1.382,1.38201,105450000,1
1755591300000,1755591359000,1.38202,1.38204,1.38192,1.38192,55050000,1
1755591360000,1755591419000,1.38191,1.38193,1.38184,1.38186,118320000,1
1755591420000,1755591479000,1.38186,1.38193,1.38185,1.38192,109200000,1
1755591480000,1755591539000,1.38193,1.38193,1.38182,1.38191,176190000,1
1755591540000,1755591599000,1.38192,1.38192,1.3818,1.38182,109500000,1
1755591600000,1755591659000,1.38182,1.38184,1.38181,1.38181,46200000,1
1755591660000,1755591719000,1.38182,1.38183,1.38173,1.38173,80700000,1
1755591720000,1755591779000,1.38175,1.3818,1.38174,1.38175,45300000,1
1755591780000,1755591839000,1.38174,1.38186,1.38174,1.38185,55950000,1
1755591840000,1755591899000,1.38184,1.38193,1.38183,1.38186,86770000,1
1755591900000,1755591959000,1.38187,1.38187,1.38175,1.38177,109500000,1
1755591960000,1755592019000,1.38177,1.3818,1.38175,1.38176,143100000,1
1755592020000,1755592079000,1.38177,1.3818,1.38172,1.38173,90900000,1
1755592080000,1755592139000,1.38173,1.38179,1.38171,1.38177,176220000,1
1755592140000,1755592199000,1.38178,1.38178,1.38172,1.38175,129300000,1
1755592200000,1755592259000,1.38174,1.38184,1.38173,1.38178,148800000,1
1755592260000,1755592319000,1.38179,1.38181,1.38171,1.38172,124200000,1
1755592320000,1755592379000,1.38173,1.38182,1.38171,1.38181,98850000,1
1755592380000,1755592439000,1.38182,1.3819,1.3818,1.38182,136140000,1
1755592440000,1755592499000,1.38182,1.38183,1.3817,1.38172,129300000,1
1755592500000,1755592559000,1.38172,1.38178,1.38171,1.38174,121350000,1
1755592560000,1755592619000,1.38175,1.38177,1.38163,1.38172,132780000,1
1755592620000,1755592679000,1.38171,1.38174,1.38162,1.38162,123600000,1
1755592680000,1755592739000,1.38163,1.38163,1.38154,1.38162,143280000,1
1755592740000,1755592799000,1.38161,1.38172,1.38161,1.38172,211200000,1
1755592800000,1755592859000,1.38171,1.38171,1.38161,1.38162,193140000,1
1755592860000,1755592919000,1.38162,1.38177,1.38162,1.38173,147840000,1
1755592920000,1755592979000,1.38173,1.38178,1.38164,1.38164,163200000,1
1755592980000,1755593039000,1.38162,1.38166,1.3816,1.38164,156450000,1
1755593040000,1755593099000,1.38166,1.38168,1.38153,1.38164,90750000,1
1755593100000,1755593159000,1.38164,1.38179,1.38164,1.38172,134700000,1
1755593160000,1755593219000,1.38173,1.38176,1.38172,1.38174,105000000,1
1755593220000,1755593279000,1.38178,1.38181,1.38174,1.38176,148500000,1
1755593280000,1755593339000,1.38177,1.38181,1.38172,1.38175,98850000,1
1755593340000,1755593399000,1.38178,1.38182,1.38174,1.38175,142350000,1
1755593400000,1755593459000,1.38177,1.38191,1.38177,1.38189,121500000,1
1755593460000,1755593519000,1.38189,1.38194,1.38189,1.3819,110550000,1
1755593520000,1755593579000,1.38191,1.38195,1.38183,1.38184,76950000,1
1755593580000,1755593639000,1.38183,1.38188,1.3818,1.38182,97890000,1
1755593640000,1755593699000,1.38182,1.38185,1.38175,1.38175,99120000,1
1755593700000,1755593759000,1.38177,1.38178,1.38169,1.38172,36630000,1
1755593760000,1755593819000,1.38171,1.38175,1.38169,1.38173,109860000,1
1755593820000,1755593879000,1.38173,1.38181,1.38167,1.38171,144580000,1
1755593880000,1755593939000,1.38175,1.38189,1.38175,1.38186,158310000,1
1755593940000,1755593999000,1.38185,1.38186,1.38183,1.38184,42540000,1
1755594000000,1755594059000,1.38183,1.38183,1.38176,1.38176,121320000,1
1755594060000,1755594119000,1.38174,1.38174,1.38169,1.38169,77850000,1
1755594120000,1755594179000,1.38171,1.38182,1.3817,1.38179,133350000,1
1755594180000,1755594239000,1.38179,1.38179,1.38164,1.38166,34350000,1
1755594240000,1755594299000,1.38166,1.38168,1.38161,1.38165,75750000,1
1755594300000,1755594359000,1.38166,1.38168,1.38161,1.38162,82980000,1
1755594360000,1755594419000,1.38161,1.38163,1.38158,1.38159,61050000,1
1755594420000,1755594479000,1.38162,1.38179,1.38159,1.38178,68610000,1
1755594480000,1755594539000,1.38178,1.38179,1.38169,1.38171,82950000,1
1755594540000,1755594599000,1.38171,1.38177,1.38161,1.38166,122010000,1
1755594600000,1755594659000,1.38164,1.38171,1.38162,1.38169,99990000,1
1755594660000,1755594719000,1.38171,1.38172,1.38169,1.38171,106230000,1
1755594720000,1755594779000,1.3817,1.38181,1.3817,1.38181,136320000,1
1755594780000,1755594839000,1.38181,1.38182,1.38179,1.3818,56040000,1
1755594840000,1755594899000,1.38181,1.38181,1.38175,1.38179,66210000,1
1755594900000,1755594959000,1.3818,1.38182,1.38178,1.38182,80280000,1
1755594960000,1755595019000,1.38181,1.38184,1.3818,1.38182,108990000,1
1755595020000,1755595079000,1.38182,1.38183,1.38176,1.38179,63480000,1
1755595080000,1755595139000,1.38178,1.38188,1.38178,1.38182,84630000,1
1755595140000,1755595199000,1.38182,1.38183,1.38171,1.38174,94770000,1
1755595200000,1755595259000,1.38175,1.38178,1.38164,1.38171,105300000,1
1755595260000,1755595319000,1.38171,1.38174,1.38167,1.38172,97710000,1
1755595320000,1755595379000,1.38172,1.38173,1.3817,1.38171,57150000,1
1755595380000,1755595439000,1.38171,1.38177,1.38171,1.38174,82890000,1
1755595440000,1755595499000,1.38174,1.38183,1.38173,1.38177,108540000,1
1755595500000,1755595559000,1.38179,1.38179,1.38173,1.38175,94260000,1
1755595560000,1755595619000,1.38175,1.38188,1.38175,1.38185,112260000,1
1755595620000,1755595679000,1.38184,1.382,1.38183,1.382,110520000,1
1755595680000,1755595739000,1.38199,1.38201,1.38196,1.38199,137250000,1
1755595740000,1755595799000,1.382,1.38201,1.38197,1.38199,111450000,1
1755595800000,1755595859000,1.38197,1.38199,1.38187,1.38187,77850000,1
1755595860000,1755595919000,1.38187,1.38192,1.3818,1.3819,108780000,1
1755595920000,1755595979000,1.38192,1.38196,1.38189,1.38193,88350000,1
1755595980000,1755596039000,1.38193,1.38193,1.38189,1.38191,151860000,1
1755596040000,1755596099000,1.38196,1.38218,1.38192,1.38217,83650000,1
1755596100000,1755596159000,1.38217,1.38218,1.3821,1.3821,87570000,1
1755596160000,1755596219000,1.3821,1.38211,1.38201,1.38205,47670000,1
1755596220000,1755596279000,1.38205,1.38209,1.382,1.38207,89400000,1
1755596280000,1755596339000,1.38206,1.38207,1.38201,1.38201,140940000,1
1755596340000,1755596399000,1.38202,1.38205,1.38198,1.38198,97050000,1
1755596400000,1755596459000,1.38199,1.38201,1.38198,1.38199,116400000,1
1755596460000,1755596519000,1.38198,1.38218,1.38198,1.38216,175920000,1
1755596520000,1755596579000,1.38216,1.38217,1.38206,1.38208,157380000,1
1755596580000,1755596639000,1.38208,1.38215,1.382,1.382,112350000,1
1755596640000,1755596699000,1.382,1.38207,1.38198,1.38203,87000000,1
1755596700000,1755596759000,1.38204,1.3821,1.38201,1.38209,139800000,1
1755596760000,1755596819000,1.38209,1.38217,1.38207,1.38211,140850000,1
1755596820000,1755596879000,1.38211,1.38222,1.3821,1.38221,107970000,1
1755596880000,1755596939000,1.38221,1.38222,1.38209,1.3821,114900000,1
1755596940000,1755596999000,1.38211,1.38212,1.38203,1.38203,110850000,1
1755597000000,1755597059000,1.38201,1.38202,1.38189,1.3819,75450000,1
1755597060000,1755597119000,1.38189,1.38191,1.38189,1.38191,42600000,1
1755597120000,1755597179000,1.3819,1.3819,1.38185,1.38187,114450000,1
1755597180000,1755597239000,1.38187,1.38188,1.38182,1.38187,99600000,1
1755597240000,1755597299000,1.38184,1.38192,1.38183,1.3819,144960000,1
1755597300000,1755597359000,1.38189,1.38195,1.38189,1.3819,85200000,1
1755597360000,1755597419000,1.38191,1.38193,1.38189,1.38191,152040000,1
1755597420000,1755597479000,1.38192,1.382,1.38191,1.382,82650000,1
1755597480000,1755597539000,1.38199,1.382,1.38191,1.38195,116160000,1
1755597540000,1755597599000,1.38195,1.38198,1.38185,1.38185,138030000,1
1755597600000,1755597659000,1.38186,1.38191,1.38181,1.38182,81270000,1
1755597660000,1755597719000,1.38181,1.38188,1.38176,1.38182,79530000,1
1755597720000,1755597779000,1.38182,1.38185,1.38172,1.38174,50760000,1
1755597780000,1755597839000,1.38174,1.38175,1.38171,1.38174,28650000,1
1755597840000,1755597899000,1.38173,1.38174,1.38166,1.38172,51540000,1
1755597900000,1755597959000,1.38172,1.38173,1.38161,1.38161,46050000,1
1755597960000,1755598019000,1.38161,1.38164,1.38157,1.38159,83700000,1
1755598020000,1755598079000,1.38159,1.38163,1.38158,1.38158,57900000,1
1755598080000,1755598139000,1.38159,1.38164,1.38159,1.38162,93150000,1
1755598140000,1755598199000,1.38163,1.38168,1.3816,1.38164,84240000,1
1755598200000,1755598259000,1.38164,1.3817,1.38159,1.38161,68310000,1
1755598260000,1755598319000,1.38161,1.38161,1.3816,1.38161,9000000,1
1755598320000,1755598379000,1.38161,1.38162,1.38153,1.38155,67470000,1
1755598380000,1755598439000,1.38155,1.38164,1.38153,1.38153,38400000,1
1755598440000,1755598499000,1.38156,1.38159,1.38149,1.38149,38280000,1
1755598500000,1755598559000,1.38151,1.38155,1.38144,1.38146,54450000,1
1755598560000,1755598619000,1.38146,1.38151,1.38142,1.38142,12780000,1
1755598620000,1755598679000,1.38142,1.38145,1.38138,1.38143,71460000,1
1755598680000,1755598739000,1.38144,1.38151,1.38141,1.38142,47880000,1
1755598740000,1755598799000,1.38143,1.38148,1.38133,1.38133,107070000,1
1755598800000,1755598859000,1.38135,1.38136,1.38117,1.38119,111810000,1
1755598860000,1755598919000,1.38118,1.38123,1.38117,1.38123,175200000,1
1755598920000,1755598979000,1.38124,1.38124,1.38116,1.38121,63750000,1
1755598980000,1755599039000,1.38121,1.38121,1.38112,1.38112,28200000,1
1755599040000,1755599099000,1.38112,1.38114,1.3811,1.38111,60870000,1
1755599100000,1755599159000,1.38112,1.38114,1.3811,1.38113,83430000,1
1755599160000,1755599219000,1.38112,1.3812,1.3811,1.38119,50460000,1
1755599220000,1755599279000,1.38118,1.38124,1.38116,1.3812,52290000,1
1755599280000,1755599339000,1.38119,1.38127,1.38119,1.38121,68250000,1
1755599340000,1755599399000,1.38122,1.38123,1.38118,1.3812,51450000,1
1755599400000,1755599459000,1.38121,1.38121,1.38105,1.38113,98340000,1
1755599460000,1755599519000,1.38114,1.3812,1.38114,1.38116,22650000,1
1755599520000,1755599579000,1.38116,1.3813,1.38116,1.38127,90750000,1
1755599580000,1755599639000,1.38125,1.38132,1.38125,1.38127,37200000,1
1755599640000,1755599699000,1.38127,1.38128,1.38122,1.38126,53250000,1
1755599700000,1755599759000,1.38126,1.38133,1.38126,1.38131,42240000,1
1755599760000,1755599819000,1.38131,1.38134,1.38126,1.38134,97020000,1
1755599820000,1755599879000,1.38133,1.38135,1.38122,1.38122,49050000,1
1755599880000,1755599939000,1.38123,1.38123,1.3812,1.38121,37500000,1
1755599940000,1755599999000,1.3812,1.3813,1.38119,1.3813,56130000,1
1755600000000,1755600059000,1.38129,1.38134,1.38128,1.38129,43260000,1
1755600060000,1755600119000,1.38131,1.38138,1.38131,1.38138,35100000,1
1755600120000,1755600179000,1.38133,1.38141,1.38133,1.38135,46890000,1
1755600180000,1755600239000,1.38135,1.38138,1.38133,1.38133,43650000,1
1755600240000,1755600299000,1.38137,1.38138,1.38126,1.38126,32520000,1
1755600300000,1755600359000,1.3813,1.38131,1.38126,1.38126,30420000,1
1755600360000,1755600419000,1.38125,1.38136,1.38125,1.38133,53550000,1
1755600420000,1755600479000,1.38133,1.38136,1.38127,1.3813,62790000,1
1755600480000,1755600539000,1.3813,1.38131,1.38114,1.38114,56010000,1
1755600540000,1755600599000,1.38114,1.38119,1.38113,1.38114,26250000,1
1755600600000,1755600659000,1.38114,1.38118,1.38105,1.38106,199590000,1
1755600660000,1755600719000,1.38107,1.38107,1.38105,1.38105,140340000,1
1755600720000,1755600779000,1.38105,1.38111,1.38103,1.38105,100110000,1
1755600780000,1755600839000,1.38104,1.38112,1.38103,1.38112,83040000,1
1755600840000,1755600899000,1.3811,1.38115,1.38105,1.38112,68160000,1
1755600900000,1755600959000,1.38113,1.38121,1.38113,1.38114,68880000,1
1755600960000,1755601019000,1.38114,1.38124,1.38114,1.38117,48150000,1
1755601020000,1755601079000,1.38116,1.38121,1.38104,1.38106,86910000,1
1755601080000,1755601139000,1.38106,1.38117,1.38106,1.38109,70500000,1
1755601140000,1755601199000,1.3811,1.38121,1.3811,1.3811,71460000,1
1755601200000,1755601259000,1.38111,1.38114,1.38102,1.38104,64050000,1
1755601260000,1755601319000,1.38104,1.38108,1.38094,1.38102,58650000,1
1755601320000,1755601379000,1.38101,1.38106,1.38096,1.38102,48330000,1
1755601380000,1755601439000,1.38102,1.38103,1.38089,1.38096,72600000,1
1755601440000,1755601499000,1.38093,1.38099,1.38081,1.38085,56580000,1
1755601500000,1755601559000,1.38084,1.38094,1.38084,1.38087,123690000,1
1755601560000,1755601619000,1.38089,1.38094,1.38084,1.38086,213000000,1
1755601620000,1755601679000,1.38087,1.38095,1.38085,1.3809,115440000,1
1755601680000,1755601739000,1.38091,1.38098,1.38086,1.38088,85140000,1
1755601740000,1755601799000,1.38089,1.381,1.38089,1.38098,95070000,1
1755601800000,1755601859000,1.38097,1.3811,1.38097,1.3811,37050000,1
1755601860000,1755601919000,1.3811,1.38114,1.38107,1.38113,49770000,1
1755601920000,1755601979000,1.38113,1.38115,1.38098,1.38104,85650000,1
1755601980000,1755602039000,1.38102,1.38108,1.38098,1.381,65100000,1
1755602040000,1755602099000,1.38099,1.381,1.38085,1.38086,84450000,1
1755602100000,1755602159000,1.38086,1.38089,1.38085,1.38086,86580000,1
1755602160000,1755602219000,1.38086,1.38103,1.38086,1.38102,81420000,1
1755602220000,1755602279000,1.38102,1.38118,1.38101,1.38112,47370000,1
1755602280000,1755602339000,1.38111,1.38111,1.38096,1.38096,35850000,1
1755602340000,1755602399000,1.38096,1.38098,1.38086,1.38086,43800000,1
1755602400000,1755602459000,1.38086,1.38091,1.38079,1.38079,48750000,1
1755602460000,1755602519000,1.3808,1.38089,1.38079,1.38085,55350000,1
1755602520000,1755602579000,1.3809,1.38095,1.38085,1.38089,105180000,1
1755602580000,1755602639000,1.38089,1.38098,1.38086,1.38086,114990000,1
1755602640000,1755602699000,1.38087,1.38093,1.38085,1.38088,183450000,1
1755602700000,1755602759000,1.38089,1.38099,1.38085,1.38094,122730000,1
1755602760000,1755602819000,1.38092,1.38095,1.38085,1.38086,139590000,1
1755602820000,1755602879000,1.38086,1.38097,1.38085,1.38087,79800000,1
1755602880000,1755602939000,1.38087,1.38095,1.38086,1.38088,115920000,1
1755602940000,1755602999000,1.38089,1.38093,1.38087,1.38093,85650000,1
1755603000000,1755603059000,1.38092,1.38099,1.38092,1.38097,96180000,1
1755603060000,1755603119000,1.38097,1.38107,1.38097,1.38107,31050000,1
1755603120000,1755603179000,1.38112,1.38122,1.38111,1.3812,65040000,1
1755603180000,1755603239000,1.3812,1.3813,1.38118,1.38127,26400000,1
1755603240000,1755603299000,1.38126,1.38129,1.38122,1.38126,52800000,1
1755603300000,1755603359000,1.38126,1.38128,1.38116,1.38116,57720000,1
1755603360000,1755603419000,1.38116,1.38119,1.38111,1.38116,71790000,1
1755603420000,1755603479000,1.38115,1.38119,1.38105,1.38106,66000000,1
1755603480000,1755603539000,1.38107,1.38112,1.38104,1.38106,73350000,1
1755603540000,1755603599000,1.38106,1.38112,1.38099,1.38102,85050000,1
1755603600000,1755603659000,1.38103,1.3811,1.38096,1.381,54420000,1
1755603660000,1755603719000,1.38099,1.381,1.38097,1.38097,16200000,1
1755603720000,1755603779000,1.38102,1.38103,1.38095,1.38098,44700000,1
1755603780000,1755603839000,1.38098,1.38098,1.38086,1.38093,75600000,1
1755603840000,1755603899000,1.38093,1.38097,1.38092,1.38092,21600000,1
1755603900000,1755603959000,1.3809,1.38096,1.38089,1.38094,39150000,1
1755603960000,1755604019000,1.38091,1.38095,1.38086,1.38092,37770000,1
1755604020000,1755604079000,1.38092,1.38094,1.38087,1.38087,43800000,1
1755604080000,1755604139000,1.38086,1.3809,1.38085,1.38086,36600000,1
1755604140000,1755604199000,1.38086,1.38088,1.3807,1.3807,51600000,1
1755604200000,1755604259000,1.38069,1.38069,1.38059,1.3806,54600000,1
1755604260000,1755604319000,1.38058,1.38059,1.38052,1.38052,29820000,1
1755604320000,1755604379000,1.38053,1.38057,1.38051,1.38057,35520000,1
1755604380000,1755604439000,1.38056,1.38072,1.38056,1.38071,73200000,1
1755604440000,1755604499000,1.38071,1.38072,1.38062,1.38067,50250000,1
1755604500000,1755604559000,1.38069,1.38089,1.38066,1.38085,81480000,1
1755604560000,1755604619000,1.38084,1.38084,1.38062,1.38078,98520000,1
1755604620000,1755604679000,1.38079,1.38087,1.38072,1.3808,78960000,1
1755604680000,1755604739000,1.3808,1.38083,1.38078,1.38079,58800000,1
1755604740000,1755604799000,1.38081,1.38088,1.3808,1.38085,53070000,1
1755604800000,1755604859000,1.38087,1.38103,1.38087,1.38097,71160000,1
1755604860000,1755604919000,1.38097,1.38111,1.38094,1.38111,104730000,1
1755604920000,1755604979000,1.38111,1.38112,1.38087,1.38096,104160000,1
1755604980000,1755605039000,1.38095,1.38101,1.38092,1.38094,53670000,1
1755605040000,1755605099000,1.38095,1.38104,1.38092,1.38097,58590000,1
1755605100000,1755605159000,1.38098,1.38145,1.38098,1.38138,118470000,1
1755605160000,1755605219000,1.38137,1.38138,1.38122,1.38126,81420000,1
1755605220000,1755605279000,1.38127,1.3813,1.38126,1.38127,53880000,1
1755605280000,1755605339000,1.38126,1.38126,1.38105,1.38108,84000000,1
1755605340000,1755605399000,1.38107,1.38119,1.38102,1.38116,69600000,1
1755605400000,1755605459000,1.38117,1.38119,1.38109,1.38113,57000000,1
1755605460000,1755605519000,1.38111,1.38112,1.38102,1.38103,33600000,1
1755605520000,1755605579000,1.38102,1.38109,1.38102,1.38108,51150000,1
1755605580000,1755605639000,1.38109,1.38115,1.38099,1.38101,62250000,1
1755605640000,1755605699000,1.38101,1.38102,1.38093,1.38097,58050000,1
1755605700000,1755605759000,1.38096,1.38096,1.3809,1.38092,75000000,1
1755605760000,1755605819000,1.38092,1.38121,1.38091,1.38119,76200000,1
1755605820000,1755605879000,1.38117,1.38117,1.38099,1.38108,73800000,1
1755605880000,1755605939000,1.38108,1.3811,1.38101,1.38101,55800000,1
1755605940000,1755605999000,1.38102,1.38104,1.3809,1.38102,78750000,1
1755606000000,1755606059000,1.38099,1.38115,1.38094,1.38114,89400000,1
1755606060000,1755606119000,1.38112,1.38115,1.38107,1.38112,74520000,1
1755606120000,1755606179000,1.38111,1.38136,1.38111,1.38135,86400000,1
1755606180000,1755606239000,1.38136,1.38137,1.38133,1.38134,57870000,1
1755606240000,1755606299000,1.38134,1.38136,1.3812,1.38127,80700000,1
1755606300000,1755606359000,1.38127,1.38138,1.38126,1.38126,77520000,1
1755606360000,1755606419000,1.38125,1.38126,1.38088,1.38094,46950000,1
1755606420000,1755606479000,1.38095,1.38096,1.38056,1.38057,60750000,1
1755606480000,1755606539000,1.38063,1.38089,1.38062,1.38079,42450000,1
1755606540000,1755606599000,1.38079,1.38099,1.38075,1.38086,170400000,1
1755606600000,1755606659000,1.38086,1.38173,1.38067,1.38169,366820000,1
1755606660000,1755606719000,1.38171,1.38217,1.38166,1.38217,119610000,1
1755606720000,1755606779000,1.38216,1.38216,1.38179,1.38205,90360000,1
1755606780000,1755606839000,1.38207,1.38258,1.38207,1.38258,143400000,1
1755606840000,1755606899000,1.3826,1.38283,1.38251,1.38279,177540000,1
1755606900000,1755606959000,1.38279,1.38286,1.38266,1.38274,136890000,1
1755606960000,1755607019000,1.38268,1.38301,1.38264,1.38299,189990000,1
1755607020000,1755607079000,1.38301,1.38315,1.38298,1.38312,167430000,1
1755607080000,1755607139000,1.38313,1.38324,1.3831,1.38313,73650000,1
1755607140000,1755607199000,1.38311,1.38319,1.38291,1.38306,92970000,1
1755607200000,1755607259000,1.38307,1.38324,1.38284,1.38291,182610000,1
1755607260000,1755607319000,1.3829,1.3831,1.38288,1.38291,179460000,1
1755607320000,1755607379000,1.3829,1.38323,1.3829,1.38309,136170000,1
1755607380000,1755607439000,1.3831,1.38324,1.38305,1.38313,115110000,1
1755607440000,1755607499000,1.38313,1.38328,1.38312,1.38312,117270000,1
1755607500000,1755607559000,1.38314,1.38327,1.38309,1.38313,109680000,1
1755607560000,1755607619000,1.38314,1.3833,1.38304,1.38308,108480000,1
1755607620000,1755607679000,1.38307,1.38332,1.38307,1.38326,109320000,1
1755607680000,1755607739000,1.38327,1.38336,1.38323,1.38325,119490000,1
1755607740000,1755607799000,1.38325,1.38341,1.38324,1.38332,109620000,1
1755607800000,1755607859000,1.38333,1.38341,1.38324,1.38337,131670000,1
1755607860000,1755607919000,1.38339,1.38345,1.38334,1.38336,93900000,1
1755607920000,1755607979000,1.38336,1.38349,1.38336,1.38341,111060000,1
1755607980000,1755608039000,1.38341,1.38366,1.38341,1.38343,148440000,1
1755608040000,1755608099000,1.38341,1.3836,1.38341,1.38355,154620000,1
1755608100000,1755608159000,1.38353,1.38361,1.38336,1.38361,137970000,1
1755608160000,1755608219000,1.38365,1.38375,1.3836,1.38363,229770000,1
1755608220000,1755608279000,1.38363,1.38366,1.38347,1.38352,168540000,1
1755608280000,1755608339000,1.3835,1.38356,1.38337,1.38343,163620000,1
1755608340000,1755608399000,1.38341,1.38347,1.38322,1.38331,152010000,1
1755608400000,1755608459000,1.38332,1.38339,1.38324,1.38332,144300000,1
1755608460000,1755608519000,1.38333,1.38342,1.3833,1.38342,133770000,1
1755608520000,1755608579000,1.38347,1.38348,1.38331,1.38333,132930000,1
1755608580000,1755608639000,1.38335,1.38338,1.38324,1.38334,130620000,1
1755608640000,1755608699000,1.38335,1.38351,1.38333,1.38344,76560000,1
1755608700000,1755608759000,1.38345,1.38376,1.38344,1.38375,93000000,1
1755608760000,1755608819000,1.38375,1.3838,1.38353,1.38365,91920000,1
1755608820000,1755608879000,1.38365,1.38366,1.38362,1.38362,78150000,1
1755608880000,1755608939000,1.38364,1.38373,1.38354,1.38372,73800000,1
1755608940000,1755608999000,1.38372,1.38383,1.38363,1.38372,95790000,1
1755609000000,1755609059000,1.38372,1.38376,1.38364,1.38374,79950000,1
1755609060000,1755609119000,1.38375,1.38385,1.3837,1.38381,79770000,1
1755609120000,1755609179000,1.38382,1.38398,1.38382,1.38391,124380000,1
1755609180000,1755609239000,1.3839,1.38406,1.3839,1.38393,92070000,1
1755609240000,1755609299000,1.38393,1.38395,1.38382,1.38387,87510000,1
1755609300000,1755609359000,1.38387,1.38391,1.38372,1.38372,101790000,1
1755609360000,1755609419000,1.38377,1.38382,1.38346,1.38354,108630000,1
1755609420000,1755609479000,1.38352,1.38366,1.3835,1.38362,86220000,1
1755609480000,1755609539000,1.38363,1.3839,1.38362,1.38387,89160000,1
1755609540000,1755609599000,1.38389,1.38417,1.38389,1.38413,106200000,1
1755609600000,1755609659000,1.38412,1.38426,1.38411,1.38423,63600000,1
1755609660000,1755609719000,1.38423,1.38444,1.38423,1.38442,97800000,1
1755609720000,1755609779000,1.38442,1.38449,1.38406,1.38419,117240000,1
1755609780000,1755609839000,1.38422,1.38436,1.38421,1.38431,72630000,1
1755609840000,1755609899000,1.38433,1.38439,1.38411,1.38411,51600000,1
1755609900000,1755609959000,1.3841,1.38419,1.3841,1.3841,45750000,1
1755609960000,1755610019000,1.38406,1.38412,1.38402,1.38411,49800000,1
1755610020000,1755610079000,1.3841,1.38411,1.38402,1.3841,51720000,1
1755610080000,1755610139000,1.38413,1.38423,1.3841,1.38422,48450000,1
1755610140000,1755610199000,1.38424,1.38424,1.38397,1.38397,68280000,1
1755610200000,1755610259000,1.38399,1.3841,1.38399,1.384,77760000,1
1755610260000,1755610319000,1.384,1.38424,1.384,1.38412,104620000,1
1755610320000,1755610379000,1.38411,1.38444,1.38411,1.38443,120420000,1
1755610380000,1755610439000,1.38443,1.38443,1.38421,1.38422,106350000,1
1755610440000,1755610499000,1.38422,1.38429,1.38411,1.38412,93450000,1
1755610500000,1755610559000,1.38411,1.38412,1.38392,1.38392,74640000,1
1755610560000,1755610619000,1.38395,1.38395,1.38349,1.38354,186300000,1
1755610620000,1755610679000,1.38354,1.38363,1.38338,1.38362,178890000,1
1755610680000,1755610739000,1.38365,1.38369,1.38343,1.38343,74700000,1
1755610740000,1755610799000,1.38343,1.38362,1.38341,1.38345,139500000,1
1755610800000,1755610859000,1.38344,1.38362,1.38341,1.38361,91470000,1
1755610860000,1755610919000,1.38361,1.38363,1.38353,1.38355,66750000,1
1755610920000,1755610979000,1.38356,1.38367,1.38352,1.38364,95700000,1
1755610980000,1755611039000,1.38365,1.38373,1.38364,1.38373,88920000,1
1755611040000,1755611099000,1.38375,1.38377,1.38361,1.38363,108870000,1
1755611100000,1755611159000,1.38363,1.38369,1.38341,1.38343,106140000,1
1755611160000,1755611219000,1.38342,1.38353,1.38338,1.38351,153600000,1
1755611220000,1755611279000,1.38351,1.38376,1.38351,1.38375,83370000,1
1755611280000,1755611339000,1.38375,1.38378,1.38365,1.38373,80400000,1
1755611340000,1755611399000,1.38375,1.38381,1.38363,1.38378,140820000,1
1755611400000,1755611459000,1.38381,1.384,1.38378,1.38389,97680000,1
1755611460000,1755611519000,1.3839,1.38397,1.38381,1.38381,104970000,1
1755611520000,1755611579000,1.38381,1.38386,1.38372,1.38376,177510000,1
1755611580000,1755611639000,1.38375,1.38397,1.38371,1.38392,123780000,1
1755611640000,1755611699000,1.3839,1.38404,1.38389,1.384,142950000,1
1755611700000,1755611759000,1.38399,1.38412,1.38391,1.38411,144270000,1
1755611760000,1755611819000,1.3841,1.38417,1.38405,1.38405,110790000,1
1755611820000,1755611879000,1.38404,1.38424,1.384,1.38416,149790000,1
1755611880000,1755611939000,1.38414,1.38419,1.38412,1.38413,147390000,1
1755611940000,1755611999000,1.38412,1.3842,1.38409,1.38413,190380000,1
1755612000000,1755612059000,1.38415,1.38416,1.38402,1.38407,212310000,1
1755612060000,1755612119000,1.38408,1.38412,1.38393,1.38399,167550000,1
1755612120000,1755612179000,1.384,1.38411,1.38393,1.38396,120060000,1
1755612180000,1755612239000,1.38396,1.38407,1.38391,1.384,120030000,1
1755612240000,1755612299000,1.384,1.38402,1.38374,1.38382,157350000,1
1755612300000,1755612359000,1.38382,1.3841,1.38382,1.38399,101100000,1
1755612360000,1755612419000,1.384,1.38434,1.38396,1.38432,132390000,1
1755612420000,1755612479000,1.38431,1.38441,1.38416,1.38417,159210000,1
1755612480000,1755612539000,1.38418,1.38432,1.38397,1.38428,129180000,1
1755612540000,1755612599000,1.38428,1.38429,1.38414,1.38417,148650000,1
1755612600000,1755612659000,1.38416,1.38445,1.38416,1.38438,120750000,1
1755612660000,1755612719000,1.38438,1.38439,1.38419,1.38421,150630000,1
1755612720000,1755612779000,1.38423,1.38455,1.38423,1.3845,125340000,1
1755612780000,1755612839000,1.38449,1.38465,1.38448,1.38463,95580000,1
1755612840000,1755612899000,1.38463,1.38467,1.38458,1.38463,164080000,1
1755612900000,1755612959000,1.38462,1.38464,1.38431,1.38439,121230000,1
1755612960000,1755613019000,1.38439,1.38471,1.38439,1.38465,113280000,1
1755613020000,1755613079000,1.38467,1.3849,1.38464,1.3847,153390000,1
1755613080000,1755613139000,1.38471,1.38484,1.38468,1.38484,135540000,1
1755613140000,1755613199000,1.38483,1.38488,1.38468,1.38471,154140000,1
1755613200000,1755613259000,1.3847,1.38471,1.38454,1.38459,102300000,1
1755613260000,1755613319000,1.38458,1.3846,1.38448,1.38459,84480000,1
1755613320000,1755613379000,1.3846,1.3847,1.38449,1.38453,83520000,1
1755613380000,1755613439000,1.38451,1.38463,1.38449,1.38463,87900000,1
1755613440000,1755613499000,1.38461,1.38474,1.3846,1.38471,82650000,1
1755613500000,1755613559000,1.3847,1.38473,1.38462,1.38468,99150000,1
1755613560000,1755613619000,1.3847,1.38472,1.3846,1.38466,79740000,1
1755613620000,1755613679000,1.38464,1.38472,1.38456,1.38469,119220000,1
1755613680000,1755613739000,1.3847,1.38488,1.38469,1.38486,165060000,1
1755613740000,1755613799000,1.38486,1.38487,1.38475,1.38476,110610000,1
1755613800000,1755613859000,1.38477,1.38478,1.38457,1.38477,121470000,1
1755613860000,1755613919000,1.38478,1.38486,1.38468,1.38469,114410000,1
1755613920000,1755613979000,1.38469,1.38497,1.38469,1.38496,137400000,1
1755613980000,1755614039000,1.38496,1.385,1.38479,1.38483,112950000,1
1755614040000,1755614099000,1.38484,1.38489,1.38459,1.38459,96150000,1
1755614100000,1755614159000,1.38458,1.38491,1.38457,1.38486,78450000,1
1755614160000,1755614219000,1.38485,1.38499,1.38477,1.38496,115500000,1
1755614220000,1755614279000,1.38496,1.38513,1.38496,1.38507,124800000,1
1755614280000,1755614339000,1.38506,1.38514,1.38506,1.38512,140160000,1
1755614340000,1755614399000,1.38513,1.38542,1.38513,1.38538,136410000,1
1755614400000,1755614459000,1.38537,1.38547,1.38535,1.38544,88440000,1
1755614460000,1755614519000,1.38544,1.38546,1.38533,1.38534,101400000,1
1755614520000,1755614579000,1.38534,1.38538,1.38525,1.38537,86320000,1
1755614580000,1755614639000,1.38536,1.38556,1.38536,1.38552,141480000,1
1755614640000,1755614699000,1.38552,1.38565,1.38543,1.38546,130440000,1
1755614700000,1755614759000,1.38544,1.38555,1.38541,1.38545,100800000,1
1755614760000,1755614819000,1.38546,1.38548,1.38537,1.38542,78900000,1
1755614820000,1755614879000,1.38543,1.38552,1.38521,1.38523,116700000,1
1755614880000,1755614939000,1.38523,1.38536,1.38523,1.38535,147030000,1
1755614940000,1755614999000,1.38534,1.38544,1.38526,1.38526,83400000,1
1755615000000,1755615059000,1.38527,1.38529,1.38512,1.38515,117300000,1
1755615060000,1755615119000,1.38514,1.38518,1.38504,1.38508,125550000,1
1755615120000,1755615179000,1.38508,1.38527,1.38494,1.38526,171900000,1
1755615180000,1755615239000,1.38526,1.38536,1.38511,1.38516,126060000,1
1755615240000,1755615299000,1.38516,1.38545,1.38514,1.38544,156000000,1
1755615300000,1755615359000,1.38545,1.38553,1.38536,1.38545,119730000,1
1755615360000,1755615419000,1.38544,1.38561,1.38544,1.38556,168840000,1
1755615420000,1755615479000,1.38556,1.38562,1.38548,1.38548,176280000,1
1755615480000,1755615539000,1.38548,1.38561,1.38534,1.38538,184950000,1
1755615540000,1755615599000,1.38539,1.38549,1.38535,1.38546,186960000,1
1755615600000,1755615659000,1.38544,1.38555,1.38533,1.38537,213750000,1
1755615660000,1755615719000,1.38535,1.38547,1.3853,1.38542,182910000,1
1755615720000,1755615779000,1.38544,1.38559,1.38539,1.38559,164880000,1
1755615780000,1755615839000,1.38559,1.38574,1.38557,1.38572,190560000,1
1755615840000,1755615899000,1.38572,1.38597,1.38572,1.38576,165000000,1
1755615900000,1755615959000,1.38575,1.38593,1.38575,1.38587,166890000,1
1755615960000,1755616019000,1.38586,1.38594,1.38578,1.38585,150270000,1
1755616020000,1755616079000,1.38586,1.38589,1.38581,1.38582,126870000,1
1755616080000,1755616139000,1.38582,1.38586,1.38564,1.38573,188400000,1
1755616140000,1755616199000,1.38574,1.38575,1.38553,1.38558,146610000,1
1755616200000,1755616259000,1.38561,1.38576,1.38553,1.38555,123570000,1
1755616260000,1755616319000,1.38555,1.38557,1.38542,1.38542,98700000,1
1755616320000,1755616379000,1.38542,1.38555,1.38542,1.38543,142650000,1
1755616380000,1755616439000,1.38544,1.38551,1.38515,1.38515,137400000,1
1755616440000,1755616499000,1.38514,1.38528,1.38503,1.38503,181470000,1
1755616500000,1755616559000,1.38504,1.38515,1.38493,1.38495,96060000,1
1755616560000,1755616619000,1.38494,1.38531,1.38488,1.38528,127290000,1
1755616620000,1755616679000,1.38528,1.38539,1.38521,1.38526,99180000,1
1755616680000,1755616739000,1.38526,1.38531,1.38502,1.38516,100980000,1
1755616740000,1755616799000,1.3852,1.38526,1.38499,1.38505,131250000,1
1755616800000,1755616859000,1.38507,1.38509,1.38495,1.38507,95070000,1
1755616860000,1755616919000,1.38508,1.38517,1.38505,1.38509,93990000,1
1755616920000,1755616979000,1.3851,1.38521,1.38506,1.38518,84240000,1
1755616980000,1755617039000,1.38517,1.38536,1.38517,1.38533,118770000,1
1755617040000,1755617099000,1.38533,1.38543,1.38525,1.38527,130950000,1
1755617100000,1755617159000,1.38529,1.38539,1.38529,1.38537,145380000,1
1755617160000,1755617219000,1.38535,1.38544,1.38528,1.38528,193800000,1
1755617220000,1755617279000,1.3853,1.38538,1.38517,1.38517,150000000,1
1755617280000,1755617339000,1.38518,1.38526,1.38504,1.3851,217650000,1
1755617340000,1755617399000,1.38509,1.38514,1.38499,1.38504,109920000,1
1755617400000,1755617459000,1.38504,1.38537,1.38504,1.38536,142920000,1
1755617460000,1755617519000,1.3854,1.3854,1.38524,1.38525,97860000,1
1755617520000,1755617579000,1.38526,1.38545,1.38525,1.38544,67170000,1
1755617580000,1755617639000,1.38543,1.38552,1.3854,1.38552,89700000,1
1755617640000,1755617699000,1.38553,1.38553,1.38529,1.38532,103950000,1
1755617700000,1755617759000,1.38531,1.38548,1.38531,1.38543,111540000,1
1755617760000,1755617819000,1.38544,1.38553,1.38544,1.38553,78300000,1
1755617820000,1755617879000,1.38554,1.3856,1.38552,1.38552,61800000,1
1755617880000,1755617939000,1.38554,1.38575,1.38554,1.38573,69600000,1
1755617940000,1755617999000,1.38573,1.38583,1.38573,1.38582,76530000,1
1755618000000,1755618059000,1.38582,1.38585,1.38575,1.38583,90060000,1
1755618060000,1755618119000,1.38584,1.38591,1.38573,1.38581,99210000,1
1755618120000,1755618179000,1.38582,1.38592,1.38581,1.38586,115920000,1
1755618180000,1755618239000,1.38587,1.38588,1.38557,1.38562,80250000,1
1755618240000,1755618299000,1.38562,1.38573,1.38548,1.38551,78840000,1
1755618300000,1755618359000,1.38553,1.38554,1.38544,1.38551,85230000,1
1755618360000,1755618419000,1.38551,1.38563,1.38551,1.38562,88050000,1
1755618420000,1755618479000,1.38562,1.38569,1.38554,1.38568,119820000,1
1755618480000,1755618539000,1.38569,1.3858,1.38567,1.3857,88710000,1
1755618540000,1755618599000,1.38571,1.38581,1.3857,1.38572,57690000,1
1755618600000,1755618659000,1.38572,1.38591,1.38572,1.38591,82470000,1
1755618660000,1755618719000,1.38591,1.38591,1.38577,1.38588,81600000,1
1755618720000,1755618779000,1.38589,1.38589,1.3858,1.38583,93960000,1
1755618780000,1755618839000,1.38584,1.38593,1.38574,1.38592,76560000,1
1755618840000,1755618899000,1.38591,1.38595,1.38583,1.38583,86250000,1
1755618900000,1755618959000,1.38584,1.38598,1.38584,1.38593,115500000,1
1755618960000,1755619019000,1.38592,1.38598,1.38583,1.38587,224070000,1
1755619020000,1755619079000,1.38585,1.38596,1.38578,1.38583,147780000,1
1755619080000,1755619139000,1.38585,1.386,1.38584,1.38596,193920000,1
1755619140000,1755619199000,1.38595,1.38603,1.38592,1.38593,181950000,1
1755619200000,1755619259000,1.38593,1.38593,1.38563,1.38564,130170000,1
1755619260000,1755619319000,1.38563,1.38572,1.3856,1.38563,171060000,1
1755619320000,1755619379000,1.38564,1.38566,1.3855,1.38554,89280000,1
1755619380000,1755619439000,1.38553,1.38567,1.38553,1.38561,87600000,1
1755619440000,1755619499000,1.38562,1.38595,1.38562,1.38594,82920000,1
1755619500000,1755619559000,1.38594,1.38594,1.38585,1.38588,104760000,1
1755619560000,1755619619000,1.38588,1.38588,1.38573,1.3858,111360000,1
1755619620000,1755619679000,1.38581,1.38582,1.38574,1.38581,72480000,1
1755619680000,1755619739000,1.38581,1.38582,1.38569,1.38574,87240000,1
1755619740000,1755619799000,1.38574,1.38578,1.38568,1.38575,72000000,1
1755619800000,1755619859000,1.38574,1.38597,1.38574,1.38595,73320000,1
1755619860000,1755619919000,1.38596,1.38596,1.38584,1.38589,81600000,1
1755619920000,1755619979000,1.38589,1.38593,1.38584,1.38591,88440000,1
1755619980000,1755620039000,1.38591,1.38594,1.38584,1.38592,45000000,1
1755620040000,1755620099000,1.38589,1.38589,1.38577,1.38586,96600000,1
1755620100000,1755620159000,1.38587,1.38587,1.38553,1.38554,115620000,1
1755620160000,1755620219000,1.38555,1.38562,1.38542,1.38542,104460000,1
1755620220000,1755620279000,1.38543,1.38564,1.38543,1.38558,76200000,1
1755620280000,1755620339000,1.38559,1.38565,1.38535,1.38535,100200000,1
1755620340000,1755620399000,1.38534,1.38546,1.3853,1.38543,111180000,1
1755620400000,1755620459000,1.38544,1.38554,1.38543,1.38553,112380000,1
1755620460000,1755620519000,1.38552,1.38563,1.3855,1.38562,67680000,1
1755620520000,1755620579000,1.38564,1.38565,1.38557,1.38562,137580000,1
1755620580000,1755620639000,1.38562,1.38574,1.38562,1.38573,90960000,1
1755620640000,1755620699000,1.38573,1.38594,1.38573,1.38592,155340000,1
1755620700000,1755620759000,1.38592,1.38605,1.38588,1.38601,143760000,1
1755620760000,1755620819000,1.38601,1.3861,1.38601,1.3861,45000000,1
1755620820000,1755620879000,1.3861,1.38612,1.38603,1.38609,72120000,1
1755620880000,1755620939000,1.3861,1.38613,1.38608,1.38612,59760000,1
1755620940000,1755620999000,1.38611,1.38614,1.38606,1.38613,104220000,1
1755621000000,1755621059000,1.38613,1.38614,1.38603,1.38606,76200000,1
1755621060000,1755621119000,1.38605,1.38608,1.38591,1.38604,78390000,1
1755621120000,1755621179000,1.38605,1.38605,1.38601,1.38603,72030000,1
1755621180000,1755621239000,1.38602,1.38605,1.386,1.38602,53760000,1
1755621240000,1755621299000,1.38605,1.38606,1.38596,1.38601,62400000,1
1755621300000,1755621359000,1.38601,1.38601,1.38582,1.38582,99810000,1
1755621360000,1755621419000,1.38582,1.38588,1.38582,1.38582,94200000,1
1755621420000,1755621479000,1.38582,1.38584,1.38574,1.38575,79800000,1
1755621480000,1755621539000,1.38576,1.38592,1.38575,1.38587,94800000,1
1755621540000,1755621599000,1.38587,1.38605,1.38587,1.38602,101520000,1
1755621600000,1755621659000,1.38602,1.38613,1.38602,1.38612,101640000,1
1755621660000,1755621719000,1.38613,1.38618,1.38603,1.38604,88530000,1
1755621720000,1755621779000,1.38603,1.38605,1.386,1.386,77730000,1
1755621780000,1755621839000,1.38597,1.38598,1.38592,1.38592,51240000,1
1755621840000,1755621899000,1.38591,1.38599,1.38591,1.38595,60270000,1
1755621900000,1755621959000,1.38596,1.38597,1.38593,1.38594,83310000,1
1755621960000,1755622019000,1.38595,1.38598,1.38591,1.38596,83880000,1
1755622020000,1755622079000,1.38595,1.38596,1.38582,1.38584,105000000,1
1755622080000,1755622139000,1.38584,1.38587,1.38578,1.38578,94680000,1
1755622140000,1755622199000,1.3858,1.38587,1.38577,1.38587,90060000,1
1755622200000,1755622259000,1.38586,1.38592,1.38583,1.38583,75180000,1
1755622260000,1755622319000,1.38584,1.38596,1.38584,1.3859,74760000,1
1755622320000,1755622379000,1.38591,1.38603,1.38586,1.38598,86040000,1
1755622380000,1755622439000,1.38599,1.38601,1.38595,1.38597,58320000,1
1755622440000,1755622499000,1.38595,1.38612,1.38594,1.38611,62640000,1
1755622500000,1755622559000,1.38612,1.38624,1.38612,1.38624,61650000,1
1755622560000,1755622619000,1.38623,1.38633,1.38619,1.38622,74160000,1
1755622620000,1755622679000,1.38623,1.38626,1.38619,1.38622,68040000,1
1755622680000,1755622739000,1.38624,1.3863,1.38618,1.3862,46410000,1
1755622740000,1755622799000,1.38621,1.38622,1.38619,1.38621,56760000,1
1755622800000,1755622859000,1.3862,1.38629,1.3862,1.38624,72840000,1
1755622860000,1755622919000,1.38624,1.3863,1.38623,1.38623,90990000,1
1755622920000,1755622979000,1.38623,1.38628,1.38606,1.38607,71580000,1
1755622980000,1755623039000,1.38606,1.38612,1.38592,1.38592,65460000,1
1755623040000,1755623099000,1.38593,1.38601,1.38585,1.38597,83580000,1
1755623100000,1755623159000,1.38597,1.38613,1.38596,1.38607,80490000,1
1755623160000,1755623219000,1.38608,1.38623,1.38608,1.38622,38400000,1
1755623220000,1755623279000,1.38623,1.38626,1.38614,1.38615,62400000,1
1755623280000,1755623339000,1.38614,1.38616,1.38603,1.38603,73170000,1
1755623340000,1755623399000,1.38602,1.38602,1.38594,1.38595,76590000,1
1755623400000,1755623459000,1.38596,1.38597,1.38591,1.38594,56940000,1
1755623460000,1755623519000,1.38595,1.38602,1.38592,1.38598,86310000,1
1755623520000,1755623579000,1.38599,1.38603,1.38591,1.38592,91800000,1
1755623580000,1755623639000,1.38593,1.38602,1.3859,1.38602,67800000,1
1755623640000,1755623699000,1.38603,1.38624,1.38603,1.3862,78000000,1
1755623700000,1755623759000,1.38618,1.38618,1.3861,1.38613,48000000,1
1755623760000,1755623819000,1.38613,1.38614,1.38611,1.38612,46800000,1
1755623820000,1755623879000,1.38612,1.38613,1.3861,1.38612,46200000,1
1755623880000,1755623939000,1.38611,1.38613,1.38605,1.38605,71340000,1
1755623940000,1755623999000,1.38604,1.38605,1.38585,1.38588,69600000,1
1755624000000,1755624059000,1.3859,1.38592,1.38587,1.38588,61800000,1
1755624060000,1755624119000,1.38588,1.3859,1.38586,1.38587,66000000,1
1755624120000,1755624179000,1.38588,1.38589,1.38575,1.38583,76200000,1
1755624180000,1755624239000,1.38583,1.38584,1.3858,1.38581,66000000,1
1755624240000,1755624299000,1.38582,1.38582,1.38581,1.38581,16800000,1
1755624300000,1755624359000,1.38581,1.38582,1.38571,1.38573,40800000,1
1755624360000,1755624419000,1.38573,1.38573,1.3856,1.3856,54000000,1
1755624420000,1755624479000,1.38561,1.38565,1.38561,1.38562,34500000,1
1755624480000,1755624539000,1.38562,1.38572,1.38562,1.38571,86100000,1
1755624540000,1755624599000,1.3857,1.38577,1.38563,1.38568,63600000,1
1755624600000,1755624659000,1.38568,1.38571,1.38553,1.38556,57900000,1
1755624660000,1755624719000,1.38554,1.38556,1.38553,1.38553,70200000,1
1755624720000,1755624779000,1.38552,1.38563,1.38536,1.38536,59670000,1
1755624780000,1755624839000,1.38538,1.38545,1.38538,1.38538,59400000,1
1755624840000,1755624899000,1.3854,1.38543,1.38537,1.38543,48000000,1
1755624900000,1755624959000,1.38542,1.38543,1.38537,1.38541,45600000,1
1755624960000,1755625019000,1.38541,1.38542,1.38532,1.38532,52050000,1
1755625020000,1755625079000,1.38532,1.38535,1.38532,1.38534,31800000,1
1755625080000,1755625139000,1.38536,1.38542,1.38536,1.38536,52200000,1
1755625140000,1755625199000,1.38536,1.38541,1.38536,1.38538,79800000,1
1755625200000,1755625259000,1.38539,1.38545,1.38533,1.38534,71400000,1
1755625260000,1755625319000,1.38534,1.38538,1.38534,1.38537,67200000,1
1755625320000,1755625379000,1.38541,1.38544,1.38537,1.38543,45600000,1
1755625380000,1755625439000,1.38544,1.38544,1.38536,1.38543,56400000,1
1755625440000,1755625499000,1.38543,1.38545,1.38542,1.38543,38400000,1
1755625500000,1755625559000,1.38543,1.38552,1.38543,1.38545,76800000,1
1755625560000,1755625619000,1.38546,1.38554,1.38546,1.38552,68640000,1
1755625620000,1755625679000,1.38552,1.38561,1.38552,1.38561,27360000,1
1755625680000,1755625739000,1.38562,1.38577,1.38562,1.38575,61200000,1
1755625740000,1755625799000,1.38575,1.38575,1.38566,1.38572,55800000,1
1755625800000,1755625859000,1.38571,1.38575,1.38568,1.38575,48600000,1
1755625860000,1755625919000,1.38575,1.38576,1.38567,1.38573,54600000,1
1755625920000,1755625979000,1.38573,1.38574,1.38573,1.38573,21600000,1
1755625980000,1755626039000,1.38573,1.38576,1.38573,1.38574,33600000,1
1755626040000,1755626099000,1.38574,1.38582,1.38574,1.38581,55200000,1
1755626100000,1755626159000,1.38581,1.38583,1.3857,1.38571,56100000,1
1755626160000,1755626219000,1.38571,1.3858,1.3857,1.38579,33720000,1
1755626220000,1755626279000,1.38579,1.3858,1.38567,1.38571,40800000,1
1755626280000,1755626339000,1.38571,1.38572,1.38553,1.38559,55680000,1
1755626340000,1755626399000,1.38561,1.38567,1.38561,1.38566,73560000,1
1755626400000,1755626459000,1.38565,1.38583,1.38565,1.38583,87720000,1
1755626460000,1755626519000,1.38582,1.38584,1.38573,1.38581,71640000,1
1755626520000,1755626579000,1.3858,1.38586,1.3858,1.38583,78000000,1
1755626580000,1755626639000,1.38582,1.3861,1.38582,1.3861,45000000,1
1755626640000,1755626699000,1.3861,1.38619,1.38604,1.38619,96600000,1
1755626700000,1755626759000,1.3862,1.3862,1.38609,1.38609,55080000,1
1755626760000,1755626819000,1.38609,1.38612,1.38605,1.38605,40320000,1
1755626820000,1755626879000,1.38605,1.38609,1.38591,1.38592,109200000,1
1755626880000,1755626939000,1.38591,1.38593,1.38581,1.38586,36000000,1
1755626940000,1755626999000,1.38587,1.38591,1.38587,1.3859,48090000,1
1755627000000,1755627059000,1.3859,1.38606,1.3859,1.38605,87240000,1
1755627060000,1755627119000,1.38606,1.38611,1.38603,1.38605,61560000,1
1755627120000,1755627179000,1.38606,1.38607,1.38603,1.38604,54600000,1
1755627180000,1755627239000,1.38603,1.38604,1.38591,1.38591,68250000,1
1755627240000,1755627299000,1.3859,1.38598,1.38587,1.38596,56820000,1
1755627300000,1755627359000,1.38596,1.38596,1.38591,1.38591,34800000,1
1755627360000,1755627419000,1.38592,1.38592,1.3859,1.3859,17400000,1
1755627420000,1755627479000,1.3859,1.38596,1.38589,1.38591,59640000,1
1755627480000,1755627539000,1.38592,1.38607,1.38592,1.38603,40620000,1
1755627540000,1755627599000,1.38606,1.38606,1.38602,1.38602,37800000,1
1755627600000,1755627659000,1.38602,1.38604,1.38602,1.38604,28200000,1
1755627660000,1755627719000,1.38604,1.38611,1.38604,1.38611,73200000,1
1755627720000,1755627779000,1.3861,1.38613,1.38601,1.38601,63600000,1
1755627780000,1755627839000,1.38603,1.38604,1.38599,1.38602,45600000,1
1755627840000,1755627899000,1.38603,1.38603,1.38593,1.38594,49200000,1
1755627900000,1755627959000,1.38598,1.38604,1.38598,1.38603,48000000,1
1755627960000,1755628019000,1.38604,1.38605,1.386,1.38602,40800000,1
1755628020000,1755628079000,1.38603,1.38614,1.38602,1.38612,45360000,1
1755628080000,1755628139000,1.38613,1.38613,1.38605,1.38609,54720000,1
1755628140000,1755628199000,1.3861,1.38611,1.3861,1.3861,15600000,1
1755628200000,1755628259000,1.3861,1.38615,1.3861,1.38613,24000000,1
1755628260000,1755628319000,1.38614,1.38619,1.38611,1.38612,54000000,1
1755628320000,1755628379000,1.38612,1.38613,1.38601,1.38603,31800000,1
1755628380000,1755628439000,1.38604,1.38616,1.38603,1.38614,55800000,1
1755628440000,1755628499000,1.38613,1.38621,1.3861,1.3862,37200000,1
1755628500000,1755628559000,1.38621,1.38622,1.38619,1.38619,32400000,1
1755628560000,1755628619000,1.3862,1.38621,1.38619,1.38621,48000000,1
1755628620000,1755628679000,1.38622,1.38622,1.38614,1.38617,45000000,1
1755628680000,1755628739000,1.38616,1.38621,1.38612,1.38621,36000000,1
1755628740000,1755628799000,1.38622,1.38632,1.38621,1.38631,62520000,1
1755628800000,1755628859000,1.38631,1.38632,1.38624,1.3863,64800000,1
1755628860000,1755628919000,1.3863,1.38635,1.38628,1.38631,42000000,1
1755628920000,1755628979000,1.3863,1.38631,1.38629,1.3863,21480000,1
1755628980000,1755629039000,1.3863,1.38638,1.3863,1.38632,79530000,1
1755629040000,1755629099000,1.38632,1.38632,1.3863,1.38632,46920000,1
1755629100000,1755629159000,1.38631,1.38632,1.38622,1.38627,49620000,1
1755629160000,1755629219000,1.38626,1.38632,1.38624,1.38627,72000000,1
1755629220000,1755629279000,1.38627,1.38633,1.38623,1.3863,64800000,1
1755629280000,1755629339000,1.38631,1.38634,1.38631,1.38633,45720000,1
1755629340000,1755629399000,1.38632,1.38633,1.38631,1.38631,38040000,1
1755629400000,1755629459000,1.38632,1.38633,1.38631,1.38632,39720000,1
1755629460000,1755629519000,1.38634,1.38638,1.38633,1.38634,62760000,1
1755629520000,1755629579000,1.38634,1.38641,1.38633,1.38639,67680000,1
1755629580000,1755629639000,1.38639,1.38639,1.38623,1.38624,73050000,1
1755629640000,1755629699000,1.38624,1.38625,1.3861,1.38613,62790000,1
1755629700000,1755629759000,1.38613,1.38614,1.38612,1.38612,52440000,1
1755629760000,1755629819000,1.38613,1.38616,1.38613,1.38613,7800000,1
1755629820000,1755629879000,1.38613,1.38617,1.38604,1.38616,45000000,1
1755629880000,1755629939000,1.38615,1.38633,1.38615,1.38632,93480000,1
1755629940000,1755629999000,1.38632,1.38642,1.38627,1.38638,105000000,1
1755630000000,1755630059000,1.38638,1.38639,1.38634,1.38637,66060000,1
1755630060000,1755630119000,1.38638,1.38639,1.38636,1.38637,20700000,1
1755630120000,1755630179000,1.38637,1.38657,1.38636,1.38657,34440000,1
1755630180000,1755630239000,1.38658,1.38661,1.38656,1.38659,38220000,1
1755630240000,1755630299000,1.3866,1.38666,1.38658,1.38659,62790000,1
1755630300000,1755630359000,1.38659,1.38663,1.38659,1.38662,12000000,1
1755630360000,1755630419000,1.38662,1.38663,1.38662,1.38662,8400000,1
1755630420000,1755630479000,1.38663,1.38668,1.38662,1.38664,40290000,1
1755630480000,1755630539000,1.38664,1.38674,1.38664,1.38674,25050000,1
1755630540000,1755630599000,1.38673,1.38677,1.3867,1.3867,11400000,1
1755630600000,1755630659000,1.38672,1.38675,1.38652,1.38659,42360000,1
1755630660000,1755630719000,1.3866,1.3866,1.38657,1.38658,16200000,1
1755630720000,1755630779000,1.38658,1.38662,1.38653,1.38657,39000000,1
1755630780000,1755630839000,1.38657,1.38661,1.38652,1.38659,27270000,1
1755630840000,1755630899000,1.38659,1.3866,1.3865,1.38652,20850000,1
1755630900000,1755630959000,1.38651,1.38651,1.38645,1.38647,16950000,1
1755630960000,1755631019000,1.38648,1.38649,1.38644,1.38645,12000000,1
1755631020000,1755631079000,1.38646,1.38651,1.38638,1.3865,57150000,1
1755631080000,1755631139000,1.3865,1.38661,1.38649,1.3866,27600000,1
1755631140000,1755631199000,1.3866,1.3866,1.38652,1.38653,46200000,1
1755631200000,1755631259000,1.38654,1.38656,1.38652,1.38653,54960000,1
1755631260000,1755631319000,1.38653,1.38655,1.38646,1.38646,38340000,1
1755631320000,1755631379000,1.38646,1.38653,1.38646,1.38652,21720000,1
1755631380000,1755631439000,1.38652,1.38653,1.38646,1.38647,23250000,1
1755631440000,1755631499000,1.38646,1.38647,1.38634,1.38636,20250000,1
1755631500000,1755631559000,1.38636,1.38636,1.38616,1.38617,65640000,1
1755631560000,1755631619000,1.38617,1.38619,1.38612,1.38614,60300000,1
1755631620000,1755631679000,1.38614,1.38616,1.38599,1.38604,72300000,1
1755631680000,1755631739000,1.38605,1.38605,1.38599,1.386,104310000,1
1755631740000,1755631799000,1.38599,1.38601,1.38598,1.386,45540000,1
1755631800000,1755631859000,1.38599,1.38605,1.38598,1.38599,87360000,1
1755631860000,1755631919000,1.38598,1.38598,1.38596,1.38597,24900000,1
1755631920000,1755631979000,1.38597,1.38599,1.38588,1.38592,67500000,1
1755631980000,1755632039000,1.38592,1.38598,1.38592,1.38597,49410000,1
1755632040000,1755632099000,1.38598,1.38598,1.38596,1.38598,20850000,1
1755632100000,1755632159000,1.38597,1.38599,1.38592,1.38592,68400000,1
1755632160000,1755632219000,1.38596,1.38605,1.38591,1.38605,66750000,1
1755632220000,1755632279000,1.38608,1.38611,1.38608,1.3861,9600000,1
1755632280000,1755632339000,1.38611,1.38629,1.38611,1.38629,43800000,1
1755632340000,1755632399000,1.38626,1.38631,1.38622,1.38629,34980000,1
1755632400000,1755632459000,1.38629,1.38635,1.38628,1.38634,27330000,1
1755632460000,1755632519000,1.38633,1.38636,1.38628,1.3863,52980000,1
1755632520000,1755632579000,1.3863,1.38634,1.3863,1.38631,30300000,1
1755632580000,1755632639000,1.38633,1.38639,1.38628,1.38639,37800000,1
1755632640000,1755632699000,1.38639,1.38639,1.38632,1.38638,45300000,1
1755632700000,1755632759000,1.3864,1.38648,1.38638,1.38645,73080000,1
1755632760000,1755632819000,1.38644,1.38646,1.38636,1.38638,126630000,1
1755632820000,1755632879000,1.3864,1.38651,1.38638,1.38647,77700000,1
1755632880000,1755632939000,1.38647,1.38648,1.3864,1.38641,163530000,1
1755632940000,1755632999000,1.38641,1.38642,1.38634,1.38634,29790000,1
1755633000000,1755633059000,1.38633,1.38644,1.38633,1.38638,58350000,1
1755633060000,1755633119000,1.38637,1.38641,1.38636,1.3864,25200000,1
1755633120000,1755633179000,1.3864,1.3864,1.38632,1.38634,33000000,1
1755633180000,1755633239000,1.38634,1.38641,1.38632,1.38641,44250000,1
1755633240000,1755633299000,1.38642,1.3865,1.38642,1.38647,36300000,1
1755633300000,1755633359000,1.38649,1.38655,1.38647,1.3865,94470000,1
1755633360000,1755633419000,1.3865,1.38655,1.38647,1.38654,91740000,1
1755633420000,1755633479000,1.38654,1.38657,1.38645,1.38648,59280000,1
1755633480000,1755633539000,1.38648,1.38651,1.38643,1.38644,111360000,1
1755633540000,1755633599000,1.38645,1.38657,1.38641,1.38653,108690000,1
1755633600000,1755633659000,1.38653,1.38657,1.38648,1.38648,40680000,1
1755633660000,1755633719000,1.38646,1.38651,1.38646,1.38649,23490000,1
1755633720000,1755633779000,1.3865,1.3865,1.38647,1.38649,42000000,1
1755633780000,1755633839000,1.38653,1.38655,1.38644,1.38644,20400000,1
1755633840000,1755633899000,1.38645,1.38646,1.38643,1.38644,31200000,1
1755633900000,1755633959000,1.38644,1.38644,1.38636,1.38636,16200000,1
1755633960000,1755634019000,1.38634,1.38636,1.38627,1.38628,24600000,1
1755634020000,1755634079000,1.38632,1.38632,1.38607,1.38608,45450000,1
1755634080000,1755634139000,1.38608,1.38641,1.38608,1.38641,42450000,1
1755634140000,1755634199000,1.38641,1.38642,1.38641,1.38642,8400000,1
1755634200000,1755634259000,1.38642,1.38642,1.38632,1.38635,26400000,1
1755634260000,1755634319000,1.38637,1.38639,1.38629,1.38629,47100000,1
1755634320000,1755634379000,1.38628,1.38637,1.38628,1.38636,26100000,1
1755634380000,1755634439000,1.38636,1.38647,1.38636,1.38646,32160000,1
1755634440000,1755634499000,1.38645,1.38645,1.38638,1.3864,34980000,1
1755634500000,1755634559000,1.3864,1.38642,1.38637,1.38637,23760000,1
1755634560000,1755634619000,1.38637,1.38637,1.38637,1.38637,0,1
1755634620000,1755634679000,1.38638,1.38646,1.38637,1.38639,37680000,1
1755634680000,1755634739000,1.38638,1.38646,1.38638,1.38641,29040000,1
1755634740000,1755634799000,1.38641,1.38642,1.38636,1.38637,86700000,1
1755634800000,1755634859000,1.38636,1.38642,1.38636,1.38637,45450000,1
1755634860000,1755634919000,1.38638,1.38645,1.38636,1.38636,47250000,1
1755634920000,1755634979000,1.38642,1.38642,1.38635,1.38636,75150000,1
1755634980000,1755635039000,1.38636,1.38636,1.3863,1.38631,50400000,1
1755635040000,1755635099000,1.38634,1.38635,1.38624,1.38625,34800000,1
1755635100000,1755635159000,1.38626,1.38628,1.38626,1.38627,15600000,1
1755635160000,1755635219000,1.38628,1.38628,1.38626,1.38626,21600000,1
1755635220000,1755635279000,1.38627,1.38627,1.38624,1.38626,17250000,1
1755635280000,1755635339000,1.38626,1.38629,1.38626,1.38628,12600000,1
1755635340000,1755635399000,1.38628,1.38637,1.38628,1.38631,69660000,1
1755635400000,1755635459000,1.38632,1.38632,1.38616,1.38619,46680000,1
1755635460000,1755635519000,1.38624,1.38628,1.38623,1.38623,19500000,1
1755635520000,1755635579000,1.38622,1.38622,1.38618,1.38618,11100000,1
1755635580000,1755635639000,1.38619,1.38623,1.38619,1.38622,15420000,1
1755635640000,1755635699000,1.38621,1.38623,1.38617,1.38619,21270000,1
1755635700000,1755635759000,1.38619,1.38621,1.38619,1.38621,33480000,1
1755635760000,1755635819000,1.38623,1.38644,1.3862,1.38644,64050000,1
1755635820000,1755635879000,1.38644,1.38649,1.38644,1.38648,15750000,1
1755635880000,1755635939000,1.38642,1.38642,1.38626,1.38626,9720000,1
1755635940000,1755635999000,1.38628,1.38659,1.38628,1.38658,27150000,1
1755636000000,1755636059000,1.38657,1.38658,1.38647,1.38648,20990000,1
1755636060000,1755636119000,1.38649,1.38661,1.38647,1.38661,27000000,1
1755636120000,1755636179000,1.38662,1.38662,1.38648,1.38648,26400000,1
1755636180000,1755636239000,1.38648,1.3865,1.38646,1.38648,25200000,1
1755636240000,1755636299000,1.38649,1.38674,1.38648,1.3867,30030000,1
1755636300000,1755636359000,1.3867,1.38674,1.38666,1.38672,53400000,1
1755636360000,1755636419000,1.38671,1.3868,1.38671,1.38679,21510000,1
1755636420000,1755636479000,1.38679,1.3868,1.38677,1.38679,10080000,1
1755636480000,1755636539000,1.3868,1.38681,1.38679,1.38681,14640000,1
1755636540000,1755636599000,1.38682,1.38689,1.38682,1.38688,21120000,1
1755636600000,1755636659000,1.38687,1.38696,1.38686,1.38694,42720000,1
1755636660000,1755636719000,1.38693,1.38693,1.38687,1.38687,6000000,1
1755636720000,1755636779000,1.38689,1.38693,1.38689,1.3869,43140000,1
1755636780000,1755636839000,1.38691,1.38693,1.38689,1.38691,29130000,1
1755636840000,1755636899000,1.38692,1.38693,1.3869,1.3869,20280000,1
1755636900000,1755636959000,1.38686,1.3869,1.38679,1.38679,39660000,1
1755636960000,1755637019000,1.38679,1.38683,1.38679,1.38682,42090000,1
1755637020000,1755637079000,1.38681,1.38682,1.38675,1.38677,40350000,1
1755637080000,1755637139000,1.38676,1.3868,1.38674,1.38674,97050000,1
1755637140000,1755637199000,1.38674,1.38676,1.38664,1.38664,34500000,1
1755637200000,1755637259000,1.38664,1.38664,1.38641,1.38641,4050000,1
1755637260000,1755637319000,1.38641,1.38641,1.38641,1.38641,0,1
1755637320000,1755637379000,1.38641,1.38641,1.38641,1.38641,0,1
1755637380000,1755637439000,1.38641,1.38641,1.38641,1.38641,0,1
1755637440000,1755637499000,1.3855,1.38556,1.3855,1.38555,3900000,1
1755637500000,1755637559000,1.3854,1.38639,1.3854,1.38609,5310000,1
1755637560000,1755637619000,1.38612,1.38624,1.38609,1.38609,10380000,1
1755637620000,1755637679000,1.38606,1.38606,1.38579,1.38579,4800000,1
1755637680000,1755637739000,1.38579,1.38626,1.38575,1.38577,36900000,1
1755637740000,1755637799000,1.38577,1.3861,1.38577,1.3859,21600000,1
1755637800000,1755637859000,1.3859,1.3861,1.38575,1.3859,18450000,1
1755637860000,1755637919000,1.38594,1.38594,1.38593,1.38593,2400000,1
1755637920000,1755637979000,1.38587,1.38595,1.38587,1.38589,9990000,1
1755637980000,1755638039000,1.3859,1.38596,1.3859,1.38594,5400000,1
1755638040000,1755638099000,1.38598,1.38599,1.38588,1.38588,9000000,1
1755638100000,1755638159000,1.38581,1.38581,1.38581,1.38581,2160000,1
1755638160000,1755638219000,1.38582,1.38582,1.38571,1.38571,20100000,1
1755638220000,1755638279000,1.38571,1.38596,1.38555,1.38592,18570000,1
1755638280000,1755638339000,1.38595,1.38599,1.38592,1.38599,6120000,1
1755638340000,1755638399000,1.38593,1.38593,1.38592,1.38592,3240000,1
1755638400000,1755638459000,1.38597,1.38598,1.38592,1.38592,4020000,1
1755638460000,1755638519000,1.38588,1.38588,1.38588,1.38588,1560000,1
1755638520000,1755638579000,1.38589,1.38598,1.38589,1.38592,10350000,1
1755638580000,1755638639000,1.38599,1.38601,1.38599,1.38601,7200000,1
1755638640000,1755638699000,1.386,1.386,1.38594,1.38594,27000000,1
1755638700000,1755638759000,1.38594,1.38606,1.3859,1.38601,36780000,1
1755638760000,1755638819000,1.38596,1.386,1.38596,1.38599,9900000,1
1755638820000,1755638879000,1.38601,1.38603,1.38599,1.38599,10200000,1
1755638880000,1755638939000,1.38601,1.38604,1.386,1.38602,7200000,1
1755638940000,1755638999000,1.38598,1.38604,1.38597,1.38598,12600000,1
1755639000000,1755639059000,1.386,1.38615,1.386,1.38615,13800000,1
1755639060000,1755639119000,1.38619,1.38621,1.38596,1.38604,32700000,1
1755639120000,1755639179000,1.386,1.38607,1.38597,1.38607,12600000,1
1755639180000,1755639239000,1.38608,1.3863,1.38608,1.3863,10800000,1
1755639240000,1755639299000,1.38625,1.38632,1.38625,1.38632,13800000,1
1755639300000,1755639359000,1.38612,1.38633,1.38612,1.38628,9000000,1
1755639360000,1755639419000,1.38628,1.38642,1.38627,1.38627,41400000,1
1755639420000,1755639479000,1.38627,1.38633,1.38625,1.38627,19200000,1
1755639480000,1755639539000,1.38626,1.38634,1.38624,1.38633,73200000,1
1755639540000,1755639599000,1.38633,1.38646,1.38633,1.38641,49020000,1
1755639600000,1755639659000,1.3864,1.38643,1.38639,1.38643,16200000,1
1755639660000,1755639719000,1.38644,1.38646,1.38638,1.38642,45450000,1
1755639720000,1755639779000,1.38643,1.38647,1.38641,1.38645,19200000,1
1755639780000,1755639839000,1.38645,1.38658,1.386,1.38621,334350000,1
1755639840000,1755639899000,1.38628,1.38629,1.38599,1.38606,647010000,1
1755639900000,1755639959000,1.38619,1.3863,1.38604,1.38608,765750000,1
1755639960000,1755640019000,1.38619,1.38629,1.38606,1.38615,619800000,1
1755640020000,1755640079000,1.38609,1.38629,1.38607,1.38615,614400000,1
1755640080000,1755640139000,1.38618,1.38628,1.38609,1.3862,421950000,1
1755640140000,1755640199000,1.3862,1.38642,1.38611,1.38625,494850000,1
1755640200000,1755640259000,1.38618,1.38629,1.38612,1.38615,504450000,1
1755640260000,1755640319000,1.38615,1.38628,1.38612,1.38615,445350000,1
1755640320000,1755640379000,1.38615,1.38633,1.38603,1.38633,263550000,1
1755640380000,1755640439000,1.38632,1.38641,1.38606,1.38632,260100000,1
1755640440000,1755640499000,1.38633,1.38635,1.38606,1.38632,541500000,1
1755640500000,1755640559000,1.38633,1.38638,1.38606,1.38631,43200000,1
1755640560000,1755640619000,1.38606,1.38635,1.38606,1.38606,450150000,1
1755640620000,1755640679000,1.3863,1.38632,1.38606,1.38621,921000000,1
1755640680000,1755640739000,1.38607,1.38622,1.38602,1.38608,153000000,1
1755640740000,1755640799000,1.38608,1.38623,1.38606,1.38622,132300000,1
1755640800000,1755640859000,1.38612,1.38666,1.38596,1.38662,147150000,1
1755640860000,1755640919000,1.38664,1.3867,1.38661,1.38661,41400000,1
1755640920000,1755640979000,1.3866,1.38666,1.38658,1.38663,18450000,1
1755640980000,1755641039000,1.38664,1.38664,1.38658,1.38659,11700000,1
1755641040000,1755641099000,1.38659,1.38659,1.38659,1.38659,0,1
1755641100000,1755641159000,1.38659,1.38659,1.3865,1.38656,10950000,1
1755641160000,1755641219000,1.38656,1.38659,1.38656,1.38658,6000000,1
1755641220000,1755641279000,1.38659,1.38659,1.38658,1.38658,15000000,1
1755641280000,1755641339000,1.38659,1.38659,1.38659,1.38659,2400000,1
1755641340000,1755641399000,1.38659,1.38659,1.38659,1.38659,1800000,1
1755641400000,1755641459000,1.38657,1.38658,1.38657,1.38658,3000000,1
1755641460000,1755641519000,1.38659,1.38665,1.38659,1.38665,37200000,1
1755641520000,1755641579000,1.38664,1.38666,1.38657,1.38658,26700000,1
1755641580000,1755641639000,1.38657,1.38657,1.38653,1.38653,47100000,1
1755641640000,1755641699000,1.38654,1.38655,1.38653,1.38653,35700000,1
1755641700000,1755641759000,1.38653,1.38656,1.38653,1.38653,43950000,1
1755641760000,1755641819000,1.38653,1.38654,1.38653,1.38653,57300000,1
1755641820000,1755641879000,1.38654,1.38658,1.38653,1.38658,37950000,1
1755641880000,1755641939000,1.38658,1.38659,1.38657,1.38657,4950000,1
1755641940000,1755641999000,1.38656,1.38659,1.38653,1.38655,45150000,1
1755642000000,1755642059000,1.38655,1.38657,1.38654,1.38654,28500000,1
1755642060000,1755642119000,1.38654,1.38656,1.38654,1.38655,22050000,1
1755642120000,1755642179000,1.38654,1.3866,1.38654,1.38657,38400000,1
1755642180000,1755642239000,1.38658,1.38658,1.38657,1.38658,3600000,1
1755642240000,1755642299000,1.38656,1.38659,1.38653,1.38657,22500000,1
1755642300000,1755642359000,1.38655,1.38658,1.38654,1.38654,29700000,1
1755642360000,1755642419000,1.38655,1.38659,1.38654,1.38657,10500000,1
1755642420000,1755642479000,1.38657,1.38663,1.38656,1.38657,122550000,1
1755642480000,1755642539000,1.38657,1.38657,1.38655,1.38657,54150000,1
1755642540000,1755642599000,1.38656,1.38663,1.38656,1.38656,31500000,1
1755642600000,1755642659000,1.38657,1.38663,1.38656,1.3866,43350000,1
1755642660000,1755642719000,1.38661,1.38668,1.38654,1.3866,47100000,1
1755642720000,1755642779000,1.3866,1.38665,1.38656,1.38664,23700000,1
1755642780000,1755642839000,1.38665,1.38667,1.38665,1.38666,16950000,1
1755642840000,1755642899000,1.38666,1.38667,1.38666,1.38666,7350000,1
1755642900000,1755642959000,1.38665,1.38671,1.3866,1.38662,35250000,1
1755642960000,1755643019000,1.38662,1.3867,1.38661,1.38668,43950000,1
1755643020000,1755643079000,1.3867,1.3867,1.38667,1.38667,21750000,1
1755643080000,1755643139000,1.38673,1.38674,1.38667,1.38669,28050000,1
1755643140000,1755643199000,1.38669,1.38674,1.38667,1.38667,39150000,1
1755643200000,1755643259000,1.38673,1.38673,1.38667,1.38669,11700000,1
1755643260000,1755643319000,1.38673,1.38674,1.38667,1.38668,30750000,1
1755643320000,1755643379000,1.3867,1.3867,1.38667,1.38668,18900000,1
1755643380000,1755643439000,1.38669,1.38674,1.38668,1.38669,29700000,1
1755643440000,1755643499000,1.38669,1.38671,1.38668,1.38671,22800000,1
1755643500000,1755643559000,1.38671,1.38672,1.38671,1.38671,3600000,1
1755643560000,1755643619000,1.3867,1.3867,1.38667,1.38668,11100000,1
1755643620000,1755643679000,1.38668,1.38668,1.38666,1.38667,22650000,1
1755643680000,1755643739000,1.38667,1.38668,1.38667,1.38668,5700000,1
1755643740000,1755643799000,1.38668,1.38668,1.3866,1.3866,30300000,1
1755643800000,1755643859000,1.3866,1.38661,1.3866,1.38661,10950000,1
1755643860000,1755643919000,1.38661,1.38664,1.38661,1.38664,15150000,1
1755643920000,1755643979000,1.38664,1.38667,1.38664,1.38666,17250000,1
1755643980000,1755644039000,1.38666,1.38669,1.38666,1.38669,31350000,1
1755644040000,1755644099000,1.38667,1.38668,1.38667,1.38668,7950000,1
1755644100000,1755644159000,1.38668,1.38669,1.38667,1.38667,16800000,1
1755644160000,1755644219000,1.38666,1.38666,1.38659,1.38661,27300000,1
1755644220000,1755644279000,1.38663,1.38663,1.38627,1.38627,123750000,1
1755644280000,1755644339000,1.38628,1.38642,1.38626,1.38638,165270000,1
1755644340000,1755644399000,1.38638,1.3865,1.38632,1.38634,180480000,1
1755644400000,1755644459000,1.38634,1.38645,1.38633,1.38636,173870000,1
1755644460000,1755644519000,1.38637,1.38651,1.38629,1.38633,268770000,1
1755644520000,1755644579000,1.38634,1.38637,1.38628,1.38635,107430000,1
1755644580000,1755644639000,1.38636,1.38667,1.38635,1.38666,77100000,1
1755644640000,1755644699000,1.38666,1.38672,1.38666,1.38672,52650000,1
1755644700000,1755644759000,1.38671,1.38674,1.38671,1.38673,18150000,1
1755644760000,1755644819000,1.38674,1.38675,1.38673,1.38673,15750000,1
1755644820000,1755644879000,1.38669,1.38669,1.38661,1.38662,40650000,1
1755644880000,1755644939000,1.38663,1.38666,1.38661,1.38665,18150000,1
1755644940000,1755644999000,1.38664,1.38666,1.38656,1.38657,34800000,1
1755645000000,1755645059000,1.38656,1.38662,1.38648,1.38656,102870000,1
1755645060000,1755645119000,1.38655,1.38661,1.38654,1.38655,38130000,1
1755645120000,1755645179000,1.38655,1.38655,1.3865,1.38652,85260000,1
1755645180000,1755645239000,1.38655,1.38657,1.38654,1.38655,44760000,1
1755645240000,1755645299000,1.38656,1.38657,1.38656,1.38656,19200000,1
1755645300000,1755645359000,1.38656,1.38659,1.38656,1.38657,32640000,1
1755645360000,1755645419000,1.38655,1.38663,1.38655,1.38659,71670000,1
1755645420000,1755645479000,1.38657,1.38668,1.38656,1.38657,30990000,1
1755645480000,1755645539000,1.38658,1.38666,1.38656,1.38662,84480000,1
1755645540000,1755645599000,1.3866,1.38668,1.3866,1.38663,113700000,1
1755645600000,1755645659000,1.38663,1.38664,1.3866,1.38661,129900000,1
1755645660000,1755645719000,1.3866,1.38668,1.3866,1.38668,129120000,1
1755645720000,1755645779000,1.38667,1.38671,1.38667,1.38671,20790000,1
1755645780000,1755645839000,1.38671,1.38674,1.38671,1.38673,18180000,1
1755645840000,1755645899000,1.38674,1.38676,1.38674,1.38676,22260000,1
1755645900000,1755645959000,1.38675,1.38677,1.38669,1.3867,45210000,1
1755645960000,1755646019000,1.3867,1.38672,1.3867,1.3867,26280000,1
1755646020000,1755646079000,1.38671,1.38675,1.38671,1.38675,15810000,1
1755646080000,1755646139000,1.38674,1.38674,1.38661,1.38661,36900000,1
1755646140000,1755646199000,1.38661,1.38661,1.38661,1.38661,3600000,1
1755646200000,1755646259000,1.38662,1.38664,1.38661,1.38663,23040000,1
1755646260000,1755646319000,1.38662,1.38668,1.38662,1.38667,12960000,1
1755646320000,1755646379000,1.3867,1.3867,1.3867,1.3867,1920000,1
1755646380000,1755646439000,1.38669,1.38669,1.38668,1.38668,5040000,1
1755646440000,1755646499000,1.38669,1.3867,1.38666,1.38666,18510000,1
1755646500000,1755646559000,1.38667,1.3867,1.38667,1.3867,15540000,1
1755646560000,1755646619000,1.38672,1.38672,1.38669,1.3867,42450000,1
1755646620000,1755646679000,1.38671,1.38677,1.3867,1.38672,26310000,1
1755646680000,1755646739000,1.38671,1.38672,1.38671,1.38672,14160000,1
1755646740000,1755646799000,1.3867,1.3867,1.38665,1.38666,15030000,1
1755646800000,1755646859000,1.38667,1.38667,1.38662,1.38662,8550000,1
1755646860000,1755646919000,1.38662,1.38675,1.38662,1.38671,50670000,1
1755646920000,1755646979000,1.38669,1.38669,1.38661,1.38663,37740000,1
1755646980000,1755647039000,1.38663,1.38663,1.38658,1.38659,23280000,1
1755647040000,1755647099000,1.38658,1.3866,1.38658,1.3866,19980000,1
1755647100000,1755647159000,1.38658,1.38659,1.38658,1.38659,24900000,1
1755647160000,1755647219000,1.38659,1.38661,1.38659,1.38661,30600000,1
1755647220000,1755647279000,1.38661,1.38662,1.38661,1.38662,3840000,1
1755647280000,1755647339000,1.38662,1.38662,1.38661,1.38661,8070000,1
1755647340000,1755647399000,1.38662,1.38662,1.3866,1.3866,14100000,1
1755647400000,1755647459000,1.3866,1.38661,1.38659,1.38659,29700000,1
1755647460000,1755647519000,1.38659,1.38661,1.38659,1.3866,25500000,1
1755647520000,1755647579000,1.38663,1.38666,1.38659,1.3866,37500000,1
1755647580000,1755647639000,1.38662,1.38664,1.38657,1.38658,33000000,1
1755647640000,1755647699000,1.38657,1.3866,1.38657,1.38659,65130000,1
1755647700000,1755647759000,1.38659,1.38659,1.38658,1.38658,10950000,1
1755647760000,1755647819000,1.38659,1.38659,1.38657,1.38658,53970000,1
1755647820000,1755647879000,1.38659,1.38659,1.38657,1.38658,28980000,1
1755647880000,1755647939000,1.38658,1.3866,1.38657,1.38657,46020000,1
1755647940000,1755647999000,1.38658,1.38662,1.38658,1.38661,141150000,1
1755648000000,1755648059000,1.38662,1.38662,1.38657,1.38658,131490000,1
1755648060000,1755648119000,1.38659,1.38661,1.3865,1.38651,136050000,1
1755648120000,1755648179000,1.38651,1.38658,1.38648,1.38657,75870000,1
1755648180000,1755648239000,1.3866,1.3867,1.38658,1.38669,58800000,1
1755648240000,1755648299000,1.3867,1.38673,1.38669,1.38672,20460000,1
1755648300000,1755648359000,1.38675,1.38682,1.38675,1.38678,65220000,1
1755648360000,1755648419000,1.38678,1.3868,1.38678,1.38679,33870000,1
1755648420000,1755648479000,1.3868,1.38688,1.38677,1.38687,83340000,1
1755648480000,1755648539000,1.38687,1.387,1.38687,1.38693,78060000,1
1755648540000,1755648599000,1.38694,1.387,1.38694,1.38699,53130000,1
1755648600000,1755648659000,1.38699,1.38705,1.38696,1.38696,85680000,1
1755648660000,1755648719000,1.38697,1.38697,1.38692,1.38692,62580000,1
1755648720000,1755648779000,1.38692,1.38696,1.38692,1.38694,60180000,1
1755648780000,1755648839000,1.38694,1.38695,1.38691,1.38695,41010000,1
1755648840000,1755648899000,1.38694,1.38702,1.38694,1.38702,40830000,1
1755648900000,1755648959000,1.387,1.38701,1.38696,1.38699,54690000,1
1755648960000,1755649019000,1.38699,1.38702,1.38699,1.387,43260000,1
1755649020000,1755649079000,1.387,1.387,1.38687,1.38687,81870000,1
1755649080000,1755649139000,1.38687,1.38693,1.38687,1.38689,90030000,1
1755649140000,1755649199000,1.38688,1.38689,1.38688,1.38688,24900000,1
1755649200000,1755649259000,1.38689,1.3869,1.3868,1.3868,55500000,1
1755649260000,1755649319000,1.3868,1.38686,1.38676,1.38686,58620000,1
1755649320000,1755649379000,1.38689,1.38689,1.38686,1.38687,59430000,1
1755649380000,1755649439000,1.38688,1.38688,1.38679,1.38684,57060000,1
1755649440000,1755649499000,1.38684,1.3869,1.38681,1.3869,81390000,1
1755649500000,1755649559000,1.38691,1.38696,1.38691,1.38693,40650000,1
1755649560000,1755649619000,1.38695,1.38695,1.38692,1.38692,49470000,1
1755649620000,1755649679000,1.38692,1.38702,1.38686,1.38687,87810000,1
1755649680000,1755649739000,1.38688,1.38695,1.38686,1.38695,88980000,1
1755649740000,1755649799000,1.38694,1.38698,1.38693,1.38695,73170000,1
1755649800000,1755649859000,1.38696,1.387,1.38691,1.38695,114990000,1
1755649860000,1755649919000,1.38694,1.38698,1.38693,1.38695,81690000,1
1755649920000,1755649979000,1.38695,1.38706,1.38695,1.38706,62280000,1
1755649980000,1755650039000,1.38705,1.38706,1.38704,1.38705,24570000,1
1755650040000,1755650099000,1.38706,1.38706,1.38704,1.38704,18900000,1
1755650100000,1755650159000,1.38705,1.38711,1.38704,1.38709,24420000,1
1755650160000,1755650219000,1.38709,1.38709,1.38702,1.38706,56100000,1
1755650220000,1755650279000,1.38705,1.38708,1.38703,1.38707,99330000,1
1755650280000,1755650339000,1.38708,1.38709,1.38707,1.38708,43560000,1
1755650340000,1755650399000,1.38709,1.38709,1.38702,1.38704,35670000,1
1755650400000,1755650459000,1.38706,1.38708,1.38706,1.38707,21900000,1
1755650460000,1755650519000,1.38707,1.38709,1.38706,1.38708,23700000,1
1755650520000,1755650579000,1.38708,1.38718,1.38708,1.38718,55080000,1
1755650580000,1755650639000,1.38717,1.38718,1.38711,1.38711,87030000,1
1755650640000,1755650699000,1.38711,1.38714,1.3871,1.38714,15720000,1
1755650700000,1755650759000,1.38713,1.38714,1.38707,1.3871,60150000,1
1755650760000,1755650819000,1.3871,1.38711,1.38706,1.3871,52050000,1
1755650820000,1755650879000,1.38709,1.38709,1.38707,1.38707,25800000,1
1755650880000,1755650939000,1.38708,1.38708,1.38707,1.38708,19650000,1
1755650940000,1755650999000,1.38706,1.38709,1.38706,1.38708,72300000,1
1755651000000,1755651059000,1.38706,1.38708,1.387,1.387,48000000,1
1755651060000,1755651119000,1.38701,1.38709,1.38701,1.38706,60000000,1
1755651120000,1755651179000,1.38709,1.38717,1.38708,1.38716,56670000,1
1755651180000,1755651239000,1.38716,1.38719,1.38716,1.38717,101130000,1
1755651240000,1755651299000,1.38718,1.38718,1.3871,1.38713,68250000,1
1755651300000,1755651359000,1.38713,1.38719,1.3871,1.38717,75900000,1
1755651360000,1755651419000,1.38716,1.38717,1.38707,1.3871,60660000,1
1755651420000,1755651479000,1.38711,1.38716,1.38705,1.38707,89220000,1
1755651480000,1755651539000,1.38708,1.38709,1.38687,1.38688,77700000,1
1755651540000,1755651599000,1.38687,1.38691,1.38686,1.38689,98730000,1
1755651600000,1755651659000,1.38689,1.38689,1.38647,1.38647,245280000,1
1755651660000,1755651719000,1.38647,1.38678,1.38643,1.38678,153540000,1
1755651720000,1755651779000,1.38676,1.38681,1.38675,1.3868,37800000,1
1755651780000,1755651839000,1.3868,1.38686,1.38675,1.38686,106620000,1
1755651840000,1755651899000,1.38687,1.38697,1.38685,1.38685,78810000,1
1755651900000,1755651959000,1.38686,1.38686,1.38684,1.38686,59880000,1
1755651960000,1755652019000,1.38685,1.38697,1.38684,1.38696,58920000,1
1755652020000,1755652079000,1.38697,1.38704,1.38696,1.38703,31020000,1
1755652080000,1755652139000,1.38705,1.38709,1.38705,1.38708,28290000,1
1755652140000,1755652199000,1.38708,1.38718,1.38707,1.38716,34380000,1
1755652200000,1755652259000,1.38715,1.38716,1.38704,1.38704,68550000,1
1755652260000,1755652319000,1.38704,1.38712,1.38696,1.38712,145170000,1
1755652320000,1755652379000,1.38712,1.38713,1.38701,1.38701,78690000,1
1755652380000,1755652439000,1.38701,1.38701,1.38695,1.38699,56100000,1
1755652440000,1755652499000,1.387,1.38702,1.38696,1.38698,46650000,1
1755652500000,1755652559000,1.38698,1.38705,1.38695,1.38704,73230000,1
1755652560000,1755652619000,1.38705,1.38716,1.38705,1.38713,66540000,1
1755652620000,1755652679000,1.38713,1.38716,1.3871,1.38712,61740000,1
1755652680000,1755652739000,1.38712,1.38714,1.38708,1.3871,128760000,1
1755652740000,1755652799000,1.3871,1.38713,1.38707,1.3871,28050000,1
1755652800000,1755652859000,1.3871,1.38716,1.3871,1.38715,35430000,1
1755652860000,1755652919000,1.38714,1.3873,1.38714,1.38726,63330000,1
1755652920000,1755652979000,1.38727,1.38727,1.38719,1.3872,25260000,1
1755652980000,1755653039000,1.38723,1.38729,1.38723,1.38727,27750000,1
1755653040000,1755653099000,1.38727,1.38738,1.38727,1.38737,54720000,1
1755653100000,1755653159000,1.38734,1.38742,1.38734,1.38741,69420000,1
1755653160000,1755653219000,1.3874,1.38763,1.3874,1.38758,86820000,1
1755653220000,1755653279000,1.38758,1.38759,1.38754,1.38758,80520000,1
1755653280000,1755653339000,1.38759,1.38763,1.38759,1.38763,66840000,1
1755653340000,1755653399000,1.38765,1.38769,1.38765,1.38766,37020000,1
1755653400000,1755653459000,1.38766,1.38769,1.38766,1.38768,55080000,1
1755653460000,1755653519000,1.38767,1.38767,1.38755,1.38757,87660000,1
1755653520000,1755653579000,1.38755,1.38755,1.38741,1.38746,52200000,1
1755653580000,1755653639000,1.38746,1.38751,1.38745,1.3875,40830000,1
1755653640000,1755653699000,1.3875,1.38755,1.38747,1.38749,34230000,1
1755653700000,1755653759000,1.3875,1.38751,1.38748,1.3875,24000000,1
1755653760000,1755653819000,1.3875,1.38758,1.38747,1.38747,66270000,1
1755653820000,1755653879000,1.38748,1.38752,1.38745,1.38751,27480000,1
1755653880000,1755653939000,1.38753,1.38753,1.38746,1.38749,55410000,1
1755653940000,1755653999000,1.3875,1.38751,1.38733,1.38738,68070000,1
1755654000000,1755654059000,1.38737,1.3874,1.38724,1.38724,58620000,1
1755654060000,1755654119000,1.38726,1.38726,1.38719,1.38719,43500000,1
1755654120000,1755654179000,1.38719,1.38728,1.38719,1.38728,80700000,1
1755654180000,1755654239000,1.38728,1.3873,1.38723,1.38727,45480000,1
1755654240000,1755654299000,1.38728,1.38729,1.3872,1.3872,80280000,1
1755654300000,1755654359000,1.38721,1.38727,1.38718,1.38722,106440000,1
1755654360000,1755654419000,1.38722,1.38723,1.38717,1.38718,57630000,1
1755654420000,1755654479000,1.38719,1.3872,1.38718,1.3872,17460000,1
1755654480000,1755654539000,1.3872,1.3872,1.38717,1.38718,33000000,1
1755654540000,1755654599000,1.38718,1.3873,1.38717,1.3873,31680000,1
1755654600000,1755654659000,1.3873,1.3873,1.38726,1.38728,19140000,1
1755654660000,1755654719000,1.38728,1.38728,1.38725,1.38727,18300000,1
1755654720000,1755654779000,1.38727,1.38737,1.38726,1.38729,50100000,1
1755654780000,1755654839000,1.3873,1.38735,1.38726,1.38729,51780000,1
1755654840000,1755654899000,1.38727,1.3873,1.3872,1.38728,129570000,1
1755654900000,1755654959000,1.38728,1.38729,1.38722,1.38726,134220000,1
1755654960000,1755655019000,1.38725,1.3874,1.38723,1.38739,101280000,1
1755655020000,1755655079000,1.38739,1.38756,1.38739,1.38756,75330000,1
1755655080000,1755655139000,1.38758,1.38758,1.38749,1.38754,113820000,1
1755655140000,1755655199000,1.38753,1.38756,1.3875,1.3875,154410000,1
1755655200000,1755655259000,1.38749,1.38804,1.38748,1.38795,346080000,1
1755655260000,1755655319000,1.38793,1.38798,1.3878,1.38784,276390000,1
1755655320000,1755655379000,1.38784,1.38786,1.38767,1.38768,176940000,1
1755655380000,1755655439000,1.38764,1.38779,1.38764,1.38773,132510000,1
1755655440000,1755655499000,1.38774,1.38805,1.38774,1.38804,270060000,1
1755655500000,1755655559000,1.38806,1.38827,1.38806,1.38822,121080000,1
1755655560000,1755655619000,1.38823,1.38826,1.3881,1.38816,224580000,1
1755655620000,1755655679000,1.38817,1.38823,1.38814,1.38822,148950000,1
1755655680000,1755655739000,1.38821,1.38823,1.38816,1.38816,125160000,1
1755655740000,1755655799000,1.38818,1.38825,1.38816,1.38822,93030000,1
1755655800000,1755655859000,1.38822,1.38824,1.38815,1.38819,78480000,1
1755655860000,1755655919000,1.38821,1.38822,1.38795,1.38808,165870000,1
1755655920000,1755655979000,1.38808,1.38811,1.38797,1.38808,134820000,1
1755655980000,1755656039000,1.38809,1.38811,1.38803,1.3881,73440000,1
1755656040000,1755656099000,1.38811,1.38812,1.38796,1.38797,114000000,1
1755656100000,1755656159000,1.38793,1.388,1.38793,1.38797,61320000,1
1755656160000,1755656219000,1.38795,1.38815,1.38795,1.38807,124170000,1
1755656220000,1755656279000,1.38806,1.38807,1.38791,1.38791,111930000,1
1755656280000,1755656339000,1.38791,1.38814,1.38788,1.38814,88530000,1
1755656340000,1755656399000,1.38815,1.38821,1.38806,1.38817,135330000,1
1755656400000,1755656459000,1.38816,1.3882,1.38811,1.38814,103500000,1
1755656460000,1755656519000,1.38816,1.38821,1.38814,1.38814,80700000,1
1755656520000,1755656579000,1.38817,1.38818,1.38803,1.38813,106650000,1
1755656580000,1755656639000,1.38814,1.38818,1.38814,1.38816,44460000,1
1755656640000,1755656699000,1.38814,1.38817,1.38812,1.38813,40050000,1
1755656700000,1755656759000,1.38812,1.38812,1.38795,1.38799,55890000,1
1755656760000,1755656819000,1.38799,1.388,1.38795,1.38795,96390000,1
1755656820000,1755656879000,1.38794,1.38802,1.3879,1.38799,61950000,1
1755656880000,1755656939000,1.38799,1.38812,1.38799,1.3881,60210000,1
1755656940000,1755656999000,1.3881,1.3881,1.38799,1.38804,51000000,1
1755657000000,1755657059000,1.38804,1.38805,1.38793,1.38795,94350000,1
1755657060000,1755657119000,1.38794,1.38798,1.3879,1.38794,115170000,1
1755657120000,1755657179000,1.38793,1.38794,1.38777,1.38781,102450000,1
1755657180000,1755657239000,1.38784,1.38786,1.38772,1.38774,61080000,1
1755657240000,1755657299000,1.38776,1.38781,1.38771,1.38777,109800000,1
1755657300000,1755657359000,1.38776,1.38781,1.38775,1.38776,117450000,1
1755657360000,1755657419000,1.38776,1.38781,1.38775,1.38776,90000000,1
1755657420000,1755657479000,1.38776,1.38789,1.38775,1.38787,89250000,1
1755657480000,1755657539000,1.38786,1.38794,1.38775,1.3878,102000000,1
1755657540000,1755657599000,1.38779,1.38782,1.38778,1.38778,80760000,1
1755657600000,1755657659000,1.38779,1.38787,1.38779,1.38785,67830000,1
1755657660000,1755657719000,1.38786,1.38792,1.38783,1.38785,101250000,1
1755657720000,1755657779000,1.38787,1.38797,1.38786,1.38797,90720000,1
1755657780000,1755657839000,1.38797,1.38812,1.38797,1.3881,116430000,1
1755657840000,1755657899000,1.38808,1.38812,1.38805,1.38805,86430000,1
1755657900000,1755657959000,1.38806,1.38816,1.38804,1.38816,86880000,1
1755657960000,1755658019000,1.38816,1.38823,1.38815,1.38822,57450000,1
1755658020000,1755658079000,1.38823,1.3883,1.3882,1.38821,120330000,1
1755658080000,1755658139000,1.38821,1.38822,1.38817,1.38818,82530000,1
1755658140000,1755658199000,1.38818,1.38822,1.38804,1.38809,112710000,1
1755658200000,1755658259000,1.3881,1.38811,1.3879,1.38796,135960000,1
1755658260000,1755658319000,1.38795,1.38796,1.38789,1.3879,58350000,1
1755658320000,1755658379000,1.3879,1.38793,1.38788,1.38791,108300000,1
1755658380000,1755658439000,1.38791,1.38801,1.38791,1.388,141660000,1
1755658440000,1755658499000,1.38799,1.38802,1.38794,1.388,123780000,1
1755658500000,1755658559000,1.388,1.38808,1.38799,1.38799,96300000,1
1755658560000,1755658619000,1.388,1.38807,1.38796,1.38804,85110000,1
1755658620000,1755658679000,1.38803,1.38807,1.38793,1.38793,133050000,1
1755658680000,1755658739000,1.38793,1.38793,1.38779,1.38785,97800000,1
1755658740000,1755658799000,1.38786,1.38793,1.38786,1.38791,91050000,1
1755658800000,1755658859000,1.38792,1.38792,1.38778,1.38778,92250000,1
1755658860000,1755658919000,1.38779,1.3878,1.38773,1.38774,73500000,1
1755658920000,1755658979000,1.38773,1.38782,1.3877,1.38779,77400000,1
1755658980000,1755659039000,1.38781,1.38781,1.38768,1.38771,98850000,1
1755659040000,1755659099000,1.38772,1.38779,1.38763,1.38765,83250000,1
1755659100000,1755659159000,1.38766,1.38767,1.38751,1.38754,103170000,1
1755659160000,1755659219000,1.38755,1.38762,1.38745,1.38759,93240000,1
1755659220000,1755659279000,1.38759,1.38761,1.38746,1.38755,104910000,1
1755659280000,1755659339000,1.38753,1.38753,1.38745,1.38746,80100000,1
1755659340000,1755659399000,1.38746,1.38753,1.38744,1.38749,119340000,1
1755659400000,1755659459000,1.38748,1.3875,1.38735,1.38738,106350000,1
1755659460000,1755659519000,1.38739,1.38758,1.38739,1.38756,119070000,1
1755659520000,1755659579000,1.38757,1.38761,1.38752,1.3876,38190000,1
1755659580000,1755659639000,1.38761,1.3877,1.38759,1.38766,109740000,1
1755659640000,1755659699000,1.38766,1.38769,1.3876,1.38766,104820000,1
1755659700000,1755659759000,1.38767,1.38768,1.38756,1.38756,101100000,1
1755659760000,1755659819000,1.38757,1.3876,1.38753,1.38753,52650000,1
1755659820000,1755659879000,1.38754,1.38754,1.38734,1.38736,57600000,1
1755659880000,1755659939000,1.38735,1.38741,1.38734,1.38738,61350000,1
1755659940000,1755659999000,1.38739,1.38741,1.38735,1.38735,52080000,1
1755660000000,1755660059000,1.38736,1.3874,1.38728,1.38728,70800000,1
1755660060000,1755660119000,1.38727,1.38732,1.38725,1.38726,46950000,1
1755660120000,1755660179000,1.38726,1.38728,1.38718,1.38728,69750000,1
1755660180000,1755660239000,1.38729,1.38739,1.38726,1.38726,81780000,1
1755660240000,1755660299000,1.38728,1.38732,1.38726,1.38732,41100000,1
1755660300000,1755660359000,1.38733,1.38734,1.38724,1.38725,66600000,1
1755660360000,1755660419000,1.38726,1.38732,1.38723,1.38732,79650000,1
1755660420000,1755660479000,1.38731,1.38737,1.38731,1.38734,74940000,1
1755660480000,1755660539000,1.38735,1.38735,1.38726,1.3873,99930000,1
1755660540000,1755660599000,1.38729,1.38732,1.38726,1.38731,95670000,1
1755660600000,1755660659000,1.38729,1.38732,1.38723,1.38728,61950000,1
1755660660000,1755660719000,1.38727,1.38733,1.38726,1.38728,55800000,1
1755660720000,1755660779000,1.3873,1.38741,1.38728,1.38736,69450000,1
1755660780000,1755660839000,1.38735,1.38741,1.38735,1.3874,77490000,1
1755660840000,1755660899000,1.38741,1.38741,1.38721,1.38728,72840000,1
1755660900000,1755660959000,1.38728,1.38737,1.38722,1.38737,148500000,1
1755660960000,1755661019000,1.38737,1.38738,1.38733,1.38734,88350000,1
1755661020000,1755661079000,1.38735,1.38735,1.38725,1.38725,123300000,1
1755661080000,1755661139000,1.38725,1.38731,1.38723,1.38724,75000000,1
1755661140000,1755661199000,1.38726,1.38727,1.3872,1.38721,60000000,1
1755661200000,1755661259000,1.38723,1.38727,1.38721,1.38725,59550000,1
1755661260000,1755661319000,1.38726,1.38733,1.38725,1.3873,133650000,1
1755661320000,1755661379000,1.38733,1.38736,1.38731,1.38735,32550000,1
1755661380000,1755661439000,1.38737,1.38737,1.38729,1.38729,72900000,1
1755661440000,1755661499000,1.3873,1.38735,1.3873,1.38734,54690000,1
1755661500000,1755661559000,1.38734,1.38743,1.38734,1.38742,143250000,1
1755661560000,1755661619000,1.38742,1.38752,1.3874,1.38751,149550000,1
1755661620000,1755661679000,1.38751,1.38753,1.3875,1.38752,130350000,1
1755661680000,1755661739000,1.38751,1.38757,1.38746,1.38748,103200000,1
1755661740000,1755661799000,1.38749,1.38751,1.38745,1.38746,64650000,1
1755661800000,1755661859000,1.38747,1.38751,1.38742,1.38746,69600000,1
1755661860000,1755661919000,1.38746,1.38746,1.38735,1.38735,49350000,1
1755661920000,1755661979000,1.38737,1.38737,1.38729,1.3873,51600000,1
1755661980000,1755662039000,1.38731,1.38734,1.38729,1.3873,45150000,1
1755662040000,1755662099000,1.3873,1.38731,1.38728,1.3873,74340000,1
1755662100000,1755662159000,1.38732,1.38737,1.38728,1.38737,72840000,1
1755662160000,1755662219000,1.38737,1.38742,1.38737,1.38742,99540000,1
1755662220000,1755662279000,1.38742,1.38742,1.38728,1.38728,75390000,1
1755662280000,1755662339000,1.38729,1.38744,1.38727,1.38743,94170000,1
1755662340000,1755662399000,1.38742,1.38747,1.38739,1.38739,115650000,1
1755662400000,1755662459000,1.3874,1.3874,1.38727,1.38732,108480000,1
1755662460000,1755662519000,1.38731,1.38734,1.38723,1.38726,89070000,1
1755662520000,1755662579000,1.38727,1.38731,1.38712,1.38712,58350000,1
1755662580000,1755662639000,1.38712,1.38714,1.38704,1.38704,59160000,1
1755662640000,1755662699000,1.3871,1.38714,1.38706,1.38706,31860000,1
1755662700000,1755662759000,1.38707,1.38719,1.38705,1.38718,55620000,1
1755662760000,1755662819000,1.38724,1.38724,1.38716,1.38716,5700000,1
1755662820000,1755662879000,1.38717,1.38722,1.3871,1.3871,26100000,1
1755662880000,1755662939000,1.38711,1.38721,1.3871,1.38713,48450000,1
1755662940000,1755662999000,1.38714,1.38721,1.38709,1.38709,69450000,1
1755663000000,1755663059000,1.38712,1.38717,1.38709,1.38712,61050000,1
1755663060000,1755663119000,1.38713,1.38719,1.38702,1.38702,85350000,1
1755663120000,1755663179000,1.38704,1.38709,1.38693,1.38705,168150000,1
1755663180000,1755663239000,1.3871,1.38713,1.38708,1.3871,79200000,1
1755663240000,1755663299000,1.38711,1.38714,1.38709,1.38709,104550000,1
1755663300000,1755663359000,1.38708,1.38721,1.38708,1.38715,74700000,1
1755663360000,1755663419000,1.38715,1.3872,1.38714,1.38718,113640000,1
1755663420000,1755663479000,1.38717,1.38723,1.38715,1.38715,99300000,1
1755663480000,1755663539000,1.38714,1.38724,1.38706,1.38712,100500000,1
1755663540000,1755663599000,1.38706,1.38711,1.38705,1.38706,94350000,1
1755663600000,1755663659000,1.38708,1.38717,1.38707,1.38715,61500000,1
1755663660000,1755663719000,1.38715,1.38717,1.38709,1.38714,58980000,1
1755663720000,1755663779000,1.38714,1.38719,1.38711,1.38713,68670000,1
1755663780000,1755663839000,1.38713,1.38716,1.38709,1.38714,82290000,1
1755663840000,1755663899000,1.38714,1.38715,1.38705,1.38706,78660000,1
1755663900000,1755663959000,1.38707,1.38713,1.38705,1.38712,34890000,1
1755663960000,1755664019000,1.38712,1.38719,1.38707,1.38714,43350000,1
1755664020000,1755664079000,1.38713,1.38723,1.38713,1.38717,68970000,1
1755664080000,1755664139000,1.38717,1.38719,1.38715,1.38715,31680000,1
1755664140000,1755664199000,1.38715,1.38723,1.38714,1.38719,44730000,1
1755664200000,1755664259000,1.38718,1.38722,1.38717,1.38717,28650000,1
1755664260000,1755664319000,1.38722,1.38731,1.38722,1.38725,33510000,1
1755664320000,1755664379000,1.38725,1.38728,1.38721,1.38724,48360000,1
1755664380000,1755664439000,1.38724,1.38729,1.38723,1.38724,31950000,1
1755664440000,1755664499000,1.38724,1.38725,1.38721,1.38725,42450000,1
1755664500000,1755664559000,1.38722,1.38726,1.38718,1.38719,54960000,1
1755664560000,1755664619000,1.3872,1.38723,1.38716,1.38718,73500000,1
1755664620000,1755664679000,1.38716,1.38722,1.38713,1.38716,38850000,1
1755664680000,1755664739000,1.38716,1.38726,1.38711,1.38713,59160000,1
1755664740000,1755664799000,1.38711,1.38712,1.38704,1.38705,61080000,1
1755664800000,1755664859000,1.38704,1.38708,1.38704,1.38706,71910000,1
1755664860000,1755664919000,1.38706,1.38714,1.38697,1.38705,69300000,1
1755664920000,1755664979000,1.38706,1.3871,1.38702,1.38704,73350000,1
1755664980000,1755665039000,1.38703,1.3871,1.38703,1.38703,38250000,1
1755665040000,1755665099000,1.38703,1.38712,1.38701,1.38708,48480000,1
1755665100000,1755665159000,1.38714,1.38719,1.38702,1.38705,67470000,1
1755665160000,1755665219000,1.38706,1.3871,1.38697,1.38701,68130000,1
1755665220000,1755665279000,1.38701,1.38706,1.38698,1.38701,38250000,1
1755665280000,1755665339000,1.387,1.38707,1.38697,1.38704,51300000,1
1755665340000,1755665399000,1.38697,1.38704,1.38696,1.387,72750000,1
1755665400000,1755665459000,1.387,1.38712,1.38697,1.38698,73650000,1
1755665460000,1755665519000,1.38702,1.38713,1.38701,1.38701,87150000,1
1755665520000,1755665579000,1.38702,1.38704,1.38698,1.38698,66600000,1
1755665580000,1755665639000,1.38699,1.38704,1.38698,1.38698,60450000,1
1755665640000,1755665699000,1.38699,1.38704,1.38696,1.38697,49350000,1
1755665700000,1755665759000,1.38697,1.38704,1.38695,1.38699,106110000,1
1755665760000,1755665819000,1.38699,1.38703,1.38697,1.38698,123900000,1
1755665820000,1755665879000,1.38697,1.38704,1.38696,1.38697,56700000,1
1755665880000,1755665939000,1.38698,1.38699,1.38687,1.38699,90270000,1
1755665940000,1755665999000,1.38704,1.38704,1.38691,1.38699,82800000,1
1755666000000,1755666059000,1.38698,1.38698,1.3869,1.38696,133950000,1
1755666060000,1755666119000,1.38695,1.38703,1.38692,1.38694,111600000,1
1755666120000,1755666179000,1.38694,1.38708,1.38694,1.38702,130050000,1
1755666180000,1755666239000,1.38702,1.38708,1.38697,1.387,72300000,1
1755666240000,1755666299000,1.38703,1.3871,1.38698,1.38709,90450000,1
1755666300000,1755666359000,1.38708,1.38709,1.38701,1.38704,99150000,1
1755666360000,1755666419000,1.38703,1.38709,1.387,1.38705,53100000,1
1755666420000,1755666479000,1.38704,1.38707,1.38699,1.38699,109350000,1
1755666480000,1755666539000,1.38701,1.38709,1.38698,1.38702,63000000,1
1755666540000,1755666599000,1.387,1.38706,1.38696,1.38696,58800000,1
1755666600000,1755666659000,1.38702,1.38711,1.38696,1.38707,48060000,1
1755666660000,1755666719000,1.38707,1.38717,1.38703,1.38705,53070000,1
1755666720000,1755666779000,1.38705,1.38708,1.38701,1.38703,53580000,1
1755666780000,1755666839000,1.38703,1.38706,1.38701,1.38701,38910000,1
1755666840000,1755666899000,1.38702,1.38708,1.38701,1.38701,52350000,1
1755666900000,1755666959000,1.38702,1.38707,1.38701,1.38702,64770000,1
1755666960000,1755667019000,1.38702,1.38709,1.38701,1.38701,58260000,1
1755667020000,1755667079000,1.38707,1.38707,1.38689,1.38689,86850000,1
1755667080000,1755667139000,1.3869,1.38698,1.38688,1.38698,39300000,1
1755667140000,1755667199000,1.38692,1.387,1.38692,1.38695,30150000,1
1755667200000,1755667259000,1.38695,1.38701,1.38694,1.38695,48150000,1
1755667260000,1755667319000,1.38694,1.38697,1.3869,1.38695,51600000,1
1755667320000,1755667379000,1.38698,1.38701,1.38693,1.38697,42090000,1
1755667380000,1755667439000,1.38696,1.38699,1.38695,1.38696,15750000,1
1755667440000,1755667499000,1.38698,1.38699,1.38694,1.38699,49530000,1
1755667500000,1755667559000,1.38695,1.387,1.38688,1.38689,49350000,1
1755667560000,1755667619000,1.3869,1.38692,1.38687,1.38688,45270000,1
1755667620000,1755667679000,1.38688,1.38696,1.38687,1.38692,67560000,1
1755667680000,1755667739000,1.38694,1.38709,1.38694,1.38709,96090000,1
1755667740000,1755667799000,1.38709,1.38713,1.38709,1.3871,37350000,1
1755667800000,1755667859000,1.3871,1.38711,1.38708,1.38708,29790000,1
1755667860000,1755667919000,1.3871,1.38715,1.38708,1.3871,66570000,1
1755667920000,1755667979000,1.3871,1.38721,1.38708,1.3871,105330000,1
1755667980000,1755668039000,1.38712,1.38718,1.38708,1.38714,67890000,1
1755668040000,1755668099000,1.38715,1.38717,1.38714,1.38714,48540000,1
1755668100000,1755668159000,1.38714,1.38719,1.38709,1.38719,81960000,1
1755668160000,1755668219000,1.38718,1.38721,1.38715,1.38716,67170000,1
1755668220000,1755668279000,1.38717,1.38723,1.38714,1.3872,77130000,1
1755668280000,1755668339000,1.38716,1.3872,1.38714,1.38719,42420000,1
1755668340000,1755668399000,1.38721,1.38723,1.38716,1.38717,38730000,1
1755668400000,1755668459000,1.3872,1.38729,1.38716,1.38728,94890000,1
1755668460000,1755668519000,1.38728,1.38734,1.38726,1.38727,34500000,1
1755668520000,1755668579000,1.38728,1.38729,1.38725,1.38728,46230000,1
1755668580000,1755668639000,1.38732,1.38741,1.38732,1.38736,78510000,1
1755668640000,1755668699000,1.38741,1.38749,1.38737,1.38746,90300000,1
1755668700000,1755668759000,1.38744,1.38744,1.38719,1.38719,127110000,1
1755668760000,1755668819000,1.3872,1.38722,1.38715,1.38715,100350000,1
1755668820000,1755668879000,1.38717,1.38726,1.38716,1.38719,81300000,1
1755668880000,1755668939000,1.38719,1.38719,1.3871,1.3871,57750000,1
1755668940000,1755668999000,1.38709,1.38717,1.38708,1.38713,47700000,1
1755669000000,1755669059000,1.38713,1.38715,1.38707,1.38708,64200000,1
1755669060000,1755669119000,1.38707,1.38709,1.38707,1.38708,20550000,1
1755669120000,1755669179000,1.38708,1.3872,1.38708,1.38719,59100000,1
1755669180000,1755669239000,1.38719,1.38727,1.38716,1.38716,71850000,1
1755669240000,1755669299000,1.38716,1.38722,1.38716,1.38717,39000000,1
1755669300000,1755669359000,1.38716,1.38723,1.38714,1.38718,42750000,1
1755669360000,1755669419000,1.38717,1.38728,1.38716,1.38725,73800000,1
1755669420000,1755669479000,1.38726,1.38728,1.38725,1.38726,45900000,1
1755669480000,1755669539000,1.3872,1.38721,1.38712,1.38714,129540000,1
1755669540000,1755669599000,1.38715,1.38715,1.38706,1.38708,110400000,1
1755669600000,1755669659000,1.38708,1.38715,1.38701,1.38707,119400000,1
1755669660000,1755669719000,1.38707,1.38727,1.38707,1.38709,121140000,1
1755669720000,1755669779000,1.38709,1.38719,1.38709,1.38717,88560000,1
1755669780000,1755669839000,1.38719,1.38727,1.38713,1.3872,144000000,1
1755669840000,1755669899000,1.38719,1.38726,1.38709,1.38712,127800000,1
1755669900000,1755669959000,1.38712,1.3872,1.38708,1.38719,93300000,1
1755669960000,1755670019000,1.38719,1.38719,1.38708,1.3871,201570000,1
1755670020000,1755670079000,1.38709,1.3872,1.38706,1.38707,262650000,1
1755670080000,1755670139000,1.38708,1.38726,1.38702,1.38721,174810000,1
1755670140000,1755670199000,1.38722,1.38728,1.38718,1.38724,193590000,1
1755670200000,1755670259000,1.38724,1.38724,1.38707,1.38708,142440000,1
1755670260000,1755670319000,1.38709,1.3874,1.38709,1.3874,134400000,1
1755670320000,1755670379000,1.3874,1.38751,1.3874,1.38749,87720000,1
1755670380000,1755670439000,1.38749,1.38759,1.38748,1.38757,97470000,1
1755670440000,1755670499000,1.38754,1.38759,1.38737,1.38739,150150000,1
1755670500000,1755670559000,1.38739,1.38741,1.38716,1.38716,148920000,1
1755670560000,1755670619000,1.38717,1.38721,1.38704,1.38706,135870000,1
1755670620000,1755670679000,1.38704,1.38718,1.38701,1.38701,100200000,1
1755670680000,1755670739000,1.38701,1.38706,1.38694,1.38704,62010000,1
1755670740000,1755670799000,1.38705,1.38705,1.3868,1.38685,80940000,1
1755670800000,1755670859000,1.38689,1.38708,1.38689,1.38708,113160000,1
1755670860000,1755670919000,1.38709,1.38716,1.38706,1.38715,104610000,1
1755670920000,1755670979000,1.38713,1.38722,1.38711,1.3872,131100000,1
1755670980000,1755671039000,1.3872,1.38722,1.38712,1.38712,88290000,1
1755671040000,1755671099000,1.38713,1.3872,1.38712,1.38718,110910000,1
1755671100000,1755671159000,1.38719,1.38731,1.38711,1.38731,100500000,1
1755671160000,1755671219000,1.3873,1.38738,1.38724,1.38737,86070000,1
1755671220000,1755671279000,1.38735,1.38735,1.38719,1.38723,74370000,1
1755671280000,1755671339000,1.38721,1.38721,1.38715,1.38715,55260000,1
1755671340000,1755671399000,1.38716,1.38728,1.38715,1.38724,71700000,1
1755671400000,1755671459000,1.38725,1.38725,1.38703,1.38705,93900000,1
1755671460000,1755671519000,1.38704,1.38717,1.38704,1.38713,50610000,1
1755671520000,1755671579000,1.38712,1.38713,1.38702,1.38707,64920000,1
1755671580000,1755671639000,1.38709,1.38712,1.38702,1.38702,53280000,1
1755671640000,1755671699000,1.38702,1.38706,1.38698,1.387,111900000,1
1755671700000,1755671759000,1.38701,1.38705,1.387,1.38704,76950000,1
1755671760000,1755671819000,1.38705,1.38712,1.38703,1.38707,107100000,1
1755671820000,1755671879000,1.38707,1.38707,1.38696,1.38696,66210000,1
1755671880000,1755671939000,1.38695,1.38701,1.3869,1.38694,75570000,1
1755671940000,1755671999000,1.38694,1.38694,1.38688,1.3869,59790000,1
1755672000000,1755672059000,1.38689,1.38694,1.38682,1.38691,122700000,1
1755672060000,1755672119000,1.38689,1.3869,1.38681,1.38684,65580000,1
1755672120000,1755672179000,1.38684,1.38691,1.38683,1.38689,37440000,1
1755672180000,1755672239000,1.38687,1.38693,1.38686,1.38686,34620000,1
1755672240000,1755672299000,1.38684,1.38694,1.38682,1.38686,40200000,1
1755672300000,1755672359000,1.38686,1.38689,1.38681,1.38687,42390000,1
1755672360000,1755672419000,1.38689,1.38694,1.38689,1.38692,42540000,1
1755672420000,1755672479000,1.38693,1.38701,1.38691,1.387,52650000,1
1755672480000,1755672539000,1.38701,1.38713,1.38701,1.38705,85050000,1
1755672540000,1755672599000,1.38705,1.38709,1.38702,1.38703,73050000,1
1755672600000,1755672659000,1.38702,1.3871,1.38702,1.38707,48000000,1
1755672660000,1755672719000,1.38706,1.38711,1.38703,1.3871,40950000,1
1755672720000,1755672779000,1.38708,1.38708,1.38699,1.38699,53520000,1
1755672780000,1755672839000,1.387,1.38704,1.38695,1.38701,74730000,1
1755672840000,1755672899000,1.38702,1.38712,1.38701,1.38707,78750000,1
1755672900000,1755672959000,1.38707,1.3873,1.38706,1.38725,136560000,1
1755672960000,1755673019000,1.38725,1.38726,1.38719,1.3872,78210000,1
1755673020000,1755673079000,1.38719,1.3872,1.3871,1.3871,145500000,1
1755673080000,1755673139000,1.3871,1.38714,1.38693,1.387,114180000,1
1755673140000,1755673199000,1.38701,1.3871,1.387,1.38706,143100000,1
1755673200000,1755673259000,1.38705,1.38705,1.38684,1.38684,164340000,1
1755673260000,1755673319000,1.38683,1.38692,1.38681,1.38685,140640000,1
1755673320000,1755673379000,1.38684,1.387,1.38678,1.3869,110220000,1
1755673380000,1755673439000,1.3869,1.38708,1.3869,1.38701,99870000,1
1755673440000,1755673499000,1.38702,1.38708,1.38695,1.38696,137970000,1
1755673500000,1755673559000,1.38696,1.387,1.3869,1.38695,83850000,1
1755673560000,1755673619000,1.38696,1.38698,1.38688,1.38689,88290000,1
1755673620000,1755673679000,1.38689,1.38712,1.38684,1.38712,89640000,1
1755673680000,1755673739000,1.38711,1.38725,1.3871,1.38721,75390000,1
1755673740000,1755673799000,1.3872,1.38721,1.38706,1.38717,74010000,1
1755673800000,1755673859000,1.38716,1.38726,1.38716,1.38722,79680000,1
1755673860000,1755673919000,1.38722,1.38724,1.38713,1.38717,87090000,1
1755673920000,1755673979000,1.38716,1.38716,1.38699,1.38701,107910000,1
1755673980000,1755674039000,1.38702,1.38711,1.38701,1.38704,67380000,1
1755674040000,1755674099000,1.38703,1.3871,1.38703,1.3871,75120000,1
1755674100000,1755674159000,1.3871,1.38723,1.38704,1.3872,88380000,1
1755674160000,1755674219000,1.38719,1.38724,1.38711,1.3872,98940000,1
1755674220000,1755674279000,1.3872,1.38732,1.38718,1.3873,90960000,1
1755674280000,1755674339000,1.3873,1.38731,1.38703,1.38703,114810000,1
1755674340000,1755674399000,1.38702,1.38706,1.38692,1.38693,80790000,1
1755674400000,1755674459000,1.38694,1.38703,1.38684,1.3869,90240000,1
1755674460000,1755674519000,1.3869,1.38699,1.3869,1.38698,68850000,1
1755674520000,1755674579000,1.38696,1.38713,1.38696,1.38712,60060000,1
1755674580000,1755674639000,1.38712,1.38712,1.38707,1.38709,31350000,1
1755674640000,1755674699000,1.38708,1.3871,1.38694,1.38709,117300000,1
1755674700000,1755674759000,1.38711,1.38713,1.38701,1.38701,75870000,1
1755674760000,1755674819000,1.38699,1.38702,1.38688,1.38691,54000000,1
1755674820000,1755674879000,1.38691,1.38692,1.38688,1.38691,45000000,1
1755674880000,1755674939000,1.38692,1.38697,1.38684,1.38689,59610000,1
1755674940000,1755674999000,1.38689,1.38697,1.38687,1.38694,32220000,1
1755675000000,1755675059000,1.38693,1.38699,1.3869,1.3869,72210000,1
1755675060000,1755675119000,1.3869,1.38699,1.38685,1.38696,59790000,1
1755675120000,1755675179000,1.38696,1.38701,1.38692,1.38694,74670000,1
1755675180000,1755675239000,1.38694,1.38696,1.3869,1.38692,114420000,1
1755675240000,1755675299000,1.38692,1.38701,1.3869,1.38697,72540000,1
1755675300000,1755675359000,1.38699,1.387,1.38692,1.38699,96360000,1
1755675360000,1755675419000,1.38699,1.38709,1.38699,1.38707,69060000,1
1755675420000,1755675479000,1.38708,1.38712,1.38702,1.38705,100920000,1
1755675480000,1755675539000,1.38704,1.38705,1.3869,1.38693,105180000,1
1755675540000,1755675599000,1.38693,1.38694,1.38684,1.38693,86310000,1
1755675600000,1755675659000,1.38694,1.38706,1.3869,1.3869,103740000,1
1755675660000,1755675719000,1.3869,1.38691,1.38688,1.38691,61950000,1
1755675720000,1755675779000,1.38691,1.38708,1.38688,1.38708,86910000,1
1755675780000,1755675839000,1.38708,1.38726,1.38706,1.38726,83190000,1
1755675840000,1755675899000,1.38727,1.38727,1.38716,1.38717,167700000,1
1755675900000,1755675959000,1.38719,1.38729,1.38719,1.38727,23070000,1
1755675960000,1755676019000,1.38728,1.3873,1.38725,1.38727,76530000,1
1755676020000,1755676079000,1.38726,1.3874,1.38721,1.38737,61800000,1
1755676080000,1755676139000,1.38738,1.3874,1.3872,1.38721,50400000,1
1755676140000,1755676199000,1.38723,1.38732,1.38721,1.38731,38850000,1
1755676200000,1755676259000,1.38731,1.38738,1.38729,1.38736,70950000,1
1755676260000,1755676319000,1.38737,1.38739,1.38737,1.38738,71250000,1
1755676320000,1755676379000,1.38737,1.3874,1.38737,1.38738,32400000,1
1755676380000,1755676439000,1.38738,1.3875,1.38738,1.38745,67350000,1
1755676440000,1755676499000,1.38743,1.38747,1.38739,1.38746,64770000,1
1755676500000,1755676559000,1.38747,1.38758,1.38728,1.38735,127260000,1
1755676560000,1755676619000,1.38734,1.38737,1.38722,1.38724,122430000,1
1755676620000,1755676679000,1.38727,1.38733,1.38725,1.38725,129900000,1
1755676680000,1755676739000,1.38726,1.3873,1.38718,1.38719,198540000,1
1755676740000,1755676799000,1.3872,1.3872,1.38708,1.3871,109410000,1
1755676800000,1755676859000,1.38709,1.38711,1.38702,1.38707,123870000,1
1755676860000,1755676919000,1.38707,1.3871,1.38689,1.38703,165210000,1
1755676920000,1755676979000,1.38703,1.38713,1.38703,1.38703,106530000,1
1755676980000,1755677039000,1.38702,1.38711,1.38701,1.3871,66330000,1
1755677040000,1755677099000,1.3871,1.3871,1.387,1.387,81180000,1
1755677100000,1755677159000,1.387,1.38711,1.387,1.38711,89250000,1
1755677160000,1755677219000,1.38711,1.3873,1.38711,1.38727,58290000,1
1755677220000,1755677279000,1.38727,1.38738,1.38726,1.38737,28050000,1
1755677280000,1755677339000,1.38735,1.38749,1.38734,1.38745,66420000,1
1755677340000,1755677399000,1.38744,1.38755,1.38744,1.38753,46260000,1
1755677400000,1755677459000,1.38752,1.38757,1.38743,1.38754,67500000,1
1755677460000,1755677519000,1.38753,1.3877,1.3875,1.3877,71220000,1
1755677520000,1755677579000,1.38769,1.38779,1.38768,1.38774,44700000,1
1755677580000,1755677639000,1.38774,1.38779,1.38766,1.38778,82350000,1
1755677640000,1755677699000,1.38779,1.38789,1.38777,1.38786,92550000,1
1755677700000,1755677759000,1.38786,1.38789,1.3877,1.3877,325200000,1
1755677760000,1755677819000,1.3877,1.38773,1.38767,1.38772,162300000,1
1755677820000,1755677879000,1.38772,1.38772,1.38758,1.3876,118950000,1
1755677880000,1755677939000,1.38761,1.38765,1.38749,1.38754,96960000,1
1755677940000,1755677999000,1.38758,1.38758,1.38736,1.38743,110850000,1
1755678000000,1755678059000,1.38743,1.38743,1.38729,1.38734,142170000,1
1755678060000,1755678119000,1.38736,1.38739,1.38732,1.38737,88260000,1
1755678120000,1755678179000,1.38736,1.38737,1.38729,1.38735,159600000,1
1755678180000,1755678239000,1.38734,1.38738,1.38734,1.38738,73050000,1
1755678240000,1755678299000,1.38738,1.38749,1.38736,1.38749,108450000,1
1755678300000,1755678359000,1.38748,1.38763,1.38745,1.3876,104100000,1
1755678360000,1755678419000,1.38759,1.38761,1.38755,1.38758,47190000,1
1755678420000,1755678479000,1.38759,1.38774,1.38758,1.38774,88410000,1
1755678480000,1755678539000,1.38773,1.3878,1.38772,1.38779,67710000,1
1755678540000,1755678599000,1.38779,1.38793,1.38779,1.38791,88800000,1
1755678600000,1755678659000,1.3879,1.38808,1.3879,1.38805,46200000,1
1755678660000,1755678719000,1.38803,1.38803,1.38794,1.38795,65340000,1
1755678720000,1755678779000,1.38794,1.38807,1.38794,1.38797,74910000,1
1755678780000,1755678839000,1.38797,1.38798,1.38786,1.38797,66030000,1
1755678840000,1755678899000,1.38796,1.38801,1.38792,1.388,49050000,1
1755678900000,1755678959000,1.388,1.38801,1.38798,1.38799,32400000,1
1755678960000,1755679019000,1.38798,1.38799,1.38788,1.38788,41400000,1
1755679020000,1755679079000,1.38788,1.3879,1.38766,1.38768,78150000,1
1755679080000,1755679139000,1.38771,1.38781,1.38769,1.38779,36000000,1
1755679140000,1755679199000,1.38778,1.38787,1.38778,1.38786,82500000,1
1755679200000,1755679259000,1.38784,1.38786,1.38778,1.38781,44550000,1
1755679260000,1755679319000,1.38781,1.38787,1.38779,1.38785,34440000,1
1755679320000,1755679379000,1.38783,1.3879,1.38782,1.38789,25440000,1
1755679380000,1755679439000,1.3879,1.38808,1.38789,1.38806,96660000,1
1755679440000,1755679499000,1.38807,1.38807,1.38789,1.38789,59760000,1
1755679500000,1755679559000,1.38789,1.38799,1.38789,1.3879,51600000,1
1755679560000,1755679619000,1.38791,1.38798,1.38789,1.38794,52800000,1
1755679620000,1755679679000,1.38793,1.38798,1.3879,1.38795,81300000,1
1755679680000,1755679739000,1.38796,1.38798,1.38791,1.38797,54750000,1
1755679740000,1755679799000,1.38797,1.38801,1.38794,1.388,37200000,1
1755679800000,1755679859000,1.388,1.38807,1.38789,1.3879,46800000,1
1755679860000,1755679919000,1.38788,1.38789,1.38761,1.38767,130350000,1
1755679920000,1755679979000,1.38766,1.38772,1.38766,1.38769,69600000,1
1755679980000,1755680039000,1.38769,1.38778,1.38768,1.38778,51600000,1
1755680040000,1755680099000,1.38777,1.38784,1.38777,1.38781,52050000,1
1755680100000,1755680159000,1.38781,1.38788,1.3878,1.38784,30300000,1
1755680160000,1755680219000,1.38782,1.38789,1.38781,1.38789,40200000,1
1755680220000,1755680279000,1.38789,1.38791,1.38786,1.3879,26490000,1
1755680280000,1755680339000,1.3879,1.388,1.3879,1.388,51450000,1
1755680340000,1755680399000,1.38798,1.38798,1.38786,1.3879,34950000,1
1755680400000,1755680459000,1.3879,1.3879,1.38776,1.38779,29400000,1
1755680460000,1755680519000,1.38779,1.3878,1.38776,1.3878,21660000,1
1755680520000,1755680579000,1.3878,1.38785,1.38775,1.38775,35580000,1
1755680580000,1755680639000,1.38773,1.3878,1.38766,1.3878,76590000,1
1755680640000,1755680699000,1.3878,1.3878,1.38778,1.38778,18750000,1
1755680700000,1755680759000,1.38778,1.38781,1.38778,1.3878,60450000,1
1755680760000,1755680819000,1.3878,1.38794,1.38779,1.38789,73260000,1
1755680820000,1755680879000,1.38789,1.3879,1.38777,1.38779,47250000,1
1755680880000,1755680939000,1.38779,1.3878,1.38769,1.38769,41700000,1
1755680940000,1755680999000,1.38769,1.38769,1.38756,1.38756,69030000,1
1755681000000,1755681059000,1.38756,1.38766,1.38756,1.38761,50790000,1
1755681060000,1755681119000,1.38761,1.38761,1.38745,1.38749,50490000,1
1755681120000,1755681179000,1.3875,1.38756,1.38749,1.38754,49500000,1
1755681180000,1755681239000,1.38753,1.38755,1.38747,1.38748,91320000,1
1755681240000,1755681299000,1.38747,1.38751,1.38742,1.3875,67230000,1
1755681300000,1755681359000,1.38751,1.38761,1.38751,1.38757,87870000,1
1755681360000,1755681419000,1.38757,1.3877,1.38757,1.3876,118470000,1
1755681420000,1755681479000,1.38758,1.38759,1.38756,1.38759,65730000,1
1755681480000,1755681539000,1.3876,1.3878,1.3876,1.38779,50250000,1
1755681540000,1755681599000,1.38778,1.38778,1.38766,1.38776,51840000,1
1755681600000,1755681659000,1.38774,1.38789,1.38771,1.38784,48510000,1
1755681660000,1755681719000,1.38786,1.3879,1.38779,1.3878,36600000,1
1755681720000,1755681779000,1.3878,1.38782,1.38768,1.38768,47790000,1
1755681780000,1755681839000,1.38768,1.38777,1.38768,1.38774,66990000,1
1755681840000,1755681899000,1.38773,1.38774,1.38768,1.38769,53430000,1
1755681900000,1755681959000,1.3877,1.38774,1.38768,1.38769,67230000,1
1755681960000,1755682019000,1.3877,1.38772,1.38761,1.38767,52020000,1
1755682020000,1755682079000,1.38765,1.38765,1.38759,1.3876,39660000,1
1755682080000,1755682139000,1.38759,1.38761,1.38748,1.38749,49110000,1
1755682140000,1755682199000,1.38748,1.38754,1.38744,1.38752,45750000,1
1755682200000,1755682259000,1.38752,1.38758,1.38746,1.38755,81990000,1
1755682260000,1755682319000,1.38754,1.38757,1.3875,1.38757,36360000,1
1755682320000,1755682379000,1.38755,1.38766,1.38755,1.38759,61620000,1
1755682380000,1755682439000,1.38758,1.38761,1.38752,1.38757,92580000,1
1755682440000,1755682499000,1.38756,1.38757,1.38751,1.38754,32550000,1
1755682500000,1755682559000,1.38753,1.38762,1.3875,1.38751,78000000,1
1755682560000,1755682619000,1.38751,1.38755,1.3875,1.3875,32850000,1
1755682620000,1755682679000,1.38749,1.38749,1.3874,1.38741,16200000,1
1755682680000,1755682739000,1.38741,1.38741,1.3873,1.38734,31620000,1
1755682740000,1755682799000,1.38734,1.38736,1.38725,1.38727,62520000,1
1755682800000,1755682859000,1.38728,1.38738,1.38727,1.38737,101100000,1
1755682860000,1755682919000,1.38738,1.3874,1.38734,1.3874,44100000,1
1755682920000,1755682979000,1.38741,1.3875,1.38741,1.3875,98250000,1
1755682980000,1755683039000,1.3875,1.3875,1.38743,1.38749,67950000,1
1755683040000,1755683099000,1.38749,1.38755,1.38747,1.38747,56820000,1
1755683100000,1755683159000,1.38748,1.38754,1.38748,1.38753,28050000,1
1755683160000,1755683219000,1.38754,1.38763,1.38751,1.38753,68100000,1
1755683220000,1755683279000,1.38753,1.38753,1.38745,1.38753,62850000,1
1755683280000,1755683339000,1.38755,1.38758,1.38751,1.38755,67710000,1
1755683340000,1755683399000,1.38756,1.38763,1.38751,1.38751,38550000,1
1755683400000,1755683459000,1.38751,1.38753,1.3875,1.3875,33000000,1
1755683460000,1755683519000,1.3875,1.38756,1.38745,1.38751,47220000,1
1755683520000,1755683579000,1.38751,1.38752,1.38745,1.38746,30600000,1
1755683580000,1755683639000,1.38748,1.3875,1.38747,1.38749,38310000,1
1755683640000,1755683699000,1.38748,1.38749,1.38746,1.38749,40770000,1
1755683700000,1755683759000,1.3875,1.38768,1.3875,1.38768,45150000,1
1755683760000,1755683819000,1.3877,1.38771,1.38756,1.38756,86310000,1
1755683820000,1755683879000,1.38755,1.38765,1.38754,1.38757,107100000,1
1755683880000,1755683939000,1.38756,1.3876,1.38755,1.3876,101400000,1
1755683940000,1755683999000,1.38761,1.38764,1.38756,1.38757,79230000,1
1755684000000,1755684059000,1.38758,1.38764,1.38747,1.38747,92700000,1
1755684060000,1755684119000,1.38746,1.38746,1.38731,1.38731,55800000,1
1755684120000,1755684179000,1.38729,1.38733,1.3872,1.38726,78450000,1
1755684180000,1755684239000,1.38727,1.38737,1.38724,1.38734,63450000,1
1755684240000,1755684299000,1.38734,1.38741,1.3873,1.38741,50730000,1
1755684300000,1755684359000,1.38741,1.38744,1.38738,1.38741,122430000,1
1755684360000,1755684419000,1.38741,1.38749,1.3874,1.38748,48900000,1
1755684420000,1755684479000,1.38749,1.3875,1.38748,1.38749,28350000,1
1755684480000,1755684539000,1.38747,1.38747,1.38736,1.38739,86550000,1
1755684540000,1755684599000,1.38738,1.38739,1.38729,1.38729,107100000,1
1755684600000,1755684659000,1.3873,1.38731,1.38718,1.38721,102240000,1
1755684660000,1755684719000,1.38722,1.38725,1.38718,1.3872,54300000,1
1755684720000,1755684779000,1.38719,1.3873,1.38719,1.3873,36810000,1
1755684780000,1755684839000,1.38729,1.38732,1.38727,1.38729,55440000,1
1755684840000,1755684899000,1.38727,1.38727,1.387,1.38701,151650000,1
1755684900000,1755684959000,1.387,1.38719,1.38698,1.38715,227400000,1
1755684960000,1755685019000,1.38716,1.38719,1.38709,1.3871,108420000,1
1755685020000,1755685079000,1.38709,1.3872,1.38709,1.38714,138810000,1
1755685080000,1755685139000,1.38716,1.38721,1.38715,1.38719,93990000,1
1755685140000,1755685199000,1.38718,1.38724,1.38714,1.38722,49320000,1
1755685200000,1755685259000,1.38723,1.38731,1.3872,1.38728,64860000,1
1755685260000,1755685319000,1.38728,1.38742,1.38728,1.38742,85080000,1
1755685320000,1755685379000,1.38741,1.38751,1.3874,1.38749,26400000,1
1755685380000,1755685439000,1.38749,1.38754,1.38748,1.38754,38340000,1
1755685440000,1755685499000,1.38754,1.38758,1.38751,1.38755,65460000,1
1755685500000,1755685559000,1.38755,1.38762,1.38755,1.38759,77760000,1
1755685560000,1755685619000,1.38759,1.3876,1.38738,1.38739,103410000,1
1755685620000,1755685679000,1.3874,1.38742,1.38729,1.38729,38370000,1
1755685680000,1755685739000,1.3873,1.3873,1.38728,1.38729,37200000,1
1755685740000,1755685799000,1.3873,1.3873,1.38711,1.38716,87000000,1
1755685800000,1755685859000,1.38715,1.38715,1.38705,1.3871,74100000,1
1755685860000,1755685919000,1.38709,1.38716,1.38709,1.38711,57900000,1
1755685920000,1755685979000,1.3871,1.38714,1.3871,1.38711,64110000,1
1755685980000,1755686039000,1.38711,1.38712,1.38708,1.38709,71790000,1
1755686040000,1755686099000,1.38713,1.38728,1.38713,1.38727,62580000,1
1755686100000,1755686159000,1.38729,1.3873,1.38727,1.38729,85650000,1
1755686160000,1755686219000,1.38729,1.38741,1.38729,1.38741,72840000,1
1755686220000,1755686279000,1.3874,1.38741,1.38729,1.38732,60150000,1
1755686280000,1755686339000,1.38732,1.38733,1.38729,1.38732,38850000,1
1755686340000,1755686399000,1.38732,1.38733,1.38726,1.38731,25650000,1
1755686400000,1755686459000,1.38731,1.38734,1.38728,1.38729,56250000,1
1755686460000,1755686519000,1.38729,1.3873,1.38718,1.3873,80520000,1
1755686520000,1755686579000,1.38731,1.38734,1.38729,1.38734,41310000,1
1755686580000,1755686639000,1.38733,1.38738,1.38729,1.38738,48000000,1
1755686640000,1755686699000,1.38739,1.38739,1.38731,1.38731,41250000,1
1755686700000,1755686759000,1.3873,1.38733,1.38725,1.38726,48150000,1
1755686760000,1755686819000,1.38725,1.38728,1.38721,1.38722,64050000,1
1755686820000,1755686879000,1.38719,1.38719,1.38711,1.38714,67950000,1
1755686880000,1755686939000,1.38714,1.38722,1.38712,1.38721,41550000,1
1755686940000,1755686999000,1.3872,1.38724,1.38718,1.38723,35550000,1
1755687000000,1755687059000,1.38723,1.38732,1.38722,1.3873,44400000,1
1755687060000,1755687119000,1.38731,1.38736,1.38728,1.38731,40650000,1
1755687120000,1755687179000,1.38729,1.3874,1.38727,1.38735,55860000,1
1755687180000,1755687239000,1.38736,1.38747,1.38736,1.38746,53190000,1
1755687240000,1755687299000,1.38743,1.3876,1.38742,1.3876,48000000,1
1755687300000,1755687359000,1.38761,1.38764,1.38758,1.38759,44550000,1
1755687360000,1755687419000,1.38759,1.3876,1.38746,1.38748,65250000,1
1755687420000,1755687479000,1.38748,1.38758,1.38748,1.38755,67320000,1
1755687480000,1755687539000,1.38754,1.38759,1.38754,1.38757,74190000,1
1755687540000,1755687599000,1.38757,1.38757,1.38753,1.38753,54150000,1
1755687600000,1755687659000,1.38753,1.3876,1.3875,1.3876,55200000,1
1755687660000,1755687719000,1.3876,1.3876,1.38751,1.38751,78510000,1
1755687720000,1755687779000,1.3875,1.38757,1.38749,1.38749,34650000,1
1755687780000,1755687839000,1.38748,1.38758,1.38748,1.38758,50040000,1
1755687840000,1755687899000,1.38756,1.38758,1.38751,1.38752,41580000,1
1755687900000,1755687959000,1.38752,1.38752,1.38741,1.38741,42630000,1
1755687960000,1755688019000,1.38743,1.38743,1.38739,1.38742,69690000,1
1755688020000,1755688079000,1.38742,1.38743,1.38738,1.3874,62760000,1
1755688080000,1755688139000,1.38739,1.38739,1.38728,1.38728,51540000,1
1755688140000,1755688199000,1.38729,1.38731,1.38729,1.3873,25350000,1
1755688200000,1755688259000,1.3873,1.38732,1.3873,1.3873,28350000,1
1755688260000,1755688319000,1.38729,1.38732,1.38729,1.38732,8970000,1
1755688320000,1755688379000,1.38731,1.38732,1.3873,1.38731,39780000,1
1755688380000,1755688439000,1.38729,1.38732,1.38729,1.38729,24570000,1
1755688440000,1755688499000,1.38729,1.38752,1.38723,1.38751,91200000,1
1755688500000,1755688559000,1.38749,1.38752,1.38748,1.3875,39210000,1
1755688560000,1755688619000,1.3875,1.3875,1.38748,1.38748,36360000,1
1755688620000,1755688679000,1.38749,1.38749,1.3874,1.38748,42300000,1
1755688680000,1755688739000,1.38748,1.38751,1.38748,1.3875,43860000,1
1755688740000,1755688799000,1.38749,1.38751,1.38742,1.38743,39780000,1
1755688800000,1755688859000,1.38744,1.38747,1.38737,1.38747,64770000,1
1755688860000,1755688919000,1.38745,1.38745,1.38728,1.38728,72840000,1
1755688920000,1755688979000,1.38729,1.38735,1.38728,1.38731,39210000,1
1755688980000,1755689039000,1.38731,1.38735,1.38731,1.38732,47070000,1
1755689040000,1755689099000,1.38732,1.38735,1.38731,1.38734,45300000,1
1755689100000,1755689159000,1.38734,1.38738,1.38732,1.38738,45600000,1
1755689160000,1755689219000,1.38738,1.38741,1.38736,1.3874,52050000,1
1755689220000,1755689279000,1.38739,1.3875,1.38739,1.38748,42600000,1
1755689280000,1755689339000,1.38749,1.38752,1.38743,1.38745,59190000,1
1755689340000,1755689399000,1.38746,1.38755,1.38743,1.38748,52350000,1
1755689400000,1755689459000,1.3875,1.3875,1.38728,1.38729,78900000,1
1755689460000,1755689519000,1.38729,1.3873,1.38728,1.3873,67800000,1
1755689520000,1755689579000,1.38729,1.38734,1.38718,1.38719,87450000,1
1755689580000,1755689639000,1.38719,1.38721,1.3871,1.3871,41400000,1
1755689640000,1755689699000,1.38709,1.38711,1.38709,1.3871,42300000,1
1755689700000,1755689759000,1.38711,1.38712,1.387,1.387,94830000,1
1755689760000,1755689819000,1.387,1.38702,1.38699,1.387,68970000,1
1755689820000,1755689879000,1.38703,1.38703,1.38688,1.38688,74550000,1
1755689880000,1755689939000,1.3869,1.38691,1.38689,1.3869,55890000,1
1755689940000,1755689999000,1.3869,1.38698,1.3869,1.38691,72960000,1
1755690000000,1755690059000,1.3869,1.38701,1.3869,1.38698,26850000,1
1755690060000,1755690119000,1.387,1.38703,1.387,1.38702,16140000,1
1755690120000,1755690179000,1.38701,1.38701,1.387,1.387,15690000,1
1755690180000,1755690239000,1.38701,1.38721,1.38699,1.38721,36270000,1
1755690240000,1755690299000,1.38721,1.38723,1.38719,1.38722,23910000,1
1755690300000,1755690359000,1.38719,1.38721,1.38714,1.38714,52920000,1
1755690360000,1755690419000,1.38714,1.38714,1.38708,1.38709,38850000,1
1755690420000,1755690479000,1.3871,1.3871,1.38709,1.3871,45670000,1
1755690480000,1755690539000,1.38712,1.38712,1.3871,1.3871,8100000,1
1755690540000,1755690599000,1.38712,1.38719,1.3871,1.3871,38550000,1
1755690600000,1755690659000,1.38708,1.38709,1.38704,1.38704,22350000,1
1755690660000,1755690719000,1.38703,1.38703,1.3869,1.38698,56010000,1
1755690720000,1755690779000,1.38696,1.38697,1.38691,1.38691,34740000,1
1755690780000,1755690839000,1.3869,1.3869,1.38683,1.38689,23100000,1
1755690840000,1755690899000,1.38689,1.3871,1.38689,1.3871,46500000,1
1755690900000,1755690959000,1.38711,1.38719,1.38711,1.38719,9840000,1
1755690960000,1755691019000,1.38719,1.38725,1.38711,1.38721,38490000,1
1755691020000,1755691079000,1.3872,1.38722,1.38717,1.3872,40500000,1
1755691080000,1755691139000,1.3872,1.38729,1.38718,1.38721,35490000,1
1755691140000,1755691199000,1.3872,1.38721,1.38719,1.38719,25740000,1
1755691200000,1755691259000,1.38718,1.38718,1.38691,1.38692,165960000,1
1755691260000,1755691319000,1.38692,1.38693,1.3868,1.3868,114480000,1
1755691320000,1755691379000,1.3868,1.3868,1.38671,1.3868,96600000,1
1755691380000,1755691439000,1.38681,1.38681,1.3867,1.38673,157800000,1
1755691440000,1755691499000,1.38672,1.38674,1.3866,1.38661,120450000,1
1755691500000,1755691559000,1.38661,1.38675,1.38661,1.38669,69300000,1
1755691560000,1755691619000,1.38669,1.38676,1.38668,1.38671,58260000,1
1755691620000,1755691679000,1.38673,1.38683,1.38673,1.3868,62100000,1
1755691680000,1755691739000,1.3868,1.3868,1.3866,1.38661,63900000,1
1755691740000,1755691799000,1.38661,1.38662,1.38656,1.38657,99510000,1
1755691800000,1755691859000,1.38658,1.38668,1.38658,1.38663,79050000,1
1755691860000,1755691919000,1.38663,1.38665,1.38661,1.38663,133500000,1
1755691920000,1755691979000,1.38664,1.38666,1.38659,1.38661,58350000,1
1755691980000,1755692039000,1.38662,1.38665,1.38657,1.3866,99580000,1
1755692040000,1755692099000,1.3866,1.3866,1.3864,1.38642,94020000,1
1755692100000,1755692159000,1.38644,1.3865,1.3864,1.3865,143010000,1
1755692160000,1755692219000,1.38647,1.3865,1.38645,1.38645,94110000,1
1755692220000,1755692279000,1.38644,1.38646,1.38641,1.38641,45600000,1
1755692280000,1755692339000,1.3864,1.38641,1.38631,1.38636,103710000,1
1755692340000,1755692399000,1.38636,1.38637,1.38625,1.38631,142440000,1
1755692400000,1755692459000,1.3863,1.3864,1.3863,1.38638,118860000,1
1755692460000,1755692519000,1.38638,1.3864,1.38626,1.38633,137760000,1
1755692520000,1755692579000,1.38632,1.3864,1.38626,1.38639,203370000,1
1755692580000,1755692639000,1.38638,1.38647,1.38638,1.38643,55800000,1
1755692640000,1755692699000,1.38643,1.38643,1.38631,1.38631,113550000,1
1755692700000,1755692759000,1.38633,1.38633,1.38621,1.38625,115920000,1
1755692760000,1755692819000,1.38623,1.38626,1.3862,1.38625,97650000,1
1755692820000,1755692879000,1.38624,1.38626,1.38621,1.38624,106980000,1
1755692880000,1755692939000,1.38624,1.38624,1.38605,1.38615,128700000,1
1755692940000,1755692999000,1.38618,1.38621,1.3861,1.38613,64200000,1
1755693000000,1755693059000,1.38612,1.38615,1.38602,1.38602,139170000,1
1755693060000,1755693119000,1.38602,1.38604,1.38573,1.38575,212250000,1
1755693120000,1755693179000,1.38575,1.38575,1.38541,1.38551,327600000,1
1755693180000,1755693239000,1.38551,1.38554,1.38531,1.38553,283380000,1
1755693240000,1755693299000,1.38554,1.38568,1.38554,1.38563,140580000,1
1755693300000,1755693359000,1.38562,1.38562,1.38544,1.38555,203190000,1
1755693360000,1755693419000,1.38555,1.38575,1.38553,1.38572,129480000,1
1755693420000,1755693479000,1.38572,1.38581,1.38553,1.38553,142380000,1
1755693480000,1755693539000,1.38553,1.38576,1.38551,1.38559,154620000,1
1755693540000,1755693599000,1.38557,1.38561,1.38553,1.38555,79500000,1
1755693600000,1755693659000,1.38555,1.38559,1.38548,1.38554,112770000,1
1755693660000,1755693719000,1.38553,1.38553,1.38537,1.38537,113130000,1
1755693720000,1755693779000,1.38536,1.38553,1.38536,1.3855,36780000,1
1755693780000,1755693839000,1.38548,1.38548,1.38539,1.38546,20040000,1
1755693840000,1755693899000,1.38548,1.38548,1.38535,1.38536,27330000,1
1755693900000,1755693959000,1.38537,1.38545,1.38536,1.38538,60930000,1
1755693960000,1755694019000,1.38538,1.38559,1.38538,1.38559,55950000,1
1755694020000,1755694079000,1.3856,1.38586,1.38552,1.38581,133260000,1
1755694080000,1755694139000,1.38579,1.38579,1.38568,1.38576,71400000,1
1755694140000,1755694199000,1.38576,1.38583,1.38562,1.38567,87000000,1
1755694200000,1755694259000,1.38568,1.38569,1.38562,1.38563,20850000,1
1755694260000,1755694319000,1.38561,1.38564,1.38556,1.38557,45750000,1
1755694320000,1755694379000,1.38557,1.38557,1.38546,1.38547,24000000,1
1755694380000,1755694439000,1.38549,1.3858,1.38548,1.3858,88920000,1
1755694440000,1755694499000,1.38579,1.38589,1.38569,1.38575,74400000,1
1755694500000,1755694559000,1.38576,1.38576,1.38559,1.38562,104850000,1
1755694560000,1755694619000,1.38562,1.38571,1.38555,1.38567,90690000,1
1755694620000,1755694679000,1.38567,1.38567,1.38558,1.3856,40620000,1
1755694680000,1755694739000,1.38561,1.38572,1.38559,1.38572,67020000,1
1755694740000,1755694799000,1.38573,1.38573,1.38564,1.38573,35700000,1
1755694800000,1755694859000,1.38575,1.38604,1.38575,1.38593,98910000,1
1755694860000,1755694919000,1.3859,1.38612,1.38587,1.38611,82800000,1
1755694920000,1755694979000,1.38612,1.38621,1.386,1.38616,79740000,1
1755694980000,1755695039000,1.38616,1.38616,1.38596,1.38606,70920000,1
1755695040000,1755695099000,1.38607,1.38609,1.386,1.38609,48330000,1
1755695100000,1755695159000,1.38608,1.38623,1.38608,1.38623,62160000,1
1755695160000,1755695219000,1.38623,1.38629,1.38623,1.38627,57240000,1
1755695220000,1755695279000,1.38626,1.38626,1.38613,1.38614,28860000,1
1755695280000,1755695339000,1.38615,1.38616,1.38603,1.38605,64410000,1
1755695340000,1755695399000,1.38604,1.38616,1.38604,1.38614,37650000,1
1755695400000,1755695459000,1.38608,1.38615,1.38605,1.38613,23850000,1
1755695460000,1755695519000,1.38614,1.38616,1.38614,1.38616,10200000,1
1755695520000,1755695579000,1.38617,1.38623,1.38613,1.38617,62760000,1
1755695580000,1755695639000,1.38617,1.38627,1.38613,1.38626,27000000,1
1755695640000,1755695699000,1.38624,1.38624,1.38611,1.38616,57780000,1
1755695700000,1755695759000,1.38615,1.38616,1.38595,1.38597,41880000,1
1755695760000,1755695819000,1.38598,1.38606,1.38597,1.38605,36720000,1
1755695820000,1755695879000,1.38606,1.38606,1.38596,1.38605,49440000,1
1755695880000,1755695939000,1.38604,1.38619,1.38603,1.38617,38040000,1
1755695940000,1755695999000,1.38617,1.38637,1.38617,1.38631,65700000,1
1755696000000,1755696059000,1.3863,1.38649,1.3863,1.38636,75000000,1
1755696060000,1755696119000,1.38636,1.38636,1.38626,1.38626,42000000,1
1755696120000,1755696179000,1.38625,1.38626,1.38618,1.38626,27600000,1
1755696180000,1755696239000,1.38626,1.38635,1.3862,1.38635,41940000,1
1755696240000,1755696299000,1.38637,1.38647,1.38633,1.3864,66600000,1
1755696300000,1755696359000,1.38644,1.38648,1.38644,1.38646,19200000,1
1755696360000,1755696419000,1.38646,1.38646,1.38642,1.38643,44400000,1
1755696420000,1755696479000,1.38643,1.38645,1.38643,1.38643,15600000,1
1755696480000,1755696539000,1.38644,1.38658,1.38644,1.38657,60960000,1
1755696540000,1755696599000,1.38657,1.38657,1.38644,1.38644,47970000,1
1755696600000,1755696659000,1.38645,1.38655,1.38637,1.38637,116160000,1
1755696660000,1755696719000,1.38636,1.38649,1.38636,1.38641,78240000,1
1755696720000,1755696779000,1.38641,1.38644,1.38636,1.38642,67320000,1
1755696780000,1755696839000,1.38641,1.38642,1.38629,1.38629,57600000,1
1755696840000,1755696899000,1.38629,1.38639,1.38629,1.38638,57600000,1
1755696900000,1755696959000,1.38638,1.38644,1.38633,1.38636,111600000,1
1755696960000,1755697019000,1.38635,1.38637,1.38613,1.38614,144600000,1
1755697020000,1755697079000,1.38615,1.38615,1.38605,1.38607,127650000,1
1755697080000,1755697139000,1.38607,1.38608,1.38595,1.38595,35100000,1
1755697140000,1755697199000,1.38596,1.38615,1.38593,1.38608,100860000,1
1755697200000,1755697259000,1.38607,1.38627,1.38607,1.38626,106590000,1
1755697260000,1755697319000,1.38625,1.38629,1.38618,1.38626,65970000,1
1755697320000,1755697379000,1.38626,1.38626,1.38606,1.3861,68850000,1
1755697380000,1755697439000,1.38608,1.3861,1.38595,1.38596,44310000,1
1755697440000,1755697499000,1.38596,1.38596,1.38569,1.38575,91710000,1
1755697500000,1755697559000,1.38576,1.386,1.38576,1.38599,73470000,1
1755697560000,1755697619000,1.38601,1.38636,1.38598,1.38636,155220000,1
1755697620000,1755697679000,1.38636,1.38638,1.38628,1.38629,117600000,1
1755697680000,1755697739000,1.38629,1.38649,1.38626,1.38649,86190000,1
1755697740000,1755697799000,1.38648,1.38669,1.38644,1.38664,176010000,1
1755697800000,1755697859000,1.38664,1.38698,1.38663,1.38694,130770000,1
1755697860000,1755697919000,1.38693,1.38702,1.38685,1.38688,154290000,1
1755697920000,1755697979000,1.38687,1.38687,1.38655,1.38673,308340000,1
1755697980000,1755698039000,1.38673,1.38701,1.38672,1.38693,302130000,1
1755698040000,1755698099000,1.38694,1.38706,1.3869,1.38693,177270000,1
1755698100000,1755698159000,1.38692,1.38699,1.38683,1.38699,133740000,1
1755698160000,1755698219000,1.38698,1.38711,1.38696,1.38704,175770000,1
1755698220000,1755698279000,1.38703,1.38703,1.38682,1.38692,202020000,1
1755698280000,1755698339000,1.38692,1.38698,1.38673,1.38673,176010000,1
1755698340000,1755698399000,1.38675,1.38703,1.38673,1.38682,210180000,1
1755698400000,1755698459000,1.38682,1.38693,1.38661,1.38672,244920000,1
1755698460000,1755698519000,1.38671,1.38685,1.38669,1.38682,167520000,1
1755698520000,1755698579000,1.38679,1.38682,1.38654,1.38656,169710000,1
1755698580000,1755698639000,1.38657,1.38667,1.38651,1.38655,116700000,1
1755698640000,1755698699000,1.38653,1.38661,1.38633,1.38646,129750000,1
1755698700000,1755698759000,1.38645,1.38657,1.38634,1.38648,189300000,1
1755698760000,1755698819000,1.38647,1.38668,1.38645,1.38664,121440000,1
1755698820000,1755698879000,1.38665,1.38666,1.38641,1.38645,125550000,1
1755698880000,1755698939000,1.38646,1.38681,1.38646,1.38676,153000000,1
1755698940000,1755698999000,1.38675,1.38676,1.38661,1.38666,125100000,1
1755699000000,1755699059000,1.38665,1.38671,1.38662,1.38668,92280000,1
1755699060000,1755699119000,1.38667,1.38667,1.38656,1.38666,92790000,1
1755699120000,1755699179000,1.38667,1.38667,1.38655,1.38656,95550000,1
1755699180000,1755699239000,1.38655,1.38667,1.38654,1.38666,91350000,1
1755699240000,1755699299000,1.38666,1.38681,1.38666,1.38681,107490000,1
1755699300000,1755699359000,1.38681,1.38682,1.38655,1.38661,113700000,1
1755699360000,1755699419000,1.38662,1.3868,1.38657,1.38668,252840000,1
1755699420000,1755699479000,1.38666,1.38681,1.38663,1.3867,187170000,1
1755699480000,1755699539000,1.38671,1.38681,1.38653,1.38654,179940000,1
1755699540000,1755699599000,1.38653,1.38654,1.38624,1.38624,220770000,1
1755699600000,1755699659000,1.38623,1.38632,1.3861,1.3861,266310000,1
1755699660000,1755699719000,1.3861,1.3862,1.38604,1.38611,201270000,1
1755699720000,1755699779000,1.38611,1.38624,1.3861,1.38616,271710000,1
1755699780000,1755699839000,1.38615,1.38644,1.38613,1.38643,135480000,1
1755699840000,1755699899000,1.38644,1.38645,1.38634,1.38641,122460000,1
1755699900000,1755699959000,1.38641,1.38664,1.3864,1.38663,156240000,1
1755699960000,1755700019000,1.38664,1.38696,1.38663,1.38693,161070000,1
1755700020000,1755700079000,1.38694,1.38696,1.38679,1.38686,178440000,1
1755700080000,1755700139000,1.38686,1.38701,1.38681,1.38693,146820000,1
1755700140000,1755700199000,1.38692,1.38707,1.38678,1.38705,180420000,1
1755700200000,1755700259000,1.38706,1.38726,1.38704,1.38714,135810000,1
1755700260000,1755700319000,1.38714,1.38716,1.38692,1.38696,178890000,1
1755700320000,1755700379000,1.38698,1.38705,1.38696,1.38704,92340000,1
1755700380000,1755700439000,1.38703,1.38714,1.38694,1.38713,94830000,1
1755700440000,1755700499000,1.38712,1.38713,1.3868,1.38685,158190000,1
1755700500000,1755700559000,1.38684,1.38694,1.38681,1.38683,140340000,1
1755700560000,1755700619000,1.38682,1.38682,1.3867,1.3868,133860000,1
1755700620000,1755700679000,1.38679,1.38683,1.38653,1.38658,137760000,1
1755700680000,1755700739000,1.38658,1.38673,1.38656,1.38666,146520000,1
1755700740000,1755700799000,1.38665,1.38667,1.38647,1.38665,174810000,1
1755700800000,1755700859000,1.38665,1.38676,1.38658,1.38675,120600000,1
1755700860000,1755700919000,1.38675,1.38696,1.38673,1.38687,111120000,1
1755700920000,1755700979000,1.38687,1.38687,1.38674,1.38685,72090000,1
1755700980000,1755701039000,1.38685,1.38691,1.38677,1.38679,85920000,1
1755701040000,1755701099000,1.38678,1.38678,1.38645,1.38655,110400000,1
1755701100000,1755701159000,1.38653,1.38663,1.38646,1.38659,105330000,1
1755701160000,1755701219000,1.38659,1.38671,1.38638,1.38646,149730000,1
1755701220000,1755701279000,1.38646,1.38646,1.38597,1.38623,273210000,1
1755701280000,1755701339000,1.38624,1.38626,1.38609,1.38625,119220000,1
1755701340000,1755701399000,1.38623,1.38627,1.38613,1.38616,121890000,1
1755701400000,1755701459000,1.38617,1.38617,1.38607,1.38614,195360000,1
1755701460000,1755701519000,1.38615,1.38636,1.38614,1.38626,174300000,1
1755701520000,1755701579000,1.38627,1.38633,1.38621,1.38633,183900000,1
1755701580000,1755701639000,1.38634,1.38645,1.38633,1.38645,157710000,1
1755701640000,1755701699000,1.38644,1.38644,1.38621,1.38626,158310000,1
1755701700000,1755701759000,1.38623,1.38623,1.38591,1.38604,175380000,1
1755701760000,1755701819000,1.38604,1.38615,1.38591,1.38607,190230000,1
1755701820000,1755701879000,1.38607,1.38612,1.3859,1.38591,139280000,1
1755701880000,1755701939000,1.38591,1.386,1.38588,1.3859,200370000,1
1755701940000,1755701999000,1.38591,1.38595,1.38586,1.38586,179970000,1
1755702000000,1755702059000,1.38586,1.38596,1.38582,1.38582,181620000,1
1755702060000,1755702119000,1.38583,1.38583,1.38571,1.38574,154410000,1
1755702120000,1755702179000,1.38573,1.38585,1.38571,1.38584,117390000,1
1755702180000,1755702239000,1.38583,1.38589,1.3857,1.38588,124050000,1
1755702240000,1755702299000,1.38587,1.38615,1.38585,1.38606,97050000,1
1755702300000,1755702359000,1.38605,1.38618,1.38596,1.38614,111750000,1
1755702360000,1755702419000,1.38614,1.38618,1.38601,1.38606,87300000,1
1755702420000,1755702479000,1.38603,1.38607,1.386,1.38605,103200000,1
1755702480000,1755702539000,1.38606,1.38607,1.38577,1.3858,137310000,1
1755702540000,1755702599000,1.38581,1.38597,1.38575,1.38597,77280000,1
1755702600000,1755702659000,1.38598,1.38611,1.38598,1.38604,131970000,1
1755702660000,1755702719000,1.38603,1.38623,1.386,1.38609,127800000,1
1755702720000,1755702779000,1.38609,1.3862,1.38607,1.38607,125400000,1
1755702780000,1755702839000,1.38608,1.3863,1.38607,1.38627,95700000,1
1755702840000,1755702899000,1.38625,1.38635,1.38622,1.38624,120240000,1
1755702900000,1755702959000,1.38624,1.38639,1.38614,1.38639,123120000,1
1755702960000,1755703019000,1.38637,1.38644,1.38629,1.38633,78300000,1
1755703020000,1755703079000,1.38633,1.38635,1.38613,1.38615,57900000,1
1755703080000,1755703139000,1.38614,1.38616,1.3861,1.38616,85800000,1
1755703140000,1755703199000,1.38616,1.38624,1.3861,1.38612,91950000,1
1755703200000,1755703259000,1.38613,1.38613,1.38604,1.38606,94260000,1
1755703260000,1755703319000,1.38607,1.38628,1.38607,1.38625,120720000,1
1755703320000,1755703379000,1.38625,1.38634,1.38624,1.38633,103200000,1
1755703380000,1755703439000,1.38634,1.38645,1.38632,1.38634,78750000,1
1755703440000,1755703499000,1.38633,1.38633,1.38624,1.38631,92160000,1
1755703500000,1755703559000,1.38631,1.38633,1.38623,1.38631,92460000,1
1755703560000,1755703619000,1.38632,1.38632,1.38626,1.38628,52110000,1
1755703620000,1755703679000,1.38628,1.38629,1.38621,1.38625,79320000,1
1755703680000,1755703739000,1.38624,1.38624,1.38619,1.38623,100770000,1
1755703740000,1755703799000,1.38624,1.38624,1.38618,1.38618,111180000,1
1755703800000,1755703859000,1.38619,1.38619,1.38588,1.38597,186150000,1
1755703860000,1755703919000,1.38596,1.38599,1.38587,1.38593,141180000,1
1755703920000,1755703979000,1.38592,1.38592,1.3858,1.38592,133800000,1
1755703980000,1755704039000,1.38591,1.38591,1.38579,1.38584,112800000,1
1755704040000,1755704099000,1.38585,1.38587,1.38578,1.38585,101250000,1
1755704100000,1755704159000,1.38585,1.38593,1.38583,1.38593,130590000,1
1755704160000,1755704219000,1.38593,1.38602,1.38593,1.38598,62190000,1
1755704220000,1755704279000,1.38598,1.38611,1.38595,1.38608,66210000,1
1755704280000,1755704339000,1.38607,1.38608,1.38602,1.38606,85200000,1
1755704340000,1755704399000,1.38606,1.38614,1.38602,1.38614,63510000,1
1755704400000,1755704459000,1.38612,1.38626,1.38612,1.38616,73050000,1
1755704460000,1755704519000,1.38615,1.38628,1.38613,1.38628,73800000,1
1755704520000,1755704579000,1.38627,1.38644,1.38625,1.38639,109830000,1
1755704580000,1755704639000,1.38635,1.38655,1.38635,1.38654,78060000,1
1755704640000,1755704699000,1.38653,1.38654,1.3865,1.38653,30750000,1
1755704700000,1755704759000,1.3865,1.3865,1.38623,1.38631,112710000,1
1755704760000,1755704819000,1.38631,1.3867,1.3863,1.38665,101730000,1
1755704820000,1755704879000,1.38665,1.38695,1.38662,1.38695,128760000,1
1755704880000,1755704939000,1.38694,1.387,1.38674,1.38674,105570000,1
1755704940000,1755704999000,1.38674,1.3868,1.38671,1.38672,116550000,1
1755705000000,1755705059000,1.38674,1.38702,1.38674,1.387,133620000,1
1755705060000,1755705119000,1.38701,1.38713,1.38701,1.38709,134460000,1
1755705120000,1755705179000,1.38711,1.38711,1.38702,1.38704,141360000,1
1755705180000,1755705239000,1.38703,1.38712,1.38703,1.38711,146550000,1
1755705240000,1755705299000,1.3871,1.38783,1.3871,1.38781,207480000,1
1755705300000,1755705359000,1.38781,1.38785,1.38728,1.38741,373920000,1
1755705360000,1755705419000,1.38741,1.38782,1.38734,1.38774,314280000,1
1755705420000,1755705479000,1.38773,1.3879,1.38751,1.38754,313020000,1
1755705480000,1755705539000,1.38754,1.38755,1.38734,1.38736,224010000,1
1755705540000,1755705599000,1.38738,1.38769,1.38737,1.38748,196920000,1
1755705600000,1755705659000,1.38747,1.38747,1.38737,1.38738,135570000,1
1755705660000,1755705719000,1.3874,1.38741,1.38726,1.38734,73380000,1
1755705720000,1755705779000,1.38735,1.38739,1.38713,1.38739,114030000,1
1755705780000,1755705839000,1.38739,1.38741,1.38724,1.38726,51540000,1
1755705840000,1755705899000,1.38725,1.38734,1.38724,1.3873,60900000,1
1755705900000,1755705959000,1.3873,1.38748,1.3873,1.38738,74130000,1
1755705960000,1755706019000,1.38741,1.38745,1.38731,1.38731,83400000,1
1755706020000,1755706079000,1.3873,1.38732,1.38724,1.38728,54930000,1
1755706080000,1755706139000,1.38727,1.38731,1.38711,1.38711,76870000,1
1755706140000,1755706199000,1.38712,1.38717,1.3871,1.38717,28920000,1
1755706200000,1755706259000,1.38715,1.38715,1.387,1.387,68400000,1
1755706260000,1755706319000,1.38701,1.38703,1.38694,1.38701,43800000,1
1755706320000,1755706379000,1.38702,1.38712,1.38701,1.38711,40800000,1
1755706380000,1755706439000,1.3871,1.3871,1.387,1.38701,57300000,1
1755706440000,1755706499000,1.38701,1.38701,1.38692,1.38699,47700000,1
1755706500000,1755706559000,1.38698,1.38699,1.38681,1.38684,77100000,1
1755706560000,1755706619000,1.38683,1.38684,1.38677,1.38677,44400000,1
1755706620000,1755706679000,1.38679,1.38685,1.38666,1.38666,52200000,1
1755706680000,1755706739000,1.38666,1.38675,1.38664,1.38673,35520000,1
1755706740000,1755706799000,1.38674,1.38676,1.38666,1.38674,53490000,1
1755706800000,1755706859000,1.38674,1.38674,1.38665,1.38666,23280000,1
1755706860000,1755706919000,1.38668,1.38676,1.38668,1.38669,36000000,1
1755706920000,1755706979000,1.38667,1.38686,1.38665,1.38683,42360000,1
1755706980000,1755707039000,1.38684,1.38684,1.38684,1.38684,2400000,1
1755707040000,1755707099000,1.38684,1.38694,1.38683,1.38692,16800000,1
1755707100000,1755707159000,1.38693,1.38695,1.3869,1.3869,21600000,1
1755707160000,1755707219000,1.38691,1.38696,1.38675,1.38679,39600000,1
1755707220000,1755707279000,1.38681,1.38692,1.38679,1.38688,31440000,1
1755707280000,1755707339000,1.38686,1.3869,1.38678,1.38683,36690000,1
1755707340000,1755707399000,1.38683,1.38695,1.38683,1.3869,24510000,1
1755707400000,1755707459000,1.38691,1.38693,1.38684,1.38688,36570000,1
1755707460000,1755707519000,1.3869,1.38703,1.3869,1.38702,25200000,1
1755707520000,1755707579000,1.38702,1.38703,1.38681,1.38684,40200000,1
1755707580000,1755707639000,1.38685,1.38691,1.38683,1.38689,43860000,1
1755707640000,1755707699000,1.38689,1.38705,1.38689,1.38696,42630000,1
1755707700000,1755707759000,1.38695,1.38696,1.38694,1.38694,29490000,1
1755707760000,1755707819000,1.38694,1.38705,1.38694,1.38703,35700000,1
1755707820000,1755707879000,1.38704,1.38705,1.38692,1.38694,38400000,1
1755707880000,1755707939000,1.38694,1.38696,1.38692,1.38693,69300000,1
1755707940000,1755707999000,1.38692,1.38694,1.38684,1.38694,42900000,1
1755708000000,1755708059000,1.38692,1.38694,1.38692,1.38693,31800000,1
1755708060000,1755708119000,1.38692,1.38695,1.38692,1.38693,36600000,1
1755708120000,1755708179000,1.38694,1.38713,1.38693,1.38713,24240000,1
1755708180000,1755708239000,1.38711,1.38711,1.38693,1.38694,36360000,1
1755708240000,1755708299000,1.38693,1.38694,1.38688,1.38692,46140000,1
1755708300000,1755708359000,1.38692,1.38696,1.38691,1.38694,37890000,1
1755708360000,1755708419000,1.38693,1.38695,1.38692,1.38692,32190000,1
1755708420000,1755708479000,1.38693,1.38693,1.38682,1.38683,22920000,1
1755708480000,1755708539000,1.38684,1.38696,1.38682,1.38695,41610000,1
1755708540000,1755708599000,1.38696,1.38696,1.3869,1.38693,27720000,1
1755708600000,1755708659000,1.38693,1.38714,1.38693,1.38712,61530000,1
1755708660000,1755708719000,1.38712,1.3872,1.38711,1.38711,23400000,1
1755708720000,1755708779000,1.3871,1.38712,1.38704,1.38708,24330000,1
1755708780000,1755708839000,1.38704,1.38704,1.38698,1.38703,16980000,1
1755708840000,1755708899000,1.38703,1.38703,1.3869,1.38692,27270000,1
1755708900000,1755708959000,1.38692,1.38692,1.38689,1.38692,22200000,1
1755708960000,1755709019000,1.38693,1.38694,1.38685,1.38685,18630000,1
1755709020000,1755709079000,1.38684,1.38685,1.3868,1.38683,76710000,1
1755709080000,1755709139000,1.38684,1.38691,1.38682,1.3869,77640000,1
1755709140000,1755709199000,1.38689,1.38689,1.38682,1.38683,78390000,1
1755709200000,1755709259000,1.38685,1.38686,1.38664,1.38674,104880000,1
1755709260000,1755709319000,1.38675,1.38686,1.38675,1.38682,78570000,1
1755709320000,1755709379000,1.38684,1.38684,1.38671,1.38674,60450000,1
1755709380000,1755709439000,1.38676,1.38687,1.38675,1.38687,41010000,1
1755709440000,1755709499000,1.38686,1.38687,1.38684,1.38686,13200000,1
1755709500000,1755709559000,1.38685,1.38695,1.38684,1.38685,38400000,1
1755709560000,1755709619000,1.38685,1.38703,1.38684,1.38684,53340000,1
1755709620000,1755709679000,1.38685,1.38688,1.38681,1.38684,58200000,1
1755709680000,1755709739000,1.38685,1.38691,1.38673,1.38673,59640000,1
1755709740000,1755709799000,1.38675,1.38677,1.38675,1.38677,6000000,1
1755709800000,1755709859000,1.38677,1.38683,1.38673,1.38682,39960000,1
1755709860000,1755709919000,1.38684,1.38688,1.38683,1.38683,31800000,1
1755709920000,1755709979000,1.38682,1.38683,1.38682,1.38683,12000000,1
1755709980000,1755710039000,1.38682,1.38682,1.38669,1.38674,35700000,1
1755710040000,1755710099000,1.38672,1.38675,1.38672,1.38674,19800000,1
1755710100000,1755710159000,1.38674,1.38686,1.38673,1.38682,27000000,1
1755710160000,1755710219000,1.38683,1.38683,1.38677,1.3868,31200000,1
1755710220000,1755710279000,1.38682,1.38686,1.38672,1.38682,74700000,1
1755710280000,1755710339000,1.38682,1.38682,1.38672,1.3868,53280000,1
1755710340000,1755710399000,1.38682,1.38682,1.38676,1.38681,24600000,1
1755710400000,1755710459000,1.38681,1.38682,1.38672,1.38674,24300000,1
1755710460000,1755710519000,1.38681,1.38681,1.38672,1.38673,30900000,1
1755710520000,1755710579000,1.38674,1.38675,1.38667,1.38674,19800000,1
1755710580000,1755710639000,1.38675,1.38694,1.38675,1.38693,70860000,1
1755710640000,1755710699000,1.38693,1.38693,1.3869,1.3869,14400000,1
1755710700000,1755710759000,1.38692,1.38702,1.3869,1.38702,21720000,1
1755710760000,1755710819000,1.38703,1.38705,1.38702,1.38705,19560000,1
1755710820000,1755710879000,1.38705,1.38711,1.38701,1.38711,28200000,1
1755710880000,1755710939000,1.38711,1.38713,1.38699,1.387,68250000,1
1755710940000,1755710999000,1.387,1.38712,1.387,1.38709,37200000,1
1755711000000,1755711059000,1.38708,1.38715,1.38704,1.38715,40200000,1
1755711060000,1755711119000,1.38714,1.38715,1.38706,1.38714,52200000,1
1755711120000,1755711179000,1.38716,1.38716,1.38702,1.38702,51000000,1
1755711180000,1755711239000,1.38702,1.38703,1.38695,1.38695,42330000,1
1755711240000,1755711299000,1.38696,1.38702,1.38696,1.387,32640000,1
1755711300000,1755711359000,1.38698,1.38701,1.38691,1.38699,54000000,1
1755711360000,1755711419000,1.38698,1.387,1.38694,1.38696,29430000,1
1755711420000,1755711479000,1.38696,1.38704,1.38696,1.387,47550000,1
1755711480000,1755711539000,1.38701,1.38704,1.38697,1.38702,56160000,1
1755711540000,1755711599000,1.387,1.38711,1.387,1.38709,44970000,1
1755711600000,1755711659000,1.38709,1.38718,1.38706,1.38718,36360000,1
1755711660000,1755711719000,1.38718,1.3872,1.38703,1.38703,86610000,1
1755711720000,1755711779000,1.38702,1.38704,1.38697,1.38704,45990000,1
1755711780000,1755711839000,1.38702,1.38705,1.38693,1.38705,48840000,1
1755711840000,1755711899000,1.38706,1.38711,1.38705,1.38708,20100000,1
1755711900000,1755711959000,1.38709,1.3871,1.38702,1.38703,43200000,1
1755711960000,1755712019000,1.38704,1.38704,1.3869,1.38691,37800000,1
1755712020000,1755712079000,1.3869,1.38696,1.3869,1.38692,33150000,1
1755712080000,1755712139000,1.3869,1.38697,1.38688,1.38692,73800000,1
1755712140000,1755712199000,1.38691,1.38691,1.38671,1.38672,31350000,1
1755712200000,1755712259000,1.38672,1.38677,1.38669,1.38669,40050000,1
1755712260000,1755712319000,1.38669,1.38669,1.38655,1.38663,55950000,1
1755712320000,1755712379000,1.38663,1.38663,1.38644,1.38644,65850000,1
1755712380000,1755712439000,1.38648,1.38649,1.38641,1.38642,39450000,1
1755712440000,1755712499000,1.38641,1.38644,1.38641,1.38641,43500000,1
1755712500000,1755712559000,1.38643,1.38653,1.38636,1.38646,121650000,1
1755712560000,1755712619000,1.38645,1.38645,1.38637,1.38639,66000000,1
1755712620000,1755712679000,1.38638,1.38641,1.38623,1.38623,58200000,1
1755712680000,1755712739000,1.38624,1.38641,1.38624,1.38639,24600000,1
1755712740000,1755712799000,1.38639,1.3864,1.3863,1.38638,28800000,1
1755712800000,1755712859000,1.38635,1.38664,1.38627,1.38654,183360000,1
1755712860000,1755712919000,1.38653,1.38667,1.3865,1.38656,110370000,1
1755712920000,1755712979000,1.38657,1.38672,1.38657,1.38672,47700000,1
1755712980000,1755713039000,1.38672,1.38674,1.38664,1.38671,57990000,1
1755713040000,1755713099000,1.38672,1.38674,1.38669,1.38672,75960000,1
1755713100000,1755713159000,1.38672,1.3868,1.3867,1.38674,50400000,1
1755713160000,1755713219000,1.38674,1.38681,1.38657,1.38661,72840000,1
1755713220000,1755713279000,1.3866,1.38665,1.38653,1.38661,84690000,1
1755713280000,1755713339000,1.38661,1.38667,1.38652,1.38652,61320000,1
1755713340000,1755713399000,1.38653,1.38655,1.38641,1.38641,42570000,1
1755713400000,1755713459000,1.38643,1.38643,1.38633,1.38639,94350000,1
1755713460000,1755713519000,1.38639,1.38652,1.38636,1.38652,116550000,1
1755713520000,1755713579000,1.3865,1.38652,1.38644,1.38646,96000000,1
1755713580000,1755713639000,1.38646,1.38657,1.38643,1.38649,94200000,1
1755713640000,1755713699000,1.38652,1.38657,1.38647,1.38654,65100000,1
1755713700000,1755713759000,1.38653,1.38658,1.38644,1.38654,96450000,1
1755713760000,1755713819000,1.38654,1.38663,1.38654,1.38656,54000000,1
1755713820000,1755713879000,1.38654,1.38658,1.38652,1.38658,38100000,1
1755713880000,1755713939000,1.38657,1.38672,1.38653,1.38672,51600000,1
1755713940000,1755713999000,1.38674,1.38679,1.38673,1.38675,60450000,1
1755714000000,1755714059000,1.38675,1.38693,1.38674,1.38692,42360000,1
1755714060000,1755714119000,1.38693,1.38697,1.38692,1.38693,36960000,1
1755714120000,1755714179000,1.38692,1.38703,1.38685,1.38694,58290000,1
1755714180000,1755714239000,1.38693,1.38693,1.38684,1.38684,30120000,1
1755714240000,1755714299000,1.38685,1.38686,1.38683,1.38683,19380000,1
1755714300000,1755714359000,1.38684,1.38692,1.38683,1.38686,48510000,1
1755714360000,1755714419000,1.38686,1.38686,1.38671,1.38671,41760000,1
1755714420000,1755714479000,1.38671,1.38682,1.38671,1.38681,31350000,1
1755714480000,1755714539000,1.38682,1.38682,1.38674,1.3868,39360000,1
1755714540000,1755714599000,1.38681,1.38682,1.38676,1.38679,35910000,1
1755714600000,1755714659000,1.3868,1.38685,1.38672,1.38683,45780000,1
1755714660000,1755714719000,1.38682,1.38683,1.38672,1.38675,32670000,1
1755714720000,1755714779000,1.38673,1.38681,1.38673,1.3868,34050000,1
1755714780000,1755714839000,1.38681,1.38681,1.38673,1.38673,16500000,1
1755714840000,1755714899000,1.38673,1.38673,1.38664,1.38664,27600000,1
1755714900000,1755714959000,1.38665,1.38668,1.38665,1.38668,23550000,1
1755714960000,1755715019000,1.38666,1.38666,1.38634,1.38641,71400000,1
1755715020000,1755715079000,1.38642,1.38653,1.38639,1.38645,45600000,1
1755715080000,1755715139000,1.38645,1.3865,1.38635,1.3864,48870000,1
1755715140000,1755715199000,1.38642,1.38655,1.38641,1.38654,48000000,1
1755715200000,1755715259000,1.38653,1.38665,1.38651,1.38665,45000000,1
1755715260000,1755715319000,1.38665,1.38677,1.38665,1.38673,55200000,1
1755715320000,1755715379000,1.38673,1.38677,1.38671,1.38673,28800000,1
1755715380000,1755715439000,1.38674,1.38675,1.38671,1.38671,19200000,1
1755715440000,1755715499000,1.38672,1.38674,1.38668,1.38668,13200000,1
1755715500000,1755715559000,1.38672,1.38674,1.3867,1.38673,26400000,1
1755715560000,1755715619000,1.38674,1.38678,1.38673,1.38673,27000000,1
1755715620000,1755715679000,1.38672,1.38672,1.38662,1.38662,43650000,1
1755715680000,1755715739000,1.38663,1.38667,1.38654,1.38664,92340000,1
1755715740000,1755715799000,1.38665,1.38665,1.38653,1.38653,31170000,1
1755715800000,1755715859000,1.38653,1.38661,1.38652,1.38653,66930000,1
1755715860000,1755715919000,1.38653,1.38658,1.38651,1.38654,69750000,1
1755715920000,1755715979000,1.38653,1.38661,1.38653,1.38654,52170000,1
1755715980000,1755716039000,1.38654,1.38662,1.38653,1.38662,26310000,1
1755716040000,1755716099000,1.38663,1.38671,1.38663,1.38671,58320000,1
1755716100000,1755716159000,1.38671,1.38684,1.38669,1.38682,139200000,1
1755716160000,1755716219000,1.38681,1.38697,1.3868,1.38697,67350000,1
1755716220000,1755716279000,1.38693,1.38701,1.38692,1.38701,65580000,1
1755716280000,1755716339000,1.387,1.38713,1.38699,1.38703,58230000,1
1755716340000,1755716399000,1.38702,1.38717,1.387,1.38712,83340000,1
1755716400000,1755716459000,1.38712,1.38721,1.38708,1.3872,66600000,1
1755716460000,1755716519000,1.38718,1.38718,1.38705,1.38708,51690000,1
1755716520000,1755716579000,1.38707,1.3871,1.387,1.387,23910000,1
1755716580000,1755716639000,1.387,1.38701,1.38692,1.38698,89910000,1
1755716640000,1755716699000,1.38699,1.38708,1.38698,1.38707,32550000,1
1755716700000,1755716759000,1.38708,1.38709,1.38698,1.38698,31560000,1
1755716760000,1755716819000,1.38701,1.38701,1.38687,1.3869,45930000,1
1755716820000,1755716879000,1.38689,1.3869,1.38684,1.38685,37500000,1
1755716880000,1755716939000,1.38684,1.38689,1.38679,1.38683,75000000,1
1755716940000,1755716999000,1.38682,1.38685,1.38678,1.38681,51900000,1
1755717000000,1755717059000,1.38681,1.38682,1.38664,1.38664,151590000,1
1755717060000,1755717119000,1.38663,1.38664,1.38649,1.3865,86400000,1
1755717120000,1755717179000,1.3865,1.3865,1.38635,1.38641,72000000,1
1755717180000,1755717239000,1.38641,1.3865,1.3864,1.38649,45900000,1
1755717240000,1755717299000,1.38651,1.38651,1.38647,1.38648,27240000,1
1755717300000,1755717359000,1.3865,1.38653,1.38647,1.38653,22200000,1
1755717360000,1755717419000,1.38654,1.38655,1.38652,1.38652,19650000,1
1755717420000,1755717479000,1.38653,1.38653,1.38652,1.38652,13050000,1
1755717480000,1755717539000,1.38652,1.38662,1.38652,1.38661,50310000,1
1755717540000,1755717599000,1.38661,1.38667,1.38661,1.38667,39930000,1
1755717600000,1755717659000,1.38665,1.38672,1.38665,1.38668,34350000,1
1755717660000,1755717719000,1.38668,1.38671,1.38666,1.38671,39690000,1
1755717720000,1755717779000,1.38669,1.3867,1.38667,1.38669,24780000,1
1755717780000,1755717839000,1.3867,1.3867,1.38649,1.38649,43380000,1
1755717840000,1755717899000,1.38651,1.38652,1.38646,1.38646,25890000,1
1755717900000,1755717959000,1.38645,1.38651,1.38642,1.38651,72120000,1
1755717960000,1755718019000,1.38651,1.38654,1.38651,1.38652,15450000,1
1755718020000,1755718079000,1.38654,1.38655,1.38647,1.38647,36150000,1
1755718080000,1755718139000,1.38646,1.3865,1.38642,1.38645,58950000,1
1755718140000,1755718199000,1.38644,1.38645,1.3864,1.38645,31050000,1
1755718200000,1755718259000,1.38645,1.38645,1.38636,1.38645,55050000,1
1755718260000,1755718319000,1.38644,1.38645,1.38638,1.38644,60000000,1
1755718320000,1755718379000,1.38645,1.38645,1.38641,1.38644,28800000,1
1755718380000,1755718439000,1.38646,1.38653,1.38646,1.38652,23400000,1
1755718440000,1755718499000,1.38651,1.38654,1.3865,1.38651,26520000,1
1755718500000,1755718559000,1.38651,1.38655,1.3865,1.38654,48600000,1
1755718560000,1755718619000,1.38653,1.38654,1.38643,1.38643,29400000,1
1755718620000,1755718679000,1.38643,1.38653,1.38643,1.38653,14730000,1
1755718680000,1755718739000,1.38652,1.38654,1.38652,1.38653,10710000,1
1755718740000,1755718799000,1.38654,1.38654,1.38645,1.38645,11820000,1
1755718800000,1755718859000,1.38645,1.38645,1.38641,1.38644,38100000,1
1755718860000,1755718919000,1.38645,1.38658,1.38645,1.38653,31080000,1
1755718920000,1755718979000,1.38654,1.38654,1.38653,1.38653,34650000,1
1755718980000,1755719039000,1.38653,1.38656,1.38653,1.38656,16020000,1
1755719040000,1755719099000,1.38655,1.38662,1.38655,1.38658,19950000,1
1755719100000,1755719159000,1.38659,1.38661,1.38655,1.38655,39900000,1
1755719160000,1755719219000,1.38655,1.38658,1.38653,1.38657,15450000,1
1755719220000,1755719279000,1.38658,1.38673,1.38657,1.38673,67350000,1
1755719280000,1755719339000,1.38672,1.38672,1.38667,1.38669,10950000,1
1755719340000,1755719399000,1.38671,1.38672,1.38667,1.38668,17550000,1
1755719400000,1755719459000,1.38671,1.38694,1.38669,1.38692,65490000,1
1755719460000,1755719519000,1.38692,1.38696,1.38691,1.38695,32520000,1
1755719520000,1755719579000,1.38694,1.387,1.38694,1.38699,36450000,1
1755719580000,1755719639000,1.387,1.38703,1.38696,1.38697,49350000,1
1755719640000,1755719699000,1.38697,1.38697,1.38694,1.38696,28950000,1
1755719700000,1755719759000,1.38696,1.38704,1.38689,1.38703,88410000,1
1755719760000,1755719819000,1.38702,1.38724,1.387,1.38723,67380000,1
1755719820000,1755719879000,1.38723,1.38743,1.38723,1.38742,88200000,1
1755719880000,1755719939000,1.38743,1.3876,1.38741,1.3876,126060000,1
1755719940000,1755719999000,1.3876,1.38764,1.3875,1.38759,239650000,1
1755720000000,1755720059000,1.38758,1.38775,1.38753,1.38771,151740000,1
1755720060000,1755720119000,1.38774,1.38781,1.38771,1.38774,60000000,1
1755720120000,1755720179000,1.38774,1.38774,1.38748,1.38749,81960000,1
1755720180000,1755720239000,1.3875,1.3876,1.38748,1.38749,49230000,1
1755720240000,1755720299000,1.38749,1.38751,1.38743,1.38744,93750000,1
1755720300000,1755720359000,1.38745,1.38754,1.38744,1.38754,22470000,1
1755720360000,1755720419000,1.38755,1.3876,1.38744,1.3875,46080000,1
1755720420000,1755720479000,1.3875,1.38751,1.3875,1.38751,7200000,1
1755720480000,1755720539000,1.38752,1.38778,1.38751,1.38778,22020000,1
1755720540000,1755720599000,1.38777,1.3879,1.38777,1.3878,44910000,1
1755720600000,1755720659000,1.38775,1.38788,1.3877,1.38786,51450000,1
1755720660000,1755720719000,1.38785,1.38787,1.38785,1.38787,13200000,1
1755720720000,1755720779000,1.38787,1.38787,1.3878,1.3878,13200000,1
1755720780000,1755720839000,1.3878,1.3878,1.38771,1.38771,31500000,1
1755720840000,1755720899000,1.38772,1.38795,1.38772,1.38782,59580000,1
1755720900000,1755720959000,1.38782,1.38784,1.38776,1.38782,23220000,1
1755720960000,1755721019000,1.38782,1.38786,1.38778,1.38785,45900000,1
1755721020000,1755721079000,1.38786,1.38791,1.38782,1.38782,31800000,1
1755721080000,1755721139000,1.38784,1.38786,1.38779,1.38786,62460000,1
1755721140000,1755721199000,1.38787,1.38789,1.38786,1.38787,9450000,1
1755721200000,1755721259000,1.38788,1.38791,1.38786,1.38789,10800000,1
1755721260000,1755721319000,1.38786,1.38786,1.38785,1.38785,3990000,1
1755721320000,1755721379000,1.38786,1.38786,1.38784,1.38784,32970000,1
1755721380000,1755721439000,1.38784,1.38785,1.38776,1.38776,30750000,1
1755721440000,1755721499000,1.38778,1.38795,1.38777,1.38786,67170000,1
1755721500000,1755721559000,1.38784,1.38787,1.38783,1.38787,80100000,1
1755721560000,1755721619000,1.38787,1.38787,1.38772,1.38772,34200000,1
1755721620000,1755721679000,1.38772,1.38775,1.38772,1.38774,28200000,1
1755721680000,1755721739000,1.38774,1.38781,1.38774,1.38777,21420000,1
1755721740000,1755721799000,1.38775,1.38779,1.38775,1.38778,27870000,1
1755721800000,1755721859000,1.38779,1.38784,1.38762,1.38762,55800000,1
1755721860000,1755721919000,1.38762,1.38766,1.38753,1.38753,176400000,1
1755721920000,1755721979000,1.38753,1.38769,1.38746,1.38765,152850000,1
1755721980000,1755722039000,1.38765,1.38769,1.38765,1.38768,9450000,1
1755722040000,1755722099000,1.38768,1.38769,1.38768,1.38768,5700000,1
1755722100000,1755722159000,1.38769,1.38769,1.38768,1.38769,9000000,1
1755722160000,1755722219000,1.38768,1.38769,1.38768,1.38768,6300000,1
1755722220000,1755722279000,1.38766,1.38767,1.38765,1.38765,29400000,1
1755722280000,1755722339000,1.38765,1.38767,1.38764,1.38765,50400000,1
1755722340000,1755722399000,1.38764,1.38765,1.38764,1.38765,11400000,1
1755722400000,1755722459000,1.38765,1.38772,1.38765,1.38769,40050000,1
1755722460000,1755722519000,1.38769,1.38769,1.38768,1.38769,16320000,1
1755722520000,1755722579000,1.38768,1.38771,1.38766,1.38766,35700000,1
1755722580000,1755722639000,1.38767,1.38774,1.38767,1.38768,28200000,1
1755722640000,1755722699000,1.38766,1.38768,1.38763,1.38764,53100000,1
1755722700000,1755722759000,1.38764,1.38764,1.38756,1.38757,22260000,1
1755722760000,1755722819000,1.38758,1.38758,1.38752,1.38752,19800000,1
1755722820000,1755722879000,1.38752,1.38754,1.38752,1.38754,40350000,1
1755722880000,1755722939000,1.38752,1.38754,1.38747,1.3875,55800000,1
1755722940000,1755722999000,1.38751,1.38752,1.38748,1.38751,29820000,1
1755723000000,1755723059000,1.3875,1.38758,1.3875,1.38756,24810000,1
1755723060000,1755723119000,1.38757,1.3876,1.38756,1.38759,23700000,1
1755723120000,1755723179000,1.38758,1.38759,1.38746,1.3875,32550000,1
1755723180000,1755723239000,1.3875,1.38754,1.38738,1.38753,57150000,1
1755723240000,1755723299000,1.38753,1.38753,1.38747,1.38748,25200000,1
1755723300000,1755723359000,1.38747,1.38753,1.38738,1.3874,47100000,1
1755723360000,1755723419000,1.38739,1.38762,1.38738,1.38754,52200000,1
1755723420000,1755723479000,1.38754,1.38756,1.38752,1.38755,43650000,1
1755723480000,1755723539000,1.38758,1.38759,1.38724,1.38725,104400000,1
1755723540000,1755723599000,1.38725,1.38741,1.3871,1.38729,39150000,1
1755723600000,1755723659000,1.38725,1.38725,1.38691,1.38691,3270000,1
1755723660000,1755723719000,1.38694,1.38712,1.3869,1.38712,3450000,1
1755723720000,1755723779000,1.38712,1.38712,1.38698,1.38698,2250000,1
1755723780000,1755723839000,1.38697,1.38698,1.38697,1.38697,1890000,1
1755723840000,1755723899000,1.38681,1.38681,1.38661,1.38681,5400000,1
1755723900000,1755723959000,1.3868,1.38682,1.3868,1.38682,6600000,1
1755723960000,1755724019000,1.38688,1.38688,1.38672,1.38684,9780000,1
1755724020000,1755724079000,1.38685,1.38695,1.38685,1.38689,9150000,1
1755724080000,1755724139000,1.38689,1.3869,1.38689,1.38689,7560000,1
1755724140000,1755724199000,1.3869,1.3869,1.38685,1.38688,8160000,1
1755724200000,1755724259000,1.3869,1.38695,1.38681,1.38682,14640000,1
1755724260000,1755724319000,1.38684,1.38699,1.38679,1.3868,25800000,1
1755724320000,1755724379000,1.38681,1.38682,1.38678,1.38679,21600000,1
1755724380000,1755724439000,1.3868,1.38686,1.38679,1.38686,20550000,1
1755724440000,1755724499000,1.38683,1.38703,1.38683,1.38703,17700000,1
1755724500000,1755724559000,1.38702,1.38703,1.38696,1.38696,13800000,1
1755724560000,1755724619000,1.38696,1.3871,1.38696,1.3871,22800000,1
1755724620000,1755724679000,1.3871,1.3871,1.38696,1.38696,10200000,1
1755724680000,1755724739000,1.38697,1.38704,1.38696,1.38703,16200000,1
1755724740000,1755724799000,1.38701,1.38701,1.38696,1.38696,7350000,1
1755724800000,1755724859000,1.38703,1.38703,1.38696,1.38696,15600000,1
1755724860000,1755724919000,1.38696,1.38701,1.38691,1.38701,22200000,1
1755724920000,1755724979000,1.38701,1.38701,1.38692,1.38699,24750000,1
1755724980000,1755725039000,1.38698,1.38701,1.38695,1.38696,49800000,1
1755725040000,1755725099000,1.38697,1.38705,1.38695,1.38705,15720000,1
1755725100000,1755725159000,1.38705,1.38705,1.38692,1.38703,30000000,1
1755725160000,1755725219000,1.38705,1.38707,1.38703,1.38706,23100000,1
1755725220000,1755725279000,1.38706,1.38708,1.38703,1.38708,21000000,1
1755725280000,1755725339000,1.38709,1.38709,1.3869,1.38695,34200000,1
1755725340000,1755725399000,1.38695,1.38697,1.38693,1.38697,19800000,1
1755725400000,1755725459000,1.38693,1.387,1.38693,1.38699,18600000,1
1755725460000,1755725519000,1.387,1.38702,1.387,1.38702,8910000,1
1755725520000,1755725579000,1.38703,1.38704,1.387,1.387,14400000,1
1755725580000,1755725639000,1.38701,1.38701,1.38693,1.38693,8400000,1
1755725640000,1755725699000,1.38694,1.38701,1.38694,1.38701,21750000,1
1755725700000,1755725759000,1.387,1.38703,1.387,1.38701,27900000,1
1755725760000,1755725819000,1.38701,1.38706,1.38701,1.38705,37200000,1
1755725820000,1755725879000,1.38705,1.3871,1.38702,1.38706,45150000,1
1755725880000,1755725939000,1.38702,1.38702,1.38683,1.38691,58050000,1
1755725940000,1755725999000,1.38691,1.38699,1.38691,1.38694,30150000,1
1755726000000,1755726059000,1.38694,1.38695,1.38694,1.38694,12150000,1
1755726060000,1755726119000,1.38694,1.38695,1.38692,1.38695,28800000,1
1755726120000,1755726179000,1.38693,1.38697,1.38692,1.38697,16800000,1
1755726180000,1755726239000,1.38696,1.38697,1.38695,1.38695,15000000,1
1755726240000,1755726299000,1.38695,1.38698,1.38692,1.38696,18600000,1
1755726300000,1755726359000,1.38696,1.387,1.38696,1.38698,15600000,1
1755726360000,1755726419000,1.387,1.38702,1.387,1.38701,15600000,1
1755726420000,1755726479000,1.38701,1.38701,1.38699,1.387,15000000,1
1755726480000,1755726539000,1.38701,1.38701,1.38695,1.387,13800000,1
1755726540000,1755726599000,1.387,1.38702,1.38697,1.38702,20400000,1
1755726600000,1755726659000,1.38701,1.38703,1.38697,1.38703,29850000,1
1755726660000,1755726719000,1.38702,1.38702,1.38699,1.38699,21120000,1
1755726720000,1755726779000,1.38701,1.38701,1.38698,1.38699,19200000,1
1755726780000,1755726839000,1.387,1.38701,1.38699,1.38699,16050000,1
1755726840000,1755726899000,1.38699,1.387,1.38699,1.387,20400000,1
1755726900000,1755726959000,1.38699,1.38701,1.38693,1.38694,46950000,1
1755726960000,1755727019000,1.38693,1.38693,1.38682,1.38691,23850000,1
1755727020000,1755727079000,1.3869,1.38696,1.38683,1.38683,10200000,1
1755727080000,1755727139000,1.38696,1.38698,1.38681,1.3869,40950000,1
1755727140000,1755727199000,1.38691,1.38698,1.3869,1.3869,6900000,1
1755727200000,1755727259000,1.38707,1.38709,1.38688,1.38697,76500000,1
1755727260000,1755727319000,1.38697,1.38702,1.38687,1.38698,24880000,1
1755727320000,1755727379000,1.38699,1.38701,1.38695,1.38699,10350000,1
1755727380000,1755727439000,1.38699,1.387,1.38687,1.38699,10800000,1
1755727440000,1755727499000,1.38699,1.38699,1.38684,1.38689,33150000,1
1755727500000,1755727559000,1.38689,1.38697,1.38687,1.38697,24900000,1
1755727560000,1755727619000,1.38696,1.38696,1.38687,1.38691,35850000,1
1755727620000,1755727679000,1.38692,1.38692,1.38688,1.38688,13800000,1
1755727680000,1755727739000,1.38688,1.38689,1.38686,1.38686,8550000,1
1755727740000,1755727799000,1.38687,1.38687,1.38687,1.38687,1800000,1
1755727800000,1755727859000,1.38687,1.38687,1.38678,1.38681,27000000,1
1755727860000,1755727919000,1.3868,1.38696,1.38679,1.38694,22950000,1
1755727920000,1755727979000,1.38699,1.38699,1.38694,1.38694,25050000,1
1755727980000,1755728039000,1.38695,1.38705,1.38693,1.38705,26400000,1
1755728040000,1755728099000,1.38704,1.38705,1.38703,1.38703,20550000,1
1755728100000,1755728159000,1.38707,1.38709,1.38706,1.38707,10950000,1
1755728160000,1755728219000,1.38708,1.38712,1.38707,1.38711,24000000,1
1755728220000,1755728279000,1.38711,1.38712,1.38708,1.3871,25950000,1
1755728280000,1755728339000,1.38709,1.3871,1.38707,1.38707,23400000,1
1755728340000,1755728399000,1.38708,1.38708,1.38706,1.38706,12600000,1
1755728400000,1755728459000,1.38708,1.38709,1.38708,1.38709,4200000,1
1755728460000,1755728519000,1.38709,1.38713,1.38709,1.38712,25650000,1
1755728520000,1755728579000,1.38711,1.38711,1.3871,1.3871,4800000,1
1755728580000,1755728639000,1.38711,1.38712,1.38709,1.38712,20250000,1
1755728640000,1755728699000,1.38719,1.38719,1.38718,1.38718,14100000,1
1755728700000,1755728759000,1.38718,1.38718,1.38717,1.38717,16800000,1
1755728760000,1755728819000,1.38718,1.38718,1.38717,1.38718,13950000,1
1755728820000,1755728879000,1.38716,1.38716,1.38712,1.38713,25650000,1
1755728880000,1755728939000,1.38713,1.38713,1.38703,1.38703,45900000,1
1755728940000,1755728999000,1.38702,1.38703,1.38702,1.38702,74400000,1
1755729000000,1755729059000,1.38704,1.38709,1.38703,1.38708,27900000,1
1755729060000,1755729119000,1.38709,1.38711,1.38709,1.38711,12450000,1
1755729120000,1755729179000,1.3871,1.38714,1.3871,1.38713,16770000,1
1755729180000,1755729239000,1.38713,1.3872,1.38712,1.38718,58530000,1
1755729240000,1755729299000,1.38719,1.38719,1.38718,1.38718,12450000,1
1755729300000,1755729359000,1.3872,1.38721,1.3872,1.3872,10800000,1
1755729360000,1755729419000,1.3872,1.3872,1.38714,1.38714,27240000,1
1755729420000,1755729479000,1.38714,1.38715,1.38714,1.38715,11970000,1
1755729480000,1755729539000,1.38715,1.38715,1.38714,1.38714,11940000,1
1755729540000,1755729599000,1.38714,1.38714,1.38713,1.38713,13500000,1
1755729600000,1755729659000,1.38716,1.3872,1.38716,1.38719,21630000,1
1755729660000,1755729719000,1.38719,1.38719,1.38719,1.38719,0,1
1755729720000,1755729779000,1.38718,1.3872,1.38715,1.3872,17490000,1
1755729780000,1755729839000,1.38716,1.38716,1.38715,1.38715,3900000,1
1755729840000,1755729899000,1.38717,1.3872,1.38714,1.38719,12120000,1
1755729900000,1755729959000,1.38719,1.38719,1.38719,1.38719,4950000,1
1755729960000,1755730019000,1.38719,1.38719,1.38717,1.38717,2520000,1
1755730020000,1755730079000,1.38718,1.38721,1.38718,1.3872,15600000,1
1755730080000,1755730139000,1.38718,1.38719,1.38718,1.38718,7140000,1
1755730140000,1755730199000,1.38718,1.38719,1.38718,1.38718,5520000,1
1755730200000,1755730259000,1.38718,1.38719,1.38718,1.38719,33810000,1
1755730260000,1755730319000,1.38718,1.3872,1.38718,1.38719,50400000,1
1755730320000,1755730379000,1.38719,1.3872,1.38718,1.3872,23370000,1
1755730380000,1755730439000,1.3872,1.3872,1.38719,1.38719,55800000,1
1755730440000,1755730499000,1.38719,1.3872,1.38715,1.38717,56880000,1
1755730500000,1755730559000,1.38718,1.38719,1.38717,1.38719,56400000,1
1755730560000,1755730619000,1.38718,1.38719,1.38718,1.38718,68550000,1
1755730620000,1755730679000,1.38718,1.38721,1.38717,1.38721,22200000,1
1755730680000,1755730739000,1.38721,1.38721,1.38719,1.38721,13500000,1
1755730740000,1755730799000,1.3872,1.38722,1.3872,1.3872,15750000,1
1755730800000,1755730859000,1.3872,1.38723,1.3872,1.38721,32070000,1
1755730860000,1755730919000,1.3872,1.3872,1.3872,1.3872,10200000,1
1755730920000,1755730979000,1.38721,1.38723,1.38721,1.38723,18150000,1
1755730980000,1755731039000,1.38721,1.38722,1.38721,1.38722,10800000,1
1755731040000,1755731099000,1.38721,1.38731,1.38721,1.38731,55350000,1
1755731100000,1755731159000,1.38733,1.38733,1.3873,1.38732,14430000,1
1755731160000,1755731219000,1.38733,1.38733,1.38731,1.38731,13080000,1
1755731220000,1755731279000,1.38731,1.38734,1.38731,1.38732,19920000,1
1755731280000,1755731339000,1.38731,1.38734,1.38731,1.38733,24000000,1
1755731340000,1755731399000,1.38732,1.38734,1.38732,1.38734,9750000,1
1755731400000,1755731459000,1.38734,1.38734,1.38731,1.38733,32310000,1
1755731460000,1755731519000,1.38732,1.38732,1.38731,1.38732,18000000,1
1755731520000,1755731579000,1.38732,1.38741,1.38732,1.38741,31980000,1
1755731580000,1755731639000,1.38742,1.38742,1.38741,1.38741,6600000,1
1755731640000,1755731699000,1.38741,1.38742,1.3874,1.3874,30300000,1
1755731700000,1755731759000,1.3874,1.3874,1.38733,1.38733,15150000,1
1755731760000,1755731819000,1.38735,1.38735,1.38734,1.38734,9240000,1
1755731820000,1755731879000,1.38731,1.38731,1.38721,1.38721,44190000,1
1755731880000,1755731939000,1.38721,1.38722,1.38717,1.38719,32460000,1
1755731940000,1755731999000,1.38721,1.38724,1.38721,1.38723,42330000,1
1755732000000,1755732059000,1.38726,1.3873,1.38726,1.38728,28980000,1
1755732060000,1755732119000,1.38728,1.38731,1.38728,1.38729,29640000,1
1755732120000,1755732179000,1.38725,1.38728,1.38723,1.38728,24570000,1
1755732180000,1755732239000,1.38727,1.38728,1.38724,1.38725,21750000,1
1755732240000,1755732299000,1.38725,1.38727,1.38723,1.38724,37890000,1
1755732300000,1755732359000,1.38723,1.38723,1.38717,1.38718,43650000,1
1755732360000,1755732419000,1.38718,1.38719,1.38715,1.38715,35910000,1
1755732420000,1755732479000,1.38716,1.38718,1.3871,1.38711,39570000,1
1755732480000,1755732539000,1.38711,1.38712,1.38707,1.38708,26130000,1
1755732540000,1755732599000,1.3871,1.38717,1.3871,1.38717,32130000,1
1755732600000,1755732659000,1.38716,1.38721,1.38716,1.38721,44130000,1
1755732660000,1755732719000,1.38721,1.38727,1.38719,1.38719,83550000,1
1755732720000,1755732779000,1.38719,1.38721,1.38719,1.38721,32640000,1
1755732780000,1755732839000,1.3872,1.38727,1.3872,1.38727,42900000,1
1755732840000,1755732899000,1.38726,1.38727,1.38719,1.38719,46350000,1
1755732900000,1755732959000,1.38719,1.3872,1.38719,1.3872,13800000,1
1755732960000,1755733019000,1.38721,1.38727,1.3872,1.3872,63780000,1
1755733020000,1755733079000,1.3872,1.38721,1.3872,1.38721,5040000,1
1755733080000,1755733139000,1.3872,1.38727,1.3872,1.38727,41670000,1
1755733140000,1755733199000,1.38727,1.38727,1.38723,1.38723,37350000,1
1755733200000,1755733259000,1.38724,1.38724,1.38722,1.38723,21600000,1
1755733260000,1755733319000,1.38723,1.38728,1.38723,1.38728,20250000,1
1755733320000,1755733379000,1.38727,1.38728,1.38727,1.38728,11400000,1
1755733380000,1755733439000,1.38728,1.3873,1.38728,1.3873,17550000,1
1755733440000,1755733499000,1.3873,1.38733,1.3873,1.38732,43350000,1
1755733500000,1755733559000,1.38732,1.38739,1.38732,1.38738,69600000,1
1755733560000,1755733619000,1.38737,1.3874,1.38732,1.38736,81600000,1
1755733620000,1755733679000,1.38737,1.3874,1.38735,1.38738,32550000,1
1755733680000,1755733739000,1.38738,1.38739,1.38737,1.38739,10350000,1
1755733740000,1755733799000,1.3874,1.3874,1.38737,1.38739,12270000,1
1755733800000,1755733859000,1.38739,1.38741,1.38737,1.38737,30300000,1
1755733860000,1755733919000,1.38738,1.38739,1.38737,1.38739,33120000,1
1755733920000,1755733979000,1.38739,1.38739,1.38739,1.38739,1920000,1
1755733980000,1755734039000,1.38738,1.38738,1.38729,1.38729,36150000,1
1755734040000,1755734099000,1.3873,1.38731,1.38722,1.38723,66870000,1
1755734100000,1755734159000,1.38726,1.3873,1.38726,1.3873,22200000,1
1755734160000,1755734219000,1.3873,1.38732,1.38725,1.38729,67350000,1
1755734220000,1755734279000,1.38729,1.38729,1.38723,1.38728,54720000,1
1755734280000,1755734339000,1.38729,1.38732,1.38727,1.3873,76680000,1
1755734340000,1755734399000,1.38731,1.38739,1.3873,1.38738,43590000,1
1755734400000,1755734459000,1.38737,1.38743,1.38734,1.38737,166830000,1
1755734460000,1755734519000,1.38736,1.3874,1.38735,1.38738,154110000,1
1755734520000,1755734579000,1.38737,1.38742,1.38736,1.3874,78510000,1
1755734580000,1755734639000,1.3874,1.38759,1.3874,1.38757,133500000,1
1755734640000,1755734699000,1.38758,1.3876,1.38751,1.38753,113310000,1
1755734700000,1755734759000,1.38751,1.3876,1.38749,1.3875,174330000,1
1755734760000,1755734819000,1.38749,1.38754,1.38743,1.38743,129390000,1
1755734820000,1755734879000,1.38743,1.38747,1.3873,1.3873,158700000,1
1755734880000,1755734939000,1.38729,1.38741,1.38729,1.38739,108450000,1
1755734940000,1755734999000,1.38739,1.38744,1.38738,1.38741,96300000,1
1755735000000,1755735059000,1.38743,1.3875,1.38739,1.38741,66120000,1
1755735060000,1755735119000,1.38741,1.38742,1.38739,1.3874,56850000,1
1755735120000,1755735179000,1.38741,1.38741,1.38735,1.38741,155670000,1
1755735180000,1755735239000,1.38742,1.38749,1.3874,1.3874,86670000,1
1755735240000,1755735299000,1.38739,1.38743,1.38738,1.38742,79380000,1
1755735300000,1755735359000,1.38742,1.38744,1.38736,1.38743,146370000,1
1755735360000,1755735419000,1.38742,1.38752,1.38742,1.38751,45330000,1
1755735420000,1755735479000,1.38752,1.38752,1.38748,1.38752,42720000,1
1755735480000,1755735539000,1.38749,1.38752,1.38746,1.38748,105120000,1
1755735540000,1755735599000,1.38748,1.38748,1.38742,1.38743,92250000,1
1755735600000,1755735659000,1.38743,1.38749,1.38741,1.38746,96180000,1
1755735660000,1755735719000,1.38746,1.38746,1.38735,1.38738,83340000,1
1755735720000,1755735779000,1.38738,1.38751,1.38737,1.38746,103530000,1
1755735780000,1755735839000,1.38746,1.38759,1.38743,1.38758,86370000,1
1755735840000,1755735899000,1.38758,1.38764,1.38757,1.38757,79830000,1
1755735900000,1755735959000,1.38753,1.38759,1.38741,1.38758,112710000,1
1755735960000,1755736019000,1.38758,1.38758,1.38749,1.38756,67230000,1
1755736020000,1755736079000,1.38755,1.38757,1.38749,1.38756,141090000,1
1755736080000,1755736139000,1.38756,1.38758,1.38756,1.38757,71280000,1
1755736140000,1755736199000,1.38757,1.38759,1.3875,1.38751,110580000,1
1755736200000,1755736259000,1.3875,1.38752,1.38748,1.38751,120390000,1
1755736260000,1755736319000,1.38751,1.38751,1.38742,1.38747,118020000,1
1755736320000,1755736379000,1.38748,1.38752,1.38748,1.38749,61200000,1
1755736380000,1755736439000,1.3875,1.38753,1.3875,1.3875,52050000,1
1755736440000,1755736499000,1.3875,1.38752,1.38748,1.38749,48060000,1
1755736500000,1755736559000,1.3875,1.3875,1.38745,1.38749,69480000,1
1755736560000,1755736619000,1.38749,1.38759,1.38748,1.38759,41640000,1
1755736620000,1755736679000,1.38759,1.3876,1.38759,1.38759,11880000,1
1755736680000,1755736739000,1.38759,1.38769,1.38759,1.38765,52260000,1
1755736740000,1755736799000,1.38766,1.38768,1.38754,1.38754,77790000,1
1755736800000,1755736859000,1.38754,1.38757,1.38754,1.38757,9150000,1
1755736860000,1755736919000,1.38759,1.3876,1.38759,1.3876,33060000,1
1755736920000,1755736979000,1.38759,1.38768,1.38759,1.38767,84360000,1
1755736980000,1755737039000,1.38767,1.38771,1.38767,1.38768,52950000,1
1755737040000,1755737099000,1.38769,1.38769,1.38762,1.38762,73680000,1
1755737100000,1755737159000,1.38761,1.38765,1.38761,1.38765,38100000,1
1755737160000,1755737219000,1.38764,1.3877,1.38764,1.3877,42870000,1
1755737220000,1755737279000,1.38769,1.38781,1.38768,1.3878,103650000,1
1755737280000,1755737339000,1.38779,1.38784,1.38777,1.38779,61530000,1
1755737340000,1755737399000,1.38779,1.38784,1.38779,1.38781,44550000,1
1755737400000,1755737459000,1.38781,1.38795,1.38781,1.38795,127800000,1
1755737460000,1755737519000,1.38794,1.38797,1.3879,1.38797,52380000,1
1755737520000,1755737579000,1.38795,1.38799,1.38793,1.38799,73920000,1
1755737580000,1755737639000,1.38798,1.38802,1.38797,1.38798,76710000,1
1755737640000,1755737699000,1.38798,1.3881,1.38797,1.38808,91500000,1
1755737700000,1755737759000,1.38806,1.38809,1.38803,1.38804,91890000,1
1755737760000,1755737819000,1.38803,1.38803,1.38794,1.388,72000000,1
1755737820000,1755737879000,1.38799,1.38801,1.38789,1.3879,93090000,1
1755737880000,1755737939000,1.38789,1.38795,1.38784,1.38784,136350000,1
1755737940000,1755737999000,1.38784,1.38786,1.38779,1.38779,177780000,1
1755738000000,1755738059000,1.38779,1.38781,1.38772,1.38778,190710000,1
1755738060000,1755738119000,1.38779,1.38779,1.38774,1.38774,195000000,1
1755738120000,1755738179000,1.38775,1.38777,1.38761,1.38776,123450000,1
1755738180000,1755738239000,1.38777,1.38788,1.38767,1.38788,118920000,1
1755738240000,1755738299000,1.38789,1.3879,1.38787,1.38787,22710000,1
1755738300000,1755738359000,1.38785,1.38798,1.3878,1.38798,62460000,1
1755738360000,1755738419000,1.388,1.38807,1.38799,1.38802,75660000,1
1755738420000,1755738479000,1.38802,1.38806,1.38799,1.38804,61740000,1
1755738480000,1755738539000,1.38805,1.38812,1.38802,1.38805,59760000,1
1755738540000,1755738599000,1.38806,1.38815,1.38804,1.38813,115770000,1
1755738600000,1755738659000,1.38812,1.38812,1.38807,1.38809,72720000,1
1755738660000,1755738719000,1.3881,1.3881,1.388,1.388,109830000,1
1755738720000,1755738779000,1.388,1.38808,1.388,1.38807,55470000,1
1755738780000,1755738839000,1.38806,1.38811,1.38806,1.38809,79680000,1
1755738840000,1755738899000,1.38808,1.38812,1.38804,1.38807,83130000,1
1755738900000,1755738959000,1.38807,1.38809,1.3879,1.38791,142530000,1
1755738960000,1755739019000,1.3879,1.38801,1.3879,1.388,86850000,1
1755739020000,1755739079000,1.388,1.38801,1.38791,1.38791,132720000,1
1755739080000,1755739139000,1.38791,1.38792,1.38789,1.3879,57090000,1
1755739140000,1755739199000,1.3879,1.38807,1.3879,1.38804,72780000,1
1755739200000,1755739259000,1.38803,1.38806,1.388,1.388,111960000,1
1755739260000,1755739319000,1.38799,1.38799,1.38789,1.38793,123510000,1
1755739320000,1755739379000,1.38793,1.38795,1.38791,1.38792,114510000,1
1755739380000,1755739439000,1.38794,1.38801,1.38794,1.38796,89400000,1
1755739440000,1755739499000,1.38797,1.38801,1.38793,1.38795,102930000,1
1755739500000,1755739559000,1.38796,1.38798,1.38791,1.38797,88920000,1
1755739560000,1755739619000,1.38797,1.38801,1.38796,1.388,76920000,1
1755739620000,1755739679000,1.388,1.3881,1.38798,1.38803,135810000,1
1755739680000,1755739739000,1.38803,1.38806,1.38802,1.38803,124980000,1
1755739740000,1755739799000,1.38803,1.38806,1.38797,1.38798,122490000,1
1755739800000,1755739859000,1.38797,1.38803,1.38792,1.38803,127440000,1
1755739860000,1755739919000,1.38806,1.38807,1.38798,1.38798,126540000,1
1755739920000,1755739979000,1.38799,1.388,1.38787,1.3879,94920000,1
1755739980000,1755740039000,1.38792,1.38795,1.38787,1.38788,91560000,1
1755740040000,1755740099000,1.38789,1.3879,1.38781,1.38781,140520000,1
1755740100000,1755740159000,1.38781,1.38782,1.38775,1.38781,89250000,1
1755740160000,1755740219000,1.38781,1.38782,1.3877,1.3877,107730000,1
1755740220000,1755740279000,1.38772,1.38772,1.38761,1.38763,133290000,1
1755740280000,1755740339000,1.38762,1.38762,1.38739,1.38741,151560000,1
1755740340000,1755740399000,1.38741,1.38741,1.38731,1.38733,86400000,1
1755740400000,1755740459000,1.38732,1.38742,1.38732,1.3874,156330000,1
1755740460000,1755740519000,1.38738,1.38739,1.3873,1.38733,78600000,1
1755740520000,1755740579000,1.38732,1.38734,1.38721,1.38723,93600000,1
1755740580000,1755740639000,1.38723,1.38743,1.38723,1.38739,93150000,1
1755740640000,1755740699000,1.38741,1.38749,1.38735,1.3874,130500000,1
1755740700000,1755740759000,1.38741,1.38746,1.38738,1.38742,105120000,1
1755740760000,1755740819000,1.38744,1.38747,1.38732,1.38734,126750000,1
1755740820000,1755740879000,1.38734,1.38743,1.38732,1.38742,123000000,1
1755740880000,1755740939000,1.38743,1.38755,1.38743,1.38754,147600000,1
1755740940000,1755740999000,1.38755,1.38755,1.38745,1.38748,62700000,1
1755741000000,1755741059000,1.38748,1.38749,1.38741,1.38741,83400000,1
1755741060000,1755741119000,1.38741,1.38741,1.38733,1.38736,92400000,1
1755741120000,1755741179000,1.3874,1.38741,1.38733,1.3874,136950000,1
1755741180000,1755741239000,1.38741,1.38745,1.38737,1.38742,61350000,1
1755741240000,1755741299000,1.38741,1.38752,1.38741,1.38751,51840000,1
1755741300000,1755741359000,1.38751,1.38752,1.38747,1.38751,55650000,1
1755741360000,1755741419000,1.38751,1.38759,1.38751,1.38759,21900000,1
1755741420000,1755741479000,1.38758,1.38768,1.38758,1.38762,82260000,1
1755741480000,1755741539000,1.38763,1.38764,1.38758,1.38763,59430000,1
1755741540000,1755741599000,1.38762,1.38765,1.38761,1.38763,96540000,1
1755741600000,1755741659000,1.38764,1.38767,1.38761,1.38763,69300000,1
1755741660000,1755741719000,1.38763,1.38765,1.38754,1.38757,104160000,1
1755741720000,1755741779000,1.38756,1.38764,1.38756,1.38761,69450000,1
1755741780000,1755741839000,1.38761,1.38763,1.38753,1.38753,59310000,1
1755741840000,1755741899000,1.38753,1.38762,1.38753,1.3876,91200000,1
1755741900000,1755741959000,1.38759,1.38759,1.38744,1.3875,93090000,1
1755741960000,1755742019000,1.3875,1.3875,1.38743,1.38746,95790000,1
1755742020000,1755742079000,1.38745,1.38752,1.38744,1.38751,83730000,1
1755742080000,1755742139000,1.38751,1.38757,1.38751,1.38752,68010000,1
1755742140000,1755742199000,1.38752,1.38762,1.38752,1.38761,85470000,1
1755742200000,1755742259000,1.38762,1.38762,1.38753,1.38754,52380000,1
1755742260000,1755742319000,1.38754,1.38757,1.38734,1.38734,87000000,1
1755742320000,1755742379000,1.38733,1.38737,1.38729,1.38735,98700000,1
1755742380000,1755742439000,1.38736,1.38739,1.38732,1.38736,72300000,1
1755742440000,1755742499000,1.38735,1.38739,1.38731,1.38735,50070000,1
1755742500000,1755742559000,1.38737,1.38743,1.38732,1.38742,101040000,1
1755742560000,1755742619000,1.38741,1.38753,1.38741,1.38751,83910000,1
1755742620000,1755742679000,1.38751,1.38753,1.38748,1.38751,61200000,1
1755742680000,1755742739000,1.38751,1.38753,1.38751,1.38751,47640000,1
1755742740000,1755742799000,1.38753,1.38754,1.38749,1.38749,39180000,1
1755742800000,1755742859000,1.38752,1.38761,1.38752,1.38758,70050000,1
1755742860000,1755742919000,1.38758,1.38761,1.38757,1.38761,43920000,1
1755742920000,1755742979000,1.38764,1.38769,1.38764,1.38764,76830000,1
1755742980000,1755743039000,1.38764,1.38765,1.38762,1.38763,16530000,1
1755743040000,1755743099000,1.38762,1.38769,1.38762,1.38768,41850000,1
1755743100000,1755743159000,1.38766,1.38766,1.38762,1.38765,55920000,1
1755743160000,1755743219000,1.38764,1.38765,1.38758,1.38761,44340000,1
1755743220000,1755743279000,1.38762,1.38769,1.38761,1.38769,39390000,1
1755743280000,1755743339000,1.38767,1.38769,1.38764,1.38765,72390000,1
1755743340000,1755743399000,1.38765,1.38772,1.38762,1.3877,59340000,1
1755743400000,1755743459000,1.3877,1.38773,1.38769,1.38772,69390000,1
1755743460000,1755743519000,1.3877,1.38772,1.38764,1.38764,50610000,1
1755743520000,1755743579000,1.38763,1.38769,1.38763,1.38767,46470000,1
1755743580000,1755743639000,1.38765,1.38771,1.38765,1.38771,40200000,1
1755743640000,1755743699000,1.38772,1.38773,1.3877,1.38771,39390000,1
1755743700000,1755743759000,1.38771,1.38772,1.3877,1.38772,29820000,1
1755743760000,1755743819000,1.38772,1.38775,1.38768,1.38768,90540000,1
1755743820000,1755743879000,1.38768,1.38774,1.38764,1.38774,86550000,1
1755743880000,1755743939000,1.38773,1.38779,1.38773,1.38778,67650000,1
1755743940000,1755743999000,1.38778,1.38806,1.38777,1.3879,135480000,1
1755744000000,1755744059000,1.3879,1.38794,1.3879,1.38793,45450000,1
1755744060000,1755744119000,1.38795,1.38799,1.38791,1.38791,116430000,1
1755744120000,1755744179000,1.3879,1.38797,1.38784,1.38797,58110000,1
1755744180000,1755744239000,1.38797,1.38798,1.38781,1.38781,63570000,1
1755744240000,1755744299000,1.38781,1.38786,1.38781,1.38781,93360000,1
1755744300000,1755744359000,1.38781,1.38786,1.38781,1.38781,74670000,1
1755744360000,1755744419000,1.38783,1.38783,1.38772,1.38775,95610000,1
1755744420000,1755744479000,1.38773,1.38777,1.38765,1.38773,79650000,1
1755744480000,1755744539000,1.38775,1.38777,1.38773,1.38776,75870000,1
1755744540000,1755744599000,1.38778,1.38779,1.38775,1.38778,37230000,1
1755744600000,1755744659000,1.38777,1.38779,1.38776,1.38776,28800000,1
1755744660000,1755744719000,1.38774,1.38776,1.38772,1.38773,57930000,1
1755744720000,1755744779000,1.38774,1.38775,1.3877,1.38771,48270000,1
1755744780000,1755744839000,1.38772,1.38778,1.3877,1.38775,65100000,1
1755744840000,1755744899000,1.38774,1.38775,1.38765,1.3877,137130000,1
1755744900000,1755744959000,1.3877,1.38786,1.3877,1.38786,63870000,1
1755744960000,1755745019000,1.38786,1.38788,1.38786,1.38788,53910000,1
1755745020000,1755745079000,1.38787,1.38798,1.38787,1.38795,111180000,1
1755745080000,1755745139000,1.38795,1.38795,1.38793,1.38793,67980000,1
1755745140000,1755745199000,1.38794,1.38802,1.38794,1.388,67380000,1
1755745200000,1755745259000,1.38799,1.388,1.38794,1.38794,41430000,1
1755745260000,1755745319000,1.38794,1.38796,1.38788,1.38796,83820000,1
1755745320000,1755745379000,1.38796,1.38796,1.38789,1.38791,37170000,1
1755745380000,1755745439000,1.38792,1.38797,1.38791,1.38792,87450000,1
1755745440000,1755745499000,1.38792,1.38792,1.38782,1.38786,55500000,1
1755745500000,1755745559000,1.38785,1.38787,1.38785,1.38786,52530000,1
1755745560000,1755745619000,1.38784,1.38787,1.38778,1.38784,88200000,1
1755745620000,1755745679000,1.38785,1.38789,1.38781,1.38788,50940000,1
1755745680000,1755745739000,1.38787,1.38793,1.38782,1.38782,92370000,1
1755745740000,1755745799000,1.38782,1.38782,1.38778,1.38782,47310000,1
1755745800000,1755745859000,1.38781,1.38786,1.38781,1.38786,54150000,1
1755745860000,1755745919000,1.38784,1.38787,1.38784,1.38787,21540000,1
1755745920000,1755745979000,1.38784,1.38793,1.38782,1.38793,81360000,1
1755745980000,1755746039000,1.38789,1.38792,1.38788,1.38789,56910000,1
1755746040000,1755746099000,1.38789,1.38789,1.38785,1.38789,66540000,1
1755746100000,1755746159000,1.38788,1.38795,1.38788,1.38792,44340000,1
1755746160000,1755746219000,1.38793,1.38793,1.38785,1.38787,56190000,1
1755746220000,1755746279000,1.38789,1.38794,1.38787,1.38789,128160000,1
1755746280000,1755746339000,1.38789,1.38791,1.38789,1.3879,84450000,1
1755746340000,1755746399000,1.38792,1.38794,1.38792,1.38793,73290000,1
1755746400000,1755746459000,1.38793,1.38795,1.38789,1.38791,75120000,1
1755746460000,1755746519000,1.3879,1.38804,1.3879,1.38802,69600000,1
1755746520000,1755746579000,1.38801,1.38804,1.38798,1.38799,85410000,1
1755746580000,1755746639000,1.388,1.388,1.38799,1.38799,21090000,1
1755746640000,1755746699000,1.38798,1.38803,1.38797,1.38801,60900000,1
1755746700000,1755746759000,1.38801,1.38803,1.38797,1.38797,79440000,1
1755746760000,1755746819000,1.38798,1.38804,1.38798,1.38801,51180000,1
1755746820000,1755746879000,1.38802,1.38807,1.38802,1.38805,35310000,1
1755746880000,1755746939000,1.3881,1.38811,1.38808,1.38808,51390000,1
1755746940000,1755746999000,1.38811,1.38815,1.3881,1.3881,53100000,1
1755747000000,1755747059000,1.38811,1.38816,1.38811,1.38814,68430000,1
1755747060000,1755747119000,1.38813,1.38817,1.38812,1.38817,63030000,1
1755747120000,1755747179000,1.38815,1.38817,1.38814,1.38815,63480000,1
1755747180000,1755747239000,1.38815,1.38818,1.38815,1.38817,181980000,1
1755747240000,1755747299000,1.38817,1.38823,1.38817,1.38822,60780000,1
1755747300000,1755747359000,1.38822,1.38823,1.38812,1.38812,41040000,1
1755747360000,1755747419000,1.38812,1.38814,1.38804,1.38812,99780000,1
1755747420000,1755747479000,1.38812,1.38814,1.38809,1.38809,33450000,1
1755747480000,1755747539000,1.38809,1.3881,1.38803,1.38807,67950000,1
1755747540000,1755747599000,1.38803,1.38804,1.38799,1.38802,49500000,1
1755747600000,1755747659000,1.38801,1.38802,1.388,1.388,29670000,1
1755747660000,1755747719000,1.38807,1.38812,1.38807,1.38812,37800000,1
1755747720000,1755747779000,1.38811,1.38812,1.3881,1.3881,25950000,1
1755747780000,1755747839000,1.38807,1.38808,1.38804,1.38806,47730000,1
1755747840000,1755747899000,1.38807,1.38809,1.38807,1.38808,19050000,1
1755747900000,1755747959000,1.38809,1.38812,1.38809,1.3881,34770000,1
1755747960000,1755748019000,1.38811,1.38816,1.3881,1.38812,38910000,1
1755748020000,1755748079000,1.38813,1.38814,1.3881,1.3881,32160000,1
1755748080000,1755748139000,1.3881,1.3881,1.38806,1.38808,42300000,1
1755748140000,1755748199000,1.38809,1.3881,1.38807,1.38808,48000000,1
1755748200000,1755748259000,1.38809,1.3881,1.38807,1.38807,45990000,1
1755748260000,1755748319000,1.38807,1.38808,1.38801,1.38805,65460000,1
1755748320000,1755748379000,1.38805,1.38808,1.38802,1.38804,53820000,1
1755748380000,1755748439000,1.38805,1.38808,1.38805,1.38807,25440000,1
1755748440000,1755748499000,1.38807,1.38811,1.38802,1.38802,91500000,1
1755748500000,1755748559000,1.38802,1.38802,1.38798,1.38799,14250000,1
1755748560000,1755748619000,1.38798,1.38799,1.38791,1.38795,48150000,1
1755748620000,1755748679000,1.38796,1.38797,1.38791,1.38793,74910000,1
1755748680000,1755748739000,1.38793,1.38798,1.38792,1.38796,56550000,1
1755748740000,1755748799000,1.38797,1.388,1.38797,1.38799,37890000,1
1755748800000,1755748859000,1.38798,1.38808,1.38797,1.38805,90900000,1
1755748860000,1755748919000,1.38806,1.38807,1.38798,1.388,69000000,1
1755748920000,1755748979000,1.38799,1.38799,1.38791,1.38791,30750000,1
1755748980000,1755749039000,1.38791,1.38794,1.38791,1.38793,33900000,1
1755749040000,1755749099000,1.38794,1.38798,1.38791,1.38798,49500000,1
1755749100000,1755749159000,1.38798,1.38799,1.38796,1.38797,32310000,1
1755749160000,1755749219000,1.38798,1.38798,1.38798,1.38798,4200000,1
1755749220000,1755749279000,1.38798,1.38805,1.38796,1.388,70830000,1
1755749280000,1755749339000,1.38801,1.38805,1.38801,1.38801,50520000,1
1755749340000,1755749399000,1.38802,1.38805,1.38799,1.38799,68520000,1
1755749400000,1755749459000,1.38799,1.388,1.38796,1.38797,70050000,1
1755749460000,1755749519000,1.38796,1.38798,1.38791,1.38791,52950000,1
1755749520000,1755749579000,1.38792,1.38792,1.38788,1.38789,38700000,1
1755749580000,1755749639000,1.3879,1.38792,1.3879,1.38791,41250000,1
1755749640000,1755749699000,1.3879,1.38792,1.38788,1.38788,55800000,1
1755749700000,1755749759000,1.38789,1.38789,1.38786,1.38788,25200000,1
1755749760000,1755749819000,1.38787,1.38788,1.38785,1.38785,14700000,1
1755749820000,1755749879000,1.38787,1.38789,1.38787,1.38789,29250000,1
1755749880000,1755749939000,1.38786,1.38789,1.38786,1.38789,4950000,1
1755749940000,1755749999000,1.38788,1.38796,1.38788,1.38791,74400000,1
1755750000000,1755750059000,1.3879,1.38792,1.38786,1.3879,129600000,1
1755750060000,1755750119000,1.3879,1.38791,1.3879,1.3879,61050000,1
1755750120000,1755750179000,1.3879,1.38791,1.3879,1.38791,18000000,1
1755750180000,1755750239000,1.38791,1.38791,1.38788,1.38789,39750000,1
1755750240000,1755750299000,1.38789,1.3879,1.38787,1.38787,13350000,1
1755750300000,1755750359000,1.38788,1.38789,1.38786,1.38789,51300000,1
1755750360000,1755750419000,1.38789,1.38791,1.38789,1.3879,31800000,1
1755750420000,1755750479000,1.38791,1.38794,1.38787,1.38787,24550000,1
1755750480000,1755750539000,1.38788,1.38788,1.38786,1.38787,53100000,1
1755750540000,1755750599000,1.38787,1.38792,1.38787,1.38789,76800000,1
1755750600000,1755750659000,1.38789,1.38793,1.38787,1.38792,72900000,1
1755750660000,1755750719000,1.38791,1.38792,1.38782,1.38782,43300000,1
1755750720000,1755750779000,1.38782,1.38782,1.38779,1.38781,41100000,1
1755750780000,1755750839000,1.38779,1.38781,1.38773,1.38773,52350000,1
1755750840000,1755750899000,1.38776,1.38777,1.38771,1.38777,18300000,1
1755750900000,1755750959000,1.38777,1.38777,1.3877,1.38774,40500000,1
1755750960000,1755751019000,1.3877,1.38771,1.3877,1.38771,20100000,1
1755751020000,1755751079000,1.38772,1.38772,1.38771,1.38771,45900000,1
1755751080000,1755751139000,1.38771,1.38772,1.38771,1.38772,15300000,1
1755751140000,1755751199000,1.38772,1.38779,1.38771,1.38778,111000000,1
1755751200000,1755751259000,1.38779,1.38785,1.38779,1.38782,24750000,1
1755751260000,1755751319000,1.38783,1.38783,1.38782,1.38782,3150000,1
1755751320000,1755751379000,1.38781,1.38782,1.38781,1.38781,9000000,1
1755751380000,1755751439000,1.3878,1.38783,1.3878,1.38781,29100000,1
1755751440000,1755751499000,1.38781,1.38782,1.38781,1.38781,13950000,1
1755751500000,1755751559000,1.38781,1.38782,1.38781,1.38781,19650000,1
1755751560000,1755751619000,1.38781,1.38783,1.3878,1.38781,30900000,1
1755751620000,1755751679000,1.38782,1.38783,1.38781,1.38783,66810000,1
1755751680000,1755751739000,1.38783,1.38788,1.38783,1.38787,66210000,1
1755751740000,1755751799000,1.38787,1.38788,1.38786,1.38788,21510000,1
1755751800000,1755751859000,1.38788,1.38788,1.38786,1.38786,5550000,1
1755751860000,1755751919000,1.38786,1.38787,1.38785,1.38786,27750000,1
1755751920000,1755751979000,1.38787,1.38788,1.3878,1.3878,31800000,1
1755751980000,1755752039000,1.38781,1.38781,1.38779,1.38779,29400000,1
1755752040000,1755752099000,1.3878,1.38783,1.3878,1.38783,15450000,1
1755752100000,1755752159000,1.38783,1.38788,1.38781,1.38786,30600000,1
1755752160000,1755752219000,1.38788,1.38793,1.38787,1.38789,74700000,1
1755752220000,1755752279000,1.3879,1.38792,1.38789,1.38791,31650000,1
1755752280000,1755752339000,1.3879,1.38791,1.38788,1.38788,26340000,1
1755752340000,1755752399000,1.38788,1.3879,1.38787,1.38789,35700000,1
1755752400000,1755752459000,1.38787,1.38788,1.38786,1.38788,21600000,1
1755752460000,1755752519000,1.38788,1.38788,1.38781,1.38781,54600000,1
1755752520000,1755752579000,1.38782,1.3879,1.38782,1.38789,55800000,1
1755752580000,1755752639000,1.3879,1.3879,1.38786,1.38787,30000000,1
1755752640000,1755752699000,1.38787,1.38788,1.38786,1.38788,33450000,1
1755752700000,1755752759000,1.38786,1.38787,1.38781,1.38787,43950000,1
1755752760000,1755752819000,1.38788,1.38791,1.38788,1.38791,32100000,1
1755752820000,1755752879000,1.38788,1.38798,1.38788,1.38796,87150000,1
1755752880000,1755752939000,1.38796,1.38796,1.38791,1.38791,62490000,1
1755752940000,1755752999000,1.38791,1.38795,1.38787,1.38794,87900000,1
1755753000000,1755753059000,1.38794,1.38795,1.38792,1.38794,46950000,1
1755753060000,1755753119000,1.38797,1.3881,1.38797,1.38806,67920000,1
1755753120000,1755753179000,1.38807,1.38811,1.38807,1.38811,67080000,1
1755753180000,1755753239000,1.38811,1.3882,1.38811,1.3882,39480000,1
1755753240000,1755753299000,1.38819,1.38822,1.38816,1.3882,35550000,1
1755753300000,1755753359000,1.38821,1.38821,1.38813,1.38815,50850000,1
1755753360000,1755753419000,1.38814,1.38815,1.38806,1.38807,33000000,1
1755753420000,1755753479000,1.38806,1.38806,1.38788,1.38789,33750000,1
1755753480000,1755753539000,1.38787,1.38787,1.3878,1.38781,26250000,1
1755753540000,1755753599000,1.38781,1.38782,1.38779,1.38779,13200000,1
1755753600000,1755753659000,1.38778,1.38782,1.38778,1.38782,16800000,1
1755753660000,1755753719000,1.38782,1.38783,1.38773,1.3878,47550000,1
1755753720000,1755753779000,1.38781,1.38788,1.3878,1.38784,46650000,1
1755753780000,1755753839000,1.38783,1.38783,1.38775,1.38775,16050000,1
1755753840000,1755753899000,1.38776,1.38776,1.38774,1.38774,10950000,1
1755753900000,1755753959000,1.38775,1.38776,1.38775,1.38776,13800000,1
1755753960000,1755754019000,1.38777,1.3878,1.38773,1.38776,27450000,1
1755754020000,1755754079000,1.38776,1.38779,1.38773,1.38774,25500000,1
1755754080000,1755754139000,1.38774,1.38779,1.38771,1.38772,40500000,1
1755754140000,1755754199000,1.38771,1.38771,1.38769,1.38769,11400000,1
1755754200000,1755754259000,1.38769,1.38769,1.38762,1.38764,27900000,1
1755754260000,1755754319000,1.38764,1.38775,1.38764,1.38775,45750000,1
1755754320000,1755754379000,1.38776,1.38777,1.38771,1.38771,64440000,1
1755754380000,1755754439000,1.38772,1.38772,1.38763,1.38763,24900000,1
1755754440000,1755754499000,1.38763,1.38768,1.38763,1.38766,69300000,1
1755754500000,1755754559000,1.38766,1.38766,1.38757,1.38758,53400000,1
1755754560000,1755754619000,1.38759,1.3876,1.38758,1.3876,12450000,1
1755754620000,1755754679000,1.3876,1.38771,1.3876,1.3877,18000000,1
1755754680000,1755754739000,1.38769,1.38771,1.38769,1.3877,24450000,1
1755754740000,1755754799000,1.3877,1.3877,1.38767,1.38768,11700000,1
1755754800000,1755754859000,1.38767,1.38768,1.38763,1.38764,69600000,1
1755754860000,1755754919000,1.38766,1.38774,1.38766,1.38768,34500000,1
1755754920000,1755754979000,1.38768,1.38768,1.38755,1.38755,39600000,1
1755754980000,1755755039000,1.38755,1.38758,1.38751,1.38751,31500000,1
1755755040000,1755755099000,1.38753,1.38756,1.38753,1.38754,25200000,1
1755755100000,1755755159000,1.38755,1.38759,1.3875,1.3875,54300000,1
1755755160000,1755755219000,1.3875,1.38751,1.38748,1.3875,16200000,1
1755755220000,1755755279000,1.38751,1.38753,1.38744,1.38744,18000000,1
1755755280000,1755755339000,1.38744,1.38749,1.38742,1.38748,20700000,1
1755755340000,1755755399000,1.38747,1.38748,1.38744,1.38745,36600000,1
1755755400000,1755755459000,1.38745,1.38751,1.38745,1.38749,29100000,1
1755755460000,1755755519000,1.3875,1.38759,1.3875,1.38758,21000000,1
1755755520000,1755755579000,1.38759,1.38767,1.38757,1.38767,45390000,1
1755755580000,1755755639000,1.38766,1.38766,1.38753,1.38753,54750000,1
1755755640000,1755755699000,1.38754,1.38754,1.38745,1.38746,47400000,1
1755755700000,1755755759000,1.38746,1.38749,1.38743,1.38747,59130000,1
1755755760000,1755755819000,1.38749,1.38749,1.38747,1.38747,13230000,1
1755755820000,1755755879000,1.38747,1.38749,1.38745,1.38748,52950000,1
1755755880000,1755755939000,1.38747,1.38749,1.38747,1.38748,26940000,1
1755755940000,1755755999000,1.38748,1.38753,1.38747,1.38747,36990000,1
1755756000000,1755756059000,1.38748,1.38756,1.38734,1.38741,101820000,1
1755756060000,1755756119000,1.3874,1.38742,1.38738,1.38738,24780000,1
1755756120000,1755756179000,1.38738,1.38741,1.38732,1.38739,69330000,1
1755756180000,1755756239000,1.3874,1.38749,1.3874,1.38747,73740000,1
1755756240000,1755756299000,1.38749,1.38761,1.38749,1.3876,78000000,1
1755756300000,1755756359000,1.3876,1.38761,1.38751,1.38753,99060000,1
1755756360000,1755756419000,1.38752,1.38752,1.38741,1.38742,58140000,1
1755756420000,1755756479000,1.38742,1.38747,1.38742,1.38744,39900000,1
1755756480000,1755756539000,1.38743,1.38761,1.38742,1.38759,62550000,1
1755756540000,1755756599000,1.38759,1.38768,1.38758,1.38759,52500000,1
1755756600000,1755756659000,1.3876,1.38761,1.38759,1.38759,25950000,1
1755756660000,1755756719000,1.38758,1.38766,1.38758,1.38764,56670000,1
1755756720000,1755756779000,1.38765,1.38765,1.38754,1.3876,48990000,1
1755756780000,1755756839000,1.38761,1.38762,1.3876,1.38762,24150000,1
1755756840000,1755756899000,1.38761,1.38762,1.38758,1.3876,47610000,1
1755756900000,1755756959000,1.3876,1.38768,1.38759,1.38761,44550000,1
1755756960000,1755757019000,1.38762,1.38762,1.38749,1.38749,54300000,1
1755757020000,1755757079000,1.3875,1.3875,1.38743,1.38743,65550000,1
1755757080000,1755757139000,1.38744,1.38744,1.38742,1.38742,76800000,1
1755757140000,1755757199000,1.38742,1.38745,1.38741,1.38743,50550000,1
1755757200000,1755757259000,1.38745,1.38754,1.38745,1.38751,52650000,1
1755757260000,1755757319000,1.38751,1.38761,1.38751,1.38761,20250000,1
1755757320000,1755757379000,1.38761,1.38779,1.38761,1.38776,76620000,1
1755757380000,1755757439000,1.38776,1.38782,1.38774,1.38782,46620000,1
1755757440000,1755757499000,1.38783,1.38787,1.38783,1.38784,44100000,1
1755757500000,1755757559000,1.38783,1.38788,1.38772,1.38774,87090000,1
1755757560000,1755757619000,1.38773,1.3878,1.38773,1.3878,67110000,1
1755757620000,1755757679000,1.38779,1.38791,1.38779,1.38785,32970000,1
1755757680000,1755757739000,1.38784,1.38784,1.38776,1.38779,41250000,1
1755757740000,1755757799000,1.38778,1.38789,1.38778,1.38779,76740000,1
1755757800000,1755757859000,1.38779,1.38779,1.38761,1.38762,67110000,1
1755757860000,1755757919000,1.38762,1.38771,1.38762,1.38765,61260000,1
1755757920000,1755757979000,1.38765,1.38771,1.38762,1.3877,26700000,1
1755757980000,1755758039000,1.38769,1.38777,1.38763,1.3877,66900000,1
1755758040000,1755758099000,1.3877,1.38781,1.38769,1.38779,71910000,1
1755758100000,1755758159000,1.38778,1.3878,1.38771,1.38771,63210000,1
1755758160000,1755758219000,1.38771,1.38771,1.38764,1.38766,46620000,1
1755758220000,1755758279000,1.38768,1.38787,1.38768,1.38778,87240000,1
1755758280000,1755758339000,1.38777,1.38777,1.38771,1.38771,39450000,1
1755758340000,1755758399000,1.38771,1.38776,1.38771,1.38773,47850000,1
1755758400000,1755758459000,1.38772,1.38778,1.38772,1.38776,39990000,1
1755758460000,1755758519000,1.38776,1.38776,1.38763,1.38772,66900000,1
1755758520000,1755758579000,1.3877,1.3877,1.38761,1.38762,50250000,1
1755758580000,1755758639000,1.38763,1.38764,1.3876,1.38761,44550000,1
1755758640000,1755758699000,1.38762,1.3878,1.38761,1.38779,63090000,1
1755758700000,1755758759000,1.3878,1.38789,1.38779,1.38788,50910000,1
1755758760000,1755758819000,1.38788,1.38791,1.38784,1.38785,82740000,1
1755758820000,1755758879000,1.38785,1.38785,1.38772,1.38774,39450000,1
1755758880000,1755758939000,1.38772,1.38774,1.38769,1.38772,103680000,1
1755758940000,1755758999000,1.38774,1.38788,1.38773,1.38782,53940000,1
1755759000000,1755759059000,1.38782,1.38783,1.38778,1.38779,62400000,1
1755759060000,1755759119000,1.38779,1.38783,1.38778,1.38778,43800000,1
1755759120000,1755759179000,1.38779,1.38782,1.38778,1.3878,47310000,1
1755759180000,1755759239000,1.38781,1.38791,1.38781,1.38788,71730000,1
1755759240000,1755759299000,1.38789,1.38791,1.38788,1.38789,65790000,1
1755759300000,1755759359000,1.38789,1.38804,1.38789,1.38801,102210000,1
1755759360000,1755759419000,1.388,1.38801,1.38794,1.38794,112530000,1
1755759420000,1755759479000,1.38793,1.38795,1.38784,1.38791,99090000,1
1755759480000,1755759539000,1.38792,1.38792,1.38785,1.38788,105000000,1
1755759540000,1755759599000,1.38789,1.38789,1.38784,1.38784,77400000,1
1755759600000,1755759659000,1.38783,1.38791,1.38777,1.38789,156390000,1
1755759660000,1755759719000,1.38788,1.38802,1.38786,1.38802,140790000,1
1755759720000,1755759779000,1.38801,1.38822,1.38801,1.38822,132360000,1
1755759780000,1755759839000,1.38823,1.38834,1.38822,1.38831,95670000,1
1755759840000,1755759899000,1.3883,1.3885,1.38828,1.38836,193260000,1
1755759900000,1755759959000,1.38836,1.38836,1.38829,1.3883,77940000,1
1755759960000,1755760019000,1.3883,1.38832,1.38828,1.38832,60600000,1
1755760020000,1755760079000,1.38832,1.38839,1.38827,1.3883,111570000,1
1755760080000,1755760139000,1.38831,1.38831,1.3882,1.3882,73590000,1
1755760140000,1755760199000,1.3882,1.38821,1.38817,1.38819,62040000,1
1755760200000,1755760259000,1.38819,1.38831,1.38819,1.3883,77280000,1
1755760260000,1755760319000,1.38829,1.38831,1.38827,1.38828,46050000,1
1755760320000,1755760379000,1.38829,1.3883,1.38819,1.38819,50250000,1
1755760380000,1755760439000,1.38818,1.38818,1.38801,1.38812,118530000,1
1755760440000,1755760499000,1.38812,1.38815,1.3881,1.3881,105000000,1
1755760500000,1755760559000,1.38811,1.38811,1.38776,1.38785,193830000,1
1755760560000,1755760619000,1.38786,1.38795,1.38782,1.3879,104850000,1
1755760620000,1755760679000,1.38791,1.38803,1.38788,1.388,83550000,1
1755760680000,1755760739000,1.388,1.38811,1.38798,1.38808,104100000,1
1755760740000,1755760799000,1.38807,1.38809,1.388,1.38807,72450000,1
1755760800000,1755760859000,1.38807,1.3882,1.38803,1.38818,81150000,1
1755760860000,1755760919000,1.38819,1.38823,1.38815,1.38821,79500000,1
1755760920000,1755760979000,1.38821,1.38832,1.38819,1.38821,73950000,1
1755760980000,1755761039000,1.38822,1.38822,1.38811,1.38811,51600000,1
1755761040000,1755761099000,1.38813,1.38818,1.3881,1.38817,46650000,1
1755761100000,1755761159000,1.38818,1.3882,1.38813,1.38818,65850000,1
1755761160000,1755761219000,1.38818,1.38821,1.38815,1.38819,51750000,1
1755761220000,1755761279000,1.38819,1.38822,1.38819,1.38819,19200000,1
1755761280000,1755761339000,1.38819,1.38821,1.38819,1.38819,8400000,1
1755761340000,1755761399000,1.38822,1.38828,1.38816,1.38816,42000000,1
1755761400000,1755761459000,1.38815,1.38817,1.38793,1.38798,102450000,1
1755761460000,1755761519000,1.38798,1.38798,1.38782,1.38789,96600000,1
1755761520000,1755761579000,1.38791,1.38797,1.38789,1.3879,84450000,1
1755761580000,1755761639000,1.38789,1.38807,1.38785,1.38804,58950000,1
1755761640000,1755761699000,1.38806,1.38807,1.38795,1.388,78960000,1
1755761700000,1755761759000,1.38799,1.38806,1.38788,1.38789,78480000,1
1755761760000,1755761819000,1.3879,1.38791,1.3878,1.38782,92940000,1
1755761820000,1755761879000,1.38782,1.38783,1.38769,1.38773,96240000,1
1755761880000,1755761939000,1.38772,1.38775,1.38771,1.38773,118860000,1
1755761940000,1755761999000,1.3877,1.38772,1.38764,1.38772,91920000,1
1755762000000,1755762059000,1.38772,1.38788,1.38768,1.38788,67290000,1
1755762060000,1755762119000,1.38788,1.38789,1.3878,1.3878,78300000,1
1755762120000,1755762179000,1.38778,1.3878,1.38772,1.3878,92040000,1
1755762180000,1755762239000,1.38778,1.38791,1.38777,1.3879,69000000,1
1755762240000,1755762299000,1.38791,1.38801,1.3879,1.38799,88410000,1
1755762300000,1755762359000,1.38799,1.388,1.38789,1.38789,48000000,1
1755762360000,1755762419000,1.38789,1.38799,1.38789,1.38799,73230000,1
1755762420000,1755762479000,1.388,1.38812,1.38799,1.38812,80940000,1
1755762480000,1755762539000,1.38812,1.38812,1.38802,1.38802,96180000,1
1755762540000,1755762599000,1.38803,1.38806,1.38803,1.38805,122400000,1
1755762600000,1755762659000,1.38806,1.38806,1.38772,1.38772,127500000,1
1755762660000,1755762719000,1.38772,1.38773,1.38769,1.38772,78000000,1
1755762720000,1755762779000,1.3877,1.3879,1.3877,1.38789,121650000,1
1755762780000,1755762839000,1.38789,1.38793,1.38781,1.38781,94710000,1
1755762840000,1755762899000,1.38782,1.38786,1.38774,1.38774,142500000,1
1755762900000,1755762959000,1.38774,1.38779,1.38769,1.38769,169020000,1
1755762960000,1755763019000,1.38769,1.38779,1.38768,1.38779,102780000,1
1755763020000,1755763079000,1.3878,1.38788,1.38776,1.38788,127560000,1
1755763080000,1755763139000,1.38789,1.38799,1.38789,1.38797,124710000,1
1755763140000,1755763199000,1.38797,1.38802,1.38792,1.38792,83100000,1
1755763200000,1755763259000,1.38794,1.38805,1.3879,1.38793,143820000,1
1755763260000,1755763319000,1.38793,1.38806,1.38793,1.38803,179400000,1
1755763320000,1755763379000,1.38802,1.3882,1.38802,1.38819,137820000,1
1755763380000,1755763439000,1.38818,1.38821,1.38816,1.38817,143190000,1
1755763440000,1755763499000,1.38817,1.38819,1.3881,1.38816,91650000,1
1755763500000,1755763559000,1.38818,1.38824,1.38815,1.38824,132390000,1
1755763560000,1755763619000,1.38827,1.38828,1.38825,1.38828,72330000,1
1755763620000,1755763679000,1.38827,1.38827,1.38818,1.38818,136500000,1
1755763680000,1755763739000,1.38818,1.38818,1.3881,1.38817,72390000,1
1755763740000,1755763799000,1.38818,1.38818,1.38811,1.38815,128400000,1
1755763800000,1755763859000,1.38815,1.38816,1.38808,1.38812,84150000,1
1755763860000,1755763919000,1.38814,1.38815,1.38808,1.38813,141900000,1
1755763920000,1755763979000,1.38812,1.38812,1.38807,1.3881,105360000,1
1755763980000,1755764039000,1.3881,1.38811,1.38802,1.38805,125670000,1
1755764040000,1755764099000,1.38806,1.38811,1.38802,1.38809,104730000,1
1755764100000,1755764159000,1.38808,1.38814,1.38802,1.3881,154950000,1
1755764160000,1755764219000,1.3881,1.38815,1.38809,1.3881,109350000,1
1755764220000,1755764279000,1.3881,1.3881,1.38799,1.38799,155850000,1
1755764280000,1755764339000,1.388,1.38811,1.388,1.3881,76320000,1
1755764340000,1755764399000,1.38811,1.38822,1.38811,1.38818,92070000,1
1755764400000,1755764459000,1.38817,1.38826,1.38817,1.38817,92010000,1
1755764460000,1755764519000,1.38817,1.38817,1.38805,1.38806,63420000,1
1755764520000,1755764579000,1.38804,1.38804,1.38793,1.38793,77250000,1
1755764580000,1755764639000,1.38792,1.38792,1.38785,1.38787,86700000,1
1755764640000,1755764699000,1.38787,1.3879,1.3878,1.38789,132450000,1
1755764700000,1755764759000,1.38789,1.38796,1.38784,1.38792,133470000,1
1755764760000,1755764819000,1.38793,1.38794,1.3879,1.38793,108240000,1
1755764820000,1755764879000,1.38794,1.38794,1.3879,1.38791,133230000,1
1755764880000,1755764939000,1.38791,1.38792,1.38781,1.38785,79170000,1
1755764940000,1755764999000,1.38785,1.38786,1.38777,1.38781,98850000,1
1755765000000,1755765059000,1.38781,1.38781,1.38759,1.38765,148050000,1
1755765060000,1755765119000,1.38765,1.38767,1.38755,1.38762,60810000,1
1755765120000,1755765179000,1.38761,1.38772,1.38761,1.38769,51810000,1
1755765180000,1755765239000,1.38769,1.38775,1.38767,1.38769,56070000,1
1755765240000,1755765299000,1.38769,1.38774,1.38768,1.38771,62550000,1
1755765300000,1755765359000,1.38771,1.38787,1.3877,1.38786,81600000,1
1755765360000,1755765419000,1.38787,1.38788,1.38783,1.38786,65850000,1
1755765420000,1755765479000,1.38784,1.3879,1.38784,1.3879,45600000,1
1755765480000,1755765539000,1.38789,1.3879,1.3878,1.3878,53550000,1
1755765540000,1755765599000,1.3878,1.38784,1.38779,1.38782,74250000,1
1755765600000,1755765659000,1.38784,1.38796,1.38784,1.38795,59850000,1
1755765660000,1755765719000,1.38796,1.388,1.38791,1.388,55770000,1
1755765720000,1755765779000,1.388,1.38806,1.38798,1.38798,64800000,1
1755765780000,1755765839000,1.38801,1.38801,1.3879,1.38795,65250000,1
1755765840000,1755765899000,1.38795,1.38798,1.38791,1.38792,89400000,1
1755765900000,1755765959000,1.38793,1.38798,1.38791,1.38797,101400000,1
1755765960000,1755766019000,1.38797,1.38797,1.38791,1.38795,51120000,1
1755766020000,1755766079000,1.38794,1.38797,1.38792,1.38793,40620000,1
1755766080000,1755766139000,1.38794,1.38806,1.3879,1.38805,42270000,1
1755766140000,1755766199000,1.38806,1.38809,1.38805,1.38805,105330000,1
1755766200000,1755766259000,1.38804,1.38807,1.38792,1.38798,68340000,1
1755766260000,1755766319000,1.38797,1.38802,1.38792,1.38792,62580000,1
1755766320000,1755766379000,1.38794,1.38802,1.38793,1.38798,45120000,1
1755766380000,1755766439000,1.38797,1.38802,1.38791,1.38791,83610000,1
1755766440000,1755766499000,1.38791,1.38792,1.38784,1.38785,71100000,1
1755766500000,1755766559000,1.38784,1.38784,1.3877,1.3877,77190000,1
1755766560000,1755766619000,1.3877,1.38771,1.38761,1.38763,86940000,1
1755766620000,1755766679000,1.38764,1.38766,1.38761,1.38764,83310000,1
1755766680000,1755766739000,1.38764,1.38772,1.38758,1.38771,108210000,1
1755766740000,1755766799000,1.38772,1.38779,1.38771,1.38779,80310000,1
1755766800000,1755766859000,1.38777,1.38783,1.38768,1.38781,97200000,1
1755766860000,1755766919000,1.38782,1.38782,1.38773,1.38779,67020000,1
1755766920000,1755766979000,1.38778,1.38782,1.38778,1.3878,72840000,1
1755766980000,1755767039000,1.3878,1.38792,1.3878,1.38792,51840000,1
1755767040000,1755767099000,1.38792,1.388,1.38789,1.388,46590000,1
1755767100000,1755767159000,1.388,1.38803,1.38799,1.38801,42150000,1
1755767160000,1755767219000,1.38803,1.38803,1.388,1.388,37200000,1
1755767220000,1755767279000,1.38799,1.38799,1.38775,1.38776,46650000,1
1755767280000,1755767339000,1.38776,1.38781,1.38767,1.38767,126180000,1
1755767340000,1755767399000,1.38768,1.38768,1.3876,1.38761,75390000,1
1755767400000,1755767459000,1.3876,1.3876,1.38734,1.38734,79740000,1
1755767460000,1755767519000,1.38733,1.3875,1.38733,1.38749,60270000,1
1755767520000,1755767579000,1.3875,1.38756,1.38748,1.38755,79350000,1
1755767580000,1755767639000,1.38756,1.38757,1.38751,1.38753,79890000,1
1755767640000,1755767699000,1.38753,1.38753,1.38746,1.38749,90150000,1
1755767700000,1755767759000,1.38748,1.38753,1.38746,1.38748,93750000,1
1755767760000,1755767819000,1.3875,1.3876,1.3875,1.38759,44910000,1
1755767820000,1755767879000,1.38758,1.38758,1.38751,1.38751,52020000,1
1755767880000,1755767939000,1.38751,1.38752,1.38742,1.38747,88650000,1
1755767940000,1755767999000,1.38748,1.38755,1.38739,1.38755,159660000,1
1755768000000,1755768059000,1.38757,1.38762,1.38757,1.38758,73950000,1
1755768060000,1755768119000,1.3876,1.38763,1.38759,1.38763,44130000,1
1755768120000,1755768179000,1.38766,1.38772,1.38765,1.3877,125880000,1
1755768180000,1755768239000,1.38769,1.38772,1.38765,1.38766,85170000,1
1755768240000,1755768299000,1.38768,1.38772,1.38759,1.38759,86070000,1
1755768300000,1755768359000,1.38759,1.38763,1.38759,1.38759,41040000,1
1755768360000,1755768419000,1.38759,1.38762,1.38753,1.3876,72690000,1
1755768420000,1755768479000,1.38761,1.38761,1.38755,1.38759,90450000,1
1755768480000,1755768539000,1.38758,1.38759,1.38753,1.38753,91500000,1
1755768540000,1755768599000,1.38753,1.38759,1.38753,1.38756,97350000,1
1755768600000,1755768659000,1.38756,1.38763,1.38752,1.3876,104100000,1
1755768660000,1755768719000,1.3876,1.38767,1.3876,1.38767,57150000,1
1755768720000,1755768779000,1.38765,1.38766,1.38761,1.38761,61500000,1
1755768780000,1755768839000,1.38761,1.38762,1.3876,1.38762,67650000,1
1755768840000,1755768899000,1.38762,1.38772,1.38761,1.3877,61230000,1
1755768900000,1755768959000,1.3877,1.38771,1.38761,1.38761,57090000,1
1755768960000,1755769019000,1.38761,1.38764,1.38759,1.38762,84660000,1
1755769020000,1755769079000,1.38763,1.38763,1.38761,1.38761,41580000,1
1755769080000,1755769139000,1.38761,1.38761,1.38753,1.38756,51660000,1
1755769140000,1755769199000,1.38755,1.38756,1.38749,1.38749,76530000,1
1755769200000,1755769259000,1.38748,1.38748,1.38735,1.38735,52740000,1
1755769260000,1755769319000,1.38735,1.38758,1.38735,1.38754,45150000,1
1755769320000,1755769379000,1.38755,1.38756,1.38752,1.38752,65160000,1
1755769380000,1755769439000,1.38755,1.38755,1.3875,1.38754,33000000,1
1755769440000,1755769499000,1.38753,1.38754,1.38744,1.38748,38880000,1
1755769500000,1755769559000,1.38748,1.38757,1.38748,1.38756,44160000,1
1755769560000,1755769619000,1.38755,1.38757,1.38752,1.38752,40890000,1
1755769620000,1755769679000,1.38751,1.38758,1.38751,1.38752,53160000,1
1755769680000,1755769739000,1.38751,1.38754,1.38743,1.38753,54840000,1
1755769740000,1755769799000,1.38754,1.38754,1.3875,1.38753,30690000,1
1755769800000,1755769859000,1.38754,1.38756,1.38751,1.38753,56250000,1
1755769860000,1755769919000,1.38752,1.38767,1.38752,1.38763,48540000,1
1755769920000,1755769979000,1.38763,1.38768,1.3876,1.38766,46530000,1
1755769980000,1755770039000,1.38763,1.38768,1.38763,1.38764,52800000,1
1755770040000,1755770099000,1.38764,1.38765,1.38762,1.38762,41460000,1
1755770100000,1755770159000,1.38762,1.38763,1.38757,1.38758,50820000,1
1755770160000,1755770219000,1.38758,1.38768,1.38757,1.38768,110250000,1
1755770220000,1755770279000,1.38767,1.38774,1.38767,1.38773,93300000,1
1755770280000,1755770339000,1.38772,1.38781,1.38771,1.38778,95100000,1
1755770340000,1755770399000,1.38778,1.38788,1.38778,1.38785,96690000,1
1755770400000,1755770459000,1.38786,1.38795,1.38782,1.38792,119280000,1
1755770460000,1755770519000,1.38791,1.38791,1.38781,1.38782,57570000,1
1755770520000,1755770579000,1.38782,1.38787,1.38781,1.38785,74220000,1
1755770580000,1755770639000,1.38787,1.38788,1.38782,1.38788,132870000,1
1755770640000,1755770699000,1.38788,1.3879,1.38782,1.38786,49230000,1
1755770700000,1755770759000,1.38787,1.38787,1.38781,1.38782,58590000,1
1755770760000,1755770819000,1.38782,1.38782,1.3877,1.38772,123720000,1
1755770820000,1755770879000,1.38772,1.38776,1.3877,1.38772,58050000,1
1755770880000,1755770939000,1.38773,1.3878,1.3877,1.38771,63600000,1
1755770940000,1755770999000,1.38771,1.3878,1.3877,1.38779,96780000,1
1755771000000,1755771059000,1.3878,1.38789,1.3878,1.38788,41610000,1
1755771060000,1755771119000,1.38788,1.38791,1.38788,1.3879,24420000,1
1755771120000,1755771179000,1.38789,1.38792,1.38788,1.38788,89640000,1
1755771180000,1755771239000,1.38789,1.38791,1.38782,1.38788,60840000,1
1755771240000,1755771299000,1.38788,1.3879,1.38783,1.38785,66240000,1
1755771300000,1755771359000,1.38785,1.38794,1.38785,1.38793,44760000,1
1755771360000,1755771419000,1.38793,1.38798,1.38791,1.38793,54030000,1
1755771420000,1755771479000,1.38794,1.38794,1.38791,1.38792,56910000,1
1755771480000,1755771539000,1.38792,1.38795,1.38785,1.38792,55050000,1
1755771540000,1755771599000,1.3879,1.38794,1.38782,1.38785,103410000,1
1755771600000,1755771659000,1.38785,1.38786,1.3878,1.38781,55650000,1
1755771660000,1755771719000,1.3878,1.3878,1.3877,1.3877,60930000,1
1755771720000,1755771779000,1.38771,1.38781,1.38771,1.38779,33870000,1
1755771780000,1755771839000,1.3878,1.38784,1.38774,1.38783,76530000,1
1755771840000,1755771899000,1.38784,1.38784,1.38779,1.3878,43080000,1
1755771900000,1755771959000,1.38782,1.38784,1.38782,1.38782,56850000,1
1755771960000,1755772019000,1.38783,1.38787,1.38778,1.3878,162060000,1
1755772020000,1755772079000,1.3878,1.38785,1.38779,1.3878,80220000,1
1755772080000,1755772139000,1.3878,1.38782,1.38779,1.38781,92640000,1
1755772140000,1755772199000,1.38782,1.38782,1.38774,1.38776,75780000,1
1755772200000,1755772259000,1.38777,1.38782,1.38776,1.3878,102840000,1
1755772260000,1755772319000,1.38779,1.38779,1.3877,1.38774,59520000,1
1755772320000,1755772379000,1.38777,1.38779,1.38773,1.38774,109980000,1
1755772380000,1755772439000,1.38774,1.38777,1.38772,1.38775,117000000,1
1755772440000,1755772499000,1.38774,1.38782,1.38772,1.38782,92250000,1
1755772500000,1755772559000,1.38781,1.38785,1.38777,1.38778,105030000,1
1755772560000,1755772619000,1.38779,1.38782,1.38777,1.38777,56760000,1
1755772620000,1755772679000,1.38778,1.3878,1.38777,1.3878,35910000,1
1755772680000,1755772739000,1.38779,1.3879,1.38779,1.38788,35730000,1
1755772740000,1755772799000,1.38788,1.38792,1.38788,1.38792,19620000,1
1755772800000,1755772859000,1.38791,1.38799,1.38791,1.38798,39600000,1
1755772860000,1755772919000,1.38796,1.38803,1.38796,1.38802,28260000,1
1755772920000,1755772979000,1.38802,1.38815,1.38802,1.38811,45090000,1
1755772980000,1755773039000,1.38811,1.38812,1.3881,1.3881,18870000,1
1755773040000,1755773099000,1.38811,1.38811,1.38801,1.38801,39330000,1
1755773100000,1755773159000,1.38801,1.38808,1.388,1.38808,35880000,1
1755773160000,1755773219000,1.38809,1.38812,1.38808,1.3881,39330000,1
1755773220000,1755773279000,1.38809,1.38814,1.38809,1.3881,47310000,1
1755773280000,1755773339000,1.3881,1.38811,1.38802,1.38802,49740000,1
1755773340000,1755773399000,1.38802,1.38802,1.38798,1.38799,31260000,1
1755773400000,1755773459000,1.38799,1.38805,1.38799,1.38805,54840000,1
1755773460000,1755773519000,1.38807,1.3881,1.38806,1.3881,86550000,1
1755773520000,1755773579000,1.38808,1.38815,1.38806,1.38808,90840000,1
1755773580000,1755773639000,1.38807,1.38819,1.38807,1.38819,45810000,1
1755773640000,1755773699000,1.38817,1.3882,1.38811,1.38819,36060000,1
1755773700000,1755773759000,1.38819,1.38819,1.38812,1.38817,35220000,1
1755773760000,1755773819000,1.38816,1.38828,1.38816,1.38828,70260000,1
1755773820000,1755773879000,1.38828,1.38829,1.38818,1.38818,83790000,1
1755773880000,1755773939000,1.38819,1.38819,1.38811,1.38814,143430000,1
1755773940000,1755773999000,1.38816,1.38818,1.38811,1.38814,100020000,1
1755774000000,1755774059000,1.38815,1.38818,1.38804,1.38807,274260000,1
1755774060000,1755774119000,1.38807,1.38808,1.38801,1.38806,116970000,1
1755774120000,1755774179000,1.38807,1.38818,1.38805,1.38815,125490000,1
1755774180000,1755774239000,1.38815,1.38819,1.38811,1.38814,168720000,1
1755774240000,1755774299000,1.38814,1.38816,1.38803,1.38805,77370000,1
1755774300000,1755774359000,1.38806,1.38813,1.38801,1.38806,52980000,1
1755774360000,1755774419000,1.38805,1.38809,1.38804,1.38807,55890000,1
1755774420000,1755774479000,1.38806,1.38808,1.38803,1.38805,25530000,1
1755774480000,1755774539000,1.38805,1.38807,1.38797,1.38804,84930000,1
1755774540000,1755774599000,1.38806,1.38807,1.38804,1.38806,50310000,1
1755774600000,1755774659000,1.38805,1.3881,1.38805,1.38808,149220000,1
1755774660000,1755774719000,1.38808,1.38809,1.38785,1.38789,97680000,1
1755774720000,1755774779000,1.38788,1.3879,1.38781,1.38784,87900000,1
1755774780000,1755774839000,1.38785,1.38789,1.3878,1.38787,121320000,1
1755774840000,1755774899000,1.38788,1.38796,1.38785,1.38795,36270000,1
1755774900000,1755774959000,1.38795,1.38798,1.38789,1.38793,77280000,1
1755774960000,1755775019000,1.38793,1.38797,1.3879,1.38794,150120000,1
1755775020000,1755775079000,1.38794,1.38796,1.38792,1.38796,108390000,1
1755775080000,1755775139000,1.38796,1.38797,1.38793,1.38794,52830000,1
1755775140000,1755775199000,1.38792,1.38797,1.38784,1.38796,87960000,1
1755775200000,1755775259000,1.38797,1.38797,1.3879,1.38794,46620000,1
1755775260000,1755775319000,1.38795,1.38795,1.38787,1.38787,43080000,1
1755775320000,1755775379000,1.38787,1.38788,1.38784,1.38785,67740000,1
1755775380000,1755775439000,1.38783,1.38799,1.38782,1.38798,43500000,1
1755775440000,1755775499000,1.38798,1.388,1.38796,1.38797,41970000,1
1755775500000,1755775559000,1.38798,1.388,1.38797,1.38799,62700000,1
1755775560000,1755775619000,1.38798,1.388,1.38789,1.3879,57930000,1
1755775620000,1755775679000,1.38791,1.38802,1.3879,1.38799,117450000,1
1755775680000,1755775739000,1.388,1.38801,1.38798,1.388,52950000,1
1755775740000,1755775799000,1.388,1.38801,1.388,1.388,44340000,1
1755775800000,1755775859000,1.388,1.388,1.38794,1.388,138000000,1
1755775860000,1755775919000,1.388,1.38803,1.38797,1.38802,126120000,1
1755775920000,1755775979000,1.38801,1.38817,1.38799,1.38817,28470000,1
1755775980000,1755776039000,1.38818,1.38837,1.38818,1.38821,98340000,1
1755776040000,1755776099000,1.38822,1.38824,1.38814,1.38819,123330000,1
1755776100000,1755776159000,1.38818,1.38819,1.38811,1.38812,108270000,1
1755776160000,1755776219000,1.38812,1.38839,1.38812,1.38829,80310000,1
1755776220000,1755776279000,1.3883,1.38837,1.38829,1.38836,59340000,1
1755776280000,1755776339000,1.38836,1.38843,1.38826,1.38843,54510000,1
1755776340000,1755776399000,1.38842,1.3885,1.3884,1.3884,37170000,1
1755776400000,1755776459000,1.38842,1.38843,1.38837,1.38837,30090000,1
1755776460000,1755776519000,1.38837,1.38837,1.38832,1.38832,85740000,1
1755776520000,1755776579000,1.38833,1.3884,1.38831,1.38836,73740000,1
1755776580000,1755776639000,1.38835,1.38861,1.38835,1.38861,74040000,1
1755776640000,1755776699000,1.38862,1.38869,1.38854,1.38857,48000000,1
1755776700000,1755776759000,1.38855,1.38866,1.38855,1.38864,52380000,1
1755776760000,1755776819000,1.38863,1.38878,1.38863,1.38871,52710000,1
1755776820000,1755776879000,1.38871,1.38871,1.38862,1.38866,42480000,1
1755776880000,1755776939000,1.38867,1.38871,1.38861,1.38868,34350000,1
1755776940000,1755776999000,1.38868,1.38873,1.38863,1.38867,33150000,1
1755777000000,1755777059000,1.38869,1.38869,1.38857,1.38857,47850000,1
1755777060000,1755777119000,1.38856,1.38857,1.38849,1.38849,42930000,1
1755777120000,1755777179000,1.3885,1.38854,1.38845,1.38848,148920000,1
1755777180000,1755777239000,1.38847,1.38851,1.38846,1.38851,76590000,1
1755777240000,1755777299000,1.38849,1.38852,1.38846,1.38849,31530000,1
1755777300000,1755777359000,1.3885,1.38863,1.3885,1.3886,63090000,1
1755777360000,1755777419000,1.3886,1.3888,1.3886,1.38878,111330000,1
1755777420000,1755777479000,1.38878,1.38879,1.38846,1.38846,123210000,1
1755777480000,1755777539000,1.38849,1.3886,1.38848,1.38857,132210000,1
1755777540000,1755777599000,1.38857,1.38862,1.38855,1.3886,71490000,1
1755777600000,1755777659000,1.38857,1.38872,1.38856,1.38872,85080000,1
1755777660000,1755777719000,1.38873,1.38897,1.38873,1.38897,107220000,1
1755777720000,1755777779000,1.38896,1.38896,1.38886,1.38886,76650000,1
1755777780000,1755777839000,1.38886,1.38891,1.38882,1.3889,98100000,1
1755777840000,1755777899000,1.3889,1.38904,1.38878,1.38882,119550000,1
1755777900000,1755777959000,1.38882,1.38882,1.38871,1.38872,95850000,1
1755777960000,1755778019000,1.38873,1.38877,1.38867,1.38871,100920000,1
1755778020000,1755778079000,1.3887,1.38877,1.38867,1.38876,144540000,1
1755778080000,1755778139000,1.38877,1.38885,1.38869,1.3887,55140000,1
1755778140000,1755778199000,1.38869,1.38875,1.38868,1.38871,78120000,1
1755778200000,1755778259000,1.38869,1.38871,1.38863,1.38866,141270000,1
1755778260000,1755778319000,1.38865,1.38871,1.38864,1.38871,78360000,1
1755778320000,1755778379000,1.38873,1.38883,1.38866,1.38868,73770000,1
1755778380000,1755778439000,1.38868,1.38868,1.38847,1.38847,118980000,1
1755778440000,1755778499000,1.38848,1.38856,1.38837,1.38853,125580000,1
1755778500000,1755778559000,1.38853,1.38861,1.38846,1.38859,130890000,1
1755778560000,1755778619000,1.3886,1.38866,1.38858,1.38858,76260000,1
1755778620000,1755778679000,1.38859,1.38866,1.38856,1.38857,96300000,1
1755778680000,1755778739000,1.38857,1.38875,1.38857,1.38869,84150000,1
1755778740000,1755778799000,1.38869,1.38872,1.38863,1.38869,31020000,1
1755778800000,1755778859000,1.3887,1.38876,1.3887,1.38874,43620000,1
1755778860000,1755778919000,1.38874,1.38874,1.38861,1.38867,43620000,1
1755778920000,1755778979000,1.38866,1.38871,1.38853,1.38854,87150000,1
1755778980000,1755779039000,1.38853,1.38867,1.38853,1.38865,42420000,1
1755779040000,1755779099000,1.38864,1.38867,1.38864,1.38865,20850000,1
1755779100000,1755779159000,1.38864,1.38868,1.3886,1.38864,76560000,1
1755779160000,1755779219000,1.38866,1.38874,1.38865,1.38868,72540000,1
1755779220000,1755779279000,1.38868,1.38878,1.38868,1.38876,13770000,1
1755779280000,1755779339000,1.38875,1.38875,1.38867,1.38874,51000000,1
1755779340000,1755779399000,1.38875,1.38875,1.38864,1.38866,72450000,1
1755779400000,1755779459000,1.38864,1.38864,1.38809,1.38845,286050000,1
1755779460000,1755779519000,1.38846,1.38848,1.38827,1.38847,166680000,1
1755779520000,1755779579000,1.38847,1.38847,1.38814,1.3882,103080000,1
1755779580000,1755779639000,1.3882,1.38824,1.38809,1.38816,100500000,1
1755779640000,1755779699000,1.38817,1.38822,1.38813,1.38817,68640000,1
1755779700000,1755779759000,1.38816,1.38816,1.38805,1.3881,170370000,1
1755779760000,1755779819000,1.38811,1.38843,1.38811,1.38842,145260000,1
1755779820000,1755779879000,1.3884,1.3885,1.38838,1.38849,114000000,1
1755779880000,1755779939000,1.38849,1.38863,1.38847,1.38853,99150000,1
1755779940000,1755779999000,1.38856,1.38864,1.3885,1.3886,90930000,1
1755780000000,1755780059000,1.38861,1.3887,1.3886,1.38865,137970000,1
1755780060000,1755780119000,1.38866,1.38888,1.38865,1.38888,116160000,1
1755780120000,1755780179000,1.3889,1.3891,1.38888,1.38905,59430000,1
1755780180000,1755780239000,1.38906,1.38906,1.38887,1.38894,93180000,1
1755780240000,1755780299000,1.38894,1.38916,1.38894,1.38916,77460000,1
1755780300000,1755780359000,1.38915,1.38934,1.38913,1.38913,130710000,1
1755780360000,1755780419000,1.38912,1.38916,1.38906,1.38909,61530000,1
1755780420000,1755780479000,1.38906,1.38907,1.389,1.38905,115290000,1
1755780480000,1755780539000,1.38906,1.38908,1.38905,1.38907,66150000,1
1755780540000,1755780599000,1.38907,1.38907,1.3889,1.38895,71730000,1
1755780600000,1755780659000,1.38891,1.38911,1.38891,1.3891,109620000,1
1755780660000,1755780719000,1.38909,1.3893,1.38905,1.38928,100170000,1
1755780720000,1755780779000,1.38929,1.38936,1.38927,1.38933,51600000,1
1755780780000,1755780839000,1.38932,1.38944,1.38929,1.38944,85470000,1
1755780840000,1755780899000,1.38943,1.38945,1.38938,1.38939,68580000,1
1755780900000,1755780959000,1.38938,1.38946,1.38936,1.38938,89700000,1
1755780960000,1755781019000,1.38939,1.38943,1.38939,1.38943,77790000,1
1755781020000,1755781079000,1.38943,1.38952,1.38941,1.38942,114870000,1
1755781080000,1755781139000,1.38942,1.38948,1.38938,1.3894,127620000,1
1755781140000,1755781199000,1.38941,1.38943,1.38936,1.38943,94200000,1
1755781200000,1755781259000,1.38943,1.38946,1.38936,1.38937,176100000,1
1755781260000,1755781319000,1.38937,1.38946,1.38933,1.38938,131460000,1
1755781320000,1755781379000,1.38938,1.38939,1.38921,1.38921,95940000,1
1755781380000,1755781439000,1.38921,1.38923,1.38897,1.38898,56460000,1
1755781440000,1755781499000,1.389,1.38909,1.38894,1.38909,92490000,1
1755781500000,1755781559000,1.38909,1.38922,1.38906,1.38921,117840000,1
1755781560000,1755781619000,1.3892,1.38924,1.38902,1.38902,94050000,1
1755781620000,1755781679000,1.38902,1.38937,1.38902,1.38935,111150000,1
1755781680000,1755781739000,1.38935,1.38942,1.38929,1.38934,117660000,1
1755781740000,1755781799000,1.38936,1.38952,1.38935,1.3894,122790000,1
1755781800000,1755781859000,1.38941,1.38947,1.38939,1.38941,64740000,1
1755781860000,1755781919000,1.38941,1.38942,1.38932,1.38932,103680000,1
1755781920000,1755781979000,1.38935,1.38939,1.38933,1.38934,51960000,1
1755781980000,1755782039000,1.38934,1.38945,1.38934,1.38934,84780000,1
1755782040000,1755782099000,1.38934,1.38935,1.38924,1.38928,210600000,1
1755782100000,1755782159000,1.38928,1.38936,1.38915,1.38919,89220000,1
1755782160000,1755782219000,1.38918,1.38918,1.38901,1.38908,88440000,1
1755782220000,1755782279000,1.38908,1.38916,1.38907,1.38907,78300000,1
1755782280000,1755782339000,1.38908,1.38921,1.38899,1.3892,156720000,1
1755782340000,1755782399000,1.38921,1.38938,1.38921,1.38926,118770000,1
1755782400000,1755782459000,1.38925,1.38925,1.38915,1.38918,108180000,1
1755782460000,1755782519000,1.38918,1.38924,1.38906,1.38924,161820000,1
1755782520000,1755782579000,1.38925,1.38933,1.38916,1.38923,174600000,1
1755782580000,1755782639000,1.38924,1.38934,1.38923,1.38926,106560000,1
1755782640000,1755782699000,1.3893,1.38942,1.38928,1.38939,77550000,1
1755782700000,1755782759000,1.38939,1.38942,1.38932,1.38933,123420000,1
1755782760000,1755782819000,1.38932,1.38935,1.38924,1.38924,53730000,1
1755782820000,1755782879000,1.38924,1.38931,1.38915,1.38922,169980000,1
1755782880000,1755782939000,1.38921,1.38935,1.38915,1.38916,90990000,1
1755782940000,1755782999000,1.38916,1.38924,1.38908,1.38923,108600000,1
1755783000000,1755783059000,1.38922,1.38945,1.38922,1.3894,153210000,1
1755783060000,1755783119000,1.3894,1.38943,1.3893,1.38933,240780000,1
1755783120000,1755783179000,1.38933,1.38935,1.38914,1.38925,162870000,1
1755783180000,1755783239000,1.38924,1.3894,1.38917,1.38925,167370000,1
1755783240000,1755783299000,1.38925,1.38925,1.38908,1.38909,143250000,1
1755783300000,1755783359000,1.38909,1.38928,1.38898,1.38914,162270000,1
1755783360000,1755783419000,1.38915,1.38925,1.38899,1.38925,186090000,1
1755783420000,1755783479000,1.38925,1.38935,1.38919,1.38934,145770000,1
1755783480000,1755783539000,1.38934,1.38935,1.38926,1.38928,139740000,1
1755783540000,1755783599000,1.38928,1.38938,1.38927,1.38937,79650000,1
1755783600000,1755783659000,1.38934,1.38956,1.38934,1.38953,192180000,1
1755783660000,1755783719000,1.38954,1.38958,1.38945,1.38954,164940000,1
1755783720000,1755783779000,1.38954,1.38969,1.38953,1.38954,180180000,1
1755783780000,1755783839000,1.38955,1.38966,1.38949,1.38964,111720000,1
1755783840000,1755783899000,1.38963,1.3897,1.38962,1.38962,133110000,1
1755783900000,1755783959000,1.38968,1.39021,1.38968,1.38998,417240000,1
1755783960000,1755784019000,1.38997,1.38999,1.38982,1.38999,204270000,1
1755784020000,1755784079000,1.38999,1.3901,1.38981,1.38983,198600000,1
1755784080000,1755784139000,1.38984,1.38989,1.38979,1.38982,204090000,1
1755784140000,1755784199000,1.38983,1.38984,1.38959,1.38959,197430000,1
1755784200000,1755784259000,1.3896,1.38969,1.38952,1.38961,236520000,1
1755784260000,1755784319000,1.38962,1.3898,1.38956,1.3898,143370000,1
1755784320000,1755784379000,1.3898,1.38988,1.38967,1.38972,187320000,1
1755784380000,1755784439000,1.38973,1.38982,1.38968,1.38978,193170000,1
1755784440000,1755784499000,1.3898,1.38986,1.38964,1.38982,147600000,1
1755784500000,1755784559000,1.38982,1.38994,1.38982,1.38992,83580000,1
1755784560000,1755784619000,1.38994,1.39022,1.38994,1.39004,104520000,1
1755784620000,1755784679000,1.39006,1.3902,1.39006,1.3901,71760000,1
1755784680000,1755784739000,1.39012,1.39012,1.38987,1.38987,70110000,1
1755784740000,1755784799000,1.38988,1.39002,1.38986,1.38993,78060000,1
1755784800000,1755784859000,1.38991,1.39012,1.3899,1.39003,103290000,1
1755784860000,1755784919000,1.39002,1.39013,1.38977,1.39001,120390000,1
1755784920000,1755784979000,1.38999,1.38999,1.38975,1.38976,210600000,1
1755784980000,1755785039000,1.38975,1.38982,1.38966,1.38974,207810000,1
1755785040000,1755785099000,1.38972,1.38975,1.38962,1.38974,150210000,1
1755785100000,1755785159000,1.38974,1.38984,1.38966,1.3897,160710000,1
1755785160000,1755785219000,1.38971,1.38975,1.38948,1.38958,149130000,1
1755785220000,1755785279000,1.38957,1.38982,1.38956,1.38968,151200000,1
1755785280000,1755785339000,1.38969,1.38982,1.38963,1.38979,141870000,1
1755785340000,1755785399000,1.38979,1.38985,1.38966,1.38967,99600000,1
1755785400000,1755785459000,1.38965,1.38979,1.38958,1.38963,182040000,1
1755785460000,1755785519000,1.38962,1.38965,1.38936,1.38936,206280000,1
1755785520000,1755785579000,1.38934,1.38936,1.38922,1.38927,140280000,1
1755785580000,1755785639000,1.38926,1.38935,1.38917,1.38933,151890000,1
1755785640000,1755785699000,1.3893,1.38936,1.3892,1.38926,121470000,1
1755785700000,1755785759000,1.38927,1.38948,1.38926,1.38948,111720000,1
1755785760000,1755785819000,1.38947,1.38947,1.38931,1.38933,87090000,1
1755785820000,1755785879000,1.38934,1.38948,1.38933,1.38948,98490000,1
1755785880000,1755785939000,1.38948,1.38956,1.38946,1.38956,142890000,1
1755785940000,1755785999000,1.38955,1.3896,1.38947,1.38948,81210000,1
1755786000000,1755786059000,1.38947,1.38957,1.38946,1.38957,105090000,1
1755786060000,1755786119000,1.38955,1.38963,1.38947,1.38962,63630000,1
1755786120000,1755786179000,1.38962,1.38973,1.38953,1.38973,92040000,1
1755786180000,1755786239000,1.38972,1.38974,1.38962,1.38963,101190000,1
1755786240000,1755786299000,1.38964,1.3897,1.38964,1.38969,69450000,1
1755786300000,1755786359000,1.38969,1.38977,1.38969,1.38973,41910000,1
1755786360000,1755786419000,1.38971,1.38971,1.38964,1.38968,43890000,1
1755786420000,1755786479000,1.38971,1.38971,1.38952,1.38952,70920000,1
1755786480000,1755786539000,1.38952,1.38961,1.38946,1.3896,67350000,1
1755786540000,1755786599000,1.38961,1.38967,1.38957,1.38965,64530000,1
1755786600000,1755786659000,1.38965,1.38965,1.38954,1.38955,88740000,1
1755786660000,1755786719000,1.38956,1.38956,1.38944,1.38946,62460000,1
1755786720000,1755786779000,1.38946,1.38961,1.38946,1.38957,153600000,1
1755786780000,1755786839000,1.38957,1.38961,1.38951,1.38956,128490000,1
1755786840000,1755786899000,1.38955,1.38966,1.38955,1.38964,121680000,1
1755786900000,1755786959000,1.38964,1.38965,1.38951,1.38953,111390000,1
1755786960000,1755787019000,1.38953,1.38964,1.38953,1.38956,72810000,1
1755787020000,1755787079000,1.38958,1.3896,1.38944,1.38944,80520000,1
1755787080000,1755787139000,1.38946,1.38952,1.38943,1.38951,82770000,1
1755787140000,1755787199000,1.38952,1.38968,1.38952,1.38963,87690000,1
1755787200000,1755787259000,1.38963,1.38964,1.38953,1.38953,96360000,1
1755787260000,1755787319000,1.38952,1.38958,1.38947,1.38952,153540000,1
1755787320000,1755787379000,1.38954,1.38954,1.38916,1.38921,103170000,1
1755787380000,1755787439000,1.38922,1.38938,1.38922,1.38936,61200000,1
1755787440000,1755787499000,1.38937,1.3895,1.38936,1.38946,75630000,1
1755787500000,1755787559000,1.38946,1.38957,1.38944,1.38952,107190000,1
1755787560000,1755787619000,1.38952,1.38952,1.38937,1.38937,106800000,1
1755787620000,1755787679000,1.38936,1.38944,1.38933,1.38943,84000000,1
1755787680000,1755787739000,1.38943,1.38956,1.38941,1.38953,54270000,1
1755787740000,1755787799000,1.38953,1.38961,1.38952,1.3896,106440000,1
1755787800000,1755787859000,1.38958,1.3897,1.38947,1.38947,109920000,1
1755787860000,1755787919000,1.38948,1.3895,1.38933,1.38939,81150000,1
1755787920000,1755787979000,1.38939,1.38941,1.38928,1.38932,88800000,1
1755787980000,1755788039000,1.38931,1.38953,1.38929,1.38953,130410000,1
1755788040000,1755788099000,1.38952,1.38963,1.38948,1.38952,103560000,1
1755788100000,1755788159000,1.38951,1.38972,1.38951,1.38971,119730000,1
1755788160000,1755788219000,1.3897,1.38974,1.38968,1.38974,100170000,1
1755788220000,1755788279000,1.38973,1.38973,1.38958,1.38961,171960000,1
1755788280000,1755788339000,1.38962,1.38965,1.38957,1.38963,211470000,1
1755788340000,1755788399000,1.38963,1.38971,1.38961,1.3897,177240000,1
1755788400000,1755788459000,1.38969,1.38972,1.38952,1.38953,225210000,1
1755788460000,1755788519000,1.38953,1.3897,1.38952,1.38964,218940000,1
1755788520000,1755788579000,1.38964,1.38969,1.38955,1.38961,201900000,1
1755788580000,1755788639000,1.3896,1.38969,1.3896,1.38965,111000000,1
1755788640000,1755788699000,1.38965,1.38973,1.38962,1.38972,111900000,1
1755788700000,1755788759000,1.38971,1.38973,1.38962,1.38964,149130000,1
1755788760000,1755788819000,1.38964,1.38975,1.38963,1.38973,113160000,1
1755788820000,1755788879000,1.38973,1.38995,1.38973,1.38983,95940000,1
1755788880000,1755788939000,1.38983,1.38983,1.38975,1.38976,75360000,1
1755788940000,1755788999000,1.38976,1.38987,1.3897,1.38982,79200000,1
1755789000000,1755789059000,1.3898,1.39005,1.38976,1.39005,102120000,1
1755789060000,1755789119000,1.39004,1.39056,1.39004,1.39042,320250000,1
1755789120000,1755789179000,1.39043,1.39045,1.39021,1.39039,197190000,1
1755789180000,1755789239000,1.39039,1.39041,1.39015,1.3903,188970000,1
1755789240000,1755789299000,1.39031,1.39037,1.39023,1.39027,127500000,1
1755789300000,1755789359000,1.39028,1.39035,1.39027,1.39032,142740000,1
1755789360000,1755789419000,1.39032,1.39039,1.39028,1.39038,76530000,1
1755789420000,1755789479000,1.39039,1.39039,1.39009,1.39013,143550000,1
1755789480000,1755789539000,1.39012,1.39031,1.39009,1.39028,122610000,1
1755789540000,1755789599000,1.3903,1.39039,1.39023,1.39036,127350000,1
1755789600000,1755789659000,1.39036,1.3904,1.3903,1.39039,116340000,1
1755789660000,1755789719000,1.39041,1.39041,1.39027,1.39034,124110000,1
1755789720000,1755789779000,1.39033,1.39037,1.39016,1.39023,148980000,1
1755789780000,1755789839000,1.39025,1.39025,1.38984,1.38985,154200000,1
1755789840000,1755789899000,1.38987,1.39,1.38983,1.38984,185160000,1
1755789900000,1755789959000,1.38986,1.38992,1.38982,1.38987,98220000,1
1755789960000,1755790019000,1.38985,1.38985,1.38967,1.38972,152610000,1
1755790020000,1755790079000,1.38974,1.38987,1.38962,1.38981,133920000,1
1755790080000,1755790139000,1.38982,1.38983,1.38971,1.38975,201300000,1
1755790140000,1755790199000,1.38973,1.38975,1.38914,1.38944,376630000,1
1755790200000,1755790259000,1.38943,1.38965,1.38938,1.38962,268800000,1
1755790260000,1755790319000,1.38962,1.38986,1.38962,1.38975,153270000,1
1755790320000,1755790379000,1.38976,1.38979,1.38964,1.38971,111780000,1
1755790380000,1755790439000,1.38971,1.38972,1.38955,1.38959,127170000,1
1755790440000,1755790499000,1.38958,1.38967,1.38955,1.38955,150240000,1
1755790500000,1755790559000,1.38955,1.38967,1.38955,1.38962,102720000,1
1755790560000,1755790619000,1.38962,1.38963,1.38938,1.38941,164340000,1
1755790620000,1755790679000,1.38939,1.3894,1.38924,1.38924,148980000,1
1755790680000,1755790739000,1.38925,1.3893,1.3892,1.38929,124320000,1
1755790740000,1755790799000,1.38927,1.38945,1.38927,1.38943,121860000,1
1755790800000,1755790859000,1.38944,1.38975,1.38943,1.38973,116580000,1
1755790860000,1755790919000,1.38974,1.38991,1.38973,1.38983,181530000,1
1755790920000,1755790979000,1.38983,1.38985,1.38973,1.38973,119310000,1
1755790980000,1755791039000,1.38974,1.3898,1.38972,1.38973,127530000,1
1755791040000,1755791099000,1.38973,1.38976,1.38965,1.38969,124080000,1
1755791100000,1755791159000,1.3897,1.38982,1.38964,1.38977,120300000,1
1755791160000,1755791219000,1.38977,1.38979,1.38971,1.38976,90600000,1
1755791220000,1755791279000,1.38978,1.38978,1.38965,1.38974,70350000,1
1755791280000,1755791339000,1.38975,1.38975,1.38962,1.38964,96300000,1
1755791340000,1755791399000,1.38963,1.3897,1.3896,1.38963,95790000,1
1755791400000,1755791459000,1.38964,1.38989,1.38962,1.38982,136800000,1
1755791460000,1755791519000,1.38983,1.38999,1.38981,1.38999,122970000,1
1755791520000,1755791579000,1.38999,1.38999,1.38981,1.38996,138090000,1
1755791580000,1755791639000,1.38996,1.38996,1.38985,1.38987,145200000,1
1755791640000,1755791699000,1.38988,1.39014,1.38988,1.3901,88800000,1
1755791700000,1755791759000,1.39012,1.39021,1.3901,1.39016,133200000,1
1755791760000,1755791819000,1.39017,1.39017,1.39009,1.39011,124620000,1
1755791820000,1755791879000,1.39011,1.39022,1.38997,1.38997,141690000,1
1755791880000,1755791939000,1.38996,1.38999,1.38989,1.38997,188310000,1
1755791940000,1755791999000,1.38997,1.39019,1.38997,1.39013,241650000,1
1755792000000,1755792059000,1.39013,1.39031,1.39012,1.3903,168870000,1
1755792060000,1755792119000,1.39029,1.39052,1.39024,1.3905,116500000,1
1755792120000,1755792179000,1.39049,1.3905,1.39039,1.39041,125700000,1
1755792180000,1755792239000,1.39042,1.39042,1.39026,1.3903,121680000,1
1755792240000,1755792299000,1.39031,1.39049,1.39031,1.39049,118740000,1
1755792300000,1755792359000,1.3905,1.3905,1.3904,1.3904,109200000,1
1755792360000,1755792419000,1.3904,1.39058,1.3904,1.39055,115920000,1
1755792420000,1755792479000,1.39055,1.39056,1.3905,1.39052,64800000,1
1755792480000,1755792539000,1.39053,1.39063,1.39051,1.39056,102420000,1
1755792540000,1755792599000,1.39056,1.39059,1.39054,1.39059,123870000,1
1755792600000,1755792659000,1.39061,1.3907,1.39059,1.39068,150720000,1
1755792660000,1755792719000,1.39066,1.39067,1.39059,1.39066,93000000,1
1755792720000,1755792779000,1.39065,1.39074,1.39065,1.39068,147570000,1
1755792780000,1755792839000,1.39068,1.39072,1.39068,1.3907,131940000,1
1755792840000,1755792899000,1.39069,1.39071,1.39069,1.3907,77880000,1
1755792900000,1755792959000,1.39072,1.39073,1.39057,1.39069,136380000,1
1755792960000,1755793019000,1.39068,1.39071,1.39053,1.39059,110250000,1
1755793020000,1755793079000,1.39058,1.3906,1.39049,1.39055,105930000,1
1755793080000,1755793139000,1.39056,1.39056,1.39047,1.39048,204210000,1
1755793140000,1755793199000,1.39048,1.3905,1.39041,1.39041,119670000,1
1755793200000,1755793259000,1.39041,1.39044,1.39033,1.39038,85320000,1
1755793260000,1755793319000,1.39037,1.39042,1.39037,1.39041,44790000,1
1755793320000,1755793379000,1.39041,1.39041,1.39023,1.39025,81690000,1
1755793380000,1755793439000,1.39027,1.39032,1.39025,1.3903,103830000,1
1755793440000,1755793499000,1.3903,1.39031,1.39021,1.39029,98610000,1
1755793500000,1755793559000,1.39029,1.39034,1.39027,1.3903,111840000,1
1755793560000,1755793619000,1.3903,1.39034,1.39028,1.39032,101400000,1
1755793620000,1755793679000,1.39031,1.39041,1.39028,1.3904,77010000,1
1755793680000,1755793739000,1.39041,1.39041,1.39033,1.39039,61200000,1
1755793740000,1755793799000,1.39037,1.39037,1.39029,1.3903,39420000,1
1755793800000,1755793859000,1.39029,1.39031,1.39011,1.39011,149790000,1
1755793860000,1755793919000,1.39011,1.39019,1.39011,1.39019,91770000,1
1755793920000,1755793979000,1.39017,1.39017,1.3901,1.39013,106500000,1
1755793980000,1755794039000,1.39011,1.39021,1.39011,1.39021,42600000,1
1755794040000,1755794099000,1.39021,1.39025,1.3902,1.39022,154800000,1
1755794100000,1755794159000,1.39022,1.39033,1.3902,1.39031,97800000,1
1755794160000,1755794219000,1.39031,1.39032,1.3902,1.3902,47700000,1
1755794220000,1755794279000,1.3902,1.39035,1.3902,1.39031,69210000,1
1755794280000,1755794339000,1.39032,1.39037,1.39031,1.39037,67350000,1
1755794340000,1755794399000,1.39036,1.39042,1.39031,1.39031,56520000,1
1755794400000,1755794459000,1.39032,1.39043,1.39031,1.39041,51900000,1
1755794460000,1755794519000,1.39041,1.39042,1.39011,1.39015,158400000,1
1755794520000,1755794579000,1.39014,1.39017,1.39006,1.3901,64800000,1
1755794580000,1755794639000,1.39012,1.39019,1.39008,1.39019,77100000,1
1755794640000,1755794699000,1.39017,1.39019,1.39003,1.39009,57000000,1
1755794700000,1755794759000,1.39009,1.39009,1.38994,1.38997,85020000,1
1755794760000,1755794819000,1.39001,1.39004,1.38997,1.38999,56820000,1
1755794820000,1755794879000,1.38998,1.39,1.3899,1.38998,147900000,1
1755794880000,1755794939000,1.38996,1.39009,1.38996,1.39005,90600000,1
1755794940000,1755794999000,1.39006,1.39011,1.39004,1.39005,97680000,1
1755795000000,1755795059000,1.39,1.39002,1.38999,1.39002,42630000,1
1755795060000,1755795119000,1.39,1.39006,1.38998,1.39,78030000,1
1755795120000,1755795179000,1.38999,1.39001,1.38991,1.38992,77310000,1
1755795180000,1755795239000,1.38991,1.38993,1.38982,1.38986,83550000,1
1755795240000,1755795299000,1.38985,1.38985,1.3897,1.38971,91500000,1
1755795300000,1755795359000,1.38973,1.38976,1.38969,1.3897,82500000,1
1755795360000,1755795419000,1.3897,1.38974,1.38969,1.3897,60300000,1
1755795420000,1755795479000,1.3897,1.38973,1.38965,1.38971,87600000,1
1755795480000,1755795539000,1.3897,1.38977,1.38969,1.38973,115050000,1
1755795540000,1755795599000,1.38972,1.38972,1.38959,1.38969,115980000,1
1755795600000,1755795659000,1.38967,1.38971,1.3896,1.38969,79800000,1
1755795660000,1755795719000,1.38969,1.3897,1.38961,1.38967,89700000,1
1755795720000,1755795779000,1.38968,1.3898,1.38966,1.38979,76200000,1
1755795780000,1755795839000,1.3898,1.38981,1.38968,1.38972,61620000,1
1755795840000,1755795899000,1.38971,1.38975,1.38949,1.38951,91500000,1
1755795900000,1755795959000,1.3895,1.3895,1.3894,1.38941,63600000,1
1755795960000,1755796019000,1.3894,1.38951,1.3894,1.38944,44250000,1
1755796020000,1755796079000,1.38944,1.38956,1.38944,1.38955,61410000,1
1755796080000,1755796139000,1.38956,1.38962,1.38954,1.38961,67560000,1
1755796140000,1755796199000,1.38961,1.38961,1.38957,1.3896,74490000,1
1755796200000,1755796259000,1.38959,1.3897,1.38959,1.38969,80610000,1
1755796260000,1755796319000,1.3897,1.38974,1.38968,1.38971,67260000,1
1755796320000,1755796379000,1.38969,1.38972,1.3896,1.3896,57450000,1
1755796380000,1755796439000,1.3896,1.38967,1.3896,1.38965,43230000,1
1755796440000,1755796499000,1.38964,1.38964,1.38953,1.38953,30000000,1
1755796500000,1755796559000,1.38953,1.38959,1.38953,1.38955,38010000,1
1755796560000,1755796619000,1.38954,1.38968,1.38954,1.38967,123240000,1
1755796620000,1755796679000,1.38968,1.38973,1.38963,1.38964,111120000,1
1755796680000,1755796739000,1.38964,1.38965,1.38957,1.38958,88620000,1
1755796740000,1755796799000,1.38959,1.38966,1.38956,1.38966,134010000,1
1755796800000,1755796859000,1.38966,1.38975,1.38965,1.38974,99840000,1
1755796860000,1755796919000,1.38974,1.38977,1.38971,1.38974,58080000,1
1755796920000,1755796979000,1.38975,1.38977,1.38973,1.38973,160800000,1
1755796980000,1755797039000,1.38973,1.38979,1.38968,1.38977,125880000,1
1755797040000,1755797099000,1.38976,1.38978,1.38975,1.38978,178650000,1
1755797100000,1755797159000,1.38978,1.39007,1.38977,1.39007,144960000,1
1755797160000,1755797219000,1.39007,1.39007,1.39003,1.39006,91320000,1
1755797220000,1755797279000,1.39005,1.39007,1.38995,1.38995,99600000,1
1755797280000,1755797339000,1.38995,1.38996,1.38989,1.38991,73560000,1
1755797340000,1755797399000,1.38991,1.39002,1.38991,1.38999,106770000,1
1755797400000,1755797459000,1.38999,1.39002,1.38995,1.38996,98310000,1
1755797460000,1755797519000,1.38996,1.38997,1.3899,1.38991,104880000,1
1755797520000,1755797579000,1.38989,1.38997,1.38987,1.38995,105600000,1
1755797580000,1755797639000,1.38995,1.38996,1.3898,1.38987,160440000,1
1755797640000,1755797699000,1.38987,1.38993,1.38983,1.38985,88920000,1
1755797700000,1755797759000,1.38985,1.38994,1.38983,1.38989,47700000,1
1755797760000,1755797819000,1.38989,1.38994,1.38984,1.38984,37800000,1
1755797820000,1755797879000,1.38984,1.38984,1.3897,1.3897,64800000,1
1755797880000,1755797939000,1.3897,1.38972,1.38966,1.38971,61200000,1
1755797940000,1755797999000,1.38972,1.38972,1.38965,1.38965,36600000,1
1755798000000,1755798059000,1.38965,1.38965,1.38961,1.38963,39000000,1
1755798060000,1755798119000,1.38965,1.38965,1.38962,1.38963,17700000,1
1755798120000,1755798179000,1.38962,1.38971,1.3896,1.3896,46200000,1
1755798180000,1755798239000,1.3896,1.38962,1.38932,1.38939,71010000,1
1755798240000,1755798299000,1.38938,1.38946,1.38933,1.38942,106860000,1
1755798300000,1755798359000,1.38943,1.38945,1.38941,1.38942,37140000,1
1755798360000,1755798419000,1.38936,1.38938,1.38922,1.38923,101850000,1
1755798420000,1755798479000,1.38923,1.38924,1.38911,1.38912,50700000,1
1755798480000,1755798539000,1.38912,1.38914,1.38907,1.38913,100800000,1
1755798540000,1755798599000,1.38914,1.38915,1.38912,1.38914,65970000,1
1755798600000,1755798659000,1.38919,1.38923,1.38912,1.38922,44400000,1
1755798660000,1755798719000,1.38922,1.38932,1.38922,1.3893,12000000,1
1755798720000,1755798779000,1.38931,1.38931,1.38906,1.3891,99990000,1
1755798780000,1755798839000,1.38912,1.38915,1.38911,1.38914,47610000,1
1755798840000,1755798899000,1.38913,1.38932,1.38912,1.38932,47370000,1
1755798900000,1755798959000,1.3893,1.38932,1.38925,1.38932,67830000,1
1755798960000,1755799019000,1.38929,1.38935,1.38929,1.38934,46290000,1
1755799020000,1755799079000,1.38933,1.3894,1.38933,1.38936,61380000,1
1755799080000,1755799139000,1.38936,1.38941,1.38934,1.3894,63570000,1
1755799140000,1755799199000,1.3894,1.38948,1.38939,1.38943,99240000,1
1755799200000,1755799259000,1.38945,1.38951,1.38945,1.3895,65070000,1
1755799260000,1755799319000,1.3895,1.38953,1.38948,1.38952,48750000,1
1755799320000,1755799379000,1.3895,1.3895,1.38926,1.38935,73740000,1
1755799380000,1755799439000,1.38936,1.3895,1.38936,1.38949,113130000,1
1755799440000,1755799499000,1.38949,1.3895,1.38944,1.38946,109890000,1
1755799500000,1755799559000,1.38946,1.38947,1.38944,1.38946,61680000,1
1755799560000,1755799619000,1.38946,1.38947,1.38944,1.38944,47610000,1
1755799620000,1755799679000,1.38944,1.38948,1.38944,1.38947,49170000,1
1755799680000,1755799739000,1.38946,1.38948,1.38944,1.38944,47400000,1
1755799740000,1755799799000,1.38945,1.38946,1.38943,1.38945,49830000,1
1755799800000,1755799859000,1.38944,1.38955,1.38944,1.38954,51720000,1
1755799860000,1755799919000,1.38954,1.38962,1.38953,1.38961,48600000,1
1755799920000,1755799979000,1.3896,1.3896,1.38955,1.38956,39600000,1
1755799980000,1755800039000,1.38955,1.38955,1.3895,1.3895,25200000,1
1755800040000,1755800099000,1.38951,1.38954,1.38951,1.38952,58950000,1
1755800100000,1755800159000,1.38952,1.38954,1.38943,1.38943,78060000,1
1755800160000,1755800219000,1.38945,1.38953,1.38942,1.38952,40830000,1
1755800220000,1755800279000,1.38951,1.38951,1.38942,1.38944,34980000,1
1755800280000,1755800339000,1.38944,1.38945,1.38932,1.38933,55170000,1
1755800340000,1755800399000,1.38933,1.38933,1.38923,1.38924,34200000,1
1755800400000,1755800459000,1.38922,1.38924,1.3892,1.38921,26400000,1
1755800460000,1755800519000,1.38921,1.38927,1.38915,1.38925,38130000,1
1755800520000,1755800579000,1.38925,1.38943,1.38924,1.38943,47040000,1
1755800580000,1755800639000,1.38944,1.38952,1.38943,1.38947,80400000,1
1755800640000,1755800699000,1.38948,1.38954,1.38946,1.38947,50370000,1
1755800700000,1755800759000,1.38947,1.3895,1.38938,1.38938,97530000,1
1755800760000,1755800819000,1.38939,1.38943,1.38939,1.38943,45810000,1
1755800820000,1755800879000,1.38942,1.38945,1.3894,1.38943,89070000,1
1755800880000,1755800939000,1.38942,1.38949,1.3894,1.38947,151500000,1
1755800940000,1755800999000,1.38947,1.38951,1.38944,1.38949,102420000,1
1755801000000,1755801059000,1.38949,1.38959,1.38946,1.38949,126210000,1
1755801060000,1755801119000,1.3895,1.38955,1.3895,1.38955,25920000,1
1755801120000,1755801179000,1.38955,1.38956,1.38952,1.38953,51840000,1
1755801180000,1755801239000,1.38954,1.38955,1.38945,1.38945,52560000,1
1755801240000,1755801299000,1.38945,1.38949,1.38945,1.38948,32220000,1
1755801300000,1755801359000,1.38947,1.38948,1.38933,1.38934,71100000,1
1755801360000,1755801419000,1.38934,1.38941,1.38934,1.38937,80610000,1
1755801420000,1755801479000,1.38937,1.38942,1.38935,1.38938,60360000,1
1755801480000,1755801539000,1.3894,1.38943,1.38937,1.38943,17490000,1
1755801540000,1755801599000,1.38942,1.38945,1.38942,1.38944,30720000,1
1755801600000,1755801659000,1.38945,1.38952,1.38945,1.3895,48240000,1
1755801660000,1755801719000,1.38949,1.38953,1.38947,1.38949,54120000,1
1755801720000,1755801779000,1.3895,1.3895,1.38947,1.3895,39600000,1
1755801780000,1755801839000,1.38948,1.38953,1.38948,1.38952,28350000,1
1755801840000,1755801899000,1.38953,1.38959,1.38947,1.38958,59610000,1
1755801900000,1755801959000,1.38959,1.38965,1.38958,1.38964,63600000,1
1755801960000,1755802019000,1.38964,1.38965,1.38959,1.3896,41280000,1
1755802020000,1755802079000,1.3896,1.38977,1.38959,1.38973,115440000,1
1755802080000,1755802139000,1.38975,1.38978,1.38973,1.38975,174000000,1
1755802140000,1755802199000,1.38974,1.38976,1.38972,1.38974,60720000,1
1755802200000,1755802259000,1.38974,1.38982,1.38967,1.38967,83370000,1
1755802260000,1755802319000,1.38967,1.38968,1.38965,1.38965,102240000,1
1755802320000,1755802379000,1.38966,1.38967,1.38964,1.38965,77940000,1
1755802380000,1755802439000,1.38966,1.38969,1.38965,1.38968,37950000,1
1755802440000,1755802499000,1.38967,1.38967,1.38965,1.38966,26400000,1
1755802500000,1755802559000,1.38965,1.38975,1.38965,1.38973,50430000,1
1755802560000,1755802619000,1.38974,1.38975,1.38967,1.38969,80670000,1
1755802620000,1755802679000,1.38969,1.38972,1.38964,1.38966,73020000,1
1755802680000,1755802739000,1.38966,1.38967,1.38956,1.38956,76560000,1
1755802740000,1755802799000,1.38958,1.38993,1.38958,1.38987,252900000,1
1755802800000,1755802859000,1.38987,1.38991,1.38985,1.38989,91350000,1
1755802860000,1755802919000,1.38988,1.3899,1.38988,1.38988,71070000,1
1755802920000,1755802979000,1.38989,1.38991,1.38989,1.38991,46230000,1
1755802980000,1755803039000,1.3899,1.39008,1.3899,1.39002,58650000,1
1755803040000,1755803099000,1.39002,1.39002,1.38993,1.38994,99360000,1
1755803100000,1755803159000,1.38996,1.38997,1.38993,1.38995,49350000,1
1755803160000,1755803219000,1.38994,1.38995,1.38993,1.38993,18390000,1
1755803220000,1755803279000,1.38995,1.38995,1.3899,1.3899,34530000,1
1755803280000,1755803339000,1.38991,1.38998,1.3899,1.38993,39060000,1
1755803340000,1755803399000,1.38991,1.38991,1.38987,1.38987,39000000,1
1755803400000,1755803459000,1.38989,1.3899,1.38981,1.38989,58050000,1
1755803460000,1755803519000,1.38988,1.3899,1.38985,1.3899,13800000,1
1755803520000,1755803579000,1.38989,1.38994,1.38989,1.38992,48000000,1
1755803580000,1755803639000,1.3899,1.3899,1.38989,1.38989,12000000,1
1755803640000,1755803699000,1.38989,1.3899,1.38986,1.38989,26100000,1
1755803700000,1755803759000,1.38988,1.3899,1.38988,1.38989,48600000,1
1755803760000,1755803819000,1.3899,1.38993,1.38988,1.3899,28950000,1
1755803820000,1755803879000,1.38991,1.38991,1.38984,1.38987,76350000,1
1755803880000,1755803939000,1.38986,1.3899,1.38986,1.38988,73950000,1
1755803940000,1755803999000,1.38989,1.3899,1.38988,1.38988,18360000,1
1755804000000,1755804059000,1.38988,1.38998,1.38988,1.38991,54000000,1
1755804060000,1755804119000,1.38991,1.38997,1.3899,1.38992,55650000,1
1755804120000,1755804179000,1.38991,1.38993,1.38991,1.38993,31200000,1
1755804180000,1755804239000,1.38993,1.38999,1.3899,1.38996,44700000,1
1755804240000,1755804299000,1.38995,1.39,1.38994,1.38999,43620000,1
1755804300000,1755804359000,1.38999,1.39013,1.38997,1.39011,64230000,1
1755804360000,1755804419000,1.39012,1.39015,1.39007,1.39009,66150000,1
1755804420000,1755804479000,1.3901,1.39028,1.39009,1.39028,83640000,1
1755804480000,1755804539000,1.39027,1.39028,1.39019,1.39019,54990000,1
1755804540000,1755804599000,1.3902,1.39023,1.39019,1.3902,18840000,1
1755804600000,1755804659000,1.39019,1.39031,1.39019,1.3903,67170000,1
1755804660000,1755804719000,1.39029,1.39032,1.39022,1.39023,79260000,1
1755804720000,1755804779000,1.39022,1.39027,1.39022,1.39026,49800000,1
1755804780000,1755804839000,1.39025,1.39028,1.39024,1.39027,114750000,1
1755804840000,1755804899000,1.39027,1.39027,1.39014,1.39015,92520000,1
1755804900000,1755804959000,1.39016,1.39018,1.39012,1.39017,107190000,1
1755804960000,1755805019000,1.39019,1.3902,1.39013,1.39017,88200000,1
1755805020000,1755805079000,1.39016,1.39025,1.39015,1.39025,108630000,1
1755805080000,1755805139000,1.39024,1.39025,1.39021,1.39024,101400000,1
1755805140000,1755805199000,1.39022,1.39023,1.39021,1.39021,40500000,1
1755805200000,1755805259000,1.39021,1.39027,1.39021,1.39027,42630000,1
1755805260000,1755805319000,1.39026,1.39029,1.39025,1.39025,39480000,1
1755805320000,1755805379000,1.39027,1.3903,1.39026,1.39028,38910000,1
1755805380000,1755805439000,1.39029,1.39039,1.39029,1.39038,70680000,1
1755805440000,1755805499000,1.39039,1.3904,1.39033,1.39035,65190000,1
1755805500000,1755805559000,1.39034,1.39036,1.39029,1.39035,61710000,1
1755805560000,1755805619000,1.39035,1.39039,1.39035,1.39039,33840000,1
1755805620000,1755805679000,1.39039,1.39041,1.39039,1.39039,28680000,1
1755805680000,1755805739000,1.3904,1.3904,1.39037,1.39037,18600000,1
1755805740000,1755805799000,1.39039,1.39043,1.39039,1.39042,25950000,1
1755805800000,1755805859000,1.39042,1.39044,1.39042,1.39043,50820000,1
1755805860000,1755805919000,1.39043,1.39051,1.39042,1.39051,46650000,1
1755805920000,1755805979000,1.3905,1.39051,1.39046,1.39051,25890000,1
1755805980000,1755806039000,1.39051,1.3906,1.3905,1.39052,112350000,1
1755806040000,1755806099000,1.39051,1.39058,1.39049,1.39049,152400000,1
1755806100000,1755806159000,1.39051,1.39054,1.39032,1.39032,93540000,1
1755806160000,1755806219000,1.39033,1.39037,1.39028,1.39035,81870000,1
1755806220000,1755806279000,1.39034,1.39035,1.3903,1.3903,46200000,1
1755806280000,1755806339000,1.39029,1.39034,1.39024,1.39031,61500000,1
1755806340000,1755806399000,1.39032,1.3904,1.39027,1.39035,97980000,1
1755806400000,1755806459000,1.39035,1.39039,1.39035,1.39037,36930000,1
1755806460000,1755806519000,1.39037,1.39037,1.39029,1.39033,31350000,1
1755806520000,1755806579000,1.39032,1.39034,1.39032,1.39032,45900000,1
1755806580000,1755806639000,1.39032,1.39034,1.39031,1.39033,36900000,1
1755806640000,1755806699000,1.39032,1.39034,1.39032,1.39032,31800000,1
1755806700000,1755806759000,1.39032,1.39032,1.39026,1.39031,23160000,1
1755806760000,1755806819000,1.39031,1.39041,1.39029,1.39041,50610000,1
1755806820000,1755806879000,1.39043,1.39043,1.39041,1.39041,17160000,1
1755806880000,1755806939000,1.39041,1.39051,1.39041,1.39049,25680000,1
1755806940000,1755806999000,1.39049,1.3905,1.39049,1.39049,35370000,1
1755807000000,1755807059000,1.3905,1.39053,1.39048,1.39051,18000000,1
1755807060000,1755807119000,1.39052,1.39053,1.39048,1.39049,19200000,1
1755807120000,1755807179000,1.39053,1.39053,1.39041,1.39051,54750000,1
1755807180000,1755807239000,1.3905,1.39052,1.39047,1.39048,30000000,1
1755807240000,1755807299000,1.39049,1.39054,1.39049,1.39049,19800000,1
1755807300000,1755807359000,1.39049,1.39063,1.39049,1.39058,100800000,1
1755807360000,1755807419000,1.39057,1.39062,1.39056,1.3906,43200000,1
1755807420000,1755807479000,1.39061,1.39069,1.39061,1.39066,36600000,1
1755807480000,1755807539000,1.39065,1.39065,1.3906,1.39063,25320000,1
1755807540000,1755807599000,1.39062,1.39065,1.3906,1.39064,16800000,1
1755807600000,1755807659000,1.39065,1.39065,1.39059,1.39061,40200000,1
1755807660000,1755807719000,1.39062,1.39064,1.3906,1.39062,18330000,1
1755807720000,1755807779000,1.39061,1.39063,1.39061,1.39061,47550000,1
1755807780000,1755807839000,1.39062,1.39062,1.39061,1.39061,2520000,1
1755807840000,1755807899000,1.39061,1.39064,1.39059,1.39064,28320000,1
1755807900000,1755807959000,1.39063,1.39064,1.3906,1.39063,24480000,1
1755807960000,1755808019000,1.39059,1.39064,1.39059,1.39064,7320000,1
1755808020000,1755808079000,1.39059,1.39064,1.39059,1.39062,31800000,1
1755808080000,1755808139000,1.39063,1.39064,1.39054,1.39056,30600000,1
1755808140000,1755808199000,1.39057,1.39061,1.39057,1.39058,18120000,1
1755808200000,1755808259000,1.39057,1.39065,1.39057,1.39064,48600000,1
1755808260000,1755808319000,1.39063,1.39064,1.39063,1.39063,7200000,1
1755808320000,1755808379000,1.39064,1.39069,1.39063,1.39065,22500000,1
1755808380000,1755808439000,1.39065,1.39071,1.39062,1.39064,40800000,1
1755808440000,1755808499000,1.39063,1.39071,1.39062,1.39067,33600000,1
1755808500000,1755808559000,1.3907,1.39071,1.39062,1.39064,66300000,1
1755808560000,1755808619000,1.39064,1.39072,1.3906,1.39072,66000000,1
1755808620000,1755808679000,1.39072,1.39073,1.39064,1.39069,68550000,1
1755808680000,1755808739000,1.39066,1.39071,1.39066,1.39069,38400000,1
1755808740000,1755808799000,1.39069,1.39074,1.39069,1.39069,33720000,1
1755808800000,1755808859000,1.39069,1.39074,1.39068,1.39072,32280000,1
1755808860000,1755808919000,1.39072,1.39074,1.39065,1.39066,45150000,1
1755808920000,1755808979000,1.39066,1.39074,1.39066,1.39073,23400000,1
1755808980000,1755809039000,1.39073,1.39078,1.39072,1.39077,42750000,1
1755809040000,1755809099000,1.39078,1.39087,1.39074,1.39086,58860000,1
1755809100000,1755809159000,1.39086,1.39087,1.39082,1.39086,53490000,1
1755809160000,1755809219000,1.39087,1.39087,1.39085,1.39086,17880000,1
1755809220000,1755809279000,1.39089,1.39092,1.39089,1.39092,15480000,1
1755809280000,1755809339000,1.39093,1.39095,1.39092,1.39093,20760000,1
1755809340000,1755809399000,1.39093,1.39103,1.39093,1.39102,33360000,1
1755809400000,1755809459000,1.39101,1.39102,1.39101,1.39102,10560000,1
1755809460000,1755809519000,1.39102,1.39105,1.39102,1.39105,2640000,1
1755809520000,1755809579000,1.39104,1.39114,1.39103,1.39113,12240000,1
1755809580000,1755809639000,1.39115,1.39122,1.39115,1.39121,36360000,1
1755809640000,1755809699000,1.39122,1.39122,1.39113,1.39113,20040000,1
1755809700000,1755809759000,1.39111,1.39112,1.3911,1.39111,57030000,1
1755809760000,1755809819000,1.39111,1.39111,1.39094,1.39095,57240000,1
1755809820000,1755809879000,1.39093,1.39093,1.39083,1.39084,58860000,1
1755809880000,1755809939000,1.39085,1.39094,1.39085,1.39091,39540000,1
1755809940000,1755809999000,1.39091,1.3911,1.39091,1.39094,40500000,1
1755810000000,1755810059000,1.39083,1.39083,1.39057,1.39057,2970000,1
1755810060000,1755810119000,1.39052,1.39052,1.39052,1.39052,1200000,1
1755810120000,1755810179000,1.39056,1.39063,1.39056,1.39063,1260000,1
1755810180000,1755810239000,1.3908,1.3908,1.39062,1.39074,2520000,1
1755810240000,1755810299000,1.39055,1.39055,1.39055,1.39055,1200000,1
1755810300000,1755810359000,1.39075,1.39075,1.39056,1.39071,2850000,1
1755810360000,1755810419000,1.39071,1.39092,1.39071,1.39076,12600000,1
1755810420000,1755810479000,1.39073,1.39073,1.39073,1.39073,2400000,1
1755810480000,1755810539000,1.39073,1.39073,1.39073,1.39073,4800000,1
1755810540000,1755810599000,1.39074,1.39074,1.39071,1.39074,8400000,1
1755810600000,1755810659000,1.39065,1.39073,1.39065,1.39073,4800000,1
1755810660000,1755810719000,1.39071,1.39071,1.39071,1.39071,1200000,1
1755810720000,1755810779000,1.39061,1.39077,1.39061,1.39074,9600000,1
1755810780000,1755810839000,1.39075,1.39075,1.3907,1.39072,3600000,1
1755810840000,1755810899000,1.39071,1.39071,1.39071,1.39071,1200000,1
1755810900000,1755810959000,1.39074,1.39074,1.39071,1.39074,3600000,1
1755810960000,1755811019000,1.39078,1.39078,1.39071,1.39073,7200000,1
1755811020000,1755811079000,1.39074,1.39074,1.39071,1.39071,2400000,1
1755811080000,1755811139000,1.39074,1.39075,1.39074,1.39074,6000000,1
1755811140000,1755811199000,1.39072,1.39075,1.39072,1.39074,4800000,1
1755811200000,1755811259000,1.39075,1.39094,1.39075,1.39094,3750000,1
1755811260000,1755811319000,1.39071,1.39071,1.39071,1.39071,2400000,1
1755811320000,1755811379000,1.3907,1.39095,1.3907,1.39093,10650000,1
1755811380000,1755811439000,1.39094,1.39094,1.39093,1.39093,2700000,1
1755811440000,1755811499000,1.39095,1.39095,1.39094,1.39095,9450000,1
1755811500000,1755811559000,1.39093,1.39094,1.39093,1.39094,6750000,1
1755811560000,1755811619000,1.39091,1.39095,1.39089,1.39089,9450000,1
1755811620000,1755811679000,1.3909,1.3909,1.39089,1.39089,8100000,1
1755811680000,1755811739000,1.39088,1.3909,1.39087,1.39089,5400000,1
1755811740000,1755811799000,1.39088,1.39088,1.39087,1.39087,12150000,1
1755811800000,1755811859000,1.39088,1.39089,1.39087,1.39087,10800000,1
1755811860000,1755811919000,1.39088,1.39088,1.39087,1.39088,5400000,1
1755811920000,1755811979000,1.39088,1.39088,1.39088,1.39088,1350000,1
1755811980000,1755812039000,1.39086,1.39089,1.39086,1.39089,2700000,1
1755812040000,1755812099000,1.39088,1.39089,1.39088,1.39089,2700000,1
1755812100000,1755812159000,1.39088,1.39089,1.39086,1.39088,12150000,1
1755812160000,1755812219000,1.39071,1.39089,1.39071,1.39089,5100000,1
1755812220000,1755812279000,1.39088,1.39089,1.39087,1.39089,4050000,1
1755812280000,1755812339000,1.39088,1.39089,1.39088,1.39088,10800000,1
1755812340000,1755812399000,1.39068,1.39073,1.39067,1.39073,9750000,1
1755812400000,1755812459000,1.39076,1.39076,1.39072,1.39072,67200000,1
1755812460000,1755812519000,1.39073,1.39074,1.39072,1.39073,98400000,1
1755812520000,1755812579000,1.39072,1.39088,1.39072,1.39086,22200000,1
1755812580000,1755812639000,1.39085,1.39092,1.39085,1.39092,33750000,1
1755812640000,1755812699000,1.39092,1.39093,1.3909,1.3909,4050000,1
1755812700000,1755812759000,1.3909,1.39096,1.3909,1.39095,8100000,1
1755812760000,1755812819000,1.39094,1.39095,1.39094,1.39095,4050000,1
1755812820000,1755812879000,1.39092,1.39092,1.39092,1.39092,1350000,1
1755812880000,1755812939000,1.39092,1.39093,1.39092,1.39093,2700000,1
1755812940000,1755812999000,1.39091,1.39091,1.39091,1.39091,2700000,1
1755813000000,1755813059000,1.39091,1.39091,1.39077,1.39077,2550000,1
1755813060000,1755813119000,1.39084,1.39084,1.39077,1.39077,5700000,1
1755813120000,1755813179000,1.39077,1.39077,1.39072,1.39077,4800000,1
1755813180000,1755813239000,1.3909,1.3909,1.39089,1.39089,6750000,1
1755813240000,1755813299000,1.39077,1.39077,1.39077,1.39077,1200000,1
1755813300000,1755813359000,1.39078,1.39079,1.39065,1.39079,9600000,1
1755813360000,1755813419000,1.3908,1.39089,1.39079,1.39088,9450000,1
1755813420000,1755813479000,1.3909,1.39091,1.3909,1.3909,5400000,1
1755813480000,1755813539000,1.3909,1.3909,1.39076,1.39076,7500000,1
1755813540000,1755813599000,1.39076,1.39077,1.39076,1.39076,3900000,1
1755813600000,1755813659000,1.39085,1.39093,1.3908,1.3908,34200000,1
1755813660000,1755813719000,1.3908,1.39087,1.39079,1.39087,7200000,1
1755813720000,1755813779000,1.39086,1.39086,1.39075,1.39079,10800000,1
1755813780000,1755813839000,1.39078,1.39085,1.39076,1.39076,9450000,1
1755813840000,1755813899000,1.39075,1.39076,1.39074,1.39074,9300000,1
1755813900000,1755813959000,1.39074,1.3908,1.39073,1.39074,6600000,1
1755813960000,1755814019000,1.39073,1.39073,1.39066,1.39066,12750000,1
1755814020000,1755814079000,1.39067,1.3907,1.39061,1.39062,26100000,1
1755814080000,1755814139000,1.39062,1.39064,1.39062,1.39063,7050000,1
1755814140000,1755814199000,1.39063,1.39065,1.39062,1.39062,11400000,1
1755814200000,1755814259000,1.39063,1.39064,1.39047,1.39054,22050000,1
1755814260000,1755814319000,1.39053,1.39055,1.39052,1.39053,7860000,1
1755814320000,1755814379000,1.39053,1.39055,1.39053,1.39053,16530000,1
1755814380000,1755814439000,1.39054,1.39055,1.39054,1.39054,5850000,1
1755814440000,1755814499000,1.39053,1.39054,1.39043,1.39043,14700000,1
1755814500000,1755814559000,1.39046,1.39052,1.39045,1.39049,52200000,1
1755814560000,1755814619000,1.39049,1.3905,1.39047,1.3905,105900000,1
1755814620000,1755814679000,1.39049,1.39055,1.39048,1.39053,13650000,1
1755814680000,1755814739000,1.39055,1.39055,1.39054,1.39054,4800000,1
1755814740000,1755814799000,1.39055,1.39057,1.39054,1.39055,14400000,1
1755814800000,1755814859000,1.39056,1.39056,1.39048,1.39048,23850000,1
1755814860000,1755814919000,1.39049,1.39055,1.39048,1.39054,56550000,1
1755814920000,1755814979000,1.39054,1.39055,1.39054,1.39055,20550000,1
1755814980000,1755815039000,1.39054,1.39055,1.39046,1.39054,27450000,1
1755815040000,1755815099000,1.39056,1.39056,1.39053,1.39053,10050000,1
1755815100000,1755815159000,1.39053,1.39063,1.39053,1.39063,19800000,1
1755815160000,1755815219000,1.39063,1.39065,1.39057,1.39064,45450000,1
1755815220000,1755815279000,1.39065,1.39065,1.39062,1.39063,10950000,1
1755815280000,1755815339000,1.39063,1.39063,1.39062,1.39062,3600000,1
1755815340000,1755815399000,1.39057,1.39057,1.39055,1.39055,13200000,1
1755815400000,1755815459000,1.39059,1.39059,1.39054,1.39055,19650000,1
1755815460000,1755815519000,1.39054,1.39059,1.39054,1.39057,8250000,1
1755815520000,1755815579000,1.39058,1.39058,1.39053,1.39054,14550000,1
1755815580000,1755815639000,1.39055,1.39055,1.39054,1.39054,3450000,1
1755815640000,1755815699000,1.39054,1.39054,1.39053,1.39054,5100000,1
1755815700000,1755815759000,1.39053,1.39054,1.39053,1.39054,7950000,1
1755815760000,1755815819000,1.39055,1.39055,1.39048,1.39049,41400000,1
1755815820000,1755815879000,1.3905,1.39052,1.39047,1.39049,49560000,1
1755815880000,1755815939000,1.39048,1.39048,1.39045,1.39046,32850000,1
1755815940000,1755815999000,1.39047,1.39048,1.39044,1.39044,22200000,1
1755816000000,1755816059000,1.39045,1.39048,1.39045,1.39047,13050000,1
1755816060000,1755816119000,1.39047,1.39048,1.39047,1.39047,13050000,1
1755816120000,1755816179000,1.39047,1.39047,1.39045,1.39046,7200000,1
1755816180000,1755816239000,1.39045,1.39047,1.39043,1.39045,13050000,1
1755816240000,1755816299000,1.39045,1.39046,1.39045,1.39046,6000000,1
1755816300000,1755816359000,1.39047,1.39048,1.39045,1.39045,15600000,1
1755816360000,1755816419000,1.39046,1.39049,1.39046,1.39049,7500000,1
1755816420000,1755816479000,1.39046,1.39046,1.39046,1.39046,1350000,1
1755816480000,1755816539000,1.39045,1.39045,1.39045,1.39045,1800000,1
1755816540000,1755816599000,1.39045,1.39046,1.39045,1.39046,3600000,1
1755816600000,1755816659000,1.39045,1.39046,1.39045,1.39046,7500000,1
1755816660000,1755816719000,1.39047,1.39047,1.39047,1.39047,5400000,1
1755816720000,1755816779000,1.39047,1.39047,1.39046,1.39046,7950000,1
1755816780000,1755816839000,1.39049,1.39049,1.39046,1.39046,13200000,1
1755816840000,1755816899000,1.39046,1.39046,1.39042,1.39042,7950000,1
1755816900000,1755816959000,1.39042,1.39043,1.39042,1.39042,6150000,1
1755816960000,1755817019000,1.39043,1.39043,1.39038,1.39042,21330000,1
1755817020000,1755817079000,1.39042,1.39046,1.39041,1.39044,66750000,1
1755817080000,1755817139000,1.39044,1.39049,1.39041,1.39045,66900000,1
1755817140000,1755817199000,1.39044,1.39045,1.39038,1.39042,44340000,1
1755817200000,1755817259000,1.39043,1.39047,1.39038,1.39041,48990000,1
1755817260000,1755817319000,1.39044,1.39048,1.39036,1.39036,55350000,1
1755817320000,1755817379000,1.39037,1.39037,1.39034,1.39035,30300000,1
1755817380000,1755817439000,1.39035,1.39056,1.39035,1.39056,47970000,1
1755817440000,1755817499000,1.39056,1.39064,1.39056,1.39064,19950000,1
1755817500000,1755817559000,1.39064,1.39064,1.39055,1.39055,15360000,1
1755817560000,1755817619000,1.39054,1.39054,1.39045,1.39046,33750000,1
1755817620000,1755817679000,1.39047,1.39047,1.39046,1.39046,3720000,1
1755817680000,1755817739000,1.39047,1.39054,1.39046,1.39049,33300000,1
1755817740000,1755817799000,1.39048,1.3905,1.39045,1.39046,38850000,1
1755817800000,1755817859000,1.39045,1.39047,1.39045,1.39045,13800000,1
1755817860000,1755817919000,1.39045,1.39048,1.39045,1.39048,10500000,1
1755817920000,1755817979000,1.39047,1.39052,1.39047,1.39048,24300000,1
1755817980000,1755818039000,1.39047,1.39048,1.39047,1.39048,9150000,1
1755818040000,1755818099000,1.39048,1.39055,1.39048,1.39052,25800000,1
1755818100000,1755818159000,1.39052,1.39054,1.39052,1.39054,11850000,1
1755818160000,1755818219000,1.39053,1.39057,1.39052,1.39054,23550000,1
1755818220000,1755818279000,1.39054,1.39056,1.39054,1.39055,14250000,1
1755818280000,1755818339000,1.39054,1.39054,1.39045,1.39048,57600000,1
1755818340000,1755818399000,1.39047,1.3905,1.39046,1.39049,20850000,1
1755818400000,1755818459000,1.39049,1.39049,1.39046,1.39048,26100000,1
1755818460000,1755818519000,1.39047,1.39049,1.39047,1.39049,13050000,1
1755818520000,1755818579000,1.39047,1.39048,1.39045,1.39047,40950000,1
1755818580000,1755818639000,1.39047,1.39048,1.39045,1.39046,25650000,1
1755818640000,1755818699000,1.39045,1.39045,1.39035,1.39035,33900000,1
1755818700000,1755818759000,1.39035,1.39042,1.39035,1.3904,18900000,1
1755818760000,1755818819000,1.39039,1.39039,1.39039,1.39039,7800000,1
1755818820000,1755818879000,1.39039,1.39039,1.39039,1.39039,7200000,1
1755818880000,1755818939000,1.3904,1.39043,1.3904,1.39042,17550000,1
1755818940000,1755818999000,1.39043,1.39047,1.39042,1.39046,25500000,1
1755819000000,1755819059000,1.39045,1.39046,1.39042,1.39043,30150000,1
1755819060000,1755819119000,1.39042,1.39042,1.39034,1.39036,18750000,1
1755819120000,1755819179000,1.39037,1.39037,1.39035,1.39035,4800000,1
1755819180000,1755819239000,1.39035,1.39043,1.39035,1.39043,15000000,1
1755819240000,1755819299000,1.39043,1.39043,1.39043,1.39043,4800000,1
1755819300000,1755819359000,1.39043,1.39043,1.39042,1.39042,3600000,1
1755819360000,1755819419000,1.39041,1.39047,1.39037,1.39047,40500000,1
1755819420000,1755819479000,1.39047,1.39047,1.39037,1.39038,32850000,1
1755819480000,1755819539000,1.39038,1.39038,1.39036,1.39037,11700000,1
1755819540000,1755819599000,1.39037,1.39037,1.39034,1.39034,17100000,1
1755819600000,1755819659000,1.39039,1.39039,1.39034,1.39037,21900000,1
1755819660000,1755819719000,1.39038,1.39038,1.39035,1.39035,22050000,1
1755819720000,1755819779000,1.39036,1.39038,1.39034,1.39034,12600000,1
1755819780000,1755819839000,1.39035,1.39037,1.39035,1.39036,7200000,1
1755819840000,1755819899000,1.39037,1.39039,1.39037,1.39037,22500000,1
1755819900000,1755819959000,1.39037,1.39037,1.39037,1.39037,3600000,1
1755819960000,1755820019000,1.39036,1.39037,1.39026,1.39031,49800000,1
1755820020000,1755820079000,1.39026,1.39026,1.39023,1.39024,29550000,1
1755820080000,1755820139000,1.39025,1.39027,1.39023,1.39023,35850000,1
1755820140000,1755820199000,1.39023,1.39026,1.39023,1.39025,13200000,1
1755820200000,1755820259000,1.39024,1.39025,1.39017,1.39019,28050000,1
1755820260000,1755820319000,1.39019,1.39019,1.3901,1.39018,21750000,1
1755820320000,1755820379000,1.39017,1.3902,1.39017,1.3902,8250000,1
1755820380000,1755820439000,1.39022,1.39028,1.3902,1.3902,28950000,1
1755820440000,1755820499000,1.3902,1.39021,1.39017,1.39017,24900000,1
1755820500000,1755820559000,1.39018,1.39018,1.3901,1.3901,26250000,1
1755820560000,1755820619000,1.39011,1.39014,1.39011,1.39011,10950000,1
1755820620000,1755820679000,1.39011,1.39012,1.39,1.39005,51750000,1
1755820680000,1755820739000,1.39008,1.39011,1.39005,1.39005,42300000,1
1755820740000,1755820799000,1.39006,1.39016,1.39006,1.39011,45600000,1
1755820800000,1755820859000,1.39013,1.39029,1.39011,1.39014,96150000,1
1755820860000,1755820919000,1.39012,1.39013,1.38997,1.38997,65250000,1
1755820920000,1755820979000,1.38998,1.39,1.38987,1.38998,71850000,1
1755820980000,1755821039000,1.38997,1.39,1.38992,1.38994,52800000,1
1755821040000,1755821099000,1.38994,1.38995,1.3899,1.38995,32850000,1
1755821100000,1755821159000,1.38997,1.39,1.3899,1.39,70500000,1
1755821160000,1755821219000,1.38999,1.39,1.38993,1.38995,40950000,1
1755821220000,1755821279000,1.38996,1.39007,1.38996,1.38999,56850000,1
1755821280000,1755821339000,1.38999,1.39,1.38994,1.38994,33750000,1
1755821340000,1755821399000,1.38993,1.39005,1.38993,1.39005,50400000,1
1755821400000,1755821459000,1.39005,1.39009,1.39005,1.39005,29400000,1
1755821460000,1755821519000,1.39005,1.39014,1.39005,1.39014,26400000,1
1755821520000,1755821579000,1.39014,1.39023,1.39012,1.39018,58050000,1
1755821580000,1755821639000,1.39018,1.39022,1.39018,1.39019,62700000,1
1755821640000,1755821699000,1.3902,1.39026,1.39019,1.3902,63600000,1
1755821700000,1755821759000,1.39021,1.39036,1.3902,1.39032,94350000,1
1755821760000,1755821819000,1.39031,1.39033,1.3903,1.39032,74700000,1
1755821820000,1755821879000,1.39032,1.39032,1.39028,1.39028,91200000,1
1755821880000,1755821939000,1.39028,1.39029,1.39021,1.39021,39750000,1
1755821940000,1755821999000,1.3902,1.39022,1.3902,1.39021,14850000,1
1755822000000,1755822059000,1.39021,1.39021,1.39011,1.39011,84000000,1
1755822060000,1755822119000,1.39012,1.39018,1.39011,1.39013,38100000,1
1755822120000,1755822179000,1.39013,1.39015,1.39007,1.39012,64200000,1
1755822180000,1755822239000,1.39012,1.39012,1.3901,1.39012,13050000,1
1755822240000,1755822299000,1.39012,1.39012,1.39008,1.39009,30000000,1
1755822300000,1755822359000,1.3901,1.39014,1.39007,1.39013,26100000,1
1755822360000,1755822419000,1.39009,1.39023,1.39009,1.39023,45600000,1
1755822420000,1755822479000,1.39022,1.39031,1.39022,1.39026,34350000,1
1755822480000,1755822539000,1.39026,1.39029,1.39022,1.39022,21600000,1
1755822540000,1755822599000,1.39022,1.39022,1.39022,1.39022,3600000,1
1755822600000,1755822659000,1.39023,1.39031,1.39023,1.39028,28200000,1
1755822660000,1755822719000,1.39027,1.39028,1.39016,1.39016,48900000,1
1755822720000,1755822779000,1.39016,1.39026,1.39012,1.39024,38250000,1
1755822780000,1755822839000,1.39024,1.39031,1.39021,1.39025,48750000,1
1755822840000,1755822899000,1.39026,1.39031,1.39023,1.39031,36750000,1
1755822900000,1755822959000,1.39029,1.39032,1.39027,1.3903,44850000,1
1755822960000,1755823019000,1.3903,1.3903,1.39029,1.3903,7200000,1
1755823020000,1755823079000,1.39029,1.39032,1.39028,1.3903,27600000,1
1755823080000,1755823139000,1.3903,1.39033,1.3903,1.39033,4800000,1
1755823140000,1755823199000,1.39032,1.39033,1.39029,1.39033,10650000,1
1755823200000,1755823259000,1.39034,1.39034,1.3903,1.3903,28650000,1
1755823260000,1755823319000,1.39031,1.39043,1.39031,1.39043,35100000,1
1755823320000,1755823379000,1.39042,1.39045,1.39042,1.39044,7200000,1
1755823380000,1755823439000,1.39044,1.39052,1.39043,1.39052,26100000,1
1755823440000,1755823499000,1.39051,1.39052,1.39045,1.3905,28650000,1
1755823500000,1755823559000,1.39052,1.39055,1.39044,1.39054,47550000,1
1755823560000,1755823619000,1.39054,1.39062,1.39054,1.39062,12600000,1
1755823620000,1755823679000,1.39061,1.39063,1.39061,1.39063,2400000,1
1755823680000,1755823739000,1.39062,1.39063,1.39054,1.39055,29550000,1
1755823740000,1755823799000,1.39057,1.39063,1.39057,1.39063,23850000,1
1755823800000,1755823859000,1.39062,1.39072,1.39062,1.39071,26850000,1
1755823860000,1755823919000,1.39071,1.39074,1.39067,1.39069,37200000,1
1755823920000,1755823979000,1.39067,1.39069,1.39061,1.39069,40650000,1
1755823980000,1755824039000,1.39073,1.39074,1.39069,1.39069,37050000,1
1755824040000,1755824099000,1.3907,1.39073,1.39069,1.39073,17550000,1
1755824100000,1755824159000,1.39072,1.39074,1.39071,1.39073,31950000,1
1755824160000,1755824219000,1.39072,1.39073,1.3907,1.39073,25350000,1
1755824220000,1755824279000,1.39072,1.39072,1.39068,1.39069,61050000,1
1755824280000,1755824339000,1.39069,1.39072,1.39067,1.39071,61650000,1
1755824340000,1755824399000,1.39071,1.39072,1.3907,1.39071,22050000,1
1755824400000,1755824459000,1.39071,1.39071,1.39051,1.39052,183750000,1
1755824460000,1755824519000,1.39053,1.39062,1.39051,1.39051,91350000,1
1755824520000,1755824579000,1.39053,1.39053,1.39052,1.39052,40500000,1
1755824580000,1755824639000,1.39052,1.39054,1.39049,1.39054,53700000,1
1755824640000,1755824699000,1.39053,1.39054,1.3905,1.39051,10650000,1
1755824700000,1755824759000,1.3905,1.39051,1.3904,1.39041,27900000,1
1755824760000,1755824819000,1.39041,1.39041,1.39032,1.39034,18450000,1
1755824820000,1755824879000,1.39035,1.39057,1.39034,1.39057,72750000,1
1755824880000,1755824939000,1.39056,1.3907,1.39056,1.39068,57600000,1
1755824940000,1755824999000,1.39066,1.39067,1.3906,1.39065,45600000,1
1755825000000,1755825059000,1.39066,1.39066,1.39058,1.39059,45450000,1
1755825060000,1755825119000,1.39058,1.39059,1.39054,1.39057,27000000,1
1755825120000,1755825179000,1.3906,1.39067,1.39058,1.39063,31050000,1
1755825180000,1755825239000,1.39063,1.39063,1.39059,1.39059,24000000,1
1755825240000,1755825299000,1.39057,1.39058,1.39056,1.39057,24900000,1
1755825300000,1755825359000,1.39058,1.39059,1.39057,1.39057,15150000,1
1755825360000,1755825419000,1.39057,1.39065,1.39057,1.39064,21150000,1
1755825420000,1755825479000,1.39065,1.39065,1.39054,1.39055,49050000,1
1755825480000,1755825539000,1.39055,1.3906,1.39054,1.39057,31650000,1
1755825540000,1755825599000,1.39058,1.39069,1.39058,1.39066,61950000,1
1755825600000,1755825659000,1.39068,1.39069,1.39067,1.39068,33750000,1
1755825660000,1755825719000,1.39071,1.39071,1.39067,1.39069,20250000,1
1755825720000,1755825779000,1.39067,1.39077,1.39067,1.39076,24300000,1
1755825780000,1755825839000,1.39076,1.39084,1.39076,1.39081,23400000,1
1755825840000,1755825899000,1.39081,1.39081,1.39078,1.39079,9450000,1
1755825900000,1755825959000,1.39079,1.3908,1.39077,1.39077,10350000,1
1755825960000,1755826019000,1.39077,1.39078,1.39077,1.39078,13200000,1
1755826020000,1755826079000,1.39077,1.39079,1.39076,1.39077,17550000,1
1755826080000,1755826139000,1.39075,1.39076,1.39073,1.39073,10050000,1
1755826140000,1755826199000,1.39073,1.39078,1.39073,1.39075,27450000,1
1755826200000,1755826259000,1.39074,1.39074,1.39066,1.3907,73950000,1
1755826260000,1755826319000,1.39071,1.39071,1.39068,1.39068,15000000,1
1755826320000,1755826379000,1.39068,1.39084,1.39068,1.39082,37500000,1
1755826380000,1755826439000,1.39081,1.39091,1.39081,1.39088,47400000,1
1755826440000,1755826499000,1.39088,1.3909,1.39085,1.39085,43200000,1
1755826500000,1755826559000,1.39085,1.39087,1.39083,1.39087,75450000,1
1755826560000,1755826619000,1.39088,1.39088,1.39081,1.39086,59700000,1
1755826620000,1755826679000,1.39087,1.39091,1.39087,1.3909,50700000,1
1755826680000,1755826739000,1.3909,1.39094,1.3909,1.39093,53400000,1
1755826740000,1755826799000,1.39093,1.39094,1.39091,1.39093,36600000,1
1755826800000,1755826859000,1.39093,1.39109,1.39093,1.39104,40500000,1
1755826860000,1755826919000,1.39105,1.3911,1.39104,1.39108,80250000,1
1755826920000,1755826979000,1.39106,1.39108,1.39101,1.39108,56100000,1
1755826980000,1755827039000,1.39107,1.3911,1.39101,1.39101,58800000,1
1755827040000,1755827099000,1.39096,1.391,1.39096,1.39098,35700000,1
1755827100000,1755827159000,1.39098,1.391,1.39097,1.391,50250000,1
1755827160000,1755827219000,1.391,1.391,1.39097,1.39098,57900000,1
1755827220000,1755827279000,1.39098,1.39108,1.39097,1.39108,70500000,1
1755827280000,1755827339000,1.39107,1.39109,1.39105,1.39105,33450000,1
1755827340000,1755827399000,1.39106,1.39111,1.39103,1.39111,96150000,1
1755827400000,1755827459000,1.39111,1.3912,1.39107,1.39119,117000000,1
1755827460000,1755827519000,1.39119,1.39127,1.39119,1.39121,106500000,1
1755827520000,1755827579000,1.39121,1.39121,1.39111,1.39111,58350000,1
1755827580000,1755827639000,1.3911,1.39115,1.3911,1.39113,94500000,1
1755827640000,1755827699000,1.39114,1.39116,1.3911,1.39115,68550000,1
1755827700000,1755827759000,1.39116,1.39119,1.39112,1.39116,85650000,1
1755827760000,1755827819000,1.39114,1.39115,1.39107,1.39108,68550000,1
1755827820000,1755827879000,1.39108,1.39109,1.39104,1.39107,61950000,1
1755827880000,1755827939000,1.39108,1.39118,1.39108,1.39116,63900000,1
1755827940000,1755827999000,1.39117,1.3912,1.39116,1.39118,37950000,1
1755828000000,1755828059000,1.39118,1.39122,1.39117,1.3912,91950000,1
1755828060000,1755828119000,1.3912,1.39123,1.39119,1.3912,63150000,1
1755828120000,1755828179000,1.39118,1.39124,1.39115,1.3912,75750000,1
1755828180000,1755828239000,1.3912,1.3912,1.39112,1.39112,61800000,1
1755828240000,1755828299000,1.39113,1.39113,1.391,1.39101,114750000,1
1755828300000,1755828359000,1.39101,1.39101,1.39087,1.39089,79950000,1
1755828360000,1755828419000,1.39088,1.39088,1.39079,1.3908,36000000,1
1755828420000,1755828479000,1.3908,1.39094,1.39079,1.3909,91350000,1
1755828480000,1755828539000,1.3909,1.39091,1.39085,1.39087,43800000,1
1755828540000,1755828599000,1.39086,1.39098,1.39086,1.39098,65280000,1
1755828600000,1755828659000,1.39098,1.391,1.39097,1.39097,33450000,1
1755828660000,1755828719000,1.39096,1.39099,1.39091,1.39095,42000000,1
1755828720000,1755828779000,1.39094,1.391,1.39093,1.391,48000000,1
1755828780000,1755828839000,1.39098,1.39099,1.39094,1.39095,47100000,1
1755828840000,1755828899000,1.39095,1.39099,1.39091,1.39094,50100000,1
1755828900000,1755828959000,1.39095,1.39098,1.3909,1.39091,44550000,1
1755828960000,1755829019000,1.39092,1.39092,1.3909,1.39091,29250000,1
1755829020000,1755829079000,1.39091,1.39091,1.3909,1.3909,3000000,1
1755829080000,1755829139000,1.39092,1.39092,1.39064,1.39064,97050000,1
1755829140000,1755829199000,1.39065,1.39066,1.39059,1.39063,130350000,1
1755829200000,1755829259000,1.39065,1.39079,1.39063,1.39077,96780000,1
1755829260000,1755829319000,1.39077,1.3908,1.39075,1.39077,66000000,1
1755829320000,1755829379000,1.39075,1.39088,1.39075,1.39086,56850000,1
1755829380000,1755829439000,1.39086,1.39087,1.39084,1.39084,42450000,1
1755829440000,1755829499000,1.39084,1.39091,1.39084,1.39087,49680000,1
1755829500000,1755829559000,1.39087,1.39099,1.39087,1.39099,47520000,1
1755829560000,1755829619000,1.39097,1.39098,1.39096,1.39096,9900000,1
1755829620000,1755829679000,1.39096,1.39098,1.39095,1.39098,16800000,1
1755829680000,1755829739000,1.39098,1.391,1.39098,1.391,24750000,1
1755829740000,1755829799000,1.39098,1.391,1.39096,1.39097,26700000,1
1755829800000,1755829859000,1.39096,1.39097,1.39095,1.39095,25200000,1
1755829860000,1755829919000,1.39094,1.39097,1.39093,1.39097,29250000,1
1755829920000,1755829979000,1.39096,1.39097,1.39094,1.39095,38190000,1
1755829980000,1755830039000,1.39094,1.39096,1.39093,1.39095,72090000,1
1755830040000,1755830099000,1.39095,1.39096,1.39094,1.39094,25530000,1
1755830100000,1755830159000,1.39095,1.39095,1.39092,1.39093,32550000,1
1755830160000,1755830219000,1.39093,1.39093,1.39087,1.39089,74280000,1
1755830220000,1755830279000,1.39088,1.39088,1.3908,1.39082,48750000,1
1755830280000,1755830339000,1.39081,1.39094,1.39081,1.39093,73200000,1
1755830340000,1755830399000,1.39093,1.39093,1.3909,1.3909,52950000,1
1755830400000,1755830459000,1.39089,1.39095,1.39088,1.39093,93630000,1
1755830460000,1755830519000,1.39095,1.39097,1.39091,1.39091,39000000,1
1755830520000,1755830579000,1.39091,1.39092,1.39088,1.39089,73950000,1
1755830580000,1755830639000,1.39088,1.39088,1.39077,1.3908,94050000,1
1755830640000,1755830699000,1.3908,1.3908,1.39077,1.39079,24750000,1
1755830700000,1755830759000,1.39078,1.39087,1.3907,1.39079,60300000,1
1755830760000,1755830819000,1.3908,1.39086,1.39079,1.39086,64800000,1
1755830820000,1755830879000,1.39086,1.39091,1.39083,1.39091,67950000,1
1755830880000,1755830939000,1.39091,1.39098,1.39091,1.39096,44700000,1
1755830940000,1755830999000,1.39096,1.39097,1.39095,1.39095,43200000,1
1755831000000,1755831059000,1.39096,1.39097,1.39095,1.39097,46200000,1
1755831060000,1755831119000,1.39096,1.39098,1.39095,1.39097,65250000,1
1755831120000,1755831179000,1.39097,1.39098,1.39095,1.39098,16350000,1
1755831180000,1755831239000,1.39096,1.39106,1.39096,1.39106,36600000,1
1755831240000,1755831299000,1.39105,1.39105,1.39096,1.39097,28800000,1
1755831300000,1755831359000,1.39097,1.39105,1.39097,1.39104,54450000,1
1755831360000,1755831419000,1.39104,1.39107,1.39101,1.39107,40800000,1
1755831420000,1755831479000,1.39107,1.39111,1.39107,1.39111,27450000,1
1755831480000,1755831539000,1.39109,1.39112,1.39107,1.39111,83550000,1
1755831540000,1755831599000,1.3911,1.3911,1.39103,1.39105,50400000,1
1755831600000,1755831659000,1.39105,1.39109,1.39103,1.39109,64800000,1
1755831660000,1755831719000,1.39109,1.3911,1.39107,1.3911,21450000,1
1755831720000,1755831779000,1.3911,1.39116,1.39108,1.39116,39150000,1
1755831780000,1755831839000,1.39116,1.3912,1.39115,1.39116,42000000,1
1755831840000,1755831899000,1.39116,1.39118,1.39108,1.39111,65100000,1
1755831900000,1755831959000,1.39112,1.39116,1.39111,1.39116,33300000,1
1755831960000,1755832019000,1.39116,1.39118,1.39107,1.39107,37800000,1
1755832020000,1755832079000,1.39107,1.39108,1.39092,1.39093,76950000,1
1755832080000,1755832139000,1.39094,1.39096,1.39092,1.39095,41550000,1
1755832140000,1755832199000,1.39096,1.39107,1.39096,1.39106,107550000,1
1755832200000,1755832259000,1.39107,1.39107,1.39105,1.39105,33750000,1
1755832260000,1755832319000,1.39107,1.39109,1.39102,1.39106,57450000,1
1755832320000,1755832379000,1.39106,1.39107,1.39104,1.39105,58950000,1
1755832380000,1755832439000,1.39105,1.39108,1.39105,1.39106,71100000,1
1755832440000,1755832499000,1.39107,1.39116,1.39106,1.39116,59400000,1
1755832500000,1755832559000,1.39115,1.39116,1.39108,1.39108,26250000,1
1755832560000,1755832619000,1.39108,1.3911,1.39106,1.39106,18750000,1
1755832620000,1755832679000,1.39106,1.39107,1.39104,1.39105,30600000,1
1755832680000,1755832739000,1.39106,1.39106,1.39101,1.39101,46500000,1
1755832740000,1755832799000,1.39101,1.39104,1.39098,1.39102,79500000,1
1755832800000,1755832859000,1.39103,1.39104,1.391,1.391,46950000,1
1755832860000,1755832919000,1.39101,1.39104,1.391,1.39101,87000000,1
1755832920000,1755832979000,1.39102,1.39106,1.39101,1.39106,51600000,1
1755832980000,1755833039000,1.39106,1.39107,1.39101,1.39103,85650000,1
1755833040000,1755833099000,1.39103,1.39105,1.39102,1.39103,69900000,1
1755833100000,1755833159000,1.39104,1.39104,1.39101,1.39103,27600000,1
1755833160000,1755833219000,1.39102,1.39106,1.39102,1.39105,56250000,1
1755833220000,1755833279000,1.39106,1.39109,1.39104,1.39105,48750000,1
1755833280000,1755833339000,1.39104,1.39108,1.39102,1.39108,99750000,1
1755833340000,1755833399000,1.39106,1.39107,1.39105,1.39107,54750000,1
1755833400000,1755833459000,1.39107,1.3911,1.39106,1.39106,34500000,1
1755833460000,1755833519000,1.39106,1.3911,1.39103,1.3911,77100000,1
1755833520000,1755833579000,1.39108,1.39112,1.39108,1.3911,43650000,1
1755833580000,1755833639000,1.39109,1.3911,1.39107,1.39107,23100000,1
1755833640000,1755833699000,1.39106,1.39109,1.39103,1.39105,66900000,1
1755833700000,1755833759000,1.39106,1.39109,1.39106,1.39106,75000000,1
1755833760000,1755833819000,1.39106,1.3911,1.39106,1.39109,63150000,1
1755833820000,1755833879000,1.3911,1.39112,1.39107,1.39109,41400000,1
1755833880000,1755833939000,1.39108,1.39125,1.39108,1.39117,179850000,1
1755833940000,1755833999000,1.39116,1.39118,1.39109,1.39117,60600000,1
1755834000000,1755834059000,1.39117,1.39119,1.39116,1.39118,40350000,1
1755834060000,1755834119000,1.39117,1.39118,1.39117,1.39117,26100000,1
1755834120000,1755834179000,1.39118,1.39119,1.39116,1.39116,67350000,1
1755834180000,1755834239000,1.39117,1.39117,1.39114,1.39116,45450000,1
1755834240000,1755834299000,1.39113,1.39116,1.39113,1.39115,53250000,1
1755834300000,1755834359000,1.39114,1.39117,1.39114,1.39117,20400000,1
1755834360000,1755834419000,1.39116,1.39118,1.39116,1.39117,34950000,1
1755834420000,1755834479000,1.39118,1.39123,1.39117,1.3912,68700000,1
1755834480000,1755834539000,1.39121,1.39126,1.39119,1.39119,108150000,1
1755834540000,1755834599000,1.3912,1.3912,1.39119,1.3912,29850000,1
1755834600000,1755834659000,1.3912,1.3912,1.39113,1.39113,63750000,1
1755834660000,1755834719000,1.39114,1.39117,1.39114,1.39116,75900000,1
1755834720000,1755834779000,1.39115,1.39115,1.39114,1.39115,21300000,1
1755834780000,1755834839000,1.39114,1.3912,1.39112,1.3912,36900000,1
1755834840000,1755834899000,1.39119,1.39122,1.39116,1.39119,77100000,1
1755834900000,1755834959000,1.39118,1.39123,1.39118,1.39121,53700000,1
1755834960000,1755835019000,1.39123,1.3913,1.39123,1.39127,54450000,1
1755835020000,1755835079000,1.39126,1.39129,1.39125,1.39129,72600000,1
1755835080000,1755835139000,1.39128,1.3913,1.39128,1.39128,32850000,1
1755835140000,1755835199000,1.39128,1.39138,1.39128,1.3913,90300000,1
1755835200000,1755835259000,1.3913,1.39135,1.39129,1.39129,82500000,1
1755835260000,1755835319000,1.3913,1.39132,1.39129,1.39131,31650000,1
1755835320000,1755835379000,1.39131,1.39133,1.39129,1.3913,46650000,1
1755835380000,1755835439000,1.3913,1.39131,1.39127,1.39129,70050000,1
1755835440000,1755835499000,1.3913,1.3913,1.39128,1.39128,9600000,1
1755835500000,1755835559000,1.39128,1.39129,1.39128,1.39128,59850000,1
1755835560000,1755835619000,1.39128,1.39129,1.39121,1.39121,49500000,1
1755835620000,1755835679000,1.39121,1.39123,1.39119,1.3912,55800000,1
1755835680000,1755835739000,1.3912,1.3912,1.3912,1.3912,4800000,1
1755835740000,1755835799000,1.3912,1.39125,1.3912,1.39125,48750000,1
1755835800000,1755835859000,1.39124,1.39125,1.39121,1.39121,36300000,1
1755835860000,1755835919000,1.39122,1.39125,1.39121,1.39121,35850000,1
1755835920000,1755835979000,1.39121,1.39124,1.3912,1.39124,21300000,1
1755835980000,1755836039000,1.39125,1.39125,1.39119,1.3912,26400000,1
1755836040000,1755836099000,1.3912,1.3912,1.39117,1.39117,103650000,1
1755836100000,1755836159000,1.39119,1.3912,1.39118,1.3912,19800000,1
1755836160000,1755836219000,1.39118,1.39125,1.39118,1.39123,47250000,1
1755836220000,1755836279000,1.39123,1.39127,1.39123,1.39124,41700000,1
1755836280000,1755836339000,1.39124,1.39132,1.39124,1.39129,97350000,1
1755836340000,1755836399000,1.39129,1.39132,1.39128,1.39132,47400000,1
1755836400000,1755836459000,1.39132,1.39133,1.39129,1.39129,50400000,1
1755836460000,1755836519000,1.3913,1.39132,1.39129,1.39132,51450000,1
1755836520000,1755836579000,1.39131,1.39133,1.39131,1.39132,29100000,1
1755836580000,1755836639000,1.39132,1.39133,1.39132,1.39132,18300000,1
1755836640000,1755836699000,1.39134,1.39134,1.39132,1.39132,35250000,1
1755836700000,1755836759000,1.39131,1.39136,1.39131,1.39135,29700000,1
1755836760000,1755836819000,1.39134,1.39134,1.39133,1.39134,18750000,1
1755836820000,1755836879000,1.39135,1.39144,1.39134,1.39141,47700000,1
1755836880000,1755836939000,1.39142,1.39148,1.39133,1.39133,56250000,1
1755836940000,1755836999000,1.39132,1.39138,1.39129,1.39136,49050000,1
1755837000000,1755837059000,1.39135,1.39142,1.39135,1.39141,51150000,1
1755837060000,1755837119000,1.39141,1.39144,1.39141,1.39144,28350000,1
1755837120000,1755837179000,1.39144,1.39146,1.39142,1.39145,15750000,1
1755837180000,1755837239000,1.39145,1.39148,1.39144,1.39146,59700000,1
1755837240000,1755837299000,1.39148,1.39148,1.39137,1.39137,36750000,1
1755837300000,1755837359000,1.39139,1.39143,1.39137,1.39142,55950000,1
1755837360000,1755837419000,1.39143,1.39143,1.39139,1.39139,19650000,1
1755837420000,1755837479000,1.39139,1.39142,1.39136,1.39137,14400000,1
1755837480000,1755837539000,1.39136,1.39136,1.39135,1.39136,7050000,1
1755837540000,1755837599000,1.39136,1.39136,1.39127,1.39131,54000000,1
1755837600000,1755837659000,1.39131,1.39132,1.39129,1.39131,14550000,1
1755837660000,1755837719000,1.39132,1.39135,1.3913,1.3913,60750000,1
1755837720000,1755837779000,1.3913,1.39131,1.39129,1.39129,21150000,1
1755837780000,1755837839000,1.39132,1.39134,1.39129,1.39129,31800000,1
1755837840000,1755837899000,1.39129,1.39129,1.39129,1.39129,12750000,1
1755837900000,1755837959000,1.39131,1.39133,1.39128,1.39129,62100000,1
1755837960000,1755838019000,1.39128,1.39138,1.39128,1.39136,38100000,1
1755838020000,1755838079000,1.39137,1.39144,1.39135,1.39143,26850000,1
1755838080000,1755838139000,1.39143,1.39144,1.39143,1.39143,33000000,1
1755838140000,1755838199000,1.39143,1.39145,1.39142,1.39144,53250000,1
1755838200000,1755838259000,1.39146,1.39146,1.39143,1.39143,17700000,1
1755838260000,1755838319000,1.39143,1.39144,1.39137,1.3914,27450000,1
1755838320000,1755838379000,1.3914,1.39145,1.3914,1.39145,18600000,1
1755838380000,1755838439000,1.39144,1.39144,1.39143,1.39143,7950000,1
1755838440000,1755838499000,1.39143,1.39144,1.39143,1.39143,56700000,1
1755838500000,1755838559000,1.39143,1.39144,1.39141,1.39142,18750000,1
1755838560000,1755838619000,1.39144,1.39145,1.39144,1.39144,4200000,1
1755838620000,1755838679000,1.39144,1.39146,1.39144,1.39145,34950000,1
1755838680000,1755838739000,1.39146,1.39146,1.39143,1.39143,79950000,1
1755838740000,1755838799000,1.39144,1.39145,1.39142,1.39145,41100000,1
1755838800000,1755838859000,1.39143,1.39153,1.39143,1.39149,59550000,1
1755838860000,1755838919000,1.39146,1.39147,1.39142,1.39142,98400000,1
1755838920000,1755838979000,1.39143,1.39146,1.39143,1.39144,32400000,1
1755838980000,1755839039000,1.39145,1.39147,1.39144,1.39145,84300000,1
1755839040000,1755839099000,1.39148,1.39151,1.39146,1.39147,21300000,1
1755839100000,1755839159000,1.39146,1.39147,1.39134,1.39141,43650000,1
1755839160000,1755839219000,1.39137,1.39137,1.39135,1.39137,11250000,1
1755839220000,1755839279000,1.39135,1.39135,1.39134,1.39134,5850000,1
1755839280000,1755839339000,1.39136,1.39143,1.39135,1.39143,35100000,1
1755839340000,1755839399000,1.39141,1.39143,1.39141,1.39143,17700000,1
1755839400000,1755839459000,1.39142,1.39143,1.39142,1.39142,8100000,1
1755839460000,1755839519000,1.39142,1.39144,1.39135,1.39136,35100000,1
1755839520000,1755839579000,1.39135,1.39137,1.39135,1.39135,18000000,1
1755839580000,1755839639000,1.39135,1.39136,1.39135,1.39135,5550000,1
1755839640000,1755839699000,1.39136,1.39136,1.39134,1.39134,16200000,1
1755839700000,1755839759000,1.39133,1.39135,1.39127,1.39131,55800000,1
1755839760000,1755839819000,1.39128,1.39136,1.39128,1.39132,96300000,1
1755839820000,1755839879000,1.39132,1.39132,1.39132,1.39132,7800000,1
1755839880000,1755839939000,1.39133,1.39142,1.39133,1.39141,52350000,1
1755839940000,1755839999000,1.39141,1.39145,1.39141,1.39142,84300000,1
1755840000000,1755840059000,1.39141,1.39145,1.39138,1.39145,114750000,1
1755840060000,1755840119000,1.39146,1.39146,1.3914,1.39141,18450000,1
1755840120000,1755840179000,1.39141,1.39141,1.39139,1.39139,20700000,1
1755840180000,1755840239000,1.39139,1.3915,1.39137,1.3915,77400000,1
1755840240000,1755840299000,1.3915,1.39151,1.39149,1.39149,44700000,1
1755840300000,1755840359000,1.3915,1.39151,1.39149,1.39149,43800000,1
1755840360000,1755840419000,1.39149,1.39149,1.39145,1.39147,47850000,1
1755840420000,1755840479000,1.39146,1.39151,1.39145,1.39151,95850000,1
1755840480000,1755840539000,1.39149,1.3915,1.39148,1.39148,27450000,1
1755840540000,1755840599000,1.39147,1.39151,1.39147,1.39149,60900000,1
1755840600000,1755840659000,1.3915,1.39151,1.39145,1.39145,47400000,1
1755840660000,1755840719000,1.39146,1.39147,1.39146,1.39146,14400000,1
1755840720000,1755840779000,1.39146,1.39149,1.39146,1.39148,12150000,1
1755840780000,1755840839000,1.39149,1.39149,1.39147,1.39149,13050000,1
1755840840000,1755840899000,1.39149,1.39149,1.39147,1.39147,13950000,1
1755840900000,1755840959000,1.39148,1.39149,1.39146,1.39146,30150000,1
1755840960000,1755841019000,1.39146,1.39148,1.39146,1.39148,26100000,1
1755841020000,1755841079000,1.39148,1.39149,1.39147,1.39147,16050000,1
1755841080000,1755841139000,1.39148,1.39148,1.39146,1.39147,18150000,1
1755841140000,1755841199000,1.39146,1.39148,1.39146,1.39148,22650000,1
1755841200000,1755841259000,1.39147,1.39148,1.39147,1.39148,7200000,1
1755841260000,1755841319000,1.39145,1.39148,1.39145,1.39146,33300000,1
1755841320000,1755841379000,1.39146,1.39146,1.39144,1.39145,14100000,1
1755841380000,1755841439000,1.39144,1.39145,1.39138,1.39139,21450000,1
1755841440000,1755841499000,1.39137,1.39138,1.39135,1.39136,14850000,1
1755841500000,1755841559000,1.39131,1.39132,1.39127,1.39128,52950000,1
1755841560000,1755841619000,1.39128,1.39129,1.39128,1.39129,4950000,1
1755841620000,1755841679000,1.39128,1.39138,1.39128,1.39136,22950000,1
1755841680000,1755841739000,1.39136,1.39137,1.39134,1.39134,19800000,1
1755841740000,1755841799000,1.39134,1.39135,1.39134,1.39135,13500000,1
1755841800000,1755841859000,1.39135,1.39136,1.39133,1.39135,25500000,1
1755841860000,1755841919000,1.39134,1.39137,1.39134,1.39137,36750000,1
1755841920000,1755841979000,1.39136,1.39137,1.39134,1.39134,28800000,1
1755841980000,1755842039000,1.39134,1.39134,1.39134,1.39134,7050000,1
1755842040000,1755842099000,1.39134,1.39135,1.39134,1.39135,80550000,1
1755842100000,1755842159000,1.39135,1.39145,1.39135,1.39145,53400000,1
1755842160000,1755842219000,1.39145,1.39147,1.39144,1.39145,34500000,1
1755842220000,1755842279000,1.39146,1.39149,1.39144,1.39147,70800000,1
1755842280000,1755842339000,1.39147,1.39148,1.39143,1.39144,46200000,1
1755842340000,1755842399000,1.39145,1.39145,1.39138,1.39138,117900000,1
1755842400000,1755842459000,1.39139,1.39153,1.39139,1.39151,105600000,1
1755842460000,1755842519000,1.39152,1.39163,1.39152,1.3916,69150000,1
1755842520000,1755842579000,1.39161,1.39163,1.39151,1.39155,104100000,1
1755842580000,1755842639000,1.39156,1.39157,1.39149,1.39153,94650000,1
1755842640000,1755842699000,1.39155,1.39155,1.39146,1.39146,69750000,1
1755842700000,1755842759000,1.39148,1.39148,1.39137,1.39141,103500000,1
1755842760000,1755842819000,1.39143,1.39144,1.3914,1.39141,87300000,1
1755842820000,1755842879000,1.39141,1.39146,1.3914,1.39146,76950000,1
1755842880000,1755842939000,1.39147,1.39148,1.39146,1.39147,28350000,1
1755842940000,1755842999000,1.39146,1.39147,1.39144,1.39145,47400000,1
1755843000000,1755843059000,1.39144,1.39146,1.39138,1.39144,58950000,1
1755843060000,1755843119000,1.39145,1.39151,1.39144,1.39151,101250000,1
1755843120000,1755843179000,1.39151,1.39157,1.39147,1.39149,125100000,1
1755843180000,1755843239000,1.39147,1.3915,1.39144,1.39146,130800000,1
1755843240000,1755843299000,1.39145,1.39151,1.3913,1.3913,94050000,1
1755843300000,1755843359000,1.3913,1.39133,1.39127,1.39132,99750000,1
1755843360000,1755843419000,1.39131,1.39133,1.39127,1.39127,77700000,1
1755843420000,1755843479000,1.39127,1.39133,1.39127,1.39128,51150000,1
1755843480000,1755843539000,1.3913,1.39131,1.39125,1.39128,25500000,1
1755843540000,1755843599000,1.39129,1.39129,1.39123,1.39128,60900000,1
1755843600000,1755843659000,1.39127,1.39139,1.39127,1.39135,75450000,1
1755843660000,1755843719000,1.39137,1.39146,1.39135,1.39145,59550000,1
1755843720000,1755843779000,1.39146,1.39148,1.39143,1.39146,61050000,1
1755843780000,1755843839000,1.39146,1.39147,1.39143,1.39145,59700000,1
1755843840000,1755843899000,1.39144,1.39153,1.39144,1.39147,130200000,1
1755843900000,1755843959000,1.39147,1.39149,1.39145,1.39145,121500000,1
1755843960000,1755844019000,1.39146,1.39147,1.39144,1.39145,35550000,1
1755844020000,1755844079000,1.39145,1.39149,1.39145,1.39145,97200000,1
1755844080000,1755844139000,1.39145,1.39146,1.39138,1.39143,40050000,1
1755844140000,1755844199000,1.39142,1.39146,1.39138,1.39139,172950000,1
1755844200000,1755844259000,1.3914,1.39141,1.39135,1.39141,53700000,1
1755844260000,1755844319000,1.39144,1.39147,1.39143,1.39147,71700000,1
1755844320000,1755844379000,1.39147,1.39149,1.39146,1.39147,42150000,1
1755844380000,1755844439000,1.39147,1.39147,1.39146,1.39147,20850000,1
1755844440000,1755844499000,1.39147,1.39148,1.39139,1.39139,47850000,1
1755844500000,1755844559000,1.39139,1.39145,1.39137,1.39142,48300000,1
1755844560000,1755844619000,1.39142,1.39146,1.39141,1.39145,53100000,1
1755844620000,1755844679000,1.39146,1.39148,1.39142,1.39144,27900000,1
1755844680000,1755844739000,1.39144,1.39154,1.39142,1.39154,47250000,1
1755844740000,1755844799000,1.39154,1.39154,1.39147,1.39153,14400000,1
1755844800000,1755844859000,1.39151,1.39157,1.39151,1.39156,30600000,1
1755844860000,1755844919000,1.39156,1.39156,1.39152,1.39154,12600000,1
1755844920000,1755844979000,1.39154,1.39157,1.39138,1.39141,37800000,1
1755844980000,1755845039000,1.39141,1.39145,1.39138,1.39138,57000000,1
1755845040000,1755845099000,1.39138,1.39138,1.39125,1.39126,100500000,1
1755845100000,1755845159000,1.39126,1.39137,1.39126,1.39137,68250000,1
1755845160000,1755845219000,1.39137,1.39137,1.39135,1.39135,19800000,1
1755845220000,1755845279000,1.39136,1.39137,1.39128,1.39128,45450000,1
1755845280000,1755845339000,1.39128,1.39129,1.39127,1.39127,15750000,1
1755845340000,1755845399000,1.39127,1.39138,1.39127,1.39138,59100000,1
1755845400000,1755845459000,1.39137,1.39138,1.39136,1.39136,30900000,1
1755845460000,1755845519000,1.39136,1.39138,1.39135,1.39136,39000000,1
1755845520000,1755845579000,1.39135,1.39135,1.39135,1.39135,6750000,1
1755845580000,1755845639000,1.39135,1.39135,1.3913,1.39131,16800000,1
1755845640000,1755845699000,1.39129,1.39136,1.39128,1.39134,32850000,1
1755845700000,1755845759000,1.39135,1.3914,1.39135,1.3914,70800000,1
1755845760000,1755845819000,1.39139,1.39147,1.39137,1.39146,49950000,1
1755845820000,1755845879000,1.39145,1.39149,1.3914,1.39148,83700000,1
1755845880000,1755845939000,1.39148,1.39156,1.39144,1.39154,102750000,1
1755845940000,1755845999000,1.39154,1.39157,1.39148,1.39149,138600000,1
1755846000000,1755846059000,1.39148,1.39149,1.3914,1.3914,138450000,1
1755846060000,1755846119000,1.3914,1.39143,1.39138,1.39139,99150000,1
1755846120000,1755846179000,1.39136,1.3915,1.39133,1.39139,153750000,1
1755846180000,1755846239000,1.39138,1.39139,1.39129,1.39134,150900000,1
1755846240000,1755846299000,1.39135,1.39136,1.39124,1.39126,122250000,1
1755846300000,1755846359000,1.39125,1.39131,1.39123,1.39124,69900000,1
1755846360000,1755846419000,1.39124,1.39136,1.39124,1.39131,84900000,1
1755846420000,1755846479000,1.39131,1.39134,1.39127,1.39127,89550000,1
1755846480000,1755846539000,1.39129,1.39129,1.39125,1.39129,77100000,1
1755846540000,1755846599000,1.39129,1.3913,1.39126,1.39127,61200000,1
1755846600000,1755846659000,1.3913,1.39138,1.39129,1.39132,92100000,1
1755846660000,1755846719000,1.39133,1.39134,1.39127,1.39127,43050000,1
1755846720000,1755846779000,1.39127,1.39132,1.39119,1.39132,65850000,1
1755846780000,1755846839000,1.39135,1.39138,1.3913,1.3913,65100000,1
1755846840000,1755846899000,1.39132,1.39132,1.39128,1.39129,55950000,1
1755846900000,1755846959000,1.39127,1.39137,1.39125,1.39137,76200000,1
1755846960000,1755847019000,1.39137,1.3914,1.39136,1.39138,43950000,1
1755847020000,1755847079000,1.39139,1.39141,1.39136,1.39138,93750000,1
1755847080000,1755847139000,1.39138,1.39142,1.39137,1.39138,70800000,1
1755847140000,1755847199000,1.39138,1.39139,1.39136,1.39139,32400000,1
1755847200000,1755847259000,1.39139,1.39139,1.39128,1.39136,73350000,1
1755847260000,1755847319000,1.39135,1.3914,1.3913,1.3913,90150000,1
1755847320000,1755847379000,1.39129,1.39141,1.39129,1.39139,55200000,1
1755847380000,1755847439000,1.39141,1.39147,1.3914,1.39144,85800000,1
1755847440000,1755847499000,1.39145,1.39148,1.39143,1.39144,79200000,1
1755847500000,1755847559000,1.39144,1.39146,1.39137,1.39138,84300000,1
1755847560000,1755847619000,1.39139,1.39141,1.39134,1.39136,66450000,1
1755847620000,1755847679000,1.39137,1.39137,1.39128,1.39129,92550000,1
1755847680000,1755847739000,1.39128,1.39129,1.39125,1.39128,48450000,1
1755847740000,1755847799000,1.39129,1.39133,1.39127,1.39132,42300000,1
1755847800000,1755847859000,1.39131,1.39138,1.39131,1.39138,61050000,1
1755847860000,1755847919000,1.39139,1.39149,1.39138,1.39149,66750000,1
1755847920000,1755847979000,1.39148,1.39154,1.39148,1.3915,58350000,1
1755847980000,1755848039000,1.39151,1.39157,1.3915,1.39157,65250000,1
1755848040000,1755848099000,1.39156,1.39168,1.39156,1.39165,122250000,1
1755848100000,1755848159000,1.39164,1.39168,1.39158,1.39166,83100000,1
1755848160000,1755848219000,1.39167,1.39167,1.39155,1.39155,35550000,1
1755848220000,1755848279000,1.39156,1.39158,1.39148,1.39154,50400000,1
1755848280000,1755848339000,1.39154,1.39155,1.39139,1.39139,40200000,1
1755848340000,1755848399000,1.39139,1.3914,1.39137,1.39138,18150000,1
1755848400000,1755848459000,1.39138,1.39143,1.39138,1.39143,32550000,1
1755848460000,1755848519000,1.39142,1.39143,1.39138,1.39142,50250000,1
1755848520000,1755848579000,1.39142,1.39144,1.39137,1.39143,90150000,1
1755848580000,1755848639000,1.39144,1.39145,1.3914,1.39142,51150000,1
1755848640000,1755848699000,1.39142,1.39142,1.39136,1.3914,79800000,1
1755848700000,1755848759000,1.3914,1.39143,1.3914,1.39141,47550000,1
1755848760000,1755848819000,1.39141,1.39143,1.3914,1.39141,36450000,1
1755848820000,1755848879000,1.3914,1.39141,1.39134,1.39136,53700000,1
1755848880000,1755848939000,1.39135,1.39135,1.39132,1.39134,16500000,1
1755848940000,1755848999000,1.39136,1.39139,1.39135,1.39138,29700000,1
1755849000000,1755849059000,1.39136,1.39138,1.39132,1.39134,42450000,1
1755849060000,1755849119000,1.39135,1.39135,1.39121,1.39123,72000000,1
1755849120000,1755849179000,1.39123,1.39126,1.39122,1.39122,56250000,1
1755849180000,1755849239000,1.39123,1.39126,1.39119,1.39119,43200000,1
1755849240000,1755849299000,1.39119,1.39127,1.39115,1.39115,41700000,1
1755849300000,1755849359000,1.39113,1.39115,1.39096,1.39097,62700000,1
1755849360000,1755849419000,1.39098,1.39108,1.39098,1.39107,60600000,1
1755849420000,1755849479000,1.39106,1.39109,1.39103,1.39105,43350000,1
1755849480000,1755849539000,1.39106,1.39113,1.39103,1.39109,46800000,1
1755849540000,1755849599000,1.39109,1.39118,1.39109,1.39117,38400000,1
1755849600000,1755849659000,1.39118,1.39119,1.3911,1.39117,42000000,1
1755849660000,1755849719000,1.39115,1.39117,1.3911,1.39115,66300000,1
1755849720000,1755849779000,1.39114,1.39118,1.39113,1.39117,31200000,1
1755849780000,1755849839000,1.39118,1.39127,1.39116,1.39123,65850000,1
1755849840000,1755849899000,1.39124,1.3913,1.3912,1.39125,98100000,1
1755849900000,1755849959000,1.39126,1.39132,1.39124,1.39132,33150000,1
1755849960000,1755850019000,1.39131,1.39135,1.39127,1.39129,66300000,1
1755850020000,1755850079000,1.39123,1.39138,1.39123,1.39138,73800000,1
1755850080000,1755850139000,1.39139,1.39139,1.39125,1.39125,33300000,1
1755850140000,1755850199000,1.39126,1.39129,1.39124,1.39126,40800000,1
1755850200000,1755850259000,1.39128,1.39128,1.39126,1.39128,22350000,1
1755850260000,1755850319000,1.39127,1.39129,1.39126,1.39128,24600000,1
1755850320000,1755850379000,1.39128,1.39129,1.39115,1.39115,41850000,1
1755850380000,1755850439000,1.39116,1.39116,1.39101,1.39101,63000000,1
1755850440000,1755850499000,1.39101,1.3911,1.39101,1.39108,61800000,1
1755850500000,1755850559000,1.39107,1.39112,1.39107,1.39108,53400000,1
1755850560000,1755850619000,1.39108,1.39117,1.39108,1.39116,54750000,1
1755850620000,1755850679000,1.39116,1.39121,1.39114,1.39116,42900000,1
1755850680000,1755850739000,1.39117,1.39119,1.39115,1.39119,36600000,1
1755850740000,1755850799000,1.39118,1.39121,1.39116,1.39117,57450000,1
1755850800000,1755850859000,1.39118,1.39118,1.39115,1.39115,77700000,1
1755850860000,1755850919000,1.39116,1.39127,1.39116,1.39123,59100000,1
1755850920000,1755850979000,1.39123,1.39132,1.39123,1.39132,42450000,1
1755850980000,1755851039000,1.39132,1.39132,1.3912,1.3912,44850000,1
1755851040000,1755851099000,1.39121,1.39121,1.39116,1.39118,38700000,1
1755851100000,1755851159000,1.39118,1.39125,1.39116,1.39116,56700000,1
1755851160000,1755851219000,1.39116,1.39116,1.39115,1.39115,23700000,1
1755851220000,1755851279000,1.39115,1.39119,1.39114,1.39118,48600000,1
1755851280000,1755851339000,1.39116,1.39119,1.39113,1.39119,61950000,1
1755851340000,1755851399000,1.3912,1.39121,1.39112,1.39112,36300000,1
1755851400000,1755851459000,1.39111,1.39119,1.39107,1.39118,60600000,1
1755851460000,1755851519000,1.39119,1.39119,1.39112,1.39114,45300000,1
1755851520000,1755851579000,1.39113,1.39115,1.39109,1.39109,79950000,1
1755851580000,1755851639000,1.39108,1.39109,1.39103,1.39105,52050000,1
1755851640000,1755851699000,1.39106,1.39107,1.39105,1.39106,29400000,1
1755851700000,1755851759000,1.39106,1.39121,1.39106,1.39119,79950000,1
1755851760000,1755851819000,1.3912,1.39125,1.3912,1.39122,102750000,1
1755851820000,1755851879000,1.39122,1.39127,1.3912,1.39123,98700000,1
1755851880000,1755851939000,1.39121,1.39124,1.39118,1.39122,59100000,1
1755851940000,1755851999000,1.39121,1.39126,1.39117,1.39126,76800000,1
1755852000000,1755852059000,1.39125,1.39133,1.39125,1.39128,96750000,1
1755852060000,1755852119000,1.39127,1.39128,1.39117,1.39117,48150000,1
1755852120000,1755852179000,1.39116,1.39116,1.39115,1.39115,17100000,1
1755852180000,1755852239000,1.39116,1.39116,1.39107,1.39107,237900000,1
1755852240000,1755852299000,1.39108,1.39109,1.39107,1.39107,46350000,1
1755852300000,1755852359000,1.39107,1.39111,1.39106,1.39109,86400000,1
1755852360000,1755852419000,1.39109,1.39124,1.39108,1.39115,124650000,1
1755852420000,1755852479000,1.39115,1.39124,1.39114,1.3912,138450000,1
1755852480000,1755852539000,1.39118,1.39125,1.39112,1.39112,112200000,1
1755852540000,1755852599000,1.39114,1.39114,1.39104,1.39104,78900000,1
1755852600000,1755852659000,1.39104,1.39106,1.39099,1.39099,62250000,1
1755852660000,1755852719000,1.391,1.391,1.39089,1.39089,112350000,1
1755852720000,1755852779000,1.3909,1.39099,1.39088,1.39099,69900000,1
1755852780000,1755852839000,1.39097,1.39098,1.3909,1.3909,42300000,1
1755852840000,1755852899000,1.3909,1.39097,1.3909,1.39091,58350000,1
1755852900000,1755852959000,1.3909,1.39095,1.39089,1.39089,82200000,1
1755852960000,1755853019000,1.39089,1.3909,1.39086,1.39086,70800000,1
1755853020000,1755853079000,1.39088,1.39092,1.39088,1.39089,68700000,1
1755853080000,1755853139000,1.39089,1.39089,1.39079,1.39079,68400000,1
1755853140000,1755853199000,1.39079,1.3908,1.39074,1.39076,165300000,1
1755853200000,1755853259000,1.39076,1.39089,1.39076,1.39087,108750000,1
1755853260000,1755853319000,1.39088,1.39094,1.39087,1.39091,183000000,1
1755853320000,1755853379000,1.39092,1.39098,1.39086,1.39097,87300000,1
1755853380000,1755853439000,1.391,1.39101,1.39086,1.39091,97500000,1
1755853440000,1755853499000,1.39089,1.39092,1.39086,1.39089,29550000,1
1755853500000,1755853559000,1.39087,1.3909,1.39087,1.39089,17850000,1
1755853560000,1755853619000,1.39088,1.39089,1.39083,1.39087,115950000,1
1755853620000,1755853679000,1.39089,1.39093,1.39086,1.39088,22650000,1
1755853680000,1755853739000,1.39086,1.39086,1.39075,1.39082,87450000,1
1755853740000,1755853799000,1.39085,1.3911,1.39085,1.3911,62250000,1
1755853800000,1755853859000,1.39109,1.39112,1.39096,1.39099,29100000,1
1755853860000,1755853919000,1.39103,1.39108,1.391,1.39107,56850000,1
1755853920000,1755853979000,1.39111,1.39123,1.39108,1.39122,39600000,1
1755853980000,1755854039000,1.3912,1.39125,1.39118,1.39118,61200000,1
1755854040000,1755854099000,1.39117,1.39117,1.39106,1.39111,104700000,1
1755854100000,1755854159000,1.3911,1.39124,1.39109,1.39124,57450000,1
1755854160000,1755854219000,1.39124,1.39126,1.3912,1.39121,47850000,1
1755854220000,1755854279000,1.3912,1.39128,1.39119,1.39125,78750000,1
1755854280000,1755854339000,1.39125,1.39125,1.39119,1.39123,53550000,1
1755854340000,1755854399000,1.39123,1.39123,1.39113,1.39113,79500000,1
1755854400000,1755854459000,1.39114,1.39114,1.39104,1.39108,86100000,1
1755854460000,1755854519000,1.39108,1.39108,1.39106,1.39107,34500000,1
1755854520000,1755854579000,1.39107,1.39108,1.39105,1.39108,46350000,1
1755854580000,1755854639000,1.39107,1.39117,1.39107,1.39109,64050000,1
1755854640000,1755854699000,1.39109,1.39119,1.39109,1.39115,148050000,1
1755854700000,1755854759000,1.39116,1.39122,1.39115,1.39121,60450000,1
1755854760000,1755854819000,1.39121,1.39121,1.39112,1.39115,56400000,1
1755854820000,1755854879000,1.39113,1.39116,1.39111,1.39113,139500000,1
1755854880000,1755854939000,1.39115,1.39115,1.39108,1.39113,120150000,1
1755854940000,1755854999000,1.39112,1.39114,1.39108,1.39108,43950000,1
1755855000000,1755855059000,1.39109,1.39115,1.39104,1.39105,133500000,1
1755855060000,1755855119000,1.39105,1.39117,1.39104,1.39117,56100000,1
1755855120000,1755855179000,1.39117,1.39117,1.39101,1.39107,100950000,1
1755855180000,1755855239000,1.39108,1.39112,1.391,1.39102,86850000,1
1755855240000,1755855299000,1.39103,1.39105,1.39098,1.39105,97050000,1
1755855300000,1755855359000,1.39106,1.39108,1.39103,1.39103,23550000,1
1755855360000,1755855419000,1.39104,1.39106,1.39096,1.39097,56700000,1
1755855420000,1755855479000,1.39096,1.391,1.39095,1.39099,77250000,1
1755855480000,1755855539000,1.39099,1.39103,1.39099,1.39103,16650000,1
1755855540000,1755855599000,1.391,1.39104,1.39097,1.39104,82650000,1
1755855600000,1755855659000,1.39104,1.39112,1.39104,1.3911,57000000,1
1755855660000,1755855719000,1.3911,1.39112,1.39106,1.39112,70500000,1
1755855720000,1755855779000,1.39112,1.39118,1.39112,1.39117,193350000,1
1755855780000,1755855839000,1.39117,1.39133,1.39117,1.39133,242100000,1
1755855840000,1755855899000,1.39133,1.39136,1.39132,1.39136,78450000,1
1755855900000,1755855959000,1.39138,1.39138,1.39131,1.39135,70800000,1
1755855960000,1755856019000,1.39136,1.39137,1.39134,1.39136,111900000,1
1755856020000,1755856079000,1.39135,1.39136,1.39127,1.39127,92400000,1
1755856080000,1755856139000,1.39127,1.39128,1.39121,1.39121,74700000,1
1755856140000,1755856199000,1.39121,1.39124,1.39121,1.39124,76500000,1
1755856200000,1755856259000,1.39125,1.39126,1.3912,1.39125,51150000,1
1755856260000,1755856319000,1.39124,1.39125,1.39119,1.39119,129750000,1
1755856320000,1755856379000,1.3912,1.39122,1.39118,1.3912,70650000,1
1755856380000,1755856439000,1.3912,1.39132,1.39119,1.3913,72300000,1
1755856440000,1755856499000,1.3913,1.39135,1.39129,1.39135,139050000,1
1755856500000,1755856559000,1.39134,1.39141,1.39134,1.39141,110400000,1
1755856560000,1755856619000,1.39139,1.39143,1.39138,1.39138,122850000,1
1755856620000,1755856679000,1.39138,1.39143,1.39136,1.39141,96150000,1
1755856680000,1755856739000,1.39141,1.39142,1.39133,1.39136,227100000,1
1755856740000,1755856799000,1.39136,1.39137,1.39129,1.3913,137850000,1
1755856800000,1755856859000,1.3913,1.39134,1.39127,1.39128,105300000,1
1755856860000,1755856919000,1.39126,1.39129,1.39125,1.39128,110700000,1
1755856920000,1755856979000,1.39128,1.39144,1.39128,1.39143,74850000,1
1755856980000,1755857039000,1.39143,1.39145,1.39143,1.39144,19350000,1
1755857040000,1755857099000,1.39144,1.39147,1.39144,1.39146,12450000,1
1755857100000,1755857159000,1.39147,1.39157,1.39146,1.39156,53250000,1
1755857160000,1755857219000,1.39157,1.39159,1.39156,1.39159,24900000,1
1755857220000,1755857279000,1.3916,1.39165,1.39159,1.39163,35850000,1
1755857280000,1755857339000,1.3916,1.39161,1.39155,1.39156,44550000,1
1755857340000,1755857399000,1.39155,1.39155,1.39148,1.3915,37500000,1
1755857400000,1755857459000,1.39151,1.39151,1.39146,1.39146,42600000,1
1755857460000,1755857519000,1.39147,1.39147,1.39145,1.39145,15300000,1
1755857520000,1755857579000,1.39145,1.39152,1.39145,1.39152,16650000,1
1755857580000,1755857639000,1.39152,1.39154,1.3915,1.3915,65250000,1
1755857640000,1755857699000,1.3915,1.39153,1.39148,1.39153,30750000,1
1755857700000,1755857759000,1.39153,1.39155,1.39151,1.39153,72000000,1
1755857760000,1755857819000,1.39153,1.3916,1.39153,1.3916,16500000,1
1755857820000,1755857879000,1.3916,1.3916,1.39157,1.39157,19200000,1
1755857880000,1755857939000,1.39157,1.39164,1.39157,1.39161,49800000,1
1755857940000,1755857999000,1.39162,1.39166,1.39161,1.39164,53700000,1
1755858000000,1755858059000,1.39165,1.39165,1.39161,1.39162,50250000,1
1755858060000,1755858119000,1.39162,1.39171,1.39161,1.3917,45600000,1
1755858120000,1755858179000,1.39172,1.39172,1.39165,1.39166,20100000,1
1755858180000,1755858239000,1.39164,1.39165,1.39164,1.39165,15600000,1
1755858240000,1755858299000,1.39164,1.39165,1.39161,1.39161,39300000,1
1755858300000,1755858359000,1.39162,1.39164,1.39162,1.39162,69300000,1
1755858360000,1755858419000,1.3916,1.3916,1.39154,1.39156,33150000,1
1755858420000,1755858479000,1.39155,1.39157,1.39152,1.39157,13650000,1
1755858480000,1755858539000,1.39158,1.39158,1.39156,1.39156,20250000,1
1755858540000,1755858599000,1.39155,1.39156,1.39152,1.39152,19500000,1
1755858600000,1755858659000,1.39152,1.39161,1.39152,1.39156,118950000,1
1755858660000,1755858719000,1.39155,1.39155,1.39146,1.39152,97500000,1
1755858720000,1755858779000,1.39152,1.39153,1.39144,1.39144,111450000,1
1755858780000,1755858839000,1.39145,1.39147,1.39134,1.39134,177300000,1
1755858840000,1755858899000,1.39136,1.39137,1.39134,1.39135,112650000,1
1755858900000,1755858959000,1.39134,1.39136,1.39133,1.39134,73050000,1
1755858960000,1755859019000,1.39133,1.39143,1.39133,1.39142,96000000,1
1755859020000,1755859079000,1.39141,1.39146,1.39141,1.39144,50250000,1
1755859080000,1755859139000,1.39144,1.39153,1.39144,1.39152,59400000,1
1755859140000,1755859199000,1.39153,1.39159,1.39153,1.39157,42900000,1
1755859200000,1755859259000,1.39157,1.39158,1.39155,1.39156,47400000,1
1755859260000,1755859319000,1.39155,1.39159,1.39152,1.39158,36600000,1
1755859320000,1755859379000,1.3916,1.39166,1.3916,1.39165,40800000,1
1755859380000,1755859439000,1.39166,1.39166,1.39156,1.39157,86850000,1
1755859440000,1755859499000,1.39157,1.39167,1.39156,1.39165,31200000,1
1755859500000,1755859559000,1.39166,1.39171,1.39165,1.39171,26400000,1
1755859560000,1755859619000,1.39172,1.39182,1.39171,1.39181,40650000,1
1755859620000,1755859679000,1.3918,1.39183,1.3918,1.39183,53700000,1
1755859680000,1755859739000,1.39182,1.39183,1.39182,1.39183,29400000,1
1755859740000,1755859799000,1.39183,1.39183,1.39181,1.39182,24000000,1
1755859800000,1755859859000,1.3918,1.3918,1.39176,1.39178,44250000,1
1755859860000,1755859919000,1.39177,1.39178,1.3917,1.3917,43350000,1
1755859920000,1755859979000,1.39169,1.3917,1.39164,1.39165,75900000,1
1755859980000,1755860039000,1.39164,1.39172,1.39164,1.39172,83700000,1
1755860040000,1755860099000,1.39171,1.39173,1.39171,1.39173,82650000,1
1755860100000,1755860159000,1.39172,1.39177,1.39172,1.39173,155400000,1
1755860160000,1755860219000,1.39174,1.39176,1.39165,1.39165,135750000,1
1755860220000,1755860279000,1.39166,1.39168,1.39165,1.39168,160650000,1
1755860280000,1755860339000,1.39165,1.39166,1.39155,1.39157,155850000,1
1755860340000,1755860399000,1.39156,1.39161,1.39154,1.39159,63300000,1
1755860400000,1755860459000,1.3916,1.3916,1.3915,1.39152,112800000,1
1755860460000,1755860519000,1.39152,1.39153,1.39141,1.39143,115200000,1
1755860520000,1755860579000,1.39142,1.39148,1.39141,1.39144,91650000,1
1755860580000,1755860639000,1.39143,1.39144,1.39137,1.39142,145950000,1
1755860640000,1755860699000,1.39142,1.39144,1.39137,1.39138,109950000,1
1755860700000,1755860759000,1.39137,1.39137,1.39133,1.39135,133500000,1
1755860760000,1755860819000,1.39136,1.39137,1.39131,1.39134,74100000,1
1755860820000,1755860879000,1.39133,1.39134,1.39126,1.3913,119400000,1
1755860880000,1755860939000,1.39129,1.3913,1.39126,1.3913,72000000,1
1755860940000,1755860999000,1.39129,1.3913,1.39125,1.39126,71700000,1
1755861000000,1755861059000,1.39127,1.39128,1.39126,1.39126,62400000,1
1755861060000,1755861119000,1.39126,1.39129,1.39126,1.39127,53700000,1
1755861120000,1755861179000,1.39125,1.39128,1.39125,1.39126,26250000,1
1755861180000,1755861239000,1.39127,1.39127,1.39126,1.39126,26850000,1
1755861240000,1755861299000,1.39126,1.39136,1.39126,1.39135,39750000,1
1755861300000,1755861359000,1.39136,1.39136,1.39131,1.39133,89400000,1
1755861360000,1755861419000,1.39133,1.39134,1.39127,1.39127,142500000,1
1755861420000,1755861479000,1.39128,1.39134,1.39127,1.39127,97050000,1
1755861480000,1755861539000,1.39127,1.39135,1.39125,1.39135,107700000,1
1755861540000,1755861599000,1.39133,1.39137,1.39133,1.39136,77550000,1
1755861600000,1755861659000,1.39136,1.39144,1.39133,1.39135,91650000,1
1755861660000,1755861719000,1.39136,1.39141,1.39133,1.39141,78150000,1
1755861720000,1755861779000,1.39142,1.39143,1.39138,1.39143,59100000,1
1755861780000,1755861839000,1.39142,1.39143,1.39138,1.3914,85500000,1
1755861840000,1755861899000,1.39141,1.39147,1.39141,1.39144,129150000,1
1755861900000,1755861959000,1.39145,1.39166,1.39137,1.39159,152850000,1
1755861960000,1755862019000,1.39159,1.39159,1.39141,1.39142,117000000,1
1755862020000,1755862079000,1.39142,1.39142,1.39133,1.39138,110850000,1
1755862080000,1755862139000,1.39137,1.39143,1.39134,1.39138,105600000,1
1755862140000,1755862199000,1.39138,1.39141,1.39135,1.39135,128100000,1
1755862200000,1755862259000,1.39135,1.39138,1.39127,1.39138,105450000,1
1755862260000,1755862319000,1.39137,1.39138,1.39131,1.39136,82350000,1
1755862320000,1755862379000,1.39135,1.39137,1.39133,1.39137,6600000,1
1755862380000,1755862439000,1.39136,1.39136,1.3913,1.39132,22200000,1
1755862440000,1755862499000,1.39134,1.39136,1.39131,1.39133,66450000,1
1755862500000,1755862559000,1.39134,1.39134,1.39129,1.3913,94650000,1
1755862560000,1755862619000,1.39131,1.39131,1.39117,1.39117,58350000,1
1755862620000,1755862679000,1.39119,1.39126,1.39116,1.39126,39000000,1
1755862680000,1755862739000,1.39126,1.3913,1.39121,1.39127,28800000,1
1755862740000,1755862799000,1.39126,1.39132,1.39124,1.39131,23850000,1
1755862800000,1755862859000,1.39131,1.3914,1.39131,1.39135,22350000,1
1755862860000,1755862919000,1.39136,1.39142,1.39136,1.39141,24750000,1
1755862920000,1755862979000,1.3914,1.39144,1.39123,1.39125,72600000,1
1755862980000,1755863039000,1.39124,1.39125,1.39121,1.39125,66150000,1
1755863040000,1755863099000,1.39125,1.39125,1.39115,1.39116,38250000,1
1755863100000,1755863159000,1.39117,1.39128,1.39111,1.39118,36000000,1
1755863160000,1755863219000,1.39117,1.39117,1.39114,1.39116,6000000,1
1755863220000,1755863279000,1.39112,1.39115,1.39098,1.39107,72150000,1
1755863280000,1755863339000,1.39112,1.39118,1.39112,1.39118,35250000,1
1755863340000,1755863399000,1.39116,1.3912,1.39114,1.39119,142350000,1
1755863400000,1755863459000,1.39123,1.39123,1.39114,1.39115,115650000,1
1755863460000,1755863519000,1.39114,1.39115,1.39104,1.39107,25350000,1
1755863520000,1755863579000,1.39108,1.39128,1.39104,1.39128,42900000,1
1755863580000,1755863639000,1.39127,1.39131,1.39119,1.39119,88500000,1
1755863640000,1755863699000,1.3912,1.39124,1.39115,1.39117,68550000,1
1755863700000,1755863759000,1.39115,1.39116,1.39108,1.39115,51750000,1
1755863760000,1755863819000,1.39117,1.39124,1.39111,1.39123,46800000,1
1755863820000,1755863879000,1.39122,1.39122,1.39102,1.39103,55200000,1
1755863880000,1755863939000,1.39102,1.39106,1.39096,1.39102,80850000,1
1755863940000,1755863999000,1.39104,1.39109,1.39104,1.39109,37800000,1
1755864000000,1755864059000,1.39107,1.39107,1.3909,1.39101,94500000,1
1755864060000,1755864119000,1.39102,1.39109,1.39098,1.39106,74400000,1
1755864120000,1755864179000,1.39106,1.39113,1.39101,1.39109,103050000,1
1755864180000,1755864239000,1.39111,1.39126,1.39111,1.39118,79650000,1
1755864240000,1755864299000,1.39118,1.39123,1.39118,1.39122,67500000,1
1755864300000,1755864359000,1.39121,1.39123,1.39119,1.39121,45750000,1
1755864360000,1755864419000,1.3912,1.39121,1.39109,1.39115,50700000,1
1755864420000,1755864479000,1.39114,1.39119,1.39108,1.39119,49800000,1
1755864480000,1755864539000,1.3912,1.3912,1.39116,1.39119,37800000,1
1755864540000,1755864599000,1.39119,1.3913,1.39119,1.39125,70800000,1
1755864600000,1755864659000,1.39126,1.39132,1.39126,1.39129,70800000,1
1755864660000,1755864719000,1.39129,1.39141,1.39128,1.39136,111750000,1
1755864720000,1755864779000,1.39135,1.39139,1.3913,1.39136,82200000,1
1755864780000,1755864839000,1.39136,1.39137,1.39129,1.3913,101700000,1
1755864840000,1755864899000,1.39132,1.39132,1.39123,1.39126,97350000,1
1755864900000,1755864959000,1.39126,1.39138,1.39126,1.39136,50700000,1
1755864960000,1755865019000,1.39136,1.39142,1.39128,1.39128,69900000,1
1755865020000,1755865079000,1.39128,1.39137,1.39128,1.39132,43200000,1
1755865080000,1755865139000,1.39133,1.39135,1.39131,1.39135,60000000,1
1755865140000,1755865199000,1.39134,1.39135,1.39125,1.39128,52200000,1
1755865200000,1755865259000,1.39132,1.39157,1.39132,1.39157,83850000,1
1755865260000,1755865319000,1.39156,1.39179,1.39156,1.39175,124800000,1
1755865320000,1755865379000,1.39173,1.39173,1.39157,1.39163,75300000,1
1755865380000,1755865439000,1.39165,1.39167,1.39163,1.39165,46050000,1
1755865440000,1755865499000,1.39163,1.39176,1.39163,1.39174,84300000,1
1755865500000,1755865559000,1.39174,1.39178,1.39163,1.39163,128250000,1
1755865560000,1755865619000,1.39165,1.39165,1.3914,1.39152,183600000,1
1755865620000,1755865679000,1.39154,1.39166,1.39153,1.39164,75000000,1
1755865680000,1755865739000,1.39164,1.39172,1.39162,1.3917,45600000,1
1755865740000,1755865799000,1.3917,1.39175,1.39166,1.39175,66300000,1
1755865800000,1755865859000,1.3917,1.3917,1.39126,1.39131,202200000,1
1755865860000,1755865919000,1.39133,1.39144,1.39132,1.39135,287700000,1
1755865920000,1755865979000,1.39134,1.39139,1.39126,1.39132,229350000,1
1755865980000,1755866039000,1.39133,1.39142,1.39126,1.39126,169500000,1
1755866040000,1755866099000,1.39127,1.39127,1.39116,1.39125,206550000,1
1755866100000,1755866159000,1.39124,1.39132,1.39123,1.39131,109800000,1
1755866160000,1755866219000,1.39131,1.39142,1.39131,1.39141,208500000,1
1755866220000,1755866279000,1.39139,1.39149,1.39134,1.39148,166500000,1
1755866280000,1755866339000,1.39148,1.39153,1.39147,1.39148,244950000,1
1755866340000,1755866399000,1.39148,1.39149,1.39132,1.39133,161850000,1
1755866400000,1755866459000,1.39133,1.3914,1.39124,1.39125,225000000,1
1755866460000,1755866519000,1.39126,1.39128,1.39123,1.39126,114750000,1
1755866520000,1755866579000,1.39127,1.39135,1.39125,1.39132,102750000,1
1755866580000,1755866639000,1.39132,1.39141,1.39132,1.39135,106650000,1
1755866640000,1755866699000,1.39135,1.39135,1.39131,1.39134,40500000,1
1755866700000,1755866759000,1.39134,1.39146,1.39133,1.39143,159450000,1
1755866760000,1755866819000,1.39144,1.3915,1.39143,1.3915,158850000,1
1755866820000,1755866879000,1.39151,1.39163,1.39151,1.39158,45150000,1
1755866880000,1755866939000,1.39158,1.39168,1.39152,1.39166,61200000,1
1755866940000,1755866999000,1.39164,1.39173,1.39161,1.39169,77400000,1
1755867000000,1755867059000,1.39169,1.39177,1.39169,1.3917,55950000,1
1755867060000,1755867119000,1.39169,1.39182,1.39169,1.39179,58350000,1
1755867120000,1755867179000,1.39178,1.39179,1.39171,1.39174,33750000,1
1755867180000,1755867239000,1.39173,1.39173,1.39157,1.39164,78150000,1
1755867240000,1755867299000,1.39162,1.39162,1.39151,1.39154,64350000,1
1755867300000,1755867359000,1.39152,1.39157,1.39152,1.39156,85050000,1
1755867360000,1755867419000,1.39155,1.39157,1.39151,1.39153,136800000,1
1755867420000,1755867479000,1.39152,1.39155,1.39148,1.39152,73650000,1
1755867480000,1755867539000,1.39154,1.39159,1.39151,1.39158,53850000,1
1755867540000,1755867599000,1.39158,1.39164,1.39154,1.39163,79950000,1
1755867600000,1755867659000,1.39162,1.39171,1.39162,1.39166,155100000,1
1755867660000,1755867719000,1.39166,1.39173,1.39164,1.39173,123300000,1
1755867720000,1755867779000,1.39172,1.39178,1.3917,1.39177,81150000,1
1755867780000,1755867839000,1.39177,1.3919,1.39176,1.3919,74550000,1
1755867840000,1755867899000,1.3919,1.3919,1.39176,1.39176,57900000,1
1755867900000,1755867959000,1.39174,1.39174,1.39142,1.39149,194580000,1
1755867960000,1755868019000,1.39148,1.39149,1.39133,1.39135,240150000,1
1755868020000,1755868079000,1.39134,1.39146,1.39133,1.39142,90750000,1
1755868080000,1755868139000,1.39141,1.39144,1.39135,1.39137,132300000,1
1755868140000,1755868199000,1.39137,1.39144,1.39135,1.39142,118500000,1
1755868200000,1755868259000,1.39141,1.39153,1.39136,1.39153,83400000,1
1755868260000,1755868319000,1.39152,1.39184,1.39152,1.39182,99220000,1
1755868320000,1755868379000,1.39183,1.39192,1.39178,1.39179,106200000,1
1755868380000,1755868439000,1.3918,1.39184,1.39175,1.39177,80250000,1
1755868440000,1755868499000,1.39177,1.39185,1.39176,1.39184,149100000,1
1755868500000,1755868559000,1.39184,1.39187,1.39178,1.39181,82500000,1
1755868560000,1755868619000,1.3918,1.39192,1.3918,1.39192,47850000,1
1755868620000,1755868679000,1.39193,1.39194,1.39184,1.39184,49800000,1
1755868680000,1755868739000,1.39183,1.39188,1.39182,1.39187,62400000,1
1755868740000,1755868799000,1.39187,1.39192,1.39182,1.39187,67050000,1
1755868800000,1755868859000,1.39187,1.39187,1.39178,1.39178,27750000,1
1755868860000,1755868919000,1.39179,1.39194,1.39179,1.39187,57750000,1
1755868920000,1755868979000,1.39188,1.39191,1.39185,1.39188,68250000,1
1755868980000,1755869039000,1.39186,1.39189,1.39183,1.39188,180750000,1
1755869040000,1755869099000,1.39187,1.39198,1.39187,1.39194,110700000,1
1755869100000,1755869159000,1.39194,1.39203,1.39192,1.39194,152250000,1
1755869160000,1755869219000,1.39194,1.39204,1.39194,1.39204,49800000,1
1755869220000,1755869279000,1.39205,1.39216,1.39202,1.39213,85800000,1
1755869280000,1755869339000,1.39212,1.39216,1.39212,1.39213,112200000,1
1755869340000,1755869399000,1.39212,1.39225,1.39212,1.39223,85050000,1
1755869400000,1755869459000,1.39223,1.39236,1.39223,1.39231,207600000,1
1755869460000,1755869519000,1.39231,1.3924,1.39225,1.39238,125550000,1
1755869520000,1755869579000,1.39238,1.39238,1.39215,1.39221,118500000,1
1755869580000,1755869639000,1.39221,1.39221,1.39205,1.39208,94800000,1
1755869640000,1755869699000,1.39207,1.39223,1.39207,1.39222,64800000,1
1755869700000,1755869759000,1.39222,1.39235,1.39218,1.39223,120750000,1
1755869760000,1755869819000,1.39222,1.39232,1.39222,1.39231,159450000,1
1755869820000,1755869879000,1.39231,1.39242,1.39222,1.39226,234300000,1
1755869880000,1755869939000,1.39227,1.39229,1.39202,1.39214,209250000,1
1755869940000,1755869999000,1.39213,1.3922,1.39208,1.3921,143550000,1
1755870000000,1755870059000,1.39209,1.3921,1.39178,1.3918,238200000,1
1755870060000,1755870119000,1.3918,1.39196,1.39179,1.39191,191400000,1
1755870120000,1755870179000,1.39191,1.39194,1.39179,1.39193,101850000,1
1755870180000,1755870239000,1.39194,1.39197,1.39184,1.39187,82350000,1
1755870240000,1755870299000,1.39187,1.39191,1.39174,1.39187,120300000,1
1755870300000,1755870359000,1.39187,1.39203,1.39182,1.39201,101550000,1
1755870360000,1755870419000,1.39201,1.39202,1.39184,1.39198,99300000,1
1755870420000,1755870479000,1.39198,1.39202,1.39192,1.39192,69600000,1
1755870480000,1755870539000,1.39193,1.39201,1.39193,1.39201,79650000,1
1755870540000,1755870599000,1.39203,1.39203,1.39192,1.39197,139650000,1
1755870600000,1755870659000,1.39197,1.39202,1.39193,1.392,175500000,1
1755870660000,1755870719000,1.392,1.392,1.39182,1.39183,434400000,1
1755870720000,1755870779000,1.39184,1.39184,1.39172,1.39174,224550000,1
1755870780000,1755870839000,1.39174,1.39176,1.39153,1.39157,206400000,1
1755870840000,1755870899000,1.39158,1.39162,1.39144,1.39151,222880000,1
1755870900000,1755870959000,1.3915,1.39176,1.39149,1.39163,181050000,1
1755870960000,1755871019000,1.39163,1.39175,1.39161,1.39173,92400000,1
1755871020000,1755871079000,1.39174,1.39225,1.39174,1.39224,93450000,1
1755871080000,1755871139000,1.39226,1.39226,1.39202,1.39204,161850000,1
1755871140000,1755871199000,1.39207,1.39213,1.39203,1.3921,69750000,1
1755871200000,1755871259000,1.39206,1.39207,1.38826,1.38872,1018430000,1
1755871260000,1755871319000,1.38871,1.38871,1.38736,1.38737,807450000,1
1755871320000,1755871379000,1.38735,1.38781,1.38735,1.38779,566740000,1
1755871380000,1755871439000,1.3878,1.38781,1.38714,1.38752,509850000,1
1755871440000,1755871499000,1.38753,1.38798,1.38739,1.38797,351750000,1
1755871500000,1755871559000,1.38793,1.38804,1.38771,1.3879,464850000,1
1755871560000,1755871619000,1.38791,1.38812,1.38758,1.38794,440700000,1
1755871620000,1755871679000,1.38795,1.38859,1.38787,1.38822,510000000,1
1755871680000,1755871739000,1.38822,1.38822,1.38781,1.38784,449400000,1
1755871740000,1755871799000,1.38785,1.38785,1.38743,1.38772,461700000,1
1755871800000,1755871859000,1.38772,1.38773,1.38736,1.38749,370860000,1
1755871860000,1755871919000,1.38749,1.38765,1.38721,1.3876,386100000,1
1755871920000,1755871979000,1.3876,1.38761,1.38676,1.38679,397950000,1
1755871980000,1755872039000,1.38681,1.38691,1.3863,1.38635,523020000,1
1755872040000,1755872099000,1.38635,1.38635,1.38586,1.3861,533940000,1
1755872100000,1755872159000,1.3861,1.3862,1.38555,1.38568,400800000,1
1755872160000,1755872219000,1.38569,1.38575,1.38503,1.38508,575400000,1
1755872220000,1755872279000,1.38509,1.38583,1.38501,1.38568,521700000,1
1755872280000,1755872339000,1.38567,1.38571,1.38542,1.38571,347100000,1
1755872340000,1755872399000,1.38569,1.3857,1.38522,1.38557,516900000,1
1755872400000,1755872459000,1.38557,1.3861,1.38549,1.38601,418200000,1
1755872460000,1755872519000,1.38602,1.38636,1.38592,1.38613,456900000,1
1755872520000,1755872579000,1.38611,1.38635,1.38609,1.3862,342900000,1
1755872580000,1755872639000,1.38619,1.38676,1.38619,1.38648,339000000,1
1755872640000,1755872699000,1.38648,1.38663,1.38618,1.38621,302280000,1
1755872700000,1755872759000,1.38622,1.38633,1.38609,1.38628,267300000,1
1755872760000,1755872819000,1.38627,1.38637,1.38607,1.3863,294300000,1
1755872820000,1755872879000,1.38631,1.38711,1.38631,1.38687,447000000,1
1755872880000,1755872939000,1.38686,1.38693,1.38665,1.38667,305100000,1
1755872940000,1755872999000,1.38666,1.38666,1.38629,1.38632,335100000,1
1755873000000,1755873059000,1.38633,1.38633,1.38598,1.386,380250000,1
1755873060000,1755873119000,1.386,1.386,1.38538,1.38541,506250000,1
1755873120000,1755873179000,1.38541,1.38553,1.38527,1.38541,237300000,1
1755873180000,1755873239000,1.38542,1.38581,1.38532,1.38578,274500000,1
1755873240000,1755873299000,1.38579,1.38591,1.38541,1.38547,290850000,1
1755873300000,1755873359000,1.3855,1.3857,1.38537,1.38558,292650000,1
1755873360000,1755873419000,1.38556,1.38569,1.38546,1.38552,279000000,1
1755873420000,1755873479000,1.3855,1.3855,1.38495,1.38524,301050000,1
1755873480000,1755873539000,1.38524,1.38527,1.38502,1.3851,268500000,1
1755873540000,1755873599000,1.3851,1.38521,1.38481,1.38485,417510000,1
1755873600000,1755873659000,1.38485,1.38496,1.38453,1.38458,275550000,1
1755873660000,1755873719000,1.3846,1.38483,1.3846,1.38463,361650000,1
1755873720000,1755873779000,1.38464,1.38519,1.38461,1.38512,296850000,1
1755873780000,1755873839000,1.38512,1.38541,1.38481,1.38482,264750000,1
1755873840000,1755873899000,1.38482,1.38495,1.38466,1.38492,315150000,1
1755873900000,1755873959000,1.38493,1.38531,1.38488,1.38531,291300000,1
1755873960000,1755874019000,1.3853,1.38553,1.38427,1.38432,438330000,1
1755874020000,1755874079000,1.38432,1.38473,1.38361,1.38374,674750000,1
1755874080000,1755874139000,1.38375,1.38441,1.38356,1.38426,438000000,1
1755874140000,1755874199000,1.38426,1.38437,1.38389,1.38429,441450000,1
1755874200000,1755874259000,1.38428,1.3844,1.38372,1.38388,504960000,1
1755874260000,1755874319000,1.38387,1.38404,1.38365,1.38397,561850000,1
1755874320000,1755874379000,1.38397,1.38407,1.38359,1.38363,533400000,1
1755874380000,1755874439000,1.38365,1.38392,1.38359,1.38391,306000000,1
1755874440000,1755874499000,1.3839,1.38402,1.38363,1.38365,547140000,1
1755874500000,1755874559000,1.38365,1.38387,1.38331,1.38342,450120000,1
1755874560000,1755874619000,1.38341,1.38353,1.38328,1.38337,529740000,1
1755874620000,1755874679000,1.38337,1.38354,1.38326,1.38352,508920000,1
1755874680000,1755874739000,1.38352,1.38355,1.38334,1.38344,351150000,1
1755874740000,1755874799000,1.38344,1.38347,1.38338,1.38341,485250000,1
1755874800000,1755874859000,1.38343,1.38364,1.38338,1.38338,444750000,1
1755874860000,1755874919000,1.38337,1.38367,1.38334,1.38363,350400000,1
1755874920000,1755874979000,1.38363,1.38376,1.3834,1.38364,388950000,1
1755874980000,1755875039000,1.38364,1.38365,1.3835,1.38356,191100000,1
1755875040000,1755875099000,1.38355,1.38355,1.38297,1.38302,497100000,1
1755875100000,1755875159000,1.38302,1.3832,1.38301,1.38319,329400000,1
1755875160000,1755875219000,1.38317,1.38339,1.38316,1.38339,286500000,1
1755875220000,1755875279000,1.38338,1.3835,1.38318,1.38325,204450000,1
1755875280000,1755875339000,1.38326,1.38348,1.383,1.38318,263550000,1
1755875340000,1755875399000,1.38319,1.38328,1.38313,1.38323,254550000,1
1755875400000,1755875459000,1.38323,1.38328,1.38296,1.38296,364350000,1
1755875460000,1755875519000,1.38296,1.38313,1.38296,1.38313,262950000,1
1755875520000,1755875579000,1.38316,1.38325,1.3831,1.3832,190650000,1
1755875580000,1755875639000,1.38321,1.3834,1.38318,1.38335,229950000,1
1755875640000,1755875699000,1.38338,1.38361,1.38334,1.3836,197550000,1
1755875700000,1755875759000,1.38358,1.38362,1.38345,1.3836,182700000,1
1755875760000,1755875819000,1.38359,1.38401,1.38354,1.38393,165300000,1
1755875820000,1755875879000,1.38393,1.3843,1.38393,1.38421,241200000,1
1755875880000,1755875939000,1.38422,1.38422,1.38384,1.38407,241650000,1
1755875940000,1755875999000,1.38407,1.38408,1.38393,1.38407,255600000,1
1755876000000,1755876059000,1.38407,1.38407,1.38356,1.38357,376950000,1
1755876060000,1755876119000,1.38358,1.38361,1.38346,1.38356,371100000,1
1755876120000,1755876179000,1.38355,1.38355,1.38319,1.38322,336750000,1
1755876180000,1755876239000,1.38321,1.38325,1.38311,1.38313,181950000,1
1755876240000,1755876299000,1.38313,1.38323,1.38311,1.38321,180450000,1
1755876300000,1755876359000,1.38321,1.3833,1.38311,1.38328,264750000,1
1755876360000,1755876419000,1.38328,1.38329,1.38307,1.38307,201450000,1
1755876420000,1755876479000,1.38308,1.38313,1.38299,1.383,275880000,1
1755876480000,1755876539000,1.38299,1.38329,1.38298,1.38328,269100000,1
1755876540000,1755876599000,1.38328,1.38341,1.38328,1.38339,233700000,1
1755876600000,1755876659000,1.38337,1.38337,1.38302,1.3831,284550000,1
1755876660000,1755876719000,1.38311,1.38338,1.38301,1.38332,293700000,1
1755876720000,1755876779000,1.38331,1.38339,1.38302,1.38322,316800000,1
1755876780000,1755876839000,1.38324,1.38349,1.38324,1.38329,311700000,1
1755876840000,1755876899000,1.38329,1.38332,1.38317,1.38328,253050000,1
1755876900000,1755876959000,1.38327,1.38356,1.38312,1.38352,211950000,1
1755876960000,1755877019000,1.38352,1.38375,1.38351,1.3837,247800000,1
1755877020000,1755877079000,1.38369,1.3837,1.38324,1.38352,204000000,1
1755877080000,1755877139000,1.38351,1.38386,1.3835,1.38382,191850000,1
1755877140000,1755877199000,1.3838,1.38396,1.38373,1.38388,133500000,1
1755877200000,1755877259000,1.38389,1.38401,1.38383,1.38391,196500000,1
1755877260000,1755877319000,1.38391,1.38415,1.3839,1.38408,174450000,1
1755877320000,1755877379000,1.38408,1.38424,1.38393,1.38422,226200000,1
1755877380000,1755877439000,1.38422,1.38452,1.38422,1.38437,229650000,1
1755877440000,1755877499000,1.38437,1.38437,1.38413,1.38413,222300000,1
1755877500000,1755877559000,1.38413,1.38429,1.3839,1.3839,128250000,1
1755877560000,1755877619000,1.38389,1.38417,1.38386,1.38407,159750000,1
1755877620000,1755877679000,1.38408,1.38413,1.38394,1.38401,190800000,1
1755877680000,1755877739000,1.38398,1.38408,1.38394,1.384,214800000,1
1755877740000,1755877799000,1.38401,1.38401,1.3838,1.38382,204300000,1
1755877800000,1755877859000,1.38382,1.38389,1.38375,1.38383,223650000,1
1755877860000,1755877919000,1.38381,1.3841,1.38379,1.38404,258900000,1
1755877920000,1755877979000,1.38402,1.38417,1.38398,1.38411,172500000,1
1755877980000,1755878039000,1.38411,1.38411,1.38395,1.38398,188250000,1
1755878040000,1755878099000,1.38397,1.38405,1.38388,1.38396,192750000,1
1755878100000,1755878159000,1.38396,1.38402,1.38377,1.38401,176250000,1
1755878160000,1755878219000,1.384,1.3841,1.38389,1.38407,176100000,1
1755878220000,1755878279000,1.38406,1.3843,1.38406,1.3843,127800000,1
1755878280000,1755878339000,1.38432,1.38446,1.38428,1.38441,144300000,1
1755878340000,1755878399000,1.38441,1.38455,1.38439,1.38455,193650000,1
1755878400000,1755878459000,1.38456,1.38458,1.38436,1.38437,188250000,1
1755878460000,1755878519000,1.38437,1.38437,1.3841,1.3841,239100000,1
1755878520000,1755878579000,1.38409,1.38411,1.38378,1.38388,189000000,1
1755878580000,1755878639000,1.38386,1.38393,1.38365,1.38369,192150000,1
1755878640000,1755878699000,1.38368,1.38372,1.3836,1.3837,207900000,1
1755878700000,1755878759000,1.38369,1.38377,1.38365,1.38368,180900000,1
1755878760000,1755878819000,1.38369,1.38371,1.3835,1.38363,153150000,1
1755878820000,1755878879000,1.38365,1.38365,1.3834,1.38342,89400000,1
1755878880000,1755878939000,1.38342,1.38348,1.38333,1.38345,136050000,1
1755878940000,1755878999000,1.38344,1.38344,1.38333,1.38343,81450000,1
1755879000000,1755879059000,1.38342,1.38348,1.3834,1.38342,124650000,1
1755879060000,1755879119000,1.38339,1.38339,1.38327,1.38327,83850000,1
1755879120000,1755879179000,1.38328,1.38342,1.38328,1.3834,103500000,1
1755879180000,1755879239000,1.38339,1.38339,1.38331,1.38331,175500000,1
1755879240000,1755879299000,1.38332,1.38336,1.38323,1.38334,105750000,1
1755879300000,1755879359000,1.38335,1.38335,1.38314,1.38316,119100000,1
1755879360000,1755879419000,1.38318,1.38338,1.38306,1.38333,121800000,1
1755879420000,1755879479000,1.38332,1.38364,1.38329,1.3836,72000000,1
1755879480000,1755879539000,1.38361,1.38378,1.3836,1.38378,97950000,1
1755879540000,1755879599000,1.38379,1.38381,1.38376,1.38378,70650000,1
1755879600000,1755879659000,1.38377,1.38382,1.38373,1.38376,91500000,1
1755879660000,1755879719000,1.38375,1.38376,1.38356,1.38376,108000000,1
1755879720000,1755879779000,1.38377,1.38379,1.38366,1.38377,195000000,1
1755879780000,1755879839000,1.38376,1.38398,1.38376,1.38398,60600000,1
1755879840000,1755879899000,1.38398,1.3841,1.38398,1.38409,43650000,1
1755879900000,1755879959000,1.38409,1.38413,1.38389,1.38397,93150000,1
1755879960000,1755880019000,1.38397,1.38417,1.38394,1.38405,220650000,1
1755880020000,1755880079000,1.38404,1.38404,1.38377,1.38381,162000000,1
1755880080000,1755880139000,1.3838,1.38393,1.38364,1.3839,274350000,1
1755880140000,1755880199000,1.38392,1.38394,1.38381,1.38385,346950000,1
1755880200000,1755880259000,1.38384,1.38384,1.38363,1.38365,264000000,1
1755880260000,1755880319000,1.38364,1.38373,1.38359,1.38367,249600000,1
1755880320000,1755880379000,1.38366,1.38387,1.38364,1.38385,329800000,1
1755880380000,1755880439000,1.38385,1.38393,1.38385,1.38387,246000000,1
1755880440000,1755880499000,1.38387,1.38387,1.38358,1.38375,192450000,1
1755880500000,1755880559000,1.38376,1.38377,1.3837,1.38375,133800000,1
1755880560000,1755880619000,1.38375,1.38376,1.3835,1.3835,161250000,1
1755880620000,1755880679000,1.38349,1.38361,1.38345,1.38357,205050000,1
1755880680000,1755880739000,1.38355,1.38357,1.38345,1.38348,159150000,1
1755880740000,1755880799000,1.38349,1.38356,1.38346,1.38348,253800000,1
1755880800000,1755880859000,1.38347,1.3835,1.38332,1.38346,217350000,1
1755880860000,1755880919000,1.38345,1.38357,1.38344,1.38347,225750000,1
1755880920000,1755880979000,1.38346,1.38363,1.38343,1.38357,211650000,1
1755880980000,1755881039000,1.38357,1.38362,1.38353,1.38357,152100000,1
1755881040000,1755881099000,1.38356,1.38357,1.38335,1.38336,203700000,1
1755881100000,1755881159000,1.38336,1.38346,1.38328,1.38328,198750000,1
1755881160000,1755881219000,1.38328,1.38329,1.38309,1.38309,151650000,1
1755881220000,1755881279000,1.38309,1.38316,1.38304,1.38312,79950000,1
1755881280000,1755881339000,1.3831,1.38312,1.38302,1.38303,89700000,1
1755881340000,1755881399000,1.38303,1.38321,1.38303,1.38318,79500000,1
1755881400000,1755881459000,1.38319,1.38327,1.38315,1.38326,66000000,1
1755881460000,1755881519000,1.38326,1.38338,1.38321,1.38337,145050000,1
1755881520000,1755881579000,1.38337,1.38346,1.38328,1.38329,198000000,1
1755881580000,1755881639000,1.3833,1.38338,1.38317,1.38338,76050000,1
1755881640000,1755881699000,1.38338,1.38338,1.3833,1.38338,70950000,1
1755881700000,1755881759000,1.38338,1.38349,1.38322,1.38322,106650000,1
1755881760000,1755881819000,1.38321,1.38323,1.38312,1.38317,56400000,1
1755881820000,1755881879000,1.38317,1.38333,1.38309,1.38332,107850000,1
1755881880000,1755881939000,1.38332,1.38332,1.38313,1.38318,143550000,1
1755881940000,1755881999000,1.38318,1.38323,1.38314,1.38316,89400000,1
1755882000000,1755882059000,1.38315,1.3832,1.38308,1.38312,114450000,1
1755882060000,1755882119000,1.3831,1.38311,1.38295,1.38301,68700000,1
1755882120000,1755882179000,1.38302,1.38306,1.38291,1.38293,97350000,1
1755882180000,1755882239000,1.38294,1.38304,1.38291,1.38304,122400000,1
1755882240000,1755882299000,1.38304,1.38316,1.38302,1.38315,34950000,1
1755882300000,1755882359000,1.38315,1.38316,1.38294,1.38296,78300000,1
1755882360000,1755882419000,1.38296,1.38301,1.38294,1.38295,47550000,1
1755882420000,1755882479000,1.38295,1.38297,1.38283,1.38284,194850000,1
1755882480000,1755882539000,1.38276,1.38276,1.38231,1.38231,135150000,1
1755882540000,1755882599000,1.38234,1.38236,1.3823,1.38234,140700000,1
1755882600000,1755882659000,1.38233,1.38245,1.38231,1.38242,108150000,1
1755882660000,1755882719000,1.3824,1.38258,1.38239,1.38254,155550000,1
1755882720000,1755882779000,1.38253,1.38258,1.3825,1.38253,125550000,1
1755882780000,1755882839000,1.38252,1.38258,1.38251,1.38254,111600000,1
1755882840000,1755882899000,1.38255,1.38256,1.38245,1.38245,119850000,1
1755882900000,1755882959000,1.38245,1.38246,1.38231,1.38232,137100000,1
1755882960000,1755883019000,1.38231,1.38237,1.38224,1.38235,113550000,1
1755883020000,1755883079000,1.38235,1.38243,1.3823,1.38243,121200000,1
1755883080000,1755883139000,1.38242,1.38247,1.38241,1.38244,84000000,1
1755883140000,1755883199000,1.38243,1.38243,1.38203,1.38213,171450000,1
1755883200000,1755883259000,1.38214,1.3822,1.38208,1.38215,57750000,1
1755883260000,1755883319000,1.38215,1.38224,1.38194,1.38203,94650000,1
1755883320000,1755883379000,1.38204,1.38225,1.38198,1.38223,103650000,1
1755883380000,1755883439000,1.38224,1.38224,1.38193,1.38193,106950000,1
1755883440000,1755883499000,1.38192,1.382,1.38185,1.38191,79950000,1
1755883500000,1755883559000,1.38191,1.38201,1.3819,1.38196,122400000,1
1755883560000,1755883619000,1.38196,1.38196,1.38167,1.38191,111750000,1
1755883620000,1755883679000,1.38192,1.38197,1.38192,1.38194,75150000,1
1755883680000,1755883739000,1.38194,1.38203,1.38191,1.38191,99000000,1
1755883740000,1755883799000,1.38193,1.38198,1.38193,1.38198,32850000,1
1755883800000,1755883859000,1.38199,1.38203,1.3818,1.38188,238800000,1
1755883860000,1755883919000,1.3819,1.38196,1.38174,1.38183,202800000,1
1755883920000,1755883979000,1.38182,1.38183,1.3817,1.38174,138300000,1
1755883980000,1755884039000,1.38173,1.38182,1.38171,1.38179,83700000,1
1755884040000,1755884099000,1.38179,1.38198,1.38175,1.38198,106350000,1
1755884100000,1755884159000,1.38197,1.38198,1.38158,1.38159,207300000,1
1755884160000,1755884219000,1.38157,1.38162,1.38144,1.38148,117970000,1
1755884220000,1755884279000,1.38146,1.38157,1.3814,1.38149,98550000,1
1755884280000,1755884339000,1.3815,1.38155,1.38145,1.38147,39000000,1
1755884340000,1755884399000,1.38148,1.3816,1.38146,1.38147,65850000,1
1755884400000,1755884459000,1.38147,1.38161,1.38145,1.38159,106200000,1
1755884460000,1755884519000,1.38158,1.38169,1.38157,1.38169,85350000,1
1755884520000,1755884579000,1.38169,1.3817,1.38158,1.38164,159900000,1
1755884580000,1755884639000,1.38165,1.38169,1.38158,1.38169,62550000,1
1755884640000,1755884699000,1.38168,1.38171,1.38159,1.38169,142350000,1
1755884700000,1755884759000,1.38168,1.38168,1.3815,1.38157,148500000,1
1755884760000,1755884819000,1.38156,1.38166,1.38156,1.38158,59250000,1
1755884820000,1755884879000,1.38159,1.3816,1.38154,1.38157,69750000,1
1755884880000,1755884939000,1.38157,1.38157,1.3815,1.38156,26850000,1
1755884940000,1755884999000,1.38154,1.38177,1.38146,1.38175,125250000,1
1755885000000,1755885059000,1.38171,1.38188,1.38171,1.3818,79500000,1
1755885060000,1755885119000,1.38179,1.38179,1.38174,1.38176,52950000,1
1755885120000,1755885179000,1.38176,1.38179,1.38168,1.38171,30000000,1
1755885180000,1755885239000,1.3817,1.38178,1.38169,1.38176,49800000,1
1755885240000,1755885299000,1.38177,1.3819,1.38176,1.38178,51300000,1
1755885300000,1755885359000,1.38177,1.38186,1.38175,1.38183,76950000,1
1755885360000,1755885419000,1.38184,1.38184,1.38169,1.38182,148650000,1
1755885420000,1755885479000,1.38183,1.38186,1.38174,1.38184,109500000,1
1755885480000,1755885539000,1.38184,1.38186,1.38172,1.38175,230100000,1
1755885540000,1755885599000,1.38174,1.38191,1.38173,1.38181,142050000,1
1755885600000,1755885659000,1.38181,1.38194,1.38173,1.38175,141300000,1
1755885660000,1755885719000,1.38173,1.38173,1.38165,1.38166,133500000,1
1755885720000,1755885779000,1.38167,1.38175,1.38159,1.38175,145690000,1
1755885780000,1755885839000,1.38174,1.38176,1.38146,1.38155,190050000,1
1755885840000,1755885899000,1.38155,1.38164,1.38146,1.38161,118200000,1
1755885900000,1755885959000,1.3816,1.38165,1.38154,1.38165,108300000,1
1755885960000,1755886019000,1.38164,1.38185,1.38161,1.38181,138900000,1
1755886020000,1755886079000,1.38181,1.38192,1.38177,1.38192,103050000,1
1755886080000,1755886139000,1.38193,1.38193,1.38182,1.3819,63000000,1
1755886140000,1755886199000,1.38189,1.38189,1.38183,1.38184,63600000,1
1755886200000,1755886259000,1.38185,1.38193,1.38185,1.38186,51750000,1
1755886260000,1755886319000,1.38185,1.38187,1.38183,1.38183,26850000,1
1755886320000,1755886379000,1.38185,1.38185,1.38176,1.38176,100800000,1
1755886380000,1755886439000,1.38174,1.38183,1.38171,1.38171,57750000,1
1755886440000,1755886499000,1.38171,1.38177,1.38169,1.38176,64800000,1
1755886500000,1755886559000,1.38176,1.38179,1.38167,1.38179,64650000,1
1755886560000,1755886619000,1.38176,1.38183,1.38172,1.38176,99750000,1
1755886620000,1755886679000,1.38176,1.38185,1.38168,1.38178,94650000,1
1755886680000,1755886739000,1.38179,1.38193,1.38179,1.38192,163200000,1
1755886740000,1755886799000,1.38193,1.38194,1.38185,1.38186,183600000,1
1755886800000,1755886859000,1.38184,1.38227,1.38184,1.38225,178800000,1
1755886860000,1755886919000,1.38224,1.38225,1.38207,1.3821,87150000,1
1755886920000,1755886979000,1.3821,1.38232,1.3821,1.38225,79950000,1
1755886980000,1755887039000,1.38224,1.38227,1.38223,1.38223,36150000,1
1755887040000,1755887099000,1.38222,1.38224,1.38218,1.38224,45300000,1
1755887100000,1755887159000,1.38224,1.38233,1.38224,1.38224,33450000,1
1755887160000,1755887219000,1.38224,1.38224,1.38214,1.38214,118200000,1
1755887220000,1755887279000,1.38214,1.38217,1.38213,1.38215,73350000,1
1755887280000,1755887339000,1.38214,1.38215,1.38205,1.38213,68250000,1
1755887340000,1755887399000,1.38212,1.38214,1.38204,1.38204,107850000,1
1755887400000,1755887459000,1.38204,1.38204,1.38194,1.38197,133350000,1
1755887460000,1755887519000,1.38197,1.38208,1.38197,1.38205,33150000,1
1755887520000,1755887579000,1.38206,1.38223,1.38206,1.38212,47550000,1
1755887580000,1755887639000,1.38212,1.38212,1.38202,1.38203,84900000,1
1755887640000,1755887699000,1.38201,1.38207,1.382,1.38204,187950000,1
1755887700000,1755887759000,1.38203,1.3821,1.38201,1.38206,140100000,1
1755887760000,1755887819000,1.38208,1.38208,1.38201,1.38203,105150000,1
1755887820000,1755887879000,1.38202,1.38218,1.38202,1.38214,57300000,1
1755887880000,1755887939000,1.38214,1.38235,1.38214,1.38231,28500000,1
1755887940000,1755887999000,1.38231,1.38231,1.38222,1.38224,43050000,1
1755888000000,1755888059000,1.38224,1.38232,1.38223,1.38232,45750000,1
1755888060000,1755888119000,1.38233,1.38245,1.38233,1.38243,88200000,1
1755888120000,1755888179000,1.38242,1.38252,1.38239,1.38241,108750000,1
1755888180000,1755888239000,1.3824,1.38243,1.3824,1.38242,7200000,1
1755888240000,1755888299000,1.38242,1.38247,1.38221,1.38222,43800000,1
1755888300000,1755888359000,1.38222,1.38239,1.38222,1.38233,44250000,1
1755888360000,1755888419000,1.38233,1.38248,1.3823,1.38245,50550000,1
1755888420000,1755888479000,1.38242,1.38242,1.38224,1.38232,113550000,1
1755888480000,1755888539000,1.38232,1.38235,1.38225,1.38231,90900000,1
1755888540000,1755888599000,1.38232,1.38238,1.38231,1.38232,74400000,1
1755888600000,1755888659000,1.38232,1.38233,1.38219,1.38225,83850000,1
1755888660000,1755888719000,1.38224,1.38232,1.38223,1.38226,61500000,1
1755888720000,1755888779000,1.38226,1.38227,1.38223,1.38224,22650000,1
1755888780000,1755888839000,1.38223,1.38225,1.38222,1.38224,24000000,1
1755888840000,1755888899000,1.38224,1.38227,1.38222,1.38226,29400000,1
1755888900000,1755888959000,1.38226,1.38244,1.38226,1.38244,64650000,1
1755888960000,1755889019000,1.38244,1.38247,1.38242,1.38244,80400000,1
1755889020000,1755889079000,1.38246,1.38246,1.38232,1.38232,53400000,1
1755889080000,1755889139000,1.38232,1.38238,1.38231,1.38232,158100000,1
1755889140000,1755889199000,1.38232,1.38245,1.38232,1.38242,98400000,1
1755889200000,1755889259000,1.3824,1.38243,1.38239,1.38242,83850000,1
1755889260000,1755889319000,1.38239,1.38241,1.38231,1.38233,68250000,1
1755889320000,1755889379000,1.38233,1.38261,1.38233,1.38261,71100000,1
1755889380000,1755889439000,1.38261,1.38261,1.38255,1.38261,20250000,1
1755889440000,1755889499000,1.38262,1.38262,1.38262,1.38262,1200000,1
1755889500000,1755889559000,1.38263,1.38266,1.38262,1.38262,26400000,1
1755889560000,1755889619000,1.3826,1.38262,1.38254,1.38262,28650000,1
1755889620000,1755889679000,1.38264,1.38264,1.38262,1.38263,8400000,1
1755889680000,1755889739000,1.38263,1.3827,1.38262,1.38264,40050000,1
1755889740000,1755889799000,1.38265,1.3827,1.38265,1.38266,49650000,1
1755889800000,1755889859000,1.38265,1.38277,1.38265,1.38275,44850000,1
1755889860000,1755889919000,1.38274,1.38281,1.3827,1.38279,48150000,1
1755889920000,1755889979000,1.38279,1.38285,1.38279,1.38281,42300000,1
1755889980000,1755890039000,1.38281,1.38282,1.38272,1.38272,46950000,1
1755890040000,1755890099000,1.38271,1.38271,1.38253,1.38254,17850000,1
1755890100000,1755890159000,1.38257,1.38269,1.38257,1.38269,28950000,1
1755890160000,1755890219000,1.38268,1.38268,1.38262,1.38264,137100000,1
1755890220000,1755890279000,1.38262,1.38265,1.38259,1.38263,42450000,1
1755890280000,1755890339000,1.38263,1.38263,1.38251,1.3826,73350000,1
1755890340000,1755890399000,1.38261,1.38275,1.38259,1.38273,27000000,1
1755890400000,1755890459000,1.38271,1.38272,1.3826,1.3826,63300000,1
1755890460000,1755890519000,1.38262,1.38263,1.3826,1.3826,38250000,1
1755890520000,1755890579000,1.3826,1.38263,1.38259,1.3826,32550000,1
1755890580000,1755890639000,1.38259,1.38263,1.38259,1.38261,31950000,1
1755890640000,1755890699000,1.3826,1.3826,1.38231,1.38234,94500000,1
1755890700000,1755890759000,1.38233,1.38237,1.38232,1.38232,63300000,1
1755890760000,1755890819000,1.38233,1.38242,1.38233,1.38238,24000000,1
1755890820000,1755890879000,1.3824,1.38249,1.3824,1.38246,31500000,1
1755890880000,1755890939000,1.38245,1.3826,1.38245,1.3826,34800000,1
1755890940000,1755890999000,1.38259,1.38263,1.38256,1.38262,28950000,1
1755891000000,1755891059000,1.38263,1.38263,1.3826,1.38261,15900000,1
1755891060000,1755891119000,1.3826,1.38263,1.38258,1.38259,45150000,1
1755891120000,1755891179000,1.38259,1.3826,1.38249,1.38249,118500000,1
1755891180000,1755891239000,1.38249,1.38256,1.38249,1.38251,53700000,1
1755891240000,1755891299000,1.38251,1.3826,1.38248,1.38249,69000000,1
1755891300000,1755891359000,1.38249,1.38251,1.38249,1.3825,46800000,1
1755891360000,1755891419000,1.3825,1.38251,1.3825,1.38251,6300000,1
1755891420000,1755891479000,1.38251,1.38258,1.38251,1.38253,49950000,1
1755891480000,1755891539000,1.38255,1.3826,1.38253,1.38253,22500000,1
1755891540000,1755891599000,1.38254,1.38261,1.38253,1.3826,30750000,1
1755891600000,1755891659000,1.38264,1.38277,1.38262,1.38263,64950000,1
1755891660000,1755891719000,1.38263,1.38269,1.38261,1.38261,40350000,1
1755891720000,1755891779000,1.38261,1.38262,1.38257,1.38261,21450000,1
1755891780000,1755891839000,1.38264,1.38264,1.38245,1.38245,54000000,1
1755891840000,1755891899000,1.38246,1.38246,1.3824,1.3824,74400000,1
1755891900000,1755891959000,1.38241,1.38251,1.3824,1.38249,27150000,1
1755891960000,1755892019000,1.3825,1.38251,1.38244,1.38251,41850000,1
1755892020000,1755892079000,1.38252,1.38261,1.38251,1.3826,23550000,1
1755892080000,1755892139000,1.38259,1.38259,1.3825,1.3825,15000000,1
1755892140000,1755892199000,1.38252,1.38264,1.38252,1.38263,61350000,1
1755892200000,1755892259000,1.38264,1.38267,1.38261,1.38267,73200000,1
1755892260000,1755892319000,1.38266,1.3827,1.38264,1.38264,42600000,1
1755892320000,1755892379000,1.38264,1.38265,1.38257,1.38259,37200000,1
1755892380000,1755892439000,1.3826,1.38264,1.38259,1.38259,23850000,1
1755892440000,1755892499000,1.38259,1.38262,1.38257,1.38261,61200000,1
1755892500000,1755892559000,1.3826,1.38279,1.3826,1.38276,65250000,1
1755892560000,1755892619000,1.38278,1.38291,1.38278,1.3829,49950000,1
1755892620000,1755892679000,1.38291,1.38291,1.38281,1.38283,77100000,1
1755892680000,1755892739000,1.38283,1.38297,1.38283,1.38296,175950000,1
1755892740000,1755892799000,1.38296,1.38306,1.38283,1.38286,205650000,1
1755892800000,1755892859000,1.38286,1.38302,1.38284,1.38298,106200000,1
1755892860000,1755892919000,1.38299,1.38301,1.38277,1.38291,94950000,1
1755892920000,1755892979000,1.3829,1.38292,1.38286,1.38286,24900000,1
1755892980000,1755893039000,1.38285,1.38287,1.38283,1.38283,36300000,1
1755893040000,1755893099000,1.38284,1.38285,1.38275,1.38277,64800000,1
1755893100000,1755893159000,1.38277,1.38285,1.38276,1.38279,38550000,1
1755893160000,1755893219000,1.38282,1.38282,1.38262,1.38262,51150000,1
1755893220000,1755893279000,1.38263,1.38268,1.3825,1.38251,50550000,1
1755893280000,1755893339000,1.38252,1.38255,1.38249,1.38255,37200000,1
1755893340000,1755893399000,1.38255,1.38256,1.38251,1.38251,51300000,1
1755893400000,1755893459000,1.38252,1.38254,1.38248,1.38251,63300000,1
1755893460000,1755893519000,1.3825,1.3825,1.3824,1.38245,32100000,1
1755893520000,1755893579000,1.38245,1.38255,1.38245,1.38246,36000000,1
1755893580000,1755893639000,1.38245,1.38259,1.38244,1.38257,25500000,1
1755893640000,1755893699000,1.38256,1.38262,1.38253,1.38254,37050000,1
1755893700000,1755893759000,1.38251,1.38251,1.38243,1.38244,55350000,1
1755893760000,1755893819000,1.38245,1.38249,1.38245,1.38249,45000000,1
1755893820000,1755893879000,1.3825,1.38251,1.38245,1.38246,16050000,1
1755893880000,1755893939000,1.38248,1.38253,1.38244,1.38253,41850000,1
1755893940000,1755893999000,1.38255,1.38255,1.38254,1.38255,31050000,1
1755894000000,1755894059000,1.38255,1.38265,1.38255,1.38264,22800000,1
1755894060000,1755894119000,1.38264,1.38272,1.38263,1.38272,18000000,1
1755894120000,1755894179000,1.38271,1.38273,1.38267,1.38272,17250000,1
1755894180000,1755894239000,1.38272,1.38272,1.38261,1.38263,30600000,1
1755894240000,1755894299000,1.38262,1.38262,1.3826,1.3826,8400000,1
1755894300000,1755894359000,1.38261,1.38263,1.38261,1.38261,4800000,1
1755894360000,1755894419000,1.38261,1.3827,1.38261,1.3827,4800000,1
1755894420000,1755894479000,1.38272,1.38281,1.38272,1.38281,5850000,1
1755894480000,1755894539000,1.38279,1.38281,1.3827,1.3827,34200000,1
1755894540000,1755894599000,1.38269,1.38275,1.38267,1.38275,85650000,1
1755894600000,1755894659000,1.38274,1.38274,1.38253,1.38254,41100000,1
1755894660000,1755894719000,1.38254,1.38254,1.38247,1.38248,43650000,1
1755894720000,1755894779000,1.38248,1.3826,1.38247,1.3826,51750000,1
1755894780000,1755894839000,1.38259,1.38261,1.38258,1.3826,9900000,1
1755894840000,1755894899000,1.38258,1.38263,1.38256,1.38256,47550000,1
1755894900000,1755894959000,1.38257,1.38257,1.38256,1.38256,14100000,1
1755894960000,1755895019000,1.38255,1.38255,1.3824,1.38242,44400000,1
1755895020000,1755895079000,1.3824,1.3824,1.38228,1.38228,71100000,1
1755895080000,1755895139000,1.38228,1.38239,1.3822,1.3822,57450000,1
1755895140000,1755895199000,1.3822,1.38223,1.38209,1.38211,127500000,1
1755895200000,1755895259000,1.3821,1.38211,1.38194,1.382,69000000,1
1755895260000,1755895319000,1.382,1.38201,1.382,1.382,10200000,1
1755895320000,1755895379000,1.38199,1.382,1.38199,1.382,10500000,1
1755895380000,1755895439000,1.38201,1.38201,1.3819,1.38192,14550000,1
1755895440000,1755895499000,1.38191,1.38195,1.38178,1.38182,25050000,1
1755895500000,1755895559000,1.38184,1.38189,1.38181,1.38187,22800000,1
1755895560000,1755895619000,1.38192,1.38228,1.38187,1.38227,72900000,1
1755895620000,1755895679000,1.38225,1.38228,1.38221,1.38222,24300000,1
1755895680000,1755895739000,1.38223,1.38223,1.3822,1.38222,14700000,1
1755895740000,1755895799000,1.38221,1.38249,1.38221,1.38234,58350000,1
1755895800000,1755895859000,1.38232,1.38264,1.38231,1.3825,113850000,1
1755895860000,1755895919000,1.38247,1.38247,1.38233,1.38233,61950000,1
1755895920000,1755895979000,1.38229,1.38229,1.38208,1.38218,70350000,1
1755895980000,1755896039000,1.3822,1.38227,1.38219,1.38226,25050000,1
1755896040000,1755896099000,1.38235,1.38253,1.38231,1.38253,60600000,1
1755896100000,1755896159000,1.38249,1.38254,1.38235,1.38236,64950000,1
1755896160000,1755896219000,1.38236,1.38259,1.38236,1.38246,52050000,1
1755896220000,1755896279000,1.38247,1.38266,1.38237,1.38239,84150000,1
1755896280000,1755896339000,1.38243,1.38276,1.38237,1.38268,548400000,1
1755896340000,1755896399000,1.38267,1.38267,1.38246,1.38257,14250000,1
1755896400000,1755896459000,1.38257,1.38257,1.38257,1.38257,0,1
1755896460000,1755896519000,1.38257,1.38257,1.38257,1.38257,0,1
1755896520000,1755896579000,1.38257,1.38257,1.38257,1.38257,0,1
1755896580000,1755896639000,1.38257,1.38257,1.38257,1.38257,0,1
1755896640000,1755896699000,1.38257,1.38257,1.38257,1.38257,0,1
1755896700000,1755896759000,1.38257,1.38257,1.38257,1.38257,0,1
1755896760000,1755896819000,1.38257,1.38257,1.38257,1.38257,0,1
1755896820000,1755896879000,1.38257,1.38257,1.38257,1.38257,0,1
1755896880000,1755896939000,1.38257,1.38257,1.38257,1.38257,0,1
1755896940000,1755896999000,1.38257,1.38257,1.38257,1.38257,0,1
1755897000000,1755897059000,1.38257,1.38257,1.38257,1.38257,0,1
1755897060000,1755897119000,1.38257,1.38257,1.38257,1.38257,0,1
1755897120000,1755897179000,1.38257,1.38257,1.38257,1.38257,0,1
1755897180000,1755897239000,1.38257,1.38257,1.38257,1.38257,0,1
1755897240000,1755897299000,1.38257,1.38257,1.38257,1.38257,0,1
1755897300000,1755897359000,1.38257,1.38257,1.38257,1.38257,0,1
1755897360000,1755897419000,1.38257,1.38257,1.38257,1.38257,0,1
1755897420000,1755897479000,1.38257,1.38257,1.38257,1.38257,0,1
1755897480000,1755897539000,1.38257,1.38257,1.38257,1.38257,0,1
1755897540000,1755897599000,1.38257,1.38257,1.38257,1.38257,0,1
1755897600000,1755897659000,1.38257,1.38257,1.38257,1.38257,0,1
1755897660000,1755897719000,1.38257,1.38257,1.38257,1.38257,0,1
1755897720000,1755897779000,1.38257,1.38257,1.38257,1.38257,0,1
1755897780000,1755897839000,1.38257,1.38257,1.38257,1.38257,0,1
1755897840000,1755897899000,1.38257,1.38257,1.38257,1.38257,0,1
1755897900000,1755897959000,1.38257,1.38257,1.38257,1.38257,0,1
1755897960000,1755898019000,1.38257,1.38257,1.38257,1.38257,0,1
1755898020000,1755898079000,1.38257,1.38257,1.38257,1.38257,0,1
1755898080000,1755898139000,1.38257,1.38257,1.38257,1.38257,0,1
1755898140000,1755898199000,1.38257,1.38257,1.38257,1.38257,0,1
1755898200000,1755898259000,1.38257,1.38257,1.38257,1.38257,0,1
1755898260000,1755898319000,1.38257,1.38257,1.38257,1.38257,0,1
1755898320000,1755898379000,1.38257,1.38257,1.38257,1.38257,0,1
1755898380000,1755898439000,1.38257,1.38257,1.38257,1.38257,0,1
1755898440000,1755898499000,1.38257,1.38257,1.38257,1.38257,0,1
1755898500000,1755898559000,1.38257,1.38257,1.38257,1.38257,0,1
1755898560000,1755898619000,1.38257,1.38257,1.38257,1.38257,0,1
1755898620000,1755898679000,1.38257,1.38257,1.38257,1.38257,0,1
1755898680000,1755898739000,1.38257,1.38257,1.38257,1.38257,0,1
1755898740000,1755898799000,1.38257,1.38257,1.38257,1.38257,0,1
1755898800000,1755898859000,1.38257,1.38257,1.38257,1.38257,0,1
1755898860000,1755898919000,1.38257,1.38257,1.38257,1.38257,0,1
1755898920000,1755898979000,1.38257,1.38257,1.38257,1.38257,0,1
1755898980000,1755899039000,1.38257,1.38257,1.38257,1.38257,0,1
1755899040000,1755899099000,1.38257,1.38257,1.38257,1.38257,0,1
1755899100000,1755899159000,1.38257,1.38257,1.38257,1.38257,0,1
1755899160000,1755899219000,1.38257,1.38257,1.38257,1.38257,0,1
1755899220000,1755899279000,1.38257,1.38257,1.38257,1.38257,0,1
1755899280000,1755899339000,1.38257,1.38257,1.38257,1.38257,0,1
1755899340000,1755899399000,1.38257,1.38257,1.38257,1.38257,0,1
1755899400000,1755899459000,1.38257,1.38257,1.38257,1.38257,0,1
1755899460000,1755899519000,1.38257,1.38257,1.38257,1.38257,0,1
1755899520000,1755899579000,1.38257,1.38257,1.38257,1.38257,0,1
1755899580000,1755899639000,1.38257,1.38257,1.38257,1.38257,0,1
1755899640000,1755899699000,1.38257,1.38257,1.38257,1.38257,0,1
1755899700000,1755899759000,1.38257,1.38257,1.38257,1.38257,0,1
1755899760000,1755899819000,1.38257,1.38257,1.38257,1.38257,0,1
1755899820000,1755899879000,1.38257,1.38257,1.38257,1.38257,0,1
1755899880000,1755899939000,1.38257,1.38257,1.38257,1.38257,0,1
1755899940000,1755899999000,1.38257,1.38257,1.38257,1.38257,0,1
1755900000000,1755900059000,1.38257,1.38257,1.38257,1.38257,0,1
1755900060000,1755900119000,1.38257,1.38257,1.38257,1.38257,0,1
1755900120000,1755900179000,1.38257,1.38257,1.38257,1.38257,0,1
1755900180000,1755900239000,1.38257,1.38257,1.38257,1.38257,0,1
1755900240000,1755900299000,1.38257,1.38257,1.38257,1.38257,0,1
1755900300000,1755900359000,1.38257,1.38257,1.38257,1.38257,0,1
1755900360000,1755900419000,1.38257,1.38257,1.38257,1.38257,0,1
1755900420000,1755900479000,1.38257,1.38257,1.38257,1.38257,0,1
1755900480000,1755900539000,1.38257,1.38257,1.38257,1.38257,0,1
1755900540000,1755900599000,1.38257,1.38257,1.38257,1.38257,0,1
1755900600000,1755900659000,1.38257,1.38257,1.38257,1.38257,0,1
1755900660000,1755900719000,1.38257,1.38257,1.38257,1.38257,0,1
1755900720000,1755900779000,1.38257,1.38257,1.38257,1.38257,0,1
1755900780000,1755900839000,1.38257,1.38257,1.38257,1.38257,0,1
1755900840000,1755900899000,1.38257,1.38257,1.38257,1.38257,0,1
1755900900000,1755900959000,1.38257,1.38257,1.38257,1.38257,0,1
1755900960000,1755901019000,1.38257,1.38257,1.38257,1.38257,0,1
1755901020000,1755901079000,1.38257,1.38257,1.38257,1.38257,0,1
1755901080000,1755901139000,1.38257,1.38257,1.38257,1.38257,0,1
1755901140000,1755901199000,1.38257,1.38257,1.38257,1.38257,0,1
1755901200000,1755901259000,1.38257,1.38257,1.38257,1.38257,0,1
1755901260000,1755901319000,1.38257,1.38257,1.38257,1.38257,0,1
1755901320000,1755901379000,1.38257,1.38257,1.38257,1.38257,0,1
1755901380000,1755901439000,1.38257,1.38257,1.38257,1.38257,0,1
1755901440000,1755901499000,1.38257,1.38257,1.38257,1.38257,0,1
1755901500000,1755901559000,1.38257,1.38257,1.38257,1.38257,0,1
1755901560000,1755901619000,1.38257,1.38257,1.38257,1.38257,0,1
1755901620000,1755901679000,1.38257,1.38257,1.38257,1.38257,0,1
1755901680000,1755901739000,1.38257,1.38257,1.38257,1.38257,0,1
1755901740000,1755901799000,1.38257,1.38257,1.38257,1.38257,0,1
1755901800000,1755901859000,1.38257,1.38257,1.38257,1.38257,0,1
1755901860000,1755901919000,1.38257,1.38257,1.38257,1.38257,0,1
1755901920000,1755901979000,1.38257,1.38257,1.38257,1.38257,0,1
1755901980000,1755902039000,1.38257,1.38257,1.38257,1.38257,0,1
1755902040000,1755902099000,1.38257,1.38257,1.38257,1.38257,0,1
1755902100000,1755902159000,1.38257,1.38257,1.38257,1.38257,0,1
1755902160000,1755902219000,1.38257,1.38257,1.38257,1.38257,0,1
1755902220000,1755902279000,1.38257,1.38257,1.38257,1.38257,0,1
1755902280000,1755902339000,1.38257,1.38257,1.38257,1.38257,0,1
1755902340000,1755902399000,1.38257,1.38257,1.38257,1.38257,0,1
1755902400000,1755902459000,1.38257,1.38257,1.38257,1.38257,0,1
1755902460000,1755902519000,1.38257,1.38257,1.38257,1.38257,0,1
1755902520000,1755902579000,1.38257,1.38257,1.38257,1.38257,0,1
1755902580000,1755902639000,1.38257,1.38257,1.38257,1.38257,0,1
1755902640000,1755902699000,1.38257,1.38257,1.38257,1.38257,0,1
1755902700000,1755902759000,1.38257,1.38257,1.38257,1.38257,0,1
1755902760000,1755902819000,1.38257,1.38257,1.38257,1.38257,0,1
1755902820000,1755902879000,1.38257,1.38257,1.38257,1.38257,0,1
1755902880000,1755902939000,1.38257,1.38257,1.38257,1.38257,0,1
1755902940000,1755902999000,1.38257,1.38257,1.38257,1.38257,0,1
1755903000000,1755903059000,1.38257,1.38257,1.38257,1.38257,0,1
1755903060000,1755903119000,1.38257,1.38257,1.38257,1.38257,0,1
1755903120000,1755903179000,1.38257,1.38257,1.38257,1.38257,0,1
1755903180000,1755903239000,1.38257,1.38257,1.38257,1.38257,0,1
1755903240000,1755903299000,1.38257,1.38257,1.38257,1.38257,0,1
1755903300000,1755903359000,1.38257,1.38257,1.38257,1.38257,0,1
1755903360000,1755903419000,1.38257,1.38257,1.38257,1.38257,0,1
1755903420000,1755903479000,1.38257,1.38257,1.38257,1.38257,0,1
1755903480000,1755903539000,1.38257,1.38257,1.38257,1.38257,0,1
1755903540000,1755903599000,1.38257,1.38257,1.38257,1.38257,0,1
1755903600000,1755903659000,1.38257,1.38257,1.38257,1.38257,0,1
1755903660000,1755903719000,1.38257,1.38257,1.38257,1.38257,0,1
1755903720000,1755903779000,1.38257,1.38257,1.38257,1.38257,0,1
1755903780000,1755903839000,1.38257,1.38257,1.38257,1.38257,0,1
1755903840000,1755903899000,1.38257,1.38257,1.38257,1.38257,0,1
1755903900000,1755903959000,1.38257,1.38257,1.38257,1.38257,0,1
1755903960000,1755904019000,1.38257,1.38257,1.38257,1.38257,0,1
1755904020000,1755904079000,1.38257,1.38257,1.38257,1.38257,0,1
1755904080000,1755904139000,1.38257,1.38257,1.38257,1.38257,0,1
1755904140000,1755904199000,1.38257,1.38257,1.38257,1.38257,0,1
1755904200000,1755904259000,1.38257,1.38257,1.38257,1.38257,0,1
1755904260000,1755904319000,1.38257,1.38257,1.38257,1.38257,0,1
1755904320000,1755904379000,1.38257,1.38257,1.38257,1.38257,0,1
1755904380000,1755904439000,1.38257,1.38257,1.38257,1.38257,0,1
1755904440000,1755904499000,1.38257,1.38257,1.38257,1.38257,0,1
1755904500000,1755904559000,1.38257,1.38257,1.38257,1.38257,0,1
1755904560000,1755904619000,1.38257,1.38257,1.38257,1.38257,0,1
1755904620000,1755904679000,1.38257,1.38257,1.38257,1.38257,0,1
1755904680000,1755904739000,1.38257,1.38257,1.38257,1.38257,0,1
1755904740000,1755904799000,1.38257,1.38257,1.38257,1.38257,0,1
1755904800000,1755904859000,1.38257,1.38257,1.38257,1.38257,0,1
1755904860000,1755904919000,1.38257,1.38257,1.38257,1.38257,0,1
1755904920000,1755904979000,1.38257,1.38257,1.38257,1.38257,0,1
1755904980000,1755905039000,1.38257,1.38257,1.38257,1.38257,0,1
1755905040000,1755905099000,1.38257,1.38257,1.38257,1.38257,0,1
1755905100000,1755905159000,1.38257,1.38257,1.38257,1.38257,0,1
1755905160000,1755905219000,1.38257,1.38257,1.38257,1.38257,0,1
1755905220000,1755905279000,1.38257,1.38257,1.38257,1.38257,0,1
1755905280000,1755905339000,1.38257,1.38257,1.38257,1.38257,0,1
1755905340000,1755905399000,1.38257,1.38257,1.38257,1.38257,0,1
1755905400000,1755905459000,1.38257,1.38257,1.38257,1.38257,0,1
1755905460000,1755905519000,1.38257,1.38257,1.38257,1.38257,0,1
1755905520000,1755905579000,1.38257,1.38257,1.38257,1.38257,0,1
1755905580000,1755905639000,1.38257,1.38257,1.38257,1.38257,0,1
1755905640000,1755905699000,1.38257,1.38257,1.38257,1.38257,0,1
1755905700000,1755905759000,1.38257,1.38257,1.38257,1.38257,0,1
1755905760000,1755905819000,1.38257,1.38257,1.38257,1.38257,0,1
1755905820000,1755905879000,1.38257,1.38257,1.38257,1.38257,0,1
1755905880000,1755905939000,1.38257,1.38257,1.38257,1.38257,0,1
1755905940000,1755905999000,1.38257,1.38257,1.38257,1.38257,0,1
1755906000000,1755906059000,1.38257,1.38257,1.38257,1.38257,0,1
1755906060000,1755906119000,1.38257,1.38257,1.38257,1.38257,0,1
1755906120000,1755906179000,1.38257,1.38257,1.38257,1.38257,0,1
1755906180000,1755906239000,1.38257,1.38257,1.38257,1.38257,0,1
1755906240000,1755906299000,1.38257,1.38257,1.38257,1.38257,0,1
1755906300000,1755906359000,1.38257,1.38257,1.38257,1.38257,0,1
1755906360000,1755906419000,1.38257,1.38257,1.38257,1.38257,0,1
1755906420000,1755906479000,1.38257,1.38257,1.38257,1.38257,0,1
1755906480000,1755906539000,1.38257,1.38257,1.38257,1.38257,0,1
1755906540000,1755906599000,1.38257,1.38257,1.38257,1.38257,0,1
1755906600000,1755906659000,1.38257,1.38257,1.38257,1.38257,0,1
1755906660000,1755906719000,1.38257,1.38257,1.38257,1.38257,0,1
1755906720000,1755906779000,1.38257,1.38257,1.38257,1.38257,0,1
1755906780000,1755906839000,1.38257,1.38257,1.38257,1.38257,0,1
1755906840000,1755906899000,1.38257,1.38257,1.38257,1.38257,0,1
1755906900000,1755906959000,1.38257,1.38257,1.38257,1.38257,0,1
1755906960000,1755907019000,1.38257,1.38257,1.38257,1.38257,0,1
1755907020000,1755907079000,1.38257,1.38257,1.38257,1.38257,0,1
1755907080000,1755907139000,1.38257,1.38257,1.38257,1.38257,0,1
1755907140000,1755907199000,1.38257,1.38257,1.38257,1.38257,0,1
1755993600000,1755993659000,1.38257,1.38257,1.38257,1.38257,0,1
1755993660000,1755993719000,1.38257,1.38257,1.38257,1.38257,0,1
1755993720000,1755993779000,1.38257,1.38257,1.38257,1.38257,0,1
1755993780000,1755993839000,1.38257,1.38257,1.38257,1.38257,0,1
1755993840000,1755993899000,1.38257,1.38257,1.38257,1.38257,0,1
1755993900000,1755993959000,1.38257,1.38257,1.38257,1.38257,0,1
1755993960000,1755994019000,1.38257,1.38257,1.38257,1.38257,0,1
1755994020000,1755994079000,1.38257,1.38257,1.38257,1.38257,0,1
1755994080000,1755994139000,1.38257,1.38257,1.38257,1.38257,0,1
1755994140000,1755994199000,1.38257,1.38257,1.38257,1.38257,0,1
1755994200000,1755994259000,1.38257,1.38257,1.38257,1.38257,0,1
1755994260000,1755994319000,1.38257,1.38257,1.38257,1.38257,0,1
1755994320000,1755994379000,1.38257,1.38257,1.38257,1.38257,0,1
1755994380000,1755994439000,1.38257,1.38257,1.38257,1.38257,0,1
1755994440000,1755994499000,1.38257,1.38257,1.38257,1.38257,0,1
1755994500000,1755994559000,1.38257,1.38257,1.38257,1.38257,0,1
1755994560000,1755994619000,1.38257,1.38257,1.38257,1.38257,0,1
1755994620000,1755994679000,1.38257,1.38257,1.38257,1.38257,0,1
1755994680000,1755994739000,1.38257,1.38257,1.38257,1.38257,0,1
1755994740000,1755994799000,1.38257,1.38257,1.38257,1.38257,0,1
1755994800000,1755994859000,1.38257,1.38257,1.38257,1.38257,0,1
1755994860000,1755994919000,1.38257,1.38257,1.38257,1.38257,0,1
1755994920000,1755994979000,1.38257,1.38257,1.38257,1.38257,0,1
1755994980000,1755995039000,1.38257,1.38257,1.38257,1.38257,0,1
1755995040000,1755995099000,1.38257,1.38257,1.38257,1.38257,0,1
1755995100000,1755995159000,1.38257,1.38257,1.38257,1.38257,0,1
1755995160000,1755995219000,1.38257,1.38257,1.38257,1.38257,0,1
1755995220000,1755995279000,1.38257,1.38257,1.38257,1.38257,0,1
1755995280000,1755995339000,1.38257,1.38257,1.38257,1.38257,0,1
1755995340000,1755995399000,1.38257,1.38257,1.38257,1.38257,0,1
1755995400000,1755995459000,1.38257,1.38257,1.38257,1.38257,0,1
1755995460000,1755995519000,1.38257,1.38257,1.38257,1.38257,0,1
1755995520000,1755995579000,1.38257,1.38257,1.38257,1.38257,0,1
1755995580000,1755995639000,1.38257,1.38257,1.38257,1.38257,0,1
1755995640000,1755995699000,1.38257,1.38257,1.38257,1.38257,0,1
1755995700000,1755995759000,1.38257,1.38257,1.38257,1.38257,0,1
1755995760000,1755995819000,1.38257,1.38257,1.38257,1.38257,0,1
1755995820000,1755995879000,1.38257,1.38257,1.38257,1.38257,0,1
1755995880000,1755995939000,1.38257,1.38257,1.38257,1.38257,0,1
1755995940000,1755995999000,1.38257,1.38257,1.38257,1.38257,0,1
1755996000000,1755996059000,1.38257,1.38257,1.38257,1.38257,0,1
1755996060000,1755996119000,1.38257,1.38257,1.38257,1.38257,0,1
1755996120000,1755996179000,1.38257,1.38257,1.38257,1.38257,0,1
1755996180000,1755996239000,1.38257,1.38257,1.38257,1.38257,0,1
1755996240000,1755996299000,1.38257,1.38257,1.38257,1.38257,0,1
1755996300000,1755996359000,1.38257,1.38257,1.38257,1.38257,0,1
1755996360000,1755996419000,1.38257,1.38257,1.38257,1.38257,0,1
1755996420000,1755996479000,1.38257,1.38257,1.38257,1.38257,0,1
1755996480000,1755996539000,1.38257,1.38257,1.38257,1.38257,0,1
1755996540000,1755996599000,1.38257,1.38257,1.38257,1.38257,0,1
1755996600000,1755996659000,1.38257,1.38257,1.38257,1.38257,0,1
1755996660000,1755996719000,1.38257,1.38257,1.38257,1.38257,0,1
1755996720000,1755996779000,1.38257,1.38257,1.38257,1.38257,0,1
1755996780000,1755996839000,1.38257,1.38257,1.38257,1.38257,0,1
1755996840000,1755996899000,1.38257,1.38257,1.38257,1.38257,0,1
1755996900000,1755996959000,1.38257,1.38257,1.38257,1.38257,0,1
1755996960000,1755997019000,1.38257,1.38257,1.38257,1.38257,0,1
1755997020000,1755997079000,1.38257,1.38257,1.38257,1.38257,0,1
1755997080000,1755997139000,1.38257,1.38257,1.38257,1.38257,0,1
1755997140000,1755997199000,1.38257,1.38257,1.38257,1.38257,0,1
1755997200000,1755997259000,1.38257,1.38257,1.38257,1.38257,0,1
1755997260000,1755997319000,1.38257,1.38257,1.38257,1.38257,0,1
1755997320000,1755997379000,1.38257,1.38257,1.38257,1.38257,0,1
1755997380000,1755997439000,1.38257,1.38257,1.38257,1.38257,0,1
1755997440000,1755997499000,1.38257,1.38257,1.38257,1.38257,0,1
1755997500000,1755997559000,1.38257,1.38257,1.38257,1.38257,0,1
1755997560000,1755997619000,1.38257,1.38257,1.38257,1.38257,0,1
1755997620000,1755997679000,1.38257,1.38257,1.38257,1.38257,0,1
1755997680000,1755997739000,1.38257,1.38257,1.38257,1.38257,0,1
1755997740000,1755997799000,1.38257,1.38257,1.38257,1.38257,0,1
1755997800000,1755997859000,1.38257,1.38257,1.38257,1.38257,0,1
1755997860000,1755997919000,1.38257,1.38257,1.38257,1.38257,0,1
1755997920000,1755997979000,1.38257,1.38257,1.38257,1.38257,0,1
1755997980000,1755998039000,1.38257,1.38257,1.38257,1.38257,0,1
1755998040000,1755998099000,1.38257,1.38257,1.38257,1.38257,0,1
1755998100000,1755998159000,1.38257,1.38257,1.38257,1.38257,0,1
1755998160000,1755998219000,1.38257,1.38257,1.38257,1.38257,0,1
1755998220000,1755998279000,1.38257,1.38257,1.38257,1.38257,0,1
1755998280000,1755998339000,1.38257,1.38257,1.38257,1.38257,0,1
1755998340000,1755998399000,1.38257,1.38257,1.38257,1.38257,0,1
1755998400000,1755998459000,1.38257,1.38257,1.38257,1.38257,0,1
1755998460000,1755998519000,1.38257,1.38257,1.38257,1.38257,0,1
1755998520000,1755998579000,1.38257,1.38257,1.38257,1.38257,0,1
1755998580000,1755998639000,1.38257,1.38257,1.38257,1.38257,0,1
1755998640000,1755998699000,1.38257,1.38257,1.38257,1.38257,0,1
1755998700000,1755998759000,1.38257,1.38257,1.38257,1.38257,0,1
1755998760000,1755998819000,1.38257,1.38257,1.38257,1.38257,0,1
1755998820000,1755998879000,1.38257,1.38257,1.38257,1.38257,0,1
1755998880000,1755998939000,1.38257,1.38257,1.38257,1.38257,0,1
1755998940000,1755998999000,1.38257,1.38257,1.38257,1.38257,0,1
1755999000000,1755999059000,1.38257,1.38257,1.38257,1.38257,0,1
1755999060000,1755999119000,1.38257,1.38257,1.38257,1.38257,0,1
1755999120000,1755999179000,1.38257,1.38257,1.38257,1.38257,0,1
1755999180000,1755999239000,1.38257,1.38257,1.38257,1.38257,0,1
1755999240000,1755999299000,1.38257,1.38257,1.38257,1.38257,0,1
1755999300000,1755999359000,1.38257,1.38257,1.38257,1.38257,0,1
1755999360000,1755999419000,1.38257,1.38257,1.38257,1.38257,0,1
1755999420000,1755999479000,1.38257,1.38257,1.38257,1.38257,0,1
1755999480000,1755999539000,1.38257,1.38257,1.38257,1.38257,0,1
1755999540000,1755999599000,1.38257,1.38257,1.38257,1.38257,0,1
1755999600000,1755999659000,1.38257,1.38257,1.38257,1.38257,0,1
1755999660000,1755999719000,1.38257,1.38257,1.38257,1.38257,0,1
1755999720000,1755999779000,1.38257,1.38257,1.38257,1.38257,0,1
1755999780000,1755999839000,1.38257,1.38257,1.38257,1.38257,0,1
1755999840000,1755999899000,1.38257,1.38257,1.38257,1.38257,0,1
1755999900000,1755999959000,1.38257,1.38257,1.38257,1.38257,0,1
1755999960000,1756000019000,1.38257,1.38257,1.38257,1.38257,0,1
1756000020000,1756000079000,1.38257,1.38257,1.38257,1.38257,0,1
1756000080000,1756000139000,1.38257,1.38257,1.38257,1.38257,0,1
1756000140000,1756000199000,1.38257,1.38257,1.38257,1.38257,0,1
1756000200000,1756000259000,1.38257,1.38257,1.38257,1.38257,0,1
1756000260000,1756000319000,1.38257,1.38257,1.38257,1.38257,0,1
1756000320000,1756000379000,1.38257,1.38257,1.38257,1.38257,0,1
1756000380000,1756000439000,1.38257,1.38257,1.38257,1.38257,0,1
1756000440000,1756000499000,1.38257,1.38257,1.38257,1.38257,0,1
1756000500000,1756000559000,1.38257,1.38257,1.38257,1.38257,0,1
1756000560000,1756000619000,1.38257,1.38257,1.38257,1.38257,0,1
1756000620000,1756000679000,1.38257,1.38257,1.38257,1.38257,0,1
1756000680000,1756000739000,1.38257,1.38257,1.38257,1.38257,0,1
1756000740000,1756000799000,1.38257,1.38257,1.38257,1.38257,0,1
1756000800000,1756000859000,1.38257,1.38257,1.38257,1.38257,0,1
1756000860000,1756000919000,1.38257,1.38257,1.38257,1.38257,0,1
1756000920000,1756000979000,1.38257,1.38257,1.38257,1.38257,0,1
1756000980000,1756001039000,1.38257,1.38257,1.38257,1.38257,0,1
1756001040000,1756001099000,1.38257,1.38257,1.38257,1.38257,0,1
1756001100000,1756001159000,1.38257,1.38257,1.38257,1.38257,0,1
1756001160000,1756001219000,1.38257,1.38257,1.38257,1.38257,0,1
1756001220000,1756001279000,1.38257,1.38257,1.38257,1.38257,0,1
1756001280000,1756001339000,1.38257,1.38257,1.38257,1.38257,0,1
1756001340000,1756001399000,1.38257,1.38257,1.38257,1.38257,0,1
1756001400000,1756001459000,1.38257,1.38257,1.38257,1.38257,0,1
1756001460000,1756001519000,1.38257,1.38257,1.38257,1.38257,0,1
1756001520000,1756001579000,1.38257,1.38257,1.38257,1.38257,0,1
1756001580000,1756001639000,1.38257,1.38257,1.38257,1.38257,0,1
1756001640000,1756001699000,1.38257,1.38257,1.38257,1.38257,0,1
1756001700000,1756001759000,1.38257,1.38257,1.38257,1.38257,0,1
1756001760000,1756001819000,1.38257,1.38257,1.38257,1.38257,0,1
1756001820000,1756001879000,1.38257,1.38257,1.38257,1.38257,0,1
1756001880000,1756001939000,1.38257,1.38257,1.38257,1.38257,0,1
1756001940000,1756001999000,1.38257,1.38257,1.38257,1.38257,0,1
1756002000000,1756002059000,1.38257,1.38257,1.38257,1.38257,0,1
1756002060000,1756002119000,1.38257,1.38257,1.38257,1.38257,0,1
1756002120000,1756002179000,1.38257,1.38257,1.38257,1.38257,0,1
1756002180000,1756002239000,1.38257,1.38257,1.38257,1.38257,0,1
1756002240000,1756002299000,1.38257,1.38257,1.38257,1.38257,0,1
1756002300000,1756002359000,1.38257,1.38257,1.38257,1.38257,0,1
1756002360000,1756002419000,1.38257,1.38257,1.38257,1.38257,0,1
1756002420000,1756002479000,1.38257,1.38257,1.38257,1.38257,0,1
1756002480000,1756002539000,1.38257,1.38257,1.38257,1.38257,0,1
1756002540000,1756002599000,1.38257,1.38257,1.38257,1.38257,0,1
1756002600000,1756002659000,1.38257,1.38257,1.38257,1.38257,0,1
1756002660000,1756002719000,1.38257,1.38257,1.38257,1.38257,0,1
1756002720000,1756002779000,1.38257,1.38257,1.38257,1.38257,0,1
1756002780000,1756002839000,1.38257,1.38257,1.38257,1.38257,0,1
1756002840000,1756002899000,1.38257,1.38257,1.38257,1.38257,0,1
1756002900000,1756002959000,1.38257,1.38257,1.38257,1.38257,0,1
1756002960000,1756003019000,1.38257,1.38257,1.38257,1.38257,0,1
1756003020000,1756003079000,1.38257,1.38257,1.38257,1.38257,0,1
1756003080000,1756003139000,1.38257,1.38257,1.38257,1.38257,0,1
1756003140000,1756003199000,1.38257,1.38257,1.38257,1.38257,0,1
1756003200000,1756003259000,1.38257,1.38257,1.38257,1.38257,0,1
1756003260000,1756003319000,1.38257,1.38257,1.38257,1.38257,0,1
1756003320000,1756003379000,1.38257,1.38257,1.38257,1.38257,0,1
1756003380000,1756003439000,1.38257,1.38257,1.38257,1.38257,0,1
1756003440000,1756003499000,1.38257,1.38257,1.38257,1.38257,0,1
1756003500000,1756003559000,1.38257,1.38257,1.38257,1.38257,0,1
1756003560000,1756003619000,1.38257,1.38257,1.38257,1.38257,0,1
1756003620000,1756003679000,1.38257,1.38257,1.38257,1.38257,0,1
1756003680000,1756003739000,1.38257,1.38257,1.38257,1.38257,0,1
1756003740000,1756003799000,1.38257,1.38257,1.38257,1.38257,0,1
1756003800000,1756003859000,1.38257,1.38257,1.38257,1.38257,0,1
1756003860000,1756003919000,1.38257,1.38257,1.38257,1.38257,0,1
1756003920000,1756003979000,1.38257,1.38257,1.38257,1.38257,0,1
1756003980000,1756004039000,1.38257,1.38257,1.38257,1.38257,0,1
1756004040000,1756004099000,1.38257,1.38257,1.38257,1.38257,0,1
1756004100000,1756004159000,1.38257,1.38257,1.38257,1.38257,0,1
1756004160000,1756004219000,1.38257,1.38257,1.38257,1.38257,0,1
1756004220000,1756004279000,1.38257,1.38257,1.38257,1.38257,0,1
1756004280000,1756004339000,1.38257,1.38257,1.38257,1.38257,0,1
1756004340000,1756004399000,1.38257,1.38257,1.38257,1.38257,0,1
1756004400000,1756004459000,1.38257,1.38257,1.38257,1.38257,0,1
1756004460000,1756004519000,1.38257,1.38257,1.38257,1.38257,0,1
1756004520000,1756004579000,1.38257,1.38257,1.38257,1.38257,0,1
1756004580000,1756004639000,1.38257,1.38257,1.38257,1.38257,0,1
1756004640000,1756004699000,1.38257,1.38257,1.38257,1.38257,0,1
1756004700000,1756004759000,1.38257,1.38257,1.38257,1.38257,0,1
1756004760000,1756004819000,1.38257,1.38257,1.38257,1.38257,0,1
1756004820000,1756004879000,1.38257,1.38257,1.38257,1.38257,0,1
1756004880000,1756004939000,1.38257,1.38257,1.38257,1.38257,0,1
1756004940000,1756004999000,1.38257,1.38257,1.38257,1.38257,0,1
1756005000000,1756005059000,1.38257,1.38257,1.38257,1.38257,0,1
1756005060000,1756005119000,1.38257,1.38257,1.38257,1.38257,0,1
1756005120000,1756005179000,1.38257,1.38257,1.38257,1.38257,0,1
1756005180000,1756005239000,1.38257,1.38257,1.38257,1.38257,0,1
1756005240000,1756005299000,1.38257,1.38257,1.38257,1.38257,0,1
1756005300000,1756005359000,1.38257,1.38257,1.38257,1.38257,0,1
1756005360000,1756005419000,1.38257,1.38257,1.38257,1.38257,0,1
1756005420000,1756005479000,1.38257,1.38257,1.38257,1.38257,0,1
1756005480000,1756005539000,1.38257,1.38257,1.38257,1.38257,0,1
1756005540000,1756005599000,1.38257,1.38257,1.38257,1.38257,0,1
1756005600000,1756005659000,1.38257,1.38257,1.38257,1.38257,0,1
1756005660000,1756005719000,1.38257,1.38257,1.38257,1.38257,0,1
1756005720000,1756005779000,1.38257,1.38257,1.38257,1.38257,0,1
1756005780000,1756005839000,1.38257,1.38257,1.38257,1.38257,0,1
1756005840000,1756005899000,1.38257,1.38257,1.38257,1.38257,0,1
1756005900000,1756005959000,1.38257,1.38257,1.38257,1.38257,0,1
1756005960000,1756006019000,1.38257,1.38257,1.38257,1.38257,0,1
1756006020000,1756006079000,1.38257,1.38257,1.38257,1.38257,0,1
1756006080000,1756006139000,1.38257,1.38257,1.38257,1.38257,0,1
1756006140000,1756006199000,1.38257,1.38257,1.38257,1.38257,0,1
1756006200000,1756006259000,1.38257,1.38257,1.38257,1.38257,0,1
1756006260000,1756006319000,1.38257,1.38257,1.38257,1.38257,0,1
1756006320000,1756006379000,1.38257,1.38257,1.38257,1.38257,0,1
1756006380000,1756006439000,1.38257,1.38257,1.38257,1.38257,0,1
1756006440000,1756006499000,1.38257,1.38257,1.38257,1.38257,0,1
1756006500000,1756006559000,1.38257,1.38257,1.38257,1.38257,0,1
1756006560000,1756006619000,1.38257,1.38257,1.38257,1.38257,0,1
1756006620000,1756006679000,1.38257,1.38257,1.38257,1.38257,0,1
1756006680000,1756006739000,1.38257,1.38257,1.38257,1.38257,0,1
1756006740000,1756006799000,1.38257,1.38257,1.38257,1.38257,0,1
1756006800000,1756006859000,1.38257,1.38257,1.38257,1.38257,0,1
1756006860000,1756006919000,1.38257,1.38257,1.38257,1.38257,0,1
1756006920000,1756006979000,1.38257,1.38257,1.38257,1.38257,0,1
1756006980000,1756007039000,1.38257,1.38257,1.38257,1.38257,0,1
1756007040000,1756007099000,1.38257,1.38257,1.38257,1.38257,0,1
1756007100000,1756007159000,1.38257,1.38257,1.38257,1.38257,0,1
1756007160000,1756007219000,1.38257,1.38257,1.38257,1.38257,0,1
1756007220000,1756007279000,1.38257,1.38257,1.38257,1.38257,0,1
1756007280000,1756007339000,1.38257,1.38257,1.38257,1.38257,0,1
1756007340000,1756007399000,1.38257,1.38257,1.38257,1.38257,0,1
1756007400000,1756007459000,1.38257,1.38257,1.38257,1.38257,0,1
1756007460000,1756007519000,1.38257,1.38257,1.38257,1.38257,0,1
1756007520000,1756007579000,1.38257,1.38257,1.38257,1.38257,0,1
1756007580000,1756007639000,1.38257,1.38257,1.38257,1.38257,0,1
1756007640000,1756007699000,1.38257,1.38257,1.38257,1.38257,0,1
1756007700000,1756007759000,1.38257,1.38257,1.38257,1.38257,0,1
1756007760000,1756007819000,1.38257,1.38257,1.38257,1.38257,0,1
1756007820000,1756007879000,1.38257,1.38257,1.38257,1.38257,0,1
1756007880000,1756007939000,1.38257,1.38257,1.38257,1.38257,0,1
1756007940000,1756007999000,1.38257,1.38257,1.38257,1.38257,0,1
1756008000000,1756008059000,1.38257,1.38257,1.38257,1.38257,0,1
1756008060000,1756008119000,1.38257,1.38257,1.38257,1.38257,0,1
1756008120000,1756008179000,1.38257,1.38257,1.38257,1.38257,0,1
1756008180000,1756008239000,1.38257,1.38257,1.38257,1.38257,0,1
1756008240000,1756008299000,1.38257,1.38257,1.38257,1.38257,0,1
1756008300000,1756008359000,1.38257,1.38257,1.38257,1.38257,0,1
1756008360000,1756008419000,1.38257,1.38257,1.38257,1.38257,0,1
1756008420000,1756008479000,1.38257,1.38257,1.38257,1.38257,0,1
1756008480000,1756008539000,1.38257,1.38257,1.38257,1.38257,0,1
1756008540000,1756008599000,1.38257,1.38257,1.38257,1.38257,0,1
1756008600000,1756008659000,1.38257,1.38257,1.38257,1.38257,0,1
1756008660000,1756008719000,1.38257,1.38257,1.38257,1.38257,0,1
1756008720000,1756008779000,1.38257,1.38257,1.38257,1.38257,0,1
1756008780000,1756008839000,1.38257,1.38257,1.38257,1.38257,0,1
1756008840000,1756008899000,1.38257,1.38257,1.38257,1.38257,0,1
1756008900000,1756008959000,1.38257,1.38257,1.38257,1.38257,0,1
1756008960000,1756009019000,1.38257,1.38257,1.38257,1.38257,0,1
1756009020000,1756009079000,1.38257,1.38257,1.38257,1.38257,0,1
1756009080000,1756009139000,1.38257,1.38257,1.38257,1.38257,0,1
1756009140000,1756009199000,1.38257,1.38257,1.38257,1.38257,0,1
1756009200000,1756009259000,1.38257,1.38257,1.38257,1.38257,0,1
1756009260000,1756009319000,1.38257,1.38257,1.38257,1.38257,0,1
1756009320000,1756009379000,1.38257,1.38257,1.38257,1.38257,0,1
1756009380000,1756009439000,1.38257,1.38257,1.38257,1.38257,0,1
1756009440000,1756009499000,1.38257,1.38257,1.38257,1.38257,0,1
1756009500000,1756009559000,1.38257,1.38257,1.38257,1.38257,0,1
1756009560000,1756009619000,1.38257,1.38257,1.38257,1.38257,0,1
1756009620000,1756009679000,1.38257,1.38257,1.38257,1.38257,0,1
1756009680000,1756009739000,1.38257,1.38257,1.38257,1.38257,0,1
1756009740000,1756009799000,1.38257,1.38257,1.38257,1.38257,0,1
1756009800000,1756009859000,1.38257,1.38257,1.38257,1.38257,0,1
1756009860000,1756009919000,1.38257,1.38257,1.38257,1.38257,0,1
1756009920000,1756009979000,1.38257,1.38257,1.38257,1.38257,0,1
1756009980000,1756010039000,1.38257,1.38257,1.38257,1.38257,0,1
1756010040000,1756010099000,1.38257,1.38257,1.38257,1.38257,0,1
1756010100000,1756010159000,1.38257,1.38257,1.38257,1.38257,0,1
1756010160000,1756010219000,1.38257,1.38257,1.38257,1.38257,0,1
1756010220000,1756010279000,1.38257,1.38257,1.38257,1.38257,0,1
1756010280000,1756010339000,1.38257,1.38257,1.38257,1.38257,0,1
1756010340000,1756010399000,1.38257,1.38257,1.38257,1.38257,0,1
1756010400000,1756010459000,1.38257,1.38257,1.38257,1.38257,0,1
1756010460000,1756010519000,1.38257,1.38257,1.38257,1.38257,0,1
1756010520000,1756010579000,1.38257,1.38257,1.38257,1.38257,0,1
1756010580000,1756010639000,1.38257,1.38257,1.38257,1.38257,0,1
1756010640000,1756010699000,1.38257,1.38257,1.38257,1.38257,0,1
1756010700000,1756010759000,1.38257,1.38257,1.38257,1.38257,0,1
1756010760000,1756010819000,1.38257,1.38257,1.38257,1.38257,0,1
1756010820000,1756010879000,1.38257,1.38257,1.38257,1.38257,0,1
1756010880000,1756010939000,1.38257,1.38257,1.38257,1.38257,0,1
1756010940000,1756010999000,1.38257,1.38257,1.38257,1.38257,0,1
1756011000000,1756011059000,1.38257,1.38257,1.38257,1.38257,0,1
1756011060000,1756011119000,1.38257,1.38257,1.38257,1.38257,0,1
1756011120000,1756011179000,1.38257,1.38257,1.38257,1.38257,0,1
1756011180000,1756011239000,1.38257,1.38257,1.38257,1.38257,0,1
1756011240000,1756011299000,1.38257,1.38257,1.38257,1.38257,0,1
1756011300000,1756011359000,1.38257,1.38257,1.38257,1.38257,0,1
1756011360000,1756011419000,1.38257,1.38257,1.38257,1.38257,0,1
1756011420000,1756011479000,1.38257,1.38257,1.38257,1.38257,0,1
1756011480000,1756011539000,1.38257,1.38257,1.38257,1.38257,0,1
1756011540000,1756011599000,1.38257,1.38257,1.38257,1.38257,0,1
1756011600000,1756011659000,1.38257,1.38257,1.38257,1.38257,0,1
1756011660000,1756011719000,1.38257,1.38257,1.38257,1.38257,0,1
1756011720000,1756011779000,1.38257,1.38257,1.38257,1.38257,0,1
1756011780000,1756011839000,1.38257,1.38257,1.38257,1.38257,0,1
1756011840000,1756011899000,1.38257,1.38257,1.38257,1.38257,0,1
1756011900000,1756011959000,1.38257,1.38257,1.38257,1.38257,0,1
1756011960000,1756012019000,1.38257,1.38257,1.38257,1.38257,0,1
1756012020000,1756012079000,1.38257,1.38257,1.38257,1.38257,0,1
1756012080000,1756012139000,1.38257,1.38257,1.38257,1.38257,0,1
1756012140000,1756012199000,1.38257,1.38257,1.38257,1.38257,0,1
1756012200000,1756012259000,1.38257,1.38257,1.38257,1.38257,0,1
1756012260000,1756012319000,1.38257,1.38257,1.38257,1.38257,0,1
1756012320000,1756012379000,1.38257,1.38257,1.38257,1.38257,0,1
1756012380000,1756012439000,1.38257,1.38257,1.38257,1.38257,0,1
1756012440000,1756012499000,1.38257,1.38257,1.38257,1.38257,0,1
1756012500000,1756012559000,1.38257,1.38257,1.38257,1.38257,0,1
1756012560000,1756012619000,1.38257,1.38257,1.38257,1.38257,0,1
1756012620000,1756012679000,1.38257,1.38257,1.38257,1.38257,0,1
1756012680000,1756012739000,1.38257,1.38257,1.38257,1.38257,0,1
1756012740000,1756012799000,1.38257,1.38257,1.38257,1.38257,0,1
1756012800000,1756012859000,1.38257,1.38257,1.38257,1.38257,0,1
1756012860000,1756012919000,1.38257,1.38257,1.38257,1.38257,0,1
1756012920000,1756012979000,1.38257,1.38257,1.38257,1.38257,0,1
1756012980000,1756013039000,1.38257,1.38257,1.38257,1.38257,0,1
1756013040000,1756013099000,1.38257,1.38257,1.38257,1.38257,0,1
1756013100000,1756013159000,1.38257,1.38257,1.38257,1.38257,0,1
1756013160000,1756013219000,1.38257,1.38257,1.38257,1.38257,0,1
1756013220000,1756013279000,1.38257,1.38257,1.38257,1.38257,0,1
1756013280000,1756013339000,1.38257,1.38257,1.38257,1.38257,0,1
1756013340000,1756013399000,1.38257,1.38257,1.38257,1.38257,0,1
1756013400000,1756013459000,1.38257,1.38257,1.38257,1.38257,0,1
1756013460000,1756013519000,1.38257,1.38257,1.38257,1.38257,0,1
1756013520000,1756013579000,1.38257,1.38257,1.38257,1.38257,0,1
1756013580000,1756013639000,1.38257,1.38257,1.38257,1.38257,0,1
1756013640000,1756013699000,1.38257,1.38257,1.38257,1.38257,0,1
1756013700000,1756013759000,1.38257,1.38257,1.38257,1.38257,0,1
1756013760000,1756013819000,1.38257,1.38257,1.38257,1.38257,0,1
1756013820000,1756013879000,1.38257,1.38257,1.38257,1.38257,0,1
1756013880000,1756013939000,1.38257,1.38257,1.38257,1.38257,0,1
1756013940000,1756013999000,1.38257,1.38257,1.38257,1.38257,0,1
1756014000000,1756014059000,1.38257,1.38257,1.38257,1.38257,0,1
1756014060000,1756014119000,1.38257,1.38257,1.38257,1.38257,0,1
1756014120000,1756014179000,1.38257,1.38257,1.38257,1.38257,0,1
1756014180000,1756014239000,1.38257,1.38257,1.38257,1.38257,0,1
1756014240000,1756014299000,1.38257,1.38257,1.38257,1.38257,0,1
1756014300000,1756014359000,1.38257,1.38257,1.38257,1.38257,0,1
1756014360000,1756014419000,1.38257,1.38257,1.38257,1.38257,0,1
1756014420000,1756014479000,1.38257,1.38257,1.38257,1.38257,0,1
1756014480000,1756014539000,1.38257,1.38257,1.38257,1.38257,0,1
1756014540000,1756014599000,1.38257,1.38257,1.38257,1.38257,0,1
1756014600000,1756014659000,1.38257,1.38257,1.38257,1.38257,0,1
1756014660000,1756014719000,1.38257,1.38257,1.38257,1.38257,0,1
1756014720000,1756014779000,1.38257,1.38257,1.38257,1.38257,0,1
1756014780000,1756014839000,1.38257,1.38257,1.38257,1.38257,0,1
1756014840000,1756014899000,1.38257,1.38257,1.38257,1.38257,0,1
1756014900000,1756014959000,1.38257,1.38257,1.38257,1.38257,0,1
1756014960000,1756015019000,1.38257,1.38257,1.38257,1.38257,0,1
1756015020000,1756015079000,1.38257,1.38257,1.38257,1.38257,0,1
1756015080000,1756015139000,1.38257,1.38257,1.38257,1.38257,0,1
1756015140000,1756015199000,1.38257,1.38257,1.38257,1.38257,0,1
1756015200000,1756015259000,1.38257,1.38257,1.38257,1.38257,0,1
1756015260000,1756015319000,1.38257,1.38257,1.38257,1.38257,0,1
1756015320000,1756015379000,1.38257,1.38257,1.38257,1.38257,0,1
1756015380000,1756015439000,1.38257,1.38257,1.38257,1.38257,0,1
1756015440000,1756015499000,1.38257,1.38257,1.38257,1.38257,0,1
1756015500000,1756015559000,1.38257,1.38257,1.38257,1.38257,0,1
1756015560000,1756015619000,1.38257,1.38257,1.38257,1.38257,0,1
1756015620000,1756015679000,1.38257,1.38257,1.38257,1.38257,0,1
1756015680000,1756015739000,1.38257,1.38257,1.38257,1.38257,0,1
1756015740000,1756015799000,1.38257,1.38257,1.38257,1.38257,0,1
1756015800000,1756015859000,1.38257,1.38257,1.38257,1.38257,0,1
1756015860000,1756015919000,1.38257,1.38257,1.38257,1.38257,0,1
1756015920000,1756015979000,1.38257,1.38257,1.38257,1.38257,0,1
1756015980000,1756016039000,1.38257,1.38257,1.38257,1.38257,0,1
1756016040000,1756016099000,1.38257,1.38257,1.38257,1.38257,0,1
1756016100000,1756016159000,1.38257,1.38257,1.38257,1.38257,0,1
1756016160000,1756016219000,1.38257,1.38257,1.38257,1.38257,0,1
1756016220000,1756016279000,1.38257,1.38257,1.38257,1.38257,0,1
1756016280000,1756016339000,1.38257,1.38257,1.38257,1.38257,0,1
1756016340000,1756016399000,1.38257,1.38257,1.38257,1.38257,0,1
1756016400000,1756016459000,1.38257,1.38257,1.38257,1.38257,0,1
1756016460000,1756016519000,1.38257,1.38257,1.38257,1.38257,0,1
1756016520000,1756016579000,1.38257,1.38257,1.38257,1.38257,0,1
1756016580000,1756016639000,1.38257,1.38257,1.38257,1.38257,0,1
1756016640000,1756016699000,1.38257,1.38257,1.38257,1.38257,0,1
1756016700000,1756016759000,1.38257,1.38257,1.38257,1.38257,0,1
1756016760000,1756016819000,1.38257,1.38257,1.38257,1.38257,0,1
1756016820000,1756016879000,1.38257,1.38257,1.38257,1.38257,0,1
1756016880000,1756016939000,1.38257,1.38257,1.38257,1.38257,0,1
1756016940000,1756016999000,1.38257,1.38257,1.38257,1.38257,0,1
1756017000000,1756017059000,1.38257,1.38257,1.38257,1.38257,0,1
1756017060000,1756017119000,1.38257,1.38257,1.38257,1.38257,0,1
1756017120000,1756017179000,1.38257,1.38257,1.38257,1.38257,0,1
1756017180000,1756017239000,1.38257,1.38257,1.38257,1.38257,0,1
1756017240000,1756017299000,1.38257,1.38257,1.38257,1.38257,0,1
1756017300000,1756017359000,1.38257,1.38257,1.38257,1.38257,0,1
1756017360000,1756017419000,1.38257,1.38257,1.38257,1.38257,0,1
1756017420000,1756017479000,1.38257,1.38257,1.38257,1.38257,0,1
1756017480000,1756017539000,1.38257,1.38257,1.38257,1.38257,0,1
1756017540000,1756017599000,1.38257,1.38257,1.38257,1.38257,0,1
1756017600000,1756017659000,1.38257,1.38257,1.38257,1.38257,0,1
1756017660000,1756017719000,1.38257,1.38257,1.38257,1.38257,0,1
1756017720000,1756017779000,1.38257,1.38257,1.38257,1.38257,0,1
1756017780000,1756017839000,1.38257,1.38257,1.38257,1.38257,0,1
1756017840000,1756017899000,1.38257,1.38257,1.38257,1.38257,0,1
1756017900000,1756017959000,1.38257,1.38257,1.38257,1.38257,0,1
1756017960000,1756018019000,1.38257,1.38257,1.38257,1.38257,0,1
1756018020000,1756018079000,1.38257,1.38257,1.38257,1.38257,0,1
1756018080000,1756018139000,1.38257,1.38257,1.38257,1.38257,0,1
1756018140000,1756018199000,1.38257,1.38257,1.38257,1.38257,0,1
1756018200000,1756018259000,1.38257,1.38257,1.38257,1.38257,0,1
1756018260000,1756018319000,1.38257,1.38257,1.38257,1.38257,0,1
1756018320000,1756018379000,1.38257,1.38257,1.38257,1.38257,0,1
1756018380000,1756018439000,1.38257,1.38257,1.38257,1.38257,0,1
1756018440000,1756018499000,1.38257,1.38257,1.38257,1.38257,0,1
1756018500000,1756018559000,1.38257,1.38257,1.38257,1.38257,0,1
1756018560000,1756018619000,1.38257,1.38257,1.38257,1.38257,0,1
1756018620000,1756018679000,1.38257,1.38257,1.38257,1.38257,0,1
1756018680000,1756018739000,1.38257,1.38257,1.38257,1.38257,0,1
1756018740000,1756018799000,1.38257,1.38257,1.38257,1.38257,0,1
1756018800000,1756018859000,1.38257,1.38257,1.38257,1.38257,0,1
1756018860000,1756018919000,1.38257,1.38257,1.38257,1.38257,0,1
1756018920000,1756018979000,1.38257,1.38257,1.38257,1.38257,0,1
1756018980000,1756019039000,1.38257,1.38257,1.38257,1.38257,0,1
1756019040000,1756019099000,1.38257,1.38257,1.38257,1.38257,0,1
1756019100000,1756019159000,1.38257,1.38257,1.38257,1.38257,0,1
1756019160000,1756019219000,1.38257,1.38257,1.38257,1.38257,0,1
1756019220000,1756019279000,1.38257,1.38257,1.38257,1.38257,0,1
1756019280000,1756019339000,1.38257,1.38257,1.38257,1.38257,0,1
1756019340000,1756019399000,1.38257,1.38257,1.38257,1.38257,0,1
1756019400000,1756019459000,1.38257,1.38257,1.38257,1.38257,0,1
1756019460000,1756019519000,1.38257,1.38257,1.38257,1.38257,0,1
1756019520000,1756019579000,1.38257,1.38257,1.38257,1.38257,0,1
1756019580000,1756019639000,1.38257,1.38257,1.38257,1.38257,0,1
1756019640000,1756019699000,1.38257,1.38257,1.38257,1.38257,0,1
1756019700000,1756019759000,1.38257,1.38257,1.38257,1.38257,0,1
1756019760000,1756019819000,1.38257,1.38257,1.38257,1.38257,0,1
1756019820000,1756019879000,1.38257,1.38257,1.38257,1.38257,0,1
1756019880000,1756019939000,1.38257,1.38257,1.38257,1.38257,0,1
1756019940000,1756019999000,1.38257,1.38257,1.38257,1.38257,0,1
1756020000000,1756020059000,1.38257,1.38257,1.38257,1.38257,0,1
1756020060000,1756020119000,1.38257,1.38257,1.38257,1.38257,0,1
1756020120000,1756020179000,1.38257,1.38257,1.38257,1.38257,0,1
1756020180000,1756020239000,1.38257,1.38257,1.38257,1.38257,0,1
1756020240000,1756020299000,1.38257,1.38257,1.38257,1.38257,0,1
1756020300000,1756020359000,1.38257,1.38257,1.38257,1.38257,0,1
1756020360000,1756020419000,1.38257,1.38257,1.38257,1.38257,0,1
1756020420000,1756020479000,1.38257,1.38257,1.38257,1.38257,0,1
1756020480000,1756020539000,1.38257,1.38257,1.38257,1.38257,0,1
1756020540000,1756020599000,1.38257,1.38257,1.38257,1.38257,0,1
1756020600000,1756020659000,1.38257,1.38257,1.38257,1.38257,0,1
1756020660000,1756020719000,1.38257,1.38257,1.38257,1.38257,0,1
1756020720000,1756020779000,1.38257,1.38257,1.38257,1.38257,0,1
1756020780000,1756020839000,1.38257,1.38257,1.38257,1.38257,0,1
1756020840000,1756020899000,1.38257,1.38257,1.38257,1.38257,0,1
1756020900000,1756020959000,1.38257,1.38257,1.38257,1.38257,0,1
1756020960000,1756021019000,1.38257,1.38257,1.38257,1.38257,0,1
1756021020000,1756021079000,1.38257,1.38257,1.38257,1.38257,0,1
1756021080000,1756021139000,1.38257,1.38257,1.38257,1.38257,0,1
1756021140000,1756021199000,1.38257,1.38257,1.38257,1.38257,0,1
1756021200000,1756021259000,1.38257,1.38257,1.38257,1.38257,0,1
1756021260000,1756021319000,1.38257,1.38257,1.38257,1.38257,0,1
1756021320000,1756021379000,1.38257,1.38257,1.38257,1.38257,0,1
1756021380000,1756021439000,1.38257,1.38257,1.38257,1.38257,0,1
1756021440000,1756021499000,1.38257,1.38257,1.38257,1.38257,0,1
1756021500000,1756021559000,1.38257,1.38257,1.38257,1.38257,0,1
1756021560000,1756021619000,1.38257,1.38257,1.38257,1.38257,0,1
1756021620000,1756021679000,1.38257,1.38257,1.38257,1.38257,0,1
1756021680000,1756021739000,1.38257,1.38257,1.38257,1.38257,0,1
1756021740000,1756021799000,1.38257,1.38257,1.38257,1.38257,0,1
1756021800000,1756021859000,1.38257,1.38257,1.38257,1.38257,0,1
1756021860000,1756021919000,1.38257,1.38257,1.38257,1.38257,0,1
1756021920000,1756021979000,1.38257,1.38257,1.38257,1.38257,0,1
1756021980000,1756022039000,1.38257,1.38257,1.38257,1.38257,0,1
1756022040000,1756022099000,1.38257,1.38257,1.38257,1.38257,0,1
1756022100000,1756022159000,1.38257,1.38257,1.38257,1.38257,0,1
1756022160000,1756022219000,1.38257,1.38257,1.38257,1.38257,0,1
1756022220000,1756022279000,1.38257,1.38257,1.38257,1.38257,0,1
1756022280000,1756022339000,1.38257,1.38257,1.38257,1.38257,0,1
1756022340000,1756022399000,1.38257,1.38257,1.38257,1.38257,0,1
1756022400000,1756022459000,1.38257,1.38257,1.38257,1.38257,0,1
1756022460000,1756022519000,1.38257,1.38257,1.38257,1.38257,0,1
1756022520000,1756022579000,1.38257,1.38257,1.38257,1.38257,0,1
1756022580000,1756022639000,1.38257,1.38257,1.38257,1.38257,0,1
1756022640000,1756022699000,1.38257,1.38257,1.38257,1.38257,0,1
1756022700000,1756022759000,1.38257,1.38257,1.38257,1.38257,0,1
1756022760000,1756022819000,1.38257,1.38257,1.38257,1.38257,0,1
1756022820000,1756022879000,1.38257,1.38257,1.38257,1.38257,0,1
1756022880000,1756022939000,1.38257,1.38257,1.38257,1.38257,0,1
1756022940000,1756022999000,1.38257,1.38257,1.38257,1.38257,0,1
1756023000000,1756023059000,1.38257,1.38257,1.38257,1.38257,0,1
1756023060000,1756023119000,1.38257,1.38257,1.38257,1.38257,0,1
1756023120000,1756023179000,1.38257,1.38257,1.38257,1.38257,0,1
1756023180000,1756023239000,1.38257,1.38257,1.38257,1.38257,0,1
1756023240000,1756023299000,1.38257,1.38257,1.38257,1.38257,0,1
1756023300000,1756023359000,1.38257,1.38257,1.38257,1.38257,0,1
1756023360000,1756023419000,1.38257,1.38257,1.38257,1.38257,0,1
1756023420000,1756023479000,1.38257,1.38257,1.38257,1.38257,0,1
1756023480000,1756023539000,1.38257,1.38257,1.38257,1.38257,0,1
1756023540000,1756023599000,1.38257,1.38257,1.38257,1.38257,0,1
1756023600000,1756023659000,1.38257,1.38257,1.38257,1.38257,0,1
1756023660000,1756023719000,1.38257,1.38257,1.38257,1.38257,0,1
1756023720000,1756023779000,1.38257,1.38257,1.38257,1.38257,0,1
1756023780000,1756023839000,1.38257,1.38257,1.38257,1.38257,0,1
1756023840000,1756023899000,1.38257,1.38257,1.38257,1.38257,0,1
1756023900000,1756023959000,1.38257,1.38257,1.38257,1.38257,0,1
1756023960000,1756024019000,1.38257,1.38257,1.38257,1.38257,0,1
1756024020000,1756024079000,1.38257,1.38257,1.38257,1.38257,0,1
1756024080000,1756024139000,1.38257,1.38257,1.38257,1.38257,0,1
1756024140000,1756024199000,1.38257,1.38257,1.38257,1.38257,0,1
1756024200000,1756024259000,1.38257,1.38257,1.38257,1.38257,0,1
1756024260000,1756024319000,1.38257,1.38257,1.38257,1.38257,0,1
1756024320000,1756024379000,1.38257,1.38257,1.38257,1.38257,0,1
1756024380000,1756024439000,1.38257,1.38257,1.38257,1.38257,0,1
1756024440000,1756024499000,1.38257,1.38257,1.38257,1.38257,0,1
1756024500000,1756024559000,1.38257,1.38257,1.38257,1.38257,0,1
1756024560000,1756024619000,1.38257,1.38257,1.38257,1.38257,0,1
1756024620000,1756024679000,1.38257,1.38257,1.38257,1.38257,0,1
1756024680000,1756024739000,1.38257,1.38257,1.38257,1.38257,0,1
1756024740000,1756024799000,1.38257,1.38257,1.38257,1.38257,0,1
1756024800000,1756024859000,1.38257,1.38257,1.38257,1.38257,0,1
1756024860000,1756024919000,1.38257,1.38257,1.38257,1.38257,0,1
1756024920000,1756024979000,1.38257,1.38257,1.38257,1.38257,0,1
1756024980000,1756025039000,1.38257,1.38257,1.38257,1.38257,0,1
1756025040000,1756025099000,1.38257,1.38257,1.38257,1.38257,0,1
1756025100000,1756025159000,1.38257,1.38257,1.38257,1.38257,0,1
1756025160000,1756025219000,1.38257,1.38257,1.38257,1.38257,0,1
1756025220000,1756025279000,1.38257,1.38257,1.38257,1.38257,0,1
1756025280000,1756025339000,1.38257,1.38257,1.38257,1.38257,0,1
1756025340000,1756025399000,1.38257,1.38257,1.38257,1.38257,0,1
1756025400000,1756025459000,1.38257,1.38257,1.38257,1.38257,0,1
1756025460000,1756025519000,1.38257,1.38257,1.38257,1.38257,0,1
1756025520000,1756025579000,1.38257,1.38257,1.38257,1.38257,0,1
1756025580000,1756025639000,1.38257,1.38257,1.38257,1.38257,0,1
1756025640000,1756025699000,1.38257,1.38257,1.38257,1.38257,0,1
1756025700000,1756025759000,1.38257,1.38257,1.38257,1.38257,0,1
1756025760000,1756025819000,1.38257,1.38257,1.38257,1.38257,0,1
1756025820000,1756025879000,1.38257,1.38257,1.38257,1.38257,0,1
1756025880000,1756025939000,1.38257,1.38257,1.38257,1.38257,0,1
1756025940000,1756025999000,1.38257,1.38257,1.38257,1.38257,0,1
1756026000000,1756026059000,1.38257,1.38257,1.38257,1.38257,0,1
1756026060000,1756026119000,1.38257,1.38257,1.38257,1.38257,0,1
1756026120000,1756026179000,1.38257,1.38257,1.38257,1.38257,0,1
1756026180000,1756026239000,1.38257,1.38257,1.38257,1.38257,0,1
1756026240000,1756026299000,1.38257,1.38257,1.38257,1.38257,0,1
1756026300000,1756026359000,1.38257,1.38257,1.38257,1.38257,0,1
1756026360000,1756026419000,1.38257,1.38257,1.38257,1.38257,0,1
1756026420000,1756026479000,1.38257,1.38257,1.38257,1.38257,0,1
1756026480000,1756026539000,1.38257,1.38257,1.38257,1.38257,0,1
1756026540000,1756026599000,1.38257,1.38257,1.38257,1.38257,0,1
1756026600000,1756026659000,1.38257,1.38257,1.38257,1.38257,0,1
1756026660000,1756026719000,1.38257,1.38257,1.38257,1.38257,0,1
1756026720000,1756026779000,1.38257,1.38257,1.38257,1.38257,0,1
1756026780000,1756026839000,1.38257,1.38257,1.38257,1.38257,0,1
1756026840000,1756026899000,1.38257,1.38257,1.38257,1.38257,0,1
1756026900000,1756026959000,1.38257,1.38257,1.38257,1.38257,0,1
1756026960000,1756027019000,1.38257,1.38257,1.38257,1.38257,0,1
1756027020000,1756027079000,1.38257,1.38257,1.38257,1.38257,0,1
1756027080000,1756027139000,1.38257,1.38257,1.38257,1.38257,0,1
1756027140000,1756027199000,1.38257,1.38257,1.38257,1.38257,0,1
1756027200000,1756027259000,1.38257,1.38257,1.38257,1.38257,0,1
1756027260000,1756027319000,1.38257,1.38257,1.38257,1.38257,0,1
1756027320000,1756027379000,1.38257,1.38257,1.38257,1.38257,0,1
1756027380000,1756027439000,1.38257,1.38257,1.38257,1.38257,0,1
1756027440000,1756027499000,1.38257,1.38257,1.38257,1.38257,0,1
1756027500000,1756027559000,1.38257,1.38257,1.38257,1.38257,0,1
1756027560000,1756027619000,1.38257,1.38257,1.38257,1.38257,0,1
1756027620000,1756027679000,1.38257,1.38257,1.38257,1.38257,0,1
1756027680000,1756027739000,1.38257,1.38257,1.38257,1.38257,0,1
1756027740000,1756027799000,1.38257,1.38257,1.38257,1.38257,0,1
1756027800000,1756027859000,1.38257,1.38257,1.38257,1.38257,0,1
1756027860000,1756027919000,1.38257,1.38257,1.38257,1.38257,0,1
1756027920000,1756027979000,1.38257,1.38257,1.38257,1.38257,0,1
1756027980000,1756028039000,1.38257,1.38257,1.38257,1.38257,0,1
1756028040000,1756028099000,1.38257,1.38257,1.38257,1.38257,0,1
1756028100000,1756028159000,1.38257,1.38257,1.38257,1.38257,0,1
1756028160000,1756028219000,1.38257,1.38257,1.38257,1.38257,0,1
1756028220000,1756028279000,1.38257,1.38257,1.38257,1.38257,0,1
1756028280000,1756028339000,1.38257,1.38257,1.38257,1.38257,0,1
1756028340000,1756028399000,1.38257,1.38257,1.38257,1.38257,0,1
1756028400000,1756028459000,1.38257,1.38257,1.38257,1.38257,0,1
1756028460000,1756028519000,1.38257,1.38257,1.38257,1.38257,0,1
1756028520000,1756028579000,1.38257,1.38257,1.38257,1.38257,0,1
1756028580000,1756028639000,1.38257,1.38257,1.38257,1.38257,0,1
1756028640000,1756028699000,1.38257,1.38257,1.38257,1.38257,0,1
1756028700000,1756028759000,1.38257,1.38257,1.38257,1.38257,0,1
1756028760000,1756028819000,1.38257,1.38257,1.38257,1.38257,0,1
1756028820000,1756028879000,1.38257,1.38257,1.38257,1.38257,0,1
1756028880000,1756028939000,1.38257,1.38257,1.38257,1.38257,0,1
1756028940000,1756028999000,1.38257,1.38257,1.38257,1.38257,0,1
1756029000000,1756029059000,1.38257,1.38257,1.38257,1.38257,0,1
1756029060000,1756029119000,1.38257,1.38257,1.38257,1.38257,0,1
1756029120000,1756029179000,1.38257,1.38257,1.38257,1.38257,0,1
1756029180000,1756029239000,1.38257,1.38257,1.38257,1.38257,0,1
1756029240000,1756029299000,1.38257,1.38257,1.38257,1.38257,0,1
1756029300000,1756029359000,1.38257,1.38257,1.38257,1.38257,0,1
1756029360000,1756029419000,1.38257,1.38257,1.38257,1.38257,0,1
1756029420000,1756029479000,1.38257,1.38257,1.38257,1.38257,0,1
1756029480000,1756029539000,1.38257,1.38257,1.38257,1.38257,0,1
1756029540000,1756029599000,1.38257,1.38257,1.38257,1.38257,0,1
1756029600000,1756029659000,1.38257,1.38257,1.38257,1.38257,0,1
1756029660000,1756029719000,1.38257,1.38257,1.38257,1.38257,0,1
1756029720000,1756029779000,1.38257,1.38257,1.38257,1.38257,0,1
1756029780000,1756029839000,1.38257,1.38257,1.38257,1.38257,0,1
1756029840000,1756029899000,1.38257,1.38257,1.38257,1.38257,0,1
1756029900000,1756029959000,1.38257,1.38257,1.38257,1.38257,0,1
1756029960000,1756030019000,1.38257,1.38257,1.38257,1.38257,0,1
1756030020000,1756030079000,1.38257,1.38257,1.38257,1.38257,0,1
1756030080000,1756030139000,1.38257,1.38257,1.38257,1.38257,0,1
1756030140000,1756030199000,1.38257,1.38257,1.38257,1.38257,0,1
1756030200000,1756030259000,1.38257,1.38257,1.38257,1.38257,0,1
1756030260000,1756030319000,1.38257,1.38257,1.38257,1.38257,0,1
1756030320000,1756030379000,1.38257,1.38257,1.38257,1.38257,0,1
1756030380000,1756030439000,1.38257,1.38257,1.38257,1.38257,0,1
1756030440000,1756030499000,1.38257,1.38257,1.38257,1.38257,0,1
1756030500000,1756030559000,1.38257,1.38257,1.38257,1.38257,0,1
1756030560000,1756030619000,1.38257,1.38257,1.38257,1.38257,0,1
1756030620000,1756030679000,1.38257,1.38257,1.38257,1.38257,0,1
1756030680000,1756030739000,1.38257,1.38257,1.38257,1.38257,0,1
1756030740000,1756030799000,1.38257,1.38257,1.38257,1.38257,0,1
1756030800000,1756030859000,1.38257,1.38257,1.38257,1.38257,0,1
1756030860000,1756030919000,1.38257,1.38257,1.38257,1.38257,0,1
1756030920000,1756030979000,1.38257,1.38257,1.38257,1.38257,0,1
1756030980000,1756031039000,1.38257,1.38257,1.38257,1.38257,0,1
1756031040000,1756031099000,1.38257,1.38257,1.38257,1.38257,0,1
1756031100000,1756031159000,1.38257,1.38257,1.38257,1.38257,0,1
1756031160000,1756031219000,1.38257,1.38257,1.38257,1.38257,0,1
1756031220000,1756031279000,1.38257,1.38257,1.38257,1.38257,0,1
1756031280000,1756031339000,1.38257,1.38257,1.38257,1.38257,0,1
1756031340000,1756031399000,1.38257,1.38257,1.38257,1.38257,0,1
1756031400000,1756031459000,1.38257,1.38257,1.38257,1.38257,0,1
1756031460000,1756031519000,1.38257,1.38257,1.38257,1.38257,0,1
1756031520000,1756031579000,1.38257,1.38257,1.38257,1.38257,0,1
1756031580000,1756031639000,1.38257,1.38257,1.38257,1.38257,0,1
1756031640000,1756031699000,1.38257,1.38257,1.38257,1.38257,0,1
1756031700000,1756031759000,1.38257,1.38257,1.38257,1.38257,0,1
1756031760000,1756031819000,1.38257,1.38257,1.38257,1.38257,0,1
1756031820000,1756031879000,1.38257,1.38257,1.38257,1.38257,0,1
1756031880000,1756031939000,1.38257,1.38257,1.38257,1.38257,0,1
1756031940000,1756031999000,1.38257,1.38257,1.38257,1.38257,0,1
1756032000000,1756032059000,1.38257,1.38257,1.38257,1.38257,0,1
1756032060000,1756032119000,1.38257,1.38257,1.38257,1.38257,0,1
1756032120000,1756032179000,1.38257,1.38257,1.38257,1.38257,0,1
1756032180000,1756032239000,1.38257,1.38257,1.38257,1.38257,0,1
1756032240000,1756032299000,1.38257,1.38257,1.38257,1.38257,0,1
1756032300000,1756032359000,1.38257,1.38257,1.38257,1.38257,0,1
1756032360000,1756032419000,1.38257,1.38257,1.38257,1.38257,0,1
1756032420000,1756032479000,1.38257,1.38257,1.38257,1.38257,0,1
1756032480000,1756032539000,1.38257,1.38257,1.38257,1.38257,0,1
1756032540000,1756032599000,1.38257,1.38257,1.38257,1.38257,0,1
1756032600000,1756032659000,1.38257,1.38257,1.38257,1.38257,0,1
1756032660000,1756032719000,1.38257,1.38257,1.38257,1.38257,0,1
1756032720000,1756032779000,1.38257,1.38257,1.38257,1.38257,0,1
1756032780000,1756032839000,1.38257,1.38257,1.38257,1.38257,0,1
1756032840000,1756032899000,1.38257,1.38257,1.38257,1.38257,0,1
1756032900000,1756032959000,1.38257,1.38257,1.38257,1.38257,0,1
1756032960000,1756033019000,1.38257,1.38257,1.38257,1.38257,0,1
1756033020000,1756033079000,1.38257,1.38257,1.38257,1.38257,0,1
1756033080000,1756033139000,1.38257,1.38257,1.38257,1.38257,0,1
1756033140000,1756033199000,1.38257,1.38257,1.38257,1.38257,0,1
1756033200000,1756033259000,1.38257,1.38257,1.38257,1.38257,0,1
1756033260000,1756033319000,1.38257,1.38257,1.38257,1.38257,0,1
1756033320000,1756033379000,1.38257,1.38257,1.38257,1.38257,0,1
1756033380000,1756033439000,1.38257,1.38257,1.38257,1.38257,0,1
1756033440000,1756033499000,1.38257,1.38257,1.38257,1.38257,0,1
1756033500000,1756033559000,1.38257,1.38257,1.38257,1.38257,0,1
1756033560000,1756033619000,1.38257,1.38257,1.38257,1.38257,0,1
1756033620000,1756033679000,1.38257,1.38257,1.38257,1.38257,0,1
1756033680000,1756033739000,1.38257,1.38257,1.38257,1.38257,0,1
1756033740000,1756033799000,1.38257,1.38257,1.38257,1.38257,0,1
1756033800000,1756033859000,1.38257,1.38257,1.38257,1.38257,0,1
1756033860000,1756033919000,1.38257,1.38257,1.38257,1.38257,0,1
1756033920000,1756033979000,1.38257,1.38257,1.38257,1.38257,0,1
1756033980000,1756034039000,1.38257,1.38257,1.38257,1.38257,0,1
1756034040000,1756034099000,1.38257,1.38257,1.38257,1.38257,0,1
1756034100000,1756034159000,1.38257,1.38257,1.38257,1.38257,0,1
1756034160000,1756034219000,1.38257,1.38257,1.38257,1.38257,0,1
1756034220000,1756034279000,1.38257,1.38257,1.38257,1.38257,0,1
1756034280000,1756034339000,1.38257,1.38257,1.38257,1.38257,0,1
1756034340000,1756034399000,1.38257,1.38257,1.38257,1.38257,0,1
1756034400000,1756034459000,1.38257,1.38257,1.38257,1.38257,0,1
1756034460000,1756034519000,1.38257,1.38257,1.38257,1.38257,0,1
1756034520000,1756034579000,1.38257,1.38257,1.38257,1.38257,0,1
1756034580000,1756034639000,1.38257,1.38257,1.38257,1.38257,0,1
1756034640000,1756034699000,1.38257,1.38257,1.38257,1.38257,0,1
1756034700000,1756034759000,1.38257,1.38257,1.38257,1.38257,0,1
1756034760000,1756034819000,1.38257,1.38257,1.38257,1.38257,0,1
1756034820000,1756034879000,1.38257,1.38257,1.38257,1.38257,0,1
1756034880000,1756034939000,1.38257,1.38257,1.38257,1.38257,0,1
1756034940000,1756034999000,1.38257,1.38257,1.38257,1.38257,0,1
1756035000000,1756035059000,1.38257,1.38257,1.38257,1.38257,0,1
1756035060000,1756035119000,1.38257,1.38257,1.38257,1.38257,0,1
1756035120000,1756035179000,1.38257,1.38257,1.38257,1.38257,0,1
1756035180000,1756035239000,1.38257,1.38257,1.38257,1.38257,0,1
1756035240000,1756035299000,1.38257,1.38257,1.38257,1.38257,0,1
1756035300000,1756035359000,1.38257,1.38257,1.38257,1.38257,0,1
1756035360000,1756035419000,1.38257,1.38257,1.38257,1.38257,0,1
1756035420000,1756035479000,1.38257,1.38257,1.38257,1.38257,0,1
1756035480000,1756035539000,1.38257,1.38257,1.38257,1.38257,0,1
1756035540000,1756035599000,1.38257,1.38257,1.38257,1.38257,0,1
1756035600000,1756035659000,1.38257,1.38257,1.38257,1.38257,0,1
1756035660000,1756035719000,1.38257,1.38257,1.38257,1.38257,0,1
1756035720000,1756035779000,1.38257,1.38257,1.38257,1.38257,0,1
1756035780000,1756035839000,1.38257,1.38257,1.38257,1.38257,0,1
1756035840000,1756035899000,1.38257,1.38257,1.38257,1.38257,0,1
1756035900000,1756035959000,1.38257,1.38257,1.38257,1.38257,0,1
1756035960000,1756036019000,1.38257,1.38257,1.38257,1.38257,0,1
1756036020000,1756036079000,1.38257,1.38257,1.38257,1.38257,0,1
1756036080000,1756036139000,1.38257,1.38257,1.38257,1.38257,0,1
1756036140000,1756036199000,1.38257,1.38257,1.38257,1.38257,0,1
1756036200000,1756036259000,1.38257,1.38257,1.38257,1.38257,0,1
1756036260000,1756036319000,1.38257,1.38257,1.38257,1.38257,0,1
1756036320000,1756036379000,1.38257,1.38257,1.38257,1.38257,0,1
1756036380000,1756036439000,1.38257,1.38257,1.38257,1.38257,0,1
1756036440000,1756036499000,1.38257,1.38257,1.38257,1.38257,0,1
1756036500000,1756036559000,1.38257,1.38257,1.38257,1.38257,0,1
1756036560000,1756036619000,1.38257,1.38257,1.38257,1.38257,0,1
1756036620000,1756036679000,1.38257,1.38257,1.38257,1.38257,0,1
1756036680000,1756036739000,1.38257,1.38257,1.38257,1.38257,0,1
1756036740000,1756036799000,1.38257,1.38257,1.38257,1.38257,0,1
1756036800000,1756036859000,1.38257,1.38257,1.38257,1.38257,0,1
1756036860000,1756036919000,1.38257,1.38257,1.38257,1.38257,0,1
1756036920000,1756036979000,1.38257,1.38257,1.38257,1.38257,0,1
1756036980000,1756037039000,1.38257,1.38257,1.38257,1.38257,0,1
1756037040000,1756037099000,1.38257,1.38257,1.38257,1.38257,0,1
1756037100000,1756037159000,1.38257,1.38257,1.38257,1.38257,0,1
1756037160000,1756037219000,1.38257,1.38257,1.38257,1.38257,0,1
1756037220000,1756037279000,1.38257,1.38257,1.38257,1.38257,0,1
1756037280000,1756037339000,1.38257,1.38257,1.38257,1.38257,0,1
1756037340000,1756037399000,1.38257,1.38257,1.38257,1.38257,0,1
1756037400000,1756037459000,1.38257,1.38257,1.38257,1.38257,0,1
1756037460000,1756037519000,1.38257,1.38257,1.38257,1.38257,0,1
1756037520000,1756037579000,1.38257,1.38257,1.38257,1.38257,0,1
1756037580000,1756037639000,1.38257,1.38257,1.38257,1.38257,0,1
1756037640000,1756037699000,1.38257,1.38257,1.38257,1.38257,0,1
1756037700000,1756037759000,1.38257,1.38257,1.38257,1.38257,0,1
1756037760000,1756037819000,1.38257,1.38257,1.38257,1.38257,0,1
1756037820000,1756037879000,1.38257,1.38257,1.38257,1.38257,0,1
1756037880000,1756037939000,1.38257,1.38257,1.38257,1.38257,0,1
1756037940000,1756037999000,1.38257,1.38257,1.38257,1.38257,0,1
1756038000000,1756038059000,1.38257,1.38257,1.38257,1.38257,0,1
1756038060000,1756038119000,1.38257,1.38257,1.38257,1.38257,0,1
1756038120000,1756038179000,1.38257,1.38257,1.38257,1.38257,0,1
1756038180000,1756038239000,1.38257,1.38257,1.38257,1.38257,0,1
1756038240000,1756038299000,1.38257,1.38257,1.38257,1.38257,0,1
1756038300000,1756038359000,1.38257,1.38257,1.38257,1.38257,0,1
1756038360000,1756038419000,1.38257,1.38257,1.38257,1.38257,0,1
1756038420000,1756038479000,1.38257,1.38257,1.38257,1.38257,0,1
1756038480000,1756038539000,1.38257,1.38257,1.38257,1.38257,0,1
1756038540000,1756038599000,1.38257,1.38257,1.38257,1.38257,0,1
1756038600000,1756038659000,1.38257,1.38257,1.38257,1.38257,0,1
1756038660000,1756038719000,1.38257,1.38257,1.38257,1.38257,0,1
1756038720000,1756038779000,1.38257,1.38257,1.38257,1.38257,0,1
1756038780000,1756038839000,1.38257,1.38257,1.38257,1.38257,0,1
1756038840000,1756038899000,1.38257,1.38257,1.38257,1.38257,0,1
1756038900000,1756038959000,1.38257,1.38257,1.38257,1.38257,0,1
1756038960000,1756039019000,1.38257,1.38257,1.38257,1.38257,0,1
1756039020000,1756039079000,1.38257,1.38257,1.38257,1.38257,0,1
1756039080000,1756039139000,1.38257,1.38257,1.38257,1.38257,0,1
1756039140000,1756039199000,1.38257,1.38257,1.38257,1.38257,0,1
1756039200000,1756039259000,1.38257,1.38257,1.38257,1.38257,0,1
1756039260000,1756039319000,1.38257,1.38257,1.38257,1.38257,0,1
1756039320000,1756039379000,1.38257,1.38257,1.38257,1.38257,0,1
1756039380000,1756039439000,1.38257,1.38257,1.38257,1.38257,0,1
1756039440000,1756039499000,1.38257,1.38257,1.38257,1.38257,0,1
1756039500000,1756039559000,1.38257,1.38257,1.38257,1.38257,0,1
1756039560000,1756039619000,1.38257,1.38257,1.38257,1.38257,0,1
1756039620000,1756039679000,1.38257,1.38257,1.38257,1.38257,0,1
1756039680000,1756039739000,1.38257,1.38257,1.38257,1.38257,0,1
1756039740000,1756039799000,1.38257,1.38257,1.38257,1.38257,0,1
1756039800000,1756039859000,1.38257,1.38257,1.38257,1.38257,0,1
1756039860000,1756039919000,1.38257,1.38257,1.38257,1.38257,0,1
1756039920000,1756039979000,1.38257,1.38257,1.38257,1.38257,0,1
1756039980000,1756040039000,1.38257,1.38257,1.38257,1.38257,0,1
1756040040000,1756040099000,1.38257,1.38257,1.38257,1.38257,0,1
1756040100000,1756040159000,1.38257,1.38257,1.38257,1.38257,0,1
1756040160000,1756040219000,1.38257,1.38257,1.38257,1.38257,0,1
1756040220000,1756040279000,1.38257,1.38257,1.38257,1.38257,0,1
1756040280000,1756040339000,1.38257,1.38257,1.38257,1.38257,0,1
1756040340000,1756040399000,1.38257,1.38257,1.38257,1.38257,0,1
1756040400000,1756040459000,1.38257,1.38257,1.38257,1.38257,0,1
1756040460000,1756040519000,1.38257,1.38257,1.38257,1.38257,0,1
1756040520000,1756040579000,1.38257,1.38257,1.38257,1.38257,0,1
1756040580000,1756040639000,1.38257,1.38257,1.38257,1.38257,0,1
1756040640000,1756040699000,1.38257,1.38257,1.38257,1.38257,0,1
1756040700000,1756040759000,1.38257,1.38257,1.38257,1.38257,0,1
1756040760000,1756040819000,1.38257,1.38257,1.38257,1.38257,0,1
1756040820000,1756040879000,1.38257,1.38257,1.38257,1.38257,0,1
1756040880000,1756040939000,1.38257,1.38257,1.38257,1.38257,0,1
1756040940000,1756040999000,1.38257,1.38257,1.38257,1.38257,0,1
1756041000000,1756041059000,1.38257,1.38257,1.38257,1.38257,0,1
1756041060000,1756041119000,1.38257,1.38257,1.38257,1.38257,0,1
1756041120000,1756041179000,1.38257,1.38257,1.38257,1.38257,0,1
1756041180000,1756041239000,1.38257,1.38257,1.38257,1.38257,0,1
1756041240000,1756041299000,1.38257,1.38257,1.38257,1.38257,0,1
1756041300000,1756041359000,1.38257,1.38257,1.38257,1.38257,0,1
1756041360000,1756041419000,1.38257,1.38257,1.38257,1.38257,0,1
1756041420000,1756041479000,1.38257,1.38257,1.38257,1.38257,0,1
1756041480000,1756041539000,1.38257,1.38257,1.38257,1.38257,0,1
1756041540000,1756041599000,1.38257,1.38257,1.38257,1.38257,0,1
1756041600000,1756041659000,1.38257,1.38257,1.38257,1.38257,0,1
1756041660000,1756041719000,1.38257,1.38257,1.38257,1.38257,0,1
1756041720000,1756041779000,1.38257,1.38257,1.38257,1.38257,0,1
1756041780000,1756041839000,1.38257,1.38257,1.38257,1.38257,0,1
1756041840000,1756041899000,1.38257,1.38257,1.38257,1.38257,0,1
1756041900000,1756041959000,1.38257,1.38257,1.38257,1.38257,0,1
1756041960000,1756042019000,1.38257,1.38257,1.38257,1.38257,0,1
1756042020000,1756042079000,1.38257,1.38257,1.38257,1.38257,0,1
1756042080000,1756042139000,1.38257,1.38257,1.38257,1.38257,0,1
1756042140000,1756042199000,1.38257,1.38257,1.38257,1.38257,0,1
1756042200000,1756042259000,1.38257,1.38257,1.38257,1.38257,0,1
1756042260000,1756042319000,1.38257,1.38257,1.38257,1.38257,0,1
1756042320000,1756042379000,1.38257,1.38257,1.38257,1.38257,0,1
1756042380000,1756042439000,1.38257,1.38257,1.38257,1.38257,0,1
1756042440000,1756042499000,1.38257,1.38257,1.38257,1.38257,0,1
1756042500000,1756042559000,1.38257,1.38257,1.38257,1.38257,0,1
1756042560000,1756042619000,1.38257,1.38257,1.38257,1.38257,0,1
1756042620000,1756042679000,1.38257,1.38257,1.38257,1.38257,0,1
1756042680000,1756042739000,1.38257,1.38257,1.38257,1.38257,0,1
1756042740000,1756042799000,1.38257,1.38257,1.38257,1.38257,0,1
1756042800000,1756042859000,1.38257,1.38257,1.38257,1.38257,0,1
1756042860000,1756042919000,1.38257,1.38257,1.38257,1.38257,0,1
1756042920000,1756042979000,1.38257,1.38257,1.38257,1.38257,0,1
1756042980000,1756043039000,1.38257,1.38257,1.38257,1.38257,0,1
1756043040000,1756043099000,1.38257,1.38257,1.38257,1.38257,0,1
1756043100000,1756043159000,1.38257,1.38257,1.38257,1.38257,0,1
1756043160000,1756043219000,1.38257,1.38257,1.38257,1.38257,0,1
1756043220000,1756043279000,1.38257,1.38257,1.38257,1.38257,0,1
1756043280000,1756043339000,1.38257,1.38257,1.38257,1.38257,0,1
1756043340000,1756043399000,1.38257,1.38257,1.38257,1.38257,0,1
1756043400000,1756043459000,1.38257,1.38257,1.38257,1.38257,0,1
1756043460000,1756043519000,1.38257,1.38257,1.38257,1.38257,0,1
1756043520000,1756043579000,1.38257,1.38257,1.38257,1.38257,0,1
1756043580000,1756043639000,1.38257,1.38257,1.38257,1.38257,0,1
1756043640000,1756043699000,1.38257,1.38257,1.38257,1.38257,0,1
1756043700000,1756043759000,1.38257,1.38257,1.38257,1.38257,0,1
1756043760000,1756043819000,1.38257,1.38257,1.38257,1.38257,0,1
1756043820000,1756043879000,1.38257,1.38257,1.38257,1.38257,0,1
1756043880000,1756043939000,1.38257,1.38257,1.38257,1.38257,0,1
1756043940000,1756043999000,1.38257,1.38257,1.38257,1.38257,0,1
1756044000000,1756044059000,1.38257,1.38257,1.38257,1.38257,0,1
1756044060000,1756044119000,1.38257,1.38257,1.38257,1.38257,0,1
1756044120000,1756044179000,1.38257,1.38257,1.38257,1.38257,0,1
1756044180000,1756044239000,1.38257,1.38257,1.38257,1.38257,0,1
1756044240000,1756044299000,1.38257,1.38257,1.38257,1.38257,0,1
1756044300000,1756044359000,1.38257,1.38257,1.38257,1.38257,0,1
1756044360000,1756044419000,1.38257,1.38257,1.38257,1.38257,0,1
1756044420000,1756044479000,1.38257,1.38257,1.38257,1.38257,0,1
1756044480000,1756044539000,1.38257,1.38257,1.38257,1.38257,0,1
1756044540000,1756044599000,1.38257,1.38257,1.38257,1.38257,0,1
1756044600000,1756044659000,1.38257,1.38257,1.38257,1.38257,0,1
1756044660000,1756044719000,1.38257,1.38257,1.38257,1.38257,0,1
1756044720000,1756044779000,1.38257,1.38257,1.38257,1.38257,0,1
1756044780000,1756044839000,1.38257,1.38257,1.38257,1.38257,0,1
1756044840000,1756044899000,1.38257,1.38257,1.38257,1.38257,0,1
1756044900000,1756044959000,1.38257,1.38257,1.38257,1.38257,0,1
1756044960000,1756045019000,1.38257,1.38257,1.38257,1.38257,0,1
1756045020000,1756045079000,1.38257,1.38257,1.38257,1.38257,0,1
1756045080000,1756045139000,1.38257,1.38257,1.38257,1.38257,0,1
1756045140000,1756045199000,1.38257,1.38257,1.38257,1.38257,0,1
1756045200000,1756045259000,1.38257,1.38257,1.38257,1.38257,0,1
1756045260000,1756045319000,1.38257,1.38257,1.38257,1.38257,0,1
1756045320000,1756045379000,1.38257,1.38257,1.38257,1.38257,0,1
1756045380000,1756045439000,1.38257,1.38257,1.38257,1.38257,0,1
1756045440000,1756045499000,1.38257,1.38257,1.38257,1.38257,0,1
1756045500000,1756045559000,1.38257,1.38257,1.38257,1.38257,0,1
1756045560000,1756045619000,1.38257,1.38257,1.38257,1.38257,0,1
1756045620000,1756045679000,1.38257,1.38257,1.38257,1.38257,0,1
1756045680000,1756045739000,1.38257,1.38257,1.38257,1.38257,0,1
1756045740000,1756045799000,1.38257,1.38257,1.38257,1.38257,0,1
1756045800000,1756045859000,1.38257,1.38257,1.38257,1.38257,0,1
1756045860000,1756045919000,1.38257,1.38257,1.38257,1.38257,0,1
1756045920000,1756045979000,1.38257,1.38257,1.38257,1.38257,0,1
1756045980000,1756046039000,1.38257,1.38257,1.38257,1.38257,0,1
1756046040000,1756046099000,1.38257,1.38257,1.38257,1.38257,0,1
1756046100000,1756046159000,1.38257,1.38257,1.38257,1.38257,0,1
1756046160000,1756046219000,1.38257,1.38257,1.38257,1.38257,0,1
1756046220000,1756046279000,1.38257,1.38257,1.38257,1.38257,0,1
1756046280000,1756046339000,1.38257,1.38257,1.38257,1.38257,0,1
1756046340000,1756046399000,1.38257,1.38257,1.38257,1.38257,0,1
1756046400000,1756046459000,1.38257,1.38257,1.38257,1.38257,0,1
1756046460000,1756046519000,1.38257,1.38257,1.38257,1.38257,0,1
1756046520000,1756046579000,1.38257,1.38257,1.38257,1.38257,0,1
1756046580000,1756046639000,1.38257,1.38257,1.38257,1.38257,0,1
1756046640000,1756046699000,1.38257,1.38257,1.38257,1.38257,0,1
1756046700000,1756046759000,1.38257,1.38257,1.38257,1.38257,0,1
1756046760000,1756046819000,1.38257,1.38257,1.38257,1.38257,0,1
1756046820000,1756046879000,1.38257,1.38257,1.38257,1.38257,0,1
1756046880000,1756046939000,1.38257,1.38257,1.38257,1.38257,0,1
1756046940000,1756046999000,1.38257,1.38257,1.38257,1.38257,0,1
1756047000000,1756047059000,1.38257,1.38257,1.38257,1.38257,0,1
1756047060000,1756047119000,1.38257,1.38257,1.38257,1.38257,0,1
1756047120000,1756047179000,1.38257,1.38257,1.38257,1.38257,0,1
1756047180000,1756047239000,1.38257,1.38257,1.38257,1.38257,0,1
1756047240000,1756047299000,1.38257,1.38257,1.38257,1.38257,0,1
1756047300000,1756047359000,1.38257,1.38257,1.38257,1.38257,0,1
1756047360000,1756047419000,1.38257,1.38257,1.38257,1.38257,0,1
1756047420000,1756047479000,1.38257,1.38257,1.38257,1.38257,0,1
1756047480000,1756047539000,1.38257,1.38257,1.38257,1.38257,0,1
1756047540000,1756047599000,1.38257,1.38257,1.38257,1.38257,0,1
1756047600000,1756047659000,1.38257,1.38257,1.38257,1.38257,0,1
1756047660000,1756047719000,1.38257,1.38257,1.38257,1.38257,0,1
1756047720000,1756047779000,1.38257,1.38257,1.38257,1.38257,0,1
1756047780000,1756047839000,1.38257,1.38257,1.38257,1.38257,0,1
1756047840000,1756047899000,1.38257,1.38257,1.38257,1.38257,0,1
1756047900000,1756047959000,1.38257,1.38257,1.38257,1.38257,0,1
1756047960000,1756048019000,1.38257,1.38257,1.38257,1.38257,0,1
1756048020000,1756048079000,1.38257,1.38257,1.38257,1.38257,0,1
1756048080000,1756048139000,1.38257,1.38257,1.38257,1.38257,0,1
1756048140000,1756048199000,1.38257,1.38257,1.38257,1.38257,0,1
1756048200000,1756048259000,1.38257,1.38257,1.38257,1.38257,0,1
1756048260000,1756048319000,1.38257,1.38257,1.38257,1.38257,0,1
1756048320000,1756048379000,1.38257,1.38257,1.38257,1.38257,0,1
1756048380000,1756048439000,1.38257,1.38257,1.38257,1.38257,0,1
1756048440000,1756048499000,1.38257,1.38257,1.38257,1.38257,0,1
1756048500000,1756048559000,1.38257,1.38257,1.38257,1.38257,0,1
1756048560000,1756048619000,1.38257,1.38257,1.38257,1.38257,0,1
1756048620000,1756048679000,1.38257,1.38257,1.38257,1.38257,0,1
1756048680000,1756048739000,1.38257,1.38257,1.38257,1.38257,0,1
1756048740000,1756048799000,1.38257,1.38257,1.38257,1.38257,0,1
1756048800000,1756048859000,1.38257,1.38257,1.38257,1.38257,0,1
1756048860000,1756048919000,1.38257,1.38257,1.38257,1.38257,0,1
1756048920000,1756048979000,1.38257,1.38257,1.38257,1.38257,0,1
1756048980000,1756049039000,1.38257,1.38257,1.38257,1.38257,0,1
1756049040000,1756049099000,1.38257,1.38257,1.38257,1.38257,0,1
1756049100000,1756049159000,1.38257,1.38257,1.38257,1.38257,0,1
1756049160000,1756049219000,1.38257,1.38257,1.38257,1.38257,0,1
1756049220000,1756049279000,1.38257,1.38257,1.38257,1.38257,0,1
1756049280000,1756049339000,1.38257,1.38257,1.38257,1.38257,0,1
1756049340000,1756049399000,1.38257,1.38257,1.38257,1.38257,0,1
1756049400000,1756049459000,1.38257,1.38257,1.38257,1.38257,0,1
1756049460000,1756049519000,1.38257,1.38257,1.38257,1.38257,0,1
1756049520000,1756049579000,1.38257,1.38257,1.38257,1.38257,0,1
1756049580000,1756049639000,1.38257,1.38257,1.38257,1.38257,0,1
1756049640000,1756049699000,1.38257,1.38257,1.38257,1.38257,0,1
1756049700000,1756049759000,1.38257,1.38257,1.38257,1.38257,0,1
1756049760000,1756049819000,1.38257,1.38257,1.38257,1.38257,0,1
1756049820000,1756049879000,1.38257,1.38257,1.38257,1.38257,0,1
1756049880000,1756049939000,1.38257,1.38257,1.38257,1.38257,0,1
1756049940000,1756049999000,1.38257,1.38257,1.38257,1.38257,0,1
1756050000000,1756050059000,1.38257,1.38257,1.38257,1.38257,0,1
1756050060000,1756050119000,1.38257,1.38257,1.38257,1.38257,0,1
1756050120000,1756050179000,1.38257,1.38257,1.38257,1.38257,0,1
1756050180000,1756050239000,1.38257,1.38257,1.38257,1.38257,0,1
1756050240000,1756050299000,1.38257,1.38257,1.38257,1.38257,0,1
1756050300000,1756050359000,1.38257,1.38257,1.38257,1.38257,0,1
1756050360000,1756050419000,1.38257,1.38257,1.38257,1.38257,0,1
1756050420000,1756050479000,1.38257,1.38257,1.38257,1.38257,0,1
1756050480000,1756050539000,1.38257,1.38257,1.38257,1.38257,0,1
1756050540000,1756050599000,1.38257,1.38257,1.38257,1.38257,0,1
1756050600000,1756050659000,1.38257,1.38257,1.38257,1.38257,0,1
1756050660000,1756050719000,1.38257,1.38257,1.38257,1.38257,0,1
1756050720000,1756050779000,1.38257,1.38257,1.38257,1.38257,0,1
1756050780000,1756050839000,1.38257,1.38257,1.38257,1.38257,0,1
1756050840000,1756050899000,1.38257,1.38257,1.38257,1.38257,0,1
1756050900000,1756050959000,1.38257,1.38257,1.38257,1.38257,0,1
1756050960000,1756051019000,1.38257,1.38257,1.38257,1.38257,0,1
1756051020000,1756051079000,1.38257,1.38257,1.38257,1.38257,0,1
1756051080000,1756051139000,1.38257,1.38257,1.38257,1.38257,0,1
1756051140000,1756051199000,1.38257,1.38257,1.38257,1.38257,0,1
1756051200000,1756051259000,1.38257,1.38257,1.38257,1.38257,0,1
1756051260000,1756051319000,1.38257,1.38257,1.38257,1.38257,0,1
1756051320000,1756051379000,1.38257,1.38257,1.38257,1.38257,0,1
1756051380000,1756051439000,1.38257,1.38257,1.38257,1.38257,0,1
1756051440000,1756051499000,1.38257,1.38257,1.38257,1.38257,0,1
1756051500000,1756051559000,1.38257,1.38257,1.38257,1.38257,0,1
1756051560000,1756051619000,1.38257,1.38257,1.38257,1.38257,0,1
1756051620000,1756051679000,1.38257,1.38257,1.38257,1.38257,0,1
1756051680000,1756051739000,1.38257,1.38257,1.38257,1.38257,0,1
1756051740000,1756051799000,1.38257,1.38257,1.38257,1.38257,0,1
1756051800000,1756051859000,1.38257,1.38257,1.38257,1.38257,0,1
1756051860000,1756051919000,1.38257,1.38257,1.38257,1.38257,0,1
1756051920000,1756051979000,1.38257,1.38257,1.38257,1.38257,0,1
1756051980000,1756052039000,1.38257,1.38257,1.38257,1.38257,0,1
1756052040000,1756052099000,1.38257,1.38257,1.38257,1.38257,0,1
1756052100000,1756052159000,1.38257,1.38257,1.38257,1.38257,0,1
1756052160000,1756052219000,1.38257,1.38257,1.38257,1.38257,0,1
1756052220000,1756052279000,1.38257,1.38257,1.38257,1.38257,0,1
1756052280000,1756052339000,1.38257,1.38257,1.38257,1.38257,0,1
1756052340000,1756052399000,1.38257,1.38257,1.38257,1.38257,0,1
1756052400000,1756052459000,1.38257,1.38257,1.38257,1.38257,0,1
1756052460000,1756052519000,1.38257,1.38257,1.38257,1.38257,0,1
1756052520000,1756052579000,1.38257,1.38257,1.38257,1.38257,0,1
1756052580000,1756052639000,1.38257,1.38257,1.38257,1.38257,0,1
1756052640000,1756052699000,1.38257,1.38257,1.38257,1.38257,0,1
1756052700000,1756052759000,1.38257,1.38257,1.38257,1.38257,0,1
1756052760000,1756052819000,1.38257,1.38257,1.38257,1.38257,0,1
1756052820000,1756052879000,1.38257,1.38257,1.38257,1.38257,0,1
1756052880000,1756052939000,1.38257,1.38257,1.38257,1.38257,0,1
1756052940000,1756052999000,1.38257,1.38257,1.38257,1.38257,0,1
1756053000000,1756053059000,1.38257,1.38257,1.38257,1.38257,0,1
1756053060000,1756053119000,1.38257,1.38257,1.38257,1.38257,0,1
1756053120000,1756053179000,1.38257,1.38257,1.38257,1.38257,0,1
1756053180000,1756053239000,1.38257,1.38257,1.38257,1.38257,0,1
1756053240000,1756053299000,1.38257,1.38257,1.38257,1.38257,0,1
1756053300000,1756053359000,1.38257,1.38257,1.38257,1.38257,0,1
1756053360000,1756053419000,1.38257,1.38257,1.38257,1.38257,0,1
1756053420000,1756053479000,1.38257,1.38257,1.38257,1.38257,0,1
1756053480000,1756053539000,1.38257,1.38257,1.38257,1.38257,0,1
1756053540000,1756053599000,1.38257,1.38257,1.38257,1.38257,0,1
1756053600000,1756053659000,1.38257,1.38257,1.38257,1.38257,0,1
1756053660000,1756053719000,1.38257,1.38257,1.38257,1.38257,0,1
1756053720000,1756053779000,1.38257,1.38257,1.38257,1.38257,0,1
1756053780000,1756053839000,1.38257,1.38257,1.38257,1.38257,0,1
1756053840000,1756053899000,1.38257,1.38257,1.38257,1.38257,0,1
1756053900000,1756053959000,1.38257,1.38257,1.38257,1.38257,0,1
1756053960000,1756054019000,1.38257,1.38257,1.38257,1.38257,0,1
1756054020000,1756054079000,1.38257,1.38257,1.38257,1.38257,0,1
1756054080000,1756054139000,1.38257,1.38257,1.38257,1.38257,0,1
1756054140000,1756054199000,1.38257,1.38257,1.38257,1.38257,0,1
1756054200000,1756054259000,1.38257,1.38257,1.38257,1.38257,0,1
1756054260000,1756054319000,1.38257,1.38257,1.38257,1.38257,0,1
1756054320000,1756054379000,1.38257,1.38257,1.38257,1.38257,0,1
1756054380000,1756054439000,1.38257,1.38257,1.38257,1.38257,0,1
1756054440000,1756054499000,1.38257,1.38257,1.38257,1.38257,0,1
1756054500000,1756054559000,1.38257,1.38257,1.38257,1.38257,0,1
1756054560000,1756054619000,1.38257,1.38257,1.38257,1.38257,0,1
1756054620000,1756054679000,1.38257,1.38257,1.38257,1.38257,0,1
1756054680000,1756054739000,1.38257,1.38257,1.38257,1.38257,0,1
1756054740000,1756054799000,1.38257,1.38257,1.38257,1.38257,0,1
1756054800000,1756054859000,1.38257,1.38257,1.38257,1.38257,0,1
1756054860000,1756054919000,1.38257,1.38257,1.38257,1.38257,0,1
1756054920000,1756054979000,1.38257,1.38257,1.38257,1.38257,0,1
1756054980000,1756055039000,1.38257,1.38257,1.38257,1.38257,0,1
1756055040000,1756055099000,1.38257,1.38257,1.38257,1.38257,0,1
1756055100000,1756055159000,1.38257,1.38257,1.38257,1.38257,0,1
1756055160000,1756055219000,1.38257,1.38257,1.38257,1.38257,0,1
1756055220000,1756055279000,1.38257,1.38257,1.38257,1.38257,0,1
1756055280000,1756055339000,1.38257,1.38257,1.38257,1.38257,0,1
1756055340000,1756055399000,1.38257,1.38257,1.38257,1.38257,0,1
1756055400000,1756055459000,1.38257,1.38257,1.38257,1.38257,0,1
1756055460000,1756055519000,1.38257,1.38257,1.38257,1.38257,0,1
1756055520000,1756055579000,1.38257,1.38257,1.38257,1.38257,0,1
1756055580000,1756055639000,1.38257,1.38257,1.38257,1.38257,0,1
1756055640000,1756055699000,1.38257,1.38257,1.38257,1.38257,0,1
1756055700000,1756055759000,1.38257,1.38257,1.38257,1.38257,0,1
1756055760000,1756055819000,1.38257,1.38257,1.38257,1.38257,0,1
1756055820000,1756055879000,1.38257,1.38257,1.38257,1.38257,0,1
1756055880000,1756055939000,1.38257,1.38257,1.38257,1.38257,0,1
1756055940000,1756055999000,1.38257,1.38257,1.38257,1.38257,0,1
1756056000000,1756056059000,1.38257,1.38257,1.38257,1.38257,0,1
1756056060000,1756056119000,1.38257,1.38257,1.38257,1.38257,0,1
1756056120000,1756056179000,1.38257,1.38257,1.38257,1.38257,0,1
1756056180000,1756056239000,1.38257,1.38257,1.38257,1.38257,0,1
1756056240000,1756056299000,1.38257,1.38257,1.38257,1.38257,0,1
1756056300000,1756056359000,1.38257,1.38257,1.38257,1.38257,0,1
1756056360000,1756056419000,1.38257,1.38257,1.38257,1.38257,0,1
1756056420000,1756056479000,1.38257,1.38257,1.38257,1.38257,0,1
1756056480000,1756056539000,1.38257,1.38257,1.38257,1.38257,0,1
1756056540000,1756056599000,1.38257,1.38257,1.38257,1.38257,0,1
1756056600000,1756056659000,1.38257,1.38257,1.38257,1.38257,0,1
1756056660000,1756056719000,1.38257,1.38257,1.38257,1.38257,0,1
1756056720000,1756056779000,1.38257,1.38257,1.38257,1.38257,0,1
1756056780000,1756056839000,1.38257,1.38257,1.38257,1.38257,0,1
1756056840000,1756056899000,1.38257,1.38257,1.38257,1.38257,0,1
1756056900000,1756056959000,1.38257,1.38257,1.38257,1.38257,0,1
1756056960000,1756057019000,1.38257,1.38257,1.38257,1.38257,0,1
1756057020000,1756057079000,1.38257,1.38257,1.38257,1.38257,0,1
1756057080000,1756057139000,1.38257,1.38257,1.38257,1.38257,0,1
1756057140000,1756057199000,1.38257,1.38257,1.38257,1.38257,0,1
1756057200000,1756057259000,1.38257,1.38257,1.38257,1.38257,0,1
1756057260000,1756057319000,1.38257,1.38257,1.38257,1.38257,0,1
1756057320000,1756057379000,1.38257,1.38257,1.38257,1.38257,0,1
1756057380000,1756057439000,1.38257,1.38257,1.38257,1.38257,0,1
1756057440000,1756057499000,1.38257,1.38257,1.38257,1.38257,0,1
1756057500000,1756057559000,1.38257,1.38257,1.38257,1.38257,0,1
1756057560000,1756057619000,1.38257,1.38257,1.38257,1.38257,0,1
1756057620000,1756057679000,1.38257,1.38257,1.38257,1.38257,0,1
1756057680000,1756057739000,1.38257,1.38257,1.38257,1.38257,0,1
1756057740000,1756057799000,1.38257,1.38257,1.38257,1.38257,0,1
1756057800000,1756057859000,1.38257,1.38257,1.38257,1.38257,0,1
1756057860000,1756057919000,1.38257,1.38257,1.38257,1.38257,0,1
1756057920000,1756057979000,1.38257,1.38257,1.38257,1.38257,0,1
1756057980000,1756058039000,1.38257,1.38257,1.38257,1.38257,0,1
1756058040000,1756058099000,1.38257,1.38257,1.38257,1.38257,0,1
1756058100000,1756058159000,1.38257,1.38257,1.38257,1.38257,0,1
1756058160000,1756058219000,1.38257,1.38257,1.38257,1.38257,0,1
1756058220000,1756058279000,1.38257,1.38257,1.38257,1.38257,0,1
1756058280000,1756058339000,1.38257,1.38257,1.38257,1.38257,0,1
1756058340000,1756058399000,1.38257,1.38257,1.38257,1.38257,0,1
1756058400000,1756058459000,1.38257,1.38257,1.38257,1.38257,0,1
1756058460000,1756058519000,1.38257,1.38257,1.38257,1.38257,0,1
1756058520000,1756058579000,1.38257,1.38257,1.38257,1.38257,0,1
1756058580000,1756058639000,1.38257,1.38257,1.38257,1.38257,0,1
1756058640000,1756058699000,1.38257,1.38257,1.38257,1.38257,0,1
1756058700000,1756058759000,1.38257,1.38257,1.38257,1.38257,0,1
1756058760000,1756058819000,1.38257,1.38257,1.38257,1.38257,0,1
1756058820000,1756058879000,1.38257,1.38257,1.38257,1.38257,0,1
1756058880000,1756058939000,1.38257,1.38257,1.38257,1.38257,0,1
1756058940000,1756058999000,1.38257,1.38257,1.38257,1.38257,0,1
1756059000000,1756059059000,1.38257,1.38257,1.38257,1.38257,0,1
1756059060000,1756059119000,1.38257,1.38257,1.38257,1.38257,0,1
1756059120000,1756059179000,1.38257,1.38257,1.38257,1.38257,0,1
1756059180000,1756059239000,1.38257,1.38257,1.38257,1.38257,0,1
1756059240000,1756059299000,1.38257,1.38257,1.38257,1.38257,0,1
1756059300000,1756059359000,1.38257,1.38257,1.38257,1.38257,0,1
1756059360000,1756059419000,1.38257,1.38257,1.38257,1.38257,0,1
1756059420000,1756059479000,1.38257,1.38257,1.38257,1.38257,0,1
1756059480000,1756059539000,1.38257,1.38257,1.38257,1.38257,0,1
1756059540000,1756059599000,1.38257,1.38257,1.38257,1.38257,0,1
1756059600000,1756059659000,1.38257,1.38257,1.38257,1.38257,0,1
1756059660000,1756059719000,1.38257,1.38257,1.38257,1.38257,0,1
1756059720000,1756059779000,1.38257,1.38257,1.38257,1.38257,0,1
1756059780000,1756059839000,1.38257,1.38257,1.38257,1.38257,0,1
1756059840000,1756059899000,1.38257,1.38257,1.38257,1.38257,0,1
1756059900000,1756059959000,1.38257,1.38257,1.38257,1.38257,0,1
1756059960000,1756060019000,1.38257,1.38257,1.38257,1.38257,0,1
1756060020000,1756060079000,1.38257,1.38257,1.38257,1.38257,0,1
1756060080000,1756060139000,1.38257,1.38257,1.38257,1.38257,0,1
1756060140000,1756060199000,1.38257,1.38257,1.38257,1.38257,0,1
1756060200000,1756060259000,1.38257,1.38257,1.38257,1.38257,0,1
1756060260000,1756060319000,1.38257,1.38257,1.38257,1.38257,0,1
1756060320000,1756060379000,1.38257,1.38257,1.38257,1.38257,0,1
1756060380000,1756060439000,1.38257,1.38257,1.38257,1.38257,0,1
1756060440000,1756060499000,1.38257,1.38257,1.38257,1.38257,0,1
1756060500000,1756060559000,1.38257,1.38257,1.38257,1.38257,0,1
1756060560000,1756060619000,1.38257,1.38257,1.38257,1.38257,0,1
1756060620000,1756060679000,1.38257,1.38257,1.38257,1.38257,0,1
1756060680000,1756060739000,1.38257,1.38257,1.38257,1.38257,0,1
1756060740000,1756060799000,1.38257,1.38257,1.38257,1.38257,0,1
1756060800000,1756060859000,1.38257,1.38257,1.38257,1.38257,0,1
1756060860000,1756060919000,1.38257,1.38257,1.38257,1.38257,0,1
1756060920000,1756060979000,1.38257,1.38257,1.38257,1.38257,0,1
1756060980000,1756061039000,1.38257,1.38257,1.38257,1.38257,0,1
1756061040000,1756061099000,1.38257,1.38257,1.38257,1.38257,0,1
1756061100000,1756061159000,1.38257,1.38257,1.38257,1.38257,0,1
1756061160000,1756061219000,1.38257,1.38257,1.38257,1.38257,0,1
1756061220000,1756061279000,1.38257,1.38257,1.38257,1.38257,0,1
1756061280000,1756061339000,1.38257,1.38257,1.38257,1.38257,0,1
1756061340000,1756061399000,1.38257,1.38257,1.38257,1.38257,0,1
1756061400000,1756061459000,1.38257,1.38257,1.38257,1.38257,0,1
1756061460000,1756061519000,1.38257,1.38257,1.38257,1.38257,0,1
1756061520000,1756061579000,1.38257,1.38257,1.38257,1.38257,0,1
1756061580000,1756061639000,1.38257,1.38257,1.38257,1.38257,0,1
1756061640000,1756061699000,1.38257,1.38257,1.38257,1.38257,0,1
1756061700000,1756061759000,1.38257,1.38257,1.38257,1.38257,0,1
1756061760000,1756061819000,1.38257,1.38257,1.38257,1.38257,0,1
1756061820000,1756061879000,1.38257,1.38257,1.38257,1.38257,0,1
1756061880000,1756061939000,1.38257,1.38257,1.38257,1.38257,0,1
1756061940000,1756061999000,1.38257,1.38257,1.38257,1.38257,0,1
1756062000000,1756062059000,1.38257,1.38257,1.38257,1.38257,0,1
1756062060000,1756062119000,1.38257,1.38257,1.38257,1.38257,0,1
1756062120000,1756062179000,1.38257,1.38257,1.38257,1.38257,0,1
1756062180000,1756062239000,1.38257,1.38257,1.38257,1.38257,0,1
1756062240000,1756062299000,1.38257,1.38257,1.38257,1.38257,0,1
1756062300000,1756062359000,1.38257,1.38257,1.38257,1.38257,0,1
1756062360000,1756062419000,1.38257,1.38257,1.38257,1.38257,0,1
1756062420000,1756062479000,1.38257,1.38257,1.38257,1.38257,0,1
1756062480000,1756062539000,1.38257,1.38257,1.38257,1.38257,0,1
1756062540000,1756062599000,1.38257,1.38257,1.38257,1.38257,0,1
1756062600000,1756062659000,1.38257,1.38257,1.38257,1.38257,0,1
1756062660000,1756062719000,1.38257,1.38257,1.38257,1.38257,0,1
1756062720000,1756062779000,1.38257,1.38257,1.38257,1.38257,0,1
1756062780000,1756062839000,1.38257,1.38257,1.38257,1.38257,0,1
1756062840000,1756062899000,1.38257,1.38257,1.38257,1.38257,0,1
1756062900000,1756062959000,1.38257,1.38257,1.38257,1.38257,0,1
1756062960000,1756063019000,1.38257,1.38257,1.38257,1.38257,0,1
1756063020000,1756063079000,1.38257,1.38257,1.38257,1.38257,0,1
1756063080000,1756063139000,1.38257,1.38257,1.38257,1.38257,0,1
1756063140000,1756063199000,1.38257,1.38257,1.38257,1.38257,0,1
1756063200000,1756063259000,1.38257,1.38257,1.38257,1.38257,0,1
1756063260000,1756063319000,1.38257,1.38257,1.38257,1.38257,0,1
1756063320000,1756063379000,1.38257,1.38257,1.38257,1.38257,0,1
1756063380000,1756063439000,1.38257,1.38257,1.38257,1.38257,0,1
1756063440000,1756063499000,1.38257,1.38257,1.38257,1.38257,0,1
1756063500000,1756063559000,1.38257,1.38257,1.38257,1.38257,0,1
1756063560000,1756063619000,1.38257,1.38257,1.38257,1.38257,0,1
1756063620000,1756063679000,1.38257,1.38257,1.38257,1.38257,0,1
1756063680000,1756063739000,1.38257,1.38257,1.38257,1.38257,0,1
1756063740000,1756063799000,1.38257,1.38257,1.38257,1.38257,0,1
1756063800000,1756063859000,1.38257,1.38257,1.38257,1.38257,0,1
1756063860000,1756063919000,1.38257,1.38257,1.38257,1.38257,0,1
1756063920000,1756063979000,1.38257,1.38257,1.38257,1.38257,0,1
1756063980000,1756064039000,1.38257,1.38257,1.38257,1.38257,0,1
1756064040000,1756064099000,1.38257,1.38257,1.38257,1.38257,0,1
1756064100000,1756064159000,1.38257,1.38257,1.38257,1.38257,0,1
1756064160000,1756064219000,1.38257,1.38257,1.38257,1.38257,0,1
1756064220000,1756064279000,1.38257,1.38257,1.38257,1.38257,0,1
1756064280000,1756064339000,1.38257,1.38257,1.38257,1.38257,0,1
1756064340000,1756064399000,1.38257,1.38257,1.38257,1.38257,0,1
1756064400000,1756064459000,1.38257,1.38257,1.38257,1.38257,0,1
1756064460000,1756064519000,1.38257,1.38257,1.38257,1.38257,0,1
1756064520000,1756064579000,1.38257,1.38257,1.38257,1.38257,0,1
1756064580000,1756064639000,1.38257,1.38257,1.38257,1.38257,0,1
1756064640000,1756064699000,1.38257,1.38257,1.38257,1.38257,0,1
1756064700000,1756064759000,1.38257,1.38257,1.38257,1.38257,0,1
1756064760000,1756064819000,1.38257,1.38257,1.38257,1.38257,0,1
1756064820000,1756064879000,1.38257,1.38257,1.38257,1.38257,0,1
1756064880000,1756064939000,1.38257,1.38257,1.38257,1.38257,0,1
1756064940000,1756064999000,1.38257,1.38257,1.38257,1.38257,0,1
1756065000000,1756065059000,1.38257,1.38257,1.38257,1.38257,0,1
1756065060000,1756065119000,1.38257,1.38257,1.38257,1.38257,0,1
1756065120000,1756065179000,1.38257,1.38257,1.38257,1.38257,0,1
1756065180000,1756065239000,1.38257,1.38257,1.38257,1.38257,0,1
1756065240000,1756065299000,1.38257,1.38257,1.38257,1.38257,0,1
1756065300000,1756065359000,1.38257,1.38257,1.38257,1.38257,0,1
1756065360000,1756065419000,1.38257,1.38257,1.38257,1.38257,0,1
1756065420000,1756065479000,1.38257,1.38257,1.38257,1.38257,0,1
1756065480000,1756065539000,1.38257,1.38257,1.38257,1.38257,0,1
1756065540000,1756065599000,1.38257,1.38257,1.38257,1.38257,0,1
1756065600000,1756065659000,1.38257,1.38257,1.38257,1.38257,0,1
1756065660000,1756065719000,1.38257,1.38257,1.38257,1.38257,0,1
1756065720000,1756065779000,1.38257,1.38257,1.38257,1.38257,0,1
1756065780000,1756065839000,1.38257,1.38257,1.38257,1.38257,0,1
1756065840000,1756065899000,1.38257,1.38257,1.38257,1.38257,0,1
1756065900000,1756065959000,1.38257,1.38257,1.38257,1.38257,0,1
1756065960000,1756066019000,1.38257,1.38257,1.38257,1.38257,0,1
1756066020000,1756066079000,1.38257,1.38257,1.38257,1.38257,0,1
1756066080000,1756066139000,1.38257,1.38257,1.38257,1.38257,0,1
1756066140000,1756066199000,1.38257,1.38257,1.38257,1.38257,0,1
1756066200000,1756066259000,1.38257,1.38257,1.38257,1.38257,0,1
1756066260000,1756066319000,1.38257,1.38257,1.38257,1.38257,0,1
1756066320000,1756066379000,1.38257,1.38257,1.38257,1.38257,0,1
1756066380000,1756066439000,1.38257,1.38257,1.38257,1.38257,0,1
1756066440000,1756066499000,1.38257,1.38257,1.38257,1.38257,0,1
1756066500000,1756066559000,1.38257,1.38257,1.38257,1.38257,0,1
1756066560000,1756066619000,1.38257,1.38257,1.38257,1.38257,0,1
1756066620000,1756066679000,1.38257,1.38257,1.38257,1.38257,0,1
1756066680000,1756066739000,1.38257,1.38257,1.38257,1.38257,0,1
1756066740000,1756066799000,1.38257,1.38257,1.38257,1.38257,0,1
1756066800000,1756066859000,1.38257,1.38257,1.38257,1.38257,0,1
1756066860000,1756066919000,1.38257,1.38257,1.38257,1.38257,0,1
1756066920000,1756066979000,1.38257,1.38257,1.38257,1.38257,0,1
1756066980000,1756067039000,1.38257,1.38257,1.38257,1.38257,0,1
1756067040000,1756067099000,1.38257,1.38257,1.38257,1.38257,0,1
1756067100000,1756067159000,1.38257,1.38257,1.38257,1.38257,0,1
1756067160000,1756067219000,1.38257,1.38257,1.38257,1.38257,0,1
1756067220000,1756067279000,1.38257,1.38257,1.38257,1.38257,0,1
1756067280000,1756067339000,1.38257,1.38257,1.38257,1.38257,0,1
1756067340000,1756067399000,1.38257,1.38257,1.38257,1.38257,0,1
1756067400000,1756067459000,1.38257,1.38257,1.38257,1.38257,0,1
1756067460000,1756067519000,1.38257,1.38257,1.38257,1.38257,0,1
1756067520000,1756067579000,1.38257,1.38257,1.38257,1.38257,0,1
1756067580000,1756067639000,1.38257,1.38257,1.38257,1.38257,0,1
1756067640000,1756067699000,1.38257,1.38257,1.38257,1.38257,0,1
1756067700000,1756067759000,1.38257,1.38257,1.38257,1.38257,0,1
1756067760000,1756067819000,1.38257,1.38257,1.38257,1.38257,0,1
1756067820000,1756067879000,1.38257,1.38257,1.38257,1.38257,0,1
1756067880000,1756067939000,1.38257,1.38257,1.38257,1.38257,0,1
1756067940000,1756067999000,1.38257,1.38257,1.38257,1.38257,0,1
1756068000000,1756068059000,1.38257,1.38257,1.38257,1.38257,0,1
1756068060000,1756068119000,1.38257,1.38257,1.38257,1.38257,0,1
1756068120000,1756068179000,1.38257,1.38257,1.38257,1.38257,0,1
1756068180000,1756068239000,1.38257,1.38257,1.38257,1.38257,0,1
1756068240000,1756068299000,1.38257,1.38257,1.38257,1.38257,0,1
1756068300000,1756068359000,1.38257,1.38257,1.38257,1.38257,0,1
1756068360000,1756068419000,1.38257,1.38257,1.38257,1.38257,0,1
1756068420000,1756068479000,1.38257,1.38257,1.38257,1.38257,0,1
1756068480000,1756068539000,1.38257,1.38257,1.38257,1.38257,0,1
1756068540000,1756068599000,1.38257,1.38257,1.38257,1.38257,0,1
1756068600000,1756068659000,1.38257,1.38257,1.38257,1.38257,0,1
1756068660000,1756068719000,1.38257,1.38257,1.38257,1.38257,0,1
1756068720000,1756068779000,1.38257,1.38257,1.38257,1.38257,0,1
1756068780000,1756068839000,1.38257,1.38257,1.38257,1.38257,0,1
1756068840000,1756068899000,1.38257,1.38257,1.38257,1.38257,0,1
1756068900000,1756068959000,1.38257,1.38257,1.38257,1.38257,0,1
1756068960000,1756069019000,1.38257,1.38257,1.38257,1.38257,0,1
1756069020000,1756069079000,1.38257,1.38257,1.38257,1.38257,0,1
1756069080000,1756069139000,1.38257,1.38257,1.38257,1.38257,0,1
1756069140000,1756069199000,1.38257,1.38257,1.38257,1.38257,0,1
1756069200000,1756069259000,1.38257,1.38257,1.38257,1.38257,0,1
1756069260000,1756069319000,1.38257,1.38257,1.38257,1.38257,0,1
1756069320000,1756069379000,1.38257,1.38257,1.38257,1.38257,0,1
1756069380000,1756069439000,1.38257,1.38257,1.38257,1.38257,0,1
1756069440000,1756069499000,1.38158,1.38158,1.38158,1.38158,1080000,1
1756069500000,1756069559000,1.38125,1.38182,1.38125,1.38182,5850000,1
1756069560000,1756069619000,1.38184,1.38184,1.38167,1.38184,1800000,1
1756069620000,1756069679000,1.38166,1.38166,1.38166,1.38166,450000,1
1756069680000,1756069739000,1.38132,1.38132,1.38132,1.38132,1200000,1
1756069740000,1756069799000,1.38157,1.38157,1.38157,1.38157,360000,1
1756069800000,1756069859000,1.38157,1.38184,1.38157,1.38183,2610000,1
1756069860000,1756069919000,1.38136,1.38136,1.38136,1.38136,1200000,1
1756069920000,1756069979000,1.38176,1.38176,1.38176,1.38176,3900000,1
1756069980000,1756070039000,1.38177,1.38177,1.38177,1.38177,900000,1
1756070040000,1756070099000,1.38179,1.38182,1.38177,1.38182,6900000,1
1756070100000,1756070159000,1.38182,1.38183,1.38181,1.38182,12000000,1
1756070160000,1756070219000,1.38183,1.38184,1.38183,1.38184,3600000,1
1756070220000,1756070279000,1.38183,1.38187,1.38183,1.38187,6600000,1
1756070280000,1756070339000,1.38188,1.38188,1.38188,1.38188,900000,1
1756070340000,1756070399000,1.38189,1.38189,1.38189,1.38189,900000,1
1756070400000,1756070459000,1.38189,1.38189,1.38189,1.38189,0,1
1756070460000,1756070519000,1.3819,1.3819,1.3819,1.3819,900000,1
1756070520000,1756070579000,1.3819,1.3819,1.3819,1.3819,0,1
1756070580000,1756070639000,1.38192,1.38192,1.3819,1.38192,3600000,1
1756070640000,1756070699000,1.38194,1.38194,1.38193,1.38193,3600000,1
1756070700000,1756070759000,1.38195,1.38195,1.38193,1.38193,1800000,1
1756070760000,1756070819000,1.38192,1.38192,1.38192,1.38192,900000,1
1756070820000,1756070879000,1.38191,1.3822,1.38191,1.38196,8550000,1
1756070880000,1756070939000,1.38231,1.38237,1.38194,1.38222,54900000,1
1756070940000,1756070999000,1.38219,1.38256,1.38203,1.38235,41100000,1
1756071000000,1756071059000,1.38234,1.38239,1.38207,1.38215,67950000,1
1756071060000,1756071119000,1.38215,1.38224,1.38215,1.38221,58050000,1
1756071120000,1756071179000,1.3822,1.38223,1.3822,1.38223,4800000,1
1756071180000,1756071239000,1.38222,1.38222,1.38221,1.38221,8700000,1
1756071240000,1756071299000,1.38223,1.38224,1.38222,1.38222,3600000,1
1756071300000,1756071359000,1.38225,1.38235,1.3822,1.38235,11100000,1
1756071360000,1756071419000,1.38236,1.38237,1.38235,1.38236,8400000,1
1756071420000,1756071479000,1.38236,1.38236,1.38232,1.38232,33000000,1
1756071480000,1756071539000,1.38232,1.38237,1.38232,1.38236,20700000,1
1756071540000,1756071599000,1.38238,1.38238,1.38238,1.38238,1200000,1
1756071600000,1756071659000,1.3823,1.38259,1.3823,1.38259,11850000,1
1756071660000,1756071719000,1.3826,1.38268,1.38259,1.38268,15000000,1
1756071720000,1756071779000,1.38267,1.38267,1.38232,1.38232,12000000,1
1756071780000,1756071839000,1.38243,1.3825,1.38243,1.3825,8400000,1
1756071840000,1756071899000,1.38251,1.38256,1.3823,1.38235,73050000,1
1756071900000,1756071959000,1.38248,1.38248,1.38231,1.38233,27600000,1
1756071960000,1756072019000,1.38234,1.38237,1.38234,1.38235,14250000,1
1756072020000,1756072079000,1.38237,1.38238,1.38234,1.38234,22200000,1
1756072080000,1756072139000,1.38235,1.38246,1.38226,1.38227,60000000,1
1756072140000,1756072199000,1.38226,1.38244,1.3822,1.3822,90300000,1
1756072200000,1756072259000,1.38223,1.38238,1.38221,1.38225,20850000,1
1756072260000,1756072319000,1.38225,1.38238,1.38223,1.38223,29400000,1
1756072320000,1756072379000,1.38237,1.38246,1.38211,1.3823,48450000,1
1756072380000,1756072439000,1.3823,1.38236,1.3823,1.38236,6150000,1
1756072440000,1756072499000,1.38234,1.38234,1.38234,1.38234,3000000,1
1756072500000,1756072559000,1.38231,1.38253,1.38211,1.3825,39450000,1
1756072560000,1756072619000,1.38229,1.38259,1.38221,1.38252,77550000,1
1756072620000,1756072679000,1.38252,1.38255,1.38216,1.38216,36750000,1
1756072680000,1756072739000,1.38215,1.38215,1.38197,1.38197,7800000,1
1756072740000,1756072799000,1.38208,1.38247,1.38206,1.38244,18000000,1
1756072800000,1756072859000,1.38248,1.38248,1.38182,1.38215,43200000,1
1756072860000,1756072919000,1.38216,1.38219,1.38214,1.38219,4500000,1
1756072920000,1756072979000,1.3822,1.3822,1.38219,1.38219,4050000,1
1756072980000,1756073039000,1.3822,1.38237,1.38216,1.38219,15750000,1
1756073040000,1756073099000,1.3822,1.38232,1.3822,1.38232,12600000,1
1756073100000,1756073159000,1.38236,1.38241,1.38236,1.38241,19200000,1
1756073160000,1756073219000,1.38241,1.38253,1.38241,1.3825,24150000,1
1756073220000,1756073279000,1.38248,1.38248,1.38237,1.38238,20100000,1
1756073280000,1756073339000,1.38235,1.38236,1.38231,1.38232,18150000,1
1756073340000,1756073399000,1.38233,1.38234,1.38233,1.38233,5400000,1
1756073400000,1756073459000,1.38232,1.38233,1.38232,1.38232,8250000,1
1756073460000,1756073519000,1.38233,1.38241,1.38233,1.38234,33600000,1
1756073520000,1756073579000,1.38235,1.38236,1.38231,1.38236,13800000,1
1756073580000,1756073639000,1.38235,1.38235,1.38228,1.38234,43800000,1
1756073640000,1756073699000,1.38235,1.38241,1.38232,1.38235,53100000,1
1756073700000,1756073759000,1.38234,1.38239,1.38229,1.38233,23850000,1
1756073760000,1756073819000,1.38237,1.3824,1.38234,1.38234,36300000,1
1756073820000,1756073879000,1.38234,1.38236,1.38231,1.38236,40500000,1
1756073880000,1756073939000,1.38239,1.3824,1.38232,1.38232,8700000,1
1756073940000,1756073999000,1.38234,1.38234,1.38234,1.38234,1350000,1
1756074000000,1756074059000,1.38231,1.38232,1.3823,1.38231,72000000,1
1756074060000,1756074119000,1.38231,1.38233,1.3823,1.3823,114300000,1
1756074120000,1756074179000,1.3823,1.38232,1.3823,1.38231,10950000,1
1756074180000,1756074239000,1.38231,1.38233,1.38228,1.38233,14550000,1
1756074240000,1756074299000,1.38233,1.38234,1.38233,1.38233,9750000,1
1756074300000,1756074359000,1.38231,1.38233,1.38231,1.38231,15300000,1
1756074360000,1756074419000,1.38231,1.38235,1.38231,1.38235,13350000,1
1756074420000,1756074479000,1.38234,1.38234,1.38233,1.38234,13950000,1
1756074480000,1756074539000,1.38234,1.38245,1.38233,1.38241,27600000,1
1756074540000,1756074599000,1.38239,1.38242,1.38236,1.38242,22350000,1
1756074600000,1756074659000,1.38242,1.38253,1.38242,1.38251,36450000,1
1756074660000,1756074719000,1.3825,1.38257,1.38244,1.38255,39000000,1
1756074720000,1756074779000,1.38258,1.38265,1.38258,1.38264,42150000,1
1756074780000,1756074839000,1.38265,1.38283,1.38265,1.38282,47850000,1
1756074840000,1756074899000,1.38283,1.38284,1.38276,1.38283,31800000,1
1756074900000,1756074959000,1.38284,1.38285,1.38283,1.38285,7200000,1
1756074960000,1756075019000,1.38288,1.38302,1.38288,1.38302,30750000,1
1756075020000,1756075079000,1.38305,1.38312,1.38304,1.38312,17550000,1
1756075080000,1756075139000,1.38311,1.38311,1.38309,1.38311,13200000,1
1756075140000,1756075199000,1.38311,1.38311,1.38311,1.38311,1200000,1
1756075200000,1756075259000,1.38314,1.38322,1.38312,1.38312,22950000,1
1756075260000,1756075319000,1.38313,1.38317,1.38308,1.38308,28050000,1
1756075320000,1756075379000,1.38306,1.3831,1.38306,1.3831,18000000,1
1756075380000,1756075439000,1.3831,1.38311,1.3831,1.3831,8400000,1
1756075440000,1756075499000,1.38312,1.38314,1.38312,1.38313,20550000,1
1756075500000,1756075559000,1.38314,1.38329,1.38313,1.38324,50400000,1
1756075560000,1756075619000,1.38324,1.38325,1.3832,1.3832,18000000,1
1756075620000,1756075679000,1.38321,1.3833,1.3832,1.38329,50850000,1
1756075680000,1756075739000,1.38328,1.38328,1.38327,1.38327,35850000,1
1756075740000,1756075799000,1.38328,1.38328,1.38312,1.38313,30900000,1
1756075800000,1756075859000,1.38313,1.38313,1.3831,1.38311,12750000,1
1756075860000,1756075919000,1.3831,1.3831,1.383,1.383,19350000,1
1756075920000,1756075979000,1.38301,1.38303,1.383,1.38302,7500000,1
1756075980000,1756076039000,1.38302,1.38302,1.38299,1.38299,6900000,1
1756076040000,1756076099000,1.383,1.383,1.3829,1.3829,16950000,1
1756076100000,1756076159000,1.3829,1.38292,1.38283,1.38292,19950000,1
1756076160000,1756076219000,1.38292,1.38294,1.3829,1.38292,13200000,1
1756076220000,1756076279000,1.38293,1.38293,1.38248,1.38252,152850000,1
1756076280000,1756076339000,1.38251,1.38278,1.38248,1.38278,160500000,1
1756076340000,1756076399000,1.38277,1.3828,1.38257,1.38266,155700000,1
1756076400000,1756076459000,1.38265,1.38286,1.3826,1.38267,167850000,1
1756076460000,1756076519000,1.38265,1.38279,1.38258,1.38271,178500000,1
1756076520000,1756076579000,1.38272,1.38288,1.38269,1.38286,80850000,1
1756076580000,1756076639000,1.38286,1.38286,1.38284,1.38286,9600000,1
1756076640000,1756076699000,1.38284,1.38299,1.38282,1.38296,37050000,1
1756076700000,1756076759000,1.38296,1.38302,1.38296,1.38302,41250000,1
1756076760000,1756076819000,1.38301,1.3831,1.38298,1.3831,40200000,1
1756076820000,1756076879000,1.38309,1.38309,1.38306,1.38307,13500000,1
1756076880000,1756076939000,1.38309,1.38309,1.38295,1.38296,28950000,1
1756076940000,1756076999000,1.38295,1.383,1.38295,1.38299,17550000,1
1756077000000,1756077059000,1.38297,1.38299,1.38297,1.38298,9000000,1
1756077060000,1756077119000,1.38298,1.38299,1.38292,1.38298,21150000,1
1756077120000,1756077179000,1.38297,1.38297,1.3829,1.38293,24300000,1
1756077180000,1756077239000,1.38295,1.38298,1.38295,1.38297,19200000,1
1756077240000,1756077299000,1.38298,1.383,1.38294,1.38294,14700000,1
1756077300000,1756077359000,1.38294,1.38297,1.38292,1.38293,17850000,1
1756077360000,1756077419000,1.38291,1.38291,1.3828,1.38283,19050000,1
1756077420000,1756077479000,1.38283,1.38284,1.38283,1.38284,9450000,1
1756077480000,1756077539000,1.38286,1.38296,1.38286,1.38294,19500000,1
1756077540000,1756077599000,1.38294,1.38298,1.38293,1.38297,22350000,1
1756077600000,1756077659000,1.38298,1.38298,1.38293,1.38293,13950000,1
1756077660000,1756077719000,1.38292,1.38292,1.38291,1.38291,9750000,1
1756077720000,1756077779000,1.38289,1.38289,1.3828,1.38281,27000000,1
1756077780000,1756077839000,1.38281,1.38284,1.38281,1.38284,17550000,1
1756077840000,1756077899000,1.38283,1.38286,1.38283,1.38283,20700000,1
1756077900000,1756077959000,1.38284,1.38291,1.38283,1.38289,18900000,1
1756077960000,1756078019000,1.38287,1.38303,1.38284,1.38302,53100000,1
1756078020000,1756078079000,1.38307,1.38313,1.38307,1.38312,16800000,1
1756078080000,1756078139000,1.38312,1.38319,1.38311,1.38311,31350000,1
1756078140000,1756078199000,1.38312,1.38312,1.38305,1.38306,33300000,1
1756078200000,1756078259000,1.38306,1.38313,1.38302,1.38308,22950000,1
1756078260000,1756078319000,1.38309,1.38311,1.38303,1.38311,19200000,1
1756078320000,1756078379000,1.38311,1.38313,1.38311,1.38313,19500000,1
1756078380000,1756078439000,1.38314,1.38319,1.38312,1.38316,44700000,1
1756078440000,1756078499000,1.38315,1.38318,1.38315,1.38318,24750000,1
1756078500000,1756078559000,1.38318,1.38318,1.38312,1.38315,38850000,1
1756078560000,1756078619000,1.38315,1.38315,1.38313,1.38314,25800000,1
1756078620000,1756078679000,1.38313,1.38314,1.3831,1.3831,105450000,1
1756078680000,1756078739000,1.3831,1.38311,1.38304,1.38305,39000000,1
1756078740000,1756078799000,1.38304,1.38304,1.38294,1.38295,25350000,1
1756078800000,1756078859000,1.38294,1.38307,1.38294,1.38307,31950000,1
1756078860000,1756078919000,1.38306,1.38308,1.38304,1.38305,24450000,1
1756078920000,1756078979000,1.38304,1.38314,1.38303,1.38311,34050000,1
1756078980000,1756079039000,1.38315,1.38315,1.38302,1.38302,22950000,1
1756079040000,1756079099000,1.38302,1.38302,1.38301,1.38301,10500000,1
1756079100000,1756079159000,1.38302,1.38312,1.38302,1.3831,32100000,1
1756079160000,1756079219000,1.3831,1.38314,1.38306,1.38306,47250000,1
1756079220000,1756079279000,1.38306,1.38308,1.38302,1.38305,39900000,1
1756079280000,1756079339000,1.38304,1.38304,1.38302,1.38302,4800000,1
1756079340000,1756079399000,1.38301,1.38312,1.383,1.38312,14550000,1
1756079400000,1756079459000,1.38312,1.38312,1.38305,1.38307,58500000,1
1756079460000,1756079519000,1.3831,1.38317,1.38309,1.38309,49500000,1
1756079520000,1756079579000,1.38309,1.38313,1.38309,1.38311,44700000,1
1756079580000,1756079639000,1.38311,1.38312,1.38303,1.38305,31050000,1
1756079640000,1756079699000,1.38304,1.38305,1.38301,1.38302,18150000,1
1756079700000,1756079759000,1.38302,1.38304,1.38301,1.38302,21750000,1
1756079760000,1756079819000,1.38302,1.38313,1.38302,1.38313,16500000,1
1756079820000,1756079879000,1.38311,1.38312,1.38291,1.38291,56700000,1
1756079880000,1756079939000,1.38291,1.38297,1.38284,1.38291,69900000,1
1756079940000,1756079999000,1.38293,1.38297,1.38288,1.38292,57000000,1
1756080000000,1756080059000,1.38297,1.3834,1.38297,1.38318,140250000,1
1756080060000,1756080119000,1.38316,1.38334,1.38316,1.38332,145800000,1
1756080120000,1756080179000,1.38332,1.38344,1.3833,1.38343,102750000,1
1756080180000,1756080239000,1.38343,1.38353,1.38342,1.38351,107400000,1
1756080240000,1756080299000,1.38351,1.38353,1.38348,1.38349,40650000,1
1756080300000,1756080359000,1.3835,1.38369,1.3835,1.38366,103800000,1
1756080360000,1756080419000,1.38366,1.3837,1.38351,1.38369,123150000,1
1756080420000,1756080479000,1.38372,1.38377,1.3836,1.38371,104250000,1
1756080480000,1756080539000,1.3837,1.38378,1.38369,1.38369,81750000,1
1756080540000,1756080599000,1.38369,1.38378,1.38363,1.38376,122550000,1
1756080600000,1756080659000,1.38378,1.38392,1.38376,1.38388,91650000,1
1756080660000,1756080719000,1.38387,1.38397,1.38385,1.38397,70800000,1
1756080720000,1756080779000,1.38395,1.38395,1.3839,1.38392,48000000,1
1756080780000,1756080839000,1.38391,1.38397,1.38387,1.38391,68100000,1
1756080840000,1756080899000,1.38391,1.38391,1.38373,1.38388,88950000,1
1756080900000,1756080959000,1.38389,1.38389,1.38374,1.38379,78750000,1
1756080960000,1756081019000,1.3838,1.38387,1.38378,1.38386,56250000,1
1756081020000,1756081079000,1.38386,1.38392,1.38381,1.38383,61800000,1
1756081080000,1756081139000,1.38383,1.38384,1.38372,1.38374,61050000,1
1756081140000,1756081199000,1.38374,1.38377,1.38369,1.3837,43200000,1
1756081200000,1756081259000,1.38371,1.38372,1.38368,1.38371,91200000,1
1756081260000,1756081319000,1.38371,1.38372,1.38363,1.38367,46350000,1
1756081320000,1756081379000,1.38368,1.38368,1.38354,1.38355,31650000,1
1756081380000,1756081439000,1.38353,1.38364,1.38352,1.38364,53850000,1
1756081440000,1756081499000,1.38365,1.3837,1.38363,1.38369,53850000,1
1756081500000,1756081559000,1.3837,1.38372,1.38353,1.38353,70650000,1
1756081560000,1756081619000,1.38353,1.38358,1.38353,1.38357,24750000,1
1756081620000,1756081679000,1.38356,1.38362,1.38351,1.3836,79950000,1
1756081680000,1756081739000,1.38362,1.38369,1.38362,1.38364,62400000,1
1756081740000,1756081799000,1.38365,1.38366,1.38361,1.38365,48000000,1
1756081800000,1756081859000,1.38363,1.38376,1.38363,1.38375,89850000,1
1756081860000,1756081919000,1.38375,1.38386,1.38373,1.38384,131850000,1
1756081920000,1756081979000,1.38385,1.38387,1.3838,1.38381,102150000,1
1756081980000,1756082039000,1.3838,1.38386,1.3838,1.38381,56400000,1
1756082040000,1756082099000,1.38382,1.38385,1.3838,1.38383,66150000,1
1756082100000,1756082159000,1.38385,1.38389,1.38381,1.38382,19350000,1
1756082160000,1756082219000,1.38381,1.38387,1.38381,1.38385,45150000,1
1756082220000,1756082279000,1.38386,1.38387,1.38385,1.38386,39450000,1
1756082280000,1756082339000,1.38387,1.3839,1.38386,1.3839,31350000,1
1756082340000,1756082399000,1.38389,1.3839,1.38389,1.3839,30900000,1
1756082400000,1756082459000,1.38389,1.3839,1.38378,1.38378,80250000,1
1756082460000,1756082519000,1.38378,1.38391,1.38378,1.38388,42300000,1
1756082520000,1756082579000,1.3839,1.3839,1.38372,1.38373,64200000,1
1756082580000,1756082639000,1.38371,1.38381,1.3837,1.38373,73200000,1
1756082640000,1756082699000,1.38373,1.38375,1.38368,1.3837,75450000,1
1756082700000,1756082759000,1.38371,1.38372,1.38367,1.38367,44100000,1
1756082760000,1756082819000,1.38367,1.3838,1.38367,1.3838,73800000,1
1756082820000,1756082879000,1.38379,1.3838,1.38373,1.38375,42150000,1
1756082880000,1756082939000,1.38374,1.38376,1.38369,1.3837,80100000,1
1756082940000,1756082999000,1.3837,1.38375,1.3837,1.38373,72150000,1
1756083000000,1756083059000,1.38373,1.38375,1.38365,1.38366,53550000,1
1756083060000,1756083119000,1.38367,1.38371,1.38366,1.38368,30000000,1
1756083120000,1756083179000,1.38368,1.38369,1.38358,1.38361,74550000,1
1756083180000,1756083239000,1.38362,1.38376,1.38361,1.38376,108750000,1
1756083240000,1756083299000,1.38376,1.38383,1.38357,1.38357,202500000,1
1756083300000,1756083359000,1.38357,1.3836,1.38353,1.38359,118500000,1
1756083360000,1756083419000,1.38358,1.38365,1.38358,1.38361,62100000,1
1756083420000,1756083479000,1.38362,1.38365,1.38359,1.3836,36300000,1
1756083480000,1756083539000,1.38361,1.38368,1.38359,1.38364,50250000,1
1756083540000,1756083599000,1.38364,1.38364,1.38351,1.38352,63150000,1
1756083600000,1756083659000,1.38352,1.38352,1.38344,1.38348,111750000,1
1756083660000,1756083719000,1.38348,1.38349,1.38342,1.38345,79650000,1
1756083720000,1756083779000,1.38346,1.38352,1.38341,1.38342,118650000,1
1756083780000,1756083839000,1.38343,1.38358,1.38342,1.38358,120300000,1
1756083840000,1756083899000,1.38357,1.38358,1.3835,1.38356,68250000,1
1756083900000,1756083959000,1.38357,1.38359,1.38357,1.38359,11850000,1
1756083960000,1756084019000,1.38358,1.3836,1.38357,1.3836,37800000,1
1756084020000,1756084079000,1.3836,1.38361,1.38352,1.38352,38850000,1
1756084080000,1756084139000,1.38351,1.38356,1.3835,1.38356,64350000,1
1756084140000,1756084199000,1.38357,1.38367,1.38356,1.38363,62400000,1
1756084200000,1756084259000,1.38362,1.38362,1.38355,1.38356,42600000,1
1756084260000,1756084319000,1.38355,1.38355,1.3835,1.38353,84450000,1
1756084320000,1756084379000,1.38353,1.38353,1.3835,1.3835,16800000,1
1756084380000,1756084439000,1.3835,1.3835,1.38346,1.38348,46800000,1
1756084440000,1756084499000,1.38348,1.38358,1.38348,1.38356,95100000,1
1756084500000,1756084559000,1.38356,1.38356,1.38331,1.3834,145200000,1
1756084560000,1756084619000,1.38342,1.38343,1.38328,1.38331,158100000,1
1756084620000,1756084679000,1.3833,1.38331,1.38321,1.38323,138600000,1
1756084680000,1756084739000,1.38322,1.38327,1.38322,1.38325,114900000,1
1756084740000,1756084799000,1.38324,1.38332,1.38317,1.38332,123450000,1
1756084800000,1756084859000,1.38333,1.38337,1.3833,1.38336,82350000,1
1756084860000,1756084919000,1.38336,1.38339,1.38334,1.38338,43200000,1
1756084920000,1756084979000,1.38338,1.3834,1.38335,1.3834,71250000,1
1756084980000,1756085039000,1.38339,1.38341,1.3833,1.3833,46350000,1
1756085040000,1756085099000,1.3833,1.38337,1.3833,1.38336,72750000,1
1756085100000,1756085159000,1.38337,1.38344,1.38337,1.3834,30000000,1
1756085160000,1756085219000,1.3834,1.3835,1.38339,1.38348,44100000,1
1756085220000,1756085279000,1.38348,1.38358,1.38347,1.38358,89100000,1
1756085280000,1756085339000,1.38359,1.38368,1.38359,1.38365,73800000,1
1756085340000,1756085399000,1.38365,1.38371,1.38363,1.38371,76200000,1
1756085400000,1756085459000,1.38371,1.38386,1.3837,1.38382,108600000,1
1756085460000,1756085519000,1.38383,1.3839,1.38381,1.38381,47850000,1
1756085520000,1756085579000,1.38382,1.38398,1.38382,1.3839,71100000,1
1756085580000,1756085639000,1.3839,1.3839,1.38379,1.38379,51750000,1
1756085640000,1756085699000,1.38378,1.38378,1.38371,1.38372,15000000,1
1756085700000,1756085759000,1.38371,1.38373,1.38362,1.38372,68550000,1
1756085760000,1756085819000,1.38373,1.38382,1.38373,1.38382,60450000,1
1756085820000,1756085879000,1.38383,1.38383,1.38379,1.38382,60000000,1
1756085880000,1756085939000,1.38382,1.38394,1.38382,1.38391,72000000,1
1756085940000,1756085999000,1.38393,1.38398,1.38393,1.38393,35550000,1
1756086000000,1756086059000,1.38391,1.38392,1.38383,1.38384,51300000,1
1756086060000,1756086119000,1.38387,1.38391,1.38386,1.3839,48000000,1
1756086120000,1756086179000,1.38392,1.38394,1.38392,1.38392,35100000,1
1756086180000,1756086239000,1.38394,1.38397,1.38393,1.38397,43200000,1
1756086240000,1756086299000,1.38397,1.38401,1.38396,1.384,22500000,1
1756086300000,1756086359000,1.38397,1.38404,1.38396,1.38404,31350000,1
1756086360000,1756086419000,1.38403,1.38416,1.38403,1.38415,88650000,1
1756086420000,1756086479000,1.38416,1.38423,1.38409,1.3841,83400000,1
1756086480000,1756086539000,1.38409,1.38413,1.38406,1.38409,52500000,1
1756086540000,1756086599000,1.38411,1.38418,1.38409,1.3841,76200000,1
1756086600000,1756086659000,1.38411,1.38417,1.38411,1.38414,55650000,1
1756086660000,1756086719000,1.38416,1.38416,1.38409,1.38415,64350000,1
1756086720000,1756086779000,1.38414,1.38417,1.38412,1.38415,29850000,1
1756086780000,1756086839000,1.38415,1.38421,1.38415,1.38421,17250000,1
1756086840000,1756086899000,1.38421,1.38422,1.38418,1.38421,10500000,1
1756086900000,1756086959000,1.38421,1.38425,1.38421,1.38425,13950000,1
1756086960000,1756087019000,1.38427,1.38429,1.38427,1.38429,9450000,1
1756087020000,1756087079000,1.3843,1.38435,1.38426,1.38426,39300000,1
1756087080000,1756087139000,1.38426,1.38429,1.3842,1.3842,49800000,1
1756087140000,1756087199000,1.3842,1.38421,1.38419,1.3842,40200000,1
1756087200000,1756087259000,1.3842,1.38427,1.38419,1.38426,90150000,1
1756087260000,1756087319000,1.38426,1.38429,1.3842,1.38421,51150000,1
1756087320000,1756087379000,1.3842,1.3842,1.38416,1.38416,33000000,1
1756087380000,1756087439000,1.38416,1.38418,1.38401,1.38402,111900000,1
1756087440000,1756087499000,1.38402,1.38409,1.38401,1.38401,51300000,1
1756087500000,1756087559000,1.38402,1.38402,1.38399,1.38401,46500000,1
1756087560000,1756087619000,1.384,1.384,1.38397,1.384,37050000,1
1756087620000,1756087679000,1.384,1.38402,1.38398,1.384,52800000,1
1756087680000,1756087739000,1.38399,1.3841,1.38399,1.38407,62850000,1
1756087740000,1756087799000,1.38408,1.3841,1.38404,1.38408,59550000,1
1756087800000,1756087859000,1.38408,1.38408,1.38401,1.38406,32700000,1
1756087860000,1756087919000,1.38407,1.38415,1.38404,1.3841,55200000,1
1756087920000,1756087979000,1.38409,1.38413,1.38407,1.3841,61200000,1
1756087980000,1756088039000,1.3841,1.38418,1.3841,1.38416,52350000,1
1756088040000,1756088099000,1.38417,1.38418,1.38409,1.38409,97500000,1
1756088100000,1756088159000,1.3841,1.38411,1.38406,1.38409,46800000,1
1756088160000,1756088219000,1.38408,1.3841,1.38407,1.38409,55500000,1
1756088220000,1756088279000,1.38408,1.38409,1.38405,1.38406,42450000,1
1756088280000,1756088339000,1.38405,1.38411,1.38401,1.38409,54900000,1
1756088340000,1756088399000,1.38409,1.38409,1.38399,1.384,58950000,1
1756088400000,1756088459000,1.384,1.38403,1.38394,1.38401,84150000,1
1756088460000,1756088519000,1.384,1.38411,1.384,1.3841,50850000,1
1756088520000,1756088579000,1.3841,1.38413,1.3841,1.38413,21000000,1
1756088580000,1756088639000,1.38412,1.38413,1.384,1.38401,46950000,1
1756088640000,1756088699000,1.38401,1.38404,1.38397,1.38399,45150000,1
1756088700000,1756088759000,1.38397,1.384,1.38396,1.38399,47100000,1
1756088760000,1756088819000,1.38399,1.38403,1.38396,1.38402,50250000,1
1756088820000,1756088879000,1.38402,1.38409,1.38401,1.38407,42600000,1
1756088880000,1756088939000,1.38408,1.38408,1.38403,1.38404,68100000,1
1756088940000,1756088999000,1.38404,1.38407,1.38402,1.38406,54150000,1
1756089000000,1756089059000,1.38406,1.38406,1.38396,1.38398,68850000,1
1756089060000,1756089119000,1.38396,1.38398,1.3839,1.38398,72900000,1
1756089120000,1756089179000,1.38399,1.38401,1.38398,1.38399,37950000,1
1756089180000,1756089239000,1.38398,1.38399,1.38398,1.38399,18000000,1
1756089240000,1756089299000,1.38397,1.38398,1.38391,1.38391,43650000,1
1756089300000,1756089359000,1.38393,1.38398,1.38393,1.38395,51600000,1
1756089360000,1756089419000,1.38395,1.38396,1.38393,1.38393,25200000,1
1756089420000,1756089479000,1.38393,1.38396,1.38386,1.38389,93600000,1
1756089480000,1756089539000,1.38389,1.38408,1.38389,1.38403,79800000,1
1756089540000,1756089599000,1.38403,1.38405,1.3839,1.38392,48000000,1
1756089600000,1756089659000,1.3839,1.38396,1.3839,1.38394,36300000,1
1756089660000,1756089719000,1.38395,1.38395,1.38389,1.38391,89100000,1
1756089720000,1756089779000,1.3839,1.38393,1.3839,1.38392,28200000,1
1756089780000,1756089839000,1.38393,1.38393,1.38391,1.38392,27750000,1
1756089840000,1756089899000,1.38391,1.38394,1.3839,1.38391,31050000,1
1756089900000,1756089959000,1.3839,1.38392,1.38385,1.38391,34350000,1
1756089960000,1756090019000,1.3839,1.38396,1.38389,1.38396,43350000,1
1756090020000,1756090079000,1.38395,1.38395,1.38387,1.38388,34950000,1
1756090080000,1756090139000,1.38391,1.38391,1.38387,1.38389,24300000,1
1756090140000,1756090199000,1.38388,1.38389,1.38388,1.38389,13500000,1
1756090200000,1756090259000,1.38389,1.38389,1.38377,1.3838,44850000,1
1756090260000,1756090319000,1.38379,1.38387,1.38379,1.38387,31200000,1
1756090320000,1756090379000,1.38387,1.38387,1.38371,1.38371,60450000,1
1756090380000,1756090439000,1.38372,1.38393,1.3837,1.38392,112050000,1
1756090440000,1756090499000,1.38393,1.38393,1.38383,1.38384,47100000,1
1756090500000,1756090559000,1.38383,1.38388,1.38383,1.38388,71700000,1
1756090560000,1756090619000,1.38387,1.38387,1.38383,1.38387,74550000,1
1756090620000,1756090679000,1.38387,1.38387,1.38383,1.38383,86400000,1
1756090680000,1756090739000,1.38384,1.38385,1.38383,1.38384,66750000,1
1756090740000,1756090799000,1.38384,1.38387,1.38382,1.38383,57600000,1
1756090800000,1756090859000,1.38383,1.38394,1.38382,1.38385,59850000,1
1756090860000,1756090919000,1.38386,1.38389,1.38382,1.38382,47400000,1
1756090920000,1756090979000,1.38382,1.38384,1.38381,1.38382,71850000,1
1756090980000,1756091039000,1.38382,1.38384,1.38368,1.38369,64350000,1
1756091040000,1756091099000,1.38369,1.38372,1.38369,1.38371,27750000,1
1756091100000,1756091159000,1.38371,1.38373,1.38359,1.38359,63750000,1
1756091160000,1756091219000,1.38361,1.38362,1.3835,1.3835,39600000,1
1756091220000,1756091279000,1.38351,1.38352,1.38347,1.38351,69750000,1
1756091280000,1756091339000,1.38351,1.38352,1.38345,1.38349,71850000,1
1756091340000,1756091399000,1.3835,1.3835,1.38345,1.38348,69600000,1
1756091400000,1756091459000,1.38348,1.38348,1.38346,1.38346,35100000,1
1756091460000,1756091519000,1.38347,1.38348,1.3834,1.38343,37500000,1
1756091520000,1756091579000,1.38341,1.38341,1.38335,1.38336,51900000,1
1756091580000,1756091639000,1.38339,1.38342,1.38335,1.3834,98550000,1
1756091640000,1756091699000,1.38338,1.38338,1.38331,1.38331,45300000,1
1756091700000,1756091759000,1.38332,1.3835,1.38332,1.3835,81750000,1
1756091760000,1756091819000,1.3835,1.3835,1.38337,1.38341,121800000,1
1756091820000,1756091879000,1.38341,1.38348,1.3834,1.38348,55350000,1
1756091880000,1756091939000,1.38348,1.38348,1.38339,1.3834,51300000,1
1756091940000,1756091999000,1.38341,1.38344,1.38341,1.38344,45150000,1
1756092000000,1756092059000,1.38344,1.38345,1.38341,1.38342,27750000,1
1756092060000,1756092119000,1.3834,1.3834,1.38331,1.38333,77850000,1
1756092120000,1756092179000,1.38332,1.38335,1.38332,1.38335,12150000,1
1756092180000,1756092239000,1.38338,1.38341,1.38337,1.3834,43200000,1
1756092240000,1756092299000,1.3834,1.38348,1.3834,1.38346,36300000,1
1756092300000,1756092359000,1.38346,1.3836,1.38346,1.3836,73050000,1
1756092360000,1756092419000,1.3836,1.38366,1.38356,1.38356,41700000,1
1756092420000,1756092479000,1.38357,1.38357,1.38347,1.38349,79950000,1
1756092480000,1756092539000,1.38349,1.3835,1.38346,1.38348,61350000,1
1756092540000,1756092599000,1.38349,1.38349,1.38347,1.38347,44100000,1
1756092600000,1756092659000,1.38348,1.38353,1.38347,1.38352,91200000,1
1756092660000,1756092719000,1.38352,1.38359,1.3835,1.38359,37350000,1
1756092720000,1756092779000,1.38358,1.3836,1.38355,1.38355,62400000,1
1756092780000,1756092839000,1.38355,1.38362,1.3835,1.38353,73200000,1
1756092840000,1756092899000,1.38352,1.38358,1.38348,1.38351,97950000,1
1756092900000,1756092959000,1.38351,1.38352,1.38348,1.38349,48150000,1
1756092960000,1756093019000,1.38349,1.38349,1.38339,1.3834,58050000,1
1756093020000,1756093079000,1.38339,1.3834,1.38338,1.38338,40050000,1
1756093080000,1756093139000,1.38338,1.38338,1.38324,1.38324,73200000,1
1756093140000,1756093199000,1.38324,1.38324,1.38323,1.38324,16950000,1
1756093200000,1756093259000,1.38324,1.38333,1.38324,1.38333,39450000,1
1756093260000,1756093319000,1.38332,1.38332,1.38323,1.38324,44250000,1
1756093320000,1756093379000,1.38323,1.38327,1.38319,1.3832,62850000,1
1756093380000,1756093439000,1.38322,1.38329,1.38321,1.38329,27300000,1
1756093440000,1756093499000,1.3833,1.38331,1.38329,1.38329,82050000,1
1756093500000,1756093559000,1.38329,1.38331,1.38328,1.3833,92400000,1
1756093560000,1756093619000,1.3833,1.38333,1.3833,1.38332,39150000,1
1756093620000,1756093679000,1.38332,1.38335,1.38326,1.38326,80400000,1
1756093680000,1756093739000,1.38325,1.38329,1.38325,1.38329,58350000,1
1756093740000,1756093799000,1.3833,1.3833,1.38324,1.38324,91800000,1
1756093800000,1756093859000,1.38324,1.38327,1.38323,1.38327,21900000,1
1756093860000,1756093919000,1.38326,1.38336,1.38326,1.38336,40950000,1
1756093920000,1756093979000,1.38331,1.38332,1.38321,1.38322,56400000,1
1756093980000,1756094039000,1.38322,1.38323,1.38321,1.38322,34200000,1
1756094040000,1756094099000,1.38322,1.38325,1.38322,1.38325,62250000,1
1756094100000,1756094159000,1.38324,1.38324,1.38319,1.3832,54000000,1
1756094160000,1756094219000,1.38321,1.38321,1.3832,1.38321,27900000,1
1756094220000,1756094279000,1.38321,1.38322,1.38318,1.3832,41850000,1
1756094280000,1756094339000,1.38321,1.38328,1.3832,1.38326,94350000,1
1756094340000,1756094399000,1.38326,1.38334,1.38326,1.38334,93150000,1
1756094400000,1756094459000,1.38332,1.38332,1.38324,1.38325,75300000,1
1756094460000,1756094519000,1.38326,1.38329,1.38326,1.38327,87300000,1
1756094520000,1756094579000,1.38326,1.38327,1.38322,1.38323,28050000,1
1756094580000,1756094639000,1.38323,1.38325,1.38323,1.38323,12150000,1
1756094640000,1756094699000,1.38324,1.38335,1.38324,1.38334,34050000,1
1756094700000,1756094759000,1.38331,1.38335,1.38331,1.38331,54150000,1
1756094760000,1756094819000,1.38331,1.38333,1.3833,1.38333,39300000,1
1756094820000,1756094879000,1.38332,1.38334,1.38332,1.38333,13050000,1
1756094880000,1756094939000,1.38332,1.38342,1.38332,1.38337,21000000,1
1756094940000,1756094999000,1.3834,1.38343,1.3834,1.3834,69450000,1
1756095000000,1756095059000,1.38341,1.38341,1.38339,1.3834,24300000,1
1756095060000,1756095119000,1.3834,1.3834,1.38332,1.38338,38250000,1
1756095120000,1756095179000,1.38338,1.3834,1.38334,1.3834,57150000,1
1756095180000,1756095239000,1.3834,1.38341,1.38339,1.38339,48750000,1
1756095240000,1756095299000,1.38338,1.38345,1.38338,1.38343,49800000,1
1756095300000,1756095359000,1.38344,1.38344,1.38341,1.38341,38550000,1
1756095360000,1756095419000,1.3834,1.38341,1.38332,1.38332,36600000,1
1756095420000,1756095479000,1.38332,1.38341,1.3833,1.38339,29550000,1
1756095480000,1756095539000,1.3834,1.38343,1.3834,1.38342,28950000,1
1756095540000,1756095599000,1.38343,1.38343,1.38342,1.38342,13950000,1
1756095600000,1756095659000,1.38344,1.38349,1.38344,1.38348,49950000,1
1756095660000,1756095719000,1.38349,1.3835,1.38345,1.38348,24150000,1
1756095720000,1756095779000,1.38348,1.3835,1.38347,1.38349,29100000,1
1756095780000,1756095839000,1.38346,1.38349,1.38342,1.38344,38400000,1
1756095840000,1756095899000,1.38344,1.38345,1.38344,1.38344,15300000,1
1756095900000,1756095959000,1.38345,1.38351,1.38345,1.38349,23400000,1
1756095960000,1756096019000,1.38347,1.38347,1.38344,1.38344,32700000,1
1756096020000,1756096079000,1.38344,1.38347,1.38341,1.38346,67950000,1
1756096080000,1756096139000,1.38346,1.38347,1.38344,1.38347,38700000,1
1756096140000,1756096199000,1.38347,1.38349,1.38345,1.38346,63750000,1
1756096200000,1756096259000,1.38346,1.38346,1.38337,1.38337,66750000,1
1756096260000,1756096319000,1.38338,1.38339,1.38333,1.38333,37500000,1
1756096320000,1756096379000,1.38333,1.38335,1.38331,1.38333,21150000,1
1756096380000,1756096439000,1.38333,1.38333,1.38331,1.38333,14100000,1
1756096440000,1756096499000,1.38333,1.38336,1.38333,1.38336,24450000,1
1756096500000,1756096559000,1.38335,1.38336,1.38334,1.38335,17100000,1
1756096560000,1756096619000,1.38334,1.38334,1.38323,1.38324,65850000,1
1756096620000,1756096679000,1.38324,1.38329,1.38324,1.38328,33900000,1
1756096680000,1756096739000,1.38329,1.3833,1.38326,1.38329,30600000,1
1756096740000,1756096799000,1.38328,1.38328,1.38322,1.38325,29100000,1
1756096800000,1756096859000,1.38326,1.38326,1.38315,1.38315,32250000,1
1756096860000,1756096919000,1.38315,1.38322,1.38315,1.38321,24000000,1
1756096920000,1756096979000,1.38321,1.38322,1.38321,1.38322,43650000,1
1756096980000,1756097039000,1.38322,1.38323,1.3832,1.38322,17850000,1
1756097040000,1756097099000,1.38321,1.38331,1.38321,1.3833,51300000,1
1756097100000,1756097159000,1.3833,1.38332,1.38326,1.38328,60300000,1
1756097160000,1756097219000,1.38329,1.3833,1.38327,1.38328,34650000,1
1756097220000,1756097279000,1.38328,1.38331,1.38325,1.38325,54900000,1
1756097280000,1756097339000,1.38326,1.3833,1.38326,1.38329,48150000,1
1756097340000,1756097399000,1.38331,1.3834,1.38331,1.3834,37800000,1
1756097400000,1756097459000,1.38339,1.38342,1.38336,1.38336,36900000,1
1756097460000,1756097519000,1.38338,1.38339,1.3833,1.38332,34350000,1
1756097520000,1756097579000,1.38332,1.38333,1.38328,1.38328,18900000,1
1756097580000,1756097639000,1.38328,1.38336,1.38328,1.38334,34350000,1
1756097640000,1756097699000,1.38334,1.3834,1.38332,1.38338,18900000,1
1756097700000,1756097759000,1.38338,1.38341,1.38338,1.3834,41250000,1
1756097760000,1756097819000,1.38341,1.38341,1.3833,1.3833,34650000,1
1756097820000,1756097879000,1.3833,1.38332,1.38328,1.38331,59400000,1
1756097880000,1756097939000,1.3833,1.38334,1.38329,1.38333,65250000,1
1756097940000,1756097999000,1.38333,1.38346,1.38333,1.38343,40200000,1
1756098000000,1756098059000,1.38344,1.38345,1.38338,1.3834,77550000,1
1756098060000,1756098119000,1.38341,1.3835,1.38341,1.3835,67650000,1
1756098120000,1756098179000,1.38349,1.3835,1.38347,1.3835,41100000,1
1756098180000,1756098239000,1.38352,1.38352,1.38342,1.38342,36000000,1
1756098240000,1756098299000,1.38343,1.38343,1.38341,1.38341,14250000,1
1756098300000,1756098359000,1.38341,1.38342,1.38335,1.38339,34950000,1
1756098360000,1756098419000,1.38341,1.38344,1.3834,1.38343,45450000,1
1756098420000,1756098479000,1.38343,1.38343,1.38342,1.38343,10500000,1
1756098480000,1756098539000,1.38341,1.38341,1.38341,1.38341,10200000,1
1756098540000,1756098599000,1.38342,1.38342,1.38342,1.38342,8550000,1
1756098600000,1756098659000,1.38343,1.38348,1.38343,1.38348,34050000,1
1756098660000,1756098719000,1.38346,1.38346,1.3834,1.38341,45600000,1
1756098720000,1756098779000,1.38342,1.38345,1.38342,1.38343,34650000,1
1756098780000,1756098839000,1.38343,1.38344,1.38342,1.38344,20100000,1
1756098840000,1756098899000,1.38344,1.38348,1.38343,1.38347,54000000,1
1756098900000,1756098959000,1.38347,1.38347,1.38345,1.38346,58500000,1
1756098960000,1756099019000,1.38346,1.38347,1.38345,1.38347,78300000,1
1756099020000,1756099079000,1.38345,1.38351,1.38342,1.38351,37350000,1
1756099080000,1756099139000,1.38347,1.38351,1.38342,1.38351,18900000,1
1756099140000,1756099199000,1.3835,1.38352,1.38345,1.3835,43650000,1
1756099200000,1756099259000,1.38348,1.38348,1.3833,1.3833,48000000,1
1756099260000,1756099319000,1.3833,1.38332,1.38329,1.3833,40350000,1
1756099320000,1756099379000,1.3833,1.38332,1.38329,1.38332,17400000,1
1756099380000,1756099439000,1.38332,1.38333,1.38331,1.38332,45450000,1
1756099440000,1756099499000,1.38331,1.38334,1.38331,1.38332,41100000,1
1756099500000,1756099559000,1.38333,1.38333,1.38331,1.38331,7200000,1
1756099560000,1756099619000,1.38332,1.38342,1.38331,1.38342,35400000,1
1756099620000,1756099679000,1.38341,1.38344,1.3834,1.38341,21450000,1
1756099680000,1756099739000,1.3834,1.38341,1.38335,1.38338,28650000,1
1756099740000,1756099799000,1.38338,1.38342,1.38338,1.38342,12750000,1
1756099800000,1756099859000,1.38345,1.38361,1.38345,1.3836,37650000,1
1756099860000,1756099919000,1.38361,1.38364,1.3836,1.38363,30150000,1
1756099920000,1756099979000,1.38363,1.38365,1.38358,1.38358,36900000,1
1756099980000,1756100039000,1.38358,1.38358,1.38353,1.38355,23250000,1
1756100040000,1756100099000,1.38356,1.38362,1.38356,1.38362,21300000,1
1756100100000,1756100159000,1.38363,1.38365,1.38361,1.38361,41100000,1
1756100160000,1756100219000,1.38361,1.38361,1.38361,1.38361,0,1
1756100220000,1756100279000,1.38361,1.38362,1.3836,1.3836,23250000,1
1756100280000,1756100339000,1.3836,1.38363,1.3836,1.38363,5700000,1
1756100340000,1756100399000,1.38363,1.38363,1.38343,1.38344,50850000,1
1756100400000,1756100459000,1.38345,1.38349,1.38345,1.38349,42600000,1
1756100460000,1756100519000,1.38349,1.38353,1.38349,1.3835,23250000,1
1756100520000,1756100579000,1.38351,1.38351,1.38347,1.38348,19050000,1
1756100580000,1756100639000,1.38349,1.38353,1.38344,1.38346,70950000,1
1756100640000,1756100699000,1.38345,1.38345,1.38339,1.3834,22200000,1
1756100700000,1756100759000,1.38341,1.38353,1.3834,1.3835,59250000,1
1756100760000,1756100819000,1.3835,1.38354,1.38346,1.38351,47100000,1
1756100820000,1756100879000,1.38352,1.38354,1.3835,1.38354,19500000,1
1756100880000,1756100939000,1.38353,1.38358,1.38352,1.38352,48600000,1
1756100940000,1756100999000,1.38352,1.38362,1.38351,1.38362,45600000,1
1756101000000,1756101059000,1.38363,1.38363,1.3835,1.38352,52200000,1
1756101060000,1756101119000,1.38352,1.38352,1.38343,1.38348,47250000,1
1756101120000,1756101179000,1.38348,1.38351,1.38342,1.38351,59850000,1
1756101180000,1756101239000,1.3835,1.38351,1.38335,1.38337,103950000,1
1756101240000,1756101299000,1.38337,1.38349,1.38336,1.38349,65550000,1
1756101300000,1756101359000,1.3835,1.38372,1.3835,1.38371,112650000,1
1756101360000,1756101419000,1.3837,1.3837,1.38367,1.38368,55200000,1
1756101420000,1756101479000,1.38368,1.38368,1.38354,1.38361,47250000,1
1756101480000,1756101539000,1.3836,1.38361,1.3836,1.38361,42900000,1
1756101540000,1756101599000,1.38362,1.38365,1.3836,1.3836,39900000,1
1756101600000,1756101659000,1.38361,1.38361,1.3834,1.38342,69300000,1
1756101660000,1756101719000,1.38341,1.38341,1.38329,1.38332,67500000,1
1756101720000,1756101779000,1.38331,1.38331,1.3832,1.38322,74400000,1
1756101780000,1756101839000,1.38321,1.38324,1.38316,1.38323,75300000,1
1756101840000,1756101899000,1.38322,1.38329,1.38317,1.38325,37050000,1
1756101900000,1756101959000,1.38324,1.38328,1.38324,1.38326,33750000,1
1756101960000,1756102019000,1.38325,1.38325,1.38314,1.38314,33150000,1
1756102020000,1756102079000,1.38314,1.38314,1.38304,1.38304,45300000,1
1756102080000,1756102139000,1.38303,1.38306,1.38292,1.38299,164100000,1
1756102140000,1756102199000,1.38299,1.3831,1.38294,1.38301,80700000,1
1756102200000,1756102259000,1.38302,1.38305,1.38299,1.38299,50400000,1
1756102260000,1756102319000,1.383,1.38301,1.38295,1.38301,56850000,1
1756102320000,1756102379000,1.38299,1.38299,1.3829,1.3829,39000000,1
1756102380000,1756102439000,1.38291,1.38292,1.38285,1.38286,34050000,1
1756102440000,1756102499000,1.38284,1.38287,1.38263,1.38263,90450000,1
1756102500000,1756102559000,1.38263,1.38265,1.38262,1.38262,59850000,1
1756102560000,1756102619000,1.38263,1.38264,1.38249,1.38254,68400000,1
1756102620000,1756102679000,1.38252,1.38253,1.38242,1.38243,74250000,1
1756102680000,1756102739000,1.38243,1.38247,1.38238,1.38242,69300000,1
1756102740000,1756102799000,1.38242,1.38242,1.38223,1.38224,107490000,1
1756102800000,1756102859000,1.38223,1.38229,1.38215,1.38226,92490000,1
1756102860000,1756102919000,1.38227,1.38232,1.38225,1.38227,151950000,1
1756102920000,1756102979000,1.38227,1.38229,1.38213,1.38215,71400000,1
1756102980000,1756103039000,1.38214,1.38217,1.38206,1.38211,92100000,1
1756103040000,1756103099000,1.38211,1.38217,1.3821,1.38215,53250000,1
1756103100000,1756103159000,1.38216,1.38219,1.38213,1.38215,72750000,1
1756103160000,1756103219000,1.38216,1.38217,1.38206,1.38206,86250000,1
1756103220000,1756103279000,1.38207,1.38219,1.38207,1.38215,44400000,1
1756103280000,1756103339000,1.38215,1.38224,1.38215,1.38224,16950000,1
1756103340000,1756103399000,1.38222,1.38222,1.38213,1.38214,50100000,1
1756103400000,1756103459000,1.38214,1.38226,1.38214,1.38225,60750000,1
1756103460000,1756103519000,1.38226,1.3823,1.38225,1.38226,29850000,1
1756103520000,1756103579000,1.38228,1.38237,1.38228,1.38235,31800000,1
1756103580000,1756103639000,1.38233,1.38234,1.38227,1.38228,18150000,1
1756103640000,1756103699000,1.38228,1.38232,1.38217,1.38219,52950000,1
1756103700000,1756103759000,1.38218,1.3822,1.38216,1.38218,73500000,1
1756103760000,1756103819000,1.38217,1.38244,1.38217,1.38244,58500000,1
1756103820000,1756103879000,1.38244,1.38267,1.3824,1.38265,56250000,1
1756103880000,1756103939000,1.38263,1.38264,1.38255,1.38256,45600000,1
1756103940000,1756103999000,1.38255,1.38258,1.38252,1.38258,44400000,1
1756104000000,1756104059000,1.38256,1.38257,1.38248,1.38253,43200000,1
1756104060000,1756104119000,1.38252,1.38253,1.38239,1.38239,38850000,1
1756104120000,1756104179000,1.38243,1.38243,1.38235,1.38238,26700000,1
1756104180000,1756104239000,1.38237,1.3824,1.38236,1.38239,46350000,1
1756104240000,1756104299000,1.3824,1.38253,1.38233,1.38233,71700000,1
1756104300000,1756104359000,1.38233,1.38248,1.38233,1.38244,42750000,1
1756104360000,1756104419000,1.38245,1.3825,1.38244,1.3825,27000000,1
1756104420000,1756104479000,1.3825,1.3825,1.38237,1.38237,33450000,1
1756104480000,1756104539000,1.38238,1.3825,1.38237,1.38241,79200000,1
1756104540000,1756104599000,1.38242,1.38247,1.38236,1.38247,36750000,1
1756104600000,1756104659000,1.38247,1.38256,1.38244,1.38256,31350000,1
1756104660000,1756104719000,1.38255,1.38255,1.38234,1.38235,46800000,1
1756104720000,1756104779000,1.38235,1.38246,1.38234,1.38242,52350000,1
1756104780000,1756104839000,1.38239,1.38239,1.38232,1.38237,25650000,1
1756104840000,1756104899000,1.38237,1.38245,1.38235,1.38244,102000000,1
1756104900000,1756104959000,1.38244,1.38254,1.38244,1.38254,73050000,1
1756104960000,1756105019000,1.38255,1.38266,1.38255,1.38258,36150000,1
1756105020000,1756105079000,1.38257,1.38257,1.38251,1.38254,41250000,1
1756105080000,1756105139000,1.38253,1.38253,1.38235,1.38241,91050000,1
1756105140000,1756105199000,1.38243,1.38252,1.3824,1.38246,156900000,1
1756105200000,1756105259000,1.38246,1.38264,1.38243,1.3826,163050000,1
1756105260000,1756105319000,1.38261,1.38293,1.38261,1.38292,67950000,1
1756105320000,1756105379000,1.38291,1.38294,1.38279,1.38281,76500000,1
1756105380000,1756105439000,1.38281,1.38293,1.38281,1.38291,68850000,1
1756105440000,1756105499000,1.38291,1.38293,1.38278,1.3828,89850000,1
1756105500000,1756105559000,1.3828,1.38283,1.38277,1.38283,53850000,1
1756105560000,1756105619000,1.38285,1.38294,1.38284,1.38285,37200000,1
1756105620000,1756105679000,1.38285,1.38293,1.38282,1.38283,79200000,1
1756105680000,1756105739000,1.38283,1.38293,1.38282,1.38293,69300000,1
1756105740000,1756105799000,1.38292,1.38303,1.38292,1.38299,62100000,1
1756105800000,1756105859000,1.383,1.38316,1.38299,1.38312,65850000,1
1756105860000,1756105919000,1.38312,1.38315,1.38307,1.38307,54000000,1
1756105920000,1756105979000,1.38307,1.38312,1.38307,1.38311,31800000,1
1756105980000,1756106039000,1.38312,1.38312,1.38307,1.38309,31650000,1
1756106040000,1756106099000,1.38309,1.38315,1.38302,1.38311,55050000,1
1756106100000,1756106159000,1.38311,1.38317,1.3831,1.38316,48750000,1
1756106160000,1756106219000,1.38317,1.38317,1.38311,1.38312,53850000,1
1756106220000,1756106279000,1.38312,1.38316,1.38312,1.38314,62550000,1
1756106280000,1756106339000,1.38316,1.38327,1.38314,1.38326,90450000,1
1756106340000,1756106399000,1.38325,1.38326,1.38309,1.3831,64950000,1
1756106400000,1756106459000,1.38309,1.38314,1.38296,1.38311,89850000,1
1756106460000,1756106519000,1.3831,1.38313,1.38309,1.38311,52500000,1
1756106520000,1756106579000,1.38312,1.38314,1.38304,1.38313,48900000,1
1756106580000,1756106639000,1.38313,1.38315,1.38311,1.38314,26850000,1
1756106640000,1756106699000,1.38315,1.38316,1.38303,1.38303,26100000,1
1756106700000,1756106759000,1.38304,1.38304,1.38291,1.38292,89100000,1
1756106760000,1756106819000,1.38292,1.38303,1.38292,1.38303,25650000,1
1756106820000,1756106879000,1.38302,1.38303,1.38296,1.38301,27900000,1
1756106880000,1756106939000,1.38299,1.38301,1.38293,1.383,54450000,1
1756106940000,1756106999000,1.38301,1.38311,1.383,1.38309,87300000,1
1756107000000,1756107059000,1.3831,1.38312,1.38302,1.38303,81450000,1
1756107060000,1756107119000,1.38305,1.38305,1.38292,1.38292,34800000,1
1756107120000,1756107179000,1.38293,1.38296,1.38292,1.38294,52650000,1
1756107180000,1756107239000,1.38293,1.383,1.38293,1.38298,36600000,1
1756107240000,1756107299000,1.383,1.38313,1.383,1.38313,65850000,1
1756107300000,1756107359000,1.38313,1.38323,1.38311,1.38322,88050000,1
1756107360000,1756107419000,1.38323,1.38324,1.38321,1.38321,23550000,1
1756107420000,1756107479000,1.38321,1.38328,1.38321,1.38324,120750000,1
1756107480000,1756107539000,1.38325,1.3833,1.38322,1.38325,78300000,1
1756107540000,1756107599000,1.38324,1.38329,1.38324,1.38325,54300000,1
1756107600000,1756107659000,1.38323,1.38324,1.38319,1.38319,99150000,1
1756107660000,1756107719000,1.38318,1.38326,1.38315,1.38326,55050000,1
1756107720000,1756107779000,1.38325,1.38327,1.38323,1.38324,42450000,1
1756107780000,1756107839000,1.38325,1.38326,1.38309,1.3831,57750000,1
1756107840000,1756107899000,1.38311,1.38312,1.38301,1.38303,60300000,1
1756107900000,1756107959000,1.38304,1.38313,1.38304,1.38307,63300000,1
1756107960000,1756108019000,1.38311,1.38313,1.38302,1.38303,66600000,1
1756108020000,1756108079000,1.38303,1.38308,1.38302,1.38307,29400000,1
1756108080000,1756108139000,1.38309,1.38314,1.38304,1.38305,52800000,1
1756108140000,1756108199000,1.38304,1.38314,1.38302,1.38314,25050000,1
1756108200000,1756108259000,1.38313,1.38315,1.38291,1.38292,50100000,1
1756108260000,1756108319000,1.38292,1.38294,1.38278,1.38279,87300000,1
1756108320000,1756108379000,1.38277,1.38296,1.38277,1.38296,65250000,1
1756108380000,1756108439000,1.38295,1.383,1.38293,1.38299,66750000,1
1756108440000,1756108499000,1.38299,1.38326,1.38299,1.38325,104100000,1
1756108500000,1756108559000,1.38326,1.38358,1.38326,1.38338,172950000,1
1756108560000,1756108619000,1.38338,1.38346,1.38334,1.38345,118500000,1
1756108620000,1756108679000,1.38344,1.38356,1.38344,1.38355,49800000,1
1756108680000,1756108739000,1.38357,1.38358,1.38354,1.38358,48900000,1
1756108740000,1756108799000,1.38358,1.38367,1.38354,1.38354,128700000,1
1756108800000,1756108859000,1.38354,1.38363,1.3834,1.38351,115350000,1
1756108860000,1756108919000,1.38353,1.38355,1.3835,1.38352,60000000,1
1756108920000,1756108979000,1.38352,1.38353,1.38342,1.38349,146400000,1
1756108980000,1756109039000,1.38347,1.3835,1.38333,1.38333,90750000,1
1756109040000,1756109099000,1.38333,1.38336,1.38321,1.38336,81540000,1
1756109100000,1756109159000,1.38337,1.38339,1.38321,1.38321,106950000,1
1756109160000,1756109219000,1.38321,1.38333,1.38321,1.38328,153150000,1
1756109220000,1756109279000,1.38329,1.3833,1.38323,1.38326,32400000,1
1756109280000,1756109339000,1.38325,1.38327,1.38322,1.38322,27450000,1
1756109340000,1756109399000,1.38322,1.38322,1.38316,1.38318,25650000,1
1756109400000,1756109459000,1.38317,1.38317,1.3831,1.38311,80550000,1
1756109460000,1756109519000,1.38309,1.38309,1.38284,1.38285,84450000,1
1756109520000,1756109579000,1.38286,1.38295,1.38285,1.38286,47550000,1
1756109580000,1756109639000,1.38287,1.38288,1.38278,1.38283,110700000,1
1756109640000,1756109699000,1.38284,1.38285,1.38279,1.38285,72750000,1
1756109700000,1756109759000,1.38284,1.3829,1.38281,1.38285,111390000,1
1756109760000,1756109819000,1.38286,1.3829,1.38282,1.38288,101700000,1
1756109820000,1756109879000,1.3829,1.3829,1.38278,1.3828,81450000,1
1756109880000,1756109939000,1.3828,1.3828,1.38267,1.38267,80400000,1
1756109940000,1756109999000,1.38268,1.38269,1.38257,1.3826,48750000,1
1756110000000,1756110059000,1.38259,1.38277,1.38259,1.38273,79200000,1
1756110060000,1756110119000,1.38272,1.38279,1.38263,1.38263,85650000,1
1756110120000,1756110179000,1.38263,1.38275,1.38263,1.38267,93000000,1
1756110180000,1756110239000,1.38267,1.3827,1.38258,1.38258,34050000,1
1756110240000,1756110299000,1.38258,1.38263,1.38257,1.38258,96900000,1
1756110300000,1756110359000,1.38257,1.3826,1.38256,1.38256,63750000,1
1756110360000,1756110419000,1.38256,1.38258,1.38245,1.38246,30300000,1
1756110420000,1756110479000,1.38245,1.38247,1.38237,1.38247,94500000,1
1756110480000,1756110539000,1.38251,1.38259,1.38251,1.38256,63150000,1
1756110540000,1756110599000,1.38256,1.38267,1.38253,1.38266,82800000,1
1756110600000,1756110659000,1.38266,1.38273,1.3826,1.38271,78600000,1
1756110660000,1756110719000,1.38272,1.38276,1.38272,1.38274,67650000,1
1756110720000,1756110779000,1.38274,1.38275,1.38268,1.38275,51000000,1
1756110780000,1756110839000,1.38274,1.38277,1.38267,1.38272,95700000,1
1756110840000,1756110899000,1.38272,1.38272,1.38258,1.38262,52800000,1
1756110900000,1756110959000,1.38262,1.38269,1.38262,1.38269,37950000,1
1756110960000,1756111019000,1.38267,1.38267,1.38256,1.38256,27150000,1
1756111020000,1756111079000,1.38257,1.38264,1.38255,1.38264,41250000,1
1756111080000,1756111139000,1.38262,1.38262,1.38255,1.38259,15300000,1
1756111140000,1756111199000,1.38257,1.38257,1.38249,1.38252,47850000,1
1756111200000,1756111259000,1.38254,1.38256,1.38253,1.38254,67800000,1
1756111260000,1756111319000,1.38254,1.38254,1.38246,1.3825,63750000,1
1756111320000,1756111379000,1.3825,1.38263,1.38248,1.38259,47850000,1
1756111380000,1756111439000,1.38258,1.38267,1.38258,1.38267,58050000,1
1756111440000,1756111499000,1.38267,1.38276,1.38267,1.38274,51300000,1
1756111500000,1756111559000,1.38274,1.38274,1.38258,1.3826,32700000,1
1756111560000,1756111619000,1.38259,1.38267,1.38257,1.38257,36300000,1
1756111620000,1756111679000,1.38256,1.38266,1.38256,1.38266,72150000,1
1756111680000,1756111739000,1.38265,1.38269,1.38248,1.38249,37650000,1
1756111740000,1756111799000,1.3825,1.3825,1.38241,1.38243,51000000,1
1756111800000,1756111859000,1.38244,1.38244,1.38229,1.38233,51900000,1
1756111860000,1756111919000,1.38234,1.38237,1.38231,1.38234,80700000,1
1756111920000,1756111979000,1.38235,1.3824,1.38234,1.3824,70050000,1
1756111980000,1756112039000,1.38239,1.38253,1.38239,1.38249,58800000,1
1756112040000,1756112099000,1.38248,1.38249,1.38245,1.38248,44100000,1
1756112100000,1756112159000,1.3825,1.38278,1.3825,1.38271,119400000,1
1756112160000,1756112219000,1.38272,1.38281,1.38272,1.38281,126900000,1
1756112220000,1756112279000,1.38278,1.38279,1.38258,1.38262,97950000,1
1756112280000,1756112339000,1.38261,1.38264,1.38256,1.38262,101550000,1
1756112340000,1756112399000,1.38262,1.38269,1.38262,1.38269,51450000,1
1756112400000,1756112459000,1.38269,1.38282,1.38267,1.38281,62400000,1
1756112460000,1756112519000,1.38281,1.38282,1.38267,1.38267,45300000,1
1756112520000,1756112579000,1.38267,1.3827,1.38265,1.38267,52050000,1
1756112580000,1756112639000,1.38267,1.38268,1.38257,1.38257,30000000,1
1756112640000,1756112699000,1.38258,1.38266,1.38258,1.38266,18750000,1
1756112700000,1756112759000,1.38267,1.38267,1.38261,1.38264,29550000,1
1756112760000,1756112819000,1.38268,1.3827,1.38266,1.38268,24000000,1
1756112820000,1756112879000,1.38268,1.38277,1.38267,1.3827,36000000,1
1756112880000,1756112939000,1.3827,1.38275,1.38269,1.38275,72750000,1
1756112940000,1756112999000,1.38275,1.38285,1.3827,1.38285,53850000,1
1756113000000,1756113059000,1.38286,1.38288,1.38277,1.38277,38850000,1
1756113060000,1756113119000,1.38279,1.38287,1.38279,1.38287,28050000,1
1756113120000,1756113179000,1.3829,1.38293,1.38289,1.38293,36150000,1
1756113180000,1756113239000,1.38293,1.38297,1.38291,1.38296,41850000,1
1756113240000,1756113299000,1.38296,1.38303,1.38295,1.38295,34200000,1
1756113300000,1756113359000,1.38296,1.38297,1.38295,1.38295,28350000,1
1756113360000,1756113419000,1.38295,1.38309,1.38295,1.38305,50550000,1
1756113420000,1756113479000,1.38305,1.38307,1.38305,1.38305,18300000,1
1756113480000,1756113539000,1.38305,1.38305,1.38285,1.38286,30600000,1
1756113540000,1756113599000,1.38286,1.3829,1.38285,1.38285,26400000,1
1756113600000,1756113659000,1.38285,1.38287,1.38284,1.38287,42900000,1
1756113660000,1756113719000,1.38288,1.38291,1.38285,1.38285,48300000,1
1756113720000,1756113779000,1.38285,1.38292,1.38285,1.38287,55950000,1
1756113780000,1756113839000,1.38289,1.38289,1.38285,1.38286,30450000,1
1756113840000,1756113899000,1.38284,1.38286,1.38283,1.38285,54000000,1
1756113900000,1756113959000,1.38285,1.38286,1.38275,1.38275,69000000,1
1756113960000,1756114019000,1.38277,1.38283,1.38274,1.38282,55950000,1
1756114020000,1756114079000,1.38283,1.38293,1.38283,1.38288,35550000,1
1756114080000,1756114139000,1.38289,1.38292,1.38286,1.38286,71100000,1
1756114140000,1756114199000,1.38287,1.38291,1.38285,1.38291,49050000,1
1756114200000,1756114259000,1.38291,1.38291,1.38285,1.38286,47250000,1
1756114260000,1756114319000,1.38286,1.38294,1.38285,1.38292,44850000,1
1756114320000,1756114379000,1.38292,1.38293,1.38283,1.38284,104700000,1
1756114380000,1756114439000,1.38287,1.38293,1.3828,1.38282,106650000,1
1756114440000,1756114499000,1.38282,1.38285,1.38278,1.38279,87600000,1
1756114500000,1756114559000,1.38281,1.38285,1.3828,1.38284,47550000,1
1756114560000,1756114619000,1.38284,1.38286,1.38283,1.38286,56400000,1
1756114620000,1756114679000,1.38285,1.3829,1.38284,1.38284,58650000,1
1756114680000,1756114739000,1.38285,1.3829,1.38285,1.38285,29100000,1
1756114740000,1756114799000,1.38287,1.38287,1.38284,1.38284,14400000,1
1756114800000,1756114859000,1.38283,1.38286,1.38273,1.38276,26700000,1
1756114860000,1756114919000,1.38276,1.38289,1.38276,1.38287,63300000,1
1756114920000,1756114979000,1.38287,1.38287,1.38281,1.38284,30750000,1
1756114980000,1756115039000,1.38285,1.38285,1.38277,1.38282,75300000,1
1756115040000,1756115099000,1.3828,1.38289,1.3828,1.38285,65100000,1
1756115100000,1756115159000,1.38284,1.38285,1.38271,1.38273,59250000,1
1756115160000,1756115219000,1.38273,1.38275,1.38265,1.3827,44400000,1
1756115220000,1756115279000,1.3827,1.3827,1.38264,1.38264,40800000,1
1756115280000,1756115339000,1.38264,1.38282,1.38264,1.38282,54300000,1
1756115340000,1756115399000,1.38279,1.38285,1.38276,1.38281,38250000,1
1756115400000,1756115459000,1.38281,1.38296,1.38279,1.38293,112500000,1
1756115460000,1756115519000,1.38293,1.38311,1.38292,1.38305,112650000,1
1756115520000,1756115579000,1.38305,1.38306,1.38299,1.38301,92190000,1
1756115580000,1756115639000,1.38301,1.38304,1.38298,1.38299,69150000,1
1756115640000,1756115699000,1.38298,1.383,1.38295,1.38299,67800000,1
1756115700000,1756115759000,1.383,1.3832,1.383,1.38311,83400000,1
1756115760000,1756115819000,1.38313,1.38318,1.38312,1.38315,55950000,1
1756115820000,1756115879000,1.38318,1.38318,1.38313,1.38315,33300000,1
1756115880000,1756115939000,1.38315,1.38317,1.38308,1.3831,38400000,1
1756115940000,1756115999000,1.38309,1.38313,1.38306,1.3831,63000000,1
1756116000000,1756116059000,1.38309,1.38325,1.38307,1.38325,65400000,1
1756116060000,1756116119000,1.38325,1.38325,1.38314,1.38314,41250000,1
1756116120000,1756116179000,1.38314,1.3832,1.38306,1.38307,73350000,1
1756116180000,1756116239000,1.38308,1.38324,1.38307,1.38323,23850000,1
1756116240000,1756116299000,1.38323,1.38323,1.38313,1.38321,82650000,1
1756116300000,1756116359000,1.3832,1.38334,1.38318,1.38319,61500000,1
1756116360000,1756116419000,1.38318,1.38318,1.38314,1.38318,28950000,1
1756116420000,1756116479000,1.38317,1.3832,1.38316,1.38317,45450000,1
1756116480000,1756116539000,1.3832,1.38323,1.38313,1.38319,36750000,1
1756116540000,1756116599000,1.38318,1.3832,1.38314,1.38317,51600000,1
1756116600000,1756116659000,1.38317,1.38317,1.38301,1.38305,46650000,1
1756116660000,1756116719000,1.38303,1.38305,1.38301,1.38301,11550000,1
1756116720000,1756116779000,1.38301,1.38306,1.38301,1.38306,62550000,1
1756116780000,1756116839000,1.38307,1.38311,1.38302,1.38304,52200000,1
1756116840000,1756116899000,1.38304,1.38304,1.38299,1.38299,23400000,1
1756116900000,1756116959000,1.38299,1.38302,1.38297,1.38297,42150000,1
1756116960000,1756117019000,1.38297,1.38299,1.38291,1.38295,72450000,1
1756117020000,1756117079000,1.38294,1.38294,1.38291,1.38292,60300000,1
1756117080000,1756117139000,1.38292,1.38301,1.3829,1.38299,20550000,1
1756117140000,1756117199000,1.383,1.383,1.38288,1.38293,67350000,1
1756117200000,1756117259000,1.38293,1.38314,1.3829,1.3831,111900000,1
1756117260000,1756117319000,1.3831,1.38326,1.3831,1.38325,109800000,1
1756117320000,1756117379000,1.38323,1.38325,1.38321,1.38325,69750000,1
1756117380000,1756117439000,1.38322,1.38335,1.38321,1.38327,139500000,1
1756117440000,1756117499000,1.38327,1.38338,1.38326,1.38332,181050000,1
1756117500000,1756117559000,1.38331,1.38333,1.38322,1.38323,51300000,1
1756117560000,1756117619000,1.38324,1.38341,1.38323,1.38334,62700000,1
1756117620000,1756117679000,1.38336,1.3834,1.38331,1.38333,38850000,1
1756117680000,1756117739000,1.38332,1.38341,1.38331,1.3834,60600000,1
1756117740000,1756117799000,1.38341,1.38342,1.38339,1.38341,65850000,1
1756117800000,1756117859000,1.3834,1.38346,1.38339,1.3834,117900000,1
1756117860000,1756117919000,1.3834,1.38345,1.38334,1.3834,145800000,1
1756117920000,1756117979000,1.38339,1.38339,1.38325,1.38325,104400000,1
1756117980000,1756118039000,1.38326,1.38329,1.38324,1.38324,65850000,1
1756118040000,1756118099000,1.38325,1.38325,1.38321,1.38321,41700000,1
1756118100000,1756118159000,1.38321,1.38323,1.38321,1.38323,19500000,1
1756118160000,1756118219000,1.38324,1.38325,1.38321,1.38324,30900000,1
1756118220000,1756118279000,1.38324,1.38325,1.3832,1.38322,22350000,1
1756118280000,1756118339000,1.38322,1.38324,1.3832,1.38321,55650000,1
1756118340000,1756118399000,1.38322,1.38322,1.38313,1.38313,53400000,1
1756118400000,1756118459000,1.38312,1.38323,1.38312,1.38321,68400000,1
1756118460000,1756118519000,1.38321,1.38323,1.38313,1.38313,53400000,1
1756118520000,1756118579000,1.38313,1.38322,1.38313,1.38322,69150000,1
1756118580000,1756118639000,1.38321,1.38325,1.3832,1.38325,17550000,1
1756118640000,1756118699000,1.38327,1.38329,1.38324,1.38327,60000000,1
1756118700000,1756118759000,1.38331,1.38331,1.38327,1.38329,105450000,1
1756118760000,1756118819000,1.38329,1.3834,1.38329,1.3834,45300000,1
1756118820000,1756118879000,1.38342,1.38343,1.3833,1.38332,47400000,1
1756118880000,1756118939000,1.38334,1.38334,1.38331,1.38334,11100000,1
1756118940000,1756118999000,1.38333,1.38343,1.38333,1.3834,23850000,1
1756119000000,1756119059000,1.38341,1.38349,1.38336,1.38337,50850000,1
1756119060000,1756119119000,1.38339,1.38342,1.38339,1.38341,30750000,1
1756119120000,1756119179000,1.3834,1.38343,1.38327,1.3833,30750000,1
1756119180000,1756119239000,1.38331,1.38342,1.3833,1.38342,48000000,1
1756119240000,1756119299000,1.38344,1.38355,1.38342,1.38349,68550000,1
1756119300000,1756119359000,1.38349,1.3835,1.38343,1.38346,84750000,1
1756119360000,1756119419000,1.38346,1.38347,1.38339,1.38339,66450000,1
1756119420000,1756119479000,1.38338,1.38347,1.38336,1.3834,82500000,1
1756119480000,1756119539000,1.3834,1.38346,1.3834,1.38343,34350000,1
1756119540000,1756119599000,1.38345,1.38348,1.38343,1.38344,51450000,1
1756119600000,1756119659000,1.38344,1.38346,1.38316,1.3832,162300000,1
1756119660000,1756119719000,1.38319,1.38328,1.38311,1.38313,87540000,1
1756119720000,1756119779000,1.38312,1.38313,1.38291,1.38292,91710000,1
1756119780000,1756119839000,1.38291,1.38298,1.3829,1.38296,68550000,1
1756119840000,1756119899000,1.38296,1.38302,1.38293,1.383,67650000,1
1756119900000,1756119959000,1.38299,1.38305,1.38297,1.38302,65700000,1
1756119960000,1756120019000,1.38301,1.38311,1.38301,1.38303,29100000,1
1756120020000,1756120079000,1.38302,1.38304,1.383,1.38301,83400000,1
1756120080000,1756120139000,1.38301,1.38305,1.383,1.383,51300000,1
1756120140000,1756120199000,1.38301,1.38303,1.383,1.38301,49200000,1
1756120200000,1756120259000,1.38301,1.38303,1.38288,1.38288,54300000,1
1756120260000,1756120319000,1.38288,1.38292,1.38287,1.38291,64050000,1
1756120320000,1756120379000,1.3829,1.38292,1.38273,1.38273,79800000,1
1756120380000,1756120439000,1.38274,1.38275,1.38271,1.38274,72000000,1
1756120440000,1756120499000,1.38273,1.38274,1.38271,1.38273,35250000,1
1756120500000,1756120559000,1.38273,1.38274,1.3827,1.38271,57750000,1
1756120560000,1756120619000,1.3827,1.38282,1.3827,1.38282,94500000,1
1756120620000,1756120679000,1.38282,1.38283,1.38282,1.38282,25350000,1
1756120680000,1756120739000,1.38281,1.38282,1.38262,1.38273,94500000,1
1756120740000,1756120799000,1.38275,1.38275,1.38261,1.38263,46650000,1
1756120800000,1756120859000,1.38263,1.38282,1.38263,1.38281,53850000,1
1756120860000,1756120919000,1.38282,1.38284,1.38276,1.38277,42300000,1
1756120920000,1756120979000,1.38278,1.38281,1.38273,1.38277,78150000,1
1756120980000,1756121039000,1.38279,1.38282,1.38276,1.38281,62100000,1
1756121040000,1756121099000,1.3828,1.38291,1.3828,1.38291,66150000,1
1756121100000,1756121159000,1.38291,1.38292,1.38277,1.38283,92250000,1
1756121160000,1756121219000,1.38282,1.38282,1.38271,1.38272,80400000,1
1756121220000,1756121279000,1.38273,1.38276,1.38271,1.38273,64350000,1
1756121280000,1756121339000,1.38273,1.38278,1.38268,1.38268,43950000,1
1756121340000,1756121399000,1.38267,1.38267,1.38258,1.38261,51300000,1
1756121400000,1756121459000,1.38261,1.38264,1.38256,1.38259,95700000,1
1756121460000,1756121519000,1.38259,1.38259,1.38252,1.38256,71100000,1
1756121520000,1756121579000,1.38255,1.38257,1.38249,1.38249,71700000,1
1756121580000,1756121639000,1.38249,1.38257,1.38249,1.38257,47850000,1
1756121640000,1756121699000,1.38257,1.38264,1.38257,1.38262,38700000,1
1756121700000,1756121759000,1.38261,1.38262,1.38254,1.38257,43950000,1
1756121760000,1756121819000,1.38257,1.38258,1.38246,1.38255,64500000,1
1756121820000,1756121879000,1.38254,1.38264,1.38254,1.38264,12750000,1
1756121880000,1756121939000,1.38265,1.38265,1.38262,1.38262,72000000,1
1756121940000,1756121999000,1.38263,1.38288,1.38263,1.38288,82650000,1
1756122000000,1756122059000,1.38287,1.38296,1.38287,1.38293,18750000,1
1756122060000,1756122119000,1.38292,1.38292,1.38287,1.38288,16050000,1
1756122120000,1756122179000,1.38288,1.38288,1.38273,1.38274,20700000,1
1756122180000,1756122239000,1.3827,1.3827,1.38265,1.38267,16950000,1
1756122240000,1756122299000,1.38267,1.38267,1.38246,1.38261,65850000,1
1756122300000,1756122359000,1.38261,1.38263,1.38255,1.38259,23100000,1
1756122360000,1756122419000,1.38259,1.38259,1.38252,1.38256,39300000,1
1756122420000,1756122479000,1.38256,1.38267,1.38256,1.38265,50400000,1
1756122480000,1756122539000,1.38265,1.38275,1.38265,1.38273,48900000,1
1756122540000,1756122599000,1.38275,1.38275,1.38267,1.3827,55050000,1
1756122600000,1756122659000,1.3827,1.38271,1.38255,1.38255,79950000,1
1756122660000,1756122719000,1.38255,1.38255,1.38237,1.38243,119520000,1
1756122720000,1756122779000,1.38243,1.38244,1.38235,1.38244,95100000,1
1756122780000,1756122839000,1.38243,1.38245,1.38236,1.38236,60600000,1
1756122840000,1756122899000,1.38236,1.38246,1.38233,1.38246,101850000,1
1756122900000,1756122959000,1.38246,1.3826,1.38245,1.38246,54750000,1
1756122960000,1756123019000,1.38246,1.38247,1.38239,1.3824,64950000,1
1756123020000,1756123079000,1.3824,1.38241,1.38228,1.38228,79050000,1
1756123080000,1756123139000,1.3823,1.38238,1.3823,1.3823,50400000,1
1756123140000,1756123199000,1.3823,1.38236,1.38228,1.38234,31950000,1
1756123200000,1756123259000,1.38232,1.38232,1.3822,1.3823,60000000,1
1756123260000,1756123319000,1.38229,1.38229,1.38218,1.38218,82500000,1
1756123320000,1756123379000,1.3822,1.38229,1.3821,1.38225,94200000,1
1756123380000,1756123439000,1.38226,1.38241,1.38221,1.3824,88950000,1
1756123440000,1756123499000,1.38239,1.38247,1.38232,1.38237,58200000,1
1756123500000,1756123559000,1.38236,1.38236,1.38226,1.38234,89250000,1
1756123560000,1756123619000,1.38234,1.38237,1.38227,1.38234,124650000,1
1756123620000,1756123679000,1.38235,1.3825,1.38234,1.38242,45300000,1
1756123680000,1756123739000,1.38243,1.3825,1.38234,1.38248,97800000,1
1756123740000,1756123799000,1.38247,1.38248,1.38235,1.38238,59100000,1
1756123800000,1756123859000,1.38237,1.38246,1.38228,1.38233,105900000,1
1756123860000,1756123919000,1.38234,1.38239,1.38233,1.38238,108600000,1
1756123920000,1756123979000,1.38237,1.38238,1.38226,1.38229,57150000,1
1756123980000,1756124039000,1.3823,1.38236,1.38227,1.38232,63000000,1
1756124040000,1756124099000,1.3823,1.38248,1.38229,1.38248,67950000,1
1756124100000,1756124159000,1.38249,1.38255,1.38244,1.38249,98100000,1
1756124160000,1756124219000,1.38251,1.38251,1.38233,1.38242,111900000,1
1756124220000,1756124279000,1.38243,1.38243,1.38235,1.38237,70350000,1
1756124280000,1756124339000,1.38236,1.38236,1.38213,1.38215,84600000,1
1756124340000,1756124399000,1.38215,1.38217,1.38205,1.38213,150300000,1
1756124400000,1756124459000,1.38211,1.3822,1.38181,1.38186,252240000,1
1756124460000,1756124519000,1.38189,1.38197,1.38188,1.3819,65700000,1
1756124520000,1756124579000,1.38188,1.38194,1.38179,1.38179,174000000,1
1756124580000,1756124639000,1.3818,1.38187,1.38171,1.38171,177750000,1
1756124640000,1756124699000,1.38171,1.3818,1.38169,1.3818,158400000,1
1756124700000,1756124759000,1.38181,1.38187,1.38175,1.38185,38850000,1
1756124760000,1756124819000,1.38185,1.38186,1.38179,1.38182,32400000,1
1756124820000,1756124879000,1.3818,1.38196,1.38178,1.38196,54900000,1
1756124880000,1756124939000,1.38196,1.38198,1.38195,1.38195,28200000,1
1756124940000,1756124999000,1.38195,1.38202,1.38195,1.38201,53850000,1
1756125000000,1756125059000,1.38202,1.38229,1.38202,1.38229,56700000,1
1756125060000,1756125119000,1.38229,1.38238,1.38217,1.38232,44100000,1
1756125120000,1756125179000,1.38231,1.38241,1.3822,1.3822,84000000,1
1756125180000,1756125239000,1.38222,1.3823,1.38217,1.38217,89400000,1
1756125240000,1756125299000,1.38218,1.38219,1.38208,1.38213,183600000,1
1756125300000,1756125359000,1.38213,1.3822,1.38207,1.3822,135150000,1
1756125360000,1756125419000,1.38222,1.38226,1.38219,1.38222,73350000,1
1756125420000,1756125479000,1.38223,1.38232,1.38223,1.38229,76800000,1
1756125480000,1756125539000,1.38229,1.38235,1.38209,1.38215,139200000,1
1756125540000,1756125599000,1.38217,1.38222,1.38208,1.38208,205800000,1
1756125600000,1756125659000,1.38208,1.38208,1.38185,1.38187,218250000,1
1756125660000,1756125719000,1.38188,1.38195,1.38187,1.38194,175950000,1
1756125720000,1756125779000,1.38194,1.38199,1.38189,1.38199,139800000,1
1756125780000,1756125839000,1.382,1.38205,1.38197,1.38202,60450000,1
1756125840000,1756125899000,1.382,1.38212,1.38199,1.38209,33750000,1
1756125900000,1756125959000,1.38207,1.38207,1.38198,1.382,58350000,1
1756125960000,1756126019000,1.38201,1.3821,1.38201,1.38202,74100000,1
1756126020000,1756126079000,1.38201,1.38201,1.3819,1.38198,63750000,1
1756126080000,1756126139000,1.38199,1.38204,1.38197,1.38198,85500000,1
1756126140000,1756126199000,1.38196,1.38197,1.38178,1.3818,101100000,1
1756126200000,1756126259000,1.38181,1.38199,1.38179,1.38199,107850000,1
1756126260000,1756126319000,1.38201,1.38212,1.38199,1.38212,57600000,1
1756126320000,1756126379000,1.38211,1.38219,1.38206,1.38219,50810000,1
1756126380000,1756126439000,1.38218,1.38219,1.38208,1.38209,51150000,1
1756126440000,1756126499000,1.38209,1.3823,1.38205,1.3823,57450000,1
1756126500000,1756126559000,1.38231,1.38242,1.3823,1.38231,93750000,1
1756126560000,1756126619000,1.38231,1.38234,1.3822,1.3822,100650000,1
1756126620000,1756126679000,1.3822,1.38228,1.3822,1.38223,55500000,1
1756126680000,1756126739000,1.38224,1.38231,1.38223,1.38227,127800000,1
1756126740000,1756126799000,1.38228,1.38229,1.3822,1.38221,108300000,1
1756126800000,1756126859000,1.38221,1.3823,1.3822,1.3823,90150000,1
1756126860000,1756126919000,1.38229,1.3823,1.38218,1.3822,62100000,1
1756126920000,1756126979000,1.38221,1.38221,1.38218,1.3822,49500000,1
1756126980000,1756127039000,1.38219,1.38221,1.3821,1.38221,58650000,1
1756127040000,1756127099000,1.3822,1.38244,1.3822,1.38243,78750000,1
1756127100000,1756127159000,1.38242,1.38252,1.38239,1.38248,64200000,1
1756127160000,1756127219000,1.38248,1.38263,1.38248,1.38253,74850000,1
1756127220000,1756127279000,1.38252,1.38271,1.38249,1.3827,79050000,1
1756127280000,1756127339000,1.3827,1.3827,1.38255,1.38261,78600000,1
1756127340000,1756127399000,1.38258,1.38259,1.38248,1.38248,49350000,1
1756127400000,1756127459000,1.38249,1.38249,1.38241,1.38241,95100000,1
1756127460000,1756127519000,1.38242,1.38242,1.38236,1.38237,51750000,1
1756127520000,1756127579000,1.38238,1.38239,1.38229,1.38236,70200000,1
1756127580000,1756127639000,1.38236,1.38241,1.38234,1.38235,45750000,1
1756127640000,1756127699000,1.38234,1.38241,1.38233,1.3824,64800000,1
1756127700000,1756127759000,1.38239,1.38248,1.38235,1.38248,68700000,1
1756127760000,1756127819000,1.38249,1.38251,1.38243,1.38244,83400000,1
1756127820000,1756127879000,1.38243,1.38243,1.38232,1.38232,68100000,1
1756127880000,1756127939000,1.38234,1.38234,1.38222,1.38224,120600000,1
1756127940000,1756127999000,1.38224,1.38226,1.3822,1.3822,71550000,1
1756128000000,1756128059000,1.38222,1.38237,1.38222,1.38232,216900000,1
1756128060000,1756128119000,1.38233,1.38237,1.38232,1.38235,97950000,1
1756128120000,1756128179000,1.38235,1.38248,1.38233,1.38247,79950000,1
1756128180000,1756128239000,1.38246,1.38266,1.38246,1.38265,62550000,1
1756128240000,1756128299000,1.38267,1.3827,1.38264,1.3827,83400000,1
1756128300000,1756128359000,1.38269,1.3827,1.38259,1.38265,61350000,1
1756128360000,1756128419000,1.38265,1.38273,1.38265,1.3827,108900000,1
1756128420000,1756128479000,1.3827,1.38275,1.38266,1.38274,147300000,1
1756128480000,1756128539000,1.38273,1.38284,1.38272,1.38278,204150000,1
1756128540000,1756128599000,1.38278,1.38278,1.38274,1.38275,129000000,1
1756128600000,1756128659000,1.38275,1.38277,1.38235,1.38235,229350000,1
1756128660000,1756128719000,1.38236,1.38237,1.38216,1.3822,242850000,1
1756128720000,1756128779000,1.38221,1.38223,1.38204,1.3822,147600000,1
1756128780000,1756128839000,1.38219,1.38222,1.3821,1.38217,116700000,1
1756128840000,1756128899000,1.38218,1.38234,1.38211,1.38214,333000000,1
1756128900000,1756128959000,1.38215,1.38215,1.38202,1.38211,148050000,1
1756128960000,1756129019000,1.38213,1.38213,1.382,1.38202,121350000,1
1756129020000,1756129079000,1.38205,1.38219,1.38197,1.38199,136950000,1
1756129080000,1756129139000,1.382,1.38201,1.38185,1.38196,237150000,1
1756129140000,1756129199000,1.38195,1.38212,1.3819,1.3821,120480000,1
1756129200000,1756129259000,1.3821,1.3821,1.38199,1.38204,138900000,1
1756129260000,1756129319000,1.38203,1.38215,1.38202,1.38209,111150000,1
1756129320000,1756129379000,1.38209,1.38213,1.38195,1.38202,62400000,1
1756129380000,1756129439000,1.38202,1.38202,1.38179,1.38192,162450000,1
1756129440000,1756129499000,1.38191,1.38212,1.38187,1.38212,112800000,1
1756129500000,1756129559000,1.38211,1.38212,1.38202,1.3821,76050000,1
1756129560000,1756129619000,1.38209,1.38209,1.38198,1.382,133950000,1
1756129620000,1756129679000,1.38201,1.38204,1.38195,1.38195,106800000,1
1756129680000,1756129739000,1.38197,1.38198,1.38178,1.3819,143880000,1
1756129740000,1756129799000,1.3819,1.38192,1.38169,1.38169,229830000,1
1756129800000,1756129859000,1.38169,1.38174,1.38163,1.3817,148950000,1
1756129860000,1756129919000,1.3817,1.3818,1.38168,1.38179,168300000,1
1756129920000,1756129979000,1.38179,1.38191,1.38171,1.38188,176700000,1
1756129980000,1756130039000,1.38188,1.38191,1.38179,1.38188,154350000,1
1756130040000,1756130099000,1.38189,1.38208,1.38189,1.38207,187050000,1
1756130100000,1756130159000,1.38208,1.38229,1.38208,1.38228,284130000,1
1756130160000,1756130219000,1.38228,1.38238,1.3822,1.38236,242490000,1
1756130220000,1756130279000,1.38235,1.38248,1.38229,1.38243,190800000,1
1756130280000,1756130339000,1.38243,1.38243,1.38234,1.38235,130500000,1
1756130340000,1756130399000,1.38236,1.38243,1.38212,1.38217,167340000,1
1756130400000,1756130459000,1.38218,1.38276,1.38216,1.3827,159600000,1
1756130460000,1756130519000,1.38271,1.38289,1.3826,1.38267,191040000,1
1756130520000,1756130579000,1.38266,1.38268,1.38225,1.38225,199440000,1
1756130580000,1756130639000,1.38225,1.38257,1.38225,1.38257,289050000,1
1756130640000,1756130699000,1.38256,1.38287,1.38256,1.38257,144660000,1
1756130700000,1756130759000,1.38256,1.38268,1.38256,1.38257,157050000,1
1756130760000,1756130819000,1.38256,1.38275,1.38255,1.38271,199650000,1
1756130820000,1756130879000,1.38272,1.38275,1.38246,1.38253,286050000,1
1756130880000,1756130939000,1.38252,1.38256,1.38245,1.38252,169200000,1
1756130940000,1756130999000,1.38252,1.38252,1.38226,1.38237,183900000,1
1756131000000,1756131059000,1.38237,1.38251,1.38222,1.3825,245400000,1
1756131060000,1756131119000,1.3825,1.38256,1.38246,1.38247,232800000,1
1756131120000,1756131179000,1.38247,1.3825,1.38236,1.38246,183450000,1
1756131180000,1756131239000,1.38246,1.38265,1.38245,1.38257,138750000,1
1756131240000,1756131299000,1.38256,1.38257,1.38246,1.38246,89400000,1
1756131300000,1756131359000,1.38247,1.38254,1.3824,1.38245,172800000,1
1756131360000,1756131419000,1.38246,1.38256,1.38238,1.38256,146700000,1
1756131420000,1756131479000,1.38256,1.38256,1.38238,1.38238,146880000,1
1756131480000,1756131539000,1.38239,1.38249,1.38239,1.38242,103980000,1
1756131540000,1756131599000,1.38246,1.38257,1.38245,1.38256,128700000,1
1756131600000,1756131659000,1.38258,1.38264,1.38245,1.38261,247770000,1
1756131660000,1756131719000,1.38263,1.38278,1.38261,1.38265,174750000,1
1756131720000,1756131779000,1.38265,1.38278,1.38263,1.38272,107250000,1
1756131780000,1756131839000,1.38272,1.38273,1.38257,1.38259,133350000,1
1756131840000,1756131899000,1.38259,1.3826,1.38255,1.38258,139050000,1
1756131900000,1756131959000,1.38259,1.38291,1.38254,1.38286,153420000,1
1756131960000,1756132019000,1.38286,1.38288,1.38274,1.38279,106800000,1
1756132020000,1756132079000,1.38281,1.38285,1.38265,1.38266,176550000,1
1756132080000,1756132139000,1.38267,1.38268,1.38254,1.38256,196800000,1
1756132140000,1756132199000,1.38256,1.38259,1.38249,1.38249,148200000,1
1756132200000,1756132259000,1.38248,1.38253,1.38238,1.38242,144900000,1
1756132260000,1756132319000,1.38244,1.3825,1.38239,1.38246,167040000,1
1756132320000,1756132379000,1.38246,1.38249,1.38238,1.38243,139800000,1
1756132380000,1756132439000,1.38242,1.38251,1.3824,1.38249,101400000,1
1756132440000,1756132499000,1.3825,1.38264,1.38249,1.3826,124650000,1
1756132500000,1756132559000,1.38258,1.38258,1.38244,1.38245,91650000,1
1756132560000,1756132619000,1.38244,1.38247,1.38238,1.38243,78750000,1
1756132620000,1756132679000,1.38241,1.38249,1.38229,1.38237,119640000,1
1756132680000,1756132739000,1.38241,1.38242,1.38229,1.38236,83100000,1
1756132740000,1756132799000,1.38236,1.38236,1.38226,1.38235,78000000,1
1756132800000,1756132859000,1.38235,1.38247,1.38228,1.38247,131250000,1
1756132860000,1756132919000,1.38246,1.38258,1.38239,1.38246,214110000,1
1756132920000,1756132979000,1.38247,1.38255,1.3824,1.38242,197250000,1
1756132980000,1756133039000,1.38244,1.3827,1.38244,1.38268,150000000,1
1756133040000,1756133099000,1.38267,1.38267,1.38257,1.38261,106950000,1
1756133100000,1756133159000,1.3826,1.3826,1.38251,1.38256,262650000,1
1756133160000,1756133219000,1.38256,1.38256,1.38243,1.38252,159600000,1
1756133220000,1756133279000,1.38251,1.38254,1.38236,1.38245,183150000,1
1756133280000,1756133339000,1.38246,1.38259,1.38246,1.38257,177600000,1
1756133340000,1756133399000,1.38256,1.38258,1.38246,1.38247,177900000,1
1756133400000,1756133459000,1.38246,1.38248,1.38222,1.38226,101700000,1
1756133460000,1756133519000,1.38227,1.38236,1.38214,1.38236,216600000,1
1756133520000,1756133579000,1.38233,1.38245,1.38229,1.38235,356700000,1
1756133580000,1756133639000,1.38235,1.3824,1.3822,1.38237,164400000,1
1756133640000,1756133699000,1.38239,1.3824,1.38207,1.38221,218700000,1
1756133700000,1756133759000,1.38222,1.38222,1.38199,1.38215,157800000,1
1756133760000,1756133819000,1.38212,1.38216,1.382,1.382,118500000,1
1756133820000,1756133879000,1.38201,1.38236,1.382,1.38233,217800000,1
1756133880000,1756133939000,1.38232,1.38234,1.38224,1.38233,426600000,1
1756133940000,1756133999000,1.38237,1.38242,1.38234,1.38239,144000000,1
1756134000000,1756134059000,1.38238,1.38247,1.38237,1.38247,185700000,1
1756134060000,1756134119000,1.38245,1.38247,1.38243,1.38245,132600000,1
1756134120000,1756134179000,1.38246,1.38257,1.38242,1.38243,130500000,1
1756134180000,1756134239000,1.38244,1.38283,1.38244,1.38279,187350000,1
1756134240000,1756134299000,1.38279,1.38285,1.38249,1.38252,156750000,1
1756134300000,1756134359000,1.38252,1.38255,1.38239,1.38246,131700000,1
1756134360000,1756134419000,1.38246,1.38248,1.3824,1.38248,115650000,1
1756134420000,1756134479000,1.38249,1.38253,1.38247,1.38249,61800000,1
1756134480000,1756134539000,1.38248,1.3825,1.38243,1.38245,94950000,1
1756134540000,1756134599000,1.38246,1.38288,1.38246,1.38286,102750000,1
1756134600000,1756134659000,1.38286,1.38287,1.38275,1.38285,113250000,1
1756134660000,1756134719000,1.38286,1.38305,1.38279,1.38279,156000000,1
1756134720000,1756134779000,1.38279,1.3828,1.38267,1.38272,124950000,1
1756134780000,1756134839000,1.38276,1.38286,1.38276,1.38285,51150000,1
1756134840000,1756134899000,1.38283,1.38296,1.38281,1.38294,109800000,1
1756134900000,1756134959000,1.38294,1.38302,1.38292,1.38298,126450000,1
1756134960000,1756135019000,1.38298,1.38313,1.38298,1.38303,121500000,1
1756135020000,1756135079000,1.38303,1.3832,1.38301,1.38315,95550000,1
1756135080000,1756135139000,1.38316,1.38316,1.38308,1.38309,95850000,1
1756135140000,1756135199000,1.38309,1.38309,1.38304,1.38305,30750000,1
1756135200000,1756135259000,1.38303,1.38312,1.38301,1.38307,47100000,1
1756135260000,1756135319000,1.38308,1.38309,1.38295,1.38296,73500000,1
1756135320000,1756135379000,1.38297,1.38297,1.38277,1.38277,121200000,1
1756135380000,1756135439000,1.38279,1.38281,1.38271,1.38277,114900000,1
1756135440000,1756135499000,1.38279,1.38286,1.38277,1.38285,50100000,1
1756135500000,1756135559000,1.38286,1.38291,1.38278,1.38283,113550000,1
1756135560000,1756135619000,1.38284,1.38286,1.38274,1.38274,92850000,1
1756135620000,1756135679000,1.38274,1.38284,1.38271,1.38283,140550000,1
1756135680000,1756135739000,1.38283,1.38286,1.38279,1.38282,102150000,1
1756135740000,1756135799000,1.38281,1.38286,1.38281,1.38285,84450000,1
1756135800000,1756135859000,1.38282,1.38302,1.3828,1.38298,82950000,1
1756135860000,1756135919000,1.38296,1.38297,1.38287,1.38287,57450000,1
1756135920000,1756135979000,1.38287,1.38287,1.38283,1.38284,46650000,1
1756135980000,1756136039000,1.38286,1.38294,1.38284,1.38294,17550000,1
1756136040000,1756136099000,1.38294,1.38296,1.3829,1.38295,52350000,1
1756136100000,1756136159000,1.38295,1.38312,1.38291,1.3831,95550000,1
1756136160000,1756136219000,1.38309,1.38316,1.38296,1.38296,95100000,1
1756136220000,1756136279000,1.38299,1.38312,1.38294,1.3831,124350000,1
1756136280000,1756136339000,1.38309,1.38314,1.38306,1.38306,95400000,1
1756136340000,1756136399000,1.38306,1.38306,1.38293,1.38295,66300000,1
1756136400000,1756136459000,1.38295,1.38299,1.38286,1.38296,84900000,1
1756136460000,1756136519000,1.38297,1.38318,1.38295,1.38316,108450000,1
1756136520000,1756136579000,1.38316,1.38323,1.38313,1.38318,125400000,1
1756136580000,1756136639000,1.38319,1.38331,1.38315,1.38323,90150000,1
1756136640000,1756136699000,1.38322,1.38323,1.38319,1.38321,81000000,1
1756136700000,1756136759000,1.38321,1.38325,1.38314,1.3832,93900000,1
1756136760000,1756136819000,1.38319,1.38326,1.38317,1.38322,61200000,1
1756136820000,1756136879000,1.38322,1.38326,1.38322,1.38325,61350000,1
1756136880000,1756136939000,1.38324,1.38327,1.38316,1.38327,77850000,1
1756136940000,1756136999000,1.38326,1.38333,1.38325,1.38328,105900000,1
1756137000000,1756137059000,1.38329,1.38329,1.38324,1.38325,21900000,1
1756137060000,1756137119000,1.38324,1.38334,1.38313,1.38325,106200000,1
1756137120000,1756137179000,1.38325,1.38329,1.38319,1.38326,161250000,1
1756137180000,1756137239000,1.38325,1.38335,1.38325,1.38328,174000000,1
1756137240000,1756137299000,1.38328,1.38328,1.38323,1.38324,65100000,1
1756137300000,1756137359000,1.38325,1.38334,1.38325,1.38333,105300000,1
1756137360000,1756137419000,1.38332,1.38345,1.38332,1.38341,169800000,1
1756137420000,1756137479000,1.38341,1.38341,1.38321,1.38323,121650000,1
1756137480000,1756137539000,1.38324,1.38324,1.38313,1.38316,134550000,1
1756137540000,1756137599000,1.38315,1.38315,1.383,1.38302,87000000,1
1756137600000,1756137659000,1.38303,1.38313,1.38303,1.3831,84900000,1
1756137660000,1756137719000,1.3831,1.38313,1.38306,1.38309,85800000,1
1756137720000,1756137779000,1.3831,1.38311,1.38303,1.38303,46200000,1
1756137780000,1756137839000,1.38305,1.38317,1.38303,1.38314,42300000,1
1756137840000,1756137899000,1.38313,1.38326,1.3831,1.38325,63600000,1
1756137900000,1756137959000,1.38323,1.38346,1.38323,1.38344,101400000,1
1756137960000,1756138019000,1.38344,1.38356,1.38343,1.38356,68400000,1
1756138020000,1756138079000,1.38356,1.3836,1.38353,1.3836,37800000,1
1756138080000,1756138139000,1.3836,1.3836,1.38339,1.3834,121950000,1
1756138140000,1756138199000,1.38339,1.38339,1.3832,1.38321,72450000,1
1756138200000,1756138259000,1.3832,1.38325,1.38318,1.38324,33900000,1
1756138260000,1756138319000,1.38323,1.38331,1.3832,1.38324,60450000,1
1756138320000,1756138379000,1.38325,1.38326,1.38317,1.38319,56250000,1
1756138380000,1756138439000,1.38319,1.3832,1.38311,1.38312,91500000,1
1756138440000,1756138499000,1.3831,1.38312,1.38299,1.38307,60150000,1
1756138500000,1756138559000,1.38308,1.38332,1.38305,1.38329,65100000,1
1756138560000,1756138619000,1.38329,1.38339,1.38329,1.38337,22800000,1
1756138620000,1756138679000,1.3834,1.38352,1.3834,1.38346,27000000,1
1756138680000,1756138739000,1.38346,1.38346,1.38331,1.38334,46200000,1
1756138740000,1756138799000,1.38336,1.38349,1.38336,1.38348,113100000,1
1756138800000,1756138859000,1.38348,1.38359,1.38346,1.38353,83400000,1
1756138860000,1756138919000,1.38354,1.38354,1.38344,1.38344,27000000,1
1756138920000,1756138979000,1.38345,1.38348,1.38344,1.38344,27000000,1
1756138980000,1756139039000,1.38345,1.3835,1.38342,1.38342,41400000,1
1756139040000,1756139099000,1.38341,1.38341,1.38318,1.38325,70500000,1
1756139100000,1756139159000,1.38323,1.38335,1.38322,1.38334,58800000,1
1756139160000,1756139219000,1.38332,1.38335,1.38327,1.38333,45900000,1
1756139220000,1756139279000,1.38334,1.38346,1.38332,1.38346,64200000,1
1756139280000,1756139339000,1.38344,1.38351,1.38341,1.38345,88800000,1
1756139340000,1756139399000,1.38345,1.38351,1.38342,1.38346,74700000,1
1756139400000,1756139459000,1.38346,1.38347,1.38336,1.38336,103350000,1
1756139460000,1756139519000,1.38337,1.38347,1.38335,1.38347,30600000,1
1756139520000,1756139579000,1.38347,1.38347,1.38343,1.38344,40650000,1
1756139580000,1756139639000,1.38344,1.3835,1.38333,1.38346,62700000,1
1756139640000,1756139699000,1.38346,1.38351,1.38346,1.38346,46950000,1
1756139700000,1756139759000,1.38347,1.38349,1.38345,1.38346,131550000,1
1756139760000,1756139819000,1.38347,1.38365,1.38346,1.38365,88650000,1
1756139820000,1756139879000,1.38365,1.38382,1.38365,1.38377,132600000,1
1756139880000,1756139939000,1.38376,1.38379,1.38366,1.38367,85950000,1
1756139940000,1756139999000,1.38366,1.38376,1.38365,1.38374,58350000,1
1756140000000,1756140059000,1.38375,1.38379,1.38374,1.38374,73800000,1
1756140060000,1756140119000,1.38374,1.38376,1.38371,1.38372,21000000,1
1756140120000,1756140179000,1.38372,1.38372,1.38366,1.38367,59400000,1
1756140180000,1756140239000,1.38369,1.38375,1.38368,1.3837,70500000,1
1756140240000,1756140299000,1.38371,1.38377,1.38362,1.38362,63000000,1
1756140300000,1756140359000,1.38363,1.38363,1.38342,1.38344,110850000,1
1756140360000,1756140419000,1.38344,1.38346,1.38341,1.38344,75600000,1
1756140420000,1756140479000,1.38346,1.38347,1.38344,1.38344,29400000,1
1756140480000,1756140539000,1.38344,1.38347,1.38344,1.38346,71400000,1
1756140540000,1756140599000,1.38346,1.38347,1.38344,1.38344,57150000,1
1756140600000,1756140659000,1.38346,1.38352,1.38337,1.38341,98550000,1
1756140660000,1756140719000,1.38341,1.38349,1.38338,1.38347,150150000,1
1756140720000,1756140779000,1.38346,1.38351,1.38339,1.38347,148800000,1
1756140780000,1756140839000,1.38345,1.38347,1.38342,1.38343,61350000,1
1756140840000,1756140899000,1.38343,1.38348,1.38338,1.38347,90450000,1
1756140900000,1756140959000,1.38346,1.38347,1.3834,1.3834,91050000,1
1756140960000,1756141019000,1.3834,1.38354,1.38334,1.38342,181050000,1
1756141020000,1756141079000,1.38341,1.38367,1.38338,1.38354,130350000,1
1756141080000,1756141139000,1.38354,1.38357,1.38332,1.38334,88950000,1
1756141140000,1756141199000,1.38335,1.38339,1.38331,1.38336,129150000,1
1756141200000,1756141259000,1.38335,1.38336,1.38333,1.38335,54600000,1
1756141260000,1756141319000,1.38335,1.38336,1.38331,1.38334,64350000,1
1756141320000,1756141379000,1.38335,1.38336,1.38331,1.38333,67800000,1
1756141380000,1756141439000,1.38333,1.38336,1.38332,1.38333,57750000,1
1756141440000,1756141499000,1.38335,1.38344,1.38334,1.38337,35550000,1
1756141500000,1756141559000,1.38338,1.3834,1.38329,1.38332,52500000,1
1756141560000,1756141619000,1.38332,1.38338,1.38332,1.38332,78750000,1
1756141620000,1756141679000,1.38333,1.38334,1.38328,1.38331,21600000,1
1756141680000,1756141739000,1.38329,1.38329,1.38324,1.38326,34200000,1
1756141740000,1756141799000,1.38327,1.38335,1.38327,1.38329,45000000,1
1756141800000,1756141859000,1.38327,1.38328,1.38327,1.38327,40800000,1
1756141860000,1756141919000,1.38327,1.38335,1.38327,1.38335,48600000,1
1756141920000,1756141979000,1.38334,1.38335,1.38331,1.38332,32400000,1
1756141980000,1756142039000,1.38331,1.38336,1.3833,1.3833,38400000,1
1756142040000,1756142099000,1.38332,1.38346,1.38332,1.38346,71850000,1
1756142100000,1756142159000,1.38346,1.38346,1.38339,1.38346,55200000,1
1756142160000,1756142219000,1.38347,1.38349,1.38341,1.38345,43650000,1
1756142220000,1756142279000,1.38344,1.38353,1.38343,1.38345,45300000,1
1756142280000,1756142339000,1.38345,1.38345,1.38339,1.38341,24000000,1
1756142340000,1756142399000,1.38342,1.38358,1.38342,1.38355,70200000,1
1756142400000,1756142459000,1.38356,1.38356,1.38323,1.38327,140670000,1
1756142460000,1756142519000,1.38326,1.38336,1.38325,1.38335,80550000,1
1756142520000,1756142579000,1.38335,1.38339,1.38329,1.38332,111750000,1
1756142580000,1756142639000,1.38333,1.38343,1.38332,1.38343,55050000,1
1756142640000,1756142699000,1.38343,1.38348,1.38343,1.38343,55200000,1
1756142700000,1756142759000,1.38343,1.38349,1.38339,1.38349,71400000,1
1756142760000,1756142819000,1.38348,1.38366,1.38345,1.38354,67800000,1
1756142820000,1756142879000,1.38354,1.38354,1.38343,1.38343,61050000,1
1756142880000,1756142939000,1.38343,1.38345,1.38335,1.38335,30600000,1
1756142940000,1756142999000,1.38336,1.38336,1.3833,1.38333,34050000,1
1756143000000,1756143059000,1.38333,1.38335,1.38332,1.38333,35100000,1
1756143060000,1756143119000,1.38336,1.38347,1.38336,1.38343,23550000,1
1756143120000,1756143179000,1.38342,1.38347,1.38342,1.38344,57750000,1
1756143180000,1756143239000,1.38345,1.38345,1.38343,1.38343,13950000,1
1756143240000,1756143299000,1.38343,1.38345,1.38343,1.38344,20250000,1
1756143300000,1756143359000,1.38345,1.38354,1.38345,1.38354,20550000,1
1756143360000,1756143419000,1.38356,1.3836,1.38355,1.38357,45300000,1
1756143420000,1756143479000,1.38357,1.38357,1.38347,1.38354,65550000,1
1756143480000,1756143539000,1.38353,1.38363,1.38352,1.3836,30750000,1
1756143540000,1756143599000,1.38359,1.38362,1.38356,1.38358,59400000,1
1756143600000,1756143659000,1.38359,1.3838,1.38359,1.3838,74850000,1
1756143660000,1756143719000,1.3838,1.38392,1.38378,1.38387,61200000,1
1756143720000,1756143779000,1.38387,1.38388,1.38374,1.38374,69300000,1
1756143780000,1756143839000,1.38372,1.38373,1.38357,1.38358,41610000,1
1756143840000,1756143899000,1.3836,1.38371,1.3836,1.38368,34500000,1
1756143900000,1756143959000,1.38369,1.38372,1.38363,1.38363,21750000,1
1756143960000,1756144019000,1.38363,1.38367,1.38363,1.38366,39000000,1
1756144020000,1756144079000,1.38367,1.38373,1.38366,1.38373,63300000,1
1756144080000,1756144139000,1.38372,1.38373,1.38364,1.38366,66000000,1
1756144140000,1756144199000,1.38366,1.3837,1.38364,1.3837,43050000,1
1756144200000,1756144259000,1.38371,1.38371,1.38364,1.38366,77250000,1
1756144260000,1756144319000,1.38365,1.38366,1.38363,1.38364,47250000,1
1756144320000,1756144379000,1.38363,1.38365,1.38361,1.38364,54150000,1
1756144380000,1756144439000,1.38364,1.38383,1.38364,1.3838,70350000,1
1756144440000,1756144499000,1.3838,1.38384,1.3838,1.38384,16350000,1
1756144500000,1756144559000,1.38383,1.3842,1.38383,1.38414,51000000,1
1756144560000,1756144619000,1.38413,1.38413,1.38407,1.38408,91650000,1
1756144620000,1756144679000,1.38407,1.38425,1.38404,1.38424,77850000,1
1756144680000,1756144739000,1.38425,1.38426,1.38416,1.38417,38250000,1
1756144740000,1756144799000,1.38418,1.38429,1.38417,1.38422,52350000,1
1756144800000,1756144859000,1.38422,1.38424,1.38418,1.38423,67500000,1
1756144860000,1756144919000,1.38423,1.38423,1.38409,1.38411,29400000,1
1756144920000,1756144979000,1.38411,1.38411,1.38402,1.38402,43800000,1
1756144980000,1756145039000,1.38405,1.38412,1.38403,1.38411,46500000,1
1756145040000,1756145099000,1.38412,1.38423,1.38412,1.38413,39450000,1
1756145100000,1756145159000,1.38413,1.38414,1.38412,1.38413,13200000,1
1756145160000,1756145219000,1.38413,1.38414,1.38412,1.38413,12000000,1
1756145220000,1756145279000,1.38414,1.38416,1.38412,1.38412,44400000,1
1756145280000,1756145339000,1.38413,1.38428,1.38412,1.38425,58800000,1
1756145340000,1756145399000,1.38423,1.38434,1.38411,1.38412,46050000,1
1756145400000,1756145459000,1.38411,1.38429,1.38411,1.38429,54450000,1
1756145460000,1756145519000,1.38427,1.38444,1.38425,1.38439,95100000,1
1756145520000,1756145579000,1.38439,1.38439,1.38428,1.38433,66000000,1
1756145580000,1756145639000,1.38432,1.38439,1.38428,1.38439,55350000,1
1756145640000,1756145699000,1.38437,1.38442,1.38435,1.38435,48600000,1
1756145700000,1756145759000,1.38434,1.38434,1.3843,1.38432,46800000,1
1756145760000,1756145819000,1.38432,1.38443,1.38432,1.38442,52950000,1
1756145820000,1756145879000,1.38442,1.38443,1.3844,1.38441,16800000,1
1756145880000,1756145939000,1.38442,1.38446,1.3844,1.38444,37350000,1
1756145940000,1756145999000,1.38444,1.38453,1.38444,1.38444,62700000,1
1756146000000,1756146059000,1.38443,1.38444,1.38442,1.38442,18750000,1
1756146060000,1756146119000,1.38443,1.38443,1.38441,1.38443,13500000,1
1756146120000,1756146179000,1.38444,1.38469,1.38443,1.38469,85500000,1
1756146180000,1756146239000,1.3847,1.38474,1.38464,1.3847,118800000,1
1756146240000,1756146299000,1.3847,1.38471,1.38463,1.38471,68400000,1
1756146300000,1756146359000,1.3847,1.38471,1.38469,1.3847,27600000,1
1756146360000,1756146419000,1.3847,1.38473,1.38468,1.38473,61950000,1
1756146420000,1756146479000,1.3847,1.3848,1.3847,1.38476,34050000,1
1756146480000,1756146539000,1.38477,1.38481,1.38476,1.38481,44400000,1
1756146540000,1756146599000,1.38481,1.38481,1.38477,1.38477,13200000,1
1756146600000,1756146659000,1.38477,1.38492,1.38477,1.38482,64650000,1
1756146660000,1756146719000,1.38481,1.38481,1.38467,1.38469,47670000,1
1756146720000,1756146779000,1.38469,1.38471,1.3846,1.38466,68250000,1
1756146780000,1756146839000,1.38465,1.38474,1.38465,1.38469,80250000,1
1756146840000,1756146899000,1.38469,1.38487,1.38469,1.38487,102450000,1
1756146900000,1756146959000,1.38487,1.38495,1.38487,1.38493,34950000,1
1756146960000,1756147019000,1.38493,1.38518,1.3849,1.38512,73500000,1
1756147020000,1756147079000,1.38514,1.38524,1.38514,1.38517,51300000,1
1756147080000,1756147139000,1.38517,1.38518,1.38508,1.38518,43650000,1
1756147140000,1756147199000,1.38518,1.3852,1.38504,1.3851,68400000,1
1756147200000,1756147259000,1.38511,1.3852,1.38509,1.38517,79350000,1
1756147260000,1756147319000,1.38517,1.38527,1.38517,1.38526,81450000,1
1756147320000,1756147379000,1.38527,1.38533,1.38515,1.38515,104390000,1
1756147380000,1756147439000,1.38515,1.3853,1.38514,1.38524,125100000,1
1756147440000,1756147499000,1.38523,1.38525,1.38517,1.38525,34650000,1
1756147500000,1756147559000,1.38529,1.38533,1.38527,1.3853,65250000,1
1756147560000,1756147619000,1.38529,1.38535,1.38529,1.38529,51750000,1
1756147620000,1756147679000,1.38529,1.38534,1.38525,1.38531,32400000,1
1756147680000,1756147739000,1.38532,1.38539,1.38531,1.38536,38400000,1
1756147740000,1756147799000,1.38535,1.38542,1.38527,1.38528,58200000,1
1756147800000,1756147859000,1.38528,1.38533,1.38528,1.38531,49200000,1
1756147860000,1756147919000,1.3853,1.38537,1.38523,1.38537,85050000,1
1756147920000,1756147979000,1.38536,1.38537,1.3852,1.38521,65100000,1
1756147980000,1756148039000,1.3852,1.38528,1.3852,1.3852,105450000,1
1756148040000,1756148099000,1.3852,1.38527,1.38519,1.38519,31350000,1
1756148100000,1756148159000,1.3852,1.38524,1.38518,1.38518,42300000,1
1756148160000,1756148219000,1.3852,1.38528,1.38518,1.3852,66000000,1
1756148220000,1756148279000,1.3852,1.38547,1.38519,1.38537,64650000,1
1756148280000,1756148339000,1.38536,1.38536,1.38522,1.38528,154200000,1
1756148340000,1756148399000,1.38529,1.38533,1.3852,1.38521,275850000,1
1756148400000,1756148459000,1.38521,1.38529,1.3852,1.38522,210750000,1
1756148460000,1756148519000,1.38524,1.38533,1.38524,1.3853,97500000,1
1756148520000,1756148579000,1.38531,1.38536,1.38529,1.3853,105900000,1
1756148580000,1756148639000,1.38531,1.38533,1.3853,1.3853,79650000,1
1756148640000,1756148699000,1.38531,1.38558,1.38529,1.38556,169200000,1
1756148700000,1756148759000,1.38556,1.38569,1.38548,1.38566,189450000,1
1756148760000,1756148819000,1.38566,1.38578,1.38565,1.38577,130650000,1
1756148820000,1756148879000,1.38577,1.38582,1.38569,1.38578,149250000,1
1756148880000,1756148939000,1.38579,1.38581,1.38574,1.38574,78000000,1
1756148940000,1756148999000,1.38574,1.38609,1.38574,1.38587,175650000,1
1756149000000,1756149059000,1.38588,1.3861,1.38587,1.38595,112350000,1
1756149060000,1756149119000,1.38595,1.38602,1.38594,1.38594,150450000,1
1756149120000,1756149179000,1.38594,1.38605,1.38589,1.38589,84150000,1
1756149180000,1756149239000,1.3859,1.38603,1.38589,1.38598,139650000,1
1756149240000,1756149299000,1.38598,1.38603,1.38596,1.38602,73050000,1
1756149300000,1756149359000,1.386,1.38606,1.38592,1.38597,120900000,1
1756149360000,1756149419000,1.38594,1.38605,1.38593,1.38601,73350000,1
1756149420000,1756149479000,1.386,1.38618,1.386,1.38616,56850000,1
1756149480000,1756149539000,1.38617,1.38621,1.38608,1.38614,89850000,1
1756149540000,1756149599000,1.38613,1.38617,1.38613,1.38616,43350000,1
1756149600000,1756149659000,1.38617,1.38618,1.38614,1.38616,43950000,1
1756149660000,1756149719000,1.38615,1.38618,1.38613,1.38616,19200000,1
1756149720000,1756149779000,1.38615,1.38616,1.38612,1.38615,28350000,1
1756149780000,1756149839000,1.38616,1.38618,1.38615,1.38618,71400000,1
1756149840000,1756149899000,1.38616,1.38617,1.38608,1.38617,104550000,1
1756149900000,1756149959000,1.38616,1.38622,1.38616,1.38616,49500000,1
1756149960000,1756150019000,1.38616,1.3863,1.38612,1.38625,77100000,1
1756150020000,1756150079000,1.38625,1.38628,1.38625,1.38626,35250000,1
1756150080000,1756150139000,1.38626,1.38626,1.38619,1.38625,48600000,1
1756150140000,1756150199000,1.38625,1.38625,1.38612,1.38612,22950000,1
1756150200000,1756150259000,1.38612,1.38613,1.38604,1.38604,36450000,1
1756150260000,1756150319000,1.38602,1.38606,1.38594,1.38595,40500000,1
1756150320000,1756150379000,1.38598,1.38611,1.38598,1.38604,53700000,1
1756150380000,1756150439000,1.38603,1.38604,1.38602,1.38604,15900000,1
1756150440000,1756150499000,1.38604,1.38625,1.38604,1.38625,43950000,1
1756150500000,1756150559000,1.38625,1.38625,1.38616,1.38623,60300000,1
1756150560000,1756150619000,1.38623,1.38624,1.38616,1.38621,63300000,1
1756150620000,1756150679000,1.38622,1.38623,1.38616,1.38618,40050000,1
1756150680000,1756150739000,1.38617,1.38624,1.38617,1.38617,24450000,1
1756150740000,1756150799000,1.38617,1.38635,1.38617,1.38628,72750000,1
1756150800000,1756150859000,1.38627,1.38628,1.38621,1.38625,60000000,1
1756150860000,1756150919000,1.38625,1.38625,1.38614,1.38614,33000000,1
1756150920000,1756150979000,1.38614,1.38614,1.38602,1.38608,66000000,1
1756150980000,1756151039000,1.38608,1.38611,1.38598,1.386,56250000,1
1756151040000,1756151099000,1.386,1.386,1.38594,1.38594,41550000,1
1756151100000,1756151159000,1.38594,1.386,1.38592,1.38598,49050000,1
1756151160000,1756151219000,1.38598,1.38603,1.38597,1.386,38850000,1
1756151220000,1756151279000,1.386,1.386,1.38592,1.38593,22950000,1
1756151280000,1756151339000,1.38595,1.38595,1.38588,1.38591,25050000,1
1756151340000,1756151399000,1.3859,1.38595,1.38589,1.38595,44100000,1
1756151400000,1756151459000,1.38594,1.38595,1.38588,1.38594,42900000,1
1756151460000,1756151519000,1.38595,1.38599,1.38595,1.38598,26250000,1
1756151520000,1756151579000,1.38598,1.38604,1.38598,1.38604,31200000,1
1756151580000,1756151639000,1.38602,1.38602,1.38592,1.38592,21000000,1
1756151640000,1756151699000,1.38591,1.38596,1.3859,1.38592,35850000,1
1756151700000,1756151759000,1.38593,1.38595,1.38591,1.38592,20700000,1
1756151760000,1756151819000,1.38592,1.38601,1.38587,1.38587,41400000,1
1756151820000,1756151879000,1.38587,1.38593,1.38587,1.38593,73650000,1
1756151880000,1756151939000,1.38593,1.38609,1.38593,1.38608,73200000,1
1756151940000,1756151999000,1.38609,1.38621,1.38607,1.38621,90000000,1
1756152000000,1756152059000,1.38622,1.38622,1.38596,1.38597,175800000,1
1756152060000,1756152119000,1.38597,1.38605,1.38594,1.38598,127500000,1
1756152120000,1756152179000,1.38597,1.38599,1.38588,1.38588,37050000,1
1756152180000,1756152239000,1.38588,1.38588,1.38566,1.38566,69000000,1
1756152240000,1756152299000,1.38567,1.38572,1.38558,1.3856,80100000,1
1756152300000,1756152359000,1.38559,1.38559,1.38539,1.3854,141450000,1
1756152360000,1756152419000,1.38541,1.38558,1.38539,1.38558,128310000,1
1756152420000,1756152479000,1.38558,1.38566,1.38558,1.38565,42750000,1
1756152480000,1756152539000,1.38561,1.38564,1.38555,1.38555,30000000,1
1756152540000,1756152599000,1.38555,1.38555,1.38553,1.38553,14250000,1
1756152600000,1756152659000,1.38553,1.38558,1.38552,1.38558,41250000,1
1756152660000,1756152719000,1.38557,1.38579,1.38557,1.38577,37650000,1
1756152720000,1756152779000,1.38576,1.38587,1.38575,1.38587,16800000,1
1756152780000,1756152839000,1.38586,1.38587,1.38578,1.3858,34200000,1
1756152840000,1756152899000,1.3858,1.38584,1.38576,1.38584,20400000,1
1756152900000,1756152959000,1.38584,1.38584,1.38578,1.3858,13650000,1
1756152960000,1756153019000,1.38579,1.3858,1.38572,1.38572,13950000,1
1756153020000,1756153079000,1.38573,1.38574,1.38572,1.38573,9150000,1
1756153080000,1756153139000,1.38573,1.38573,1.38562,1.38562,31500000,1
1756153140000,1756153199000,1.3856,1.38573,1.3856,1.38572,14400000,1
1756153200000,1756153259000,1.38572,1.38572,1.38566,1.38566,7200000,1
1756153260000,1756153319000,1.38565,1.38566,1.38565,1.38566,2400000,1
1756153320000,1756153379000,1.38566,1.38566,1.38561,1.38561,4950000,1
1756153380000,1756153439000,1.3856,1.38562,1.38558,1.38562,7200000,1
1756153440000,1756153499000,1.38563,1.38563,1.38563,1.38563,1200000,1
1756153500000,1756153559000,1.38562,1.38562,1.38562,1.38562,1350000,1
1756153560000,1756153619000,1.38563,1.38563,1.3856,1.38562,17700000,1
1756153620000,1756153679000,1.38559,1.38566,1.38559,1.38566,21000000,1
1756153680000,1756153739000,1.38568,1.38568,1.38559,1.38561,25350000,1
1756153740000,1756153799000,1.38559,1.38561,1.38556,1.3856,59100000,1
1756153800000,1756153859000,1.38558,1.38559,1.38542,1.38552,53100000,1
1756153860000,1756153919000,1.38552,1.38559,1.38551,1.38558,29400000,1
1756153920000,1756153979000,1.38558,1.38558,1.38554,1.38556,12300000,1
1756153980000,1756154039000,1.38556,1.38564,1.38556,1.38563,7200000,1
1756154040000,1756154099000,1.38563,1.38564,1.3856,1.3856,25050000,1
1756154100000,1756154159000,1.38561,1.38573,1.38561,1.38561,60450000,1
1756154160000,1756154219000,1.3856,1.38562,1.38559,1.38561,72450000,1
1756154220000,1756154279000,1.38561,1.38564,1.38559,1.38563,64650000,1
1756154280000,1756154339000,1.38563,1.38564,1.38551,1.38552,43020000,1
1756154340000,1756154399000,1.38551,1.38568,1.38551,1.38558,37650000,1
1756154400000,1756154459000,1.38557,1.38557,1.3855,1.38555,21000000,1
1756154460000,1756154519000,1.38555,1.38559,1.38553,1.38553,28650000,1
1756154520000,1756154579000,1.38551,1.38554,1.38533,1.38537,30240000,1
1756154580000,1756154639000,1.38539,1.38544,1.38537,1.38544,7800000,1
1756154640000,1756154699000,1.38545,1.38547,1.38545,1.38545,4800000,1
1756154700000,1756154759000,1.38545,1.38545,1.38537,1.38543,25650000,1
1756154760000,1756154819000,1.38546,1.38556,1.38546,1.38553,19650000,1
1756154820000,1756154879000,1.38554,1.38556,1.38552,1.38556,6000000,1
1756154880000,1756154939000,1.38556,1.38564,1.38555,1.38559,13200000,1
1756154940000,1756154999000,1.38561,1.38566,1.38557,1.38566,21600000,1
1756155000000,1756155059000,1.38567,1.38584,1.38563,1.38582,46350000,1
1756155060000,1756155119000,1.38583,1.38584,1.38581,1.38582,10350000,1
1756155120000,1756155179000,1.38584,1.38593,1.38582,1.38593,18450000,1
1756155180000,1756155239000,1.38594,1.38601,1.38593,1.38599,13950000,1
1756155240000,1756155299000,1.38599,1.38599,1.38596,1.38597,13650000,1
1756155300000,1756155359000,1.38592,1.386,1.38587,1.38588,52650000,1
1756155360000,1756155419000,1.38588,1.38594,1.38582,1.38585,101400000,1
1756155420000,1756155479000,1.38585,1.38589,1.38583,1.38583,183900000,1
1756155480000,1756155539000,1.38583,1.38589,1.38581,1.38586,72150000,1
1756155540000,1756155599000,1.38587,1.38593,1.38573,1.38573,28050000,1
1756155600000,1756155659000,1.38572,1.38572,1.38552,1.38552,2070000,1
1756155660000,1756155719000,1.38532,1.38532,1.38532,1.38532,450000,1
1756155720000,1756155779000,1.38534,1.38534,1.38534,1.38534,450000,1
1756155780000,1756155839000,1.38534,1.38534,1.38534,1.38534,0,1
1756155840000,1756155899000,1.38504,1.38509,1.38504,1.38509,2100000,1
1756155900000,1756155959000,1.38532,1.38553,1.38527,1.38553,3180000,1
1756155960000,1756156019000,1.38552,1.38552,1.38534,1.38534,2160000,1
1756156020000,1756156079000,1.38514,1.38553,1.38514,1.38553,4560000,1
1756156080000,1756156139000,1.38552,1.38552,1.38552,1.38552,720000,1
1756156140000,1756156199000,1.38532,1.38553,1.38532,1.38553,2280000,1
1756156200000,1756156259000,1.38552,1.38553,1.38539,1.38539,5160000,1
1756156260000,1756156319000,1.38539,1.38539,1.38526,1.38539,8760000,1
1756156320000,1756156379000,1.38539,1.3854,1.38534,1.38539,7200000,1
1756156380000,1756156439000,1.38516,1.38539,1.38516,1.38539,2100000,1
1756156440000,1756156499000,1.38539,1.38546,1.38539,1.38539,2700000,1
1756156500000,1756156559000,1.3854,1.3854,1.38539,1.38539,1800000,1
1756156560000,1756156619000,1.38533,1.38541,1.38533,1.38541,5400000,1
1756156620000,1756156679000,1.38534,1.38541,1.38534,1.38541,2400000,1
1756156680000,1756156739000,1.38515,1.38541,1.38515,1.38541,2700000,1
1756156740000,1756156799000,1.38541,1.38541,1.3854,1.3854,1800000,1
1756156800000,1756156859000,1.38541,1.38541,1.38514,1.3854,6600000,1
1756156860000,1756156919000,1.3854,1.38548,1.38531,1.38548,15000000,1
1756156920000,1756156979000,1.3854,1.3854,1.3854,1.3854,1200000,1
1756156980000,1756157039000,1.38518,1.38518,1.38518,1.38518,1200000,1
1756157040000,1756157099000,1.38539,1.38554,1.38516,1.38544,20550000,1
1756157100000,1756157159000,1.38543,1.38548,1.38543,1.38544,15600000,1
1756157160000,1756157219000,1.38546,1.38548,1.38544,1.38548,9600000,1
1756157220000,1756157279000,1.38547,1.38548,1.38546,1.38546,7200000,1
1756157280000,1756157339000,1.38548,1.38548,1.38547,1.38548,4800000,1
1756157340000,1756157399000,1.38549,1.38551,1.38544,1.38547,53400000,1
1756157400000,1756157459000,1.38573,1.38576,1.38571,1.38571,18900000,1
1756157460000,1756157519000,1.38572,1.38584,1.38559,1.38582,54750000,1
1756157520000,1756157579000,1.38583,1.38586,1.38583,1.38586,13950000,1
1756157580000,1756157639000,1.38585,1.38586,1.38582,1.38582,5550000,1
1756157640000,1756157699000,1.38583,1.38584,1.38583,1.38584,13050000,1
1756157700000,1756157759000,1.38582,1.38586,1.38582,1.38584,18300000,1
1756157760000,1756157819000,1.38583,1.38586,1.38582,1.38584,19800000,1
1756157820000,1756157879000,1.38583,1.38583,1.38582,1.38583,4500000,1
1756157880000,1756157939000,1.38582,1.38586,1.3856,1.38584,7950000,1
1756157940000,1756157999000,1.38585,1.38587,1.38583,1.38587,14400000,1
1756158000000,1756158059000,1.38588,1.38588,1.38585,1.38586,4950000,1
1756158060000,1756158119000,1.38561,1.38585,1.3856,1.38585,3750000,1
1756158120000,1756158179000,1.38583,1.38586,1.38583,1.38586,5850000,1
1756158180000,1756158239000,1.38586,1.38589,1.3856,1.3856,34200000,1
1756158240000,1756158299000,1.38566,1.38573,1.38558,1.38573,31500000,1
1756158300000,1756158359000,1.38573,1.3858,1.38549,1.38574,163650000,1
1756158360000,1756158419000,1.38574,1.38588,1.38568,1.3858,95550000,1
1756158420000,1756158479000,1.38576,1.38586,1.38576,1.38583,83550000,1
1756158480000,1756158539000,1.3858,1.38592,1.3858,1.38591,45150000,1
1756158540000,1756158599000,1.38591,1.38592,1.38589,1.38591,13050000,1
1756158600000,1756158659000,1.3859,1.38594,1.38587,1.3859,26100000,1
1756158660000,1756158719000,1.38589,1.3859,1.38587,1.38589,14400000,1
1756158720000,1756158779000,1.38589,1.38589,1.38587,1.38588,9000000,1
1756158780000,1756158839000,1.38588,1.3859,1.38588,1.3859,27900000,1
1756158840000,1756158899000,1.38589,1.38599,1.38576,1.38599,122100000,1
1756158900000,1756158959000,1.38599,1.38603,1.38597,1.38597,27000000,1
1756158960000,1756159019000,1.38597,1.38603,1.38597,1.38599,37800000,1
1756159020000,1756159079000,1.386,1.38602,1.38596,1.38596,17550000,1
1756159080000,1756159139000,1.38594,1.38597,1.38564,1.38572,42900000,1
1756159140000,1756159199000,1.38572,1.38572,1.38564,1.38564,65400000,1
1756159200000,1756159259000,1.38564,1.38576,1.3855,1.38564,47520000,1
1756159260000,1756159319000,1.38565,1.38566,1.38563,1.38564,18900000,1
1756159320000,1756159379000,1.38563,1.38564,1.38558,1.38564,25200000,1
1756159380000,1756159439000,1.38566,1.38566,1.38565,1.38565,2700000,1
1756159440000,1756159499000,1.38562,1.38564,1.38561,1.38561,9300000,1
1756159500000,1756159559000,1.38562,1.38562,1.38561,1.38562,6000000,1
1756159560000,1756159619000,1.38565,1.38565,1.38547,1.38547,16050000,1
1756159620000,1756159679000,1.38547,1.38551,1.38546,1.38547,15150000,1
1756159680000,1756159739000,1.38546,1.3855,1.38546,1.38548,32550000,1
1756159740000,1756159799000,1.38546,1.38553,1.38545,1.38553,38250000,1
1756159800000,1756159859000,1.38554,1.38555,1.38554,1.38554,9000000,1
1756159860000,1756159919000,1.38553,1.38554,1.38551,1.38552,17550000,1
1756159920000,1756159979000,1.38555,1.38557,1.38554,1.38555,6600000,1
1756159980000,1756160039000,1.38552,1.38553,1.38552,1.38553,22950000,1
1756160040000,1756160099000,1.38552,1.38556,1.38552,1.38556,14100000,1
1756160100000,1756160159000,1.38555,1.38557,1.38555,1.38556,24750000,1
1756160160000,1756160219000,1.38555,1.38556,1.38555,1.38556,5700000,1
1756160220000,1756160279000,1.38559,1.38559,1.38555,1.38555,3750000,1
1756160280000,1756160339000,1.38556,1.38564,1.38556,1.38562,28980000,1
1756160340000,1756160399000,1.38563,1.38563,1.38562,1.38562,4980000,1
1756160400000,1756160459000,1.38563,1.38563,1.38563,1.38563,5550000,1
1756160460000,1756160519000,1.38564,1.38564,1.38563,1.38564,4950000,1
1756160520000,1756160579000,1.38564,1.38565,1.38564,1.38565,21600000,1
1756160580000,1756160639000,1.38566,1.38566,1.38564,1.38565,13800000,1
1756160640000,1756160699000,1.38565,1.38565,1.38565,1.38565,1200000,1
1756160700000,1756160759000,1.38565,1.38565,1.38564,1.38564,10200000,1
1756160760000,1756160819000,1.38566,1.38566,1.38565,1.38565,4800000,1
1756160820000,1756160879000,1.38564,1.38566,1.38563,1.38563,16350000,1
1756160880000,1756160939000,1.38563,1.38564,1.38563,1.38563,19650000,1
1756160940000,1756160999000,1.38565,1.38566,1.38564,1.38566,12600000,1
1756161000000,1756161059000,1.38565,1.38568,1.38565,1.38567,13800000,1
1756161060000,1756161119000,1.38568,1.38568,1.38564,1.38567,7500000,1
1756161120000,1756161179000,1.38565,1.38565,1.3855,1.3855,8400000,1
1756161180000,1756161239000,1.38551,1.38551,1.3855,1.3855,2400000,1
1756161240000,1756161299000,1.3855,1.38555,1.38549,1.38555,17250000,1
1756161300000,1756161359000,1.38557,1.38559,1.38557,1.38558,22800000,1
1756161360000,1756161419000,1.38557,1.38557,1.38556,1.38556,8400000,1
1756161420000,1756161479000,1.38555,1.38556,1.38555,1.38555,17550000,1
1756161480000,1756161539000,1.38556,1.38557,1.38555,1.38557,11550000,1
1756161540000,1756161599000,1.38557,1.38557,1.38555,1.38556,48750000,1
1756161600000,1756161659000,1.38555,1.38555,1.38555,1.38555,2700000,1
1756161660000,1756161719000,1.38555,1.38556,1.38555,1.38555,19200000,1
1756161720000,1756161779000,1.38555,1.38557,1.38554,1.38555,45600000,1
1756161780000,1756161839000,1.38554,1.38556,1.38554,1.38555,17250000,1
1756161840000,1756161899000,1.38555,1.38555,1.38555,1.38555,0,1
1756161900000,1756161959000,1.38556,1.38556,1.38555,1.38556,21300000,1
1756161960000,1756162019000,1.38556,1.38556,1.38555,1.38556,3600000,1
1756162020000,1756162079000,1.38555,1.38556,1.38554,1.38555,11700000,1
1756162080000,1756162139000,1.38554,1.38556,1.38554,1.38555,24000000,1
1756162140000,1756162199000,1.38555,1.38555,1.38554,1.38555,3600000,1
1756162200000,1756162259000,1.38556,1.38557,1.38555,1.38557,8400000,1
1756162260000,1756162319000,1.38555,1.38555,1.38555,1.38555,3600000,1
1756162320000,1756162379000,1.38556,1.38556,1.38554,1.38554,35400000,1
1756162380000,1756162439000,1.38555,1.38558,1.38554,1.38558,21600000,1
1756162440000,1756162499000,1.38558,1.38558,1.38556,1.38558,12150000,1
1756162500000,1756162559000,1.38559,1.38559,1.38558,1.38558,20250000,1
1756162560000,1756162619000,1.38559,1.38559,1.38558,1.38558,13500000,1
1756162620000,1756162679000,1.38559,1.38559,1.38544,1.38548,45450000,1
1756162680000,1756162739000,1.38548,1.38557,1.38545,1.38556,105750000,1
1756162740000,1756162799000,1.38555,1.38558,1.38551,1.38552,82350000,1
1756162800000,1756162859000,1.38552,1.38553,1.38541,1.38544,117300000,1
1756162860000,1756162919000,1.38544,1.38555,1.38542,1.38554,69150000,1
1756162920000,1756162979000,1.3856,1.3856,1.38555,1.38557,45720000,1
1756162980000,1756163039000,1.38558,1.38561,1.38555,1.38555,91200000,1
1756163040000,1756163099000,1.38555,1.38563,1.38555,1.38563,42000000,1
1756163100000,1756163159000,1.38561,1.38562,1.38556,1.38556,72690000,1
1756163160000,1756163219000,1.38557,1.38558,1.38556,1.38557,42600000,1
1756163220000,1756163279000,1.38557,1.3856,1.38557,1.38559,21750000,1
1756163280000,1756163339000,1.3856,1.38563,1.38558,1.38563,21900000,1
1756163340000,1756163399000,1.38564,1.38564,1.38564,1.38564,1200000,1
1756163400000,1756163459000,1.38562,1.38562,1.38562,1.38562,1950000,1
1756163460000,1756163519000,1.38562,1.38562,1.38559,1.3856,11400000,1
1756163520000,1756163579000,1.3856,1.38562,1.38559,1.38561,11850000,1
1756163580000,1756163639000,1.38561,1.38577,1.38561,1.38576,37500000,1
1756163640000,1756163699000,1.38575,1.38578,1.38575,1.38575,16350000,1
1756163700000,1756163759000,1.38576,1.38578,1.38576,1.38578,15300000,1
1756163760000,1756163819000,1.38577,1.38586,1.38577,1.38585,23550000,1
1756163820000,1756163879000,1.38586,1.38587,1.38586,1.38586,9300000,1
1756163880000,1756163939000,1.38585,1.38586,1.38585,1.38586,12150000,1
1756163940000,1756163999000,1.38587,1.38588,1.38587,1.38587,7800000,1
1756164000000,1756164059000,1.38588,1.38589,1.38585,1.38588,9150000,1
1756164060000,1756164119000,1.38589,1.3859,1.38589,1.38589,7200000,1
1756164120000,1756164179000,1.38589,1.38589,1.38589,1.38589,3600000,1
1756164180000,1756164239000,1.3859,1.38597,1.3859,1.38597,10800000,1
1756164240000,1756164299000,1.38598,1.38598,1.38595,1.38596,5100000,1
1756164300000,1756164359000,1.38595,1.38597,1.38589,1.38594,26400000,1
1756164360000,1756164419000,1.38597,1.38597,1.38596,1.38597,6750000,1
1756164420000,1756164479000,1.38596,1.38604,1.38595,1.38598,39450000,1
1756164480000,1756164539000,1.38598,1.38598,1.38595,1.38595,7200000,1
1756164540000,1756164599000,1.38594,1.38597,1.38594,1.38597,7500000,1
1756164600000,1756164659000,1.38598,1.38599,1.38596,1.38596,10800000,1
1756164660000,1756164719000,1.38595,1.38596,1.38595,1.38596,13350000,1
1756164720000,1756164779000,1.38595,1.38596,1.38594,1.38594,15750000,1
1756164780000,1756164839000,1.38593,1.38595,1.38593,1.38594,25800000,1
1756164840000,1756164899000,1.38595,1.38595,1.38585,1.38585,14580000,1
1756164900000,1756164959000,1.38586,1.38587,1.38586,1.38587,4350000,1
1756164960000,1756165019000,1.38587,1.38588,1.38587,1.38588,5400000,1
1756165020000,1756165079000,1.38587,1.38591,1.38587,1.38588,14100000,1
1756165080000,1756165139000,1.38589,1.38589,1.38587,1.38587,3900000,1
1756165140000,1756165199000,1.38586,1.38586,1.38585,1.38585,4800000,1
1756165200000,1756165259000,1.38585,1.38585,1.38585,1.38585,2550000,1
1756165260000,1756165319000,1.38585,1.38591,1.38585,1.38587,17550000,1
1756165320000,1756165379000,1.38587,1.38588,1.38586,1.38586,13050000,1
1756165380000,1756165439000,1.38586,1.38594,1.38586,1.38591,33000000,1
1756165440000,1756165499000,1.3859,1.38592,1.38588,1.38588,27750000,1
1756165500000,1756165559000,1.38589,1.38597,1.38589,1.38597,36750000,1
1756165560000,1756165619000,1.38596,1.38597,1.38595,1.38595,5250000,1
1756165620000,1756165679000,1.38597,1.38599,1.38597,1.38597,12600000,1
1756165680000,1756165739000,1.38597,1.38597,1.3859,1.38595,37050000,1
1756165740000,1756165799000,1.38595,1.38595,1.38594,1.38594,5400000,1
1756165800000,1756165859000,1.38594,1.38597,1.38591,1.38597,41550000,1
1756165860000,1756165919000,1.38597,1.38597,1.38596,1.38596,6600000,1
1756165920000,1756165979000,1.38597,1.38597,1.38593,1.38593,25350000,1
1756165980000,1756166039000,1.38591,1.38591,1.38586,1.38587,23880000,1
1756166040000,1756166099000,1.38588,1.38588,1.38587,1.38587,2700000,1
1756166100000,1756166159000,1.38586,1.38593,1.38586,1.38593,16200000,1
1756166160000,1756166219000,1.38592,1.38594,1.38589,1.38592,47400000,1
1756166220000,1756166279000,1.38591,1.38592,1.38586,1.3859,35100000,1
1756166280000,1756166339000,1.38591,1.38592,1.38589,1.38592,17100000,1
1756166340000,1756166399000,1.38592,1.38592,1.38583,1.38584,59400000,1
1756166400000,1756166459000,1.38584,1.38607,1.3858,1.38605,119010000,1
1756166460000,1756166519000,1.38604,1.38623,1.38602,1.38622,111750000,1
1756166520000,1756166579000,1.38623,1.38624,1.3862,1.38622,50850000,1
1756166580000,1756166639000,1.38622,1.38635,1.3852,1.38558,459300000,1
1756166640000,1756166699000,1.3856,1.38569,1.3852,1.38542,416400000,1
1756166700000,1756166759000,1.38542,1.38558,1.38503,1.38511,407400000,1
1756166760000,1756166819000,1.38512,1.38532,1.38507,1.38516,289950000,1
1756166820000,1756166879000,1.38514,1.38532,1.3851,1.38527,274200000,1
1756166880000,1756166939000,1.38527,1.38548,1.38526,1.38535,283200000,1
1756166940000,1756166999000,1.38537,1.38548,1.38529,1.38531,185400000,1
1756167000000,1756167059000,1.38532,1.38548,1.38525,1.38527,102450000,1
1756167060000,1756167119000,1.38527,1.38527,1.38497,1.38501,164400000,1
1756167120000,1756167179000,1.385,1.38517,1.3849,1.38495,290400000,1
1756167180000,1756167239000,1.38493,1.38506,1.38486,1.38486,242400000,1
1756167240000,1756167299000,1.38486,1.38489,1.38459,1.38466,186450000,1
1756167300000,1756167359000,1.38466,1.38478,1.38451,1.38454,394140000,1
1756167360000,1756167419000,1.38453,1.38463,1.38448,1.38458,153600000,1
1756167420000,1756167479000,1.38459,1.3848,1.38458,1.3847,160800000,1
1756167480000,1756167539000,1.3847,1.38471,1.38445,1.38448,151350000,1
1756167540000,1756167599000,1.38447,1.38472,1.38447,1.38469,235050000,1
1756167600000,1756167659000,1.38469,1.38481,1.3846,1.3847,118050000,1
1756167660000,1756167719000,1.3847,1.38479,1.3847,1.38478,45900000,1
1756167720000,1756167779000,1.38473,1.38476,1.38464,1.38476,97950000,1
1756167780000,1756167839000,1.38475,1.38494,1.38468,1.38481,161100000,1
1756167840000,1756167899000,1.3848,1.3848,1.38469,1.3847,176100000,1
1756167900000,1756167959000,1.38469,1.38473,1.38455,1.38462,113550000,1
1756167960000,1756168019000,1.38462,1.3847,1.38454,1.38466,163200000,1
1756168020000,1756168079000,1.38465,1.38472,1.38453,1.38457,259650000,1
1756168080000,1756168139000,1.38456,1.38467,1.38446,1.38463,158400000,1
1756168140000,1756168199000,1.38463,1.3847,1.38459,1.38464,161400000,1
1756168200000,1756168259000,1.38464,1.3848,1.38455,1.38473,175950000,1
1756168260000,1756168319000,1.38475,1.38491,1.38472,1.38479,219150000,1
1756168320000,1756168379000,1.38479,1.3849,1.38468,1.3847,376650000,1
1756168380000,1756168439000,1.38469,1.3847,1.38429,1.3843,296310000,1
1756168440000,1756168499000,1.3843,1.38442,1.38416,1.38441,281190000,1
1756168500000,1756168559000,1.38441,1.38442,1.38421,1.38425,179700000,1
1756168560000,1756168619000,1.38424,1.38436,1.38422,1.38422,242700000,1
1756168620000,1756168679000,1.38422,1.38436,1.38414,1.38414,263640000,1
1756168680000,1756168739000,1.38414,1.38417,1.38409,1.38417,203670000,1
1756168740000,1756168799000,1.38418,1.38438,1.38412,1.38433,163350000,1
1756168800000,1756168859000,1.38433,1.38444,1.38428,1.38441,165030000,1
1756168860000,1756168919000,1.3844,1.38445,1.38426,1.38444,117300000,1
1756168920000,1756168979000,1.38445,1.38451,1.38434,1.3844,187650000,1
1756168980000,1756169039000,1.3844,1.38441,1.3843,1.38437,253500000,1
1756169040000,1756169099000,1.38437,1.38446,1.38433,1.38443,234750000,1
1756169100000,1756169159000,1.38442,1.38446,1.38432,1.38432,114300000,1
1756169160000,1756169219000,1.38433,1.38438,1.38423,1.38423,149250000,1
1756169220000,1756169279000,1.38423,1.38431,1.38415,1.38423,217950000,1
1756169280000,1756169339000,1.38423,1.38427,1.38411,1.38412,304650000,1
1756169340000,1756169399000,1.38413,1.38429,1.38409,1.38426,203700000,1
1756169400000,1756169459000,1.38427,1.38431,1.38422,1.3843,206700000,1
1756169460000,1756169519000,1.38429,1.38449,1.38422,1.38447,258450000,1
1756169520000,1756169579000,1.38448,1.38461,1.38448,1.3845,107550000,1
1756169580000,1756169639000,1.38449,1.38455,1.38448,1.38452,71400000,1
1756169640000,1756169699000,1.38452,1.38454,1.38431,1.38431,189900000,1
1756169700000,1756169759000,1.3843,1.38447,1.38429,1.38443,202200000,1
1756169760000,1756169819000,1.38442,1.38452,1.38436,1.38451,191550000,1
1756169820000,1756169879000,1.3845,1.38451,1.38439,1.38444,99750000,1
1756169880000,1756169939000,1.38443,1.38448,1.38442,1.38446,109050000,1
1756169940000,1756169999000,1.38447,1.38448,1.38443,1.38445,90000000,1
1756170000000,1756170059000,1.38447,1.38462,1.38445,1.38461,261450000,1
1756170060000,1756170119000,1.38459,1.38463,1.38448,1.38448,148200000,1
1756170120000,1756170179000,1.38449,1.38453,1.38443,1.38447,89550000,1
1756170180000,1756170239000,1.38448,1.38451,1.38443,1.38444,118500000,1
1756170240000,1756170299000,1.38445,1.38453,1.38441,1.38451,104250000,1
1756170300000,1756170359000,1.38451,1.38461,1.38447,1.38461,77850000,1
1756170360000,1756170419000,1.3846,1.38472,1.38454,1.38471,71250000,1
1756170420000,1756170479000,1.38471,1.38476,1.38465,1.38471,87450000,1
1756170480000,1756170539000,1.38471,1.385,1.38471,1.38493,146850000,1
1756170540000,1756170599000,1.38496,1.38497,1.38487,1.38497,114450000,1
1756170600000,1756170659000,1.38497,1.38499,1.38484,1.38487,79800000,1
1756170660000,1756170719000,1.38487,1.38489,1.38479,1.38479,90600000,1
1756170720000,1756170779000,1.38478,1.38499,1.38478,1.38499,77550000,1
1756170780000,1756170839000,1.38497,1.38499,1.38489,1.38497,112950000,1
1756170840000,1756170899000,1.38497,1.38506,1.38497,1.38501,97350000,1
1756170900000,1756170959000,1.38502,1.38502,1.38483,1.38489,113850000,1
1756170960000,1756171019000,1.3849,1.38499,1.3849,1.38499,94800000,1
1756171020000,1756171079000,1.385,1.38506,1.38498,1.38505,33600000,1
1756171080000,1756171139000,1.38503,1.38505,1.38498,1.38501,57300000,1
1756171140000,1756171199000,1.38502,1.38519,1.385,1.38519,47400000,1
1756171200000,1756171259000,1.38521,1.38524,1.38509,1.3851,71550000,1
1756171260000,1756171319000,1.38509,1.38511,1.38501,1.38507,34200000,1
1756171320000,1756171379000,1.38507,1.38509,1.38493,1.38493,54450000,1
1756171380000,1756171439000,1.38494,1.38504,1.38492,1.38496,85500000,1
1756171440000,1756171499000,1.38496,1.38506,1.38494,1.38505,115500000,1
1756171500000,1756171559000,1.38504,1.3852,1.38503,1.38515,80550000,1
1756171560000,1756171619000,1.38514,1.38515,1.38512,1.38513,18000000,1
1756171620000,1756171679000,1.38512,1.38519,1.38511,1.38514,63750000,1
1756171680000,1756171739000,1.38515,1.38517,1.38511,1.38513,60000000,1
1756171740000,1756171799000,1.38513,1.38513,1.38506,1.38511,40800000,1
1756171800000,1756171859000,1.38511,1.38546,1.38511,1.38544,148050000,1
1756171860000,1756171919000,1.38545,1.38552,1.38543,1.38552,113700000,1
1756171920000,1756171979000,1.38553,1.38561,1.38549,1.38556,52350000,1
1756171980000,1756172039000,1.38556,1.38568,1.38549,1.38568,80100000,1
1756172040000,1756172099000,1.38566,1.38567,1.3855,1.3855,86250000,1
1756172100000,1756172159000,1.38551,1.38565,1.38551,1.38565,86550000,1
1756172160000,1756172219000,1.38566,1.38584,1.38566,1.38579,62400000,1
1756172220000,1756172279000,1.38578,1.38578,1.38569,1.3857,38550000,1
1756172280000,1756172339000,1.38569,1.38571,1.38562,1.38563,27600000,1
1756172340000,1756172399000,1.38562,1.38567,1.38559,1.38561,64500000,1
1756172400000,1756172459000,1.38562,1.38563,1.38556,1.3856,28350000,1
1756172460000,1756172519000,1.38559,1.38561,1.38551,1.38554,84450000,1
1756172520000,1756172579000,1.38554,1.38557,1.38549,1.38556,44550000,1
1756172580000,1756172639000,1.38554,1.38568,1.38552,1.38565,103650000,1
1756172640000,1756172699000,1.38564,1.38567,1.38552,1.38553,138900000,1
1756172700000,1756172759000,1.38554,1.38556,1.38543,1.38544,117300000,1
1756172760000,1756172819000,1.38544,1.38548,1.38531,1.38532,148350000,1
1756172820000,1756172879000,1.38533,1.38547,1.38533,1.38538,92700000,1
1756172880000,1756172939000,1.38538,1.38545,1.38532,1.38539,120150000,1
1756172940000,1756172999000,1.38539,1.3854,1.38534,1.38534,102150000,1
1756173000000,1756173059000,1.38535,1.38544,1.38533,1.38543,99300000,1
1756173060000,1756173119000,1.38543,1.38553,1.38543,1.38549,120000000,1
1756173120000,1756173179000,1.38549,1.38553,1.38545,1.38553,62550000,1
1756173180000,1756173239000,1.38553,1.38559,1.38553,1.38555,125100000,1
1756173240000,1756173299000,1.38555,1.38564,1.38548,1.38563,142650000,1
1756173300000,1756173359000,1.38562,1.38566,1.38554,1.38557,91950000,1
1756173360000,1756173419000,1.38557,1.38557,1.38547,1.38547,144750000,1
1756173420000,1756173479000,1.38547,1.38548,1.38539,1.38543,114750000,1
1756173480000,1756173539000,1.38543,1.38553,1.38543,1.38548,135300000,1
1756173540000,1756173599000,1.38548,1.38555,1.38546,1.38555,118800000,1
1756173600000,1756173659000,1.38555,1.38555,1.38541,1.38542,118950000,1
1756173660000,1756173719000,1.38541,1.38551,1.38541,1.38547,96150000,1
1756173720000,1756173779000,1.38546,1.3855,1.38539,1.38544,182400000,1
1756173780000,1756173839000,1.38544,1.38545,1.38526,1.38526,190500000,1
1756173840000,1756173899000,1.38526,1.38526,1.38518,1.38519,100650000,1
1756173900000,1756173959000,1.38517,1.38517,1.38501,1.38503,77550000,1
1756173960000,1756174019000,1.38501,1.38502,1.38487,1.38493,199650000,1
1756174020000,1756174079000,1.38495,1.38504,1.3849,1.38498,190350000,1
1756174080000,1756174139000,1.38497,1.38501,1.38491,1.38496,107250000,1
1756174140000,1756174199000,1.38495,1.38495,1.38487,1.38488,155310000,1
1756174200000,1756174259000,1.3849,1.38492,1.38484,1.38484,63000000,1
1756174260000,1756174319000,1.38484,1.38491,1.38484,1.3849,53400000,1
1756174320000,1756174379000,1.38489,1.38512,1.38489,1.38511,87000000,1
1756174380000,1756174439000,1.38511,1.38523,1.38511,1.38518,167250000,1
1756174440000,1756174499000,1.38518,1.3852,1.38507,1.3851,120900000,1
1756174500000,1756174559000,1.38511,1.38519,1.38498,1.38498,185100000,1
1756174560000,1756174619000,1.38499,1.385,1.38496,1.38496,132150000,1
1756174620000,1756174679000,1.38496,1.38502,1.38496,1.38498,31800000,1
1756174680000,1756174739000,1.38497,1.38503,1.38497,1.38498,72300000,1
1756174740000,1756174799000,1.38498,1.385,1.38489,1.38497,78900000,1
1756174800000,1756174859000,1.38497,1.385,1.38495,1.38498,61950000,1
1756174860000,1756174919000,1.38497,1.38499,1.38495,1.38496,94350000,1
1756174920000,1756174979000,1.38497,1.38499,1.38486,1.38486,82950000,1
1756174980000,1756175039000,1.38485,1.38487,1.38478,1.38479,65850000,1
1756175040000,1756175099000,1.38479,1.38479,1.38469,1.38475,101250000,1
1756175100000,1756175159000,1.38476,1.38478,1.38469,1.38477,88050000,1
1756175160000,1756175219000,1.38477,1.38485,1.38477,1.38478,33300000,1
1756175220000,1756175279000,1.38478,1.38478,1.38466,1.38467,58500000,1
1756175280000,1756175339000,1.38467,1.38476,1.38467,1.38476,40350000,1
1756175340000,1756175399000,1.38475,1.38475,1.38475,1.38475,5400000,1
1756175400000,1756175459000,1.38476,1.38476,1.38475,1.38475,59700000,1
1756175460000,1756175519000,1.38476,1.38479,1.38475,1.38476,24150000,1
1756175520000,1756175579000,1.38476,1.38486,1.38475,1.38478,78900000,1
1756175580000,1756175639000,1.38477,1.38508,1.38477,1.38497,148950000,1
1756175640000,1756175699000,1.38496,1.38499,1.38496,1.38496,50400000,1
1756175700000,1756175759000,1.38496,1.38497,1.38487,1.38488,40200000,1
1756175760000,1756175819000,1.38489,1.38494,1.38488,1.3849,27150000,1
1756175820000,1756175879000,1.38492,1.38492,1.38487,1.38489,57300000,1
1756175880000,1756175939000,1.38489,1.38492,1.38487,1.3849,24450000,1
1756175940000,1756175999000,1.3849,1.38491,1.38488,1.3849,38850000,1
1756176000000,1756176059000,1.38491,1.38509,1.38491,1.38509,72000000,1
1756176060000,1756176119000,1.38508,1.38512,1.38507,1.38507,50100000,1
1756176120000,1756176179000,1.38508,1.38517,1.38507,1.38507,50400000,1
1756176180000,1756176239000,1.38505,1.38511,1.38505,1.38506,59850000,1
1756176240000,1756176299000,1.38506,1.38508,1.38505,1.38507,17700000,1
1756176300000,1756176359000,1.38507,1.3851,1.38505,1.38509,57000000,1
1756176360000,1756176419000,1.38509,1.38511,1.38505,1.38506,115950000,1
1756176420000,1756176479000,1.38506,1.38506,1.38495,1.38498,48600000,1
1756176480000,1756176539000,1.38499,1.38501,1.38496,1.38499,27000000,1
1756176540000,1756176599000,1.38505,1.38507,1.38496,1.38496,67350000,1
1756176600000,1756176659000,1.38496,1.38498,1.38486,1.38487,72600000,1
1756176660000,1756176719000,1.38486,1.38491,1.38486,1.3849,158550000,1
1756176720000,1756176779000,1.3849,1.38492,1.38478,1.38485,51000000,1
1756176780000,1756176839000,1.38486,1.38488,1.38476,1.38479,93600000,1
1756176840000,1756176899000,1.3848,1.3848,1.38476,1.38477,55650000,1
1756176900000,1756176959000,1.38477,1.38489,1.38477,1.38479,113400000,1
1756176960000,1756177019000,1.38479,1.38486,1.38478,1.38485,72750000,1
1756177020000,1756177079000,1.38485,1.3849,1.38485,1.38489,96300000,1
1756177080000,1756177139000,1.3849,1.3849,1.38486,1.38488,78600000,1
1756177140000,1756177199000,1.38488,1.38495,1.38487,1.38492,48900000,1
1756177200000,1756177259000,1.38492,1.38524,1.38492,1.38521,132900000,1
1756177260000,1756177319000,1.3852,1.38534,1.3852,1.38533,155400000,1
1756177320000,1756177379000,1.38533,1.38535,1.38528,1.38533,134700000,1
1756177380000,1756177439000,1.38534,1.3854,1.38534,1.38538,67800000,1
1756177440000,1756177499000,1.38537,1.3855,1.38535,1.38547,153900000,1
1756177500000,1756177559000,1.38548,1.3857,1.38548,1.38564,146100000,1
1756177560000,1756177619000,1.38564,1.38568,1.38558,1.38559,120900000,1
1756177620000,1756177679000,1.38559,1.38564,1.38554,1.38555,117000000,1
1756177680000,1756177739000,1.38554,1.38556,1.38551,1.38552,48150000,1
1756177740000,1756177799000,1.3855,1.38573,1.3855,1.38569,104550000,1
1756177800000,1756177859000,1.3857,1.38581,1.38568,1.38569,112350000,1
1756177860000,1756177919000,1.38569,1.38573,1.38564,1.38571,89700000,1
1756177920000,1756177979000,1.38571,1.38574,1.38561,1.38563,63600000,1
1756177980000,1756178039000,1.38562,1.38566,1.38556,1.38557,111150000,1
1756178040000,1756178099000,1.38559,1.38561,1.38557,1.38558,108750000,1
1756178100000,1756178159000,1.38559,1.38568,1.38558,1.38564,109950000,1
1756178160000,1756178219000,1.38565,1.38566,1.38557,1.38557,111150000,1
1756178220000,1756178279000,1.38556,1.38564,1.38555,1.38558,56700000,1
1756178280000,1756178339000,1.38556,1.38568,1.38555,1.38563,138450000,1
1756178340000,1756178399000,1.38563,1.38569,1.38559,1.38569,65100000,1
1756178400000,1756178459000,1.38568,1.38571,1.38563,1.38566,88050000,1
1756178460000,1756178519000,1.38566,1.38567,1.38562,1.38564,26400000,1
1756178520000,1756178579000,1.38563,1.38565,1.38554,1.38558,93600000,1
1756178580000,1756178639000,1.38558,1.38567,1.38558,1.38566,71250000,1
1756178640000,1756178699000,1.38567,1.38573,1.38565,1.38568,76500000,1
1756178700000,1756178759000,1.38567,1.38569,1.38565,1.38566,65850000,1
1756178760000,1756178819000,1.38566,1.38569,1.38562,1.38565,131850000,1
1756178820000,1756178879000,1.38566,1.38568,1.38563,1.38567,116250000,1
1756178880000,1756178939000,1.38568,1.38574,1.38565,1.38568,95550000,1
1756178940000,1756178999000,1.38571,1.38571,1.38567,1.38567,85200000,1
1756179000000,1756179059000,1.38568,1.38574,1.38559,1.38564,141900000,1
1756179060000,1756179119000,1.38563,1.38569,1.38563,1.38565,58950000,1
1756179120000,1756179179000,1.38564,1.38565,1.38557,1.38558,74850000,1
1756179180000,1756179239000,1.38559,1.38563,1.38545,1.38546,144450000,1
1756179240000,1756179299000,1.38547,1.3855,1.38545,1.38545,50550000,1
1756179300000,1756179359000,1.38546,1.38549,1.38544,1.38549,61650000,1
1756179360000,1756179419000,1.38548,1.38549,1.38545,1.38546,42450000,1
1756179420000,1756179479000,1.38549,1.38557,1.38546,1.38555,101550000,1
1756179480000,1756179539000,1.38555,1.38561,1.38553,1.38555,138150000,1
1756179540000,1756179599000,1.38554,1.38556,1.38554,1.38554,23550000,1
1756179600000,1756179659000,1.38553,1.38557,1.38553,1.38556,37200000,1
1756179660000,1756179719000,1.38555,1.38556,1.38553,1.38554,36900000,1
1756179720000,1756179779000,1.38554,1.38557,1.38554,1.38556,27150000,1
1756179780000,1756179839000,1.38556,1.3857,1.38553,1.3856,97800000,1
1756179840000,1756179899000,1.3856,1.38563,1.3856,1.38561,49800000,1
1756179900000,1756179959000,1.3856,1.38569,1.3856,1.38568,68850000,1
1756179960000,1756180019000,1.38568,1.3857,1.38568,1.38569,59250000,1
1756180020000,1756180079000,1.3857,1.3857,1.38557,1.38558,48900000,1
1756180080000,1756180139000,1.38557,1.38564,1.38557,1.38564,24600000,1
1756180140000,1756180199000,1.38566,1.38574,1.38566,1.38571,45600000,1
1756180200000,1756180259000,1.38571,1.38572,1.38567,1.38567,46800000,1
1756180260000,1756180319000,1.38567,1.38571,1.38563,1.38571,32550000,1
1756180320000,1756180379000,1.3857,1.38578,1.3857,1.38571,48450000,1
1756180380000,1756180439000,1.38572,1.38576,1.38571,1.38575,84600000,1
1756180440000,1756180499000,1.38576,1.3858,1.38572,1.38574,112950000,1
1756180500000,1756180559000,1.38575,1.38579,1.38573,1.38578,32250000,1
1756180560000,1756180619000,1.38579,1.38579,1.38572,1.38574,118050000,1
1756180620000,1756180679000,1.38574,1.38584,1.38574,1.38582,75900000,1
1756180680000,1756180739000,1.38582,1.38583,1.38575,1.38575,137100000,1
1756180740000,1756180799000,1.38577,1.38578,1.38573,1.38577,102300000,1
1756180800000,1756180859000,1.38575,1.38581,1.38567,1.38567,85350000,1
1756180860000,1756180919000,1.38568,1.38577,1.38567,1.38572,56250000,1
1756180920000,1756180979000,1.38571,1.38571,1.38566,1.38566,28350000,1
1756180980000,1756181039000,1.38566,1.38568,1.38564,1.38564,65250000,1
1756181040000,1756181099000,1.38565,1.38578,1.38565,1.38578,47250000,1
1756181100000,1756181159000,1.38576,1.38576,1.38566,1.38572,49200000,1
1756181160000,1756181219000,1.38573,1.38582,1.38573,1.38582,35700000,1
1756181220000,1756181279000,1.38582,1.38592,1.38582,1.38586,87300000,1
1756181280000,1756181339000,1.38586,1.38594,1.38586,1.38593,72150000,1
1756181340000,1756181399000,1.38592,1.38592,1.38582,1.3859,96300000,1
1756181400000,1756181459000,1.3859,1.38592,1.38586,1.3859,51300000,1
1756181460000,1756181519000,1.38592,1.38592,1.38586,1.38588,33450000,1
1756181520000,1756181579000,1.38588,1.38594,1.38588,1.38592,29550000,1
1756181580000,1756181639000,1.38593,1.38594,1.38585,1.38587,90600000,1
1756181640000,1756181699000,1.38586,1.38591,1.38586,1.38589,53700000,1
1756181700000,1756181759000,1.38586,1.38588,1.38584,1.38586,54750000,1
1756181760000,1756181819000,1.38587,1.38587,1.38576,1.3858,57450000,1
1756181820000,1756181879000,1.38582,1.38586,1.38578,1.38578,57150000,1
1756181880000,1756181939000,1.38578,1.38578,1.38573,1.38573,29550000,1
1756181940000,1756181999000,1.38573,1.38575,1.38571,1.38572,53100000,1
1756182000000,1756182059000,1.38572,1.38572,1.38564,1.38566,44700000,1
1756182060000,1756182119000,1.38566,1.38571,1.38566,1.38567,34800000,1
1756182120000,1756182179000,1.38566,1.38568,1.38562,1.38563,55800000,1
1756182180000,1756182239000,1.38562,1.38563,1.38561,1.38562,23550000,1
1756182240000,1756182299000,1.38564,1.38566,1.38562,1.38563,38100000,1
1756182300000,1756182359000,1.38564,1.38565,1.38563,1.38565,40050000,1
1756182360000,1756182419000,1.38565,1.38565,1.38563,1.38563,7500000,1
1756182420000,1756182479000,1.38563,1.38565,1.38559,1.38565,36300000,1
1756182480000,1756182539000,1.38564,1.38565,1.38562,1.38562,42600000,1
1756182540000,1756182599000,1.38561,1.38561,1.38556,1.38556,47250000,1
1756182600000,1756182659000,1.38557,1.38567,1.38553,1.38565,74550000,1
1756182660000,1756182719000,1.38564,1.38568,1.38564,1.38567,20550000,1
1756182720000,1756182779000,1.38569,1.38572,1.38568,1.38569,42600000,1
1756182780000,1756182839000,1.3857,1.3857,1.38557,1.38558,60450000,1
1756182840000,1756182899000,1.3856,1.38562,1.38558,1.38559,45900000,1
1756182900000,1756182959000,1.38559,1.38565,1.38557,1.38558,88950000,1
1756182960000,1756183019000,1.38559,1.3856,1.38557,1.38558,79500000,1
1756183020000,1756183079000,1.38558,1.38558,1.38554,1.38554,28950000,1
1756183080000,1756183139000,1.38554,1.38558,1.38554,1.38556,113400000,1
1756183140000,1756183199000,1.38555,1.38563,1.38555,1.38558,58200000,1
1756183200000,1756183259000,1.3856,1.38565,1.3856,1.38561,35700000,1
1756183260000,1756183319000,1.38562,1.38564,1.38561,1.38563,23250000,1
1756183320000,1756183379000,1.38561,1.38563,1.38561,1.38561,18000000,1
1756183380000,1756183439000,1.38561,1.38563,1.38561,1.38561,27000000,1
1756183440000,1756183499000,1.38563,1.38564,1.38561,1.38563,33150000,1
1756183500000,1756183559000,1.38563,1.38567,1.38562,1.38565,43500000,1
1756183560000,1756183619000,1.38565,1.38566,1.38564,1.38564,33600000,1
1756183620000,1756183679000,1.38566,1.38566,1.38563,1.38564,5700000,1
1756183680000,1756183739000,1.38564,1.38564,1.38563,1.38564,9300000,1
1756183740000,1756183799000,1.38564,1.38566,1.38563,1.38563,27450000,1
1756183800000,1756183859000,1.38563,1.38563,1.38552,1.38555,63150000,1
1756183860000,1756183919000,1.38558,1.38563,1.38556,1.38562,18300000,1
1756183920000,1756183979000,1.38562,1.38564,1.38557,1.38562,40950000,1
1756183980000,1756184039000,1.38563,1.3857,1.38563,1.38566,56400000,1
1756184040000,1756184099000,1.38567,1.38567,1.38556,1.3856,68700000,1
1756184100000,1756184159000,1.38559,1.38562,1.38556,1.38557,80400000,1
1756184160000,1756184219000,1.38559,1.3856,1.38556,1.38558,77400000,1
1756184220000,1756184279000,1.38558,1.38563,1.38556,1.38557,100200000,1
1756184280000,1756184339000,1.38558,1.38561,1.38555,1.38555,29250000,1
1756184340000,1756184399000,1.38555,1.38555,1.38536,1.38537,115650000,1
1756184400000,1756184459000,1.38537,1.38553,1.38533,1.38547,98100000,1
1756184460000,1756184519000,1.38547,1.38548,1.38534,1.38538,134850000,1
1756184520000,1756184579000,1.38539,1.38544,1.38538,1.38542,55950000,1
1756184580000,1756184639000,1.38542,1.38546,1.3854,1.38544,40800000,1
1756184640000,1756184699000,1.38544,1.38545,1.38542,1.38543,56850000,1
1756184700000,1756184759000,1.38543,1.38552,1.38542,1.38547,132600000,1
1756184760000,1756184819000,1.38548,1.38548,1.38542,1.38545,68250000,1
1756184820000,1756184879000,1.38545,1.38547,1.38543,1.38544,36300000,1
1756184880000,1756184939000,1.38544,1.38546,1.38544,1.38544,20100000,1
1756184940000,1756184999000,1.38545,1.38545,1.38534,1.38534,51750000,1
1756185000000,1756185059000,1.38535,1.38538,1.38533,1.38538,38100000,1
1756185060000,1756185119000,1.38537,1.38538,1.38533,1.38537,22350000,1
1756185120000,1756185179000,1.38537,1.38542,1.38535,1.38538,34500000,1
1756185180000,1756185239000,1.38537,1.38538,1.38532,1.38533,26250000,1
1756185240000,1756185299000,1.38533,1.38536,1.38533,1.38536,43500000,1
1756185300000,1756185359000,1.38536,1.38545,1.38535,1.38537,81750000,1
1756185360000,1756185419000,1.38536,1.38544,1.38534,1.38544,113400000,1
1756185420000,1756185479000,1.38542,1.38547,1.38539,1.38541,57900000,1
1756185480000,1756185539000,1.3854,1.38542,1.38534,1.38536,79050000,1
1756185540000,1756185599000,1.38534,1.3854,1.38534,1.38538,29700000,1
1756185600000,1756185659000,1.38536,1.38538,1.38533,1.38533,45150000,1
1756185660000,1756185719000,1.38534,1.38535,1.38526,1.38527,52650000,1
1756185720000,1756185779000,1.38527,1.38543,1.38526,1.38543,58350000,1
1756185780000,1756185839000,1.38543,1.38544,1.38538,1.38541,78150000,1
1756185840000,1756185899000,1.38542,1.38543,1.38541,1.38543,54600000,1
1756185900000,1756185959000,1.38543,1.38547,1.38543,1.38546,35850000,1
1756185960000,1756186019000,1.38547,1.38547,1.3854,1.38543,47100000,1
1756186020000,1756186079000,1.38543,1.38543,1.38536,1.38536,40500000,1
1756186080000,1756186139000,1.38537,1.38537,1.38531,1.38532,71850000,1
1756186140000,1756186199000,1.3853,1.38531,1.38526,1.38527,35700000,1
1756186200000,1756186259000,1.38527,1.38528,1.38519,1.38521,29250000,1
1756186260000,1756186319000,1.3852,1.38527,1.38517,1.38521,62100000,1
1756186320000,1756186379000,1.38519,1.3852,1.38517,1.38518,25350000,1
1756186380000,1756186439000,1.38519,1.3852,1.38517,1.38517,11550000,1
1756186440000,1756186499000,1.38518,1.38529,1.38518,1.38527,19800000,1
1756186500000,1756186559000,1.38535,1.38538,1.38534,1.38538,24300000,1
1756186560000,1756186619000,1.38539,1.38539,1.38532,1.38538,49500000,1
1756186620000,1756186679000,1.38538,1.38541,1.38536,1.38536,29850000,1
1756186680000,1756186739000,1.38536,1.3854,1.38535,1.38538,78150000,1
1756186740000,1756186799000,1.3854,1.3854,1.38535,1.38539,68100000,1
1756186800000,1756186859000,1.3854,1.38542,1.38538,1.38541,24000000,1
1756186860000,1756186919000,1.3854,1.38541,1.38535,1.38539,49050000,1
1756186920000,1756186979000,1.38538,1.38538,1.38528,1.38528,61350000,1
1756186980000,1756187039000,1.38527,1.3853,1.38527,1.38529,58800000,1
1756187040000,1756187099000,1.38529,1.38529,1.38509,1.3851,93900000,1
1756187100000,1756187159000,1.38509,1.38517,1.38509,1.38517,50250000,1
1756187160000,1756187219000,1.38518,1.38519,1.38514,1.38515,104550000,1
1756187220000,1756187279000,1.38515,1.38528,1.38515,1.38526,80850000,1
1756187280000,1756187339000,1.38526,1.38535,1.38525,1.38529,55050000,1
1756187340000,1756187399000,1.38527,1.38527,1.38515,1.38517,49350000,1
1756187400000,1756187459000,1.38516,1.38517,1.38516,1.38516,29400000,1
1756187460000,1756187519000,1.38516,1.38517,1.38514,1.38517,18750000,1
1756187520000,1756187579000,1.38517,1.38518,1.38513,1.38518,39450000,1
1756187580000,1756187639000,1.38516,1.38518,1.38515,1.38517,35700000,1
1756187640000,1756187699000,1.38516,1.38518,1.38514,1.38517,49350000,1
1756187700000,1756187759000,1.38517,1.38518,1.38499,1.38504,102150000,1
1756187760000,1756187819000,1.38505,1.38509,1.38505,1.38507,173550000,1
1756187820000,1756187879000,1.38506,1.38508,1.38505,1.38507,89550000,1
1756187880000,1756187939000,1.38508,1.38508,1.38496,1.38498,134550000,1
1756187940000,1756187999000,1.38498,1.38509,1.38498,1.38506,67500000,1
1756188000000,1756188059000,1.38509,1.38511,1.38499,1.38501,185550000,1
1756188060000,1756188119000,1.38501,1.3852,1.38501,1.38519,156000000,1
1756188120000,1756188179000,1.38519,1.38528,1.38515,1.38518,113700000,1
1756188180000,1756188239000,1.38517,1.38537,1.38503,1.38507,211050000,1
1756188240000,1756188299000,1.38508,1.38517,1.38507,1.38515,176100000,1
1756188300000,1756188359000,1.38516,1.38526,1.38511,1.38514,146100000,1
1756188360000,1756188419000,1.38516,1.38531,1.38516,1.38528,107700000,1
1756188420000,1756188479000,1.38527,1.3853,1.38524,1.38529,61050000,1
1756188480000,1756188539000,1.38529,1.3853,1.38525,1.38527,89400000,1
1756188540000,1756188599000,1.38527,1.38536,1.38522,1.38536,76650000,1
1756188600000,1756188659000,1.38536,1.38558,1.38536,1.38558,83700000,1
1756188660000,1756188719000,1.38557,1.38559,1.38556,1.38557,26250000,1
1756188720000,1756188779000,1.38558,1.38569,1.38558,1.38569,26700000,1
1756188780000,1756188839000,1.38569,1.3858,1.38568,1.38577,101400000,1
1756188840000,1756188899000,1.38577,1.38581,1.3857,1.3858,42900000,1
1756188900000,1756188959000,1.38581,1.38607,1.38578,1.38601,107100000,1
1756188960000,1756189019000,1.38601,1.38608,1.38597,1.38598,80250000,1
1756189020000,1756189079000,1.38598,1.386,1.3859,1.386,85650000,1
1756189080000,1756189139000,1.386,1.38619,1.386,1.38619,53250000,1
1756189140000,1756189199000,1.38623,1.38634,1.38623,1.38632,119400000,1
1756189200000,1756189259000,1.38631,1.3865,1.38631,1.38646,189600000,1
1756189260000,1756189319000,1.38647,1.38647,1.38623,1.38629,180000000,1
1756189320000,1756189379000,1.38629,1.38631,1.38618,1.3862,134250000,1
1756189380000,1756189439000,1.38623,1.38624,1.38601,1.38608,98850000,1
1756189440000,1756189499000,1.38608,1.38618,1.38606,1.38615,100050000,1
1756189500000,1756189559000,1.38615,1.38615,1.38605,1.38605,67200000,1
1756189560000,1756189619000,1.38605,1.38606,1.38595,1.38595,64350000,1
1756189620000,1756189679000,1.38596,1.38596,1.38585,1.38585,118650000,1
1756189680000,1756189739000,1.38586,1.38586,1.38566,1.38566,66150000,1
1756189740000,1756189799000,1.38566,1.38569,1.38564,1.38569,122850000,1
1756189800000,1756189859000,1.38568,1.38572,1.38559,1.38565,105450000,1
1756189860000,1756189919000,1.38564,1.38566,1.38556,1.38556,109350000,1
1756189920000,1756189979000,1.38557,1.38566,1.38544,1.38544,137250000,1
1756189980000,1756190039000,1.38544,1.38547,1.38528,1.38536,217500000,1
1756190040000,1756190099000,1.38536,1.38539,1.38529,1.38536,168600000,1
1756190100000,1756190159000,1.38534,1.3854,1.38532,1.38535,54000000,1
1756190160000,1756190219000,1.38534,1.38535,1.38521,1.3853,57300000,1
1756190220000,1756190279000,1.38529,1.38532,1.38525,1.38528,56100000,1
1756190280000,1756190339000,1.38528,1.38529,1.38521,1.38522,103050000,1
1756190340000,1756190399000,1.38523,1.38523,1.38516,1.38517,47100000,1
1756190400000,1756190459000,1.38517,1.38528,1.38517,1.38526,146550000,1
1756190460000,1756190519000,1.38525,1.38526,1.38516,1.38518,46950000,1
1756190520000,1756190579000,1.38517,1.38519,1.38509,1.38516,64350000,1
1756190580000,1756190639000,1.38515,1.38517,1.38509,1.38517,57750000,1
1756190640000,1756190699000,1.38517,1.38539,1.38517,1.38537,36000000,1
1756190700000,1756190759000,1.38538,1.38546,1.38532,1.38533,175500000,1
1756190760000,1756190819000,1.38535,1.38541,1.38535,1.3854,96900000,1
1756190820000,1756190879000,1.3854,1.38545,1.38533,1.38537,111600000,1
1756190880000,1756190939000,1.38536,1.38539,1.38535,1.38538,61650000,1
1756190940000,1756190999000,1.38537,1.3855,1.38537,1.38547,77550000,1
1756191000000,1756191059000,1.38548,1.38554,1.38543,1.3855,160500000,1
1756191060000,1756191119000,1.3855,1.38563,1.38542,1.38562,197400000,1
1756191120000,1756191179000,1.38563,1.38564,1.38557,1.38559,111000000,1
1756191180000,1756191239000,1.38559,1.38562,1.38556,1.3856,116850000,1
1756191240000,1756191299000,1.38559,1.38573,1.38558,1.38565,126600000,1
1756191300000,1756191359000,1.38566,1.38575,1.38565,1.38574,168750000,1
1756191360000,1756191419000,1.38575,1.38583,1.38571,1.3858,173700000,1
1756191420000,1756191479000,1.38582,1.38583,1.38571,1.38578,147750000,1
1756191480000,1756191539000,1.38579,1.38582,1.38568,1.38576,155550000,1
1756191540000,1756191599000,1.38575,1.38591,1.38572,1.38573,233250000,1
1756191600000,1756191659000,1.38574,1.38587,1.38561,1.38574,251700000,1
1756191660000,1756191719000,1.38574,1.38581,1.38559,1.38565,154800000,1
1756191720000,1756191779000,1.38566,1.38577,1.38564,1.38566,257250000,1
1756191780000,1756191839000,1.38564,1.38564,1.38547,1.38549,225900000,1
1756191840000,1756191899000,1.38549,1.38559,1.38546,1.38558,157350000,1
1756191900000,1756191959000,1.38558,1.3856,1.38552,1.38555,157350000,1
1756191960000,1756192019000,1.38554,1.38566,1.38553,1.38561,166800000,1
1756192020000,1756192079000,1.38561,1.38572,1.38561,1.3857,150300000,1
1756192080000,1756192139000,1.38568,1.38576,1.3856,1.38575,75300000,1
1756192140000,1756192199000,1.38577,1.38593,1.38571,1.38593,283650000,1
1756192200000,1756192259000,1.38593,1.38599,1.3859,1.38598,144000000,1
1756192260000,1756192319000,1.38598,1.3862,1.38597,1.38618,257250000,1
1756192320000,1756192379000,1.38617,1.38626,1.38613,1.38618,184800000,1
1756192380000,1756192439000,1.38618,1.38633,1.38618,1.38632,353100000,1
1756192440000,1756192499000,1.38631,1.38636,1.38597,1.38597,215250000,1
1756192500000,1756192559000,1.38596,1.38618,1.38591,1.38617,276150000,1
1756192560000,1756192619000,1.38617,1.3862,1.38614,1.38615,250950000,1
1756192620000,1756192679000,1.38615,1.38625,1.3861,1.38625,179850000,1
1756192680000,1756192739000,1.38624,1.38641,1.38624,1.38631,192000000,1
1756192740000,1756192799000,1.38629,1.38651,1.38628,1.38646,206700000,1
1756192800000,1756192859000,1.38645,1.38674,1.38639,1.38673,209250000,1
1756192860000,1756192919000,1.38673,1.38673,1.38652,1.38652,198750000,1
1756192920000,1756192979000,1.38651,1.38651,1.38636,1.38638,135150000,1
1756192980000,1756193039000,1.38637,1.38644,1.38626,1.38627,186900000,1
1756193040000,1756193099000,1.38629,1.38631,1.38621,1.38627,171750000,1
1756193100000,1756193159000,1.38627,1.38632,1.38602,1.38604,144900000,1
1756193160000,1756193219000,1.38604,1.38607,1.38584,1.38585,211350000,1
1756193220000,1756193279000,1.38587,1.38591,1.38571,1.38575,251460000,1
1756193280000,1756193339000,1.38574,1.3858,1.38572,1.38573,133290000,1
1756193340000,1756193399000,1.38575,1.38578,1.38563,1.38564,232770000,1
1756193400000,1756193459000,1.38561,1.38563,1.38555,1.38559,87900000,1
1756193460000,1756193519000,1.38558,1.3856,1.38532,1.38543,177600000,1
1756193520000,1756193579000,1.38543,1.38545,1.38527,1.38529,211350000,1
1756193580000,1756193639000,1.3853,1.38534,1.38527,1.38529,210240000,1
1756193640000,1756193699000,1.38529,1.38529,1.38509,1.38512,175470000,1
1756193700000,1756193759000,1.38513,1.38521,1.38507,1.38507,211410000,1
1756193760000,1756193819000,1.38508,1.38515,1.385,1.38512,132450000,1
1756193820000,1756193879000,1.38513,1.38526,1.3851,1.38523,154350000,1
1756193880000,1756193939000,1.38524,1.38535,1.3852,1.38522,116550000,1
1756193940000,1756193999000,1.38522,1.38534,1.38521,1.38531,65550000,1
1756194000000,1756194059000,1.38531,1.38536,1.38526,1.38527,131550000,1
1756194060000,1756194119000,1.38526,1.38531,1.38519,1.38519,204750000,1
1756194120000,1756194179000,1.38519,1.38532,1.38519,1.38521,99840000,1
1756194180000,1756194239000,1.38527,1.38541,1.38527,1.38531,168450000,1
1756194240000,1756194299000,1.38532,1.38549,1.38531,1.38549,90900000,1
1756194300000,1756194359000,1.38548,1.38559,1.38545,1.38559,129150000,1
1756194360000,1756194419000,1.38558,1.38563,1.38549,1.38551,195750000,1
1756194420000,1756194479000,1.38553,1.38559,1.38549,1.38556,242850000,1
1756194480000,1756194539000,1.38557,1.38557,1.38547,1.38551,240750000,1
1756194540000,1756194599000,1.38554,1.38557,1.38548,1.38551,194700000,1
1756194600000,1756194659000,1.38552,1.3856,1.38552,1.38554,135000000,1
1756194660000,1756194719000,1.38557,1.38567,1.38556,1.38566,80100000,1
1756194720000,1756194779000,1.38566,1.38571,1.38549,1.38551,122250000,1
1756194780000,1756194839000,1.38552,1.38554,1.38539,1.38545,211950000,1
1756194840000,1756194899000,1.38546,1.38557,1.38544,1.38551,102300000,1
1756194900000,1756194959000,1.38553,1.3857,1.38553,1.38567,149550000,1
1756194960000,1756195019000,1.38569,1.38573,1.3856,1.3856,172350000,1
1756195020000,1756195079000,1.3856,1.38561,1.38548,1.38551,101400000,1
1756195080000,1756195139000,1.3855,1.3856,1.38544,1.38549,254340000,1
1756195140000,1756195199000,1.38549,1.38561,1.38547,1.38553,220650000,1
1756195200000,1756195259000,1.38552,1.38561,1.38546,1.38547,248100000,1
1756195260000,1756195319000,1.38548,1.38563,1.38546,1.38559,207300000,1
1756195320000,1756195379000,1.38559,1.38559,1.38547,1.38551,156450000,1
1756195380000,1756195439000,1.3855,1.38565,1.38548,1.38565,121950000,1
1756195440000,1756195499000,1.38564,1.38569,1.38556,1.38564,118950000,1
1756195500000,1756195559000,1.38565,1.38567,1.38556,1.38556,84000000,1
1756195560000,1756195619000,1.38556,1.38584,1.38556,1.38582,144300000,1
1756195620000,1756195679000,1.38583,1.38588,1.38579,1.38584,157650000,1
1756195680000,1756195739000,1.38583,1.38588,1.3858,1.38588,102900000,1
1756195740000,1756195799000,1.38588,1.38592,1.38579,1.3858,139050000,1
1756195800000,1756195859000,1.38581,1.38583,1.38571,1.3858,91800000,1
1756195860000,1756195919000,1.3858,1.38594,1.38574,1.38592,130500000,1
1756195920000,1756195979000,1.38591,1.38592,1.38584,1.38588,129600000,1
1756195980000,1756196039000,1.38587,1.38597,1.38587,1.38595,118950000,1
1756196040000,1756196099000,1.38595,1.38598,1.38586,1.38587,47700000,1
1756196100000,1756196159000,1.38586,1.38595,1.38586,1.38589,74700000,1
1756196160000,1756196219000,1.38588,1.38588,1.3857,1.3857,145950000,1
1756196220000,1756196279000,1.38569,1.38587,1.38568,1.38584,142650000,1
1756196280000,1756196339000,1.38585,1.38596,1.38582,1.38595,85350000,1
1756196340000,1756196399000,1.38595,1.38605,1.38594,1.38603,98700000,1
1756196400000,1756196459000,1.38602,1.38614,1.38599,1.38612,151800000,1
1756196460000,1756196519000,1.38611,1.38626,1.38608,1.38624,165900000,1
1756196520000,1756196579000,1.38626,1.38633,1.38621,1.38632,135150000,1
1756196580000,1756196639000,1.38633,1.38638,1.38631,1.38631,80550000,1
1756196640000,1756196699000,1.38632,1.38632,1.38613,1.38616,90000000,1
1756196700000,1756196759000,1.38623,1.38623,1.3861,1.38614,70950000,1
1756196760000,1756196819000,1.38615,1.38633,1.38615,1.38625,79650000,1
1756196820000,1756196879000,1.38625,1.38625,1.38608,1.38613,169500000,1
1756196880000,1756196939000,1.38612,1.38612,1.386,1.38608,175500000,1
1756196940000,1756196999000,1.38608,1.38609,1.38598,1.38601,197250000,1
1756197000000,1756197059000,1.38601,1.38602,1.38595,1.38599,166500000,1
1756197060000,1756197119000,1.38599,1.38604,1.38596,1.38596,183900000,1
1756197120000,1756197179000,1.38597,1.38597,1.3859,1.38592,139950000,1
1756197180000,1756197239000,1.38593,1.38603,1.38593,1.38602,176550000,1
1756197240000,1756197299000,1.38602,1.38602,1.38592,1.38592,136500000,1
1756197300000,1756197359000,1.38592,1.38604,1.38591,1.38597,157500000,1
1756197360000,1756197419000,1.38597,1.38602,1.38595,1.38595,86100000,1
1756197420000,1756197479000,1.38596,1.38598,1.38591,1.38598,108000000,1
1756197480000,1756197539000,1.38596,1.38603,1.3859,1.38602,123900000,1
1756197540000,1756197599000,1.386,1.386,1.38586,1.38588,161550000,1
1756197600000,1756197659000,1.38589,1.38589,1.38573,1.38573,170550000,1
1756197660000,1756197719000,1.38573,1.38579,1.38573,1.38574,156750000,1
1756197720000,1756197779000,1.38575,1.38578,1.38574,1.38577,78450000,1
1756197780000,1756197839000,1.38576,1.38578,1.38568,1.38569,101550000,1
1756197840000,1756197899000,1.38569,1.38585,1.38568,1.38584,143250000,1
1756197900000,1756197959000,1.38585,1.38585,1.38584,1.38584,73050000,1
1756197960000,1756198019000,1.38584,1.38586,1.38577,1.38583,116700000,1
1756198020000,1756198079000,1.38581,1.38581,1.38573,1.38576,103350000,1
1756198080000,1756198139000,1.38574,1.38575,1.38563,1.38564,131250000,1
1756198140000,1756198199000,1.38566,1.38569,1.38564,1.38566,82500000,1
1756198200000,1756198259000,1.38565,1.38568,1.38559,1.38566,157950000,1
1756198260000,1756198319000,1.38566,1.38568,1.38563,1.38564,106800000,1
1756198320000,1756198379000,1.38563,1.38577,1.38563,1.38569,191700000,1
1756198380000,1756198439000,1.3857,1.3858,1.38568,1.3858,215700000,1
1756198440000,1756198499000,1.38581,1.38586,1.38576,1.38579,252300000,1
1756198500000,1756198559000,1.38582,1.38585,1.38579,1.38582,172950000,1
1756198560000,1756198619000,1.38584,1.38602,1.38583,1.38601,183450000,1
1756198620000,1756198679000,1.38602,1.38607,1.38574,1.38574,229500000,1
1756198680000,1756198739000,1.38575,1.38576,1.38566,1.38571,225000000,1
1756198740000,1756198799000,1.38569,1.38576,1.38569,1.38573,247350000,1
1756198800000,1756198859000,1.38572,1.38574,1.38562,1.38563,269400000,1
1756198860000,1756198919000,1.38563,1.38564,1.38555,1.38557,153900000,1
1756198920000,1756198979000,1.38554,1.38554,1.38535,1.38537,145290000,1
1756198980000,1756199039000,1.38538,1.38538,1.38529,1.38532,142200000,1
1756199040000,1756199099000,1.38533,1.38535,1.38525,1.38531,114450000,1
1756199100000,1756199159000,1.38532,1.38536,1.38523,1.38525,174900000,1
1756199160000,1756199219000,1.38525,1.38529,1.38521,1.38526,167400000,1
1756199220000,1756199279000,1.38525,1.3853,1.38523,1.3853,95250000,1
1756199280000,1756199339000,1.38529,1.38531,1.38516,1.38516,186900000,1
1756199340000,1756199399000,1.38516,1.38527,1.38516,1.38525,121200000,1
1756199400000,1756199459000,1.38526,1.38528,1.38518,1.38526,135450000,1
1756199460000,1756199519000,1.38526,1.3853,1.3852,1.38521,57750000,1
1756199520000,1756199579000,1.3852,1.3852,1.3851,1.3851,206550000,1
1756199580000,1756199639000,1.3851,1.3851,1.38506,1.38508,124650000,1
1756199640000,1756199699000,1.38508,1.3851,1.38506,1.38507,93750000,1
1756199700000,1756199759000,1.38506,1.38509,1.38497,1.38507,123600000,1
1756199760000,1756199819000,1.38508,1.38508,1.38493,1.38496,125400000,1
1756199820000,1756199879000,1.38497,1.38497,1.38487,1.38493,180450000,1
1756199880000,1756199939000,1.38494,1.38494,1.38485,1.38486,91050000,1
1756199940000,1756199999000,1.38487,1.38488,1.3848,1.38482,172500000,1
1756200000000,1756200059000,1.38483,1.38488,1.38478,1.38485,154800000,1
1756200060000,1756200119000,1.38484,1.38488,1.38481,1.38486,139350000,1
1756200120000,1756200179000,1.38484,1.38491,1.38475,1.38477,94200000,1
1756200180000,1756200239000,1.38478,1.38484,1.38476,1.3848,99000000,1
1756200240000,1756200299000,1.38479,1.38484,1.38476,1.38481,162300000,1
1756200300000,1756200359000,1.3848,1.38489,1.38479,1.38484,99300000,1
1756200360000,1756200419000,1.38483,1.38485,1.38479,1.38479,189750000,1
1756200420000,1756200479000,1.38481,1.38493,1.38479,1.3848,145650000,1
1756200480000,1756200539000,1.38481,1.38482,1.38469,1.3847,193650000,1
1756200540000,1756200599000,1.3847,1.38475,1.38469,1.38469,115350000,1
1756200600000,1756200659000,1.3847,1.3849,1.38469,1.3849,78900000,1
1756200660000,1756200719000,1.38489,1.38491,1.38484,1.3849,66600000,1
1756200720000,1756200779000,1.3849,1.38505,1.3849,1.38503,90300000,1
1756200780000,1756200839000,1.38504,1.38505,1.38501,1.38503,128400000,1
1756200840000,1756200899000,1.38503,1.38507,1.38493,1.38495,180900000,1
1756200900000,1756200959000,1.38495,1.38499,1.38491,1.38497,103200000,1
1756200960000,1756201019000,1.38497,1.38506,1.38497,1.38505,24600000,1
1756201020000,1756201079000,1.38505,1.38505,1.38498,1.38498,57000000,1
1756201080000,1756201139000,1.38497,1.38502,1.38495,1.38499,41400000,1
1756201140000,1756201199000,1.38498,1.38507,1.38498,1.38506,65700000,1
1756201200000,1756201259000,1.38506,1.38513,1.38506,1.3851,58050000,1
1756201260000,1756201319000,1.3851,1.38511,1.38502,1.38503,107700000,1
1756201320000,1756201379000,1.38504,1.38507,1.38501,1.38503,101400000,1
1756201380000,1756201439000,1.38504,1.38508,1.38502,1.38504,88800000,1
1756201440000,1756201499000,1.38504,1.38506,1.38493,1.38498,83550000,1
1756201500000,1756201559000,1.38498,1.38499,1.38493,1.38494,51150000,1
1756201560000,1756201619000,1.38493,1.38498,1.38484,1.38488,71400000,1
1756201620000,1756201679000,1.38488,1.38489,1.38474,1.38481,90450000,1
1756201680000,1756201739000,1.3848,1.38488,1.38476,1.38487,116400000,1
1756201740000,1756201799000,1.38487,1.38498,1.38487,1.38497,153000000,1
1756201800000,1756201859000,1.38498,1.385,1.3849,1.3849,126450000,1
1756201860000,1756201919000,1.38491,1.38493,1.38488,1.38488,50850000,1
1756201920000,1756201979000,1.38488,1.38489,1.38481,1.38482,132600000,1
1756201980000,1756202039000,1.38483,1.38484,1.3847,1.3847,91200000,1
1756202040000,1756202099000,1.38471,1.3848,1.3847,1.38478,90600000,1
1756202100000,1756202159000,1.38479,1.38481,1.3847,1.38476,184500000,1
1756202160000,1756202219000,1.38476,1.38476,1.38467,1.38471,148350000,1
1756202220000,1756202279000,1.38471,1.38484,1.3847,1.38483,190950000,1
1756202280000,1756202339000,1.38485,1.38485,1.38476,1.38479,77550000,1
1756202340000,1756202399000,1.38479,1.38482,1.38473,1.38477,128370000,1
1756202400000,1756202459000,1.38476,1.38477,1.38466,1.38473,133800000,1
1756202460000,1756202519000,1.38473,1.38473,1.38468,1.38468,75900000,1
1756202520000,1756202579000,1.38468,1.38468,1.38457,1.38459,38850000,1
1756202580000,1756202639000,1.38457,1.38467,1.38457,1.38467,78150000,1
1756202640000,1756202699000,1.38468,1.38485,1.38467,1.38485,118200000,1
1756202700000,1756202759000,1.38483,1.38486,1.38478,1.38482,118950000,1
1756202760000,1756202819000,1.38482,1.38483,1.38473,1.38474,53700000,1
1756202820000,1756202879000,1.38477,1.38489,1.38477,1.38484,149850000,1
1756202880000,1756202939000,1.38484,1.38486,1.38481,1.38483,321150000,1
1756202940000,1756202999000,1.38481,1.38481,1.38471,1.3848,45900000,1
1756203000000,1756203059000,1.38478,1.38479,1.38474,1.38476,34350000,1
1756203060000,1756203119000,1.38474,1.38476,1.38467,1.38473,91800000,1
1756203120000,1756203179000,1.38471,1.38477,1.38471,1.38475,64050000,1
1756203180000,1756203239000,1.38473,1.38474,1.38468,1.38468,47100000,1
1756203240000,1756203299000,1.38469,1.38479,1.38469,1.38474,47400000,1
1756203300000,1756203359000,1.38475,1.38476,1.38471,1.38474,44700000,1
1756203360000,1756203419000,1.38475,1.38475,1.38468,1.38471,135000000,1
1756203420000,1756203479000,1.3847,1.38472,1.3847,1.38471,45750000,1
1756203480000,1756203539000,1.38471,1.38472,1.3847,1.38471,43050000,1
1756203540000,1756203599000,1.38472,1.38477,1.3847,1.38471,46950000,1
1756203600000,1756203659000,1.38468,1.38476,1.38468,1.38475,92400000,1
1756203660000,1756203719000,1.38475,1.38479,1.38469,1.38474,108900000,1
1756203720000,1756203779000,1.38475,1.38477,1.38471,1.38474,74850000,1
1756203780000,1756203839000,1.38472,1.38477,1.38468,1.38477,107100000,1
1756203840000,1756203899000,1.38476,1.38477,1.38468,1.38468,221400000,1
1756203900000,1756203959000,1.38466,1.38467,1.3846,1.3846,119550000,1
1756203960000,1756204019000,1.38461,1.38466,1.38461,1.38463,139650000,1
1756204020000,1756204079000,1.38463,1.38465,1.38461,1.38464,201450000,1
1756204080000,1756204139000,1.38464,1.38475,1.38464,1.38475,72750000,1
1756204140000,1756204199000,1.38474,1.38479,1.38474,1.38478,20850000,1
1756204200000,1756204259000,1.38478,1.3848,1.38478,1.38479,28350000,1
1756204260000,1756204319000,1.38479,1.38485,1.38479,1.38485,83550000,1
1756204320000,1756204379000,1.38483,1.38484,1.38479,1.3848,63000000,1
1756204380000,1756204439000,1.3848,1.38485,1.38479,1.38483,87150000,1
1756204440000,1756204499000,1.38483,1.38489,1.3848,1.38489,69600000,1
1756204500000,1756204559000,1.38489,1.38501,1.38488,1.38498,90300000,1
1756204560000,1756204619000,1.38499,1.38504,1.38499,1.38502,107700000,1
1756204620000,1756204679000,1.38501,1.38505,1.38499,1.38502,115950000,1
1756204680000,1756204739000,1.38504,1.38505,1.38498,1.38503,96450000,1
1756204740000,1756204799000,1.38503,1.38504,1.38497,1.38501,52950000,1
1756204800000,1756204859000,1.38499,1.385,1.38497,1.38498,52800000,1
1756204860000,1756204919000,1.38498,1.38499,1.38492,1.38495,99900000,1
1756204920000,1756204979000,1.38494,1.38499,1.38494,1.38495,86400000,1
1756204980000,1756205039000,1.38494,1.38501,1.38494,1.38499,28350000,1
1756205040000,1756205099000,1.38499,1.38517,1.38499,1.38513,80250000,1
1756205100000,1756205159000,1.38513,1.38516,1.3851,1.3851,100800000,1
1756205160000,1756205219000,1.38511,1.38512,1.38508,1.3851,29550000,1
1756205220000,1756205279000,1.38512,1.38517,1.38508,1.38517,63750000,1
1756205280000,1756205339000,1.38519,1.38522,1.38518,1.3852,53550000,1
1756205340000,1756205399000,1.38521,1.38521,1.38519,1.38519,28500000,1
1756205400000,1756205459000,1.38521,1.38521,1.38509,1.3851,101250000,1
1756205460000,1756205519000,1.3851,1.38516,1.38509,1.38515,90750000,1
1756205520000,1756205579000,1.38514,1.38516,1.38511,1.38511,74550000,1
1756205580000,1756205639000,1.38511,1.38511,1.38508,1.38509,65550000,1
1756205640000,1756205699000,1.38506,1.3851,1.38506,1.38508,53700000,1
1756205700000,1756205759000,1.38508,1.38515,1.38508,1.38511,135300000,1
1756205760000,1756205819000,1.38511,1.38518,1.38508,1.38516,87900000,1
1756205820000,1756205879000,1.38516,1.38523,1.38516,1.38522,35850000,1
1756205880000,1756205939000,1.38522,1.38523,1.38501,1.38501,82650000,1
1756205940000,1756205999000,1.385,1.38508,1.38497,1.38503,121650000,1
1756206000000,1756206059000,1.38503,1.38505,1.38497,1.38498,159000000,1
1756206060000,1756206119000,1.38496,1.38496,1.38475,1.38477,516900000,1
1756206120000,1756206179000,1.38478,1.38495,1.38476,1.38492,102900000,1
1756206180000,1756206239000,1.38492,1.38498,1.3849,1.38495,130500000,1
1756206240000,1756206299000,1.38496,1.38499,1.3849,1.38491,180600000,1
1756206300000,1756206359000,1.3849,1.38491,1.38487,1.38487,84450000,1
1756206360000,1756206419000,1.38488,1.38498,1.38488,1.38496,106650000,1
1756206420000,1756206479000,1.38496,1.38496,1.38486,1.38487,126600000,1
1756206480000,1756206539000,1.38487,1.3849,1.38478,1.38486,156750000,1
1756206540000,1756206599000,1.38485,1.38489,1.3848,1.3848,139800000,1
1756206600000,1756206659000,1.38479,1.38479,1.38468,1.38468,127200000,1
1756206660000,1756206719000,1.38468,1.3849,1.38468,1.38483,121650000,1
1756206720000,1756206779000,1.38485,1.38486,1.38475,1.38479,44400000,1
1756206780000,1756206839000,1.38477,1.38483,1.38476,1.38481,52350000,1
1756206840000,1756206899000,1.38481,1.38481,1.38467,1.38468,78450000,1
1756206900000,1756206959000,1.38469,1.38469,1.38457,1.38459,108600000,1
1756206960000,1756207019000,1.3846,1.3846,1.38456,1.38457,93750000,1
1756207020000,1756207079000,1.38456,1.38459,1.38456,1.38456,78000000,1
1756207080000,1756207139000,1.38456,1.38458,1.38454,1.38456,126750000,1
1756207140000,1756207199000,1.38455,1.38457,1.38448,1.38452,120750000,1
1756207200000,1756207259000,1.38452,1.38453,1.38448,1.38449,81900000,1
1756207260000,1756207319000,1.38448,1.3845,1.38443,1.38448,118950000,1
1756207320000,1756207379000,1.3845,1.38458,1.3845,1.38456,88050000,1
1756207380000,1756207439000,1.38457,1.38457,1.38449,1.38453,161700000,1
1756207440000,1756207499000,1.38453,1.38453,1.38444,1.38449,130950000,1
1756207500000,1756207559000,1.38446,1.38451,1.38445,1.3845,125700000,1
1756207560000,1756207619000,1.3845,1.38453,1.3845,1.38453,59250000,1
1756207620000,1756207679000,1.38452,1.38461,1.38447,1.38458,127500000,1
1756207680000,1756207739000,1.38459,1.38459,1.38451,1.38455,176700000,1
1756207740000,1756207799000,1.38455,1.38465,1.38455,1.38459,107400000,1
1756207800000,1756207859000,1.3846,1.38467,1.38457,1.38457,72150000,1
1756207860000,1756207919000,1.38457,1.38458,1.38447,1.38447,63600000,1
1756207920000,1756207979000,1.38448,1.3845,1.38444,1.38449,61650000,1
1756207980000,1756208039000,1.38447,1.38447,1.38434,1.38436,129900000,1
1756208040000,1756208099000,1.38436,1.38452,1.38436,1.38445,187500000,1
1756208100000,1756208159000,1.38445,1.38446,1.38425,1.38433,101100000,1
1756208160000,1756208219000,1.38433,1.38433,1.38416,1.38418,50850000,1
1756208220000,1756208279000,1.38417,1.38425,1.38414,1.38424,255900000,1
1756208280000,1756208339000,1.38427,1.38436,1.38427,1.38434,86100000,1
1756208340000,1756208399000,1.38434,1.38447,1.38434,1.3844,69300000,1
1756208400000,1756208459000,1.3844,1.3844,1.38432,1.38438,76200000,1
1756208460000,1756208519000,1.38439,1.38439,1.38427,1.38438,97200000,1
1756208520000,1756208579000,1.38439,1.38439,1.38433,1.38438,82350000,1
1756208580000,1756208639000,1.38437,1.38437,1.38431,1.38433,36450000,1
1756208640000,1756208699000,1.38432,1.38436,1.38432,1.38435,27750000,1
1756208700000,1756208759000,1.38436,1.38436,1.38424,1.38425,67500000,1
1756208760000,1756208819000,1.38426,1.38435,1.38425,1.38434,80550000,1
1756208820000,1756208879000,1.38433,1.38434,1.38421,1.38421,40800000,1
1756208880000,1756208939000,1.3842,1.38422,1.38417,1.38421,75900000,1
1756208940000,1756208999000,1.38421,1.38422,1.38416,1.38416,63600000,1
1756209000000,1756209059000,1.38416,1.38417,1.38405,1.38409,66900000,1
1756209060000,1756209119000,1.38408,1.38412,1.38406,1.38411,41550000,1
1756209120000,1756209179000,1.38411,1.38419,1.38411,1.38413,49500000,1
1756209180000,1756209239000,1.38412,1.38414,1.38406,1.38412,31350000,1
1756209240000,1756209299000,1.38412,1.38412,1.38403,1.38408,113250000,1
1756209300000,1756209359000,1.38408,1.38421,1.38408,1.38418,61200000,1
1756209360000,1756209419000,1.38417,1.3842,1.38417,1.38419,60600000,1
1756209420000,1756209479000,1.3842,1.38425,1.38419,1.38424,70050000,1
1756209480000,1756209539000,1.38423,1.3843,1.38422,1.38425,137400000,1
1756209540000,1756209599000,1.38426,1.3844,1.38423,1.3844,93000000,1
1756209600000,1756209659000,1.38439,1.38442,1.38422,1.38424,153300000,1
1756209660000,1756209719000,1.38423,1.38423,1.38403,1.38404,93300000,1
1756209720000,1756209779000,1.38404,1.38411,1.38403,1.38405,80700000,1
1756209780000,1756209839000,1.38406,1.38414,1.38404,1.38413,126000000,1
1756209840000,1756209899000,1.38412,1.38421,1.38412,1.38413,33900000,1
1756209900000,1756209959000,1.38414,1.38414,1.38396,1.38402,75000000,1
1756209960000,1756210019000,1.38402,1.38421,1.38402,1.38419,48450000,1
1756210020000,1756210079000,1.38419,1.3842,1.38403,1.38409,295350000,1
1756210080000,1756210139000,1.38409,1.38424,1.38408,1.38424,111750000,1
1756210140000,1756210199000,1.38423,1.3844,1.38423,1.38436,249750000,1
1756210200000,1756210259000,1.38436,1.38441,1.38428,1.3844,150000000,1
1756210260000,1756210319000,1.3844,1.38444,1.38438,1.38444,98850000,1
1756210320000,1756210379000,1.38444,1.38446,1.38442,1.38444,35700000,1
1756210380000,1756210439000,1.38444,1.38447,1.38443,1.38446,53700000,1
1756210440000,1756210499000,1.38445,1.38449,1.38438,1.38444,90900000,1
1756210500000,1756210559000,1.38444,1.38463,1.38444,1.38457,115950000,1
1756210560000,1756210619000,1.38455,1.38463,1.38453,1.38462,61050000,1
1756210620000,1756210679000,1.38463,1.38463,1.38455,1.38456,37500000,1
1756210680000,1756210739000,1.38455,1.3846,1.38448,1.3846,91050000,1
1756210740000,1756210799000,1.38459,1.3846,1.38442,1.38451,141750000,1
1756210800000,1756210859000,1.38452,1.38462,1.3845,1.38458,118800000,1
1756210860000,1756210919000,1.38458,1.38469,1.38455,1.38465,171000000,1
1756210920000,1756210979000,1.38463,1.38471,1.38457,1.38467,109350000,1
1756210980000,1756211039000,1.38467,1.38469,1.38459,1.38468,108750000,1
1756211040000,1756211099000,1.3847,1.38472,1.38462,1.38462,67650000,1
1756211100000,1756211159000,1.38462,1.38471,1.38462,1.38463,61350000,1
1756211160000,1756211219000,1.38462,1.38462,1.38453,1.38453,21900000,1
1756211220000,1756211279000,1.38458,1.38472,1.38458,1.38472,30600000,1
1756211280000,1756211339000,1.38473,1.38488,1.38473,1.38485,25200000,1
1756211340000,1756211399000,1.38487,1.38488,1.38474,1.38474,55800000,1
1756211400000,1756211459000,1.38482,1.385,1.38462,1.38462,132750000,1
1756211460000,1756211519000,1.38461,1.38477,1.38456,1.38476,99990000,1
1756211520000,1756211579000,1.38476,1.38476,1.38442,1.38442,90300000,1
1756211580000,1756211639000,1.38442,1.38447,1.38435,1.3844,129000000,1
1756211640000,1756211699000,1.38441,1.38445,1.38439,1.38441,234300000,1
1756211700000,1756211759000,1.38442,1.38462,1.38442,1.38461,257550000,1
1756211760000,1756211819000,1.38461,1.38477,1.38461,1.3847,209850000,1
1756211820000,1756211879000,1.38469,1.38476,1.38468,1.38474,192150000,1
1756211880000,1756211939000,1.38474,1.3848,1.3847,1.38478,197700000,1
1756211940000,1756211999000,1.38478,1.38484,1.38468,1.38478,222600000,1
1756212000000,1756212059000,1.38478,1.38488,1.38473,1.3848,155250000,1
1756212060000,1756212119000,1.38481,1.38481,1.38461,1.38462,90000000,1
1756212120000,1756212179000,1.38462,1.3848,1.38461,1.38478,62550000,1
1756212180000,1756212239000,1.38477,1.38481,1.38475,1.38476,82350000,1
1756212240000,1756212299000,1.38475,1.38479,1.38471,1.38476,148350000,1
1756212300000,1756212359000,1.38477,1.38488,1.38471,1.38476,142200000,1
1756212360000,1756212419000,1.38474,1.38475,1.38468,1.3847,209700000,1
1756212420000,1756212479000,1.3847,1.38473,1.38465,1.38467,136800000,1
1756212480000,1756212539000,1.38468,1.38479,1.38465,1.38478,135750000,1
1756212540000,1756212599000,1.38479,1.3848,1.38469,1.38476,133350000,1
1756212600000,1756212659000,1.38475,1.38478,1.3847,1.38475,118200000,1
1756212660000,1756212719000,1.38476,1.3848,1.38469,1.38471,189750000,1
1756212720000,1756212779000,1.38471,1.38472,1.38461,1.38461,84300000,1
1756212780000,1756212839000,1.3846,1.3846,1.38448,1.38449,166950000,1
1756212840000,1756212899000,1.38448,1.38468,1.38448,1.38461,180150000,1
1756212900000,1756212959000,1.38465,1.38468,1.38455,1.38462,263850000,1
1756212960000,1756213019000,1.38462,1.38472,1.38451,1.38453,192720000,1
1756213020000,1756213079000,1.38452,1.38452,1.38445,1.38448,150750000,1
1756213080000,1756213139000,1.38448,1.38455,1.38448,1.38449,134400000,1
1756213140000,1756213199000,1.38449,1.38456,1.38449,1.38449,92100000,1
1756213200000,1756213259000,1.38451,1.38453,1.3844,1.3844,73050000,1
1756213260000,1756213319000,1.38441,1.38446,1.3843,1.38432,198600000,1
1756213320000,1756213379000,1.38431,1.38445,1.38423,1.38443,183150000,1
1756213380000,1756213439000,1.38443,1.38469,1.38443,1.38467,246900000,1
1756213440000,1756213499000,1.38468,1.38476,1.38465,1.38471,223650000,1
1756213500000,1756213559000,1.3847,1.3847,1.38461,1.38469,163350000,1
1756213560000,1756213619000,1.38471,1.38484,1.38467,1.38468,190650000,1
1756213620000,1756213679000,1.38469,1.38469,1.38439,1.3844,182400000,1
1756213680000,1756213739000,1.38441,1.38457,1.38438,1.38452,74700000,1
1756213740000,1756213799000,1.38452,1.38466,1.38452,1.38462,111000000,1
1756213800000,1756213859000,1.38462,1.38481,1.38462,1.38471,103800000,1
1756213860000,1756213919000,1.38469,1.38484,1.38464,1.38473,81300000,1
1756213920000,1756213979000,1.38472,1.38477,1.38468,1.38469,92250000,1
1756213980000,1756214039000,1.38468,1.38472,1.38464,1.38469,64500000,1
1756214040000,1756214099000,1.38468,1.38474,1.38467,1.38471,58800000,1
1756214100000,1756214159000,1.38471,1.38479,1.38469,1.38478,67200000,1
1756214160000,1756214219000,1.38477,1.38488,1.38477,1.38486,89850000,1
1756214220000,1756214279000,1.38486,1.38489,1.38477,1.38477,104850000,1
1756214280000,1756214339000,1.38477,1.38483,1.38471,1.38477,75000000,1
1756214340000,1756214399000,1.38477,1.38505,1.38477,1.38502,105900000,1
1756214400000,1756214459000,1.38501,1.38513,1.385,1.38512,116250000,1
1756214460000,1756214519000,1.38515,1.38523,1.38514,1.38517,86550000,1
1756214520000,1756214579000,1.38518,1.38518,1.38507,1.3851,99000000,1
1756214580000,1756214639000,1.38509,1.38509,1.3849,1.38492,108300000,1
1756214640000,1756214699000,1.38492,1.38518,1.38492,1.38517,113250000,1
1756214700000,1756214759000,1.38516,1.3853,1.38516,1.3853,94350000,1
1756214760000,1756214819000,1.38528,1.38528,1.38518,1.38521,66750000,1
1756214820000,1756214879000,1.38521,1.38521,1.38509,1.3851,25200000,1
1756214880000,1756214939000,1.38508,1.38511,1.38502,1.38507,76050000,1
1756214940000,1756214999000,1.38508,1.38521,1.38505,1.38518,134100000,1
1756215000000,1756215059000,1.38518,1.38523,1.38501,1.38508,140700000,1
1756215060000,1756215119000,1.38507,1.38509,1.38491,1.38492,59100000,1
1756215120000,1756215179000,1.38491,1.38503,1.38487,1.3849,236700000,1
1756215180000,1756215239000,1.38489,1.38491,1.38465,1.38467,184500000,1
1756215240000,1756215299000,1.38466,1.38478,1.38456,1.38473,193500000,1
1756215300000,1756215359000,1.38473,1.3849,1.38471,1.38489,118500000,1
1756215360000,1756215419000,1.38489,1.38492,1.38477,1.38477,138300000,1
1756215420000,1756215479000,1.38477,1.38482,1.38459,1.3846,108150000,1
1756215480000,1756215539000,1.3846,1.38469,1.38455,1.38469,69900000,1
1756215540000,1756215599000,1.38469,1.38495,1.38464,1.38495,100350000,1
1756215600000,1756215659000,1.38496,1.38498,1.38473,1.38484,149400000,1
1756215660000,1756215719000,1.38484,1.38509,1.38484,1.38495,145800000,1
1756215720000,1756215779000,1.38495,1.38501,1.38487,1.38492,154950000,1
1756215780000,1756215839000,1.38492,1.38492,1.38468,1.38471,120150000,1
1756215840000,1756215899000,1.3847,1.38484,1.38467,1.38481,180750000,1
1756215900000,1756215959000,1.38482,1.38501,1.3848,1.38499,166500000,1
1756215960000,1756216019000,1.385,1.385,1.38484,1.38495,163650000,1
1756216020000,1756216079000,1.38496,1.38542,1.38496,1.38529,160200000,1
1756216080000,1756216139000,1.38529,1.3853,1.38511,1.38519,161700000,1
1756216140000,1756216199000,1.3852,1.38536,1.3852,1.38527,150600000,1
1756216200000,1756216259000,1.38527,1.3853,1.38504,1.3851,213450000,1
1756216260000,1756216319000,1.38509,1.38509,1.38488,1.3849,192600000,1
1756216320000,1756216379000,1.38489,1.38501,1.38484,1.38489,221400000,1
1756216380000,1756216439000,1.38492,1.38494,1.38456,1.38456,269700000,1
1756216440000,1756216499000,1.38457,1.38477,1.38457,1.38477,345450000,1
1756216500000,1756216559000,1.38478,1.38484,1.38472,1.38484,339600000,1
1756216560000,1756216619000,1.38484,1.38492,1.38483,1.3849,99750000,1
1756216620000,1756216679000,1.3849,1.38501,1.38489,1.3849,100800000,1
1756216680000,1756216739000,1.38488,1.38488,1.38479,1.38479,84300000,1
1756216740000,1756216799000,1.3848,1.3848,1.38469,1.38473,142500000,1
1756216800000,1756216859000,1.38472,1.38502,1.38472,1.38496,147300000,1
1756216860000,1756216919000,1.38497,1.38497,1.3846,1.38463,139050000,1
1756216920000,1756216979000,1.38461,1.38463,1.38449,1.38451,99150000,1
1756216980000,1756217039000,1.38451,1.3846,1.38441,1.38448,292740000,1
1756217040000,1756217099000,1.38448,1.38455,1.38441,1.38448,232500000,1
1756217100000,1756217159000,1.38447,1.38449,1.38435,1.38442,327300000,1
1756217160000,1756217219000,1.3844,1.38446,1.38432,1.38442,268350000,1
1756217220000,1756217279000,1.38443,1.38458,1.38438,1.38439,287850000,1
1756217280000,1756217339000,1.3844,1.38459,1.38432,1.38457,300750000,1
1756217340000,1756217399000,1.38457,1.38468,1.38453,1.38462,533550000,1
1756217400000,1756217459000,1.38463,1.38466,1.38427,1.38427,317700000,1
1756217460000,1756217519000,1.38428,1.38452,1.38427,1.38449,253800000,1
1756217520000,1756217579000,1.38448,1.38458,1.3844,1.38452,191100000,1
1756217580000,1756217639000,1.38451,1.38467,1.38447,1.38448,198750000,1
1756217640000,1756217699000,1.38447,1.38448,1.38431,1.38438,128850000,1
1756217700000,1756217759000,1.38437,1.38442,1.3843,1.38442,164550000,1
1756217760000,1756217819000,1.38441,1.38442,1.38427,1.38439,152400000,1
1756217820000,1756217879000,1.38439,1.38439,1.38416,1.38419,159180000,1
1756217880000,1756217939000,1.3842,1.38434,1.3841,1.38433,163500000,1
1756217940000,1756217999000,1.38435,1.38435,1.38421,1.3843,124200000,1
1756218000000,1756218059000,1.38429,1.38431,1.38418,1.38425,148200000,1
1756218060000,1756218119000,1.38424,1.38429,1.38407,1.3841,165150000,1
1756218120000,1756218179000,1.38409,1.38412,1.38383,1.38383,267150000,1
1756218180000,1756218239000,1.38384,1.38384,1.38356,1.38372,262950000,1
1756218240000,1756218299000,1.38372,1.38373,1.38363,1.38364,164850000,1
1756218300000,1756218359000,1.38364,1.38372,1.38361,1.38361,117900000,1
1756218360000,1756218419000,1.3836,1.38361,1.38343,1.38345,138300000,1
1756218420000,1756218479000,1.38345,1.38347,1.38333,1.38336,124160000,1
1756218480000,1756218539000,1.38337,1.38355,1.38334,1.38353,223050000,1
1756218540000,1756218599000,1.38354,1.3836,1.38347,1.38353,151200000,1
1756218600000,1756218659000,1.38354,1.38359,1.38349,1.38356,122250000,1
1756218660000,1756218719000,1.38356,1.38361,1.38346,1.38346,104850000,1
1756218720000,1756218779000,1.38346,1.38354,1.38346,1.38353,140400000,1
1756218780000,1756218839000,1.38353,1.38354,1.38347,1.38353,170700000,1
1756218840000,1756218899000,1.38353,1.38368,1.38345,1.38366,97950000,1
1756218900000,1756218959000,1.38366,1.38369,1.38345,1.38355,124950000,1
1756218960000,1756219019000,1.38354,1.38368,1.38354,1.38367,108000000,1
1756219020000,1756219079000,1.38367,1.38368,1.38353,1.38361,120150000,1
1756219080000,1756219139000,1.38361,1.38362,1.38353,1.38359,167250000,1
1756219140000,1756219199000,1.38361,1.38378,1.38361,1.38376,147450000,1
1756219200000,1756219259000,1.38377,1.38382,1.38364,1.38369,178050000,1
1756219260000,1756219319000,1.38369,1.38374,1.38367,1.38372,106050000,1
1756219320000,1756219379000,1.38372,1.38373,1.3836,1.38363,120000000,1
1756219380000,1756219439000,1.38364,1.38371,1.38362,1.38368,127050000,1
1756219440000,1756219499000,1.38367,1.38369,1.38357,1.38358,145050000,1
1756219500000,1756219559000,1.38356,1.38365,1.38356,1.38364,76800000,1
1756219560000,1756219619000,1.38363,1.38365,1.38362,1.38364,61800000,1
1756219620000,1756219679000,1.38364,1.38365,1.38348,1.38348,130200000,1
1756219680000,1756219739000,1.38348,1.38357,1.38348,1.38356,82200000,1
1756219740000,1756219799000,1.38356,1.38358,1.38349,1.38355,50250000,1
1756219800000,1756219859000,1.38356,1.38364,1.38355,1.38357,70650000,1
1756219860000,1756219919000,1.38358,1.38358,1.38348,1.38356,83850000,1
1756219920000,1756219979000,1.38355,1.38359,1.38354,1.38357,159750000,1
1756219980000,1756220039000,1.38358,1.38364,1.38347,1.38349,105000000,1
1756220040000,1756220099000,1.38348,1.38354,1.3834,1.3835,135450000,1
1756220100000,1756220159000,1.38348,1.38348,1.38295,1.38296,280650000,1
1756220160000,1756220219000,1.38296,1.3831,1.38285,1.38286,184200000,1
1756220220000,1756220279000,1.38288,1.38292,1.38266,1.38268,357130000,1
1756220280000,1756220339000,1.38268,1.38279,1.38264,1.38268,538180000,1
1756220340000,1756220399000,1.38268,1.38284,1.38263,1.38264,528750000,1
1756220400000,1756220459000,1.38263,1.38268,1.38246,1.38251,359080000,1
1756220460000,1756220519000,1.38251,1.3827,1.38247,1.38256,336750000,1
1756220520000,1756220579000,1.38257,1.38267,1.38255,1.38264,364500000,1
1756220580000,1756220639000,1.38264,1.38271,1.38264,1.38265,78000000,1
1756220640000,1756220699000,1.38265,1.38285,1.38265,1.38276,163800000,1
1756220700000,1756220759000,1.38277,1.38277,1.38265,1.38267,108150000,1
1756220760000,1756220819000,1.38268,1.3827,1.38248,1.38253,108150000,1
1756220820000,1756220879000,1.38254,1.38259,1.38247,1.38248,163500000,1
1756220880000,1756220939000,1.38248,1.38248,1.38218,1.38218,180450000,1
1756220940000,1756220999000,1.3822,1.38248,1.38217,1.38241,261450000,1
1756221000000,1756221059000,1.38242,1.38268,1.38242,1.38259,186750000,1
1756221060000,1756221119000,1.38259,1.38272,1.38257,1.38257,161100000,1
1756221120000,1756221179000,1.38259,1.3826,1.38243,1.38255,195000000,1
1756221180000,1756221239000,1.38256,1.3826,1.38251,1.38258,113250000,1
1756221240000,1756221299000,1.38259,1.38267,1.38256,1.38259,92100000,1
1756221300000,1756221359000,1.38259,1.3826,1.38248,1.38258,203050000,1
1756221360000,1756221419000,1.38256,1.38278,1.38256,1.38276,129150000,1
1756221420000,1756221479000,1.38275,1.38286,1.38275,1.38275,105150000,1
1756221480000,1756221539000,1.38276,1.38276,1.38246,1.3825,199070000,1
1756221540000,1756221599000,1.38249,1.38256,1.38237,1.38252,107550000,1
1756221600000,1756221659000,1.38252,1.38272,1.38252,1.38264,114150000,1
1756221660000,1756221719000,1.38265,1.38265,1.38247,1.3825,179250000,1
1756221720000,1756221779000,1.38251,1.38258,1.38248,1.38248,162000000,1
1756221780000,1756221839000,1.38249,1.38256,1.38248,1.38252,191700000,1
1756221840000,1756221899000,1.38251,1.38253,1.38241,1.38246,177300000,1
1756221900000,1756221959000,1.38246,1.38256,1.38246,1.38256,163050000,1
1756221960000,1756222019000,1.38254,1.38279,1.38252,1.38277,141750000,1
1756222020000,1756222079000,1.38278,1.38281,1.38265,1.38267,63900000,1
1756222080000,1756222139000,1.38267,1.38269,1.38262,1.38265,159900000,1
1756222140000,1756222199000,1.38265,1.38271,1.38265,1.38267,45450000,1
1756222200000,1756222259000,1.38267,1.38271,1.38264,1.38267,175200000,1
1756222260000,1756222319000,1.38267,1.38268,1.38258,1.38262,105150000,1
1756222320000,1756222379000,1.38262,1.38285,1.38262,1.38272,94950000,1
1756222380000,1756222439000,1.3827,1.3827,1.38248,1.38259,117900000,1
1756222440000,1756222499000,1.38258,1.38258,1.3825,1.38254,116100000,1
1756222500000,1756222559000,1.38253,1.38256,1.38229,1.3823,215250000,1
1756222560000,1756222619000,1.38229,1.38251,1.38229,1.3825,103050000,1
1756222620000,1756222679000,1.38249,1.3825,1.38239,1.38241,130350000,1
1756222680000,1756222739000,1.38242,1.38251,1.38242,1.3825,63300000,1
1756222740000,1756222799000,1.38251,1.38261,1.3825,1.38258,69000000,1
1756222800000,1756222859000,1.38259,1.38261,1.38257,1.38258,124200000,1
1756222860000,1756222919000,1.38259,1.38283,1.38258,1.38273,143550000,1
1756222920000,1756222979000,1.38274,1.3828,1.38274,1.38279,123300000,1
1756222980000,1756223039000,1.38278,1.38286,1.38276,1.38284,146850000,1
1756223040000,1756223099000,1.38283,1.38285,1.38269,1.38272,101700000,1
1756223100000,1756223159000,1.38272,1.38273,1.38268,1.38269,52200000,1
1756223160000,1756223219000,1.38268,1.38272,1.38253,1.38256,91500000,1
1756223220000,1756223279000,1.38252,1.38261,1.38252,1.38261,154350000,1
1756223280000,1756223339000,1.38261,1.38275,1.38261,1.38274,76800000,1
1756223340000,1756223399000,1.38275,1.38288,1.38275,1.38286,89700000,1
1756223400000,1756223459000,1.38286,1.38295,1.38283,1.38288,81600000,1
1756223460000,1756223519000,1.3829,1.38295,1.3828,1.3828,69900000,1
1756223520000,1756223579000,1.38279,1.38288,1.38279,1.38281,45450000,1
1756223580000,1756223639000,1.38281,1.38285,1.38276,1.38283,77700000,1
1756223640000,1756223699000,1.38283,1.38284,1.38277,1.38279,89100000,1
1756223700000,1756223759000,1.38277,1.38278,1.38261,1.38261,93600000,1
1756223760000,1756223819000,1.38261,1.38263,1.38251,1.38254,156000000,1
1756223820000,1756223879000,1.38256,1.38256,1.38248,1.38248,90300000,1
1756223880000,1756223939000,1.38249,1.3826,1.38248,1.38253,222600000,1
1756223940000,1756223999000,1.38252,1.38255,1.38244,1.38244,128700000,1
1756224000000,1756224059000,1.38245,1.38245,1.38239,1.38241,109950000,1
1756224060000,1756224119000,1.38242,1.38251,1.38241,1.38251,140400000,1
1756224120000,1756224179000,1.3825,1.38268,1.38247,1.38265,127800000,1
1756224180000,1756224239000,1.38267,1.38268,1.38258,1.38261,63900000,1
1756224240000,1756224299000,1.38261,1.38264,1.38261,1.38263,29550000,1
1756224300000,1756224359000,1.38263,1.38271,1.38263,1.38271,84000000,1
1756224360000,1756224419000,1.3827,1.38278,1.38269,1.38276,54600000,1
1756224420000,1756224479000,1.38277,1.38283,1.38276,1.3828,76650000,1
1756224480000,1756224539000,1.38279,1.38283,1.38277,1.3828,68100000,1
1756224540000,1756224599000,1.3828,1.38282,1.38278,1.3828,44700000,1
1756224600000,1756224659000,1.38282,1.38289,1.3828,1.38287,86400000,1
1756224660000,1756224719000,1.38288,1.38288,1.38279,1.38288,61800000,1
1756224720000,1756224779000,1.3829,1.38291,1.38288,1.38288,105000000,1
1756224780000,1756224839000,1.38288,1.3829,1.38282,1.3829,127200000,1
1756224840000,1756224899000,1.38286,1.38289,1.3828,1.38286,80550000,1
1756224900000,1756224959000,1.38289,1.38289,1.38277,1.38278,128550000,1
1756224960000,1756225019000,1.38281,1.38283,1.38276,1.38278,128400000,1
1756225020000,1756225079000,1.38279,1.38286,1.38277,1.38279,120000000,1
1756225080000,1756225139000,1.38278,1.38282,1.38271,1.38282,156750000,1
1756225140000,1756225199000,1.3828,1.38282,1.38274,1.38281,212700000,1
1756225200000,1756225259000,1.38279,1.38282,1.38272,1.3828,282300000,1
1756225260000,1756225319000,1.38281,1.38282,1.38277,1.3828,151650000,1
1756225320000,1756225379000,1.38281,1.38282,1.38266,1.38273,272850000,1
1756225380000,1756225439000,1.38274,1.38274,1.38267,1.38272,331500000,1
1756225440000,1756225499000,1.3827,1.38274,1.38262,1.3827,292350000,1
1756225500000,1756225559000,1.38271,1.38278,1.38269,1.38277,279450000,1
1756225560000,1756225619000,1.38278,1.3829,1.38277,1.38283,240600000,1
1756225620000,1756225679000,1.38284,1.38292,1.38284,1.3829,195450000,1
1756225680000,1756225739000,1.38289,1.38292,1.38288,1.3829,134700000,1
1756225740000,1756225799000,1.38291,1.38296,1.38287,1.38287,343500000,1
1756225800000,1756225859000,1.38287,1.38292,1.38286,1.38292,149250000,1
1756225860000,1756225919000,1.38293,1.38305,1.3829,1.38298,316650000,1
1756225920000,1756225979000,1.38297,1.38298,1.38291,1.38293,285150000,1
1756225980000,1756226039000,1.38295,1.38307,1.38295,1.38305,222600000,1
1756226040000,1756226099000,1.38306,1.38315,1.38305,1.38308,201900000,1
1756226100000,1756226159000,1.38307,1.38308,1.38293,1.38295,304500000,1
1756226160000,1756226219000,1.38296,1.38308,1.38292,1.38305,388500000,1
1756226220000,1756226279000,1.38306,1.38318,1.38304,1.38315,219600000,1
1756226280000,1756226339000,1.38315,1.38315,1.383,1.383,180900000,1
1756226340000,1756226399000,1.38301,1.38306,1.383,1.38304,78600000,1
1756226400000,1756226459000,1.38306,1.38308,1.38298,1.38299,108000000,1
1756226460000,1756226519000,1.38297,1.38307,1.38296,1.38298,108000000,1
1756226520000,1756226579000,1.38297,1.38299,1.38287,1.38287,108450000,1
1756226580000,1756226639000,1.38288,1.38294,1.38287,1.38289,63000000,1
1756226640000,1756226699000,1.38289,1.38291,1.38277,1.38278,94500000,1
1756226700000,1756226759000,1.38278,1.3828,1.38266,1.38268,185700000,1
1756226760000,1756226819000,1.38268,1.38273,1.38267,1.3827,133800000,1
1756226820000,1756226879000,1.38272,1.38294,1.38269,1.3829,169200000,1
1756226880000,1756226939000,1.38287,1.38289,1.38276,1.38289,145800000,1
1756226940000,1756226999000,1.38289,1.38294,1.3828,1.38282,171000000,1
1756227000000,1756227059000,1.38282,1.38284,1.38277,1.3828,178200000,1
1756227060000,1756227119000,1.3828,1.38285,1.38278,1.38282,171150000,1
1756227120000,1756227179000,1.38285,1.3829,1.38283,1.38288,132000000,1
1756227180000,1756227239000,1.38287,1.38289,1.38276,1.3828,125400000,1
1756227240000,1756227299000,1.3828,1.38289,1.38269,1.38271,107100000,1
1756227300000,1756227359000,1.38272,1.3828,1.3827,1.3828,109050000,1
1756227360000,1756227419000,1.38281,1.38288,1.38279,1.38288,130200000,1
1756227420000,1756227479000,1.38287,1.38298,1.38286,1.38291,166650000,1
1756227480000,1756227539000,1.38292,1.38305,1.38291,1.38296,157500000,1
1756227540000,1756227599000,1.38296,1.38299,1.38292,1.38293,140700000,1
1756227600000,1756227659000,1.38292,1.38307,1.38292,1.38306,112050000,1
1756227660000,1756227719000,1.38306,1.38312,1.38306,1.38309,50850000,1
1756227720000,1756227779000,1.38306,1.38306,1.38289,1.38296,159750000,1
1756227780000,1756227839000,1.38296,1.38299,1.38291,1.38298,69300000,1
1756227840000,1756227899000,1.38297,1.38306,1.38295,1.38306,64200000,1
1756227900000,1756227959000,1.38305,1.38307,1.38298,1.38298,69900000,1
1756227960000,1756228019000,1.383,1.38303,1.38297,1.38299,125550000,1
1756228020000,1756228079000,1.38299,1.38307,1.38298,1.38303,76200000,1
1756228080000,1756228139000,1.38301,1.38303,1.38298,1.38302,90150000,1
1756228140000,1756228199000,1.38301,1.38306,1.38298,1.383,33600000,1
1756228200000,1756228259000,1.38301,1.38321,1.383,1.38318,132600000,1
1756228260000,1756228319000,1.38318,1.38327,1.38317,1.38318,74100000,1
1756228320000,1756228379000,1.38318,1.38319,1.38308,1.3831,55650000,1
1756228380000,1756228439000,1.38309,1.38312,1.38303,1.38307,49350000,1
1756228440000,1756228499000,1.38307,1.38311,1.38306,1.38307,56100000,1
1756228500000,1756228559000,1.38307,1.38317,1.38305,1.38317,36750000,1
1756228560000,1756228619000,1.38315,1.38319,1.38315,1.38318,54450000,1
1756228620000,1756228679000,1.38318,1.38327,1.38316,1.38326,45600000,1
1756228680000,1756228739000,1.38326,1.38327,1.38325,1.38326,32550000,1
1756228740000,1756228799000,1.38326,1.38326,1.38322,1.38326,49950000,1
1756228800000,1756228859000,1.38325,1.38326,1.38322,1.38325,43350000,1
1756228860000,1756228919000,1.38325,1.38329,1.38325,1.38328,34350000,1
1756228920000,1756228979000,1.38327,1.38328,1.38324,1.38327,47700000,1
1756228980000,1756229039000,1.38327,1.38328,1.38317,1.38318,28950000,1
1756229040000,1756229099000,1.38318,1.38324,1.38317,1.38319,84750000,1
1756229100000,1756229159000,1.38318,1.38325,1.38318,1.38323,35400000,1
1756229160000,1756229219000,1.38324,1.38337,1.38322,1.38334,67500000,1
1756229220000,1756229279000,1.38334,1.38336,1.38325,1.38327,44850000,1
1756229280000,1756229339000,1.38327,1.38327,1.38318,1.38321,83100000,1
1756229340000,1756229399000,1.38319,1.38319,1.38317,1.38318,35700000,1
1756229400000,1756229459000,1.38318,1.38324,1.3831,1.38323,53400000,1
1756229460000,1756229519000,1.38322,1.38331,1.38322,1.38329,101100000,1
1756229520000,1756229579000,1.38328,1.3833,1.38324,1.38328,89400000,1
1756229580000,1756229639000,1.38329,1.38347,1.38328,1.38347,97650000,1
1756229640000,1756229699000,1.38346,1.38347,1.38343,1.38345,57600000,1
1756229700000,1756229759000,1.38347,1.38348,1.38345,1.38348,30000000,1
1756229760000,1756229819000,1.38348,1.38349,1.38347,1.38347,29400000,1
1756229820000,1756229879000,1.38348,1.38358,1.38347,1.38355,86700000,1
1756229880000,1756229939000,1.38356,1.38356,1.38338,1.38338,393900000,1
1756229940000,1756229999000,1.38339,1.38343,1.38338,1.3834,466200000,1
1756230000000,1756230059000,1.3834,1.38354,1.38339,1.38354,279600000,1
1756230060000,1756230119000,1.38352,1.38367,1.38351,1.38366,298350000,1
1756230120000,1756230179000,1.38367,1.38367,1.38365,1.38366,77700000,1
1756230180000,1756230239000,1.38365,1.38368,1.38359,1.38367,219750000,1
1756230240000,1756230299000,1.38365,1.38368,1.38364,1.38365,230400000,1
1756230300000,1756230359000,1.38366,1.38378,1.38364,1.38368,300900000,1
1756230360000,1756230419000,1.38367,1.38369,1.38354,1.38355,179400000,1
1756230420000,1756230479000,1.38355,1.38362,1.38355,1.38361,235800000,1
1756230480000,1756230539000,1.3836,1.38362,1.38358,1.38361,291600000,1
1756230540000,1756230599000,1.38361,1.38379,1.38359,1.38377,270000000,1
1756230600000,1756230659000,1.38376,1.3838,1.38375,1.38377,225000000,1
1756230660000,1756230719000,1.38377,1.38386,1.38376,1.38385,166500000,1
1756230720000,1756230779000,1.38383,1.38393,1.38381,1.38388,112500000,1
1756230780000,1756230839000,1.38386,1.38388,1.38383,1.38387,102750000,1
1756230840000,1756230899000,1.38386,1.38399,1.38384,1.38397,165150000,1
1756230900000,1756230959000,1.38397,1.38399,1.38395,1.38396,79950000,1
1756230960000,1756231019000,1.38397,1.38397,1.38375,1.38376,105600000,1
1756231020000,1756231079000,1.38377,1.38379,1.38374,1.38377,74400000,1
1756231080000,1756231139000,1.38377,1.38393,1.38375,1.38378,135600000,1
1756231140000,1756231199000,1.38378,1.38387,1.38375,1.38387,120300000,1
1756231200000,1756231259000,1.38386,1.38391,1.38354,1.38358,162000000,1
1756231260000,1756231319000,1.38357,1.38391,1.38357,1.38387,108000000,1
1756231320000,1756231379000,1.38388,1.38389,1.38378,1.38381,98400000,1
1756231380000,1756231439000,1.38381,1.38387,1.38378,1.38385,80550000,1
1756231440000,1756231499000,1.38385,1.38395,1.38383,1.38383,120750000,1
1756231500000,1756231559000,1.38383,1.38386,1.38379,1.38386,70800000,1
1756231560000,1756231619000,1.38385,1.38393,1.38383,1.38392,61800000,1
1756231620000,1756231679000,1.38392,1.38395,1.38389,1.38392,48000000,1
1756231680000,1756231739000,1.3839,1.38392,1.38383,1.38383,64350000,1
1756231740000,1756231799000,1.38384,1.38386,1.3838,1.38385,45600000,1
1756231800000,1756231859000,1.38384,1.38386,1.38375,1.38376,110400000,1
1756231860000,1756231919000,1.38377,1.38385,1.38374,1.38384,66600000,1
1756231920000,1756231979000,1.38383,1.38397,1.38383,1.38395,98850000,1
1756231980000,1756232039000,1.38396,1.38403,1.38394,1.38398,78000000,1
1756232040000,1756232099000,1.38398,1.38405,1.38398,1.38405,54000000,1
1756232100000,1756232159000,1.38404,1.38408,1.38404,1.38407,70800000,1
1756232160000,1756232219000,1.38405,1.38414,1.38404,1.38412,103950000,1
1756232220000,1756232279000,1.38411,1.38414,1.38402,1.38403,59400000,1
1756232280000,1756232339000,1.38404,1.38404,1.3839,1.38394,58200000,1
1756232340000,1756232399000,1.38395,1.38396,1.38384,1.38384,56400000,1
1756232400000,1756232459000,1.38383,1.38388,1.38382,1.38385,77400000,1
1756232460000,1756232519000,1.38385,1.38392,1.38384,1.38386,63000000,1
1756232520000,1756232579000,1.38385,1.38386,1.3838,1.38385,54300000,1
1756232580000,1756232639000,1.38383,1.3839,1.38378,1.3838,49800000,1
1756232640000,1756232699000,1.3838,1.38393,1.38379,1.38392,72000000,1
1756232700000,1756232759000,1.38392,1.38395,1.38389,1.38392,43200000,1
1756232760000,1756232819000,1.38391,1.38394,1.38387,1.38392,88200000,1
1756232820000,1756232879000,1.38393,1.38394,1.38385,1.38388,75900000,1
1756232880000,1756232939000,1.38387,1.38387,1.38376,1.38384,72750000,1
1756232940000,1756232999000,1.38383,1.38387,1.38379,1.38379,52800000,1
1756233000000,1756233059000,1.38379,1.38379,1.38364,1.38364,102000000,1
1756233060000,1756233119000,1.38365,1.38368,1.38359,1.38366,96000000,1
1756233120000,1756233179000,1.38366,1.38367,1.38362,1.38365,51600000,1
1756233180000,1756233239000,1.38366,1.38366,1.38356,1.38357,74400000,1
1756233240000,1756233299000,1.38356,1.38363,1.38352,1.38361,96300000,1
1756233300000,1756233359000,1.38359,1.38368,1.38352,1.38355,77100000,1
1756233360000,1756233419000,1.38354,1.38357,1.38349,1.38354,55200000,1
1756233420000,1756233479000,1.38352,1.38354,1.38345,1.38345,56100000,1
1756233480000,1756233539000,1.38347,1.38347,1.38342,1.38346,35400000,1
1756233540000,1756233599000,1.38347,1.38349,1.38333,1.38334,55800000,1
1756233600000,1756233659000,1.38334,1.38342,1.38331,1.38335,69600000,1
1756233660000,1756233719000,1.38336,1.38342,1.38335,1.3834,73200000,1
1756233720000,1756233779000,1.38338,1.38348,1.38337,1.38347,77100000,1
1756233780000,1756233839000,1.38348,1.38353,1.38346,1.38347,58200000,1
1756233840000,1756233899000,1.38347,1.38352,1.38345,1.38346,90000000,1
1756233900000,1756233959000,1.38345,1.38345,1.3832,1.3832,89400000,1
1756233960000,1756234019000,1.38319,1.38322,1.38311,1.38314,93000000,1
1756234020000,1756234079000,1.38316,1.38323,1.38314,1.3832,75000000,1
1756234080000,1756234139000,1.3832,1.38323,1.38317,1.38323,81600000,1
1756234140000,1756234199000,1.38322,1.38322,1.38316,1.38316,57600000,1
1756234200000,1756234259000,1.38315,1.38317,1.38315,1.38316,27000000,1
1756234260000,1756234319000,1.38316,1.38317,1.38315,1.38317,20400000,1
1756234320000,1756234379000,1.38317,1.38318,1.38297,1.38297,69000000,1
1756234380000,1756234439000,1.38297,1.38305,1.38296,1.38305,10800000,1
1756234440000,1756234499000,1.38304,1.38304,1.38296,1.38296,56400000,1
1756234500000,1756234559000,1.38296,1.38296,1.38285,1.38288,75900000,1
1756234560000,1756234619000,1.38287,1.38299,1.38287,1.38299,46800000,1
1756234620000,1756234679000,1.38295,1.38295,1.38283,1.38288,78000000,1
1756234680000,1756234739000,1.38287,1.38298,1.38286,1.38296,94800000,1
1756234740000,1756234799000,1.38298,1.38362,1.38297,1.38342,304650000,1
1756234800000,1756234859000,1.38341,1.38347,1.38322,1.38327,204150000,1
1756234860000,1756234919000,1.38328,1.3833,1.38315,1.38316,172350000,1
1756234920000,1756234979000,1.38317,1.38328,1.38317,1.38325,124800000,1
1756234980000,1756235039000,1.38326,1.38329,1.38322,1.38325,67800000,1
1756235040000,1756235099000,1.38324,1.38327,1.38318,1.3832,68700000,1
1756235100000,1756235159000,1.38321,1.3835,1.38319,1.38346,122700000,1
1756235160000,1756235219000,1.38344,1.38345,1.38339,1.38344,63150000,1
1756235220000,1756235279000,1.38343,1.38345,1.3834,1.3834,69900000,1
1756235280000,1756235339000,1.3834,1.38341,1.38322,1.38325,120450000,1
1756235340000,1756235399000,1.38325,1.38326,1.38318,1.38321,101550000,1
1756235400000,1756235459000,1.38319,1.38333,1.38315,1.38333,121350000,1
1756235460000,1756235519000,1.38333,1.38345,1.38328,1.38344,82950000,1
1756235520000,1756235579000,1.38344,1.38351,1.38337,1.38338,94800000,1
1756235580000,1756235639000,1.38336,1.38336,1.38325,1.38334,76500000,1
1756235640000,1756235699000,1.38335,1.38338,1.38329,1.38337,61050000,1
1756235700000,1756235759000,1.38338,1.38342,1.38331,1.38339,108300000,1
1756235760000,1756235819000,1.38341,1.38341,1.38333,1.38335,72150000,1
1756235820000,1756235879000,1.38334,1.38335,1.38328,1.38329,53400000,1
1756235880000,1756235939000,1.38329,1.38329,1.3831,1.38312,60600000,1
1756235940000,1756235999000,1.3831,1.38315,1.38309,1.38313,37050000,1
1756236000000,1756236059000,1.38312,1.38313,1.38306,1.38308,35100000,1
1756236060000,1756236119000,1.38308,1.38311,1.38302,1.38304,66300000,1
1756236120000,1756236179000,1.38305,1.38305,1.38294,1.38294,70800000,1
1756236180000,1756236239000,1.38293,1.38296,1.38289,1.38294,76650000,1
1756236240000,1756236299000,1.38295,1.38296,1.38291,1.38296,42300000,1
1756236300000,1756236359000,1.38293,1.38306,1.38289,1.38306,44100000,1
1756236360000,1756236419000,1.38306,1.38309,1.38304,1.38308,60900000,1
1756236420000,1756236479000,1.38307,1.38307,1.38304,1.38306,15600000,1
1756236480000,1756236539000,1.38306,1.38306,1.38295,1.38295,36450000,1
1756236540000,1756236599000,1.38294,1.38296,1.38292,1.38295,37500000,1
1756236600000,1756236659000,1.38295,1.38298,1.38288,1.38295,87450000,1
1756236660000,1756236719000,1.38295,1.38301,1.38291,1.38292,123450000,1
1756236720000,1756236779000,1.38293,1.38296,1.38293,1.38296,10200000,1
1756236780000,1756236839000,1.38296,1.38307,1.38296,1.38305,39000000,1
1756236840000,1756236899000,1.38305,1.38308,1.38305,1.38306,14100000,1
1756236900000,1756236959000,1.38306,1.38307,1.38305,1.38305,21300000,1
1756236960000,1756237019000,1.38307,1.38312,1.38304,1.38305,34350000,1
1756237020000,1756237079000,1.38305,1.38317,1.38305,1.38315,37800000,1
1756237080000,1756237139000,1.38314,1.38322,1.38314,1.38322,11400000,1
1756237140000,1756237199000,1.38322,1.38333,1.38322,1.38332,31350000,1
1756237200000,1756237259000,1.38334,1.38334,1.38326,1.38328,31500000,1
1756237260000,1756237319000,1.38328,1.38329,1.38319,1.38325,39000000,1
1756237320000,1756237379000,1.38324,1.38328,1.38324,1.38328,54750000,1
1756237380000,1756237439000,1.38325,1.38327,1.38324,1.38326,26100000,1
1756237440000,1756237499000,1.38327,1.38327,1.38325,1.38326,19200000,1
1756237500000,1756237559000,1.38326,1.38327,1.38325,1.38325,24000000,1
1756237560000,1756237619000,1.38326,1.38326,1.38315,1.38315,21600000,1
1756237620000,1756237679000,1.38316,1.38316,1.38314,1.38314,19800000,1
1756237680000,1756237739000,1.38315,1.38316,1.38313,1.38315,50850000,1
1756237740000,1756237799000,1.38315,1.38316,1.38314,1.38314,41400000,1
1756237800000,1756237859000,1.38315,1.38316,1.383,1.38304,66450000,1
1756237860000,1756237919000,1.38304,1.38313,1.38304,1.38309,52050000,1
1756237920000,1756237979000,1.38309,1.38329,1.38306,1.38325,95850000,1
1756237980000,1756238039000,1.38323,1.38323,1.38313,1.38316,52500000,1
1756238040000,1756238099000,1.38315,1.38328,1.38314,1.38328,43650000,1
1756238100000,1756238159000,1.38327,1.38348,1.38324,1.38343,95100000,1
1756238160000,1756238219000,1.38344,1.38358,1.38344,1.3835,88200000,1
1756238220000,1756238279000,1.38351,1.38354,1.38344,1.38353,89400000,1
1756238280000,1756238339000,1.38352,1.38357,1.38346,1.38354,72000000,1
1756238340000,1756238399000,1.38353,1.38355,1.38337,1.38341,125550000,1
1756238400000,1756238459000,1.38342,1.38347,1.3834,1.38342,65610000,1
1756238460000,1756238519000,1.38344,1.38366,1.38344,1.38366,52350000,1
1756238520000,1756238579000,1.38366,1.3837,1.3836,1.38361,37950000,1
1756238580000,1756238639000,1.38361,1.38367,1.38361,1.38367,27300000,1
1756238640000,1756238699000,1.38369,1.38369,1.38364,1.38368,54300000,1
1756238700000,1756238759000,1.38367,1.38368,1.38362,1.38364,45750000,1
1756238760000,1756238819000,1.38365,1.38368,1.38365,1.38368,27000000,1
1756238820000,1756238879000,1.38366,1.38366,1.38358,1.3836,24300000,1
1756238880000,1756238939000,1.38359,1.3836,1.38343,1.38343,55500000,1
1756238940000,1756238999000,1.38343,1.38344,1.38335,1.38339,52800000,1
1756239000000,1756239059000,1.38338,1.38351,1.38336,1.38351,24600000,1
1756239060000,1756239119000,1.3835,1.3835,1.38348,1.3835,8700000,1
1756239120000,1756239179000,1.38349,1.38349,1.38346,1.38346,6300000,1
1756239180000,1756239239000,1.38346,1.38346,1.38343,1.38343,14400000,1
1756239240000,1756239299000,1.38343,1.38343,1.3833,1.38331,40050000,1
1756239300000,1756239359000,1.38331,1.38333,1.38329,1.38329,38250000,1
1756239360000,1756239419000,1.38329,1.38335,1.38328,1.38332,56700000,1
1756239420000,1756239479000,1.38331,1.38334,1.38327,1.38333,17400000,1
1756239480000,1756239539000,1.38334,1.3834,1.38334,1.38335,17400000,1
1756239540000,1756239599000,1.38333,1.38333,1.38332,1.38333,3600000,1
1756239600000,1756239659000,1.38334,1.38336,1.38334,1.38335,6000000,1
1756239660000,1756239719000,1.38335,1.38337,1.38335,1.38336,8400000,1
1756239720000,1756239779000,1.38335,1.38336,1.38335,1.38336,3600000,1
1756239780000,1756239839000,1.38339,1.38339,1.38337,1.38337,28050000,1
1756239840000,1756239899000,1.38338,1.38342,1.38337,1.38342,17550000,1
1756239900000,1756239959000,1.38344,1.38348,1.38343,1.38344,27300000,1
1756239960000,1756240019000,1.38344,1.38346,1.38343,1.38346,6000000,1
1756240020000,1756240079000,1.38344,1.38346,1.38344,1.38344,8100000,1
1756240080000,1756240139000,1.38346,1.38346,1.38341,1.38341,39900000,1
1756240140000,1756240199000,1.38342,1.38342,1.38329,1.38329,22950000,1
1756240200000,1756240259000,1.38331,1.38331,1.38319,1.3832,54150000,1
1756240260000,1756240319000,1.38319,1.38343,1.38311,1.38341,73800000,1
1756240320000,1756240379000,1.38343,1.38343,1.38336,1.38337,51600000,1
1756240380000,1756240439000,1.38336,1.38354,1.38332,1.38352,59700000,1
1756240440000,1756240499000,1.38354,1.38354,1.38351,1.38351,23100000,1
1756240500000,1756240559000,1.38351,1.38353,1.38348,1.38349,31500000,1
1756240560000,1756240619000,1.3835,1.38352,1.38348,1.38351,16650000,1
1756240620000,1756240679000,1.38352,1.38361,1.38352,1.3836,27900000,1
1756240680000,1756240739000,1.3836,1.38371,1.38359,1.38369,23100000,1
1756240740000,1756240799000,1.3837,1.38371,1.38369,1.3837,22200000,1
1756240800000,1756240859000,1.38369,1.38369,1.38353,1.38353,78600000,1
1756240860000,1756240919000,1.38353,1.38362,1.38353,1.38362,41100000,1
1756240920000,1756240979000,1.38363,1.38369,1.38362,1.38369,27000000,1
1756240980000,1756241039000,1.38368,1.3837,1.38357,1.38359,52500000,1
1756241040000,1756241099000,1.3836,1.38365,1.38359,1.3836,50250000,1
1756241100000,1756241159000,1.38361,1.38361,1.38359,1.3836,39450000,1
1756241160000,1756241219000,1.3836,1.38361,1.38359,1.38359,11850000,1
1756241220000,1756241279000,1.38358,1.3836,1.38357,1.38357,18600000,1
1756241280000,1756241339000,1.38355,1.38358,1.38349,1.38358,41700000,1
1756241340000,1756241399000,1.38358,1.38359,1.38358,1.38359,8850000,1
1756241400000,1756241459000,1.3836,1.38361,1.3836,1.3836,6000000,1
1756241460000,1756241519000,1.3836,1.38362,1.3836,1.3836,14250000,1
1756241520000,1756241579000,1.3836,1.3836,1.3836,1.3836,2400000,1
1756241580000,1756241639000,1.38365,1.38366,1.38362,1.38363,22200000,1
1756241640000,1756241699000,1.38363,1.3838,1.38362,1.38379,46800000,1
1756241700000,1756241759000,1.3838,1.38383,1.38376,1.38379,31650000,1
1756241760000,1756241819000,1.38378,1.38388,1.38378,1.38386,79650000,1
1756241820000,1756241879000,1.38387,1.38392,1.38387,1.38388,35400000,1
1756241880000,1756241939000,1.38386,1.3839,1.38384,1.38388,57000000,1
1756241940000,1756241999000,1.38388,1.38389,1.38377,1.3838,74700000,1
1756242000000,1756242059000,1.38374,1.38374,1.38352,1.38352,4950000,1
1756242060000,1756242119000,1.38363,1.38363,1.38363,1.38363,450000,1
1756242120000,1756242179000,1.38362,1.38362,1.38362,1.38362,450000,1
1756242180000,1756242239000,1.38342,1.38342,1.38342,1.38342,1200000,1
1756242240000,1756242299000,1.38342,1.38342,1.38342,1.38342,0,1
1756242300000,1756242359000,1.38362,1.38367,1.38362,1.38365,7200000,1
1756242360000,1756242419000,1.3837,1.38374,1.3837,1.38374,6000000,1
1756242420000,1756242479000,1.38374,1.38376,1.38368,1.38368,10500000,1
1756242480000,1756242539000,1.38369,1.38369,1.38367,1.38367,2100000,1
1756242540000,1756242599000,1.38351,1.3837,1.38351,1.38365,6600000,1
1756242600000,1756242659000,1.38352,1.38352,1.38352,1.38352,1200000,1
1756242660000,1756242719000,1.38349,1.38366,1.38349,1.38366,6600000,1
1756242720000,1756242779000,1.38366,1.38369,1.38366,1.38366,7200000,1
1756242780000,1756242839000,1.38366,1.38369,1.38363,1.38369,9600000,1
1756242840000,1756242899000,1.38368,1.3837,1.38368,1.3837,3600000,1
1756242900000,1756242959000,1.3837,1.38373,1.38361,1.38366,743100000,1
1756242960000,1756243019000,1.38366,1.38373,1.38359,1.38367,606300000,1
1756243020000,1756243079000,1.38366,1.38371,1.38362,1.3837,146100000,1
1756243080000,1756243139000,1.38363,1.3838,1.3836,1.38373,410400000,1
1756243140000,1756243199000,1.38378,1.38389,1.38363,1.38384,293700000,1
1756243200000,1756243259000,1.38384,1.38387,1.38361,1.38368,389400000,1
1756243260000,1756243319000,1.38368,1.38373,1.38361,1.38362,303900000,1
1756243320000,1756243379000,1.38363,1.38372,1.3836,1.38369,114600000,1
1756243380000,1756243439000,1.38369,1.38371,1.38358,1.38368,164100000,1
1756243440000,1756243499000,1.38368,1.3837,1.38362,1.38363,58350000,1
1756243500000,1756243559000,1.38363,1.38368,1.38362,1.38363,15600000,1
1756243560000,1756243619000,1.38363,1.38368,1.38363,1.38368,6000000,1
1756243620000,1756243679000,1.38367,1.3837,1.38363,1.38364,10800000,1
1756243680000,1756243739000,1.38369,1.38374,1.38362,1.38365,28500000,1
1756243740000,1756243799000,1.38365,1.38365,1.38365,1.38365,2400000,1
1756243800000,1756243859000,1.38365,1.38366,1.38361,1.38361,15600000,1
1756243860000,1756243919000,1.38363,1.38363,1.38361,1.38363,9600000,1
1756243920000,1756243979000,1.38362,1.38364,1.38362,1.38363,14400000,1
1756243980000,1756244039000,1.38363,1.38369,1.38355,1.38364,10800000,1
1756244040000,1756244099000,1.38363,1.38364,1.38363,1.38363,6000000,1
1756244100000,1756244159000,1.38361,1.38366,1.38358,1.38365,48000000,1
1756244160000,1756244219000,1.38365,1.38365,1.38355,1.38355,4800000,1
1756244220000,1756244279000,1.38355,1.38355,1.38355,1.38355,1200000,1
1756244280000,1756244339000,1.38356,1.38368,1.38356,1.38363,16800000,1
1756244340000,1756244399000,1.38366,1.38371,1.38362,1.38367,24000000,1
1756244400000,1756244459000,1.38367,1.38372,1.38365,1.38367,15600000,1
1756244460000,1756244519000,1.38367,1.38367,1.38364,1.38366,8400000,1
1756244520000,1756244579000,1.38364,1.38365,1.38364,1.38364,7200000,1
1756244580000,1756244639000,1.38363,1.38364,1.38357,1.38364,35400000,1
1756244640000,1756244699000,1.38364,1.38366,1.38364,1.38364,8400000,1
1756244700000,1756244759000,1.38365,1.38366,1.38365,1.38366,7200000,1
1756244760000,1756244819000,1.38362,1.38366,1.38359,1.38365,6000000,1
1756244820000,1756244879000,1.38364,1.38366,1.38361,1.38365,13200000,1
1756244880000,1756244939000,1.38365,1.38366,1.38364,1.38366,4800000,1
1756244940000,1756244999000,1.38365,1.38366,1.38363,1.38365,14400000,1
1756245000000,1756245059000,1.38366,1.38366,1.38363,1.38365,15600000,1
1756245060000,1756245119000,1.38363,1.38366,1.38361,1.38361,20400000,1
1756245120000,1756245179000,1.38362,1.38365,1.38357,1.38359,53400000,1
1756245180000,1756245239000,1.38361,1.38365,1.38358,1.38362,14400000,1
1756245240000,1756245299000,1.38362,1.38365,1.38359,1.3836,27600000,1
1756245300000,1756245359000,1.38362,1.38368,1.38357,1.38366,36000000,1
1756245360000,1756245419000,1.38365,1.38367,1.38353,1.38364,46800000,1
1756245420000,1756245479000,1.38365,1.38371,1.38363,1.38369,19200000,1
1756245480000,1756245539000,1.38368,1.38369,1.38362,1.38363,33600000,1
1756245540000,1756245599000,1.38363,1.38365,1.38362,1.38362,13800000,1
1756245600000,1756245659000,1.38363,1.38379,1.38354,1.38368,65250000,1
1756245660000,1756245719000,1.38368,1.38369,1.38364,1.38367,13500000,1
1756245720000,1756245779000,1.38368,1.38373,1.38366,1.38372,10800000,1
1756245780000,1756245839000,1.38372,1.38376,1.38368,1.38374,18900000,1
1756245840000,1756245899000,1.38374,1.38374,1.38371,1.38374,12000000,1
1756245900000,1756245959000,1.38373,1.38373,1.38367,1.38369,14400000,1
1756245960000,1756246019000,1.38368,1.38369,1.38357,1.38357,19350000,1
1756246020000,1756246079000,1.38357,1.38359,1.38355,1.38358,15750000,1
1756246080000,1756246139000,1.38359,1.38359,1.38347,1.38349,15300000,1
1756246140000,1756246199000,1.38357,1.38357,1.38349,1.38349,7350000,1
1756246200000,1756246259000,1.38353,1.38358,1.38353,1.38354,7200000,1
1756246260000,1756246319000,1.38354,1.38355,1.38344,1.38349,26400000,1
1756246320000,1756246379000,1.38349,1.38356,1.38349,1.38355,14400000,1
1756246380000,1756246439000,1.38356,1.38361,1.38351,1.38351,27600000,1
1756246440000,1756246499000,1.3835,1.38367,1.3835,1.38366,39600000,1
1756246500000,1756246559000,1.38365,1.38366,1.38359,1.38364,31200000,1
1756246560000,1756246619000,1.38364,1.38373,1.38363,1.38369,37200000,1
1756246620000,1756246679000,1.3837,1.38372,1.38367,1.38369,14550000,1
1756246680000,1756246739000,1.38369,1.38371,1.38359,1.38367,23100000,1
1756246740000,1756246799000,1.3837,1.38376,1.38367,1.38373,15600000,1
1756246800000,1756246859000,1.38366,1.38367,1.38365,1.38365,13350000,1
1756246860000,1756246919000,1.38364,1.38366,1.38355,1.38355,45750000,1
1756246920000,1756246979000,1.38355,1.38355,1.38354,1.38355,13200000,1
1756246980000,1756247039000,1.38348,1.38349,1.38347,1.38347,22200000,1
1756247040000,1756247099000,1.38346,1.38359,1.38345,1.38357,52950000,1
1756247100000,1756247159000,1.38356,1.38359,1.38356,1.38357,11100000,1
1756247160000,1756247219000,1.38358,1.38358,1.38356,1.38357,10800000,1
1756247220000,1756247279000,1.38358,1.38359,1.38357,1.38357,7200000,1
1756247280000,1756247339000,1.38358,1.38358,1.38358,1.38358,1200000,1
1756247340000,1756247399000,1.38358,1.38358,1.38355,1.38355,3600000,1
1756247400000,1756247459000,1.38355,1.38355,1.38344,1.38345,13200000,1
1756247460000,1756247519000,1.38345,1.38348,1.38345,1.38348,9600000,1
1756247520000,1756247579000,1.38347,1.38347,1.38338,1.38338,18000000,1
1756247580000,1756247639000,1.38337,1.3834,1.38337,1.38339,10800000,1
1756247640000,1756247699000,1.38339,1.38349,1.38339,1.38348,13200000,1
1756247700000,1756247759000,1.38347,1.38347,1.38347,1.38347,3600000,1
1756247760000,1756247819000,1.38347,1.38347,1.38345,1.38346,6000000,1
1756247820000,1756247879000,1.38346,1.38347,1.38346,1.38346,3600000,1
1756247880000,1756247939000,1.38348,1.38353,1.38347,1.38352,11850000,1
1756247940000,1756247999000,1.38354,1.38354,1.38354,1.38354,1200000,1
1756248000000,1756248059000,1.38348,1.3835,1.38345,1.38346,15600000,1
1756248060000,1756248119000,1.38347,1.38347,1.38347,1.38347,2550000,1
1756248120000,1756248179000,1.38347,1.38348,1.38347,1.38347,8400000,1
1756248180000,1756248239000,1.38348,1.38348,1.38346,1.38347,10800000,1
1756248240000,1756248299000,1.38347,1.38347,1.38346,1.38346,8550000,1
1756248300000,1756248359000,1.38347,1.38347,1.38347,1.38347,1200000,1
1756248360000,1756248419000,1.38342,1.38347,1.38342,1.38347,13950000,1
1756248420000,1756248479000,1.38343,1.38347,1.38343,1.38345,5550000,1
1756248480000,1756248539000,1.38346,1.38354,1.38346,1.38354,16350000,1
1756248540000,1756248599000,1.38353,1.38354,1.38346,1.38349,29550000,1
1756248600000,1756248659000,1.38352,1.38355,1.38352,1.38354,12000000,1
1756248660000,1756248719000,1.38354,1.38354,1.38354,1.38354,2400000,1
1756248720000,1756248779000,1.38353,1.38353,1.38347,1.38347,10800000,1
1756248780000,1756248839000,1.38347,1.38348,1.38346,1.38346,8400000,1
1756248840000,1756248899000,1.38346,1.38346,1.38336,1.38338,12150000,1
1756248900000,1756248959000,1.38337,1.3834,1.38337,1.38337,12750000,1
1756248960000,1756249019000,1.38344,1.38344,1.38337,1.38337,17550000,1
1756249020000,1756249079000,1.38336,1.38336,1.38336,1.38336,1200000,1
1756249080000,1756249139000,1.38336,1.38338,1.38336,1.38338,4800000,1
1756249140000,1756249199000,1.38337,1.38337,1.38335,1.38335,7200000,1
1756249200000,1756249259000,1.38335,1.38347,1.38335,1.38347,23700000,1
1756249260000,1756249319000,1.38348,1.3835,1.38346,1.3835,11400000,1
1756249320000,1756249379000,1.38347,1.38347,1.38345,1.38346,5400000,1
1756249380000,1756249439000,1.38346,1.38356,1.38346,1.38351,18300000,1
1756249440000,1756249499000,1.38353,1.38353,1.38353,1.38353,1200000,1
1756249500000,1756249559000,1.3835,1.3835,1.38345,1.38346,13500000,1
1756249560000,1756249619000,1.38347,1.38347,1.38347,1.38347,1200000,1
1756249620000,1756249679000,1.38343,1.3835,1.38342,1.3835,7950000,1
1756249680000,1756249739000,1.38349,1.38349,1.38346,1.38349,6000000,1
1756249740000,1756249799000,1.38344,1.38351,1.38344,1.38346,14100000,1
1756249800000,1756249859000,1.38347,1.38348,1.38346,1.38346,9750000,1
1756249860000,1756249919000,1.38348,1.38348,1.38346,1.38346,2400000,1
1756249920000,1756249979000,1.38346,1.38348,1.38346,1.38347,3600000,1
1756249980000,1756250039000,1.38348,1.38349,1.38345,1.38348,9750000,1
1756250040000,1756250099000,1.38346,1.38349,1.38346,1.38347,6000000,1
1756250100000,1756250159000,1.38347,1.38347,1.38347,1.38347,2400000,1
1756250160000,1756250219000,1.38342,1.38349,1.38342,1.38348,14700000,1
1756250220000,1756250279000,1.38349,1.3835,1.38347,1.3835,12000000,1
1756250280000,1756250339000,1.38348,1.38348,1.38348,1.38348,2400000,1
1756250340000,1756250399000,1.38347,1.38347,1.38347,1.38347,1200000,1
1756250400000,1756250459000,1.38342,1.38344,1.38341,1.38344,7200000,1
1756250460000,1756250519000,1.38345,1.38345,1.38342,1.38344,10800000,1
1756250520000,1756250579000,1.38342,1.38344,1.38325,1.38325,35400000,1
1756250580000,1756250639000,1.38328,1.38329,1.38324,1.38325,25650000,1
1756250640000,1756250699000,1.38328,1.38337,1.38328,1.38337,10800000,1
1756250700000,1756250759000,1.38336,1.38337,1.38336,1.38336,6150000,1
1756250760000,1756250819000,1.38336,1.38337,1.38335,1.38336,4800000,1
1756250820000,1756250879000,1.38337,1.38337,1.38336,1.38336,2400000,1
1756250880000,1756250939000,1.38335,1.38342,1.38335,1.38337,20700000,1
1756250940000,1756250999000,1.38335,1.38337,1.38335,1.38335,18450000,1
1756251000000,1756251059000,1.38336,1.38336,1.38335,1.38335,7200000,1
1756251060000,1756251119000,1.38333,1.38333,1.38324,1.38325,12600000,1
1756251120000,1756251179000,1.38325,1.38326,1.38324,1.38326,8400000,1
1756251180000,1756251239000,1.38324,1.38326,1.38324,1.38326,14400000,1
1756251240000,1756251299000,1.38324,1.38326,1.38324,1.38325,18900000,1
1756251300000,1756251359000,1.38326,1.38328,1.38326,1.38327,10800000,1
1756251360000,1756251419000,1.38327,1.38336,1.38327,1.38334,21150000,1
1756251420000,1756251479000,1.38335,1.38335,1.38328,1.38331,20100000,1
1756251480000,1756251539000,1.38332,1.38337,1.38331,1.38335,9600000,1
1756251540000,1756251599000,1.38334,1.38336,1.38334,1.38336,4800000,1
1756251600000,1756251659000,1.38336,1.38336,1.38334,1.38334,7200000,1
1756251660000,1756251719000,1.38335,1.38336,1.38335,1.38336,3600000,1
1756251720000,1756251779000,1.38334,1.38337,1.38334,1.38334,12000000,1
1756251780000,1756251839000,1.38334,1.38336,1.38334,1.38335,6000000,1
1756251840000,1756251899000,1.38336,1.38336,1.38336,1.38336,1200000,1
1756251900000,1756251959000,1.38337,1.38345,1.38336,1.38338,20400000,1
1756251960000,1756252019000,1.3834,1.38344,1.38339,1.38344,24150000,1
1756252020000,1756252079000,1.38344,1.38346,1.38343,1.38346,15450000,1
1756252080000,1756252139000,1.38346,1.38346,1.38344,1.38345,9000000,1
1756252140000,1756252199000,1.38344,1.38348,1.38344,1.38346,23400000,1
1756252200000,1756252259000,1.38347,1.38347,1.38344,1.38344,15600000,1
1756252260000,1756252319000,1.38345,1.38346,1.38344,1.38346,11550000,1
1756252320000,1756252379000,1.38345,1.38345,1.38338,1.38341,27600000,1
1756252380000,1756252439000,1.3834,1.3834,1.38337,1.38337,11550000,1
1756252440000,1756252499000,1.38338,1.38341,1.38338,1.38339,16200000,1
1756252500000,1756252559000,1.38339,1.38343,1.38337,1.38338,32700000,1
1756252560000,1756252619000,1.38337,1.38337,1.38335,1.38336,9750000,1
1756252620000,1756252679000,1.38336,1.38336,1.38326,1.3833,45450000,1
1756252680000,1756252739000,1.38329,1.38339,1.38328,1.38338,26250000,1
1756252740000,1756252799000,1.38338,1.38347,1.38338,1.38344,19800000,1
1756252800000,1756252859000,1.38343,1.38348,1.38338,1.38343,72750000,1
1756252860000,1756252919000,1.38342,1.38346,1.38342,1.38345,40500000,1
1756252920000,1756252979000,1.38343,1.38344,1.38334,1.38335,57000000,1
1756252980000,1756253039000,1.38336,1.38336,1.38326,1.38326,26100000,1
1756253040000,1756253099000,1.38326,1.38327,1.38317,1.38323,16500000,1
1756253100000,1756253159000,1.38322,1.38326,1.38316,1.38317,21000000,1
1756253160000,1756253219000,1.38316,1.38326,1.38316,1.38324,47550000,1
1756253220000,1756253279000,1.38325,1.38329,1.38323,1.38327,21750000,1
1756253280000,1756253339000,1.3833,1.3833,1.38316,1.38318,32400000,1
1756253340000,1756253399000,1.38317,1.38318,1.38307,1.38308,30450000,1
1756253400000,1756253459000,1.38309,1.38312,1.38306,1.3831,28500000,1
1756253460000,1756253519000,1.38308,1.3831,1.38307,1.38308,16950000,1
1756253520000,1756253579000,1.38308,1.38316,1.38306,1.38307,80400000,1
1756253580000,1756253639000,1.38307,1.38313,1.38307,1.38307,22050000,1
1756253640000,1756253699000,1.38308,1.38309,1.38305,1.38307,33300000,1
1756253700000,1756253759000,1.38307,1.38317,1.38306,1.38308,58350000,1
1756253760000,1756253819000,1.3831,1.38315,1.383,1.38309,57000000,1
1756253820000,1756253879000,1.38308,1.38314,1.38306,1.38309,61950000,1
1756253880000,1756253939000,1.38307,1.38307,1.38296,1.38297,22500000,1
1756253940000,1756253999000,1.38299,1.38299,1.38294,1.38294,22500000,1
1756254000000,1756254059000,1.38296,1.38313,1.38296,1.38304,59100000,1
1756254060000,1756254119000,1.38306,1.38307,1.38304,1.38307,23100000,1
1756254120000,1756254179000,1.38311,1.38321,1.38309,1.3831,53550000,1
1756254180000,1756254239000,1.38308,1.38309,1.38306,1.38308,27600000,1
1756254240000,1756254299000,1.38307,1.38309,1.38306,1.38307,18000000,1
1756254300000,1756254359000,1.38305,1.38308,1.38301,1.38301,44700000,1
1756254360000,1756254419000,1.38304,1.38312,1.38301,1.38311,31500000,1
1756254420000,1756254479000,1.38311,1.38311,1.383,1.38302,45750000,1
1756254480000,1756254539000,1.38302,1.38307,1.38293,1.38297,46800000,1
1756254540000,1756254599000,1.38297,1.38306,1.38297,1.38305,54000000,1
1756254600000,1756254659000,1.38304,1.38308,1.38297,1.38306,106650000,1
1756254660000,1756254719000,1.38304,1.38316,1.38301,1.38315,76500000,1
1756254720000,1756254779000,1.38314,1.38319,1.38314,1.38317,62700000,1
1756254780000,1756254839000,1.38317,1.38318,1.38311,1.38312,46800000,1
1756254840000,1756254899000,1.38313,1.38314,1.38308,1.38312,31800000,1
1756254900000,1756254959000,1.38312,1.38315,1.3831,1.38315,46650000,1
1756254960000,1756255019000,1.38314,1.38316,1.38309,1.38313,54000000,1
1756255020000,1756255079000,1.38315,1.38317,1.38309,1.38315,30450000,1
1756255080000,1756255139000,1.38315,1.38315,1.3831,1.38313,48000000,1
1756255140000,1756255199000,1.38314,1.3832,1.38313,1.38319,22500000,1
1756255200000,1756255259000,1.38319,1.3832,1.38311,1.38315,41100000,1
1756255260000,1756255319000,1.38314,1.38318,1.38313,1.38314,73950000,1
1756255320000,1756255379000,1.38314,1.38319,1.38313,1.38316,43200000,1
1756255380000,1756255439000,1.38316,1.38318,1.38314,1.38318,64350000,1
1756255440000,1756255499000,1.38316,1.38322,1.38314,1.38322,52050000,1
1756255500000,1756255559000,1.38321,1.38327,1.38319,1.38319,44550000,1
1756255560000,1756255619000,1.3832,1.38322,1.38318,1.38319,53250000,1
1756255620000,1756255679000,1.38321,1.38325,1.38319,1.38325,52350000,1
1756255680000,1756255739000,1.38322,1.38333,1.38321,1.3833,107250000,1
1756255740000,1756255799000,1.38331,1.38346,1.38329,1.38346,101700000,1
1756255800000,1756255859000,1.38346,1.38348,1.38346,1.38347,40500000,1
1756255860000,1756255919000,1.38347,1.38348,1.38346,1.38347,31950000,1
1756255920000,1756255979000,1.38346,1.3835,1.38345,1.3835,36600000,1
1756255980000,1756256039000,1.38349,1.3835,1.38347,1.38347,54600000,1
1756256040000,1756256099000,1.38348,1.38355,1.38346,1.38353,69900000,1
1756256100000,1756256159000,1.38353,1.38356,1.38331,1.38333,148500000,1
1756256160000,1756256219000,1.38332,1.38343,1.38332,1.38339,58200000,1
1756256220000,1756256279000,1.38337,1.38339,1.38331,1.38331,46050000,1
1756256280000,1756256339000,1.38331,1.38337,1.38331,1.38333,30600000,1
1756256340000,1756256399000,1.38331,1.38334,1.38327,1.38329,38550000,1
1756256400000,1756256459000,1.38328,1.38328,1.38314,1.38319,109800000,1
1756256460000,1756256519000,1.38322,1.38328,1.38313,1.38318,122550000,1
1756256520000,1756256579000,1.38318,1.38331,1.38317,1.3833,112500000,1
1756256580000,1756256639000,1.3833,1.38336,1.38329,1.38334,39600000,1
1756256640000,1756256699000,1.38333,1.38334,1.3833,1.38332,40800000,1
1756256700000,1756256759000,1.38331,1.38331,1.38322,1.38322,51300000,1
1756256760000,1756256819000,1.38322,1.38326,1.38321,1.38326,48750000,1
1756256820000,1756256879000,1.38323,1.38326,1.38317,1.38317,67800000,1
1756256880000,1756256939000,1.38318,1.38318,1.3831,1.38318,39900000,1
1756256940000,1756256999000,1.38316,1.38319,1.38314,1.38317,66300000,1
1756257000000,1756257059000,1.38318,1.38319,1.38309,1.38309,109350000,1
1756257060000,1756257119000,1.38309,1.38312,1.38308,1.38308,55200000,1
1756257120000,1756257179000,1.38309,1.38312,1.38308,1.38311,8400000,1
1756257180000,1756257239000,1.38311,1.38312,1.38307,1.3831,41700000,1
1756257240000,1756257299000,1.38311,1.38319,1.3831,1.38318,86400000,1
1756257300000,1756257359000,1.38315,1.38315,1.38305,1.38307,124950000,1
1756257360000,1756257419000,1.38307,1.38313,1.38305,1.38313,72900000,1
1756257420000,1756257479000,1.38311,1.38323,1.3831,1.38322,37650000,1
1756257480000,1756257539000,1.38321,1.3833,1.3832,1.38328,80850000,1
1756257540000,1756257599000,1.38327,1.38335,1.38326,1.38334,70200000,1
1756257600000,1756257659000,1.38333,1.38353,1.3833,1.38353,142500000,1
1756257660000,1756257719000,1.38352,1.38353,1.38348,1.3835,93300000,1
1756257720000,1756257779000,1.3835,1.38352,1.38345,1.38346,65400000,1
1756257780000,1756257839000,1.38347,1.38348,1.38338,1.38341,68100000,1
1756257840000,1756257899000,1.3834,1.38344,1.3834,1.3834,42000000,1
1756257900000,1756257959000,1.38339,1.38339,1.38327,1.38327,67500000,1
1756257960000,1756258019000,1.38328,1.38329,1.38321,1.38328,69000000,1
1756258020000,1756258079000,1.38328,1.38332,1.38323,1.38331,62700000,1
1756258080000,1756258139000,1.38331,1.38341,1.38331,1.3834,57000000,1
1756258140000,1756258199000,1.3834,1.38342,1.38331,1.38336,99000000,1
1756258200000,1756258259000,1.3833,1.3833,1.38297,1.38319,324300000,1
1756258260000,1756258319000,1.38317,1.38318,1.3829,1.38295,136800000,1
1756258320000,1756258379000,1.38296,1.38307,1.38295,1.38306,78900000,1
1756258380000,1756258439000,1.38308,1.38316,1.38307,1.38309,109050000,1
1756258440000,1756258499000,1.3831,1.38311,1.38301,1.38306,78900000,1
1756258500000,1756258559000,1.38305,1.38312,1.38303,1.38312,44400000,1
1756258560000,1756258619000,1.3831,1.3831,1.38295,1.38299,125550000,1
1756258620000,1756258679000,1.38299,1.38301,1.38294,1.38296,82650000,1
1756258680000,1756258739000,1.38295,1.38304,1.38294,1.38299,65100000,1
1756258740000,1756258799000,1.383,1.38307,1.383,1.38302,45300000,1
1756258800000,1756258859000,1.38304,1.38324,1.38303,1.38321,163800000,1
1756258860000,1756258919000,1.38322,1.38323,1.38318,1.3832,138750000,1
1756258920000,1756258979000,1.3832,1.38324,1.3831,1.38311,112650000,1
1756258980000,1756259039000,1.38312,1.38314,1.38307,1.38307,65550000,1
1756259040000,1756259099000,1.38308,1.38309,1.38297,1.383,81750000,1
1756259100000,1756259159000,1.383,1.38305,1.38297,1.38303,65400000,1
1756259160000,1756259219000,1.38303,1.38303,1.38294,1.38302,69300000,1
1756259220000,1756259279000,1.383,1.383,1.38277,1.38279,83400000,1
1756259280000,1756259339000,1.38279,1.38293,1.38277,1.38292,127200000,1
1756259340000,1756259399000,1.38293,1.38297,1.38291,1.38297,81450000,1
1756259400000,1756259459000,1.38297,1.38313,1.38297,1.3831,116850000,1
1756259460000,1756259519000,1.38308,1.38313,1.38306,1.38309,59100000,1
1756259520000,1756259579000,1.38308,1.3831,1.38301,1.38307,93300000,1
1756259580000,1756259639000,1.38306,1.38306,1.38293,1.38299,71550000,1
1756259640000,1756259699000,1.38304,1.38311,1.383,1.3831,82950000,1
1756259700000,1756259759000,1.38308,1.38314,1.38307,1.38312,81450000,1
1756259760000,1756259819000,1.3831,1.38316,1.3831,1.3831,65250000,1
1756259820000,1756259879000,1.38308,1.3831,1.38305,1.38309,73350000,1
1756259880000,1756259939000,1.3831,1.38317,1.3831,1.38313,81450000,1
1756259940000,1756259999000,1.38312,1.38312,1.38307,1.38309,52500000,1
1756260000000,1756260059000,1.38308,1.38314,1.38307,1.38311,53400000,1
1756260060000,1756260119000,1.38315,1.38315,1.38312,1.38314,3600000,1
1756260120000,1756260179000,1.38315,1.38324,1.38312,1.38323,44850000,1
1756260180000,1756260239000,1.38324,1.38336,1.38324,1.38334,56850000,1
1756260240000,1756260299000,1.38332,1.38341,1.3833,1.38341,57900000,1
1756260300000,1756260359000,1.3834,1.38341,1.38334,1.38338,54000000,1
1756260360000,1756260419000,1.3834,1.38349,1.3834,1.38343,62550000,1
1756260420000,1756260479000,1.38342,1.38345,1.38341,1.38345,44550000,1
1756260480000,1756260539000,1.38346,1.38346,1.38342,1.38343,42300000,1
1756260540000,1756260599000,1.38341,1.38346,1.38337,1.38344,48600000,1
1756260600000,1756260659000,1.38345,1.38358,1.38345,1.38351,47550000,1
1756260660000,1756260719000,1.38349,1.38352,1.38347,1.38348,26250000,1
1756260720000,1756260779000,1.38346,1.38347,1.38345,1.38346,21900000,1
1756260780000,1756260839000,1.38347,1.38354,1.38347,1.3835,41700000,1
1756260840000,1756260899000,1.3835,1.38358,1.3835,1.38357,54000000,1
1756260900000,1756260959000,1.38357,1.38357,1.38351,1.38351,46500000,1
1756260960000,1756261019000,1.38352,1.38352,1.38346,1.3835,50100000,1
1756261020000,1756261079000,1.38351,1.38357,1.38349,1.38349,23400000,1
1756261080000,1756261139000,1.3835,1.38354,1.3835,1.38353,38400000,1
1756261140000,1756261199000,1.38353,1.38355,1.38351,1.38355,22950000,1
1756261200000,1756261259000,1.38352,1.38357,1.38352,1.38357,15450000,1
1756261260000,1756261319000,1.38357,1.38365,1.38356,1.38365,22200000,1
1756261320000,1756261379000,1.38364,1.38365,1.38363,1.38363,27300000,1
1756261380000,1756261439000,1.38363,1.38365,1.38362,1.38365,51000000,1
1756261440000,1756261499000,1.38365,1.3837,1.38359,1.3837,42150000,1
1756261500000,1756261559000,1.38367,1.38373,1.38367,1.38371,51900000,1
1756261560000,1756261619000,1.38369,1.38378,1.38369,1.38378,59550000,1
1756261620000,1756261679000,1.38378,1.38383,1.38377,1.38382,119100000,1
1756261680000,1756261739000,1.38382,1.38383,1.38379,1.3838,66450000,1
1756261740000,1756261799000,1.3838,1.38386,1.38379,1.38381,92850000,1
1756261800000,1756261859000,1.38383,1.38391,1.38382,1.38389,75000000,1
1756261860000,1756261919000,1.3839,1.38391,1.38381,1.38387,117750000,1
1756261920000,1756261979000,1.38387,1.38389,1.38387,1.38388,20400000,1
1756261980000,1756262039000,1.38388,1.38393,1.38386,1.38388,71850000,1
1756262040000,1756262099000,1.38389,1.38391,1.38387,1.38391,14100000,1
1756262100000,1756262159000,1.38392,1.38396,1.38387,1.38396,84750000,1
1756262160000,1756262219000,1.38395,1.38407,1.38395,1.38397,108600000,1
1756262220000,1756262279000,1.38395,1.38397,1.38387,1.38387,73800000,1
1756262280000,1756262339000,1.38388,1.38389,1.38374,1.3838,84600000,1
1756262340000,1756262399000,1.38377,1.38384,1.38377,1.38379,32700000,1
1756262400000,1756262459000,1.38378,1.38387,1.38377,1.38386,43800000,1
1756262460000,1756262519000,1.38385,1.3839,1.38385,1.38388,37800000,1
1756262520000,1756262579000,1.38387,1.38394,1.38386,1.38392,55800000,1
1756262580000,1756262639000,1.38394,1.38396,1.38389,1.3839,66900000,1
1756262640000,1756262699000,1.3839,1.38391,1.38388,1.3839,21000000,1
1756262700000,1756262759000,1.3839,1.3839,1.38384,1.38385,66300000,1
1756262760000,1756262819000,1.38386,1.38387,1.38383,1.38386,27000000,1
1756262820000,1756262879000,1.38386,1.38387,1.38377,1.38377,88800000,1
1756262880000,1756262939000,1.38378,1.38381,1.38378,1.38378,44400000,1
1756262940000,1756262999000,1.3838,1.38382,1.38378,1.38378,35400000,1
1756263000000,1756263059000,1.38377,1.3838,1.38375,1.38376,61800000,1
1756263060000,1756263119000,1.38374,1.38375,1.38369,1.38369,73800000,1
1756263120000,1756263179000,1.38369,1.3838,1.38369,1.38377,69300000,1
1756263180000,1756263239000,1.38378,1.38382,1.38375,1.38377,54600000,1
1756263240000,1756263299000,1.38376,1.38381,1.38374,1.38375,72600000,1
1756263300000,1756263359000,1.38376,1.38376,1.38373,1.38373,60450000,1
1756263360000,1756263419000,1.38374,1.38379,1.38373,1.38377,35400000,1
1756263420000,1756263479000,1.38377,1.38383,1.38377,1.38379,27300000,1
1756263480000,1756263539000,1.38379,1.38381,1.38375,1.38376,42300000,1
1756263540000,1756263599000,1.38377,1.3838,1.38376,1.38377,46500000,1
1756263600000,1756263659000,1.38376,1.38379,1.38373,1.38378,60900000,1
1756263660000,1756263719000,1.38377,1.38379,1.38374,1.38374,87000000,1
1756263720000,1756263779000,1.38374,1.38376,1.38374,1.38375,23100000,1
1756263780000,1756263839000,1.38375,1.38376,1.38371,1.38374,64500000,1
1756263840000,1756263899000,1.38373,1.38378,1.38368,1.38376,67950000,1
1756263900000,1756263959000,1.38377,1.38381,1.38377,1.38377,27300000,1
1756263960000,1756264019000,1.38376,1.38379,1.38375,1.38377,29700000,1
1756264020000,1756264079000,1.38377,1.3838,1.38376,1.38379,33600000,1
1756264080000,1756264139000,1.38378,1.38379,1.38376,1.38377,23700000,1
1756264140000,1756264199000,1.38378,1.38381,1.38378,1.38379,11100000,1
1756264200000,1756264259000,1.38379,1.38381,1.38379,1.38379,29100000,1
1756264260000,1756264319000,1.3838,1.3838,1.38373,1.38376,48000000,1
1756264320000,1756264379000,1.38376,1.38378,1.38376,1.38376,16200000,1
1756264380000,1756264439000,1.38376,1.38379,1.38376,1.38377,16800000,1
1756264440000,1756264499000,1.38378,1.38383,1.38378,1.38378,32400000,1
1756264500000,1756264559000,1.38379,1.38385,1.38375,1.38385,51600000,1
1756264560000,1756264619000,1.38385,1.38386,1.38385,1.38385,12750000,1
1756264620000,1756264679000,1.38385,1.38392,1.38385,1.38391,38400000,1
1756264680000,1756264739000,1.38392,1.38392,1.38384,1.38384,48600000,1
1756264740000,1756264799000,1.38384,1.38384,1.38377,1.38379,42600000,1
1756264800000,1756264859000,1.38381,1.38383,1.38375,1.38376,47100000,1
1756264860000,1756264919000,1.38377,1.38379,1.38374,1.38378,54600000,1
1756264920000,1756264979000,1.38376,1.38382,1.38375,1.3838,38700000,1
1756264980000,1756265039000,1.38381,1.38401,1.3838,1.38395,85950000,1
1756265040000,1756265099000,1.38395,1.38397,1.38392,1.38395,43650000,1
1756265100000,1756265159000,1.38395,1.38398,1.38394,1.38394,23250000,1
1756265160000,1756265219000,1.38395,1.38407,1.38395,1.38407,58950000,1
1756265220000,1756265279000,1.38405,1.38406,1.38392,1.38396,41550000,1
1756265280000,1756265339000,1.38395,1.38396,1.38392,1.38395,26250000,1
1756265340000,1756265399000,1.38395,1.38395,1.38388,1.38389,37800000,1
1756265400000,1756265459000,1.3839,1.38398,1.38387,1.38398,60000000,1
1756265460000,1756265519000,1.38397,1.38397,1.38392,1.38392,39900000,1
1756265520000,1756265579000,1.38392,1.38392,1.38383,1.38383,24900000,1
1756265580000,1756265639000,1.38382,1.3839,1.38382,1.38389,47850000,1
1756265640000,1756265699000,1.38389,1.38391,1.38377,1.38379,69900000,1
1756265700000,1756265759000,1.38379,1.38382,1.38377,1.38378,36000000,1
1756265760000,1756265819000,1.38378,1.38381,1.38376,1.38379,56100000,1
1756265820000,1756265879000,1.3838,1.38381,1.38375,1.38379,31800000,1
1756265880000,1756265939000,1.38379,1.38381,1.38378,1.38378,23700000,1
1756265940000,1756265999000,1.38378,1.38381,1.38376,1.38377,17400000,1
1756266000000,1756266059000,1.38377,1.38381,1.38377,1.3838,18000000,1
1756266060000,1756266119000,1.3838,1.38382,1.3838,1.38382,15600000,1
1756266120000,1756266179000,1.38381,1.38392,1.38381,1.3839,32250000,1
1756266180000,1756266239000,1.38389,1.38391,1.38387,1.38389,24600000,1
1756266240000,1756266299000,1.38388,1.38389,1.3838,1.38384,56100000,1
1756266300000,1756266359000,1.38386,1.38388,1.38384,1.38387,25200000,1
1756266360000,1756266419000,1.38385,1.38388,1.38384,1.38386,30000000,1
1756266420000,1756266479000,1.38385,1.38393,1.38384,1.38389,36450000,1
1756266480000,1756266539000,1.3839,1.38391,1.38385,1.38386,47700000,1
1756266540000,1756266599000,1.38385,1.38392,1.38384,1.38389,38100000,1
1756266600000,1756266659000,1.38389,1.38392,1.38387,1.3839,43200000,1
1756266660000,1756266719000,1.38389,1.38392,1.38386,1.38391,25800000,1
1756266720000,1756266779000,1.3839,1.38395,1.38387,1.3839,32400000,1
1756266780000,1756266839000,1.38393,1.38394,1.38389,1.38394,19500000,1
1756266840000,1756266899000,1.38393,1.38405,1.38393,1.38397,61950000,1
1756266900000,1756266959000,1.384,1.384,1.38395,1.38395,38700000,1
1756266960000,1756267019000,1.38395,1.384,1.38395,1.38399,35400000,1
1756267020000,1756267079000,1.38398,1.38401,1.38397,1.38399,47400000,1
1756267080000,1756267139000,1.38397,1.38398,1.38393,1.38395,33000000,1
1756267140000,1756267199000,1.38394,1.38401,1.38394,1.38398,32100000,1
1756267200000,1756267259000,1.38399,1.38402,1.38395,1.38399,51450000,1
1756267260000,1756267319000,1.38399,1.3841,1.38399,1.38404,63150000,1
1756267320000,1756267379000,1.38402,1.38411,1.384,1.3841,52800000,1
1756267380000,1756267439000,1.38412,1.38415,1.38408,1.3841,62100000,1
1756267440000,1756267499000,1.3841,1.3842,1.38409,1.38418,83850000,1
1756267500000,1756267559000,1.3842,1.3842,1.38407,1.38409,31800000,1
1756267560000,1756267619000,1.38409,1.3841,1.38405,1.38408,39150000,1
1756267620000,1756267679000,1.38407,1.38416,1.38406,1.38416,70950000,1
1756267680000,1756267739000,1.38414,1.38419,1.38414,1.38418,36900000,1
1756267740000,1756267799000,1.38417,1.38419,1.38412,1.38415,28650000,1
1756267800000,1756267859000,1.38414,1.38415,1.3841,1.38411,43350000,1
1756267860000,1756267919000,1.3841,1.38412,1.38408,1.38411,79950000,1
1756267920000,1756267979000,1.3841,1.38411,1.38407,1.38408,104850000,1
1756267980000,1756268039000,1.38408,1.38412,1.38407,1.38412,78300000,1
1756268040000,1756268099000,1.38411,1.38411,1.384,1.384,88950000,1
1756268100000,1756268159000,1.38401,1.38405,1.384,1.38401,88950000,1
1756268160000,1756268219000,1.38402,1.38405,1.384,1.38405,42600000,1
1756268220000,1756268279000,1.38403,1.38407,1.384,1.38407,53250000,1
1756268280000,1756268339000,1.38407,1.38411,1.38407,1.3841,29700000,1
1756268340000,1756268399000,1.38409,1.38416,1.38409,1.38412,40200000,1
1756268400000,1756268459000,1.38413,1.38423,1.38413,1.38421,72600000,1
1756268460000,1756268519000,1.3842,1.3843,1.3842,1.3843,81900000,1
1756268520000,1756268579000,1.38428,1.38432,1.38426,1.38431,76350000,1
1756268580000,1756268639000,1.38432,1.38432,1.3843,1.38431,19800000,1
1756268640000,1756268699000,1.38429,1.38433,1.38428,1.38429,25800000,1
1756268700000,1756268759000,1.38428,1.38428,1.38419,1.38424,43500000,1
1756268760000,1756268819000,1.38423,1.38425,1.38421,1.38421,38250000,1
1756268820000,1756268879000,1.38422,1.38425,1.38421,1.38422,42600000,1
1756268880000,1756268939000,1.38422,1.38423,1.38413,1.38413,36750000,1
1756268940000,1756268999000,1.38413,1.38416,1.38413,1.38414,20700000,1
1756269000000,1756269059000,1.38413,1.38415,1.38409,1.38412,46800000,1
1756269060000,1756269119000,1.38411,1.38421,1.38411,1.38421,35400000,1
1756269120000,1756269179000,1.3842,1.38424,1.38416,1.38418,51000000,1
1756269180000,1756269239000,1.3842,1.3842,1.38416,1.38418,15600000,1
1756269240000,1756269299000,1.38417,1.38418,1.38416,1.38417,21000000,1
1756269300000,1756269359000,1.38416,1.38425,1.38416,1.3842,20850000,1
1756269360000,1756269419000,1.38418,1.38419,1.38413,1.38415,15900000,1
1756269420000,1756269479000,1.38416,1.3842,1.38415,1.38416,18000000,1
1756269480000,1756269539000,1.38415,1.38419,1.38415,1.38417,20100000,1
1756269540000,1756269599000,1.38415,1.38422,1.38415,1.38421,24150000,1
1756269600000,1756269659000,1.3842,1.38421,1.38419,1.3842,11700000,1
1756269660000,1756269719000,1.38419,1.3843,1.38418,1.3843,25200000,1
1756269720000,1756269779000,1.38426,1.38434,1.38421,1.3843,92400000,1
1756269780000,1756269839000,1.3843,1.38432,1.38429,1.3843,35550000,1
1756269840000,1756269899000,1.38429,1.38431,1.38429,1.3843,7200000,1
1756269900000,1756269959000,1.38431,1.38431,1.3843,1.3843,5850000,1
1756269960000,1756270019000,1.3843,1.38431,1.3843,1.3843,15600000,1
1756270020000,1756270079000,1.3843,1.38432,1.38429,1.3843,19200000,1
1756270080000,1756270139000,1.38431,1.38431,1.3843,1.3843,2400000,1
1756270140000,1756270199000,1.38429,1.3843,1.38429,1.3843,3450000,1
1756270200000,1756270259000,1.38429,1.38429,1.38429,1.38429,2400000,1
1756270260000,1756270319000,1.38431,1.38431,1.38429,1.38429,18450000,1
1756270320000,1756270379000,1.3843,1.38431,1.38425,1.38426,42000000,1
1756270380000,1756270439000,1.38428,1.38429,1.38422,1.38422,48300000,1
1756270440000,1756270499000,1.38422,1.38426,1.38422,1.38426,19650000,1
1756270500000,1756270559000,1.38426,1.3843,1.38421,1.38421,30900000,1
1756270560000,1756270619000,1.38422,1.38427,1.38422,1.38426,21600000,1
1756270620000,1756270679000,1.38425,1.3843,1.38423,1.38426,46200000,1
1756270680000,1756270739000,1.38427,1.38433,1.38426,1.38432,24000000,1
1756270740000,1756270799000,1.38431,1.38431,1.38425,1.38426,30900000,1
1756270800000,1756270859000,1.38426,1.38429,1.38424,1.38429,40500000,1
1756270860000,1756270919000,1.38429,1.38432,1.38429,1.3843,14250000,1
1756270920000,1756270979000,1.3843,1.38436,1.3843,1.38432,49050000,1
1756270980000,1756271039000,1.38432,1.38436,1.3843,1.38432,63900000,1
1756271040000,1756271099000,1.38432,1.38434,1.38432,1.38433,12000000,1
1756271100000,1756271159000,1.38434,1.38435,1.38431,1.38434,19200000,1
1756271160000,1756271219000,1.38434,1.38435,1.38431,1.38431,34800000,1
1756271220000,1756271279000,1.38433,1.38434,1.3843,1.38431,49050000,1
1756271280000,1756271339000,1.38432,1.3844,1.38431,1.38435,37050000,1
1756271340000,1756271399000,1.38436,1.38448,1.38436,1.38446,53700000,1
1756271400000,1756271459000,1.38444,1.38445,1.38439,1.38441,24000000,1
1756271460000,1756271519000,1.38441,1.38443,1.38432,1.38443,16800000,1
1756271520000,1756271579000,1.38442,1.38445,1.38441,1.38444,29400000,1
1756271580000,1756271639000,1.38443,1.38444,1.38441,1.38443,21600000,1
1756271640000,1756271699000,1.38443,1.38444,1.38433,1.38435,37500000,1
1756271700000,1756271759000,1.38435,1.38435,1.38433,1.38433,7200000,1
1756271760000,1756271819000,1.38432,1.38433,1.3843,1.38433,16200000,1
1756271820000,1756271879000,1.38434,1.38434,1.38429,1.3843,24300000,1
1756271880000,1756271939000,1.38429,1.38433,1.38429,1.38432,28350000,1
1756271940000,1756271999000,1.38431,1.38433,1.38429,1.3843,15000000,1
1756272000000,1756272059000,1.38429,1.38431,1.38422,1.38424,22800000,1
1756272060000,1756272119000,1.38423,1.38425,1.38422,1.38422,20400000,1
1756272120000,1756272179000,1.38423,1.38425,1.38422,1.38425,16800000,1
1756272180000,1756272239000,1.38425,1.38432,1.38423,1.38431,38250000,1
1756272240000,1756272299000,1.38431,1.38433,1.38429,1.3843,25950000,1
1756272300000,1756272359000,1.3843,1.38431,1.38429,1.38429,29700000,1
1756272360000,1756272419000,1.38429,1.38433,1.38428,1.38429,33600000,1
1756272420000,1756272479000,1.38428,1.3843,1.38419,1.38419,40350000,1
1756272480000,1756272539000,1.38419,1.38423,1.38419,1.3842,42300000,1
1756272540000,1756272599000,1.38421,1.38424,1.38421,1.38421,16800000,1
1756272600000,1756272659000,1.38422,1.38428,1.38419,1.38422,55200000,1
1756272660000,1756272719000,1.38422,1.38422,1.3842,1.3842,25200000,1
1756272720000,1756272779000,1.38421,1.38422,1.38419,1.38422,29700000,1
1756272780000,1756272839000,1.38421,1.38422,1.3842,1.38421,21600000,1
1756272840000,1756272899000,1.38421,1.38421,1.38412,1.38413,34350000,1
1756272900000,1756272959000,1.38412,1.38412,1.38404,1.38405,57300000,1
1756272960000,1756273019000,1.38406,1.38409,1.38404,1.38408,38100000,1
1756273020000,1756273079000,1.38407,1.38407,1.38402,1.38405,30000000,1
1756273080000,1756273139000,1.38404,1.38415,1.384,1.38414,53250000,1
1756273140000,1756273199000,1.38412,1.38414,1.38411,1.38413,31050000,1
1756273200000,1756273259000,1.38413,1.38421,1.38413,1.38419,33150000,1
1756273260000,1756273319000,1.3842,1.38421,1.38419,1.38419,8550000,1
1756273320000,1756273379000,1.38419,1.38419,1.3841,1.38411,34350000,1
1756273380000,1756273439000,1.38411,1.38413,1.38409,1.38411,44100000,1
1756273440000,1756273499000,1.38408,1.38412,1.38405,1.38408,49500000,1
1756273500000,1756273559000,1.38407,1.38412,1.38407,1.38409,43350000,1
1756273560000,1756273619000,1.3841,1.38413,1.38409,1.38413,23550000,1
1756273620000,1756273679000,1.38413,1.38414,1.3841,1.3841,13200000,1
1756273680000,1756273739000,1.38409,1.38413,1.38409,1.38412,18150000,1
1756273740000,1756273799000,1.38413,1.38413,1.38399,1.38399,30000000,1
1756273800000,1756273859000,1.384,1.38402,1.38394,1.38397,27000000,1
1756273860000,1756273919000,1.38399,1.38399,1.38386,1.38388,50100000,1
1756273920000,1756273979000,1.38389,1.38394,1.38389,1.38393,25350000,1
1756273980000,1756274039000,1.38392,1.38404,1.38392,1.38404,32400000,1
1756274040000,1756274099000,1.38401,1.38407,1.384,1.38402,64200000,1
1756274100000,1756274159000,1.38401,1.38404,1.38396,1.38402,44850000,1
1756274160000,1756274219000,1.38399,1.38403,1.38398,1.38402,49050000,1
1756274220000,1756274279000,1.38401,1.38403,1.384,1.38403,72000000,1
1756274280000,1756274339000,1.38401,1.38405,1.384,1.38404,79200000,1
1756274340000,1756274399000,1.38402,1.38405,1.38401,1.38403,66450000,1
1756274400000,1756274459000,1.38404,1.38404,1.38401,1.38402,47100000,1
1756274460000,1756274519000,1.38403,1.38405,1.384,1.38401,111900000,1
1756274520000,1756274579000,1.38401,1.38409,1.38401,1.38402,99150000,1
1756274580000,1756274639000,1.38402,1.38405,1.384,1.38402,49050000,1
1756274640000,1756274699000,1.38402,1.38403,1.38393,1.38394,59700000,1
1756274700000,1756274759000,1.38393,1.38395,1.38379,1.38383,102600000,1
1756274760000,1756274819000,1.38384,1.38397,1.38384,1.38395,32700000,1
1756274820000,1756274879000,1.38395,1.38407,1.38395,1.384,49200000,1
1756274880000,1756274939000,1.38399,1.38399,1.38391,1.38396,84600000,1
1756274940000,1756274999000,1.38394,1.38394,1.38384,1.38385,55500000,1
1756275000000,1756275059000,1.38386,1.38386,1.38374,1.38384,98700000,1
1756275060000,1756275119000,1.38388,1.38394,1.38383,1.38393,64800000,1
1756275120000,1756275179000,1.38392,1.38392,1.38385,1.38387,113550000,1
1756275180000,1756275239000,1.38385,1.38385,1.38382,1.38383,57900000,1
1756275240000,1756275299000,1.38383,1.38386,1.38376,1.38377,57900000,1
1756275300000,1756275359000,1.38375,1.38376,1.38367,1.38367,106500000,1
1756275360000,1756275419000,1.38367,1.38373,1.38367,1.38372,45150000,1
1756275420000,1756275479000,1.38373,1.38375,1.38372,1.38372,27450000,1
1756275480000,1756275539000,1.38373,1.38374,1.38371,1.38373,29100000,1
1756275540000,1756275599000,1.38373,1.38386,1.38372,1.38385,37050000,1
1756275600000,1756275659000,1.38385,1.38391,1.38382,1.38385,28050000,1
1756275660000,1756275719000,1.38383,1.38385,1.38382,1.38383,25350000,1
1756275720000,1756275779000,1.38386,1.38403,1.38385,1.38396,54600000,1
1756275780000,1756275839000,1.38396,1.38397,1.38394,1.38396,57900000,1
1756275840000,1756275899000,1.38395,1.38396,1.38391,1.38394,72900000,1
1756275900000,1756275959000,1.38396,1.38405,1.38392,1.38401,69600000,1
1756275960000,1756276019000,1.38399,1.38403,1.38392,1.38393,77850000,1
1756276020000,1756276079000,1.38393,1.38396,1.38393,1.38394,23550000,1
1756276080000,1756276139000,1.38395,1.38396,1.38391,1.38391,62400000,1
1756276140000,1756276199000,1.38392,1.38397,1.3839,1.38397,73800000,1
1756276200000,1756276259000,1.38398,1.38403,1.38394,1.38395,108150000,1
1756276260000,1756276319000,1.38402,1.38402,1.38389,1.38389,69000000,1
1756276320000,1756276379000,1.38389,1.3839,1.38385,1.38387,62550000,1
1756276380000,1756276439000,1.38386,1.38393,1.38384,1.38384,27150000,1
1756276440000,1756276499000,1.38385,1.38394,1.38385,1.38392,87450000,1
1756276500000,1756276559000,1.38391,1.38402,1.38391,1.38399,64500000,1
1756276560000,1756276619000,1.38398,1.38403,1.38395,1.38399,44400000,1
1756276620000,1756276679000,1.38397,1.38401,1.38392,1.38392,38550000,1
1756276680000,1756276739000,1.38391,1.38391,1.38362,1.38363,64950000,1
1756276740000,1756276799000,1.38363,1.38364,1.38362,1.38363,30900000,1
1756276800000,1756276859000,1.38363,1.3837,1.38363,1.38369,89550000,1
1756276860000,1756276919000,1.38368,1.38369,1.38362,1.38366,54450000,1
1756276920000,1756276979000,1.38365,1.38365,1.3836,1.3836,52800000,1
1756276980000,1756277039000,1.38361,1.38363,1.38345,1.38346,103800000,1
1756277040000,1756277099000,1.38347,1.38348,1.38334,1.38342,67350000,1
1756277100000,1756277159000,1.38343,1.38364,1.38343,1.38364,100350000,1
1756277160000,1756277219000,1.3837,1.38373,1.38363,1.38365,38400000,1
1756277220000,1756277279000,1.38364,1.38365,1.38362,1.38363,103050000,1
1756277280000,1756277339000,1.38362,1.38362,1.38353,1.38354,104850000,1
1756277340000,1756277399000,1.38354,1.38354,1.38353,1.38353,34650000,1
1756277400000,1756277459000,1.38353,1.38355,1.38352,1.38354,46350000,1
1756277460000,1756277519000,1.38362,1.38364,1.38362,1.38363,14700000,1
1756277520000,1756277579000,1.38364,1.38374,1.38364,1.38371,44550000,1
1756277580000,1756277639000,1.38373,1.38375,1.38371,1.38374,34650000,1
1756277640000,1756277699000,1.38375,1.38383,1.38374,1.3838,62550000,1
1756277700000,1756277759000,1.38382,1.384,1.38382,1.38391,82950000,1
1756277760000,1756277819000,1.3839,1.38392,1.38383,1.38385,75600000,1
1756277820000,1756277879000,1.38387,1.38388,1.38374,1.38375,51000000,1
1756277880000,1756277939000,1.3838,1.38387,1.38376,1.38378,126150000,1
1756277940000,1756277999000,1.38378,1.38381,1.38372,1.38374,63600000,1
1756278000000,1756278059000,1.38375,1.38391,1.38369,1.3839,159600000,1
1756278060000,1756278119000,1.38389,1.38415,1.38389,1.38413,64950000,1
1756278120000,1756278179000,1.38413,1.38416,1.38404,1.38405,55200000,1
1756278180000,1756278239000,1.38405,1.38415,1.38405,1.38412,58050000,1
1756278240000,1756278299000,1.38413,1.38422,1.38412,1.38421,55200000,1
1756278300000,1756278359000,1.38422,1.38426,1.3842,1.38423,99000000,1
1756278360000,1756278419000,1.38422,1.38425,1.38421,1.38422,92250000,1
1756278420000,1756278479000,1.38421,1.38423,1.38413,1.38415,84900000,1
1756278480000,1756278539000,1.38417,1.38425,1.38417,1.38423,79950000,1
1756278540000,1756278599000,1.38423,1.38425,1.38421,1.38422,35100000,1
1756278600000,1756278659000,1.38422,1.38431,1.38421,1.3843,51450000,1
1756278660000,1756278719000,1.38429,1.38442,1.38429,1.38442,48450000,1
1756278720000,1756278779000,1.38441,1.38445,1.38439,1.3844,90150000,1
1756278780000,1756278839000,1.3844,1.38451,1.3844,1.38451,45300000,1
1756278840000,1756278899000,1.38451,1.38472,1.3845,1.38472,92700000,1
1756278900000,1756278959000,1.38471,1.38475,1.38469,1.38473,108150000,1
1756278960000,1756279019000,1.38472,1.38472,1.38452,1.38454,92550000,1
1756279020000,1756279079000,1.38455,1.38456,1.38449,1.38451,137100000,1
1756279080000,1756279139000,1.38452,1.38453,1.38448,1.38449,175050000,1
1756279140000,1756279199000,1.38449,1.38461,1.38449,1.38458,67950000,1
1756279200000,1756279259000,1.38457,1.38459,1.38441,1.38447,125400000,1
1756279260000,1756279319000,1.38446,1.38451,1.38442,1.38449,198450000,1
1756279320000,1756279379000,1.38449,1.38452,1.38447,1.38447,247650000,1
1756279380000,1756279439000,1.38447,1.38458,1.38447,1.38457,67200000,1
1756279440000,1756279499000,1.38459,1.38465,1.38455,1.38462,72000000,1
1756279500000,1756279559000,1.3846,1.38461,1.38458,1.38459,17850000,1
1756279560000,1756279619000,1.3846,1.38464,1.38457,1.3846,85350000,1
1756279620000,1756279679000,1.3846,1.38469,1.3846,1.38469,74850000,1
1756279680000,1756279739000,1.38468,1.38479,1.38468,1.38477,123900000,1
1756279740000,1756279799000,1.38477,1.385,1.38477,1.38499,93450000,1
1756279800000,1756279859000,1.385,1.38509,1.38491,1.38507,168590000,1
1756279860000,1756279919000,1.38507,1.38518,1.38507,1.38509,79050000,1
1756279920000,1756279979000,1.38509,1.3851,1.38498,1.385,63900000,1
1756279980000,1756280039000,1.385,1.38509,1.38496,1.38508,137400000,1
1756280040000,1756280099000,1.38508,1.38518,1.38508,1.38518,166800000,1
1756280100000,1756280159000,1.38518,1.3852,1.38514,1.38516,232800000,1
1756280160000,1756280219000,1.38515,1.38537,1.38515,1.38531,212700000,1
1756280220000,1756280279000,1.3853,1.38535,1.38525,1.38525,134250000,1
1756280280000,1756280339000,1.38525,1.38528,1.38512,1.38512,98850000,1
1756280340000,1756280399000,1.38512,1.3852,1.38512,1.38517,79500000,1
1756280400000,1756280459000,1.38517,1.38519,1.38509,1.38517,114600000,1
1756280460000,1756280519000,1.38517,1.3852,1.38509,1.38509,65250000,1
1756280520000,1756280579000,1.38509,1.38526,1.38509,1.38526,76650000,1
1756280580000,1756280639000,1.38524,1.38528,1.38517,1.38517,80100000,1
1756280640000,1756280699000,1.38518,1.38519,1.38509,1.38511,64800000,1
1756280700000,1756280759000,1.38512,1.38516,1.38505,1.38505,90750000,1
1756280760000,1756280819000,1.38506,1.38508,1.38501,1.38507,131400000,1
1756280820000,1756280879000,1.38507,1.38509,1.38497,1.38509,200550000,1
1756280880000,1756280939000,1.3851,1.38515,1.38503,1.38506,209100000,1
1756280940000,1756280999000,1.38504,1.3851,1.38499,1.385,145650000,1
1756281000000,1756281059000,1.38503,1.38515,1.38502,1.38513,117450000,1
1756281060000,1756281119000,1.38512,1.38512,1.385,1.38504,253200000,1
1756281120000,1756281179000,1.38504,1.38504,1.38473,1.38478,151550000,1
1756281180000,1756281239000,1.38479,1.38487,1.38467,1.38467,165450000,1
1756281240000,1756281299000,1.38468,1.38473,1.38465,1.38467,118350000,1
1756281300000,1756281359000,1.38469,1.38474,1.38466,1.3847,154950000,1
1756281360000,1756281419000,1.38469,1.38477,1.38469,1.38469,176400000,1
1756281420000,1756281479000,1.38469,1.38469,1.38456,1.38458,127200000,1
1756281480000,1756281539000,1.38459,1.38461,1.38456,1.38457,102720000,1
1756281540000,1756281599000,1.38458,1.3846,1.38453,1.38458,114750000,1
1756281600000,1756281659000,1.38459,1.38468,1.38457,1.38468,246450000,1
1756281660000,1756281719000,1.38467,1.38468,1.38458,1.38465,115950000,1
1756281720000,1756281779000,1.38466,1.38469,1.38463,1.38468,141000000,1
1756281780000,1756281839000,1.38468,1.3847,1.38468,1.38469,46500000,1
1756281840000,1756281899000,1.38468,1.38489,1.38468,1.38477,238800000,1
1756281900000,1756281959000,1.38477,1.38487,1.38477,1.38486,148200000,1
1756281960000,1756282019000,1.38485,1.38491,1.38481,1.38488,108600000,1
1756282020000,1756282079000,1.38487,1.38489,1.38479,1.38479,144150000,1
1756282080000,1756282139000,1.38478,1.38496,1.38477,1.38496,112800000,1
1756282140000,1756282199000,1.38499,1.38509,1.38497,1.38503,89850000,1
1756282200000,1756282259000,1.38503,1.38517,1.38501,1.38511,138150000,1
1756282260000,1756282319000,1.38513,1.38517,1.38509,1.3851,65100000,1
1756282320000,1756282379000,1.3851,1.38517,1.38508,1.38516,63300000,1
1756282380000,1756282439000,1.38516,1.38532,1.38516,1.38526,134400000,1
1756282440000,1756282499000,1.38526,1.38531,1.38518,1.38519,141600000,1
1756282500000,1756282559000,1.38519,1.38525,1.38516,1.38518,125250000,1
1756282560000,1756282619000,1.38518,1.38528,1.38515,1.38525,189150000,1
1756282620000,1756282679000,1.38525,1.38527,1.38512,1.38512,209100000,1
1756282680000,1756282739000,1.38513,1.38525,1.38512,1.38516,133200000,1
1756282740000,1756282799000,1.38516,1.38517,1.38506,1.38507,176850000,1
1756282800000,1756282859000,1.38507,1.38519,1.38507,1.38513,78750000,1
1756282860000,1756282919000,1.38513,1.38517,1.38508,1.38508,90300000,1
1756282920000,1756282979000,1.38507,1.38517,1.38507,1.38517,30300000,1
1756282980000,1756283039000,1.38518,1.3852,1.38516,1.38518,42450000,1
1756283040000,1756283099000,1.38516,1.38526,1.38516,1.38517,129300000,1
1756283100000,1756283159000,1.38517,1.38519,1.38515,1.38516,27750000,1
1756283160000,1756283219000,1.38516,1.38525,1.38516,1.3852,57150000,1
1756283220000,1756283279000,1.38519,1.3852,1.38515,1.38516,84900000,1
1756283280000,1756283339000,1.38516,1.38517,1.38516,1.38516,17700000,1
1756283340000,1756283399000,1.38517,1.3853,1.38517,1.38529,185700000,1
1756283400000,1756283459000,1.38528,1.38538,1.38526,1.38537,193350000,1
1756283460000,1756283519000,1.38537,1.3856,1.38532,1.38556,130800000,1
1756283520000,1756283579000,1.38556,1.38562,1.38547,1.38548,136050000,1
1756283580000,1756283639000,1.38547,1.38551,1.38544,1.38545,154050000,1
1756283640000,1756283699000,1.38546,1.38565,1.38546,1.38563,176100000,1
1756283700000,1756283759000,1.38564,1.38566,1.38562,1.38563,116850000,1
1756283760000,1756283819000,1.38563,1.38563,1.38547,1.3855,155400000,1
1756283820000,1756283879000,1.38551,1.38562,1.3855,1.38554,185850000,1
1756283880000,1756283939000,1.38554,1.38562,1.38554,1.38561,73500000,1
1756283940000,1756283999000,1.38561,1.38564,1.38543,1.38546,88650000,1
1756284000000,1756284059000,1.38547,1.38549,1.38542,1.38548,96150000,1
1756284060000,1756284119000,1.38549,1.38549,1.38544,1.38544,37500000,1
1756284120000,1756284179000,1.38546,1.38549,1.38542,1.38542,38100000,1
1756284180000,1756284239000,1.3854,1.38542,1.38536,1.38542,40950000,1
1756284240000,1756284299000,1.38541,1.38543,1.38539,1.38542,177600000,1
1756284300000,1756284359000,1.38542,1.38543,1.38524,1.38529,225000000,1
1756284360000,1756284419000,1.38529,1.38533,1.3852,1.38528,162150000,1
1756284420000,1756284479000,1.38528,1.38534,1.38526,1.38529,176100000,1
1756284480000,1756284539000,1.38529,1.38533,1.38526,1.38527,145050000,1
1756284540000,1756284599000,1.38526,1.38527,1.3852,1.3852,115800000,1
1756284600000,1756284659000,1.3852,1.3852,1.38513,1.38513,109650000,1
1756284660000,1756284719000,1.38512,1.38517,1.38508,1.38517,107250000,1
1756284720000,1756284779000,1.38517,1.38526,1.38517,1.38521,43350000,1
1756284780000,1756284839000,1.3852,1.38523,1.38519,1.38522,55200000,1
1756284840000,1756284899000,1.3852,1.38521,1.38505,1.38507,172350000,1
1756284900000,1756284959000,1.38506,1.38517,1.38506,1.38514,118950000,1
1756284960000,1756285019000,1.38514,1.38521,1.38513,1.38518,80400000,1
1756285020000,1756285079000,1.38517,1.38519,1.3851,1.38511,195000000,1
1756285080000,1756285139000,1.3851,1.38515,1.38489,1.38489,171600000,1
1756285140000,1756285199000,1.38491,1.38493,1.38478,1.38479,164250000,1
1756285200000,1756285259000,1.38479,1.38498,1.38476,1.38489,121350000,1
1756285260000,1756285319000,1.38489,1.38502,1.38486,1.38501,170400000,1
1756285320000,1756285379000,1.38499,1.38501,1.38481,1.38484,206400000,1
1756285380000,1756285439000,1.38486,1.38497,1.38484,1.38496,138150000,1
1756285440000,1756285499000,1.38497,1.38507,1.38496,1.38501,95250000,1
1756285500000,1756285559000,1.38501,1.38507,1.38498,1.38502,73500000,1
1756285560000,1756285619000,1.38502,1.38516,1.385,1.38514,72450000,1
1756285620000,1756285679000,1.38515,1.38525,1.38512,1.38522,73950000,1
1756285680000,1756285739000,1.38522,1.38522,1.38513,1.38513,72150000,1
1756285740000,1756285799000,1.38516,1.38517,1.38501,1.38501,67950000,1
1756285800000,1756285859000,1.385,1.38502,1.38495,1.38498,95550000,1
1756285860000,1756285919000,1.38498,1.38498,1.38492,1.38492,104250000,1
1756285920000,1756285979000,1.38491,1.38496,1.3849,1.38492,116700000,1
1756285980000,1756286039000,1.38493,1.385,1.38492,1.38494,107700000,1
1756286040000,1756286099000,1.38493,1.38494,1.38483,1.38486,150450000,1
1756286100000,1756286159000,1.38486,1.3849,1.38486,1.38488,76800000,1
1756286160000,1756286219000,1.38487,1.3849,1.38484,1.38484,79650000,1
1756286220000,1756286279000,1.38485,1.38501,1.38484,1.38498,65250000,1
1756286280000,1756286339000,1.38498,1.38499,1.38492,1.38492,76650000,1
1756286340000,1756286399000,1.38493,1.38494,1.38488,1.38488,109500000,1
1756286400000,1756286459000,1.38489,1.38491,1.38488,1.38491,74400000,1
1756286460000,1756286519000,1.38488,1.3849,1.38487,1.3849,65850000,1
1756286520000,1756286579000,1.38489,1.3849,1.38469,1.38469,49500000,1
1756286580000,1756286639000,1.38471,1.38479,1.38469,1.38474,55350000,1
1756286640000,1756286699000,1.38475,1.3848,1.38474,1.38478,54450000,1
1756286700000,1756286759000,1.38477,1.38482,1.38477,1.38479,91950000,1
1756286760000,1756286819000,1.38479,1.38485,1.38476,1.38483,75000000,1
1756286820000,1756286879000,1.38483,1.38487,1.3848,1.38485,98250000,1
1756286880000,1756286939000,1.38484,1.38486,1.38482,1.38483,50550000,1
1756286940000,1756286999000,1.38482,1.38483,1.38478,1.38479,71400000,1
1756287000000,1756287059000,1.38478,1.38487,1.38478,1.38487,46950000,1
1756287060000,1756287119000,1.38487,1.38491,1.38487,1.3849,30450000,1
1756287120000,1756287179000,1.38489,1.38489,1.38486,1.38488,32250000,1
1756287180000,1756287239000,1.38488,1.38489,1.38487,1.38488,45900000,1
1756287240000,1756287299000,1.38488,1.38489,1.38482,1.38482,50850000,1
1756287300000,1756287359000,1.38482,1.38497,1.38482,1.38496,37650000,1
1756287360000,1756287419000,1.38497,1.38501,1.38492,1.385,31950000,1
1756287420000,1756287479000,1.38501,1.3852,1.38501,1.38516,101550000,1
1756287480000,1756287539000,1.38516,1.38521,1.38516,1.3852,104700000,1
1756287540000,1756287599000,1.3852,1.38524,1.38519,1.38521,63900000,1
1756287600000,1756287659000,1.38521,1.38521,1.38512,1.38512,71850000,1
1756287660000,1756287719000,1.38516,1.38516,1.38512,1.38512,32100000,1
1756287720000,1756287779000,1.38512,1.38516,1.38512,1.38513,149700000,1
1756287780000,1756287839000,1.38514,1.3853,1.38501,1.38529,123000000,1
1756287840000,1756287899000,1.38529,1.38529,1.38517,1.38522,64200000,1
1756287900000,1756287959000,1.38521,1.38523,1.38519,1.3852,37500000,1
1756287960000,1756288019000,1.3852,1.3852,1.38513,1.38513,59100000,1
1756288020000,1756288079000,1.38515,1.38516,1.38511,1.38511,39150000,1
1756288080000,1756288139000,1.38511,1.38514,1.38511,1.38512,81900000,1
1756288140000,1756288199000,1.38511,1.38521,1.38505,1.3852,100350000,1
1756288200000,1756288259000,1.38519,1.38521,1.38514,1.38516,60000000,1
1756288260000,1756288319000,1.38517,1.38517,1.38512,1.38516,71100000,1
1756288320000,1756288379000,1.38517,1.38535,1.38517,1.38533,69750000,1
1756288380000,1756288439000,1.38533,1.38533,1.38518,1.38521,115050000,1
1756288440000,1756288499000,1.38522,1.38538,1.38521,1.38537,100350000,1
1756288500000,1756288559000,1.38537,1.38539,1.38534,1.38535,121350000,1
1756288560000,1756288619000,1.38535,1.38537,1.38529,1.38531,56550000,1
1756288620000,1756288679000,1.38531,1.38544,1.38531,1.38534,192000000,1
1756288680000,1756288739000,1.38534,1.38538,1.38534,1.38538,218250000,1
1756288740000,1756288799000,1.38537,1.38538,1.38529,1.38536,85950000,1
1756288800000,1756288859000,1.38535,1.3854,1.38528,1.38532,119850000,1
1756288860000,1756288919000,1.38534,1.38534,1.38521,1.38525,101250000,1
1756288920000,1756288979000,1.38525,1.38528,1.38516,1.38526,218850000,1
1756288980000,1756289039000,1.38527,1.38527,1.38516,1.38517,172500000,1
1756289040000,1756289099000,1.38519,1.3852,1.38516,1.38517,99750000,1
1756289100000,1756289159000,1.38518,1.38524,1.38516,1.38516,91350000,1
1756289160000,1756289219000,1.38515,1.38515,1.38508,1.38508,110100000,1
1756289220000,1756289279000,1.38509,1.3851,1.38507,1.38508,70950000,1
1756289280000,1756289339000,1.38507,1.38507,1.38477,1.38478,189000000,1
1756289340000,1756289399000,1.38478,1.38486,1.38478,1.38486,117600000,1
1756289400000,1756289459000,1.38486,1.38501,1.38485,1.38497,131250000,1
1756289460000,1756289519000,1.38496,1.38497,1.38488,1.3849,149100000,1
1756289520000,1756289579000,1.38489,1.38492,1.38487,1.38487,87750000,1
1756289580000,1756289639000,1.38489,1.38489,1.38482,1.38488,95700000,1
1756289640000,1756289699000,1.38488,1.38489,1.38479,1.38483,65250000,1
1756289700000,1756289759000,1.38485,1.38488,1.38485,1.38485,88350000,1
1756289760000,1756289819000,1.38486,1.38488,1.38481,1.38486,102150000,1
1756289820000,1756289879000,1.38486,1.38508,1.38486,1.38504,71850000,1
1756289880000,1756289939000,1.38505,1.38509,1.38504,1.38505,132000000,1
1756289940000,1756289999000,1.38506,1.38506,1.385,1.38503,66600000,1
1756290000000,1756290059000,1.38503,1.38505,1.38499,1.38502,67350000,1
1756290060000,1756290119000,1.38503,1.38504,1.38499,1.38502,77250000,1
1756290120000,1756290179000,1.38503,1.38504,1.385,1.38502,78900000,1
1756290180000,1756290239000,1.38503,1.38508,1.38491,1.38491,129000000,1
1756290240000,1756290299000,1.38492,1.38495,1.38491,1.38495,79350000,1
1756290300000,1756290359000,1.38493,1.38507,1.38493,1.38506,119700000,1
1756290360000,1756290419000,1.38506,1.38513,1.38497,1.38498,145950000,1
1756290420000,1756290479000,1.38499,1.38502,1.3849,1.38497,154950000,1
1756290480000,1756290539000,1.38498,1.38508,1.38496,1.38507,60000000,1
1756290540000,1756290599000,1.38507,1.38508,1.38501,1.38504,133050000,1
1756290600000,1756290659000,1.38504,1.38512,1.38504,1.38508,88050000,1
1756290660000,1756290719000,1.38508,1.38515,1.38503,1.3851,122850000,1
1756290720000,1756290779000,1.38509,1.38511,1.38497,1.38497,173700000,1
1756290780000,1756290839000,1.38496,1.38505,1.38494,1.38498,100950000,1
1756290840000,1756290899000,1.38499,1.38509,1.38493,1.38509,121350000,1
1756290900000,1756290959000,1.38509,1.3851,1.38505,1.3851,162750000,1
1756290960000,1756291019000,1.3851,1.38515,1.38509,1.38513,29700000,1
1756291020000,1756291079000,1.38512,1.38517,1.38506,1.38513,71400000,1
1756291080000,1756291139000,1.38513,1.38513,1.38492,1.38496,82050000,1
1756291140000,1756291199000,1.38495,1.385,1.38494,1.38497,30900000,1
1756291200000,1756291259000,1.38497,1.38497,1.38485,1.38485,79350000,1
1756291260000,1756291319000,1.38486,1.38488,1.38484,1.38485,27600000,1
1756291320000,1756291379000,1.38485,1.38488,1.38485,1.38488,17850000,1
1756291380000,1756291439000,1.38488,1.38491,1.38487,1.38489,29700000,1
1756291440000,1756291499000,1.38487,1.38498,1.38487,1.38498,70050000,1
1756291500000,1756291559000,1.38499,1.38502,1.38496,1.38498,72300000,1
1756291560000,1756291619000,1.38497,1.38498,1.38491,1.38491,13200000,1
1756291620000,1756291679000,1.3849,1.38491,1.38486,1.38491,30150000,1
1756291680000,1756291739000,1.38494,1.38495,1.38489,1.3849,43950000,1
1756291740000,1756291799000,1.38492,1.38497,1.38492,1.38496,40200000,1
1756291800000,1756291859000,1.38497,1.38504,1.38496,1.38499,59100000,1
1756291860000,1756291919000,1.38497,1.38497,1.38489,1.38491,80100000,1
1756291920000,1756291979000,1.38492,1.38507,1.38492,1.38506,54600000,1
1756291980000,1756292039000,1.38507,1.38519,1.38506,1.38518,42000000,1
1756292040000,1756292099000,1.38518,1.38521,1.38517,1.38521,60150000,1
1756292100000,1756292159000,1.38521,1.38522,1.3852,1.3852,33750000,1
1756292160000,1756292219000,1.3852,1.3852,1.38511,1.38519,70800000,1
1756292220000,1756292279000,1.3852,1.3853,1.38519,1.38525,43200000,1
1756292280000,1756292339000,1.38525,1.38526,1.38513,1.38514,79050000,1
1756292340000,1756292399000,1.38513,1.38527,1.38512,1.38519,144300000,1
1756292400000,1756292459000,1.38519,1.3852,1.38517,1.38517,61350000,1
1756292460000,1756292519000,1.38517,1.38555,1.38508,1.38547,136800000,1
1756292520000,1756292579000,1.38547,1.3856,1.38547,1.38559,138750000,1
1756292580000,1756292639000,1.38556,1.3856,1.3854,1.38543,82650000,1
1756292640000,1756292699000,1.38541,1.38552,1.38539,1.38541,75450000,1
1756292700000,1756292759000,1.38542,1.38544,1.38539,1.38543,70200000,1
1756292760000,1756292819000,1.38543,1.38543,1.38531,1.38531,42150000,1
1756292820000,1756292879000,1.38531,1.38531,1.3852,1.3852,44700000,1
1756292880000,1756292939000,1.38515,1.38519,1.38512,1.38516,69750000,1
1756292940000,1756292999000,1.38517,1.38519,1.38508,1.38508,51900000,1
1756293000000,1756293059000,1.3851,1.38511,1.38503,1.38503,53100000,1
1756293060000,1756293119000,1.38504,1.38506,1.38495,1.38495,132000000,1
1756293120000,1756293179000,1.38495,1.38495,1.38473,1.38473,149400000,1
1756293180000,1756293239000,1.38474,1.38474,1.38442,1.38445,317400000,1
1756293240000,1756293299000,1.38446,1.38452,1.38444,1.38449,141450000,1
1756293300000,1756293359000,1.38446,1.38458,1.38444,1.38458,190950000,1
1756293360000,1756293419000,1.38457,1.38468,1.38457,1.38461,79800000,1
1756293420000,1756293479000,1.3846,1.38462,1.38458,1.38461,126300000,1
1756293480000,1756293539000,1.38461,1.38472,1.3846,1.3847,95400000,1
1756293540000,1756293599000,1.3847,1.38482,1.3847,1.38481,78150000,1
1756293600000,1756293659000,1.38481,1.38481,1.38476,1.38478,57150000,1
1756293660000,1756293719000,1.38477,1.38489,1.38477,1.38488,58350000,1
1756293720000,1756293779000,1.38488,1.3849,1.38482,1.38482,19500000,1
1756293780000,1756293839000,1.38482,1.38489,1.38474,1.38474,38250000,1
1756293840000,1756293899000,1.38474,1.3848,1.38474,1.38478,50100000,1
1756293900000,1756293959000,1.38476,1.38479,1.38475,1.38478,39600000,1
1756293960000,1756294019000,1.38478,1.38479,1.38472,1.38472,48600000,1
1756294020000,1756294079000,1.38477,1.38492,1.38477,1.38491,58650000,1
1756294080000,1756294139000,1.38491,1.38492,1.38485,1.38488,32850000,1
1756294140000,1756294199000,1.38489,1.38492,1.38488,1.3849,28800000,1
1756294200000,1756294259000,1.38492,1.38492,1.38476,1.38478,33600000,1
1756294260000,1756294319000,1.38478,1.38481,1.38475,1.38475,42150000,1
1756294320000,1756294379000,1.38474,1.38476,1.38461,1.38461,40770000,1
1756294380000,1756294439000,1.3846,1.3846,1.38446,1.38457,62100000,1
1756294440000,1756294499000,1.38457,1.38466,1.38454,1.38464,76350000,1
1756294500000,1756294559000,1.38465,1.38474,1.38461,1.38465,90000000,1
1756294560000,1756294619000,1.38464,1.38472,1.38464,1.38472,61200000,1
1756294620000,1756294679000,1.38472,1.38481,1.38472,1.38476,98400000,1
1756294680000,1756294739000,1.38479,1.38489,1.38477,1.38481,96000000,1
1756294740000,1756294799000,1.38481,1.38482,1.38475,1.38481,73200000,1
1756294800000,1756294859000,1.38481,1.38487,1.38473,1.38487,42150000,1
1756294860000,1756294919000,1.3849,1.38504,1.38489,1.385,71250000,1
1756294920000,1756294979000,1.38499,1.38512,1.38499,1.38511,77850000,1
1756294980000,1756295039000,1.38511,1.3853,1.38509,1.38529,76800000,1
1756295040000,1756295099000,1.38528,1.38532,1.38527,1.38532,87750000,1
1756295100000,1756295159000,1.38532,1.38532,1.38518,1.38519,58800000,1
1756295160000,1756295219000,1.38518,1.38519,1.38513,1.38514,28200000,1
1756295220000,1756295279000,1.38513,1.38515,1.38512,1.38513,20100000,1
1756295280000,1756295339000,1.38514,1.38514,1.38508,1.38508,31950000,1
1756295340000,1756295399000,1.38509,1.38513,1.38509,1.38511,31650000,1
1756295400000,1756295459000,1.3851,1.38513,1.38508,1.38508,27000000,1
1756295460000,1756295519000,1.38509,1.3851,1.3849,1.38491,57000000,1
1756295520000,1756295579000,1.38491,1.38492,1.38487,1.3849,110400000,1
1756295580000,1756295639000,1.3849,1.38491,1.38479,1.38486,66300000,1
1756295640000,1756295699000,1.38486,1.385,1.38486,1.38499,51750000,1
1756295700000,1756295759000,1.38498,1.3851,1.38498,1.38509,81750000,1
1756295760000,1756295819000,1.38508,1.3852,1.38507,1.38519,53400000,1
1756295820000,1756295879000,1.3852,1.38524,1.38512,1.38521,89250000,1
1756295880000,1756295939000,1.38519,1.38521,1.38504,1.38512,82800000,1
1756295940000,1756295999000,1.38518,1.38519,1.38511,1.38519,42150000,1
1756296000000,1756296059000,1.38518,1.3852,1.38507,1.38509,79350000,1
1756296060000,1756296119000,1.38509,1.38509,1.38494,1.38504,92250000,1
1756296120000,1756296179000,1.38504,1.38514,1.38503,1.38511,49800000,1
1756296180000,1756296239000,1.38512,1.38524,1.38509,1.38524,59850000,1
1756296240000,1756296299000,1.3853,1.38532,1.38527,1.38528,54300000,1
1756296300000,1756296359000,1.38528,1.38528,1.38512,1.38513,86700000,1
1756296360000,1756296419000,1.38512,1.38525,1.38508,1.38508,89400000,1
1756296420000,1756296479000,1.38507,1.38507,1.38485,1.385,127500000,1
1756296480000,1756296539000,1.38499,1.385,1.38496,1.38497,165150000,1
1756296540000,1756296599000,1.38497,1.38497,1.3849,1.38491,117150000,1
1756296600000,1756296659000,1.38491,1.38494,1.38484,1.38489,110250000,1
1756296660000,1756296719000,1.38489,1.38491,1.38481,1.38482,70950000,1
1756296720000,1756296779000,1.38483,1.3849,1.38482,1.3849,35850000,1
1756296780000,1756296839000,1.3849,1.38491,1.38486,1.38487,54300000,1
1756296840000,1756296899000,1.38487,1.38494,1.38486,1.38493,73950000,1
1756296900000,1756296959000,1.38493,1.38493,1.38485,1.38486,49050000,1
1756296960000,1756297019000,1.38486,1.38492,1.38463,1.38466,65100000,1
1756297020000,1756297079000,1.38466,1.3847,1.38462,1.38469,89400000,1
1756297080000,1756297139000,1.38471,1.38473,1.38451,1.38456,124950000,1
1756297140000,1756297199000,1.38454,1.38455,1.38448,1.38451,101100000,1
1756297200000,1756297259000,1.38452,1.38457,1.38445,1.38445,148800000,1
1756297260000,1756297319000,1.38443,1.38445,1.38441,1.38442,81900000,1
1756297320000,1756297379000,1.38443,1.38443,1.38425,1.38435,227550000,1
1756297380000,1756297439000,1.38434,1.38445,1.38431,1.38442,165750000,1
1756297440000,1756297499000,1.38442,1.3845,1.38442,1.38447,57150000,1
1756297500000,1756297559000,1.38447,1.38473,1.38444,1.38463,135600000,1
1756297560000,1756297619000,1.38464,1.38471,1.38455,1.38471,220650000,1
1756297620000,1756297679000,1.38471,1.38473,1.38466,1.38471,94950000,1
1756297680000,1756297739000,1.38472,1.38476,1.38464,1.38465,58200000,1
1756297740000,1756297799000,1.38469,1.38473,1.38466,1.3847,67200000,1
1756297800000,1756297859000,1.3847,1.38473,1.38463,1.38465,115950000,1
1756297860000,1756297919000,1.38466,1.38466,1.38456,1.38464,101700000,1
1756297920000,1756297979000,1.38463,1.38473,1.38463,1.38471,61200000,1
1756297980000,1756298039000,1.38471,1.38476,1.3846,1.38463,181200000,1
1756298040000,1756298099000,1.38462,1.38467,1.38462,1.38464,129300000,1
1756298100000,1756298159000,1.38466,1.38483,1.38466,1.38482,94500000,1
1756298160000,1756298219000,1.38481,1.38492,1.38466,1.38488,138750000,1
1756298220000,1756298279000,1.38488,1.38503,1.38488,1.38501,138300000,1
1756298280000,1756298339000,1.38503,1.38515,1.38498,1.3851,118200000,1
1756298340000,1756298399000,1.38509,1.38513,1.38496,1.38499,80850000,1
1756298400000,1756298459000,1.38501,1.38505,1.38499,1.38503,75900000,1
1756298460000,1756298519000,1.38502,1.38524,1.38494,1.38524,152400000,1
1756298520000,1756298579000,1.38522,1.38526,1.3852,1.38521,87300000,1
1756298580000,1756298639000,1.3852,1.3853,1.38513,1.38529,155850000,1
1756298640000,1756298699000,1.38529,1.38543,1.38527,1.3854,136050000,1
1756298700000,1756298759000,1.3854,1.38543,1.3853,1.38533,128100000,1
1756298760000,1756298819000,1.38532,1.38532,1.38519,1.38522,117750000,1
1756298820000,1756298879000,1.38521,1.38529,1.38506,1.38528,241050000,1
1756298880000,1756298939000,1.38529,1.3853,1.38478,1.38501,227100000,1
1756298940000,1756298999000,1.385,1.38508,1.38491,1.38494,138600000,1
1756299000000,1756299059000,1.38495,1.38503,1.38479,1.38484,82950000,1
1756299060000,1756299119000,1.38484,1.38509,1.38484,1.38509,104550000,1
1756299120000,1756299179000,1.38508,1.38515,1.38497,1.38505,88650000,1
1756299180000,1756299239000,1.38506,1.3851,1.38496,1.38498,175950000,1
1756299240000,1756299299000,1.38499,1.38514,1.38495,1.38513,127800000,1
1756299300000,1756299359000,1.38512,1.38539,1.3851,1.38537,168750000,1
1756299360000,1756299419000,1.38538,1.38538,1.38519,1.38528,125400000,1
1756299420000,1756299479000,1.38527,1.38531,1.3851,1.3851,82200000,1
1756299480000,1756299539000,1.3851,1.38515,1.38505,1.38505,83250000,1
1756299540000,1756299599000,1.38507,1.38514,1.38502,1.38503,49500000,1
1756299600000,1756299659000,1.38504,1.38523,1.38502,1.38517,139800000,1
1756299660000,1756299719000,1.38517,1.38517,1.38487,1.385,180750000,1
1756299720000,1756299779000,1.38499,1.38508,1.38483,1.38483,336150000,1
1756299780000,1756299839000,1.38485,1.38497,1.38473,1.38496,170010000,1
1756299840000,1756299899000,1.38497,1.3852,1.38497,1.38519,203550000,1
1756299900000,1756299959000,1.3852,1.38521,1.38501,1.38502,230700000,1
1756299960000,1756300019000,1.385,1.38508,1.38498,1.38498,291600000,1
1756300020000,1756300079000,1.38499,1.38501,1.38497,1.385,184200000,1
1756300080000,1756300139000,1.38498,1.385,1.38486,1.38489,213900000,1
1756300140000,1756300199000,1.3849,1.38493,1.38475,1.38484,179400000,1
1756300200000,1756300259000,1.38484,1.38491,1.38481,1.38481,162150000,1
1756300260000,1756300319000,1.38481,1.38482,1.3847,1.38479,145800000,1
1756300320000,1756300379000,1.38478,1.38506,1.38477,1.38504,78450000,1
1756300380000,1756300439000,1.38506,1.38516,1.38505,1.38509,94240000,1
1756300440000,1756300499000,1.3851,1.38511,1.38501,1.38502,87600000,1
1756300500000,1756300559000,1.38503,1.3851,1.38501,1.38501,106350000,1
1756300560000,1756300619000,1.38501,1.3851,1.385,1.38503,148650000,1
1756300620000,1756300679000,1.38504,1.3852,1.385,1.38517,180150000,1
1756300680000,1756300739000,1.38518,1.38531,1.38515,1.38527,130050000,1
1756300740000,1756300799000,1.38525,1.38525,1.38501,1.38502,138000000,1
1756300800000,1756300859000,1.38501,1.38505,1.38497,1.38502,201750000,1
1756300860000,1756300919000,1.38502,1.38504,1.38495,1.385,183450000,1
1756300920000,1756300979000,1.385,1.38504,1.38499,1.385,65850000,1
1756300980000,1756301039000,1.38498,1.38501,1.38479,1.38479,116550000,1
1756301040000,1756301099000,1.38479,1.38485,1.38479,1.38481,93300000,1
1756301100000,1756301159000,1.38481,1.38485,1.38475,1.38482,158550000,1
1756301160000,1756301219000,1.38483,1.38485,1.38479,1.38482,82800000,1
1756301220000,1756301279000,1.38483,1.38492,1.38482,1.38491,89250000,1
1756301280000,1756301339000,1.38491,1.38491,1.38472,1.38472,71400000,1
1756301340000,1756301399000,1.38471,1.38476,1.38465,1.38471,99750000,1
1756301400000,1756301459000,1.3847,1.38487,1.38468,1.3848,163200000,1
1756301460000,1756301519000,1.38481,1.38483,1.38476,1.38482,111750000,1
1756301520000,1756301579000,1.38481,1.38491,1.38462,1.38463,157950000,1
1756301580000,1756301639000,1.38463,1.38472,1.38459,1.38462,110400000,1
1756301640000,1756301699000,1.38462,1.38463,1.38447,1.38453,138600000,1
1756301700000,1756301759000,1.38453,1.38456,1.38441,1.38443,44850000,1
1756301760000,1756301819000,1.38442,1.38451,1.38436,1.38444,168150000,1
1756301820000,1756301879000,1.38444,1.38468,1.38444,1.38466,160650000,1
1756301880000,1756301939000,1.38466,1.38476,1.38464,1.38474,72750000,1
1756301940000,1756301999000,1.38474,1.38506,1.38474,1.38506,131850000,1
1756302000000,1756302059000,1.38504,1.38531,1.38501,1.38527,175350000,1
1756302060000,1756302119000,1.38526,1.38526,1.38512,1.38518,141150000,1
1756302120000,1756302179000,1.38516,1.38529,1.38516,1.38525,172650000,1
1756302180000,1756302239000,1.38527,1.38544,1.38526,1.38531,197250000,1
1756302240000,1756302299000,1.38531,1.38533,1.38527,1.38531,115500000,1
1756302300000,1756302359000,1.3853,1.38531,1.38507,1.3851,145950000,1
1756302360000,1756302419000,1.38511,1.38516,1.38501,1.38502,140250000,1
1756302420000,1756302479000,1.38502,1.38502,1.38479,1.38481,152940000,1
1756302480000,1756302539000,1.38481,1.38502,1.3848,1.385,113700000,1
1756302540000,1756302599000,1.38501,1.3852,1.38499,1.3851,112500000,1
1756302600000,1756302659000,1.38511,1.38511,1.38491,1.38504,151050000,1
1756302660000,1756302719000,1.38504,1.3851,1.38497,1.38503,143100000,1
1756302720000,1756302779000,1.38502,1.38503,1.38483,1.38489,149850000,1
1756302780000,1756302839000,1.38489,1.38492,1.3848,1.38482,138600000,1
1756302840000,1756302899000,1.38482,1.38484,1.3847,1.38482,106800000,1
1756302900000,1756302959000,1.38479,1.38503,1.38475,1.38493,208650000,1
1756302960000,1756303019000,1.38493,1.38517,1.38488,1.38515,136800000,1
1756303020000,1756303079000,1.38516,1.38516,1.38502,1.38505,149250000,1
1756303080000,1756303139000,1.38503,1.38518,1.38502,1.38516,198600000,1
1756303140000,1756303199000,1.38516,1.38521,1.38504,1.38521,223440000,1
1756303200000,1756303259000,1.3852,1.38531,1.38501,1.38501,179400000,1
1756303260000,1756303319000,1.38501,1.38502,1.38495,1.38496,153390000,1
1756303320000,1756303379000,1.38495,1.38501,1.38482,1.38495,197280000,1
1756303380000,1756303439000,1.38493,1.38503,1.38485,1.38502,141930000,1
1756303440000,1756303499000,1.38502,1.38518,1.38499,1.38515,141450000,1
1756303500000,1756303559000,1.38516,1.38538,1.38515,1.38535,159150000,1
1756303560000,1756303619000,1.38535,1.38537,1.38528,1.38528,108720000,1
1756303620000,1756303679000,1.38528,1.38529,1.38511,1.38523,183060000,1
1756303680000,1756303739000,1.38523,1.38523,1.38507,1.38507,207120000,1
1756303740000,1756303799000,1.38509,1.38512,1.38494,1.38509,160680000,1
1756303800000,1756303859000,1.3851,1.38515,1.38501,1.38506,171270000,1
1756303860000,1756303919000,1.38505,1.38509,1.38496,1.38499,116100000,1
1756303920000,1756303979000,1.38499,1.38502,1.38493,1.38501,106800000,1
1756303980000,1756304039000,1.38501,1.38515,1.38496,1.38497,112350000,1
1756304040000,1756304099000,1.38497,1.38514,1.38494,1.38511,119550000,1
1756304100000,1756304159000,1.38511,1.38511,1.38497,1.38504,112080000,1
1756304160000,1756304219000,1.38503,1.38514,1.38502,1.38511,102300000,1
1756304220000,1756304279000,1.38514,1.3852,1.38501,1.38501,114450000,1
1756304280000,1756304339000,1.38503,1.38521,1.38503,1.3852,142800000,1
1756304340000,1756304399000,1.3852,1.38524,1.38515,1.38522,155010000,1
1756304400000,1756304459000,1.38522,1.38524,1.38516,1.38521,148650000,1
1756304460000,1756304519000,1.38521,1.38527,1.38518,1.38522,71580000,1
1756304520000,1756304579000,1.38522,1.38532,1.38519,1.38531,161280000,1
1756304580000,1756304639000,1.38532,1.38567,1.38532,1.38563,154650000,1
1756304640000,1756304699000,1.38562,1.38575,1.38547,1.38551,151020000,1
1756304700000,1756304759000,1.38551,1.38552,1.38541,1.38547,107460000,1
1756304760000,1756304819000,1.38546,1.38547,1.38534,1.38538,118150000,1
1756304820000,1756304879000,1.38538,1.38549,1.38538,1.38549,147600000,1
1756304880000,1756304939000,1.3855,1.3855,1.38538,1.38548,204900000,1
1756304940000,1756304999000,1.38549,1.38551,1.38532,1.3854,148050000,1
1756305000000,1756305059000,1.38539,1.38554,1.38538,1.38546,231750000,1
1756305060000,1756305119000,1.38544,1.38544,1.3852,1.38529,108450000,1
1756305120000,1756305179000,1.38528,1.38539,1.38528,1.38529,188100000,1
1756305180000,1756305239000,1.3853,1.3853,1.38503,1.38511,154800000,1
1756305240000,1756305299000,1.38511,1.38512,1.385,1.38503,144330000,1
1756305300000,1756305359000,1.38504,1.38511,1.385,1.3851,162900000,1
1756305360000,1756305419000,1.38512,1.38522,1.38506,1.38522,233100000,1
1756305420000,1756305479000,1.3852,1.38533,1.3852,1.38529,114900000,1
1756305480000,1756305539000,1.38529,1.3854,1.38528,1.38536,241500000,1
1756305540000,1756305599000,1.38537,1.38547,1.38532,1.38543,196800000,1
1756305600000,1756305659000,1.38542,1.38547,1.38527,1.3853,105150000,1
1756305660000,1756305719000,1.38531,1.38531,1.38502,1.38506,232200000,1
1756305720000,1756305779000,1.38506,1.38515,1.38499,1.3851,109950000,1
1756305780000,1756305839000,1.38511,1.38527,1.3851,1.38513,113250000,1
1756305840000,1756305899000,1.38513,1.38523,1.38509,1.38513,86700000,1
1756305900000,1756305959000,1.38513,1.38519,1.38503,1.38519,139500000,1
1756305960000,1756306019000,1.38517,1.3852,1.38509,1.3851,102450000,1
1756306020000,1756306079000,1.38511,1.38516,1.38493,1.38497,113850000,1
1756306080000,1756306139000,1.38497,1.38498,1.38489,1.3849,92400000,1
1756306140000,1756306199000,1.3849,1.38493,1.38482,1.38484,92550000,1
1756306200000,1756306259000,1.38483,1.38486,1.38456,1.3846,242030000,1
1756306260000,1756306319000,1.38462,1.38463,1.38408,1.38434,259950000,1
1756306320000,1756306379000,1.38432,1.38444,1.38384,1.38389,295200000,1
1756306380000,1756306439000,1.38389,1.38392,1.3837,1.38371,294990000,1
1756306440000,1756306499000,1.3837,1.3837,1.3834,1.3836,336450000,1
1756306500000,1756306559000,1.38362,1.38366,1.3834,1.38351,305700000,1
1756306560000,1756306619000,1.38351,1.38353,1.38313,1.38313,235650000,1
1756306620000,1756306679000,1.38314,1.38327,1.38285,1.38306,393010000,1
1756306680000,1756306739000,1.38308,1.38326,1.38298,1.38313,344100000,1
1756306740000,1756306799000,1.38312,1.38322,1.3831,1.38315,472350000,1
1756306800000,1756306859000,1.38313,1.38328,1.38305,1.38305,521400000,1
1756306860000,1756306919000,1.38305,1.38306,1.38296,1.38297,472050000,1
1756306920000,1756306979000,1.38296,1.38306,1.38293,1.38303,279300000,1
1756306980000,1756307039000,1.38302,1.38305,1.38229,1.38281,387280000,1
1756307040000,1756307099000,1.38281,1.38282,1.3825,1.38259,249750000,1
1756307100000,1756307159000,1.38258,1.38267,1.38251,1.38261,168750000,1
1756307160000,1756307219000,1.38257,1.38264,1.3823,1.38264,279600000,1
1756307220000,1756307279000,1.38266,1.38298,1.38266,1.38298,201300000,1
1756307280000,1756307339000,1.38298,1.38308,1.38274,1.38279,155400000,1
1756307340000,1756307399000,1.38279,1.38282,1.38252,1.38254,228300000,1
1756307400000,1756307459000,1.38254,1.38283,1.38241,1.38271,199650000,1
1756307460000,1756307519000,1.38273,1.38281,1.38269,1.38277,278700000,1
1756307520000,1756307579000,1.38278,1.38308,1.38276,1.38304,173100000,1
1756307580000,1756307639000,1.38306,1.38308,1.3829,1.383,134850000,1
1756307640000,1756307699000,1.38299,1.383,1.38262,1.38269,221850000,1
1756307700000,1756307759000,1.3827,1.38277,1.38248,1.38251,206700000,1
1756307760000,1756307819000,1.3825,1.38261,1.38249,1.3826,151200000,1
1756307820000,1756307879000,1.38257,1.38262,1.38249,1.38251,85350000,1
1756307880000,1756307939000,1.38251,1.38262,1.38249,1.38251,116400000,1
1756307940000,1756307999000,1.38252,1.38273,1.38251,1.38271,137400000,1
1756308000000,1756308059000,1.38271,1.38281,1.38261,1.3827,124950000,1
1756308060000,1756308119000,1.38269,1.38271,1.38265,1.38268,79200000,1
1756308120000,1756308179000,1.38269,1.38293,1.38269,1.3828,98100000,1
1756308180000,1756308239000,1.38282,1.38292,1.3828,1.3828,89400000,1
1756308240000,1756308299000,1.38281,1.38286,1.3827,1.38271,148500000,1
1756308300000,1756308359000,1.38271,1.38275,1.38269,1.38269,124050000,1
1756308360000,1756308419000,1.38269,1.38276,1.38262,1.38267,115950000,1
1756308420000,1756308479000,1.38267,1.38277,1.38258,1.38267,83250000,1
1756308480000,1756308539000,1.38268,1.38273,1.3826,1.38263,122400000,1
1756308540000,1756308599000,1.38263,1.38263,1.3825,1.3825,155850000,1
1756308600000,1756308659000,1.38251,1.38251,1.38229,1.38241,231600000,1
1756308660000,1756308719000,1.3824,1.38246,1.38221,1.38235,203400000,1
1756308720000,1756308779000,1.38236,1.38266,1.38232,1.38262,168600000,1
1756308780000,1756308839000,1.38263,1.38265,1.38252,1.38252,113550000,1
1756308840000,1756308899000,1.38253,1.38258,1.38247,1.38252,93300000,1
1756308900000,1756308959000,1.38252,1.38274,1.38241,1.38273,151950000,1
1756308960000,1756309019000,1.38271,1.38272,1.38252,1.38254,73050000,1
1756309020000,1756309079000,1.38252,1.3827,1.38243,1.3827,108450000,1
1756309080000,1756309139000,1.3827,1.3827,1.3826,1.38263,80550000,1
1756309140000,1756309199000,1.38263,1.38263,1.3824,1.38243,118650000,1
1756309200000,1756309259000,1.38243,1.38262,1.38243,1.38261,204600000,1
1756309260000,1756309319000,1.38262,1.38262,1.38231,1.38236,113850000,1
1756309320000,1756309379000,1.38237,1.38241,1.38223,1.38226,99000000,1
1756309380000,1756309439000,1.38226,1.38226,1.38207,1.38212,145650000,1
1756309440000,1756309499000,1.38212,1.38228,1.3821,1.38221,132750000,1
1756309500000,1756309559000,1.38221,1.38228,1.38212,1.3822,144750000,1
1756309560000,1756309619000,1.38222,1.38231,1.3822,1.38223,106050000,1
1756309620000,1756309679000,1.38223,1.38245,1.38222,1.38241,114450000,1
1756309680000,1756309739000,1.38241,1.3825,1.38239,1.38242,126600000,1
1756309740000,1756309799000,1.38242,1.3825,1.38241,1.38246,93600000,1
1756309800000,1756309859000,1.38248,1.38255,1.38242,1.38245,188550000,1
1756309860000,1756309919000,1.38244,1.38251,1.38241,1.38242,136800000,1
1756309920000,1756309979000,1.38243,1.38252,1.38237,1.38251,129750000,1
1756309980000,1756310039000,1.3825,1.38252,1.38243,1.38244,137700000,1
1756310040000,1756310099000,1.38245,1.38269,1.38243,1.38267,91950000,1
1756310100000,1756310159000,1.38266,1.38271,1.3826,1.38264,106950000,1
1756310160000,1756310219000,1.38264,1.38273,1.38262,1.38262,91650000,1
1756310220000,1756310279000,1.38262,1.38273,1.38258,1.38258,93600000,1
1756310280000,1756310339000,1.38259,1.38262,1.38251,1.38253,133740000,1
1756310340000,1756310399000,1.38251,1.38258,1.38251,1.38255,129150000,1
1756310400000,1756310459000,1.38255,1.38256,1.38242,1.38243,123750000,1
1756310460000,1756310519000,1.38243,1.38243,1.38225,1.38232,97800000,1
1756310520000,1756310579000,1.38233,1.38237,1.38232,1.38236,52200000,1
1756310580000,1756310639000,1.38235,1.38243,1.38235,1.38237,69150000,1
1756310640000,1756310699000,1.38236,1.38236,1.38226,1.38229,71400000,1
1756310700000,1756310759000,1.3823,1.38234,1.38225,1.38229,117750000,1
1756310760000,1756310819000,1.38229,1.3823,1.38185,1.38193,158850000,1
1756310820000,1756310879000,1.38193,1.38217,1.38193,1.38216,128100000,1
1756310880000,1756310939000,1.38218,1.38227,1.38201,1.38201,94350000,1
1756310940000,1756310999000,1.38202,1.38203,1.38194,1.38195,81450000,1
1756311000000,1756311059000,1.38196,1.38205,1.38195,1.38205,45600000,1
1756311060000,1756311119000,1.38204,1.38209,1.38193,1.38194,87300000,1
1756311120000,1756311179000,1.38194,1.38194,1.38175,1.38185,64350000,1
1756311180000,1756311239000,1.38185,1.38187,1.38175,1.38176,52950000,1
1756311240000,1756311299000,1.38177,1.38187,1.38177,1.38185,67950000,1
1756311300000,1756311359000,1.38185,1.38189,1.38181,1.38189,37950000,1
1756311360000,1756311419000,1.38189,1.38203,1.38186,1.38196,110250000,1
1756311420000,1756311479000,1.38197,1.38198,1.38186,1.38192,95250000,1
1756311480000,1756311539000,1.38191,1.38192,1.38174,1.38175,86100000,1
1756311540000,1756311599000,1.38176,1.38177,1.38168,1.38169,127050000,1
1756311600000,1756311659000,1.3817,1.3817,1.38137,1.38146,120750000,1
1756311660000,1756311719000,1.38146,1.38161,1.38143,1.38157,70350000,1
1756311720000,1756311779000,1.38157,1.38178,1.38157,1.38176,55650000,1
1756311780000,1756311839000,1.38175,1.38179,1.38171,1.38174,60150000,1
1756311840000,1756311899000,1.38174,1.38177,1.38168,1.38176,78600000,1
1756311900000,1756311959000,1.38175,1.38176,1.38165,1.38166,163050000,1
1756311960000,1756312019000,1.38167,1.38172,1.38167,1.3817,89100000,1
1756312020000,1756312079000,1.38167,1.38179,1.38167,1.38178,114600000,1
1756312080000,1756312139000,1.38178,1.38178,1.38158,1.38158,113250000,1
1756312140000,1756312199000,1.38158,1.38159,1.3815,1.38153,77250000,1
1756312200000,1756312259000,1.38154,1.38155,1.38138,1.38138,102300000,1
1756312260000,1756312319000,1.38139,1.38142,1.38106,1.38109,139650000,1
1756312320000,1756312379000,1.38109,1.38109,1.38096,1.38098,114750000,1
1756312380000,1756312439000,1.38098,1.38107,1.38059,1.38078,160800000,1
1756312440000,1756312499000,1.38076,1.38076,1.38066,1.38069,85350000,1
1756312500000,1756312559000,1.38068,1.38072,1.38066,1.38068,70050000,1
1756312560000,1756312619000,1.38068,1.38071,1.38063,1.38063,62250000,1
1756312620000,1756312679000,1.38063,1.3809,1.38063,1.38078,137550000,1
1756312680000,1756312739000,1.38079,1.3809,1.38076,1.38084,155850000,1
1756312740000,1756312799000,1.38084,1.38089,1.38074,1.38081,163500000,1
1756312800000,1756312859000,1.38081,1.38086,1.38075,1.38075,159150000,1
1756312860000,1756312919000,1.38074,1.38074,1.38064,1.38064,207000000,1
1756312920000,1756312979000,1.38064,1.38067,1.38055,1.38055,140400000,1
1756312980000,1756313039000,1.38055,1.38057,1.38041,1.38051,149400000,1
1756313040000,1756313099000,1.38051,1.38062,1.38036,1.38062,119100000,1
1756313100000,1756313159000,1.38062,1.38066,1.38052,1.38052,114150000,1
1756313160000,1756313219000,1.38052,1.38057,1.38039,1.38045,104400000,1
1756313220000,1756313279000,1.38046,1.38047,1.38026,1.38027,201070000,1
1756313280000,1756313339000,1.38025,1.38032,1.38025,1.38027,159950000,1
1756313340000,1756313399000,1.38026,1.38026,1.38013,1.38017,86750000,1
1756313400000,1756313459000,1.38018,1.38018,1.38003,1.38005,88050000,1
1756313460000,1756313519000,1.38005,1.38016,1.38004,1.38014,117750000,1
1756313520000,1756313579000,1.38016,1.38017,1.37997,1.37997,102900000,1
1756313580000,1756313639000,1.37998,1.38005,1.37996,1.37998,94050000,1
1756313640000,1756313699000,1.37997,1.38001,1.37991,1.38001,40800000,1
1756313700000,1756313759000,1.38001,1.38017,1.37997,1.38014,95550000,1
1756313760000,1756313819000,1.38013,1.38013,1.37977,1.3798,84150000,1
1756313820000,1756313879000,1.37981,1.37981,1.37975,1.37977,63600000,1
1756313880000,1756313939000,1.37978,1.37986,1.37978,1.37985,63600000,1
1756313940000,1756313999000,1.37986,1.37988,1.37975,1.37977,53550000,1
1756314000000,1756314059000,1.37976,1.38009,1.37973,1.38001,191550000,1
1756314060000,1756314119000,1.38001,1.38006,1.37975,1.37975,246000000,1
1756314120000,1756314179000,1.37975,1.37998,1.37975,1.37994,179850000,1
1756314180000,1756314239000,1.37996,1.37996,1.37953,1.37961,167700000,1
1756314240000,1756314299000,1.3796,1.37961,1.37929,1.37934,93600000,1
1756314300000,1756314359000,1.37933,1.37947,1.37927,1.37927,156900000,1
1756314360000,1756314419000,1.37927,1.37943,1.37927,1.37942,119850000,1
1756314420000,1756314479000,1.37942,1.37965,1.37942,1.37958,184200000,1
1756314480000,1756314539000,1.37958,1.37968,1.37957,1.37965,77400000,1
1756314540000,1756314599000,1.37967,1.37967,1.37939,1.3794,66000000,1
1756314600000,1756314659000,1.37943,1.3795,1.37937,1.37939,92400000,1
1756314660000,1756314719000,1.37941,1.37941,1.37926,1.37929,62550000,1
1756314720000,1756314779000,1.37928,1.37939,1.37927,1.37937,82200000,1
1756314780000,1756314839000,1.37936,1.37938,1.37918,1.37922,92850000,1
1756314840000,1756314899000,1.37921,1.37929,1.37915,1.37915,113550000,1
1756314900000,1756314959000,1.37914,1.37924,1.37909,1.37919,86850000,1
1756314960000,1756315019000,1.37919,1.37927,1.37907,1.37907,68700000,1
1756315020000,1756315079000,1.37907,1.37908,1.37899,1.37901,69600000,1
1756315080000,1756315139000,1.37901,1.37901,1.37895,1.37899,40650000,1
1756315140000,1756315199000,1.37898,1.37898,1.37869,1.37869,106350000,1
1756315200000,1756315259000,1.37868,1.37899,1.37868,1.37891,98700000,1
1756315260000,1756315319000,1.3789,1.37891,1.37868,1.37868,162750000,1
1756315320000,1756315379000,1.37868,1.37871,1.37863,1.37863,100050000,1
1756315380000,1756315439000,1.37865,1.3788,1.37863,1.3788,97050000,1
1756315440000,1756315499000,1.37882,1.37892,1.3788,1.37884,104400000,1
1756315500000,1756315559000,1.37882,1.37898,1.37879,1.37896,61650000,1
1756315560000,1756315619000,1.37894,1.379,1.3789,1.379,75000000,1
1756315620000,1756315679000,1.379,1.37909,1.37898,1.379,184350000,1
1756315680000,1756315739000,1.37901,1.37901,1.37883,1.37884,165750000,1
1756315740000,1756315799000,1.37884,1.37901,1.37884,1.379,258450000,1
1756315800000,1756315859000,1.37899,1.37931,1.37894,1.37931,183450000,1
1756315860000,1756315919000,1.37931,1.37931,1.37911,1.37911,151800000,1
1756315920000,1756315979000,1.37909,1.37915,1.37906,1.37913,212700000,1
1756315980000,1756316039000,1.37913,1.37928,1.37913,1.37924,67200000,1
1756316040000,1756316099000,1.37924,1.37931,1.37913,1.37913,150450000,1
1756316100000,1756316159000,1.37914,1.37921,1.37909,1.37911,122400000,1
1756316160000,1756316219000,1.37911,1.37916,1.37905,1.37913,109650000,1
1756316220000,1756316279000,1.37912,1.37914,1.37907,1.37913,102600000,1
1756316280000,1756316339000,1.37913,1.37913,1.37894,1.37894,119850000,1
1756316340000,1756316399000,1.37893,1.37894,1.37882,1.37882,54850000,1
1756316400000,1756316459000,1.37882,1.37892,1.3788,1.37891,38850000,1
1756316460000,1756316519000,1.3789,1.37892,1.37883,1.37886,65400000,1
1756316520000,1756316579000,1.37883,1.37884,1.37877,1.37877,25200000,1
1756316580000,1756316639000,1.37878,1.37882,1.37873,1.37875,30300000,1
1756316640000,1756316699000,1.37874,1.37874,1.3787,1.37872,49650000,1
1756316700000,1756316759000,1.37872,1.37873,1.37844,1.37852,94350000,1
1756316760000,1756316819000,1.37854,1.37854,1.37831,1.37831,120300000,1
1756316820000,1756316879000,1.37828,1.37845,1.37824,1.37836,86730000,1
1756316880000,1756316939000,1.37837,1.37841,1.37826,1.37827,55330000,1
1756316940000,1756316999000,1.37829,1.37832,1.37824,1.37826,57670000,1
1756317000000,1756317059000,1.37826,1.3783,1.37825,1.37827,31380000,1
1756317060000,1756317119000,1.37827,1.37845,1.37825,1.3784,72150000,1
1756317120000,1756317179000,1.3784,1.37855,1.3784,1.37854,48000000,1
1756317180000,1756317239000,1.37854,1.37861,1.37852,1.37852,118950000,1
1756317240000,1756317299000,1.37853,1.3788,1.37853,1.37878,85050000,1
1756317300000,1756317359000,1.37879,1.37886,1.37864,1.37864,108150000,1
1756317360000,1756317419000,1.37863,1.37873,1.37861,1.37872,59700000,1
1756317420000,1756317479000,1.37872,1.37873,1.37843,1.37843,117600000,1
1756317480000,1756317539000,1.37842,1.37845,1.37836,1.37841,123150000,1
1756317540000,1756317599000,1.37841,1.37848,1.37839,1.37844,128550000,1
1756317600000,1756317659000,1.37845,1.37852,1.37844,1.37852,57600000,1
1756317660000,1756317719000,1.37852,1.37861,1.37841,1.37843,154800000,1
1756317720000,1756317779000,1.37843,1.37845,1.3784,1.37844,135300000,1
1756317780000,1756317839000,1.37845,1.37866,1.37842,1.37861,221100000,1
1756317840000,1756317899000,1.37861,1.37875,1.37861,1.37872,165150000,1
1756317900000,1756317959000,1.37872,1.37891,1.37871,1.37889,146400000,1
1756317960000,1756318019000,1.3789,1.37891,1.37876,1.37882,195900000,1
1756318020000,1756318079000,1.37882,1.37905,1.3788,1.37904,114600000,1
1756318080000,1756318139000,1.37903,1.37915,1.37902,1.37913,57450000,1
1756318140000,1756318199000,1.37913,1.37924,1.37911,1.37924,73200000,1
1756318200000,1756318259000,1.37925,1.37941,1.37925,1.37939,60300000,1
1756318260000,1756318319000,1.37938,1.37941,1.37935,1.3794,121650000,1
1756318320000,1756318379000,1.3794,1.37942,1.37934,1.37936,220190000,1
1756318380000,1756318439000,1.37934,1.37934,1.37921,1.37931,235350000,1
1756318440000,1756318499000,1.3793,1.37933,1.37922,1.37931,120000000,1
1756318500000,1756318559000,1.37931,1.37932,1.37914,1.3792,122400000,1
1756318560000,1756318619000,1.37919,1.3792,1.3791,1.37913,83850000,1
1756318620000,1756318679000,1.37913,1.37915,1.3789,1.37892,74700000,1
1756318680000,1756318739000,1.37892,1.37914,1.3789,1.37912,85200000,1
1756318740000,1756318799000,1.37911,1.37948,1.37911,1.37947,146250000,1
1756318800000,1756318859000,1.37946,1.37947,1.37926,1.37929,88200000,1
1756318860000,1756318919000,1.37928,1.37931,1.37916,1.3792,200250000,1
1756318920000,1756318979000,1.37922,1.3793,1.37912,1.37926,154050000,1
1756318980000,1756319039000,1.37926,1.37927,1.37911,1.37911,270900000,1
1756319040000,1756319099000,1.37913,1.3792,1.37909,1.37918,244200000,1
1756319100000,1756319159000,1.37921,1.37928,1.37919,1.37927,226800000,1
1756319160000,1756319219000,1.37926,1.37927,1.37909,1.37914,243600000,1
1756319220000,1756319279000,1.37914,1.37917,1.37906,1.3791,221700000,1
1756319280000,1756319339000,1.37912,1.37915,1.37893,1.37894,285900000,1
1756319340000,1756319399000,1.37894,1.37896,1.37888,1.37893,277200000,1
1756319400000,1756319459000,1.37895,1.37895,1.37875,1.37881,308850000,1
1756319460000,1756319519000,1.37881,1.37887,1.3788,1.37882,221850000,1
1756319520000,1756319579000,1.37883,1.37884,1.37881,1.37883,305100000,1
1756319580000,1756319639000,1.37883,1.37894,1.37869,1.37891,394500000,1
1756319640000,1756319699000,1.37892,1.37917,1.37889,1.37912,408150000,1
1756319700000,1756319759000,1.37911,1.37914,1.37903,1.37908,241200000,1
1756319760000,1756319819000,1.37907,1.37914,1.37903,1.37912,208800000,1
1756319820000,1756319879000,1.37912,1.37932,1.37912,1.37931,202200000,1
1756319880000,1756319939000,1.3793,1.37935,1.37924,1.37933,159900000,1
1756319940000,1756319999000,1.37934,1.37937,1.37927,1.37935,246300000,1
1756320000000,1756320059000,1.37935,1.37937,1.37926,1.37928,39000000,1
1756320060000,1756320119000,1.37928,1.37933,1.37926,1.37929,63300000,1
1756320120000,1756320179000,1.37928,1.37931,1.37918,1.37923,245850000,1
1756320180000,1756320239000,1.37923,1.37937,1.37919,1.37924,298500000,1
1756320240000,1756320299000,1.37919,1.37935,1.37918,1.37926,426300000,1
1756320300000,1756320359000,1.37929,1.37934,1.37926,1.37932,279750000,1
1756320360000,1756320419000,1.37933,1.37942,1.37926,1.37942,359850000,1
1756320420000,1756320479000,1.37941,1.37943,1.37934,1.37936,142200000,1
1756320480000,1756320539000,1.37938,1.37944,1.37933,1.37941,157800000,1
1756320540000,1756320599000,1.37943,1.37945,1.37938,1.37942,198000000,1
1756320600000,1756320659000,1.37944,1.37945,1.37927,1.37929,162450000,1
1756320660000,1756320719000,1.3793,1.37931,1.37927,1.37929,169200000,1
1756320720000,1756320779000,1.3793,1.3794,1.37929,1.37936,165900000,1
1756320780000,1756320839000,1.37937,1.37949,1.37936,1.37948,165150000,1
1756320840000,1756320899000,1.37948,1.3795,1.3794,1.37941,315750000,1
1756320900000,1756320959000,1.3794,1.37943,1.37934,1.37941,219300000,1
1756320960000,1756321019000,1.37941,1.3795,1.37936,1.37939,249900000,1
1756321020000,1756321079000,1.37937,1.37957,1.37937,1.37942,180450000,1
1756321080000,1756321139000,1.37941,1.37946,1.37936,1.37946,59100000,1
1756321140000,1756321199000,1.37947,1.37957,1.37946,1.37956,260700000,1
1756321200000,1756321259000,1.37958,1.37966,1.37954,1.37958,241950000,1
1756321260000,1756321319000,1.37958,1.37958,1.37951,1.37953,143550000,1
1756321320000,1756321379000,1.37953,1.37964,1.37953,1.37956,118800000,1
1756321380000,1756321439000,1.37957,1.37957,1.37945,1.37945,44250000,1
1756321440000,1756321499000,1.37942,1.37942,1.37932,1.37935,61650000,1
1756321500000,1756321559000,1.37935,1.37937,1.37926,1.37931,123600000,1
1756321560000,1756321619000,1.37932,1.37932,1.37925,1.37925,125100000,1
1756321620000,1756321679000,1.37932,1.37941,1.37917,1.37927,281100000,1
1756321680000,1756321739000,1.37926,1.37931,1.37923,1.37928,146400000,1
1756321740000,1756321799000,1.37933,1.37934,1.37925,1.37931,134400000,1
1756321800000,1756321859000,1.37929,1.37933,1.37926,1.3793,160200000,1
1756321860000,1756321919000,1.37927,1.37933,1.37925,1.37925,169500000,1
1756321920000,1756321979000,1.37926,1.37947,1.37926,1.37941,265500000,1
1756321980000,1756322039000,1.37941,1.37949,1.37932,1.37938,246450000,1
1756322040000,1756322099000,1.37939,1.37947,1.37935,1.37941,135900000,1
1756322100000,1756322159000,1.3794,1.3794,1.37937,1.37938,36900000,1
1756322160000,1756322219000,1.37939,1.37947,1.37934,1.37942,62850000,1
1756322220000,1756322279000,1.37942,1.37948,1.37941,1.37946,46500000,1
1756322280000,1756322339000,1.37945,1.37945,1.37931,1.37933,115350000,1
1756322340000,1756322399000,1.37932,1.37937,1.37929,1.37929,95550000,1
1756322400000,1756322459000,1.37929,1.37936,1.37928,1.37936,41400000,1
1756322460000,1756322519000,1.37935,1.37942,1.37935,1.3794,70500000,1
1756322520000,1756322579000,1.3794,1.37946,1.37936,1.37944,98250000,1
1756322580000,1756322639000,1.37944,1.37946,1.3794,1.37944,37500000,1
1756322640000,1756322699000,1.37946,1.37947,1.37943,1.37946,62850000,1
1756322700000,1756322759000,1.37944,1.37944,1.37934,1.37935,64650000,1
1756322760000,1756322819000,1.37934,1.37934,1.37929,1.37932,25950000,1
1756322820000,1756322879000,1.37931,1.37933,1.37927,1.37927,35700000,1
1756322880000,1756322939000,1.37925,1.37926,1.37917,1.37919,70500000,1
1756322940000,1756322999000,1.37918,1.37918,1.37915,1.37916,23550000,1
1756323000000,1756323059000,1.37916,1.37918,1.37914,1.37918,28500000,1
1756323060000,1756323119000,1.37916,1.37921,1.37916,1.3792,71400000,1
1756323120000,1756323179000,1.37921,1.37921,1.37917,1.37919,57900000,1
1756323180000,1756323239000,1.37919,1.37924,1.37916,1.37916,49200000,1
1756323240000,1756323299000,1.37917,1.3792,1.37916,1.37919,54600000,1
1756323300000,1756323359000,1.37918,1.37932,1.37918,1.37932,46650000,1
1756323360000,1756323419000,1.37933,1.37935,1.3793,1.3793,82200000,1
1756323420000,1756323479000,1.37929,1.37929,1.37921,1.37925,58050000,1
1756323480000,1756323539000,1.37926,1.37926,1.37924,1.37926,36900000,1
1756323540000,1756323599000,1.37926,1.37926,1.37918,1.37919,33300000,1
1756323600000,1756323659000,1.37919,1.37922,1.37915,1.37917,112950000,1
1756323660000,1756323719000,1.37919,1.37919,1.37917,1.37917,24750000,1
1756323720000,1756323779000,1.37917,1.3792,1.37916,1.37916,35100000,1
1756323780000,1756323839000,1.37914,1.37915,1.37909,1.37909,58200000,1
1756323840000,1756323899000,1.37911,1.37911,1.37905,1.37905,67580000,1
1756323900000,1756323959000,1.37907,1.3791,1.37907,1.37909,9110000,1
1756323960000,1756324019000,1.37907,1.37916,1.37906,1.37906,64680000,1
1756324020000,1756324079000,1.37906,1.37906,1.379,1.37904,26710000,1
1756324080000,1756324139000,1.37901,1.37903,1.37899,1.37902,37800000,1
1756324140000,1756324199000,1.37899,1.379,1.37898,1.379,36750000,1
1756324200000,1756324259000,1.37899,1.37906,1.37897,1.37905,58950000,1
1756324260000,1756324319000,1.37906,1.37907,1.37904,1.37906,36150000,1
1756324320000,1756324379000,1.37907,1.37907,1.37906,1.37906,18900000,1
1756324380000,1756324439000,1.3791,1.3791,1.37906,1.37908,17400000,1
1756324440000,1756324499000,1.37907,1.37911,1.37904,1.37911,66900000,1
1756324500000,1756324559000,1.3791,1.37911,1.37902,1.37907,86250000,1
1756324560000,1756324619000,1.37906,1.37906,1.37891,1.37891,73800000,1
1756324620000,1756324679000,1.37891,1.37895,1.37865,1.37867,185550000,1
1756324680000,1756324739000,1.37866,1.3787,1.37855,1.37869,263400000,1
1756324740000,1756324799000,1.37868,1.37888,1.37863,1.37878,258300000,1
1756324800000,1756324859000,1.37877,1.37878,1.3785,1.3785,194550000,1
1756324860000,1756324919000,1.3785,1.37867,1.37847,1.37848,146100000,1
1756324920000,1756324979000,1.37847,1.3787,1.37846,1.3787,115500000,1
1756324980000,1756325039000,1.37868,1.37875,1.37868,1.37874,51900000,1
1756325040000,1756325099000,1.37873,1.37875,1.37871,1.37872,17850000,1
1756325100000,1756325159000,1.37873,1.37875,1.37873,1.37874,66900000,1
1756325160000,1756325219000,1.37875,1.37878,1.3787,1.3787,51300000,1
1756325220000,1756325279000,1.37871,1.37872,1.37858,1.37858,18150000,1
1756325280000,1756325339000,1.37859,1.37859,1.3785,1.37854,89550000,1
1756325340000,1756325399000,1.37851,1.37856,1.37851,1.37855,39600000,1
1756325400000,1756325459000,1.37858,1.37868,1.37858,1.37868,17850000,1
1756325460000,1756325519000,1.37865,1.37865,1.37864,1.37864,6450000,1
1756325520000,1756325579000,1.37865,1.37874,1.37865,1.37871,24600000,1
1756325580000,1756325639000,1.37871,1.37871,1.37859,1.37859,24750000,1
1756325640000,1756325699000,1.3786,1.37865,1.3786,1.37865,12900000,1
1756325700000,1756325759000,1.37864,1.37869,1.37864,1.37869,10650000,1
1756325760000,1756325819000,1.37869,1.37869,1.37868,1.37869,9900000,1
1756325820000,1756325879000,1.37868,1.37869,1.37857,1.37857,21300000,1
1756325880000,1756325939000,1.37857,1.37857,1.37853,1.37856,18000000,1
1756325940000,1756325999000,1.37856,1.37859,1.37855,1.37858,17250000,1
1756326000000,1756326059000,1.37858,1.37869,1.37855,1.37855,82200000,1
1756326060000,1756326119000,1.37857,1.37863,1.37851,1.37858,105750000,1
1756326120000,1756326179000,1.37858,1.37859,1.37854,1.37857,35100000,1
1756326180000,1756326239000,1.37857,1.37859,1.37856,1.37859,14700000,1
1756326240000,1756326299000,1.37859,1.37869,1.37856,1.37863,29100000,1
1756326300000,1756326359000,1.37863,1.37873,1.37863,1.37872,39750000,1
1756326360000,1756326419000,1.37872,1.3788,1.37868,1.37878,48000000,1
1756326420000,1756326479000,1.37878,1.37915,1.37878,1.37908,72300000,1
1756326480000,1756326539000,1.37909,1.37909,1.37887,1.37889,46650000,1
1756326540000,1756326599000,1.37888,1.37907,1.37888,1.37906,59400000,1
1756326600000,1756326659000,1.37906,1.37906,1.37869,1.37875,92550000,1
1756326660000,1756326719000,1.37874,1.37879,1.37837,1.37839,46800000,1
1756326720000,1756326779000,1.37837,1.37851,1.37837,1.3785,21300000,1
1756326780000,1756326839000,1.37851,1.37851,1.37843,1.37843,25650000,1
1756326840000,1756326899000,1.37844,1.37844,1.37832,1.37832,24300000,1
1756326900000,1756326959000,1.37833,1.37858,1.37831,1.37856,42300000,1
1756326960000,1756327019000,1.37855,1.37876,1.37855,1.37873,57750000,1
1756327020000,1756327079000,1.37873,1.37893,1.37868,1.3787,143400000,1
1756327080000,1756327139000,1.37871,1.37878,1.37871,1.37875,29550000,1
1756327140000,1756327199000,1.37876,1.37878,1.37868,1.37872,77700000,1
1756327200000,1756327259000,1.37872,1.37873,1.37853,1.37854,51750000,1
1756327260000,1756327319000,1.37853,1.37854,1.37853,1.37853,37800000,1
1756327320000,1756327379000,1.37853,1.37853,1.37852,1.37852,39600000,1
1756327380000,1756327439000,1.37857,1.3788,1.37857,1.37878,46650000,1
1756327440000,1756327499000,1.37877,1.37877,1.3787,1.3787,39600000,1
1756327500000,1756327559000,1.37868,1.37872,1.37864,1.37868,72120000,1
1756327560000,1756327619000,1.37868,1.37878,1.37868,1.37877,27750000,1
1756327620000,1756327679000,1.37878,1.37879,1.37877,1.37877,11700000,1
1756327680000,1756327739000,1.37877,1.37879,1.37875,1.37878,12150000,1
1756327740000,1756327799000,1.37878,1.37879,1.37876,1.37878,31200000,1
1756327800000,1756327859000,1.37876,1.37877,1.3787,1.37873,28650000,1
1756327860000,1756327919000,1.37874,1.37878,1.37873,1.37877,24000000,1
1756327920000,1756327979000,1.37877,1.37881,1.37874,1.3788,48000000,1
1756327980000,1756328039000,1.37881,1.37885,1.3788,1.37883,22950000,1
1756328040000,1756328099000,1.37882,1.37891,1.37882,1.37891,26400000,1
1756328100000,1756328159000,1.37889,1.37895,1.37888,1.37895,15150000,1
1756328160000,1756328219000,1.37896,1.37909,1.37896,1.37898,60600000,1
1756328220000,1756328279000,1.37902,1.37914,1.37898,1.3791,82200000,1
1756328280000,1756328339000,1.37905,1.37916,1.37904,1.37914,80850000,1
1756328340000,1756328399000,1.37916,1.37916,1.37889,1.37891,35250000,1
1756328400000,1756328459000,1.37891,1.37891,1.37877,1.37877,3060000,1
1756328460000,1756328519000,1.37877,1.37877,1.37877,1.37877,0,1
1756328520000,1756328579000,1.37865,1.37865,1.37865,1.37865,900000,1
1756328580000,1756328639000,1.37865,1.37865,1.37865,1.37865,0,1
1756328640000,1756328699000,1.37865,1.37865,1.37859,1.37859,2400000,1
1756328700000,1756328759000,1.37898,1.37898,1.37864,1.37864,3750000,1
1756328760000,1756328819000,1.37867,1.37886,1.37859,1.37872,11910000,1
1756328820000,1756328879000,1.37868,1.37872,1.37858,1.37858,3660000,1
1756328880000,1756328939000,1.37859,1.37874,1.37858,1.37874,4350000,1
1756328940000,1756328999000,1.37874,1.37874,1.37854,1.37873,8040000,1
1756329000000,1756329059000,1.37876,1.37876,1.37875,1.37875,3600000,1
1756329060000,1756329119000,1.37876,1.37877,1.37876,1.37877,3150000,1
1756329120000,1756329179000,1.37877,1.37879,1.3787,1.37878,12300000,1
1756329180000,1756329239000,1.37878,1.37878,1.37878,1.37878,1200000,1
1756329240000,1756329299000,1.37879,1.37879,1.37878,1.37878,4800000,1
1756329300000,1756329359000,1.37877,1.37881,1.37877,1.37879,22800000,1
1756329360000,1756329419000,1.3788,1.37885,1.37877,1.37885,16050000,1
1756329420000,1756329479000,1.3788,1.37887,1.3788,1.37886,7200000,1
1756329480000,1756329539000,1.37886,1.37886,1.37886,1.37886,10200000,1
1756329540000,1756329599000,1.37883,1.37883,1.37883,1.37883,3600000,1
1756329600000,1756329659000,1.37884,1.37884,1.37883,1.37883,2400000,1
1756329660000,1756329719000,1.37883,1.37883,1.37883,1.37883,8400000,1
1756329720000,1756329779000,1.37883,1.37883,1.37877,1.37878,26100000,1
1756329780000,1756329839000,1.37878,1.37883,1.37878,1.37878,32400000,1
1756329840000,1756329899000,1.37878,1.37881,1.37877,1.37881,24000000,1
1756329900000,1756329959000,1.37881,1.37885,1.37881,1.37885,4050000,1
1756329960000,1756330019000,1.37885,1.37886,1.37885,1.37885,4050000,1
1756330020000,1756330079000,1.37875,1.37886,1.37874,1.37886,18000000,1
1756330080000,1756330139000,1.37885,1.37887,1.37879,1.37879,11400000,1
1756330140000,1756330199000,1.3788,1.3788,1.37876,1.37876,3900000,1
1756330200000,1756330259000,1.37872,1.37878,1.37871,1.37877,12000000,1
1756330260000,1756330319000,1.37879,1.37879,1.37876,1.37877,7950000,1
1756330320000,1756330379000,1.37877,1.3788,1.37877,1.3788,3150000,1
1756330380000,1756330439000,1.37879,1.37879,1.37873,1.37873,5100000,1
1756330440000,1756330499000,1.37878,1.37881,1.37877,1.37878,23250000,1
1756330500000,1756330559000,1.37878,1.37882,1.37878,1.37879,21150000,1
1756330560000,1756330619000,1.37879,1.37882,1.37879,1.3788,39900000,1
1756330620000,1756330679000,1.3788,1.37884,1.37879,1.3788,82800000,1
1756330680000,1756330739000,1.37886,1.37887,1.37881,1.37884,32250000,1
1756330740000,1756330799000,1.37881,1.37887,1.37877,1.37877,16650000,1
1756330800000,1756330859000,1.37878,1.37881,1.37876,1.37881,20550000,1
1756330860000,1756330919000,1.37881,1.37882,1.3788,1.37881,14400000,1
1756330920000,1756330979000,1.37881,1.37882,1.37879,1.37881,9600000,1
1756330980000,1756331039000,1.37879,1.37879,1.37879,1.37879,4800000,1
1756331040000,1756331099000,1.37879,1.37888,1.37879,1.37888,23550000,1
1756331100000,1756331159000,1.3789,1.3789,1.37888,1.37888,11700000,1
1756331160000,1756331219000,1.37885,1.37886,1.37885,1.37886,26250000,1
1756331220000,1756331279000,1.37883,1.37883,1.37883,1.37883,1200000,1
1756331280000,1756331339000,1.37883,1.37884,1.37879,1.37879,19950000,1
1756331340000,1756331399000,1.37878,1.3788,1.37878,1.37878,39750000,1
1756331400000,1756331459000,1.37879,1.37888,1.37878,1.37884,37500000,1
1756331460000,1756331519000,1.37884,1.37887,1.37879,1.37884,15000000,1
1756331520000,1756331579000,1.37883,1.3789,1.37881,1.3789,26250000,1
1756331580000,1756331639000,1.37884,1.3789,1.37884,1.37886,18900000,1
1756331640000,1756331699000,1.37884,1.37885,1.37882,1.37883,18000000,1
1756331700000,1756331759000,1.37885,1.37885,1.37877,1.37881,36150000,1
1756331760000,1756331819000,1.3788,1.37886,1.37876,1.37881,18000000,1
1756331820000,1756331879000,1.37882,1.37887,1.37875,1.37882,17700000,1
1756331880000,1756331939000,1.37882,1.37884,1.37878,1.37882,21000000,1
1756331940000,1756331999000,1.37881,1.37891,1.37881,1.37887,10650000,1
1756332000000,1756332059000,1.37891,1.37892,1.37861,1.37861,67500000,1
1756332060000,1756332119000,1.37862,1.37877,1.37861,1.37877,42750000,1
1756332120000,1756332179000,1.37876,1.3789,1.37876,1.3788,28800000,1
1756332180000,1756332239000,1.37879,1.3788,1.37874,1.37874,2250000,1
1756332240000,1756332299000,1.37874,1.37874,1.37874,1.37874,0,1
1756332300000,1756332359000,1.37871,1.37871,1.37861,1.37861,12750000,1
1756332360000,1756332419000,1.3786,1.37861,1.37851,1.37851,16350000,1
1756332420000,1756332479000,1.37856,1.37858,1.37841,1.37841,53100000,1
1756332480000,1756332539000,1.37844,1.37847,1.37844,1.37844,13800000,1
1756332540000,1756332599000,1.37848,1.37852,1.37848,1.37851,14100000,1
1756332600000,1756332659000,1.37861,1.37861,1.37858,1.3786,19800000,1
1756332660000,1756332719000,1.3786,1.3786,1.37849,1.3785,55500000,1
1756332720000,1756332779000,1.37849,1.3785,1.37849,1.37849,16800000,1
1756332780000,1756332839000,1.3785,1.37851,1.37848,1.37851,18750000,1
1756332840000,1756332899000,1.3785,1.37852,1.37842,1.37852,28050000,1
1756332900000,1756332959000,1.37851,1.37856,1.37848,1.37854,25350000,1
1756332960000,1756333019000,1.37853,1.37853,1.37853,1.37853,9000000,1
1756333020000,1756333079000,1.37853,1.37855,1.37852,1.37853,12150000,1
1756333080000,1756333139000,1.37854,1.37858,1.37854,1.37857,11550000,1
1756333140000,1756333199000,1.37857,1.37858,1.37855,1.37857,21600000,1
1756333200000,1756333259000,1.37857,1.37857,1.37855,1.37856,21900000,1
1756333260000,1756333319000,1.37855,1.37856,1.37855,1.37855,7200000,1
1756333320000,1756333379000,1.37856,1.37856,1.37845,1.37845,18600000,1
1756333380000,1756333439000,1.37845,1.37847,1.37843,1.37846,18300000,1
1756333440000,1756333499000,1.37845,1.3785,1.37844,1.37849,18600000,1
1756333500000,1756333559000,1.37849,1.37849,1.37845,1.37849,36300000,1
1756333560000,1756333619000,1.37848,1.37848,1.37844,1.37845,17550000,1
1756333620000,1756333679000,1.37846,1.37849,1.37845,1.37846,17100000,1
1756333680000,1756333739000,1.37846,1.37846,1.37843,1.37843,37800000,1
1756333740000,1756333799000,1.37843,1.37844,1.37842,1.37842,41850000,1
1756333800000,1756333859000,1.37844,1.37845,1.37842,1.37842,42750000,1
1756333860000,1756333919000,1.37844,1.37844,1.37835,1.37836,28500000,1
1756333920000,1756333979000,1.37836,1.37836,1.37833,1.37834,30600000,1
1756333980000,1756334039000,1.37835,1.37835,1.37832,1.37833,59400000,1
1756334040000,1756334099000,1.37833,1.37834,1.37832,1.37832,16200000,1
1756334100000,1756334159000,1.37831,1.37835,1.37831,1.37834,30900000,1
1756334160000,1756334219000,1.37833,1.37834,1.37826,1.37826,21150000,1
1756334220000,1756334279000,1.37826,1.37829,1.37826,1.37827,10200000,1
1756334280000,1756334339000,1.37829,1.3783,1.37827,1.37829,15300000,1
1756334340000,1756334399000,1.3783,1.37831,1.37829,1.37829,9300000,1
1756334400000,1756334459000,1.3783,1.3783,1.37829,1.3783,7200000,1
1756334460000,1756334519000,1.3783,1.37832,1.37829,1.3783,19200000,1
1756334520000,1756334579000,1.37831,1.37831,1.37827,1.37828,29700000,1
1756334580000,1756334639000,1.37828,1.37835,1.37826,1.37835,10500000,1
1756334640000,1756334699000,1.37831,1.37834,1.37825,1.37827,28650000,1
1756334700000,1756334759000,1.37826,1.37829,1.37826,1.37828,13650000,1
1756334760000,1756334819000,1.37829,1.3783,1.37828,1.37829,9600000,1
1756334820000,1756334879000,1.3783,1.37831,1.37829,1.37831,12600000,1
1756334880000,1756334939000,1.37829,1.37833,1.37829,1.37831,29400000,1
1756334940000,1756334999000,1.37836,1.37838,1.37836,1.37836,18750000,1
1756335000000,1756335059000,1.3784,1.3784,1.37835,1.37835,24300000,1
1756335060000,1756335119000,1.37836,1.37836,1.37832,1.37832,10800000,1
1756335120000,1756335179000,1.37833,1.37835,1.37833,1.37833,10350000,1
1756335180000,1756335239000,1.37834,1.37834,1.37833,1.37833,12600000,1
1756335240000,1756335299000,1.37834,1.37837,1.37833,1.37834,28950000,1
1756335300000,1756335359000,1.37836,1.37837,1.37834,1.37837,14550000,1
1756335360000,1756335419000,1.37835,1.37837,1.37835,1.37836,5550000,1
1756335420000,1756335479000,1.37836,1.37836,1.37835,1.37836,6300000,1
1756335480000,1756335539000,1.37836,1.3784,1.37835,1.37835,29250000,1
1756335540000,1756335599000,1.37833,1.37837,1.37833,1.37835,39000000,1
1756335600000,1756335659000,1.37833,1.37833,1.37829,1.37831,29700000,1
1756335660000,1756335719000,1.3783,1.37832,1.37828,1.37832,21600000,1
1756335720000,1756335779000,1.37831,1.37835,1.37829,1.3783,46800000,1
1756335780000,1756335839000,1.3783,1.37831,1.37828,1.37831,18600000,1
1756335840000,1756335899000,1.3783,1.37832,1.37828,1.37828,34350000,1
1756335900000,1756335959000,1.37831,1.37832,1.3783,1.3783,45450000,1
1756335960000,1756336019000,1.3783,1.37832,1.3783,1.37831,12600000,1
1756336020000,1756336079000,1.3783,1.37831,1.37829,1.3783,28350000,1
1756336080000,1756336139000,1.37831,1.37831,1.37828,1.3783,13200000,1
1756336140000,1756336199000,1.3783,1.37835,1.3783,1.37833,49500000,1
1756336200000,1756336259000,1.37834,1.37835,1.37831,1.37831,21150000,1
1756336260000,1756336319000,1.37831,1.37835,1.37831,1.37835,9150000,1
1756336320000,1756336379000,1.37834,1.37834,1.37834,1.37834,1800000,1
1756336380000,1756336439000,1.37836,1.37836,1.37834,1.37835,6000000,1
1756336440000,1756336499000,1.37837,1.37837,1.37833,1.37836,39150000,1
1756336500000,1756336559000,1.37836,1.37836,1.3783,1.37831,28500000,1
1756336560000,1756336619000,1.37829,1.37831,1.37828,1.37829,15150000,1
1756336620000,1756336679000,1.37831,1.37832,1.37826,1.37827,23550000,1
1756336680000,1756336739000,1.37828,1.3783,1.37827,1.3783,24300000,1
1756336740000,1756336799000,1.37829,1.37832,1.37829,1.37832,16500000,1
1756336800000,1756336859000,1.37832,1.37835,1.37828,1.37831,30300000,1
1756336860000,1756336919000,1.37829,1.37833,1.37828,1.37833,27600000,1
1756336920000,1756336979000,1.37832,1.37832,1.37827,1.37829,21150000,1
1756336980000,1756337039000,1.37828,1.37829,1.37828,1.37829,7200000,1
1756337040000,1756337099000,1.37829,1.37829,1.37828,1.37829,7200000,1
1756337100000,1756337159000,1.37828,1.37829,1.37827,1.37827,9000000,1
1756337160000,1756337219000,1.37828,1.37828,1.37828,1.37828,7200000,1
1756337220000,1756337279000,1.37827,1.37828,1.37827,1.37828,4650000,1
1756337280000,1756337339000,1.37828,1.37828,1.37827,1.37827,11100000,1
1756337340000,1756337399000,1.37829,1.3783,1.37828,1.37829,13650000,1
1756337400000,1756337459000,1.37828,1.3783,1.37824,1.37826,35700000,1
1756337460000,1756337519000,1.37832,1.37832,1.37828,1.37828,9600000,1
1756337520000,1756337579000,1.37828,1.37832,1.37827,1.37829,11550000,1
1756337580000,1756337639000,1.37828,1.37828,1.37826,1.37826,9000000,1
1756337640000,1756337699000,1.37827,1.37828,1.37827,1.37828,7200000,1
1756337700000,1756337759000,1.37826,1.37827,1.37825,1.37827,13800000,1
1756337760000,1756337819000,1.37826,1.37826,1.37825,1.37825,9150000,1
1756337820000,1756337879000,1.37826,1.37827,1.37824,1.37827,29100000,1
1756337880000,1756337939000,1.37827,1.37827,1.37826,1.37827,22600000,1
1756337940000,1756337999000,1.37826,1.37827,1.37822,1.37825,22800000,1
1756338000000,1756338059000,1.37825,1.37829,1.37824,1.37824,58660000,1
1756338060000,1756338119000,1.37826,1.37827,1.37825,1.37825,25250000,1
1756338120000,1756338179000,1.37823,1.37823,1.37818,1.37819,12600000,1
1756338180000,1756338239000,1.37819,1.37823,1.37819,1.37821,28650000,1
1756338240000,1756338299000,1.37822,1.37823,1.37819,1.3782,20700000,1
1756338300000,1756338359000,1.3782,1.37822,1.3782,1.37821,9150000,1
1756338360000,1756338419000,1.37822,1.37824,1.37821,1.37823,18150000,1
1756338420000,1756338479000,1.37824,1.37833,1.37824,1.37833,9600000,1
1756338480000,1756338539000,1.37832,1.37833,1.3783,1.37831,14400000,1
1756338540000,1756338599000,1.37832,1.37843,1.37832,1.37835,38400000,1
1756338600000,1756338659000,1.37834,1.3784,1.37832,1.37833,46650000,1
1756338660000,1756338719000,1.37833,1.37834,1.37823,1.37829,34500000,1
1756338720000,1756338779000,1.37828,1.37828,1.37803,1.37806,47100000,1
1756338780000,1756338839000,1.37804,1.37809,1.37804,1.37809,19800000,1
1756338840000,1756338899000,1.37811,1.37815,1.3781,1.37815,25350000,1
1756338900000,1756338959000,1.37814,1.37816,1.37809,1.3781,36450000,1
1756338960000,1756339019000,1.37811,1.37813,1.3781,1.37812,21750000,1
1756339020000,1756339079000,1.37812,1.37813,1.3781,1.37812,20400000,1
1756339080000,1756339139000,1.37812,1.37813,1.37808,1.37808,14550000,1
1756339140000,1756339199000,1.3781,1.37811,1.37808,1.37808,21600000,1
1756339200000,1756339259000,1.37808,1.37811,1.37795,1.37801,137550000,1
1756339260000,1756339319000,1.37798,1.37799,1.37795,1.37797,70050000,1
1756339320000,1756339379000,1.37795,1.37796,1.37793,1.37796,58950000,1
1756339380000,1756339439000,1.37797,1.37797,1.37784,1.37786,68400000,1
1756339440000,1756339499000,1.37785,1.37794,1.37785,1.37792,39450000,1
1756339500000,1756339559000,1.37793,1.37815,1.37791,1.37808,146400000,1
1756339560000,1756339619000,1.37809,1.37816,1.37801,1.37815,98550000,1
1756339620000,1756339679000,1.37815,1.37815,1.37804,1.37806,100650000,1
1756339680000,1756339739000,1.37806,1.37812,1.37805,1.37811,101400000,1
1756339740000,1756339799000,1.37812,1.37816,1.37811,1.37813,74850000,1
1756339800000,1756339859000,1.37815,1.37821,1.37811,1.37812,61800000,1
1756339860000,1756339919000,1.37812,1.37814,1.37805,1.37807,66900000,1
1756339920000,1756339979000,1.37808,1.37818,1.37806,1.37812,60000000,1
1756339980000,1756340039000,1.37812,1.3782,1.37812,1.37816,108750000,1
1756340040000,1756340099000,1.37818,1.37818,1.37808,1.37812,64050000,1
1756340100000,1756340159000,1.37811,1.37817,1.37797,1.37797,72150000,1
1756340160000,1756340219000,1.37797,1.37804,1.37792,1.37795,38700000,1
1756340220000,1756340279000,1.37797,1.37816,1.37796,1.37816,97200000,1
1756340280000,1756340339000,1.37816,1.37817,1.37798,1.37799,58950000,1
1756340340000,1756340399000,1.37798,1.37801,1.37791,1.37792,62550000,1
1756340400000,1756340459000,1.37791,1.37794,1.37789,1.37792,60150000,1
1756340460000,1756340519000,1.37794,1.37794,1.37788,1.37789,67950000,1
1756340520000,1756340579000,1.37792,1.37792,1.37787,1.3779,33450000,1
1756340580000,1756340639000,1.37788,1.37799,1.37786,1.37791,69600000,1
1756340640000,1756340699000,1.3779,1.37793,1.37785,1.37785,74400000,1
1756340700000,1756340759000,1.37786,1.37793,1.37783,1.37792,88200000,1
1756340760000,1756340819000,1.37791,1.37798,1.37791,1.37796,59100000,1
1756340820000,1756340879000,1.37796,1.37803,1.37796,1.37802,81150000,1
1756340880000,1756340939000,1.378,1.37804,1.37798,1.37798,67800000,1
1756340940000,1756340999000,1.37802,1.37805,1.37799,1.37804,88650000,1
1756341000000,1756341059000,1.37804,1.37808,1.37803,1.37806,69900000,1
1756341060000,1756341119000,1.37806,1.37811,1.37805,1.37809,79050000,1
1756341120000,1756341179000,1.37808,1.37808,1.37801,1.37801,97950000,1
1756341180000,1756341239000,1.37802,1.37808,1.37802,1.37804,28650000,1
1756341240000,1756341299000,1.37805,1.37814,1.37803,1.37812,64500000,1
1756341300000,1756341359000,1.37811,1.37813,1.37804,1.37805,59100000,1
1756341360000,1756341419000,1.37804,1.37815,1.37804,1.37815,25350000,1
1756341420000,1756341479000,1.37816,1.37816,1.37805,1.37805,98700000,1
1756341480000,1756341539000,1.37805,1.37807,1.37801,1.37802,25650000,1
1756341540000,1756341599000,1.37802,1.37802,1.37795,1.37798,58350000,1
1756341600000,1756341659000,1.37798,1.37809,1.37798,1.37809,48300000,1
1756341660000,1756341719000,1.3781,1.3781,1.37806,1.37806,75600000,1
1756341720000,1756341779000,1.37804,1.37807,1.37804,1.37807,11100000,1
1756341780000,1756341839000,1.37805,1.37806,1.37801,1.37803,21450000,1
1756341840000,1756341899000,1.37804,1.37804,1.37796,1.37796,43050000,1
1756341900000,1756341959000,1.37795,1.37798,1.37791,1.37791,46650000,1
1756341960000,1756342019000,1.37791,1.37794,1.3779,1.37791,53100000,1
1756342020000,1756342079000,1.37793,1.37801,1.37785,1.37801,49200000,1
1756342080000,1756342139000,1.37802,1.37809,1.378,1.37801,59400000,1
1756342140000,1756342199000,1.37801,1.37808,1.37801,1.37807,42900000,1
1756342200000,1756342259000,1.37806,1.37816,1.37806,1.37815,52650000,1
1756342260000,1756342319000,1.37815,1.37815,1.37807,1.37808,34350000,1
1756342320000,1756342379000,1.37807,1.3781,1.37806,1.37806,38700000,1
1756342380000,1756342439000,1.37806,1.37807,1.37805,1.37806,37500000,1
1756342440000,1756342499000,1.37807,1.3781,1.37806,1.37806,64200000,1
1756342500000,1756342559000,1.37816,1.37816,1.37804,1.37809,116100000,1
1756342560000,1756342619000,1.37808,1.37819,1.37808,1.37818,36450000,1
1756342620000,1756342679000,1.37818,1.37827,1.37816,1.37827,34650000,1
1756342680000,1756342739000,1.37827,1.37829,1.37825,1.37827,52350000,1
1756342740000,1756342799000,1.37826,1.37827,1.37817,1.37818,65250000,1
1756342800000,1756342859000,1.37817,1.37828,1.37815,1.37827,140250000,1
1756342860000,1756342919000,1.37828,1.37828,1.37816,1.37816,109500000,1
1756342920000,1756342979000,1.37817,1.37819,1.37814,1.37816,66750000,1
1756342980000,1756343039000,1.37816,1.37816,1.37806,1.37808,120300000,1
1756343040000,1756343099000,1.37807,1.37809,1.37803,1.37807,59700000,1
1756343100000,1756343159000,1.37805,1.37807,1.37797,1.37806,60300000,1
1756343160000,1756343219000,1.37805,1.37806,1.37796,1.37798,46650000,1
1756343220000,1756343279000,1.37797,1.37805,1.37797,1.37799,67950000,1
1756343280000,1756343339000,1.37799,1.378,1.37798,1.37799,20700000,1
1756343340000,1756343399000,1.37799,1.37799,1.37797,1.37797,48150000,1
1756343400000,1756343459000,1.37797,1.37799,1.37788,1.37789,137100000,1
1756343460000,1756343519000,1.3779,1.37793,1.37788,1.37791,106650000,1
1756343520000,1756343579000,1.3779,1.3779,1.37781,1.37785,100950000,1
1756343580000,1756343639000,1.37786,1.37789,1.37782,1.37784,65700000,1
1756343640000,1756343699000,1.37784,1.37787,1.37778,1.37779,58650000,1
1756343700000,1756343759000,1.37778,1.37779,1.37774,1.37777,90150000,1
1756343760000,1756343819000,1.37777,1.37788,1.37777,1.37787,83850000,1
1756343820000,1756343879000,1.37789,1.37789,1.37785,1.37787,27600000,1
1756343880000,1756343939000,1.37787,1.3779,1.37785,1.37789,28800000,1
1756343940000,1756343999000,1.3779,1.3779,1.37777,1.37777,37350000,1
1756344000000,1756344059000,1.37778,1.37785,1.37778,1.37785,31950000,1
1756344060000,1756344119000,1.37784,1.37809,1.37783,1.37809,128400000,1
1756344120000,1756344179000,1.37808,1.37825,1.37808,1.37822,81750000,1
1756344180000,1756344239000,1.37822,1.37822,1.37814,1.37817,26100000,1
1756344240000,1756344299000,1.37818,1.37818,1.37809,1.37809,52800000,1
1756344300000,1756344359000,1.3781,1.37815,1.37806,1.37811,34350000,1
1756344360000,1756344419000,1.37812,1.37812,1.37806,1.37806,29700000,1
1756344420000,1756344479000,1.37807,1.37809,1.37807,1.37807,23400000,1
1756344480000,1756344539000,1.37807,1.37813,1.37806,1.37806,38400000,1
1756344540000,1756344599000,1.37806,1.37808,1.37805,1.37806,38550000,1
1756344600000,1756344659000,1.37806,1.37806,1.37787,1.37791,154950000,1
1756344660000,1756344719000,1.37789,1.37792,1.37778,1.37792,58800000,1
1756344720000,1756344779000,1.37794,1.37794,1.37784,1.37791,117300000,1
1756344780000,1756344839000,1.37791,1.37798,1.37791,1.37792,34350000,1
1756344840000,1756344899000,1.37791,1.37794,1.3779,1.37794,72000000,1
1756344900000,1756344959000,1.37794,1.37821,1.37794,1.37818,153150000,1
1756344960000,1756345019000,1.37818,1.3782,1.3781,1.37811,81000000,1
1756345020000,1756345079000,1.3781,1.37811,1.37801,1.37806,78900000,1
1756345080000,1756345139000,1.37806,1.37808,1.37803,1.37805,47400000,1
1756345140000,1756345199000,1.37805,1.37806,1.37802,1.37805,73800000,1
1756345200000,1756345259000,1.37804,1.37805,1.37804,1.37804,19650000,1
1756345260000,1756345319000,1.37801,1.37804,1.37797,1.37798,89700000,1
1756345320000,1756345379000,1.37798,1.37803,1.37786,1.37789,108150000,1
1756345380000,1756345439000,1.3779,1.37799,1.37789,1.37798,104400000,1
1756345440000,1756345499000,1.37799,1.37799,1.37795,1.37796,54300000,1
1756345500000,1756345559000,1.37797,1.37802,1.37796,1.37798,116850000,1
1756345560000,1756345619000,1.37797,1.378,1.3779,1.37792,101550000,1
1756345620000,1756345679000,1.37791,1.37803,1.37791,1.37797,100950000,1
1756345680000,1756345739000,1.37798,1.378,1.37797,1.37799,29400000,1
1756345740000,1756345799000,1.37799,1.37799,1.37787,1.37794,112950000,1
1756345800000,1756345859000,1.37793,1.37797,1.37793,1.37796,63900000,1
1756345860000,1756345919000,1.37795,1.37796,1.37793,1.37795,57450000,1
1756345920000,1756345979000,1.37795,1.37803,1.37795,1.37801,54900000,1
1756345980000,1756346039000,1.37802,1.37806,1.37794,1.37799,80310000,1
1756346040000,1756346099000,1.37799,1.378,1.37797,1.37797,30900000,1
1756346100000,1756346159000,1.37801,1.37805,1.37795,1.37796,89250000,1
1756346160000,1756346219000,1.37796,1.37796,1.37788,1.37788,12750000,1
1756346220000,1756346279000,1.3779,1.37796,1.3779,1.37795,60390000,1
1756346280000,1756346339000,1.37796,1.37808,1.37796,1.37806,57150000,1
1756346340000,1756346399000,1.37806,1.37806,1.37802,1.37802,80700000,1
1756346400000,1756346459000,1.37801,1.3781,1.37801,1.37806,57600000,1
1756346460000,1756346519000,1.37806,1.37808,1.37805,1.37806,32700000,1
1756346520000,1756346579000,1.37804,1.37804,1.37785,1.37786,87000000,1
1756346580000,1756346639000,1.37786,1.37786,1.37775,1.37777,49050000,1
1756346640000,1756346699000,1.37776,1.37787,1.37776,1.37787,58200000,1
1756346700000,1756346759000,1.37788,1.37788,1.37775,1.37777,39780000,1
1756346760000,1756346819000,1.37777,1.37777,1.37765,1.37765,103050000,1
1756346820000,1756346879000,1.37764,1.37767,1.37763,1.37766,36000000,1
1756346880000,1756346939000,1.37767,1.37771,1.37765,1.3777,42900000,1
1756346940000,1756346999000,1.3777,1.37777,1.37761,1.37768,83700000,1
1756347000000,1756347059000,1.37768,1.37779,1.37768,1.37779,76350000,1
1756347060000,1756347119000,1.37778,1.37778,1.37768,1.37769,46200000,1
1756347120000,1756347179000,1.37768,1.37772,1.3776,1.3776,65250000,1
1756347180000,1756347239000,1.3776,1.37765,1.37751,1.37763,99600000,1
1756347240000,1756347299000,1.37763,1.37774,1.37762,1.37774,97500000,1
1756347300000,1756347359000,1.37773,1.37773,1.37766,1.37767,89250000,1
1756347360000,1756347419000,1.37767,1.37767,1.37761,1.37763,103350000,1
1756347420000,1756347479000,1.37762,1.37768,1.37758,1.37768,178500000,1
1756347480000,1756347539000,1.37766,1.37772,1.37765,1.37768,81150000,1
1756347540000,1756347599000,1.37768,1.37772,1.37767,1.37772,174000000,1
1756347600000,1756347659000,1.37771,1.37772,1.37769,1.37769,167550000,1
1756347660000,1756347719000,1.37767,1.37778,1.37766,1.37778,50850000,1
1756347720000,1756347779000,1.37778,1.3778,1.37769,1.37769,99300000,1
1756347780000,1756347839000,1.37769,1.37771,1.37767,1.37769,26850000,1
1756347840000,1756347899000,1.37769,1.37769,1.37767,1.37769,13200000,1
1756347900000,1756347959000,1.37768,1.37778,1.37767,1.37776,52500000,1
1756347960000,1756348019000,1.37775,1.37778,1.37775,1.37777,40500000,1
1756348020000,1756348079000,1.37776,1.37776,1.3777,1.37776,70200000,1
1756348080000,1756348139000,1.37776,1.37776,1.3777,1.3777,72060000,1
1756348140000,1756348199000,1.3777,1.37773,1.37768,1.37769,39330000,1
1756348200000,1756348259000,1.3777,1.37774,1.37769,1.37771,78900000,1
1756348260000,1756348319000,1.37771,1.37771,1.37754,1.37755,57900000,1
1756348320000,1756348379000,1.37757,1.37764,1.37757,1.37764,77100000,1
1756348380000,1756348439000,1.37762,1.37765,1.37761,1.37764,37650000,1
1756348440000,1756348499000,1.37764,1.37766,1.37763,1.37765,61050000,1
1756348500000,1756348559000,1.37765,1.37768,1.37762,1.37767,65700000,1
1756348560000,1756348619000,1.37766,1.37774,1.37762,1.37772,77400000,1
1756348620000,1756348679000,1.37772,1.37775,1.37771,1.37771,149610000,1
1756348680000,1756348739000,1.37771,1.37776,1.37771,1.37774,85200000,1
1756348740000,1756348799000,1.37772,1.37776,1.37771,1.37773,89850000,1
1756348800000,1756348859000,1.37773,1.37775,1.3777,1.37773,140550000,1
1756348860000,1756348919000,1.37773,1.37773,1.37765,1.37765,132150000,1
1756348920000,1756348979000,1.37765,1.37769,1.3776,1.37766,113250000,1
1756348980000,1756349039000,1.37766,1.37768,1.37766,1.37767,22350000,1
1756349040000,1756349099000,1.37767,1.37769,1.37765,1.37765,34200000,1
1756349100000,1756349159000,1.37767,1.3777,1.37763,1.37768,109860000,1
1756349160000,1756349219000,1.37768,1.37768,1.37761,1.37761,57750000,1
1756349220000,1756349279000,1.3776,1.3776,1.37753,1.37754,68700000,1
1756349280000,1756349339000,1.37755,1.37755,1.37749,1.3775,61920000,1
1756349340000,1756349399000,1.37751,1.37752,1.37748,1.3775,49950000,1
1756349400000,1756349459000,1.37751,1.37751,1.37743,1.37743,25950000,1
1756349460000,1756349519000,1.37742,1.37745,1.37738,1.3774,45600000,1
1756349520000,1756349579000,1.3774,1.37749,1.37737,1.37742,113070000,1
1756349580000,1756349639000,1.37741,1.37744,1.37739,1.37739,65370000,1
1756349640000,1756349699000,1.3774,1.37743,1.37739,1.37741,26850000,1
1756349700000,1756349759000,1.37743,1.37746,1.37742,1.37746,41100000,1
1756349760000,1756349819000,1.37745,1.3775,1.37745,1.37746,44250000,1
1756349820000,1756349879000,1.37745,1.37746,1.37742,1.37742,45600000,1
1756349880000,1756349939000,1.37742,1.37746,1.37727,1.37731,79500000,1
1756349940000,1756349999000,1.37732,1.37733,1.37718,1.37724,97350000,1
1756350000000,1756350059000,1.37724,1.3773,1.37724,1.37728,42600000,1
1756350060000,1756350119000,1.37728,1.37728,1.37722,1.37722,39750000,1
1756350120000,1756350179000,1.37723,1.37733,1.37719,1.37732,60150000,1
1756350180000,1756350239000,1.37733,1.37742,1.37733,1.37742,41400000,1
1756350240000,1756350299000,1.37741,1.37741,1.37731,1.37733,23550000,1
1756350300000,1756350359000,1.37732,1.37736,1.37732,1.37733,40500000,1
1756350360000,1756350419000,1.37732,1.37738,1.37723,1.37729,75150000,1
1756350420000,1756350479000,1.37729,1.37729,1.37713,1.37715,65250000,1
1756350480000,1756350539000,1.37715,1.37715,1.37713,1.37714,93300000,1
1756350540000,1756350599000,1.37715,1.37717,1.37708,1.37712,57600000,1
1756350600000,1756350659000,1.37711,1.37719,1.37708,1.37709,101700000,1
1756350660000,1756350719000,1.37709,1.37712,1.37688,1.37699,84300000,1
1756350720000,1756350779000,1.37699,1.37701,1.37699,1.377,42300000,1
1756350780000,1756350839000,1.377,1.37701,1.37697,1.37701,22350000,1
1756350840000,1756350899000,1.37701,1.37707,1.37701,1.37705,39000000,1
1756350900000,1756350959000,1.37706,1.37708,1.37702,1.37707,29400000,1
1756350960000,1756351019000,1.37709,1.37714,1.37707,1.37708,57000000,1
1756351020000,1756351079000,1.37708,1.37708,1.37692,1.37704,62400000,1
1756351080000,1756351139000,1.37707,1.37709,1.37706,1.37708,61650000,1
1756351140000,1756351199000,1.3771,1.37711,1.37709,1.37711,23400000,1
1756351200000,1756351259000,1.3771,1.37711,1.37706,1.37708,73650000,1
1756351260000,1756351319000,1.37707,1.3771,1.37705,1.37705,59250000,1
1756351320000,1756351379000,1.37707,1.37714,1.37705,1.37714,106950000,1
1756351380000,1756351439000,1.37713,1.37719,1.37712,1.37712,79800000,1
1756351440000,1756351499000,1.37713,1.37718,1.37711,1.37714,72750000,1
1756351500000,1756351559000,1.37714,1.37717,1.37713,1.37716,48150000,1
1756351560000,1756351619000,1.37716,1.37719,1.37716,1.37718,34500000,1
1756351620000,1756351679000,1.37718,1.37729,1.37718,1.37728,83850000,1
1756351680000,1756351739000,1.37732,1.37738,1.37732,1.37736,47550000,1
1756351740000,1756351799000,1.37737,1.37739,1.37734,1.37734,51600000,1
1756351800000,1756351859000,1.37736,1.37737,1.37733,1.37733,96450000,1
1756351860000,1756351919000,1.37733,1.37735,1.37726,1.37726,63900000,1
1756351920000,1756351979000,1.37727,1.37732,1.37727,1.37727,22200000,1
1756351980000,1756352039000,1.37727,1.37729,1.37726,1.37728,42750000,1
1756352040000,1756352099000,1.37728,1.37728,1.37725,1.37727,14700000,1
1756352100000,1756352159000,1.37726,1.37732,1.37717,1.37718,100200000,1
1756352160000,1756352219000,1.37718,1.37718,1.37714,1.37718,51600000,1
1756352220000,1756352279000,1.37717,1.37719,1.37716,1.37717,57150000,1
1756352280000,1756352339000,1.37717,1.37729,1.37717,1.37728,82950000,1
1756352340000,1756352399000,1.37727,1.37735,1.37727,1.37735,73650000,1
1756352400000,1756352459000,1.37736,1.37747,1.37735,1.37745,56850000,1
1756352460000,1756352519000,1.37745,1.37747,1.37741,1.37747,48150000,1
1756352520000,1756352579000,1.37749,1.37759,1.37747,1.37756,112350000,1
1756352580000,1756352639000,1.37757,1.37757,1.37752,1.37755,84600000,1
1756352640000,1756352699000,1.37754,1.37756,1.37749,1.37754,98850000,1
1756352700000,1756352759000,1.37757,1.37758,1.37755,1.37755,75450000,1
1756352760000,1756352819000,1.37756,1.37757,1.37755,1.37757,27000000,1
1756352820000,1756352879000,1.37757,1.3776,1.37756,1.37759,40050000,1
1756352880000,1756352939000,1.37758,1.37766,1.37755,1.37765,55350000,1
1756352940000,1756352999000,1.37765,1.37765,1.37763,1.37763,38400000,1
1756353000000,1756353059000,1.37764,1.37774,1.37763,1.37773,49650000,1
1756353060000,1756353119000,1.37774,1.37774,1.37772,1.37772,30750000,1
1756353120000,1756353179000,1.37772,1.37773,1.37764,1.37765,104100000,1
1756353180000,1756353239000,1.37765,1.37768,1.37764,1.37768,39600000,1
1756353240000,1756353299000,1.37767,1.37767,1.37764,1.37765,16800000,1
1756353300000,1756353359000,1.37765,1.37771,1.37765,1.37769,63750000,1
1756353360000,1756353419000,1.37769,1.37778,1.37769,1.37772,60900000,1
1756353420000,1756353479000,1.37771,1.37772,1.37764,1.37768,81600000,1
1756353480000,1756353539000,1.37769,1.37769,1.37762,1.37762,75450000,1
1756353540000,1756353599000,1.37762,1.37769,1.37762,1.37767,95850000,1
1756353600000,1756353659000,1.37767,1.3778,1.37767,1.37779,154050000,1
1756353660000,1756353719000,1.37779,1.37786,1.37779,1.37784,81450000,1
1756353720000,1756353779000,1.37784,1.37789,1.37784,1.37787,66150000,1
1756353780000,1756353839000,1.37787,1.37791,1.37786,1.37787,37350000,1
1756353840000,1756353899000,1.37786,1.3779,1.37782,1.37789,36450000,1
1756353900000,1756353959000,1.37789,1.37792,1.37788,1.37789,78000000,1
1756353960000,1756354019000,1.3779,1.3779,1.37778,1.37778,68550000,1
1756354020000,1756354079000,1.37778,1.37779,1.37777,1.37779,54900000,1
1756354080000,1756354139000,1.37779,1.37785,1.37776,1.37778,61200000,1
1756354140000,1756354199000,1.37778,1.37781,1.37776,1.37779,39300000,1
1756354200000,1756354259000,1.37779,1.37779,1.37772,1.37772,59400000,1
1756354260000,1756354319000,1.37772,1.37775,1.37772,1.37774,81150000,1
1756354320000,1756354379000,1.37773,1.37787,1.37773,1.37785,109050000,1
1756354380000,1756354439000,1.37785,1.37793,1.37783,1.37784,77100000,1
1756354440000,1756354499000,1.37784,1.37784,1.37781,1.37783,70050000,1
1756354500000,1756354559000,1.37784,1.37784,1.37776,1.37776,54750000,1
1756354560000,1756354619000,1.37776,1.37778,1.37776,1.37777,28800000,1
1756354620000,1756354679000,1.37777,1.37778,1.37775,1.37777,62850000,1
1756354680000,1756354739000,1.37776,1.37777,1.37775,1.37775,55050000,1
1756354740000,1756354799000,1.37775,1.37775,1.3777,1.37773,49650000,1
1756354800000,1756354859000,1.37773,1.37775,1.37773,1.37773,8700000,1
1756354860000,1756354919000,1.37774,1.37774,1.37771,1.37771,62100000,1
1756354920000,1756354979000,1.37772,1.37774,1.37772,1.37773,34200000,1
1756354980000,1756355039000,1.37774,1.37776,1.37774,1.37774,9450000,1
1756355040000,1756355099000,1.37773,1.37775,1.37771,1.37775,107250000,1
1756355100000,1756355159000,1.37774,1.37776,1.37772,1.37773,32850000,1
1756355160000,1756355219000,1.37773,1.37773,1.37768,1.37768,93150000,1
1756355220000,1756355279000,1.3777,1.37773,1.37769,1.37772,14850000,1
1756355280000,1756355339000,1.3777,1.37771,1.37769,1.3777,50850000,1
1756355340000,1756355399000,1.37771,1.37777,1.3777,1.37777,74400000,1
1756355400000,1756355459000,1.37776,1.37783,1.37776,1.37782,78150000,1
1756355460000,1756355519000,1.37782,1.37782,1.37778,1.37779,26400000,1
1756355520000,1756355579000,1.37778,1.37786,1.37778,1.37785,76950000,1
1756355580000,1756355639000,1.37785,1.37785,1.3778,1.3778,39150000,1
1756355640000,1756355699000,1.37781,1.37784,1.37775,1.37776,128550000,1
1756355700000,1756355759000,1.37776,1.37783,1.37776,1.37782,29550000,1
1756355760000,1756355819000,1.37781,1.37782,1.37773,1.37773,34650000,1
1756355820000,1756355879000,1.37773,1.37776,1.37771,1.37776,96750000,1
1756355880000,1756355939000,1.37776,1.37777,1.37775,1.37776,39750000,1
1756355940000,1756355999000,1.37777,1.37787,1.37776,1.37786,73500000,1
1756356000000,1756356059000,1.37787,1.37798,1.37786,1.37796,115200000,1
1756356060000,1756356119000,1.37796,1.37804,1.37796,1.37802,66000000,1
1756356120000,1756356179000,1.37802,1.37804,1.378,1.37801,37350000,1
1756356180000,1756356239000,1.37801,1.37803,1.378,1.378,35100000,1
1756356240000,1756356299000,1.37799,1.37802,1.37799,1.37801,50100000,1
1756356300000,1756356359000,1.37803,1.37808,1.37802,1.37807,63150000,1
1756356360000,1756356419000,1.37808,1.37809,1.37807,1.37807,34050000,1
1756356420000,1756356479000,1.37807,1.37807,1.37805,1.37807,32550000,1
1756356480000,1756356539000,1.37808,1.37811,1.37806,1.37809,60000000,1
1756356540000,1756356599000,1.37808,1.37808,1.37805,1.37807,22350000,1
1756356600000,1756356659000,1.37805,1.37805,1.37802,1.37802,49650000,1
1756356660000,1756356719000,1.37803,1.37809,1.37803,1.37809,51600000,1
1756356720000,1756356779000,1.37808,1.37814,1.37807,1.3781,54000000,1
1756356780000,1756356839000,1.37809,1.37814,1.37809,1.3781,59250000,1
1756356840000,1756356899000,1.3781,1.37812,1.37808,1.37811,32700000,1
1756356900000,1756356959000,1.37811,1.37811,1.37808,1.37809,42900000,1
1756356960000,1756357019000,1.37811,1.37815,1.37809,1.37812,35100000,1
1756357020000,1756357079000,1.37812,1.37812,1.37809,1.3781,16350000,1
1756357080000,1756357139000,1.37811,1.37812,1.37809,1.37811,50700000,1
1756357140000,1756357199000,1.3781,1.37812,1.37808,1.37809,40350000,1
1756357200000,1756357259000,1.37809,1.37814,1.37809,1.37812,58200000,1
1756357260000,1756357319000,1.37813,1.37816,1.37813,1.37816,54900000,1
1756357320000,1756357379000,1.37816,1.37816,1.37814,1.37816,19350000,1
1756357380000,1756357439000,1.37816,1.37816,1.37815,1.37815,19950000,1
1756357440000,1756357499000,1.37815,1.37815,1.37813,1.37814,39300000,1
1756357500000,1756357559000,1.37813,1.37816,1.37813,1.37816,17250000,1
1756357560000,1756357619000,1.37816,1.37816,1.37813,1.37813,15450000,1
1756357620000,1756357679000,1.37813,1.37815,1.37813,1.37815,27450000,1
1756357680000,1756357739000,1.37815,1.37815,1.37814,1.37814,17700000,1
1756357740000,1756357799000,1.37814,1.37815,1.37814,1.37815,18000000,1
1756357800000,1756357859000,1.37814,1.37816,1.37814,1.37814,54750000,1
1756357860000,1756357919000,1.37815,1.37817,1.37815,1.37816,51600000,1
1756357920000,1756357979000,1.37816,1.37817,1.37814,1.37816,47100000,1
1756357980000,1756358039000,1.37816,1.37816,1.37813,1.37815,43050000,1
1756358040000,1756358099000,1.37815,1.37816,1.37814,1.37816,39750000,1
1756358100000,1756358159000,1.37816,1.37817,1.37816,1.37816,29550000,1
1756358160000,1756358219000,1.37816,1.37819,1.37816,1.37819,29100000,1
1756358220000,1756358279000,1.37818,1.37821,1.37817,1.37818,38250000,1
1756358280000,1756358339000,1.37818,1.37822,1.37818,1.37822,25200000,1
1756358340000,1756358399000,1.37822,1.37823,1.37819,1.37822,30900000,1
1756358400000,1756358459000,1.37821,1.37824,1.37821,1.37823,25800000,1
1756358460000,1756358519000,1.37824,1.37834,1.37823,1.37834,40050000,1
1756358520000,1756358579000,1.37834,1.37835,1.37834,1.37834,45300000,1
1756358580000,1756358639000,1.37834,1.37845,1.37834,1.37845,39000000,1
1756358640000,1756358699000,1.37845,1.37847,1.37844,1.37845,78600000,1
1756358700000,1756358759000,1.37845,1.37846,1.3784,1.3784,41400000,1
1756358760000,1756358819000,1.3784,1.37843,1.37832,1.37833,42750000,1
1756358820000,1756358879000,1.37834,1.37835,1.37828,1.37834,58650000,1
1756358880000,1756358939000,1.37833,1.37834,1.37833,1.37833,16200000,1
1756358940000,1756358999000,1.37833,1.37833,1.37832,1.37833,5400000,1
1756359000000,1756359059000,1.37832,1.37842,1.37832,1.37842,35550000,1
1756359060000,1756359119000,1.37843,1.37856,1.3784,1.37854,36900000,1
1756359120000,1756359179000,1.37854,1.37861,1.37853,1.37855,55050000,1
1756359180000,1756359239000,1.37856,1.37857,1.37853,1.37854,33750000,1
1756359240000,1756359299000,1.37855,1.37855,1.37852,1.37853,30300000,1
1756359300000,1756359359000,1.37854,1.37855,1.37852,1.37853,52800000,1
1756359360000,1756359419000,1.37853,1.37859,1.37853,1.37854,60300000,1
1756359420000,1756359479000,1.37854,1.37859,1.37853,1.37858,53400000,1
1756359480000,1756359539000,1.3786,1.37865,1.37856,1.3786,52500000,1
1756359540000,1756359599000,1.37862,1.37865,1.37861,1.37862,54600000,1
1756359600000,1756359659000,1.37862,1.37864,1.37852,1.37858,64500000,1
1756359660000,1756359719000,1.3786,1.3787,1.3786,1.3787,104100000,1
1756359720000,1756359779000,1.3787,1.37874,1.3787,1.37871,75900000,1
1756359780000,1756359839000,1.3787,1.37872,1.37869,1.3787,111600000,1
1756359840000,1756359899000,1.37869,1.37871,1.37869,1.3787,34500000,1
1756359900000,1756359959000,1.37869,1.37871,1.37869,1.3787,31950000,1
1756359960000,1756360019000,1.3787,1.3787,1.37859,1.37861,38100000,1
1756360020000,1756360079000,1.3786,1.3786,1.37835,1.37841,73350000,1
1756360080000,1756360139000,1.37839,1.37844,1.37837,1.37843,61950000,1
1756360140000,1756360199000,1.37842,1.37848,1.37842,1.37842,37500000,1
1756360200000,1756360259000,1.37842,1.37845,1.37841,1.37841,30600000,1
1756360260000,1756360319000,1.37841,1.37841,1.37824,1.37827,114450000,1
1756360320000,1756360379000,1.37827,1.37831,1.37826,1.37826,66000000,1
1756360380000,1756360439000,1.37827,1.37827,1.37823,1.37825,36000000,1
1756360440000,1756360499000,1.37825,1.37825,1.37816,1.37816,49200000,1
1756360500000,1756360559000,1.37817,1.37818,1.37808,1.37812,48300000,1
1756360560000,1756360619000,1.37812,1.37813,1.37808,1.37812,51000000,1
1756360620000,1756360679000,1.37812,1.37823,1.37812,1.37821,38700000,1
1756360680000,1756360739000,1.37822,1.37824,1.37822,1.37823,20400000,1
1756360740000,1756360799000,1.37823,1.37824,1.37821,1.37823,12600000,1
1756360800000,1756360859000,1.37822,1.3784,1.37816,1.37824,166650000,1
1756360860000,1756360919000,1.37822,1.37825,1.37811,1.37812,91350000,1
1756360920000,1756360979000,1.37814,1.37819,1.37793,1.37797,92400000,1
1756360980000,1756361039000,1.37797,1.37802,1.37794,1.37794,71850000,1
1756361040000,1756361099000,1.37795,1.37805,1.37794,1.37803,93150000,1
1756361100000,1756361159000,1.37803,1.37804,1.37786,1.37786,106950000,1
1756361160000,1756361219000,1.37787,1.37795,1.37786,1.37787,57900000,1
1756361220000,1756361279000,1.37786,1.37794,1.37786,1.37791,44700000,1
1756361280000,1756361339000,1.3779,1.37797,1.3779,1.37797,67050000,1
1756361340000,1756361399000,1.37797,1.37807,1.37795,1.37797,75300000,1
1756361400000,1756361459000,1.37795,1.37808,1.37795,1.37808,49200000,1
1756361460000,1756361519000,1.37807,1.37811,1.37796,1.37801,41100000,1
1756361520000,1756361579000,1.37801,1.37802,1.37792,1.37793,27450000,1
1756361580000,1756361639000,1.37792,1.37793,1.37769,1.37773,68250000,1
1756361640000,1756361699000,1.37773,1.37782,1.3777,1.3778,72000000,1
1756361700000,1756361759000,1.3778,1.37783,1.37776,1.37779,57150000,1
1756361760000,1756361819000,1.37778,1.3778,1.37774,1.37775,38250000,1
1756361820000,1756361879000,1.37776,1.37789,1.37775,1.37787,40050000,1
1756361880000,1756361939000,1.37787,1.3779,1.37778,1.37779,54000000,1
1756361940000,1756361999000,1.3778,1.37782,1.37775,1.37782,29700000,1
1756362000000,1756362059000,1.3778,1.37786,1.37779,1.37784,52350000,1
1756362060000,1756362119000,1.37784,1.37788,1.37783,1.37788,49500000,1
1756362120000,1756362179000,1.37788,1.37788,1.37777,1.37777,42150000,1
1756362180000,1756362239000,1.37776,1.37778,1.37775,1.37777,34800000,1
1756362240000,1756362299000,1.37776,1.37786,1.37776,1.37786,59400000,1
1756362300000,1756362359000,1.37787,1.37795,1.37785,1.37793,83550000,1
1756362360000,1756362419000,1.37795,1.378,1.37792,1.37797,42450000,1
1756362420000,1756362479000,1.37797,1.37808,1.37797,1.37808,58350000,1
1756362480000,1756362539000,1.37814,1.37827,1.37811,1.37816,75600000,1
1756362540000,1756362599000,1.37816,1.37818,1.37814,1.37818,84150000,1
1756362600000,1756362659000,1.37818,1.37822,1.37812,1.37816,59400000,1
1756362660000,1756362719000,1.37816,1.37837,1.37816,1.37835,158250000,1
1756362720000,1756362779000,1.37836,1.37839,1.37835,1.37838,58650000,1
1756362780000,1756362839000,1.37838,1.37847,1.3783,1.3783,105150000,1
1756362840000,1756362899000,1.37832,1.37833,1.37825,1.37826,26850000,1
1756362900000,1756362959000,1.37828,1.37847,1.37828,1.37847,90600000,1
1756362960000,1756363019000,1.37846,1.37847,1.3784,1.37844,57000000,1
1756363020000,1756363079000,1.37844,1.37844,1.37825,1.37826,125700000,1
1756363080000,1756363139000,1.37825,1.37826,1.3779,1.37795,233250000,1
1756363140000,1756363199000,1.37793,1.37813,1.3779,1.37813,193650000,1
1756363200000,1756363259000,1.37813,1.37821,1.37808,1.37821,140100000,1
1756363260000,1756363319000,1.37822,1.37827,1.37819,1.37822,43200000,1
1756363320000,1756363379000,1.37822,1.37826,1.37819,1.37819,120900000,1
1756363380000,1756363439000,1.3782,1.37821,1.37811,1.37819,114150000,1
1756363440000,1756363499000,1.37817,1.37823,1.37817,1.3782,39600000,1
1756363500000,1756363559000,1.37819,1.37833,1.37818,1.37831,74100000,1
1756363560000,1756363619000,1.37831,1.37834,1.37827,1.37831,57300000,1
1756363620000,1756363679000,1.37831,1.37832,1.37824,1.37824,22800000,1
1756363680000,1756363739000,1.37823,1.37832,1.37821,1.3783,53400000,1
1756363740000,1756363799000,1.3783,1.37832,1.37829,1.37829,42300000,1
1756363800000,1756363859000,1.37829,1.37831,1.37818,1.37829,106050000,1
1756363860000,1756363919000,1.37828,1.37829,1.37826,1.37828,40950000,1
1756363920000,1756363979000,1.37829,1.37835,1.37829,1.37831,88950000,1
1756363980000,1756364039000,1.37832,1.37837,1.3783,1.37835,104250000,1
1756364040000,1756364099000,1.37836,1.37846,1.37836,1.37841,83100000,1
1756364100000,1756364159000,1.3784,1.37841,1.37835,1.37836,28350000,1
1756364160000,1756364219000,1.37837,1.37839,1.37833,1.37834,55950000,1
1756364220000,1756364279000,1.37833,1.37833,1.37827,1.37828,11100000,1
1756364280000,1756364339000,1.37828,1.37835,1.37827,1.37829,44700000,1
1756364340000,1756364399000,1.37828,1.37828,1.37823,1.37826,46950000,1
1756364400000,1756364459000,1.37828,1.3784,1.37823,1.37824,179850000,1
1756364460000,1756364519000,1.37824,1.37826,1.37813,1.37813,88650000,1
1756364520000,1756364579000,1.37814,1.37837,1.37814,1.37831,65550000,1
1756364580000,1756364639000,1.37831,1.37839,1.37826,1.37831,174150000,1
1756364640000,1756364699000,1.3783,1.3783,1.37803,1.37811,145950000,1
1756364700000,1756364759000,1.37811,1.37827,1.37804,1.37826,112500000,1
1756364760000,1756364819000,1.37827,1.3783,1.37819,1.37821,76350000,1
1756364820000,1756364879000,1.37821,1.37832,1.37818,1.37829,67800000,1
1756364880000,1756364939000,1.3783,1.37833,1.37824,1.37832,68400000,1
1756364940000,1756364999000,1.37833,1.37842,1.37829,1.37841,110250000,1
1756365000000,1756365059000,1.37842,1.37861,1.37842,1.37856,82050000,1
1756365060000,1756365119000,1.37856,1.3787,1.3785,1.3786,132000000,1
1756365120000,1756365179000,1.3786,1.37862,1.37853,1.37853,109350000,1
1756365180000,1756365239000,1.37853,1.37854,1.37841,1.37841,95550000,1
1756365240000,1756365299000,1.37843,1.37848,1.37839,1.37846,69150000,1
1756365300000,1756365359000,1.37845,1.37851,1.37832,1.37835,133650000,1
1756365360000,1756365419000,1.37834,1.37842,1.37834,1.37836,129150000,1
1756365420000,1756365479000,1.37836,1.37844,1.37832,1.37843,97350000,1
1756365480000,1756365539000,1.37843,1.37865,1.37843,1.37863,118350000,1
1756365540000,1756365599000,1.37864,1.37864,1.37851,1.37852,99150000,1
1756365600000,1756365659000,1.37852,1.37857,1.37841,1.37842,107550000,1
1756365660000,1756365719000,1.37841,1.37849,1.37841,1.37846,163950000,1
1756365720000,1756365779000,1.37845,1.37845,1.37836,1.37837,101400000,1
1756365780000,1756365839000,1.37836,1.37836,1.37826,1.37827,101400000,1
1756365840000,1756365899000,1.37828,1.37833,1.37825,1.37828,149700000,1
1756365900000,1756365959000,1.37829,1.37837,1.37828,1.37833,101100000,1
1756365960000,1756366019000,1.37835,1.37835,1.37822,1.37822,141600000,1
1756366020000,1756366079000,1.37822,1.37823,1.37813,1.37815,158550000,1
1756366080000,1756366139000,1.37815,1.37834,1.37814,1.37826,117750000,1
1756366140000,1756366199000,1.37827,1.37827,1.37809,1.37812,146700000,1
1756366200000,1756366259000,1.37812,1.37817,1.37802,1.37802,165600000,1
1756366260000,1756366319000,1.37802,1.3782,1.37802,1.3782,165750000,1
1756366320000,1756366379000,1.37822,1.37826,1.3782,1.37824,78300000,1
1756366380000,1756366439000,1.37824,1.37831,1.37823,1.37828,128850000,1
1756366440000,1756366499000,1.37829,1.37839,1.37829,1.37834,153300000,1
1756366500000,1756366559000,1.37835,1.37839,1.37834,1.37837,125550000,1
1756366560000,1756366619000,1.37837,1.37845,1.37837,1.37845,50400000,1
1756366620000,1756366679000,1.37845,1.37849,1.37841,1.37849,127650000,1
1756366680000,1756366739000,1.37849,1.37862,1.37846,1.37861,68850000,1
1756366740000,1756366799000,1.37862,1.37862,1.37846,1.37847,101700000,1
1756366800000,1756366859000,1.37845,1.37846,1.3784,1.3784,58050000,1
1756366860000,1756366919000,1.3784,1.37844,1.37839,1.3784,77100000,1
1756366920000,1756366979000,1.37839,1.37841,1.37823,1.3783,100350000,1
1756366980000,1756367039000,1.3783,1.37831,1.37818,1.37818,131550000,1
1756367040000,1756367099000,1.37817,1.3782,1.37816,1.37817,80850000,1
1756367100000,1756367159000,1.37816,1.37817,1.37805,1.37808,55050000,1
1756367160000,1756367219000,1.37807,1.37812,1.37795,1.37801,135300000,1
1756367220000,1756367279000,1.37804,1.37812,1.37798,1.37812,91800000,1
1756367280000,1756367339000,1.37813,1.37814,1.37805,1.37806,155400000,1
1756367340000,1756367399000,1.37806,1.37808,1.37798,1.37799,104400000,1
1756367400000,1756367459000,1.37801,1.37809,1.37797,1.37809,57480000,1
1756367460000,1756367519000,1.3781,1.37822,1.3781,1.3782,80380000,1
1756367520000,1756367579000,1.37819,1.37833,1.37819,1.37829,130890000,1
1756367580000,1756367639000,1.37828,1.37829,1.37815,1.37816,44250000,1
1756367640000,1756367699000,1.37818,1.37819,1.37805,1.37808,110400000,1
1756367700000,1756367759000,1.37809,1.37813,1.37804,1.37804,152400000,1
1756367760000,1756367819000,1.37804,1.37809,1.37798,1.37808,109350000,1
1756367820000,1756367879000,1.37808,1.37808,1.37796,1.37796,88350000,1
1756367880000,1756367939000,1.37796,1.37799,1.37786,1.37788,70050000,1
1756367940000,1756367999000,1.37788,1.37788,1.37769,1.37779,132000000,1
1756368000000,1756368059000,1.37779,1.37786,1.37771,1.37785,149700000,1
1756368060000,1756368119000,1.37785,1.37785,1.3778,1.37782,262350000,1
1756368120000,1756368179000,1.37783,1.37792,1.3778,1.3779,64800000,1
1756368180000,1756368239000,1.37791,1.37815,1.37791,1.37812,74850000,1
1756368240000,1756368299000,1.37813,1.37816,1.37807,1.37808,81600000,1
1756368300000,1756368359000,1.37807,1.37824,1.37807,1.3782,114900000,1
1756368360000,1756368419000,1.3782,1.37826,1.37815,1.37818,110700000,1
1756368420000,1756368479000,1.37819,1.37832,1.37818,1.37831,129750000,1
1756368480000,1756368539000,1.37828,1.37831,1.37815,1.37815,170850000,1
1756368540000,1756368599000,1.37817,1.37823,1.37813,1.37823,131250000,1
1756368600000,1756368659000,1.37824,1.37846,1.37818,1.37827,164700000,1
1756368660000,1756368719000,1.37827,1.37838,1.37817,1.37817,202200000,1
1756368720000,1756368779000,1.37818,1.37838,1.37816,1.37822,94950000,1
1756368780000,1756368839000,1.37821,1.37822,1.37813,1.37817,52800000,1
1756368840000,1756368899000,1.37818,1.37818,1.37806,1.37817,82050000,1
1756368900000,1756368959000,1.37818,1.3782,1.37806,1.37808,133350000,1
1756368960000,1756369019000,1.37808,1.37816,1.37807,1.37807,136200000,1
1756369020000,1756369079000,1.37806,1.37821,1.37806,1.37819,89850000,1
1756369080000,1756369139000,1.37819,1.37821,1.37813,1.3782,50550000,1
1756369140000,1756369199000,1.3782,1.37827,1.37817,1.37823,53400000,1
1756369200000,1756369259000,1.37822,1.37832,1.37818,1.3783,94200000,1
1756369260000,1756369319000,1.37831,1.37832,1.37822,1.3783,118950000,1
1756369320000,1756369379000,1.3783,1.37834,1.37819,1.37821,89550000,1
1756369380000,1756369439000,1.37821,1.37822,1.37814,1.37814,69150000,1
1756369440000,1756369499000,1.37816,1.37816,1.37799,1.37802,80400000,1
1756369500000,1756369559000,1.37801,1.37815,1.37801,1.37815,66600000,1
1756369560000,1756369619000,1.37815,1.37829,1.37815,1.37824,159900000,1
1756369620000,1756369679000,1.37824,1.3783,1.37813,1.37813,111750000,1
1756369680000,1756369739000,1.37812,1.37832,1.37809,1.37831,238800000,1
1756369740000,1756369799000,1.37831,1.37839,1.37829,1.37838,99300000,1
1756369800000,1756369859000,1.37836,1.37841,1.37832,1.37837,105750000,1
1756369860000,1756369919000,1.37838,1.37849,1.37829,1.3783,134250000,1
1756369920000,1756369979000,1.3783,1.37833,1.37823,1.37829,101700000,1
1756369980000,1756370039000,1.37828,1.37829,1.37814,1.37814,70200000,1
1756370040000,1756370099000,1.37815,1.37819,1.37812,1.37814,83400000,1
1756370100000,1756370159000,1.37815,1.37816,1.37809,1.37809,30300000,1
1756370160000,1756370219000,1.37813,1.37815,1.37798,1.37799,133050000,1
1756370220000,1756370279000,1.37798,1.37803,1.37793,1.37794,46800000,1
1756370280000,1756370339000,1.37794,1.37802,1.37793,1.37795,80550000,1
1756370340000,1756370399000,1.37795,1.378,1.37793,1.37796,96750000,1
1756370400000,1756370459000,1.37797,1.37797,1.37788,1.37791,69630000,1
1756370460000,1756370519000,1.37792,1.37797,1.37787,1.37789,125760000,1
1756370520000,1756370579000,1.37788,1.37788,1.37776,1.3778,141000000,1
1756370580000,1756370639000,1.3778,1.37783,1.37769,1.37774,127050000,1
1756370640000,1756370699000,1.37775,1.37777,1.3777,1.37771,106500000,1
1756370700000,1756370759000,1.37771,1.37773,1.37761,1.37762,57900000,1
1756370760000,1756370819000,1.37761,1.37764,1.37756,1.37762,110850000,1
1756370820000,1756370879000,1.37763,1.37763,1.37752,1.37752,70350000,1
1756370880000,1756370939000,1.37752,1.37763,1.37751,1.37757,114000000,1
1756370940000,1756370999000,1.37756,1.37762,1.3775,1.37755,168300000,1
1756371000000,1756371059000,1.37754,1.37757,1.37742,1.37756,126900000,1
1756371060000,1756371119000,1.37757,1.37762,1.37749,1.37761,167700000,1
1756371120000,1756371179000,1.3776,1.37769,1.37757,1.37767,109050000,1
1756371180000,1756371239000,1.37766,1.37772,1.37761,1.37764,126450000,1
1756371240000,1756371299000,1.37766,1.37766,1.37761,1.37762,74400000,1
1756371300000,1756371359000,1.37761,1.37761,1.37749,1.37755,142500000,1
1756371360000,1756371419000,1.37753,1.37757,1.37749,1.37757,120300000,1
1756371420000,1756371479000,1.37757,1.37768,1.37757,1.37766,68700000,1
1756371480000,1756371539000,1.37765,1.37766,1.37751,1.3776,146250000,1
1756371540000,1756371599000,1.3776,1.37761,1.37751,1.37758,104400000,1
1756371600000,1756371659000,1.37756,1.37758,1.37748,1.37758,200550000,1
1756371660000,1756371719000,1.37757,1.3776,1.37743,1.37749,74700000,1
1756371720000,1756371779000,1.37749,1.37758,1.3774,1.3774,138750000,1
1756371780000,1756371839000,1.3774,1.37742,1.37738,1.37739,64200000,1
1756371840000,1756371899000,1.37738,1.37738,1.37723,1.37723,57150000,1
1756371900000,1756371959000,1.37724,1.37724,1.37713,1.37714,172500000,1
1756371960000,1756372019000,1.37713,1.37721,1.37713,1.37717,98850000,1
1756372020000,1756372079000,1.37717,1.37719,1.37704,1.3771,134250000,1
1756372080000,1756372139000,1.37709,1.37709,1.37695,1.37695,92700000,1
1756372140000,1756372199000,1.37695,1.37695,1.37681,1.37687,110850000,1
1756372200000,1756372259000,1.37688,1.37702,1.37686,1.37697,139950000,1
1756372260000,1756372319000,1.37697,1.37713,1.37695,1.37706,77700000,1
1756372320000,1756372379000,1.37705,1.37705,1.37693,1.37698,54150000,1
1756372380000,1756372439000,1.37698,1.37702,1.37695,1.37699,155700000,1
1756372440000,1756372499000,1.377,1.37714,1.37696,1.3771,62100000,1
1756372500000,1756372559000,1.37711,1.37711,1.377,1.37701,84600000,1
1756372560000,1756372619000,1.37702,1.37709,1.377,1.377,160200000,1
1756372620000,1756372679000,1.377,1.3771,1.37699,1.377,195750000,1
1756372680000,1756372739000,1.377,1.37704,1.37696,1.37702,89400000,1
1756372740000,1756372799000,1.37702,1.37706,1.37697,1.37704,245250000,1
1756372800000,1756372859000,1.37704,1.37705,1.37699,1.37702,91350000,1
1756372860000,1756372919000,1.377,1.37707,1.37699,1.37704,61350000,1
1756372920000,1756372979000,1.37703,1.3771,1.37701,1.37704,86550000,1
1756372980000,1756373039000,1.37702,1.37705,1.37689,1.37689,100950000,1
1756373040000,1756373099000,1.37691,1.37695,1.37689,1.37691,109500000,1
1756373100000,1756373159000,1.37693,1.37693,1.37676,1.37676,118350000,1
1756373160000,1756373219000,1.37674,1.37684,1.37674,1.37684,137100000,1
1756373220000,1756373279000,1.37684,1.37684,1.37674,1.37675,124950000,1
1756373280000,1756373339000,1.37676,1.37677,1.37673,1.37675,131400000,1
1756373340000,1756373399000,1.37674,1.37676,1.37674,1.37675,54450000,1
1756373400000,1756373459000,1.37675,1.377,1.37674,1.377,123900000,1
1756373460000,1756373519000,1.37699,1.37702,1.37695,1.37699,61800000,1
1756373520000,1756373579000,1.377,1.37707,1.37698,1.37707,74850000,1
1756373580000,1756373639000,1.37708,1.37712,1.37706,1.37707,68850000,1
1756373640000,1756373699000,1.37705,1.37706,1.377,1.37703,107700000,1
1756373700000,1756373759000,1.37703,1.37712,1.37703,1.37711,60300000,1
1756373760000,1756373819000,1.37712,1.37722,1.37709,1.37721,46050000,1
1756373820000,1756373879000,1.37722,1.37722,1.37712,1.37713,74400000,1
1756373880000,1756373939000,1.37712,1.37713,1.37711,1.37712,66150000,1
1756373940000,1756373999000,1.37711,1.37713,1.37706,1.37708,34950000,1
1756374000000,1756374059000,1.37706,1.37709,1.37701,1.37703,53550000,1
1756374060000,1756374119000,1.37703,1.37707,1.37699,1.377,73050000,1
1756374120000,1756374179000,1.37699,1.37701,1.37691,1.37698,127350000,1
1756374180000,1756374239000,1.37698,1.37709,1.37697,1.37709,79050000,1
1756374240000,1756374299000,1.37709,1.37723,1.37709,1.37723,141600000,1
1756374300000,1756374359000,1.37723,1.37727,1.37719,1.37726,171750000,1
1756374360000,1756374419000,1.37724,1.3774,1.37724,1.37738,114750000,1
1756374420000,1756374479000,1.37739,1.3774,1.3773,1.3773,203400000,1
1756374480000,1756374539000,1.37729,1.37729,1.3771,1.37711,250200000,1
1756374540000,1756374599000,1.3771,1.37711,1.37701,1.37701,157950000,1
1756374600000,1756374659000,1.37702,1.37702,1.3769,1.37694,145500000,1
1756374660000,1756374719000,1.37695,1.37697,1.37692,1.37696,198300000,1
1756374720000,1756374779000,1.37695,1.37698,1.37689,1.37696,143850000,1
1756374780000,1756374839000,1.37695,1.377,1.37693,1.37697,105450000,1
1756374840000,1756374899000,1.37697,1.37705,1.37697,1.37705,106500000,1
1756374900000,1756374959000,1.37704,1.37705,1.377,1.37701,84450000,1
1756374960000,1756375019000,1.377,1.37701,1.37695,1.37701,69600000,1
1756375020000,1756375079000,1.37699,1.37723,1.37697,1.37718,88050000,1
1756375080000,1756375139000,1.37717,1.37719,1.37711,1.37711,53400000,1
1756375140000,1756375199000,1.37713,1.37717,1.37702,1.37709,189990000,1
1756375200000,1756375259000,1.37709,1.37731,1.37705,1.37727,117750000,1
1756375260000,1756375319000,1.37727,1.3773,1.37719,1.37729,137700000,1
1756375320000,1756375379000,1.37729,1.37734,1.37727,1.37728,78450000,1
1756375380000,1756375439000,1.37728,1.37732,1.37727,1.37728,80400000,1
1756375440000,1756375499000,1.37728,1.37731,1.3772,1.37724,126600000,1
1756375500000,1756375559000,1.37725,1.37725,1.3772,1.37721,79950000,1
1756375560000,1756375619000,1.37722,1.37723,1.37711,1.37713,154200000,1
1756375620000,1756375679000,1.37716,1.37721,1.3771,1.37719,66000000,1
1756375680000,1756375739000,1.3772,1.37724,1.3771,1.3771,88650000,1
1756375740000,1756375799000,1.3771,1.3771,1.37694,1.37696,88800000,1
1756375800000,1756375859000,1.37699,1.37701,1.37692,1.37697,67650000,1
1756375860000,1756375919000,1.377,1.377,1.3769,1.3769,46200000,1
1756375920000,1756375979000,1.3769,1.37703,1.37689,1.37699,71700000,1
1756375980000,1756376039000,1.37699,1.37699,1.37693,1.37693,66000000,1
1756376040000,1756376099000,1.37695,1.37696,1.37684,1.37686,70200000,1
1756376100000,1756376159000,1.37686,1.3769,1.37674,1.37674,80250000,1
1756376160000,1756376219000,1.37675,1.37675,1.37669,1.37673,30600000,1
1756376220000,1756376279000,1.37673,1.37674,1.37663,1.37665,83100000,1
1756376280000,1756376339000,1.37668,1.37668,1.37654,1.37664,99300000,1
1756376340000,1756376399000,1.37665,1.37668,1.37663,1.37664,121200000,1
1756376400000,1756376459000,1.37664,1.37664,1.37655,1.37662,93450000,1
1756376460000,1756376519000,1.37663,1.37663,1.37653,1.37656,133650000,1
1756376520000,1756376579000,1.37657,1.37657,1.37643,1.37647,123750000,1
1756376580000,1756376639000,1.37644,1.3765,1.37643,1.37645,121500000,1
1756376640000,1756376699000,1.37646,1.37651,1.37641,1.3765,95850000,1
1756376700000,1756376759000,1.37651,1.37651,1.37646,1.37647,91800000,1
1756376760000,1756376819000,1.37648,1.37648,1.37637,1.37638,46800000,1
1756376820000,1756376879000,1.37637,1.37644,1.37631,1.37637,130500000,1
1756376880000,1756376939000,1.37636,1.37641,1.37634,1.37639,104850000,1
1756376940000,1756376999000,1.3764,1.37648,1.37637,1.37638,152550000,1
1756377000000,1756377059000,1.37639,1.37644,1.37637,1.3764,137250000,1
1756377060000,1756377119000,1.37638,1.37642,1.37628,1.37628,179250000,1
1756377120000,1756377179000,1.37628,1.37631,1.37615,1.37619,112350000,1
1756377180000,1756377239000,1.37619,1.37627,1.37619,1.37625,69000000,1
1756377240000,1756377299000,1.37626,1.37646,1.37622,1.37645,163500000,1
1756377300000,1756377359000,1.37646,1.37653,1.37639,1.3764,154950000,1
1756377360000,1756377419000,1.3764,1.37647,1.37637,1.37637,78600000,1
1756377420000,1756377479000,1.37642,1.37642,1.37628,1.37628,102750000,1
1756377480000,1756377539000,1.37628,1.37628,1.37618,1.3762,70500000,1
1756377540000,1756377599000,1.3762,1.3762,1.37613,1.37614,82950000,1
1756377600000,1756377659000,1.37614,1.37627,1.37614,1.37625,115050000,1
1756377660000,1756377719000,1.37627,1.37629,1.37623,1.37625,80400000,1
1756377720000,1756377779000,1.37624,1.37627,1.37619,1.37626,91860000,1
1756377780000,1756377839000,1.37626,1.37645,1.37626,1.37635,72740000,1
1756377840000,1756377899000,1.37634,1.37639,1.37631,1.37635,85200000,1
1756377900000,1756377959000,1.37634,1.37635,1.37628,1.37632,127650000,1
1756377960000,1756378019000,1.37633,1.37633,1.37628,1.37629,86550000,1
1756378020000,1756378079000,1.37631,1.37631,1.37616,1.37623,88310000,1
1756378080000,1756378139000,1.37625,1.37625,1.37612,1.37615,70950000,1
1756378140000,1756378199000,1.37616,1.3762,1.37614,1.37618,130200000,1
1756378200000,1756378259000,1.37617,1.37618,1.3761,1.37614,100500000,1
1756378260000,1756378319000,1.37617,1.3762,1.37617,1.37617,50400000,1
1756378320000,1756378379000,1.37617,1.37626,1.37617,1.37622,56250000,1
1756378380000,1756378439000,1.37622,1.37623,1.37619,1.37622,70500000,1
1756378440000,1756378499000,1.37621,1.37623,1.37609,1.37622,102000000,1
1756378500000,1756378559000,1.37622,1.37629,1.37621,1.37622,66450000,1
1756378560000,1756378619000,1.37623,1.37625,1.37613,1.37615,66900000,1
1756378620000,1756378679000,1.37617,1.37626,1.37617,1.37623,59550000,1
1756378680000,1756378739000,1.37624,1.37625,1.37614,1.37621,101250000,1
1756378740000,1756378799000,1.37619,1.3762,1.37614,1.37618,55050000,1
1756378800000,1756378859000,1.37616,1.37619,1.37609,1.37613,102600000,1
1756378860000,1756378919000,1.37615,1.37634,1.37612,1.37632,181650000,1
1756378920000,1756378979000,1.37631,1.37632,1.37619,1.37621,91350000,1
1756378980000,1756379039000,1.37621,1.37621,1.37607,1.37612,107400000,1
1756379040000,1756379099000,1.37611,1.37611,1.376,1.37605,93600000,1
1756379100000,1756379159000,1.37604,1.37613,1.37603,1.37609,141600000,1
1756379160000,1756379219000,1.37609,1.37613,1.37608,1.37612,79800000,1
1756379220000,1756379279000,1.37613,1.37617,1.37609,1.37611,64200000,1
1756379280000,1756379339000,1.37611,1.37628,1.37611,1.37624,163200000,1
1756379340000,1756379399000,1.37624,1.37631,1.37619,1.37631,112350000,1
1756379400000,1756379459000,1.37631,1.37645,1.37631,1.37642,84000000,1
1756379460000,1756379519000,1.37642,1.37642,1.37625,1.37634,92250000,1
1756379520000,1756379579000,1.37633,1.37634,1.37626,1.37629,86850000,1
1756379580000,1756379639000,1.37628,1.37629,1.37612,1.37615,98850000,1
1756379640000,1756379699000,1.37614,1.37628,1.37614,1.37627,75000000,1
1756379700000,1756379759000,1.37627,1.3764,1.37627,1.37638,84300000,1
1756379760000,1756379819000,1.37638,1.37648,1.37638,1.37647,98100000,1
1756379820000,1756379879000,1.37647,1.37648,1.37642,1.37648,75000000,1
1756379880000,1756379939000,1.37646,1.37658,1.3764,1.37655,155850000,1
1756379940000,1756379999000,1.37655,1.37655,1.37641,1.37642,38700000,1
1756380000000,1756380059000,1.37641,1.37646,1.37636,1.37636,100800000,1
1756380060000,1756380119000,1.37636,1.37641,1.37636,1.3764,44250000,1
1756380120000,1756380179000,1.37641,1.37652,1.3764,1.37649,70350000,1
1756380180000,1756380239000,1.37649,1.37649,1.3764,1.3764,63750000,1
1756380240000,1756380299000,1.37638,1.37638,1.37621,1.37627,112350000,1
1756380300000,1756380359000,1.37627,1.37631,1.37622,1.37629,58650000,1
1756380360000,1756380419000,1.37628,1.3765,1.37628,1.37649,72900000,1
1756380420000,1756380479000,1.37648,1.3765,1.37646,1.37649,48750000,1
1756380480000,1756380539000,1.37649,1.37649,1.37645,1.37645,25350000,1
1756380540000,1756380599000,1.37645,1.37645,1.37635,1.37639,45300000,1
1756380600000,1756380659000,1.3764,1.37641,1.3763,1.3763,30750000,1
1756380660000,1756380719000,1.3763,1.37633,1.37617,1.37632,57600000,1
1756380720000,1756380779000,1.37632,1.37646,1.37631,1.3764,67950000,1
1756380780000,1756380839000,1.3764,1.37641,1.3763,1.37636,148650000,1
1756380840000,1756380899000,1.37635,1.37638,1.37632,1.37632,79650000,1
1756380900000,1756380959000,1.37632,1.3764,1.37631,1.3764,58950000,1
1756380960000,1756381019000,1.37641,1.37643,1.37634,1.37636,43050000,1
1756381020000,1756381079000,1.37635,1.37642,1.3763,1.37639,45600000,1
1756381080000,1756381139000,1.37639,1.37642,1.37627,1.37627,97200000,1
1756381140000,1756381199000,1.37629,1.37638,1.37629,1.37632,67950000,1
1756381200000,1756381259000,1.37632,1.37647,1.3763,1.37646,70650000,1
1756381260000,1756381319000,1.37646,1.37646,1.37637,1.37642,69000000,1
1756381320000,1756381379000,1.37641,1.37643,1.37638,1.37639,40800000,1
1756381380000,1756381439000,1.37639,1.37642,1.37634,1.37634,72900000,1
1756381440000,1756381499000,1.37635,1.37661,1.37634,1.3766,75300000,1
1756381500000,1756381559000,1.37661,1.37664,1.37643,1.37645,69150000,1
1756381560000,1756381619000,1.37644,1.3765,1.37643,1.3765,66600000,1
1756381620000,1756381679000,1.37649,1.37667,1.37649,1.37665,66300000,1
1756381680000,1756381739000,1.37664,1.37669,1.37662,1.37665,48600000,1
1756381740000,1756381799000,1.37663,1.37669,1.37657,1.37657,87450000,1
1756381800000,1756381859000,1.37657,1.37658,1.37638,1.37638,58500000,1
1756381860000,1756381919000,1.37637,1.37647,1.37635,1.37646,41700000,1
1756381920000,1756381979000,1.37644,1.37649,1.37639,1.37649,40500000,1
1756381980000,1756382039000,1.37648,1.37649,1.37644,1.37645,52800000,1
1756382040000,1756382099000,1.37645,1.37649,1.37642,1.37643,39450000,1
1756382100000,1756382159000,1.37642,1.37642,1.37626,1.3763,77850000,1
1756382160000,1756382219000,1.37629,1.3763,1.37621,1.37621,72300000,1
1756382220000,1756382279000,1.37621,1.37621,1.37607,1.37608,121500000,1
1756382280000,1756382339000,1.37608,1.3763,1.37606,1.3763,90750000,1
1756382340000,1756382399000,1.37629,1.3764,1.37627,1.3764,142710000,1
1756382400000,1756382459000,1.3764,1.37645,1.37621,1.37628,127650000,1
1756382460000,1756382519000,1.37628,1.37638,1.37628,1.37634,120150000,1
1756382520000,1756382579000,1.37636,1.37637,1.37628,1.37637,100800000,1
1756382580000,1756382639000,1.37636,1.37636,1.37619,1.37619,126900000,1
1756382640000,1756382699000,1.37619,1.37621,1.37607,1.37607,64800000,1
1756382700000,1756382759000,1.37605,1.37605,1.37583,1.37596,181200000,1
1756382760000,1756382819000,1.37596,1.37599,1.37589,1.37591,226650000,1
1756382820000,1756382879000,1.37591,1.37591,1.37583,1.37584,164850000,1
1756382880000,1756382939000,1.37584,1.37588,1.37551,1.37551,164700000,1
1756382940000,1756382999000,1.37552,1.37557,1.37552,1.37555,80700000,1
1756383000000,1756383059000,1.37553,1.37558,1.3754,1.37545,134850000,1
1756383060000,1756383119000,1.37544,1.37546,1.37525,1.37532,111150000,1
1756383120000,1756383179000,1.37536,1.37555,1.37532,1.37533,102600000,1
1756383180000,1756383239000,1.37532,1.37562,1.37532,1.37554,114150000,1
1756383240000,1756383299000,1.37554,1.37557,1.37543,1.37544,69450000,1
1756383300000,1756383359000,1.37546,1.37546,1.37532,1.37533,92400000,1
1756383360000,1756383419000,1.37532,1.37535,1.37526,1.37527,62100000,1
1756383420000,1756383479000,1.37527,1.37535,1.37522,1.37533,77400000,1
1756383480000,1756383539000,1.37533,1.37536,1.37532,1.37532,51900000,1
1756383540000,1756383599000,1.37532,1.37536,1.37529,1.37534,96150000,1
1756383600000,1756383659000,1.37534,1.37556,1.37524,1.37547,141600000,1
1756383660000,1756383719000,1.37548,1.3756,1.37542,1.37559,119550000,1
1756383720000,1756383779000,1.37556,1.3757,1.37555,1.37569,200250000,1
1756383780000,1756383839000,1.37568,1.37575,1.37566,1.37567,127950000,1
1756383840000,1756383899000,1.37566,1.37574,1.37558,1.37574,147300000,1
1756383900000,1756383959000,1.37572,1.37584,1.37572,1.37582,169200000,1
1756383960000,1756384019000,1.37582,1.37583,1.37561,1.37564,41700000,1
1756384020000,1756384079000,1.37564,1.37569,1.37558,1.37563,47250000,1
1756384080000,1756384139000,1.37563,1.37579,1.37562,1.37578,46200000,1
1756384140000,1756384199000,1.37578,1.37585,1.37566,1.37567,149250000,1
1756384200000,1756384259000,1.37561,1.37639,1.37561,1.37621,276900000,1
1756384260000,1756384319000,1.37624,1.37666,1.37621,1.37665,139650000,1
1756384320000,1756384379000,1.37666,1.37675,1.37599,1.37607,188700000,1
1756384380000,1756384439000,1.37611,1.37618,1.37602,1.37615,183090000,1
1756384440000,1756384499000,1.37615,1.37648,1.37615,1.37648,146580000,1
1756384500000,1756384559000,1.37648,1.37648,1.37615,1.37619,227400000,1
1756384560000,1756384619000,1.37617,1.37635,1.37615,1.37626,180750000,1
1756384620000,1756384679000,1.37625,1.37625,1.37607,1.37609,137700000,1
1756384680000,1756384739000,1.37609,1.37615,1.376,1.37612,174750000,1
1756384740000,1756384799000,1.3761,1.37616,1.37583,1.37597,316050000,1
1756384800000,1756384859000,1.37596,1.37599,1.37581,1.37581,269550000,1
1756384860000,1756384919000,1.3758,1.3758,1.37563,1.37575,166950000,1
1756384920000,1756384979000,1.37575,1.3758,1.37558,1.3756,199950000,1
1756384980000,1756385039000,1.37561,1.37567,1.37552,1.37552,277650000,1
1756385040000,1756385099000,1.37551,1.37581,1.37548,1.37574,148950000,1
1756385100000,1756385159000,1.37573,1.37576,1.37566,1.37576,80850000,1
1756385160000,1756385219000,1.37578,1.37583,1.37568,1.37581,217050000,1
1756385220000,1756385279000,1.37584,1.37588,1.37576,1.37584,205950000,1
1756385280000,1756385339000,1.37584,1.37592,1.3758,1.37583,232650000,1
1756385340000,1756385399000,1.37582,1.37588,1.37578,1.37578,139050000,1
1756385400000,1756385459000,1.37577,1.37602,1.37569,1.37597,207750000,1
1756385460000,1756385519000,1.37599,1.37604,1.37595,1.37602,108450000,1
1756385520000,1756385579000,1.37602,1.3763,1.376,1.37625,137270000,1
1756385580000,1756385639000,1.37627,1.37629,1.37604,1.37606,239400000,1
1756385640000,1756385699000,1.37607,1.37608,1.37582,1.37586,166200000,1
1756385700000,1756385759000,1.37589,1.37589,1.37559,1.37565,247050000,1
1756385760000,1756385819000,1.37565,1.37582,1.37565,1.3758,169800000,1
1756385820000,1756385879000,1.37579,1.37592,1.37566,1.3759,359550000,1
1756385880000,1756385939000,1.3759,1.37621,1.37589,1.37601,268950000,1
1756385940000,1756385999000,1.376,1.3761,1.37594,1.37602,159900000,1
1756386000000,1756386059000,1.37601,1.37622,1.37601,1.37603,160650000,1
1756386060000,1756386119000,1.37602,1.37613,1.37599,1.37606,103800000,1
1756386120000,1756386179000,1.37605,1.37631,1.37592,1.37619,196980000,1
1756386180000,1756386239000,1.37619,1.37628,1.37593,1.37593,140700000,1
1756386240000,1756386299000,1.37593,1.37603,1.37593,1.376,108750000,1
1756386300000,1756386359000,1.37603,1.37615,1.37598,1.37615,72750000,1
1756386360000,1756386419000,1.37617,1.3763,1.37617,1.3763,80250000,1
1756386420000,1756386479000,1.3763,1.37682,1.3763,1.37682,157050000,1
1756386480000,1756386539000,1.37681,1.37686,1.3766,1.37661,141000000,1
1756386540000,1756386599000,1.37663,1.37664,1.3764,1.37646,80700000,1
1756386600000,1756386659000,1.37645,1.37649,1.37633,1.37643,134700000,1
1756386660000,1756386719000,1.37643,1.37646,1.37637,1.37643,111450000,1
1756386720000,1756386779000,1.37643,1.37651,1.3763,1.3763,90150000,1
1756386780000,1756386839000,1.3763,1.37638,1.37622,1.37633,76350000,1
1756386840000,1756386899000,1.37633,1.37641,1.3763,1.3764,82350000,1
1756386900000,1756386959000,1.3764,1.37651,1.3763,1.37649,94950000,1
1756386960000,1756387019000,1.3765,1.37668,1.37647,1.37665,103350000,1
1756387020000,1756387079000,1.37667,1.37669,1.37656,1.37661,50100000,1
1756387080000,1756387139000,1.37664,1.37681,1.37664,1.37677,72450000,1
1756387140000,1756387199000,1.37677,1.37685,1.37667,1.37667,105150000,1
1756387200000,1756387259000,1.37666,1.37669,1.37658,1.37668,80400000,1
1756387260000,1756387319000,1.3767,1.37683,1.37668,1.37683,81150000,1
1756387320000,1756387379000,1.37681,1.37683,1.37669,1.37674,76500000,1
1756387380000,1756387439000,1.37672,1.37676,1.37643,1.37643,144300000,1
1756387440000,1756387499000,1.37642,1.37656,1.37636,1.37656,140100000,1
1756387500000,1756387559000,1.37655,1.37668,1.3765,1.37657,121500000,1
1756387560000,1756387619000,1.37657,1.37677,1.37646,1.37677,135750000,1
1756387620000,1756387679000,1.37677,1.37681,1.37673,1.37677,86400000,1
1756387680000,1756387739000,1.37678,1.37689,1.37677,1.37677,145500000,1
1756387740000,1756387799000,1.37676,1.37676,1.37665,1.37668,123150000,1
1756387800000,1756387859000,1.37667,1.37719,1.37662,1.37718,209100000,1
1756387860000,1756387919000,1.37718,1.37749,1.37718,1.37737,155850000,1
1756387920000,1756387979000,1.37737,1.37738,1.37709,1.37736,149550000,1
1756387980000,1756388039000,1.37736,1.37755,1.37736,1.3775,155100000,1
1756388040000,1756388099000,1.37749,1.3776,1.37729,1.37734,123150000,1
1756388100000,1756388159000,1.37735,1.37755,1.37729,1.37752,180000000,1
1756388160000,1756388219000,1.37751,1.37756,1.37743,1.37746,112200000,1
1756388220000,1756388279000,1.37749,1.3778,1.37749,1.3778,149400000,1
1756388280000,1756388339000,1.3778,1.37786,1.37765,1.37783,212250000,1
1756388340000,1756388399000,1.37786,1.37792,1.37781,1.37786,145800000,1
1756388400000,1756388459000,1.3779,1.37812,1.3779,1.37807,144300000,1
1756388460000,1756388519000,1.37803,1.37821,1.3779,1.3782,141000000,1
1756388520000,1756388579000,1.37817,1.37833,1.37796,1.37801,199950000,1
1756388580000,1756388639000,1.37803,1.37834,1.37801,1.37826,200400000,1
1756388640000,1756388699000,1.37826,1.37838,1.37824,1.37831,194250000,1
1756388700000,1756388759000,1.3783,1.37842,1.37829,1.37839,114450000,1
1756388760000,1756388819000,1.37838,1.37839,1.37827,1.37829,174300000,1
1756388820000,1756388879000,1.37828,1.37848,1.37818,1.3782,233850000,1
1756388880000,1756388939000,1.37821,1.3783,1.37811,1.3782,204300000,1
1756388940000,1756388999000,1.3782,1.37829,1.37818,1.37822,257850000,1
1756389000000,1756389059000,1.37823,1.37827,1.3778,1.37804,391350000,1
1756389060000,1756389119000,1.37806,1.37806,1.37789,1.37798,342000000,1
1756389120000,1756389179000,1.37799,1.378,1.37769,1.3777,329850000,1
1756389180000,1756389239000,1.37769,1.37779,1.37762,1.37764,287850000,1
1756389240000,1756389299000,1.37764,1.3777,1.37715,1.37723,395250000,1
1756389300000,1756389359000,1.37723,1.3773,1.37664,1.37666,443850000,1
1756389360000,1756389419000,1.37664,1.37674,1.37639,1.37655,487200000,1
1756389420000,1756389479000,1.37655,1.37658,1.37619,1.37619,379500000,1
1756389480000,1756389539000,1.37625,1.37645,1.37618,1.37637,524250000,1
1756389540000,1756389599000,1.37638,1.37653,1.3763,1.37644,357000000,1
1756389600000,1756389659000,1.37642,1.37714,1.37639,1.37714,222000000,1
1756389660000,1756389719000,1.37713,1.37726,1.37689,1.37703,153150000,1
1756389720000,1756389779000,1.37702,1.37711,1.37682,1.37695,143550000,1
1756389780000,1756389839000,1.37694,1.37698,1.3767,1.37678,186750000,1
1756389840000,1756389899000,1.3768,1.37706,1.37676,1.37685,215250000,1
1756389900000,1756389959000,1.37684,1.37687,1.37665,1.37667,125700000,1
1756389960000,1756390019000,1.37668,1.37668,1.37655,1.37662,202350000,1
1756390020000,1756390079000,1.37665,1.37668,1.37653,1.37654,151650000,1
1756390080000,1756390139000,1.37657,1.37678,1.37645,1.37666,129150000,1
1756390140000,1756390199000,1.37666,1.37677,1.37649,1.37657,159600000,1
1756390200000,1756390259000,1.37657,1.37658,1.37636,1.37651,173850000,1
1756390260000,1756390319000,1.3765,1.37653,1.37638,1.37646,154200000,1
1756390320000,1756390379000,1.37647,1.3766,1.37646,1.37657,75750000,1
1756390380000,1756390439000,1.37657,1.37662,1.37645,1.37659,118800000,1
1756390440000,1756390499000,1.3766,1.37663,1.37649,1.37652,80700000,1
1756390500000,1756390559000,1.37652,1.37668,1.3764,1.37668,155850000,1
1756390560000,1756390619000,1.37667,1.37669,1.37648,1.37648,121800000,1
1756390620000,1756390679000,1.37648,1.37657,1.37637,1.37641,128400000,1
1756390680000,1756390739000,1.3764,1.3767,1.3764,1.37648,125100000,1
1756390740000,1756390799000,1.37649,1.3765,1.37622,1.37629,140850000,1
1756390800000,1756390859000,1.3763,1.37648,1.3763,1.37641,116550000,1
1756390860000,1756390919000,1.37641,1.37655,1.3764,1.3765,136650000,1
1756390920000,1756390979000,1.3765,1.37651,1.37594,1.37604,203550000,1
1756390980000,1756391039000,1.37604,1.37611,1.37604,1.37611,106200000,1
1756391040000,1756391099000,1.3761,1.37624,1.37592,1.37596,121500000,1
1756391100000,1756391159000,1.37597,1.37625,1.37591,1.3762,159600000,1
1756391160000,1756391219000,1.37619,1.37641,1.37619,1.37635,149250000,1
1756391220000,1756391279000,1.37635,1.37645,1.37615,1.37617,123900000,1
1756391280000,1756391339000,1.37618,1.3762,1.37601,1.37604,171900000,1
1756391340000,1756391399000,1.37606,1.37625,1.37605,1.37623,145350000,1
1756391400000,1756391459000,1.37623,1.37628,1.37613,1.37628,148650000,1
1756391460000,1756391519000,1.37626,1.37659,1.37625,1.37655,241350000,1
1756391520000,1756391579000,1.37655,1.37659,1.37648,1.37649,111750000,1
1756391580000,1756391639000,1.37648,1.37648,1.37628,1.3763,118500000,1
1756391640000,1756391699000,1.37629,1.37631,1.3762,1.37629,118800000,1
1756391700000,1756391759000,1.37629,1.3764,1.37626,1.3764,119850000,1
1756391760000,1756391819000,1.3764,1.37651,1.37637,1.37641,139950000,1
1756391820000,1756391879000,1.3764,1.37645,1.37616,1.37616,205500000,1
1756391880000,1756391939000,1.37618,1.3762,1.37588,1.37598,168150000,1
1756391940000,1756391999000,1.37599,1.37599,1.37585,1.37586,260550000,1
1756392000000,1756392059000,1.37587,1.376,1.37576,1.37577,155550000,1
1756392060000,1756392119000,1.37577,1.37578,1.37558,1.37559,162450000,1
1756392120000,1756392179000,1.3756,1.37562,1.37549,1.37552,293850000,1
1756392180000,1756392239000,1.37552,1.37598,1.3755,1.37583,225450000,1
1756392240000,1756392299000,1.37583,1.37601,1.37583,1.37596,187200000,1
1756392300000,1756392359000,1.37595,1.3762,1.3759,1.37612,252450000,1
1756392360000,1756392419000,1.37612,1.37612,1.37599,1.376,159450000,1
1756392420000,1756392479000,1.37601,1.37619,1.37601,1.37609,139650000,1
1756392480000,1756392539000,1.3761,1.37618,1.376,1.376,182400000,1
1756392540000,1756392599000,1.37601,1.37638,1.37601,1.37638,188170000,1
1756392600000,1756392659000,1.37637,1.37667,1.37637,1.37662,167100000,1
1756392660000,1756392719000,1.37661,1.37663,1.37646,1.37663,126600000,1
1756392720000,1756392779000,1.37663,1.37675,1.37648,1.37648,131550000,1
1756392780000,1756392839000,1.37648,1.37649,1.37643,1.37645,128850000,1
1756392840000,1756392899000,1.37644,1.37645,1.37628,1.37634,168900000,1
1756392900000,1756392959000,1.37635,1.37643,1.3763,1.37639,229050000,1
1756392960000,1756393019000,1.3764,1.37661,1.37638,1.37658,190650000,1
1756393020000,1756393079000,1.37657,1.37659,1.3764,1.37645,188100000,1
1756393080000,1756393139000,1.37644,1.37662,1.37644,1.3766,245400000,1
1756393140000,1756393199000,1.3766,1.37661,1.37651,1.37656,298050000,1
1756393200000,1756393259000,1.37655,1.37662,1.37651,1.37658,211200000,1
1756393260000,1756393319000,1.3766,1.37662,1.37651,1.37659,214650000,1
1756393320000,1756393379000,1.37659,1.3767,1.37648,1.37658,220200000,1
1756393380000,1756393439000,1.3766,1.3767,1.37643,1.3767,167400000,1
1756393440000,1756393499000,1.37669,1.37679,1.37656,1.3766,147150000,1
1756393500000,1756393559000,1.37661,1.37668,1.37657,1.3766,144300000,1
1756393560000,1756393619000,1.37661,1.37678,1.37657,1.37657,192750000,1
1756393620000,1756393679000,1.37658,1.37668,1.37657,1.37666,88800000,1
1756393680000,1756393739000,1.37667,1.3767,1.37662,1.37667,97650000,1
1756393740000,1756393799000,1.37666,1.3767,1.37647,1.37658,133500000,1
1756393800000,1756393859000,1.37658,1.3766,1.37639,1.37646,177150000,1
1756393860000,1756393919000,1.37645,1.37656,1.37645,1.37655,108300000,1
1756393920000,1756393979000,1.37654,1.37654,1.37644,1.37648,61350000,1
1756393980000,1756394039000,1.37647,1.37648,1.37638,1.37646,71700000,1
1756394040000,1756394099000,1.37646,1.37647,1.37633,1.37639,192150000,1
1756394100000,1756394159000,1.37638,1.37647,1.37638,1.37647,57900000,1
1756394160000,1756394219000,1.37648,1.37648,1.37625,1.37629,105150000,1
1756394220000,1756394279000,1.37628,1.37631,1.37615,1.37616,161700000,1
1756394280000,1756394339000,1.37616,1.37637,1.37611,1.37635,104850000,1
1756394340000,1756394399000,1.37635,1.37637,1.37617,1.3762,122250000,1
1756394400000,1756394459000,1.37621,1.37636,1.37616,1.37629,84750000,1
1756394460000,1756394519000,1.3763,1.37635,1.37624,1.37635,116400000,1
1756394520000,1756394579000,1.37636,1.37644,1.37619,1.3762,159750000,1
1756394580000,1756394639000,1.37621,1.37627,1.3762,1.37626,86400000,1
1756394640000,1756394699000,1.37625,1.37636,1.37624,1.37635,113800000,1
1756394700000,1756394759000,1.37635,1.37635,1.37615,1.37617,145500000,1
1756394760000,1756394819000,1.37618,1.37619,1.37599,1.376,81300000,1
1756394820000,1756394879000,1.37599,1.37622,1.37599,1.37615,130800000,1
1756394880000,1756394939000,1.37615,1.37624,1.37609,1.37617,222600000,1
1756394940000,1756394999000,1.37618,1.37621,1.37607,1.37614,126750000,1
1756395000000,1756395059000,1.37613,1.37616,1.37605,1.37609,131250000,1
1756395060000,1756395119000,1.37609,1.37614,1.37599,1.37599,252600000,1
1756395120000,1756395179000,1.376,1.37606,1.37587,1.37588,223500000,1
1756395180000,1756395239000,1.37589,1.37596,1.37587,1.37595,121350000,1
1756395240000,1756395299000,1.37596,1.37596,1.37576,1.37577,181650000,1
1756395300000,1756395359000,1.37577,1.37584,1.3757,1.37572,163200000,1
1756395360000,1756395419000,1.37573,1.37579,1.37558,1.37561,103500000,1
1756395420000,1756395479000,1.37562,1.37568,1.37558,1.37562,152700000,1
1756395480000,1756395539000,1.37561,1.37562,1.37549,1.37553,112050000,1
1756395540000,1756395599000,1.37553,1.37571,1.3755,1.37563,110400000,1
1756395600000,1756395659000,1.37563,1.37569,1.37556,1.37569,108450000,1
1756395660000,1756395719000,1.3757,1.37577,1.37565,1.37572,111150000,1
1756395720000,1756395779000,1.37573,1.37573,1.37547,1.37548,98850000,1
1756395780000,1756395839000,1.37549,1.37566,1.37547,1.37566,67050000,1
1756395840000,1756395899000,1.37566,1.37574,1.37566,1.37574,69750000,1
1756395900000,1756395959000,1.37574,1.37575,1.37566,1.37566,87600000,1
1756395960000,1756396019000,1.37567,1.37567,1.37555,1.37555,37200000,1
1756396020000,1756396079000,1.37555,1.37569,1.37552,1.37559,103200000,1
1756396080000,1756396139000,1.37559,1.37565,1.37558,1.37561,123150000,1
1756396140000,1756396199000,1.37562,1.37566,1.37558,1.37562,103500000,1
1756396200000,1756396259000,1.37562,1.37567,1.37552,1.37556,126990000,1
1756396260000,1756396319000,1.37556,1.37562,1.37551,1.37551,97050000,1
1756396320000,1756396379000,1.3755,1.37557,1.37546,1.37556,113550000,1
1756396380000,1756396439000,1.37555,1.37557,1.37538,1.37541,144820000,1
1756396440000,1756396499000,1.3754,1.37545,1.37526,1.37526,112800000,1
1756396500000,1756396559000,1.37527,1.37528,1.37515,1.37516,105000000,1
1756396560000,1756396619000,1.37516,1.37518,1.37505,1.37506,179700000,1
1756396620000,1756396679000,1.37506,1.37523,1.37504,1.37517,125100000,1
1756396680000,1756396739000,1.37516,1.37517,1.37512,1.37514,83100000,1
1756396740000,1756396799000,1.37516,1.37516,1.37512,1.37514,86100000,1
1756396800000,1756396859000,1.37512,1.37526,1.37505,1.37525,164100000,1
1756396860000,1756396919000,1.37525,1.37528,1.37519,1.37527,98100000,1
1756396920000,1756396979000,1.37527,1.37527,1.37521,1.37521,66000000,1
1756396980000,1756397039000,1.37521,1.37521,1.37516,1.37516,61800000,1
1756397040000,1756397099000,1.37517,1.37522,1.37507,1.37507,66600000,1
1756397100000,1756397159000,1.37508,1.37515,1.37504,1.37507,87000000,1
1756397160000,1756397219000,1.37505,1.37506,1.37477,1.37488,88500000,1
1756397220000,1756397279000,1.37489,1.37489,1.37464,1.37467,75000000,1
1756397280000,1756397339000,1.37467,1.37488,1.37467,1.37487,48150000,1
1756397340000,1756397399000,1.37488,1.37501,1.37487,1.37497,48600000,1
1756397400000,1756397459000,1.37498,1.37507,1.37497,1.37506,32850000,1
1756397460000,1756397519000,1.37505,1.37508,1.37496,1.37507,65100000,1
1756397520000,1756397579000,1.37506,1.37517,1.37506,1.37515,51750000,1
1756397580000,1756397639000,1.37516,1.37517,1.37507,1.37508,36600000,1
1756397640000,1756397699000,1.37507,1.37509,1.37505,1.37506,23700000,1
1756397700000,1756397759000,1.37497,1.375,1.3749,1.37497,50550000,1
1756397760000,1756397819000,1.37497,1.37513,1.37496,1.37513,65400000,1
1756397820000,1756397879000,1.37511,1.37525,1.3751,1.37522,77850000,1
1756397880000,1756397939000,1.37522,1.37522,1.37516,1.37516,39450000,1
1756397940000,1756397999000,1.37515,1.3752,1.37507,1.37507,34800000,1
1756398000000,1756398059000,1.37508,1.37517,1.37508,1.37514,33900000,1
1756398060000,1756398119000,1.37513,1.37515,1.37507,1.37509,71550000,1
1756398120000,1756398179000,1.37511,1.37511,1.37488,1.37496,68850000,1
1756398180000,1756398239000,1.37494,1.37497,1.37492,1.37497,13200000,1
1756398240000,1756398299000,1.37499,1.375,1.37488,1.37492,27900000,1
1756398300000,1756398359000,1.3749,1.37505,1.37487,1.37504,86400000,1
1756398360000,1756398419000,1.37503,1.37508,1.37487,1.37492,49440000,1
1756398420000,1756398479000,1.37493,1.37506,1.37493,1.37504,44100000,1
1756398480000,1756398539000,1.37505,1.37507,1.37495,1.37497,64560000,1
1756398540000,1756398599000,1.37497,1.375,1.37492,1.37494,57000000,1
1756398600000,1756398659000,1.37494,1.37494,1.37487,1.37487,35400000,1
1756398660000,1756398719000,1.37489,1.37489,1.37483,1.37485,53700000,1
1756398720000,1756398779000,1.37485,1.37485,1.37466,1.37466,128100000,1
1756398780000,1756398839000,1.3747,1.37479,1.37469,1.37475,182250000,1
1756398840000,1756398899000,1.37477,1.37477,1.37466,1.37471,69000000,1
1756398900000,1756398959000,1.3747,1.37475,1.37469,1.37473,33600000,1
1756398960000,1756399019000,1.37475,1.3748,1.3747,1.37477,55650000,1
1756399020000,1756399079000,1.37477,1.37477,1.37462,1.37469,114300000,1
1756399080000,1756399139000,1.3747,1.3747,1.37466,1.37467,113550000,1
1756399140000,1756399199000,1.37469,1.37476,1.3746,1.37476,28050000,1
1756399200000,1756399259000,1.37475,1.37477,1.37473,1.37476,37050000,1
1756399260000,1756399319000,1.37477,1.37486,1.37476,1.37484,88350000,1
1756399320000,1756399379000,1.37484,1.37487,1.37477,1.37482,46650000,1
1756399380000,1756399439000,1.37481,1.37488,1.37481,1.37487,115800000,1
1756399440000,1756399499000,1.37487,1.3749,1.37484,1.37488,70950000,1
1756399500000,1756399559000,1.37489,1.37509,1.37487,1.37503,84000000,1
1756399560000,1756399619000,1.37503,1.37503,1.37487,1.37487,49950000,1
1756399620000,1756399679000,1.37487,1.37492,1.37486,1.37487,43500000,1
1756399680000,1756399739000,1.37486,1.37486,1.37456,1.37459,61420000,1
1756399740000,1756399799000,1.37459,1.3746,1.37456,1.37459,50240000,1
1756399800000,1756399859000,1.37458,1.3746,1.37457,1.37459,72150000,1
1756399860000,1756399919000,1.37459,1.37471,1.37459,1.37471,54750000,1
1756399920000,1756399979000,1.3747,1.37473,1.37469,1.37471,26100000,1
1756399980000,1756400039000,1.37476,1.37488,1.3746,1.37463,173550000,1
1756400040000,1756400099000,1.37462,1.37479,1.37461,1.37472,105000000,1
1756400100000,1756400159000,1.37471,1.37471,1.37462,1.3747,62850000,1
1756400160000,1756400219000,1.37468,1.3747,1.37465,1.37468,84300000,1
1756400220000,1756400279000,1.37467,1.3747,1.37458,1.37459,161700000,1
1756400280000,1756400339000,1.37458,1.37473,1.37457,1.37472,144900000,1
1756400340000,1756400399000,1.37474,1.37481,1.37474,1.37474,72750000,1
1756400400000,1756400459000,1.37472,1.37488,1.37471,1.37487,58050000,1
1756400460000,1756400519000,1.37487,1.3749,1.37485,1.37485,23850000,1
1756400520000,1756400579000,1.37485,1.375,1.37483,1.37498,59250000,1
1756400580000,1756400639000,1.37497,1.37497,1.37475,1.3748,70200000,1
1756400640000,1756400699000,1.37479,1.37489,1.37466,1.37468,122250000,1
1756400700000,1756400759000,1.37467,1.37471,1.37459,1.37459,58650000,1
1756400760000,1756400819000,1.37459,1.37468,1.37458,1.37465,87900000,1
1756400820000,1756400879000,1.37467,1.37467,1.3746,1.37466,59550000,1
1756400880000,1756400939000,1.37465,1.37465,1.3746,1.37461,50100000,1
1756400940000,1756400999000,1.37461,1.37469,1.37456,1.37456,82860000,1
1756401000000,1756401059000,1.37456,1.37461,1.37451,1.37451,89010000,1
1756401060000,1756401119000,1.3745,1.37458,1.37447,1.37454,59100000,1
1756401120000,1756401179000,1.37451,1.37462,1.37451,1.37462,25800000,1
1756401180000,1756401239000,1.37461,1.37461,1.37453,1.37457,42450000,1
1756401240000,1756401299000,1.37455,1.37455,1.37448,1.37452,32250000,1
1756401300000,1756401359000,1.37452,1.3746,1.37451,1.3746,88350000,1
1756401360000,1756401419000,1.3746,1.37462,1.37457,1.37457,25500000,1
1756401420000,1756401479000,1.37458,1.37458,1.37448,1.3745,48300000,1
1756401480000,1756401539000,1.37449,1.3745,1.37425,1.37426,82200000,1
1756401540000,1756401599000,1.37426,1.37443,1.37426,1.37443,60900000,1
1756401600000,1756401659000,1.37441,1.37451,1.37441,1.3745,44700000,1
1756401660000,1756401719000,1.37449,1.37451,1.37448,1.3745,19050000,1
1756401720000,1756401779000,1.3745,1.37459,1.3745,1.37458,57450000,1
1756401780000,1756401839000,1.37457,1.37467,1.37456,1.37466,123150000,1
1756401840000,1756401899000,1.37465,1.37465,1.37457,1.37458,78000000,1
1756401900000,1756401959000,1.3746,1.37461,1.37451,1.37453,111450000,1
1756401960000,1756402019000,1.37452,1.37454,1.3744,1.3744,65700000,1
1756402020000,1756402079000,1.37441,1.37443,1.37437,1.3744,39900000,1
1756402080000,1756402139000,1.3744,1.37449,1.3744,1.37448,30150000,1
1756402140000,1756402199000,1.37448,1.37463,1.37446,1.37459,57450000,1
1756402200000,1756402259000,1.37458,1.37459,1.37451,1.37452,27000000,1
1756402260000,1756402319000,1.37452,1.3746,1.37452,1.37459,22350000,1
1756402320000,1756402379000,1.37457,1.37461,1.37451,1.37452,48600000,1
1756402380000,1756402439000,1.37452,1.37453,1.37451,1.37451,21150000,1
1756402440000,1756402499000,1.37451,1.37453,1.37451,1.37453,45000000,1
1756402500000,1756402559000,1.37453,1.37454,1.37444,1.37448,33750000,1
1756402560000,1756402619000,1.3745,1.37461,1.3745,1.3746,43650000,1
1756402620000,1756402679000,1.37461,1.37467,1.37461,1.37462,61950000,1
1756402680000,1756402739000,1.37463,1.37463,1.37462,1.37462,11400000,1
1756402740000,1756402799000,1.37469,1.37472,1.37469,1.37472,18600000,1
1756402800000,1756402859000,1.37471,1.37479,1.3747,1.37479,28200000,1
1756402860000,1756402919000,1.37478,1.3748,1.37478,1.3748,14100000,1
1756402920000,1756402979000,1.37479,1.37481,1.37471,1.37471,36750000,1
1756402980000,1756403039000,1.3747,1.37471,1.37469,1.37469,45300000,1
1756403040000,1756403099000,1.3747,1.37471,1.37462,1.37462,61650000,1
1756403100000,1756403159000,1.3746,1.37462,1.37459,1.3746,39300000,1
1756403160000,1756403219000,1.3746,1.3746,1.3745,1.37451,60900000,1
1756403220000,1756403279000,1.37451,1.37451,1.37443,1.3745,42600000,1
1756403280000,1756403339000,1.37449,1.37457,1.37444,1.37451,49050000,1
1756403340000,1756403399000,1.37451,1.37451,1.3744,1.3745,44550000,1
1756403400000,1756403459000,1.3745,1.37459,1.3745,1.37459,47850000,1
1756403460000,1756403519000,1.3746,1.37461,1.37451,1.37455,23100000,1
1756403520000,1756403579000,1.37453,1.37456,1.37451,1.37452,73350000,1
1756403580000,1756403639000,1.37451,1.37459,1.3745,1.37457,15000000,1
1756403640000,1756403699000,1.37457,1.37463,1.37455,1.37461,37650000,1
1756403700000,1756403759000,1.37459,1.37461,1.37458,1.37459,25950000,1
1756403760000,1756403819000,1.37461,1.37461,1.37459,1.37459,5400000,1
1756403820000,1756403879000,1.3746,1.37461,1.37448,1.37451,73800000,1
1756403880000,1756403939000,1.37451,1.37459,1.3745,1.37459,19050000,1
1756403940000,1756403999000,1.37458,1.3746,1.37458,1.3746,25200000,1
1756404000000,1756404059000,1.37461,1.37461,1.37452,1.37453,52200000,1
1756404060000,1756404119000,1.37452,1.37461,1.37452,1.37461,36150000,1
1756404120000,1756404179000,1.37462,1.37462,1.37452,1.3746,49650000,1
1756404180000,1756404239000,1.3746,1.3746,1.37453,1.37454,21600000,1
1756404240000,1756404299000,1.37455,1.37462,1.37455,1.37461,18000000,1
1756404300000,1756404359000,1.3746,1.37471,1.37458,1.3747,77400000,1
1756404360000,1756404419000,1.37471,1.37472,1.3747,1.3747,20400000,1
1756404420000,1756404479000,1.37471,1.37471,1.37462,1.37469,63600000,1
1756404480000,1756404539000,1.37469,1.3747,1.37469,1.3747,12000000,1
1756404540000,1756404599000,1.37469,1.37471,1.37468,1.3747,24300000,1
1756404600000,1756404659000,1.3747,1.37477,1.3747,1.37471,22200000,1
1756404660000,1756404719000,1.3747,1.3747,1.37469,1.3747,6000000,1
1756404720000,1756404779000,1.37469,1.37471,1.37468,1.3747,19800000,1
1756404780000,1756404839000,1.3747,1.3747,1.37461,1.37469,36750000,1
1756404840000,1756404899000,1.37468,1.37471,1.37468,1.37469,13200000,1
1756404900000,1756404959000,1.37469,1.37469,1.3746,1.3746,17850000,1
1756404960000,1756405019000,1.37462,1.37462,1.37459,1.37459,26400000,1
1756405020000,1756405079000,1.37461,1.37472,1.3746,1.3747,27600000,1
1756405080000,1756405139000,1.37471,1.37478,1.37461,1.37461,60450000,1
1756405140000,1756405199000,1.37461,1.37461,1.3745,1.37452,21300000,1
1756405200000,1756405259000,1.37452,1.37452,1.37442,1.3745,48600000,1
1756405260000,1756405319000,1.37448,1.37449,1.37434,1.37436,30600000,1
1756405320000,1756405379000,1.37438,1.37439,1.37432,1.37435,51450000,1
1756405380000,1756405439000,1.37434,1.3744,1.37433,1.3744,25800000,1
1756405440000,1756405499000,1.37441,1.37441,1.3743,1.3743,43200000,1
1756405500000,1756405559000,1.3743,1.37433,1.37429,1.37431,18600000,1
1756405560000,1756405619000,1.37431,1.37435,1.37429,1.37431,35250000,1
1756405620000,1756405679000,1.37429,1.37429,1.37429,1.37429,7050000,1
1756405680000,1756405739000,1.3743,1.3743,1.37428,1.37429,34500000,1
1756405740000,1756405799000,1.37428,1.37429,1.37419,1.3742,87300000,1
1756405800000,1756405859000,1.3742,1.3743,1.3742,1.3743,51600000,1
1756405860000,1756405919000,1.37429,1.3743,1.37427,1.37429,49050000,1
1756405920000,1756405979000,1.37428,1.37429,1.37419,1.3742,27300000,1
1756405980000,1756406039000,1.3742,1.3742,1.37411,1.37411,33000000,1
1756406040000,1756406099000,1.37412,1.37414,1.37411,1.37412,15150000,1
1756406100000,1756406159000,1.3741,1.37412,1.37408,1.37412,46800000,1
1756406160000,1756406219000,1.37411,1.37412,1.37409,1.3741,17400000,1
1756406220000,1756406279000,1.37411,1.37411,1.3741,1.3741,11550000,1
1756406280000,1756406339000,1.37411,1.37413,1.37411,1.37412,4800000,1
1756406340000,1756406399000,1.37411,1.37419,1.37411,1.37416,24000000,1
1756406400000,1756406459000,1.37417,1.3742,1.37415,1.37419,43650000,1
1756406460000,1756406519000,1.3742,1.37421,1.37412,1.37415,19800000,1
1756406520000,1756406579000,1.37414,1.37421,1.37414,1.3742,23850000,1
1756406580000,1756406639000,1.37422,1.37424,1.3742,1.37422,19800000,1
1756406640000,1756406699000,1.37423,1.37423,1.37419,1.37422,23400000,1
1756406700000,1756406759000,1.37421,1.37423,1.37419,1.37421,50400000,1
1756406760000,1756406819000,1.3742,1.37423,1.37418,1.37423,25200000,1
1756406820000,1756406879000,1.37423,1.37428,1.37422,1.37427,30600000,1
1756406880000,1756406939000,1.37426,1.37431,1.37425,1.37431,44400000,1
1756406940000,1756406999000,1.3743,1.37451,1.3743,1.37451,33450000,1
1756407000000,1756407059000,1.37451,1.37453,1.37439,1.3744,45600000,1
1756407060000,1756407119000,1.37441,1.37443,1.3744,1.3744,27600000,1
1756407120000,1756407179000,1.3744,1.37452,1.3744,1.3745,55650000,1
1756407180000,1756407239000,1.3745,1.37452,1.37444,1.37448,57000000,1
1756407240000,1756407299000,1.37449,1.3745,1.37444,1.37449,52200000,1
1756407300000,1756407359000,1.3745,1.37454,1.37449,1.37453,46200000,1
1756407360000,1756407419000,1.37453,1.37454,1.37449,1.37449,39900000,1
1756407420000,1756407479000,1.37451,1.37451,1.37442,1.37448,49800000,1
1756407480000,1756407539000,1.37447,1.3745,1.37442,1.37449,88050000,1
1756407540000,1756407599000,1.37449,1.37462,1.37444,1.37462,119700000,1
1756407600000,1756407659000,1.37463,1.37468,1.37454,1.37468,81900000,1
1756407660000,1756407719000,1.37469,1.37472,1.37469,1.37471,46050000,1
1756407720000,1756407779000,1.3747,1.37479,1.3747,1.37478,53100000,1
1756407780000,1756407839000,1.37478,1.37484,1.37478,1.37482,34650000,1
1756407840000,1756407899000,1.3748,1.37499,1.3748,1.37499,27600000,1
1756407900000,1756407959000,1.37501,1.3751,1.375,1.3751,26400000,1
1756407960000,1756408019000,1.3751,1.3751,1.37504,1.37507,52800000,1
1756408020000,1756408079000,1.37507,1.37507,1.37498,1.37498,19050000,1
1756408080000,1756408139000,1.37495,1.37495,1.37481,1.3749,46200000,1
1756408140000,1756408199000,1.37495,1.37498,1.37495,1.37496,32250000,1
1756408200000,1756408259000,1.37496,1.37496,1.37488,1.3749,47700000,1
1756408260000,1756408319000,1.37491,1.37491,1.37485,1.37485,50700000,1
1756408320000,1756408379000,1.37485,1.37487,1.37481,1.37485,53850000,1
1756408380000,1756408439000,1.37486,1.3749,1.37486,1.3749,22800000,1
1756408440000,1756408499000,1.37489,1.37494,1.37486,1.37486,65400000,1
1756408500000,1756408559000,1.37488,1.37489,1.37487,1.37487,11250000,1
1756408560000,1756408619000,1.37487,1.37488,1.37481,1.37485,49200000,1
1756408620000,1756408679000,1.37484,1.37492,1.37484,1.37491,44550000,1
1756408680000,1756408739000,1.37492,1.37494,1.37489,1.3749,48450000,1
1756408740000,1756408799000,1.37489,1.37492,1.37489,1.3749,19200000,1
1756408800000,1756408859000,1.37486,1.37488,1.37476,1.37477,81600000,1
1756408860000,1756408919000,1.37478,1.37496,1.37478,1.37494,83850000,1
1756408920000,1756408979000,1.37494,1.37496,1.37487,1.37488,62850000,1
1756408980000,1756409039000,1.3749,1.37491,1.37488,1.37489,19200000,1
1756409040000,1756409099000,1.37488,1.37494,1.37486,1.37494,39000000,1
1756409100000,1756409159000,1.37493,1.37497,1.37493,1.37497,15300000,1
1756409160000,1756409219000,1.37496,1.37497,1.37495,1.37497,76950000,1
1756409220000,1756409279000,1.37497,1.37497,1.37489,1.3749,51450000,1
1756409280000,1756409339000,1.3749,1.37496,1.37489,1.37495,49950000,1
1756409340000,1756409399000,1.37495,1.37496,1.37494,1.37495,47400000,1
1756409400000,1756409459000,1.37496,1.37502,1.37496,1.37499,63900000,1
1756409460000,1756409519000,1.37501,1.37506,1.375,1.37506,52500000,1
1756409520000,1756409579000,1.37506,1.37516,1.37506,1.37515,54600000,1
1756409580000,1756409639000,1.37514,1.3752,1.37514,1.37519,15900000,1
1756409640000,1756409699000,1.37518,1.37522,1.37518,1.3752,14400000,1
1756409700000,1756409759000,1.37519,1.37519,1.37518,1.37519,6000000,1
1756409760000,1756409819000,1.37516,1.3752,1.37516,1.37518,15750000,1
1756409820000,1756409879000,1.3752,1.37528,1.37518,1.37525,33750000,1
1756409880000,1756409939000,1.37524,1.37525,1.37512,1.37516,48150000,1
1756409940000,1756409999000,1.37516,1.37519,1.37516,1.37517,32550000,1
1756410000000,1756410059000,1.37516,1.37517,1.37504,1.37506,46950000,1
1756410060000,1756410119000,1.37505,1.37507,1.37505,1.37506,28800000,1
1756410120000,1756410179000,1.37511,1.37516,1.37511,1.37515,29250000,1
1756410180000,1756410239000,1.37515,1.37516,1.37515,1.37515,37050000,1
1756410240000,1756410299000,1.37516,1.37517,1.37515,1.37516,28500000,1
1756410300000,1756410359000,1.37516,1.37526,1.37507,1.37507,75450000,1
1756410360000,1756410419000,1.37506,1.37506,1.37501,1.37501,20700000,1
1756410420000,1756410479000,1.37501,1.37506,1.37501,1.37505,17100000,1
1756410480000,1756410539000,1.37507,1.37508,1.37505,1.37507,14400000,1
1756410540000,1756410599000,1.37507,1.37515,1.37507,1.37515,55200000,1
1756410600000,1756410659000,1.37514,1.37517,1.37514,1.37517,29550000,1
1756410660000,1756410719000,1.37517,1.37518,1.3751,1.37512,73500000,1
1756410720000,1756410779000,1.37511,1.37517,1.37511,1.37516,43350000,1
1756410780000,1756410839000,1.37516,1.37522,1.37514,1.3752,65850000,1
1756410840000,1756410899000,1.37518,1.37521,1.37515,1.37515,57750000,1
1756410900000,1756410959000,1.37515,1.37519,1.37514,1.37517,49350000,1
1756410960000,1756411019000,1.37517,1.37527,1.37517,1.37526,52500000,1
1756411020000,1756411079000,1.37525,1.37532,1.37524,1.37532,39450000,1
1756411080000,1756411139000,1.37532,1.37536,1.3753,1.37534,97650000,1
1756411140000,1756411199000,1.37537,1.37542,1.37534,1.37537,113100000,1
1756411200000,1756411259000,1.37536,1.37542,1.37536,1.37542,74400000,1
1756411260000,1756411319000,1.37541,1.37542,1.3753,1.3753,60900000,1
1756411320000,1756411379000,1.3753,1.37532,1.37527,1.37528,49200000,1
1756411380000,1756411439000,1.37528,1.3753,1.37517,1.37518,43650000,1
1756411440000,1756411499000,1.37517,1.3752,1.37515,1.37518,39450000,1
1756411500000,1756411559000,1.37517,1.37521,1.37516,1.37517,29850000,1
1756411560000,1756411619000,1.37516,1.37518,1.37514,1.37518,27300000,1
1756411620000,1756411679000,1.37518,1.3752,1.37516,1.3752,34950000,1
1756411680000,1756411739000,1.37519,1.37521,1.37519,1.3752,15600000,1
1756411740000,1756411799000,1.37518,1.37518,1.37518,1.37518,3750000,1
1756411800000,1756411859000,1.37517,1.3752,1.3751,1.37511,79500000,1
1756411860000,1756411919000,1.37513,1.37513,1.37505,1.37508,34350000,1
1756411920000,1756411979000,1.37507,1.37529,1.37507,1.37528,42300000,1
1756411980000,1756412039000,1.37529,1.37532,1.37525,1.37525,22350000,1
1756412040000,1756412099000,1.37526,1.37526,1.37517,1.37517,13350000,1
1756412100000,1756412159000,1.37516,1.37517,1.37513,1.37516,32100000,1
1756412160000,1756412219000,1.37513,1.37513,1.37506,1.37507,16050000,1
1756412220000,1756412279000,1.37507,1.37508,1.37507,1.37508,9600000,1
1756412280000,1756412339000,1.37508,1.37508,1.37506,1.37506,9750000,1
1756412340000,1756412399000,1.37505,1.37506,1.37505,1.37506,13350000,1
1756412400000,1756412459000,1.37506,1.37508,1.37505,1.37508,15750000,1
1756412460000,1756412519000,1.37507,1.37508,1.37507,1.37507,8100000,1
1756412520000,1756412579000,1.37512,1.37515,1.37507,1.37507,30450000,1
1756412580000,1756412639000,1.37513,1.37524,1.37513,1.37518,24450000,1
1756412640000,1756412699000,1.37519,1.37531,1.37519,1.37531,24150000,1
1756412700000,1756412759000,1.37531,1.37535,1.37527,1.37534,15750000,1
1756412760000,1756412819000,1.37534,1.37541,1.37534,1.37541,10950000,1
1756412820000,1756412879000,1.3754,1.37549,1.37539,1.37549,12600000,1
1756412880000,1756412939000,1.3755,1.37552,1.3755,1.37552,3750000,1
1756412940000,1756412999000,1.37552,1.3756,1.37552,1.37554,22650000,1
1756413000000,1756413059000,1.37553,1.37553,1.37547,1.37548,15750000,1
1756413060000,1756413119000,1.37546,1.37548,1.37539,1.37539,29700000,1
1756413120000,1756413179000,1.3754,1.3754,1.37535,1.37535,40800000,1
1756413180000,1756413239000,1.37533,1.37535,1.37527,1.37527,45750000,1
1756413240000,1756413299000,1.37523,1.37523,1.37511,1.37513,34350000,1
1756413300000,1756413359000,1.37512,1.37513,1.37503,1.37503,22050000,1
1756413360000,1756413419000,1.37503,1.37507,1.37503,1.37505,52800000,1
1756413420000,1756413479000,1.37505,1.3751,1.37503,1.37508,38400000,1
1756413480000,1756413539000,1.37508,1.37508,1.37505,1.37507,22200000,1
1756413540000,1756413599000,1.37508,1.37508,1.37493,1.37496,71250000,1
1756413600000,1756413659000,1.37495,1.37496,1.37493,1.37494,22200000,1
1756413660000,1756413719000,1.37494,1.37495,1.37494,1.37494,34500000,1
1756413720000,1756413779000,1.37495,1.37503,1.37494,1.37502,56250000,1
1756413780000,1756413839000,1.37502,1.37505,1.37502,1.37504,30600000,1
1756413840000,1756413899000,1.37507,1.37507,1.37501,1.37503,60750000,1
1756413900000,1756413959000,1.37504,1.37504,1.3749,1.37492,52950000,1
1756413960000,1756414019000,1.37493,1.37493,1.37478,1.37483,55050000,1
1756414020000,1756414079000,1.37482,1.37492,1.37482,1.37492,31800000,1
1756414080000,1756414139000,1.37494,1.37498,1.37485,1.37497,36600000,1
1756414140000,1756414199000,1.37495,1.37498,1.37489,1.37496,21600000,1
1756414200000,1756414259000,1.37497,1.37497,1.37491,1.37493,8400000,1
1756414260000,1756414319000,1.37493,1.37493,1.37491,1.37491,9600000,1
1756414320000,1756414379000,1.37492,1.37492,1.37475,1.37475,18600000,1
1756414380000,1756414439000,1.37475,1.37476,1.37465,1.3747,23700000,1
1756414440000,1756414499000,1.3747,1.3747,1.37465,1.37465,15450000,1
1756414500000,1756414559000,1.37463,1.37471,1.37461,1.37471,57150000,1
1756414560000,1756414619000,1.37468,1.37468,1.37457,1.37461,69300000,1
1756414620000,1756414679000,1.37466,1.3748,1.37466,1.37477,71100000,1
1756414680000,1756414739000,1.37477,1.37485,1.3747,1.37485,86850000,1
1756414740000,1756414799000,1.37485,1.3749,1.37472,1.37481,59850000,1
1756414800000,1756414859000,1.37477,1.37477,1.37447,1.37447,2160000,1
1756414860000,1756414919000,1.37447,1.37447,1.37447,1.37447,0,1
1756414920000,1756414979000,1.37447,1.37447,1.37447,1.37447,0,1
1756414980000,1756415039000,1.37434,1.37434,1.37434,1.37434,900000,1
1756415040000,1756415099000,1.37434,1.37434,1.37434,1.37434,1200000,1
1756415100000,1756415159000,1.37453,1.37453,1.37436,1.37436,11550000,1
1756415160000,1756415219000,1.37438,1.37439,1.37438,1.37438,9900000,1
1756415220000,1756415279000,1.37438,1.37442,1.37438,1.37442,6600000,1
1756415280000,1756415339000,1.37438,1.37439,1.37438,1.37439,2850000,1
1756415340000,1756415399000,1.37438,1.37438,1.37438,1.37438,3000000,1
1756415400000,1756415459000,1.37438,1.37451,1.37429,1.37451,22650000,1
1756415460000,1756415519000,1.37451,1.37452,1.37431,1.37452,2700000,1
1756415520000,1756415579000,1.37438,1.37449,1.37437,1.37441,10200000,1
1756415580000,1756415639000,1.37441,1.37441,1.3744,1.3744,5400000,1
1756415640000,1756415699000,1.3744,1.3744,1.3744,1.3744,1800000,1
1756415700000,1756415759000,1.3744,1.37448,1.3744,1.3744,12480000,1
1756415760000,1756415819000,1.3744,1.37461,1.37438,1.37457,10950000,1
1756415820000,1756415879000,1.37456,1.37456,1.37436,1.37436,16050000,1
1756415880000,1756415939000,1.37455,1.37465,1.37455,1.37457,6750000,1
1756415940000,1756415999000,1.37455,1.37464,1.37438,1.37439,14700000,1
1756416000000,1756416059000,1.37438,1.37459,1.37438,1.37447,21120000,1
1756416060000,1756416119000,1.37448,1.37448,1.37447,1.37447,6480000,1
1756416120000,1756416179000,1.37447,1.37448,1.37447,1.37447,11880000,1
1756416180000,1756416239000,1.37447,1.37448,1.37447,1.37447,14640000,1
1756416240000,1756416299000,1.37447,1.37466,1.37447,1.37466,12840000,1
1756416300000,1756416359000,1.37466,1.37466,1.37461,1.37464,12900000,1
1756416360000,1756416419000,1.37465,1.37466,1.37451,1.37451,18000000,1
1756416420000,1756416479000,1.37453,1.37455,1.37448,1.3745,21750000,1
1756416480000,1756416539000,1.37451,1.3747,1.37451,1.37469,60450000,1
1756416540000,1756416599000,1.3747,1.37475,1.37459,1.37468,75450000,1
1756416600000,1756416659000,1.37466,1.375,1.37466,1.37495,56250000,1
1756416660000,1756416719000,1.37496,1.37496,1.37493,1.37494,16050000,1
1756416720000,1756416779000,1.37497,1.37497,1.37493,1.37495,12150000,1
1756416780000,1756416839000,1.37495,1.37499,1.37493,1.37499,12900000,1
1756416840000,1756416899000,1.37497,1.375,1.37497,1.37499,5400000,1
1756416900000,1756416959000,1.37484,1.37493,1.37468,1.37493,28050000,1
1756416960000,1756417019000,1.37483,1.37483,1.37483,1.37483,1800000,1
1756417020000,1756417079000,1.37496,1.37496,1.37464,1.37491,32400000,1
1756417080000,1756417139000,1.37493,1.37495,1.37493,1.37495,5400000,1
1756417140000,1756417199000,1.37498,1.37502,1.37498,1.37502,2700000,1
1756417200000,1756417259000,1.375,1.37506,1.37498,1.37506,11250000,1
1756417260000,1756417319000,1.37507,1.37509,1.37503,1.37506,9900000,1
1756417320000,1756417379000,1.37508,1.37509,1.37506,1.37509,6750000,1
1756417380000,1756417439000,1.37506,1.37511,1.37504,1.37509,23400000,1
1756417440000,1756417499000,1.375,1.37508,1.37496,1.37506,27900000,1
1756417500000,1756417559000,1.37506,1.37508,1.37502,1.37506,18000000,1
1756417560000,1756417619000,1.37506,1.37506,1.37492,1.37501,20850000,1
1756417620000,1756417679000,1.375,1.37503,1.37458,1.3746,46800000,1
1756417680000,1756417739000,1.37459,1.37487,1.37459,1.3748,66000000,1
1756417740000,1756417799000,1.37481,1.37489,1.37481,1.37486,20100000,1
1756417800000,1756417859000,1.37488,1.37489,1.37487,1.37488,9600000,1
1756417860000,1756417919000,1.37488,1.37507,1.37486,1.37507,17250000,1
1756417920000,1756417979000,1.37504,1.37511,1.37503,1.3751,23400000,1
1756417980000,1756418039000,1.3751,1.37513,1.3751,1.37513,4950000,1
1756418040000,1756418099000,1.37505,1.37514,1.37505,1.37514,4500000,1
1756418100000,1756418159000,1.37513,1.37515,1.37469,1.37509,47250000,1
1756418160000,1756418219000,1.37506,1.37507,1.37506,1.37506,7200000,1
1756418220000,1756418279000,1.37502,1.37506,1.37499,1.37506,7650000,1
1756418280000,1756418339000,1.37508,1.3751,1.37507,1.37507,7800000,1
1756418340000,1756418399000,1.37508,1.37511,1.37504,1.37508,18750000,1
1756418400000,1756418459000,1.37513,1.37537,1.3751,1.37518,104400000,1
1756418460000,1756418519000,1.37517,1.37518,1.37503,1.37513,65700000,1
1756418520000,1756418579000,1.37512,1.37513,1.37509,1.37511,18900000,1
1756418580000,1756418639000,1.37509,1.37513,1.37508,1.37509,10800000,1
1756418640000,1756418699000,1.37508,1.37514,1.37508,1.37514,27600000,1
1756418700000,1756418759000,1.37515,1.37519,1.37512,1.37514,80550000,1
1756418760000,1756418819000,1.37514,1.37518,1.37512,1.37517,46200000,1
1756418820000,1756418879000,1.3752,1.37524,1.37518,1.37518,35100000,1
1756418880000,1756418939000,1.37518,1.37526,1.37509,1.37509,90300000,1
1756418940000,1756418999000,1.37511,1.37515,1.37507,1.37511,59700000,1
1756419000000,1756419059000,1.37511,1.37514,1.37505,1.37508,68400000,1
1756419060000,1756419119000,1.37508,1.37513,1.37505,1.37511,48900000,1
1756419120000,1756419179000,1.37512,1.37519,1.3751,1.3751,45600000,1
1756419180000,1756419239000,1.3751,1.37512,1.37503,1.37506,58950000,1
1756419240000,1756419299000,1.37506,1.37512,1.37503,1.37509,62100000,1
1756419300000,1756419359000,1.3751,1.37511,1.37503,1.37504,81900000,1
1756419360000,1756419419000,1.37503,1.37503,1.37498,1.37498,60450000,1
1756419420000,1756419479000,1.37499,1.37499,1.37493,1.37494,39900000,1
1756419480000,1756419539000,1.37494,1.37495,1.37494,1.37494,25650000,1
1756419540000,1756419599000,1.37494,1.37499,1.37494,1.37496,22950000,1
1756419600000,1756419659000,1.37495,1.37496,1.37494,1.37496,8400000,1
1756419660000,1756419719000,1.37496,1.37496,1.37494,1.37495,43200000,1
1756419720000,1756419779000,1.37494,1.37496,1.37494,1.37495,21150000,1
1756419780000,1756419839000,1.37497,1.37503,1.37497,1.37503,40650000,1
1756419840000,1756419899000,1.37501,1.37503,1.37501,1.37502,20670000,1
1756419900000,1756419959000,1.37501,1.37503,1.37501,1.37502,16950000,1
1756419960000,1756420019000,1.37501,1.37502,1.375,1.37501,32190000,1
1756420020000,1756420079000,1.37502,1.37503,1.37501,1.37503,87600000,1
1756420080000,1756420139000,1.37501,1.37505,1.37501,1.37504,29400000,1
1756420140000,1756420199000,1.37504,1.37505,1.37503,1.37505,26100000,1
1756420200000,1756420259000,1.37503,1.37506,1.37503,1.37504,31350000,1
1756420260000,1756420319000,1.37505,1.37508,1.37505,1.37506,30600000,1
1756420320000,1756420379000,1.37505,1.37518,1.37505,1.37516,49050000,1
1756420380000,1756420439000,1.37517,1.37526,1.37514,1.37525,24300000,1
1756420440000,1756420499000,1.37525,1.37525,1.37521,1.37523,19800000,1
1756420500000,1756420559000,1.37525,1.37526,1.37521,1.37524,41850000,1
1756420560000,1756420619000,1.37523,1.37527,1.37523,1.37525,24900000,1
1756420620000,1756420679000,1.37525,1.37526,1.37523,1.37523,23400000,1
1756420680000,1756420739000,1.37524,1.37524,1.37522,1.37522,7200000,1
1756420740000,1756420799000,1.37522,1.37525,1.37522,1.37525,12750000,1
1756420800000,1756420859000,1.37524,1.37525,1.37523,1.37524,33300000,1
1756420860000,1756420919000,1.37524,1.37525,1.37523,1.37523,34800000,1
1756420920000,1756420979000,1.37522,1.37523,1.3752,1.37521,42750000,1
1756420980000,1756421039000,1.3752,1.3752,1.37519,1.37519,4050000,1
1756421040000,1756421099000,1.37518,1.37522,1.37518,1.37522,22050000,1
1756421100000,1756421159000,1.37519,1.37521,1.37518,1.37519,28350000,1
1756421160000,1756421219000,1.3752,1.3752,1.37514,1.37514,15900000,1
1756421220000,1756421279000,1.37514,1.37514,1.37508,1.37509,18750000,1
1756421280000,1756421339000,1.37509,1.37512,1.37509,1.37511,11250000,1
1756421340000,1756421399000,1.37512,1.37512,1.3751,1.3751,12450000,1
1756421400000,1756421459000,1.3751,1.37511,1.37509,1.37509,12450000,1
1756421460000,1756421519000,1.3751,1.37512,1.3751,1.3751,18300000,1
1756421520000,1756421579000,1.3751,1.37515,1.3751,1.37513,22800000,1
1756421580000,1756421639000,1.37513,1.37514,1.37511,1.37512,26850000,1
1756421640000,1756421699000,1.37514,1.37515,1.37514,1.37514,8100000,1
1756421700000,1756421759000,1.37513,1.37513,1.37506,1.37507,16650000,1
1756421760000,1756421819000,1.37506,1.37507,1.37504,1.37505,9000000,1
1756421820000,1756421879000,1.37504,1.37507,1.37501,1.37502,17250000,1
1756421880000,1756421939000,1.37502,1.37509,1.37502,1.37508,12750000,1
1756421940000,1756421999000,1.37502,1.37508,1.37502,1.37507,10950000,1
1756422000000,1756422059000,1.37507,1.37507,1.37502,1.37502,10950000,1
1756422060000,1756422119000,1.37503,1.37504,1.37495,1.37495,27150000,1
1756422120000,1756422179000,1.37495,1.37497,1.37494,1.37496,18450000,1
1756422180000,1756422239000,1.37496,1.37501,1.37496,1.37501,23850000,1
1756422240000,1756422299000,1.375,1.37501,1.37497,1.37501,51600000,1
1756422300000,1756422359000,1.37499,1.37502,1.37499,1.37502,22050000,1
1756422360000,1756422419000,1.37503,1.37503,1.37496,1.375,43050000,1
1756422420000,1756422479000,1.375,1.37504,1.375,1.37504,6300000,1
1756422480000,1756422539000,1.37504,1.37504,1.375,1.375,22800000,1
1756422540000,1756422599000,1.375,1.37501,1.375,1.375,24150000,1
1756422600000,1756422659000,1.375,1.375,1.375,1.375,4650000,1
1756422660000,1756422719000,1.37502,1.37504,1.37501,1.37503,86700000,1
1756422720000,1756422779000,1.37503,1.37504,1.375,1.37501,124050000,1
1756422780000,1756422839000,1.375,1.37504,1.375,1.37504,30600000,1
1756422840000,1756422899000,1.37503,1.37505,1.37503,1.37505,5700000,1
1756422900000,1756422959000,1.37502,1.37502,1.37497,1.37497,57600000,1
1756422960000,1756423019000,1.37498,1.37501,1.37497,1.37497,53550000,1
1756423020000,1756423079000,1.37498,1.37498,1.37495,1.37496,24750000,1
1756423080000,1756423139000,1.37495,1.37495,1.37489,1.3749,52050000,1
1756423140000,1756423199000,1.37491,1.37495,1.37489,1.37494,63450000,1
1756423200000,1756423259000,1.37495,1.37496,1.37494,1.37495,30300000,1
1756423260000,1756423319000,1.37496,1.37497,1.37495,1.37496,12450000,1
1756423320000,1756423379000,1.37497,1.37497,1.37496,1.37496,7950000,1
1756423380000,1756423439000,1.37496,1.37497,1.37496,1.37497,17400000,1
1756423440000,1756423499000,1.37499,1.37499,1.37499,1.37499,1350000,1
1756423500000,1756423559000,1.37497,1.37499,1.37497,1.37498,13200000,1
1756423560000,1756423619000,1.37498,1.37499,1.37496,1.37497,8100000,1
1756423620000,1756423679000,1.37497,1.37498,1.37496,1.37498,15300000,1
1756423680000,1756423739000,1.37496,1.37498,1.37496,1.37497,11250000,1
1756423740000,1756423799000,1.37497,1.37499,1.37496,1.37498,21150000,1
1756423800000,1756423859000,1.37499,1.37505,1.37498,1.37498,47700000,1
1756423860000,1756423919000,1.37499,1.375,1.37498,1.375,7350000,1
1756423920000,1756423979000,1.37502,1.37504,1.37501,1.37504,51900000,1
1756423980000,1756424039000,1.37506,1.37506,1.37501,1.37501,27600000,1
1756424040000,1756424099000,1.37502,1.37505,1.37501,1.37502,44550000,1
1756424100000,1756424159000,1.37503,1.37503,1.37499,1.37501,66750000,1
1756424160000,1756424219000,1.37501,1.37506,1.375,1.37502,81300000,1
1756424220000,1756424279000,1.375,1.37501,1.37499,1.375,26700000,1
1756424280000,1756424339000,1.37501,1.37504,1.375,1.37503,49500000,1
1756424340000,1756424399000,1.37503,1.37503,1.37501,1.37502,22350000,1
1756424400000,1756424459000,1.37502,1.37502,1.37501,1.37502,4950000,1
1756424460000,1756424519000,1.37505,1.37505,1.37501,1.37501,3750000,1
1756424520000,1756424579000,1.37501,1.37502,1.375,1.37502,10050000,1
1756424580000,1756424639000,1.37503,1.37504,1.37501,1.37502,7350000,1
1756424640000,1756424699000,1.37501,1.37502,1.37496,1.37496,12600000,1
1756424700000,1756424759000,1.37496,1.37499,1.37492,1.37498,39000000,1
1756424760000,1756424819000,1.37499,1.37499,1.37496,1.37497,35550000,1
1756424820000,1756424879000,1.37497,1.37505,1.37497,1.37501,43650000,1
1756424880000,1756424939000,1.37503,1.37518,1.375,1.37517,48600000,1
1756424940000,1756424999000,1.37518,1.37519,1.37516,1.37516,9600000,1
1756425000000,1756425059000,1.37516,1.37517,1.37516,1.37516,11100000,1
1756425060000,1756425119000,1.37517,1.3752,1.37517,1.37519,15750000,1
1756425120000,1756425179000,1.3752,1.3752,1.37509,1.37516,29550000,1
1756425180000,1756425239000,1.37515,1.37515,1.37508,1.37509,48150000,1
1756425240000,1756425299000,1.37508,1.37508,1.37505,1.37506,22050000,1
1756425300000,1756425359000,1.37507,1.37507,1.37507,1.37507,11400000,1
1756425360000,1756425419000,1.37507,1.37507,1.37499,1.375,48600000,1
1756425420000,1756425479000,1.37501,1.37501,1.37496,1.37497,32550000,1
1756425480000,1756425539000,1.37498,1.37512,1.37497,1.37511,30750000,1
1756425540000,1756425599000,1.37512,1.37524,1.37512,1.37516,86700000,1
1756425600000,1756425659000,1.37514,1.37517,1.37498,1.37498,268950000,1
1756425660000,1756425719000,1.37498,1.37498,1.37489,1.37491,144750000,1
1756425720000,1756425779000,1.37491,1.37491,1.37486,1.37489,82500000,1
1756425780000,1756425839000,1.37487,1.37491,1.37481,1.37481,105750000,1
1756425840000,1756425899000,1.37481,1.37487,1.37472,1.37472,104550000,1
1756425900000,1756425959000,1.37472,1.37472,1.37462,1.37468,129000000,1
1756425960000,1756426019000,1.37468,1.37477,1.37468,1.37477,66900000,1
1756426020000,1756426079000,1.37477,1.37479,1.37476,1.37477,70200000,1
1756426080000,1756426139000,1.37478,1.37481,1.37471,1.37472,92550000,1
1756426140000,1756426199000,1.37473,1.37476,1.3747,1.3747,74250000,1
1756426200000,1756426259000,1.3747,1.37473,1.37468,1.3747,95850000,1
1756426260000,1756426319000,1.3747,1.37471,1.37463,1.37466,51900000,1
1756426320000,1756426379000,1.37467,1.37468,1.3746,1.37465,110550000,1
1756426380000,1756426439000,1.37464,1.37471,1.37463,1.37468,72150000,1
1756426440000,1756426499000,1.37468,1.37472,1.37463,1.37463,78450000,1
1756426500000,1756426559000,1.37463,1.37463,1.3746,1.3746,64200000,1
1756426560000,1756426619000,1.37461,1.37468,1.37461,1.37466,73500000,1
1756426620000,1756426679000,1.37467,1.3747,1.37466,1.37469,72000000,1
1756426680000,1756426739000,1.3747,1.3747,1.37462,1.37462,70200000,1
1756426740000,1756426799000,1.37462,1.3747,1.37462,1.37468,172050000,1
1756426800000,1756426859000,1.37469,1.37481,1.37468,1.3748,126900000,1
1756426860000,1756426919000,1.37482,1.37482,1.37477,1.37479,55500000,1
1756426920000,1756426979000,1.3748,1.37481,1.37477,1.37477,39600000,1
1756426980000,1756427039000,1.37477,1.37486,1.37477,1.37486,78750000,1
1756427040000,1756427099000,1.37487,1.37489,1.37487,1.37487,25350000,1
1756427100000,1756427159000,1.37487,1.37491,1.37475,1.37475,109950000,1
1756427160000,1756427219000,1.37475,1.37485,1.37475,1.37483,83700000,1
1756427220000,1756427279000,1.37483,1.37485,1.37482,1.37483,118800000,1
1756427280000,1756427339000,1.37482,1.37482,1.37476,1.37476,50700000,1
1756427340000,1756427399000,1.37476,1.37477,1.37473,1.37477,97350000,1
1756427400000,1756427459000,1.37476,1.37484,1.37471,1.37484,75900000,1
1756427460000,1756427519000,1.37483,1.37485,1.37481,1.37481,24300000,1
1756427520000,1756427579000,1.37481,1.37493,1.37481,1.37491,64500000,1
1756427580000,1756427639000,1.37492,1.37502,1.3749,1.37501,38400000,1
1756427640000,1756427699000,1.37503,1.37507,1.375,1.37503,93450000,1
1756427700000,1756427759000,1.37501,1.37509,1.37499,1.37505,63600000,1
1756427760000,1756427819000,1.37505,1.37506,1.37501,1.37501,25350000,1
1756427820000,1756427879000,1.37501,1.37503,1.37501,1.37503,16800000,1
1756427880000,1756427939000,1.37502,1.37502,1.37496,1.37496,18000000,1
1756427940000,1756427999000,1.37493,1.37502,1.37492,1.37501,39300000,1
1756428000000,1756428059000,1.375,1.375,1.37488,1.37489,24000000,1
1756428060000,1756428119000,1.3749,1.37493,1.37488,1.3749,30300000,1
1756428120000,1756428179000,1.37491,1.37493,1.37485,1.37486,31500000,1
1756428180000,1756428239000,1.37485,1.37489,1.37485,1.37489,21450000,1
1756428240000,1756428299000,1.37488,1.37493,1.37486,1.37493,52050000,1
1756428300000,1756428359000,1.37494,1.37499,1.37492,1.37496,87900000,1
1756428360000,1756428419000,1.37496,1.37496,1.37489,1.37489,76050000,1
1756428420000,1756428479000,1.37489,1.37491,1.37486,1.37487,42600000,1
1756428480000,1756428539000,1.37487,1.37497,1.37483,1.37495,51900000,1
1756428540000,1756428599000,1.37497,1.37497,1.37486,1.37488,86400000,1
1756428600000,1756428659000,1.37488,1.37492,1.37474,1.37475,83850000,1
1756428660000,1756428719000,1.37475,1.37482,1.37475,1.37482,62550000,1
1756428720000,1756428779000,1.37481,1.37495,1.37478,1.37492,126600000,1
1756428780000,1756428839000,1.37491,1.37496,1.37486,1.37494,121200000,1
1756428840000,1756428899000,1.37494,1.37514,1.37493,1.37499,214350000,1
1756428900000,1756428959000,1.37498,1.37504,1.37485,1.37486,278550000,1
1756428960000,1756429019000,1.37486,1.37494,1.37486,1.3749,93000000,1
1756429020000,1756429079000,1.37493,1.37493,1.37481,1.37481,71580000,1
1756429080000,1756429139000,1.37481,1.37486,1.37477,1.37477,63000000,1
1756429140000,1756429199000,1.37477,1.37477,1.37457,1.37457,102900000,1
1756429200000,1756429259000,1.37455,1.37457,1.37451,1.37456,166050000,1
1756429260000,1756429319000,1.37454,1.37456,1.37448,1.37449,132150000,1
1756429320000,1756429379000,1.37449,1.3745,1.37443,1.37445,87750000,1
1756429380000,1756429439000,1.37447,1.37449,1.37444,1.37448,48450000,1
1756429440000,1756429499000,1.37449,1.37457,1.37447,1.37453,85950000,1
1756429500000,1756429559000,1.37454,1.37459,1.37454,1.37455,44250000,1
1756429560000,1756429619000,1.37454,1.37467,1.37452,1.37467,118350000,1
1756429620000,1756429679000,1.37467,1.3748,1.37465,1.37476,48900000,1
1756429680000,1756429739000,1.37478,1.37491,1.37478,1.37483,106050000,1
1756429740000,1756429799000,1.37483,1.37483,1.37475,1.37478,49050000,1
1756429800000,1756429859000,1.37479,1.3748,1.37474,1.37474,28650000,1
1756429860000,1756429919000,1.37475,1.37475,1.37462,1.37465,68550000,1
1756429920000,1756429979000,1.37464,1.37468,1.37459,1.37467,66150000,1
1756429980000,1756430039000,1.37466,1.37467,1.37465,1.37465,26100000,1
1756430040000,1756430099000,1.37466,1.37466,1.37456,1.37458,113850000,1
1756430100000,1756430159000,1.37458,1.37476,1.37449,1.3747,233100000,1
1756430160000,1756430219000,1.37469,1.37483,1.37467,1.37481,160050000,1
1756430220000,1756430279000,1.37481,1.37493,1.37479,1.3749,149250000,1
1756430280000,1756430339000,1.37491,1.37496,1.37487,1.37488,145650000,1
1756430340000,1756430399000,1.37488,1.37512,1.37487,1.3751,192300000,1
1756430400000,1756430459000,1.3751,1.37533,1.37506,1.37527,175200000,1
1756430460000,1756430519000,1.37526,1.37536,1.37519,1.37519,232800000,1
1756430520000,1756430579000,1.37518,1.3752,1.37517,1.37517,154800000,1
1756430580000,1756430639000,1.37515,1.37519,1.37508,1.37519,78750000,1
1756430640000,1756430699000,1.37519,1.37543,1.37519,1.37532,154950000,1
1756430700000,1756430759000,1.37531,1.3754,1.3753,1.37538,130500000,1
1756430760000,1756430819000,1.37536,1.3754,1.37528,1.37539,113250000,1
1756430820000,1756430879000,1.37538,1.37547,1.37532,1.37547,163650000,1
1756430880000,1756430939000,1.37547,1.37547,1.37543,1.37544,104700000,1
1756430940000,1756430999000,1.37544,1.37544,1.37534,1.37534,72150000,1
1756431000000,1756431059000,1.37535,1.37543,1.37528,1.3754,142050000,1
1756431060000,1756431119000,1.3754,1.37543,1.37526,1.37527,95250000,1
1756431120000,1756431179000,1.37526,1.37527,1.37517,1.3752,163350000,1
1756431180000,1756431239000,1.37519,1.37521,1.37504,1.37506,132150000,1
1756431240000,1756431299000,1.37505,1.37511,1.37504,1.37509,99300000,1
1756431300000,1756431359000,1.37507,1.37508,1.37492,1.37496,101100000,1
1756431360000,1756431419000,1.37498,1.37517,1.37495,1.37517,133200000,1
1756431420000,1756431479000,1.37517,1.37519,1.37504,1.37504,100800000,1
1756431480000,1756431539000,1.37505,1.37505,1.37496,1.37498,86400000,1
1756431540000,1756431599000,1.37498,1.37511,1.37498,1.37511,89100000,1
1756431600000,1756431659000,1.3751,1.3751,1.37489,1.37494,128250000,1
1756431660000,1756431719000,1.37494,1.37497,1.37492,1.37493,59400000,1
1756431720000,1756431779000,1.37494,1.37494,1.3748,1.37481,104100000,1
1756431780000,1756431839000,1.37481,1.37491,1.3748,1.37485,114150000,1
1756431840000,1756431899000,1.37483,1.37483,1.37468,1.37469,162600000,1
1756431900000,1756431959000,1.37468,1.37481,1.37466,1.37477,157350000,1
1756431960000,1756432019000,1.37478,1.37488,1.37476,1.37488,95850000,1
1756432020000,1756432079000,1.37486,1.37487,1.37475,1.37483,166800000,1
1756432080000,1756432139000,1.37485,1.37496,1.37485,1.37491,175500000,1
1756432140000,1756432199000,1.37492,1.37494,1.37489,1.3749,70800000,1
1756432200000,1756432259000,1.37489,1.37512,1.37487,1.37508,127650000,1
1756432260000,1756432319000,1.37508,1.37519,1.37508,1.37519,94800000,1
1756432320000,1756432379000,1.37518,1.37519,1.37509,1.37513,110850000,1
1756432380000,1756432439000,1.37515,1.37515,1.37505,1.37505,83700000,1
1756432440000,1756432499000,1.37506,1.37511,1.375,1.37502,118800000,1
1756432500000,1756432559000,1.37504,1.37505,1.37499,1.37503,161400000,1
1756432560000,1756432619000,1.37502,1.37505,1.375,1.375,87450000,1
1756432620000,1756432679000,1.375,1.37518,1.37499,1.37513,114450000,1
1756432680000,1756432739000,1.37513,1.37519,1.37513,1.37514,130350000,1
1756432740000,1756432799000,1.37515,1.37515,1.37498,1.37498,142350000,1
1756432800000,1756432859000,1.37498,1.37498,1.37488,1.37493,145650000,1
1756432860000,1756432919000,1.37492,1.37493,1.37485,1.37492,100950000,1
1756432920000,1756432979000,1.37492,1.37496,1.37485,1.37494,123300000,1
1756432980000,1756433039000,1.37494,1.37494,1.3748,1.37483,97800000,1
1756433040000,1756433099000,1.37484,1.37484,1.37478,1.37479,110850000,1
1756433100000,1756433159000,1.37478,1.37484,1.37475,1.37483,80850000,1
1756433160000,1756433219000,1.37483,1.37487,1.3748,1.37487,49800000,1
1756433220000,1756433279000,1.37486,1.37491,1.37478,1.37486,63300000,1
1756433280000,1756433339000,1.37486,1.37487,1.37484,1.37487,32550000,1
1756433340000,1756433399000,1.37487,1.37493,1.37487,1.37492,16950000,1
1756433400000,1756433459000,1.37493,1.37504,1.37493,1.37503,29850000,1
1756433460000,1756433519000,1.37501,1.37501,1.37493,1.37497,79350000,1
1756433520000,1756433579000,1.37496,1.37501,1.37495,1.37498,27000000,1
1756433580000,1756433639000,1.37497,1.375,1.37491,1.375,61950000,1
1756433640000,1756433699000,1.37499,1.37504,1.37499,1.37502,127050000,1
1756433700000,1756433759000,1.37503,1.37509,1.37498,1.37499,72150000,1
1756433760000,1756433819000,1.37498,1.37504,1.37496,1.37501,139800000,1
1756433820000,1756433879000,1.37501,1.37504,1.37501,1.37504,119100000,1
1756433880000,1756433939000,1.37503,1.37503,1.37497,1.37501,117900000,1
1756433940000,1756433999000,1.37502,1.37504,1.37501,1.37504,55950000,1
1756434000000,1756434059000,1.37506,1.37519,1.37504,1.37515,106050000,1
1756434060000,1756434119000,1.37516,1.37517,1.37508,1.37513,119400000,1
1756434120000,1756434179000,1.37514,1.37515,1.37506,1.37507,135900000,1
1756434180000,1756434239000,1.37511,1.37511,1.375,1.375,95550000,1
1756434240000,1756434299000,1.37501,1.37502,1.37494,1.375,31350000,1
1756434300000,1756434359000,1.375,1.37508,1.37497,1.37508,48600000,1
1756434360000,1756434419000,1.37507,1.37508,1.37502,1.37503,26400000,1
1756434420000,1756434479000,1.37501,1.37505,1.375,1.37505,36750000,1
1756434480000,1756434539000,1.37505,1.37509,1.37504,1.37506,29250000,1
1756434540000,1756434599000,1.37507,1.3751,1.37505,1.37506,37350000,1
1756434600000,1756434659000,1.37507,1.37516,1.37505,1.37516,69000000,1
1756434660000,1756434719000,1.37515,1.37518,1.37511,1.37518,54750000,1
1756434720000,1756434779000,1.37518,1.37523,1.37515,1.37518,25800000,1
1756434780000,1756434839000,1.37519,1.37522,1.37516,1.37516,36450000,1
1756434840000,1756434899000,1.37516,1.37521,1.37516,1.37519,33150000,1
1756434900000,1756434959000,1.37518,1.37524,1.37516,1.37523,63450000,1
1756434960000,1756435019000,1.37523,1.37526,1.3752,1.37525,101100000,1
1756435020000,1756435079000,1.37526,1.37527,1.37517,1.37517,70800000,1
1756435080000,1756435139000,1.37518,1.37518,1.3751,1.37516,52800000,1
1756435140000,1756435199000,1.37516,1.37516,1.37503,1.37504,30000000,1
1756435200000,1756435259000,1.37503,1.3751,1.375,1.37509,52950000,1
1756435260000,1756435319000,1.37509,1.37514,1.37509,1.37513,39150000,1
1756435320000,1756435379000,1.37514,1.37518,1.37512,1.37513,57150000,1
1756435380000,1756435439000,1.37514,1.37516,1.37512,1.37513,55200000,1
1756435440000,1756435499000,1.37515,1.37518,1.37515,1.37517,21150000,1
1756435500000,1756435559000,1.37516,1.37517,1.37505,1.37505,57900000,1
1756435560000,1756435619000,1.37506,1.37507,1.37502,1.37506,98100000,1
1756435620000,1756435679000,1.37506,1.37506,1.37502,1.37502,30600000,1
1756435680000,1756435739000,1.37502,1.37506,1.37502,1.37504,64650000,1
1756435740000,1756435799000,1.37503,1.37505,1.37501,1.37505,70200000,1
1756435800000,1756435859000,1.37504,1.37513,1.37502,1.37511,78600000,1
1756435860000,1756435919000,1.37511,1.37512,1.37502,1.37509,146250000,1
1756435920000,1756435979000,1.37509,1.37515,1.37509,1.37512,90450000,1
1756435980000,1756436039000,1.37512,1.37514,1.37509,1.37513,95550000,1
1756436040000,1756436099000,1.37514,1.37522,1.37509,1.37521,81000000,1
1756436100000,1756436159000,1.37519,1.37522,1.37517,1.37522,123000000,1
1756436160000,1756436219000,1.37522,1.37522,1.37516,1.37519,156000000,1
1756436220000,1756436279000,1.37518,1.37535,1.37515,1.37533,134250000,1
1756436280000,1756436339000,1.37533,1.37542,1.37532,1.37541,99450000,1
1756436340000,1756436399000,1.3754,1.37542,1.37537,1.37539,42600000,1
1756436400000,1756436459000,1.37538,1.37548,1.37538,1.37546,147000000,1
1756436460000,1756436519000,1.37547,1.37548,1.37524,1.37526,114300000,1
1756436520000,1756436579000,1.37526,1.37535,1.37526,1.37535,104700000,1
1756436580000,1756436639000,1.37534,1.3754,1.37534,1.37538,40800000,1
1756436640000,1756436699000,1.37538,1.37546,1.37538,1.37539,59700000,1
1756436700000,1756436759000,1.37539,1.37541,1.37529,1.37541,119100000,1
1756436760000,1756436819000,1.37538,1.37542,1.37534,1.37537,99900000,1
1756436820000,1756436879000,1.37538,1.37546,1.37536,1.37541,56100000,1
1756436880000,1756436939000,1.37541,1.37543,1.37534,1.37542,79050000,1
1756436940000,1756436999000,1.37542,1.37544,1.37541,1.37541,23400000,1
1756437000000,1756437059000,1.37539,1.37539,1.37533,1.37533,28500000,1
1756437060000,1756437119000,1.37536,1.37547,1.37536,1.37544,34200000,1
1756437120000,1756437179000,1.37544,1.37551,1.37544,1.37547,66450000,1
1756437180000,1756437239000,1.37547,1.37547,1.37542,1.37545,46050000,1
1756437240000,1756437299000,1.37546,1.37551,1.37546,1.37551,48150000,1
1756437300000,1756437359000,1.37552,1.37552,1.37549,1.37552,36600000,1
1756437360000,1756437419000,1.37552,1.37559,1.37552,1.37555,47400000,1
1756437420000,1756437479000,1.37555,1.37559,1.37553,1.37559,58950000,1
1756437480000,1756437539000,1.37558,1.37561,1.37555,1.37559,67350000,1
1756437540000,1756437599000,1.3756,1.3756,1.37553,1.37556,78150000,1
1756437600000,1756437659000,1.37557,1.37557,1.37547,1.37547,56100000,1
1756437660000,1756437719000,1.37548,1.37549,1.37546,1.37547,33000000,1
1756437720000,1756437779000,1.37552,1.37556,1.37551,1.37555,32250000,1
1756437780000,1756437839000,1.37554,1.37554,1.37553,1.37553,60900000,1
1756437840000,1756437899000,1.37554,1.37557,1.37553,1.37556,54450000,1
1756437900000,1756437959000,1.37556,1.37562,1.37556,1.3756,70800000,1
1756437960000,1756438019000,1.37558,1.37559,1.37555,1.37557,39750000,1
1756438020000,1756438079000,1.37558,1.3756,1.37558,1.37559,42150000,1
1756438080000,1756438139000,1.3756,1.37561,1.37558,1.37559,39300000,1
1756438140000,1756438199000,1.37559,1.37562,1.37556,1.37557,109650000,1
1756438200000,1756438259000,1.37557,1.37561,1.37557,1.37559,50400000,1
1756438260000,1756438319000,1.37559,1.37563,1.37559,1.3756,30900000,1
1756438320000,1756438379000,1.3756,1.37561,1.37558,1.37558,37200000,1
1756438380000,1756438439000,1.37559,1.37562,1.37557,1.37562,30000000,1
1756438440000,1756438499000,1.37562,1.37565,1.37562,1.37563,12750000,1
1756438500000,1756438559000,1.37561,1.37561,1.37555,1.37555,53100000,1
1756438560000,1756438619000,1.37555,1.37557,1.37555,1.37557,29850000,1
1756438620000,1756438679000,1.37556,1.37558,1.37546,1.37546,36600000,1
1756438680000,1756438739000,1.37546,1.37551,1.37546,1.37549,36300000,1
1756438740000,1756438799000,1.3755,1.37554,1.37549,1.37551,30000000,1
1756438800000,1756438859000,1.37551,1.37551,1.37544,1.37544,62850000,1
1756438860000,1756438919000,1.37544,1.37547,1.37543,1.37543,22350000,1
1756438920000,1756438979000,1.37542,1.37544,1.37542,1.37542,34050000,1
1756438980000,1756439039000,1.37542,1.37542,1.37538,1.37541,74400000,1
1756439040000,1756439099000,1.3754,1.37542,1.37538,1.37542,58050000,1
1756439100000,1756439159000,1.37542,1.37542,1.37535,1.37536,43500000,1
1756439160000,1756439219000,1.37537,1.37538,1.37535,1.37537,24450000,1
1756439220000,1756439279000,1.37536,1.37536,1.37532,1.37535,15600000,1
1756439280000,1756439339000,1.37533,1.37534,1.37523,1.37527,34800000,1
1756439340000,1756439399000,1.37527,1.37527,1.37524,1.37524,11850000,1
1756439400000,1756439459000,1.37522,1.37527,1.37522,1.37525,37950000,1
1756439460000,1756439519000,1.37525,1.37531,1.37523,1.37529,45900000,1
1756439520000,1756439579000,1.37527,1.37535,1.37527,1.3753,54300000,1
1756439580000,1756439639000,1.37531,1.37534,1.37527,1.37533,81000000,1
1756439640000,1756439699000,1.37533,1.37538,1.37533,1.37537,43050000,1
1756439700000,1756439759000,1.37536,1.37537,1.37536,1.37537,30150000,1
1756439760000,1756439819000,1.37538,1.37538,1.37528,1.37529,52350000,1
1756439820000,1756439879000,1.37529,1.37534,1.37529,1.37534,34650000,1
1756439880000,1756439939000,1.37532,1.37533,1.37532,1.37533,4800000,1
1756439940000,1756439999000,1.37534,1.37542,1.3753,1.37538,81900000,1
1756440000000,1756440059000,1.3754,1.37543,1.37537,1.37537,229200000,1
1756440060000,1756440119000,1.37537,1.37544,1.37537,1.37541,93600000,1
1756440120000,1756440179000,1.3754,1.3754,1.37528,1.3753,43350000,1
1756440180000,1756440239000,1.37529,1.37534,1.37529,1.37531,52050000,1
1756440240000,1756440299000,1.37532,1.37543,1.37531,1.37543,73050000,1
1756440300000,1756440359000,1.37547,1.3755,1.37536,1.37538,91650000,1
1756440360000,1756440419000,1.37536,1.37542,1.37536,1.37537,35250000,1
1756440420000,1756440479000,1.37538,1.37543,1.37538,1.37541,67500000,1
1756440480000,1756440539000,1.37541,1.37542,1.37538,1.37542,73950000,1
1756440540000,1756440599000,1.37541,1.37543,1.3754,1.37542,34200000,1
1756440600000,1756440659000,1.37542,1.37542,1.37536,1.37536,32850000,1
1756440660000,1756440719000,1.37536,1.37537,1.37534,1.37537,15150000,1
1756440720000,1756440779000,1.37537,1.37541,1.37536,1.3754,44700000,1
1756440780000,1756440839000,1.37541,1.37542,1.3754,1.37541,26550000,1
1756440840000,1756440899000,1.37541,1.37555,1.37541,1.37555,57450000,1
1756440900000,1756440959000,1.37553,1.37553,1.37547,1.3755,42000000,1
1756440960000,1756441019000,1.37551,1.37553,1.37549,1.37552,31500000,1
1756441020000,1756441079000,1.37553,1.37553,1.37553,1.37553,1200000,1
1756441080000,1756441139000,1.37554,1.37554,1.37552,1.37552,26550000,1
1756441140000,1756441199000,1.37553,1.37553,1.37548,1.3755,42750000,1
1756441200000,1756441259000,1.3755,1.37551,1.37547,1.37549,74850000,1
1756441260000,1756441319000,1.37549,1.37552,1.37549,1.37549,41700000,1
1756441320000,1756441379000,1.37549,1.37551,1.37549,1.3755,33750000,1
1756441380000,1756441439000,1.37549,1.37551,1.37548,1.3755,33000000,1
1756441440000,1756441499000,1.3755,1.37551,1.37546,1.37546,42000000,1
1756441500000,1756441559000,1.37547,1.37547,1.37542,1.37542,16650000,1
1756441560000,1756441619000,1.37542,1.37546,1.37542,1.37543,38400000,1
1756441620000,1756441679000,1.37542,1.37545,1.37542,1.37545,52650000,1
1756441680000,1756441739000,1.37545,1.37546,1.37542,1.37542,15750000,1
1756441740000,1756441799000,1.37541,1.37542,1.37536,1.37538,54450000,1
1756441800000,1756441859000,1.37539,1.37542,1.37537,1.37538,42750000,1
1756441860000,1756441919000,1.37539,1.37542,1.37538,1.37539,38700000,1
1756441920000,1756441979000,1.37539,1.3754,1.37533,1.37538,35100000,1
1756441980000,1756442039000,1.37539,1.3754,1.37538,1.37539,27000000,1
1756442040000,1756442099000,1.37538,1.37542,1.37538,1.37542,36300000,1
1756442100000,1756442159000,1.37541,1.37541,1.3753,1.37531,95250000,1
1756442160000,1756442219000,1.37531,1.37541,1.37531,1.37536,77550000,1
1756442220000,1756442279000,1.37536,1.37539,1.37536,1.37538,28500000,1
1756442280000,1756442339000,1.37537,1.37539,1.37537,1.37539,13650000,1
1756442340000,1756442399000,1.37538,1.37542,1.37537,1.37542,33150000,1
1756442400000,1756442459000,1.37541,1.37541,1.37525,1.37527,51300000,1
1756442460000,1756442519000,1.37527,1.37527,1.37517,1.37517,21600000,1
1756442520000,1756442579000,1.37517,1.37521,1.37517,1.37518,23400000,1
1756442580000,1756442639000,1.37521,1.37522,1.37516,1.37519,54600000,1
1756442640000,1756442699000,1.37517,1.37519,1.37517,1.37518,16950000,1
1756442700000,1756442759000,1.37518,1.37523,1.37518,1.3752,19200000,1
1756442760000,1756442819000,1.37519,1.3752,1.37518,1.37519,21450000,1
1756442820000,1756442879000,1.37519,1.3752,1.37517,1.37519,49800000,1
1756442880000,1756442939000,1.37519,1.37522,1.37519,1.3752,24600000,1
1756442940000,1756442999000,1.3752,1.3752,1.37509,1.37513,37350000,1
1756443000000,1756443059000,1.37513,1.37515,1.37513,1.37513,30150000,1
1756443060000,1756443119000,1.37513,1.37517,1.37513,1.37515,24300000,1
1756443120000,1756443179000,1.37517,1.37517,1.37517,1.37517,6750000,1
1756443180000,1756443239000,1.37517,1.37517,1.37513,1.37513,48600000,1
1756443240000,1756443299000,1.37514,1.37522,1.37513,1.37522,24150000,1
1756443300000,1756443359000,1.37523,1.37524,1.37523,1.37524,26850000,1
1756443360000,1756443419000,1.37524,1.37526,1.37524,1.37526,5850000,1
1756443420000,1756443479000,1.37526,1.37526,1.37523,1.37524,43950000,1
1756443480000,1756443539000,1.37524,1.37526,1.37524,1.37526,44250000,1
1756443540000,1756443599000,1.37526,1.37526,1.37522,1.37523,27900000,1
1756443600000,1756443659000,1.37522,1.37526,1.37512,1.37513,67800000,1
1756443660000,1756443719000,1.37513,1.37514,1.37512,1.37513,46050000,1
1756443720000,1756443779000,1.37515,1.37518,1.37515,1.37518,10050000,1
1756443780000,1756443839000,1.37516,1.37525,1.37515,1.37524,70050000,1
1756443840000,1756443899000,1.37526,1.3753,1.37525,1.37525,69900000,1
1756443900000,1756443959000,1.37526,1.37526,1.37522,1.37525,31200000,1
1756443960000,1756444019000,1.37525,1.37531,1.37525,1.37531,60750000,1
1756444020000,1756444079000,1.37529,1.3753,1.37527,1.37527,35250000,1
1756444080000,1756444139000,1.37527,1.37528,1.37525,1.37527,50100000,1
1756444140000,1756444199000,1.37526,1.3753,1.37526,1.37526,23100000,1
1756444200000,1756444259000,1.37525,1.37528,1.37525,1.37527,73500000,1
1756444260000,1756444319000,1.37527,1.37529,1.37527,1.37528,23400000,1
1756444320000,1756444379000,1.37527,1.37534,1.37527,1.37534,33450000,1
1756444380000,1756444439000,1.37532,1.37535,1.37527,1.37527,43950000,1
1756444440000,1756444499000,1.37527,1.37529,1.37525,1.37527,34050000,1
1756444500000,1756444559000,1.37531,1.37532,1.37526,1.37528,37500000,1
1756444560000,1756444619000,1.37531,1.37535,1.37531,1.37535,61200000,1
1756444620000,1756444679000,1.37536,1.37539,1.37535,1.37535,56700000,1
1756444680000,1756444739000,1.37535,1.37551,1.37535,1.37549,57900000,1
1756444740000,1756444799000,1.3755,1.3755,1.37544,1.37548,63300000,1
1756444800000,1756444859000,1.37549,1.37552,1.37549,1.3755,45600000,1
1756444860000,1756444919000,1.37551,1.37552,1.37548,1.37549,65700000,1
1756444920000,1756444979000,1.3755,1.3755,1.37546,1.37548,34800000,1
1756444980000,1756445039000,1.37548,1.37551,1.37546,1.37546,78000000,1
1756445040000,1756445099000,1.37546,1.37548,1.37546,1.37547,52650000,1
1756445100000,1756445159000,1.37546,1.37547,1.37543,1.37545,69750000,1
1756445160000,1756445219000,1.37544,1.37545,1.37537,1.37544,132900000,1
1756445220000,1756445279000,1.37544,1.37551,1.37544,1.37551,66150000,1
1756445280000,1756445339000,1.37551,1.37554,1.37547,1.3755,59250000,1
1756445340000,1756445399000,1.37549,1.3755,1.37546,1.3755,23700000,1
1756445400000,1756445459000,1.37549,1.37549,1.37546,1.37546,37050000,1
1756445460000,1756445519000,1.37547,1.37548,1.37546,1.37546,27600000,1
1756445520000,1756445579000,1.37547,1.37547,1.37544,1.37546,62550000,1
1756445580000,1756445639000,1.37547,1.3755,1.37547,1.37548,36600000,1
1756445640000,1756445699000,1.37547,1.37548,1.37543,1.37544,20250000,1
1756445700000,1756445759000,1.37545,1.37548,1.37544,1.37545,37800000,1
1756445760000,1756445819000,1.37546,1.37546,1.37545,1.37545,22800000,1
1756445820000,1756445879000,1.37548,1.37549,1.37546,1.37546,13650000,1
1756445880000,1756445939000,1.37546,1.37546,1.37542,1.37543,48450000,1
1756445940000,1756445999000,1.37545,1.37545,1.37543,1.37543,14400000,1
1756446000000,1756446059000,1.37543,1.37544,1.37535,1.37538,84000000,1
1756446060000,1756446119000,1.37537,1.37545,1.37535,1.37544,32550000,1
1756446120000,1756446179000,1.37544,1.37545,1.37538,1.37542,44550000,1
1756446180000,1756446239000,1.37542,1.37543,1.37538,1.37542,41550000,1
1756446240000,1756446299000,1.37543,1.37543,1.37531,1.37532,46350000,1
1756446300000,1756446359000,1.37533,1.37533,1.37527,1.37532,113100000,1
1756446360000,1756446419000,1.3753,1.3753,1.37525,1.37527,52050000,1
1756446420000,1756446479000,1.37528,1.37528,1.37524,1.37525,16800000,1
1756446480000,1756446539000,1.37525,1.37537,1.37525,1.37536,37950000,1
1756446540000,1756446599000,1.37536,1.37543,1.37536,1.37538,51900000,1
1756446600000,1756446659000,1.37536,1.37542,1.37536,1.37537,102300000,1
1756446660000,1756446719000,1.37537,1.37537,1.37533,1.37534,50250000,1
1756446720000,1756446779000,1.37534,1.3754,1.3753,1.37534,148200000,1
1756446780000,1756446839000,1.37534,1.37534,1.3753,1.3753,48900000,1
1756446840000,1756446899000,1.3753,1.37533,1.37527,1.37531,84000000,1
1756446900000,1756446959000,1.3753,1.3753,1.37524,1.37527,70800000,1
1756446960000,1756447019000,1.37527,1.37529,1.37524,1.37527,43650000,1
1756447020000,1756447079000,1.37526,1.37527,1.37523,1.37525,63600000,1
1756447080000,1756447139000,1.37526,1.37529,1.37524,1.37528,71250000,1
1756447140000,1756447199000,1.37528,1.37529,1.37524,1.37527,62700000,1
1756447200000,1756447259000,1.3753,1.3753,1.3752,1.37524,120300000,1
1756447260000,1756447319000,1.37525,1.37525,1.37515,1.37515,43200000,1
1756447320000,1756447379000,1.37517,1.37517,1.37505,1.37506,96000000,1
1756447380000,1756447439000,1.37505,1.37506,1.37498,1.37501,81600000,1
1756447440000,1756447499000,1.37501,1.37503,1.37498,1.37501,49650000,1
1756447500000,1756447559000,1.37502,1.37518,1.37502,1.37518,72900000,1
1756447560000,1756447619000,1.3752,1.37523,1.37515,1.37516,69900000,1
1756447620000,1756447679000,1.37516,1.37518,1.37511,1.37517,82800000,1
1756447680000,1756447739000,1.37517,1.37518,1.3751,1.37512,64500000,1
1756447740000,1756447799000,1.3751,1.37513,1.37504,1.37506,76800000,1
1756447800000,1756447859000,1.37506,1.3751,1.37503,1.37508,68850000,1
1756447860000,1756447919000,1.37509,1.37509,1.37505,1.37508,40650000,1
1756447920000,1756447979000,1.37506,1.37509,1.37499,1.375,63450000,1
1756447980000,1756448039000,1.37499,1.37501,1.37493,1.37493,50550000,1
1756448040000,1756448099000,1.37494,1.37496,1.37493,1.37496,49200000,1
1756448100000,1756448159000,1.37495,1.375,1.37495,1.375,81750000,1
1756448160000,1756448219000,1.37498,1.37505,1.37496,1.37505,33300000,1
1756448220000,1756448279000,1.37504,1.37511,1.37502,1.37504,70650000,1
1756448280000,1756448339000,1.37504,1.37506,1.37499,1.37504,54450000,1
1756448340000,1756448399000,1.37505,1.37505,1.375,1.37504,55650000,1
1756448400000,1756448459000,1.37504,1.37509,1.37502,1.37509,87900000,1
1756448460000,1756448519000,1.37507,1.37507,1.37504,1.37507,89700000,1
1756448520000,1756448579000,1.37508,1.3751,1.37499,1.375,32700000,1
1756448580000,1756448639000,1.37499,1.37508,1.37498,1.37508,14700000,1
1756448640000,1756448699000,1.37505,1.37511,1.37501,1.3751,48750000,1
1756448700000,1756448759000,1.37509,1.37524,1.37508,1.37519,57900000,1
1756448760000,1756448819000,1.3752,1.3752,1.37511,1.37511,69600000,1
1756448820000,1756448879000,1.37511,1.37513,1.37509,1.37512,72600000,1
1756448880000,1756448939000,1.37512,1.37529,1.37512,1.37528,55650000,1
1756448940000,1756448999000,1.37527,1.37529,1.37521,1.37525,55200000,1
1756449000000,1756449059000,1.37525,1.37525,1.37517,1.37523,55500000,1
1756449060000,1756449119000,1.37523,1.37535,1.37518,1.37534,72750000,1
1756449120000,1756449179000,1.37534,1.37535,1.37526,1.37529,170250000,1
1756449180000,1756449239000,1.3753,1.37537,1.37529,1.37529,55800000,1
1756449240000,1756449299000,1.37529,1.3753,1.37526,1.37527,18450000,1
1756449300000,1756449359000,1.37526,1.37539,1.37526,1.37538,49350000,1
1756449360000,1756449419000,1.37539,1.3754,1.3753,1.37532,123750000,1
1756449420000,1756449479000,1.37532,1.37547,1.37532,1.37547,49350000,1
1756449480000,1756449539000,1.37547,1.37548,1.3754,1.37544,52950000,1
1756449540000,1756449599000,1.37542,1.37543,1.37539,1.37539,62550000,1
1756449600000,1756449659000,1.37539,1.37544,1.37536,1.37537,41400000,1
1756449660000,1756449719000,1.37535,1.3754,1.37529,1.37538,60450000,1
1756449720000,1756449779000,1.37537,1.37539,1.37536,1.37538,32850000,1
1756449780000,1756449839000,1.3754,1.3754,1.37537,1.37538,35700000,1
1756449840000,1756449899000,1.37537,1.37538,1.37528,1.37529,42750000,1
1756449900000,1756449959000,1.3753,1.37557,1.3753,1.37549,163200000,1
1756449960000,1756450019000,1.37551,1.37552,1.37545,1.37546,48750000,1
1756450020000,1756450079000,1.37545,1.37554,1.37545,1.37549,39000000,1
1756450080000,1756450139000,1.37551,1.37564,1.37551,1.37564,93600000,1
1756450140000,1756450199000,1.37562,1.37568,1.37562,1.37566,43800000,1
1756450200000,1756450259000,1.37565,1.37568,1.37561,1.37566,64650000,1
1756450260000,1756450319000,1.37564,1.37564,1.37553,1.37555,31350000,1
1756450320000,1756450379000,1.37553,1.37559,1.37553,1.37557,34200000,1
1756450380000,1756450439000,1.3756,1.3756,1.3754,1.37542,44400000,1
1756450440000,1756450499000,1.37541,1.37543,1.37538,1.37542,36600000,1
1756450500000,1756450559000,1.37541,1.37566,1.37539,1.37562,69300000,1
1756450560000,1756450619000,1.37563,1.37567,1.37552,1.37555,89550000,1
1756450620000,1756450679000,1.37554,1.37555,1.37537,1.37539,60900000,1
1756450680000,1756450739000,1.3754,1.37549,1.37538,1.37549,69450000,1
1756450740000,1756450799000,1.37545,1.37547,1.37543,1.37544,79500000,1
1756450800000,1756450859000,1.37545,1.37553,1.37522,1.37538,126150000,1
1756450860000,1756450919000,1.37537,1.37537,1.37516,1.37518,131250000,1
1756450920000,1756450979000,1.37519,1.37524,1.37517,1.37521,108600000,1
1756450980000,1756451039000,1.3752,1.37531,1.3752,1.37531,84300000,1
1756451040000,1756451099000,1.3753,1.37531,1.3752,1.37529,84000000,1
1756451100000,1756451159000,1.3753,1.3753,1.37518,1.37518,110850000,1
1756451160000,1756451219000,1.37519,1.37519,1.37502,1.37503,52650000,1
1756451220000,1756451279000,1.37502,1.37508,1.37501,1.37502,64050000,1
1756451280000,1756451339000,1.37502,1.37502,1.37487,1.37489,101100000,1
1756451340000,1756451399000,1.37488,1.37494,1.37488,1.3749,33150000,1
1756451400000,1756451459000,1.37491,1.37499,1.37487,1.37498,76950000,1
1756451460000,1756451519000,1.37499,1.37506,1.37497,1.37505,49650000,1
1756451520000,1756451579000,1.37505,1.37506,1.37496,1.375,68550000,1
1756451580000,1756451639000,1.37501,1.37501,1.37497,1.37499,77250000,1
1756451640000,1756451699000,1.37499,1.37506,1.37498,1.375,130650000,1
1756451700000,1756451759000,1.375,1.37509,1.37497,1.37507,124200000,1
1756451760000,1756451819000,1.37506,1.37515,1.37506,1.37515,87000000,1
1756451820000,1756451879000,1.37517,1.37518,1.37507,1.37508,113550000,1
1756451880000,1756451939000,1.37508,1.37523,1.37508,1.37518,146550000,1
1756451940000,1756451999000,1.37519,1.3752,1.37516,1.37518,154200000,1
1756452000000,1756452059000,1.37519,1.37529,1.37517,1.37525,133350000,1
1756452060000,1756452119000,1.37525,1.37527,1.37522,1.37526,163650000,1
1756452120000,1756452179000,1.37525,1.37529,1.37516,1.37519,148650000,1
1756452180000,1756452239000,1.37519,1.37522,1.37517,1.37517,71100000,1
1756452240000,1756452299000,1.37518,1.37526,1.37517,1.37519,113850000,1
1756452300000,1756452359000,1.37519,1.37521,1.37512,1.37516,81750000,1
1756452360000,1756452419000,1.37515,1.3752,1.37515,1.37518,65550000,1
1756452420000,1756452479000,1.37518,1.37527,1.37517,1.37522,80400000,1
1756452480000,1756452539000,1.37521,1.37532,1.37521,1.3753,114900000,1
1756452540000,1756452599000,1.3753,1.37535,1.37523,1.37523,95400000,1
1756452600000,1756452659000,1.37523,1.37535,1.37523,1.37533,88200000,1
1756452660000,1756452719000,1.37532,1.37543,1.37532,1.37543,112500000,1
1756452720000,1756452779000,1.37543,1.37544,1.37526,1.37533,141750000,1
1756452780000,1756452839000,1.37532,1.37536,1.3753,1.37535,185100000,1
1756452840000,1756452899000,1.37536,1.37542,1.37517,1.37536,229200000,1
1756452900000,1756452959000,1.37536,1.37537,1.37525,1.37527,81150000,1
1756452960000,1756453019000,1.37525,1.37527,1.37523,1.37525,81600000,1
1756453020000,1756453079000,1.37525,1.37527,1.37513,1.37517,128250000,1
1756453080000,1756453139000,1.37516,1.37519,1.37507,1.37511,84900000,1
1756453140000,1756453199000,1.37512,1.37512,1.37497,1.37497,86850000,1
1756453200000,1756453259000,1.37497,1.37504,1.37489,1.37503,101700000,1
1756453260000,1756453319000,1.37504,1.37507,1.37499,1.375,87000000,1
1756453320000,1756453379000,1.37499,1.375,1.37492,1.37498,72450000,1
1756453380000,1756453439000,1.37499,1.37514,1.37497,1.37499,139050000,1
1756453440000,1756453499000,1.37498,1.375,1.37491,1.37492,64350000,1
1756453500000,1756453559000,1.37492,1.37495,1.37466,1.37469,215460000,1
1756453560000,1756453619000,1.37468,1.3747,1.37457,1.37462,127890000,1
1756453620000,1756453679000,1.37461,1.37464,1.37458,1.3746,115500000,1
1756453680000,1756453739000,1.37461,1.37463,1.37454,1.37462,108600000,1
1756453740000,1756453799000,1.37461,1.3747,1.3746,1.37468,112650000,1
1756453800000,1756453859000,1.37469,1.37469,1.37459,1.37459,104700000,1
1756453860000,1756453919000,1.3746,1.37461,1.37451,1.37459,125250000,1
1756453920000,1756453979000,1.3746,1.37461,1.37449,1.37449,84150000,1
1756453980000,1756454039000,1.37448,1.37448,1.37424,1.37425,102750000,1
1756454040000,1756454099000,1.37428,1.37428,1.37413,1.37415,117300000,1
1756454100000,1756454159000,1.37414,1.37416,1.37405,1.37406,217290000,1
1756454160000,1756454219000,1.37404,1.37425,1.37404,1.3741,128100000,1
1756454220000,1756454279000,1.3741,1.37416,1.374,1.374,163350000,1
1756454280000,1756454339000,1.374,1.37406,1.37395,1.37402,194700000,1
1756454340000,1756454399000,1.37401,1.37404,1.374,1.37402,197700000,1
1756454400000,1756454459000,1.37403,1.37411,1.374,1.37404,255750000,1
1756454460000,1756454519000,1.37403,1.37409,1.37398,1.37402,139200000,1
1756454520000,1756454579000,1.37401,1.37401,1.37387,1.37389,186120000,1
1756454580000,1756454639000,1.37391,1.37393,1.37387,1.37393,161250000,1
1756454640000,1756454699000,1.37395,1.37405,1.37393,1.37403,86850000,1
1756454700000,1756454759000,1.37405,1.37416,1.37403,1.37413,58800000,1
1756454760000,1756454819000,1.37413,1.37431,1.37412,1.37431,112800000,1
1756454820000,1756454879000,1.37432,1.37443,1.37429,1.37431,74850000,1
1756454880000,1756454939000,1.37431,1.37435,1.37431,1.37432,75600000,1
1756454940000,1756454999000,1.37432,1.37433,1.37421,1.37423,84750000,1
1756455000000,1756455059000,1.37423,1.37423,1.37412,1.37412,30150000,1
1756455060000,1756455119000,1.37413,1.37413,1.37402,1.37405,83100000,1
1756455120000,1756455179000,1.37405,1.37405,1.37402,1.37405,82350000,1
1756455180000,1756455239000,1.37406,1.37406,1.37398,1.37405,64950000,1
1756455240000,1756455299000,1.37406,1.3742,1.37401,1.37403,163650000,1
1756455300000,1756455359000,1.37404,1.37422,1.37403,1.37421,62100000,1
1756455360000,1756455419000,1.37422,1.37425,1.37417,1.37417,67800000,1
1756455420000,1756455479000,1.37418,1.3742,1.37413,1.37413,65250000,1
1756455480000,1756455539000,1.37413,1.3743,1.37413,1.37429,69000000,1
1756455540000,1756455599000,1.3743,1.3743,1.37423,1.3743,44400000,1
1756455600000,1756455659000,1.3743,1.3744,1.3743,1.3744,33000000,1
1756455660000,1756455719000,1.37439,1.37441,1.37433,1.37433,39600000,1
1756455720000,1756455779000,1.37433,1.37442,1.37431,1.37441,118200000,1
1756455780000,1756455839000,1.37439,1.37441,1.37428,1.3743,86700000,1
1756455840000,1756455899000,1.3743,1.37431,1.37424,1.37424,88650000,1
1756455900000,1756455959000,1.37422,1.37422,1.37414,1.37415,107250000,1
1756455960000,1756456019000,1.37414,1.37418,1.37411,1.37413,59550000,1
1756456020000,1756456079000,1.37414,1.37414,1.37407,1.37412,61350000,1
1756456080000,1756456139000,1.37412,1.37415,1.37405,1.37405,33450000,1
1756456140000,1756456199000,1.37405,1.37413,1.37403,1.37413,67350000,1
1756456200000,1756456259000,1.37413,1.37423,1.37412,1.37414,107850000,1
1756456260000,1756456319000,1.37417,1.37431,1.37415,1.37431,74490000,1
1756456320000,1756456379000,1.37432,1.37434,1.37421,1.37424,74570000,1
1756456380000,1756456439000,1.37426,1.37427,1.37402,1.37403,113700000,1
1756456440000,1756456499000,1.37404,1.37406,1.37395,1.37404,73200000,1
1756456500000,1756456559000,1.37404,1.3741,1.37403,1.37404,68100000,1
1756456560000,1756456619000,1.37405,1.37408,1.374,1.37403,96900000,1
1756456620000,1756456679000,1.37403,1.37406,1.37398,1.37401,72000000,1
1756456680000,1756456739000,1.37402,1.37403,1.374,1.37403,73110000,1
1756456740000,1756456799000,1.37404,1.37411,1.374,1.3741,94410000,1
1756456800000,1756456859000,1.37409,1.37415,1.37406,1.37411,126750000,1
1756456860000,1756456919000,1.37411,1.37414,1.37404,1.37404,116100000,1
1756456920000,1756456979000,1.37403,1.37406,1.37401,1.37402,89400000,1
1756456980000,1756457039000,1.37403,1.37404,1.37389,1.3739,78300000,1
1756457040000,1756457099000,1.37389,1.37394,1.37386,1.37386,95700000,1
1756457100000,1756457159000,1.37385,1.37387,1.37373,1.37384,71250000,1
1756457160000,1756457219000,1.37384,1.37386,1.37381,1.37383,104550000,1
1756457220000,1756457279000,1.37384,1.37384,1.37371,1.37375,129600000,1
1756457280000,1756457339000,1.37375,1.37378,1.37372,1.37375,114900000,1
1756457340000,1756457399000,1.37376,1.37386,1.37376,1.37385,111300000,1
1756457400000,1756457459000,1.37384,1.37386,1.37382,1.37382,102900000,1
1756457460000,1756457519000,1.37382,1.37383,1.37366,1.37381,145650000,1
1756457520000,1756457579000,1.37381,1.37385,1.37379,1.37385,105000000,1
1756457580000,1756457639000,1.37387,1.37397,1.37387,1.37391,191550000,1
1756457640000,1756457699000,1.37391,1.37392,1.37386,1.37387,170850000,1
1756457700000,1756457759000,1.37387,1.37401,1.37385,1.37401,166140000,1
1756457760000,1756457819000,1.37402,1.37416,1.37398,1.37411,125850000,1
1756457820000,1756457879000,1.37411,1.37414,1.3741,1.37412,218100000,1
1756457880000,1756457939000,1.37411,1.37416,1.37405,1.37406,142050000,1
1756457940000,1756457999000,1.37406,1.37407,1.37401,1.37401,150750000,1
1756458000000,1756458059000,1.374,1.37402,1.37393,1.37402,156300000,1
1756458060000,1756458119000,1.37402,1.37411,1.37402,1.37407,66000000,1
1756458120000,1756458179000,1.37407,1.37426,1.37407,1.37422,54000000,1
1756458180000,1756458239000,1.37422,1.37437,1.37422,1.37437,52850000,1
1756458240000,1756458299000,1.37436,1.37449,1.37436,1.37442,97200000,1
1756458300000,1756458359000,1.37442,1.37443,1.37436,1.37438,40200000,1
1756458360000,1756458419000,1.37438,1.37441,1.37435,1.37439,64050000,1
1756458420000,1756458479000,1.3744,1.37453,1.3744,1.37451,46950000,1
1756458480000,1756458539000,1.37448,1.37451,1.37445,1.37445,65700000,1
1756458540000,1756458599000,1.37445,1.37453,1.37445,1.37452,37500000,1
1756458600000,1756458659000,1.37452,1.37453,1.37451,1.37451,17850000,1
1756458660000,1756458719000,1.3745,1.3746,1.3745,1.3746,47550000,1
1756458720000,1756458779000,1.37464,1.37468,1.37461,1.37461,42300000,1
1756458780000,1756458839000,1.3746,1.37461,1.37449,1.37449,55950000,1
1756458840000,1756458899000,1.3745,1.37455,1.3745,1.37453,42450000,1
1756458900000,1756458959000,1.37452,1.37452,1.37436,1.37437,86550000,1
1756458960000,1756459019000,1.37435,1.37445,1.37433,1.3744,42000000,1
1756459020000,1756459079000,1.37442,1.37455,1.37442,1.37452,69600000,1
1756459080000,1756459139000,1.37452,1.37454,1.37446,1.37453,67350000,1
1756459140000,1756459199000,1.37453,1.37471,1.37453,1.37466,62550000,1
1756459200000,1756459259000,1.37466,1.37469,1.37463,1.37469,42000000,1
1756459260000,1756459319000,1.37469,1.37475,1.37469,1.37471,65400000,1
1756459320000,1756459379000,1.37471,1.37474,1.37465,1.37473,32550000,1
1756459380000,1756459439000,1.37471,1.37474,1.37471,1.37473,38400000,1
1756459440000,1756459499000,1.37473,1.37485,1.37473,1.37482,60150000,1
1756459500000,1756459559000,1.37484,1.37485,1.37479,1.37481,52800000,1
1756459560000,1756459619000,1.37481,1.37488,1.37481,1.37486,39000000,1
1756459620000,1756459679000,1.37487,1.37499,1.37486,1.37498,61800000,1
1756459680000,1756459739000,1.37497,1.375,1.37493,1.375,51750000,1
1756459740000,1756459799000,1.37499,1.37502,1.37496,1.37501,42000000,1
1756459800000,1756459859000,1.37501,1.37504,1.375,1.375,64350000,1
1756459860000,1756459919000,1.375,1.37513,1.375,1.37513,55050000,1
1756459920000,1756459979000,1.37514,1.37525,1.37513,1.37522,76500000,1
1756459980000,1756460039000,1.37522,1.37523,1.37517,1.37519,69150000,1
1756460040000,1756460099000,1.37519,1.3754,1.37519,1.37539,129750000,1
1756460100000,1756460159000,1.37539,1.37543,1.37531,1.37542,87300000,1
1756460160000,1756460219000,1.37542,1.37554,1.37542,1.37545,113400000,1
1756460220000,1756460279000,1.37545,1.37546,1.37531,1.37531,101100000,1
1756460280000,1756460339000,1.37531,1.37532,1.37527,1.37528,64650000,1
1756460340000,1756460399000,1.37527,1.37531,1.37521,1.37522,54900000,1
1756460400000,1756460459000,1.37522,1.37541,1.37521,1.3754,68550000,1
1756460460000,1756460519000,1.3754,1.3755,1.3754,1.37542,41400000,1
1756460520000,1756460579000,1.37542,1.37549,1.37534,1.37548,103800000,1
1756460580000,1756460639000,1.37547,1.37549,1.3754,1.37542,69900000,1
1756460640000,1756460699000,1.37543,1.37545,1.37536,1.37536,30000000,1
1756460700000,1756460759000,1.37538,1.37539,1.37531,1.37536,78000000,1
1756460760000,1756460819000,1.37535,1.37545,1.37535,1.37545,73050000,1
1756460820000,1756460879000,1.37543,1.37545,1.37536,1.37538,58050000,1
1756460880000,1756460939000,1.37538,1.37542,1.37527,1.37528,94500000,1
1756460940000,1756460999000,1.37523,1.37534,1.37522,1.37534,44700000,1
1756461000000,1756461059000,1.37534,1.3754,1.37532,1.3754,87450000,1
1756461060000,1756461119000,1.3754,1.37545,1.37531,1.37537,69300000,1
1756461120000,1756461179000,1.37536,1.37538,1.37532,1.37535,57600000,1
1756461180000,1756461239000,1.37533,1.37535,1.37532,1.37534,50250000,1
1756461240000,1756461299000,1.37534,1.37544,1.37533,1.37544,44550000,1
1756461300000,1756461359000,1.37544,1.37556,1.37544,1.37544,78750000,1
1756461360000,1756461419000,1.37545,1.37555,1.3754,1.37553,65700000,1
1756461420000,1756461479000,1.37553,1.37559,1.37547,1.37553,78750000,1
1756461480000,1756461539000,1.37554,1.37555,1.37547,1.37548,55800000,1
1756461540000,1756461599000,1.37548,1.37555,1.37546,1.37554,77100000,1
1756461600000,1756461659000,1.37555,1.37563,1.37548,1.37548,131850000,1
1756461660000,1756461719000,1.37548,1.37548,1.37532,1.37546,111000000,1
1756461720000,1756461779000,1.37546,1.37547,1.37543,1.37545,66150000,1
1756461780000,1756461839000,1.37546,1.37549,1.37541,1.37546,137850000,1
1756461840000,1756461899000,1.37545,1.37545,1.37539,1.37541,94950000,1
1756461900000,1756461959000,1.37543,1.3755,1.37542,1.37549,161700000,1
1756461960000,1756462019000,1.37548,1.37564,1.37547,1.37559,106500000,1
1756462020000,1756462079000,1.37558,1.37559,1.37552,1.37557,106800000,1
1756462080000,1756462139000,1.37556,1.37564,1.37556,1.37563,65700000,1
1756462140000,1756462199000,1.37562,1.37565,1.37562,1.37563,42300000,1
1756462200000,1756462259000,1.37561,1.37564,1.3756,1.37561,67950000,1
1756462260000,1756462319000,1.37562,1.37566,1.37545,1.37546,173850000,1
1756462320000,1756462379000,1.37547,1.37557,1.37547,1.37557,138000000,1
1756462380000,1756462439000,1.37554,1.37557,1.37551,1.37553,188400000,1
1756462440000,1756462499000,1.37553,1.3756,1.37552,1.37555,74550000,1
1756462500000,1756462559000,1.37553,1.37564,1.37552,1.37553,113700000,1
1756462560000,1756462619000,1.37554,1.37556,1.37552,1.37554,97800000,1
1756462620000,1756462679000,1.37553,1.37556,1.3754,1.37544,67050000,1
1756462680000,1756462739000,1.37542,1.37546,1.37534,1.37538,108600000,1
1756462740000,1756462799000,1.37538,1.37548,1.37536,1.37544,132150000,1
1756462800000,1756462859000,1.37544,1.37545,1.37538,1.3754,109200000,1
1756462860000,1756462919000,1.3754,1.37542,1.37533,1.37542,94350000,1
1756462920000,1756462979000,1.37543,1.37547,1.37542,1.37543,84300000,1
1756462980000,1756463039000,1.37544,1.37546,1.37542,1.37543,70500000,1
1756463040000,1756463099000,1.37543,1.37546,1.37534,1.37535,109200000,1
1756463100000,1756463159000,1.37534,1.37537,1.37525,1.37525,115950000,1
1756463160000,1756463219000,1.37527,1.37533,1.37525,1.37529,112050000,1
1756463220000,1756463279000,1.37528,1.37528,1.37519,1.37523,99900000,1
1756463280000,1756463339000,1.37522,1.37524,1.37514,1.37516,103050000,1
1756463340000,1756463399000,1.37514,1.37525,1.37514,1.37523,122400000,1
1756463400000,1756463459000,1.37524,1.37524,1.37517,1.37518,96000000,1
1756463460000,1756463519000,1.37519,1.37537,1.37519,1.37535,150330000,1
1756463520000,1756463579000,1.37536,1.37545,1.37536,1.37545,44090000,1
1756463580000,1756463639000,1.37545,1.37549,1.37543,1.37544,37650000,1
1756463640000,1756463699000,1.37542,1.37543,1.37531,1.37534,47400000,1
1756463700000,1756463759000,1.37534,1.37534,1.37531,1.37532,44100000,1
1756463760000,1756463819000,1.37535,1.37544,1.37534,1.37539,81900000,1
1756463820000,1756463879000,1.37539,1.37539,1.37528,1.37529,71400000,1
1756463880000,1756463939000,1.37529,1.37533,1.37526,1.37527,83550000,1
1756463940000,1756463999000,1.37529,1.3753,1.37521,1.37522,39900000,1
1756464000000,1756464059000,1.37522,1.37525,1.3752,1.37524,116700000,1
1756464060000,1756464119000,1.37523,1.37526,1.37517,1.37517,87730000,1
1756464120000,1756464179000,1.37518,1.37519,1.37513,1.37513,86100000,1
1756464180000,1756464239000,1.37514,1.3752,1.3751,1.37517,72600000,1
1756464240000,1756464299000,1.37517,1.37524,1.37516,1.37522,246150000,1
1756464300000,1756464359000,1.37522,1.37523,1.37516,1.37518,153450000,1
1756464360000,1756464419000,1.37518,1.37519,1.37516,1.37518,50400000,1
1756464420000,1756464479000,1.37517,1.37521,1.37514,1.37521,56850000,1
1756464480000,1756464539000,1.37521,1.37521,1.37513,1.37516,73800000,1
1756464540000,1756464599000,1.37516,1.37517,1.37507,1.37508,27450000,1
1756464600000,1756464659000,1.37507,1.37508,1.37506,1.37506,40200000,1
1756464660000,1756464719000,1.37507,1.37508,1.37498,1.37505,83700000,1
1756464720000,1756464779000,1.37506,1.37511,1.37506,1.37511,73050000,1
1756464780000,1756464839000,1.3751,1.37511,1.37506,1.37509,87750000,1
1756464840000,1756464899000,1.37508,1.37509,1.37495,1.37495,92850000,1
1756464900000,1756464959000,1.37494,1.37506,1.37489,1.37505,109650000,1
1756464960000,1756465019000,1.37504,1.37516,1.37504,1.37514,157350000,1
1756465020000,1756465079000,1.37514,1.37517,1.37499,1.37501,132900000,1
1756465080000,1756465139000,1.375,1.37503,1.37491,1.37494,138420000,1
1756465140000,1756465199000,1.37495,1.37499,1.37491,1.37496,98400000,1
1756465200000,1756465259000,1.37494,1.37502,1.37494,1.37497,90900000,1
1756465260000,1756465319000,1.37495,1.37497,1.37488,1.37494,86700000,1
1756465320000,1756465379000,1.37493,1.37497,1.37491,1.37496,99150000,1
1756465380000,1756465439000,1.37497,1.37498,1.37489,1.37494,121350000,1
1756465440000,1756465499000,1.37493,1.37499,1.3749,1.37499,81600000,1
1756465500000,1756465559000,1.37498,1.37499,1.37489,1.37493,99600000,1
1756465560000,1756465619000,1.37493,1.37499,1.37491,1.37492,179400000,1
1756465620000,1756465679000,1.37491,1.37496,1.37491,1.37496,119700000,1
1756465680000,1756465739000,1.37495,1.37497,1.37492,1.37496,65100000,1
1756465740000,1756465799000,1.37495,1.37497,1.37492,1.37496,45600000,1
1756465800000,1756465859000,1.37497,1.37502,1.37496,1.375,68250000,1
1756465860000,1756465919000,1.375,1.37509,1.37492,1.37504,83400000,1
1756465920000,1756465979000,1.37504,1.37519,1.37498,1.37518,73650000,1
1756465980000,1756466039000,1.37517,1.37526,1.37516,1.3752,73650000,1
1756466040000,1756466099000,1.37518,1.37519,1.37506,1.37507,67650000,1
1756466100000,1756466159000,1.37503,1.37503,1.37497,1.37502,51600000,1
1756466160000,1756466219000,1.37501,1.37505,1.37496,1.37497,33300000,1
1756466220000,1756466279000,1.37497,1.37497,1.37479,1.37479,96300000,1
1756466280000,1756466339000,1.37481,1.37482,1.37479,1.37482,46050000,1
1756466340000,1756466399000,1.37481,1.37493,1.37481,1.37484,77400000,1
1756466400000,1756466459000,1.37484,1.3749,1.37483,1.3749,43350000,1
1756466460000,1756466519000,1.37489,1.37489,1.37485,1.37485,57750000,1
1756466520000,1756466579000,1.37485,1.37491,1.37485,1.37489,31800000,1
1756466580000,1756466639000,1.37488,1.37494,1.37485,1.37491,74400000,1
1756466640000,1756466699000,1.37491,1.37503,1.37491,1.375,56250000,1
1756466700000,1756466759000,1.375,1.375,1.37493,1.375,67860000,1
1756466760000,1756466819000,1.37501,1.37508,1.37487,1.37491,72900000,1
1756466820000,1756466879000,1.37491,1.37492,1.37482,1.37482,72600000,1
1756466880000,1756466939000,1.37483,1.37484,1.37477,1.37481,56700000,1
1756466940000,1756466999000,1.37481,1.37491,1.37481,1.37488,84600000,1
1756467000000,1756467059000,1.37488,1.37492,1.37488,1.37489,31650000,1
1756467060000,1756467119000,1.37491,1.37492,1.3749,1.37491,40650000,1
1756467120000,1756467179000,1.37491,1.37491,1.37486,1.37488,46800000,1
1756467180000,1756467239000,1.37491,1.375,1.37491,1.37499,38700000,1
1756467240000,1756467299000,1.37498,1.37501,1.37497,1.37501,54450000,1
1756467300000,1756467359000,1.37501,1.3753,1.37498,1.3753,43050000,1
1756467360000,1756467419000,1.3753,1.37531,1.37511,1.37511,55350000,1
1756467420000,1756467479000,1.37511,1.37515,1.37509,1.37509,38550000,1
1756467480000,1756467539000,1.37509,1.37513,1.37502,1.37502,90150000,1
1756467540000,1756467599000,1.37503,1.37503,1.37498,1.37498,97500000,1
1756467600000,1756467659000,1.37498,1.375,1.37492,1.37492,31350000,1
1756467660000,1756467719000,1.37492,1.37494,1.37492,1.37494,46200000,1
1756467720000,1756467779000,1.37496,1.37501,1.37492,1.37492,37500000,1
1756467780000,1756467839000,1.37492,1.37501,1.37492,1.375,40500000,1
1756467840000,1756467899000,1.37502,1.37503,1.37499,1.37501,28050000,1
1756467900000,1756467959000,1.37501,1.37501,1.37491,1.37496,59550000,1
1756467960000,1756468019000,1.37497,1.37503,1.37492,1.37501,53550000,1
1756468020000,1756468079000,1.375,1.375,1.37492,1.37492,31350000,1
1756468080000,1756468139000,1.37492,1.37501,1.37491,1.375,17550000,1
1756468140000,1756468199000,1.37498,1.37498,1.37492,1.37497,60450000,1
1756468200000,1756468259000,1.37498,1.37502,1.37487,1.37487,73200000,1
1756468260000,1756468319000,1.37487,1.37489,1.37484,1.37488,92700000,1
1756468320000,1756468379000,1.37488,1.37502,1.37488,1.375,81450000,1
1756468380000,1756468439000,1.375,1.37501,1.37498,1.375,70050000,1
1756468440000,1756468499000,1.375,1.37511,1.375,1.37507,44700000,1
1756468500000,1756468559000,1.37508,1.3751,1.37498,1.37505,83550000,1
1756468560000,1756468619000,1.37506,1.37508,1.37502,1.37508,66750000,1
1756468620000,1756468679000,1.37508,1.37513,1.37507,1.37507,24450000,1
1756468680000,1756468739000,1.37505,1.37518,1.37505,1.37514,33750000,1
1756468740000,1756468799000,1.37514,1.37517,1.3751,1.37511,77250000,1
1756468800000,1756468859000,1.37511,1.37515,1.37501,1.37501,127950000,1
1756468860000,1756468919000,1.37501,1.37502,1.37498,1.37498,104250000,1
1756468920000,1756468979000,1.37499,1.37503,1.37493,1.37495,163800000,1
1756468980000,1756469039000,1.37494,1.37501,1.37489,1.37496,200700000,1
1756469040000,1756469099000,1.37496,1.37506,1.37496,1.37506,36000000,1
1756469100000,1756469159000,1.37507,1.37507,1.375,1.37507,52200000,1
1756469160000,1756469219000,1.37507,1.37508,1.37503,1.37506,28800000,1
1756469220000,1756469279000,1.37507,1.37508,1.37499,1.37499,64050000,1
1756469280000,1756469339000,1.37498,1.37502,1.37494,1.37496,59400000,1
1756469340000,1756469399000,1.37497,1.37508,1.37496,1.37508,66300000,1
1756469400000,1756469459000,1.37507,1.37521,1.37507,1.37519,78450000,1
1756469460000,1756469519000,1.37518,1.37553,1.37515,1.37546,110100000,1
1756469520000,1756469579000,1.37546,1.37547,1.37518,1.37518,128250000,1
1756469580000,1756469639000,1.37518,1.37524,1.37506,1.37507,126450000,1
1756469640000,1756469699000,1.37507,1.37508,1.37497,1.37501,181200000,1
1756469700000,1756469759000,1.37501,1.37505,1.37496,1.37497,147450000,1
1756469760000,1756469819000,1.37497,1.375,1.37496,1.37499,173250000,1
1756469820000,1756469879000,1.37499,1.37513,1.37499,1.37506,126750000,1
1756469880000,1756469939000,1.37506,1.3751,1.37505,1.37507,92230000,1
1756469940000,1756469999000,1.37506,1.37511,1.375,1.37501,116380000,1
1756470000000,1756470059000,1.37503,1.37506,1.37491,1.37504,155250000,1
1756470060000,1756470119000,1.37503,1.37506,1.37491,1.37496,192300000,1
1756470120000,1756470179000,1.37495,1.37502,1.37495,1.37499,89250000,1
1756470180000,1756470239000,1.37498,1.37499,1.37489,1.3749,131250000,1
1756470240000,1756470299000,1.37491,1.37502,1.3749,1.37501,86550000,1
1756470300000,1756470359000,1.375,1.37508,1.37499,1.37502,79950000,1
1756470360000,1756470419000,1.37502,1.37519,1.375,1.37519,68550000,1
1756470420000,1756470479000,1.37518,1.37548,1.37517,1.37548,84750000,1
1756470480000,1756470539000,1.37548,1.37554,1.37542,1.37553,114690000,1
1756470540000,1756470599000,1.37553,1.37556,1.3753,1.3753,128250000,1
1756470600000,1756470659000,1.37528,1.37598,1.375,1.37578,394500000,1
1756470660000,1756470719000,1.37582,1.37718,1.37582,1.37699,281100000,1
1756470720000,1756470779000,1.37697,1.37787,1.37694,1.37777,190350000,1
1756470780000,1756470839000,1.37777,1.37783,1.37722,1.37724,188250000,1
1756470840000,1756470899000,1.37723,1.37737,1.37678,1.37729,445800000,1
1756470900000,1756470959000,1.37728,1.3773,1.37664,1.37668,432450000,1
1756470960000,1756471019000,1.37667,1.37691,1.37666,1.37679,315300000,1
1756471020000,1756471079000,1.37677,1.37688,1.37665,1.37688,187500000,1
1756471080000,1756471139000,1.37688,1.37726,1.37684,1.37709,183000000,1
1756471140000,1756471199000,1.37709,1.37749,1.37706,1.37747,156300000,1
1756471200000,1756471259000,1.37746,1.37752,1.37734,1.37739,159300000,1
1756471260000,1756471319000,1.3774,1.37741,1.3771,1.37714,496650000,1
1756471320000,1756471379000,1.37714,1.37761,1.37714,1.37756,356700000,1
1756471380000,1756471439000,1.37753,1.37755,1.37724,1.37735,255150000,1
1756471440000,1756471499000,1.37735,1.37745,1.37727,1.37727,221100000,1
1756471500000,1756471559000,1.37728,1.37735,1.37708,1.37718,395700000,1
1756471560000,1756471619000,1.37717,1.37724,1.37695,1.37695,254700000,1
1756471620000,1756471679000,1.37695,1.37721,1.37695,1.37721,229950000,1
1756471680000,1756471739000,1.3772,1.37764,1.37719,1.37764,160950000,1
1756471740000,1756471799000,1.37763,1.37763,1.37727,1.37736,174900000,1
1756471800000,1756471859000,1.37736,1.37745,1.37729,1.37736,154650000,1
1756471860000,1756471919000,1.37735,1.37735,1.37704,1.37705,257850000,1
1756471920000,1756471979000,1.37703,1.37727,1.37698,1.3772,180000000,1
1756471980000,1756472039000,1.37721,1.37726,1.37708,1.37719,226500000,1
1756472040000,1756472099000,1.3772,1.37732,1.37712,1.37721,329400000,1
1756472100000,1756472159000,1.3772,1.37723,1.37698,1.37707,251100000,1
1756472160000,1756472219000,1.37708,1.37726,1.37708,1.37718,255150000,1
1756472220000,1756472279000,1.37718,1.37723,1.37709,1.3771,155100000,1
1756472280000,1756472339000,1.3771,1.37715,1.37695,1.37711,217350000,1
1756472340000,1756472399000,1.37713,1.37719,1.37688,1.37699,334650000,1
1756472400000,1756472459000,1.37698,1.37702,1.37686,1.37699,255450000,1
1756472460000,1756472519000,1.37698,1.377,1.37666,1.37671,186450000,1
1756472520000,1756472579000,1.3767,1.37673,1.37652,1.37657,251550000,1
1756472580000,1756472639000,1.37659,1.37682,1.37659,1.3768,129000000,1
1756472640000,1756472699000,1.37681,1.37696,1.37681,1.37692,60900000,1
1756472700000,1756472759000,1.37691,1.3774,1.37691,1.37739,137550000,1
1756472760000,1756472819000,1.37737,1.37765,1.37737,1.37763,152550000,1
1756472820000,1756472879000,1.37764,1.3777,1.37759,1.37763,123450000,1
1756472880000,1756472939000,1.37764,1.37784,1.37764,1.37782,142950000,1
1756472940000,1756472999000,1.37783,1.37787,1.37775,1.37775,111000000,1
1756473000000,1756473059000,1.37775,1.37783,1.37764,1.37767,126000000,1
1756473060000,1756473119000,1.37766,1.37767,1.37748,1.37754,117900000,1
1756473120000,1756473179000,1.37753,1.37754,1.37739,1.37741,135150000,1
1756473180000,1756473239000,1.37742,1.37745,1.37737,1.37741,113400000,1
1756473240000,1756473299000,1.37743,1.37753,1.37743,1.37751,106950000,1
1756473300000,1756473359000,1.37751,1.3776,1.37747,1.37758,108300000,1
1756473360000,1756473419000,1.37757,1.37758,1.37729,1.37744,169650000,1
1756473420000,1756473479000,1.37743,1.37747,1.37735,1.37736,208350000,1
1756473480000,1756473539000,1.37736,1.37754,1.37736,1.37754,156000000,1
1756473540000,1756473599000,1.37754,1.37758,1.37736,1.37737,277200000,1
1756473600000,1756473659000,1.37734,1.37749,1.37722,1.37745,230700000,1
1756473660000,1756473719000,1.37746,1.37756,1.37744,1.37753,117300000,1
1756473720000,1756473779000,1.37754,1.37754,1.37731,1.37732,167850000,1
1756473780000,1756473839000,1.37731,1.37747,1.3773,1.37743,222300000,1
1756473840000,1756473899000,1.37743,1.37747,1.3774,1.37745,124050000,1
1756473900000,1756473959000,1.37743,1.37745,1.37736,1.3774,180900000,1
1756473960000,1756474019000,1.37741,1.3775,1.37741,1.37743,119700000,1
1756474020000,1756474079000,1.37742,1.37745,1.37739,1.3774,109650000,1
1756474080000,1756474139000,1.3774,1.37744,1.37716,1.37728,254700000,1
1756474140000,1756474199000,1.37731,1.37739,1.37715,1.37716,301200000,1
1756474200000,1756474259000,1.37717,1.37736,1.37702,1.37723,415500000,1
1756474260000,1756474319000,1.37727,1.37734,1.37707,1.37712,268800000,1
1756474320000,1756474379000,1.3771,1.37715,1.37676,1.3768,270300000,1
1756474380000,1756474439000,1.37679,1.37702,1.37654,1.37659,167400000,1
1756474440000,1756474499000,1.37659,1.37671,1.37655,1.37658,214350000,1
1756474500000,1756474559000,1.37658,1.37693,1.37658,1.3769,216750000,1
1756474560000,1756474619000,1.37691,1.37692,1.37667,1.37675,145500000,1
1756474620000,1756474679000,1.37674,1.37679,1.37667,1.37668,219300000,1
1756474680000,1756474739000,1.37669,1.37681,1.37642,1.37642,139800000,1
1756474740000,1756474799000,1.37641,1.37642,1.37629,1.37629,192690000,1
1756474800000,1756474859000,1.37629,1.3763,1.37577,1.37582,192000000,1
1756474860000,1756474919000,1.37588,1.37605,1.37567,1.37596,297450000,1
1756474920000,1756474979000,1.37595,1.37624,1.37592,1.37624,129150000,1
1756474980000,1756475039000,1.37626,1.37626,1.37581,1.3759,207150000,1
1756475040000,1756475099000,1.37591,1.37603,1.37571,1.37572,188400000,1
1756475100000,1756475159000,1.37573,1.37587,1.3755,1.37571,218700000,1
1756475160000,1756475219000,1.37572,1.37604,1.37566,1.37603,121350000,1
1756475220000,1756475279000,1.37604,1.37617,1.37596,1.37617,170100000,1
1756475280000,1756475339000,1.37614,1.37622,1.37597,1.37605,234750000,1
1756475340000,1756475399000,1.37607,1.37611,1.37601,1.37605,244500000,1
1756475400000,1756475459000,1.37604,1.37619,1.37604,1.37604,212700000,1
1756475460000,1756475519000,1.37603,1.37603,1.37563,1.37584,340050000,1
1756475520000,1756475579000,1.37582,1.37613,1.37566,1.37611,345750000,1
1756475580000,1756475639000,1.37611,1.37619,1.376,1.37611,151200000,1
1756475640000,1756475699000,1.37613,1.37637,1.37606,1.37636,124800000,1
1756475700000,1756475759000,1.37636,1.37636,1.37582,1.37582,243150000,1
1756475760000,1756475819000,1.37581,1.37612,1.37578,1.37612,134100000,1
1756475820000,1756475879000,1.37613,1.37616,1.37598,1.376,97950000,1
1756475880000,1756475939000,1.376,1.37616,1.37596,1.37604,132900000,1
1756475940000,1756475999000,1.37607,1.37624,1.37607,1.37618,109650000,1
1756476000000,1756476059000,1.37618,1.37618,1.37578,1.37584,255420000,1
1756476060000,1756476119000,1.37583,1.37584,1.3754,1.37544,348450000,1
1756476120000,1756476179000,1.37545,1.37549,1.37523,1.37535,241350000,1
1756476180000,1756476239000,1.37535,1.37556,1.37527,1.37533,409350000,1
1756476240000,1756476299000,1.37533,1.37549,1.37516,1.37516,356850000,1
1756476300000,1756476359000,1.37516,1.37528,1.37486,1.37528,351150000,1
1756476360000,1756476419000,1.37527,1.37554,1.37523,1.37546,377850000,1
1756476420000,1756476479000,1.37546,1.37555,1.37496,1.37496,388950000,1
1756476480000,1756476539000,1.37496,1.37527,1.37496,1.37505,196200000,1
1756476540000,1756476599000,1.37505,1.37508,1.3749,1.37499,362100000,1
1756476600000,1756476659000,1.375,1.375,1.37469,1.37469,269700000,1
1756476660000,1756476719000,1.3747,1.375,1.3747,1.37499,432900000,1
1756476720000,1756476779000,1.37499,1.375,1.37477,1.37481,269250000,1
1756476780000,1756476839000,1.37482,1.37486,1.37448,1.37454,277800000,1
1756476840000,1756476899000,1.37451,1.37471,1.37442,1.37471,166800000,1
1756476900000,1756476959000,1.37473,1.37481,1.3745,1.37451,217350000,1
1756476960000,1756477019000,1.37451,1.37452,1.3741,1.37414,237600000,1
1756477020000,1756477079000,1.37413,1.37449,1.37413,1.37447,168300000,1
1756477080000,1756477139000,1.37446,1.37473,1.37443,1.37464,174750000,1
1756477140000,1756477199000,1.37464,1.37475,1.3745,1.37452,229350000,1
1756477200000,1756477259000,1.37453,1.37453,1.37435,1.37442,246600000,1
1756477260000,1756477319000,1.37442,1.37442,1.37422,1.37424,347250000,1
1756477320000,1756477379000,1.37424,1.37425,1.37403,1.37407,216000000,1
1756477380000,1756477439000,1.3741,1.37411,1.37404,1.37405,204300000,1
1756477440000,1756477499000,1.37408,1.37416,1.37404,1.3741,205350000,1
1756477500000,1756477559000,1.37411,1.37416,1.37393,1.37395,271800000,1
1756477560000,1756477619000,1.37395,1.37395,1.37362,1.37368,474000000,1
1756477620000,1756477679000,1.37369,1.37375,1.37342,1.37343,413400000,1
1756477680000,1756477739000,1.37342,1.37346,1.37327,1.37334,371940000,1
1756477740000,1756477799000,1.37334,1.37357,1.37334,1.37335,301050000,1
1756477800000,1756477859000,1.37335,1.37347,1.37317,1.37325,305700000,1
1756477860000,1756477919000,1.37323,1.37328,1.3731,1.37326,266250000,1
1756477920000,1756477979000,1.37327,1.37327,1.37309,1.37321,287550000,1
1756477980000,1756478039000,1.37321,1.37337,1.37313,1.37337,178500000,1
1756478040000,1756478099000,1.37336,1.37336,1.37316,1.37331,315000000,1
1756478100000,1756478159000,1.37331,1.37341,1.37322,1.37339,108150000,1
1756478160000,1756478219000,1.37338,1.37354,1.37331,1.37345,179250000,1
1756478220000,1756478279000,1.37344,1.3735,1.37338,1.37343,275550000,1
1756478280000,1756478339000,1.37344,1.37369,1.37337,1.37357,127350000,1
1756478340000,1756478399000,1.37358,1.37362,1.37334,1.37341,144750000,1
1756478400000,1756478459000,1.37342,1.37352,1.3734,1.37348,161100000,1
1756478460000,1756478519000,1.37349,1.37359,1.37346,1.37357,111300000,1
1756478520000,1756478579000,1.37357,1.37366,1.37331,1.37345,176850000,1
1756478580000,1756478639000,1.37344,1.37363,1.37337,1.37346,162000000,1
1756478640000,1756478699000,1.37348,1.37355,1.37342,1.37354,169050000,1
1756478700000,1756478759000,1.37352,1.37359,1.37346,1.37356,182550000,1
1756478760000,1756478819000,1.37357,1.37359,1.37339,1.37341,141300000,1
1756478820000,1756478879000,1.37342,1.37347,1.37329,1.37338,166200000,1
1756478880000,1756478939000,1.37338,1.37353,1.37337,1.37352,117150000,1
1756478940000,1756478999000,1.37352,1.37364,1.37346,1.37357,162600000,1
1756479000000,1756479059000,1.37359,1.37377,1.37357,1.37375,208350000,1
1756479060000,1756479119000,1.37374,1.37414,1.37366,1.3741,266250000,1
1756479120000,1756479179000,1.37408,1.37425,1.37394,1.37395,197100000,1
1756479180000,1756479239000,1.37395,1.37395,1.37363,1.37373,175950000,1
1756479240000,1756479299000,1.37373,1.37377,1.37368,1.37372,173250000,1
1756479300000,1756479359000,1.37372,1.37373,1.37327,1.37327,228450000,1
1756479360000,1756479419000,1.37329,1.37346,1.37325,1.37327,256830000,1
1756479420000,1756479479000,1.37326,1.37339,1.37294,1.37294,302130000,1
1756479480000,1756479539000,1.37292,1.37295,1.37272,1.37289,650830000,1
1756479540000,1756479599000,1.37288,1.37294,1.3728,1.3729,441860000,1
1756479600000,1756479659000,1.37295,1.37303,1.37282,1.37282,511950000,1
1756479660000,1756479719000,1.37282,1.373,1.37279,1.3728,531900000,1
1756479720000,1756479779000,1.3728,1.3731,1.3727,1.37308,347760000,1
1756479780000,1756479839000,1.37307,1.37341,1.37304,1.37337,205800000,1
1756479840000,1756479899000,1.37338,1.37338,1.37319,1.37333,271050000,1
1756479900000,1756479959000,1.37333,1.37339,1.37327,1.3733,220950000,1
1756479960000,1756480019000,1.37329,1.3734,1.37319,1.3733,204900000,1
1756480020000,1756480079000,1.3733,1.37331,1.37322,1.37328,173850000,1
1756480080000,1756480139000,1.37329,1.37355,1.37328,1.37352,141300000,1
1756480140000,1756480199000,1.37352,1.37364,1.37351,1.37352,129000000,1
1756480200000,1756480259000,1.3735,1.37351,1.37345,1.37351,88050000,1
1756480260000,1756480319000,1.37352,1.37378,1.37351,1.37377,111300000,1
1756480320000,1756480379000,1.37376,1.37381,1.37359,1.37359,122850000,1
1756480380000,1756480439000,1.37359,1.37382,1.37359,1.37365,144450000,1
1756480440000,1756480499000,1.37365,1.37377,1.37357,1.37376,161250000,1
1756480500000,1756480559000,1.37376,1.37379,1.37369,1.3737,69750000,1
1756480560000,1756480619000,1.3737,1.37378,1.37363,1.37377,104250000,1
1756480620000,1756480679000,1.37376,1.37389,1.37376,1.37384,103200000,1
1756480680000,1756480739000,1.37383,1.3739,1.37383,1.37386,99750000,1
1756480740000,1756480799000,1.37386,1.37398,1.37367,1.37396,163650000,1
1756480800000,1756480859000,1.37396,1.37399,1.37376,1.37378,135150000,1
1756480860000,1756480919000,1.37386,1.37387,1.37357,1.37357,87300000,1
1756480920000,1756480979000,1.37356,1.37367,1.37351,1.37361,101100000,1
1756480980000,1756481039000,1.3736,1.37379,1.3736,1.37375,55350000,1
1756481040000,1756481099000,1.37375,1.37391,1.37372,1.37374,92550000,1
1756481100000,1756481159000,1.37374,1.37389,1.37374,1.37376,68550000,1
1756481160000,1756481219000,1.37377,1.37385,1.37368,1.37369,63150000,1
1756481220000,1756481279000,1.37368,1.37386,1.37368,1.37385,109500000,1
1756481280000,1756481339000,1.37386,1.37387,1.37372,1.37383,72600000,1
1756481340000,1756481399000,1.37384,1.37386,1.37374,1.37378,75000000,1
1756481400000,1756481459000,1.37377,1.37377,1.37365,1.37376,75300000,1
1756481460000,1756481519000,1.37374,1.37375,1.37366,1.37367,130800000,1
1756481520000,1756481579000,1.37371,1.37372,1.37361,1.37367,61350000,1
1756481580000,1756481639000,1.37366,1.37372,1.37356,1.37356,69000000,1
1756481640000,1756481699000,1.37356,1.37357,1.37339,1.37344,121200000,1
1756481700000,1756481759000,1.37345,1.37351,1.37336,1.37348,120300000,1
1756481760000,1756481819000,1.37348,1.37349,1.37341,1.37342,55200000,1
1756481820000,1756481879000,1.37341,1.37342,1.37311,1.37317,85800000,1
1756481880000,1756481939000,1.37315,1.37315,1.37295,1.37298,55350000,1
1756481940000,1756481999000,1.37298,1.373,1.37286,1.37292,127950000,1
1756482000000,1756482059000,1.37291,1.37309,1.37287,1.37299,163500000,1
1756482060000,1756482119000,1.373,1.37307,1.37291,1.37291,158100000,1
1756482120000,1756482179000,1.37289,1.37297,1.37276,1.37296,69600000,1
1756482180000,1756482239000,1.37297,1.37311,1.37294,1.37305,54750000,1
1756482240000,1756482299000,1.37306,1.3731,1.37291,1.37292,57750000,1
1756482300000,1756482359000,1.37297,1.37301,1.37283,1.373,243300000,1
1756482360000,1756482419000,1.373,1.3731,1.37294,1.37309,81450000,1
1756482420000,1756482479000,1.3731,1.37317,1.3731,1.37311,35550000,1
1756482480000,1756482539000,1.37311,1.37315,1.37304,1.37315,57600000,1
1756482540000,1756482599000,1.37315,1.37319,1.37311,1.37318,56100000,1
1756482600000,1756482659000,1.37318,1.37318,1.37291,1.37292,100350000,1
1756482660000,1756482719000,1.37292,1.37295,1.37281,1.37292,165150000,1
1756482720000,1756482779000,1.37293,1.37297,1.37287,1.37293,175500000,1
1756482780000,1756482839000,1.37293,1.37295,1.37288,1.37293,75900000,1
1756482840000,1756482899000,1.37294,1.37294,1.37268,1.37274,81900000,1
1756482900000,1756482959000,1.37274,1.37285,1.37272,1.37273,142800000,1
1756482960000,1756483019000,1.37273,1.37284,1.37273,1.37284,64950000,1
1756483020000,1756483079000,1.37283,1.37283,1.37269,1.37272,146160000,1
1756483080000,1756483139000,1.37271,1.37281,1.37269,1.3728,244500000,1
1756483140000,1756483199000,1.37281,1.3729,1.37279,1.37281,157500000,1
1756483200000,1756483259000,1.37279,1.37288,1.37278,1.37286,117600000,1
1756483260000,1756483319000,1.37287,1.37289,1.37281,1.37289,141600000,1
1756483320000,1756483379000,1.3729,1.37295,1.37286,1.37292,103200000,1
1756483380000,1756483439000,1.37294,1.373,1.3729,1.37299,105450000,1
1756483440000,1756483499000,1.37296,1.37297,1.37289,1.37289,40500000,1
1756483500000,1756483559000,1.3729,1.37301,1.3729,1.37301,48000000,1
1756483560000,1756483619000,1.37298,1.37301,1.37282,1.37283,67650000,1
1756483620000,1756483679000,1.37286,1.37286,1.37272,1.37274,44400000,1
1756483680000,1756483739000,1.37272,1.37276,1.37262,1.37266,47100000,1
1756483740000,1756483799000,1.37269,1.37294,1.37267,1.37293,96750000,1
1756483800000,1756483859000,1.37293,1.37303,1.37284,1.37303,54600000,1
1756483860000,1756483919000,1.37302,1.37313,1.37296,1.37313,102600000,1
1756483920000,1756483979000,1.37314,1.37321,1.37309,1.37321,92250000,1
1756483980000,1756484039000,1.37323,1.37333,1.37323,1.37329,70350000,1
1756484040000,1756484099000,1.37329,1.37329,1.37318,1.37322,70050000,1
1756484100000,1756484159000,1.37325,1.37328,1.37309,1.37309,55050000,1
1756484160000,1756484219000,1.37308,1.37323,1.37308,1.37321,71550000,1
1756484220000,1756484279000,1.37321,1.37321,1.37311,1.37314,54900000,1
1756484280000,1756484339000,1.37314,1.37318,1.37312,1.37317,24000000,1
1756484340000,1756484399000,1.37317,1.37333,1.37317,1.37332,38400000,1
1756484400000,1756484459000,1.37332,1.37334,1.37299,1.37302,109500000,1
1756484460000,1756484519000,1.37303,1.37304,1.37299,1.37304,42750000,1
1756484520000,1756484579000,1.37304,1.37308,1.37286,1.37286,51600000,1
1756484580000,1756484639000,1.37285,1.37292,1.37283,1.37289,47700000,1
1756484640000,1756484699000,1.37288,1.3729,1.37275,1.37275,56700000,1
1756484700000,1756484759000,1.37275,1.37296,1.37272,1.37294,64800000,1
1756484760000,1756484819000,1.37293,1.37296,1.37292,1.37295,43800000,1
1756484820000,1756484879000,1.37294,1.37315,1.37294,1.37313,78000000,1
1756484880000,1756484939000,1.37311,1.37327,1.37311,1.37321,68400000,1
1756484940000,1756484999000,1.37321,1.37331,1.37321,1.37325,61800000,1
1756485000000,1756485059000,1.37325,1.37329,1.37323,1.37325,55200000,1
1756485060000,1756485119000,1.37326,1.37332,1.37324,1.37331,42300000,1
1756485120000,1756485179000,1.37331,1.37339,1.3733,1.37338,56850000,1
1756485180000,1756485239000,1.37337,1.37338,1.37322,1.37322,29550000,1
1756485240000,1756485299000,1.37324,1.37324,1.37313,1.37313,37050000,1
1756485300000,1756485359000,1.37314,1.37322,1.37314,1.37314,42450000,1
1756485360000,1756485419000,1.37316,1.37333,1.37316,1.37333,47550000,1
1756485420000,1756485479000,1.37333,1.37333,1.37323,1.37332,66150000,1
1756485480000,1756485539000,1.37331,1.37333,1.37323,1.37331,65700000,1
1756485540000,1756485599000,1.37329,1.37329,1.37321,1.37323,43800000,1
1756485600000,1756485659000,1.37322,1.37332,1.37322,1.3733,29850000,1
1756485660000,1756485719000,1.37331,1.37341,1.37329,1.37341,44400000,1
1756485720000,1756485779000,1.37341,1.37342,1.3734,1.37342,18000000,1
1756485780000,1756485839000,1.37342,1.3735,1.3734,1.37344,36300000,1
1756485840000,1756485899000,1.37342,1.37342,1.37339,1.37341,43200000,1
1756485900000,1756485959000,1.37341,1.37341,1.37331,1.37333,25200000,1
1756485960000,1756486019000,1.37332,1.37339,1.37329,1.37338,50250000,1
1756486020000,1756486079000,1.37337,1.37348,1.37337,1.37346,40200000,1
1756486080000,1756486139000,1.37346,1.37346,1.37338,1.37341,26100000,1
1756486140000,1756486199000,1.37341,1.37349,1.37339,1.37348,31350000,1
1756486200000,1756486259000,1.37349,1.37351,1.37343,1.37349,39750000,1
1756486260000,1756486319000,1.37349,1.3735,1.37344,1.37348,34200000,1
1756486320000,1756486379000,1.37348,1.3735,1.37348,1.3735,27450000,1
1756486380000,1756486439000,1.37351,1.37352,1.37343,1.37343,46950000,1
1756486440000,1756486499000,1.37344,1.37344,1.37329,1.37329,45750000,1
1756486500000,1756486559000,1.37329,1.37331,1.37318,1.3733,63300000,1
1756486560000,1756486619000,1.37331,1.37333,1.37324,1.37332,37350000,1
1756486620000,1756486679000,1.37333,1.37335,1.37332,1.37332,25500000,1
1756486680000,1756486739000,1.37332,1.37332,1.37308,1.37311,97200000,1
1756486740000,1756486799000,1.3731,1.37315,1.37309,1.37311,58650000,1
1756486800000,1756486859000,1.37312,1.3734,1.37312,1.3734,74550000,1
1756486860000,1756486919000,1.37339,1.37341,1.37337,1.37339,35400000,1
1756486920000,1756486979000,1.37338,1.37338,1.37328,1.37332,62550000,1
1756486980000,1756487039000,1.37331,1.37335,1.3733,1.37331,43200000,1
1756487040000,1756487099000,1.37331,1.3734,1.37318,1.37339,110020000,1
1756487100000,1756487159000,1.3734,1.37343,1.37332,1.37332,71400000,1
1756487160000,1756487219000,1.37332,1.37333,1.3733,1.37332,21600000,1
1756487220000,1756487279000,1.37332,1.37339,1.3733,1.3733,37350000,1
1756487280000,1756487339000,1.37329,1.37329,1.37321,1.37327,31800000,1
1756487340000,1756487399000,1.37328,1.3733,1.37325,1.37326,15750000,1
1756487400000,1756487459000,1.37326,1.3734,1.37325,1.3734,37500000,1
1756487460000,1756487519000,1.3734,1.37353,1.37339,1.3735,75000000,1
1756487520000,1756487579000,1.3735,1.37353,1.37349,1.37352,25050000,1
1756487580000,1756487639000,1.37351,1.37354,1.37351,1.37351,37800000,1
1756487640000,1756487699000,1.37351,1.37351,1.37344,1.37347,40350000,1
1756487700000,1756487759000,1.37348,1.37358,1.37347,1.37358,57000000,1
1756487760000,1756487819000,1.37361,1.37366,1.3736,1.37361,53850000,1
1756487820000,1756487879000,1.37361,1.37361,1.37338,1.37347,64950000,1
1756487880000,1756487939000,1.37345,1.37347,1.37341,1.37342,34500000,1
1756487940000,1756487999000,1.37342,1.37347,1.3734,1.3734,32400000,1
1756488000000,1756488059000,1.3734,1.3734,1.37331,1.37339,56100000,1
1756488060000,1756488119000,1.37339,1.3734,1.37332,1.37332,21000000,1
1756488120000,1756488179000,1.37334,1.37337,1.37331,1.37337,44550000,1
1756488180000,1756488239000,1.37338,1.37342,1.37336,1.3734,37650000,1
1756488240000,1756488299000,1.37339,1.37342,1.37339,1.37342,26550000,1
1756488300000,1756488359000,1.37342,1.37358,1.37342,1.37358,25650000,1
1756488360000,1756488419000,1.37358,1.37359,1.3735,1.37352,32400000,1
1756488420000,1756488479000,1.37352,1.37352,1.37349,1.37349,19200000,1
1756488480000,1756488539000,1.37349,1.3735,1.37339,1.37341,27600000,1
1756488540000,1756488599000,1.37339,1.3735,1.37338,1.37348,32550000,1
1756488600000,1756488659000,1.37348,1.37349,1.37341,1.37342,63750000,1
1756488660000,1756488719000,1.37341,1.37344,1.37339,1.37342,22650000,1
1756488720000,1756488779000,1.37341,1.37341,1.37331,1.37332,33000000,1
1756488780000,1756488839000,1.37334,1.3734,1.37334,1.37338,42000000,1
1756488840000,1756488899000,1.37337,1.37337,1.37328,1.37328,16800000,1
1756488900000,1756488959000,1.37328,1.37339,1.37328,1.37338,12150000,1
1756488960000,1756489019000,1.37337,1.37337,1.3733,1.37331,35250000,1
1756489020000,1756489079000,1.37332,1.37349,1.3733,1.3733,74550000,1
1756489080000,1756489139000,1.3733,1.37331,1.37319,1.37323,77250000,1
1756489140000,1756489199000,1.37324,1.37324,1.37321,1.37322,25800000,1
1756489200000,1756489259000,1.37323,1.37331,1.37317,1.37329,49200000,1
1756489260000,1756489319000,1.37328,1.37332,1.37328,1.37331,47400000,1
1756489320000,1756489379000,1.37333,1.3734,1.37332,1.37333,39000000,1
1756489380000,1756489439000,1.37333,1.37333,1.37331,1.37331,16200000,1
1756489440000,1756489499000,1.37333,1.37333,1.37326,1.37331,27000000,1
1756489500000,1756489559000,1.3733,1.37342,1.37328,1.37333,38100000,1
1756489560000,1756489619000,1.37333,1.37338,1.37331,1.37331,46050000,1
1756489620000,1756489679000,1.37331,1.37336,1.37329,1.37333,60450000,1
1756489680000,1756489739000,1.37334,1.37334,1.37316,1.37319,37050000,1
1756489740000,1756489799000,1.3732,1.37339,1.3732,1.37332,28650000,1
1756489800000,1756489859000,1.37333,1.37333,1.37331,1.37331,30450000,1
1756489860000,1756489919000,1.37332,1.37332,1.37329,1.3733,21750000,1
1756489920000,1756489979000,1.37329,1.37329,1.37322,1.37322,27600000,1
1756489980000,1756490039000,1.37324,1.37328,1.37322,1.37323,16200000,1
1756490040000,1756490099000,1.37325,1.37337,1.37325,1.3733,27000000,1
1756490100000,1756490159000,1.37329,1.37338,1.37328,1.37337,33300000,1
1756490160000,1756490219000,1.37337,1.37341,1.37336,1.37341,34350000,1
1756490220000,1756490279000,1.37341,1.37345,1.37339,1.37342,38100000,1
1756490280000,1756490339000,1.37341,1.37346,1.3734,1.37342,39750000,1
1756490340000,1756490399000,1.37343,1.37343,1.37329,1.37329,57450000,1
1756490400000,1756490459000,1.37328,1.37328,1.37311,1.37314,70650000,1
1756490460000,1756490519000,1.37314,1.37327,1.37311,1.37322,58800000,1
1756490520000,1756490579000,1.37321,1.37321,1.37304,1.37304,51900000,1
1756490580000,1756490639000,1.37303,1.37311,1.37303,1.37311,14400000,1
1756490640000,1756490699000,1.37312,1.37319,1.37312,1.37314,41250000,1
1756490700000,1756490759000,1.37315,1.37323,1.37315,1.37321,36000000,1
1756490760000,1756490819000,1.37321,1.37323,1.3732,1.37322,20550000,1
1756490820000,1756490879000,1.37326,1.37329,1.37326,1.37328,27900000,1
1756490880000,1756490939000,1.37329,1.3733,1.37324,1.37327,28800000,1
1756490940000,1756490999000,1.37328,1.37329,1.37318,1.3732,46050000,1
1756491000000,1756491059000,1.37319,1.37328,1.37319,1.37327,31800000,1
1756491060000,1756491119000,1.37327,1.37332,1.37326,1.37329,46950000,1
1756491120000,1756491179000,1.37329,1.37337,1.37327,1.37337,46950000,1
1756491180000,1756491239000,1.37338,1.37348,1.37336,1.37339,60300000,1
1756491240000,1756491299000,1.37339,1.37341,1.37337,1.37337,89400000,1
1756491300000,1756491359000,1.37336,1.37339,1.37335,1.37338,46050000,1
1756491360000,1756491419000,1.3734,1.3734,1.37337,1.37338,8400000,1
1756491420000,1756491479000,1.3734,1.37351,1.37339,1.37349,17100000,1
1756491480000,1756491539000,1.3735,1.3736,1.37348,1.37359,31650000,1
1756491540000,1756491599000,1.37359,1.37362,1.37356,1.37362,24750000,1
1756491600000,1756491659000,1.3736,1.37361,1.37356,1.37357,67800000,1
1756491660000,1756491719000,1.37362,1.37367,1.37355,1.37357,79800000,1
1756491720000,1756491779000,1.37357,1.37357,1.37355,1.37356,33000000,1
1756491780000,1756491839000,1.37357,1.37362,1.37348,1.37348,59550000,1
1756491840000,1756491899000,1.37349,1.37354,1.37339,1.3734,82650000,1
1756491900000,1756491959000,1.37339,1.3734,1.37329,1.37336,63900000,1
1756491960000,1756492019000,1.37336,1.37356,1.37334,1.37356,51000000,1
1756492020000,1756492079000,1.37357,1.37364,1.37346,1.37361,42000000,1
1756492080000,1756492139000,1.37359,1.37368,1.37357,1.37364,53400000,1
1756492140000,1756492199000,1.37366,1.37366,1.37364,1.37365,18000000,1
1756492200000,1756492259000,1.37366,1.37367,1.37356,1.37358,76500000,1
1756492260000,1756492319000,1.37357,1.37357,1.37351,1.37353,22200000,1
1756492320000,1756492379000,1.37353,1.37353,1.37341,1.37342,36150000,1
1756492380000,1756492439000,1.3734,1.3734,1.37338,1.37339,13050000,1
1756492440000,1756492499000,1.37338,1.37338,1.3733,1.37333,35100000,1
1756492500000,1756492559000,1.37334,1.37336,1.3732,1.37321,40500000,1
1756492560000,1756492619000,1.37322,1.3733,1.37322,1.37329,49650000,1
1756492620000,1756492679000,1.37328,1.37331,1.37328,1.37329,8400000,1
1756492680000,1756492739000,1.37329,1.37335,1.37329,1.37332,32550000,1
1756492740000,1756492799000,1.37332,1.37338,1.37331,1.37331,29100000,1
1756492800000,1756492859000,1.37332,1.37341,1.37332,1.37335,43800000,1
1756492860000,1756492919000,1.37335,1.37335,1.37329,1.3733,22800000,1
1756492920000,1756492979000,1.37329,1.3734,1.37329,1.3734,23400000,1
1756492980000,1756493039000,1.37339,1.37341,1.37338,1.37339,22800000,1
1756493040000,1756493099000,1.37339,1.3734,1.37339,1.37339,6000000,1
1756493100000,1756493159000,1.37341,1.37342,1.37339,1.37339,10800000,1
1756493160000,1756493219000,1.37339,1.37341,1.37339,1.37339,7200000,1
1756493220000,1756493279000,1.37338,1.37338,1.3732,1.3732,20850000,1
1756493280000,1756493339000,1.37321,1.37321,1.37309,1.37309,29700000,1
1756493340000,1756493399000,1.37309,1.37322,1.37309,1.37322,28200000,1
1756493400000,1756493459000,1.3732,1.3732,1.3731,1.37315,24300000,1
1756493460000,1756493519000,1.37314,1.3732,1.37314,1.37318,18300000,1
1756493520000,1756493579000,1.37318,1.37318,1.37301,1.37305,60750000,1
1756493580000,1756493639000,1.37305,1.37312,1.37302,1.37312,41250000,1
1756493640000,1756493699000,1.37312,1.37312,1.37304,1.37308,32400000,1
1756493700000,1756493759000,1.37308,1.37308,1.37296,1.373,19200000,1
1756493760000,1756493819000,1.373,1.37301,1.37292,1.37292,38700000,1
1756493820000,1756493879000,1.37293,1.37294,1.37275,1.37275,56850000,1
1756493880000,1756493939000,1.37276,1.37284,1.37271,1.37272,64800000,1
1756493940000,1756493999000,1.37274,1.37278,1.37272,1.37273,73650000,1
1756494000000,1756494059000,1.37274,1.37285,1.37273,1.37283,137400000,1
1756494060000,1756494119000,1.37285,1.37302,1.37281,1.37302,39150000,1
1756494120000,1756494179000,1.37303,1.37313,1.37301,1.37313,36900000,1
1756494180000,1756494239000,1.37311,1.37322,1.37311,1.37321,42150000,1
1756494240000,1756494299000,1.37322,1.3733,1.37322,1.37323,29850000,1
1756494300000,1756494359000,1.37322,1.37323,1.37321,1.37323,22650000,1
1756494360000,1756494419000,1.37324,1.37326,1.37312,1.37314,34200000,1
1756494420000,1756494479000,1.37315,1.37316,1.37311,1.37313,43650000,1
1756494480000,1756494539000,1.37311,1.37316,1.37308,1.37314,43200000,1
1756494540000,1756494599000,1.37319,1.37322,1.37317,1.37319,35100000,1
1756494600000,1756494659000,1.37319,1.37331,1.37319,1.3733,50400000,1
1756494660000,1756494719000,1.37329,1.37342,1.37329,1.37341,35400000,1
1756494720000,1756494779000,1.37341,1.37343,1.37334,1.37338,25200000,1
1756494780000,1756494839000,1.37337,1.37341,1.37337,1.37341,10200000,1
1756494840000,1756494899000,1.37341,1.37344,1.3734,1.37341,26100000,1
1756494900000,1756494959000,1.37341,1.37342,1.37339,1.37342,23850000,1
1756494960000,1756495019000,1.37343,1.37343,1.3734,1.3734,14100000,1
1756495020000,1756495079000,1.3734,1.37343,1.37339,1.37343,9900000,1
1756495080000,1756495139000,1.37342,1.37348,1.37342,1.37347,48600000,1
1756495140000,1756495199000,1.37349,1.37361,1.37347,1.3736,57900000,1
1756495200000,1756495259000,1.37361,1.37368,1.37357,1.37358,66450000,1
1756495260000,1756495319000,1.37358,1.37358,1.37341,1.37349,67200000,1
1756495320000,1756495379000,1.3735,1.3735,1.37338,1.3734,33750000,1
1756495380000,1756495439000,1.37341,1.37349,1.3734,1.37341,79800000,1
1756495440000,1756495499000,1.37344,1.37347,1.37338,1.37338,66300000,1
1756495500000,1756495559000,1.37338,1.37348,1.37338,1.37342,79350000,1
1756495560000,1756495619000,1.3734,1.37343,1.37339,1.37341,31350000,1
1756495620000,1756495679000,1.37341,1.37341,1.3734,1.37341,8850000,1
1756495680000,1756495739000,1.37341,1.37341,1.37341,1.37341,2400000,1
1756495740000,1756495799000,1.37339,1.3734,1.37333,1.37335,12450000,1
1756495800000,1756495859000,1.37334,1.37334,1.37328,1.3733,22200000,1
1756495860000,1756495919000,1.37329,1.37329,1.37319,1.37326,54750000,1
1756495920000,1756495979000,1.37325,1.37327,1.37319,1.37323,67200000,1
1756495980000,1756496039000,1.37322,1.37322,1.3732,1.37321,22650000,1
1756496040000,1756496099000,1.37319,1.37322,1.37319,1.3732,21300000,1
1756496100000,1756496159000,1.37322,1.37328,1.37319,1.37328,47250000,1
1756496160000,1756496219000,1.37329,1.37329,1.37317,1.37317,54750000,1
1756496220000,1756496279000,1.37317,1.3732,1.37316,1.37316,59400000,1
1756496280000,1756496339000,1.37317,1.37319,1.37307,1.37309,109050000,1
1756496340000,1756496399000,1.37308,1.3731,1.37307,1.3731,38550000,1
1756496400000,1756496459000,1.37309,1.3731,1.3729,1.3729,74700000,1
1756496460000,1756496519000,1.37291,1.37301,1.37289,1.37293,84450000,1
1756496520000,1756496579000,1.37295,1.37295,1.37289,1.37292,15000000,1
1756496580000,1756496639000,1.37293,1.37295,1.37281,1.37281,22500000,1
1756496640000,1756496699000,1.3728,1.3728,1.37272,1.37276,42750000,1
1756496700000,1756496759000,1.37275,1.37278,1.37273,1.37275,43200000,1
1756496760000,1756496819000,1.37281,1.37283,1.37273,1.37273,37650000,1
1756496820000,1756496879000,1.37273,1.37284,1.37273,1.37275,37500000,1
1756496880000,1756496939000,1.37274,1.37284,1.37273,1.37283,30450000,1
1756496940000,1756496999000,1.37283,1.37292,1.37283,1.37288,42450000,1
1756497000000,1756497059000,1.37286,1.373,1.37286,1.37298,52800000,1
1756497060000,1756497119000,1.373,1.37311,1.373,1.37304,56700000,1
1756497120000,1756497179000,1.37304,1.37307,1.37301,1.37305,87600000,1
1756497180000,1756497239000,1.37306,1.37311,1.37304,1.37304,102300000,1
1756497240000,1756497299000,1.37302,1.37311,1.37301,1.3731,99900000,1
1756497300000,1756497359000,1.37312,1.37326,1.37309,1.37309,151650000,1
1756497360000,1756497419000,1.3731,1.37317,1.37307,1.37313,74250000,1
1756497420000,1756497479000,1.37314,1.37332,1.37314,1.37324,117600000,1
1756497480000,1756497539000,1.37323,1.37336,1.37316,1.37334,155850000,1
1756497540000,1756497599000,1.37333,1.37334,1.37316,1.37333,163650000,1
1756497600000,1756497659000,1.37331,1.37333,1.37312,1.37331,153750000,1
1756497660000,1756497719000,1.37331,1.37334,1.37329,1.37332,34350000,1
1756497720000,1756497779000,1.37331,1.37331,1.37309,1.37313,73800000,1
1756497780000,1756497839000,1.37313,1.37326,1.37313,1.37319,32250000,1
1756497840000,1756497899000,1.3732,1.3733,1.3732,1.3733,17850000,1
1756497900000,1756497959000,1.37329,1.37344,1.37329,1.37344,28800000,1
1756497960000,1756498019000,1.37345,1.37349,1.37345,1.37348,24600000,1
1756498020000,1756498079000,1.37347,1.37347,1.37339,1.37343,42000000,1
1756498080000,1756498139000,1.37343,1.37345,1.37339,1.3734,24300000,1
1756498140000,1756498199000,1.37341,1.37354,1.3734,1.37354,46800000,1
1756498200000,1756498259000,1.37353,1.37369,1.37353,1.37368,31050000,1
1756498260000,1756498319000,1.37367,1.37373,1.37367,1.37372,24000000,1
1756498320000,1756498379000,1.37372,1.37386,1.37372,1.37381,41550000,1
1756498380000,1756498439000,1.37381,1.37381,1.3737,1.3737,32250000,1
1756498440000,1756498499000,1.3737,1.3737,1.37366,1.37367,9600000,1
1756498500000,1756498559000,1.37366,1.37368,1.37361,1.37368,22950000,1
1756498560000,1756498619000,1.37367,1.37388,1.37366,1.37387,37950000,1
1756498620000,1756498679000,1.37388,1.3739,1.37388,1.37389,8100000,1
1756498680000,1756498739000,1.37388,1.37392,1.37382,1.37392,19200000,1
1756498740000,1756498799000,1.37393,1.37401,1.37392,1.37401,13350000,1
1756498800000,1756498859000,1.374,1.374,1.37372,1.37385,51750000,1
1756498860000,1756498919000,1.37385,1.37385,1.37383,1.37385,8400000,1
1756498920000,1756498979000,1.37385,1.37386,1.37383,1.37386,10800000,1
1756498980000,1756499039000,1.37385,1.37385,1.37384,1.37384,66000000,1
1756499040000,1756499099000,1.37384,1.37388,1.37384,1.37388,19200000,1
1756499100000,1756499159000,1.37387,1.37402,1.37387,1.374,23850000,1
1756499160000,1756499219000,1.374,1.37404,1.37395,1.37403,10800000,1
1756499220000,1756499279000,1.37402,1.37403,1.37399,1.37399,21750000,1
1756499280000,1756499339000,1.37401,1.37415,1.374,1.37407,70650000,1
1756499340000,1756499399000,1.37404,1.37406,1.374,1.37406,38400000,1
1756499400000,1756499459000,1.37405,1.3742,1.37405,1.37415,40500000,1
1756499460000,1756499519000,1.37417,1.37423,1.37416,1.37422,26400000,1
1756499520000,1756499579000,1.37422,1.37425,1.37422,1.37423,14400000,1
1756499580000,1756499639000,1.37426,1.37441,1.37425,1.37438,109350000,1
1756499640000,1756499699000,1.37438,1.37445,1.37437,1.37445,43350000,1
1756499700000,1756499759000,1.37446,1.37461,1.37444,1.3746,34650000,1
1756499760000,1756499819000,1.37462,1.37462,1.37454,1.37455,12750000,1
1756499820000,1756499879000,1.37453,1.37453,1.37435,1.37436,19950000,1
1756499880000,1756499939000,1.37436,1.37438,1.37432,1.37432,48900000,1
1756499940000,1756499999000,1.37431,1.37431,1.37401,1.37403,44700000,1
1756500000000,1756500059000,1.37401,1.37402,1.37381,1.37382,59700000,1
1756500060000,1756500119000,1.37381,1.37382,1.37371,1.37375,32850000,1
1756500120000,1756500179000,1.37374,1.37385,1.37366,1.37366,72450000,1
1756500180000,1756500239000,1.37363,1.37368,1.37362,1.37366,80400000,1
1756500240000,1756500299000,1.37377,1.37383,1.37363,1.37363,55350000,1
1756500300000,1756500359000,1.37362,1.37364,1.37361,1.37364,49200000,1
1756500360000,1756500419000,1.37364,1.37374,1.37361,1.37362,77400000,1
1756500420000,1756500479000,1.37363,1.37385,1.37362,1.37376,64200000,1
1756500480000,1756500539000,1.37375,1.37408,1.37375,1.37405,75150000,1
1756500540000,1756500599000,1.37404,1.37413,1.37399,1.37402,47250000,1
1756500600000,1756500659000,1.37402,1.37402,1.37381,1.37386,69750000,1
1756500660000,1756500719000,1.37388,1.37404,1.37388,1.37401,63900000,1
1756500720000,1756500779000,1.37402,1.37402,1.37382,1.37385,90900000,1
1756500780000,1756500839000,1.37388,1.37388,1.3737,1.37371,97500000,1
1756500840000,1756500899000,1.37367,1.37376,1.37364,1.37373,43200000,1
1756500900000,1756500959000,1.37373,1.37374,1.3736,1.37363,38400000,1
1756500960000,1756501019000,1.37363,1.37371,1.37345,1.37355,156000000,1
1756501020000,1756501079000,1.37355,1.37401,1.37355,1.37397,201510000,1
1756501080000,1756501139000,1.37393,1.3743,1.37391,1.37424,403350000,1
1756501140000,1756501199000,1.37419,1.37426,1.37403,1.37407,64500000,1
1756501200000,1756501259000,1.37407,1.37407,1.37407,1.37407,0,1
1756501260000,1756501319000,1.37407,1.37407,1.37407,1.37407,0,1
1756501320000,1756501379000,1.37407,1.37407,1.37407,1.37407,0,1
1756501380000,1756501439000,1.37407,1.37407,1.37407,1.37407,0,1
1756501440000,1756501499000,1.37407,1.37407,1.37407,1.37407,0,1
1756501500000,1756501559000,1.37407,1.37407,1.37407,1.37407,0,1
1756501560000,1756501619000,1.37407,1.37407,1.37407,1.37407,0,1
1756501620000,1756501679000,1.37407,1.37407,1.37407,1.37407,0,1
1756501680000,1756501739000,1.37407,1.37407,1.37407,1.37407,0,1
1756501740000,1756501799000,1.37407,1.37407,1.37407,1.37407,0,1
1756501800000,1756501859000,1.37407,1.37407,1.37407,1.37407,0,1
1756501860000,1756501919000,1.37407,1.37407,1.37407,1.37407,0,1
1756501920000,1756501979000,1.37407,1.37407,1.37407,1.37407,0,1
1756501980000,1756502039000,1.37407,1.37407,1.37407,1.37407,0,1
1756502040000,1756502099000,1.37407,1.37407,1.37407,1.37407,0,1
1756502100000,1756502159000,1.37407,1.37407,1.37407,1.37407,0,1
1756502160000,1756502219000,1.37407,1.37407,1.37407,1.37407,0,1
1756502220000,1756502279000,1.37407,1.37407,1.37407,1.37407,0,1
1756502280000,1756502339000,1.37407,1.37407,1.37407,1.37407,0,1
1756502340000,1756502399000,1.37407,1.37407,1.37407,1.37407,0,1
1756502400000,1756502459000,1.37407,1.37407,1.37407,1.37407,0,1
1756502460000,1756502519000,1.37407,1.37407,1.37407,1.37407,0,1
1756502520000,1756502579000,1.37407,1.37407,1.37407,1.37407,0,1
1756502580000,1756502639000,1.37407,1.37407,1.37407,1.37407,0,1
1756502640000,1756502699000,1.37407,1.37407,1.37407,1.37407,0,1
1756502700000,1756502759000,1.37407,1.37407,1.37407,1.37407,0,1
1756502760000,1756502819000,1.37407,1.37407,1.37407,1.37407,0,1
1756502820000,1756502879000,1.37407,1.37407,1.37407,1.37407,0,1
1756502880000,1756502939000,1.37407,1.37407,1.37407,1.37407,0,1
1756502940000,1756502999000,1.37407,1.37407,1.37407,1.37407,0,1
1756503000000,1756503059000,1.37407,1.37407,1.37407,1.37407,0,1
1756503060000,1756503119000,1.37407,1.37407,1.37407,1.37407,0,1
1756503120000,1756503179000,1.37407,1.37407,1.37407,1.37407,0,1
1756503180000,1756503239000,1.37407,1.37407,1.37407,1.37407,0,1
1756503240000,1756503299000,1.37407,1.37407,1.37407,1.37407,0,1
1756503300000,1756503359000,1.37407,1.37407,1.37407,1.37407,0,1
1756503360000,1756503419000,1.37407,1.37407,1.37407,1.37407,0,1
1756503420000,1756503479000,1.37407,1.37407,1.37407,1.37407,0,1
1756503480000,1756503539000,1.37407,1.37407,1.37407,1.37407,0,1
1756503540000,1756503599000,1.37407,1.37407,1.37407,1.37407,0,1
1756503600000,1756503659000,1.37407,1.37407,1.37407,1.37407,0,1
1756503660000,1756503719000,1.37407,1.37407,1.37407,1.37407,0,1
1756503720000,1756503779000,1.37407,1.37407,1.37407,1.37407,0,1
1756503780000,1756503839000,1.37407,1.37407,1.37407,1.37407,0,1
1756503840000,1756503899000,1.37407,1.37407,1.37407,1.37407,0,1
1756503900000,1756503959000,1.37407,1.37407,1.37407,1.37407,0,1
1756503960000,1756504019000,1.37407,1.37407,1.37407,1.37407,0,1
1756504020000,1756504079000,1.37407,1.37407,1.37407,1.37407,0,1
1756504080000,1756504139000,1.37407,1.37407,1.37407,1.37407,0,1
1756504140000,1756504199000,1.37407,1.37407,1.37407,1.37407,0,1
1756504200000,1756504259000,1.37407,1.37407,1.37407,1.37407,0,1
1756504260000,1756504319000,1.37407,1.37407,1.37407,1.37407,0,1
1756504320000,1756504379000,1.37407,1.37407,1.37407,1.37407,0,1
1756504380000,1756504439000,1.37407,1.37407,1.37407,1.37407,0,1
1756504440000,1756504499000,1.37407,1.37407,1.37407,1.37407,0,1
1756504500000,1756504559000,1.37407,1.37407,1.37407,1.37407,0,1
1756504560000,1756504619000,1.37407,1.37407,1.37407,1.37407,0,1
1756504620000,1756504679000,1.37407,1.37407,1.37407,1.37407,0,1
1756504680000,1756504739000,1.37407,1.37407,1.37407,1.37407,0,1
1756504740000,1756504799000,1.37407,1.37407,1.37407,1.37407,0,1
1756504800000,1756504859000,1.37407,1.37407,1.37407,1.37407,0,1
1756504860000,1756504919000,1.37407,1.37407,1.37407,1.37407,0,1
1756504920000,1756504979000,1.37407,1.37407,1.37407,1.37407,0,1
1756504980000,1756505039000,1.37407,1.37407,1.37407,1.37407,0,1
1756505040000,1756505099000,1.37407,1.37407,1.37407,1.37407,0,1
1756505100000,1756505159000,1.37407,1.37407,1.37407,1.37407,0,1
1756505160000,1756505219000,1.37407,1.37407,1.37407,1.37407,0,1
1756505220000,1756505279000,1.37407,1.37407,1.37407,1.37407,0,1
1756505280000,1756505339000,1.37407,1.37407,1.37407,1.37407,0,1
1756505340000,1756505399000,1.37407,1.37407,1.37407,1.37407,0,1
1756505400000,1756505459000,1.37407,1.37407,1.37407,1.37407,0,1
1756505460000,1756505519000,1.37407,1.37407,1.37407,1.37407,0,1
1756505520000,1756505579000,1.37407,1.37407,1.37407,1.37407,0,1
1756505580000,1756505639000,1.37407,1.37407,1.37407,1.37407,0,1
1756505640000,1756505699000,1.37407,1.37407,1.37407,1.37407,0,1
1756505700000,1756505759000,1.37407,1.37407,1.37407,1.37407,0,1
1756505760000,1756505819000,1.37407,1.37407,1.37407,1.37407,0,1
1756505820000,1756505879000,1.37407,1.37407,1.37407,1.37407,0,1
1756505880000,1756505939000,1.37407,1.37407,1.37407,1.37407,0,1
1756505940000,1756505999000,1.37407,1.37407,1.37407,1.37407,0,1
1756506000000,1756506059000,1.37407,1.37407,1.37407,1.37407,0,1
1756506060000,1756506119000,1.37407,1.37407,1.37407,1.37407,0,1
1756506120000,1756506179000,1.37407,1.37407,1.37407,1.37407,0,1
1756506180000,1756506239000,1.37407,1.37407,1.37407,1.37407,0,1
1756506240000,1756506299000,1.37407,1.37407,1.37407,1.37407,0,1
1756506300000,1756506359000,1.37407,1.37407,1.37407,1.37407,0,1
1756506360000,1756506419000,1.37407,1.37407,1.37407,1.37407,0,1
1756506420000,1756506479000,1.37407,1.37407,1.37407,1.37407,0,1
1756506480000,1756506539000,1.37407,1.37407,1.37407,1.37407,0,1
1756506540000,1756506599000,1.37407,1.37407,1.37407,1.37407,0,1
1756506600000,1756506659000,1.37407,1.37407,1.37407,1.37407,0,1
1756506660000,1756506719000,1.37407,1.37407,1.37407,1.37407,0,1
1756506720000,1756506779000,1.37407,1.37407,1.37407,1.37407,0,1
1756506780000,1756506839000,1.37407,1.37407,1.37407,1.37407,0,1
1756506840000,1756506899000,1.37407,1.37407,1.37407,1.37407,0,1
1756506900000,1756506959000,1.37407,1.37407,1.37407,1.37407,0,1
1756506960000,1756507019000,1.37407,1.37407,1.37407,1.37407,0,1
1756507020000,1756507079000,1.37407,1.37407,1.37407,1.37407,0,1
1756507080000,1756507139000,1.37407,1.37407,1.37407,1.37407,0,1
1756507140000,1756507199000,1.37407,1.37407,1.37407,1.37407,0,1
1756507200000,1756507259000,1.37407,1.37407,1.37407,1.37407,0,1
1756507260000,1756507319000,1.37407,1.37407,1.37407,1.37407,0,1
1756507320000,1756507379000,1.37407,1.37407,1.37407,1.37407,0,1
1756507380000,1756507439000,1.37407,1.37407,1.37407,1.37407,0,1
1756507440000,1756507499000,1.37407,1.37407,1.37407,1.37407,0,1
1756507500000,1756507559000,1.37407,1.37407,1.37407,1.37407,0,1
1756507560000,1756507619000,1.37407,1.37407,1.37407,1.37407,0,1
1756507620000,1756507679000,1.37407,1.37407,1.37407,1.37407,0,1
1756507680000,1756507739000,1.37407,1.37407,1.37407,1.37407,0,1
1756507740000,1756507799000,1.37407,1.37407,1.37407,1.37407,0,1
1756507800000,1756507859000,1.37407,1.37407,1.37407,1.37407,0,1
1756507860000,1756507919000,1.37407,1.37407,1.37407,1.37407,0,1
1756507920000,1756507979000,1.37407,1.37407,1.37407,1.37407,0,1
1756507980000,1756508039000,1.37407,1.37407,1.37407,1.37407,0,1
1756508040000,1756508099000,1.37407,1.37407,1.37407,1.37407,0,1
1756508100000,1756508159000,1.37407,1.37407,1.37407,1.37407,0,1
1756508160000,1756508219000,1.37407,1.37407,1.37407,1.37407,0,1
1756508220000,1756508279000,1.37407,1.37407,1.37407,1.37407,0,1
1756508280000,1756508339000,1.37407,1.37407,1.37407,1.37407,0,1
1756508340000,1756508399000,1.37407,1.37407,1.37407,1.37407,0,1
1756508400000,1756508459000,1.37407,1.37407,1.37407,1.37407,0,1
1756508460000,1756508519000,1.37407,1.37407,1.37407,1.37407,0,1
1756508520000,1756508579000,1.37407,1.37407,1.37407,1.37407,0,1
1756508580000,1756508639000,1.37407,1.37407,1.37407,1.37407,0,1
1756508640000,1756508699000,1.37407,1.37407,1.37407,1.37407,0,1
1756508700000,1756508759000,1.37407,1.37407,1.37407,1.37407,0,1
1756508760000,1756508819000,1.37407,1.37407,1.37407,1.37407,0,1
1756508820000,1756508879000,1.37407,1.37407,1.37407,1.37407,0,1
1756508880000,1756508939000,1.37407,1.37407,1.37407,1.37407,0,1
1756508940000,1756508999000,1.37407,1.37407,1.37407,1.37407,0,1
1756509000000,1756509059000,1.37407,1.37407,1.37407,1.37407,0,1
1756509060000,1756509119000,1.37407,1.37407,1.37407,1.37407,0,1
1756509120000,1756509179000,1.37407,1.37407,1.37407,1.37407,0,1
1756509180000,1756509239000,1.37407,1.37407,1.37407,1.37407,0,1
1756509240000,1756509299000,1.37407,1.37407,1.37407,1.37407,0,1
1756509300000,1756509359000,1.37407,1.37407,1.37407,1.37407,0,1
1756509360000,1756509419000,1.37407,1.37407,1.37407,1.37407,0,1
1756509420000,1756509479000,1.37407,1.37407,1.37407,1.37407,0,1
1756509480000,1756509539000,1.37407,1.37407,1.37407,1.37407,0,1
1756509540000,1756509599000,1.37407,1.37407,1.37407,1.37407,0,1
1756509600000,1756509659000,1.37407,1.37407,1.37407,1.37407,0,1
1756509660000,1756509719000,1.37407,1.37407,1.37407,1.37407,0,1
1756509720000,1756509779000,1.37407,1.37407,1.37407,1.37407,0,1
1756509780000,1756509839000,1.37407,1.37407,1.37407,1.37407,0,1
1756509840000,1756509899000,1.37407,1.37407,1.37407,1.37407,0,1
1756509900000,1756509959000,1.37407,1.37407,1.37407,1.37407,0,1
1756509960000,1756510019000,1.37407,1.37407,1.37407,1.37407,0,1
1756510020000,1756510079000,1.37407,1.37407,1.37407,1.37407,0,1
1756510080000,1756510139000,1.37407,1.37407,1.37407,1.37407,0,1
1756510140000,1756510199000,1.37407,1.37407,1.37407,1.37407,0,1
1756510200000,1756510259000,1.37407,1.37407,1.37407,1.37407,0,1
1756510260000,1756510319000,1.37407,1.37407,1.37407,1.37407,0,1
1756510320000,1756510379000,1.37407,1.37407,1.37407,1.37407,0,1
1756510380000,1756510439000,1.37407,1.37407,1.37407,1.37407,0,1
1756510440000,1756510499000,1.37407,1.37407,1.37407,1.37407,0,1
1756510500000,1756510559000,1.37407,1.37407,1.37407,1.37407,0,1
1756510560000,1756510619000,1.37407,1.37407,1.37407,1.37407,0,1
1756510620000,1756510679000,1.37407,1.37407,1.37407,1.37407,0,1
1756510680000,1756510739000,1.37407,1.37407,1.37407,1.37407,0,1
1756510740000,1756510799000,1.37407,1.37407,1.37407,1.37407,0,1
1756510800000,1756510859000,1.37407,1.37407,1.37407,1.37407,0,1
1756510860000,1756510919000,1.37407,1.37407,1.37407,1.37407,0,1
1756510920000,1756510979000,1.37407,1.37407,1.37407,1.37407,0,1
1756510980000,1756511039000,1.37407,1.37407,1.37407,1.37407,0,1
1756511040000,1756511099000,1.37407,1.37407,1.37407,1.37407,0,1
1756511100000,1756511159000,1.37407,1.37407,1.37407,1.37407,0,1
1756511160000,1756511219000,1.37407,1.37407,1.37407,1.37407,0,1
1756511220000,1756511279000,1.37407,1.37407,1.37407,1.37407,0,1
1756511280000,1756511339000,1.37407,1.37407,1.37407,1.37407,0,1
1756511340000,1756511399000,1.37407,1.37407,1.37407,1.37407,0,1
1756511400000,1756511459000,1.37407,1.37407,1.37407,1.37407,0,1
1756511460000,1756511519000,1.37407,1.37407,1.37407,1.37407,0,1
1756511520000,1756511579000,1.37407,1.37407,1.37407,1.37407,0,1
1756511580000,1756511639000,1.37407,1.37407,1.37407,1.37407,0,1
1756511640000,1756511699000,1.37407,1.37407,1.37407,1.37407,0,1
1756511700000,1756511759000,1.37407,1.37407,1.37407,1.37407,0,1
1756511760000,1756511819000,1.37407,1.37407,1.37407,1.37407,0,1
1756511820000,1756511879000,1.37407,1.37407,1.37407,1.37407,0,1
1756511880000,1756511939000,1.37407,1.37407,1.37407,1.37407,0,1
1756511940000,1756511999000,1.37407,1.37407,1.37407,1.37407,0,1
1756598400000,1756598459000,1.37407,1.37407,1.37407,1.37407,0,1
1756598460000,1756598519000,1.37407,1.37407,1.37407,1.37407,0,1
1756598520000,1756598579000,1.37407,1.37407,1.37407,1.37407,0,1
1756598580000,1756598639000,1.37407,1.37407,1.37407,1.37407,0,1
1756598640000,1756598699000,1.37407,1.37407,1.37407,1.37407,0,1
1756598700000,1756598759000,1.37407,1.37407,1.37407,1.37407,0,1
1756598760000,1756598819000,1.37407,1.37407,1.37407,1.37407,0,1
1756598820000,1756598879000,1.37407,1.37407,1.37407,1.37407,0,1
1756598880000,1756598939000,1.37407,1.37407,1.37407,1.37407,0,1
1756598940000,1756598999000,1.37407,1.37407,1.37407,1.37407,0,1
1756599000000,1756599059000,1.37407,1.37407,1.37407,1.37407,0,1
1756599060000,1756599119000,1.37407,1.37407,1.37407,1.37407,0,1
1756599120000,1756599179000,1.37407,1.37407,1.37407,1.37407,0,1
1756599180000,1756599239000,1.37407,1.37407,1.37407,1.37407,0,1
1756599240000,1756599299000,1.37407,1.37407,1.37407,1.37407,0,1
1756599300000,1756599359000,1.37407,1.37407,1.37407,1.37407,0,1
1756599360000,1756599419000,1.37407,1.37407,1.37407,1.37407,0,1
1756599420000,1756599479000,1.37407,1.37407,1.37407,1.37407,0,1
1756599480000,1756599539000,1.37407,1.37407,1.37407,1.37407,0,1
1756599540000,1756599599000,1.37407,1.37407,1.37407,1.37407,0,1
1756599600000,1756599659000,1.37407,1.37407,1.37407,1.37407,0,1
1756599660000,1756599719000,1.37407,1.37407,1.37407,1.37407,0,1
1756599720000,1756599779000,1.37407,1.37407,1.37407,1.37407,0,1
1756599780000,1756599839000,1.37407,1.37407,1.37407,1.37407,0,1
1756599840000,1756599899000,1.37407,1.37407,1.37407,1.37407,0,1
1756599900000,1756599959000,1.37407,1.37407,1.37407,1.37407,0,1
1756599960000,1756600019000,1.37407,1.37407,1.37407,1.37407,0,1
1756600020000,1756600079000,1.37407,1.37407,1.37407,1.37407,0,1
1756600080000,1756600139000,1.37407,1.37407,1.37407,1.37407,0,1
1756600140000,1756600199000,1.37407,1.37407,1.37407,1.37407,0,1
1756600200000,1756600259000,1.37407,1.37407,1.37407,1.37407,0,1
1756600260000,1756600319000,1.37407,1.37407,1.37407,1.37407,0,1
1756600320000,1756600379000,1.37407,1.37407,1.37407,1.37407,0,1
1756600380000,1756600439000,1.37407,1.37407,1.37407,1.37407,0,1
1756600440000,1756600499000,1.37407,1.37407,1.37407,1.37407,0,1
1756600500000,1756600559000,1.37407,1.37407,1.37407,1.37407,0,1
1756600560000,1756600619000,1.37407,1.37407,1.37407,1.37407,0,1
1756600620000,1756600679000,1.37407,1.37407,1.37407,1.37407,0,1
1756600680000,1756600739000,1.37407,1.37407,1.37407,1.37407,0,1
1756600740000,1756600799000,1.37407,1.37407,1.37407,1.37407,0,1
1756600800000,1756600859000,1.37407,1.37407,1.37407,1.37407,0,1
1756600860000,1756600919000,1.37407,1.37407,1.37407,1.37407,0,1
1756600920000,1756600979000,1.37407,1.37407,1.37407,1.37407,0,1
1756600980000,1756601039000,1.37407,1.37407,1.37407,1.37407,0,1
1756601040000,1756601099000,1.37407,1.37407,1.37407,1.37407,0,1
1756601100000,1756601159000,1.37407,1.37407,1.37407,1.37407,0,1
1756601160000,1756601219000,1.37407,1.37407,1.37407,1.37407,0,1
1756601220000,1756601279000,1.37407,1.37407,1.37407,1.37407,0,1
1756601280000,1756601339000,1.37407,1.37407,1.37407,1.37407,0,1
1756601340000,1756601399000,1.37407,1.37407,1.37407,1.37407,0,1
1756601400000,1756601459000,1.37407,1.37407,1.37407,1.37407,0,1
1756601460000,1756601519000,1.37407,1.37407,1.37407,1.37407,0,1
1756601520000,1756601579000,1.37407,1.37407,1.37407,1.37407,0,1
1756601580000,1756601639000,1.37407,1.37407,1.37407,1.37407,0,1
1756601640000,1756601699000,1.37407,1.37407,1.37407,1.37407,0,1
1756601700000,1756601759000,1.37407,1.37407,1.37407,1.37407,0,1
1756601760000,1756601819000,1.37407,1.37407,1.37407,1.37407,0,1
1756601820000,1756601879000,1.37407,1.37407,1.37407,1.37407,0,1
1756601880000,1756601939000,1.37407,1.37407,1.37407,1.37407,0,1
1756601940000,1756601999000,1.37407,1.37407,1.37407,1.37407,0,1
1756602000000,1756602059000,1.37407,1.37407,1.37407,1.37407,0,1
1756602060000,1756602119000,1.37407,1.37407,1.37407,1.37407,0,1
1756602120000,1756602179000,1.37407,1.37407,1.37407,1.37407,0,1
1756602180000,1756602239000,1.37407,1.37407,1.37407,1.37407,0,1
1756602240000,1756602299000,1.37407,1.37407,1.37407,1.37407,0,1
1756602300000,1756602359000,1.37407,1.37407,1.37407,1.37407,0,1
1756602360000,1756602419000,1.37407,1.37407,1.37407,1.37407,0,1
1756602420000,1756602479000,1.37407,1.37407,1.37407,1.37407,0,1
1756602480000,1756602539000,1.37407,1.37407,1.37407,1.37407,0,1
1756602540000,1756602599000,1.37407,1.37407,1.37407,1.37407,0,1
1756602600000,1756602659000,1.37407,1.37407,1.37407,1.37407,0,1
1756602660000,1756602719000,1.37407,1.37407,1.37407,1.37407,0,1
1756602720000,1756602779000,1.37407,1.37407,1.37407,1.37407,0,1
1756602780000,1756602839000,1.37407,1.37407,1.37407,1.37407,0,1
1756602840000,1756602899000,1.37407,1.37407,1.37407,1.37407,0,1
1756602900000,1756602959000,1.37407,1.37407,1.37407,1.37407,0,1
1756602960000,1756603019000,1.37407,1.37407,1.37407,1.37407,0,1
1756603020000,1756603079000,1.37407,1.37407,1.37407,1.37407,0,1
1756603080000,1756603139000,1.37407,1.37407,1.37407,1.37407,0,1
1756603140000,1756603199000,1.37407,1.37407,1.37407,1.37407,0,1
1756603200000,1756603259000,1.37407,1.37407,1.37407,1.37407,0,1
1756603260000,1756603319000,1.37407,1.37407,1.37407,1.37407,0,1
1756603320000,1756603379000,1.37407,1.37407,1.37407,1.37407,0,1
1756603380000,1756603439000,1.37407,1.37407,1.37407,1.37407,0,1
1756603440000,1756603499000,1.37407,1.37407,1.37407,1.37407,0,1
1756603500000,1756603559000,1.37407,1.37407,1.37407,1.37407,0,1
1756603560000,1756603619000,1.37407,1.37407,1.37407,1.37407,0,1
1756603620000,1756603679000,1.37407,1.37407,1.37407,1.37407,0,1
1756603680000,1756603739000,1.37407,1.37407,1.37407,1.37407,0,1
1756603740000,1756603799000,1.37407,1.37407,1.37407,1.37407,0,1
1756603800000,1756603859000,1.37407,1.37407,1.37407,1.37407,0,1
1756603860000,1756603919000,1.37407,1.37407,1.37407,1.37407,0,1
1756603920000,1756603979000,1.37407,1.37407,1.37407,1.37407,0,1
1756603980000,1756604039000,1.37407,1.37407,1.37407,1.37407,0,1
1756604040000,1756604099000,1.37407,1.37407,1.37407,1.37407,0,1
1756604100000,1756604159000,1.37407,1.37407,1.37407,1.37407,0,1
1756604160000,1756604219000,1.37407,1.37407,1.37407,1.37407,0,1
1756604220000,1756604279000,1.37407,1.37407,1.37407,1.37407,0,1
1756604280000,1756604339000,1.37407,1.37407,1.37407,1.37407,0,1
1756604340000,1756604399000,1.37407,1.37407,1.37407,1.37407,0,1
1756604400000,1756604459000,1.37407,1.37407,1.37407,1.37407,0,1
1756604460000,1756604519000,1.37407,1.37407,1.37407,1.37407,0,1
1756604520000,1756604579000,1.37407,1.37407,1.37407,1.37407,0,1
1756604580000,1756604639000,1.37407,1.37407,1.37407,1.37407,0,1
1756604640000,1756604699000,1.37407,1.37407,1.37407,1.37407,0,1
1756604700000,1756604759000,1.37407,1.37407,1.37407,1.37407,0,1
1756604760000,1756604819000,1.37407,1.37407,1.37407,1.37407,0,1
1756604820000,1756604879000,1.37407,1.37407,1.37407,1.37407,0,1
1756604880000,1756604939000,1.37407,1.37407,1.37407,1.37407,0,1
1756604940000,1756604999000,1.37407,1.37407,1.37407,1.37407,0,1
1756605000000,1756605059000,1.37407,1.37407,1.37407,1.37407,0,1
1756605060000,1756605119000,1.37407,1.37407,1.37407,1.37407,0,1
1756605120000,1756605179000,1.37407,1.37407,1.37407,1.37407,0,1
1756605180000,1756605239000,1.37407,1.37407,1.37407,1.37407,0,1
1756605240000,1756605299000,1.37407,1.37407,1.37407,1.37407,0,1
1756605300000,1756605359000,1.37407,1.37407,1.37407,1.37407,0,1
1756605360000,1756605419000,1.37407,1.37407,1.37407,1.37407,0,1
1756605420000,1756605479000,1.37407,1.37407,1.37407,1.37407,0,1
1756605480000,1756605539000,1.37407,1.37407,1.37407,1.37407,0,1
1756605540000,1756605599000,1.37407,1.37407,1.37407,1.37407,0,1
1756605600000,1756605659000,1.37407,1.37407,1.37407,1.37407,0,1
1756605660000,1756605719000,1.37407,1.37407,1.37407,1.37407,0,1
1756605720000,1756605779000,1.37407,1.37407,1.37407,1.37407,0,1
1756605780000,1756605839000,1.37407,1.37407,1.37407,1.37407,0,1
1756605840000,1756605899000,1.37407,1.37407,1.37407,1.37407,0,1
1756605900000,1756605959000,1.37407,1.37407,1.37407,1.37407,0,1
1756605960000,1756606019000,1.37407,1.37407,1.37407,1.37407,0,1
1756606020000,1756606079000,1.37407,1.37407,1.37407,1.37407,0,1
1756606080000,1756606139000,1.37407,1.37407,1.37407,1.37407,0,1
1756606140000,1756606199000,1.37407,1.37407,1.37407,1.37407,0,1
1756606200000,1756606259000,1.37407,1.37407,1.37407,1.37407,0,1
1756606260000,1756606319000,1.37407,1.37407,1.37407,1.37407,0,1
1756606320000,1756606379000,1.37407,1.37407,1.37407,1.37407,0,1
1756606380000,1756606439000,1.37407,1.37407,1.37407,1.37407,0,1
1756606440000,1756606499000,1.37407,1.37407,1.37407,1.37407,0,1
1756606500000,1756606559000,1.37407,1.37407,1.37407,1.37407,0,1
1756606560000,1756606619000,1.37407,1.37407,1.37407,1.37407,0,1
1756606620000,1756606679000,1.37407,1.37407,1.37407,1.37407,0,1
1756606680000,1756606739000,1.37407,1.37407,1.37407,1.37407,0,1
1756606740000,1756606799000,1.37407,1.37407,1.37407,1.37407,0,1
1756606800000,1756606859000,1.37407,1.37407,1.37407,1.37407,0,1
1756606860000,1756606919000,1.37407,1.37407,1.37407,1.37407,0,1
1756606920000,1756606979000,1.37407,1.37407,1.37407,1.37407,0,1
1756606980000,1756607039000,1.37407,1.37407,1.37407,1.37407,0,1
1756607040000,1756607099000,1.37407,1.37407,1.37407,1.37407,0,1
1756607100000,1756607159000,1.37407,1.37407,1.37407,1.37407,0,1
1756607160000,1756607219000,1.37407,1.37407,1.37407,1.37407,0,1
1756607220000,1756607279000,1.37407,1.37407,1.37407,1.37407,0,1
1756607280000,1756607339000,1.37407,1.37407,1.37407,1.37407,0,1
1756607340000,1756607399000,1.37407,1.37407,1.37407,1.37407,0,1
1756607400000,1756607459000,1.37407,1.37407,1.37407,1.37407,0,1
1756607460000,1756607519000,1.37407,1.37407,1.37407,1.37407,0,1
1756607520000,1756607579000,1.37407,1.37407,1.37407,1.37407,0,1
1756607580000,1756607639000,1.37407,1.37407,1.37407,1.37407,0,1
1756607640000,1756607699000,1.37407,1.37407,1.37407,1.37407,0,1
1756607700000,1756607759000,1.37407,1.37407,1.37407,1.37407,0,1
1756607760000,1756607819000,1.37407,1.37407,1.37407,1.37407,0,1
1756607820000,1756607879000,1.37407,1.37407,1.37407,1.37407,0,1
1756607880000,1756607939000,1.37407,1.37407,1.37407,1.37407,0,1
1756607940000,1756607999000,1.37407,1.37407,1.37407,1.37407,0,1
1756608000000,1756608059000,1.37407,1.37407,1.37407,1.37407,0,1
1756608060000,1756608119000,1.37407,1.37407,1.37407,1.37407,0,1
1756608120000,1756608179000,1.37407,1.37407,1.37407,1.37407,0,1
1756608180000,1756608239000,1.37407,1.37407,1.37407,1.37407,0,1
1756608240000,1756608299000,1.37407,1.37407,1.37407,1.37407,0,1
1756608300000,1756608359000,1.37407,1.37407,1.37407,1.37407,0,1
1756608360000,1756608419000,1.37407,1.37407,1.37407,1.37407,0,1
1756608420000,1756608479000,1.37407,1.37407,1.37407,1.37407,0,1
1756608480000,1756608539000,1.37407,1.37407,1.37407,1.37407,0,1
1756608540000,1756608599000,1.37407,1.37407,1.37407,1.37407,0,1
1756608600000,1756608659000,1.37407,1.37407,1.37407,1.37407,0,1
1756608660000,1756608719000,1.37407,1.37407,1.37407,1.37407,0,1
1756608720000,1756608779000,1.37407,1.37407,1.37407,1.37407,0,1
1756608780000,1756608839000,1.37407,1.37407,1.37407,1.37407,0,1
1756608840000,1756608899000,1.37407,1.37407,1.37407,1.37407,0,1
1756608900000,1756608959000,1.37407,1.37407,1.37407,1.37407,0,1
1756608960000,1756609019000,1.37407,1.37407,1.37407,1.37407,0,1
1756609020000,1756609079000,1.37407,1.37407,1.37407,1.37407,0,1
1756609080000,1756609139000,1.37407,1.37407,1.37407,1.37407,0,1
1756609140000,1756609199000,1.37407,1.37407,1.37407,1.37407,0,1
1756609200000,1756609259000,1.37407,1.37407,1.37407,1.37407,0,1
1756609260000,1756609319000,1.37407,1.37407,1.37407,1.37407,0,1
1756609320000,1756609379000,1.37407,1.37407,1.37407,1.37407,0,1
1756609380000,1756609439000,1.37407,1.37407,1.37407,1.37407,0,1
1756609440000,1756609499000,1.37407,1.37407,1.37407,1.37407,0,1
1756609500000,1756609559000,1.37407,1.37407,1.37407,1.37407,0,1
1756609560000,1756609619000,1.37407,1.37407,1.37407,1.37407,0,1
1756609620000,1756609679000,1.37407,1.37407,1.37407,1.37407,0,1
1756609680000,1756609739000,1.37407,1.37407,1.37407,1.37407,0,1
1756609740000,1756609799000,1.37407,1.37407,1.37407,1.37407,0,1
1756609800000,1756609859000,1.37407,1.37407,1.37407,1.37407,0,1
1756609860000,1756609919000,1.37407,1.37407,1.37407,1.37407,0,1
1756609920000,1756609979000,1.37407,1.37407,1.37407,1.37407,0,1
1756609980000,1756610039000,1.37407,1.37407,1.37407,1.37407,0,1
1756610040000,1756610099000,1.37407,1.37407,1.37407,1.37407,0,1
1756610100000,1756610159000,1.37407,1.37407,1.37407,1.37407,0,1
1756610160000,1756610219000,1.37407,1.37407,1.37407,1.37407,0,1
1756610220000,1756610279000,1.37407,1.37407,1.37407,1.37407,0,1
1756610280000,1756610339000,1.37407,1.37407,1.37407,1.37407,0,1
1756610340000,1756610399000,1.37407,1.37407,1.37407,1.37407,0,1
1756610400000,1756610459000,1.37407,1.37407,1.37407,1.37407,0,1
1756610460000,1756610519000,1.37407,1.37407,1.37407,1.37407,0,1
1756610520000,1756610579000,1.37407,1.37407,1.37407,1.37407,0,1
1756610580000,1756610639000,1.37407,1.37407,1.37407,1.37407,0,1
1756610640000,1756610699000,1.37407,1.37407,1.37407,1.37407,0,1
1756610700000,1756610759000,1.37407,1.37407,1.37407,1.37407,0,1
1756610760000,1756610819000,1.37407,1.37407,1.37407,1.37407,0,1
1756610820000,1756610879000,1.37407,1.37407,1.37407,1.37407,0,1
1756610880000,1756610939000,1.37407,1.37407,1.37407,1.37407,0,1
1756610940000,1756610999000,1.37407,1.37407,1.37407,1.37407,0,1
1756611000000,1756611059000,1.37407,1.37407,1.37407,1.37407,0,1
1756611060000,1756611119000,1.37407,1.37407,1.37407,1.37407,0,1
1756611120000,1756611179000,1.37407,1.37407,1.37407,1.37407,0,1
1756611180000,1756611239000,1.37407,1.37407,1.37407,1.37407,0,1
1756611240000,1756611299000,1.37407,1.37407,1.37407,1.37407,0,1
1756611300000,1756611359000,1.37407,1.37407,1.37407,1.37407,0,1
1756611360000,1756611419000,1.37407,1.37407,1.37407,1.37407,0,1
1756611420000,1756611479000,1.37407,1.37407,1.37407,1.37407,0,1
1756611480000,1756611539000,1.37407,1.37407,1.37407,1.37407,0,1
1756611540000,1756611599000,1.37407,1.37407,1.37407,1.37407,0,1
1756611600000,1756611659000,1.37407,1.37407,1.37407,1.37407,0,1
1756611660000,1756611719000,1.37407,1.37407,1.37407,1.37407,0,1
1756611720000,1756611779000,1.37407,1.37407,1.37407,1.37407,0,1
1756611780000,1756611839000,1.37407,1.37407,1.37407,1.37407,0,1
1756611840000,1756611899000,1.37407,1.37407,1.37407,1.37407,0,1
1756611900000,1756611959000,1.37407,1.37407,1.37407,1.37407,0,1
1756611960000,1756612019000,1.37407,1.37407,1.37407,1.37407,0,1
1756612020000,1756612079000,1.37407,1.37407,1.37407,1.37407,0,1
1756612080000,1756612139000,1.37407,1.37407,1.37407,1.37407,0,1
1756612140000,1756612199000,1.37407,1.37407,1.37407,1.37407,0,1
1756612200000,1756612259000,1.37407,1.37407,1.37407,1.37407,0,1
1756612260000,1756612319000,1.37407,1.37407,1.37407,1.37407,0,1
1756612320000,1756612379000,1.37407,1.37407,1.37407,1.37407,0,1
1756612380000,1756612439000,1.37407,1.37407,1.37407,1.37407,0,1
1756612440000,1756612499000,1.37407,1.37407,1.37407,1.37407,0,1
1756612500000,1756612559000,1.37407,1.37407,1.37407,1.37407,0,1
1756612560000,1756612619000,1.37407,1.37407,1.37407,1.37407,0,1
1756612620000,1756612679000,1.37407,1.37407,1.37407,1.37407,0,1
1756612680000,1756612739000,1.37407,1.37407,1.37407,1.37407,0,1
1756612740000,1756612799000,1.37407,1.37407,1.37407,1.37407,0,1
1756612800000,1756612859000,1.37407,1.37407,1.37407,1.37407,0,1
1756612860000,1756612919000,1.37407,1.37407,1.37407,1.37407,0,1
1756612920000,1756612979000,1.37407,1.37407,1.37407,1.37407,0,1
1756612980000,1756613039000,1.37407,1.37407,1.37407,1.37407,0,1
1756613040000,1756613099000,1.37407,1.37407,1.37407,1.37407,0,1
1756613100000,1756613159000,1.37407,1.37407,1.37407,1.37407,0,1
1756613160000,1756613219000,1.37407,1.37407,1.37407,1.37407,0,1
1756613220000,1756613279000,1.37407,1.37407,1.37407,1.37407,0,1
1756613280000,1756613339000,1.37407,1.37407,1.37407,1.37407,0,1
1756613340000,1756613399000,1.37407,1.37407,1.37407,1.37407,0,1
1756613400000,1756613459000,1.37407,1.37407,1.37407,1.37407,0,1
1756613460000,1756613519000,1.37407,1.37407,1.37407,1.37407,0,1
1756613520000,1756613579000,1.37407,1.37407,1.37407,1.37407,0,1
1756613580000,1756613639000,1.37407,1.37407,1.37407,1.37407,0,1
1756613640000,1756613699000,1.37407,1.37407,1.37407,1.37407,0,1
1756613700000,1756613759000,1.37407,1.37407,1.37407,1.37407,0,1
1756613760000,1756613819000,1.37407,1.37407,1.37407,1.37407,0,1
1756613820000,1756613879000,1.37407,1.37407,1.37407,1.37407,0,1
1756613880000,1756613939000,1.37407,1.37407,1.37407,1.37407,0,1
1756613940000,1756613999000,1.37407,1.37407,1.37407,1.37407,0,1
1756614000000,1756614059000,1.37407,1.37407,1.37407,1.37407,0,1
1756614060000,1756614119000,1.37407,1.37407,1.37407,1.37407,0,1
1756614120000,1756614179000,1.37407,1.37407,1.37407,1.37407,0,1
1756614180000,1756614239000,1.37407,1.37407,1.37407,1.37407,0,1
1756614240000,1756614299000,1.37407,1.37407,1.37407,1.37407,0,1
1756614300000,1756614359000,1.37407,1.37407,1.37407,1.37407,0,1
1756614360000,1756614419000,1.37407,1.37407,1.37407,1.37407,0,1
1756614420000,1756614479000,1.37407,1.37407,1.37407,1.37407,0,1
1756614480000,1756614539000,1.37407,1.37407,1.37407,1.37407,0,1
1756614540000,1756614599000,1.37407,1.37407,1.37407,1.37407,0,1
1756614600000,1756614659000,1.37407,1.37407,1.37407,1.37407,0,1
1756614660000,1756614719000,1.37407,1.37407,1.37407,1.37407,0,1
1756614720000,1756614779000,1.37407,1.37407,1.37407,1.37407,0,1
1756614780000,1756614839000,1.37407,1.37407,1.37407,1.37407,0,1
1756614840000,1756614899000,1.37407,1.37407,1.37407,1.37407,0,1
1756614900000,1756614959000,1.37407,1.37407,1.37407,1.37407,0,1
1756614960000,1756615019000,1.37407,1.37407,1.37407,1.37407,0,1
1756615020000,1756615079000,1.37407,1.37407,1.37407,1.37407,0,1
1756615080000,1756615139000,1.37407,1.37407,1.37407,1.37407,0,1
1756615140000,1756615199000,1.37407,1.37407,1.37407,1.37407,0,1
1756615200000,1756615259000,1.37407,1.37407,1.37407,1.37407,0,1
1756615260000,1756615319000,1.37407,1.37407,1.37407,1.37407,0,1
1756615320000,1756615379000,1.37407,1.37407,1.37407,1.37407,0,1
1756615380000,1756615439000,1.37407,1.37407,1.37407,1.37407,0,1
1756615440000,1756615499000,1.37407,1.37407,1.37407,1.37407,0,1
1756615500000,1756615559000,1.37407,1.37407,1.37407,1.37407,0,1
1756615560000,1756615619000,1.37407,1.37407,1.37407,1.37407,0,1
1756615620000,1756615679000,1.37407,1.37407,1.37407,1.37407,0,1
1756615680000,1756615739000,1.37407,1.37407,1.37407,1.37407,0,1
1756615740000,1756615799000,1.37407,1.37407,1.37407,1.37407,0,1
1756615800000,1756615859000,1.37407,1.37407,1.37407,1.37407,0,1
1756615860000,1756615919000,1.37407,1.37407,1.37407,1.37407,0,1
1756615920000,1756615979000,1.37407,1.37407,1.37407,1.37407,0,1
1756615980000,1756616039000,1.37407,1.37407,1.37407,1.37407,0,1
1756616040000,1756616099000,1.37407,1.37407,1.37407,1.37407,0,1
1756616100000,1756616159000,1.37407,1.37407,1.37407,1.37407,0,1
1756616160000,1756616219000,1.37407,1.37407,1.37407,1.37407,0,1
1756616220000,1756616279000,1.37407,1.37407,1.37407,1.37407,0,1
1756616280000,1756616339000,1.37407,1.37407,1.37407,1.37407,0,1
1756616340000,1756616399000,1.37407,1.37407,1.37407,1.37407,0,1
1756616400000,1756616459000,1.37407,1.37407,1.37407,1.37407,0,1
1756616460000,1756616519000,1.37407,1.37407,1.37407,1.37407,0,1
1756616520000,1756616579000,1.37407,1.37407,1.37407,1.37407,0,1
1756616580000,1756616639000,1.37407,1.37407,1.37407,1.37407,0,1
1756616640000,1756616699000,1.37407,1.37407,1.37407,1.37407,0,1
1756616700000,1756616759000,1.37407,1.37407,1.37407,1.37407,0,1
1756616760000,1756616819000,1.37407,1.37407,1.37407,1.37407,0,1
1756616820000,1756616879000,1.37407,1.37407,1.37407,1.37407,0,1
1756616880000,1756616939000,1.37407,1.37407,1.37407,1.37407,0,1
1756616940000,1756616999000,1.37407,1.37407,1.37407,1.37407,0,1
1756617000000,1756617059000,1.37407,1.37407,1.37407,1.37407,0,1
1756617060000,1756617119000,1.37407,1.37407,1.37407,1.37407,0,1
1756617120000,1756617179000,1.37407,1.37407,1.37407,1.37407,0,1
1756617180000,1756617239000,1.37407,1.37407,1.37407,1.37407,0,1
1756617240000,1756617299000,1.37407,1.37407,1.37407,1.37407,0,1
1756617300000,1756617359000,1.37407,1.37407,1.37407,1.37407,0,1
1756617360000,1756617419000,1.37407,1.37407,1.37407,1.37407,0,1
1756617420000,1756617479000,1.37407,1.37407,1.37407,1.37407,0,1
1756617480000,1756617539000,1.37407,1.37407,1.37407,1.37407,0,1
1756617540000,1756617599000,1.37407,1.37407,1.37407,1.37407,0,1
1756617600000,1756617659000,1.37407,1.37407,1.37407,1.37407,0,1
1756617660000,1756617719000,1.37407,1.37407,1.37407,1.37407,0,1
1756617720000,1756617779000,1.37407,1.37407,1.37407,1.37407,0,1
1756617780000,1756617839000,1.37407,1.37407,1.37407,1.37407,0,1
1756617840000,1756617899000,1.37407,1.37407,1.37407,1.37407,0,1
1756617900000,1756617959000,1.37407,1.37407,1.37407,1.37407,0,1
1756617960000,1756618019000,1.37407,1.37407,1.37407,1.37407,0,1
1756618020000,1756618079000,1.37407,1.37407,1.37407,1.37407,0,1
1756618080000,1756618139000,1.37407,1.37407,1.37407,1.37407,0,1
1756618140000,1756618199000,1.37407,1.37407,1.37407,1.37407,0,1
1756618200000,1756618259000,1.37407,1.37407,1.37407,1.37407,0,1
1756618260000,1756618319000,1.37407,1.37407,1.37407,1.37407,0,1
1756618320000,1756618379000,1.37407,1.37407,1.37407,1.37407,0,1
1756618380000,1756618439000,1.37407,1.37407,1.37407,1.37407,0,1
1756618440000,1756618499000,1.37407,1.37407,1.37407,1.37407,0,1
1756618500000,1756618559000,1.37407,1.37407,1.37407,1.37407,0,1
1756618560000,1756618619000,1.37407,1.37407,1.37407,1.37407,0,1
1756618620000,1756618679000,1.37407,1.37407,1.37407,1.37407,0,1
1756618680000,1756618739000,1.37407,1.37407,1.37407,1.37407,0,1
1756618740000,1756618799000,1.37407,1.37407,1.37407,1.37407,0,1
1756618800000,1756618859000,1.37407,1.37407,1.37407,1.37407,0,1
1756618860000,1756618919000,1.37407,1.37407,1.37407,1.37407,0,1
1756618920000,1756618979000,1.37407,1.37407,1.37407,1.37407,0,1
1756618980000,1756619039000,1.37407,1.37407,1.37407,1.37407,0,1
1756619040000,1756619099000,1.37407,1.37407,1.37407,1.37407,0,1
1756619100000,1756619159000,1.37407,1.37407,1.37407,1.37407,0,1
1756619160000,1756619219000,1.37407,1.37407,1.37407,1.37407,0,1
1756619220000,1756619279000,1.37407,1.37407,1.37407,1.37407,0,1
1756619280000,1756619339000,1.37407,1.37407,1.37407,1.37407,0,1
1756619340000,1756619399000,1.37407,1.37407,1.37407,1.37407,0,1
1756619400000,1756619459000,1.37407,1.37407,1.37407,1.37407,0,1
1756619460000,1756619519000,1.37407,1.37407,1.37407,1.37407,0,1
1756619520000,1756619579000,1.37407,1.37407,1.37407,1.37407,0,1
1756619580000,1756619639000,1.37407,1.37407,1.37407,1.37407,0,1
1756619640000,1756619699000,1.37407,1.37407,1.37407,1.37407,0,1
1756619700000,1756619759000,1.37407,1.37407,1.37407,1.37407,0,1
1756619760000,1756619819000,1.37407,1.37407,1.37407,1.37407,0,1
1756619820000,1756619879000,1.37407,1.37407,1.37407,1.37407,0,1
1756619880000,1756619939000,1.37407,1.37407,1.37407,1.37407,0,1
1756619940000,1756619999000,1.37407,1.37407,1.37407,1.37407,0,1
1756620000000,1756620059000,1.37407,1.37407,1.37407,1.37407,0,1
1756620060000,1756620119000,1.37407,1.37407,1.37407,1.37407,0,1
1756620120000,1756620179000,1.37407,1.37407,1.37407,1.37407,0,1
1756620180000,1756620239000,1.37407,1.37407,1.37407,1.37407,0,1
1756620240000,1756620299000,1.37407,1.37407,1.37407,1.37407,0,1
1756620300000,1756620359000,1.37407,1.37407,1.37407,1.37407,0,1
1756620360000,1756620419000,1.37407,1.37407,1.37407,1.37407,0,1
1756620420000,1756620479000,1.37407,1.37407,1.37407,1.37407,0,1
1756620480000,1756620539000,1.37407,1.37407,1.37407,1.37407,0,1
1756620540000,1756620599000,1.37407,1.37407,1.37407,1.37407,0,1
1756620600000,1756620659000,1.37407,1.37407,1.37407,1.37407,0,1
1756620660000,1756620719000,1.37407,1.37407,1.37407,1.37407,0,1
1756620720000,1756620779000,1.37407,1.37407,1.37407,1.37407,0,1
1756620780000,1756620839000,1.37407,1.37407,1.37407,1.37407,0,1
1756620840000,1756620899000,1.37407,1.37407,1.37407,1.37407,0,1
1756620900000,1756620959000,1.37407,1.37407,1.37407,1.37407,0,1
1756620960000,1756621019000,1.37407,1.37407,1.37407,1.37407,0,1
1756621020000,1756621079000,1.37407,1.37407,1.37407,1.37407,0,1
1756621080000,1756621139000,1.37407,1.37407,1.37407,1.37407,0,1
1756621140000,1756621199000,1.37407,1.37407,1.37407,1.37407,0,1
1756621200000,1756621259000,1.37407,1.37407,1.37407,1.37407,0,1
1756621260000,1756621319000,1.37407,1.37407,1.37407,1.37407,0,1
1756621320000,1756621379000,1.37407,1.37407,1.37407,1.37407,0,1
1756621380000,1756621439000,1.37407,1.37407,1.37407,1.37407,0,1
1756621440000,1756621499000,1.37407,1.37407,1.37407,1.37407,0,1
1756621500000,1756621559000,1.37407,1.37407,1.37407,1.37407,0,1
1756621560000,1756621619000,1.37407,1.37407,1.37407,1.37407,0,1
1756621620000,1756621679000,1.37407,1.37407,1.37407,1.37407,0,1
1756621680000,1756621739000,1.37407,1.37407,1.37407,1.37407,0,1
1756621740000,1756621799000,1.37407,1.37407,1.37407,1.37407,0,1
1756621800000,1756621859000,1.37407,1.37407,1.37407,1.37407,0,1
1756621860000,1756621919000,1.37407,1.37407,1.37407,1.37407,0,1
1756621920000,1756621979000,1.37407,1.37407,1.37407,1.37407,0,1
1756621980000,1756622039000,1.37407,1.37407,1.37407,1.37407,0,1
1756622040000,1756622099000,1.37407,1.37407,1.37407,1.37407,0,1
1756622100000,1756622159000,1.37407,1.37407,1.37407,1.37407,0,1
1756622160000,1756622219000,1.37407,1.37407,1.37407,1.37407,0,1
1756622220000,1756622279000,1.37407,1.37407,1.37407,1.37407,0,1
1756622280000,1756622339000,1.37407,1.37407,1.37407,1.37407,0,1
1756622340000,1756622399000,1.37407,1.37407,1.37407,1.37407,0,1
1756622400000,1756622459000,1.37407,1.37407,1.37407,1.37407,0,1
1756622460000,1756622519000,1.37407,1.37407,1.37407,1.37407,0,1
1756622520000,1756622579000,1.37407,1.37407,1.37407,1.37407,0,1
1756622580000,1756622639000,1.37407,1.37407,1.37407,1.37407,0,1
1756622640000,1756622699000,1.37407,1.37407,1.37407,1.37407,0,1
1756622700000,1756622759000,1.37407,1.37407,1.37407,1.37407,0,1
1756622760000,1756622819000,1.37407,1.37407,1.37407,1.37407,0,1
1756622820000,1756622879000,1.37407,1.37407,1.37407,1.37407,0,1
1756622880000,1756622939000,1.37407,1.37407,1.37407,1.37407,0,1
1756622940000,1756622999000,1.37407,1.37407,1.37407,1.37407,0,1
1756623000000,1756623059000,1.37407,1.37407,1.37407,1.37407,0,1
1756623060000,1756623119000,1.37407,1.37407,1.37407,1.37407,0,1
1756623120000,1756623179000,1.37407,1.37407,1.37407,1.37407,0,1
1756623180000,1756623239000,1.37407,1.37407,1.37407,1.37407,0,1
1756623240000,1756623299000,1.37407,1.37407,1.37407,1.37407,0,1
1756623300000,1756623359000,1.37407,1.37407,1.37407,1.37407,0,1
1756623360000,1756623419000,1.37407,1.37407,1.37407,1.37407,0,1
1756623420000,1756623479000,1.37407,1.37407,1.37407,1.37407,0,1
1756623480000,1756623539000,1.37407,1.37407,1.37407,1.37407,0,1
1756623540000,1756623599000,1.37407,1.37407,1.37407,1.37407,0,1
1756623600000,1756623659000,1.37407,1.37407,1.37407,1.37407,0,1
1756623660000,1756623719000,1.37407,1.37407,1.37407,1.37407,0,1
1756623720000,1756623779000,1.37407,1.37407,1.37407,1.37407,0,1
1756623780000,1756623839000,1.37407,1.37407,1.37407,1.37407,0,1
1756623840000,1756623899000,1.37407,1.37407,1.37407,1.37407,0,1
1756623900000,1756623959000,1.37407,1.37407,1.37407,1.37407,0,1
1756623960000,1756624019000,1.37407,1.37407,1.37407,1.37407,0,1
1756624020000,1756624079000,1.37407,1.37407,1.37407,1.37407,0,1
1756624080000,1756624139000,1.37407,1.37407,1.37407,1.37407,0,1
1756624140000,1756624199000,1.37407,1.37407,1.37407,1.37407,0,1
1756624200000,1756624259000,1.37407,1.37407,1.37407,1.37407,0,1
1756624260000,1756624319000,1.37407,1.37407,1.37407,1.37407,0,1
1756624320000,1756624379000,1.37407,1.37407,1.37407,1.37407,0,1
1756624380000,1756624439000,1.37407,1.37407,1.37407,1.37407,0,1
1756624440000,1756624499000,1.37407,1.37407,1.37407,1.37407,0,1
1756624500000,1756624559000,1.37407,1.37407,1.37407,1.37407,0,1
1756624560000,1756624619000,1.37407,1.37407,1.37407,1.37407,0,1
1756624620000,1756624679000,1.37407,1.37407,1.37407,1.37407,0,1
1756624680000,1756624739000,1.37407,1.37407,1.37407,1.37407,0,1
1756624740000,1756624799000,1.37407,1.37407,1.37407,1.37407,0,1
1756624800000,1756624859000,1.37407,1.37407,1.37407,1.37407,0,1
1756624860000,1756624919000,1.37407,1.37407,1.37407,1.37407,0,1
1756624920000,1756624979000,1.37407,1.37407,1.37407,1.37407,0,1
1756624980000,1756625039000,1.37407,1.37407,1.37407,1.37407,0,1
1756625040000,1756625099000,1.37407,1.37407,1.37407,1.37407,0,1
1756625100000,1756625159000,1.37407,1.37407,1.37407,1.37407,0,1
1756625160000,1756625219000,1.37407,1.37407,1.37407,1.37407,0,1
1756625220000,1756625279000,1.37407,1.37407,1.37407,1.37407,0,1
1756625280000,1756625339000,1.37407,1.37407,1.37407,1.37407,0,1
1756625340000,1756625399000,1.37407,1.37407,1.37407,1.37407,0,1
1756625400000,1756625459000,1.37407,1.37407,1.37407,1.37407,0,1
1756625460000,1756625519000,1.37407,1.37407,1.37407,1.37407,0,1
1756625520000,1756625579000,1.37407,1.37407,1.37407,1.37407,0,1
1756625580000,1756625639000,1.37407,1.37407,1.37407,1.37407,0,1
1756625640000,1756625699000,1.37407,1.37407,1.37407,1.37407,0,1
1756625700000,1756625759000,1.37407,1.37407,1.37407,1.37407,0,1
1756625760000,1756625819000,1.37407,1.37407,1.37407,1.37407,0,1
1756625820000,1756625879000,1.37407,1.37407,1.37407,1.37407,0,1
1756625880000,1756625939000,1.37407,1.37407,1.37407,1.37407,0,1
1756625940000,1756625999000,1.37407,1.37407,1.37407,1.37407,0,1
1756626000000,1756626059000,1.37407,1.37407,1.37407,1.37407,0,1
1756626060000,1756626119000,1.37407,1.37407,1.37407,1.37407,0,1
1756626120000,1756626179000,1.37407,1.37407,1.37407,1.37407,0,1
1756626180000,1756626239000,1.37407,1.37407,1.37407,1.37407,0,1
1756626240000,1756626299000,1.37407,1.37407,1.37407,1.37407,0,1
1756626300000,1756626359000,1.37407,1.37407,1.37407,1.37407,0,1
1756626360000,1756626419000,1.37407,1.37407,1.37407,1.37407,0,1
1756626420000,1756626479000,1.37407,1.37407,1.37407,1.37407,0,1
1756626480000,1756626539000,1.37407,1.37407,1.37407,1.37407,0,1
1756626540000,1756626599000,1.37407,1.37407,1.37407,1.37407,0,1
1756626600000,1756626659000,1.37407,1.37407,1.37407,1.37407,0,1
1756626660000,1756626719000,1.37407,1.37407,1.37407,1.37407,0,1
1756626720000,1756626779000,1.37407,1.37407,1.37407,1.37407,0,1
1756626780000,1756626839000,1.37407,1.37407,1.37407,1.37407,0,1
1756626840000,1756626899000,1.37407,1.37407,1.37407,1.37407,0,1
1756626900000,1756626959000,1.37407,1.37407,1.37407,1.37407,0,1
1756626960000,1756627019000,1.37407,1.37407,1.37407,1.37407,0,1
1756627020000,1756627079000,1.37407,1.37407,1.37407,1.37407,0,1
1756627080000,1756627139000,1.37407,1.37407,1.37407,1.37407,0,1
1756627140000,1756627199000,1.37407,1.37407,1.37407,1.37407,0,1
1756627200000,1756627259000,1.37407,1.37407,1.37407,1.37407,0,1
1756627260000,1756627319000,1.37407,1.37407,1.37407,1.37407,0,1
1756627320000,1756627379000,1.37407,1.37407,1.37407,1.37407,0,1
1756627380000,1756627439000,1.37407,1.37407,1.37407,1.37407,0,1
1756627440000,1756627499000,1.37407,1.37407,1.37407,1.37407,0,1
1756627500000,1756627559000,1.37407,1.37407,1.37407,1.37407,0,1
1756627560000,1756627619000,1.37407,1.37407,1.37407,1.37407,0,1
1756627620000,1756627679000,1.37407,1.37407,1.37407,1.37407,0,1
1756627680000,1756627739000,1.37407,1.37407,1.37407,1.37407,0,1
1756627740000,1756627799000,1.37407,1.37407,1.37407,1.37407,0,1
1756627800000,1756627859000,1.37407,1.37407,1.37407,1.37407,0,1
1756627860000,1756627919000,1.37407,1.37407,1.37407,1.37407,0,1
1756627920000,1756627979000,1.37407,1.37407,1.37407,1.37407,0,1
1756627980000,1756628039000,1.37407,1.37407,1.37407,1.37407,0,1
1756628040000,1756628099000,1.37407,1.37407,1.37407,1.37407,0,1
1756628100000,1756628159000,1.37407,1.37407,1.37407,1.37407,0,1
1756628160000,1756628219000,1.37407,1.37407,1.37407,1.37407,0,1
1756628220000,1756628279000,1.37407,1.37407,1.37407,1.37407,0,1
1756628280000,1756628339000,1.37407,1.37407,1.37407,1.37407,0,1
1756628340000,1756628399000,1.37407,1.37407,1.37407,1.37407,0,1
1756628400000,1756628459000,1.37407,1.37407,1.37407,1.37407,0,1
1756628460000,1756628519000,1.37407,1.37407,1.37407,1.37407,0,1
1756628520000,1756628579000,1.37407,1.37407,1.37407,1.37407,0,1
1756628580000,1756628639000,1.37407,1.37407,1.37407,1.37407,0,1
1756628640000,1756628699000,1.37407,1.37407,1.37407,1.37407,0,1
1756628700000,1756628759000,1.37407,1.37407,1.37407,1.37407,0,1
1756628760000,1756628819000,1.37407,1.37407,1.37407,1.37407,0,1
1756628820000,1756628879000,1.37407,1.37407,1.37407,1.37407,0,1
1756628880000,1756628939000,1.37407,1.37407,1.37407,1.37407,0,1
1756628940000,1756628999000,1.37407,1.37407,1.37407,1.37407,0,1
1756629000000,1756629059000,1.37407,1.37407,1.37407,1.37407,0,1
1756629060000,1756629119000,1.37407,1.37407,1.37407,1.37407,0,1
1756629120000,1756629179000,1.37407,1.37407,1.37407,1.37407,0,1
1756629180000,1756629239000,1.37407,1.37407,1.37407,1.37407,0,1
1756629240000,1756629299000,1.37407,1.37407,1.37407,1.37407,0,1
1756629300000,1756629359000,1.37407,1.37407,1.37407,1.37407,0,1
1756629360000,1756629419000,1.37407,1.37407,1.37407,1.37407,0,1
1756629420000,1756629479000,1.37407,1.37407,1.37407,1.37407,0,1
1756629480000,1756629539000,1.37407,1.37407,1.37407,1.37407,0,1
1756629540000,1756629599000,1.37407,1.37407,1.37407,1.37407,0,1
1756629600000,1756629659000,1.37407,1.37407,1.37407,1.37407,0,1
1756629660000,1756629719000,1.37407,1.37407,1.37407,1.37407,0,1
1756629720000,1756629779000,1.37407,1.37407,1.37407,1.37407,0,1
1756629780000,1756629839000,1.37407,1.37407,1.37407,1.37407,0,1
1756629840000,1756629899000,1.37407,1.37407,1.37407,1.37407,0,1
1756629900000,1756629959000,1.37407,1.37407,1.37407,1.37407,0,1
1756629960000,1756630019000,1.37407,1.37407,1.37407,1.37407,0,1
1756630020000,1756630079000,1.37407,1.37407,1.37407,1.37407,0,1
1756630080000,1756630139000,1.37407,1.37407,1.37407,1.37407,0,1
1756630140000,1756630199000,1.37407,1.37407,1.37407,1.37407,0,1
1756630200000,1756630259000,1.37407,1.37407,1.37407,1.37407,0,1
1756630260000,1756630319000,1.37407,1.37407,1.37407,1.37407,0,1
1756630320000,1756630379000,1.37407,1.37407,1.37407,1.37407,0,1
1756630380000,1756630439000,1.37407,1.37407,1.37407,1.37407,0,1
1756630440000,1756630499000,1.37407,1.37407,1.37407,1.37407,0,1
1756630500000,1756630559000,1.37407,1.37407,1.37407,1.37407,0,1
1756630560000,1756630619000,1.37407,1.37407,1.37407,1.37407,0,1
1756630620000,1756630679000,1.37407,1.37407,1.37407,1.37407,0,1
1756630680000,1756630739000,1.37407,1.37407,1.37407,1.37407,0,1
1756630740000,1756630799000,1.37407,1.37407,1.37407,1.37407,0,1
1756630800000,1756630859000,1.37407,1.37407,1.37407,1.37407,0,1
1756630860000,1756630919000,1.37407,1.37407,1.37407,1.37407,0,1
1756630920000,1756630979000,1.37407,1.37407,1.37407,1.37407,0,1
1756630980000,1756631039000,1.37407,1.37407,1.37407,1.37407,0,1
1756631040000,1756631099000,1.37407,1.37407,1.37407,1.37407,0,1
1756631100000,1756631159000,1.37407,1.37407,1.37407,1.37407,0,1
1756631160000,1756631219000,1.37407,1.37407,1.37407,1.37407,0,1
1756631220000,1756631279000,1.37407,1.37407,1.37407,1.37407,0,1
1756631280000,1756631339000,1.37407,1.37407,1.37407,1.37407,0,1
1756631340000,1756631399000,1.37407,1.37407,1.37407,1.37407,0,1
1756631400000,1756631459000,1.37407,1.37407,1.37407,1.37407,0,1
1756631460000,1756631519000,1.37407,1.37407,1.37407,1.37407,0,1
1756631520000,1756631579000,1.37407,1.37407,1.37407,1.37407,0,1
1756631580000,1756631639000,1.37407,1.37407,1.37407,1.37407,0,1
1756631640000,1756631699000,1.37407,1.37407,1.37407,1.37407,0,1
1756631700000,1756631759000,1.37407,1.37407,1.37407,1.37407,0,1
1756631760000,1756631819000,1.37407,1.37407,1.37407,1.37407,0,1
1756631820000,1756631879000,1.37407,1.37407,1.37407,1.37407,0,1
1756631880000,1756631939000,1.37407,1.37407,1.37407,1.37407,0,1
1756631940000,1756631999000,1.37407,1.37407,1.37407,1.37407,0,1
1756632000000,1756632059000,1.37407,1.37407,1.37407,1.37407,0,1
1756632060000,1756632119000,1.37407,1.37407,1.37407,1.37407,0,1
1756632120000,1756632179000,1.37407,1.37407,1.37407,1.37407,0,1
1756632180000,1756632239000,1.37407,1.37407,1.37407,1.37407,0,1
1756632240000,1756632299000,1.37407,1.37407,1.37407,1.37407,0,1
1756632300000,1756632359000,1.37407,1.37407,1.37407,1.37407,0,1
1756632360000,1756632419000,1.37407,1.37407,1.37407,1.37407,0,1
1756632420000,1756632479000,1.37407,1.37407,1.37407,1.37407,0,1
1756632480000,1756632539000,1.37407,1.37407,1.37407,1.37407,0,1
1756632540000,1756632599000,1.37407,1.37407,1.37407,1.37407,0,1
1756632600000,1756632659000,1.37407,1.37407,1.37407,1.37407,0,1
1756632660000,1756632719000,1.37407,1.37407,1.37407,1.37407,0,1
1756632720000,1756632779000,1.37407,1.37407,1.37407,1.37407,0,1
1756632780000,1756632839000,1.37407,1.37407,1.37407,1.37407,0,1
1756632840000,1756632899000,1.37407,1.37407,1.37407,1.37407,0,1
1756632900000,1756632959000,1.37407,1.37407,1.37407,1.37407,0,1
1756632960000,1756633019000,1.37407,1.37407,1.37407,1.37407,0,1
1756633020000,1756633079000,1.37407,1.37407,1.37407,1.37407,0,1
1756633080000,1756633139000,1.37407,1.37407,1.37407,1.37407,0,1
1756633140000,1756633199000,1.37407,1.37407,1.37407,1.37407,0,1
1756633200000,1756633259000,1.37407,1.37407,1.37407,1.37407,0,1
1756633260000,1756633319000,1.37407,1.37407,1.37407,1.37407,0,1
1756633320000,1756633379000,1.37407,1.37407,1.37407,1.37407,0,1
1756633380000,1756633439000,1.37407,1.37407,1.37407,1.37407,0,1
1756633440000,1756633499000,1.37407,1.37407,1.37407,1.37407,0,1
1756633500000,1756633559000,1.37407,1.37407,1.37407,1.37407,0,1
1756633560000,1756633619000,1.37407,1.37407,1.37407,1.37407,0,1
1756633620000,1756633679000,1.37407,1.37407,1.37407,1.37407,0,1
1756633680000,1756633739000,1.37407,1.37407,1.37407,1.37407,0,1
1756633740000,1756633799000,1.37407,1.37407,1.37407,1.37407,0,1
1756633800000,1756633859000,1.37407,1.37407,1.37407,1.37407,0,1
1756633860000,1756633919000,1.37407,1.37407,1.37407,1.37407,0,1
1756633920000,1756633979000,1.37407,1.37407,1.37407,1.37407,0,1
1756633980000,1756634039000,1.37407,1.37407,1.37407,1.37407,0,1
1756634040000,1756634099000,1.37407,1.37407,1.37407,1.37407,0,1
1756634100000,1756634159000,1.37407,1.37407,1.37407,1.37407,0,1
1756634160000,1756634219000,1.37407,1.37407,1.37407,1.37407,0,1
1756634220000,1756634279000,1.37407,1.37407,1.37407,1.37407,0,1
1756634280000,1756634339000,1.37407,1.37407,1.37407,1.37407,0,1
1756634340000,1756634399000,1.37407,1.37407,1.37407,1.37407,0,1
1756634400000,1756634459000,1.37407,1.37407,1.37407,1.37407,0,1
1756634460000,1756634519000,1.37407,1.37407,1.37407,1.37407,0,1
1756634520000,1756634579000,1.37407,1.37407,1.37407,1.37407,0,1
1756634580000,1756634639000,1.37407,1.37407,1.37407,1.37407,0,1
1756634640000,1756634699000,1.37407,1.37407,1.37407,1.37407,0,1
1756634700000,1756634759000,1.37407,1.37407,1.37407,1.37407,0,1
1756634760000,1756634819000,1.37407,1.37407,1.37407,1.37407,0,1
1756634820000,1756634879000,1.37407,1.37407,1.37407,1.37407,0,1
1756634880000,1756634939000,1.37407,1.37407,1.37407,1.37407,0,1
1756634940000,1756634999000,1.37407,1.37407,1.37407,1.37407,0,1
1756635000000,1756635059000,1.37407,1.37407,1.37407,1.37407,0,1
1756635060000,1756635119000,1.37407,1.37407,1.37407,1.37407,0,1
1756635120000,1756635179000,1.37407,1.37407,1.37407,1.37407,0,1
1756635180000,1756635239000,1.37407,1.37407,1.37407,1.37407,0,1
1756635240000,1756635299000,1.37407,1.37407,1.37407,1.37407,0,1
1756635300000,1756635359000,1.37407,1.37407,1.37407,1.37407,0,1
1756635360000,1756635419000,1.37407,1.37407,1.37407,1.37407,0,1
1756635420000,1756635479000,1.37407,1.37407,1.37407,1.37407,0,1
1756635480000,1756635539000,1.37407,1.37407,1.37407,1.37407,0,1
1756635540000,1756635599000,1.37407,1.37407,1.37407,1.37407,0,1
1756635600000,1756635659000,1.37407,1.37407,1.37407,1.37407,0,1
1756635660000,1756635719000,1.37407,1.37407,1.37407,1.37407,0,1
1756635720000,1756635779000,1.37407,1.37407,1.37407,1.37407,0,1
1756635780000,1756635839000,1.37407,1.37407,1.37407,1.37407,0,1
1756635840000,1756635899000,1.37407,1.37407,1.37407,1.37407,0,1
1756635900000,1756635959000,1.37407,1.37407,1.37407,1.37407,0,1
1756635960000,1756636019000,1.37407,1.37407,1.37407,1.37407,0,1
1756636020000,1756636079000,1.37407,1.37407,1.37407,1.37407,0,1
1756636080000,1756636139000,1.37407,1.37407,1.37407,1.37407,0,1
1756636140000,1756636199000,1.37407,1.37407,1.37407,1.37407,0,1
1756636200000,1756636259000,1.37407,1.37407,1.37407,1.37407,0,1
1756636260000,1756636319000,1.37407,1.37407,1.37407,1.37407,0,1
1756636320000,1756636379000,1.37407,1.37407,1.37407,1.37407,0,1
1756636380000,1756636439000,1.37407,1.37407,1.37407,1.37407,0,1
1756636440000,1756636499000,1.37407,1.37407,1.37407,1.37407,0,1
1756636500000,1756636559000,1.37407,1.37407,1.37407,1.37407,0,1
1756636560000,1756636619000,1.37407,1.37407,1.37407,1.37407,0,1
1756636620000,1756636679000,1.37407,1.37407,1.37407,1.37407,0,1
1756636680000,1756636739000,1.37407,1.37407,1.37407,1.37407,0,1
1756636740000,1756636799000,1.37407,1.37407,1.37407,1.37407,0,1
1756636800000,1756636859000,1.37407,1.37407,1.37407,1.37407,0,1
1756636860000,1756636919000,1.37407,1.37407,1.37407,1.37407,0,1
1756636920000,1756636979000,1.37407,1.37407,1.37407,1.37407,0,1
1756636980000,1756637039000,1.37407,1.37407,1.37407,1.37407,0,1
1756637040000,1756637099000,1.37407,1.37407,1.37407,1.37407,0,1
1756637100000,1756637159000,1.37407,1.37407,1.37407,1.37407,0,1
1756637160000,1756637219000,1.37407,1.37407,1.37407,1.37407,0,1
1756637220000,1756637279000,1.37407,1.37407,1.37407,1.37407,0,1
1756637280000,1756637339000,1.37407,1.37407,1.37407,1.37407,0,1
1756637340000,1756637399000,1.37407,1.37407,1.37407,1.37407,0,1
1756637400000,1756637459000,1.37407,1.37407,1.37407,1.37407,0,1
1756637460000,1756637519000,1.37407,1.37407,1.37407,1.37407,0,1
1756637520000,1756637579000,1.37407,1.37407,1.37407,1.37407,0,1
1756637580000,1756637639000,1.37407,1.37407,1.37407,1.37407,0,1
1756637640000,1756637699000,1.37407,1.37407,1.37407,1.37407,0,1
1756637700000,1756637759000,1.37407,1.37407,1.37407,1.37407,0,1
1756637760000,1756637819000,1.37407,1.37407,1.37407,1.37407,0,1
1756637820000,1756637879000,1.37407,1.37407,1.37407,1.37407,0,1
1756637880000,1756637939000,1.37407,1.37407,1.37407,1.37407,0,1
1756637940000,1756637999000,1.37407,1.37407,1.37407,1.37407,0,1
1756638000000,1756638059000,1.37407,1.37407,1.37407,1.37407,0,1
1756638060000,1756638119000,1.37407,1.37407,1.37407,1.37407,0,1
1756638120000,1756638179000,1.37407,1.37407,1.37407,1.37407,0,1
1756638180000,1756638239000,1.37407,1.37407,1.37407,1.37407,0,1
1756638240000,1756638299000,1.37407,1.37407,1.37407,1.37407,0,1
1756638300000,1756638359000,1.37407,1.37407,1.37407,1.37407,0,1
1756638360000,1756638419000,1.37407,1.37407,1.37407,1.37407,0,1
1756638420000,1756638479000,1.37407,1.37407,1.37407,1.37407,0,1
1756638480000,1756638539000,1.37407,1.37407,1.37407,1.37407,0,1
1756638540000,1756638599000,1.37407,1.37407,1.37407,1.37407,0,1
1756638600000,1756638659000,1.37407,1.37407,1.37407,1.37407,0,1
1756638660000,1756638719000,1.37407,1.37407,1.37407,1.37407,0,1
1756638720000,1756638779000,1.37407,1.37407,1.37407,1.37407,0,1
1756638780000,1756638839000,1.37407,1.37407,1.37407,1.37407,0,1
1756638840000,1756638899000,1.37407,1.37407,1.37407,1.37407,0,1
1756638900000,1756638959000,1.37407,1.37407,1.37407,1.37407,0,1
1756638960000,1756639019000,1.37407,1.37407,1.37407,1.37407,0,1
1756639020000,1756639079000,1.37407,1.37407,1.37407,1.37407,0,1
1756639080000,1756639139000,1.37407,1.37407,1.37407,1.37407,0,1
1756639140000,1756639199000,1.37407,1.37407,1.37407,1.37407,0,1
1756639200000,1756639259000,1.37407,1.37407,1.37407,1.37407,0,1
1756639260000,1756639319000,1.37407,1.37407,1.37407,1.37407,0,1
1756639320000,1756639379000,1.37407,1.37407,1.37407,1.37407,0,1
1756639380000,1756639439000,1.37407,1.37407,1.37407,1.37407,0,1
1756639440000,1756639499000,1.37407,1.37407,1.37407,1.37407,0,1
1756639500000,1756639559000,1.37407,1.37407,1.37407,1.37407,0,1
1756639560000,1756639619000,1.37407,1.37407,1.37407,1.37407,0,1
1756639620000,1756639679000,1.37407,1.37407,1.37407,1.37407,0,1
1756639680000,1756639739000,1.37407,1.37407,1.37407,1.37407,0,1
1756639740000,1756639799000,1.37407,1.37407,1.37407,1.37407,0,1
1756639800000,1756639859000,1.37407,1.37407,1.37407,1.37407,0,1
1756639860000,1756639919000,1.37407,1.37407,1.37407,1.37407,0,1
1756639920000,1756639979000,1.37407,1.37407,1.37407,1.37407,0,1
1756639980000,1756640039000,1.37407,1.37407,1.37407,1.37407,0,1
1756640040000,1756640099000,1.37407,1.37407,1.37407,1.37407,0,1
1756640100000,1756640159000,1.37407,1.37407,1.37407,1.37407,0,1
1756640160000,1756640219000,1.37407,1.37407,1.37407,1.37407,0,1
1756640220000,1756640279000,1.37407,1.37407,1.37407,1.37407,0,1
1756640280000,1756640339000,1.37407,1.37407,1.37407,1.37407,0,1
1756640340000,1756640399000,1.37407,1.37407,1.37407,1.37407,0,1
1756640400000,1756640459000,1.37407,1.37407,1.37407,1.37407,0,1
1756640460000,1756640519000,1.37407,1.37407,1.37407,1.37407,0,1
1756640520000,1756640579000,1.37407,1.37407,1.37407,1.37407,0,1
1756640580000,1756640639000,1.37407,1.37407,1.37407,1.37407,0,1
1756640640000,1756640699000,1.37407,1.37407,1.37407,1.37407,0,1
1756640700000,1756640759000,1.37407,1.37407,1.37407,1.37407,0,1
1756640760000,1756640819000,1.37407,1.37407,1.37407,1.37407,0,1
1756640820000,1756640879000,1.37407,1.37407,1.37407,1.37407,0,1
1756640880000,1756640939000,1.37407,1.37407,1.37407,1.37407,0,1
1756640940000,1756640999000,1.37407,1.37407,1.37407,1.37407,0,1
1756641000000,1756641059000,1.37407,1.37407,1.37407,1.37407,0,1
1756641060000,1756641119000,1.37407,1.37407,1.37407,1.37407,0,1
1756641120000,1756641179000,1.37407,1.37407,1.37407,1.37407,0,1
1756641180000,1756641239000,1.37407,1.37407,1.37407,1.37407,0,1
1756641240000,1756641299000,1.37407,1.37407,1.37407,1.37407,0,1
1756641300000,1756641359000,1.37407,1.37407,1.37407,1.37407,0,1
1756641360000,1756641419000,1.37407,1.37407,1.37407,1.37407,0,1
1756641420000,1756641479000,1.37407,1.37407,1.37407,1.37407,0,1
1756641480000,1756641539000,1.37407,1.37407,1.37407,1.37407,0,1
1756641540000,1756641599000,1.37407,1.37407,1.37407,1.37407,0,1
1756641600000,1756641659000,1.37407,1.37407,1.37407,1.37407,0,1
1756641660000,1756641719000,1.37407,1.37407,1.37407,1.37407,0,1
1756641720000,1756641779000,1.37407,1.37407,1.37407,1.37407,0,1
1756641780000,1756641839000,1.37407,1.37407,1.37407,1.37407,0,1
1756641840000,1756641899000,1.37407,1.37407,1.37407,1.37407,0,1
1756641900000,1756641959000,1.37407,1.37407,1.37407,1.37407,0,1
1756641960000,1756642019000,1.37407,1.37407,1.37407,1.37407,0,1
1756642020000,1756642079000,1.37407,1.37407,1.37407,1.37407,0,1
1756642080000,1756642139000,1.37407,1.37407,1.37407,1.37407,0,1
1756642140000,1756642199000,1.37407,1.37407,1.37407,1.37407,0,1
1756642200000,1756642259000,1.37407,1.37407,1.37407,1.37407,0,1
1756642260000,1756642319000,1.37407,1.37407,1.37407,1.37407,0,1
1756642320000,1756642379000,1.37407,1.37407,1.37407,1.37407,0,1
1756642380000,1756642439000,1.37407,1.37407,1.37407,1.37407,0,1
1756642440000,1756642499000,1.37407,1.37407,1.37407,1.37407,0,1
1756642500000,1756642559000,1.37407,1.37407,1.37407,1.37407,0,1
1756642560000,1756642619000,1.37407,1.37407,1.37407,1.37407,0,1
1756642620000,1756642679000,1.37407,1.37407,1.37407,1.37407,0,1
1756642680000,1756642739000,1.37407,1.37407,1.37407,1.37407,0,1
1756642740000,1756642799000,1.37407,1.37407,1.37407,1.37407,0,1
1756642800000,1756642859000,1.37407,1.37407,1.37407,1.37407,0,1
1756642860000,1756642919000,1.37407,1.37407,1.37407,1.37407,0,1
1756642920000,1756642979000,1.37407,1.37407,1.37407,1.37407,0,1
1756642980000,1756643039000,1.37407,1.37407,1.37407,1.37407,0,1
1756643040000,1756643099000,1.37407,1.37407,1.37407,1.37407,0,1
1756643100000,1756643159000,1.37407,1.37407,1.37407,1.37407,0,1
1756643160000,1756643219000,1.37407,1.37407,1.37407,1.37407,0,1
1756643220000,1756643279000,1.37407,1.37407,1.37407,1.37407,0,1
1756643280000,1756643339000,1.37407,1.37407,1.37407,1.37407,0,1
1756643340000,1756643399000,1.37407,1.37407,1.37407,1.37407,0,1
1756643400000,1756643459000,1.37407,1.37407,1.37407,1.37407,0,1
1756643460000,1756643519000,1.37407,1.37407,1.37407,1.37407,0,1
1756643520000,1756643579000,1.37407,1.37407,1.37407,1.37407,0,1
1756643580000,1756643639000,1.37407,1.37407,1.37407,1.37407,0,1
1756643640000,1756643699000,1.37407,1.37407,1.37407,1.37407,0,1
1756643700000,1756643759000,1.37407,1.37407,1.37407,1.37407,0,1
1756643760000,1756643819000,1.37407,1.37407,1.37407,1.37407,0,1
1756643820000,1756643879000,1.37407,1.37407,1.37407,1.37407,0,1
1756643880000,1756643939000,1.37407,1.37407,1.37407,1.37407,0,1
1756643940000,1756643999000,1.37407,1.37407,1.37407,1.37407,0,1
1756644000000,1756644059000,1.37407,1.37407,1.37407,1.37407,0,1
1756644060000,1756644119000,1.37407,1.37407,1.37407,1.37407,0,1
1756644120000,1756644179000,1.37407,1.37407,1.37407,1.37407,0,1
1756644180000,1756644239000,1.37407,1.37407,1.37407,1.37407,0,1
1756644240000,1756644299000,1.37407,1.37407,1.37407,1.37407,0,1
1756644300000,1756644359000,1.37407,1.37407,1.37407,1.37407,0,1
1756644360000,1756644419000,1.37407,1.37407,1.37407,1.37407,0,1
1756644420000,1756644479000,1.37407,1.37407,1.37407,1.37407,0,1
1756644480000,1756644539000,1.37407,1.37407,1.37407,1.37407,0,1
1756644540000,1756644599000,1.37407,1.37407,1.37407,1.37407,0,1
1756644600000,1756644659000,1.37407,1.37407,1.37407,1.37407,0,1
1756644660000,1756644719000,1.37407,1.37407,1.37407,1.37407,0,1
1756644720000,1756644779000,1.37407,1.37407,1.37407,1.37407,0,1
1756644780000,1756644839000,1.37407,1.37407,1.37407,1.37407,0,1
1756644840000,1756644899000,1.37407,1.37407,1.37407,1.37407,0,1
1756644900000,1756644959000,1.37407,1.37407,1.37407,1.37407,0,1
1756644960000,1756645019000,1.37407,1.37407,1.37407,1.37407,0,1
1756645020000,1756645079000,1.37407,1.37407,1.37407,1.37407,0,1
1756645080000,1756645139000,1.37407,1.37407,1.37407,1.37407,0,1
1756645140000,1756645199000,1.37407,1.37407,1.37407,1.37407,0,1
1756645200000,1756645259000,1.37407,1.37407,1.37407,1.37407,0,1
1756645260000,1756645319000,1.37407,1.37407,1.37407,1.37407,0,1
1756645320000,1756645379000,1.37407,1.37407,1.37407,1.37407,0,1
1756645380000,1756645439000,1.37407,1.37407,1.37407,1.37407,0,1
1756645440000,1756645499000,1.37407,1.37407,1.37407,1.37407,0,1
1756645500000,1756645559000,1.37407,1.37407,1.37407,1.37407,0,1
1756645560000,1756645619000,1.37407,1.37407,1.37407,1.37407,0,1
1756645620000,1756645679000,1.37407,1.37407,1.37407,1.37407,0,1
1756645680000,1756645739000,1.37407,1.37407,1.37407,1.37407,0,1
1756645740000,1756645799000,1.37407,1.37407,1.37407,1.37407,0,1
1756645800000,1756645859000,1.37407,1.37407,1.37407,1.37407,0,1
1756645860000,1756645919000,1.37407,1.37407,1.37407,1.37407,0,1
1756645920000,1756645979000,1.37407,1.37407,1.37407,1.37407,0,1
1756645980000,1756646039000,1.37407,1.37407,1.37407,1.37407,0,1
1756646040000,1756646099000,1.37407,1.37407,1.37407,1.37407,0,1
1756646100000,1756646159000,1.37407,1.37407,1.37407,1.37407,0,1
1756646160000,1756646219000,1.37407,1.37407,1.37407,1.37407,0,1
1756646220000,1756646279000,1.37407,1.37407,1.37407,1.37407,0,1
1756646280000,1756646339000,1.37407,1.37407,1.37407,1.37407,0,1
1756646340000,1756646399000,1.37407,1.37407,1.37407,1.37407,0,1
1756646400000,1756646459000,1.37407,1.37407,1.37407,1.37407,0,1
1756646460000,1756646519000,1.37407,1.37407,1.37407,1.37407,0,1
1756646520000,1756646579000,1.37407,1.37407,1.37407,1.37407,0,1
1756646580000,1756646639000,1.37407,1.37407,1.37407,1.37407,0,1
1756646640000,1756646699000,1.37407,1.37407,1.37407,1.37407,0,1
1756646700000,1756646759000,1.37407,1.37407,1.37407,1.37407,0,1
1756646760000,1756646819000,1.37407,1.37407,1.37407,1.37407,0,1
1756646820000,1756646879000,1.37407,1.37407,1.37407,1.37407,0,1
1756646880000,1756646939000,1.37407,1.37407,1.37407,1.37407,0,1
1756646940000,1756646999000,1.37407,1.37407,1.37407,1.37407,0,1
1756647000000,1756647059000,1.37407,1.37407,1.37407,1.37407,0,1
1756647060000,1756647119000,1.37407,1.37407,1.37407,1.37407,0,1
1756647120000,1756647179000,1.37407,1.37407,1.37407,1.37407,0,1
1756647180000,1756647239000,1.37407,1.37407,1.37407,1.37407,0,1
1756647240000,1756647299000,1.37407,1.37407,1.37407,1.37407,0,1
1756647300000,1756647359000,1.37407,1.37407,1.37407,1.37407,0,1
1756647360000,1756647419000,1.37407,1.37407,1.37407,1.37407,0,1
1756647420000,1756647479000,1.37407,1.37407,1.37407,1.37407,0,1
1756647480000,1756647539000,1.37407,1.37407,1.37407,1.37407,0,1
1756647540000,1756647599000,1.37407,1.37407,1.37407,1.37407,0,1
1756647600000,1756647659000,1.37407,1.37407,1.37407,1.37407,0,1
1756647660000,1756647719000,1.37407,1.37407,1.37407,1.37407,0,1
1756647720000,1756647779000,1.37407,1.37407,1.37407,1.37407,0,1
1756647780000,1756647839000,1.37407,1.37407,1.37407,1.37407,0,1
1756647840000,1756647899000,1.37407,1.37407,1.37407,1.37407,0,1
1756647900000,1756647959000,1.37407,1.37407,1.37407,1.37407,0,1
1756647960000,1756648019000,1.37407,1.37407,1.37407,1.37407,0,1
1756648020000,1756648079000,1.37407,1.37407,1.37407,1.37407,0,1
1756648080000,1756648139000,1.37407,1.37407,1.37407,1.37407,0,1
1756648140000,1756648199000,1.37407,1.37407,1.37407,1.37407,0,1
1756648200000,1756648259000,1.37407,1.37407,1.37407,1.37407,0,1
1756648260000,1756648319000,1.37407,1.37407,1.37407,1.37407,0,1
1756648320000,1756648379000,1.37407,1.37407,1.37407,1.37407,0,1
1756648380000,1756648439000,1.37407,1.37407,1.37407,1.37407,0,1
1756648440000,1756648499000,1.37407,1.37407,1.37407,1.37407,0,1
1756648500000,1756648559000,1.37407,1.37407,1.37407,1.37407,0,1
1756648560000,1756648619000,1.37407,1.37407,1.37407,1.37407,0,1
1756648620000,1756648679000,1.37407,1.37407,1.37407,1.37407,0,1
1756648680000,1756648739000,1.37407,1.37407,1.37407,1.37407,0,1
1756648740000,1756648799000,1.37407,1.37407,1.37407,1.37407,0,1
1756648800000,1756648859000,1.37407,1.37407,1.37407,1.37407,0,1
1756648860000,1756648919000,1.37407,1.37407,1.37407,1.37407,0,1
1756648920000,1756648979000,1.37407,1.37407,1.37407,1.37407,0,1
1756648980000,1756649039000,1.37407,1.37407,1.37407,1.37407,0,1
1756649040000,1756649099000,1.37407,1.37407,1.37407,1.37407,0,1
1756649100000,1756649159000,1.37407,1.37407,1.37407,1.37407,0,1
1756649160000,1756649219000,1.37407,1.37407,1.37407,1.37407,0,1
1756649220000,1756649279000,1.37407,1.37407,1.37407,1.37407,0,1
1756649280000,1756649339000,1.37407,1.37407,1.37407,1.37407,0,1
1756649340000,1756649399000,1.37407,1.37407,1.37407,1.37407,0,1
1756649400000,1756649459000,1.37407,1.37407,1.37407,1.37407,0,1
1756649460000,1756649519000,1.37407,1.37407,1.37407,1.37407,0,1
1756649520000,1756649579000,1.37407,1.37407,1.37407,1.37407,0,1
1756649580000,1756649639000,1.37407,1.37407,1.37407,1.37407,0,1
1756649640000,1756649699000,1.37407,1.37407,1.37407,1.37407,0,1
1756649700000,1756649759000,1.37407,1.37407,1.37407,1.37407,0,1
1756649760000,1756649819000,1.37407,1.37407,1.37407,1.37407,0,1
1756649820000,1756649879000,1.37407,1.37407,1.37407,1.37407,0,1
1756649880000,1756649939000,1.37407,1.37407,1.37407,1.37407,0,1
1756649940000,1756649999000,1.37407,1.37407,1.37407,1.37407,0,1
1756650000000,1756650059000,1.37407,1.37407,1.37407,1.37407,0,1
1756650060000,1756650119000,1.37407,1.37407,1.37407,1.37407,0,1
1756650120000,1756650179000,1.37407,1.37407,1.37407,1.37407,0,1
1756650180000,1756650239000,1.37407,1.37407,1.37407,1.37407,0,1
1756650240000,1756650299000,1.37407,1.37407,1.37407,1.37407,0,1
1756650300000,1756650359000,1.37407,1.37407,1.37407,1.37407,0,1
1756650360000,1756650419000,1.37407,1.37407,1.37407,1.37407,0,1
1756650420000,1756650479000,1.37407,1.37407,1.37407,1.37407,0,1
1756650480000,1756650539000,1.37407,1.37407,1.37407,1.37407,0,1
1756650540000,1756650599000,1.37407,1.37407,1.37407,1.37407,0,1
1756650600000,1756650659000,1.37407,1.37407,1.37407,1.37407,0,1
1756650660000,1756650719000,1.37407,1.37407,1.37407,1.37407,0,1
1756650720000,1756650779000,1.37407,1.37407,1.37407,1.37407,0,1
1756650780000,1756650839000,1.37407,1.37407,1.37407,1.37407,0,1
1756650840000,1756650899000,1.37407,1.37407,1.37407,1.37407,0,1
1756650900000,1756650959000,1.37407,1.37407,1.37407,1.37407,0,1
1756650960000,1756651019000,1.37407,1.37407,1.37407,1.37407,0,1
1756651020000,1756651079000,1.37407,1.37407,1.37407,1.37407,0,1
1756651080000,1756651139000,1.37407,1.37407,1.37407,1.37407,0,1
1756651140000,1756651199000,1.37407,1.37407,1.37407,1.37407,0,1
1756651200000,1756651259000,1.37407,1.37407,1.37407,1.37407,0,1
1756651260000,1756651319000,1.37407,1.37407,1.37407,1.37407,0,1
1756651320000,1756651379000,1.37407,1.37407,1.37407,1.37407,0,1
1756651380000,1756651439000,1.37407,1.37407,1.37407,1.37407,0,1
1756651440000,1756651499000,1.37407,1.37407,1.37407,1.37407,0,1
1756651500000,1756651559000,1.37407,1.37407,1.37407,1.37407,0,1
1756651560000,1756651619000,1.37407,1.37407,1.37407,1.37407,0,1
1756651620000,1756651679000,1.37407,1.37407,1.37407,1.37407,0,1
1756651680000,1756651739000,1.37407,1.37407,1.37407,1.37407,0,1
1756651740000,1756651799000,1.37407,1.37407,1.37407,1.37407,0,1
1756651800000,1756651859000,1.37407,1.37407,1.37407,1.37407,0,1
1756651860000,1756651919000,1.37407,1.37407,1.37407,1.37407,0,1
1756651920000,1756651979000,1.37407,1.37407,1.37407,1.37407,0,1
1756651980000,1756652039000,1.37407,1.37407,1.37407,1.37407,0,1
1756652040000,1756652099000,1.37407,1.37407,1.37407,1.37407,0,1
1756652100000,1756652159000,1.37407,1.37407,1.37407,1.37407,0,1
1756652160000,1756652219000,1.37407,1.37407,1.37407,1.37407,0,1
1756652220000,1756652279000,1.37407,1.37407,1.37407,1.37407,0,1
1756652280000,1756652339000,1.37407,1.37407,1.37407,1.37407,0,1
1756652340000,1756652399000,1.37407,1.37407,1.37407,1.37407,0,1
1756652400000,1756652459000,1.37407,1.37407,1.37407,1.37407,0,1
1756652460000,1756652519000,1.37407,1.37407,1.37407,1.37407,0,1
1756652520000,1756652579000,1.37407,1.37407,1.37407,1.37407,0,1
1756652580000,1756652639000,1.37407,1.37407,1.37407,1.37407,0,1
1756652640000,1756652699000,1.37407,1.37407,1.37407,1.37407,0,1
1756652700000,1756652759000,1.37407,1.37407,1.37407,1.37407,0,1
1756652760000,1756652819000,1.37407,1.37407,1.37407,1.37407,0,1
1756652820000,1756652879000,1.37407,1.37407,1.37407,1.37407,0,1
1756652880000,1756652939000,1.37407,1.37407,1.37407,1.37407,0,1
1756652940000,1756652999000,1.37407,1.37407,1.37407,1.37407,0,1
1756653000000,1756653059000,1.37407,1.37407,1.37407,1.37407,0,1
1756653060000,1756653119000,1.37407,1.37407,1.37407,1.37407,0,1
1756653120000,1756653179000,1.37407,1.37407,1.37407,1.37407,0,1
1756653180000,1756653239000,1.37407,1.37407,1.37407,1.37407,0,1
1756653240000,1756653299000,1.37407,1.37407,1.37407,1.37407,0,1
1756653300000,1756653359000,1.37407,1.37407,1.37407,1.37407,0,1
1756653360000,1756653419000,1.37407,1.37407,1.37407,1.37407,0,1
1756653420000,1756653479000,1.37407,1.37407,1.37407,1.37407,0,1
1756653480000,1756653539000,1.37407,1.37407,1.37407,1.37407,0,1
1756653540000,1756653599000,1.37407,1.37407,1.37407,1.37407,0,1
1756653600000,1756653659000,1.37407,1.37407,1.37407,1.37407,0,1
1756653660000,1756653719000,1.37407,1.37407,1.37407,1.37407,0,1
1756653720000,1756653779000,1.37407,1.37407,1.37407,1.37407,0,1
1756653780000,1756653839000,1.37407,1.37407,1.37407,1.37407,0,1
1756653840000,1756653899000,1.37407,1.37407,1.37407,1.37407,0,1
1756653900000,1756653959000,1.37407,1.37407,1.37407,1.37407,0,1
1756653960000,1756654019000,1.37407,1.37407,1.37407,1.37407,0,1
1756654020000,1756654079000,1.37407,1.37407,1.37407,1.37407,0,1
1756654080000,1756654139000,1.37407,1.37407,1.37407,1.37407,0,1
1756654140000,1756654199000,1.37407,1.37407,1.37407,1.37407,0,1
1756654200000,1756654259000,1.37407,1.37407,1.37407,1.37407,0,1
1756654260000,1756654319000,1.37407,1.37407,1.37407,1.37407,0,1
1756654320000,1756654379000,1.37407,1.37407,1.37407,1.37407,0,1
1756654380000,1756654439000,1.37407,1.37407,1.37407,1.37407,0,1
1756654440000,1756654499000,1.37407,1.37407,1.37407,1.37407,0,1
1756654500000,1756654559000,1.37407,1.37407,1.37407,1.37407,0,1
1756654560000,1756654619000,1.37407,1.37407,1.37407,1.37407,0,1
1756654620000,1756654679000,1.37407,1.37407,1.37407,1.37407,0,1
1756654680000,1756654739000,1.37407,1.37407,1.37407,1.37407,0,1
1756654740000,1756654799000,1.37407,1.37407,1.37407,1.37407,0,1
1756654800000,1756654859000,1.37407,1.37407,1.37407,1.37407,0,1
1756654860000,1756654919000,1.37407,1.37407,1.37407,1.37407,0,1
1756654920000,1756654979000,1.37407,1.37407,1.37407,1.37407,0,1
1756654980000,1756655039000,1.37407,1.37407,1.37407,1.37407,0,1
1756655040000,1756655099000,1.37407,1.37407,1.37407,1.37407,0,1
1756655100000,1756655159000,1.37407,1.37407,1.37407,1.37407,0,1
1756655160000,1756655219000,1.37407,1.37407,1.37407,1.37407,0,1
1756655220000,1756655279000,1.37407,1.37407,1.37407,1.37407,0,1
1756655280000,1756655339000,1.37407,1.37407,1.37407,1.37407,0,1
1756655340000,1756655399000,1.37407,1.37407,1.37407,1.37407,0,1
1756655400000,1756655459000,1.37407,1.37407,1.37407,1.37407,0,1
1756655460000,1756655519000,1.37407,1.37407,1.37407,1.37407,0,1
1756655520000,1756655579000,1.37407,1.37407,1.37407,1.37407,0,1
1756655580000,1756655639000,1.37407,1.37407,1.37407,1.37407,0,1
1756655640000,1756655699000,1.37407,1.37407,1.37407,1.37407,0,1
1756655700000,1756655759000,1.37407,1.37407,1.37407,1.37407,0,1
1756655760000,1756655819000,1.37407,1.37407,1.37407,1.37407,0,1
1756655820000,1756655879000,1.37407,1.37407,1.37407,1.37407,0,1
1756655880000,1756655939000,1.37407,1.37407,1.37407,1.37407,0,1
1756655940000,1756655999000,1.37407,1.37407,1.37407,1.37407,0,1
1756656000000,1756656059000,1.37407,1.37407,1.37407,1.37407,0,1
1756656060000,1756656119000,1.37407,1.37407,1.37407,1.37407,0,1
1756656120000,1756656179000,1.37407,1.37407,1.37407,1.37407,0,1
1756656180000,1756656239000,1.37407,1.37407,1.37407,1.37407,0,1
1756656240000,1756656299000,1.37407,1.37407,1.37407,1.37407,0,1
1756656300000,1756656359000,1.37407,1.37407,1.37407,1.37407,0,1
1756656360000,1756656419000,1.37407,1.37407,1.37407,1.37407,0,1
1756656420000,1756656479000,1.37407,1.37407,1.37407,1.37407,0,1
1756656480000,1756656539000,1.37407,1.37407,1.37407,1.37407,0,1
1756656540000,1756656599000,1.37407,1.37407,1.37407,1.37407,0,1
1756656600000,1756656659000,1.37407,1.37407,1.37407,1.37407,0,1
1756656660000,1756656719000,1.37407,1.37407,1.37407,1.37407,0,1
1756656720000,1756656779000,1.37407,1.37407,1.37407,1.37407,0,1
1756656780000,1756656839000,1.37407,1.37407,1.37407,1.37407,0,1
1756656840000,1756656899000,1.37407,1.37407,1.37407,1.37407,0,1
1756656900000,1756656959000,1.37407,1.37407,1.37407,1.37407,0,1
1756656960000,1756657019000,1.37407,1.37407,1.37407,1.37407,0,1
1756657020000,1756657079000,1.37407,1.37407,1.37407,1.37407,0,1
1756657080000,1756657139000,1.37407,1.37407,1.37407,1.37407,0,1
1756657140000,1756657199000,1.37407,1.37407,1.37407,1.37407,0,1
1756657200000,1756657259000,1.37407,1.37407,1.37407,1.37407,0,1
1756657260000,1756657319000,1.37407,1.37407,1.37407,1.37407,0,1
1756657320000,1756657379000,1.37407,1.37407,1.37407,1.37407,0,1
1756657380000,1756657439000,1.37407,1.37407,1.37407,1.37407,0,1
1756657440000,1756657499000,1.37407,1.37407,1.37407,1.37407,0,1
1756657500000,1756657559000,1.37407,1.37407,1.37407,1.37407,0,1
1756657560000,1756657619000,1.37407,1.37407,1.37407,1.37407,0,1
1756657620000,1756657679000,1.37407,1.37407,1.37407,1.37407,0,1
1756657680000,1756657739000,1.37407,1.37407,1.37407,1.37407,0,1
1756657740000,1756657799000,1.37407,1.37407,1.37407,1.37407,0,1
1756657800000,1756657859000,1.37407,1.37407,1.37407,1.37407,0,1
1756657860000,1756657919000,1.37407,1.37407,1.37407,1.37407,0,1
1756657920000,1756657979000,1.37407,1.37407,1.37407,1.37407,0,1
1756657980000,1756658039000,1.37407,1.37407,1.37407,1.37407,0,1
1756658040000,1756658099000,1.37407,1.37407,1.37407,1.37407,0,1
1756658100000,1756658159000,1.37407,1.37407,1.37407,1.37407,0,1
1756658160000,1756658219000,1.37407,1.37407,1.37407,1.37407,0,1
1756658220000,1756658279000,1.37407,1.37407,1.37407,1.37407,0,1
1756658280000,1756658339000,1.37407,1.37407,1.37407,1.37407,0,1
1756658340000,1756658399000,1.37407,1.37407,1.37407,1.37407,0,1
1756658400000,1756658459000,1.37407,1.37407,1.37407,1.37407,0,1
1756658460000,1756658519000,1.37407,1.37407,1.37407,1.37407,0,1
1756658520000,1756658579000,1.37407,1.37407,1.37407,1.37407,0,1
1756658580000,1756658639000,1.37407,1.37407,1.37407,1.37407,0,1
1756658640000,1756658699000,1.37407,1.37407,1.37407,1.37407,0,1
1756658700000,1756658759000,1.37407,1.37407,1.37407,1.37407,0,1
1756658760000,1756658819000,1.37407,1.37407,1.37407,1.37407,0,1
1756658820000,1756658879000,1.37407,1.37407,1.37407,1.37407,0,1
1756658880000,1756658939000,1.37407,1.37407,1.37407,1.37407,0,1
1756658940000,1756658999000,1.37407,1.37407,1.37407,1.37407,0,1
1756659000000,1756659059000,1.37407,1.37407,1.37407,1.37407,0,1
1756659060000,1756659119000,1.37407,1.37407,1.37407,1.37407,0,1
1756659120000,1756659179000,1.37407,1.37407,1.37407,1.37407,0,1
1756659180000,1756659239000,1.37407,1.37407,1.37407,1.37407,0,1
1756659240000,1756659299000,1.37407,1.37407,1.37407,1.37407,0,1
1756659300000,1756659359000,1.37407,1.37407,1.37407,1.37407,0,1
1756659360000,1756659419000,1.37407,1.37407,1.37407,1.37407,0,1
1756659420000,1756659479000,1.37407,1.37407,1.37407,1.37407,0,1
1756659480000,1756659539000,1.37407,1.37407,1.37407,1.37407,0,1
1756659540000,1756659599000,1.37407,1.37407,1.37407,1.37407,0,1
1756659600000,1756659659000,1.37407,1.37407,1.37407,1.37407,0,1
1756659660000,1756659719000,1.37407,1.37407,1.37407,1.37407,0,1
1756659720000,1756659779000,1.37407,1.37407,1.37407,1.37407,0,1
1756659780000,1756659839000,1.37407,1.37407,1.37407,1.37407,0,1
1756659840000,1756659899000,1.37407,1.37407,1.37407,1.37407,0,1
1756659900000,1756659959000,1.37407,1.37407,1.37407,1.37407,0,1
1756659960000,1756660019000,1.37407,1.37407,1.37407,1.37407,0,1
1756660020000,1756660079000,1.37407,1.37407,1.37407,1.37407,0,1
1756660080000,1756660139000,1.37407,1.37407,1.37407,1.37407,0,1
1756660140000,1756660199000,1.37407,1.37407,1.37407,1.37407,0,1
1756660200000,1756660259000,1.37407,1.37407,1.37407,1.37407,0,1
1756660260000,1756660319000,1.37407,1.37407,1.37407,1.37407,0,1
1756660320000,1756660379000,1.37407,1.37407,1.37407,1.37407,0,1
1756660380000,1756660439000,1.37407,1.37407,1.37407,1.37407,0,1
1756660440000,1756660499000,1.37407,1.37407,1.37407,1.37407,0,1
1756660500000,1756660559000,1.37407,1.37407,1.37407,1.37407,0,1
1756660560000,1756660619000,1.37407,1.37407,1.37407,1.37407,0,1
1756660620000,1756660679000,1.37407,1.37407,1.37407,1.37407,0,1
1756660680000,1756660739000,1.37407,1.37407,1.37407,1.37407,0,1
1756660740000,1756660799000,1.37407,1.37407,1.37407,1.37407,0,1
1756660800000,1756660859000,1.37407,1.37407,1.37407,1.37407,0,1
1756660860000,1756660919000,1.37407,1.37407,1.37407,1.37407,0,1
1756660920000,1756660979000,1.37407,1.37407,1.37407,1.37407,0,1
1756660980000,1756661039000,1.37407,1.37407,1.37407,1.37407,0,1
1756661040000,1756661099000,1.37407,1.37407,1.37407,1.37407,0,1
1756661100000,1756661159000,1.37407,1.37407,1.37407,1.37407,0,1
1756661160000,1756661219000,1.37407,1.37407,1.37407,1.37407,0,1
1756661220000,1756661279000,1.37407,1.37407,1.37407,1.37407,0,1
1756661280000,1756661339000,1.37407,1.37407,1.37407,1.37407,0,1
1756661340000,1756661399000,1.37407,1.37407,1.37407,1.37407,0,1
1756661400000,1756661459000,1.37407,1.37407,1.37407,1.37407,0,1
1756661460000,1756661519000,1.37407,1.37407,1.37407,1.37407,0,1
1756661520000,1756661579000,1.37407,1.37407,1.37407,1.37407,0,1
1756661580000,1756661639000,1.37407,1.37407,1.37407,1.37407,0,1
1756661640000,1756661699000,1.37407,1.37407,1.37407,1.37407,0,1
1756661700000,1756661759000,1.37407,1.37407,1.37407,1.37407,0,1
1756661760000,1756661819000,1.37407,1.37407,1.37407,1.37407,0,1
1756661820000,1756661879000,1.37407,1.37407,1.37407,1.37407,0,1
1756661880000,1756661939000,1.37407,1.37407,1.37407,1.37407,0,1
1756661940000,1756661999000,1.37407,1.37407,1.37407,1.37407,0,1
1756662000000,1756662059000,1.37407,1.37407,1.37407,1.37407,0,1
1756662060000,1756662119000,1.37407,1.37407,1.37407,1.37407,0,1
1756662120000,1756662179000,1.37407,1.37407,1.37407,1.37407,0,1
1756662180000,1756662239000,1.37407,1.37407,1.37407,1.37407,0,1
1756662240000,1756662299000,1.37407,1.37407,1.37407,1.37407,0,1
1756662300000,1756662359000,1.37407,1.37407,1.37407,1.37407,0,1
1756662360000,1756662419000,1.37407,1.37407,1.37407,1.37407,0,1
1756662420000,1756662479000,1.37407,1.37407,1.37407,1.37407,0,1
1756662480000,1756662539000,1.37407,1.37407,1.37407,1.37407,0,1
1756662540000,1756662599000,1.37407,1.37407,1.37407,1.37407,0,1
1756662600000,1756662659000,1.37407,1.37407,1.37407,1.37407,0,1
1756662660000,1756662719000,1.37407,1.37407,1.37407,1.37407,0,1
1756662720000,1756662779000,1.37407,1.37407,1.37407,1.37407,0,1
1756662780000,1756662839000,1.37407,1.37407,1.37407,1.37407,0,1
1756662840000,1756662899000,1.37407,1.37407,1.37407,1.37407,0,1
1756662900000,1756662959000,1.37407,1.37407,1.37407,1.37407,0,1
1756662960000,1756663019000,1.37407,1.37407,1.37407,1.37407,0,1
1756663020000,1756663079000,1.37407,1.37407,1.37407,1.37407,0,1
1756663080000,1756663139000,1.37407,1.37407,1.37407,1.37407,0,1
1756663140000,1756663199000,1.37407,1.37407,1.37407,1.37407,0,1
1756663200000,1756663259000,1.37407,1.37407,1.37407,1.37407,0,1
1756663260000,1756663319000,1.37407,1.37407,1.37407,1.37407,0,1
1756663320000,1756663379000,1.37407,1.37407,1.37407,1.37407,0,1
1756663380000,1756663439000,1.37407,1.37407,1.37407,1.37407,0,1
1756663440000,1756663499000,1.37407,1.37407,1.37407,1.37407,0,1
1756663500000,1756663559000,1.37407,1.37407,1.37407,1.37407,0,1
1756663560000,1756663619000,1.37407,1.37407,1.37407,1.37407,0,1
1756663620000,1756663679000,1.37407,1.37407,1.37407,1.37407,0,1
1756663680000,1756663739000,1.37407,1.37407,1.37407,1.37407,0,1
1756663740000,1756663799000,1.37407,1.37407,1.37407,1.37407,0,1
1756663800000,1756663859000,1.37407,1.37407,1.37407,1.37407,0,1
1756663860000,1756663919000,1.37407,1.37407,1.37407,1.37407,0,1
1756663920000,1756663979000,1.37407,1.37407,1.37407,1.37407,0,1
1756663980000,1756664039000,1.37407,1.37407,1.37407,1.37407,0,1
1756664040000,1756664099000,1.37407,1.37407,1.37407,1.37407,0,1
1756664100000,1756664159000,1.37407,1.37407,1.37407,1.37407,0,1
1756664160000,1756664219000,1.37407,1.37407,1.37407,1.37407,0,1
1756664220000,1756664279000,1.37407,1.37407,1.37407,1.37407,0,1
1756664280000,1756664339000,1.37407,1.37407,1.37407,1.37407,0,1
1756664340000,1756664399000,1.37407,1.37407,1.37407,1.37407,0,1
1756664400000,1756664459000,1.37407,1.37407,1.37407,1.37407,0,1
1756664460000,1756664519000,1.37407,1.37407,1.37407,1.37407,0,1
1756664520000,1756664579000,1.37407,1.37407,1.37407,1.37407,0,1
1756664580000,1756664639000,1.37407,1.37407,1.37407,1.37407,0,1
1756664640000,1756664699000,1.37407,1.37407,1.37407,1.37407,0,1
1756664700000,1756664759000,1.37407,1.37407,1.37407,1.37407,0,1
1756664760000,1756664819000,1.37407,1.37407,1.37407,1.37407,0,1
1756664820000,1756664879000,1.37407,1.37407,1.37407,1.37407,0,1
1756664880000,1756664939000,1.37407,1.37407,1.37407,1.37407,0,1
1756664940000,1756664999000,1.37407,1.37407,1.37407,1.37407,0,1
1756665000000,1756665059000,1.37407,1.37407,1.37407,1.37407,0,1
1756665060000,1756665119000,1.37407,1.37407,1.37407,1.37407,0,1
1756665120000,1756665179000,1.37407,1.37407,1.37407,1.37407,0,1
1756665180000,1756665239000,1.37407,1.37407,1.37407,1.37407,0,1
1756665240000,1756665299000,1.37407,1.37407,1.37407,1.37407,0,1
1756665300000,1756665359000,1.37407,1.37407,1.37407,1.37407,0,1
1756665360000,1756665419000,1.37407,1.37407,1.37407,1.37407,0,1
1756665420000,1756665479000,1.37407,1.37407,1.37407,1.37407,0,1
1756665480000,1756665539000,1.37407,1.37407,1.37407,1.37407,0,1
1756665540000,1756665599000,1.37407,1.37407,1.37407,1.37407,0,1
1756665600000,1756665659000,1.37407,1.37407,1.37407,1.37407,0,1
1756665660000,1756665719000,1.37407,1.37407,1.37407,1.37407,0,1
1756665720000,1756665779000,1.37407,1.37407,1.37407,1.37407,0,1
1756665780000,1756665839000,1.37407,1.37407,1.37407,1.37407,0,1
1756665840000,1756665899000,1.37407,1.37407,1.37407,1.37407,0,1
1756665900000,1756665959000,1.37407,1.37407,1.37407,1.37407,0,1
1756665960000,1756666019000,1.37407,1.37407,1.37407,1.37407,0,1
1756666020000,1756666079000,1.37407,1.37407,1.37407,1.37407,0,1
1756666080000,1756666139000,1.37407,1.37407,1.37407,1.37407,0,1
1756666140000,1756666199000,1.37407,1.37407,1.37407,1.37407,0,1
1756666200000,1756666259000,1.37407,1.37407,1.37407,1.37407,0,1
1756666260000,1756666319000,1.37407,1.37407,1.37407,1.37407,0,1
1756666320000,1756666379000,1.37407,1.37407,1.37407,1.37407,0,1
1756666380000,1756666439000,1.37407,1.37407,1.37407,1.37407,0,1
1756666440000,1756666499000,1.37407,1.37407,1.37407,1.37407,0,1
1756666500000,1756666559000,1.37407,1.37407,1.37407,1.37407,0,1
1756666560000,1756666619000,1.37407,1.37407,1.37407,1.37407,0,1
1756666620000,1756666679000,1.37407,1.37407,1.37407,1.37407,0,1
1756666680000,1756666739000,1.37407,1.37407,1.37407,1.37407,0,1
1756666740000,1756666799000,1.37407,1.37407,1.37407,1.37407,0,1
1756666800000,1756666859000,1.37407,1.37407,1.37407,1.37407,0,1
1756666860000,1756666919000,1.37407,1.37407,1.37407,1.37407,0,1
1756666920000,1756666979000,1.37407,1.37407,1.37407,1.37407,0,1
1756666980000,1756667039000,1.37407,1.37407,1.37407,1.37407,0,1
1756667040000,1756667099000,1.37407,1.37407,1.37407,1.37407,0,1
1756667100000,1756667159000,1.37407,1.37407,1.37407,1.37407,0,1
1756667160000,1756667219000,1.37407,1.37407,1.37407,1.37407,0,1
1756667220000,1756667279000,1.37407,1.37407,1.37407,1.37407,0,1
1756667280000,1756667339000,1.37407,1.37407,1.37407,1.37407,0,1
1756667340000,1756667399000,1.37407,1.37407,1.37407,1.37407,0,1
1756667400000,1756667459000,1.37407,1.37407,1.37407,1.37407,0,1
1756667460000,1756667519000,1.37407,1.37407,1.37407,1.37407,0,1
1756667520000,1756667579000,1.37407,1.37407,1.37407,1.37407,0,1
1756667580000,1756667639000,1.37407,1.37407,1.37407,1.37407,0,1
1756667640000,1756667699000,1.37407,1.37407,1.37407,1.37407,0,1
1756667700000,1756667759000,1.37407,1.37407,1.37407,1.37407,0,1
1756667760000,1756667819000,1.37407,1.37407,1.37407,1.37407,0,1
1756667820000,1756667879000,1.37407,1.37407,1.37407,1.37407,0,1
1756667880000,1756667939000,1.37407,1.37407,1.37407,1.37407,0,1
1756667940000,1756667999000,1.37407,1.37407,1.37407,1.37407,0,1
1756668000000,1756668059000,1.37407,1.37407,1.37407,1.37407,0,1
1756668060000,1756668119000,1.37407,1.37407,1.37407,1.37407,0,1
1756668120000,1756668179000,1.37407,1.37407,1.37407,1.37407,0,1
1756668180000,1756668239000,1.37407,1.37407,1.37407,1.37407,0,1
1756668240000,1756668299000,1.37407,1.37407,1.37407,1.37407,0,1
1756668300000,1756668359000,1.37407,1.37407,1.37407,1.37407,0,1
1756668360000,1756668419000,1.37407,1.37407,1.37407,1.37407,0,1
1756668420000,1756668479000,1.37407,1.37407,1.37407,1.37407,0,1
1756668480000,1756668539000,1.37407,1.37407,1.37407,1.37407,0,1
1756668540000,1756668599000,1.37407,1.37407,1.37407,1.37407,0,1
1756668600000,1756668659000,1.37407,1.37407,1.37407,1.37407,0,1
1756668660000,1756668719000,1.37407,1.37407,1.37407,1.37407,0,1
1756668720000,1756668779000,1.37407,1.37407,1.37407,1.37407,0,1
1756668780000,1756668839000,1.37407,1.37407,1.37407,1.37407,0,1
1756668840000,1756668899000,1.37407,1.37407,1.37407,1.37407,0,1
1756668900000,1756668959000,1.37407,1.37407,1.37407,1.37407,0,1
1756668960000,1756669019000,1.37407,1.37407,1.37407,1.37407,0,1
1756669020000,1756669079000,1.37407,1.37407,1.37407,1.37407,0,1
1756669080000,1756669139000,1.37407,1.37407,1.37407,1.37407,0,1
1756669140000,1756669199000,1.37407,1.37407,1.37407,1.37407,0,1
1756669200000,1756669259000,1.37407,1.37407,1.37407,1.37407,0,1
1756669260000,1756669319000,1.37407,1.37407,1.37407,1.37407,0,1
1756669320000,1756669379000,1.37407,1.37407,1.37407,1.37407,0,1
1756669380000,1756669439000,1.37407,1.37407,1.37407,1.37407,0,1
1756669440000,1756669499000,1.37407,1.37407,1.37407,1.37407,0,1
1756669500000,1756669559000,1.37407,1.37407,1.37407,1.37407,0,1
1756669560000,1756669619000,1.37407,1.37407,1.37407,1.37407,0,1
1756669620000,1756669679000,1.37407,1.37407,1.37407,1.37407,0,1
1756669680000,1756669739000,1.37407,1.37407,1.37407,1.37407,0,1
1756669740000,1756669799000,1.37407,1.37407,1.37407,1.37407,0,1
1756669800000,1756669859000,1.37407,1.37407,1.37407,1.37407,0,1
1756669860000,1756669919000,1.37407,1.37407,1.37407,1.37407,0,1
1756669920000,1756669979000,1.37407,1.37407,1.37407,1.37407,0,1
1756669980000,1756670039000,1.37407,1.37407,1.37407,1.37407,0,1
1756670040000,1756670099000,1.37407,1.37407,1.37407,1.37407,0,1
1756670100000,1756670159000,1.37407,1.37407,1.37407,1.37407,0,1
1756670160000,1756670219000,1.37407,1.37407,1.37407,1.37407,0,1
1756670220000,1756670279000,1.37407,1.37407,1.37407,1.37407,0,1
1756670280000,1756670339000,1.37407,1.37407,1.37407,1.37407,0,1
1756670340000,1756670399000,1.37407,1.37407,1.37407,1.37407,0,1
1756670400000,1756670459000,1.37407,1.37407,1.37407,1.37407,0,1
1756670460000,1756670519000,1.37407,1.37407,1.37407,1.37407,0,1
1756670520000,1756670579000,1.37407,1.37407,1.37407,1.37407,0,1
1756670580000,1756670639000,1.37407,1.37407,1.37407,1.37407,0,1
1756670640000,1756670699000,1.37407,1.37407,1.37407,1.37407,0,1
1756670700000,1756670759000,1.37407,1.37407,1.37407,1.37407,0,1
1756670760000,1756670819000,1.37407,1.37407,1.37407,1.37407,0,1
1756670820000,1756670879000,1.37407,1.37407,1.37407,1.37407,0,1
1756670880000,1756670939000,1.37407,1.37407,1.37407,1.37407,0,1
1756670940000,1756670999000,1.37407,1.37407,1.37407,1.37407,0,1
1756671000000,1756671059000,1.37407,1.37407,1.37407,1.37407,0,1
1756671060000,1756671119000,1.37407,1.37407,1.37407,1.37407,0,1
1756671120000,1756671179000,1.37407,1.37407,1.37407,1.37407,0,1
1756671180000,1756671239000,1.37407,1.37407,1.37407,1.37407,0,1
1756671240000,1756671299000,1.37407,1.37407,1.37407,1.37407,0,1
1756671300000,1756671359000,1.37407,1.37407,1.37407,1.37407,0,1
1756671360000,1756671419000,1.37407,1.37407,1.37407,1.37407,0,1
1756671420000,1756671479000,1.37407,1.37407,1.37407,1.37407,0,1
1756671480000,1756671539000,1.37407,1.37407,1.37407,1.37407,0,1
1756671540000,1756671599000,1.37407,1.37407,1.37407,1.37407,0,1
1756671600000,1756671659000,1.37407,1.37407,1.37407,1.37407,0,1
1756671660000,1756671719000,1.37407,1.37407,1.37407,1.37407,0,1
1756671720000,1756671779000,1.37407,1.37407,1.37407,1.37407,0,1
1756671780000,1756671839000,1.37407,1.37407,1.37407,1.37407,0,1
1756671840000,1756671899000,1.37407,1.37407,1.37407,1.37407,0,1
1756671900000,1756671959000,1.37407,1.37407,1.37407,1.37407,0,1
1756671960000,1756672019000,1.37407,1.37407,1.37407,1.37407,0,1
1756672020000,1756672079000,1.37407,1.37407,1.37407,1.37407,0,1
1756672080000,1756672139000,1.37407,1.37407,1.37407,1.37407,0,1
1756672140000,1756672199000,1.37407,1.37407,1.37407,1.37407,0,1
1756672200000,1756672259000,1.37407,1.37407,1.37407,1.37407,0,1
1756672260000,1756672319000,1.37407,1.37407,1.37407,1.37407,0,1
1756672320000,1756672379000,1.37407,1.37407,1.37407,1.37407,0,1
1756672380000,1756672439000,1.37407,1.37407,1.37407,1.37407,0,1
1756672440000,1756672499000,1.37407,1.37407,1.37407,1.37407,0,1
1756672500000,1756672559000,1.37407,1.37407,1.37407,1.37407,0,1
1756672560000,1756672619000,1.37407,1.37407,1.37407,1.37407,0,1
1756672620000,1756672679000,1.37407,1.37407,1.37407,1.37407,0,1
1756672680000,1756672739000,1.37407,1.37407,1.37407,1.37407,0,1
1756672740000,1756672799000,1.37407,1.37407,1.37407,1.37407,0,1
1756672800000,1756672859000,1.37407,1.37407,1.37407,1.37407,0,1
1756672860000,1756672919000,1.37407,1.37407,1.37407,1.37407,0,1
1756672920000,1756672979000,1.37407,1.37407,1.37407,1.37407,0,1
1756672980000,1756673039000,1.37407,1.37407,1.37407,1.37407,0,1
1756673040000,1756673099000,1.37407,1.37407,1.37407,1.37407,0,1
1756673100000,1756673159000,1.37407,1.37407,1.37407,1.37407,0,1
1756673160000,1756673219000,1.37407,1.37407,1.37407,1.37407,0,1
1756673220000,1756673279000,1.37407,1.37407,1.37407,1.37407,0,1
1756673280000,1756673339000,1.37407,1.37407,1.37407,1.37407,0,1
1756673340000,1756673399000,1.37407,1.37407,1.37407,1.37407,0,1
1756673400000,1756673459000,1.37407,1.37407,1.37407,1.37407,0,1
1756673460000,1756673519000,1.37407,1.37407,1.37407,1.37407,0,1
1756673520000,1756673579000,1.37407,1.37407,1.37407,1.37407,0,1
1756673580000,1756673639000,1.37407,1.37407,1.37407,1.37407,0,1
1756673640000,1756673699000,1.37407,1.37407,1.37407,1.37407,0,1
1756673700000,1756673759000,1.37407,1.37407,1.37407,1.37407,0,1
1756673760000,1756673819000,1.37407,1.37407,1.37407,1.37407,0,1
1756673820000,1756673879000,1.37407,1.37407,1.37407,1.37407,0,1
1756673880000,1756673939000,1.37407,1.37407,1.37407,1.37407,0,1
1756673940000,1756673999000,1.37407,1.37407,1.37407,1.37407,0,1
1756674000000,1756674059000,1.37407,1.37407,1.37407,1.37407,0,1
1756674060000,1756674119000,1.37407,1.37407,1.37407,1.37407,0,1
1756674120000,1756674179000,1.37407,1.37407,1.37407,1.37407,0,1
1756674180000,1756674239000,1.37407,1.37407,1.37407,1.37407,0,1
1756674240000,1756674299000,1.372,1.372,1.372,1.372,900000,1
1756674300000,1756674359000,1.37315,1.37324,1.37299,1.373,8640000,1
1756674360000,1756674419000,1.373,1.37312,1.373,1.37311,7560000,1
1756674420000,1756674479000,1.37312,1.37315,1.37281,1.37281,4230000,1
1756674480000,1756674539000,1.37245,1.37299,1.37243,1.37299,9750000,1
1756674540000,1756674599000,1.37298,1.37299,1.37294,1.37294,2250000,1
1756674600000,1756674659000,1.37295,1.373,1.37295,1.373,2250000,1
1756674660000,1756674719000,1.373,1.373,1.37241,1.37241,2250000,1
1756674720000,1756674779000,1.37293,1.37293,1.3729,1.3729,16350000,1
1756674780000,1756674839000,1.37291,1.37291,1.37289,1.3729,10500000,1
1756674840000,1756674899000,1.37289,1.3729,1.37289,1.37289,6000000,1
1756674900000,1756674959000,1.37288,1.37313,1.37286,1.37311,62850000,1
1756674960000,1756675019000,1.37309,1.37316,1.37306,1.3731,32400000,1
1756675020000,1756675079000,1.3731,1.37313,1.37307,1.37313,29700000,1
1756675080000,1756675139000,1.37314,1.37314,1.37308,1.37309,24750000,1
1756675140000,1756675199000,1.3731,1.37313,1.3731,1.37312,14400000,1
1756675200000,1756675259000,1.37313,1.37317,1.37313,1.37317,12600000,1
1756675260000,1756675319000,1.37314,1.3732,1.37313,1.37318,24450000,1
1756675320000,1756675379000,1.37318,1.37318,1.37314,1.37317,34500000,1
1756675380000,1756675439000,1.37317,1.37344,1.37315,1.37318,13350000,1
1756675440000,1756675499000,1.37339,1.37348,1.37319,1.37319,9900000,1
1756675500000,1756675559000,1.3732,1.37323,1.37319,1.3732,16800000,1
1756675560000,1756675619000,1.37322,1.37323,1.37319,1.37323,21600000,1
1756675620000,1756675679000,1.37321,1.37322,1.37319,1.37321,26400000,1
1756675680000,1756675739000,1.3732,1.37322,1.37302,1.37305,30600000,1
1756675740000,1756675799000,1.37304,1.37311,1.37301,1.37311,38400000,1
1756675800000,1756675859000,1.37312,1.37315,1.373,1.37313,19650000,1
1756675860000,1756675919000,1.37302,1.37314,1.37302,1.37306,9300000,1
1756675920000,1756675979000,1.37303,1.37304,1.37303,1.37304,2700000,1
1756675980000,1756676039000,1.37304,1.37304,1.37304,1.37304,900000,1
1756676040000,1756676099000,1.37306,1.37306,1.37305,1.37305,1800000,1
1756676100000,1756676159000,1.37306,1.37316,1.373,1.37316,27000000,1
1756676160000,1756676219000,1.37322,1.37334,1.37322,1.37334,7200000,1
1756676220000,1756676279000,1.37335,1.3734,1.37335,1.37339,8400000,1
1756676280000,1756676339000,1.3734,1.37353,1.37336,1.37348,91500000,1
1756676340000,1756676399000,1.37354,1.37356,1.37354,1.37356,3600000,1
1756676400000,1756676459000,1.37358,1.37361,1.37354,1.37361,15600000,1
1756676460000,1756676519000,1.37359,1.3736,1.37356,1.37358,16800000,1
1756676520000,1756676579000,1.37358,1.37358,1.37358,1.37358,0,1
1756676580000,1756676639000,1.37359,1.37366,1.37344,1.37348,15450000,1
1756676640000,1756676699000,1.37349,1.37354,1.37347,1.37352,13950000,1
1756676700000,1756676759000,1.37349,1.37349,1.37349,1.37349,1800000,1
1756676760000,1756676819000,1.37352,1.37355,1.37352,1.37355,6000000,1
1756676820000,1756676879000,1.37355,1.37356,1.37355,1.37356,2400000,1
1756676880000,1756676939000,1.37355,1.37357,1.37355,1.37357,3600000,1
1756676940000,1756676999000,1.37357,1.37373,1.37357,1.37369,14700000,1
1756677000000,1756677059000,1.37373,1.37374,1.37365,1.37366,53400000,1
1756677060000,1756677119000,1.37358,1.37363,1.37357,1.37357,6600000,1
1756677120000,1756677179000,1.37357,1.3736,1.37357,1.3736,15600000,1
1756677180000,1756677239000,1.37362,1.37362,1.37362,1.37362,1200000,1
1756677240000,1756677299000,1.37356,1.37356,1.37356,1.37356,1200000,1
1756677300000,1756677359000,1.37355,1.3736,1.37355,1.3736,7800000,1
1756677360000,1756677419000,1.37358,1.37364,1.37357,1.37357,18900000,1
1756677420000,1756677479000,1.37361,1.37364,1.37361,1.37364,3000000,1
1756677480000,1756677539000,1.37364,1.37365,1.37362,1.37364,15600000,1
1756677540000,1756677599000,1.37364,1.37365,1.37361,1.37364,8100000,1
1756677600000,1756677659000,1.37366,1.37416,1.37341,1.37409,99450000,1
1756677660000,1756677719000,1.37409,1.37409,1.37386,1.37397,22050000,1
1756677720000,1756677779000,1.37399,1.37399,1.37395,1.37397,2700000,1
1756677780000,1756677839000,1.37394,1.37394,1.37387,1.37391,8550000,1
1756677840000,1756677899000,1.37391,1.37391,1.37389,1.3739,5400000,1
1756677900000,1756677959000,1.37399,1.37402,1.37398,1.37402,22050000,1
1756677960000,1756678019000,1.37402,1.37402,1.37393,1.37393,22800000,1
1756678020000,1756678079000,1.37392,1.37395,1.37392,1.37394,11400000,1
1756678080000,1756678139000,1.37392,1.37392,1.3738,1.37383,33150000,1
1756678140000,1756678199000,1.37383,1.37395,1.37383,1.37394,12000000,1
1756678200000,1756678259000,1.37393,1.37395,1.37391,1.37394,13200000,1
1756678260000,1756678319000,1.37393,1.37393,1.37392,1.37393,4800000,1
1756678320000,1756678379000,1.37392,1.37395,1.37392,1.37394,13200000,1
1756678380000,1756678439000,1.37394,1.37394,1.37386,1.37389,14550000,1
1756678440000,1756678499000,1.37386,1.37394,1.37385,1.37392,21150000,1
1756678500000,1756678559000,1.37393,1.37394,1.37392,1.37394,8400000,1
1756678560000,1756678619000,1.37393,1.37393,1.37393,1.37393,1200000,1
1756678620000,1756678679000,1.37393,1.37393,1.37393,1.37393,0,1
1756678680000,1756678739000,1.37393,1.37393,1.37393,1.37393,0,1
1756678740000,1756678799000,1.37393,1.37398,1.37392,1.37397,22650000,1
1756678800000,1756678859000,1.37398,1.37398,1.37395,1.37395,10350000,1
1756678860000,1756678919000,1.37396,1.37396,1.37395,1.37395,12000000,1
1756678920000,1756678979000,1.37395,1.37397,1.37395,1.37396,18300000,1
1756678980000,1756679039000,1.37396,1.37397,1.37395,1.37397,40350000,1
1756679040000,1756679099000,1.37397,1.37399,1.37396,1.37398,26700000,1
1756679100000,1756679159000,1.37399,1.37403,1.37396,1.37403,31950000,1
1756679160000,1756679219000,1.37402,1.37402,1.37396,1.37396,9750000,1
1756679220000,1756679279000,1.37398,1.37399,1.37396,1.37399,37350000,1
1756679280000,1756679339000,1.37401,1.37404,1.37401,1.37403,12750000,1
1756679340000,1756679399000,1.37406,1.37417,1.37405,1.37417,42000000,1
1756679400000,1756679459000,1.37418,1.37426,1.37416,1.37425,38400000,1
1756679460000,1756679519000,1.37425,1.37425,1.3742,1.37421,23550000,1
1756679520000,1756679579000,1.37418,1.3742,1.37418,1.37419,4350000,1
1756679580000,1756679639000,1.37419,1.37419,1.37411,1.37412,18600000,1
1756679640000,1756679699000,1.37412,1.37413,1.37411,1.37412,11700000,1
1756679700000,1756679759000,1.37412,1.37413,1.37412,1.37412,13200000,1
1756679760000,1756679819000,1.37413,1.37413,1.37411,1.37411,5700000,1
1756679820000,1756679879000,1.37413,1.37413,1.3741,1.37412,12750000,1
1756679880000,1756679939000,1.37411,1.37412,1.3741,1.3741,37650000,1
1756679940000,1756679999000,1.37413,1.37413,1.3741,1.3741,13350000,1
1756680000000,1756680059000,1.37409,1.37412,1.37408,1.37411,76200000,1
1756680060000,1756680119000,1.37411,1.37411,1.37403,1.37405,27300000,1
1756680120000,1756680179000,1.37405,1.37409,1.37405,1.37408,22500000,1
1756680180000,1756680239000,1.37407,1.37408,1.37405,1.37405,26550000,1
1756680240000,1756680299000,1.37406,1.37406,1.37404,1.37404,37050000,1
1756680300000,1756680359000,1.37404,1.3741,1.37404,1.37409,111000000,1
1756680360000,1756680419000,1.3741,1.3741,1.37408,1.37409,11400000,1
1756680420000,1756680479000,1.37409,1.3741,1.37409,1.37409,8400000,1
1756680480000,1756680539000,1.37409,1.3741,1.37408,1.37409,15600000,1
1756680540000,1756680599000,1.3741,1.37411,1.37409,1.3741,14250000,1
1756680600000,1756680659000,1.3741,1.3741,1.37405,1.37405,20550000,1
1756680660000,1756680719000,1.37405,1.37406,1.37398,1.37398,16200000,1
1756680720000,1756680779000,1.37399,1.37404,1.37399,1.37403,13650000,1
1756680780000,1756680839000,1.37404,1.37404,1.37403,1.37404,14400000,1
1756680840000,1756680899000,1.37403,1.37406,1.37403,1.37406,4800000,1
1756680900000,1756680959000,1.37405,1.37407,1.37405,1.37407,30000000,1
1756680960000,1756681019000,1.37406,1.37407,1.37406,1.37406,13200000,1
1756681020000,1756681079000,1.37406,1.37413,1.37406,1.37409,26850000,1
1756681080000,1756681139000,1.37407,1.37409,1.37404,1.37406,16500000,1
1756681140000,1756681199000,1.37405,1.37405,1.37399,1.37399,32700000,1
1756681200000,1756681259000,1.37399,1.374,1.37392,1.37392,45750000,1
1756681260000,1756681319000,1.37392,1.37392,1.37387,1.37387,29550000,1
1756681320000,1756681379000,1.37389,1.37393,1.37388,1.37392,31200000,1
1756681380000,1756681439000,1.37392,1.37392,1.37386,1.37387,20700000,1
1756681440000,1756681499000,1.37386,1.37386,1.3738,1.37382,14100000,1
1756681500000,1756681559000,1.37381,1.37382,1.37375,1.37375,25950000,1
1756681560000,1756681619000,1.37375,1.37384,1.37375,1.37383,19350000,1
1756681620000,1756681679000,1.37383,1.37385,1.37383,1.37384,16500000,1
1756681680000,1756681739000,1.37385,1.37386,1.37383,1.37385,18000000,1
1756681740000,1756681799000,1.37386,1.37391,1.37384,1.37389,27300000,1
1756681800000,1756681859000,1.37387,1.37388,1.37384,1.37386,11400000,1
1756681860000,1756681919000,1.37385,1.37386,1.37384,1.37385,12750000,1
1756681920000,1756681979000,1.37384,1.37386,1.37384,1.37384,8550000,1
1756681980000,1756682039000,1.37384,1.37386,1.37384,1.37386,2550000,1
1756682040000,1756682099000,1.37386,1.37386,1.37386,1.37386,0,1
1756682100000,1756682159000,1.37386,1.37387,1.37386,1.37386,9900000,1
1756682160000,1756682219000,1.37385,1.37387,1.37385,1.37387,8100000,1
1756682220000,1756682279000,1.37388,1.3739,1.37387,1.37387,15300000,1
1756682280000,1756682339000,1.37385,1.37388,1.37385,1.37387,14250000,1
1756682340000,1756682399000,1.37388,1.37395,1.37388,1.37393,19500000,1
1756682400000,1756682459000,1.37393,1.37393,1.3739,1.37391,13950000,1
1756682460000,1756682519000,1.37391,1.37391,1.37384,1.37386,10800000,1
1756682520000,1756682579000,1.37384,1.37385,1.37381,1.37381,20850000,1
1756682580000,1756682639000,1.37382,1.37382,1.37376,1.37378,36900000,1
1756682640000,1756682699000,1.37376,1.37382,1.37376,1.37382,45000000,1
1756682700000,1756682759000,1.37381,1.37386,1.37381,1.37385,21000000,1
1756682760000,1756682819000,1.37386,1.37386,1.37385,1.37385,3600000,1
1756682820000,1756682879000,1.37386,1.37394,1.37386,1.37386,53700000,1
1756682880000,1756682939000,1.37387,1.3739,1.37386,1.37389,8550000,1
1756682940000,1756682999000,1.37389,1.3739,1.37389,1.37389,4200000,1
1756683000000,1756683059000,1.37391,1.37392,1.37386,1.37387,15600000,1
1756683060000,1756683119000,1.37385,1.3739,1.37385,1.37387,19800000,1
1756683120000,1756683179000,1.37386,1.37388,1.37385,1.37387,42900000,1
1756683180000,1756683239000,1.37387,1.37388,1.3738,1.37381,51000000,1
1756683240000,1756683299000,1.37381,1.37382,1.37381,1.37381,8100000,1
1756683300000,1756683359000,1.37381,1.3739,1.37381,1.37387,39900000,1
1756683360000,1756683419000,1.37386,1.37389,1.37385,1.37389,11250000,1
1756683420000,1756683479000,1.37388,1.37388,1.37388,1.37388,1200000,1
1756683480000,1756683539000,1.37388,1.37389,1.37386,1.37389,7350000,1
1756683540000,1756683599000,1.37388,1.3739,1.37388,1.37389,8400000,1
1756683600000,1756683659000,1.37389,1.37389,1.37388,1.37389,6000000,1
1756683660000,1756683719000,1.3739,1.37393,1.3739,1.37392,12150000,1
1756683720000,1756683779000,1.37393,1.37393,1.37393,1.37393,1200000,1
1756683780000,1756683839000,1.37392,1.37396,1.37391,1.37396,13800000,1
1756683840000,1756683899000,1.37397,1.37401,1.37397,1.374,13650000,1
1756683900000,1756683959000,1.37396,1.37399,1.37396,1.37398,7050000,1
1756683960000,1756684019000,1.37398,1.37398,1.37398,1.37398,3600000,1
1756684020000,1756684079000,1.37398,1.37401,1.37398,1.37399,15150000,1
1756684080000,1756684139000,1.374,1.37402,1.37398,1.37399,23850000,1
1756684140000,1756684199000,1.37398,1.37403,1.37398,1.37403,11100000,1
1756684200000,1756684259000,1.37404,1.37406,1.37403,1.37403,13200000,1
1756684260000,1756684319000,1.37402,1.37402,1.374,1.374,16800000,1
1756684320000,1756684379000,1.374,1.374,1.37394,1.37394,10200000,1
1756684380000,1756684439000,1.37394,1.37394,1.37393,1.37394,4800000,1
1756684440000,1756684499000,1.37393,1.37393,1.3739,1.3739,21300000,1
1756684500000,1756684559000,1.37392,1.37392,1.3739,1.37392,26250000,1
1756684560000,1756684619000,1.37392,1.37392,1.37388,1.37388,30000000,1
1756684620000,1756684679000,1.37389,1.37389,1.37383,1.37385,13350000,1
1756684680000,1756684739000,1.37385,1.37386,1.37382,1.37383,25800000,1
1756684740000,1756684799000,1.37384,1.37387,1.37384,1.37385,11850000,1
