openEpochMillis,closeEpochMillis,open,high,low,close,volume,sourceBars
1185926400000,1185926879000,0.6852412734523825,0.6855090247263106,0.6852318824690276,0.6854573371353367,2464000000,8
1185926880000,1185927359000,0.6854573371353367,0.685593621236948,0.6853539853334247,0.6855419208884623,6272000000,8
1185927360000,1185927839000,0.6855419208884623,0.6856688356657502,0.6854620356851536,0.6856124232971101,4685000000,8
1185927840000,1185928319000,0.6855607201129804,0.6857111510347381,0.6853727742519156,0.6854855294004744,3185000000,8
1185928320000,1185928799000,0.6854855294004744,0.6856876418516309,0.6854385435801826,0.6855748202080033,4272000000,8
1185928800000,1185929279000,0.6855748202080033,0.6857722824558877,0.6854667342993844,0.6854902283367951,2703000000,8
1185929280000,1185929759000,0.6854902283367951,0.6860263296905336,0.6854761317210936,0.6859275111806185,5014000000,8
1185929760000,1185930239000,0.6859275111806185,0.686191090494881,0.6858287211351837,0.6861204690319526,9333000000,8
1185930240000,1185930719000,0.6861204690319526,0.6862052165320561,0.6859133965745485,0.6859557421355175,5230000000,8
1185930720000,1185931199000,0.6859557421355175,0.6860216234015696,0.6856970453314317,0.6856970453314317,4773000000,8
1185931200000,1185931679000,0.6857487690809595,0.6859086918349429,0.6856312263885747,0.6859086918349429,4728000000,8
1185931680000,1185932159000,0.6859086918349429,0.6861016390968158,0.6857628769124212,0.6857628769124212,4524000000,8
1185932160000,1185932639000,0.6857628769124212,0.685941626367596,0.6855419208884623,0.6859275111806185,5090000000,8
1185932640000,1185933119000,0.6859275111806185,0.6859275111806185,0.6853727742519156,0.6854573371353367,4472000000,8
1185933120000,1185933599000,0.6855043255322941,0.6857158530648071,0.6854385435801826,0.6854996264027036,5438000000,8
1185933600000,1185934079000,0.6854996264027036,0.6856030221381216,0.6852929284622712,0.6854573371353367,2714000000,8
1185934080000,1185934559000,0.6854573371353367,0.6860498621039778,0.6853962618487879,0.6860216234015696,1802000000,8
1185934560000,1185935039000,0.6858569439586292,0.6861534239055853,0.68583342477779,0.68583342477779,2697000000,8
1185935040000,1185935519000,0.68583342477779,0.6858569439586292,0.6855419208884623,0.6856077226853883,5206000000,8
1185935520000,1185935999000,0.6856594329596489,0.6856594329596489,0.6855842205935788,0.6856077226853883,2127000000,8
1185936000000,1185936479000,0.6855560202101915,0.6855560202101915,0.6852365779285299,0.6853258038871679,4089000000,8
1185936480000,1185936959000,0.6853492882647642,0.6854808305285742,0.6851098231046437,0.6852694479469328,1901000000,8
1185936960000,1185937439000,0.6853211072047808,0.6855513203718431,0.6852694479469328,0.6855513203718431,2648000000,8
1185937440000,1185937919000,0.6855513203718431,0.6856030221381216,0.6853586824664688,0.6854479402289396,2700000000,8
1185937920000,1185938399000,0.6854714329780307,0.6855889208830386,0.6853492882647642,0.6855889208830386,2816000000,8
1185938400000,1185938879000,0.6855889208830386,0.6858052038898871,0.6853351974450703,0.6853539853334247,6467000000,8
1185938880000,1185939359000,0.6853868666168619,0.6854526386499324,0.6852365779285299,0.6853070175438596,5872000000,8
1185939360000,1185939839000,0.6853305006339308,0.6853586824664688,0.685091048600359,0.6852271870738743,5455000000,8
1185939840000,1185940319000,0.6852271870738743,0.6852271870738743,0.6848376934666485,0.6848939784121418,4291000000,8
1185940320000,1185940799000,0.6848939784121418,0.685067581916956,0.684767350292738,0.6849878072170315,5483000000,8
1185940800000,1185941279000,0.6849878072170315,0.6850394240188523,0.6848517638357178,0.6850253459377997,3664000000,8
1185941280000,1185941759000,0.6850253459377997,0.6850769683973995,0.6847626612616067,0.6849033601358848,4848000000,8
1185941760000,1185942239000,0.6849268155697563,0.6851755419738537,0.6849033601358848,0.6850394240188523,6545000000,8
1185942240000,1185942719000,0.6851145168914984,0.6852412734523825,0.6850394240188523,0.6851332926820913,3365000000,8
1185942720000,1185943199000,0.6851332926820913,0.6851896262290589,0.6850206533726991,0.6851145168914984,4286000000,8
1185943200000,1185943679000,0.6851426809633107,0.6852929284622712,0.6850581956937242,0.6850816617340787,3929000000,8
1185943680000,1185944159000,0.6851332926820913,0.6851332926820913,0.6849033601358848,0.6849831151662112,4137000000,8
1185944160000,1185944639000,0.6848845969454147,0.6851614582976479,0.6848564540872234,0.685048809727693,4830000000,8
1185944640000,1185945119000,0.6851004357238771,0.6851802366612537,0.6850159608718883,0.6851802366612537,1826000000,8
1185945120000,1185945599000,0.6851473752004056,0.6852459690405871,0.6849690393994191,0.6852131012744963,4346000000,8
1185945600000,1185946079000,0.6852131012744963,0.6854197510555464,0.6848423835254316,0.6849408896012273,8662000000,8
1185946080000,1185946559000,0.6849080510941405,0.6853398943205883,0.6848845969454147,0.6848845969454147,6526000000,8
1185946560000,1185947039000,0.6849127421166543,0.6854808305285742,0.6846548312668168,0.6854150530853959,8533000000,8
1185947040000,1185947519000,0.685156763867573,0.685156763867573,0.6847532833919938,0.6848001753088448,6653000000,8
1185947520000,1185947999000,0.6849033601358848,0.685067581916956,0.6846126461648,0.6848236236757224,9698000000,8
1185948000000,1185948479000,0.6848236236757224,0.6851802366612537,0.6845798391237378,0.6848283135417951,13813000000,8
1185948480000,1185948959000,0.6848283135417951,0.6851145168914984,0.6843455945252352,0.6850441168411245,13081000000,8
1185948960000,1185949439000,0.6850441168411245,0.6852741439212757,0.6847392170691792,0.6850957421299627,12073000000,8
1185949440000,1185949919000,0.6851239046581574,0.6860875173237098,0.6851098231046437,0.6856688356657502,13540000000,8
1185949920000,1185950399000,0.6856688356657502,0.6856688356657502,0.6850206533726991,0.6855607201129804,11757000000,8
1185950400000,1185950879000,0.6855607201129804,0.6859133965745485,0.6853211072047808,0.6857111510347381,16138000000,8
1185950880000,1185951359000,0.6856124232971101,0.6857111510347381,0.6853492882647642,0.685664134280464,12534000000,8
1185951360000,1185951839000,0.685664134280464,0.6860357424621824,0.6855607201129804,0.6859698584844183,13133000000,8
1185951840000,1185952319000,0.6860828101951906,0.6860828101951906,0.6854479402289396,0.6857628769124212,9037000000,8
1185952320000,1185952799000,0.6857111510347381,0.685814610594464,0.6850535026785591,0.6854573371353367,12205000000,8
1185952800000,1185953279000,0.6856171239732883,0.6858099072099196,0.6853305006339308,0.6857393641824615,9641000000,8
1185953280000,1185953759000,0.6858005006343655,0.6858757604647495,0.6855325216628276,0.6856265255190193,8901000000,8
1185953760000,1185954239000,0.6856782386297406,0.6862570169779987,0.6854949273375377,0.686191090494881,9065000000,8
1185954240000,1185954719000,0.686191090494881,0.686355930458417,0.6858663520826331,0.6861016390968158,10675000000,8
1185954720000,1185955199000,0.6860686891971624,0.6862805652206735,0.6858099072099196,0.6861063464837049,9916000000,8
1185955200000,1185955679000,0.6861063464837049,0.686436024162548,0.686059275521405,0.6862193431508448,14143000000,8
1185955680000,1185956159000,0.6862193431508448,0.6863417982155113,0.6860733961319182,0.6860828101951906,8327000000,8
1185956160000,1185956639000,0.6860828101951906,0.6865868395034604,0.6860263296905336,0.6861534239055853,18269000000,8
1185956640000,1185957119000,0.6861534239055853,0.6864218886211844,0.6858710562414266,0.6861816734598652,10776000000,8
1185957120000,1185957599000,0.6861816734598652,0.686483146838745,0.686115761451272,0.6864501602861125,8633000000,8
1185957600000,1185958079000,0.6864030421382827,0.6867282890851406,0.6859510368149921,0.6863088252451838,21036000000,8
1185958080000,1185958559000,0.6862805652206735,0.6863983306792598,0.6859651529702291,0.6861063464837049,17901000000,8
1185958560000,1185959039000,0.6860828101951906,0.6866056960808548,0.6859933870237491,0.6864784342799871,8917000000,8
1185959040000,1185959519000,0.6864124652503689,0.686530275985171,0.6860357424621824,0.6862428888080647,16503000000,8
1185959520000,1185959999000,0.6862428888080647,0.6862899849702494,0.6858569439586292,0.6859463315590189,11843000000,8
1185960000000,1185960479000,0.685922806247385,0.6862428888080647,0.685819314043522,0.6860216234015696,12028000000,8
1185960480000,1185960959000,0.6860498621039778,0.6864690093565725,0.6858569439586292,0.6864218886211844,14500000000,8
1185960960000,1185961439000,0.6863465088984825,0.6867613023741338,0.6862052165320561,0.6863182457705639,12724000000,8
1185961440000,1185961919000,0.6863417982155113,0.6865397025910008,0.6859133965745485,0.6862617264972515,14186000000,8
1185961920000,1185962399000,0.6861628401652281,0.6866811327491966,0.6859275111806185,0.6866151247579682,21918000000,8
1185962400000,1185962879000,0.6866811327491966,0.6872379905161157,0.6861628401652281,0.6869405727710496,12980000000,8
1185962880000,1185963359000,0.6869405727710496,0.6872285447248337,0.6865444159909926,0.686869796961288,11840000000,8
1185963360000,1185963839000,0.6868933872773607,0.6870208029899145,0.6865868395034604,0.6868556435493952,11633000000,8
1185963840000,1185964319000,0.6868037526957047,0.6869924843022218,0.6860875173237098,0.6866575570097437,15872000000,8
1185964320000,1185964799000,0.6866575570097437,0.6875403929980886,0.6864454481802331,0.6872852233676976,10257000000,8
1185964800000,1185965279000,0.6873324627122138,0.6873844334921191,0.6869500106477251,0.687176597513795,9092000000,8
1185965280000,1185965759000,0.687176597513795,0.6877295297305476,0.68699720392138,0.6873324627122138,7924000000,8
1185965760000,1185966239000,0.6873324627122138,0.688046566991654,0.6873088422282553,0.6878951097536647,14532000000,8
1185966240000,1185966719000,0.6878951097536647,0.6889567128497316,0.6876491339059159,0.6886198680604333,14340000000,8
1185966720000,1185967199000,0.6886198680604333,0.6888665389967348,0.688122320623714,0.6881554680833494,15078000000,8
1185967200000,1185967679000,0.6881554680833494,0.6886293521375055,0.6876633200385092,0.6877484491272472,12848000000,8
1185967680000,1185968159000,0.6878809140561586,0.6882833524905533,0.6877295297305476,0.6880323650424516,14930000000,8
1185968160000,1185968639000,0.6880086964299229,0.6884065453694334,0.6877342594821361,0.6881980909384957,10994000000,8
1185968640000,1185969119000,0.6881980909384957,0.6885392639515269,0.6873324627122138,0.6874694935412241,21554000000,8
1185969120000,1185969599000,0.687393883569224,0.6884776382463098,0.6870538444097865,0.6878099443561756,12421000000,8
1185969600000,1185970079000,0.6878099443561756,0.6880039629028263,0.6871104942385785,0.6871104942385785,7517000000,8
1185970080000,1185970559000,0.6871860418771174,0.6873749836748442,0.6863370875972026,0.6869452916769709,6902000000,8
1185970560000,1185971039000,0.68699720392138,0.6877484491272472,0.6865255627793301,0.6876349483586153,15664000000,8
1185971040000,1185971519000,0.6876349483586153,0.6883970674284927,0.6873891584981922,0.6879140382617788,11130000000,8
1185971520000,1185971999000,0.6878383304788043,0.6880181636795212,0.6874647674306692,0.6877248000440144,16652000000,8
1185972000000,1185972479000,0.687757909215956,0.6882122997302207,0.6874364121318778,0.6879755631079983,19580000000,8
1185972480000,1185972959000,0.687909306037092,0.687909306037092,0.687176597513795,0.6873749836748442,21758000000,8
1185972960000,1185973439000,0.6873749836748442,0.6875923952281088,0.6868462082655072,0.6869122606969412,20457000000,8
1185973440000,1185973919000,0.6869122606969412,0.6872993944892334,0.6868273384753807,0.6869547296833138,14356000000,8
1185973920000,1185974399000,0.6869547296833138,0.6871954865000447,0.6868650790925139,0.6868650790925139,14336000000,8
1185974400000,1185974879000,0.6868650790925139,0.6869547296833138,0.686530275985171,0.6866104103870423,16409000000,8
1185974880000,1185975359000,0.6866434123431019,0.6878430617270365,0.6865444159909926,0.6877295297305476,18610000000,8
1185975360000,1185975839000,0.6877295297305476,0.6884918585837723,0.6864313122507396,0.6871199367849659,16174000000,8
1185975840000,1185976319000,0.6871199367849659,0.6876160352059411,0.6867754518982473,0.687422235359625,15357000000,8
1185976320000,1185976799000,0.6874694935412241,0.6880039629028263,0.6872285447248337,0.6875923952281088,9997000000,8
1185976800000,1185977279000,0.6875923952281088,0.6888238333046323,0.6874411378525714,0.6877106113747335,15406000000,8
1185977280000,1185977759000,0.687757909215956,0.6881554680833494,0.6872143765247569,0.6880039629028263,16823000000,8
1185977760000,1185978239000,0.6880039629028263,0.6883733737179045,0.6876113070803336,0.687847793040356,17405000000,8
1185978240000,1185978719000,0.6877815605763609,0.6886530634731528,0.6877342594821361,0.688506079508682,13021000000,8
1185978720000,1185979199000,0.6885534868348573,0.6889804467349216,0.6883070400044052,0.6886246100663146,19378000000,8
1185979200000,1185979679000,0.6886910050067836,0.6892463780102835,0.6884681583476765,0.6889567128497316,17629000000,8
1185979680000,1185980159000,0.6889567128497316,0.689574325768703,0.6886578059362303,0.6891846256693706,17199000000,8
1185980160000,1185980639000,0.6891846256693706,0.6904551480335838,0.6889614594959558,0.6893223960846487,14982000000,8
1185980640000,1185981119000,0.6892986386351887,0.689731280693042,0.6888333230008336,0.689464975179261,8775000000,8
1185981120000,1185981599000,0.689464975179261,0.6898645106101162,0.6892653809569761,0.6897503103876397,5986000000,8
1185981600000,1185982079000,0.6897265234334586,0.6900692139421584,0.6896028577142423,0.689731280693042,7977000000,8
1185982080000,1185982559000,0.689731280693042,0.6901025492388169,0.6892796338546585,0.6900025530094461,5401000000,8
1185982560000,1185983039000,0.6899359049544297,0.6901644661922935,0.6896694414367194,0.689907345443507,5749000000,8
1185983040000,1185983519000,0.689907345443507,0.6913477825019876,0.6897788568984783,0.6912426469063436,6607000000,8
1185983520000,1185983999000,0.6912426469063436,0.6919266004262268,0.6908892435453672,0.6916681652810247,6305000000,8
1185984000000,1185984479000,0.6916059782420759,0.6919409635969859,0.6914194842010648,0.6914433880726015,9888000000,8
1185984480000,1185984959000,0.6914433880726015,0.6925639409658496,0.6913955819822312,0.6917686448944015,4191000000,8
1185984960000,1185985439000,0.6917590741496552,0.6920271551455679,0.6911518737127296,0.691830861191056,5044000000,8
1185985440000,1185985919000,0.6917686448944015,0.6920319441945441,0.6914386071660696,0.6917686448944015,7442000000,8
1185985920000,1185986399000,0.691701655242061,0.6921325295367557,0.6916155447509839,0.6920558904337114,6845000000,8
1185986400000,1185986879000,0.692103787884031,0.6921564827376173,0.6915581496670148,0.6915820631276107,4104000000,8
1185986880000,1185987359000,0.6916490296164114,0.6916729493626234,0.6911662047372531,0.6911948685692958,2966000000,8
1185987360000,1185987839000,0.6911948685692958,0.6914386071660696,0.6908224240958862,0.6909035636805814,3330000000,8
1185987840000,1185988319000,0.6908796971183407,0.6909417536101706,0.6905791196497383,0.6907842473560233,2081000000,8
1185988320000,1185988799000,0.6907842473560233,0.6912235347789122,0.6907317612278447,0.6909083371909048,6716000000,8
1185988800000,1185989279000,0.6909274318918284,0.691156650654871,0.6904313124408819,0.6906792830749041,7198000000,8
1185989280000,1185989759000,0.6906792830749041,0.6911327666044647,0.6904742176927113,0.6909703988281142,7724000000,8
1185989760000,1185990239000,0.6909703988281142,0.691161427663045,0.690894016857814,0.6909465276482253,4468000000,8
1185990240000,1185990719000,0.6909465276482253,0.6910420222653739,0.6907460748354297,0.6909369796380872,3352000000,8
1185990720000,1185991199000,0.6909369796380872,0.6912808743320499,0.6908128795153257,0.6912283127116886,828000000,8
1185991200000,1185991679000,0.6912283127116886,0.6918404339223202,0.6910563487346758,0.6917112243980383,2213000000,8
1185991680000,1185992159000,0.6916442458656965,0.6916442458656965,0.691237868775403,0.6912808743320499,775000000,8
1185992160000,1185992639000,0.6912808743320499,0.6915485847458214,0.6908128795153257,0.6914625123598924,496000000,8
1185992640000,1185993119000,0.6914338263256515,0.6918500069185001,0.6913382233990335,0.6915055458744779,2024000000,8
1185993120000,1185993599000,0.6914768562696206,0.6916107614634484,0.6913238852402351,0.6914003622937899,1803000000,8
1185993600000,1185994079000,0.6915964119978146,0.6915964119978146,0.6909656244601832,0.6913143267981086,1305000000,8
1185994080000,1185994559000,0.6912904318491329,0.691601195086865,0.6912904318491329,0.6915246736003541,2070000000,8
1185994560000,1185995039000,0.6915246736003541,0.6915246736003541,0.6909656244601832,0.6913764613969953,3792000000,8
1185995040000,1185995519000,0.6914003622937899,0.6914912007744701,0.6911279899924667,0.6911805363560962,2284000000,8
1185995520000,1185995999000,0.6911805363560962,0.6914147036250873,0.691085003455425,0.691085003455425,5985000000,8
1185996000000,1185996479000,0.6910324716158412,0.6911853136944546,0.6907365323644602,0.6910181461365175,8279000000,8
1185996480000,1185996959000,0.6910181461365175,0.6912808743320499,0.6910085961469361,0.6912665385519349,2122000000,8
1185996960000,1185997439000,0.6912665385519349,0.6917351484463629,0.6910085961469361,0.6916873020045098,4225000000,8
1185997440000,1185997919000,0.691634678562783,0.6919313880835576,0.6913525621525953,0.6914959824083422,9367000000,8
1185997920000,1185998399000,0.6915390200892085,0.691984056687334,0.6912760956726116,0.6916394621811542,14964000000,8
1185998400000,1185998879000,0.6915868460181887,0.6921660644821906,0.6912426469063436,0.6921181584120042,7659000000,8
1185998880000,1185999359000,0.6920511010533018,0.6922666888192006,0.6918883015525974,0.6919313880835576,4797000000,8
1185999360000,1185999839000,0.6919553273640654,0.6926886710767844,0.6919553273640654,0.6924632302024762,3801000000,8
1185999840000,1186000319000,0.6924920017173802,0.6934716578133451,0.6924440505207179,0.6930631311206137,4119000000,8
1186000320000,1186000799000,0.6930919525093394,0.6932889628397116,0.692626300405879,0.6926790748578276,3629000000,8
1186000800000,1186001279000,0.6927078643123835,0.6930199035316295,0.6926215031271862,0.6929958905343692,2973000000,8
1186001280000,1186001759000,0.6929286629941448,0.6932649311934556,0.692439255766288,0.6925543482024752,2833000000,8
1186001760000,1186002239000,0.6926023146769357,0.6929910881346066,0.6924056943444303,0.6927414550341522,1656000000,8
1186002240000,1186002719000,0.6927414550341522,0.6931063641026353,0.6925447557048374,0.6927894474311367,1316000000,8
1186002720000,1186003199000,0.6927654504014576,0.6928806513078123,0.6924584351824282,0.6924872062988636,2745000000,8
1186003200000,1186003679000,0.6924872062988636,0.6926838729340704,0.6922427279901425,0.6926358951626309,2763000000,8
1186003680000,1186004159000,0.6926358951626309,0.6928326462742925,0.6922331441229406,0.6925639409658496,2036000000,8
1186004160000,1186004639000,0.6926119087691593,0.6926119087691593,0.6918739405680285,0.691897875873521,3071000000,8
1186004640000,1186005119000,0.6920463117391816,0.6922523121227224,0.691830861191056,0.6922379360233699,2896000000,8
1186005120000,1186005599000,0.6922666888192006,0.6923146154538468,0.6920606798804119,0.6921996026774281,2091000000,8
1186005600000,1186006079000,0.6921996026774281,0.6924536402287866,0.6921325295367557,0.692352961539793,2393000000,8
1186006080000,1186006559000,0.692352961539793,0.6926119087691593,0.6923146154538468,0.6924488453415504,2178000000,8
1186006560000,1186007039000,0.6923961059643,0.6927894474311367,0.6922523121227224,0.6924776156610737,4160000000,8
1186007040000,1186007519000,0.6925255715067279,0.6925255715067279,0.6920271551455679,0.6921181584120042,3862000000,8
1186007520000,1186007999000,0.6921181584120042,0.6925255715067279,0.6921181584120042,0.6921660644821906,3290000000,8
1186008000000,1186008479000,0.6921660644821906,0.6922187688196978,0.6919505393754455,0.6921708554539602,5964000000,8
1186008480000,1186008959000,0.6921708554539602,0.692300236766681,0.691945751453086,0.6922235605211059,2429000000,8
1186008960000,1186009439000,0.6922523121227224,0.692300236766681,0.691830861191056,0.6919218128351496,2045000000,8
1186009440000,1186009919000,0.6919218128351496,0.6922762736152744,0.6919218128351496,0.6922762736152744,6864000000,8
1186009920000,1186010399000,0.6922762736152744,0.6922762736152744,0.6918883015525974,0.6919122378517508,5300000000,8
1186010400000,1186010879000,0.6919122378517508,0.6919792683011217,0.691730363504306,0.6918691537056512,3354000000,8
1186010880000,1186011359000,0.6918452203872949,0.6920223661628744,0.6918165025908528,0.6918691537056512,5575000000,8
1186011360000,1186011839000,0.6918691537056512,0.6922714811840611,0.6918691537056512,0.6920702589726909,4898000000,8
1186011840000,1186012319000,0.6920079996124755,0.6922043941134938,0.691830861191056,0.6919553273640654,5367000000,8
1186012320000,1186012799000,0.6919553273640654,0.6920271551455679,0.6917064397869545,0.6919409635969859,4323000000,8
1186012800000,1186013279000,0.6918883015525974,0.6920463117391816,0.6917590741496552,0.6919122378517508,5304000000,8
1186013280000,1186013759000,0.6919122378517508,0.6920463117391816,0.6917495036697311,0.6920223661628744,3811000000,8
1186013760000,1186014239000,0.6919984222435973,0.6921948113076944,0.6915581496670148,0.6920032108948986,6771000000,8
1186014240000,1186014719000,0.6921325295367557,0.6922235605211059,0.6918739405680285,0.691984056687334,3175000000,8
1186014720000,1186015199000,0.6919313880835576,0.6920750486182722,0.6919122378517508,0.6919792683011217,4108000000,8
1186015200000,1186015679000,0.6919792683011217,0.6920367333098041,0.6918547935159369,0.6918547935159369,4539000000,8
1186015680000,1186016159000,0.6918547935159369,0.6921996026774281,0.6918547935159369,0.6921996026774281,4776000000,8
1186016160000,1186016639000,0.6922523121227224,0.6923817238920161,0.6920798383301497,0.6921996026774281,3639000000,8
1186016640000,1186017119000,0.6922618965206917,0.6922618965206917,0.6920079996124755,0.6921852287672181,2372000000,8
1186017120000,1186017599000,0.6921852287672181,0.692352961539793,0.6920894179527994,0.6922235605211059,2916000000,8
1186017600000,1186018079000,0.6921996026774281,0.6924344610782589,0.6921756464920539,0.6923146154538468,2313000000,8
1186018080000,1186018559000,0.6923146154538468,0.6923146154538468,0.6921085779937156,0.6921660644821906,2034000000,8
1186018560000,1186019039000,0.6921900200042915,0.6922139771846273,0.6920750486182722,0.6921804375964726,1455000000,8
1186019040000,1186019519000,0.6921804375964726,0.6924967972023129,0.6921469012583231,0.6922427279901425,2491000000,8
1186019520000,1186019999000,0.6922187688196978,0.6927222599371008,0.6922187688196978,0.6925447557048374,3589000000,8
1186020000000,1186020479000,0.692573533994972,0.6928374464783073,0.6923481680467473,0.6923481680467473,3441000000,8
1186020480000,1186020959000,0.6923481680467473,0.6925447557048374,0.6922235605211059,0.6923385812597793,2614000000,8
1186020960000,1186021439000,0.6922618965206917,0.6925063883714327,0.6921708554539602,0.6923625487250145,3636000000,8
1186021440000,1186021919000,0.6923625487250145,0.6923865178497244,0.6921229487206108,0.6921229487206108,4285000000,8
1186021920000,1186022399000,0.6920989978406512,0.6922379360233699,0.6920367333098041,0.6921900200042915,2939000000,8
1186022400000,1186022879000,0.6921900200042915,0.6923385812597793,0.6920989978406512,0.6922906513070447,3534000000,8
1186022880000,1186023359000,0.6922906513070447,0.6922906513070447,0.6917686448944015,0.6917686448944015,5207000000,8
1186023360000,1186023839000,0.6918165025908528,0.6921325295367557,0.6917877871784052,0.6919696917275023,3310000000,8
1186023840000,1186024319000,0.6919696917275023,0.6921996026774281,0.691945751453086,0.692103787884031,4044000000,8
1186024320000,1186024799000,0.6921804375964726,0.6921804375964726,0.6920223661628744,0.6920989978406512,2664000000,8
1186024800000,1186025279000,0.6921469012583231,0.6921900200042915,0.6919074504594266,0.6919601154189472,4846000000,8
1186025280000,1186025759000,0.6919601154189472,0.6920558904337114,0.6914720749002551,0.6916155447509839,2742000000,8
1186025760000,1186026239000,0.6916155447509839,0.6919601154189472,0.691515109605145,0.6918500069185001,6896000000,8
1186026240000,1186026719000,0.6919026631333505,0.6919601154189472,0.6915485847458214,0.6915485847458214,4943000000,8
1186026720000,1186027199000,0.6915485847458214,0.6916538134333003,0.6913716814159292,0.6916538134333003,4014000000,8
1186027200000,1186027679000,0.6916059782420759,0.6916490296164114,0.691304768620294,0.6914194842010648,2434000000,8
1186027680000,1186028159000,0.6914720749002551,0.6915916289749229,0.6913621216520789,0.6915677148527998,3009000000,8
1186028160000,1186028639000,0.6916394621811542,0.691744718529074,0.6913477825019876,0.6916777335104028,3545000000,8
1186028640000,1186029119000,0.6916777335104028,0.691830861191056,0.691519891569681,0.6915629322268326,4044000000,8
1186029120000,1186029599000,0.6915629322268326,0.6918595801796067,0.6913716814159292,0.6916729493626234,4825000000,8
1186029600000,1186030079000,0.6916729493626234,0.6917207938187829,0.6912952107067802,0.6914194842010648,3603000000,8
1186030080000,1186030559000,0.6914194842010648,0.6916490296164114,0.691161427663045,0.6912092013768888,6093000000,8
1186030560000,1186031039000,0.6912092013768888,0.6913860215574161,0.6910563487346758,0.6912713170792405,9630000000,8
1186031040000,1186031519000,0.6912713170792405,0.691634678562783,0.6911757590837775,0.691634678562783,6956000000,8
1186031520000,1186031999000,0.691634678562783,0.6923337879658541,0.6914481690452484,0.6919409635969859,7665000000,8
1186032000000,1186032479000,0.6919409635969859,0.6922571042885327,0.6918404339223202,0.6920511010533018,4561000000,8
1186032480000,1186032959000,0.6920511010533018,0.69230502959604,0.6919505393754455,0.6920894179527994,2039000000,8
1186032960000,1186033439000,0.6922523121227224,0.6926838729340704,0.6918787274966444,0.6925831272898529,7529000000,8
1186033440000,1186033919000,0.6925831272898529,0.6926310977510268,0.6923146154538468,0.6925543482024752,3929000000,8
1186033920000,1186034399000,0.6925543482024752,0.6927990467085118,0.6922043941134938,0.6923865178497244,5103000000,8
1186034400000,1186034879000,0.6924344610782589,0.692626300405879,0.6922379360233699,0.6925975177304965,7435000000,8
1186034880000,1186035359000,0.6925975177304965,0.6926742768480549,0.6924776156610737,0.6925447557048374,4422000000,8
1186035360000,1186035839000,0.6925447557048374,0.6925447557048374,0.6921660644821906,0.6921948113076944,3925000000,8
1186035840000,1186036319000,0.6921948113076944,0.6925879240369566,0.6919409635969859,0.6925399595556664,12703000000,8
1186036320000,1186036799000,0.692515979806234,0.6928758505051065,0.6922906513070447,0.6925879240369566,6492000000,8
1186036800000,1186037279000,0.6925879240369566,0.6925879240369566,0.692295444003683,0.6925015927536633,11430000000,8
1186037280000,1186037759000,0.6925687374471916,0.6925687374471916,0.6918547935159369,0.6919936336585704,8682000000,8
1186037760000,1186038239000,0.6919936336585704,0.6925495519204399,0.6919122378517508,0.6923337879658541,15224000000,8
1186038240000,1186038719000,0.6921373200442967,0.6921900200042915,0.6919409635969859,0.6920606798804119,7822000000,8
1186038720000,1186039199000,0.6920846281083252,0.6926790748578276,0.6920127883963295,0.6925831272898529,9177000000,8
1186039200000,1186039679000,0.6925831272898529,0.6928038464469555,0.6923385812597793,0.6923673424171929,8947000000,8
1186039680000,1186040159000,0.6923433746200766,0.6924200774125646,0.6922187688196978,0.6923385812597793,8413000000,8
1186040160000,1186040639000,0.6922858586767647,0.6924488453415504,0.6922427279901425,0.6923146154538468,5409000000,8
1186040640000,1186041119000,0.6923146154538468,0.6924824109467619,0.6914242648431503,0.6922187688196978,6884000000,8
1186041120000,1186041599000,0.6922187688196978,0.6925831272898529,0.6912617600906935,0.6912856530575564,4810000000,8
1186041600000,1186042079000,0.6912617600906935,0.6921085779937156,0.6911948685692958,0.6918165025908528,10111000000,8
1186042080000,1186042559000,0.6917255786284465,0.6918739405680285,0.6913334439466844,0.6917064397869545,12851000000,8
1186042560000,1186043039000,0.6917064397869545,0.6921660644821906,0.6916729493626234,0.6920750486182722,6795000000,8
1186043040000,1186043519000,0.6920750486182722,0.6920750486182722,0.6914768562696206,0.6915294556971654,7348000000,8
1186043520000,1186043999000,0.6915294556971654,0.691811716523231,0.6914242648431503,0.6917686448944015,4865000000,8
1186044000000,1186044479000,0.6917973587176843,0.6919122378517508,0.6915533671733447,0.6917590741496552,9189000000,8
1186044480000,1186044959000,0.6917590741496552,0.6917925729149372,0.6912426469063436,0.6913669015009576,5677000000,8
1186044960000,1186045439000,0.6913669015009576,0.6917064397869545,0.6911041079228175,0.6913764613969953,8829000000,8
1186045440000,1186045919000,0.6913764613969953,0.691811716523231,0.6912569816955152,0.6916777335104028,8888000000,8
1186045920000,1186046399000,0.6916298950105819,0.6921564827376173,0.6915724975449176,0.6918595801796067,5798000000,8
1186046400000,1186046879000,0.6918595801796067,0.6919122378517508,0.6916155447509839,0.691730363504306,6029000000,8
1186046880000,1186047359000,0.691730363504306,0.6919792683011217,0.691357341869292,0.6915724975449176,8915000000,8
1186047360000,1186047839000,0.6915485847458214,0.6920175772464621,0.6915485847458214,0.6918883015525974,10844000000,8
1186047840000,1186048319000,0.6918883015525974,0.6920463117391816,0.6916203281046837,0.6916203281046837,5258000000,8
1186048320000,1186048799000,0.6915677148527998,0.6920127883963295,0.6912999896305001,0.6918452203872949,6118000000,8
1186048800000,1186049279000,0.6918452203872949,0.6919601154189472,0.6914194842010648,0.6915007641083444,14993000000,8
1186049280000,1186049759000,0.6915294556971654,0.691744718529074,0.6914242648431503,0.6915629322268326,6433000000,8
1186049760000,1186050239000,0.6914720749002551,0.6916298950105819,0.6910085961469361,0.691156650654871,5148000000,8
1186050240000,1186050719000,0.6911232134464933,0.6912999896305001,0.6905981961575116,0.6908319689401947,6466000000,8
1186050720000,1186051199000,0.6907985631389887,0.6910754516178076,0.6904217786645862,0.6904217786645862,5474000000,8
1186051200000,1186051679000,0.6904217786645862,0.6906983651169698,0.6902978635281124,0.6904694501791768,4666000000,8
1186051680000,1186052159000,0.6905695817910612,0.6907651605683616,0.6903979453757146,0.6907126773404799,7270000000,8
1186052160000,1186052639000,0.6907126773404799,0.6911041079228175,0.6906888239641394,0.6910420222653739,5308000000,8
1186052640000,1186053119000,0.6910420222653739,0.6913334439466844,0.6909226581176503,0.6912283127116886,5530000000,8
1186053120000,1186053599000,0.6911662047372531,0.6913477825019876,0.6910897794732513,0.6912139791115135,5786000000,8
1186053600000,1186054079000,0.6911805363560962,0.6916059782420759,0.6911041079228175,0.6915485847458214,9247000000,8
1186054080000,1186054559000,0.6915485847458214,0.6924056943444303,0.6915485847458214,0.6922762736152744,7833000000,8
1186054560000,1186055039000,0.6922091856158932,0.6924584351824282,0.6920319441945441,0.6920319441945441,9889000000,8
1186055040000,1186055519000,0.6920319441945441,0.6923242015771145,0.6917064397869545,0.6917399334546184,9625000000,8
1186055520000,1186055999000,0.6918021445866482,0.6920702589726909,0.6914720749002551,0.6920463117391816,9642000000,8
1186056000000,1186056479000,0.6920702589726909,0.6922187688196978,0.6917925729149372,0.691864366909511,8773000000,8
1186056480000,1186056959000,0.691897875873521,0.6922043941134938,0.6914959824083422,0.6921373200442967,9379000000,8
1186056960000,1186057439000,0.6921373200442967,0.6921900200042915,0.6911996461057812,0.6914481690452484,10842000000,8
1186057440000,1186057919000,0.6914147036250873,0.691634678562783,0.6911996461057812,0.6915820631276107,10061000000,8
1186057920000,1186058399000,0.6915820631276107,0.691984056687334,0.6914481690452484,0.6917782159039813,13836000000,8
1186058400000,1186058879000,0.6917782159039813,0.6922043941134938,0.6914768562696206,0.6916633812656057,18951000000,8
1186058880000,1186059359000,0.6915677148527998,0.6921948113076944,0.6915390200892085,0.6918739405680285,11638000000,8
1186059360000,1186059839000,0.6919553273640654,0.6931784310599391,0.6919218128351496,0.6925639409658496,2571000000,8
1186059840000,1186060319000,0.6925639409658496,0.693101560171612,0.6922762736152744,0.6926119087691593,3188000000,8
1186060320000,1186060799000,0.6925111840556225,0.693000693000693,0.692295444003683,0.6927174613290478,4887000000,8
1186060800000,1186061279000,0.6927702496743979,0.6948208057142063,0.6924872062988636,0.6945746771964187,4495000000,8
1186061280000,1186061759000,0.694704958803996,0.6954248002392261,0.6945602044785242,0.6948594299373236,25835000000,8
1186061760000,1186062239000,0.6948594299373236,0.6952894142186685,0.6945457323637475,0.6947677044180278,17801000000,8
1186062240000,1186062719000,0.6947387434955086,0.6950671087293478,0.6944733808353126,0.6946180989691867,19522000000,8
1186062720000,1186063199000,0.6947339169098236,0.6948980584548247,0.6942997986530585,0.6947001326877253,21110000000,8
1186063200000,1186063679000,0.6947001326877253,0.6959184383590243,0.6945167899433968,0.6954973501550958,13468000000,8
1186063680000,1186064159000,0.6954973501550958,0.6956715317295786,0.6950671087293478,0.6956473346272374,14445000000,8
1186064160000,1186064639000,0.6955795916947797,0.6958893814239289,0.695163745820328,0.6954780020307958,15498000000,8
1186064640000,1186065119000,0.69557475341875,0.6956666921744453,0.6952604097864855,0.6954248002392261,8349000000,8
1186065120000,1186065599000,0.6954248002392261,0.6956086227644879,0.6951879092918816,0.6952265743405776,12150000000,8
1186065600000,1186066079000,0.6952265743405776,0.6952555759497191,0.6945746771964187,0.6951057603414359,19277000000,8
1186066080000,1186066559000,0.6951057603414359,0.6951734110073757,0.6946132740596672,0.6947097849873216,10829000000,8
1186066560000,1186067039000,0.6946856547412296,0.6947242639396424,0.6937795723542716,0.6944974963365258,13046000000,8
1186067040000,1186067519000,0.6944974963365258,0.6948111503293405,0.6943094398311439,0.6947773585954381,12957000000,8
1186067520000,1186067999000,0.6947773585954381,0.6948980584548247,0.6942853373879596,0.6944106883693154,8508000000,8
1186068000000,1186068479000,0.6944106883693154,0.6945071430059658,0.6937170050849456,0.6938325227056693,6559000000,8
1186068480000,1186068959000,0.6938662225922841,0.6940155043063662,0.6931880411199146,0.6935582311490873,12748000000,8
1186068960000,1186069439000,0.6935822831341597,0.6940395880181006,0.6935822831341597,0.693986606058503,15120000000,8
1186069440000,1186069919000,0.693986606058503,0.6941552131056504,0.6938036396938938,0.6938565937192102,5132000000,8
1186069920000,1186070399000,0.6938565937192102,0.6940395880181006,0.693567851742936,0.6937891990897486,9189000000,8
1186070400000,1186070879000,0.6935293709688606,0.6938565937192102,0.6934139542624156,0.6935822831341597,9450000000,8
1186070880000,1186071359000,0.6936063367874928,0.6943528284462467,0.6934908944645557,0.6939528944775228,11305000000,8
1186071360000,1186071839000,0.693986606058503,0.6941600316536974,0.6933899139503117,0.6938036396938938,10761000000,8
1186071840000,1186072319000,0.6938277087033748,0.6941985824464947,0.6937651327519582,0.6941696689504849,8482000000,8
1186072320000,1186072799000,0.6941696689504849,0.6945795015697496,0.6940636734013979,0.6942274983512097,5941000000,8
1186072800000,1186073279000,0.6942515967786727,0.6944299771532538,0.6940877604564322,0.6942274983512097,6518000000,8
1186073280000,1186073759000,0.6942274983512097,0.6942274983512097,0.6936496375680643,0.6937988260923862,3337000000,8
1186073760000,1186074239000,0.6937988260923862,0.6938854811401927,0.6934139542624156,0.6935245611723339,8982000000,8
1186074240000,1186074719000,0.6934716578133451,0.6938036396938938,0.693164016469577,0.6932937693688946,9582000000,8
1186074720000,1186075199000,0.6932264840245956,0.6935293709688606,0.6931111681002515,0.693394721879377,10763000000,8
1186075200000,1186075679000,0.693394721879377,0.693688131689755,0.6931111681002515,0.6931111681002515,10216000000,8
1186075680000,1186076159000,0.693164016469577,0.693726630084149,0.6928038464469555,0.6936303921092607,12502000000,8
1186076160000,1186076639000,0.6936303921092607,0.6936785077587941,0.6932937693688946,0.6935149417794206,10786000000,8
1186076640000,1186077119000,0.6934668488172924,0.693721817551162,0.6934668488172924,0.6935726621399491,12295000000,8
1186077120000,1186077599000,0.6936736958934517,0.6938373367747666,0.6934524222293109,0.6937988260923862,8290000000,8
1186077600000,1186078079000,0.6937988260923862,0.6939191861715784,0.693567851742936,0.6936833196908947,4722000000,8
1186078080000,1186078559000,0.6936833196908947,0.6937362553504408,0.6933706829007856,0.6934043379375381,4014000000,8
1186078560000,1186079039000,0.6934043379375381,0.6935053226533513,0.6931928462498267,0.6934716578133451,4988000000,8
1186079040000,1186079519000,0.6934716578133451,0.693625580911424,0.6932168728986864,0.693394721879377,7175000000,8
1186079520000,1186079999000,0.693394721879377,0.6938277087033748,0.693394721879377,0.6936111477183662,6612000000,8
1186080000000,1186080479000,0.6936111477183662,0.6937121926854987,0.6934091460666366,0.693567851742936,6179000000,8
1186080480000,1186080959000,0.693567851742936,0.6936736958934517,0.6932889628397116,0.6935438007587369,5059000000,8
1186080960000,1186081439000,0.6935438007587369,0.6936592606979599,0.6932937693688946,0.6934764668760965,9346000000,8
1186081440000,1186081919000,0.6934235708540204,0.6937410680837485,0.6933226099436329,0.6933226099436329,6842000000,8
1186081920000,1186082399000,0.6933899139503117,0.6935245611723339,0.6932889628397116,0.6934572310252765,3519000000,8
1186082400000,1186082879000,0.6934572310252765,0.6937362553504408,0.6934043379375381,0.6935245611723339,3458000000,8
1186082880000,1186083359000,0.6935870937313598,0.6938951108150492,0.6933610677760443,0.6935822831341597,7557000000,8
1186083360000,1186083839000,0.6935822831341597,0.6936833196908947,0.693442804837457,0.6935197514425211,6429000000,8
1186083840000,1186084319000,0.693442804837457,0.6934860852017004,0.692986285801404,0.6930391151276578,9606000000,8
1186084320000,1186084799000,0.6931207762952695,0.6932553190014351,0.692866249099274,0.6930391151276578,5997000000,8
1186084800000,1186085279000,0.6929910881346066,0.6930871487780874,0.6927846478922027,0.6928758505051065,3788000000,8
1186085280000,1186085759000,0.6928758505051065,0.6932841563771743,0.6928758505051065,0.6932841563771743,4836000000,8
1186085760000,1186086239000,0.6932841563771743,0.6937458808838323,0.6931928462498267,0.6933514529179696,2686000000,8
1186086240000,1186086719000,0.6933514529179696,0.6933995298751188,0.6931688212664194,0.693298575964725,3053000000,8
1186086720000,1186087199000,0.693298575964725,0.693495703794115,0.6931063641026353,0.693298575964725,1345000000,8
1186087200000,1186087679000,0.693298575964725,0.6933514529179696,0.693101560171612,0.6932360954170161,1397000000,8
1186087680000,1186088159000,0.6932360954170161,0.6933514529179696,0.6929334645287359,0.6932360954170161,2952000000,8
1186088160000,1186088639000,0.6932360954170161,0.6934476135000381,0.6931303847566765,0.693394721879377,904000000,8
1186088640000,1186089119000,0.693394721879377,0.6939625260235947,0.6933466455889287,0.6934476135000381,475000000,8
1186089120000,1186089599000,0.6934476135000381,0.6934476135000381,0.6928374464783073,0.6930727379838514,836000000,8
1186089600000,1186090079000,0.6930727379838514,0.6931880411199146,0.6929814835347599,0.6930583277888668,436000000,8
1186090080000,1186090559000,0.6930583277888668,0.6933851060879213,0.6929382661298705,0.6930054955335796,271000000,8
1186090560000,1186091039000,0.6930054955335796,0.6934812760055479,0.6928902531128095,0.6928902531128095,156000000,8
1186091040000,1186091519000,0.6928230460658044,0.692971879201142,0.6926742768480549,0.692971879201142,410000000,8
1186091520000,1186091999000,0.692971879201142,0.6930871487780874,0.6929334645287359,0.6930199035316295,655000000,8
1186092000000,1186092479000,0.6930199035316295,0.6933178030145458,0.6929046563192904,0.6931063641026353,1010000000,8
1186092480000,1186092959000,0.6931736261298731,0.6932216784283278,0.6930054955335796,0.6930054955335796,817000000,8
1186092960000,1186093439000,0.6930054955335796,0.6936736958934517,0.6930054955335796,0.6935774726036898,301000000,8
1186093440000,1186093919000,0.6936736958934517,0.693721817551162,0.6930583277888668,0.6930727379838514,521000000,8
1186093920000,1186094399000,0.6930199035316295,0.6930727379838514,0.6926215031271862,0.6926742768480549,1590000000,8
1186094400000,1186094879000,0.6926742768480549,0.6926742768480549,0.6923721361757518,0.6924920017173802,2202000000,8
1186094880000,1186095359000,0.6924920017173802,0.6926071116898228,0.6924248719013988,0.6925543482024752,1700000000,8
1186095360000,1186095839000,0.6925543482024752,0.692731857352656,0.6925207756232687,0.692731857352656,1971000000,8
1186095840000,1186096319000,0.6927558520550602,0.6927558520550602,0.692573533994972,0.692626300405879,2625000000,8
1186096320000,1186096799000,0.6926934692859715,0.6931447979482913,0.692573533994972,0.6926406926406926,2059000000,8
1186096800000,1186097279000,0.6926406926406926,0.6927558520550602,0.6924967972023129,0.692626300405879,2706000000,8
1186097280000,1186097759000,0.692626300405879,0.6927798484197691,0.6925111840556225,0.6925591445509446,2406000000,8
1186097760000,1186098239000,0.6925591445509446,0.6925591445509446,0.6922762736152744,0.6923289947382997,1549000000,8
1186098240000,1186098719000,0.6923289947382997,0.6923961059643,0.6921996026774281,0.6922762736152744,2576000000,8
1186098720000,1186099199000,0.6922523121227224,0.6924728204417977,0.692228352288853,0.6922906513070447,2824000000,8
1186099200000,1186099679000,0.6923433746200766,0.6926071116898228,0.6921948113076944,0.6923337879658541,681300000,8
1186099680000,1186100159000,0.6923194084822973,0.6924200774125646,0.6921469012583231,0.6921996026774281,956900000,8
1186100160000,1186100639000,0.6923865178497244,0.6925543482024752,0.6921469012583231,0.6922762736152744,478800000,8
1186100640000,1186101119000,0.6923098224917615,0.6927894474311367,0.6923098224917615,0.6925927208505038,500400000,8
1186101120000,1186101599000,0.6926694789047511,0.6927558520550602,0.6924009001211702,0.6926119087691593,574700000,8
1186101600000,1186102079000,0.6926310977510268,0.6927174613290478,0.6923337879658541,0.6926694789047511,574700000,8
1186102080000,1186102559000,0.6926454901852134,0.6928086462519052,0.6923865178497244,0.6927606511950121,518900000,8
1186102560000,1186103039000,0.692530367456613,0.6927126627874758,0.692530367456613,0.6926838729340704,481400000,8
1186103040000,1186103519000,0.6926934692859715,0.6928566479595372,0.6924152829901261,0.6924440505207179,431600000,8
1186103520000,1186103999000,0.692439255766288,0.6927750490138347,0.6923865178497244,0.6925495519204399,313600000,8
1186104000000,1186104479000,0.6924728204417977,0.6927414550341522,0.6920606798804119,0.6922331441229406,574300000,8
1186104480000,1186104959000,0.6922475200232595,0.6926934692859715,0.6922475200232595,0.6924296664566296,366800000,8
1186104960000,1186105439000,0.6924872062988636,0.6926886710767844,0.6922762736152744,0.692515979806234,453400000,8
1186105440000,1186105919000,0.6924632302024762,0.6925063883714327,0.6921612735767434,0.6922379360233699,420500000,8
1186105920000,1186106399000,0.6922331441229406,0.6925495519204399,0.6919792683011217,0.6924728204417977,1126800000,8
1186106400000,1186106879000,0.6924584351824282,0.6927174613290478,0.6922043941134938,0.6925687374471916,971600000,8
1186106880000,1186107359000,0.6925831272898529,0.6928134461233624,0.6922475200232595,0.6927750490138347,610800000,8
1186107360000,1186107839000,0.6928086462519052,0.6928566479595372,0.6924488453415504,0.6924584351824282,605500000,8
1186107840000,1186108319000,0.6924440505207179,0.6927750490138347,0.692352961539793,0.6925927208505038,724300000,8
1186108320000,1186108799000,0.6926023146769357,0.6926167059149467,0.6922475200232595,0.6924920017173802,545900000,8
1186108800000,1186109279000,0.6924920017173802,0.6926838729340704,0.692300236766681,0.6924056943444303,432400000,8
1186109280000,1186109759000,0.6924920017173802,0.6926502877961946,0.692300236766681,0.692515979806234,357600000,8
1186109760000,1186110239000,0.6924728204417977,0.6926454901852134,0.6923385812597793,0.6925399595556664,559500000,8
1186110240000,1186110719000,0.6925687374471916,0.6927654504014576,0.6924872062988636,0.6926646810279143,1747600000,8
1186110720000,1186111199000,0.6926646810279143,0.6930583277888668,0.6925639409658496,0.6929142587896174,1692600000,8
1186111200000,1186111679000,0.6929046563192904,0.6932360954170161,0.6926167059149467,0.693164016469577,1670500000,8
1186111680000,1186112159000,0.6931399934844841,0.6933370311308328,0.6927894474311367,0.6931928462498267,1598400000,8
1186112160000,1186112639000,0.6931832360566192,0.6935005131903798,0.6931447979482913,0.6931447979482913,1272000000,8
1186112640000,1186113119000,0.6931688212664194,0.6932793499812815,0.6928950541151038,0.692971879201142,1496500000,8
1186113120000,1186113599000,0.6928710497689274,0.6930343121287935,0.6924009001211702,0.6928470470858854,1186400000,8
1186113600000,1186114079000,0.6929238615260955,0.6930391151276578,0.6927798484197691,0.6928038464469555,1656900000,8
1186114080000,1186114559000,0.6927894474311367,0.6931592117393445,0.6927270586116364,0.692971879201142,2685800000,8
1186114560000,1186115039000,0.6929766813346732,0.6930487213251091,0.6928278461367919,0.6928902531128095,1802500000,8
1186115040000,1186115519000,0.6928758505051065,0.6930199035316295,0.6926886710767844,0.6930199035316295,2012900000,8
1186115520000,1186115999000,0.6930823451134229,0.6932505130053797,0.6927942470365727,0.6927942470365727,1373600000,8
1186116000000,1186116479000,0.6928278461367919,0.693000693000693,0.6927990467085118,0.6928806513078123,1788600000,8
1186116480000,1186116959000,0.6928470470858854,0.6930247063307807,0.6927414550341522,0.692866249099274,1706300000,8
1186116960000,1186117439000,0.6929286629941448,0.6930151007990464,0.6928182460613282,0.6928806513078123,1459600000,8
1186117440000,1186117919000,0.6928566479595372,0.6930919525093394,0.6927222599371008,0.692731857352656,2097400000,8
1186117920000,1186118399000,0.6927222599371008,0.6930054955335796,0.6927174613290478,0.6929622751337418,2452900000,8
1186118400000,1186118879000,0.6929622751337418,0.6930775415153447,0.6927798484197691,0.6929334645287359,2482900000,8
1186118880000,1186119359000,0.6929286629941448,0.692952671332548,0.6927414550341522,0.692866249099274,2613900000,8
1186119360000,1186119839000,0.6928806513078123,0.6930054955335796,0.6925063883714327,0.6929238615260955,2430400000,8
1186119840000,1186120319000,0.6929766813346732,0.6933274169393754,0.692626300405879,0.693053524523699,4304500000,8
1186120320000,1186120799000,0.6930054955335796,0.6932697373894235,0.6927942470365727,0.6929814835347599,4185900000,8
1186120800000,1186121279000,0.693000693000693,0.6930102981330303,0.6926406926406926,0.6928182460613282,3376200000,8
1186121280000,1186121759000,0.6927558520550602,0.6928566479595372,0.6924728204417977,0.6924967972023129,2716000000,8
1186121760000,1186122239000,0.6925207756232687,0.6927462539746316,0.692295444003683,0.692295444003683,2442200000,8
1186122240000,1186122719000,0.6922906513070447,0.692626300405879,0.6921612735767434,0.6925399595556664,3043500000,8
1186122720000,1186123199000,0.6925639409658496,0.6927654504014576,0.6924248719013988,0.692731857352656,3232200000,8
1186123200000,1186123679000,0.6926742768480549,0.6928614484961443,0.6925975177304965,0.6926454901852134,3964800000,8
1186123680000,1186124159000,0.6926119087691593,0.69334183832655,0.6925543482024752,0.6930775415153447,4150100000,8
1186124160000,1186124639000,0.6930199035316295,0.6931399934844841,0.6927030659037697,0.6927414550341522,4183100000,8
1186124640000,1186125119000,0.6928134461233624,0.6930631311206137,0.6927270586116364,0.6928038464469555,3405000000,8
1186125120000,1186125599000,0.6927702496743979,0.6928230460658044,0.6919792683011217,0.6921948113076944,3379200000,8
1186125600000,1186126079000,0.6921948113076944,0.6926598832175437,0.6921085779937156,0.6923289947382997,2930900000,8
1186126080000,1186126559000,0.6923481680467473,0.6925351634729253,0.6914625123598924,0.6916107614634484,3240300000,8
1186126560000,1186127039000,0.6915820631276107,0.6916203281046837,0.691161427663045,0.691161427663045,3401800000,8
1186127040000,1186127519000,0.6910945555570913,0.6913621216520789,0.6908749240037584,0.6910085961469361,3530500000,8
1186127520000,1186127999000,0.691013371108731,0.6915485847458214,0.690979947761916,0.6912092013768888,4424100000,8
1186128000000,1186128479000,0.691237868775403,0.6913095476761629,0.690836741461258,0.6911662047372531,3698500000,8
1186128480000,1186128959000,0.6912330907105185,0.6913382233990335,0.6908081073239475,0.6912092013768888,3715400000,8
1186128960000,1186129439000,0.6912187569121876,0.6919744799811782,0.6910038212511315,0.6910563487346758,3212100000,8
1186129440000,1186129919000,0.6911041079228175,0.6912426469063436,0.690870150955128,0.6909656244601832,4117200000,8
1186129920000,1186130399000,0.6909417536101706,0.6910611243564494,0.6907222191523458,0.6909417536101706,3695500000,8
1186130400000,1186130879000,0.6908844702988767,0.6910706757980138,0.6906458920382341,0.6906554320049727,3587900000,8
1186130880000,1186131359000,0.6906649722352681,0.690979947761916,0.6903788799293052,0.6905981961575116,3515900000,8
1186131360000,1186131839000,0.6906888239641394,0.6908081073239475,0.6905171282773669,0.6905934269317625,3948400000,8
1186131840000,1186132319000,0.6906745127291313,0.6908510594200996,0.690245451282476,0.6903598155358572,3816200000,8
1186132320000,1186132799000,0.6903264553807495,0.6910038212511315,0.6902311584149532,0.6909322057319736,3611400000,8
1186132800000,1186133279000,0.6909322057319736,0.691013371108731,0.6901644661922935,0.6902121021789995,4234300000,8
1186133280000,1186133759000,0.6902788036087776,0.6909417536101706,0.6902549801896821,0.6909274318918284,3969800000,8
1186133760000,1186134239000,0.6908606050557179,0.6909894969596462,0.6907079065334061,0.6907317612278447,4728100000,8
1186134240000,1186134719000,0.6907794755602221,0.6912330907105185,0.6905981961575116,0.6911423200265399,3687000000,8
1186134720000,1186135199000,0.6910897794732513,0.6912044237083117,0.6904122451515801,0.6906840534865731,3048000000,8
1186135200000,1186135679000,0.6907699321663927,0.6910038212511315,0.6906888239641394,0.6908319689401947,3110300000,8
1186135680000,1186136159000,0.6908176517726381,0.6909417536101706,0.6906172737192502,0.6907651605683616,3214300000,8
1186136160000,1186136639000,0.6909369796380872,0.6912235347789122,0.690836741461258,0.6910276963900713,2802300000,8
1186136640000,1186137119000,0.6909369796380872,0.6912283127116886,0.6908510594200996,0.6911709818774968,4269400000,8
1186137120000,1186137599000,0.6911948685692958,0.6912665385519349,0.6908844702988767,0.690994271657488,4485400000,8
1186137600000,1186138079000,0.6909465276482253,0.691190091098854,0.6908796971183407,0.691085003455425,3246000000,8
1186138080000,1186138559000,0.6911041079228175,0.6911662047372531,0.6909322057319736,0.6909560759222536,3254600000,8
1186138560000,1186139039000,0.690979947761916,0.6911232134464933,0.6908510594200996,0.6909703988281142,3290300000,8
1186139040000,1186139519000,0.6909751732620247,0.6913621216520789,0.6909751732620247,0.6911518737127296,2253500000,8
1186139520000,1186139999000,0.691156650654871,0.6912330907105185,0.6906649722352681,0.6907699321663927,2293400000,8
1186140000000,1186140479000,0.6907556175700599,0.690917884409438,0.6906649722352681,0.690836741461258,1642000000,8
1186140480000,1186140959000,0.6907699321663927,0.69091311076719,0.6905743506874668,0.6907699321663927,3546600000,8
1186140960000,1186141439000,0.6907985631389887,0.691118436966543,0.6906935945076045,0.6910420222653739,2569500000,8
1186141440000,1186141919000,0.6910324716158412,0.6912426469063436,0.69096085015823,0.6910945555570913,2800100000,8
1186141920000,1186142399000,0.6910945555570913,0.6912522033663983,0.6906840534865731,0.6911470968366197,2870600000,8
1186142400000,1186142879000,0.6911088842047065,0.6913238852402351,0.690917884409438,0.6910993317069462,2921300000,8
1186142880000,1186143359000,0.6910611243564494,0.6913095476761629,0.6908415140482621,0.6910563487346758,2062900000,8
1186143360000,1186143839000,0.6909847223277893,0.6912999896305001,0.6907460748354297,0.691118436966543,2928700000,8
1186143840000,1186144319000,0.6910754516178076,0.6916920863508401,0.6907842473560233,0.6909990464213159,2235300000,8
1186144320000,1186144799000,0.6911662047372531,0.6913095476761629,0.6902406869275317,0.6903598155358572,280800000,8
1186144800000,1186145279000,0.6903502837339667,0.6907556175700599,0.6900263590069141,0.6904027119018523,364000000,8
1186145280000,1186145759000,0.690450380783385,0.6909274318918284,0.6902978635281124,0.6906554320049727,290700000,8
1186145760000,1186146239000,0.6907651605683616,0.6908892435453672,0.6904027119018523,0.6904789852720833,314700000,8
1186146240000,1186146719000,0.6904599153496144,0.6910038212511315,0.6902311584149532,0.6909990464213159,335200000,8
1186146720000,1186147199000,0.6909656244601832,0.6912330907105185,0.6908653779724483,0.6911375432824887,298100000,8
1186147200000,1186147679000,0.691085003455425,0.6924009001211702,0.6910085961469361,0.6922714811840611,272500000,8
1186147680000,1186148159000,0.6923625487250145,0.6930199035316295,0.6921181584120042,0.6921181584120042,284300000,8
1186148160000,1186148639000,0.6922139771846273,0.6926934692859715,0.6920558904337114,0.6924344610782589,352400000,8
1186148640000,1186149119000,0.6926406926406926,0.693000693000693,0.691897875873521,0.6919649035400924,319000000,8
1186149120000,1186149599000,0.6920415224913494,0.692573533994972,0.6915533671733447,0.69180693052183,318400000,8
1186149600000,1186150079000,0.6918165025908528,0.6918739405680285,0.6902597447419464,0.6903693476009666,238700000,8
1186150080000,1186150559000,0.6905075921309755,0.690994271657488,0.6902311584149532,0.6907317612278447,277500000,8
1186150560000,1186151039000,0.6907460748354297,0.6912187569121876,0.6906315825822714,0.6912187569121876,342200000,8
1186151040000,1186151519000,0.6912617600906935,0.6914481690452484,0.6897455528655478,0.6899787486545415,324400000,8
1186151520000,1186151999000,0.6900311204035301,0.6900311204035301,0.6893984309291712,0.6898359570094232,321300000,8
1186152000000,1186152479000,0.6898359570094232,0.6899692273724591,0.6894364546419756,0.6895267777724148,356100000,8
1186152480000,1186152959000,0.6895695706739853,0.6895695706739853,0.6886483210753932,0.6890279194112946,351700000,8
1186152960000,1186153439000,0.6891703767005279,0.6894839901817479,0.6890469103136542,0.6892321264878798,351100000,8
1186153440000,1186153919000,0.6891703767005279,0.6892843849515433,0.6886957479924518,0.6891418805303636,287300000,8
1186153920000,1186154399000,0.6890421624899228,0.6892463780102835,0.6888190885545821,0.6890991406933715,257800000,8
1186154400000,1186154879000,0.6890659022628924,0.6897170091111617,0.6889709529846222,0.6895553057833004,294500000,8
1186154880000,1186155359000,0.6897074950513488,0.6899454253168574,0.6887811329072074,0.6889045040576475,305500000,8
1186155360000,1186155839000,0.6889139959767423,0.6891513789919094,0.6886815192314314,0.6889851937081871,310800000,8
1186155840000,1186156319000,0.6888712844005097,0.6894174422612892,0.6887763887453938,0.6893746682384408,318700000,8
1186156320000,1186156799000,0.6893604114102935,0.6893889256562982,0.6887716446489331,0.6891513789919094,301000000,8
1186156800000,1186157279000,0.6892226258003598,0.6892226258003598,0.6888238333046323,0.6888760298696647,329700000,8
1186157280000,1186157759000,0.6889282343458282,0.6893414032233603,0.6887147205884379,0.689013676921487,307000000,8
1186157760000,1186158239000,0.689008929555727,0.6892796338546585,0.6884823782935277,0.6891038893023512,334400000,8
1186158240000,1186158719000,0.6891038893023512,0.689108637976777,0.688752668916592,0.6889329805996472,317000000,8
1186158720000,1186159199000,0.6888238333046323,0.6891133867166503,0.6886530634731528,0.6890326670387442,333400000,8
1186159200000,1186159679000,0.688989940746865,0.6895220233334253,0.688989940746865,0.6890421624899228,248000000,8
1186159680000,1186160159000,0.6890231718492693,0.6894602215925152,0.688600900689978,0.6892796338546585,343200000,8
1186160160000,1186160639000,0.6891181355219725,0.6892748828232699,0.6888807754042008,0.689013676921487,316900000,8
1186160640000,1186161119000,0.6888950124001102,0.6889614594959558,0.6885914173965736,0.6887716446489331,306700000,8
1186161120000,1186161599000,0.6886767764417449,0.6888238333046323,0.68858193436437,0.6887716446489331,317100000,8
1186161600000,1186162079000,0.6888238333046323,0.688857048385319,0.6884302413636426,0.6885155604516663,289700000,8
1186162080000,1186162559000,0.688525041655765,0.6887906214268986,0.6884634184962583,0.6886672910583439,306800000,8
1186162560000,1186163039000,0.6886056424346341,0.6888665389967348,0.6885534868348573,0.688795365784779,269000000,8
1186163040000,1186163519000,0.6887906214268986,0.6888523031776758,0.6885724515933567,0.6887479251468754,330600000,8
1186163520000,1186163999000,0.6887004910434501,0.6891276333289689,0.6886483210753932,0.6888807754042008,287400000,8
1186164000000,1186164479000,0.6888997581961849,0.6890896436717453,0.68864357874295,0.688842812958511,299700000,8
1186164480000,1186164959000,0.6889045040576475,0.6889045040576475,0.6884255020342973,0.6887763887453938,284800000,8
1186164960000,1186165439000,0.6887336942297891,0.688857048385319,0.6884965988268018,0.6887669006178239,317300000,8
1186165440000,1186165919000,0.6887858771343752,0.6887858771343752,0.6881791467954939,0.6882833524905533,364800000,8
1186165920000,1186166399000,0.6883733737179045,0.6886862620864439,0.6881554680833494,0.6882738779415105,365500000,8
1186166400000,1186166879000,0.6882738779415105,0.6885771929462152,0.6881459970547352,0.6883496816382723,365600000,8
1186166880000,1186167359000,0.6882122997302207,0.6883544199237304,0.6880323650424516,0.6882786151834263,268400000,8
1186167360000,1186167839000,0.6881886187366233,0.6882359823536294,0.687597123093637,0.6877106113747335,326400000,8
1186167840000,1186168319000,0.6875923952281088,0.6875923952281088,0.6871529877411907,0.6873608094360892,244700000,8
1186168320000,1186168799000,0.6874836722627837,0.6879424329772085,0.68747894595728,0.6876254916522265,338900000,8
1186168800000,1186169279000,0.6876633200385092,0.687800482835939,0.6871624314555475,0.6871624314555475,329200000,8
1186169280000,1186169759000,0.6871435442864015,0.6874931250687493,0.6870821681564898,0.6874553154044988,257800000,8
1186169760000,1186170239000,0.6873702588636394,0.687847793040356,0.6871954865000447,0.6877862910436469,247400000,8
1186170240000,1186170719000,0.6875923952281088,0.6880323650424516,0.6875403929980886,0.6880039629028263,296200000,8
1186170720000,1186171199000,0.6879566312139682,0.688193354804966,0.6871860418771174,0.6879424329772085,319900000,8
1186171200000,1186171679000,0.6878619873708539,0.6882028271372139,0.6873655341173882,0.6880276311896686,303200000,8
1186171680000,1186172159000,0.6878667189445373,0.6880607695271647,0.6872096539212182,0.6874080591720858,343300000,8
1186172160000,1186172639000,0.68747894595728,0.6875356659126692,0.6868556435493952,0.6868745148948738,257100000,8
1186172640000,1186173119000,0.6869311351537007,0.6870727266481157,0.686714141504316,0.6870727266481157,276500000,8
1186173120000,1186173599000,0.6871293795908832,0.6872757762779893,0.6867707353254263,0.6870444036798098,353500000,8
1186173600000,1186174079000,0.687039683412114,0.6871624314555475,0.6868273384753807,0.68699720392138,303900000,8
1186174080000,1186174559000,0.6869311351537007,0.6871293795908832,0.6867565859956597,0.6868792328932727,302400000,8
1186174560000,1186175039000,0.6869783258338199,0.6872852233676976,0.6868462082655072,0.6872852233676976,123400000,8
1186175040000,1186175519000,0.6872852233676976,0.6872852233676976,0.6872852233676976,0.6872852233676976,0,8
1186175520000,1186175999000,0.6872852233676976,0.6872852233676976,0.6872852233676976,0.6872852233676976,0,8
1186176000000,1186176479000,0.6872852233676976,0.6872852233676976,0.6872852233676976,0.6872852233676976,0,8
1186176480000,1186176959000,0.6872852233676976,0.6872852233676976,0.6872852233676976,0.6872852233676976,0,8
1186176960000,1186177439000,0.6872852233676976,0.6872852233676976,0.6872852233676976,0.6872852233676976,0,8
1186177440000,1186177919000,0.6872852233676976,0.6872852233676976,0.6872852233676976,0.6872852233676976,0,8
1186177920000,1186178399000,0.6872852233676976,0.6872852233676976,0.6872852233676976,0.6872852233676976,0,8
1186178400000,1186178879000,0.6872852233676976,0.6872852233676976,0.6872852233676976,0.6872852233676976,0,8
1186178880000,1186179359000,0.6872852233676976,0.6872852233676976,0.6872852233676976,0.6872852233676976,0,8
1186179360000,1186179839000,0.6872852233676976,0.6872852233676976,0.6872852233676976,0.6872852233676976,0,8
1186179840000,1186180319000,0.6872852233676976,0.6872852233676976,0.6872852233676976,0.6872852233676976,0,8
1186180320000,1186180799000,0.6872852233676976,0.6872852233676976,0.6872852233676976,0.6872852233676976,0,8
1186180800000,1186181279000,0.6872852233676976,0.6872852233676976,0.6872852233676976,0.6872852233676976,0,8
1186181280000,1186181759000,0.6872852233676976,0.6872852233676976,0.6872852233676976,0.6872852233676976,0,8
1186181760000,1186182239000,0.6872852233676976,0.6872852233676976,0.6872852233676976,0.6872852233676976,0,8
1186182240000,1186182719000,0.6872852233676976,0.6872852233676976,0.6872852233676976,0.6872852233676976,0,8
1186182720000,1186183199000,0.6872852233676976,0.6872852233676976,0.6872852233676976,0.6872852233676976,0,8
1186183200000,1186183679000,0.6872852233676976,0.6872852233676976,0.6872852233676976,0.6872852233676976,0,8
1186183680000,1186184159000,0.6872852233676976,0.6872852233676976,0.6872852233676976,0.6872852233676976,0,8
1186184160000,1186184639000,0.6872852233676976,0.6872852233676976,0.6872852233676976,0.6872852233676976,0,8
1186184640000,1186185119000,0.6872852233676976,0.6872852233676976,0.6872852233676976,0.6872852233676976,0,8
1186185120000,1186185599000,0.6872852233676976,0.6872852233676976,0.6872852233676976,0.6872852233676976,0,8
1186347840000,1186348319000,0.6852459690405871,0.6855513203718431,0.6851896262290589,0.6853023211189617,311400000,8
1186348320000,1186348799000,0.6852976247584326,0.6874080591720858,0.6852976247584326,0.6859181013786954,318900000,8
1186348800000,1186349279000,0.6859792697064695,0.6859980929253017,0.6856406283210718,0.6856829402084477,300100000,8
1186349280000,1186349759000,0.6856547317033035,0.6858099072099196,0.6854808305285742,0.6855701201118851,321600000,8
1186349760000,1186350239000,0.6856124232971101,0.6857957974433533,0.685067581916956,0.6853023211189617,264700000,8
1186350240000,1186350719000,0.6853023211189617,0.6853023211189617,0.6844908072884581,0.6846501437765302,368800000,8
1186350720000,1186351199000,0.6847251513242585,0.6848236236757224,0.6839009711393791,0.6841161902937595,291900000,8
1186351200000,1186351679000,0.6842238506749868,0.684369011771147,0.6839290355232741,0.6840927903460826,406600000,8
1186351680000,1186352159000,0.6841161902937595,0.6841957620914496,0.6835830690145467,0.6838869398111105,328900000,8
1186352160000,1186352639000,0.6839945280437757,0.6839992065609204,0.6834615962929043,0.6837139340899768,348600000,8
1186352640000,1186353119000,0.6837560085059248,0.6839992065609204,0.6836064341037578,0.6839758146151952,313300000,8
1186353120000,1186353599000,0.6838869398111105,0.6841910808850695,0.6838121157830674,0.6841910808850695,337300000,8
1186353600000,1186354079000,0.6841208704753956,0.6844017986079267,0.6840226001067076,0.6842332140486763,273900000,8
1186354080000,1186354559000,0.6841536335399477,0.6844954925971812,0.6841536335399477,0.6842472595897253,283600000,8
1186354560000,1186355039000,0.6842753524018065,0.6844017986079267,0.6840881105486387,0.6842472595897253,311100000,8
1186355040000,1186355519000,0.6842566236041164,0.6843081302648957,0.6839617802157215,0.6841910808850695,307400000,8
1186355520000,1186355999000,0.6841442723441519,0.6842051246963841,0.6836064341037578,0.6836531690742652,289000000,8
1186356000000,1186356479000,0.6837419831252479,0.684106830122592,0.6835036396568812,0.6840459952527208,282000000,8
1186356480000,1186356959000,0.683938390829754,0.684369011771147,0.6838354965329541,0.6841817186644773,276700000,8
1186356960000,1186357439000,0.6842144875575595,0.6846267072878512,0.6840881105486387,0.6846126461648,357500000,8
1186357440000,1186357919000,0.684575152660259,0.6845845256513822,0.6841676758139885,0.6844580119232586,245500000,8
1186357920000,1186358399000,0.6844908072884581,0.6847063978965819,0.6844392731254919,0.6846501437765302,335100000,8
1186358400000,1186358879000,0.6845704662609446,0.684767350292738,0.6842332140486763,0.6844580119232586,4023000000,8
1186358880000,1186359359000,0.6844580119232586,0.6848799063084288,0.6844252197004955,0.6847017097001691,3462000000,8
1186359360000,1186359839000,0.6848048648537599,0.6848048648537599,0.6844017986079267,0.6845610936548032,4135000000,8
1186359840000,1186360319000,0.6845610936548032,0.6845610936548032,0.6841208704753956,0.6842613057074235,4833000000,8
1186360320000,1186360799000,0.6843268618823095,0.6844392731254919,0.6841536335399477,0.6842238506749868,3122000000,8
1186360800000,1186361279000,0.6842472595897253,0.6843643281937573,0.6841161902937595,0.6842144875575595,2231000000,8
1186361280000,1186361759000,0.6841161902937595,0.6842332140486763,0.6837045849229465,0.6837373081262179,5506000000,8
1186361760000,1186362239000,0.6837373081262179,0.684106830122592,0.68362512732518,0.6838775859121217,7782000000,8
1186362240000,1186362719000,0.6838775859121217,0.6839758146151952,0.6837606837606838,0.6838495257503538,2147000000,8
1186362720000,1186363199000,0.6838495257503538,0.6847345284233303,0.6838495257503538,0.6841208704753956,2409000000,8
1186363200000,1186363679000,0.6840693919991244,0.6841208704753956,0.6838308202550689,0.6840366370022778,2454000000,8
1186363680000,1186364159000,0.6840366370022778,0.6843174959454188,0.6838354965329541,0.6839103256780971,2865000000,8
1186364160000,1186364639000,0.6838448492805952,0.6839945280437757,0.6836952360115955,0.6837840609935383,3703000000,8
1186364640000,1186365119000,0.6837513333151,0.6840226001067076,0.6837092594745011,0.6838448492805952,3804000000,8
1186365120000,1186365599000,0.6838448492805952,0.6841255507210684,0.6838448492805952,0.6840600331085056,4076000000,8
1186365600000,1186366079000,0.6840600331085056,0.6841723567000999,0.6839851712014883,0.684106830122592,2726000000,8
1186366080000,1186366559000,0.684106830122592,0.6841723567000999,0.683863555543398,0.6839290355232741,3299000000,8
1186366560000,1186367039000,0.6839290355232741,0.6841255507210684,0.683863555543398,0.6840740715404664,3534000000,8
1186367040000,1186367519000,0.684106830122592,0.6841770376502624,0.6840459952527208,0.6841770376502624,2353000000,8
1186367520000,1186367999000,0.6841489529100275,0.684209806094941,0.683989849590632,0.6840132424963747,2860000000,8
1186368000000,1186368479000,0.6840132424963747,0.6840974702075552,0.6839804928763432,0.6840132424963747,3750000000,8
1186368480000,1186368959000,0.6840132424963747,0.6840132424963747,0.683826144041139,0.6839009711393791,2192000000,8
1186368960000,1186369439000,0.6839009711393791,0.6839337131445221,0.6837232835126967,0.6838167918051395,3787000000,8
1186369440000,1186369919000,0.6838167918051395,0.6839664582848858,0.6837513333151,0.6838495257503538,3095000000,8
1186369920000,1186370399000,0.6838495257503538,0.6840272790078868,0.683826144041139,0.6839524242693679,2402000000,8
1186370400000,1186370879000,0.6839524242693679,0.6843830628879596,0.6837980881005457,0.684331544946896,2971000000,8
1186370880000,1186371359000,0.684331544946896,0.684331544946896,0.6836111073132716,0.683896293965983,1842000000,8
1186371360000,1186371839000,0.6839430685789715,0.684186399742746,0.6838448492805952,0.6839337131445221,1921000000,8
1186371840000,1186372319000,0.6839337131445221,0.683989849590632,0.6838822628296313,0.6839430685789715,2451000000,8
1186372320000,1186372799000,0.6839430685789715,0.6841208704753956,0.683826144041139,0.683989849590632,963000000,8
1186372800000,1186373279000,0.683989849590632,0.684186399742746,0.6839103256780971,0.6839430685789715,1939000000,8
1186373280000,1186373759000,0.6839430685789715,0.6841395918423195,0.6838448492805952,0.684050674473965,2932000000,8
1186373760000,1186374239000,0.684050674473965,0.684106830122592,0.6835223272568198,0.6836999104353116,1924000000,8
1186374240000,1186374719000,0.6836999104353116,0.6836999104353116,0.6835036396568812,0.6836671908115131,1760000000,8
1186374720000,1186375199000,0.6836671908115131,0.6836671908115131,0.6833915355124411,0.6834382411033427,3570000000,8
1186375200000,1186375679000,0.6834382411033427,0.6835690507276593,0.6833821951602872,0.6834382411033427,3565000000,8
1186375680000,1186376159000,0.6834382411033427,0.6838308202550689,0.6834382411033427,0.6838308202550689,3031000000,8
1186376160000,1186376639000,0.6838308202550689,0.6838822628296313,0.6834569251272938,0.6835690507276593,4424000000,8
1186376640000,1186377119000,0.6834942962400978,0.683746658188208,0.6834942962400978,0.683657842922774,1662000000,8
1186377120000,1186377599000,0.6837232835126967,0.683989849590632,0.683634474319271,0.6839758146151952,3385000000,8
1186377600000,1186378079000,0.6839758146151952,0.6840647125218046,0.6839196804727253,0.6840413160954921,2122000000,8
1186378080000,1186378559000,0.6840413160954921,0.6841583142339138,0.6838869398111105,0.6840927903460826,3702000000,8
1186378560000,1186379039000,0.6840927903460826,0.6842051246963841,0.6838495257503538,0.6840740715404664,5007000000,8
1186379040000,1186379519000,0.6840740715404664,0.6841723567000999,0.6839056483767499,0.684106830122592,2903000000,8
1186379520000,1186379999000,0.684106830122592,0.6842238506749868,0.6839524242693679,0.684050674473965,3022000000,8
1186380000000,1186380479000,0.6840740715404664,0.6841770376502624,0.6834242287557578,0.6836812131239446,12885000000,8
1186380480000,1186380959000,0.6836812131239446,0.6850065760631302,0.6835036396568812,0.6849080510941405,10909000000,8
1186380960000,1186381439000,0.6849080510941405,0.6849080510941405,0.684050674473965,0.6844158510711108,18193000000,8
1186381440000,1186381919000,0.6843830628879596,0.6845142344735059,0.6842191690842411,0.6844158510711108,14388000000,8
1186381920000,1186382399000,0.6844158510711108,0.6847532833919938,0.6842191690842411,0.6844299041113704,16908000000,8
1186382400000,1186382879000,0.6843830628879596,0.6847157744820125,0.6843830628879596,0.6845376632622328,13694000000,8
1186382880000,1186383359000,0.6845376632622328,0.6845892122431935,0.6843409112683574,0.6843736954126431,10396000000,8
1186383360000,1186383839000,0.6843736954126431,0.684776728547657,0.6843736954126431,0.6845892122431935,13907000000,8
1186383840000,1186384319000,0.6845376632622328,0.6851473752004056,0.6845376632622328,0.6850628887731894,18427000000,8
1186384320000,1186384799000,0.6850628887731894,0.6857487690809595,0.6850628887731894,0.6856359273225917,14854000000,8
1186384800000,1186385279000,0.6856359273225917,0.6859181013786954,0.6852882322304761,0.6854902283367951,14882000000,8
1186385280000,1186385759000,0.6852929284622712,0.6858804647526029,0.6852459690405871,0.6857064490691535,23121000000,8
1186385760000,1186386239000,0.6856077226853883,0.6862899849702494,0.6855419208884623,0.6862005077883757,13836000000,8
1186386240000,1186386719000,0.686224052153028,0.6863512196461173,0.6857675796519044,0.685814610594464,13403000000,8
1186386720000,1186387199000,0.685814610594464,0.6864784342799871,0.6857205551593615,0.6862428888080647,17715000000,8
1186387200000,1186387679000,0.6862946949420081,0.6862946949420081,0.6858663520826331,0.68611105393519,7087000000,8
1186387680000,1186388159000,0.68611105393519,0.6862428888080647,0.68583342477779,0.6861628401652281,12738000000,8
1186388160000,1186388639000,0.6861628401652281,0.6862428888080647,0.6858663520826331,0.686191090494881,11568000000,8
1186388640000,1186389119000,0.686191090494881,0.6863417982155113,0.6860498621039778,0.6861016390968158,14219000000,8
1186389120000,1186389599000,0.6860781031312605,0.6862852750631383,0.6858945780033608,0.6862852750631383,9288000000,8
1186389600000,1186390079000,0.686224052153028,0.686224052153028,0.685819314043522,0.686191090494881,12587000000,8
1186390080000,1186390559000,0.686191090494881,0.6862994049784159,0.6859886811867604,0.6860545687804007,7027000000,8
1186390560000,1186391039000,0.6859886811867604,0.6863041150794741,0.685922806247385,0.686224052153028,11598000000,8
1186391040000,1186391519000,0.686224052153028,0.6866151247579682,0.6860733961319182,0.6862664360811441,8140000000,8
1186391520000,1186391999000,0.6862664360811441,0.6862664360811441,0.6855184233076264,0.6859604475205959,10424000000,8
1186392000000,1186392479000,0.6860216234015696,0.6860639823269918,0.6857534716269501,0.6860404489448698,10153000000,8
1186392480000,1186392959000,0.6860404489448698,0.6862052165320561,0.6859510368149921,0.686125176677233,9773000000,8
1186392960000,1186393439000,0.686125176677233,0.6863182457705639,0.6860216234015696,0.686125176677233,6937000000,8
1186393440000,1186393919000,0.686125176677233,0.6866764174717948,0.686125176677233,0.6864642969919135,8829000000,8
1186393920000,1186394399000,0.6863983306792598,0.6866151247579682,0.6860075049221038,0.6863370875972026,11996000000,8
1186394400000,1186394879000,0.6863370875972026,0.6864878594622054,0.6861675483919664,0.686191090494881,10502000000,8
1186394880000,1186395359000,0.6862428888080647,0.686355930458417,0.6860169171771776,0.6862711457296778,9777000000,8
1186395360000,1186395839000,0.686224052153028,0.68667170225915,0.6860263296905336,0.6864407361390454,15561000000,8
1186395840000,1186396319000,0.6864171769034348,0.6870302430713,0.6860169171771776,0.68693585392996,15249000000,8
1186396320000,1186396799000,0.68693585392996,0.6871954865000447,0.6868084697220486,0.6870349632092777,12611000000,8
1186396800000,1186397279000,0.6870066433542412,0.6870349632092777,0.6867518696819652,0.686983045258443,9229000000,8
1186397280000,1186397759000,0.6870349632092777,0.6877295297305476,0.686850925875048,0.6871388226563412,13811000000,8
1186397760000,1186398239000,0.6871529877411907,0.6875356659126692,0.6860357424621824,0.6866999945064001,18511000000,8
1186398240000,1186398719000,0.6866481271672331,0.687039683412114,0.686144007904379,0.6863889079552474,14304000000,8
1186398720000,1186399199000,0.6863889079552474,0.6869169792138922,0.6863889079552474,0.6868131868131868,13004000000,8
1186399200000,1186399679000,0.6868131868131868,0.687351360268342,0.6867565859956597,0.6869405727710496,11479000000,8
1186399680000,1186400159000,0.6869405727710496,0.6869924843022218,0.6866151247579682,0.6869405727710496,14159000000,8
1186400160000,1186400639000,0.6868933872773607,0.68782413712462,0.686869796961288,0.6873324627122138,8205000000,8
1186400640000,1186401119000,0.687398608705216,0.6875309388922501,0.687134101091169,0.6871860418771174,9157000000,8
1186401120000,1186401599000,0.6871577095659225,0.6872993944892334,0.6868414907207715,0.6869594487837384,6351000000,8
1186401600000,1186402079000,0.6870208029899145,0.6871860418771174,0.6869075422448139,0.6869877647479099,8412000000,8
1186402080000,1186402559000,0.6869405727710496,0.6871482659813508,0.6866434123431019,0.6869736064740393,11619000000,8
1186402560000,1186403039000,0.6869736064740393,0.687086889007984,0.6858992825493504,0.6862570169779987,14461000000,8
1186403040000,1186403519000,0.686191090494881,0.6862899849702494,0.6856453293840162,0.686224052153028,9398000000,8
1186403520000,1186403999000,0.686224052153028,0.6870916099243511,0.6860451554921345,0.6870916099243511,16435000000,8
1186404000000,1186404479000,0.6870680059912331,0.6874694935412241,0.6866952789699571,0.6869783258338199,13638000000,8
1186404480000,1186404959000,0.6869122606969412,0.6871860418771174,0.6867943188373946,0.687096330905593,14222000000,8
1186404960000,1186405439000,0.6871246581554825,0.6871718754294823,0.6866952789699571,0.6868933872773607,19436000000,8
1186405440000,1186405919000,0.6868933872773607,0.6869783258338199,0.6864218886211844,0.68647372178593,26106000000,8
1186405920000,1186406399000,0.68647372178593,0.6870916099243511,0.6861957991093178,0.6868886690845147,15365000000,8
1186406400000,1186406879000,0.6868131868131868,0.6869641679489997,0.6863936192849152,0.6866245536940402,22264000000,8
1186406880000,1186407359000,0.6866245536940402,0.6869169792138922,0.6865067106030961,0.6868650790925139,14682000000,8
1186407360000,1186407839000,0.6868650790925139,0.686898105535025,0.6862994049784159,0.6865774116031583,16204000000,8
1186407840000,1186408319000,0.6865774116031583,0.6867282890851406,0.6860545687804007,0.6861675483919664,18724000000,8
1186408320000,1186408799000,0.6861675483919664,0.6876065790197481,0.6861393000006861,0.6875593019897966,19917000000,8
1186408800000,1186409279000,0.6876065790197481,0.687757909215956,0.6872285447248337,0.6877058819484083,19138000000,8
1186409280000,1186409759000,0.6877058819484083,0.6883544199237304,0.6873891584981922,0.688193354804966,14216000000,8
1186409760000,1186410239000,0.6882265091086779,0.6883023023712015,0.6874458636382385,0.6875073047651131,19358000000,8
1186410240000,1186410719000,0.6875073047651131,0.6875923952281088,0.6871671534100671,0.6874127845029662,17709000000,8
1186410720000,1186411199000,0.6874269608854059,0.6880323650424516,0.6872804997903795,0.6877815605763609,20461000000,8
1186411200000,1186411679000,0.6877815605763609,0.6877815605763609,0.6871435442864015,0.6875687568756876,21277000000,8
1186411680000,1186412159000,0.6875167582209817,0.6882312456985547,0.6875025781346681,0.6879329678116164,20572000000,8
1186412160000,1186412639000,0.6880228974020255,0.6888048546966159,0.6879613640897927,0.6884491993335812,20129000000,8
1186412640000,1186413119000,0.6884491993335812,0.6886293521375055,0.6881412616381891,0.6882075634011218,19027000000,8
1186413120000,1186413599000,0.6881412616381891,0.6888048546966159,0.6881365262868153,0.6887811329072074,12946000000,8
1186413600000,1186414079000,0.6888475580354068,0.6888712844005097,0.6881838827334663,0.6888333230008336,12441000000,8
1186414080000,1186414559000,0.6887669006178239,0.6889804467349216,0.6884871184060146,0.6887242072784374,10330000000,8
1186414560000,1186415039000,0.6887242072784374,0.6892226258003598,0.6885392639515269,0.689056406157408,14194000000,8
1186415040000,1186415519000,0.689056406157408,0.689926384854736,0.688989940746865,0.689464975179261,17886000000,8
1186415520000,1186415999000,0.6893984309291712,0.689959706353149,0.6889567128497316,0.6897598256287161,10750000000,8
1186416000000,1186416479000,0.6897598256287161,0.6898264396677796,0.6892273761113791,0.6894507146156656,10207000000,8
1186416480000,1186416959000,0.6894507146156656,0.6895172689600011,0.6892558793526509,0.6893318995229823,9842000000,8
1186416960000,1186417439000,0.6893556592652847,0.6897645833477034,0.6893176444637453,0.6894364546419756,11609000000,8
1186417440000,1186417919000,0.6894364546419756,0.6896599286891634,0.6891418805303636,0.6894934980763131,7887000000,8
1186417920000,1186418399000,0.6894934980763131,0.6901073116869674,0.6894934980763131,0.6897360380182505,8017000000,8
1186418400000,1186418879000,0.6897598256287161,0.6901073116869674,0.6896456600598612,0.6897122520484453,11637000000,8
1186418880000,1186419359000,0.6896456600598612,0.6904885206283445,0.689531532276971,0.6903216899074969,10393000000,8
1186419360000,1186419839000,0.6903216899074969,0.6903693476009666,0.6897836148800122,0.689893066574681,4540000000,8
1186419840000,1186420319000,0.689959706353149,0.6900501666471152,0.6895981022260227,0.6896551724137931,7943000000,8
1186420320000,1186420799000,0.6896551724137931,0.6898454746136865,0.6893176444637453,0.6898454746136865,11640000000,8
1186420800000,1186421279000,0.6898454746136865,0.6898454746136865,0.6896313920209648,0.6896599286891634,4205000000,8
1186421280000,1186421759000,0.6896599286891634,0.6898454746136865,0.6895553057833004,0.6897598256287161,3171000000,8
1186421760000,1186422239000,0.6897598256287161,0.6897598256287161,0.6891846256693706,0.6893509071857938,3831000000,8
1186422240000,1186422719000,0.6892511286487232,0.6894744825494008,0.6892083752601762,0.6892321264878798,6513000000,8
1186422720000,1186423199000,0.6892321264878798,0.689464975179261,0.6892083752601762,0.6892701318573763,3977000000,8
1186423200000,1186423679000,0.6892701318573763,0.6893604114102935,0.6883354671732815,0.6887099773414418,4726000000,8
1186423680000,1186424159000,0.6887763887453938,0.6890231718492693,0.6887242072784374,0.6889377269188638,5263000000,8
1186424160000,1186424639000,0.6888617936583383,0.6893794206455349,0.6888617936583383,0.6891038893023512,5066000000,8
1186424640000,1186425119000,0.6891038893023512,0.6891038893023512,0.6886103842445944,0.68864357874295,6360000000,8
1186425120000,1186425599000,0.68864357874295,0.6892986386351887,0.68864357874295,0.6889234881574052,4229000000,8
1186425600000,1186426079000,0.688989940746865,0.6892843849515433,0.6885534868348573,0.6891038893023512,10225000000,8
1186426080000,1186426559000,0.68903741473162,0.6890896436717453,0.688321253295338,0.6883781123295404,10555000000,8
1186426560000,1186427039000,0.6883544199237304,0.6884776382463098,0.6878572558622635,0.6879566312139682,7446000000,8
1186427040000,1186427519000,0.6879329678116164,0.6886530634731528,0.6879045738775117,0.6886056424346341,7780000000,8
1186427520000,1186427999000,0.6886056424346341,0.6893318995229823,0.6884491993335812,0.6890611541774333,11687000000,8
1186428000000,1186428479000,0.6890326670387442,0.6893509071857938,0.6886246100663146,0.6892511286487232,8645000000,8
1186428480000,1186428959000,0.6892796338546585,0.6894839901817479,0.6888617936583383,0.6889377269188638,11031000000,8
1186428960000,1186429439000,0.6890041822553863,0.6897265234334586,0.6890041822553863,0.6895457961840536,4731000000,8
1186429440000,1186429919000,0.6895457961840536,0.6901739928636009,0.6895077604098434,0.6901263621369073,7208000000,8
1186429920000,1186430399000,0.6901263621369073,0.6901263621369073,0.6896266361391943,0.6897074950513488,4574000000,8
1186430400000,1186430879000,0.6897360380182505,0.6899311448717418,0.689426948320556,0.6895457961840536,6147000000,8
1186430880000,1186431359000,0.6895172689600011,0.6895172689600011,0.6890421624899228,0.689056406157408,3067000000,8
1186431360000,1186431839000,0.689056406157408,0.689303389994072,0.6890184243526671,0.689056406157408,730000000,8
1186431840000,1186432319000,0.689056406157408,0.689189375456588,0.6888665389967348,0.688989940746865,1711000000,8
1186432320000,1186432799000,0.688989940746865,0.6891228843927449,0.6887763887453938,0.6889045040576475,2895000000,8
1186432800000,1186433279000,0.6889709529846222,0.6889709529846222,0.6887621566520649,0.6889045040576475,2943000000,8
1186433280000,1186433759000,0.6889045040576475,0.6889045040576475,0.6885440048473498,0.6886767764417449,2419000000,8
1186433760000,1186434239000,0.6886767764417449,0.6887242072784374,0.6884776382463098,0.6886957479924518,1928000000,8
1186434240000,1186434719000,0.6885961590106251,0.6887431814425037,0.6884776382463098,0.6886910050067836,722000000,8
1186434720000,1186435199000,0.6886910050067836,0.6890848952590959,0.6884965988268018,0.6890848952590959,1132000000,8
1186435200000,1186435679000,0.6890848952590959,0.6894364546419756,0.6890848952590959,0.6891561283208711,2143000000,8
1186435680000,1186436159000,0.6892083752601762,0.6895172689600011,0.6889756998270671,0.6895172689600011,875000000,8
1186436160000,1186436639000,0.6895172689600011,0.6902263942573164,0.6892891361139257,0.6896599286891634,642000000,8
1186436640000,1186437119000,0.6896932244537629,0.691156650654871,0.6896599286891634,0.6905314329908298,1975000000,8
1186437120000,1186437599000,0.6905314329908298,0.6906125042300015,0.6897407954090852,0.6897407954090852,1146000000,8
1186437600000,1186438079000,0.6897407954090852,0.6898978261319498,0.689426948320556,0.6895600606812854,3556000000,8
1186438080000,1186438559000,0.6895600606812854,0.6895600606812854,0.689312892908349,0.689426948320556,1243000000,8
1186438560000,1186439039000,0.689426948320556,0.6894934980763131,0.6889662062075855,0.6889994350204633,1438000000,8
1186439040000,1186439519000,0.6890516582028154,0.689426948320556,0.6889329805996472,0.6893461551718195,1765000000,8
1186439520000,1186439999000,0.6893794206455349,0.6893794206455349,0.6891323823306457,0.6892986386351887,690000000,8
1186440000000,1186440479000,0.6892986386351887,0.6892986386351887,0.6888238333046323,0.6888997581961849,3849000000,8
1186440480000,1186440959000,0.6889519662689116,0.6892321264878798,0.6888523031776758,0.6889187420343771,6452000000,8
1186440960000,1186441439000,0.6889187420343771,0.689165627175179,0.6886246100663146,0.6886720337173828,2723000000,8
1186441440000,1186441919000,0.6887384378034754,0.6887858771343752,0.6884871184060146,0.6885677103057929,3107000000,8
1186441920000,1186442399000,0.6885677103057929,0.6886198680604333,0.6881696751150964,0.688288089862893,7610000000,8
1186442400000,1186442879000,0.688288089862893,0.6884491993335812,0.6882265091086779,0.6883023023712015,2762000000,8
1186442880000,1186443359000,0.6882265091086779,0.6883496816382723,0.688122320623714,0.6883023023712015,3038000000,8
1186443360000,1186443839000,0.6883023023712015,0.6884160235713647,0.6881033806519091,0.6881270557795791,3465000000,8
1186443840000,1186444319000,0.6881507325364548,0.6883828510064157,0.6881459970547352,0.6882501927100539,4676000000,8
1186444320000,1186444799000,0.6882786151834263,0.6885155604516663,0.6881270557795791,0.6883496816382723,4289000000,8
1186444800000,1186445279000,0.6883496816382723,0.6885487458084596,0.6882596666070175,0.6885487458084596,4808000000,8
1186445280000,1186445759000,0.6885487458084596,0.6885487458084596,0.6881412616381891,0.6881412616381891,2295000000,8
1186445760000,1186446239000,0.6881412616381891,0.6882359823536294,0.6876916940597192,0.6877531791390705,2588000000,8
1186446240000,1186446719000,0.6877531791390705,0.6880749726490198,0.6877248000440144,0.6879424329772085,1037000000,8
1186446720000,1186447199000,0.6879424329772085,0.6880086964299229,0.6876633200385092,0.6879755631079983,1096000000,8
1186447200000,1186447679000,0.6879755631079983,0.688193354804966,0.6879187705515732,0.6881317910006125,3017000000,8
1186447680000,1186448159000,0.6881602036954203,0.6883402052630493,0.6879850294457593,0.6881744109227043,3150000000,8
1186448160000,1186448639000,0.6881507325364548,0.6882407190739033,0.6878288681775974,0.687909306037092,3999000000,8
1186448640000,1186449119000,0.6878856458902273,0.6880607695271647,0.6878856458902273,0.6880086964299229,3854000000,8
1186449120000,1186449599000,0.6879613640897927,0.6880607695271647,0.6877153408661086,0.6880607695271647,5791000000,8
1186449600000,1186450079000,0.6881128505074833,0.6881128505074833,0.6875782120216175,0.6877910215760044,4246000000,8
1186450080000,1186450559000,0.6877910215760044,0.6880513011050104,0.6873797085510035,0.6876065790197481,4604000000,8
1186450560000,1186451039000,0.6876065790197481,0.687871450583315,0.6872616061303736,0.687772099836998,5514000000,8
1186451040000,1186451519000,0.687772099836998,0.6880655038359652,0.6876349483586153,0.6880134300221541,6039000000,8
1186451520000,1186451999000,0.687999229440863,0.6881602036954203,0.6876869648935804,0.6878903777893955,5200000000,8
1186452000000,1186452479000,0.6879140382617788,0.6879329678116164,0.6875640294002379,0.687587667427597,3477000000,8
1186452480000,1186452959000,0.687587667427597,0.6878525244187647,0.687587667427597,0.6877862910436469,2904000000,8
1186452960000,1186453439000,0.6877862910436469,0.6878335992956583,0.6874883986332732,0.6877200704225352,3949000000,8
1186453440000,1186453919000,0.6877862910436469,0.6879329678116164,0.6876964232909025,0.6878194061367248,4442000000,8
1186453920000,1186454399000,0.6878194061367248,0.6880181636795212,0.6875451201485098,0.6875451201485098,5139000000,8
1186454400000,1186454879000,0.6875451201485098,0.68782413712462,0.6875451201485098,0.687772099836998,1542000000,8
1186454880000,1186455359000,0.687772099836998,0.6878525244187647,0.6876396768093519,0.6877957521734346,2147000000,8
1186455360000,1186455839000,0.6878194061367248,0.687999229440863,0.6877531791390705,0.6878335992956583,3085000000,8
1186455840000,1186456319000,0.6878335992956583,0.6879140382617788,0.6876869648935804,0.6879140382617788,2866000000,8
1186456320000,1186456799000,0.6878903777893955,0.6880797071532767,0.6878572558622635,0.6880797071532767,2384000000,8
1186456800000,1186457279000,0.6881128505074833,0.6885392639515269,0.6880370989603759,0.6882596666070175,1452000000,8
1186457280000,1186457759000,0.6883259911894273,0.6883259911894273,0.6881838827334663,0.6882265091086779,1259000000,8
1186457760000,1186458239000,0.6882028271372139,0.6882265091086779,0.6879897627123308,0.6879944960440316,1410000000,8
1186458240000,1186458719000,0.6879708300368065,0.6879944960440316,0.6877957521734346,0.6878951097536647,2940000000,8
1186458720000,1186459199000,0.6878951097536647,0.6878951097536647,0.6877153408661086,0.6877389892987813,2151000000,8
1186459200000,1186459679000,0.6877673695649184,0.6879282353264907,0.6877673695649184,0.6878619873708539,1806000000,8
1186459680000,1186460159000,0.6878619873708539,0.6880797071532767,0.6878288681775974,0.6879518984032637,3849000000,8
1186460160000,1186460639000,0.6879755631079983,0.6880276311896686,0.6878761822871883,0.6879518984032637,3626000000,8
1186460640000,1186461119000,0.6879518984032637,0.6879755631079983,0.6878619873708539,0.6878619873708539,2676000000,8
1186461120000,1186461599000,0.6878619873708539,0.6879613640897927,0.6877957521734346,0.6878856458902273,3154000000,8
1186461600000,1186462079000,0.6879140382617788,0.6880607695271647,0.6877910215760044,0.687847793040356,3842000000,8
1186462080000,1186462559000,0.68782413712462,0.6879944960440316,0.6877910215760044,0.6878951097536647,3095000000,8
1186462560000,1186463039000,0.6878951097536647,0.6878951097536647,0.6873891584981922,0.6875073047651131,2846000000,8
1186463040000,1186463519000,0.6875073047651131,0.6877058819484083,0.687393883569224,0.687422235359625,2944000000,8
1186463520000,1186463999000,0.687393883569224,0.6875403929980886,0.6872852233676976,0.6874931250687493,4317000000,8
1186464000000,1186464479000,0.6874931250687493,0.6877058819484083,0.6874931250687493,0.687587667427597,1823000000,8
1186464480000,1186464959000,0.687587667427597,0.6879329678116164,0.687587667427597,0.6878525244187647,3263000000,8
1186464960000,1186465439000,0.6878525244187647,0.6882312456985547,0.6877862910436469,0.6882312456985547,4165000000,8
1186465440000,1186465919000,0.6881791467954939,0.6882312456985547,0.6877200704225352,0.6880323650424516,5044000000,8
1186465920000,1186466399000,0.6880323650424516,0.6881317910006125,0.6879329678116164,0.6880797071532767,3452000000,8
1186466400000,1186466879000,0.6880797071532767,0.6881459970547352,0.6875640294002379,0.6876680488794449,5969000000,8
1186466880000,1186467359000,0.6876680488794449,0.6877673695649184,0.6875262119368301,0.6876207633965715,5335000000,8
1186467360000,1186467839000,0.6876916940597192,0.6881649393726688,0.6876113070803336,0.6880560352835134,7431000000,8
1186467840000,1186468319000,0.6880560352835134,0.6881317910006125,0.68782413712462,0.6879660970307383,9710000000,8
1186468320000,1186468799000,0.6879660970307383,0.6883402052630493,0.6879329678116164,0.6883402052630493,8115000000,8
1186468800000,1186469279000,0.6883402052630493,0.6883402052630493,0.6878951097536647,0.6879282353264907,7633000000,8
1186469280000,1186469759000,0.6879755631079983,0.6881033806519091,0.6875545746443624,0.6876113070803336,10359000000,8
1186469760000,1186470239000,0.6875593019897966,0.6876444053251183,0.6872946707171232,0.6876065790197481,9205000000,8
1186470240000,1186470719000,0.6876065790197481,0.6879187705515732,0.6876065790197481,0.6879187705515732,6586000000,8
1186470720000,1186471199000,0.6879424329772085,0.6881081155471148,0.6873797085510035,0.6881081155471148,11370000000,8
1186471200000,1186471679000,0.6881081155471148,0.6881081155471148,0.6872049313825875,0.687256882877682,14688000000,8
1186471680000,1186472159000,0.687256882877682,0.6877389892987813,0.6868839509564859,0.687573484416147,17457000000,8
1186472160000,1186472639000,0.6875498473639339,0.6876254916522265,0.6871057730627054,0.687351360268342,8451000000,8
1186472640000,1186473119000,0.687351360268342,0.68747894595728,0.6872899470099451,0.6873797085510035,8771000000,8
1186473120000,1186473599000,0.6873797085510035,0.6873797085510035,0.6867282890851406,0.6870019236053861,8910000000,8
1186473600000,1186474079000,0.68693585392996,0.6869877647479099,0.6866858480913567,0.6869547296833138,7050000000,8
1186474080000,1186474559000,0.6869547296833138,0.6871529877411907,0.6868320558257095,0.6869216977956683,12688000000,8
1186474560000,1186475039000,0.6869216977956683,0.6871152154793316,0.68611105393519,0.6863041150794741,9941000000,8
1186475040000,1186475519000,0.6863041150794741,0.6866151247579682,0.6861204690319526,0.686224052153028,7687000000,8
1186475520000,1186475999000,0.686224052153028,0.686483146838745,0.6860122110173561,0.686483146838745,10948000000,8
1186476000000,1186476479000,0.6864548724566847,0.6866339828890812,0.6858945780033608,0.6862005077883757,11137000000,8
1186476480000,1186476959000,0.6862005077883757,0.6867094257735782,0.6860498621039778,0.6864218886211844,11482000000,8
1186476960000,1186477439000,0.6864218886211844,0.6866764174717948,0.6863182457705639,0.6864171769034348,13478000000,8
1186477440000,1186477919000,0.6864171769034348,0.686483146838745,0.6862099253403602,0.6862994049784159,10035000000,8
1186477920000,1186478399000,0.6862994049784159,0.6864454481802331,0.6861345921615983,0.6863794854899377,5581000000,8
1186478400000,1186478879000,0.6863794854899377,0.6866056960808548,0.6861204690319526,0.6863465088984825,7471000000,8
1186478880000,1186479359000,0.6863465088984825,0.6864454481802331,0.6858757604647495,0.6860404489448698,9850000000,8
1186479360000,1186479839000,0.6860404489448698,0.6860969317745211,0.6856735371155085,0.6860357424621824,7373000000,8
1186479840000,1186480319000,0.6860357424621824,0.6862758554428537,0.6858569439586292,0.6862758554428537,7421000000,8
1186480320000,1186480799000,0.6862758554428537,0.6864407361390454,0.6858428322565602,0.6859181013786954,5483000000,8
1186480800000,1186481279000,0.6858945780033608,0.6866198391936337,0.6858428322565602,0.6866198391936337,7484000000,8
1186481280000,1186481759000,0.6866198391936337,0.6867896020054256,0.6864548724566847,0.6864548724566847,4611000000,8
1186481760000,1186482239000,0.6864548724566847,0.6866386975837184,0.6861204690319526,0.6861816734598652,5310000000,8
1186482240000,1186482719000,0.6861816734598652,0.6866528420561133,0.6861722566833178,0.6864218886211844,2826000000,8
1186482720000,1186483199000,0.686374774354293,0.686374774354293,0.6860310360440707,0.6861628401652281,3782000000,8
1186483200000,1186483679000,0.6861628401652281,0.6864218886211844,0.6859651529702291,0.6862523075233841,5424000000,8
1186483680000,1186484159000,0.6862523075233841,0.6865255627793301,0.6861393000006861,0.6864124652503689,7001000000,8
1186484160000,1186484639000,0.6865114235500879,0.6868226211898515,0.6864784342799871,0.6864878594622054,10104000000,8
1186484640000,1186485119000,0.6864642969919135,0.6866434123431019,0.68611105393519,0.6865774116031583,8045000000,8
1186485120000,1186485599000,0.6865774116031583,0.6866764174717948,0.6862946949420081,0.6863653522770171,4387000000,8
1186485600000,1186486079000,0.6863653522770171,0.686596267662689,0.6861863819450639,0.6864454481802331,5257000000,8
1186486080000,1186486559000,0.6864454481802331,0.6866481271672331,0.6863041150794741,0.6863276665545665,13307000000,8
1186486560000,1186487039000,0.686374774354293,0.686600981839404,0.6858710562414266,0.6858710562414266,9795000000,8
1186487040000,1186487519000,0.6859369212407227,0.6863841966902554,0.6856923435592918,0.6861863819450639,4597000000,8
1186487520000,1186487999000,0.6861863819450639,0.6864454481802331,0.6856735371155085,0.6860404489448698,6540000000,8
1186488000000,1186488479000,0.6860404489448698,0.6862052165320561,0.6858099072099196,0.6861675483919664,6652000000,8
1186488480000,1186488959000,0.6861675483919664,0.6864124652503689,0.68611105393519,0.6863653522770171,10432000000,8
1186488960000,1186489439000,0.6863653522770171,0.6864124652503689,0.6859463315590189,0.6862005077883757,5731000000,8
1186489440000,1186489919000,0.6862005077883757,0.6863936192849152,0.686059275521405,0.6863041150794741,7166000000,8
1186489920000,1186490399000,0.6863370875972026,0.6865255627793301,0.686125176677233,0.6864642969919135,14664000000,8
1186490400000,1186490879000,0.6864972849032382,0.686898105535025,0.6863983306792598,0.6865821255209441,19924000000,8
1186490880000,1186491359000,0.6866669871112606,0.6871246581554825,0.6865585565792907,0.6867707353254263,16752000000,8
1186491360000,1186491839000,0.6867707353254263,0.6873891584981922,0.6867047101076067,0.6868179039691207,11604000000,8
1186491840000,1186492319000,0.6868179039691207,0.687096330905593,0.6865585565792907,0.6869075422448139,15208000000,8
1186492320000,1186492799000,0.6869075422448139,0.6871954865000447,0.6867943188373946,0.6870585648720696,16960000000,8
1186492800000,1186493279000,0.6870585648720696,0.6879944960440316,0.6870066433542412,0.6878809140561586,26246000000,8
1186493280000,1186493759000,0.687847793040356,0.6879897627123308,0.6872379905161157,0.687398608705216,19917000000,8
1186493760000,1186494239000,0.6873655341173882,0.6880844417226881,0.6872852233676976,0.68782413712462,17770000000,8
1186494240000,1186494719000,0.6878856458902273,0.6881980909384957,0.687587667427597,0.6879140382617788,17209000000,8
1186494720000,1186495199000,0.6878667189445373,0.6887479251468754,0.6877910215760044,0.6886483210753932,16716000000,8
1186495200000,1186495679000,0.6886483210753932,0.6893556592652847,0.6884681583476765,0.68903741473162,24416000000,8
1186495680000,1186496159000,0.68903741473162,0.6891846256693706,0.6882075634011218,0.6882691407648047,19967000000,8
1186496160000,1186496639000,0.6882975648032157,0.6886862620864439,0.6874978515692138,0.6880181636795212,14750000000,8
1186496640000,1186497119000,0.6880181636795212,0.6886293521375055,0.6879850294457593,0.6885771929462152,19234000000,8
1186497120000,1186497599000,0.6885440048473498,0.6887763887453938,0.6884207627702053,0.6885440048473498,11388000000,8
1186497600000,1186498079000,0.6885440048473498,0.6885771929462152,0.6881507325364548,0.6883023023712015,8148000000,8
1186498080000,1186498559000,0.6883023023712015,0.6883638966903464,0.6879377003618553,0.6879377003618553,10826000000,8
1186498560000,1186499039000,0.6879708300368065,0.6881175855330158,0.6876302199729074,0.6878761822871883,15387000000,8
1186499040000,1186499519000,0.6879377003618553,0.6880702382099164,0.6876680488794449,0.6878761822871883,9316000000,8
1186499520000,1186499999000,0.687847793040356,0.6884112844377744,0.687800482835939,0.6883449434180456,9274000000,8
1186500000000,1186500479000,0.6882786151834263,0.6888238333046323,0.6880607695271647,0.6887147205884379,5782000000,8
1186500480000,1186500959000,0.6887431814425037,0.6887906214268986,0.6883875897485321,0.6885629690835228,9201000000,8
1186500960000,1186501439000,0.6885629690835228,0.6891276333289689,0.6884728982643598,0.6889329805996472,15883000000,8
1186501440000,1186501919000,0.6889329805996472,0.6892653809569761,0.6883023023712015,0.6887716446489331,20613000000,8
1186501920000,1186502399000,0.6887716446489331,0.6893604114102935,0.6885487458084596,0.6892986386351887,21492000000,8
1186502400000,1186502879000,0.6892986386351887,0.6893604114102935,0.688828578120049,0.6889662062075855,13573000000,8
1186502880000,1186503359000,0.6889662062075855,0.6891133867166503,0.6887431814425037,0.6888950124001102,16314000000,8
1186503360000,1186503839000,0.6888950124001102,0.6891846256693706,0.6887052341597797,0.6891228843927449,14017000000,8
1186503840000,1186504319000,0.6891846256693706,0.6893176444637453,0.6887479251468754,0.6889567128497316,9282000000,8
1186504320000,1186504799000,0.6889329805996472,0.6892843849515433,0.6889045040576475,0.6892036252110686,7883000000,8
1186504800000,1186505279000,0.6891371313977769,0.6892511286487232,0.6885297823557358,0.6888095992505752,8672000000,8
1186505280000,1186505759000,0.6888095992505752,0.689189375456588,0.6888095992505752,0.6889472197534947,6454000000,8
1186505760000,1186506239000,0.6889472197534947,0.6889472197534947,0.6884681583476765,0.6885629690835228,8499000000,8
1186506240000,1186506719000,0.6885392639515269,0.6889377269188638,0.6885013391351046,0.6888001102080177,7847000000,8
1186506720000,1186507199000,0.6888001102080177,0.6889139959767423,0.688525041655765,0.6887431814425037,6768000000,8
1186507200000,1186507679000,0.6887431814425037,0.6888143438698967,0.6884776382463098,0.6887052341597797,7385000000,8
1186507680000,1186508159000,0.6887052341597797,0.6890991406933715,0.6886293521375055,0.6889851937081871,9060000000,8
1186508160000,1186508639000,0.6889851937081871,0.6889851937081871,0.6887716446489331,0.6887716446489331,6780000000,8
1186508640000,1186509119000,0.6888190885545821,0.6889377269188638,0.6886767764417449,0.6887336942297891,7813000000,8
1186509120000,1186509599000,0.6887336942297891,0.6889994350204633,0.6886862620864439,0.6889519662689116,11092000000,8
1186509600000,1186510079000,0.6889519662689116,0.6892796338546585,0.6888997581961849,0.6891276333289689,9532000000,8
1186510080000,1186510559000,0.6891276333289689,0.6897645833477034,0.6886246100663146,0.6888855210041196,12316000000,8
1186510560000,1186511039000,0.6890184243526671,0.6891988752274356,0.6883875897485321,0.6885013391351046,27297000000,8
1186511040000,1186511519000,0.6885297823557358,0.6887147205884379,0.687800482835939,0.6879235029064767,26336000000,8
1186511520000,1186511999000,0.6879897627123308,0.6886056424346341,0.6874411378525714,0.6876396768093519,29171000000,8
1186512000000,1186512479000,0.6876065790197481,0.6884634184962583,0.6876065790197481,0.6879708300368065,25361000000,8
1186512480000,1186512959000,0.6880181636795212,0.6887906214268986,0.6879708300368065,0.6886767764417449,13027000000,8
1186512960000,1186513439000,0.6886767764417449,0.6899501855965999,0.6884634184962583,0.6893223960846487,20143000000,8
1186513440000,1186513919000,0.6894364546419756,0.6894554680713173,0.6885677103057929,0.6890326670387442,13121000000,8
1186513920000,1186514399000,0.6890659022628924,0.6893746682384408,0.6888807754042008,0.6891466297284072,14347000000,8
1186514400000,1186514879000,0.6891466297284072,0.6899501855965999,0.6890943921498367,0.6898740290023041,10600000000,8
1186514880000,1186515359000,0.6898978261319498,0.6902216301654461,0.6897027381198704,0.6900739759302197,12473000000,8
1186515360000,1186515839000,0.6900739759302197,0.690669742449253,0.689959706353149,0.6905886577718847,15059000000,8
1186515840000,1186516319000,0.6905886577718847,0.6905886577718847,0.6898787882968962,0.6900406433938959,9554000000,8
1186516320000,1186516799000,0.690093024539708,0.6905886577718847,0.6896646850301383,0.6903264553807495,10173000000,8
1186516800000,1186517279000,0.6903264553807495,0.6903884125208842,0.690093024539708,0.6901597029552639,3661000000,8
1186517280000,1186517759000,0.6901597029552639,0.6903455179317248,0.689893066574681,0.6899644668299583,4716000000,8
1186517760000,1186518239000,0.6899644668299583,0.6901311249137336,0.6897836148800122,0.6900215976760072,1271000000,8
1186518240000,1186518719000,0.6900215976760072,0.6903741137322315,0.6899168650177654,0.6902121021789995,1897000000,8
1186518720000,1186519199000,0.6901454136386537,0.6904646827314783,0.6900501666471152,0.6902502157031924,4703000000,8
1186519200000,1186519679000,0.6902502157031924,0.6903693476009666,0.6902025744556027,0.6902692740438046,2984000000,8
1186519680000,1186520159000,0.6902692740438046,0.6903693476009666,0.6897122520484453,0.6898311983057746,2756000000,8
1186520160000,1186520639000,0.689893066574681,0.6900739759302197,0.6894697288315557,0.6896123688874484,1364000000,8
1186520640000,1186521119000,0.6896123688874484,0.6906077348066298,0.6896123688874484,0.6898883070830832,1083000000,8
1186521120000,1186521599000,0.6898883070830832,0.6901358877562992,0.6896741979089078,0.6896741979089078,2099000000,8
1186521600000,1186522079000,0.6896741979089078,0.6901311249137336,0.6894934980763131,0.6899406651028012,1160000000,8
1186522080000,1186522559000,0.6896741979089078,0.6899454253168574,0.6894792363327978,0.689731280693042,1504000000,8
1186522560000,1186523039000,0.689731280693042,0.6908081073239475,0.6895933468033901,0.6901025492388169,839000000,8
1186523040000,1186523519000,0.6901025492388169,0.6901835197979143,0.689869269773378,0.689869269773378,504000000,8
1186523520000,1186523999000,0.689869269773378,0.6905123601712471,0.6894792363327978,0.6895267777724148,791000000,8
1186524000000,1186524479000,0.6895267777724148,0.6896266361391943,0.6894126893299598,0.6895267777724148,4144000000,8
1186524480000,1186524959000,0.6896599286891634,0.6897455528655478,0.6894126893299598,0.6896932244537629,2176000000,8
1186524960000,1186525439000,0.6896932244537629,0.6897455528655478,0.6895600606812854,0.689678954446705,1945000000,8
1186525440000,1186525919000,0.689678954446705,0.6898074057723084,0.689512514652141,0.6897455528655478,1110000000,8
1186525920000,1186526399000,0.6897455528655478,0.6898074057723084,0.6896456600598612,0.6896932244537629,1634000000,8
1186526400000,1186526879000,0.6896932244537629,0.6897455528655478,0.689464975179261,0.689464975179261,642000000,8
1186526880000,1186527359000,0.689464975179261,0.689579080929001,0.6893746682384408,0.6895172689600011,2190000000,8
1186527360000,1186527839000,0.6895457961840536,0.689731280693042,0.6894839901817479,0.6895981022260227,945000000,8
1186527840000,1186528319000,0.6895457961840536,0.6896123688874484,0.6892986386351887,0.6895457961840536,5342000000,8
1186528320000,1186528799000,0.6895457961840536,0.6896266361391943,0.6893414032233603,0.6895695706739853,2816000000,8
1186528800000,1186529279000,0.6895695706739853,0.6895933468033901,0.6894126893299598,0.6895600606812854,2578000000,8
1186529280000,1186529759000,0.6895933468033901,0.689731280693042,0.6893509071857938,0.6894934980763131,4241000000,8
1186529760000,1186530239000,0.6894934980763131,0.6899644668299583,0.6894412079009963,0.6895172689600011,4765000000,8
1186530240000,1186530719000,0.6895172689600011,0.689802647462561,0.6893318995229823,0.6896456600598612,6226000000,8
1186530720000,1186531199000,0.689721766239499,0.6898597515125174,0.6896218803230189,0.6898121641477025,5537000000,8
1186531200000,1186531679000,0.6897598256287161,0.6900406433938959,0.6897122520484453,0.6899930310703862,4659000000,8
1186531680000,1186532159000,0.6900406433938959,0.6901215994258189,0.6897074950513488,0.6900215976760072,7059000000,8
1186532160000,1186532639000,0.6900215976760072,0.6900739759302197,0.6897122520484453,0.6898787882968962,2657000000,8
1186532640000,1186533119000,0.6898502335143041,0.6898787882968962,0.6897360380182505,0.6898597515125174,2664000000,8
1186533120000,1186533599000,0.6898597515125174,0.6899121051977978,0.6896076132680505,0.6896694414367194,3901000000,8
1186533600000,1186534079000,0.6896979812540088,0.6898121641477025,0.6896694414367194,0.6897455528655478,2198000000,8
1186534080000,1186534559000,0.6897455528655478,0.6898597515125174,0.6888855210041196,0.6889709529846222,2207000000,8
1186534560000,1186535039000,0.6889709529846222,0.6895030062331071,0.6889709529846222,0.6894364546419756,6289000000,8
1186535040000,1186535519000,0.6894364546419756,0.689755067975362,0.6894126893299598,0.689755067975362,5683000000,8
1186535520000,1186535999000,0.689755067975362,0.689755067975362,0.6895885914463431,0.689640903981297,2803000000,8
1186536000000,1186536479000,0.689640903981297,0.689640903981297,0.6893556592652847,0.6894364546419756,5384000000,8
1186536480000,1186536959000,0.6894364546419756,0.6895030062331071,0.6893556592652847,0.6894554680713173,2409000000,8
1186536960000,1186537439000,0.6894554680713173,0.6894887440962526,0.6889804467349216,0.6892938873418071,1624000000,8
1186537440000,1186537919000,0.6892938873418071,0.6894982521219309,0.6892511286487232,0.6894982521219309,2851000000,8
1186537920000,1186538399000,0.6894459612255591,0.6894697288315557,0.6891941253092758,0.6894174422612892,3801000000,8
1186538400000,1186538879000,0.6893936782599703,0.6895172689600011,0.6893176444637453,0.6894697288315557,5289000000,8
1186538880000,1186539359000,0.6894697288315557,0.6894697288315557,0.6893176444637453,0.6893176444637453,2070000000,8
1186539360000,1186539839000,0.6892701318573763,0.6894839901817479,0.6890421624899228,0.6894174422612892,3607000000,8
1186539840000,1186540319000,0.6894174422612892,0.6894174422612892,0.6889424733034791,0.688989940746865,3486000000,8
1186540320000,1186540799000,0.6889662062075855,0.689189375456588,0.6889329805996472,0.689189375456588,2375000000,8
1186540800000,1186541279000,0.689189375456588,0.6892511286487232,0.6891038893023512,0.6892511286487232,1695000000,8
1186541280000,1186541759000,0.6892511286487232,0.6892701318573763,0.6891181355219725,0.6892701318573763,3334000000,8
1186541760000,1186542239000,0.6892701318573763,0.6892701318573763,0.6888475580354068,0.68903741473162,2150000000,8
1186542240000,1186542719000,0.68903741473162,0.6891371313977769,0.6889804467349216,0.689008929555727,1192000000,8
1186542720000,1186543199000,0.689008929555727,0.6890231718492693,0.6886957479924518,0.6889804467349216,1221000000,8
1186543200000,1186543679000,0.6889804467349216,0.689008929555727,0.6887621566520649,0.6888760298696647,787000000,8
1186543680000,1186544159000,0.6888760298696647,0.6891608777152938,0.6887669006178239,0.6891608777152938,3735000000,8
1186544160000,1186544639000,0.689189375456588,0.6892368769298632,0.6890706504137869,0.6892368769298632,1346000000,8
1186544640000,1186545119000,0.6892368769298632,0.6894031836639021,0.6891798759476223,0.6894031836639021,4356000000,8
1186545120000,1186545599000,0.6894031836639021,0.6896028577142423,0.6893556592652847,0.6895030062331071,4932000000,8
1186545600000,1186546079000,0.6895030062331071,0.6895030062331071,0.6893556592652847,0.6894554680713173,1795000000,8
1186546080000,1186546559000,0.6894554680713173,0.6895553057833004,0.6893461551718195,0.6894364546419756,3072000000,8
1186546560000,1186547039000,0.6892891361139257,0.6895030062331071,0.6892226258003598,0.6893366513404152,3756000000,8
1186547040000,1186547519000,0.6893889256562982,0.6895077604098434,0.6892748828232699,0.6893984309291712,4728000000,8
1186547520000,1186547999000,0.6893746682384408,0.689574325768703,0.6893414032233603,0.6895220233334253,2417000000,8
1186548000000,1186548479000,0.6895981022260227,0.6896218803230189,0.689464975179261,0.6895220233334253,4040000000,8
1186548480000,1186548959000,0.6895220233334253,0.6895220233334253,0.6892653809569761,0.6893223960846487,4590000000,8
1186548960000,1186549439000,0.6893223960846487,0.689541041482789,0.6892178755548204,0.6894221952581541,3950000000,8
1186549440000,1186549919000,0.6894221952581541,0.6894554680713173,0.6892748828232699,0.6893223960846487,1155000000,8
1186549920000,1186550399000,0.6893223960846487,0.6894221952581541,0.6892558793526509,0.6894221952581541,2920000000,8
1186550400000,1186550879000,0.6894221952581541,0.6894744825494008,0.6890943921498367,0.6892131253747596,1551000000,8
1186550880000,1186551359000,0.6892131253747596,0.6893936782599703,0.6890611541774333,0.6893081414184583,6109000000,8
1186551360000,1186551839000,0.6893081414184583,0.6893081414184583,0.6891323823306457,0.6891418805303636,2330000000,8
1186551840000,1186552319000,0.6891418805303636,0.6894079364641645,0.6889946878509567,0.6891751262913419,3062000000,8
1186552320000,1186552799000,0.6891751262913419,0.6897836148800122,0.6891276333289689,0.6894602215925152,3909000000,8
1186552800000,1186553279000,0.6894839901817479,0.6897074950513488,0.6893081414184583,0.6895933468033901,9521000000,8
1186553280000,1186553759000,0.6896456600598612,0.6901882833637016,0.6894697288315557,0.6900073140775292,14257000000,8
1186553760000,1186554239000,0.6900073140775292,0.6903741137322315,0.6894554680713173,0.6894554680713173,10780000000,8
1186554240000,1186554719000,0.6894554680713173,0.6898169225887449,0.6892321264878798,0.6893984309291712,11368000000,8
1186554720000,1186555199000,0.6892986386351887,0.6896741979089078,0.6890753986301181,0.6896741979089078,16251000000,8
1186555200000,1186555679000,0.6896741979089078,0.6901692294950722,0.6894602215925152,0.6899406651028012,10533000000,8
1186555680000,1186556159000,0.6898883070830832,0.6904217786645862,0.689802647462561,0.6901025492388169,12392000000,8
1186556160000,1186556639000,0.6901025492388169,0.690216866139341,0.689788372927186,0.6898835476571555,6573000000,8
1186556640000,1186557119000,0.6899359049544297,0.6900168364108084,0.6897122520484453,0.6898835476571555,7065000000,8
1186557120000,1186557599000,0.6898835476571555,0.6901073116869674,0.6896171245724374,0.6901073116869674,10377000000,8
1186557600000,1186558079000,0.6902073382844207,0.6902073382844207,0.6897693411323254,0.6899835093941254,9274000000,8
1186558080000,1186558559000,0.689907345443507,0.6901358877562992,0.6895505509508901,0.6897170091111617,8907000000,8
1186558560000,1186559039000,0.6897170091111617,0.6900454049876482,0.6896171245724374,0.6898264396677796,9279000000,8
1186559040000,1186559519000,0.6897740989825831,0.6898502335143041,0.689303389994072,0.6896884677191313,14549000000,8
1186559520000,1186559999000,0.6897407954090852,0.6903455179317248,0.6896504162040261,0.6902645093599867,16891000000,8
1186560000000,1186560479000,0.6902978635281124,0.6910038212511315,0.6901787562978812,0.6908987902362184,14655000000,8
1186560480000,1186560959000,0.6909274318918284,0.6916585973163647,0.6908128795153257,0.6909513017522525,11226000000,8
1186560960000,1186561439000,0.6908176517726381,0.6913286645604186,0.6906172737192502,0.6908892435453672,8191000000,8
1186561440000,1186561919000,0.69091311076719,0.6909656244601832,0.6904456135990168,0.6907317612278447,8926000000,8
1186561920000,1186562399000,0.6907317612278447,0.6908844702988767,0.6900168364108084,0.6903264553807495,7594000000,8
1186562400000,1186562879000,0.6902978635281124,0.690407478493807,0.6899644668299583,0.6903264553807495,4685000000,8
1186562880000,1186563359000,0.6902788036087776,0.690407478493807,0.6901835197979143,0.6902597447419464,3443000000,8
1186563360000,1186563839000,0.690216866139341,0.6905791196497383,0.6901930469952445,0.6904885206283445,6240000000,8
1186563840000,1186564319000,0.6905552754970271,0.6906506619886595,0.6904456135990168,0.6906029654491336,2833000000,8
1186564320000,1186564799000,0.6906029654491336,0.6906649722352681,0.689959706353149,0.6899930310703862,4582000000,8
1186564800000,1186565279000,0.6899406651028012,0.6901215994258189,0.6894792363327978,0.6897265234334586,5221000000,8
1186565280000,1186565759000,0.6897265234334586,0.6898978261319498,0.6893604114102935,0.6898978261319498,9229000000,8
1186565760000,1186566239000,0.6898978261319498,0.6899121051977978,0.6893271477710606,0.689464975179261,8857000000,8
1186566240000,1186566719000,0.6894934980763131,0.6901358877562992,0.6894412079009963,0.689907345443507,11837000000,8
1186566720000,1186567199000,0.689907345443507,0.6899882701994066,0.689512514652141,0.6896266361391943,9920000000,8
1186567200000,1186567679000,0.6896266361391943,0.6896741979089078,0.6891371313977769,0.6895981022260227,11878000000,8
1186567680000,1186568159000,0.6896456600598612,0.689926384854736,0.6893604114102935,0.6895505509508901,7905000000,8
1186568160000,1186568639000,0.6895220233334253,0.6905171282773669,0.6893936782599703,0.6903598155358572,11297000000,8
1186568640000,1186569119000,0.6903598155358572,0.6907460748354297,0.6902597447419464,0.6902597447419464,11716000000,8
1186569120000,1186569599000,0.6902359226383578,0.6904027119018523,0.6895172689600011,0.6897836148800122,9578000000,8
1186569600000,1186570079000,0.6897836148800122,0.6899644668299583,0.6894934980763131,0.6894982521219309,7854000000,8
1186570080000,1186570559000,0.6894507146156656,0.6896979812540088,0.6894079364641645,0.689531532276971,8802000000,8
1186570560000,1186571039000,0.689531532276971,0.6896979812540088,0.6888617936583383,0.6894317014484961,10198000000,8
1186571040000,1186571519000,0.6894982521219309,0.6898121641477025,0.6894221952581541,0.6895457961840536,9031000000,8
1186571520000,1186571999000,0.6894697288315557,0.6898121641477025,0.6892558793526509,0.6897455528655478,11250000000,8
1186572000000,1186572479000,0.6897455528655478,0.6903359865246416,0.6896932244537629,0.690078737984004,11662000000,8
1186572480000,1186572959000,0.6900263590069141,0.6900406433938959,0.689893066574681,0.6899930310703862,6881000000,8
1186572960000,1186573439000,0.6899930310703862,0.6903216899074969,0.6897740989825831,0.6901406506646055,10138000000,8
1186573440000,1186573919000,0.6901406506646055,0.6902216301654461,0.6898407157787266,0.6898835476571555,9901000000,8
1186573920000,1186574399000,0.6899359049544297,0.6906458920382341,0.6898454746136865,0.6905028241565507,6954000000,8
1186574400000,1186574879000,0.6905791196497383,0.6905791196497383,0.6896884677191313,0.6898740290023041,10989000000,8
1186574880000,1186575359000,0.6898502335143041,0.6901358877562992,0.6893699158968704,0.690035881865857,11213000000,8
1186575360000,1186575839000,0.690035881865857,0.6904360794277665,0.6897931310400011,0.6898740290023041,11650000000,8
1186575840000,1186576319000,0.6899216249034109,0.6902645093599867,0.6894031836639021,0.6895981022260227,10458000000,8
1186576320000,1186576799000,0.689574325768703,0.6900644520198186,0.689574325768703,0.6897170091111617,17378000000,8
1186576800000,1186577279000,0.6896646850301383,0.6902406869275317,0.6895077604098434,0.6897074950513488,14088000000,8
1186577280000,1186577759000,0.689731280693042,0.6904122451515801,0.6896551724137931,0.6902930984496016,16925000000,8
1186577760000,1186578239000,0.6902930984496016,0.6903455179317248,0.6894126893299598,0.6894887440962526,18529000000,8
1186578240000,1186578719000,0.6895220233334253,0.690078737984004,0.6893889256562982,0.6899311448717418,16579000000,8
1186578720000,1186579199000,0.6899311448717418,0.6904122451515801,0.6898407157787266,0.6902788036087776,9812000000,8
1186579200000,1186579679000,0.690245451282476,0.6907842473560233,0.6901549397839816,0.6901549397839816,14060000000,8
1186579680000,1186580159000,0.6901549397839816,0.6904360794277665,0.6897740989825831,0.6899882701994066,16053000000,8
1186580160000,1186580639000,0.690035881865857,0.690216866139341,0.689512514652141,0.6898216810954367,18440000000,8
1186580640000,1186581119000,0.6896979812540088,0.6904789852720833,0.6895220233334253,0.6902788036087776,22324000000,8
1186581120000,1186581599000,0.6902788036087776,0.6916442458656965,0.6900835001035125,0.691190091098854,21074000000,8
1186581600000,1186582079000,0.691190091098854,0.69180693052183,0.691190091098854,0.6915772803031874,21285000000,8
1186582080000,1186582559000,0.6916777335104028,0.6917686448944015,0.6911948685692958,0.6914577311888924,18832000000,8
1186582560000,1186583039000,0.6914242648431503,0.6917399334546184,0.691161427663045,0.6914242648431503,23397000000,8
1186583040000,1186583519000,0.691357341869292,0.6918883015525974,0.6912952107067802,0.6917925729149372,21301000000,8
1186583520000,1186583999000,0.6917925729149372,0.6919601154189472,0.6914242648431503,0.6915772803031874,18974000000,8
1186584000000,1186584479000,0.6915772803031874,0.6917064397869545,0.6912187569121876,0.6914099231152165,10885000000,8
1186584480000,1186584959000,0.6914768562696206,0.6917255786284465,0.6907985631389887,0.69091311076719,13068000000,8
1186584960000,1186585439000,0.69091311076719,0.6911757590837775,0.689731280693042,0.6900739759302197,20486000000,8
1186585440000,1186585919000,0.6900739759302197,0.6903407521952836,0.689579080929001,0.6902883334368767,14263000000,8
1186585920000,1186586399000,0.6902406869275317,0.6904217786645862,0.6898311983057746,0.6902406869275317,13685000000,8
1186586400000,1186586879000,0.6901882833637016,0.6904694501791768,0.6900215976760072,0.6901215994258189,9535000000,8
1186586880000,1186587359000,0.6901215994258189,0.6903216899074969,0.689721766239499,0.6898121641477025,8954000000,8
1186587360000,1186587839000,0.6898121641477025,0.6901406506646055,0.6897455528655478,0.6898407157787266,9490000000,8
1186587840000,1186588319000,0.6898407157787266,0.6899406651028012,0.6892178755548204,0.689579080929001,6191000000,8
1186588320000,1186588799000,0.689579080929001,0.689797889218459,0.689303389994072,0.689797889218459,8038000000,8
1186588800000,1186589279000,0.689797889218459,0.6898645106101162,0.6893509071857938,0.6897645833477034,5107000000,8
1186589280000,1186589759000,0.689731280693042,0.6899977920070656,0.6895553057833004,0.6898978261319498,5665000000,8
1186589760000,1186590239000,0.6898502335143041,0.6904789852720833,0.689788372927186,0.6904122451515801,10567000000,8
1186590240000,1186590719000,0.6904122451515801,0.6904122451515801,0.6901120742008502,0.690245451282476,6949000000,8
1186590720000,1186591199000,0.690245451282476,0.690245451282476,0.6899977920070656,0.6901168367804669,8050000000,8
1186591200000,1186591679000,0.6901168367804669,0.6902502157031924,0.6894364546419756,0.6896266361391943,5377000000,8
1186591680000,1186592159000,0.6896504162040261,0.6900120752113162,0.6895505509508901,0.6898740290023041,7439000000,8
1186592160000,1186592639000,0.6898978261319498,0.6900120752113162,0.6895981022260227,0.6898835476571555,8948000000,8
1186592640000,1186593119000,0.6898835476571555,0.6899644668299583,0.689640903981297,0.6898883070830832,8148000000,8
1186593120000,1186593599000,0.6898645106101162,0.6901549397839816,0.6898597515125174,0.6899311448717418,6181000000,8
1186593600000,1186594079000,0.689926384854736,0.6899501855965999,0.6897503103876397,0.6898978261319498,4938000000,8
1186594080000,1186594559000,0.6898978261319498,0.6906411221536953,0.6898978261319498,0.6905600441958428,6217000000,8
1186594560000,1186595039000,0.6905600441958428,0.6906411221536953,0.6901454136386537,0.6903121591583714,7365000000,8
1186595040000,1186595519000,0.6903121591583714,0.6906268128953839,0.6902263942573164,0.6905743506874668,5217000000,8
1186595520000,1186595999000,0.6905743506874668,0.6907747038303457,0.6903359865246416,0.6903359865246416,4433000000,8
1186596000000,1186596479000,0.6902692740438046,0.6904932884052367,0.6902692740438046,0.6904932884052367,2305000000,8
1186596480000,1186596959000,0.6904408464804778,0.6906745127291313,0.6903598155358572,0.6905743506874668,2518000000,8
1186596960000,1186597439000,0.6905552754970271,0.6908224240958862,0.690407478493807,0.6907460748354297,2779000000,8
1186597440000,1186597919000,0.6907460748354297,0.6909465276482253,0.6904313124408819,0.6908844702988767,4047000000,8
1186597920000,1186598399000,0.6908844702988767,0.690917884409438,0.6906458920382341,0.6906792830749041,5230000000,8
1186598400000,1186598879000,0.6907031357922365,0.6910611243564494,0.6907031357922365,0.690836741461258,3497000000,8
1186598880000,1186599359000,0.6907890192177506,0.6913669015009576,0.6907317612278447,0.6912426469063436,6230000000,8
1186599360000,1186599839000,0.6912760956726116,0.6914003622937899,0.6909894969596462,0.6912187569121876,6364000000,8
1186599840000,1186600319000,0.6911662047372531,0.6913334439466844,0.6905075921309755,0.6907079065334061,4456000000,8
1186600320000,1186600799000,0.6906840534865731,0.6910372469076083,0.6903741137322315,0.6904932884052367,5488000000,8
1186600800000,1186601279000,0.6904932884052367,0.6909560759222536,0.6898835476571555,0.6904265455198222,8854000000,8
1186601280000,1186601759000,0.6904265455198222,0.6905743506874668,0.6898359570094232,0.6904265455198222,9830000000,8
1186601760000,1186602239000,0.6904265455198222,0.6906411221536953,0.6899216249034109,0.690550506864072,5766000000,8
1186602240000,1186602719000,0.6906172737192502,0.6907413035669882,0.6904742176927113,0.6906268128953839,6946000000,8
1186602720000,1186603199000,0.6906268128953839,0.6912713170792405,0.690450380783385,0.6910563487346758,6323000000,8
1186603200000,1186603679000,0.6911232134464933,0.6911709818774968,0.6908653779724483,0.6909703988281142,3508000000,8
1186603680000,1186604159000,0.6910754516178076,0.6915677148527998,0.6910372469076083,0.6914338263256515,4070000000,8
1186604160000,1186604639000,0.6915342378601165,0.6915342378601165,0.6912617600906935,0.6913525621525953,3183000000,8
1186604640000,1186605119000,0.6913525621525953,0.6915485847458214,0.6912139791115135,0.6913669015009576,2044000000,8
1186605120000,1186605599000,0.6913669015009576,0.6914338263256515,0.6911470968366197,0.6912187569121876,2380000000,8
1186605600000,1186606079000,0.6912187569121876,0.6913860215574161,0.6911375432824887,0.6911757590837775,1846000000,8
1186606080000,1186606559000,0.6911757590837775,0.691515109605145,0.6911518737127296,0.6914338263256515,1628000000,8
1186606560000,1186607039000,0.6913860215574161,0.6913860215574161,0.6906077348066298,0.6908558322049354,1276000000,8
1186607040000,1186607519000,0.6909035636805814,0.6910706757980138,0.6901358877562992,0.6906745127291313,534000000,8
1186607520000,1186607999000,0.6906745127291313,0.6911232134464933,0.6905075921309755,0.6910038212511315,1147000000,8
1186608000000,1186608479000,0.6910038212511315,0.6913334439466844,0.6910038212511315,0.6912665385519349,1070000000,8
1186608480000,1186608959000,0.6912665385519349,0.6913191059861321,0.6911041079228175,0.6911041079228175,889000000,8
1186608960000,1186609439000,0.6915629322268326,0.6917064397869545,0.6910229212302972,0.6912665385519349,860000000,8
1186609440000,1186609919000,0.6912665385519349,0.6915485847458214,0.6910706757980138,0.691237868775403,1463000000,8
1186609920000,1186610399000,0.691237868775403,0.6913669015009576,0.6911423200265399,0.6913669015009576,769000000,8
1186610400000,1186610879000,0.6913191059861321,0.6914672935970129,0.6912522033663983,0.6913525621525953,1223000000,8
1186610880000,1186611359000,0.691237868775403,0.6914338263256515,0.6910515731789063,0.691237868775403,1307000000,8
1186611360000,1186611839000,0.691237868775403,0.6914003622937899,0.6911041079228175,0.6911041079228175,2129000000,8
1186611840000,1186612319000,0.6911041079228175,0.6912330907105185,0.6909847223277893,0.6910324716158412,2295000000,8
1186612320000,1186612799000,0.6911327666044647,0.6911853136944546,0.690846286701209,0.6910038212511315,2015000000,8
1186612800000,1186613279000,0.6910038212511315,0.6910085961469361,0.6909274318918284,0.6909847223277893,1339000000,8
1186613280000,1186613759000,0.6910181461365175,0.6910181461365175,0.6907937911454052,0.690917884409438,2129000000,8
1186613760000,1186614239000,0.690870150955128,0.690917884409438,0.690669742449253,0.6907699321663927,1971000000,8
1186614240000,1186614719000,0.6907699321663927,0.6907890192177506,0.6902835684899357,0.690540969795738,2610000000,8
1186614720000,1186615199000,0.6904742176927113,0.6912522033663983,0.6904742176927113,0.6912187569121876,1919000000,8
1186615200000,1186615679000,0.691190091098854,0.6912187569121876,0.6910038212511315,0.6910515731789063,3248000000,8
1186615680000,1186616159000,0.6910515731789063,0.6910706757980138,0.690870150955128,0.690870150955128,1263000000,8
1186616160000,1186616639000,0.690846286701209,0.6914147036250873,0.6905314329908298,0.6908844702988767,1992000000,8
1186616640000,1186617119000,0.6909369796380872,0.6909369796380872,0.6907937911454052,0.6908844702988767,2110000000,8
1186617120000,1186617599000,0.6908844702988767,0.6912139791115135,0.690760389036251,0.6911518737127296,810000000,8
1186617600000,1186618079000,0.6911518737127296,0.6911996461057812,0.6907699321663927,0.6908224240958862,2284000000,8
1186618080000,1186618559000,0.6908224240958862,0.691118436966543,0.6907556175700599,0.6909513017522525,4159000000,8
1186618560000,1186619039000,0.6910038212511315,0.6910038212511315,0.6906268128953839,0.6907699321663927,7474000000,8
1186619040000,1186619519000,0.6907365323644602,0.6907699321663927,0.6905791196497383,0.6906220432743773,3391000000,8
1186619520000,1186619999000,0.6906220432743773,0.690917884409438,0.6905981961575116,0.6906268128953839,11375000000,8
1186620000000,1186620479000,0.6907556175700599,0.6909035636805814,0.6906792830749041,0.6908271964850712,3325000000,8
1186620480000,1186620959000,0.6909035636805814,0.6909369796380872,0.6904456135990168,0.6904980562479717,6907000000,8
1186620960000,1186621439000,0.6905743506874668,0.6907699321663927,0.6905218964493364,0.6906554320049727,3456000000,8
1186621440000,1186621919000,0.6906554320049727,0.6912044237083117,0.6906554320049727,0.6911041079228175,3832000000,8
1186621920000,1186622399000,0.6911375432824887,0.6912522033663983,0.6909847223277893,0.691085003455425,3756000000,8
1186622400000,1186622879000,0.691085003455425,0.6911041079228175,0.691013371108731,0.6911041079228175,1397000000,8
1186622880000,1186623359000,0.6911041079228175,0.6915342378601165,0.6910181461365175,0.6915342378601165,5230000000,8
1186623360000,1186623839000,0.6915342378601165,0.6915677148527998,0.6913669015009576,0.6914003622937899,2125000000,8
1186623840000,1186624319000,0.6914003622937899,0.6915677148527998,0.6912665385519349,0.6914051426714513,3625000000,8
1186624320000,1186624799000,0.6914051426714513,0.6914816377051107,0.6914051426714513,0.6914816377051107,2134000000,8
1186624800000,1186625279000,0.6914338263256515,0.6914338263256515,0.691085003455425,0.6911662047372531,2242000000,8
1186625280000,1186625759000,0.6911662047372531,0.6912522033663983,0.6911518737127296,0.6912235347789122,2471000000,8
1186625760000,1186626239000,0.6912235347789122,0.6912522033663983,0.6910897794732513,0.6911518737127296,2357000000,8
1186626240000,1186626719000,0.6911518737127296,0.6911518737127296,0.6910515731789063,0.6910993317069462,2293000000,8
1186626720000,1186627199000,0.6910993317069462,0.6912330907105185,0.6909847223277893,0.6910659000442282,4055000000,8
1186627200000,1186627679000,0.6910993317069462,0.6911518737127296,0.6910085961469361,0.6910324716158412,1682000000,8
1186627680000,1186628159000,0.6910324716158412,0.6910324716158412,0.6909274318918284,0.6909847223277893,595000000,8
1186628160000,1186628639000,0.6909847223277893,0.6910515731789063,0.6905886577718847,0.6907222191523458,813000000,8
1186628640000,1186629119000,0.6907222191523458,0.6910324716158412,0.6905886577718847,0.6910324716158412,2410000000,8
1186629120000,1186629599000,0.6910324716158412,0.6912330907105185,0.6910324716158412,0.6912139791115135,775000000,8
1186629600000,1186630079000,0.6912139791115135,0.6912139791115135,0.6910324716158412,0.691085003455425,1378000000,8
1186630080000,1186630559000,0.691085003455425,0.691515109605145,0.6910324716158412,0.6913621216520789,2304000000,8
1186630560000,1186631039000,0.6913286645604186,0.6914147036250873,0.6910659000442282,0.6910993317069462,1830000000,8
1186631040000,1186631519000,0.6910993317069462,0.6911662047372531,0.6909035636805814,0.6910324716158412,1386000000,8
1186631520000,1186631999000,0.6910324716158412,0.691085003455425,0.6908510594200996,0.6908510594200996,1913000000,8
1186632000000,1186632479000,0.6908510594200996,0.690917884409438,0.6907126773404799,0.6908033351985023,2819000000,8
1186632480000,1186632959000,0.690836741461258,0.69096085015823,0.6907842473560233,0.6907842473560233,1307000000,8
1186632960000,1186633439000,0.6907842473560233,0.6908176517726381,0.6906602020871752,0.6906840534865731,910000000,8
1186633440000,1186633919000,0.6906840534865731,0.6908176517726381,0.6906363523350415,0.6907842473560233,1707000000,8
1186633920000,1186634399000,0.6907842473560233,0.6909322057319736,0.6907842473560233,0.690870150955128,1176000000,8
1186634400000,1186634879000,0.690870150955128,0.6909322057319736,0.6907842473560233,0.6909322057319736,1143000000,8
1186634880000,1186635359000,0.6909322057319736,0.6911996461057812,0.6908319689401947,0.6910659000442282,1274000000,8
1186635360000,1186635839000,0.6910659000442282,0.6912665385519349,0.690994271657488,0.6911327666044647,1890000000,8
1186635840000,1186636319000,0.6911327666044647,0.6914481690452484,0.691085003455425,0.6913908017367737,3159000000,8
1186636320000,1186636799000,0.691357341869292,0.6914959824083422,0.6913238852402351,0.6914481690452484,1829000000,8
1186636800000,1186637279000,0.6914481690452484,0.6914481690452484,0.6912187569121876,0.6912999896305001,4861000000,8
1186637280000,1186637759000,0.6912522033663983,0.6913525621525953,0.690894016857814,0.690894016857814,1783000000,8
1186637760000,1186638239000,0.690894016857814,0.6912139791115135,0.6908510594200996,0.6910420222653739,3796000000,8
1186638240000,1186638719000,0.6910420222653739,0.6913812414441571,0.6909847223277893,0.6911136605526146,4992000000,8
1186638720000,1186639199000,0.6911136605526146,0.6911136605526146,0.6907699321663927,0.6909656244601832,4548000000,8
1186639200000,1186639679000,0.690917884409438,0.6910181461365175,0.6907365323644602,0.6908319689401947,7676000000,8
1186639680000,1186640159000,0.6907842473560233,0.6908510594200996,0.690407478493807,0.6907317612278447,11026000000,8
1186640160000,1186640639000,0.6907317612278447,0.691080227503611,0.6907079065334061,0.6910659000442282,12371000000,8
1186640640000,1186641119000,0.6910659000442282,0.6911662047372531,0.6907126773404799,0.6908510594200996,11180000000,8
1186641120000,1186641599000,0.6908510594200996,0.6909703988281142,0.690407478493807,0.6905695817910612,10052000000,8
1186641600000,1186642079000,0.6905695817910612,0.6910754516178076,0.6903550496020102,0.6908176517726381,11076000000,8
1186642080000,1186642559000,0.6907937911454052,0.6914433880726015,0.6906554320049727,0.6914433880726015,14375000000,8
1186642560000,1186643039000,0.6913908017367737,0.6917782159039813,0.6909560759222536,0.6917399334546184,14950000000,8
1186643040000,1186643519000,0.6919888451398164,0.6929670771341653,0.6914625123598924,0.6918930886799372,14109000000,8
1186643520000,1186643999000,0.6918212887246966,0.6930631311206137,0.6918212887246966,0.6924440505207179,18102000000,8
1186644000000,1186644479000,0.6926167059149467,0.692952671332548,0.6922331441229406,0.6927846478922027,18807000000,8
1186644480000,1186644959000,0.6927510529816006,0.6931207762952695,0.6921229487206108,0.6921756464920539,15691000000,8
1186644960000,1186645439000,0.6922906513070447,0.6927222599371008,0.6919505393754455,0.6924104886340818,14966000000,8
1186645440000,1186645919000,0.6923625487250145,0.6932841563771743,0.6923289947382997,0.6927366561601607,10295000000,8
1186645920000,1186646399000,0.6927366561601607,0.6927366561601607,0.6921708554539602,0.6922571042885327,12686000000,8
1186646400000,1186646879000,0.6923577550992149,0.6924488453415504,0.6915007641083444,0.6915677148527998,9883000000,8
1186646880000,1186647359000,0.6915677148527998,0.6919074504594266,0.6911805363560962,0.6916920863508401,8637000000,8
1186647360000,1186647839000,0.6916920863508401,0.6919218128351496,0.6910467976891396,0.6910467976891396,9972000000,8
1186647840000,1186648319000,0.6911470968366197,0.6912808743320499,0.6897788568984783,0.6902121021789995,17229000000,8
1186648320000,1186648799000,0.6902121021789995,0.690526664687157,0.689926384854736,0.6901739928636009,14296000000,8
1186648800000,1186649279000,0.6902359226383578,0.6905075921309755,0.689959706353149,0.6900835001035125,7290000000,8
1186649280000,1186649759000,0.6900835001035125,0.6903455179317248,0.6899406651028012,0.6902121021789995,6529000000,8
1186649760000,1186650239000,0.6901787562978812,0.6903312209197974,0.6895077604098434,0.6900644520198186,10827000000,8
1186650240000,1186650719000,0.6900644520198186,0.6903455179317248,0.6897693411323254,0.6899025857548914,14355000000,8
1186650720000,1186651199000,0.689869269773378,0.689907345443507,0.6895030062331071,0.689640903981297,16561000000,8
1186651200000,1186651679000,0.689640903981297,0.6896741979089078,0.6888902666694222,0.6891418805303636,14596000000,8
1186651680000,1186652159000,0.689165627175179,0.6898549924805806,0.6890041822553863,0.6897074950513488,10565000000,8
1186652160000,1186652639000,0.6897074950513488,0.6902263942573164,0.6892796338546585,0.689303389994072,10413000000,8
1186652640000,1186653119000,0.689303389994072,0.6898740290023041,0.6892891361139257,0.689531532276971,13617000000,8
1186653120000,1186653599000,0.689531532276971,0.6895885914463431,0.6886151261198603,0.6891276333289689,13328000000,8
1186653600000,1186654079000,0.6891798759476223,0.6901311249137336,0.689013676921487,0.6897598256287161,17985000000,8
1186654080000,1186654559000,0.6897836148800122,0.6900311204035301,0.6894364546419756,0.6899311448717418,10496000000,8
1186654560000,1186655039000,0.68995494594203,0.6902406869275317,0.6894982521219309,0.6897455528655478,8225000000,8
1186655040000,1186655519000,0.6897455528655478,0.6904980562479717,0.6895457961840536,0.6896741979089078,14880000000,8
1186655520000,1186655999000,0.6897740989825831,0.6904408464804778,0.6894697288315557,0.6901882833637016,14225000000,8
1186656000000,1186656479000,0.6901882833637016,0.6903407521952836,0.6897740989825831,0.6901311249137336,10205000000,8
1186656480000,1186656959000,0.6901311249137336,0.6903121591583714,0.6893841731181536,0.6894982521219309,6512000000,8
1186656960000,1186657439000,0.6894744825494008,0.6897598256287161,0.6890469103136542,0.6892321264878798,9615000000,8
1186657440000,1186657919000,0.6892083752601762,0.689678954446705,0.6889282343458282,0.6895885914463431,8872000000,8
1186657920000,1186658399000,0.6895457961840536,0.6901120742008502,0.6894887440962526,0.6899025857548914,13530000000,8
1186658400000,1186658879000,0.6899025857548914,0.6905123601712471,0.6899025857548914,0.6903312209197974,14458000000,8
1186658880000,1186659359000,0.6903312209197974,0.6904980562479717,0.6899930310703862,0.69030262867241,18318000000,8
1186659360000,1186659839000,0.6903502837339667,0.6904265455198222,0.689788372927186,0.689869269773378,19566000000,8
1186659840000,1186660319000,0.6899216249034109,0.6905075921309755,0.689869269773378,0.6902788036087776,11862000000,8
1186660320000,1186660799000,0.6902788036087776,0.6911041079228175,0.690078737984004,0.6909847223277893,10731000000,8
1186660800000,1186661279000,0.6909847223277893,0.6911041079228175,0.6901930469952445,0.6904408464804778,15257000000,8
1186661280000,1186661759000,0.6904408464804778,0.6907747038303457,0.6900596901631991,0.6907269901571403,20645000000,8
1186661760000,1186662239000,0.6907269901571403,0.6907747038303457,0.6893651636208216,0.689640903981297,18036000000,8
1186662240000,1186662719000,0.689640903981297,0.6901263621369073,0.6891418805303636,0.6897122520484453,23009000000,8
1186662720000,1186663199000,0.6896504162040261,0.6906268128953839,0.6894839901817479,0.6904265455198222,30354000000,8
1186663200000,1186663679000,0.6902788036087776,0.6906840534865731,0.6898740290023041,0.6902121021789995,38746000000,8
1186663680000,1186664159000,0.6902121021789995,0.6908415140482621,0.689574325768703,0.6897074950513488,30270000000,8
1186664160000,1186664639000,0.6897074950513488,0.690316924500038,0.6890801469118872,0.6890801469118872,31386000000,8
1186664640000,1186665119000,0.6891466297284072,0.6892986386351887,0.6876444053251183,0.6883070400044052,22283000000,8
1186665120000,1186665599000,0.6883070400044052,0.6898169225887449,0.6881033806519091,0.6893699158968704,19227000000,8
1186665600000,1186666079000,0.6893176444637453,0.6902597447419464,0.6893176444637453,0.6896456600598612,25707000000,8
1186666080000,1186666559000,0.6897598256287161,0.6901025492388169,0.6892938873418071,0.6898074057723084,22856000000,8
1186666560000,1186667039000,0.6898597515125174,0.6914433880726015,0.6892368769298632,0.6908987902362184,21850000000,8
1186667040000,1186667519000,0.6909513017522525,0.6920223661628744,0.6903216899074969,0.6913621216520789,23759000000,8
1186667520000,1186667999000,0.6913621216520789,0.691730363504306,0.6909990464213159,0.6916298950105819,15766000000,8
1186668000000,1186668479000,0.691744718529074,0.6918452203872949,0.6909274318918284,0.6912139791115135,14679000000,8
1186668480000,1186668959000,0.6912808743320499,0.6919936336585704,0.6911757590837775,0.6917590741496552,10200000000,8
1186668960000,1186669439000,0.6917877871784052,0.6925207756232687,0.6912235347789122,0.6913908017367737,22157000000,8
1186669440000,1186669919000,0.6913908017367737,0.6918595801796067,0.6911423200265399,0.6913143267981086,18802000000,8
1186669920000,1186670399000,0.691190091098854,0.6916729493626234,0.6909751732620247,0.6912474251033415,18661000000,8
1186670400000,1186670879000,0.6912474251033415,0.6914433880726015,0.691013371108731,0.6912187569121876,18889000000,8
1186670880000,1186671359000,0.6912187569121876,0.6916298950105819,0.6909035636805814,0.6912044237083117,16172000000,8
1186671360000,1186671839000,0.6912522033663983,0.6915294556971654,0.6908796971183407,0.691085003455425,16056000000,8
1186671840000,1186672319000,0.6910372469076083,0.6913764613969953,0.6906029654491336,0.6907222191523458,19496000000,8
1186672320000,1186672799000,0.6907222191523458,0.690979947761916,0.6902930984496016,0.6907365323644602,19530000000,8
1186672800000,1186673279000,0.6907365323644602,0.6911375432824887,0.6906029654491336,0.6908844702988767,20177000000,8
1186673280000,1186673759000,0.6908844702988767,0.6912808743320499,0.6907937911454052,0.6912283127116886,12358000000,8
1186673760000,1186674239000,0.6912952107067802,0.6914147036250873,0.6905743506874668,0.6907413035669882,10165000000,8
1186674240000,1186674719000,0.6907413035669882,0.6909083371909048,0.6899121051977978,0.6903264553807495,18275000000,8
1186674720000,1186675199000,0.6904551480335838,0.6907460748354297,0.6903455179317248,0.6906125042300015,8694000000,8
1186675200000,1186675679000,0.6906125042300015,0.6910420222653739,0.6905791196497383,0.6908224240958862,5451000000,8
1186675680000,1186676159000,0.690846286701209,0.690846286701209,0.6903931789153923,0.6906458920382341,6962000000,8
1186676160000,1186676639000,0.6906935945076045,0.6910897794732513,0.6903741137322315,0.6906554320049727,6165000000,8
1186676640000,1186677119000,0.6906554320049727,0.6907794755602221,0.6902930984496016,0.690550506864072,7121000000,8
1186677120000,1186677599000,0.690550506864072,0.6911709818774968,0.6903693476009666,0.69091311076719,9824000000,8
1186677600000,1186678079000,0.69091311076719,0.6909894969596462,0.6906220432743773,0.6907508461697865,12992000000,8
1186678080000,1186678559000,0.6908033351985023,0.6910611243564494,0.6906172737192502,0.6909703988281142,11147000000,8
1186678560000,1186679039000,0.6909703988281142,0.6910181461365175,0.6905743506874668,0.6906029654491336,8872000000,8
1186679040000,1186679519000,0.6906268128953839,0.6910372469076083,0.6903836461921891,0.6906363523350415,8831000000,8
1186679520000,1186679999000,0.6906602020871752,0.6907460748354297,0.6901549397839816,0.6901882833637016,12221000000,8
1186680000000,1186680479000,0.6902121021789995,0.6907651605683616,0.6899216249034109,0.690540969795738,11299000000,8
1186680480000,1186680959000,0.6905695817910612,0.6906983651169698,0.690316924500038,0.6905171282773669,6401000000,8
1186680960000,1186681439000,0.6905171282773669,0.6907460748354297,0.6904027119018523,0.6906220432743773,2918000000,8
1186681440000,1186681919000,0.6906458920382341,0.6909083371909048,0.6904408464804778,0.6907126773404799,3490000000,8
1186681920000,1186682399000,0.6906888239641394,0.6907126773404799,0.6904551480335838,0.6907126773404799,2837000000,8
1186682400000,1186682879000,0.6907126773404799,0.6907985631389887,0.6905171282773669,0.6905838886778771,3707000000,8
1186682880000,1186683359000,0.6905838886778771,0.6911853136944546,0.6904408464804778,0.6910038212511315,4576000000,8
1186683360000,1186683839000,0.6910038212511315,0.691118436966543,0.6906411221536953,0.69091311076719,8315000000,8
1186683840000,1186684319000,0.69091311076719,0.6909369796380872,0.690316924500038,0.6905600441958428,5491000000,8
1186684320000,1186684799000,0.6905600441958428,0.692352961539793,0.6904313124408819,0.6921085779937156,7328000000,8
1186684800000,1186685279000,0.6921469012583231,0.6925975177304965,0.6919649035400924,0.6924632302024762,6504000000,8
1186685280000,1186685759000,0.6924632302024762,0.692530367456613,0.6919170253103248,0.6919936336585704,6907000000,8
1186685760000,1186686239000,0.6920175772464621,0.6920415224913494,0.6913908017367737,0.6918021445866482,8808000000,8
1186686240000,1186686719000,0.6918021445866482,0.6922379360233699,0.6915916289749229,0.6921469012583231,5502000000,8
1186686720000,1186687199000,0.6921469012583231,0.6926646810279143,0.6917495036697311,0.6922858586767647,5993000000,8
1186687200000,1186687679000,0.6923098224917615,0.6924680252889323,0.6914529500840115,0.6916059782420759,7744000000,8
1186687680000,1186688159000,0.6916681652810247,0.6923146154538468,0.6914864192067268,0.6923146154538468,5452000000,8
1186688160000,1186688639000,0.6923146154538468,0.6923146154538468,0.6917830015080869,0.69180693052183,6616000000,8
1186688640000,1186689119000,0.69180693052183,0.6919505393754455,0.6917830015080869,0.69180693052183,3370000000,8
1186689120000,1186689599000,0.6919361758071436,0.6921852287672181,0.6916251115245492,0.6919888451398164,6378000000,8
1186689600000,1186690079000,0.6920511010533018,0.692103787884031,0.6912808743320499,0.6916538134333003,4448000000,8
1186690080000,1186690559000,0.6916538134333003,0.691897875873521,0.690760389036251,0.6909417536101706,4487000000,8
1186690560000,1186691039000,0.6909417536101706,0.690994271657488,0.690550506864072,0.6907985631389887,3669000000,8
1186691040000,1186691519000,0.6908987902362184,0.691519891569681,0.690846286701209,0.6913238852402351,3346000000,8
1186691520000,1186691999000,0.6913238852402351,0.6913955819822312,0.6909083371909048,0.6911327666044647,3497000000,8
1186692000000,1186692479000,0.6911327666044647,0.6913286645604186,0.6908033351985023,0.6908558322049354,3786000000,8
1186692480000,1186692959000,0.6908224240958862,0.6910420222653739,0.6906888239641394,0.6907699321663927,5125000000,8
1186692960000,1186693439000,0.6907699321663927,0.6908558322049354,0.6905934269317625,0.6908033351985023,2515000000,8
1186693440000,1186693919000,0.6907413035669882,0.691118436966543,0.6904932884052367,0.6911041079228175,1396000000,8
1186693920000,1186694399000,0.6911041079228175,0.6911041079228175,0.6906458920382341,0.6908319689401947,1944000000,8
1186694400000,1186694879000,0.6908844702988767,0.6908844702988767,0.6903979453757146,0.6905314329908298,1825000000,8
1186694880000,1186695359000,0.6905314329908298,0.6907794755602221,0.6905314329908298,0.6906315825822714,1435000000,8
1186695360000,1186695839000,0.6906315825822714,0.6906935945076045,0.6905314329908298,0.6906315825822714,776000000,8
1186695840000,1186696319000,0.691085003455425,0.691085003455425,0.6905314329908298,0.6906602020871752,1379000000,8
1186696320000,1186696799000,0.6906602020871752,0.6919505393754455,0.6905314329908298,0.6905314329908298,1225000000,8
1186696800000,1186697279000,0.6905314329908298,0.6912665385519349,0.6905314329908298,0.6912665385519349,1375000000,8
1186697280000,1186697759000,0.6912665385519349,0.6914003622937899,0.6911518737127296,0.6911518737127296,1142000000,8
1186697760000,1186698239000,0.6911518737127296,0.691543802384443,0.6911041079228175,0.6914290455513455,1398000000,8
1186698240000,1186698719000,0.6914290455513455,0.691543802384443,0.6913764613969953,0.6914816377051107,1195000000,8
1186698720000,1186699199000,0.6914816377051107,0.6916825177243645,0.6914625123598924,0.6915820631276107,1517000000,8
1186699200000,1186699679000,0.6915820631276107,0.6916825177243645,0.6914720749002551,0.6915485847458214,1624000000,8
1186699680000,1186700159000,0.6915485847458214,0.691634678562783,0.6914816377051107,0.6914816377051107,1802000000,8
1186700160000,1186700639000,0.6914816377051107,0.6917973587176843,0.6914338263256515,0.6917973587176843,2131000000,8
1186700640000,1186701119000,0.6917973587176843,0.6919266004262268,0.691716009075314,0.6917877871784052,2106000000,8
1186701120000,1186701599000,0.6918165025908528,0.6920319441945441,0.6917638594889248,0.691897875873521,1238000000,8
1186701600000,1186702079000,0.6919505393754455,0.6920942078635743,0.6918787274966444,0.6918787274966444,2896000000,8
1186702080000,1186702559000,0.6918787274966444,0.692295444003683,0.6918021445866482,0.6919026631333505,4106000000,8
1186702560000,1186703039000,0.6919026631333505,0.6919553273640654,0.6917782159039813,0.6919026631333505,2946000000,8
1186703040000,1186703519000,0.6919553273640654,0.6919553273640654,0.6912522033663983,0.6914338263256515,9163000000,8
1186703520000,1186703999000,0.6914338263256515,0.691811716523231,0.6913812414441571,0.6915533671733447,4437000000,8
1186704000000,1186704479000,0.6917638594889248,0.6918691537056512,0.6915390200892085,0.6916538134333003,324700000,8
1186704480000,1186704959000,0.6915485847458214,0.6917495036697311,0.6913908017367737,0.691701655242061,221800000,8
1186704960000,1186705439000,0.6917399334546184,0.6918883015525974,0.6914290455513455,0.6916442458656965,318700000,8
1186705440000,1186705919000,0.6915677148527998,0.691826074924764,0.6912665385519349,0.6917064397869545,319800000,8
1186705920000,1186706399000,0.6917255786284465,0.6918404339223202,0.6914672935970129,0.6916777335104028,267300000,8
1186706400000,1186706879000,0.6916298950105819,0.6917830015080869,0.6914864192067268,0.6916777335104028,260200000,8
1186706880000,1186707359000,0.6917255786284465,0.6917542888765911,0.6914051426714513,0.6914912007744701,268900000,8
1186707360000,1186707839000,0.6914768562696206,0.6916633812656057,0.6912139791115135,0.6916585973163647,272100000,8
1186707840000,1186708319000,0.6917542888765911,0.6920606798804119,0.6915724975449176,0.6919266004262268,338500000,8
1186708320000,1186708799000,0.6920127883963295,0.6923433746200766,0.6918835144915002,0.6921612735767434,284100000,8
1186708800000,1186709279000,0.6922331441229406,0.6923242015771145,0.6915342378601165,0.6915485847458214,266900000,8
1186709280000,1186709759000,0.6915390200892085,0.6916203281046837,0.6913716814159292,0.6914577311888924,287400000,8
1186709760000,1186710239000,0.6913812414441571,0.691519891569681,0.6911948685692958,0.6914768562696206,239500000,8
1186710240000,1186710719000,0.6914147036250873,0.6917399334546184,0.6913143267981086,0.6916251115245492,285500000,8
1186710720000,1186711199000,0.6915916289749229,0.6918021445866482,0.6913860215574161,0.6915294556971654,360900000,8
1186711200000,1186711679000,0.6913430029174674,0.691730363504306,0.6913095476761629,0.6915724975449176,343700000,8
1186711680000,1186712159000,0.6915103277067443,0.6917734303660865,0.6913238852402351,0.6917638594889248,320400000,8
1186712160000,1186712639000,0.6916825177243645,0.691826074924764,0.6914338263256515,0.6915964119978146,294700000,8
1186712640000,1186713119000,0.6914290455513455,0.6916203281046837,0.6912426469063436,0.6913764613969953,312500000,8
1186713120000,1186713599000,0.6914577311888924,0.6916920863508401,0.6912856530575564,0.6914672935970129,277500000,8
1186713600000,1186714079000,0.6913286645604186,0.6920558904337114,0.6912330907105185,0.6920175772464621,359500000,8
1186714080000,1186714559000,0.6919170253103248,0.6919984222435973,0.6916585973163647,0.6917112243980383,334800000,8
1186714560000,1186715039000,0.6916729493626234,0.6917877871784052,0.6911853136944546,0.6913764613969953,328300000,8
1186715040000,1186715519000,0.6912092013768888,0.6914672935970129,0.6910945555570913,0.6911423200265399,302600000,8
1186715520000,1186715999000,0.6912235347789122,0.6914194842010648,0.6911423200265399,0.691357341869292,291000000,8
1186716000000,1186716479000,0.6913238852402351,0.6913764613969953,0.690894016857814,0.6912904318491329,343900000,8
1186716480000,1186716959000,0.6913716814159292,0.6914386071660696,0.691080227503611,0.6912426469063436,276800000,8
1186716960000,1186717439000,0.6911709818774968,0.6915724975449176,0.6911232134464933,0.6913955819822312,278100000,8
1186717440000,1186717919000,0.6914433880726015,0.691515109605145,0.6912139791115135,0.6913191059861321,371000000,8
1186717920000,1186718399000,0.6914433880726015,0.6915724975449176,0.6912904318491329,0.6914386071660696,274100000,8
1186718400000,1186718879000,0.6913430029174674,0.6914864192067268,0.6912904318491329,0.6913764613969953,335700000,8
1186718880000,1186719359000,0.6914433880726015,0.6914912007744701,0.6910659000442282,0.6911088842047065,265200000,8
1186719360000,1186719839000,0.6911423200265399,0.691190091098854,0.6908892435453672,0.6911041079228175,229400000,8
1186719840000,1186720319000,0.691080227503611,0.6911088842047065,0.6908606050557179,0.6909465276482253,302400000,8
1186720320000,1186720799000,0.6910276963900713,0.691190091098854,0.6906029654491336,0.6906649722352681,336600000,8
1186720800000,1186721279000,0.6905075921309755,0.6906125042300015,0.689893066574681,0.6903407521952836,304400000,8
1186721280000,1186721759000,0.6902740387934009,0.6905028241565507,0.6900454049876482,0.6902883334368767,267700000,8
1186721760000,1186722239000,0.6903598155358572,0.6906077348066298,0.6901215994258189,0.690526664687157,328900000,8
1186722240000,1186722719000,0.6905123601712471,0.6905362013603563,0.6903121591583714,0.6903788799293052,342800000,8
1186722720000,1186723199000,0.6905123601712471,0.6906029654491336,0.6901739928636009,0.6902788036087776,340500000,8
1186723200000,1186723679000,0.6902835684899357,0.690450380783385,0.6900311204035301,0.6901835197979143,355800000,8
1186723680000,1186724159000,0.690216866139341,0.6904122451515801,0.6899644668299583,0.6903121591583714,378500000,8
1186724160000,1186724639000,0.6902359226383578,0.6903931789153923,0.6898502335143041,0.689869269773378,269800000,8
1186724640000,1186725119000,0.6899692273724591,0.6900882622887468,0.6896741979089078,0.689926384854736,338100000,8
1186725120000,1186725599000,0.6898645106101162,0.6900835001035125,0.6893984309291712,0.689464975179261,317300000,8
1186725600000,1186726079000,0.6894126893299598,0.6897788568984783,0.6892843849515433,0.6894982521219309,257200000,8
1186726080000,1186726559000,0.689541041482789,0.6900549283722984,0.6894221952581541,0.6898883070830832,352100000,8
1186726560000,1186727039000,0.6899930310703862,0.6902502157031924,0.6896646850301383,0.6899501855965999,298700000,8
1186727040000,1186727519000,0.6899692273724591,0.6906220432743773,0.689731280693042,0.690540969795738,334400000,8
1186727520000,1186727999000,0.6905075921309755,0.6905552754970271,0.6898454746136865,0.6903836461921891,296800000,8
1186728000000,1186728479000,0.6904170118751727,0.6904170118751727,0.689574325768703,0.6896884677191313,356600000,8
1186728480000,1186728959000,0.6899454253168574,0.6901215994258189,0.6895600606812854,0.6897598256287161,308600000,8
1186728960000,1186729439000,0.6897788568984783,0.6899501855965999,0.6894317014484961,0.6894744825494008,304000000,8
1186729440000,1186729919000,0.6896218803230189,0.6896694414367194,0.6890516582028154,0.6890516582028154,286200000,8
1186729920000,1186730399000,0.6889804467349216,0.6903312209197974,0.6889709529846222,0.6902216301654461,267800000,8
1186730400000,1186730879000,0.6902645093599867,0.6914577311888924,0.6901501766784452,0.6913525621525953,248600000,8
1186730880000,1186731359000,0.691237868775403,0.6914433880726015,0.6908510594200996,0.691304768620294,306100000,8
1186731360000,1186731839000,0.6913095476761629,0.691601195086865,0.6906840534865731,0.6907508461697865,272200000,8
1186731840000,1186732319000,0.6906935945076045,0.6914433880726015,0.6906745127291313,0.6911375432824887,309500000,8
1186732320000,1186732799000,0.6910659000442282,0.6917734303660865,0.6910659000442282,0.6915724975449176,346700000,8
1186732800000,1186733279000,0.691515109605145,0.691515109605145,0.6906268128953839,0.6908796971183407,309100000,8
1186733280000,1186733759000,0.6906602020871752,0.6910181461365175,0.6904646827314783,0.6910181461365175,276100000,8
1186733760000,1186734239000,0.6910897794732513,0.6913477825019876,0.6906458920382341,0.6911709818774968,340800000,8
1186734240000,1186734719000,0.6911423200265399,0.6913860215574161,0.6908653779724483,0.6911136605526146,337000000,8
1186734720000,1186735199000,0.691080227503611,0.6919888451398164,0.691080227503611,0.6919888451398164,348800000,8
1186735200000,1186735679000,0.6921325295367557,0.6922714811840611,0.691811716523231,0.6921660644821906,306100000,8
1186735680000,1186736159000,0.6921804375964726,0.6923098224917615,0.6912713170792405,0.6915103277067443,244900000,8
1186736160000,1186736639000,0.6914959824083422,0.6918021445866482,0.6912235347789122,0.6913286645604186,318500000,8
1186736640000,1186737119000,0.6913477825019876,0.6929622751337418,0.6912569816955152,0.6920654693934046,327400000,8
1186737120000,1186737599000,0.6919744799811782,0.6922618965206917,0.6918930886799372,0.6918930886799372,326700000,8
1186737600000,1186738079000,0.6917495036697311,0.6925015927536633,0.6917112243980383,0.6924248719013988,317100000,8
1186738080000,1186738559000,0.6923577550992149,0.6924296664566296,0.6917686448944015,0.6924296664566296,357800000,8
1186738560000,1186739039000,0.6924488453415504,0.6925831272898529,0.6922762736152744,0.6925207756232687,342500000,8
1186739040000,1186739519000,0.6925543482024752,0.693702568086907,0.6924152829901261,0.6935822831341597,324000000,8
1186739520000,1186739999000,0.6932312896874914,0.6937699458859442,0.6927126627874758,0.6929910881346066,277300000,8
1186740000000,1186740479000,0.6930102981330303,0.6933706829007856,0.6926550854736376,0.6926838729340704,257300000,8
1186740480000,1186740959000,0.6926550854736376,0.6931880411199146,0.6926358951626309,0.6930102981330303,347100000,8
1186740960000,1186741439000,0.6928758505051065,0.6934524222293109,0.6927990467085118,0.6931399934844841,317900000,8
1186741440000,1186741919000,0.6930391151276578,0.6932649311934556,0.6923577550992149,0.6927078643123835,321400000,8
1186741920000,1186742399000,0.6927270586116364,0.6929238615260955,0.6925063883714327,0.6927942470365727,258900000,8
1186742400000,1186742879000,0.6928182460613282,0.6932697373894235,0.6924248719013988,0.6930054955335796,308400000,8
1186742880000,1186743359000,0.6931159721644625,0.6934091460666366,0.6928326462742925,0.6931255804926737,329500000,8
1186743360000,1186743839000,0.6927798484197691,0.6934812760055479,0.6922906513070447,0.6933754905631595,381600000,8
1186743840000,1186744319000,0.6932601250641265,0.6935438007587369,0.6928614484961443,0.6934812760055479,292800000,8
1186744320000,1186744799000,0.6934908944645557,0.6940781254337988,0.6932553190014351,0.6940492219708222,306700000,8
1186744800000,1186745279000,0.6940010548816035,0.6944106883693154,0.6933562603136744,0.6935822831341597,293300000,8
1186745280000,1186745759000,0.6935534209522488,0.6944878499350654,0.6932601250641265,0.6943817572024749,2148000000,8
1186745760000,1186746239000,0.6944058663407588,0.6946567006585346,0.6940540390474803,0.6943335439478417,2851900000,8
1186746240000,1186746719000,0.6942997986530585,0.6944492670087986,0.6938084533621958,0.6941937633632299,1961800000,8
1186746720000,1186747199000,0.6941841253974205,0.6946904806563436,0.6939817899178325,0.6942708767252631,2921700000,8
1186747200000,1186747679000,0.6944203326273393,0.6944637351037529,0.6933081893563326,0.6934860852017004,3011500000,8
1186747680000,1186748159000,0.6935197514425211,0.694680828893165,0.6932745436520316,0.6944926731022988,2419400000,8
1186748160000,1186748639000,0.6944203326273393,0.6945167899433968,0.6935822831341597,0.693899925752708,2570300000,8
1186748640000,1186749119000,0.6938469651133745,0.6943287229906127,0.6935967151259572,0.6939384476596926,3618300000,8
1186749120000,1186749599000,0.6940877604564322,0.694598799733274,0.6938132670972934,0.6940155043063662,1694800000,8
1186749600000,1186750079000,0.693986606058503,0.6940781254337988,0.6935293709688606,0.693880666402992,2165500000,8
1186750080000,1186750559000,0.6938951108150492,0.6942997986530585,0.693625580911424,0.6938421509106678,2128400000,8
1186750560000,1186751039000,0.6939095558284933,0.6942226788664732,0.6927654504014576,0.6931207762952695,3285500000,8
1186751040000,1186751519000,0.6931399934844841,0.6933033826272039,0.6927366561601607,0.6928230460658044,3254200000,8
1186751520000,1186751999000,0.6927846478922027,0.6931496024787029,0.6921804375964726,0.6931303847566765,3356600000,8
1186752000000,1186752479000,0.6930343121287935,0.6930631311206137,0.6924728204417977,0.6927942470365727,4357100000,8
1186752480000,1186752959000,0.6928038464469555,0.6932360954170161,0.6925447557048374,0.6925639409658496,4242800000,8
1186752960000,1186753439000,0.6927462539746316,0.6930151007990464,0.6924824109467619,0.6929814835347599,2789400000,8
1186753440000,1186753919000,0.6928518474894513,0.6930343121287935,0.6925063883714327,0.6925975177304965,2995800000,8
1186753920000,1186754399000,0.6925399595556664,0.692626300405879,0.6919266004262268,0.6919744799811782,3071800000,8
1186754400000,1186754879000,0.691826074924764,0.6922091856158932,0.6914051426714513,0.6916059782420759,3056400000,8
1186754880000,1186755359000,0.6915677148527998,0.6917542888765911,0.6910515731789063,0.6912760956726116,3601600000,8
1186755360000,1186755839000,0.6911041079228175,0.6919792683011217,0.6910611243564494,0.6918883015525974,4760100000,8
1186755840000,1186756319000,0.6919122378517508,0.6925447557048374,0.6917830015080869,0.6922331441229406,3939500000,8
1186756320000,1186756799000,0.6922139771846273,0.6925927208505038,0.691826074924764,0.6922666888192006,4040600000,8
1186756800000,1186757279000,0.692352961539793,0.6926838729340704,0.6921660644821906,0.6924584351824282,3524900000,8
1186757280000,1186757759000,0.6924824109467619,0.6928758505051065,0.6924296664566296,0.692530367456613,3665200000,8
1186757760000,1186758239000,0.6924824109467619,0.6926310977510268,0.6921660644821906,0.6924440505207179,3838300000,8
1186758240000,1186758719000,0.6923625487250145,0.692731857352656,0.6920319441945441,0.6924200774125646,3491400000,8
1186758720000,1186759199000,0.6923961059643,0.6924872062988636,0.6920942078635743,0.6921660644821906,3427300000,8
1186759200000,1186759679000,0.692228352288853,0.692295444003683,0.6918835144915002,0.6920798383301497,3723500000,8
1186759680000,1186760159000,0.6921181584120042,0.6924200774125646,0.6919218128351496,0.6923961059643,4052500000,8
1186760160000,1186760639000,0.6923577550992149,0.6928422467488378,0.6922762736152744,0.6927558520550602,3261200000,8
1186760640000,1186761119000,0.6927846478922027,0.6929766813346732,0.6925447557048374,0.6926838729340704,3592500000,8
1186761120000,1186761599000,0.6927174613290478,0.693924001443362,0.6926694789047511,0.6935101321830311,3685500000,8
1186761600000,1186762079000,0.6933610677760443,0.6935389907620606,0.6926742768480549,0.6927030659037697,4073600000,8
1186762080000,1186762559000,0.6926982675616329,0.6929238615260955,0.6923961059643,0.6925783306091918,3521300000,8
1186762560000,1186763039000,0.6925927208505038,0.6926982675616329,0.6921373200442967,0.6926215031271862,3163700000,8
1186763040000,1186763519000,0.6926071116898228,0.6931207762952695,0.6925687374471916,0.6929238615260955,3416100000,8
1186763520000,1186763999000,0.6929670771341653,0.6931496024787029,0.6922475200232595,0.6925543482024752,2956600000,8
1186764000000,1186764479000,0.6925927208505038,0.6927894474311367,0.6920942078635743,0.6923721361757518,3465700000,8
1186764480000,1186764959000,0.6923337879658541,0.6926982675616329,0.6921564827376173,0.6926406926406926,3568900000,8
1186764960000,1186765439000,0.6926310977510268,0.6928998551839303,0.6925447557048374,0.6928230460658044,3962100000,8
1186765440000,1186765919000,0.6929238615260955,0.6935486108221326,0.6925783306091918,0.6927174613290478,4169000000,8
1186765920000,1186766399000,0.6926838729340704,0.6927366561601607,0.6923146154538468,0.6924536402287866,3883700000,8
1186766400000,1186766879000,0.692530367456613,0.6927270586116364,0.6923098224917615,0.692515979806234,3181500000,8
1186766880000,1186767359000,0.6925063883714327,0.6926838729340704,0.6923913118738186,0.6924296664566296,3375100000,8
1186767360000,1186767839000,0.6924344610782589,0.6926934692859715,0.6918739405680285,0.6919122378517508,2290000000,8
1186767840000,1186768319000,0.6919553273640654,0.6924967972023129,0.6918835144915002,0.6923098224917615,2698600000,8
1186768320000,1186768799000,0.6924056943444303,0.6926694789047511,0.6920511010533018,0.6926502877961946,3566800000,8
1186768800000,1186769279000,0.6926023146769357,0.6936785077587941,0.6925927208505038,0.693437996241566,4044800000,8
1186769280000,1186769759000,0.6935245611723339,0.6939769738440078,0.693365875305081,0.6934716578133451,4357800000,8
1186769760000,1186770239000,0.6933899139503117,0.6935870937313598,0.6931447979482913,0.6933178030145458,2416300000,8
1186770240000,1186770719000,0.6932745436520316,0.6937314426839082,0.6932024567095066,0.6936159587159781,2560700000,8
1186770720000,1186771199000,0.693601525923357,0.6939577102171394,0.6934524222293109,0.6938710371290392,2585100000,8
1186771200000,1186771679000,0.6938662225922841,0.6939721578370276,0.6936111477183662,0.6939143709666227,2435200000,8
1186771680000,1186772159000,0.693899925752708,0.6941889443468723,0.6938517793828882,0.6938517793828882,2150400000,8
1186772160000,1186772639000,0.6939528944775228,0.6942274983512097,0.6937603196847554,0.6942274983512097,1612000000,8
1186772640000,1186773119000,0.6941214851423296,0.6943046192086315,0.6939673418968904,0.6940925780680627,1752000000,8
1186773120000,1186773599000,0.6941311213688266,0.6941552131056504,0.6932841563771743,0.6932841563771743,1669400000,8
1186773600000,1186774079000,0.6932168728986864,0.6934139542624156,0.6927942470365727,0.6933610677760443,1188500000,8
1186774080000,1186774559000,0.6933610677760443,0.6933851060879213,0.6930247063307807,0.6930871487780874,2050900000,8
1186774560000,1186775039000,0.6930871487780874,0.693332224001775,0.6930151007990464,0.6932889628397116,1824100000,8
1186775040000,1186775519000,0.6932457070759589,0.6933274169393754,0.6929958905343692,0.6930054955335796,2709300000,8
1186775520000,1186775999000,0.6930391151276578,0.6934860852017004,0.6929910881346066,0.6930054955335796,1593000000,8
1186776000000,1186776479000,0.6930391151276578,0.6934091460666366,0.6929142587896174,0.6932409012131716,1202400000,8
1186776480000,1186776959000,0.693332224001775,0.6938710371290392,0.6931063641026353,0.6931111681002515,1461100000,8
1186776960000,1186777439000,0.6930631311206137,0.6932360954170161,0.6929142587896174,0.6929958905343692,1336500000,8
1186777440000,1186777919000,0.6930631311206137,0.6938421509106678,0.6930631311206137,0.6937603196847554,1646600000,8
1186777920000,1186778399000,0.693726630084149,0.693726630084149,0.6932024567095066,0.693365875305081,1603100000,8
1186778400000,1186778879000,0.6931111681002515,0.6936640723630361,0.6928902531128095,0.693601525923357,1731600000,8
1186778880000,1186779359000,0.6936352033738415,0.6936929437553762,0.6933033826272039,0.6933851060879213,1653700000,8
1186779360000,1186779839000,0.6933610677760443,0.6937843856886157,0.6932312896874914,0.693688131689755,263700000,8
1186779840000,1186780319000,0.693688131689755,0.693688131689755,0.693688131689755,0.693688131689755,0,8
1186780320000,1186780799000,0.693688131689755,0.693688131689755,0.693688131689755,0.693688131689755,0,8
1186780800000,1186781279000,0.693688131689755,0.693688131689755,0.693688131689755,0.693688131689755,0,8
1186781280000,1186781759000,0.693688131689755,0.693688131689755,0.693688131689755,0.693688131689755,0,8
1186781760000,1186782239000,0.693688131689755,0.693688131689755,0.693688131689755,0.693688131689755,0,8
1186782240000,1186782719000,0.693688131689755,0.693688131689755,0.693688131689755,0.693688131689755,0,8
1186782720000,1186783199000,0.693688131689755,0.693688131689755,0.693688131689755,0.693688131689755,0,8
1186783200000,1186783679000,0.693688131689755,0.693688131689755,0.693688131689755,0.693688131689755,0,8
1186783680000,1186784159000,0.693688131689755,0.693688131689755,0.693688131689755,0.693688131689755,0,8
1186784160000,1186784639000,0.693688131689755,0.693688131689755,0.693688131689755,0.693688131689755,0,8
1186784640000,1186785119000,0.693688131689755,0.693688131689755,0.693688131689755,0.693688131689755,0,8
1186785120000,1186785599000,0.693688131689755,0.693688131689755,0.693688131689755,0.693688131689755,0,8
1186785600000,1186786079000,0.693688131689755,0.693688131689755,0.693688131689755,0.693688131689755,0,8
1186786080000,1186786559000,0.693688131689755,0.693688131689755,0.693688131689755,0.693688131689755,0,8
1186786560000,1186787039000,0.693688131689755,0.693688131689755,0.693688131689755,0.693688131689755,0,8
1186787040000,1186787519000,0.693688131689755,0.693688131689755,0.693688131689755,0.693688131689755,0,8
1186787520000,1186787999000,0.693688131689755,0.693688131689755,0.693688131689755,0.693688131689755,0,8
1186788000000,1186788479000,0.693688131689755,0.693688131689755,0.693688131689755,0.693688131689755,0,8
1186788480000,1186788959000,0.693688131689755,0.693688131689755,0.693688131689755,0.693688131689755,0,8
1186788960000,1186789439000,0.693688131689755,0.693688131689755,0.693688131689755,0.693688131689755,0,8
1186789440000,1186789919000,0.693688131689755,0.693688131689755,0.693688131689755,0.693688131689755,0,8
1186789920000,1186790399000,0.693688131689755,0.693688131689755,0.693688131689755,0.693688131689755,0,8
1186953120000,1186953599000,0.6934860852017004,0.6937458808838323,0.6932072620392772,0.6932216784283278,420500000,8
1186953600000,1186954079000,0.6932216784283278,0.693365875305081,0.6928278461367919,0.6929910881346066,586100000,8
1186954080000,1186954559000,0.6930631311206137,0.6932601250641265,0.6928566479595372,0.6929142587896174,794800000,8
1186954560000,1186955039000,0.6930919525093394,0.6934139542624156,0.6928950541151038,0.6933226099436329,580900000,8
1186955040000,1186955519000,0.693394721879377,0.6935149417794206,0.6931207762952695,0.6931447979482913,486700000,8
1186955520000,1186955999000,0.693164016469577,0.6933706829007856,0.6930151007990464,0.6932649311934556,925200000,8
1186956000000,1186956479000,0.6932697373894235,0.6933562603136744,0.6928422467488378,0.6930199035316295,1095700000,8
1186956480000,1186956959000,0.6932312896874914,0.6933081893563326,0.692986285801404,0.6931496024787029,354500000,8
1186956960000,1186957439000,0.6931688212664194,0.6933706829007856,0.6929574731998698,0.6932264840245956,539400000,8
1186957440000,1186957919000,0.6931544070757202,0.6932168728986864,0.6927366561601607,0.6927366561601607,323100000,8
1186957920000,1186958399000,0.6927510529816006,0.6932216784283278,0.6927126627874758,0.6929910881346066,486400000,8
1186958400000,1186958879000,0.6931063641026353,0.6933226099436329,0.6929670771341653,0.6930775415153447,316000000,8
1186958880000,1186959359000,0.6931063641026353,0.693433187712364,0.692952671332548,0.6930679345189416,419000000,8
1186959360000,1186959839000,0.6930823451134229,0.6932649311934556,0.6929958905343692,0.6932457070759589,524400000,8
1186959840000,1186960319000,0.6933226099436329,0.6934716578133451,0.6929814835347599,0.6931928462498267,508600000,8
1186960320000,1186960799000,0.6931303847566765,0.6934235708540204,0.6927078643123835,0.6932601250641265,589400000,8
1186960800000,1186961279000,0.6931928462498267,0.6935486108221326,0.6931544070757202,0.6934283792498491,524000000,8
1186961280000,1186961759000,0.6933081893563326,0.6935149417794206,0.6931880411199146,0.6933033826272039,456300000,8
1186961760000,1186962239000,0.693332224001775,0.6934524222293109,0.692971879201142,0.6932360954170161,467800000,8
1186962240000,1186962719000,0.6931159721644625,0.6931928462498267,0.6928710497689274,0.6931399934844841,881800000,8
1186962720000,1186963199000,0.6930823451134229,0.6931351890872796,0.6927462539746316,0.693000693000693,685300000,8
1186963200000,1186963679000,0.6929190601245868,0.6929190601245868,0.6923337879658541,0.6924488453415504,4649000000,8
1186963680000,1186964159000,0.6924009001211702,0.6925447557048374,0.6923577550992149,0.6924104886340818,5811000000,8
1186964160000,1186964639000,0.6924104886340818,0.6925111840556225,0.6923817238920161,0.6924872062988636,5600000000,8
1186964640000,1186965119000,0.6925111840556225,0.6925591445509446,0.6924584351824282,0.6925351634729253,5010000000,8
1186965120000,1186965599000,0.6925591445509446,0.6925591445509446,0.6923289947382997,0.6924200774125646,4260000000,8
1186965600000,1186966079000,0.6924440505207179,0.6925975177304965,0.6923769300006924,0.6924152829901261,3321000000,8
1186966080000,1186966559000,0.6924152829901261,0.6924152829901261,0.6921612735767434,0.6922523121227224,5403000000,8
1186966560000,1186967039000,0.6922523121227224,0.6924584351824282,0.6921469012583231,0.6921469012583231,4802000000,8
1186967040000,1186967519000,0.6921948113076944,0.6923146154538468,0.6920606798804119,0.6923146154538468,3846000000,8
1186967520000,1186967999000,0.6923146154538468,0.6924056943444303,0.6921948113076944,0.6923769300006924,2642000000,8
1186968000000,1186968479000,0.6923769300006924,0.6928086462519052,0.6923769300006924,0.6927414550341522,6860000000,8
1186968480000,1186968959000,0.6927942470365727,0.6928422467488378,0.692626300405879,0.6927270586116364,6383000000,8
1186968960000,1186969439000,0.6927270586116364,0.6928470470858854,0.692530367456613,0.6926215031271862,4586000000,8
1186969440000,1186969919000,0.6926454901852134,0.6926982675616329,0.6922331441229406,0.6923098224917615,2503000000,8
1186969920000,1186970399000,0.6923098224917615,0.6924009001211702,0.6920798383301497,0.6920798383301497,3320000000,8
1186970400000,1186970879000,0.6921325295367557,0.6921325295367557,0.691897875873521,0.691897875873521,3779000000,8
1186970880000,1186971359000,0.6919026631333505,0.6921277390955275,0.6917973587176843,0.6920606798804119,4814000000,8
1186971360000,1186971839000,0.6920606798804119,0.6922091856158932,0.6920367333098041,0.6922091856158932,2263000000,8
1186971840000,1186972319000,0.6922091856158932,0.6922571042885327,0.6919601154189472,0.6920606798804119,2795000000,8
1186972320000,1186972799000,0.6921277390955275,0.6921756464920539,0.6920463117391816,0.6921756464920539,2223000000,8
1186972800000,1186973279000,0.6921756464920539,0.6922906513070447,0.6919936336585704,0.6919936336585704,2110000000,8
1186973280000,1186973759000,0.6920606798804119,0.6921133681697063,0.6914194842010648,0.6916681652810247,1679000000,8
1186973760000,1186974239000,0.6916681652810247,0.6916681652810247,0.6915772803031874,0.6916681652810247,1096000000,8
1186974240000,1186974719000,0.6916681652810247,0.691730363504306,0.6916394621811542,0.691716009075314,1492000000,8
1186974720000,1186975199000,0.691716009075314,0.6918500069185001,0.6916585973163647,0.6917590741496552,1124000000,8
1186975200000,1186975679000,0.69180693052183,0.6918356475235743,0.6916585973163647,0.691716009075314,668000000,8
1186975680000,1186976159000,0.6917686448944015,0.6919505393754455,0.6916920863508401,0.6918165025908528,5064000000,8
1186976160000,1186976639000,0.6918165025908528,0.6920127883963295,0.6917686448944015,0.691864366909511,3187000000,8
1186976640000,1186977119000,0.691864366909511,0.6922331441229406,0.6918212887246966,0.6922331441229406,4686000000,8
1186977120000,1186977599000,0.6921564827376173,0.6921804375964726,0.6919122378517508,0.6920654693934046,5610000000,8
1186977600000,1186978079000,0.6920654693934046,0.6923337879658541,0.6919409635969859,0.6922810661128419,3632000000,8
1186978080000,1186978559000,0.6922810661128419,0.6924344610782589,0.6922666888192006,0.6923337879658541,4291000000,8
1186978560000,1186979039000,0.6923337879658541,0.6923337879658541,0.6920558904337114,0.6922475200232595,3859000000,8
1186979040000,1186979519000,0.6922475200232595,0.6923865178497244,0.6921948113076944,0.692300236766681,980000000,8
1186979520000,1186979999000,0.692300236766681,0.6927606511950121,0.6921900200042915,0.6924776156610737,2159000000,8
1186980000000,1186980479000,0.6924776156610737,0.6928758505051065,0.6924296664566296,0.692626300405879,3948000000,8
1186980480000,1186980959000,0.692626300405879,0.6928902531128095,0.6926167059149467,0.692626300405879,1249000000,8
1186980960000,1186981439000,0.692626300405879,0.6928278461367919,0.692626300405879,0.6928278461367919,2450000000,8
1186981440000,1186981919000,0.6928278461367919,0.6930102981330303,0.6927414550341522,0.6929094575211857,5468000000,8
1186981920000,1186982399000,0.6929094575211857,0.6930871487780874,0.6928758505051065,0.6930631311206137,6698000000,8
1186982400000,1186982879000,0.6930343121287935,0.6932649311934556,0.6928758505051065,0.6931880411199146,4512000000,8
1186982880000,1186983359000,0.6932120674356699,0.6932553190014351,0.6930199035316295,0.6931255804926737,2519000000,8
1186983360000,1186983839000,0.6931255804926737,0.6932793499812815,0.693101560171612,0.6932793499812815,4482000000,8
1186983840000,1186984319000,0.6932553190014351,0.6935005131903798,0.6931832360566192,0.6934524222293109,7241000000,8
1186984320000,1186984799000,0.6933514529179696,0.6933995298751188,0.6926694789047511,0.6928614484961443,4400000000,8
1186984800000,1186985279000,0.6928614484961443,0.6929382661298705,0.6925783306091918,0.6928758505051065,7261000000,8
1186985280000,1186985759000,0.6928470470858854,0.6931880411199146,0.6927558520550602,0.6929094575211857,3910000000,8
1186985760000,1186986239000,0.6928806513078123,0.6930871487780874,0.6926119087691593,0.6927222599371008,5758000000,8
1186986240000,1186986719000,0.6927702496743979,0.6928710497689274,0.6925351634729253,0.6925351634729253,5147000000,8
1186986720000,1186987199000,0.6925111840556225,0.6927462539746316,0.6922187688196978,0.6924680252889323,11131000000,8
1186987200000,1186987679000,0.6924440505207179,0.693298575964725,0.6923913118738186,0.6929190601245868,12876000000,8
1186987680000,1186988159000,0.6929190601245868,0.6937988260923862,0.6928710497689274,0.6936977558877596,11130000000,8
1186988160000,1186988639000,0.6936977558877596,0.6943239021003298,0.6934139542624156,0.6942708767252631,9924000000,8
1186988640000,1186989119000,0.6944010443791707,0.695163745820328,0.6937410680837485,0.6950429536545358,13015000000,8
1186989120000,1186989599000,0.6950429536545358,0.6953619358876295,0.6943480072212194,0.6946953066385083,13501000000,8
1186989600000,1186990079000,0.694661526171373,0.6951154239161413,0.6939432631988008,0.6939962385403871,15058000000,8
1186990080000,1186990559000,0.6939962385403871,0.6946373992775771,0.6938662225922841,0.6944733808353126,13938000000,8
1186990560000,1186991039000,0.6944492670087986,0.6948884009228118,0.6937891990897486,0.6939191861715784,12635000000,8
1186991040000,1186991519000,0.6939432631988008,0.6940347711420343,0.6935053226533513,0.6938373367747666,13924000000,8
1186991520000,1186991999000,0.6938373367747666,0.6940540390474803,0.6936640723630361,0.6938469651133745,9965000000,8
1186992000000,1186992479000,0.6938469651133745,0.6940684906786602,0.6934620398879365,0.6940058712896712,9409000000,8
1186992480000,1186992959000,0.6939817899178325,0.6940684906786602,0.6936159587159781,0.6938228947678816,7768000000,8
1186992960000,1186993439000,0.6936929437553762,0.6943817572024749,0.6936400147051683,0.6943287229906127,10863000000,8
1186993440000,1186993919000,0.6943287229906127,0.6943287229906127,0.6936640723630361,0.6937555066843343,5197000000,8
1186993920000,1186994399000,0.693688131689755,0.693702568086907,0.6930823451134229,0.6933129961521128,8542000000,8
1186994400000,1186994879000,0.6933129961521128,0.6936352033738415,0.6931592117393445,0.6931592117393445,8844000000,8
1186994880000,1186995359000,0.6931592117393445,0.693591904395292,0.6930775415153447,0.6934235708540204,6424000000,8
1186995360000,1186995839000,0.6934235708540204,0.693875851732608,0.693164016469577,0.6937940125576717,8526000000,8
1186995840000,1186996319000,0.6937458808838323,0.6939095558284933,0.6933274169393754,0.693433187712364,12168000000,8
1186996320000,1186996799000,0.693433187712364,0.6938325227056693,0.6931928462498267,0.6936833196908947,14190000000,8
1186996800000,1186997279000,0.6936833196908947,0.6937362553504408,0.6933081893563326,0.6934668488172924,9987000000,8
1186997280000,1186997759000,0.6934668488172924,0.6942419572069257,0.6934668488172924,0.6936400147051683,6908000000,8
1186997760000,1186998239000,0.6936400147051683,0.694029954332829,0.693298575964725,0.6940010548816035,11550000000,8
1186998240000,1186998719000,0.6940010548816035,0.6942178594486522,0.6934620398879365,0.6939047407571889,12886000000,8
1186998720000,1186999199000,0.6938710371290392,0.6940395880181006,0.6933081893563326,0.6933081893563326,17116000000,8
1186999200000,1186999679000,0.6933081893563326,0.6937362553504408,0.6933081893563326,0.6936688840948662,9737000000,8
1186999680000,1187000159000,0.6936207697803303,0.6937410680837485,0.6933226099436329,0.6936640723630361,13945000000,8
1187000160000,1187000639000,0.6936400147051683,0.694029954332829,0.6935005131903798,0.6938084533621958,12184000000,8
1187000640000,1187001119000,0.6946663517512539,0.6951492485436623,0.6942805171001292,0.6946277489893167,11626000000,8
1187001120000,1187001599000,0.6946277489893167,0.6947339169098236,0.6940058712896712,0.6942130400977452,9166000000,8
1187001600000,1187002079000,0.6942660566382249,0.694598799733274,0.6940155043063662,0.6944830268348241,12100000000,8
1187002080000,1187002559000,0.6944830268348241,0.6945360846222766,0.6941118491833774,0.6941118491833774,9190000000,8
1187002560000,1187003039000,0.6941118491833774,0.6945843260100992,0.6940733080227933,0.6943480072212194,10113000000,8
1187003040000,1187003519000,0.6943142605205969,0.6946470498339793,0.6938710371290392,0.6945264371488301,7999000000,8
1187003520000,1187003999000,0.6944733808353126,0.6945264371488301,0.6941359395824078,0.6943431860631436,4785000000,8
1187004000000,1187004479000,0.6944733808353126,0.6950526154829921,0.6942419572069257,0.6949994787503909,9823000000,8
1187004480000,1187004959000,0.6949994787503909,0.6949994787503909,0.6945409084595083,0.6946711773981786,4553000000,8
1187004960000,1187005439000,0.6946711773981786,0.6949366912674255,0.6945167899433968,0.6948208057142063,5553000000,8
1187005440000,1187005919000,0.6948208057142063,0.6949704985023386,0.694661526171373,0.6947387434955086,8012000000,8
1187005920000,1187006399000,0.6946856547412296,0.6949222034593228,0.6946518752127371,0.6948208057142063,4398000000,8
1187006400000,1187006879000,0.694844945350445,0.695444145403462,0.6947918403646268,0.6952604097864855,2444000000,8
1187006880000,1187007359000,0.6952265743405776,0.6961315967170434,0.6950671087293478,0.6960007795208731,7890000000,8
1187007360000,1187007839000,0.6960007795208731,0.6961461349966586,0.695487675958382,0.6956666921744453,6540000000,8
1187007840000,1187008319000,0.6956666921744453,0.6958748538662807,0.6951927421877716,0.6957441331375973,11081000000,8
1187008320000,1187008799000,0.6957247712804815,0.6959087524443794,0.6950477845351868,0.6951057603414359,15539000000,8
1187008800000,1187009279000,0.6951734110073757,0.6959523411836758,0.6951057603414359,0.6954925130230973,6487000000,8
1187009280000,1187009759000,0.6955408873710641,0.6960443797896554,0.6953184210709294,0.6960443797896554,5519000000,8
1187009760000,1187010239000,0.6961122132887821,0.6968786803905308,0.6959959353837374,0.6968786803905308,6642000000,8
1187010240000,1187010719000,0.6972090720844459,0.6978561857972309,0.6966602109487119,0.6969466766097726,7729000000,8
1187010720000,1187011199000,0.6971118655410633,0.6971799072750723,0.6962236827447922,0.6965291950212094,7832000000,8
1187011200000,1187011679000,0.6965291950212094,0.6967912761732223,0.6963594328848779,0.6965194920979864,8039000000,8
1187011680000,1187012159000,0.6965194920979864,0.697423021933954,0.6964855339954589,0.6972917189635456,9322000000,8
1187012160000,1187012639000,0.6973403439282576,0.6978367062107467,0.6971604654243266,0.6975300461067361,14358000000,8
1187012640000,1187013119000,0.6975057195469002,0.698343529148859,0.6971604654243266,0.6981436360716854,10856000000,8
1187013120000,1187013599000,0.6982118793769158,0.6986899563318778,0.6974668005802924,0.6978756664712615,19827000000,8
1187013600000,1187014079000,0.6978756664712615,0.6992518005733865,0.6976468372180635,0.6990171818423297,22371000000,8
1187014080000,1187014559000,0.6990171818423297,0.6994523288265289,0.6980071894740516,0.6980948990205729,14444000000,8
1187014560000,1187015039000,0.6981192666955223,0.6982947641858581,0.6973208931286,0.6978610558637776,15263000000,8
1187015040000,1187015519000,0.6978610558637776,0.6981923799283655,0.697627369316953,0.6977441930239536,15542000000,8
1187015520000,1187015999000,0.6978610558637776,0.6982070044126683,0.6976419701409237,0.697977957856091,14362000000,8
1187016000000,1187016479000,0.6979438573961111,0.6987876035079138,0.6977003795490064,0.6986069776864932,17295000000,8
1187016480000,1187016959000,0.6986069776864932,0.6989634372225989,0.6984166893652091,0.6988120195667366,18757000000,8
1187016960000,1187017439000,0.6987924865831843,0.6989194704986091,0.698090025689713,0.6982411305920386,24508000000,8
1187017440000,1187017919000,0.6982411305920386,0.6986850746894345,0.6980266785796554,0.6980997724194742,16938000000,8
1187017920000,1187018399000,0.6982313799146761,0.6987485413624199,0.69815825851404,0.6985045018615145,12165000000,8
1187018400000,1187018879000,0.6985045018615145,0.6986704301713839,0.6976419701409237,0.6979584714709475,12007000000,8
1187018880000,1187019359000,0.6979584714709475,0.6983923009232746,0.6979487286863907,0.6982655084769432,14205000000,8
1187019360000,1187019839000,0.6982655084769432,0.6987436589012954,0.6982313799146761,0.6985679357317499,14707000000,8
1187019840000,1187020319000,0.6985337776008159,0.6987192476191142,0.6983581599659202,0.6985484163907401,15746000000,8
1187020320000,1187020799000,0.6985484163907401,0.698616738857063,0.6983240223463687,0.6983484060197632,6754000000,8
1187020800000,1187021279000,0.6983825460234098,0.6988120195667366,0.6980461687736027,0.6986655488017885,10816000000,8
1187021280000,1187021759000,0.6986362620165437,0.6990269544793647,0.6986362620165437,0.6988901624220738,8772000000,8
1187021760000,1187022239000,0.6989194704986091,0.6989927514451675,0.698250881541738,0.6983484060197632,7318000000,8
1187022240000,1187022719000,0.6984459577440195,0.6986997198214123,0.698250881541738,0.6982801360249704,6973000000,8
1187022720000,1187023199000,0.698328898944825,0.698328898944825,0.6977782739756615,0.6980266785796554,6390000000,8
1187023200000,1187023679000,0.6980948990205729,0.6981972546883946,0.6977003795490064,0.6977003795490064,7652000000,8
1187023680000,1187024159000,0.6977344562206514,0.6979682145275103,0.6976517043631137,0.697822097234531,10748000000,8
1187024160000,1187024639000,0.697822097234531,0.6980023173676937,0.6977539300990112,0.6979877014567003,8959000000,8
1187024640000,1187025119000,0.6979877014567003,0.6982118793769158,0.6979097602679973,0.6981192666955223,4328000000,8
1187025120000,1187025599000,0.6981875052364063,0.6983045166336136,0.6980364235405804,0.6980364235405804,11198000000,8
1187025600000,1187026079000,0.6980364235405804,0.6982703842581924,0.69799744532935,0.6981387620603471,11796000000,8
1187026080000,1187026559000,0.6981387620603471,0.6983581599659202,0.697953600044669,0.6982411305920386,11222000000,8
1187026560000,1187027039000,0.6982411305920386,0.698289888064131,0.6979438573961111,0.6980851524268931,8504000000,8
1187027040000,1187027519000,0.6980851524268931,0.6981728815689341,0.6979146310823261,0.6981728815689341,6564000000,8
1187027520000,1187027999000,0.6981728815689341,0.698328898944825,0.6980266785796554,0.69815825851404,6584000000,8
1187028000000,1187028479000,0.69815825851404,0.6982070044126683,0.697822097234531,0.6979292439332501,5515000000,8
1187028480000,1187028959000,0.697953600044669,0.6980023173676937,0.6977490615275123,0.6979146310823261,5226000000,8
1187028960000,1187029439000,0.6979146310823261,0.698070533046659,0.6975933031042902,0.6977393245883338,13772000000,8
1187029440000,1187029919000,0.6977393245883338,0.6979146310823261,0.6972187942298173,0.6977685362211646,15386000000,8
1187029920000,1187030399000,0.6977685362211646,0.6978707962007914,0.6975592402184756,0.6978026195510337,10250000000,8
1187030400000,1187030879000,0.6978707962007914,0.6978707962007914,0.6973597958130517,0.6974473427256243,12407000000,8
1187030880000,1187031359000,0.6974473427256243,0.6977831429548325,0.697423021933954,0.6976663062057419,3864000000,8
1187031360000,1187031839000,0.6977198515252155,0.6980266785796554,0.69763223619037,0.6978707962007914,9627000000,8
1187031840000,1187032319000,0.6978707962007914,0.6979633429652276,0.6977441930239536,0.6977441930239536,9141000000,8
1187032320000,1187032799000,0.6977441930239536,0.6982801360249704,0.6977441930239536,0.6980948990205729,6141000000,8
1187032800000,1187033279000,0.6980948990205729,0.6980948990205729,0.6973306183927924,0.6974668005802924,7801000000,8
1187033280000,1187033759000,0.6974668005802924,0.6977636674458362,0.6973743854388228,0.6973743854388228,5088000000,8
1187033760000,1187034239000,0.697423021933954,0.6975689721321195,0.6972382393339981,0.6972868568400354,2647000000,8
1187034240000,1187034719000,0.6972382393339981,0.6974716652136007,0.6971021463775087,0.6973889756750725,2638000000,8
1187034720000,1187035199000,0.6973889756750725,0.697588436774072,0.6972722708763317,0.6975543743634816,6844000000,8
1187035200000,1187035679000,0.6975543743634816,0.6976371031316929,0.6973208931286,0.6973938392228243,3984000000,8
1187035680000,1187036159000,0.697423021933954,0.69763223619037,0.6970778496542493,0.697413294092212,3368000000,8
1187036160000,1187036639000,0.697413294092212,0.6975154499672168,0.6969855375500958,0.6971021463775087,3936000000,8
1187036640000,1187037119000,0.6971021463775087,0.6973257557267878,0.6970729905128367,0.6971896286070848,4678000000,8
1187037120000,1187037599000,0.6971896286070848,0.6973063057409228,0.6967961313878785,0.6969126768415917,2710000000,8
1187037600000,1187038079000,0.6968592553361997,0.6971653257853567,0.6967427277477791,0.6970486958218901,4223000000,8
1187038080000,1187038559000,0.6971167252244715,0.6973792487830732,0.6967961313878785,0.6970098278385725,7560000000,8
1187038560000,1187039039000,0.6970098278385725,0.697175046710728,0.6967233102717918,0.6970584134950508,3024000000,8
1187039040000,1187039519000,0.6970584134950508,0.6972285166463308,0.6967378732773156,0.6967621463061154,1015000000,8
1187039520000,1187039999000,0.6968981065278446,0.6970292612883888,0.6967087478750383,0.6967087478750383,1079000000,8
1187040000000,1187040479000,0.6967087478750383,0.6968592553361997,0.6966602109487119,0.6968252640967751,769000000,8
1187040480000,1187040959000,0.6968252640967751,0.696873824025422,0.6966941860870172,0.6966941860870172,3004000000,8
1187040960000,1187041439000,0.6966941860870172,0.6972868568400354,0.6966941860870172,0.6970341198201652,2198000000,8
1187041440000,1187041919000,0.6970341198201652,0.6972333779562695,0.696883536823326,0.6971847679071907,1761000000,8
1187041920000,1187042399000,0.6971313046812367,0.6971847679071907,0.6968641114982578,0.6969126768415917,1796000000,8
1187042400000,1187042879000,0.6969126768415917,0.6969466766097726,0.6965146407377483,0.696534046584197,2625000000,8
1187042880000,1187043359000,0.6965825659315398,0.6966310920388998,0.6962430723814298,0.6963594328848779,3279000000,8
1187043360000,1187043839000,0.6964273278083433,0.6965000870625109,0.6962285300527045,0.6963594328848779,2251000000,8
1187043840000,1187044319000,0.6964273278083433,0.6965534535120225,0.6961364427427775,0.6964467287897149,3373000000,8
1187044320000,1187044799000,0.6964467287897149,0.6966019755632027,0.6963594328848779,0.6965000870625109,3948000000,8
1187044800000,1187045279000,0.6965000870625109,0.6966699177929497,0.6963303391128752,0.6965146407377483,2828000000,8
1187045280000,1187045759000,0.6965146407377483,0.6966310920388998,0.6964661308520567,0.6964758322886196,5001000000,8
1187045760000,1187046239000,0.6964467287897149,0.6965534535120225,0.6963206417291034,0.6964661308520567,6870000000,8
1187046240000,1187046719000,0.6964127777816468,0.6965146407377483,0.6963206417291034,0.696344885694987,4383000000,8
1187046720000,1187047199000,0.6963739806825858,0.6964855339954589,0.6961655203141099,0.6962867030128326,5477000000,8
1187047200000,1187047679000,0.6962867030128326,0.6964564296857588,0.6962236827447922,0.6963497346907511,3277000000,8
1187047680000,1187048159000,0.6964176277229929,0.6964758322886196,0.6961897534792083,0.6961897534792083,6547000000,8
1187048160000,1187048639000,0.6961897534792083,0.6963109446154275,0.6960201567437393,0.696058914426517,7494000000,8
1187048640000,1187049119000,0.6961122132887821,0.6961122132887821,0.6958022251755162,0.6959571847139964,9977000000,8
1187049120000,1187049599000,0.696058914426517,0.696058914426517,0.6956183003262449,0.6956957305153018,6641000000,8
1187049600000,1187050079000,0.6956957305153018,0.6959426543252836,0.6956424954087596,0.6958409585905045,5688000000,8
1187050080000,1187050559000,0.6958409585905045,0.6960443797896554,0.6957296116437307,0.6959959353837374,7833000000,8
1187050560000,1187051039000,0.6959959353837374,0.6959959353837374,0.6955989454719986,0.6958264330545388,4897000000,8
1187051040000,1187051519000,0.6958022251755162,0.6959523411836758,0.6955699152100273,0.6958119081249956,2689000000,8
1187051520000,1187051999000,0.6958119081249956,0.6958942240779401,0.6955021873543792,0.6958022251755162,4156000000,8
1187052000000,1187052479000,0.6958022251755162,0.6963982283629071,0.6956231392081026,0.6960976764259561,5494000000,8
1187052480000,1187052959000,0.6960976764259561,0.6964127777816468,0.6958506426180685,0.6959668719768939,4294000000,8
1187052960000,1187053439000,0.6958361166778001,0.6962576153176675,0.6958361166778001,0.6961267507587782,3801000000,8
1187053440000,1187053919000,0.6961267507587782,0.6961800600107212,0.6959523411836758,0.6960540694801173,3956000000,8
1187053920000,1187054399000,0.6960540694801173,0.6960540694801173,0.6954586549829613,0.6955650770686105,4957000000,8
1187054400000,1187054879000,0.6955650770686105,0.6958264330545388,0.6955554009876886,0.6956521739130435,6329000000,8
1187054880000,1187055359000,0.6956521739130435,0.6959523411836758,0.6956521739130435,0.6959523411836758,6073000000,8
1187055360000,1187055839000,0.6959523411836758,0.696383679552086,0.6958845388373162,0.6960540694801173,3515000000,8
1187055840000,1187056319000,0.6960540694801173,0.6961849067112226,0.6958990667993514,0.696083140170262,2566000000,8
1187056320000,1187056799000,0.696083140170262,0.696083140170262,0.6956376562576085,0.6960153123368714,5711000000,8
1187056800000,1187057279000,0.6960153123368714,0.6960153123368714,0.6955360496334525,0.6956715317295786,10796000000,8
1187057280000,1187057759000,0.6957005704744678,0.6957005704744678,0.6952652436904679,0.6953184210709294,6103000000,8
1187057760000,1187058239000,0.6953184210709294,0.6954828389609486,0.6951009286548407,0.6952362412747851,5810000000,8
1187058240000,1187058719000,0.6952362412747851,0.6954151280606958,0.6950719399457843,0.6951685783802573,4506000000,8
1187058720000,1187059199000,0.6951685783802573,0.6952362412747851,0.6949366912674255,0.695081602580143,9104000000,8
1187059200000,1187059679000,0.695081602580143,0.6952990829005097,0.6950429536545358,0.6952507421801672,5553000000,8
1187059680000,1187060159000,0.6952507421801672,0.6953135864274789,0.6949994787503909,0.6951009286548407,6924000000,8
1187060160000,1187060639000,0.6951347518716504,0.6953522654576808,0.6951009286548407,0.6951685783802573,4094000000,8
1187060640000,1187061119000,0.6952217409742837,0.6952700776616676,0.6947870130411522,0.6947870130411522,3981000000,8
1187061120000,1187061599000,0.6947870130411522,0.6948739151281,0.6946567006585346,0.6948208057142063,5270000000,8
1187061600000,1187062079000,0.6947725314731957,0.6953667712034712,0.6947725314731957,0.6953667712034712,6010000000,8
1187062080000,1187062559000,0.6953667712034712,0.6953667712034712,0.6952072412786251,0.6952507421801672,3474000000,8
1187062560000,1187063039000,0.6952507421801672,0.6952990829005097,0.6951830764631867,0.6952990829005097,1790000000,8
1187063040000,1187063519000,0.6952990829005097,0.6956666921744453,0.6952507421801672,0.6955360496334525,2098000000,8
1187063520000,1187063999000,0.6955360496334525,0.6955360496334525,0.695337760317074,0.6955360496334525,1292000000,8
1187064000000,1187064479000,0.6955360496334525,0.6958651691648227,0.6954828389609486,0.6958264330545388,2301000000,8
1187064480000,1187064959000,0.6958264330545388,0.6960782948866089,0.6952362412747851,0.6953812775544832,4888000000,8
1187064960000,1187065439000,0.6953812775544832,0.6955360496334525,0.6953812775544832,0.6955360496334525,3869000000,8
1187065440000,1187065919000,0.6955360496334525,0.6955360496334525,0.6953522654576808,0.6954828389609486,2516000000,8
1187065920000,1187066399000,0.6954828389609486,0.6955360496334525,0.6952990829005097,0.6954151280606958,3269000000,8
1187066400000,1187066879000,0.6954151280606958,0.6955360496334525,0.6953667712034712,0.6954006202973533,3693000000,8
1187066880000,1187067359000,0.6954006202973533,0.6954683283723259,0.6951299197820072,0.6951540809020319,799000000,8
1187067360000,1187067839000,0.6951540809020319,0.6951782437016851,0.6948884009228118,0.695028461415495,3708000000,8
1187067840000,1187068319000,0.695057446497953,0.6952700776616676,0.6950236308034473,0.6950864339980677,1618000000,8
1187068320000,1187068799000,0.6950864339980677,0.6951879092918816,0.6943624710971622,0.6945023196377476,6739000000,8
1187068800000,1187069279000,0.6945023196377476,0.6952652436904679,0.6943480072212194,0.6952120744433089,5707000000,8
1187069280000,1187069759000,0.6952120744433089,0.6952120744433089,0.6949077162552812,0.6951540809020319,6937000000,8
1187069760000,1187070239000,0.6951540809020319,0.6954006202973533,0.6951395840284729,0.6952700776616676,4723000000,8
1187070240000,1187070719000,0.6952700776616676,0.6953232557816129,0.6950043090267161,0.695081602580143,7580000000,8
1187070720000,1187071199000,0.695081602580143,0.6958409585905045,0.6948980584548247,0.6952507421801672,9910000000,8
1187071200000,1187071679000,0.6952507421801672,0.6957005704744678,0.6951830764631867,0.6954828389609486,8359000000,8
1187071680000,1187072159000,0.6954828389609486,0.6956134615117071,0.6948739151281,0.6949366912674255,4917000000,8
1187072160000,1187072639000,0.6949366912674255,0.6950960970354152,0.694367292523053,0.69459397509186,11942000000,8
1187072640000,1187073119000,0.6945698528901052,0.6949994787503909,0.6944444444444444,0.6945843260100992,11564000000,8
1187073120000,1187073599000,0.6945843260100992,0.6955215368243878,0.6944830268348241,0.6952459084778286,7558000000,8
1187073600000,1187074079000,0.6952459084778286,0.6956666921744453,0.6947725314731957,0.6955215368243878,10190000000,8
1187074080000,1187074559000,0.6955505630481807,0.6960298457597862,0.695444145403462,0.6958312748324786,9491000000,8
1187074560000,1187075039000,0.6958312748324786,0.6961849067112226,0.6951782437016851,0.6953474303435712,15483000000,8
1187075040000,1187075519000,0.6953716065865598,0.6958167497007988,0.6953474303435712,0.6958167497007988,13142000000,8
1187075520000,1187075999000,0.6958845388373162,0.6960976764259561,0.6956473346272374,0.6959765595094757,8558000000,8
1187076000000,1187076479000,0.6959765595094757,0.6962430723814298,0.6958409585905045,0.6960734496704092,6711000000,8
1187076480000,1187076959000,0.6960250012180437,0.6963739806825858,0.6957877012565926,0.6962430723814298,9166000000,8
1187076960000,1187077439000,0.6961897534792083,0.6968009866701971,0.6961897534792083,0.6965631573814798,11857000000,8
1187077440000,1187077919000,0.6965631573814798,0.6967136019396506,0.6960443797896554,0.6966213862765587,24083000000,8
1187077920000,1187078399000,0.6965922706121653,0.6970729905128367,0.6963351879060504,0.6969272477646058,24495000000,8
1187078400000,1187078879000,0.6968932498919815,0.6970875681403098,0.696058914426517,0.6964273278083433,22368000000,8
1187078880000,1187079359000,0.6964273278083433,0.6965874182380518,0.6961073676003786,0.6965874182380518,10110000000,8
1187079360000,1187079839000,0.6965874182380518,0.6966019755632027,0.6962624630980895,0.6963157931385042,14313000000,8
1187079840000,1187080319000,0.6962624630980895,0.696534046584197,0.6958264330545388,0.696034690368968,19603000000,8
1187080320000,1187080799000,0.696058914426517,0.6962818548948615,0.6958312748324786,0.6960250012180437,23130000000,8
1187080800000,1187081279000,0.6960007795208731,0.6964564296857588,0.695661852686646,0.6962673109460185,19636000000,8
1187081280000,1187081759000,0.6962673109460185,0.6971215849756356,0.6962673109460185,0.6970049696454336,14859000000,8
1187081760000,1187082239000,0.6970195444280258,0.697175046710728,0.6957392925722874,0.6957877012565926,23352000000,8
1187082240000,1187082719000,0.6957877012565926,0.6961025219794372,0.6956086227644879,0.6958022251755162,16018000000,8
1187082720000,1187083199000,0.6958022251755162,0.6959862473117532,0.6953667712034712,0.6959717157094736,19772000000,8
1187083200000,1187083679000,0.6959717157094736,0.6962091412260243,0.6954489818626906,0.6957780189808244,11501000000,8
1187083680000,1187084159000,0.6957780189808244,0.6958409585905045,0.6955070246209487,0.6955941069267262,15939000000,8
1187084160000,1187084639000,0.6955941069267262,0.6956570132661792,0.6949801583164801,0.6951879092918816,12317000000,8
1187084640000,1187085119000,0.6952120744433089,0.6956666921744453,0.6951830764631867,0.6955070246209487,8286000000,8
1187085120000,1187085599000,0.6955360496334525,0.6956231392081026,0.6949801583164801,0.6952314077740777,9285000000,8
1187085600000,1187086079000,0.6953087518512595,0.6958893814239289,0.6949849883242523,0.6954828389609486,12961000000,8
1187086080000,1187086559000,0.695545725175973,0.6958554847329307,0.695487675958382,0.6957247712804815,7234000000,8
1187086560000,1187087039000,0.6957247712804815,0.6964855339954589,0.6956715317295786,0.6964176277229929,8106000000,8
1187087040000,1187087519000,0.6964176277229929,0.6967184560719013,0.6961412888359821,0.6966019755632027,7676000000,8
1187087520000,1187087999000,0.6966019755632027,0.6966019755632027,0.6958845388373162,0.6961703668121663,5671000000,8
1187088000000,1187088479000,0.6961073676003786,0.696344885694987,0.6957828600850247,0.6957828600850247,9186000000,8
1187088480000,1187088959000,0.6957296116437307,0.6961994472176389,0.6957102505948323,0.6961703668121663,10445000000,8
1187088960000,1187089439000,0.6961703668121663,0.6963691313491455,0.6958312748324786,0.6962042941880865,12043000000,8
1187089440000,1187089919000,0.6963060961598718,0.696504938220012,0.6960734496704092,0.6963497346907511,14503000000,8
1187089920000,1187090399000,0.6963497346907511,0.6966941860870172,0.6962624630980895,0.6963691313491455,11470000000,8
1187090400000,1187090879000,0.6963691313491455,0.6965291950212094,0.6960443797896554,0.6964127777816468,19428000000,8
1187090880000,1187091359000,0.6964127777816468,0.6966650643370187,0.6963157931385042,0.6964855339954589,8334000000,8
1187091360000,1187091839000,0.69643217795235,0.6964855339954589,0.6959184383590243,0.6959862473117532,6944000000,8
1187091840000,1187092319000,0.6960395350455906,0.6961025219794372,0.6957877012565926,0.6958845388373162,9287000000,8
1187092320000,1187092799000,0.6958845388373162,0.6960395350455906,0.6955941069267262,0.6959184383590243,4986000000,8
1187092800000,1187093279000,0.6959184383590243,0.6960686045216617,0.6953039173422703,0.6959620283117353,12320000000,8
1187093280000,1187093759000,0.6959135953679991,0.6968786803905308,0.6958215913439795,0.6967475822858894,14145000000,8
1187093760000,1187094239000,0.6967475822858894,0.696752436891648,0.6963157931385042,0.696383679552086,17228000000,8
1187094240000,1187094719000,0.6964127777816468,0.6965194920979864,0.6947290903912019,0.6956715317295786,16575000000,8
1187094720000,1187095199000,0.6957731779439903,0.6959814033769017,0.6943817572024749,0.6951927421877716,24660000000,8
1187095200000,1187095679000,0.6951927421877716,0.6953135864274789,0.6945264371488301,0.6946663517512539,25141000000,8
1187095680000,1187096159000,0.6947194375551433,0.6948787436592314,0.6937699458859442,0.6940444049610294,23834000000,8
1187096160000,1187096639000,0.6940444049610294,0.694107031304227,0.6934476135000381,0.6936303921092607,22984000000,8
1187096640000,1187097119000,0.6936929437553762,0.6937170050849456,0.6932553190014351,0.6934812760055479,13978000000,8
1187097120000,1187097599000,0.6935438007587369,0.6943817572024749,0.693394721879377,0.694107031304227,9597000000,8
1187097600000,1187098079000,0.6940540390474803,0.6943528284462467,0.6936688840948662,0.6939047407571889,17014000000,8
1187098080000,1187098559000,0.693875851732608,0.6940973957465711,0.6931880411199146,0.693899925752708,27289000000,8
1187098560000,1187099039000,0.693875851732608,0.6943094398311439,0.6935870937313598,0.694256416664931,19497000000,8
1187099040000,1187099519000,0.694256416664931,0.6944926731022988,0.6940492219708222,0.6943480072212194,15668000000,8
1187099520000,1187099999000,0.6943480072212194,0.6944926731022988,0.6938517793828882,0.6941359395824078,22649000000,8
1187100000000,1187100479000,0.6941600316536974,0.6945071430059658,0.6930871487780874,0.6932072620392772,19769000000,8
1187100480000,1187100959000,0.6932072620392772,0.6935341808321024,0.692731857352656,0.6932120674356699,24732000000,8
1187100960000,1187101439000,0.6932120674356699,0.6932649311934556,0.6924200774125646,0.6924488453415504,22817000000,8
1187101440000,1187101919000,0.6924488453415504,0.6925783306091918,0.691826074924764,0.6922523121227224,23356000000,8
1187101920000,1187102399000,0.6923146154538468,0.6935245611723339,0.6921852287672181,0.6922666888192006,13693000000,8
1187102400000,1187102879000,0.6922666888192006,0.6924152829901261,0.691304768620294,0.691830861191056,14678000000,8
1187102880000,1187103359000,0.691830861191056,0.6921948113076944,0.6913764613969953,0.6916107614634484,28640000000,8
1187103360000,1187103839000,0.6916585973163647,0.6923721361757518,0.6911853136944546,0.6917782159039813,25970000000,8
1187103840000,1187104319000,0.6917782159039813,0.6924200774125646,0.6911709818774968,0.6912856530575564,23560000000,8
1187104320000,1187104799000,0.6913621216520789,0.6917830015080869,0.6910563487346758,0.6914864192067268,28670000000,8
1187104800000,1187105279000,0.6915485847458214,0.6919888451398164,0.691237868775403,0.6915868460181887,21855000000,8
1187105280000,1187105759000,0.6916155447509839,0.6927222599371008,0.6915485847458214,0.6925399595556664,19263000000,8
1187105760000,1187106239000,0.6925399595556664,0.6930871487780874,0.6923577550992149,0.6929094575211857,15118000000,8
1187106240000,1187106719000,0.6929094575211857,0.6929574731998698,0.6924104886340818,0.6924967972023129,13421000000,8
1187106720000,1187107199000,0.6924967972023129,0.6926310977510268,0.6919696917275023,0.6922906513070447,18193000000,8
1187107200000,1187107679000,0.6922906513070447,0.6928038464469555,0.6921756464920539,0.6923625487250145,20594000000,8
1187107680000,1187108159000,0.6923625487250145,0.692866249099274,0.6923625487250145,0.692866249099274,20768000000,8
1187108160000,1187108639000,0.692866249099274,0.6931447979482913,0.6925207756232687,0.693000693000693,11511000000,8
1187108640000,1187109119000,0.693000693000693,0.6932697373894235,0.6928326462742925,0.692971879201142,16219000000,8
1187109120000,1187109599000,0.692971879201142,0.692971879201142,0.6924056943444303,0.6927894474311367,13488000000,8
1187109600000,1187110079000,0.6927894474311367,0.692866249099274,0.6923242015771145,0.6924056943444303,16474000000,8
1187110080000,1187110559000,0.6924056943444303,0.6927510529816006,0.6924056943444303,0.6925975177304965,7535000000,8
1187110560000,1187111039000,0.6925975177304965,0.6927174613290478,0.6922762736152744,0.6923242015771145,11281000000,8
1187111040000,1187111519000,0.6923769300006924,0.6923769300006924,0.691984056687334,0.6921277390955275,7547000000,8
1187111520000,1187111999000,0.692151691964811,0.692151691964811,0.6912330907105185,0.6915294556971654,11814000000,8
1187112000000,1187112479000,0.6915533671733447,0.6917495036697311,0.6914386071660696,0.6916968707633567,9653000000,8
1187112480000,1187112959000,0.6916968707633567,0.6922666888192006,0.6914912007744701,0.6921229487206108,5702000000,8
1187112960000,1187113439000,0.6921229487206108,0.6923577550992149,0.691984056687334,0.692228352288853,11667000000,8
1187113440000,1187113919000,0.692228352288853,0.6927462539746316,0.6920558904337114,0.6923481680467473,17915000000,8
1187113920000,1187114399000,0.6924104886340818,0.6926310977510268,0.6917734303660865,0.6923242015771145,28257000000,8
1187114400000,1187114879000,0.6924536402287866,0.6926838729340704,0.6911279899924667,0.6916873020045098,25650000000,8
1187114880000,1187115359000,0.6916585973163647,0.6919313880835576,0.6913382233990335,0.6917495036697311,21916000000,8
1187115360000,1187115839000,0.6917495036697311,0.6921948113076944,0.6915629322268326,0.6919601154189472,24101000000,8
1187115840000,1187116319000,0.6919601154189472,0.6923625487250145,0.6917638594889248,0.6919744799811782,18014000000,8
1187116320000,1187116799000,0.691945751453086,0.6922666888192006,0.6918404339223202,0.6919122378517508,28351000000,8
1187116800000,1187117279000,0.6919122378517508,0.6924872062988636,0.6917590741496552,0.6922810661128419,23521000000,8
1187117280000,1187117759000,0.6922762736152744,0.6924728204417977,0.691945751453086,0.6920175772464621,20008000000,8
1187117760000,1187118239000,0.6920511010533018,0.6920750486182722,0.6911232134464933,0.6914912007744701,14024000000,8
1187118240000,1187118719000,0.6914242648431503,0.6925543482024752,0.6914147036250873,0.6922427279901425,10379000000,8
1187118720000,1187119199000,0.69230502959604,0.69230502959604,0.6920750486182722,0.6921756464920539,6667000000,8
1187119200000,1187119679000,0.6921756464920539,0.6924872062988636,0.692103787884031,0.6922666888192006,14538000000,8
1187119680000,1187120159000,0.6922666888192006,0.6925783306091918,0.6920079996124755,0.6925543482024752,10095000000,8
1187120160000,1187120639000,0.6924872062988636,0.692731857352656,0.6923961059643,0.6926694789047511,5897000000,8
1187120640000,1187121119000,0.6926694789047511,0.6927174613290478,0.6921229487206108,0.6921996026774281,7564000000,8
1187121120000,1187121599000,0.6921996026774281,0.692573533994972,0.6920942078635743,0.6923433746200766,12483000000,8
1187121600000,1187122079000,0.6923433746200766,0.6924104886340818,0.6920606798804119,0.6921133681697063,5688000000,8
1187122080000,1187122559000,0.6921133681697063,0.6921612735767434,0.6918021445866482,0.6921612735767434,5187000000,8
1187122560000,1187123039000,0.6921612735767434,0.6921612735767434,0.6917351484463629,0.691864366909511,4485000000,8
1187123040000,1187123519000,0.6918021445866482,0.6920606798804119,0.6917351484463629,0.6919170253103248,4325000000,8
1187123520000,1187123999000,0.6919170253103248,0.6922906513070447,0.6918404339223202,0.6918739405680285,5341000000,8
1187124000000,1187124479000,0.6918739405680285,0.6921612735767434,0.6917495036697311,0.6921612735767434,2837000000,8
1187124480000,1187124959000,0.6921612735767434,0.6924680252889323,0.691984056687334,0.692300236766681,3970000000,8
1187124960000,1187125439000,0.692352961539793,0.6924536402287866,0.6916394621811542,0.6920942078635743,3101000000,8
1187125440000,1187125919000,0.6920942078635743,0.6927126627874758,0.6920175772464621,0.6921181584120042,1152000000,8
1187125920000,1187126399000,0.6921469012583231,0.6921469012583231,0.6914386071660696,0.6915772803031874,2314000000,8
1187126400000,1187126879000,0.6915772803031874,0.691830861191056,0.6915007641083444,0.6917351484463629,1103000000,8
1187126880000,1187127359000,0.6917351484463629,0.6918356475235743,0.6915390200892085,0.6917207938187829,2147000000,8
1187127360000,1187127839000,0.6917207938187829,0.6918883015525974,0.6915533671733447,0.6917351484463629,2106000000,8
1187127840000,1187128319000,0.6917830015080869,0.6920558904337114,0.6916825177243645,0.6918739405680285,2075000000,8
1187128320000,1187128799000,0.6918739405680285,0.6919409635969859,0.6916298950105819,0.691811716523231,1009000000,8
1187128800000,1187129279000,0.691811716523231,0.6918739405680285,0.6916298950105819,0.6918739405680285,1595000000,8
1187129280000,1187129759000,0.6918739405680285,0.6919649035400924,0.6916442458656965,0.6918356475235743,4232000000,8
1187129760000,1187130239000,0.6918356475235743,0.691897875873521,0.6917686448944015,0.6917686448944015,3211000000,8
1187130240000,1187130719000,0.6917686448944015,0.6918883015525974,0.6917064397869545,0.6918212887246966,4560000000,8
1187130720000,1187131199000,0.6917686448944015,0.6919888451398164,0.6911375432824887,0.6914194842010648,6129000000,8
1187131200000,1187131679000,0.6914720749002551,0.6916633812656057,0.6913191059861321,0.6915485847458214,8110000000,8
1187131680000,1187132159000,0.6916155447509839,0.6918595801796067,0.6912808743320499,0.6918212887246966,9527000000,8
1187132160000,1187132639000,0.6918739405680285,0.6918739405680285,0.6914481690452484,0.6916251115245492,4103000000,8
1187132640000,1187133119000,0.6916777335104028,0.6918595801796067,0.6915103277067443,0.6916251115245492,6040000000,8
1187133120000,1187133599000,0.6915772803031874,0.6916777335104028,0.6913382233990335,0.6914959824083422,4943000000,8
1187133600000,1187134079000,0.6914481690452484,0.6916155447509839,0.6914051426714513,0.6915629322268326,5131000000,8
1187134080000,1187134559000,0.6915485847458214,0.6915485847458214,0.691190091098854,0.6912713170792405,3953000000,8
1187134560000,1187135039000,0.6912713170792405,0.6914194842010648,0.6911470968366197,0.6913143267981086,4348000000,8
1187135040000,1187135519000,0.6912904318491329,0.6914577311888924,0.6911996461057812,0.6912665385519349,7163000000,8
1187135520000,1187135999000,0.6912665385519349,0.6914194842010648,0.6910706757980138,0.691161427663045,2206000000,8
1187136000000,1187136479000,0.6911041079228175,0.6914720749002551,0.6910706757980138,0.6912665385519349,8374000000,8
1187136480000,1187136959000,0.6913286645604186,0.6916251115245492,0.6911996461057812,0.6914577311888924,5453000000,8
1187136960000,1187137439000,0.6914051426714513,0.6916251115245492,0.6913191059861321,0.6913955819822312,7032000000,8
1187137440000,1187137919000,0.6914290455513455,0.6914816377051107,0.6911470968366197,0.6911709818774968,8618000000,8
1187137920000,1187138399000,0.6911709818774968,0.6914290455513455,0.6911709818774968,0.6912187569121876,8874000000,8
1187138400000,1187138879000,0.6912999896305001,0.6913669015009576,0.6911470968366197,0.6913382233990335,3572000000,8
1187138880000,1187139359000,0.6913382233990335,0.6913716814159292,0.6910276963900713,0.691080227503611,3527000000,8
1187139360000,1187139839000,0.6911423200265399,0.6912952107067802,0.69096085015823,0.6911805363560962,6909000000,8
1187139840000,1187140319000,0.6911805363560962,0.6913095476761629,0.6911232134464933,0.6913095476761629,2098000000,8
1187140320000,1187140799000,0.6912474251033415,0.6912952107067802,0.6906792830749041,0.691118436966543,2798000000,8
1187140800000,1187141279000,0.6910897794732513,0.6913764613969953,0.6908796971183407,0.6909990464213159,5571000000,8
1187141280000,1187141759000,0.6910515731789063,0.6914912007744701,0.6909369796380872,0.6914912007744701,2453000000,8
1187141760000,1187142239000,0.6914912007744701,0.6918021445866482,0.6912187569121876,0.6912187569121876,5940000000,8
1187142240000,1187142719000,0.6912187569121876,0.6914768562696206,0.6910515731789063,0.6911948685692958,3725000000,8
1187142720000,1187143199000,0.6912187569121876,0.6913334439466844,0.691118436966543,0.691161427663045,3374000000,8
1187143200000,1187143679000,0.6911948685692958,0.6912856530575564,0.6909083371909048,0.6910897794732513,5284000000,8
1187143680000,1187144159000,0.6910897794732513,0.6912187569121876,0.6907508461697865,0.6912187569121876,4964000000,8
1187144160000,1187144639000,0.6912187569121876,0.6912187569121876,0.6910372469076083,0.6911041079228175,2856000000,8
1187144640000,1187145119000,0.6911041079228175,0.6911423200265399,0.6910085961469361,0.691013371108731,2844000000,8
1187145120000,1187145599000,0.691013371108731,0.6911041079228175,0.690979947761916,0.6910085961469361,1960000000,8
1187145600000,1187146079000,0.6910372469076083,0.6910515731789063,0.6908606050557179,0.6910085961469361,4160000000,8
1187146080000,1187146559000,0.6910085961469361,0.6910372469076083,0.6903407521952836,0.6904408464804778,2238000000,8
1187146560000,1187147039000,0.6904408464804778,0.6904885206283445,0.6900835001035125,0.6902121021789995,3278000000,8
1187147040000,1187147519000,0.6902121021789995,0.6902121021789995,0.6897455528655478,0.6898740290023041,6261000000,8
1187147520000,1187147999000,0.6898407157787266,0.68995494594203,0.6897645833477034,0.6898978261319498,7283000000,8
1187148000000,1187148479000,0.6898978261319498,0.6901215994258189,0.6898740290023041,0.6900073140775292,10361000000,8
1187148480000,1187148959000,0.6900073140775292,0.6902502157031924,0.6898787882968962,0.6899692273724591,6276000000,8
1187148960000,1187149439000,0.6899692273724591,0.6900835001035125,0.6899025857548914,0.68995494594203,6160000000,8
1187149440000,1187149919000,0.68995494594203,0.6900692139421584,0.6897503103876397,0.6897740989825831,5390000000,8
1187149920000,1187150399000,0.6898407157787266,0.6898835476571555,0.6895695706739853,0.6898264396677796,5420000000,8
1187150400000,1187150879000,0.6898502335143041,0.689893066574681,0.6897170091111617,0.6898121641477025,4988000000,8
1187150880000,1187151359000,0.6898121641477025,0.6898454746136865,0.6893984309291712,0.6894174422612892,7285000000,8
1187151360000,1187151839000,0.6894459612255591,0.689731280693042,0.6894459612255591,0.689731280693042,9372000000,8
1187151840000,1187152319000,0.689731280693042,0.6899216249034109,0.6894887440962526,0.689731280693042,11886000000,8
1187152320000,1187152799000,0.689731280693042,0.6901787562978812,0.689731280693042,0.6899930310703862,11767000000,8
1187152800000,1187153279000,0.6900263590069141,0.6905648129605204,0.6899501855965999,0.6903359865246416,10612000000,8
1187153280000,1187153759000,0.6903359865246416,0.6905123601712471,0.6901549397839816,0.6903216899074969,9698000000,8
1187153760000,1187154239000,0.690245451282476,0.6902692740438046,0.6898502335143041,0.6901406506646055,9281000000,8
1187154240000,1187154719000,0.6901930469952445,0.6902978635281124,0.6899359049544297,0.6902978635281124,5589000000,8
1187154720000,1187155199000,0.6902978635281124,0.6902978635281124,0.6897074950513488,0.6897598256287161,12247000000,8
1187155200000,1187155679000,0.6897598256287161,0.6900692139421584,0.6896313920209648,0.6899501855965999,7066000000,8
1187155680000,1187156159000,0.6899501855965999,0.6904980562479717,0.6898359570094232,0.690216866139341,8532000000,8
1187156160000,1187156639000,0.6901644661922935,0.690846286701209,0.6901644661922935,0.6907699321663927,17872000000,8
1187156640000,1187157119000,0.6907699321663927,0.6914720749002551,0.6906506619886595,0.691357341869292,16952000000,8
1187157120000,1187157599000,0.691304768620294,0.6920654693934046,0.6910897794732513,0.691515109605145,12582000000,8
1187157600000,1187158079000,0.691515109605145,0.6915533671733447,0.6905028241565507,0.6906363523350415,12602000000,8
1187158080000,1187158559000,0.6907651605683616,0.6911136605526146,0.6902025744556027,0.6905457382969762,20411000000,8
1187158560000,1187159039000,0.6905981961575116,0.690994271657488,0.6901073116869674,0.690316924500038,17121000000,8
1187159040000,1187159519000,0.690316924500038,0.6908033351985023,0.689869269773378,0.6906363523350415,22078000000,8
1187159520000,1187159999000,0.6906125042300015,0.6906363523350415,0.689721766239499,0.6897788568984783,13082000000,8
1187160000000,1187160479000,0.6897027381198704,0.6901882833637016,0.6895981022260227,0.6900120752113162,11662000000,8
1187160480000,1187160959000,0.6899882701994066,0.690245451282476,0.6895505509508901,0.6896028577142423,11716000000,8
1187160960000,1187161439000,0.6896646850301383,0.6903312209197974,0.6894934980763131,0.6902930984496016,18981000000,8
1187161440000,1187161919000,0.6903407521952836,0.6905600441958428,0.6894602215925152,0.6899311448717418,17944000000,8
1187161920000,1187162399000,0.6898311983057746,0.6903693476009666,0.6898311983057746,0.6902025744556027,14817000000,8
1187162400000,1187162879000,0.6902359226383578,0.6905075921309755,0.6900215976760072,0.6903931789153923,20540000000,8
1187162880000,1187163359000,0.6904599153496144,0.690894016857814,0.6902121021789995,0.6906888239641394,18432000000,8
1187163360000,1187163839000,0.6907413035669882,0.6908606050557179,0.6902788036087776,0.690550506864072,17011000000,8
1187163840000,1187164319000,0.690550506864072,0.6909894969596462,0.6903216899074969,0.6909369796380872,20406000000,8
1187164320000,1187164799000,0.6909894969596462,0.6912330907105185,0.6905028241565507,0.6909990464213159,15365000000,8
1187164800000,1187165279000,0.6909990464213159,0.6910372469076083,0.6904980562479717,0.6904980562479717,19654000000,8
1187165280000,1187165759000,0.6905600441958428,0.6915007641083444,0.6905123601712471,0.6911948685692958,16413000000,8
1187165760000,1187166239000,0.6915485847458214,0.6917590741496552,0.6908176517726381,0.6910515731789063,12495000000,8
1187166240000,1187166719000,0.6910515731789063,0.691118436966543,0.690407478493807,0.6906649722352681,11375000000,8
1187166720000,1187167199000,0.6907937911454052,0.6907937911454052,0.6904742176927113,0.6906602020871752,11883000000,8
1187167200000,1187167679000,0.6906602020871752,0.6909894969596462,0.690526664687157,0.6908224240958862,11631000000,8
1187167680000,1187168159000,0.6907699321663927,0.6910276963900713,0.6905123601712471,0.6906792830749041,16840000000,8
1187168160000,1187168639000,0.6906792830749041,0.6909369796380872,0.6904742176927113,0.6905648129605204,11618000000,8
1187168640000,1187169119000,0.6905648129605204,0.6907317612278447,0.6901120742008502,0.690216866139341,11948000000,8
1187169120000,1187169599000,0.690216866139341,0.690550506864072,0.6896504162040261,0.689869269773378,13083000000,8
1187169600000,1187170079000,0.689802647462561,0.6903550496020102,0.6897598256287161,0.6902930984496016,8084000000,8
1187170080000,1187170559000,0.6902930984496016,0.6904837529172938,0.6901597029552639,0.6902025744556027,11176000000,8
1187170560000,1187171039000,0.6902025744556027,0.6902930984496016,0.6898454746136865,0.6901263621369073,13490000000,8
1187171040000,1187171519000,0.6901263621369073,0.6902740387934009,0.6893414032233603,0.6897407954090852,16795000000,8
1187171520000,1187171999000,0.6896884677191313,0.6901120742008502,0.6895600606812854,0.6897598256287161,14910000000,8
1187172000000,1187172479000,0.689788372927186,0.69030262867241,0.6897407954090852,0.6902549801896821,8599000000,8
1187172480000,1187172959000,0.6902549801896821,0.6905362013603563,0.6899311448717418,0.690407478493807,19868000000,8
1187172960000,1187173439000,0.6903788799293052,0.6904551480335838,0.688193354804966,0.6889424733034791,20577000000,8
1187173440000,1187173919000,0.6889424733034791,0.6891751262913419,0.6887242072784374,0.6890848952590959,18949000000,8
1187173920000,1187174399000,0.6890848952590959,0.6904456135990168,0.6890469103136542,0.6898454746136865,12480000000,8
1187174400000,1187174879000,0.6898454746136865,0.6902978635281124,0.6894031836639021,0.6895600606812854,16448000000,8
1187174880000,1187175359000,0.6894934980763131,0.6899025857548914,0.6894412079009963,0.6897265234334586,14841000000,8
1187175360000,1187175839000,0.6897265234334586,0.6907508461697865,0.6897265234334586,0.6902645093599867,20812000000,8
1187175840000,1187176319000,0.6902645093599867,0.6907269901571403,0.6901454136386537,0.6902740387934009,26249000000,8
1187176320000,1187176799000,0.6903407521952836,0.6905695817910612,0.690093024539708,0.6903931789153923,31206000000,8
1187176800000,1187177279000,0.6903931789153923,0.6909703988281142,0.68995494594203,0.6900835001035125,13499000000,8
1187177280000,1187177759000,0.6901073116869674,0.6905457382969762,0.6889282343458282,0.6891608777152938,24874000000,8
1187177760000,1187178239000,0.6891276333289689,0.6893509071857938,0.687398608705216,0.6881649393726688,22921000000,8
1187178240000,1187178719000,0.6881365262868153,0.6894934980763131,0.6880086964299229,0.6892606301220681,16460000000,8
1187178720000,1187179199000,0.6892606301220681,0.689531532276971,0.6889946878509567,0.6891323823306457,11181000000,8
1187179200000,1187179679000,0.6891323823306457,0.6902216301654461,0.6889662062075855,0.689312892908349,19178000000,8
1187179680000,1187180159000,0.689312892908349,0.6898216810954367,0.6888807754042008,0.6892511286487232,20504000000,8
1187180160000,1187180639000,0.6893509071857938,0.6900168364108084,0.6887194639007693,0.6899406651028012,17862000000,8
1187180640000,1187181119000,0.6900073140775292,0.6902502157031924,0.688795365784779,0.6889662062075855,12313000000,8
1187181120000,1187181599000,0.6889662062075855,0.6892226258003598,0.687871450583315,0.6887906214268986,19634000000,8
1187181600000,1187182079000,0.6888380679469871,0.6895172689600011,0.6887906214268986,0.6891466297284072,23474000000,8
1187182080000,1187182559000,0.6891466297284072,0.6896313920209648,0.6886625484646268,0.6892606301220681,26843000000,8
1187182560000,1187183039000,0.6891703767005279,0.6893794206455349,0.6880370989603759,0.6887384378034754,27364000000,8
1187183040000,1187183519000,0.6887384378034754,0.6896837110501124,0.6885345231209893,0.6894934980763131,24490000000,8
1187183520000,1187183999000,0.6895172689600011,0.6896456600598612,0.689008929555727,0.6893794206455349,24112000000,8
1187184000000,1187184479000,0.6893271477710606,0.689788372927186,0.6892606301220681,0.6894792363327978,16469000000,8
1187184480000,1187184959000,0.6894792363327978,0.6895172689600011,0.6889045040576475,0.6893414032233603,13490000000,8
1187184960000,1187185439000,0.6893414032233603,0.6897122520484453,0.6881554680833494,0.6883402052630493,14589000000,8
1187185440000,1187185919000,0.6883402052630493,0.6896837110501124,0.6880749726490198,0.6890469103136542,15845000000,8
1187185920000,1187186399000,0.6890469103136542,0.6905981961575116,0.6884871184060146,0.6894031836639021,16081000000,8
1187186400000,1187186879000,0.6894554680713173,0.6900977868563976,0.6888001102080177,0.6894554680713173,20439000000,8
1187186880000,1187187359000,0.6894554680713173,0.6901358877562992,0.6892131253747596,0.6897693411323254,23633000000,8
1187187360000,1187187839000,0.6897693411323254,0.6904980562479717,0.6893889256562982,0.6904313124408819,25233000000,8
1187187840000,1187188319000,0.6904313124408819,0.6905600441958428,0.6896884677191313,0.6897170091111617,24543000000,8
1187188320000,1187188799000,0.6896884677191313,0.6900977868563976,0.689303389994072,0.6895695706739853,19230000000,8
1187188800000,1187189279000,0.689531532276971,0.6898121641477025,0.6888665389967348,0.6890326670387442,25991000000,8
1187189280000,1187189759000,0.6890326670387442,0.6896456600598612,0.6888380679469871,0.6894934980763131,19867000000,8
1187189760000,1187190239000,0.689426948320556,0.6905457382969762,0.6892606301220681,0.690364581535509,27602000000,8
1187190240000,1187190719000,0.690364581535509,0.6904789852720833,0.689636147968332,0.6901597029552639,20044000000,8
1187190720000,1187191199000,0.6901358877562992,0.6908271964850712,0.6899025857548914,0.69030262867241,16938000000,8
1187191200000,1187191679000,0.69030262867241,0.69030262867241,0.6894412079009963,0.6898787882968962,16736000000,8
1187191680000,1187192159000,0.6898787882968962,0.6910706757980138,0.6896884677191313,0.6906888239641394,15683000000,8
1187192160000,1187192639000,0.6907508461697865,0.6908176517726381,0.6900215976760072,0.6901739928636009,23320000000,8
1187192640000,1187193119000,0.6901739928636009,0.6904170118751727,0.6899787486545415,0.6901168367804669,15621000000,8
1187193120000,1187193599000,0.6901168367804669,0.6903931789153923,0.6895695706739853,0.690245451282476,26393000000,8
1187193600000,1187194079000,0.6902930984496016,0.6904694501791768,0.6900882622887468,0.6901358877562992,18461000000,8
1187194080000,1187194559000,0.6901358877562992,0.6904551480335838,0.6897122520484453,0.6898359570094232,12454000000,8
1187194560000,1187195039000,0.6898359570094232,0.6900644520198186,0.6897503103876397,0.6900454049876482,9326000000,8
1187195040000,1187195519000,0.6900454049876482,0.6905600441958428,0.6898169225887449,0.6904837529172938,17497000000,8
1187195520000,1187195999000,0.6904551480335838,0.6905075921309755,0.6899787486545415,0.6900454049876482,15631000000,8
1187196000000,1187196479000,0.6900454049876482,0.6903264553807495,0.6894554680713173,0.6896076132680505,18802000000,8
1187196480000,1187196959000,0.6895457961840536,0.689926384854736,0.6892606301220681,0.6896979812540088,10075000000,8
1187196960000,1187197439000,0.6896979812540088,0.6901454136386537,0.6893651636208216,0.6900692139421584,9319000000,8
1187197440000,1187197919000,0.690093024539708,0.6903121591583714,0.6895172689600011,0.6902502157031924,15808000000,8
1187197920000,1187198399000,0.6902502157031924,0.6905314329908298,0.6900835001035125,0.6901739928636009,9313000000,8
1187198400000,1187198879000,0.6901739928636009,0.6906745127291313,0.6899930310703862,0.6906745127291313,11305000000,8
1187198880000,1187199359000,0.6906458920382341,0.6907365323644602,0.6902502157031924,0.6902740387934009,10744000000,8
1187199360000,1187199839000,0.6902740387934009,0.6905314329908298,0.6899311448717418,0.6901073116869674,11089000000,8
1187199840000,1187200319000,0.6901739928636009,0.691085003455425,0.6901073116869674,0.6907269901571403,17624000000,8
1187200320000,1187200799000,0.6906935945076045,0.6913430029174674,0.6906935945076045,0.690994271657488,11897000000,8
1187200800000,1187201279000,0.690994271657488,0.6910467976891396,0.6904932884052367,0.6907747038303457,21465000000,8
1187201280000,1187201759000,0.6907747038303457,0.6912235347789122,0.6904265455198222,0.6908987902362184,12158000000,8
1187201760000,1187202239000,0.6909274318918284,0.6910706757980138,0.6904932884052367,0.6904932884052367,7385000000,8
1187202240000,1187202719000,0.6905886577718847,0.6907747038303457,0.6900644520198186,0.6902883334368767,10137000000,8
1187202720000,1187203199000,0.6903407521952836,0.6907365323644602,0.68995494594203,0.6902978635281124,8636000000,8
1187203200000,1187203679000,0.6902216301654461,0.6903788799293052,0.6898407157787266,0.6900454049876482,9822000000,8
1187203680000,1187204159000,0.6900454049876482,0.6902502157031924,0.689464975179261,0.6895457961840536,23967000000,8
1187204160000,1187204639000,0.6895457961840536,0.6896218803230189,0.6889804467349216,0.6891703767005279,22454000000,8
1187204640000,1187205119000,0.6891228843927449,0.6894031836639021,0.6886862620864439,0.6893794206455349,12942000000,8
1187205120000,1187205599000,0.6894031836639021,0.6895553057833004,0.6889187420343771,0.6892986386351887,12238000000,8
1187205600000,1187206079000,0.6893651636208216,0.6898264396677796,0.6891323823306457,0.6896076132680505,17756000000,8
1187206080000,1187206559000,0.6896599286891634,0.6897598256287161,0.6893651636208216,0.6893651636208216,16521000000,8
1187206560000,1187207039000,0.689312892908349,0.6897740989825831,0.6892748828232699,0.6896076132680505,13254000000,8
1187207040000,1187207519000,0.6895457961840536,0.6899025857548914,0.6895077604098434,0.6898883070830832,13219000000,8
1187207520000,1187207999000,0.6898883070830832,0.6899930310703862,0.6893509071857938,0.6897122520484453,10991000000,8
1187208000000,1187208479000,0.6897360380182505,0.6901073116869674,0.6894792363327978,0.6896741979089078,9724000000,8
1187208480000,1187208959000,0.6896741979089078,0.68995494594203,0.6896218803230189,0.6896599286891634,4023000000,8
1187208960000,1187209439000,0.6896599286891634,0.6897740989825831,0.689531532276971,0.6896599286891634,3457000000,8
1187209440000,1187209919000,0.6896076132680505,0.6896599286891634,0.689426948320556,0.6894602215925152,4107000000,8
1187209920000,1187210399000,0.6894602215925152,0.6894602215925152,0.6891466297284072,0.6891798759476223,3768000000,8
1187210400000,1187210879000,0.6891798759476223,0.6895077604098434,0.6890848952590959,0.6893984309291712,5803000000,8
1187210880000,1187211359000,0.6894507146156656,0.6898787882968962,0.6891751262913419,0.6892891361139257,7891000000,8
1187211360000,1187211839000,0.6892891361139257,0.6898264396677796,0.6892131253747596,0.689531532276971,3693000000,8
1187211840000,1187212319000,0.689531532276971,0.6900073140775292,0.6895220233334253,0.6899835093941254,3106000000,8
1187212320000,1187212799000,0.6901120742008502,0.6901597029552639,0.6895838361548805,0.689907345443507,3971000000,8
1187212800000,1187213279000,0.689907345443507,0.6902406869275317,0.6897265234334586,0.690035881865857,6101000000,8
1187213280000,1187213759000,0.690035881865857,0.6903693476009666,0.6898549924805806,0.6903312209197974,3827000000,8
1187213760000,1187214239000,0.6902788036087776,0.6904456135990168,0.6897407954090852,0.6900596901631991,5319000000,8
1187214240000,1187214719000,0.6900596901631991,0.690316924500038,0.689574325768703,0.689574325768703,2856000000,8
1187214720000,1187215199000,0.6893176444637453,0.6900073140775292,0.6891941253092758,0.6893841731181536,2469000000,8
1187215200000,1187215679000,0.6893841731181536,0.6897407954090852,0.689165627175179,0.6892843849515433,4710000000,8
1187215680000,1187216159000,0.6892843849515433,0.689512514652141,0.6892321264878798,0.6892558793526509,3459000000,8
1187216160000,1187216639000,0.6891941253092758,0.6895885914463431,0.6890516582028154,0.6894839901817479,4119000000,8
1187216640000,1187217119000,0.6894839901817479,0.6897407954090852,0.6893841731181536,0.689512514652141,3458000000,8
1187217120000,1187217599000,0.689512514652141,0.6896694414367194,0.6893318995229823,0.6896076132680505,2385000000,8
1187217600000,1187218079000,0.6897027381198704,0.6902406869275317,0.6895362868470953,0.6901882833637016,4314000000,8
1187218080000,1187218559000,0.6901882833637016,0.6902406869275317,0.6896599286891634,0.6897407954090852,2124000000,8
1187218560000,1187219039000,0.6897407954090852,0.6897931310400011,0.689108637976777,0.6893081414184583,3968000000,8
1187219040000,1187219519000,0.6892558793526509,0.6894221952581541,0.6889709529846222,0.6891133867166503,4977000000,8
1187219520000,1187219999000,0.68903741473162,0.6893556592652847,0.68903741473162,0.6891798759476223,7499000000,8
1187220000000,1187220479000,0.6892273761113791,0.6892938873418071,0.6890896436717453,0.6890991406933715,4548000000,8
1187220480000,1187220959000,0.6890753986301181,0.6892653809569761,0.688857048385319,0.6889994350204633,4559000000,8
1187220960000,1187221439000,0.6889994350204633,0.6892178755548204,0.6889614594959558,0.68903741473162,3608000000,8
1187221440000,1187221919000,0.68903741473162,0.6892416274373306,0.6887716446489331,0.6887811329072074,9910000000,8
1187221920000,1187222399000,0.6888475580354068,0.6889756998270671,0.6886293521375055,0.6887811329072074,6169000000,8
1187222400000,1187222879000,0.6888333230008336,0.6889994350204633,0.68864357874295,0.68864357874295,6915000000,8
1187222880000,1187223359000,0.6885914173965736,0.6891133867166503,0.6883117777028283,0.6886293521375055,11730000000,8
1187223360000,1187223839000,0.6886293521375055,0.6888238333046323,0.6885013391351046,0.68864357874295,11428000000,8
1187223840000,1187224319000,0.68864357874295,0.6891181355219725,0.68858193436437,0.6887336942297891,9981000000,8
1187224320000,1187224799000,0.6886815192314314,0.6891466297284072,0.6885440048473498,0.6888523031776758,12322000000,8
1187224800000,1187225279000,0.6888523031776758,0.6894031836639021,0.6887621566520649,0.6893509071857938,19641000000,8
1187225280000,1187225759000,0.6892748828232699,0.6893651636208216,0.6889139959767423,0.6892511286487232,19431000000,8
1187225760000,1187226239000,0.6890706504137869,0.6892511286487232,0.6889187420343771,0.6892131253747596,9975000000,8
1187226240000,1187226719000,0.6892368769298632,0.6896979812540088,0.6890184243526671,0.6895600606812854,16499000000,8
1187226720000,1187227199000,0.6895077604098434,0.6898264396677796,0.6892606301220681,0.6892891361139257,13179000000,8
1187227200000,1187227679000,0.6892891361139257,0.6896456600598612,0.6892368769298632,0.689312892908349,8637000000,8
1187227680000,1187228159000,0.6893746682384408,0.689426948320556,0.6889282343458282,0.6890421624899228,8908000000,8
1187228160000,1187228639000,0.6889756998270671,0.6893841731181536,0.6889282343458282,0.6891798759476223,7291000000,8
1187228640000,1187229119000,0.6891798759476223,0.6894887440962526,0.6890421624899228,0.6892226258003598,11223000000,8
1187229120000,1187229599000,0.6892226258003598,0.6893366513404152,0.6890611541774333,0.6892606301220681,14093000000,8
1187229600000,1187230079000,0.6892606301220681,0.6892606301220681,0.6888095992505752,0.6888617936583383,12684000000,8
1187230080000,1187230559000,0.6887479251468754,0.6890706504137869,0.6886198680604333,0.6890706504137869,13140000000,8
1187230560000,1187231039000,0.6890421624899228,0.6892463780102835,0.6890041822553863,0.6892226258003598,12349000000,8
1187231040000,1187231519000,0.6892226258003598,0.689531532276971,0.6890421624899228,0.689531532276971,10558000000,8
1187231520000,1187231999000,0.689531532276971,0.6895838361548805,0.6892606301220681,0.6895172689600011,10737000000,8
1187232000000,1187232479000,0.6895172689600011,0.6896171245724374,0.6890611541774333,0.6892891361139257,11002000000,8
1187232480000,1187232959000,0.6892891361139257,0.689312892908349,0.6890848952590959,0.6891846256693706,6133000000,8
1187232960000,1187233439000,0.6892511286487232,0.6893509071857938,0.6889662062075855,0.6891323823306457,7918000000,8
1187233440000,1187233919000,0.6890706504137869,0.689802647462561,0.689056406157408,0.689788372927186,15367000000,8
1187233920000,1187234399000,0.689788372927186,0.6902645093599867,0.6897503103876397,0.6900977868563976,15555000000,8
1187234400000,1187234879000,0.6900977868563976,0.6902549801896821,0.6897170091111617,0.6897788568984783,14222000000,8
1187234880000,1187235359000,0.6897788568984783,0.689907345443507,0.6894174422612892,0.6894174422612892,10195000000,8
1187235360000,1187235839000,0.6893651636208216,0.6901120742008502,0.688795365784779,0.6889756998270671,21684000000,8
1187235840000,1187236319000,0.68903741473162,0.6894602215925152,0.6873324627122138,0.6880181636795212,15174000000,8
1187236320000,1187236799000,0.6880181636795212,0.6886672910583439,0.6878761822871883,0.6883354671732815,15837000000,8
1187236800000,1187237279000,0.6883354671732815,0.688795365784779,0.6879755631079983,0.6881412616381891,7125000000,8
1187237280000,1187237759000,0.6881412616381891,0.6882170361245122,0.6877815605763609,0.6880370989603759,2127000000,8
1187237760000,1187238239000,0.6880370989603759,0.6881270557795791,0.6875262119368301,0.6876538625517459,5611000000,8
1187238240000,1187238719000,0.6876538625517459,0.6880513011050104,0.6873702588636394,0.687587667427597,10598000000,8
1187238720000,1187239199000,0.687587667427597,0.6883165154664721,0.6873702588636394,0.6877011525871317,11121000000,8
1187239200000,1187239679000,0.6877531791390705,0.6882501927100539,0.6874694935412241,0.6882122997302207,11104000000,8
1187239680000,1187240159000,0.6882644036533074,0.6883165154664721,0.687422235359625,0.6878809140561586,7305000000,8
1187240160000,1187240639000,0.6878809140561586,0.688842812958511,0.687587667427597,0.6883307291487414,5451000000,8
1187240640000,1187241119000,0.6883307291487414,0.6884681583476765,0.6876538625517459,0.6878052135635189,3142000000,8
1187241120000,1187241599000,0.6878052135635189,0.6881649393726688,0.6877437191804846,0.687871450583315,2954000000,8
1187241600000,1187242079000,0.6879235029064767,0.6880086964299229,0.687601851024183,0.687909306037092,5574000000,8
1187242080000,1187242559000,0.6878572558622635,0.687909306037092,0.6872946707171232,0.6874127845029662,7642000000,8
1187242560000,1187243039000,0.6874127845029662,0.6880370989603759,0.6872852233676976,0.6879377003618553,7355000000,8
1187243040000,1187243519000,0.6879377003618553,0.6882928273004466,0.6877200704225352,0.6877200704225352,11040000000,8
1187243520000,1187243999000,0.6876680488794449,0.6882786151834263,0.6875545746443624,0.6880986458218651,10535000000,8
1187244000000,1187244479000,0.6881602036954203,0.6883259911894273,0.6877248000440144,0.6881980909384957,11467000000,8
1187244480000,1187244959000,0.6881459970547352,0.6887479251468754,0.688093911056981,0.6885534868348573,12004000000,8
1187244960000,1187245439000,0.6884397202180976,0.6886103842445944,0.6877626393579048,0.6880228974020255,6330000000,8
1187245440000,1187245919000,0.6880228974020255,0.6884776382463098,0.6874080591720858,0.6883117777028283,8760000000,8
1187245920000,1187246399000,0.6883117777028283,0.6886340942740075,0.6872332675880174,0.6876633200385092,5237000000,8
1187246400000,1187246879000,0.6877011525871317,0.6884681583476765,0.6872852233676976,0.6882265091086779,12218000000,8
1187246880000,1187247359000,0.6882265091086779,0.6895648156448465,0.6881128505074833,0.6893984309291712,10450000000,8
1187247360000,1187247839000,0.6893984309291712,0.6907890192177506,0.6892843849515433,0.6907651605683616,13923000000,8
1187247840000,1187248319000,0.6907651605683616,0.6907651605683616,0.6887479251468754,0.6891038893023512,12460000000,8
1187248320000,1187248799000,0.6891038893023512,0.6894744825494008,0.6888238333046323,0.6891181355219725,8572000000,8
1187248800000,1187249279000,0.6891181355219725,0.6893318995229823,0.6884918585837723,0.6885392639515269,8874000000,8
1187249280000,1187249759000,0.6885392639515269,0.6889234881574052,0.6880418329434429,0.6881838827334663,15850000000,8
1187249760000,1187250239000,0.6882312456985547,0.6885534868348573,0.6880607695271647,0.6883733737179045,15697000000,8
1187250240000,1187250719000,0.6883733737179045,0.6885914173965736,0.6874316864761564,0.6876207633965715,17749000000,8
1187250720000,1187251199000,0.6876822357924851,0.6880276311896686,0.6875073047651131,0.6878998417830364,18167000000,8
1187251200000,1187251679000,0.6879660970307383,0.6880797071532767,0.6874647674306692,0.6878619873708539,19735000000,8
1187251680000,1187252159000,0.6878619873708539,0.6881602036954203,0.6873702588636394,0.688046566991654,19447000000,8
1187252160000,1187252639000,0.688046566991654,0.688046566991654,0.6874364121318778,0.6879235029064767,23953000000,8
1187252640000,1187253119000,0.6879850294457593,0.6882691407648047,0.6876538625517459,0.6877957521734346,29810000000,8
1187253120000,1187253599000,0.6877437191804846,0.6878194061367248,0.6871246581554825,0.6871671534100671,14750000000,8
1187253600000,1187254079000,0.6872190991932048,0.6878383304788043,0.6869075422448139,0.6871813196630063,13264000000,8
1187254080000,1187254559000,0.6871813196630063,0.688046566991654,0.6871813196630063,0.6879329678116164,16674000000,8
1187254560000,1187255039000,0.6879518984032637,0.6890516582028154,0.6876916940597192,0.6890516582028154,9048000000,8
1187255040000,1187255519000,0.6890516582028154,0.6891418805303636,0.6881175855330158,0.6885203010210755,7787000000,8
1187255520000,1187255999000,0.6885203010210755,0.6891038893023512,0.6880086964299229,0.6888380679469871,11393000000,8
1187256000000,1187256479000,0.6888380679469871,0.6888617936583383,0.6881270557795791,0.6882738779415105,11324000000,8
1187256480000,1187256959000,0.6882738779415105,0.6884823782935277,0.6878998417830364,0.6882407190739033,18213000000,8
1187256960000,1187257439000,0.6882407190739033,0.6883923285558905,0.6879471656576774,0.6882265091086779,9062000000,8
1187257440000,1187257919000,0.6881744109227043,0.6886246100663146,0.687351360268342,0.6884776382463098,20175000000,8
1187257920000,1187258399000,0.6884776382463098,0.6887384378034754,0.6879944960440316,0.6886103842445944,19464000000,8
1187258400000,1187258879000,0.6886103842445944,0.6887147205884379,0.6879897627123308,0.6883070400044052,23335000000,8
1187258880000,1187259359000,0.6883307291487414,0.6890279194112946,0.6879377003618553,0.6881980909384957,29469000000,8
1187259360000,1187259839000,0.6881980909384957,0.6894839901817479,0.6879850294457593,0.6885534868348573,24423000000,8
1187259840000,1187260319000,0.6886578059362303,0.6892273761113791,0.6882833524905533,0.6891703767005279,21908000000,8
1187260320000,1187260799000,0.6891466297284072,0.6896741979089078,0.6869594487837384,0.6876869648935804,26531000000,8
1187260800000,1187261279000,0.6876869648935804,0.6892558793526509,0.6870349632092777,0.6891418805303636,13195000000,8
1187261280000,1187261759000,0.6892036252110686,0.691897875873521,0.687909306037092,0.691304768620294,14887000000,8
1187261760000,1187262239000,0.691304768620294,0.6920654693934046,0.6891371313977769,0.6899311448717418,13816000000,8
1187262240000,1187262719000,0.6898549924805806,0.6900311204035301,0.6888095992505752,0.6890753986301181,8978000000,8
1187262720000,1187263199000,0.6890753986301181,0.6892701318573763,0.6884255020342973,0.689165627175179,8663000000,8
1187263200000,1187263679000,0.6891323823306457,0.6895885914463431,0.6886957479924518,0.6893556592652847,11022000000,8
1187263680000,1187264159000,0.6894221952581541,0.690550506864072,0.6891276333289689,0.6900311204035301,11507000000,8
1187264160000,1187264639000,0.6900311204035301,0.6901692294950722,0.6885724515933567,0.6890184243526671,22043000000,8
1187264640000,1187265119000,0.6890848952590959,0.6895933468033901,0.6887763887453938,0.689312892908349,15187000000,8
1187265120000,1187265599000,0.6893604114102935,0.6893604114102935,0.6884586787101038,0.6888950124001102,25665000000,8
1187265600000,1187266079000,0.6888950124001102,0.6905028241565507,0.6888712844005097,0.690093024539708,24548000000,8
1187266080000,1187266559000,0.690093024539708,0.6915246736003541,0.6898169225887449,0.6914099231152165,25388000000,8
1187266560000,1187267039000,0.6914386071660696,0.6926310977510268,0.6910467976891396,0.6919984222435973,16709000000,8
1187267040000,1187267519000,0.6919984222435973,0.6922666888192006,0.6910229212302972,0.6919218128351496,22139000000,8
1187267520000,1187267999000,0.6918691537056512,0.6934908944645557,0.6917112243980383,0.6926934692859715,22057000000,8
1187268000000,1187268479000,0.6927558520550602,0.6935967151259572,0.6924056943444303,0.6930919525093394,18551000000,8
1187268480000,1187268959000,0.6930919525093394,0.6938421509106678,0.6921900200042915,0.6936448261032421,26401000000,8
1187268960000,1187269439000,0.6937121926854987,0.6939047407571889,0.6918835144915002,0.6924152829901261,21139000000,8
1187269440000,1187269919000,0.6924104886340818,0.6940540390474803,0.6923817238920161,0.6938854811401927,27452000000,8
1187269920000,1187270399000,0.6938854811401927,0.6946663517512539,0.693625580911424,0.6938421509106678,16354000000,8
1187270400000,1187270879000,0.6938421509106678,0.6975446428571429,0.6936833196908947,0.6970341198201652,19633000000,8
1187270880000,1187271359000,0.6970341198201652,0.6972333779562695,0.6951202558042541,0.6961219048679804,23867000000,8
1187271360000,1187271839000,0.6961219048679804,0.6963206417291034,0.694256416664931,0.6953571006390332,25811000000,8
1187271840000,1187272319000,0.6954199641163298,0.6970195444280258,0.6952265743405776,0.696616533496806,22826000000,8
1187272320000,1187272799000,0.6965534535120225,0.6972042111134352,0.6952410748427017,0.6969661065382391,23492000000,8
1187272800000,1187273279000,0.6969661065382391,0.6970729905128367,0.6952749117000863,0.6966941860870172,31248000000,8
1187273280000,1187273759000,0.6967572915650563,0.6974473427256243,0.6961994472176389,0.6973597958130517,29076000000,8
1187273760000,1187274239000,0.6973597958130517,0.6976809086596155,0.6954586549829613,0.6955360496334525,31910000000,8
1187274240000,1187274719000,0.6956134615117071,0.6958603269151815,0.694256416664931,0.6947725314731957,22592000000,8
1187274720000,1187275199000,0.6947725314731957,0.6955215368243878,0.6945409084595083,0.6947580505089103,15098000000,8
1187275200000,1187275679000,0.6948256335072713,0.6960928309399341,0.6946180989691867,0.6958603269151815,14363000000,8
1187275680000,1187276159000,0.6958603269151815,0.6958990667993514,0.6943046192086315,0.6943962224845497,26226000000,8
1187276160000,1187276639000,0.6944492670087986,0.6947725314731957,0.6939962385403871,0.6943721140159012,30290000000,8
1187276640000,1187277119000,0.6943190812769916,0.6948884009228118,0.6941359395824078,0.6944974963365258,27645000000,8
1187277120000,1187277599000,0.6944974963365258,0.6946663517512539,0.6940106877645915,0.6940203209149964,19294000000,8
1187277600000,1187278079000,0.6940203209149964,0.6941889443468723,0.6930295091965016,0.6935197514425211,21240000000,8
1187278080000,1187278559000,0.6935197514425211,0.6943431860631436,0.6930295091965016,0.6939143709666227,14939000000,8
1187278560000,1187279039000,0.6938854811401927,0.6945650286508074,0.6937121926854987,0.6941793065148728,17558000000,8
1187279040000,1187279519000,0.6941793065148728,0.6942419572069257,0.6929142587896174,0.692952671332548,22076000000,8
1187279520000,1187279999000,0.6928374464783073,0.6938277087033748,0.6920511010533018,0.693688131689755,21662000000,8
1187280000000,1187280479000,0.6937121926854987,0.6941648502686418,0.691716009075314,0.6923769300006924,14809000000,8
1187280480000,1187280959000,0.6923769300006924,0.6948642582671475,0.6918212887246966,0.6945795015697496,12271000000,8
1187280960000,1187281439000,0.6943190812769916,0.6944251548568096,0.6935197514425211,0.6940251375904835,13417000000,8
1187281440000,1187281919000,0.6940251375904835,0.6941503946244993,0.6925831272898529,0.6927366561601607,5487000000,8
1187281920000,1187282399000,0.6927366561601607,0.6935726621399491,0.6926694789047511,0.6933274169393754,6458000000,8
1187282400000,1187282879000,0.6931351890872796,0.6941407578628794,0.6924967972023129,0.6938710371290392,14277000000,8
1187282880000,1187283359000,0.6938710371290392,0.6940733080227933,0.6931255804926737,0.6936640723630361,10743000000,8
1187283360000,1187283839000,0.6936640723630361,0.6941022134919589,0.6932120674356699,0.6935293709688606,11656000000,8
1187283840000,1187284319000,0.6934764668760965,0.693880666402992,0.6930871487780874,0.693880666402992,9624000000,8
1187284320000,1187284799000,0.693880666402992,0.6949270326615705,0.6929766813346732,0.6943576497382271,10869000000,8
1187284800000,1187285279000,0.6943817572024749,0.6948352892946728,0.6932072620392772,0.6943480072212194,10020000000,8
1187285280000,1187285759000,0.694294978164423,0.6956279781572814,0.6941263032221343,0.6945505563349956,8773000000,8
1187285760000,1187286239000,0.6945505563349956,0.6948642582671475,0.6940973957465711,0.6946036244417123,8826000000,8
1187286240000,1187286719000,0.6946036244417123,0.6949946485412062,0.6944106883693154,0.694680828893165,7337000000,8
1187286720000,1187287199000,0.6947339169098236,0.695018800258547,0.694256416664931,0.6944733808353126,10666000000,8
1187287200000,1187287679000,0.6945264371488301,0.6945264371488301,0.6935438007587369,0.6942419572069257,10573000000,8
1187287680000,1187288159000,0.6942419572069257,0.6946422245222599,0.6929766813346732,0.6934812760055479,6484000000,8
1187288160000,1187288639000,0.6934139542624156,0.6938036396938938,0.6929382661298705,0.6933754905631595,6375000000,8
1187288640000,1187289119000,0.6933514529179696,0.693567851742936,0.692952671332548,0.6932745436520316,5727000000,8
1187289120000,1187289599000,0.6932745436520316,0.6933370311308328,0.6925111840556225,0.6925111840556225,7036000000,8
1187289600000,1187290079000,0.6925111840556225,0.692885452177046,0.6920127883963295,0.6921660644821906,9313000000,8
1187290080000,1187290559000,0.6921660644821906,0.6924344610782589,0.6919074504594266,0.6922571042885327,10462000000,8
1187290560000,1187291039000,0.6922571042885327,0.6928230460658044,0.6919361758071436,0.6925927208505038,7034000000,8
1187291040000,1187291519000,0.6925015927536633,0.6931736261298731,0.6919888451398164,0.6919888451398164,8362000000,8
1187291520000,1187291999000,0.6919888451398164,0.6921996026774281,0.6912187569121876,0.691515109605145,6699000000,8
1187292000000,1187292479000,0.6915677148527998,0.691897875873521,0.6909894969596462,0.6912569816955152,6548000000,8
1187292480000,1187292959000,0.6912330907105185,0.6913860215574161,0.6907174482134594,0.6909083371909048,9100000000,8
1187292960000,1187293439000,0.6909083371909048,0.6917925729149372,0.6908176517726381,0.691357341869292,5501000000,8
1187293440000,1187293919000,0.6912808743320499,0.6928710497689274,0.690216866139341,0.6924728204417977,7060000000,8
1187293920000,1187294399000,0.6924728204417977,0.6933370311308328,0.691716009075314,0.6930679345189416,2634000000,8
1187294400000,1187294879000,0.693000693000693,0.693298575964725,0.6922666888192006,0.6922666888192006,4145000000,8
1187294880000,1187295359000,0.6923337879658541,0.692731857352656,0.6916107614634484,0.6922666888192006,2837000000,8
1187295360000,1187295839000,0.6922666888192006,0.6925111840556225,0.6916251115245492,0.6921373200442967,3422000000,8
1187295840000,1187296319000,0.6920079996124755,0.6922043941134938,0.6911853136944546,0.6921373200442967,2616000000,8
1187296320000,1187296799000,0.6920894179527994,0.6924104886340818,0.6914577311888924,0.6919696917275023,3634000000,8
1187296800000,1187297279000,0.6919696917275023,0.6919696917275023,0.6914051426714513,0.691701655242061,1665000000,8
1187297280000,1187297759000,0.691701655242061,0.692228352288853,0.691701655242061,0.6921373200442967,1921000000,8
1187297760000,1187298239000,0.6920846281083252,0.6921756464920539,0.6916490296164114,0.6918787274966444,1327000000,8
1187298240000,1187298719000,0.6920463117391816,0.6923961059643,0.691830861191056,0.6923961059643,1475000000,8
1187298720000,1187299199000,0.6921373200442967,0.6923817238920161,0.6920079996124755,0.6922043941134938,2207000000,8
1187299200000,1187299679000,0.6923289947382997,0.6929766813346732,0.6920223661628744,0.6923817238920161,1379000000,8
1187299680000,1187300159000,0.6923289947382997,0.6929622751337418,0.6921133681697063,0.692731857352656,2364000000,8
1187300160000,1187300639000,0.6927798484197691,0.6932216784283278,0.6921373200442967,0.6924776156610737,2188000000,8
1187300640000,1187301119000,0.6922043941134938,0.692952671332548,0.6916107614634484,0.6916633812656057,2055000000,8
1187301120000,1187301599000,0.691716009075314,0.6917399334546184,0.6912999896305001,0.6914051426714513,1582000000,8
1187301600000,1187302079000,0.6913525621525953,0.6919696917275023,0.6913525621525953,0.6917638594889248,1533000000,8
1187302080000,1187302559000,0.6917925729149372,0.692151691964811,0.6916729493626234,0.6920846281083252,1054000000,8
1187302560000,1187303039000,0.6921373200442967,0.6926502877961946,0.6921373200442967,0.6922906513070447,1392000000,8
1187303040000,1187303519000,0.6922906513070447,0.6933514529179696,0.6922906513070447,0.6929766813346732,1130000000,8
1187303520000,1187303999000,0.6931063641026353,0.6936063367874928,0.6929766813346732,0.6934283792498491,3015000000,8
1187304000000,1187304479000,0.6934908944645557,0.6941359395824078,0.6933370311308328,0.6938421509106678,2353000000,8
1187304480000,1187304959000,0.6939047407571889,0.6940058712896712,0.6936207697803303,0.6939432631988008,4705000000,8
1187304960000,1187305439000,0.6939432631988008,0.6943335439478417,0.6936207697803303,0.6937747590867149,6297000000,8
1187305440000,1187305919000,0.693721817551162,0.6937891990897486,0.6916633812656057,0.692295444003683,5888000000,8
1187305920000,1187306399000,0.6924488453415504,0.6945505563349956,0.6921900200042915,0.6930775415153447,3080000000,8
1187306400000,1187306879000,0.6929766813346732,0.6943962224845497,0.6924344610782589,0.6924872062988636,1245000000,8
1187306880000,1187307359000,0.6924872062988636,0.6932601250641265,0.6918547935159369,0.6929766813346732,4874000000,8
1187307360000,1187307839000,0.6930247063307807,0.693298575964725,0.6921133681697063,0.6921612735767434,5373000000,8
1187307840000,1187308319000,0.6921133681697063,0.6922139771846273,0.6914433880726015,0.6914433880726015,5449000000,8
1187308320000,1187308799000,0.6914959824083422,0.691945751453086,0.6910706757980138,0.6911996461057812,5431000000,8
1187308800000,1187309279000,0.6913908017367737,0.6921229487206108,0.6913908017367737,0.6918356475235743,300400000,8
1187309280000,1187309759000,0.6917495036697311,0.6928230460658044,0.6914051426714513,0.6926982675616329,300500000,8
1187309760000,1187310239000,0.6926023146769357,0.6931736261298731,0.6924104886340818,0.6929910881346066,313200000,8
1187310240000,1187310719000,0.6927366561601607,0.6936736958934517,0.6927366561601607,0.6933129961521128,312200000,8
1187310720000,1187311199000,0.6933802982922044,0.6935630414126492,0.6926023146769357,0.6928902531128095,260000000,8
1187311200000,1187311679000,0.692885452177046,0.692986285801404,0.6923385812597793,0.6925639409658496,291200000,8
1187311680000,1187312159000,0.6928326462742925,0.6932745436520316,0.6926502877961946,0.6927654504014576,288100000,8
1187312160000,1187312639000,0.6928278461367919,0.6929814835347599,0.6924872062988636,0.6926358951626309,367300000,8
1187312640000,1187313119000,0.6925543482024752,0.6930391151276578,0.6925063883714327,0.6928230460658044,276900000,8
1187313120000,1187313599000,0.6929622751337418,0.6929958905343692,0.6924056943444303,0.6927126627874758,302900000,8
1187313600000,1187314079000,0.6926886710767844,0.6929670771341653,0.6920750486182722,0.6921469012583231,297500000,8
1187314080000,1187314559000,0.6921708554539602,0.6927222599371008,0.6921085779937156,0.6923146154538468,323100000,8
1187314560000,1187315039000,0.692228352288853,0.6923673424171929,0.6919744799811782,0.6922379360233699,348400000,8
1187315040000,1187315519000,0.6921133681697063,0.6926071116898228,0.6919409635969859,0.6925975177304965,278100000,8
1187315520000,1187315999000,0.6925687374471916,0.6931496024787029,0.6924680252889323,0.6927798484197691,301100000,8
1187316000000,1187316479000,0.6927126627874758,0.6929478695317752,0.6924967972023129,0.6928278461367919,281300000,8
1187316480000,1187316959000,0.6928230460658044,0.6930679345189416,0.69230502959604,0.69230502959604,314200000,8
1187316960000,1187317439000,0.6921612735767434,0.6926215031271862,0.6919888451398164,0.6924824109467619,266900000,8
1187317440000,1187317919000,0.6924248719013988,0.6924296664566296,0.691515109605145,0.691701655242061,334100000,8
1187317920000,1187318399000,0.6917590741496552,0.6918500069185001,0.6913238852402351,0.6917255786284465,283400000,8
1187318400000,1187318879000,0.6916968707633567,0.6919409635969859,0.6915246736003541,0.691864366909511,320700000,8
1187318880000,1187319359000,0.6918356475235743,0.6920175772464621,0.6917590741496552,0.6918165025908528,307300000,8
1187319360000,1187319839000,0.6918452203872949,0.6919984222435973,0.6916825177243645,0.691830861191056,305600000,8
1187319840000,1187320319000,0.6917734303660865,0.6921756464920539,0.6917734303660865,0.6919888451398164,251300000,8
1187320320000,1187320799000,0.6921085779937156,0.6922139771846273,0.6916251115245492,0.6919266004262268,310000000,8
1187320800000,1187321279000,0.6919553273640654,0.6922427279901425,0.691701655242061,0.6920079996124755,290900000,8
1187321280000,1187321759000,0.6920415224913494,0.6920942078635743,0.6915820631276107,0.6916968707633567,304300000,8
1187321760000,1187322239000,0.6916585973163647,0.6918212887246966,0.6912283127116886,0.6915007641083444,269900000,8
1187322240000,1187322719000,0.6915007641083444,0.6915820631276107,0.6911088842047065,0.6911088842047065,315300000,8
1187322720000,1187323199000,0.6913382233990335,0.6919601154189472,0.6913334439466844,0.6917207938187829,300200000,8
1187323200000,1187323679000,0.6916825177243645,0.6923098224917615,0.6916298950105819,0.6917782159039813,297300000,8
1187323680000,1187324159000,0.6918404339223202,0.6921756464920539,0.6912187569121876,0.6913908017367737,322000000,8
1187324160000,1187324639000,0.6914577311888924,0.692228352288853,0.6912283127116886,0.692228352288853,293200000,8
1187324640000,1187325119000,0.6923098224917615,0.6929766813346732,0.6921133681697063,0.6925831272898529,266000000,8
1187325120000,1187325599000,0.6925927208505038,0.6933706829007856,0.6922762736152744,0.6932937693688946,373900000,8
1187325600000,1187326079000,0.6933274169393754,0.6937795723542716,0.6933033826272039,0.6934908944645557,320000000,8
1187326080000,1187326559000,0.6933754905631595,0.6935197514425211,0.6926023146769357,0.6926454901852134,276300000,8
1187326560000,1187327039000,0.6926502877961946,0.6927270586116364,0.6921181584120042,0.6921421106181521,363700000,8
1187327040000,1187327519000,0.6921421106181521,0.6927462539746316,0.6916203281046837,0.6925975177304965,261000000,8
1187327520000,1187327999000,0.6926790748578276,0.6926790748578276,0.6916873020045098,0.691744718529074,321600000,8
1187328000000,1187328479000,0.6916633812656057,0.692352961539793,0.6912617600906935,0.6912617600906935,338800000,8
1187328480000,1187328959000,0.6911805363560962,0.6914003622937899,0.6907413035669882,0.690870150955128,333600000,8
1187328960000,1187329439000,0.6908081073239475,0.69091311076719,0.6905171282773669,0.6907269901571403,301000000,8
1187329440000,1187329919000,0.6908606050557179,0.6910945555570913,0.6903359865246416,0.6907031357922365,256000000,8
1187329920000,1187330399000,0.6905552754970271,0.6910372469076083,0.6904170118751727,0.6908415140482621,326300000,8
1187330400000,1187330879000,0.69091311076719,0.6916059782420759,0.6905028241565507,0.6915629322268326,243700000,8
1187330880000,1187331359000,0.6916203281046837,0.6920846281083252,0.6913812414441571,0.6919026631333505,355100000,8
1187331360000,1187331839000,0.6917734303660865,0.6927510529816006,0.6915007641083444,0.6926071116898228,350000000,8
1187331840000,1187332319000,0.6925927208505038,0.6928086462519052,0.6915677148527998,0.691811716523231,273300000,8
1187332320000,1187332799000,0.6918883015525974,0.6919313880835576,0.6910515731789063,0.691304768620294,328700000,8
1187332800000,1187333279000,0.6912760956726116,0.6914959824083422,0.6907651605683616,0.6907651605683616,265500000,8
1187333280000,1187333759000,0.6907556175700599,0.6915533671733447,0.6907222191523458,0.6913430029174674,315600000,8
1187333760000,1187334239000,0.6913334439466844,0.6921421106181521,0.6910993317069462,0.6920846281083252,336900000,8
1187334240000,1187334719000,0.6922187688196978,0.6935341808321024,0.6916394621811542,0.6932120674356699,275300000,8
1187334720000,1187335199000,0.6932457070759589,0.6935101321830311,0.6919266004262268,0.6923194084822973,282300000,8
1187335200000,1187335679000,0.6923721361757518,0.693000693000693,0.6921133681697063,0.6922091856158932,299800000,8
1187335680000,1187336159000,0.6920127883963295,0.6927174613290478,0.6918356475235743,0.6921756464920539,327500000,8
1187336160000,1187336639000,0.6921277390955275,0.6922666888192006,0.69180693052183,0.6920079996124755,321800000,8
1187336640000,1187337119000,0.6921373200442967,0.6934187625248764,0.6920558904337114,0.6930151007990464,324900000,8
1187337120000,1187337599000,0.6929766813346732,0.6938421509106678,0.6927270586116364,0.6938180808991882,378900000,8
1187337600000,1187338079000,0.6937651327519582,0.6937651327519582,0.6929958905343692,0.6931063641026353,264000000,8
1187338080000,1187338559000,0.6929670771341653,0.6935005131903798,0.692295444003683,0.6925543482024752,311300000,8
1187338560000,1187339039000,0.6924872062988636,0.6928326462742925,0.6920558904337114,0.6924872062988636,311600000,8
1187339040000,1187339519000,0.6925207756232687,0.693591904395292,0.6921708554539602,0.693591904395292,314800000,8
1187339520000,1187339999000,0.6934860852017004,0.693726630084149,0.6928566479595372,0.693601525923357,323800000,8
1187340000000,1187340479000,0.6936977558877596,0.693702568086907,0.692866249099274,0.6930679345189416,254600000,8
1187340480000,1187340959000,0.6930391151276578,0.6932024567095066,0.6917638594889248,0.6919122378517508,290700000,8
1187340960000,1187341439000,0.6919553273640654,0.6929382661298705,0.6918404339223202,0.6927078643123835,341800000,8
1187341440000,1187341919000,0.6926310977510268,0.6926694789047511,0.6914433880726015,0.6917351484463629,368100000,8
1187341920000,1187342399000,0.691701655242061,0.692151691964811,0.6915103277067443,0.6916968707633567,372900000,8
1187342400000,1187342879000,0.6916251115245492,0.6917734303660865,0.6910611243564494,0.6912713170792405,303700000,8
1187342880000,1187343359000,0.6911853136944546,0.691701655242061,0.6902978635281124,0.6905028241565507,314600000,8
1187343360000,1187343839000,0.6904170118751727,0.6906458920382341,0.6898121641477025,0.6898216810954367,300200000,8
1187343840000,1187344319000,0.6897360380182505,0.6910945555570913,0.6893651636208216,0.6908606050557179,271400000,8
1187344320000,1187344799000,0.6909035636805814,0.6914051426714513,0.6907365323644602,0.6907985631389887,317100000,8
1187344800000,1187345279000,0.6908319689401947,0.6914481690452484,0.6905028241565507,0.6910229212302972,298600000,8
1187345280000,1187345759000,0.6909083371909048,0.6910945555570913,0.6905552754970271,0.6905695817910612,329600000,8
1187345760000,1187346239000,0.6904408464804778,0.6906029654491336,0.6900835001035125,0.6904360794277665,299800000,8
1187346240000,1187346719000,0.6902740387934009,0.6908415140482621,0.6902597447419464,0.6904265455198222,259500000,8
1187346720000,1187347199000,0.6905743506874668,0.691237868775403,0.6902788036087776,0.6907699321663927,239400000,8
1187347200000,1187347679000,0.6907699321663927,0.6911757590837775,0.6907365323644602,0.6909417536101706,320900000,8
1187347680000,1187348159000,0.69096085015823,0.6914481690452484,0.6905314329908298,0.6910372469076083,294100000,8
1187348160000,1187348639000,0.690979947761916,0.691519891569681,0.6906792830749041,0.6907222191523458,323500000,8
1187348640000,1187349119000,0.6905648129605204,0.691190091098854,0.6901501766784452,0.6907079065334061,304000000,8
1187349120000,1187349599000,0.6906792830749041,0.6910276963900713,0.6899168650177654,0.6899739879806531,341500000,8
1187349600000,1187350079000,0.6899977920070656,0.690846286701209,0.6897027381198704,0.6905171282773669,298100000,8
1187350080000,1187350559000,0.6908081073239475,0.6910181461365175,0.6904694501791768,0.6907508461697865,2126400000,8
1187350560000,1187351039000,0.6907747038303457,0.6912713170792405,0.6904122451515801,0.6909369796380872,3097800000,8
1187351040000,1187351519000,0.6909035636805814,0.6910706757980138,0.6905075921309755,0.6909274318918284,2000800000,8
1187351520000,1187351999000,0.6909274318918284,0.6914338263256515,0.6907031357922365,0.6912522033663983,2842000000,8
1187352000000,1187352479000,0.6913812414441571,0.6922666888192006,0.6909417536101706,0.6921756464920539,2857200000,8
1187352480000,1187352959000,0.6922379360233699,0.6944830268348241,0.6920463117391816,0.6940444049610294,2740300000,8
1187352960000,1187353439000,0.6940925780680627,0.6954586549829613,0.6914959824083422,0.6927126627874758,2591700000,8
1187353440000,1187353919000,0.6927942470365727,0.6963497346907511,0.6924967972023129,0.6959765595094757,3369400000,8
1187353920000,1187354399000,0.6961170590446489,0.7016017568107991,0.6961170590446489,0.7004027315706531,1764900000,8
1187354400000,1187354879000,0.7003389640586043,0.7004125429878199,0.6977587987384521,0.698343529148859,2196100000,8
1187354880000,1187355359000,0.698221629509639,0.6983923009232746,0.6971070059254095,0.6978513157986559,2188500000,8
1187355360000,1187355839000,0.6977977503000531,0.6985728157374484,0.6972771327964299,0.6984264452189218,3235500000,8
1187355840000,1187356319000,0.6983679141845507,0.6992077975653584,0.6979389861738287,0.6987631891551953,3167800000,8
1187356320000,1187356799000,0.6987680718892593,0.7004321666468212,0.6987436589012954,0.699765578531192,3257100000,8
1187356800000,1187357279000,0.6997900629811057,0.69995170333247,0.6985679357317499,0.6986069776864932,4508200000,8
1187357280000,1187357759000,0.6985825759533906,0.6992909190081257,0.6981728815689341,0.6988559727725714,4389900000,8
1187357760000,1187358239000,0.6989097008666479,0.6990171818423297,0.6977636674458362,0.697826966825306,2792200000,8
1187358240000,1187358719000,0.6978513157986559,0.6983093929596448,0.6970729905128367,0.6972431007795178,3187900000,8
1187358720000,1187359199000,0.6974181579791612,0.6976614388569515,0.6955989454719986,0.6959281245432971,3088300000,8
1187359200000,1187359679000,0.6958312748324786,0.6975397772057952,0.6953571006390332,0.6973597958130517,2977100000,8
1187359680000,1187360159000,0.6973597958130517,0.6980120616484253,0.6972042111134352,0.6976517043631137,3527800000,8
1187360160000,1187360639000,0.6975787043173146,0.6990269544793647,0.6973743854388228,0.6986557862672219,4748700000,8
1187360640000,1187361119000,0.6987094835838207,0.6991735768321843,0.697705247441166,0.6978123582568647,3967700000,8
1187361120000,1187361599000,0.6977977503000531,0.6982313799146761,0.697350069735007,0.6976857762800789,4195600000,8
1187361600000,1187362079000,0.6976419701409237,0.6978659259982971,0.696534046584197,0.6966553576280279,3510900000,8
1187362080000,1187362559000,0.6966456511895225,0.6978707962007914,0.6964612802351253,0.6968252640967751,3564700000,8
1187362560000,1187363039000,0.6968009866701971,0.6977928811170269,0.6966213862765587,0.6974522070875093,3758000000,8
1187363040000,1187363519000,0.6974668005802924,0.698090025689713,0.695768336974521,0.6960007795208731,3535200000,8
1187363520000,1187363999000,0.6960395350455906,0.6980120616484253,0.6959281245432971,0.6972382393339981,3560700000,8
1187364000000,1187364479000,0.6972236554041805,0.698397178475399,0.6970972868973594,0.698397178475399,3773900000,8
1187364480000,1187364959000,0.698431323247985,0.6988950469308024,0.6981923799283655,0.6983142693537799,4414400000,8
1187364960000,1187365439000,0.6980851524268931,0.6986509051022476,0.6980315510261064,0.6980802792321117,3066300000,8
1187365440000,1187365919000,0.6981387620603471,0.6985532961237277,0.6975933031042902,0.6977198515252155,3645900000,8
1187365920000,1187366399000,0.6977782739756615,0.6979633429652276,0.6969369620517825,0.6971167252244715,3401800000,8
1187366400000,1187366879000,0.6969175337482316,0.6975543743634816,0.696752436891648,0.6973063057409228,4201700000,8
1187366880000,1187367359000,0.6973014434139879,0.6976127691041257,0.6969078200026483,0.6970535546246018,3539600000,8
1187367360000,1187367839000,0.6971264447945568,0.6984020560956531,0.6970049696454336,0.6983142693537799,3304500000,8
1187367840000,1187368319000,0.6983484060197632,0.6985630557942313,0.6978026195510337,0.6979097602679973,3367400000,8
1187368320000,1187368799000,0.6979243729149509,0.6985728157374484,0.697880536809709,0.6984996228102037,2914800000,8
1187368800000,1187369279000,0.6984264452189218,0.6986069776864932,0.6976079025023195,0.6977685362211646,3473900000,8
1187369280000,1187369759000,0.697705247441166,0.6982070044126683,0.6976030359684124,0.6981436360716854,3381900000,8
1187369760000,1187370239000,0.6981436360716854,0.6983337756113912,0.6975689721321195,0.6980802792321117,3918400000,8
1187370240000,1187370719000,0.6981631327976094,0.698431323247985,0.6977295879209054,0.6977393245883338,4299800000,8
1187370720000,1187371199000,0.6976906439684644,0.6977977503000531,0.6974522070875093,0.6975008544385467,3796800000,8
1187371200000,1187371679000,0.6977003795490064,0.6978756664712615,0.6975105847231232,0.6976468372180635,3224000000,8
1187371680000,1187372159000,0.6976614388569515,0.6976857762800789,0.6973792487830732,0.6974716652136007,3443700000,8
1187372160000,1187372639000,0.6974278859565921,0.6974911244254417,0.6971361646356766,0.6972382393339981,2433900000,8
1187372640000,1187373119000,0.6971896286070848,0.6976857762800789,0.696873824025422,0.6975835705117474,2702400000,8
1187373120000,1187373599000,0.6976371031316929,0.6981533842985304,0.6975981695024033,0.697710115401253,3395600000,8
1187373600000,1187374079000,0.6976663062057419,0.6979682145275103,0.6974570715172481,0.6978074888699706,4336000000,8
1187374080000,1187374559000,0.6977734050644394,0.6978415760054153,0.6968689677279981,0.6970195444280258,4326500000,8
1187374560000,1187375039000,0.6970875681403098,0.6977587987384521,0.6970535546246018,0.6975203152791825,2465200000,8
1187375040000,1187375519000,0.6975203152791825,0.6977149834292692,0.6973306183927924,0.6975787043173146,2679500000,8
1187375520000,1187375999000,0.6975787043173146,0.6975981695024033,0.6970632724332387,0.6975203152791825,2518800000,8
1187376000000,1187376479000,0.6975446428571429,0.6982947641858581,0.697350069735007,0.6981095194214069,2426800000,8
1187376480000,1187376959000,0.6982460060328455,0.698421567257997,0.6978074888699706,0.6978902776905415,2043400000,8
1187376960000,1187377439000,0.6979000188433004,0.6981485101510793,0.6976711736224482,0.698090025689713,1642600000,8
1187377440000,1187377919000,0.6980364235405804,0.6984849860652246,0.6978659259982971,0.6979633429652276,1818800000,8
1187377920000,1187378399000,0.6979828296223912,0.6986313811243773,0.6979633429652276,0.6984166893652091,1815200000,8
1187378400000,1187378879000,0.6983776686756664,0.6985581759248911,0.6983045166336136,0.6984703499336453,1268600000,8
1187378880000,1187379359000,0.6984703499336453,0.6985874561636372,0.6982313799146761,0.6984166893652091,2121500000,8
1187379360000,1187379839000,0.6984069337840386,0.6985337776008159,0.6981241404346521,0.698421567257997,1776700000,8
1187379840000,1187380319000,0.6985142601686213,0.6987631891551953,0.6983045166336136,0.6985191394244202,2768600000,8
1187380320000,1187380799000,0.6984947438270527,0.6985923364420693,0.6982801360249704,0.6984508360456507,1660200000,8
1187380800000,1187381279000,0.6984557144154275,0.6988315536423101,0.698421567257997,0.6986655488017885,1141700000,8
1187381280000,1187381759000,0.6990220681266908,0.6993985172751433,0.6989634372225989,0.6993104798668512,1632400000,8
1187381760000,1187382239000,0.699271359243668,0.7002654005868224,0.699271359243668,0.7001869499156275,1383300000,8
1187382240000,1187382719000,0.7002555932915514,0.7006677363527442,0.6999811005102863,0.7002261730538965,1554900000,8
1187382720000,1187383199000,0.7002703043374743,0.7004321666468212,0.6996627625484516,0.6999958000251999,1592100000,8
1187383200000,1187383679000,0.6999370056694897,0.7001526332740537,0.6997557852309544,0.6998733229285499,1507300000,8
1187383680000,1187384159000,0.6998341393089839,0.7003732989683501,0.6997998572408292,0.7003046325151441,1632700000,8
1187384160000,1187384639000,0.7003046325151441,0.7007168333204868,0.700206560935476,0.7006480994920302,260500000,8
1187384640000,1187385119000,0.7006480994920302,0.7006480994920302,0.7006480994920302,0.7006480994920302,0,8
1187385120000,1187385599000,0.7006480994920302,0.7006480994920302,0.7006480994920302,0.7006480994920302,0,8
1187385600000,1187386079000,0.7006480994920302,0.7006480994920302,0.7006480994920302,0.7006480994920302,0,8
1187386080000,1187386559000,0.7006480994920302,0.7006480994920302,0.7006480994920302,0.7006480994920302,0,8
1187386560000,1187387039000,0.7006480994920302,0.7006480994920302,0.7006480994920302,0.7006480994920302,0,8
1187387040000,1187387519000,0.7006480994920302,0.7006480994920302,0.7006480994920302,0.7006480994920302,0,8
1187387520000,1187387999000,0.7006480994920302,0.7006480994920302,0.7006480994920302,0.7006480994920302,0,8
1187388000000,1187388479000,0.7006480994920302,0.7006480994920302,0.7006480994920302,0.7006480994920302,0,8
1187388480000,1187388959000,0.7006480994920302,0.7006480994920302,0.7006480994920302,0.7006480994920302,0,8
1187388960000,1187389439000,0.7006480994920302,0.7006480994920302,0.7006480994920302,0.7006480994920302,0,8
1187389440000,1187389919000,0.7006480994920302,0.7006480994920302,0.7006480994920302,0.7006480994920302,0,8
1187389920000,1187390399000,0.7006480994920302,0.7006480994920302,0.7006480994920302,0.7006480994920302,0,8
1187390400000,1187390879000,0.7006480994920302,0.7006480994920302,0.7006480994920302,0.7006480994920302,0,8
1187390880000,1187391359000,0.7006480994920302,0.7006480994920302,0.7006480994920302,0.7006480994920302,0,8
1187391360000,1187391839000,0.7006480994920302,0.7006480994920302,0.7006480994920302,0.7006480994920302,0,8
1187391840000,1187392319000,0.7006480994920302,0.7006480994920302,0.7006480994920302,0.7006480994920302,0,8
1187392320000,1187392799000,0.7006480994920302,0.7006480994920302,0.7006480994920302,0.7006480994920302,0,8
1187392800000,1187393279000,0.7006480994920302,0.7006480994920302,0.7006480994920302,0.7006480994920302,0,8
1187393280000,1187393759000,0.7006480994920302,0.7006480994920302,0.7006480994920302,0.7006480994920302,0,8
1187393760000,1187394239000,0.7006480994920302,0.7006480994920302,0.7006480994920302,0.7006480994920302,0,8
1187394240000,1187394719000,0.7006480994920302,0.7006480994920302,0.7006480994920302,0.7006480994920302,0,8
1187394720000,1187395199000,0.7006480994920302,0.7006480994920302,0.7006480994920302,0.7006480994920302,0,8
1187557440000,1187557919000,0.7000154003388075,0.7000154003388075,0.699036727389657,0.6994865768525903,389600000,8
1187557920000,1187558399000,0.6995648706504555,0.6996578673028888,0.6985776958113281,0.6986557862672219,379500000,8
1187558400000,1187558879000,0.6986411429769099,0.6992077975653584,0.6985630557942313,0.6991833538427117,624700000,8
1187558880000,1187559359000,0.699090483281251,0.6995012556047538,0.6989243554170131,0.6991686884294575,794400000,8
1187559360000,1187559839000,0.6991198081615246,0.6993789514910759,0.6990513872674781,0.6992175755329786,618500000,8
1187559840000,1187560319000,0.6991686884294575,0.6993398232068927,0.6990416139472783,0.6991589118290696,594700000,8
1187560320000,1187560799000,0.699154023631406,0.6993642778714149,0.6990025233991095,0.6991100329280825,1090900000,8
1187560800000,1187561279000,0.6991735768321843,0.6992615797717611,0.698821786468015,0.6991051454138703,1087200000,8
1187561280000,1187561759000,0.6991100329280825,0.6993642778714149,0.6990709347277468,0.6991980198712078,330500000,8
1187561760000,1187562239000,0.6992224646193432,0.6993349324792123,0.6988852779816194,0.6990562740300593,536100000,8
1187562240000,1187562719000,0.6989683227556127,0.699242021648533,0.6989194704986091,0.699036727389657,357600000,8
1187562720000,1187563199000,0.699036727389657,0.6991931311266798,0.698714365567356,0.698714365567356,526800000,8
1187563200000,1187563679000,0.6987534238917771,0.699144247441132,0.6986313811243773,0.6988120195667366,347900000,8
1187563680000,1187564159000,0.6986801931152054,0.6993300418199365,0.6986460240054774,0.6989194704986091,387000000,8
1187564160000,1187564639000,0.6988706250698871,0.6988706250698871,0.6983045166336136,0.6985191394244202,500700000,8
1187564640000,1187565119000,0.6985386571292855,0.6989438957734863,0.698431323247985,0.6986948380425365,525300000,8
1187565120000,1187565599000,0.6986411429769099,0.6986460240054774,0.6977831429548325,0.6981143930244409,611100000,8
1187565600000,1187566079000,0.6980607871333436,0.6982265046781176,0.6979000188433004,0.6981485101510793,541600000,8
1187566080000,1187566559000,0.6980754061053676,0.6985045018615145,0.6980510414921539,0.6983630370411754,458700000,8
1187566560000,1187567039000,0.6983630370411754,0.6985923364420693,0.6981485101510793,0.6984020560956531,468200000,8
1187567040000,1187567519000,0.6982655084769432,0.6984459577440195,0.698090025689713,0.6984264452189218,864100000,8
1187567520000,1187567999000,0.698421567257997,0.6987729546915616,0.6982996403756851,0.698616738857063,660000000,8
1187568000000,1187568479000,0.6983045166336136,0.6985142601686213,0.6979682145275103,0.6979682145275103,2560000000,8
1187568480000,1187568959000,0.6979682145275103,0.6981875052364063,0.6976711736224482,0.6980315510261064,5375000000,8
1187568960000,1187569439000,0.6980851524268931,0.6981387620603471,0.6977441930239536,0.6978123582568647,2781000000,8
1187569440000,1187569919000,0.6978123582568647,0.6979438573961111,0.6974181579791612,0.697710115401253,4752000000,8
1187569920000,1187570399000,0.697710115401253,0.6979341150195422,0.6976030359684124,0.6978513157986559,5351000000,8
1187570400000,1187570879000,0.6978513157986559,0.6981972546883946,0.6975689721321195,0.6976857762800789,2935000000,8
1187570880000,1187571359000,0.6976857762800789,0.6980071894740516,0.6972576855228386,0.6974911244254417,6545000000,8
1187571360000,1187571839000,0.6975592402184756,0.6977539300990112,0.6972965811548626,0.6975689721321195,6711000000,8
1187571840000,1187572319000,0.6975203152791825,0.6979243729149509,0.6975203152791825,0.6977685362211646,3456000000,8
1187572320000,1187572799000,0.6977685362211646,0.6979243729149509,0.6975300461067361,0.6976614388569515,3666000000,8
1187572800000,1187573279000,0.6976614388569515,0.6978318364840441,0.6973889756750725,0.6978318364840441,2220000000,8
1187573280000,1187573759000,0.6978318364840441,0.6982947641858581,0.6976663062057419,0.6977831429548325,2512000000,8
1187573760000,1187574239000,0.6977149834292692,0.6986362620165437,0.6977149834292692,0.6986362620165437,1493000000,8
1187574240000,1187574719000,0.6986362620165437,0.6997949600766975,0.6986362620165437,0.6996774486961511,1551000000,8
1187574720000,1187575199000,0.6995159349729987,0.6995991296986827,0.6991002579679952,0.699149135502094,2696000000,8
1187575200000,1187575679000,0.699149135502094,0.6994963626189143,0.6989829797644428,0.6992958091202159,1010000000,8
1187575680000,1187576159000,0.6992958091202159,0.6996284972679507,0.699031840900353,0.6992958091202159,5508000000,8
1187576160000,1187576639000,0.6992958091202159,0.6994278680039727,0.6989634372225989,0.6992175755329786,4358000000,8
1187576640000,1187577119000,0.6992175755329786,0.69995170333247,0.6992029086841002,0.6995991296986827,1863000000,8
1187577120000,1187577599000,0.6995991296986827,0.6997166147710178,0.6995452955578874,0.6996627625484516,2179000000,8
1187577600000,1187578079000,0.6996627625484516,0.6996627625484516,0.6993202607065933,0.6994131923316338,1578000000,8
1187578080000,1187578559000,0.6994131923316338,0.6994670061413204,0.6990953705904559,0.6992322429971891,2416000000,8
1187578560000,1187579039000,0.6992322429971891,0.6992469110767703,0.6991295836683329,0.6991295836683329,2310000000,8
1187579040000,1187579519000,0.6991295836683329,0.6992469110767703,0.6989634372225989,0.6991002579679952,1570000000,8
1187579520000,1187579999000,0.6991002579679952,0.6993642778714149,0.6991002579679952,0.6993642778714149,1851000000,8
1187580000000,1187580479000,0.6993642778714149,0.6993642778714149,0.6989976373879856,0.6992469110767703,1590000000,8
1187580480000,1187580959000,0.6991931311266798,0.6991931311266798,0.6989829797644428,0.6989829797644428,2370000000,8
1187580960000,1187581439000,0.6991149205106335,0.6992469110767703,0.6991149205106335,0.6991784653032687,1499000000,8
1187581440000,1187581919000,0.6991784653032687,0.6992469110767703,0.6988755093055273,0.6991295836683329,5295000000,8
1187581920000,1187582399000,0.6991295836683329,0.6992469110767703,0.6985191394244202,0.6986899563318778,4967000000,8
1187582400000,1187582879000,0.6986899563318778,0.6989390105819366,0.6984801072865444,0.6986899563318778,2978000000,8
1187582880000,1187583359000,0.6986899563318778,0.699144247441132,0.6986216195446384,0.6989780940265332,1067000000,8
1187583360000,1187583839000,0.6990269544793647,0.6991051454138703,0.6984557144154275,0.6985972167886882,2218000000,8
1187583840000,1187584319000,0.6985191394244202,0.6992029086841002,0.6985191394244202,0.6986118582376817,1061000000,8
1187584320000,1187584799000,0.6986118582376817,0.6988755093055273,0.6984947438270527,0.6988755093055273,1102000000,8
1187584800000,1187585279000,0.6988755093055273,0.6997068228412295,0.6988755093055273,0.6997068228412295,1174000000,8
1187585280000,1187585759000,0.6996578673028888,0.6997313031795791,0.6992860289644274,0.6996676578625154,2366000000,8
1187585760000,1187586239000,0.6996676578625154,0.6998243440896335,0.6994180841539839,0.6996187078042467,3409000000,8
1187586240000,1187586719000,0.6997215108386862,0.6997215108386862,0.6992860289644274,0.6992860289644274,4697000000,8
1187586720000,1187587199000,0.6994865768525903,0.6994865768525903,0.6987583064893683,0.6988266700210346,2587000000,8
1187587200000,1187587679000,0.6988755093055273,0.699149135502094,0.6987583064893683,0.6987583064893683,6304000000,8
1187587680000,1187588159000,0.6988120195667366,0.6992469110767703,0.6988120195667366,0.6992469110767703,3216000000,8
1187588160000,1187588639000,0.6992958091202159,0.6993496048674733,0.6990758217636285,0.6991393594485188,2977000000,8
1187588640000,1187589119000,0.6991393594485188,0.6993642778714149,0.6991002579679952,0.6991002579679952,7198000000,8
1187589120000,1187589599000,0.6991002579679952,0.7003831095609299,0.6989145856484879,0.699839037021485,3373000000,8
1187589600000,1187590079000,0.6998635266123107,0.6999664016127226,0.699242021648533,0.6997019269791069,7740000000,8
1187590080000,1187590559000,0.6995697645947742,0.7000301012943557,0.6994767913600627,0.699765578531192,6260000000,8
1187590560000,1187591039000,0.6998292416650338,0.7002899200268912,0.6996333921025383,0.6999321065856612,8474000000,8
1187591040000,1187591519000,0.6999321065856612,0.7007070133764969,0.6999076121951903,0.7006137376341676,7243000000,8
1187591520000,1187591999000,0.7006677363527442,0.7006677363527442,0.7000742078660338,0.7003242501278092,6822000000,8
1187592000000,1187592479000,0.7003242501278092,0.7005253940455342,0.6995991296986827,0.7001624376855431,2584000000,8
1187592480000,1187592959000,0.7001918525676035,0.7008396058478057,0.6999566026906332,0.7005057651624472,5476000000,8
1187592960000,1187593439000,0.7005597472380433,0.7006971937077392,0.7003634886506097,0.7006382814744232,4647000000,8
1187593440000,1187593919000,0.7005842872956045,0.7007168333204868,0.6999811005102863,0.7000350017500875,4444000000,8
1187593920000,1187594399000,0.7000350017500875,0.7000840100812098,0.6992909190081257,0.699491469701527,6699000000,8
1187594400000,1187594879000,0.699491469701527,0.7000350017500875,0.699422976044763,0.6997998572408292,11302000000,8
1187594880000,1187595359000,0.6997508886836287,0.7001183199960793,0.6993300418199365,0.6999076121951903,12791000000,8
1187595360000,1187595839000,0.6999076121951903,0.7001477311712772,0.6991833538427117,0.7000938125708845,8311000000,8
1187595840000,1187596319000,0.7000693068613792,0.7008985519435917,0.6997851659540522,0.7008346941206978,9451000000,8
1187596320000,1187596799000,0.7008346941206978,0.7008346941206978,0.6995012556047538,0.6998978149190218,17091000000,8
1187596800000,1187597279000,0.6998978149190218,0.7001771448176388,0.6993642778714149,0.7000301012943557,12867000000,8
1187597280000,1187597759000,0.7000301012943557,0.7002604969048486,0.6995648706504555,0.700206560935476,8204000000,8
1187597760000,1187598239000,0.700206560935476,0.7002310762551642,0.6994572211963516,0.6997557852309544,9272000000,8
1187598240000,1187598719000,0.6997557852309544,0.6997851659540522,0.6977441930239536,0.6990025233991095,11707000000,8
1187598720000,1187599199000,0.6989341254586755,0.6998586285570315,0.6986997198214123,0.6998047544735019,9348000000,8
1187599200000,1187599679000,0.6998047544735019,0.7002310762551642,0.6991638000950863,0.7002310762551642,6234000000,8
1187599680000,1187600159000,0.7002310762551642,0.7002310762551642,0.698714365567356,0.6989780940265332,9376000000,8
1187600160000,1187600639000,0.6989780940265332,0.6993593868016896,0.6988852779816194,0.6991735768321843,7441000000,8
1187600640000,1187601119000,0.6991100329280825,0.6997019269791069,0.6985581759248911,0.6986753116091889,5437000000,8
1187601120000,1187601599000,0.6986753116091889,0.6988462049156842,0.698343529148859,0.6985435367259264,4327000000,8
1187601600000,1187602079000,0.6986118582376817,0.6993887342462687,0.6985191394244202,0.6990855960403792,2634000000,8
1187602080000,1187602559000,0.6990855960403792,0.6992322429971891,0.6986801931152054,0.6991784653032687,4304000000,8
1187602560000,1187603039000,0.6992566901383829,0.699638287005618,0.6990611608609637,0.6993887342462687,5957000000,8
1187603040000,1187603519000,0.6993887342462687,0.7003634886506097,0.6992566901383829,0.6998488326521471,9228000000,8
1187603520000,1187603999000,0.6998831195190404,0.7003389640586043,0.6996480770172604,0.6999272075704127,8257000000,8
1187604000000,1187604479000,0.6999272075704127,0.7000693068613792,0.6995110417817946,0.6996529721258256,8710000000,8
1187604480000,1187604959000,0.6996774486961511,0.6997851659540522,0.6993153702525228,0.6994327600316144,7834000000,8
1187604960000,1187605439000,0.6995355084224075,0.6996921354603974,0.6991002579679952,0.6992664694735223,5019000000,8
1187605440000,1187605919000,0.6993985172751433,0.6994523288265289,0.6986216195446384,0.6989097008666479,8129000000,8
1187605920000,1187606399000,0.6988462049156842,0.6993202607065933,0.6987876035079138,0.6993202607065933,3566000000,8
1187606400000,1187606879000,0.6993202607065933,0.7000448028673836,0.699242021648533,0.6998194465827816,5645000000,8
1187606880000,1187607359000,0.69995170333247,0.7000056000448003,0.6995061486590467,0.6995061486590467,6975000000,8
1187607360000,1187607839000,0.6995061486590467,0.6996872398038076,0.6986557862672219,0.699422976044763,3696000000,8
1187607840000,1187608319000,0.699422976044763,0.6999811005102863,0.6991931311266798,0.6993104798668512,5650000000,8
1187608320000,1187608799000,0.6992322429971891,0.6996676578625154,0.6990465005732182,0.6991638000950863,5277000000,8
1187608800000,1187609279000,0.6992175755329786,0.6992175755329786,0.6986313811243773,0.6988266700210346,4993000000,8
1187609280000,1187609759000,0.6988803936094377,0.7002604969048486,0.6987583064893683,0.7000448028673836,3815000000,8
1187609760000,1187610239000,0.7000448028673836,0.700216366857359,0.6993789514910759,0.6996138131751274,7295000000,8
1187610240000,1187610719000,0.6996431819771917,0.6996431819771917,0.6991198081615246,0.6991686884294575,3884000000,8
1187610720000,1187611199000,0.6991686884294575,0.6994083005777112,0.6990025233991095,0.6990513872674781,3379000000,8
1187611200000,1187611679000,0.6991198081615246,0.6992224646193432,0.6987729546915616,0.6987729546915616,4910000000,8
1187611680000,1187612159000,0.6987094835838207,0.6995844468385779,0.698616738857063,0.6992566901383829,12582000000,8
1187612160000,1187612639000,0.6993202607065933,0.6996627625484516,0.6989292404037015,0.6993544958003762,3916000000,8
1187612640000,1187613119000,0.6993544958003762,0.7004910442219996,0.6992518005733865,0.7002408828637051,5431000000,8
1187613120000,1187613599000,0.7002408828637051,0.7003487736892973,0.6996872398038076,0.6999664016127226,3018000000,8
1187613600000,1187614079000,0.6999664016127226,0.7005204867216341,0.6995208282326606,0.7002703043374743,5470000000,8
1187614080000,1187614559000,0.7003340593463081,0.7016608311874206,0.7001379271716528,0.7014344334163364,2970000000,8
1187614560000,1187615039000,0.7014984005836468,0.7024297043473374,0.7011688484704002,0.7013065340729779,4058000000,8
1187615040000,1187615519000,0.7013065340729779,0.7015426923805448,0.7010852800134608,0.7013655587428724,6892000000,8
1187615520000,1187615999000,0.7013655587428724,0.7015525357616405,0.700481230605426,0.7005793791465542,7771000000,8
1187616000000,1187616479000,0.7005793791465542,0.7007855806358928,0.7002261730538965,0.7003291547027103,7017000000,8
1187616480000,1187616959000,0.7003291547027103,0.7009329417454632,0.700020300588717,0.7005793791465542,10365000000,8
1187616960000,1187617439000,0.7005793791465542,0.7008150479007086,0.6999811005102863,0.7002997282837055,14672000000,8
1187617440000,1187617919000,0.7002948241209549,0.7008199593524423,0.7000399022744296,0.700741384384679,13954000000,8
1187617920000,1187618399000,0.7006628270343745,0.700928028710012,0.7003487736892973,0.7006677363527442,14307000000,8
1187618400000,1187618879000,0.7006677363527442,0.7007168333204868,0.6993593868016896,0.7002604969048486,17198000000,8
1187618880000,1187619359000,0.7002604969048486,0.7003487736892973,0.6998831195190404,0.7001134183737766,10814000000,8
1187619360000,1187619839000,0.7001134183737766,0.7010115596806191,0.6997606818468084,0.7008248708730176,9156000000,8
1187619840000,1187620319000,0.7008248708730176,0.7010361314022124,0.7004419788886788,0.7006628270343745,6389000000,8
1187620320000,1187620799000,0.7006382814744232,0.7008887269057165,0.7004272606289837,0.7005990121553929,14828000000,8
1187620800000,1187621279000,0.7005990121553929,0.7008494295085643,0.7004321666468212,0.7006628270343745,18985000000,8
1187621280000,1187621759000,0.7006333725688021,0.701208181697064,0.7005106722800922,0.7007217433956976,16768000000,8
1187621760000,1187622239000,0.7007217433956976,0.7014885587216072,0.700643190448832,0.7013704779138437,17541000000,8
1187622240000,1187622719000,0.7013163708280442,0.7014737964463338,0.7007757587649528,0.7011000259407009,17331000000,8
1187622720000,1187623199000,0.7011000259407009,0.7016214471643969,0.7008592534447232,0.7010901952536194,12906000000,8
1187623200000,1187623679000,0.7010901952536194,0.701562379418966,0.7009575079558678,0.7014393535534917,16393000000,8
1187623680000,1187624159000,0.7014393535534917,0.7016165244723843,0.7011885145321319,0.7013212893090582,15914000000,8
1187624160000,1187624639000,0.7013212893090582,0.7018430398225741,0.701075449739901,0.701208181697064,10111000000,8
1187624640000,1187625119000,0.7011442674444694,0.7016165244723843,0.7010901952536194,0.701508242721852,8463000000,8
1187625120000,1187625599000,0.701508242721852,0.701877522372346,0.701252436852218,0.7017051434987018,24277000000,8
1187625600000,1187626079000,0.7017297638679345,0.7017839347621654,0.7011246038645988,0.7012426018905501,14555000000,8
1187626080000,1187626559000,0.7012426018905501,0.7017642352875129,0.7010508752620177,0.7012917794577612,17763000000,8
1187626560000,1187627039000,0.7012376845131657,0.7017002196321687,0.7011786813633719,0.7014787171357222,12957000000,8
1187627040000,1187627519000,0.7015033216182278,0.7016706778840419,0.7011147724882564,0.7012721076031921,8543000000,8
1187627520000,1187627999000,0.7012721076031921,0.701508242721852,0.7011885145321319,0.7014639552746582,6622000000,8
1187628000000,1187628479000,0.7014639552746582,0.701572223352533,0.7013311264780554,0.7014885587216072,5877000000,8
1187628480000,1187628959000,0.7014885587216072,0.701572223352533,0.7012671898119902,0.7015230064469964,6574000000,8
1187628960000,1187629439000,0.7015230064469964,0.7018578176433018,0.7011344355166659,0.7015180851362348,9366000000,8
1187629440000,1187629919000,0.7015180851362348,0.7018036353428311,0.7013262078590615,0.7014295133482037,7138000000,8
1187629920000,1187630399000,0.7013753971538187,0.7014984005836468,0.7011246038645988,0.7013409639230208,7082000000,8
1187630400000,1187630879000,0.7013065340729779,0.7017002196321687,0.7012819433925216,0.7014934796181069,4055000000,8
1187630880000,1187631359000,0.7015180851362348,0.7016460616606559,0.7011196881419627,0.701591912048438,9079000000,8
1187631360000,1187631839000,0.7015426923805448,0.7015426923805448,0.7011098569034783,0.7012032648024009,4008000000,8
1187631840000,1187632319000,0.7012032648024009,0.7014049140428278,0.7010066455429997,0.701296697593851,7095000000,8
1187632320000,1187632799000,0.701296697593851,0.7016608311874206,0.7011885145321319,0.7015426923805448,4267000000,8
1187632800000,1187633279000,0.7014639552746582,0.7015820675623532,0.7012917794577612,0.7013704779138437,2917000000,8
1187633280000,1187633759000,0.7013704779138437,0.7016854484471701,0.7013163708280442,0.7015673013512186,5177000000,8
1187633760000,1187634239000,0.7015033216182278,0.7016214471643969,0.7014344334163364,0.7014639552746582,2916000000,8
1187634240000,1187634719000,0.7014639552746582,0.7017346881491046,0.7011540996480207,0.7013655587428724,6878000000,8
1187634720000,1187635199000,0.7013655587428724,0.7016903721064043,0.7011098569034783,0.7012278499652892,12907000000,8
1187635200000,1187635679000,0.7011590158532054,0.7013065340729779,0.700643190448832,0.7008936393902225,6370000000,8
1187635680000,1187636159000,0.700854341442218,0.7015574575557738,0.7008297824624355,0.701419673419,8967000000,8
1187636160000,1187636639000,0.701419673419,0.7023705004389815,0.7012475193369004,0.7023705004389815,10311000000,8
1187636640000,1187637119000,0.7023705004389815,0.7025975029684745,0.7016854484471701,0.7024889182373147,13508000000,8
1187637120000,1187637599000,0.7024247703071002,0.7030914932960226,0.7022274655206314,0.702933340831289,9090000000,8
1187637600000,1187638079000,0.702933340831289,0.7029580474637274,0.7018923016452355,0.7020056300851533,8958000000,8
1187638080000,1187638559000,0.7020549147354306,0.7023458350891979,0.7014541143791079,0.70194649763795,11910000000,8
1187638560000,1187639039000,0.70194649763795,0.7029728722768588,0.7019169351498943,0.7025185289262004,9150000000,8
1187639040000,1187639519000,0.7025185289262004,0.7042501496531568,0.7023853004804315,0.7038783698176955,10796000000,8
1187639520000,1187639999000,0.7038090143858562,0.7039972966503808,0.7031755407419908,0.7033189621825394,8705000000,8
1187640000000,1187640479000,0.7033189621825394,0.7034228556154246,0.7028938138315445,0.7032249898032377,5377000000,8
1187640480000,1187640959000,0.7031705962183485,0.703358537014243,0.7029036951647254,0.7031112673580594,2407000000,8
1187640960000,1187641439000,0.7031112673580594,0.7031953195319532,0.7030074659392882,0.7031013801880094,1488000000,8
1187641440000,1187641919000,0.7031260986345291,0.7032596082843982,0.7030766634793858,0.7032596082843982,1975000000,8
1187641920000,1187642399000,0.7032596082843982,0.7036802476954471,0.7032596082843982,0.7034129596803691,4597000000,8
1187642400000,1187642879000,0.7034129596803691,0.7034426483208823,0.7025333352067556,0.7025333352067556,3126000000,8
1187642880000,1187643359000,0.7025629496402878,0.7026814323458317,0.7022619858564436,0.702321171471714,2333000000,8
1187643360000,1187643839000,0.7024741138289053,0.7032249898032377,0.702321171471714,0.7028839327761807,1855000000,8
1187643840000,1187644319000,0.7028839327761807,0.7033239087929555,0.7026616824531324,0.7033239087929555,510000000,8
1187644320000,1187644799000,0.7033239087929555,0.7037099589033383,0.7031359864997891,0.703640636654048,398000000,8
1187644800000,1187645279000,0.703591129123044,0.703640636654048,0.7030420630066296,0.7031359864997891,459000000,8
1187645280000,1187645759000,0.7032052093441907,0.7034772882357493,0.7031755407419908,0.7034772882357493,852000000,8
1187645760000,1187646239000,0.7034129596803691,0.7035168808875569,0.7024543755883055,0.7027752594997646,1109000000,8
1187646240000,1187646719000,0.7027752594997646,0.7033832735457551,0.7027209354621092,0.7031755407419908,141000000,8
1187646720000,1187647199000,0.7031755407419908,0.7036257836632165,0.7030420630066296,0.7031755407419908,246000000,8
1187647200000,1187647679000,0.7031755407419908,0.7038783698176955,0.7030717203461925,0.7031211548061846,293000000,8
1187647680000,1187648159000,0.7031211548061846,0.7031755407419908,0.7030568913636491,0.7031755407419908,286000000,8
1187648160000,1187648639000,0.7036307345904869,0.7037297677691766,0.7030025237790604,0.7030025237790604,791000000,8
1187648640000,1187649119000,0.7030025237790604,0.7031211548061846,0.7028493512700488,0.7029926396670627,1757000000,8
1187649120000,1187649599000,0.7029283997132052,0.7030074659392882,0.7027950157777481,0.7029580474637274,2057000000,8
1187649600000,1187650079000,0.7029580474637274,0.7031656517642426,0.7029036951647254,0.7030321777827772,2332000000,8
1187650080000,1187650559000,0.7030321777827772,0.7030321777827772,0.7026567451534251,0.7028246522775032,2283000000,8
1187650560000,1187651039000,0.7028246522775032,0.7031310425323968,0.7027604430201833,0.7031310425323968,1800000000,8
1187651040000,1187651519000,0.7031310425323968,0.7031310425323968,0.7027851374999122,0.7027851374999122,1444000000,8
1187651520000,1187651999000,0.7027851374999122,0.7028987544634071,0.7023162389560772,0.7026123125781656,5531000000,8
1187652000000,1187652479000,0.7026814323458317,0.7027950157777481,0.7022669176100452,0.7024001011456146,3832000000,8
1187652480000,1187652959000,0.7024001011456146,0.7026616824531324,0.7022817132864678,0.7023853004804315,3131000000,8
1187652960000,1187653439000,0.7023853004804315,0.7025678856219483,0.7021978793624044,0.7024001011456146,1730000000,8
1187653440000,1187653919000,0.7024001011456146,0.7029185176854299,0.7023458350891979,0.7028641714988578,1533000000,8
1187653920000,1187654399000,0.7028641714988578,0.7029827558329994,0.7027604430201833,0.7028641714988578,3935000000,8
1187654400000,1187654879000,0.7027604430201833,0.7029679306030059,0.7026913077085236,0.7027703206038202,3947000000,8
1187654880000,1187655359000,0.7028197126873014,0.7028345316662099,0.7024889182373147,0.7026369966484215,4666000000,8
1187655360000,1187655839000,0.7026369966484215,0.7027505657142055,0.7022077411381383,0.7022422595346943,8988000000,8
1187655840000,1187656319000,0.7022422595346943,0.7023902339661869,0.7020844888473878,0.7023359694343385,4293000000,8
1187656320000,1187656799000,0.7023359694343385,0.7023359694343385,0.7017002196321687,0.7018430398225741,2224000000,8
1187656800000,1187657279000,0.7018430398225741,0.7019760626162648,0.7014934796181069,0.7014934796181069,3213000000,8
1187657280000,1187657759000,0.7015476140365647,0.7018873751517831,0.7014934796181069,0.7018331882878077,3192000000,8
1187657760000,1187658239000,0.7018331882878077,0.7018331882878077,0.7013901552877804,0.7013901552877804,3141000000,8
1187658240000,1187658719000,0.7013901552877804,0.7017888598036395,0.7013212893090582,0.7017199155129221,4321000000,8
1187658720000,1187659199000,0.7017740848865933,0.7019317160826595,0.7015869897708616,0.7019317160826595,2752000000,8
1187659200000,1187659679000,0.7019317160826595,0.702000702000702,0.7017248396558742,0.7018430398225741,4458000000,8
1187659680000,1187660159000,0.7018430398225741,0.7019612798158054,0.7014737964463338,0.701808560660823,4964000000,8
1187660160000,1187660639000,0.7015426923805448,0.7016756013359904,0.701213098660683,0.7013852358407855,3700000000,8
1187660640000,1187661119000,0.7014393535534917,0.7014885587216072,0.7011885145321319,0.701252436852218,2220000000,8
1187661120000,1187661599000,0.701252436852218,0.7014393535534917,0.700991903543514,0.7011246038645988,2624000000,8
1187661600000,1187662079000,0.7011246038645988,0.7012819433925216,0.7009771621640567,0.701095110562699,4936000000,8
1187662080000,1187662559000,0.701095110562699,0.7016559079427449,0.7010459605731753,0.7015377707935795,5271000000,8
1187662560000,1187663039000,0.7015377707935795,0.7016017568107991,0.7013409639230208,0.7014590347923682,2437000000,8
1187663040000,1187663519000,0.7014098337658694,0.701562379418966,0.7013262078590615,0.7013557206079352,2328000000,8
1187663520000,1187663999000,0.7013557206079352,0.7015771454229107,0.701208181697064,0.7013950748037847,2673000000,8
1187664000000,1187664479000,0.7014442737596712,0.7014984005836468,0.7011442674444694,0.7013655587428724,2432000000,8
1187664480000,1187664959000,0.7013655587428724,0.7020549147354306,0.7013655587428724,0.7018036353428311,2333000000,8
1187664960000,1187665439000,0.7018036353428311,0.7020154864616314,0.7017494614072883,0.7018282626241359,1103000000,8
1187665440000,1187665919000,0.7018282626241359,0.7020401286137515,0.7018282626241359,0.7020253431148864,2025000000,8
1187665920000,1187666399000,0.701971134946931,0.7020746305332257,0.7016805248570326,0.7017839347621654,3249000000,8
1187666400000,1187666879000,0.7019021548396153,0.7019267890359036,0.7014393535534917,0.7014393535534917,1483000000,8
1187666880000,1187667359000,0.7014934796181069,0.7017297638679345,0.7013016157989228,0.7013016157989228,4595000000,8
1187667360000,1187667839000,0.7013016157989228,0.7018578176433018,0.7011295196561661,0.7014737964463338,2883000000,8
1187667840000,1187668319000,0.7014737964463338,0.7016460616606559,0.701252436852218,0.7013557206079352,2874000000,8
1187668320000,1187668799000,0.7013065340729779,0.7016165244723843,0.7011196881419627,0.7016165244723843,3235000000,8
1187668800000,1187669279000,0.7016165244723843,0.7016706778840419,0.701483637894146,0.701483637894146,2523000000,8
1187669280000,1187669759000,0.701483637894146,0.7018036353428311,0.7013508016439662,0.7015869897708616,3771000000,8
1187669760000,1187670239000,0.7015869897708616,0.7016903721064043,0.7013803164627989,0.701483637894146,3559000000,8
1187670240000,1187670719000,0.701483637894146,0.701483637894146,0.7009575079558678,0.7010115596806191,1674000000,8
1187670720000,1187671199000,0.7010115596806191,0.7014147535579264,0.7010115596806191,0.7013606396409033,3930000000,8
1187671200000,1187671679000,0.7014147535579264,0.7015673013512186,0.7011885145321319,0.7011885145321319,4191000000,8
1187671680000,1187672159000,0.7011885145321319,0.7013065340729779,0.7008887269057165,0.7011786813633719,2332000000,8
1187672160000,1187672639000,0.7011786813633719,0.7012573544365046,0.700991903543514,0.7011393514461,3169000000,8
1187672640000,1187673119000,0.7011885145321319,0.7013508016439662,0.7009968174744488,0.7010508752620177,3385000000,8
1187673120000,1187673599000,0.7010508752620177,0.701311452416018,0.7009575079558678,0.70102630250687,2237000000,8
1187673600000,1187674079000,0.701075449739901,0.7016608311874206,0.700928028710012,0.7012376845131657,3832000000,8
1187674080000,1187674559000,0.7012376845131657,0.7013704779138437,0.7010803648422219,0.7011885145321319,5188000000,8
1187674560000,1187675039000,0.7011885145321319,0.7014737964463338,0.7009820758883196,0.7014737964463338,3955000000,8
1187675040000,1187675519000,0.7015279278268068,0.7015279278268068,0.7008396058478057,0.7012868613906518,8559000000,8
1187675520000,1187675999000,0.7012868613906518,0.7018134860479479,0.7012327672047459,0.7014984005836468,5704000000,8
1187676000000,1187676479000,0.7014295133482037,0.7021288546874123,0.7014295133482037,0.7019415703836812,5118000000,8
1187676480000,1187676959000,0.7019415703836812,0.7020105582387959,0.701424593349092,0.7017494614072883,5565000000,8
1187676960000,1187677439000,0.7017494614072883,0.701971134946931,0.701311452416018,0.701311452416018,8371000000,8
1187677440000,1187677919000,0.7012475193369004,0.701483637894146,0.7011098569034783,0.7013655587428724,5498000000,8
1187677920000,1187678399000,0.7013655587428724,0.7013655587428724,0.7006873743142022,0.7008887269057165,11973000000,8
1187678400000,1187678879000,0.7008887269057165,0.700991903543514,0.699462113634615,0.7003340593463081,13762000000,8
1187678880000,1187679359000,0.7002703043374743,0.7003732989683501,0.6998684247361495,0.700216366857359,14315000000,8
1187679360000,1187679839000,0.7002703043374743,0.7004763239002522,0.7000448028673836,0.7003193456216034,13730000000,8
1187679840000,1187680319000,0.7002703043374743,0.7004272606289837,0.6999958000251999,0.7001281234465907,13348000000,8
1187680320000,1187680799000,0.7002310762551642,0.7005695630547635,0.6995697645947742,0.7001869499156275,12736000000,8
1187680800000,1187681279000,0.7003193456216034,0.7005548394328308,0.6999223086237427,0.7000301012943557,15680000000,8
1187681280000,1187681759000,0.7000301012943557,0.7003487736892973,0.6996431819771917,0.6998243440896335,14803000000,8
1187681760000,1187682239000,0.6998243440896335,0.7000987139186625,0.699149135502094,0.6992469110767703,15976000000,8
1187682240000,1187682719000,0.6992469110767703,0.6996578673028888,0.6988022529384635,0.6991833538427117,13546000000,8
1187682720000,1187683199000,0.6991833538427117,0.699462113634615,0.6989780940265332,0.699134471524253,7588000000,8
1187683200000,1187683679000,0.6992126865149841,0.6992811389891191,0.6989634372225989,0.6990171818423297,11005000000,8
1187683680000,1187684159000,0.6990171818423297,0.6992273537740796,0.6989097008666479,0.6991100329280825,10062000000,8
1187684160000,1187684639000,0.6991100329280825,0.6997068228412295,0.6990758217636285,0.6993985172751433,8105000000,8
1187684640000,1187685119000,0.6993985172751433,0.6997166147710178,0.6990025233991095,0.6993985172751433,6946000000,8
1187685120000,1187685599000,0.6993985172751433,0.6993985172751433,0.6987534238917771,0.6988852779816194,4982000000,8
1187685600000,1187686079000,0.6988852779816194,0.6993153702525228,0.6988169029832494,0.6990660477601924,8034000000,8
1187686080000,1187686559000,0.6990660477601924,0.699711718771866,0.6989487810333259,0.6992273537740796,11376000000,8
1187686560000,1187687039000,0.6990269544793647,0.6994523288265289,0.6988120195667366,0.6990758217636285,15098000000,8
1187687040000,1187687519000,0.6990074094785405,0.6990758217636285,0.6977636674458362,0.6980412961230786,12251000000,8
1187687520000,1187687999000,0.6981046458864184,0.6984605928533512,0.6978561857972309,0.6981923799283655,8489000000,8
1187688000000,1187688479000,0.698221629509639,0.6985972167886882,0.6981826306125156,0.6984801072865444,9343000000,8
1187688480000,1187688959000,0.6986118582376817,0.6990269544793647,0.6983874234392787,0.6984654713594233,13502000000,8
1187688960000,1187689439000,0.6984654713594233,0.6992469110767703,0.6984118115405568,0.6989732083569237,8695000000,8
1187689440000,1187689919000,0.6989194704986091,0.6997606818468084,0.698616738857063,0.6988169029832494,11298000000,8
1187689920000,1187690399000,0.6988169029832494,0.6990074094785405,0.6978172277117177,0.69799744532935,9050000000,8
1187690400000,1187690879000,0.69799744532935,0.6986948380425365,0.6977441930239536,0.6986460240054774,6847000000,8
1187690880000,1187691359000,0.6986460240054774,0.6991149205106335,0.6984459577440195,0.6987094835838207,5191000000,8
1187691360000,1187691839000,0.6987094835838207,0.6990513872674781,0.698289888064131,0.6990513872674781,9893000000,8
1187691840000,1187692319000,0.6990513872674781,0.6998243440896335,0.6987485413624199,0.6991198081615246,11821000000,8
1187692320000,1187692799000,0.699188242450515,0.7000399022744296,0.6988803936094377,0.6991980198712078,12830000000,8
1187692800000,1187693279000,0.6992273537740796,0.6992762490821999,0.6984801072865444,0.6986997198214123,8430000000,8
1187693280000,1187693759000,0.6986997198214123,0.6996725532450813,0.6982655084769432,0.6982655084769432,3500000000,8
1187693760000,1187694239000,0.6983337756113912,0.699134471524253,0.6973938392228243,0.6981192666955223,12223000000,8
1187694240000,1187694719000,0.698070533046659,0.6983776686756664,0.6968543992418225,0.6970001115200178,9471000000,8
1187694720000,1187695199000,0.6970001115200178,0.6979487286863907,0.6969466766097726,0.6973695221624034,4986000000,8
1187695200000,1187695679000,0.6973695221624034,0.6984947438270527,0.6972674090240348,0.6983630370411754,8724000000,8
1187695680000,1187696159000,0.6983630370411754,0.6986313811243773,0.6974473427256243,0.6986313811243773,15940000000,8
1187696160000,1187696639000,0.6986313811243773,0.6991198081615246,0.6984069337840386,0.6986460240054774,8153000000,8
1187696640000,1187697119000,0.6985776958113281,0.6986313811243773,0.697880536809709,0.6982947641858581,5487000000,8
1187697120000,1187697599000,0.6982947641858581,0.6990220681266908,0.6981095194214069,0.6989292404037015,10577000000,8
1187697600000,1187698079000,0.6989048161530882,0.6991931311266798,0.6985386571292855,0.6990513872674781,9203000000,8
1187698080000,1187698559000,0.699144247441132,0.6996627625484516,0.6990122956262801,0.699422976044763,18667000000,8
1187698560000,1187699039000,0.6993936257264951,0.6996284972679507,0.6991246958807572,0.6994670061413204,25605000000,8
1187699040000,1187699519000,0.6993985172751433,0.7000056000448003,0.6975981695024033,0.6982703842581924,23063000000,8
1187699520000,1187699999000,0.6983386523460687,0.6989145856484879,0.6982850120105022,0.6984947438270527,17578000000,8
1187700000000,1187700479000,0.6984947438270527,0.6989829797644428,0.6983923009232746,0.6988120195667366,11600000000,8
1187700480000,1187700959000,0.6988120195667366,0.6991246958807572,0.6986118582376817,0.6987973697267004,12562000000,8
1187700960000,1187701439000,0.6987973697267004,0.6989292404037015,0.6983630370411754,0.6987583064893683,13092000000,8
1187701440000,1187701919000,0.6987583064893683,0.6987924865831843,0.698289888064131,0.6984801072865444,12200000000,8
1187701920000,1187702399000,0.6987436589012954,0.69995170333247,0.6983240223463687,0.6997313031795791,17661000000,8
1187702400000,1187702879000,0.6997313031795791,0.7001820473323065,0.6995991296986827,0.7001281234465907,14980000000,8
1187702880000,1187703359000,0.7001281234465907,0.7005106722800922,0.7000105001575023,0.7003929204283603,21595000000,8
1187703360000,1187703839000,0.7003929204283603,0.7007364740342099,0.7002899200268912,0.7003536786076968,21269000000,8
1187703840000,1187704319000,0.7004223546798719,0.701075449739901,0.7001918525676035,0.7002457862709811,26035000000,8
1187704320000,1187704799000,0.7002457862709811,0.7005842872956045,0.6999566026906332,0.7004370727333856,26723000000,8
1187704800000,1187705279000,0.7003732989683501,0.7013262078590615,0.7002703043374743,0.7010459605731753,26726000000,8
1187705280000,1187705759000,0.7010705347064968,0.7011786813633719,0.7005253940455342,0.700643190448832,20035000000,8
1187705760000,1187706239000,0.7005744710662744,0.7012671898119902,0.7003585835948005,0.7011049413876269,29271000000,8
1187706240000,1187706719000,0.7009869896814714,0.7010410459532406,0.7004861373793412,0.7007119233140872,32437000000,8
1187706720000,1187707199000,0.7006480994920302,0.7011639321273314,0.7006186462646516,0.7007561158490011,18790000000,8
1187707200000,1187707679000,0.7007561158490011,0.7013950748037847,0.7005548394328308,0.7011491835117758,24008000000,8
1187707680000,1187708159000,0.7011491835117758,0.7013311264780554,0.7002212699212951,0.7002899200268912,20168000000,8
1187708160000,1187708639000,0.7002899200268912,0.7006333725688021,0.6998096517747173,0.7002997282837055,18635000000,8
1187708640000,1187709119000,0.7002997282837055,0.7005842872956045,0.6991833538427117,0.6995012556047538,22409000000,8
1187709120000,1187709599000,0.699471898716469,0.7000791089393101,0.6992371322886731,0.699765578531192,17619000000,8
1187709600000,1187710079000,0.6997313031795791,0.7004419788886788,0.6996529721258256,0.7001183199960793,27893000000,8
1187710080000,1187710559000,0.7000497035289506,0.7001477311712772,0.6993593868016896,0.6995110417817946,29209000000,8
1187710560000,1187711039000,0.6995355084224075,0.6997998572408292,0.6993593868016896,0.6996676578625154,20460000000,8
1187711040000,1187711519000,0.6996187078042467,0.6997068228412295,0.6987338941837391,0.6993642778714149,24036000000,8
1187711520000,1187711999000,0.6993642778714149,0.6995452955578874,0.6990465005732182,0.6994963626189143,14805000000,8
1187712000000,1187712479000,0.6994963626189143,0.6996970311854968,0.6994670061413204,0.6995599767746088,9956000000,8
1187712480000,1187712959000,0.6996284972679507,0.6996284972679507,0.6989048161530882,0.6992469110767703,5816000000,8
1187712960000,1187713439000,0.6992469110767703,0.6995501892283262,0.6982557571187175,0.698431323247985,14137000000,8
1187713440000,1187713919000,0.698431323247985,0.698714365567356,0.6980023173676937,0.6982313799146761,9369000000,8
1187713920000,1187714399000,0.6982313799146761,0.6986948380425365,0.6980169338908162,0.6985825759533906,1965000000,8
1187714400000,1187714879000,0.6985825759533906,0.6985923364420693,0.6977490615275123,0.6978367062107467,6347000000,8
1187714880000,1187715359000,0.6977685362211646,0.6980169338908162,0.6977149834292692,0.6977831429548325,4675000000,8
1187715360000,1187715839000,0.6978513157986559,0.6983581599659202,0.6977344562206514,0.6983337756113912,4493000000,8
1187715840000,1187716319000,0.6983337756113912,0.6986557862672219,0.6981095194214069,0.6985923364420693,597000000,8
1187716320000,1187716799000,0.6985630557942313,0.6988022529384635,0.698250881541738,0.698343529148859,8973000000,8
1187716800000,1187717279000,0.698343529148859,0.6989438957734863,0.698250881541738,0.6987485413624199,6214000000,8
1187717280000,1187717759000,0.6987485413624199,0.6988803936094377,0.6983142693537799,0.6985630557942313,6565000000,8
1187717760000,1187718239000,0.6985386571292855,0.698616738857063,0.6977003795490064,0.6982703842581924,13912000000,8
1187718240000,1187718719000,0.6982460060328455,0.698431323247985,0.6979097602679973,0.6980461687736027,8459000000,8
1187718720000,1187719199000,0.6980461687736027,0.6980607871333436,0.6976030359684124,0.6977198515252155,7852000000,8
1187719200000,1187719679000,0.697588436774072,0.6978513157986559,0.6974473427256243,0.6976955117247731,6616000000,8
1187719680000,1187720159000,0.6976419701409237,0.6978513157986559,0.697627369316953,0.6977344562206514,5275000000,8
1187720160000,1187720639000,0.6977831429548325,0.6978123582568647,0.6976030359684124,0.6976955117247731,12414000000,8
1187720640000,1187721119000,0.6977441930239536,0.6982703842581924,0.6976809086596155,0.6981533842985304,6148000000,8
1187721120000,1187721599000,0.6981533842985304,0.6981533842985304,0.6975641061413544,0.6975641061413544,4514000000,8
1187721600000,1187722079000,0.6975349116223267,0.6976955117247731,0.6970681314391669,0.6972382393339981,2714000000,8
1187722080000,1187722559000,0.6972382393339981,0.697588436774072,0.6971215849756356,0.6975008544385467,7735000000,8
1187722560000,1187723039000,0.6975251806590218,0.6980120616484253,0.6974570715172481,0.6976955117247731,6710000000,8
1187723040000,1187723519000,0.6977636674458362,0.6979584714709475,0.6976614388569515,0.6977247196890939,4219000000,8
1187723520000,1187723999000,0.6976614388569515,0.6979584714709475,0.6976614388569515,0.6979584714709475,3473000000,8
1187724000000,1187724479000,0.6978951482329295,0.6980266785796554,0.6976711736224482,0.6977977503000531,1872000000,8
1187724480000,1187724959000,0.6977636674458362,0.6980656600559848,0.6977490615275123,0.6979584714709475,5444000000,8
1187724960000,1187725439000,0.6980120616484253,0.6980754061053676,0.6978026195510337,0.6980120616484253,4366000000,8
1187725440000,1187725919000,0.6979438573961111,0.6983727913960472,0.6977344562206514,0.6982850120105022,4199000000,8
1187725920000,1187726399000,0.6982850120105022,0.6985191394244202,0.6980607871333436,0.6981631327976094,6249000000,8
1187726400000,1187726879000,0.6981387620603471,0.6982703842581924,0.69799744532935,0.6981533842985304,2521000000,8
1187726880000,1187727359000,0.698090025689713,0.6983386523460687,0.6980461687736027,0.6981777560566921,1133000000,8
1187727360000,1187727839000,0.6980461687736027,0.6983240223463687,0.6979584714709475,0.6982167544092388,1013000000,8
1187727840000,1187728319000,0.6982167544092388,0.6985045018615145,0.6981631327976094,0.6983484060197632,2446000000,8
1187728320000,1187728799000,0.6983484060197632,0.6985728157374484,0.6981631327976094,0.6983532829587832,759000000,8
1187728800000,1187729279000,0.6983240223463687,0.699031840900353,0.6982996403756851,0.6989683227556127,2020000000,8
1187729280000,1187729759000,0.6988364373318425,0.6989145856484879,0.6985337776008159,0.6987973697267004,1400000000,8
1187729760000,1187730239000,0.6987729546915616,0.6988755093055273,0.6983484060197632,0.6986118582376817,1065000000,8
1187730240000,1187730719000,0.6986118582376817,0.6990611608609637,0.6977441930239536,0.6987827205008874,803000000,8
1187730720000,1187731199000,0.6987827205008874,0.6990709347277468,0.6987827205008874,0.6990171818423297,377000000,8
1187731200000,1187731679000,0.6990416139472783,0.6990416139472783,0.6958748538662807,0.6980997724194742,263000000,8
1187731680000,1187732159000,0.6981631327976094,0.698714365567356,0.6980315510261064,0.6981143930244409,282000000,8
1187732160000,1187732639000,0.6980071894740516,0.6982167544092388,0.6977831429548325,0.6979682145275103,796000000,8
1187732640000,1187733119000,0.6979682145275103,0.6980169338908162,0.6978610558637776,0.697953600044669,531000000,8
1187733120000,1187733599000,0.697953600044669,0.6980169338908162,0.6977685362211646,0.6979682145275103,607000000,8
1187733600000,1187734079000,0.6979146310823261,0.6981485101510793,0.6979146310823261,0.6981485101510793,1448000000,8
1187734080000,1187734559000,0.6981485101510793,0.6982801360249704,0.6979925733590194,0.6980315510261064,1905000000,8
1187734560000,1187735039000,0.6980315510261064,0.698343529148859,0.6979389861738287,0.6980412961230786,1645000000,8
1187735040000,1187735519000,0.6980412961230786,0.6981631327976094,0.6975689721321195,0.6977149834292692,1173000000,8
1187735520000,1187735999000,0.6977685362211646,0.6978172277117177,0.6976371031316929,0.6977149834292692,3497000000,8
1187736000000,1187736479000,0.6977685362211646,0.6980023173676937,0.6976614388569515,0.6979000188433004,1633000000,8
1187736480000,1187736959000,0.6979000188433004,0.6980559142787337,0.6976127691041257,0.6978318364840441,2264000000,8
1187736960000,1187737439000,0.6979000188433004,0.6981046458864184,0.6978318364840441,0.6978318364840441,1827000000,8
1187737440000,1187737919000,0.6978854072161351,0.6980023173676937,0.6977149834292692,0.6979000188433004,2682000000,8
1187737920000,1187738399000,0.6979000188433004,0.6981338881170631,0.6975738381907725,0.6975738381907725,1907000000,8
1187738400000,1187738879000,0.6976906439684644,0.6978756664712615,0.6975105847231232,0.6976760411070724,2180000000,8
1187738880000,1187739359000,0.6976760411070724,0.6977295879209054,0.6975203152791825,0.6975446428571429,1150000000,8
1187739360000,1187739839000,0.6975446428571429,0.6976127691041257,0.6973646589538136,0.6974424784315914,1166000000,8
1187739840000,1187740319000,0.697495989398061,0.6975105847231232,0.6972868568400354,0.6974570715172481,1671000000,8
1187740320000,1187740799000,0.6974570715172481,0.6975203152791825,0.6970681314391669,0.6971847679071907,2203000000,8
1187740800000,1187741279000,0.6972479622928303,0.6974813946837969,0.696975821908738,0.6973646589538136,3306000000,8
1187741280000,1187741759000,0.6974716652136007,0.6977685362211646,0.6974570715172481,0.6977441930239536,3693000000,8
1187741760000,1187742239000,0.6977441930239536,0.6979633429652276,0.6976614388569515,0.6976614388569515,3951000000,8
1187742240000,1187742719000,0.6976614388569515,0.6977149834292692,0.697495989398061,0.6976127691041257,2153000000,8
1187742720000,1187743199000,0.6976127691041257,0.6979243729149509,0.6976127691041257,0.6977685362211646,2710000000,8
1187743200000,1187743679000,0.6977149834292692,0.6977149834292692,0.6969952534623239,0.6971799072750723,1013000000,8
1187743680000,1187744159000,0.6971799072750723,0.6976371031316929,0.6969952534623239,0.6972965811548626,2872000000,8
1187744160000,1187744639000,0.6973208931286,0.6974278859565921,0.6971799072750723,0.6972771327964299,2476000000,8
1187744640000,1187745119000,0.6972771327964299,0.6975057195469002,0.6972576855228386,0.6974522070875093,360000000,8
1187745120000,1187745599000,0.6974522070875093,0.6975203152791825,0.6965534535120225,0.6966941860870172,1833000000,8
1187745600000,1187746079000,0.6966941860870172,0.6970195444280258,0.6966456511895225,0.6969175337482316,3512000000,8
1187746080000,1187746559000,0.6969175337482316,0.6973597958130517,0.6969175337482316,0.6972431007795178,6285000000,8
1187746560000,1187747039000,0.6971896286070848,0.6971896286070848,0.6967475822858894,0.696810697437827,6248000000,8
1187747040000,1187747519000,0.6967475822858894,0.6969418192969251,0.6965388982147708,0.6967378732773156,3948000000,8
1187747520000,1187747999000,0.6967378732773156,0.6971799072750723,0.6966019755632027,0.6969029632313997,4642000000,8
1187748000000,1187748479000,0.6968398313647608,0.6972139331232395,0.696786421026227,0.6971653257853567,1520000000,8
1187748480000,1187748959000,0.6972285166463308,0.6972819947843307,0.6968398313647608,0.6970584134950508,1087000000,8
1187748960000,1187749439000,0.6970584134950508,0.6974765299147684,0.6969952534623239,0.6973743854388228,1594000000,8
1187749440000,1187749919000,0.6974278859565921,0.6974911244254417,0.6970486958218901,0.6972576855228386,1710000000,8
1187749920000,1187750399000,0.6972576855228386,0.6975835705117474,0.6971896286070848,0.6974911244254417,1614000000,8
1187750400000,1187750879000,0.6974911244254417,0.6975203152791825,0.6969855375500958,0.6972042111134352,2104000000,8
1187750880000,1187751359000,0.6972042111134352,0.6972042111134352,0.6965291950212094,0.696684478566502,2311000000,8
1187751360000,1187751839000,0.696684478566502,0.6967767109352138,0.6964661308520567,0.6967281645393234,1557000000,8
1187751840000,1187752319000,0.6967281645393234,0.6967281645393234,0.6962818548948615,0.6964127777816468,1669000000,8
1187752320000,1187752799000,0.6963594328848779,0.6968155529231412,0.6963109446154275,0.6967621463061154,2737000000,8
1187752800000,1187753279000,0.6967621463061154,0.6968155529231412,0.6965825659315398,0.696752436891648,1453000000,8
1187753280000,1187753759000,0.696752436891648,0.6967621463061154,0.696504938220012,0.696504938220012,2806000000,8
1187753760000,1187754239000,0.696504938220012,0.6966893322929439,0.6964418784430345,0.6966213862765587,3295000000,8
1187754240000,1187754719000,0.6966893322929439,0.6969515339903263,0.6966116807846634,0.6967378732773156,3119000000,8
1187754720000,1187755199000,0.6966893322929439,0.6969078200026483,0.6966699177929497,0.696752436891648,3547000000,8
1187755200000,1187755679000,0.696752436891648,0.6968204084761235,0.6966505043749651,0.696752436891648,2901000000,8
1187755680000,1187756159000,0.696883536823326,0.6969855375500958,0.6967912761732223,0.6968301197850976,1315000000,8
1187756160000,1187756639000,0.696883536823326,0.6970535546246018,0.6967670011148271,0.6970535546246018,2837000000,8
1187756640000,1187757119000,0.6971070059254095,0.6972236554041805,0.6969369620517825,0.6971215849756356,2838000000,8
1187757120000,1187757599000,0.6971215849756356,0.6973160305982274,0.6968689677279981,0.6973014434139879,1399000000,8
1187757600000,1187758079000,0.6972479622928303,0.6977344562206514,0.696873824025422,0.6976176357738324,7980000000,8
1187758080000,1187758559000,0.6976176357738324,0.697880536809709,0.6973306183927924,0.6976176357738324,5040000000,8
1187758560000,1187759039000,0.6976176357738324,0.6976176357738324,0.6968349755410923,0.6969515339903263,3277000000,8
1187759040000,1187759519000,0.6969029632313997,0.6969515339903263,0.6964564296857588,0.6966116807846634,3564000000,8
1187759520000,1187759999000,0.6965583054129546,0.6972819947843307,0.6964418784430345,0.6972819947843307,1501000000,8
1187760000000,1187760479000,0.6970486958218901,0.6982655084769432,0.6970486958218901,0.6976906439684644,8881000000,8
1187760480000,1187760959000,0.6977539300990112,0.6978610558637776,0.6973889756750725,0.6975738381907725,4934000000,8
1187760960000,1187761439000,0.6975738381907725,0.697588436774072,0.6972868568400354,0.697495989398061,6388000000,8
1187761440000,1187761919000,0.6975592402184756,0.697588436774072,0.6972333779562695,0.6974716652136007,5172000000,8
1187761920000,1187762399000,0.6974716652136007,0.6978074888699706,0.6974181579791612,0.6978074888699706,5142000000,8
1187762400000,1187762879000,0.6977539300990112,0.6977831429548325,0.6974084302731052,0.6977247196890939,6157000000,8
1187762880000,1187763359000,0.6977490615275123,0.6981143930244409,0.6974862595206874,0.6980754061053676,9632000000,8
1187763360000,1187763839000,0.6980754061053676,0.6982118793769158,0.6977003795490064,0.6981290142418319,7565000000,8
1187763840000,1187764319000,0.6981290142418319,0.6985191394244202,0.6980071894740516,0.6983240223463687,4771000000,8
1187764320000,1187764799000,0.6983386523460687,0.6988169029832494,0.6980607871333436,0.6984996228102037,8686000000,8
1187764800000,1187765279000,0.6984508360456507,0.6991393594485188,0.6984118115405568,0.6990465005732182,6652000000,8
1187765280000,1187765759000,0.6990758217636285,0.6991002579679952,0.6979633429652276,0.6981046458864184,12079000000,8
1187765760000,1187766239000,0.6981046458864184,0.6989829797644428,0.697826966825306,0.6987973697267004,6427000000,8
1187766240000,1187766719000,0.6987485413624199,0.6989780940265332,0.6982070044126683,0.6982070044126683,3625000000,8
1187766720000,1187767199000,0.698236255219316,0.6984703499336453,0.6979243729149509,0.6980948990205729,5827000000,8
1187767200000,1187767679000,0.6980948990205729,0.6983142693537799,0.6973938392228243,0.6974716652136007,7615000000,8
1187767680000,1187768159000,0.6974716652136007,0.6980754061053676,0.697423021933954,0.6980754061053676,6484000000,8
1187768160000,1187768639000,0.6980754061053676,0.6982703842581924,0.6978415760054153,0.6981533842985304,7125000000,8
1187768640000,1187769119000,0.6981533842985304,0.6982460060328455,0.6979341150195422,0.6981290142418319,8221000000,8
1187769120000,1187769599000,0.6981826306125156,0.6983142693537799,0.6975641061413544,0.6979877014567003,9925000000,8
1187769600000,1187770079000,0.6980607871333436,0.6984459577440195,0.6980120616484253,0.698328898944825,6188000000,8
1187770080000,1187770559000,0.698328898944825,0.698328898944825,0.6979633429652276,0.6980120616484253,11096000000,8
1187770560000,1187771039000,0.6980120616484253,0.6983581599659202,0.6979682145275103,0.698328898944825,4440000000,8
1187771040000,1187771519000,0.698328898944825,0.6988413210896334,0.6981728815689341,0.6984605928533512,6695000000,8
1187771520000,1187771999000,0.6985093809809866,0.6987094835838207,0.6973695221624034,0.6976030359684124,4477000000,8
1187772000000,1187772479000,0.6975397772057952,0.6979487286863907,0.697345206797721,0.697880536809709,3299000000,8
1187772480000,1187772959000,0.697880536809709,0.6982606327637855,0.6977490615275123,0.69799744532935,3685000000,8
1187772960000,1187773439000,0.69799744532935,0.6980510414921539,0.6973063057409228,0.6973549327401167,10346000000,8
1187773440000,1187773919000,0.6973549327401167,0.6981290142418319,0.6971458847478423,0.6979682145275103,6821000000,8
1187773920000,1187774399000,0.6980510414921539,0.6990122956262801,0.6978659259982971,0.6988266700210346,8280000000,8
1187774400000,1187774879000,0.6988266700210346,0.6989585517578807,0.6984166893652091,0.6984557144154275,5691000000,8
1187774880000,1187775359000,0.6984557144154275,0.6986509051022476,0.6982606327637855,0.698431323247985,6057000000,8
1187775360000,1187775839000,0.6984849860652246,0.6990758217636285,0.6983679141845507,0.6989585517578807,6147000000,8
1187775840000,1187776319000,0.6989048161530882,0.6993398232068927,0.6986118582376817,0.6990220681266908,7346000000,8
1187776320000,1187776799000,0.6989585517578807,0.6999468040428928,0.6988559727725714,0.6998978149190218,5658000000,8
1187776800000,1187777279000,0.6999468040428928,0.6999468040428928,0.699422976044763,0.6996970311854968,5385000000,8
1187777280000,1187777759000,0.6995648706504555,0.6997361994528063,0.6994816840721025,0.6997019269791069,7960000000,8
1187777760000,1187778239000,0.699623602501854,0.6998341393089839,0.6993936257264951,0.6993936257264951,8762000000,8
1187778240000,1187778719000,0.6993936257264951,0.6998243440896335,0.6993936257264951,0.6996529721258256,14923000000,8
1187778720000,1187779199000,0.6996529721258256,0.7008346941206978,0.6996529721258256,0.7006333725688021,12845000000,8
1187779200000,1187779679000,0.7006333725688021,0.7006971937077392,0.7002114638620863,0.7003291547027103,13764000000,8
1187779680000,1187780159000,0.7003291547027103,0.7003831095609299,0.6999664016127226,0.7002555932915514,10233000000,8
1187780160000,1187780639000,0.7002555932915514,0.7004566977669441,0.7000056000448003,0.7003389640586043,8802000000,8
1187780640000,1187781119000,0.7003046325151441,0.7004910442219996,0.6999468040428928,0.7004321666468212,16434000000,8
1187781120000,1187781599000,0.7004321666468212,0.7007217433956976,0.7000007000007,0.7000546042591321,15728000000,8
1187781600000,1187782079000,0.7000546042591321,0.7002359795251,0.699403408892215,0.6998341393089839,16872000000,8
1187782080000,1187782559000,0.6998341393089839,0.7003095368152723,0.6988462049156842,0.7000301012943557,18946000000,8
1187782560000,1187783039000,0.7000301012943557,0.7004272606289837,0.6997949600766975,0.7002114638620863,11239000000,8
1187783040000,1187783519000,0.7002359795251,0.7004910442219996,0.6998292416650338,0.7004272606289837,18366000000,8
1187783520000,1187783999000,0.7004272606289837,0.7004272606289837,0.700020300588717,0.7002703043374743,11163000000,8
1187784000000,1187784479000,0.7002555932915514,0.7003732989683501,0.6997704752841067,0.69995170333247,10200000000,8
1187784480000,1187784959000,0.69995170333247,0.700020300588717,0.6988071362184751,0.699242021648533,16434000000,8
1187784960000,1187785439000,0.699242021648533,0.6998145491444767,0.6987778375621039,0.699579552688834,16716000000,8
1187785440000,1187785919000,0.699579552688834,0.6998292416650338,0.6993838428344629,0.6994327600316144,12543000000,8
1187785920000,1187786399000,0.6993691690095535,0.6998096517747173,0.6991833538427117,0.6997166147710178,24585000000,8
1187786400000,1187786879000,0.6997166147710178,0.6999958000251999,0.6994816840721025,0.699878221189513,15969000000,8
1187786880000,1187787359000,0.699878221189513,0.7001673399942586,0.6997313031795791,0.6997313031795791,18178000000,8
1187787360000,1187787839000,0.6999958000251999,0.7000105001575023,0.6997166147710178,0.6999419048218998,9593000000,8
1187787840000,1187788319000,0.6999419048218998,0.7003340593463081,0.6997068228412295,0.69995170333247,19399000000,8
1187788320000,1187788799000,0.69995170333247,0.7006039205795396,0.699741095794556,0.7002555932915514,28090000000,8
1187788800000,1187789279000,0.7003046325151441,0.7004125429878199,0.7001085168201071,0.7003585835948005,14816000000,8
1187789280000,1187789759000,0.7003585835948005,0.7007364740342099,0.7000448028673836,0.700280112044818,22559000000,8
1187789760000,1187790239000,0.700280112044818,0.7005646551120204,0.6997606818468084,0.7001477311712772,46805000000,8
1187790240000,1187790719000,0.7001477311712772,0.7002654005868224,0.6992029086841002,0.6992273537740796,33651000000,8
1187790720000,1187791199000,0.6992273537740796,0.7000056000448003,0.6992273537740796,0.699623602501854,26854000000,8
1187791200000,1187791679000,0.699623602501854,0.7000399022744296,0.6990709347277468,0.6993642778714149,31917000000,8
1187791680000,1187792159000,0.6993104798668512,0.6996284972679507,0.6989341254586755,0.6989634372225989,27108000000,8
1187792160000,1187792639000,0.6990171818423297,0.699149135502094,0.698343529148859,0.6988657409025152,35249000000,8
1187792640000,1187793119000,0.6989683227556127,0.6989683227556127,0.6981972546883946,0.698528898140516,31983000000,8
1187793120000,1187793599000,0.6984654713594233,0.6990758217636285,0.6980656600559848,0.6990220681266908,24949000000,8
1187793600000,1187794079000,0.6989048161530882,0.6991393594485188,0.6976127691041257,0.6976809086596155,25793000000,8
1187794080000,1187794559000,0.6976809086596155,0.6982801360249704,0.6976809086596155,0.6981387620603471,28643000000,8
1187794560000,1187795039000,0.6980754061053676,0.6981387620603471,0.6965000870625109,0.6966553576280279,19702000000,8
1187795040000,1187795519000,0.6966796249076899,0.6968495432151244,0.6961849067112226,0.6965631573814798,20751000000,8
1187795520000,1187795999000,0.6966262391239229,0.6967572915650563,0.6958312748324786,0.6960395350455906,22760000000,8
1187796000000,1187796479000,0.6960104679974387,0.6963788300835655,0.6957538144702878,0.6957925424955295,19260000000,8
1187796480000,1187796959000,0.6957925424955295,0.6959959353837374,0.6952120744433089,0.6956473346272374,19451000000,8
1187796960000,1187797439000,0.6956473346272374,0.6959329677365477,0.6953716065865598,0.6957344520743323,14787000000,8
1187797440000,1187797919000,0.6957344520743323,0.6960734496704092,0.6956086227644879,0.6959281245432971,15581000000,8
1187797920000,1187798399000,0.6959281245432971,0.6959910913140311,0.6954199641163298,0.6955360496334525,12640000000,8
1187798400000,1187798879000,0.6956763713520471,0.6957973838018369,0.6952604097864855,0.6955118619548056,7480000000,8
1187798880000,1187799359000,0.6955408873710641,0.6957054105009775,0.6952604097864855,0.6953909487914105,9197000000,8
1187799360000,1187799839000,0.6953909487914105,0.695444145403462,0.6951154239161413,0.6951154239161413,3298000000,8
1187799840000,1187800319000,0.6950526154829921,0.6955021873543792,0.6950139697807926,0.6950332920946913,10735000000,8
1187800320000,1187800799000,0.6950864339980677,0.6958264330545388,0.6947677044180278,0.6958264330545388,12146000000,8
1187800800000,1187801279000,0.6958264330545388,0.6960056237254396,0.6955699152100273,0.6958554847329307,7840000000,8
1187801280000,1187801759000,0.6957925424955295,0.6960104679974387,0.6956570132661792,0.6959087524443794,8348000000,8
1187801760000,1187802239000,0.6958554847329307,0.6959087524443794,0.6955699152100273,0.6957925424955295,8295000000,8
1187802240000,1187802719000,0.6958167497007988,0.6959571847139964,0.6955989454719986,0.6956570132661792,6698000000,8
1187802720000,1187803199000,0.695632817173783,0.6958264330545388,0.6954102920723227,0.6955941069267262,3348000000,8
1187803200000,1187803679000,0.6955941069267262,0.6956715317295786,0.6952314077740777,0.6955070246209487,7462000000,8
1187803680000,1187804159000,0.6954828389609486,0.6956521739130435,0.6953280905595305,0.6953861131393206,6280000000,8
1187804160000,1187804639000,0.6953861131393206,0.6955554009876886,0.6952217409742837,0.6954780020307958,9395000000,8
1187804640000,1187805119000,0.6954780020307958,0.695768336974521,0.6953522654576808,0.6956231392081026,4903000000,8
1187805120000,1187805599000,0.6956763713520471,0.6959668719768939,0.6955215368243878,0.6956666921744453,3694000000,8
1187805600000,1187806079000,0.6956908906234782,0.6957586552376712,0.6955021873543792,0.6955505630481807,5970000000,8
1187806080000,1187806559000,0.6955989454719986,0.6956908906234782,0.6954489818626906,0.6956279781572814,4328000000,8
1187806560000,1187807039000,0.6955989454719986,0.6957731779439903,0.6954489818626906,0.6954973501550958,3241000000,8
1187807040000,1187807519000,0.6954973501550958,0.6956908906234782,0.6954828389609486,0.6956279781572814,3269000000,8
1187807520000,1187807999000,0.6956279781572814,0.6956763713520471,0.6954393090115025,0.69557475341875,4148000000,8
1187808000000,1187808479000,0.69557475341875,0.6958070666165687,0.6955118619548056,0.6957586552376712,4117000000,8
1187808480000,1187808959000,0.6958070666165687,0.6959910913140311,0.6957054105009775,0.6957586552376712,3718000000,8
1187808960000,1187809439000,0.6957586552376712,0.6959281245432971,0.6954248002392261,0.695661852686646,5994000000,8
1187809440000,1187809919000,0.6957296116437307,0.6957296116437307,0.6952459084778286,0.6953909487914105,3048000000,8
1187809920000,1187810399000,0.6954151280606958,0.6954828389609486,0.6950429536545358,0.695081602580143,6532000000,8
1187810400000,1187810879000,0.6951347518716504,0.6951589133275867,0.6948739151281,0.6949704985023386,4834000000,8
1187810880000,1187811359000,0.6949222034593228,0.6949801583164801,0.6947821857847565,0.6948256335072713,3044000000,8
1187811360000,1187811839000,0.6948256335072713,0.6948256335072713,0.6942082208137509,0.6945071430059658,4808000000,8
1187811840000,1187812319000,0.6945071430059658,0.6947821857847565,0.6941841253974205,0.6944540896401339,3385000000,8
1187812320000,1187812799000,0.694386578896203,0.6946953066385083,0.6940973957465711,0.694256416664931,2847000000,8
1187812800000,1187813279000,0.694256416664931,0.6944926731022988,0.6940395880181006,0.6941793065148728,1259000000,8
1187813280000,1187813759000,0.6941793065148728,0.6944251548568096,0.6941022134919589,0.6944251548568096,876000000,8
1187813760000,1187814239000,0.6944251548568096,0.6946373992775771,0.6943624710971622,0.6944830268348241,1799000000,8
1187814240000,1187814719000,0.6944830268348241,0.6948256335072713,0.6944058663407588,0.6946422245222599,2511000000,8
1187814720000,1187815199000,0.6946904806563436,0.6950043090267161,0.6945264371488301,0.6948884009228118,3397000000,8
1187815200000,1187815679000,0.6948352892946728,0.6955312119631368,0.6947870130411522,0.6949415206710355,2743000000,8
1187815680000,1187816159000,0.6949704985023386,0.6956086227644879,0.6949704985023386,0.6952314077740777,293000000,8
1187816160000,1187816639000,0.6952700776616676,0.6952942485259762,0.694704958803996,0.6948256335072713,1512000000,8
1187816640000,1187817119000,0.6947725314731957,0.6948256335072713,0.6946180989691867,0.6946953066385083,259000000,8
1187817120000,1187817599000,0.6946953066385083,0.6947870130411522,0.6940010548816035,0.6945264371488301,624000000,8
1187817600000,1187818079000,0.6945264371488301,0.6947242639396424,0.6940540390474803,0.6945216135126125,611000000,8
1187818080000,1187818559000,0.6945505563349956,0.6948111503293405,0.6941359395824078,0.6944782038015738,2468000000,8
1187818560000,1187819039000,0.6945023196377476,0.6945312608520509,0.6939577102171394,0.6940588561910049,840000000,8
1187819040000,1187819519000,0.6940588561910049,0.6951540809020319,0.6940588561910049,0.6950526154829921,1357000000,8
1187819520000,1187819999000,0.6950526154829921,0.6951057603414359,0.6947242639396424,0.6948835722574682,742000000,8
1187820000000,1187820479000,0.6948835722574682,0.6954538183891898,0.6945264371488301,0.6954538183891898,4387000000,8
1187820480000,1187820959000,0.6954006202973533,0.6959039095881641,0.6953764420368967,0.6957731779439903,3120000000,8
1187820960000,1187821439000,0.6958264330545388,0.6958458005705935,0.695444145403462,0.6957005704744678,4326000000,8
1187821440000,1187821919000,0.6957005704744678,0.6959426543252836,0.6955263743601158,0.6957877012565926,4093000000,8
1187821920000,1187822399000,0.6957344520743323,0.6959523411836758,0.6954683283723259,0.6956134615117071,2270000000,8
1187822400000,1187822879000,0.695545725175973,0.6956134615117071,0.6954296364293862,0.69557475341875,1538000000,8
1187822880000,1187823359000,0.69557475341875,0.6956570132661792,0.6954489818626906,0.6955263743601158,1083000000,8
1187823360000,1187823839000,0.6955263743601158,0.6956666921744453,0.6952314077740777,0.6955892684487663,3091000000,8
1187823840000,1187824319000,0.6955892684487663,0.6963642820832434,0.6955505630481807,0.6963642820832434,2521000000,8
1187824320000,1187824799000,0.6964612802351253,0.6968641114982578,0.6963157931385042,0.6963933786917554,6187000000,8
1187824800000,1187825279000,0.696277006844403,0.6967912761732223,0.6961219048679804,0.6967912761732223,4959000000,8
1187825280000,1187825759000,0.6968398313647608,0.6968398313647608,0.6962576153176675,0.696504938220012,2847000000,8
1187825760000,1187826239000,0.696504938220012,0.6965680094175994,0.6960443797896554,0.6961122132887821,2153000000,8
1187826240000,1187826719000,0.6961122132887821,0.6962915511983178,0.6959426543252836,0.6962042941880865,5687000000,8
1187826720000,1187827199000,0.6962042941880865,0.696548601678682,0.6961025219794372,0.6963351879060504,2632000000,8
1187827200000,1187827679000,0.6962867030128326,0.6970292612883888,0.6962867030128326,0.6970146860994361,5076000000,8
1187827680000,1187828159000,0.6970146860994361,0.6972674090240348,0.6968349755410923,0.6968398313647608,4297000000,8
1187828160000,1187828639000,0.6968398313647608,0.697141024657878,0.6968155529231412,0.6968883933238093,3492000000,8
1187828640000,1187829119000,0.6968883933238093,0.6969563914385877,0.6966602109487119,0.6966602109487119,3346000000,8
1187829120000,1187829599000,0.696684478566502,0.6971021463775087,0.6964612802351253,0.6969175337482316,5837000000,8
1187829600000,1187830079000,0.6969175337482316,0.6969175337482316,0.6963206417291034,0.696534046584197,3268000000,8
1187830080000,1187830559000,0.6964030781016052,0.6971556051310653,0.6964030781016052,0.6969612489545581,4989000000,8
1187830560000,1187831039000,0.6969612489545581,0.6971313046812367,0.6965825659315398,0.6965825659315398,4303000000,8
1187831040000,1187831519000,0.6965825659315398,0.696752436891648,0.696548601678682,0.696699039948723,3648000000,8
1187831520000,1187831999000,0.6967233102717918,0.696752436891648,0.6963691313491455,0.6963691313491455,1645000000,8
1187832000000,1187832479000,0.6963691313491455,0.6964079279078513,0.6961752133777029,0.6962915511983178,3252000000,8
1187832480000,1187832959000,0.6962915511983178,0.6965388982147708,0.6960928309399341,0.6964224777318913,2357000000,8
1187832960000,1187833439000,0.6963545837540476,0.6964612802351253,0.696277006844403,0.696383679552086,2900000000,8
1187833440000,1187833919000,0.6964079279078513,0.6964612802351253,0.696277006844403,0.6964612802351253,3369000000,8
1187833920000,1187834399000,0.6964612802351253,0.6964855339954589,0.6961752133777029,0.6962236827447922,1702000000,8
1187834400000,1187834879000,0.6962236827447922,0.6965388982147708,0.6961897534792083,0.6962915511983178,2559000000,8
1187834880000,1187835359000,0.6962915511983178,0.6966407980716983,0.69619460031468,0.6964612802351253,2572000000,8
1187835360000,1187835839000,0.6964612802351253,0.6965388982147708,0.6964418784430345,0.6964758322886196,1415000000,8
1187835840000,1187836319000,0.6964758322886196,0.6965922706121653,0.6964079279078513,0.6965243435258063,1894000000,8
1187836320000,1187836799000,0.6964758322886196,0.6965243435258063,0.6962673109460185,0.6964079279078513,1983000000,8
1187836800000,1187837279000,0.6964079279078513,0.6966068281401294,0.6963157931385042,0.6966068281401294,1026000000,8
1187837280000,1187837759000,0.6966068281401294,0.6970001115200178,0.6965388982147708,0.696786421026227,680000000,8
1187837760000,1187838239000,0.696786421026227,0.6971701862141568,0.6967233102717918,0.6970827088634066,5079000000,8
1187838240000,1187838719000,0.6970827088634066,0.6974327500470767,0.6967767109352138,0.6968689677279981,2982000000,8
1187838720000,1187839199000,0.6968689677279981,0.6969855375500958,0.6968155529231412,0.6969321048743431,1335000000,8
1187839200000,1187839679000,0.6969321048743431,0.6969321048743431,0.6967087478750383,0.696752436891648,2354000000,8
1187839680000,1187840159000,0.696752436891648,0.6970924274849601,0.6965000870625109,0.6970049696454336,9681000000,8
1187840160000,1187840639000,0.6969515339903263,0.6970438370869143,0.6967572915650563,0.6968252640967751,8456000000,8
1187840640000,1187841119000,0.6968252640967751,0.6969272477646058,0.6964806831082541,0.6966893322929439,7911000000,8
1187841120000,1187841599000,0.6966893322929439,0.6967378732773156,0.6963060961598718,0.69643217795235,5248000000,8
1187841600000,1187842079000,0.69643217795235,0.6969563914385877,0.696277006844403,0.6967572915650563,3866000000,8
1187842080000,1187842559000,0.6967572915650563,0.6968883933238093,0.6965922706121653,0.696786421026227,4669000000,8
1187842560000,1187843039000,0.696786421026227,0.6970632724332387,0.6965631573814798,0.6969126768415917,2306000000,8
1187843040000,1187843519000,0.6970924274849601,0.6972722708763317,0.696883536823326,0.6970001115200178,1282000000,8
1187843520000,1187843999000,0.6970632724332387,0.6971167252244715,0.6967038938780629,0.696786421026227,1696000000,8
1187844000000,1187844479000,0.696786421026227,0.6968398313647608,0.6966456511895225,0.6967378732773156,4150000000,8
1187844480000,1187844959000,0.696684478566502,0.6968155529231412,0.6965146407377483,0.696786421026227,2558000000,8
1187844960000,1187845439000,0.696786421026227,0.6970972868973594,0.6967038938780629,0.6968349755410923,4288000000,8
1187845440000,1187845919000,0.6968349755410923,0.6970827088634066,0.6968349755410923,0.6969515339903263,3607000000,8
1187845920000,1187846399000,0.6969515339903263,0.6969515339903263,0.6965583054129546,0.6966602109487119,4087000000,8
1187846400000,1187846879000,0.6966068281401294,0.6967087478750383,0.6961703668121663,0.6964709815365543,3341000000,8
1187846880000,1187847359000,0.6964467287897149,0.6965000870625109,0.6958603269151815,0.6959523411836758,4796000000,8
1187847360000,1187847839000,0.6959523411836758,0.6963060961598718,0.6958361166778001,0.6959135953679991,3658000000,8
1187847840000,1187848319000,0.6958603269151815,0.6966213862765587,0.6957877012565926,0.6964903849502357,12852000000,8
1187848320000,1187848799000,0.6963982283629071,0.6964903849502357,0.6953425952967027,0.6955118619548056,6512000000,8
1187848800000,1187849279000,0.6955118619548056,0.6955118619548056,0.6948256335072713,0.6954393090115025,10719000000,8
1187849280000,1187849759000,0.695632817173783,0.6963788300835655,0.6954102920723227,0.6962091412260243,6269000000,8
1187849760000,1187850239000,0.6962091412260243,0.6964370281639134,0.6960056237254396,0.6962818548948615,9420000000,8
1187850240000,1187850719000,0.6961509812248081,0.6962527676047512,0.6957054105009775,0.6957441331375973,9867000000,8
1187850720000,1187851199000,0.6957441331375973,0.6959474977207719,0.6954780020307958,0.6956134615117071,8686000000,8
1187851200000,1187851679000,0.6956134615117071,0.6958312748324786,0.6954925130230973,0.6957150907560335,8481000000,8
1187851680000,1187852159000,0.6957150907560335,0.6960782948866089,0.6954828389609486,0.6957150907560335,4757000000,8
1187852160000,1187852639000,0.6957150907560335,0.696034690368968,0.6957150907560335,0.6958748538662807,9308000000,8
1187852640000,1187853119000,0.6957441331375973,0.6970972868973594,0.6957441331375973,0.6969418192969251,7285000000,8
1187853120000,1187853599000,0.6970098278385725,0.6970098278385725,0.6959426543252836,0.6961122132887821,3464000000,8
1187853600000,1187854079000,0.6960879855213699,0.6969078200026483,0.6958748538662807,0.6966262391239229,12119000000,8
1187854080000,1187854559000,0.6966553576280279,0.6969612489545581,0.6964612802351253,0.6969321048743431,10610000000,8
1187854560000,1187855039000,0.6969612489545581,0.6979633429652276,0.6969078200026483,0.6973695221624034,11673000000,8
1187855040000,1187855519000,0.6973695221624034,0.6983727913960472,0.6973063057409228,0.6976468372180635,8308000000,8
1187855520000,1187855999000,0.6976468372180635,0.6981241404346521,0.6974911244254417,0.6976419701409237,4878000000,8
1187856000000,1187856479000,0.6976711736224482,0.6981143930244409,0.6970535546246018,0.6971993502102056,12901000000,8
1187856480000,1187856959000,0.6971993502102056,0.697413294092212,0.6969272477646058,0.6973111681356688,10840000000,8
1187856960000,1187857439000,0.6972868568400354,0.6973889756750725,0.6969175337482316,0.697141024657878,9225000000,8
1187857440000,1187857919000,0.6970389784196732,0.6973160305982274,0.6967572915650563,0.6968592553361997,16693000000,8
1187857920000,1187858399000,0.6968592553361997,0.6971701862141568,0.6964612802351253,0.6966407980716983,11215000000,8
1187858400000,1187858879000,0.6966407980716983,0.6968398313647608,0.6961606738835323,0.6964079279078513,11614000000,8
1187858880000,1187859359000,0.696383679552086,0.697822097234531,0.6963691313491455,0.6974668005802924,15737000000,8
1187859360000,1187859839000,0.6974668005802924,0.6975203152791825,0.6965825659315398,0.6967378732773156,19318000000,8
1187859840000,1187860319000,0.6967378732773156,0.6968543992418225,0.6962382248710218,0.696277006844403,10780000000,8
1187860320000,1187860799000,0.696277006844403,0.6967087478750383,0.6961073676003786,0.6965146407377483,12895000000,8
1187860800000,1187861279000,0.6965146407377483,0.6981095194214069,0.6964855339954589,0.6970438370869143,12021000000,8
1187861280000,1187861759000,0.6970438370869143,0.6973063057409228,0.6959426543252836,0.6966699177929497,23094000000,8
1187861760000,1187862239000,0.6965000870625109,0.699134471524253,0.6962527676047512,0.6986313811243773,17854000000,8
1187862240000,1187862719000,0.6986557862672219,0.7008789021432877,0.6984118115405568,0.7006137376341676,15147000000,8
1187862720000,1187863199000,0.7008101365178147,0.7009231157434341,0.6999370056694897,0.7008297824624355,15873000000,8
1187863200000,1187863679000,0.7008297824624355,0.7009820758883196,0.7001918525676035,0.7002948241209549,17509000000,8
1187863680000,1187864159000,0.7001232216870169,0.7004419788886788,0.6997361994528063,0.6999272075704127,17899000000,8
1187864160000,1187864639000,0.6999272075704127,0.700280112044818,0.6989390105819366,0.6989683227556127,25903000000,8
1187864640000,1187865119000,0.6989683227556127,0.6995844468385779,0.6989438957734863,0.6995061486590467,10213000000,8
1187865120000,1187865599000,0.6995061486590467,0.699623602501854,0.6992029086841002,0.6995404019559149,13233000000,8
1187865600000,1187866079000,0.6995404019559149,0.6996627625484516,0.6986704301713839,0.6988706250698871,13018000000,8
1187866080000,1187866559000,0.6987387765084023,0.6994327600316144,0.6986704301713839,0.6990855960403792,7997000000,8
1187866560000,1187867039000,0.6988657409025152,0.699031840900353,0.6983240223463687,0.6986997198214123,16846000000,8
1187867040000,1187867519000,0.6987778375621039,0.6992126865149841,0.6985435367259264,0.6986460240054774,5041000000,8
1187867520000,1187867999000,0.6986216195446384,0.6996138131751274,0.6985386571292855,0.699471898716469,8686000000,8
1187868000000,1187868479000,0.699471898716469,0.6998537305703108,0.6991931311266798,0.6992175755329786,9659000000,8
1187868480000,1187868959000,0.699271359243668,0.6995355084224075,0.6988706250698871,0.6994180841539839,7545000000,8
1187868960000,1187869439000,0.6994180841539839,0.7000252009072326,0.6992518005733865,0.699638287005618,7022000000,8
1187869440000,1187869919000,0.6996921354603974,0.6997068228412295,0.6991393594485188,0.6995061486590467,4883000000,8
1187869920000,1187870399000,0.6994376521276893,0.6998292416650338,0.6992958091202159,0.699491469701527,7136000000,8
1187870400000,1187870879000,0.6995501892283262,0.699839037021485,0.6991051454138703,0.6996578673028888,9020000000,8
1187870880000,1187871359000,0.6996823442157261,0.7018873751517831,0.6991931311266798,0.7014344334163364,15855000000,8
1187871360000,1187871839000,0.7014344334163364,0.703403064023747,0.7014344334163364,0.7020204147536611,13265000000,8
1187871840000,1187872319000,0.7019908460393677,0.7023113065097235,0.7009673349221925,0.7014049140428278,15765000000,8
1187872320000,1187872799000,0.7015377707935795,0.7015377707935795,0.7004076372448765,0.7010852800134608,16422000000,8
1187872800000,1187873279000,0.7010852800134608,0.7013655587428724,0.7007904916746089,0.700883814490072,27504000000,8
1187873280000,1187873759000,0.7009525945760288,0.7016706778840419,0.700643190448832,0.7007757587649528,25470000000,8
1187873760000,1187874239000,0.7007757587649528,0.7012032648024009,0.7003242501278092,0.7009525945760288,30612000000,8
1187874240000,1187874719000,0.7009525945760288,0.7010312169200895,0.7005450240286943,0.7006628270343745,26276000000,8
1187874720000,1187875199000,0.7007315637525577,0.7013606396409033,0.7004714172638186,0.701095110562699,15603000000,8
1187875200000,1187875679000,0.701095110562699,0.7013753971538187,0.7009231157434341,0.7010164738871363,17287000000,8
1187875680000,1187876159000,0.7010410459532406,0.7021436445468014,0.7010164738871363,0.7018923016452355,22568000000,8
1187876160000,1187876639000,0.70194649763795,0.7020499859590003,0.7012917794577612,0.7013852358407855,19731000000,8
1187876640000,1187877119000,0.7014098337658694,0.7014639552746582,0.7006628270343745,0.7008101365178147,25445000000,8
1187877120000,1187877599000,0.7007610264747516,0.7011000259407009,0.7004174487994844,0.7005303014381887,31001000000,8
1187877600000,1187878079000,0.7005303014381887,0.7008052252037591,0.7001918525676035,0.7005057651624472,31740000000,8
1187878080000,1187878559000,0.7005744710662744,0.7007315637525577,0.700142829137144,0.7002212699212951,19677000000,8
1187878560000,1187879039000,0.7002850160015126,0.700751205292073,0.6996431819771917,0.6999468040428928,27252000000,8
1187879040000,1187879519000,0.6999468040428928,0.7002261730538965,0.6995550829672328,0.7000546042591321,29949000000,8
1187879520000,1187879999000,0.7001085168201071,0.7005597472380433,0.6996774486961511,0.6998194465827816,17849000000,8
1187880000000,1187880479000,0.6998194465827816,0.7002703043374743,0.6995012556047538,0.7001379271716528,20954000000,8
1187880480000,1187880959000,0.700206560935476,0.7004027315706531,0.6997900629811057,0.699912510936133,18991000000,8
1187880960000,1187881439000,0.6998831195190404,0.7001183199960793,0.699403408892215,0.6998635266123107,13651000000,8
1187881440000,1187881919000,0.6998635266123107,0.7000497035289506,0.6990025233991095,0.6994670061413204,17233000000,8
1187881920000,1187882399000,0.6995208282326606,0.6995844468385779,0.6989341254586755,0.6995599767746088,12206000000,8
1187882400000,1187882879000,0.6995844468385779,0.6995844468385779,0.6990562740300593,0.6992371322886731,10567000000,8
1187882880000,1187883359000,0.6992371322886731,0.6995648706504555,0.6976517043631137,0.6978756664712615,17414000000,8
1187883360000,1187883839000,0.6978123582568647,0.6982070044126683,0.6975349116223267,0.6978902776905415,16992000000,8
1187883840000,1187884319000,0.6978659259982971,0.6979925733590194,0.6974570715172481,0.6978026195510337,9205000000,8
1187884320000,1187884799000,0.6978026195510337,0.6979730861577977,0.6972625472395376,0.6978513157986559,9215000000,8
1187884800000,1187885279000,0.6979195019646434,0.6985191394244202,0.6976079025023195,0.6985191394244202,4640000000,8
1187885280000,1187885759000,0.6984508360456507,0.6984508360456507,0.6980461687736027,0.6980461687736027,2114000000,8
1187885760000,1187886239000,0.6980461687736027,0.6987729546915616,0.6979146310823261,0.6987729546915616,3762000000,8
1187886240000,1187886719000,0.6987729546915616,0.6987729546915616,0.6982752601075344,0.6984410795105326,5208000000,8
1187886720000,1187887199000,0.6982460060328455,0.6983776686756664,0.6978610558637776,0.6983776686756664,7435000000,8
1187887200000,1187887679000,0.6983240223463687,0.6986118582376817,0.6982996403756851,0.6984264452189218,6465000000,8
1187887680000,1187888159000,0.6984264452189218,0.6987192476191142,0.698221629509639,0.698397178475399,5553000000,8
1187888160000,1187888639000,0.698397178475399,0.6986509051022476,0.697977957856091,0.6984654713594233,5433000000,8
1187888640000,1187889119000,0.6984654713594233,0.6989292404037015,0.6984069337840386,0.6988462049156842,4549000000,8
1187889120000,1187889599000,0.6988462049156842,0.6990855960403792,0.6987631891551953,0.6989438957734863,4416000000,8
1187889600000,1187890079000,0.6988755093055273,0.6989780940265332,0.6986899563318778,0.6988706250698871,2708000000,8
1187890080000,1187890559000,0.6988706250698871,0.6989878655706537,0.6986850746894345,0.6989341254586755,3996000000,8
1187890560000,1187891039000,0.6989097008666479,0.6990269544793647,0.6987827205008874,0.698953666361457,4832000000,8
1187891040000,1187891519000,0.6989780940265332,0.6991638000950863,0.6989145856484879,0.6989390105819366,5658000000,8
1187891520000,1187891999000,0.6989390105819366,0.699031840900353,0.6988071362184751,0.6989145856484879,2985000000,8
1187892000000,1187892479000,0.6987973697267004,0.6993789514910759,0.6985337776008159,0.6991931311266798,6570000000,8
1187892480000,1187892959000,0.6992615797717611,0.6994425442921991,0.6990074094785405,0.6993691690095535,6462000000,8
1187892960000,1187893439000,0.6993691690095535,0.699579552688834,0.6993398232068927,0.6993642778714149,3001000000,8
1187893440000,1187893919000,0.6993398232068927,0.6993642778714149,0.6990611608609637,0.6993104798668512,1435000000,8
1187893920000,1187894399000,0.6993104798668512,0.6997313031795791,0.6991784653032687,0.6996529721258256,6055000000,8
1187894400000,1187894879000,0.6996529721258256,0.6996529721258256,0.6991002579679952,0.6993349324792123,6770000000,8
1187894880000,1187895359000,0.6993349324792123,0.6994523288265289,0.699134471524253,0.699188242450515,4662000000,8
1187895360000,1187895839000,0.699188242450515,0.6993838428344629,0.6987876035079138,0.6993202607065933,3593000000,8
1187895840000,1187896319000,0.6993202607065933,0.6993691690095535,0.6990025233991095,0.6992371322886731,2137000000,8
1187896320000,1187896799000,0.6992126865149841,0.6992126865149841,0.6986460240054774,0.6990855960403792,2566000000,8
1187896800000,1187897279000,0.6990855960403792,0.699134471524253,0.6986948380425365,0.6987583064893683,7433000000,8
1187897280000,1187897759000,0.6987583064893683,0.6988901624220738,0.6984654713594233,0.6985825759533906,4283000000,8
1187897760000,1187898239000,0.6985825759533906,0.6987680718892593,0.698397178475399,0.6986655488017885,5015000000,8
1187898240000,1187898719000,0.6986655488017885,0.6990611608609637,0.6986118582376817,0.6990611608609637,3841000000,8
1187898720000,1187899199000,0.6989927514451675,0.6989927514451675,0.6985191394244202,0.6986509051022476,2673000000,8
1187899200000,1187899679000,0.6986509051022476,0.6991589118290696,0.6986362620165437,0.699090483281251,2287000000,8
1187899680000,1187900159000,0.699090483281251,0.6993642778714149,0.6989732083569237,0.6992224646193432,1621000000,8
1187900160000,1187900639000,0.6992909190081257,0.6997606818468084,0.6992224646193432,0.699422976044763,1609000000,8
1187900640000,1187901119000,0.6993691690095535,0.699623602501854,0.6993055895495772,0.699623602501854,1206000000,8
1187901120000,1187901599000,0.6995697645947742,0.6999811005102863,0.6993838428344629,0.6994523288265289,1729000000,8
1187901600000,1187902079000,0.6994523288265289,0.699623602501854,0.6993985172751433,0.6995208282326606,1588000000,8
1187902080000,1187902559000,0.6995208282326606,0.6997313031795791,0.6992664694735223,0.6993349324792123,374000000,8
1187902560000,1187903039000,0.6993349324792123,0.6997851659540522,0.6992811389891191,0.6997851659540522,1183000000,8
1187903040000,1187903519000,0.6997851659540522,0.6999174097456501,0.699579552688834,0.6998635266123107,290000000,8
1187903520000,1187903999000,0.6998635266123107,0.6999321065856612,0.6997459922048297,0.6997459922048297,149000000,8
1187904000000,1187904479000,0.6997459922048297,0.6998145491444767,0.6995110417817946,0.6996089186144945,633000000,8
1187904480000,1187904959000,0.699579552688834,0.6998292416650338,0.699579552688834,0.6998292416650338,334000000,8
1187904960000,1187905439000,0.6998292416650338,0.7004272606289837,0.6996823442157261,0.7004272606289837,372000000,8
1187905440000,1187905919000,0.6997313031795791,0.69995170333247,0.6996823442157261,0.6999027135228203,587000000,8
1187905920000,1187906399000,0.700280112044818,0.7003782042302844,0.6997459922048297,0.6997459922048297,240000000,8
1187906400000,1187906879000,0.6997459922048297,0.7000252009072326,0.6994865768525903,0.6999076121951903,764000000,8
1187906880000,1187907359000,0.6998586285570315,0.7000105001575023,0.6996970311854968,0.6996970311854968,1209000000,8
1187907360000,1187907839000,0.6996970311854968,0.6999468040428928,0.6996431819771917,0.6998145491444767,959000000,8
1187907840000,1187908319000,0.6998145491444767,0.6998145491444767,0.6994816840721025,0.6995452955578874,739000000,8
1187908320000,1187908799000,0.6995452955578874,0.6995844468385779,0.6992811389891191,0.6993349324792123,998000000,8
1187908800000,1187909279000,0.6993349324792123,0.6993985172751433,0.6990611608609637,0.6993496048674733,897000000,8
1187909280000,1187909759000,0.6993985172751433,0.6994523288265289,0.6992175755329786,0.6992664694735223,754000000,8
1187909760000,1187910239000,0.6992664694735223,0.699839037021485,0.699188242450515,0.699839037021485,783000000,8
1187910240000,1187910719000,0.6992909190081257,0.6993055895495772,0.6990855960403792,0.6993055895495772,2427000000,8
1187910720000,1187911199000,0.6993055895495772,0.6993055895495772,0.6989341254586755,0.699271359243668,1577000000,8
1187911200000,1187911679000,0.6992469110767703,0.6993055895495772,0.6990855960403792,0.699188242450515,1555000000,8
1187911680000,1187912159000,0.6992664694735223,0.6993691690095535,0.6991638000950863,0.6993691690095535,1122000000,8
1187912160000,1187912639000,0.6993691690095535,0.6993985172751433,0.699134471524253,0.699134471524253,726000000,8
1187912640000,1187913119000,0.699134471524253,0.6997313031795791,0.6990855960403792,0.699134471524253,1419000000,8
1187913120000,1187913599000,0.699134471524253,0.6991784653032687,0.6986801931152054,0.6989585517578807,3856000000,8
1187913600000,1187914079000,0.6992175755329786,0.7001673399942586,0.699036727389657,0.7000644059253451,668300000,8
1187914080000,1187914559000,0.6999860002799944,0.7003193456216034,0.6999860002799944,0.7002752081568057,901500000,8
1187914560000,1187915039000,0.7004027315706531,0.7005891955134268,0.7001232216870169,0.7001771448176388,512400000,8
1187915040000,1187915519000,0.7001526332740537,0.7004419788886788,0.7000497035289506,0.7000595050579299,518400000,8
1187915520000,1187915999000,0.7000987139186625,0.7003046325151441,0.6999664016127226,0.7000938125708845,483700000,8
1187916000000,1187916479000,0.7001232216870169,0.7005401164297673,0.7000399022744296,0.7004517914054564,530400000,8
1187916480000,1187916959000,0.7004321666468212,0.7005401164297673,0.6997459922048297,0.7001477311712772,559400000,8
1187916960000,1187917439000,0.6999713011766517,0.7001232216870169,0.6996823442157261,0.6999615021173835,516700000,8
1187917440000,1187917919000,0.6999762008091724,0.7001771448176388,0.6998096517747173,0.7000154003388075,401900000,8
1187917920000,1187918399000,0.7000938125708845,0.700216366857359,0.6997704752841067,0.6999664016127226,334900000,8
1187918400000,1187918879000,0.6998733229285499,0.7001820473323065,0.6998635266123107,0.69995170333247,529100000,8
1187918880000,1187919359000,0.6999027135228203,0.7005548394328308,0.6998047544735019,0.700196755288236,420500000,8
1187919360000,1187919839000,0.7002604969048486,0.7007217433956976,0.700196755288236,0.7004223546798719,464800000,8
1187919840000,1187920319000,0.7003536786076968,0.7005548394328308,0.7001379271716528,0.7003978259651482,365300000,8
1187920320000,1187920799000,0.7003978259651482,0.7005941038000224,0.699912510936133,0.7001575354454752,980200000,8
1187920800000,1187921279000,0.7001379271716528,0.7004125429878199,0.7000007000007,0.700020300588717,981500000,8
1187921280000,1187921759000,0.7000350017500875,0.7002359795251,0.6999468040428928,0.7001379271716528,556800000,8
1187921760000,1187922239000,0.7001134183737766,0.7002261730538965,0.699912510936133,0.700020300588717,646800000,8
1187922240000,1187922719000,0.7000350017500875,0.7002899200268912,0.6999174097456501,0.7002261730538965,769100000,8
1187922720000,1187923199000,0.700216366857359,0.7002408828637051,0.6997459922048297,0.6999370056694897,576300000,8
1187923200000,1187923679000,0.699912510936133,0.7000840100812098,0.6997557852309544,0.7000252009072326,407700000,8
1187923680000,1187924159000,0.6999076121951903,0.7000301012943557,0.6988803936094377,0.6990416139472783,332400000,8
1187924160000,1187924639000,0.6988657409025152,0.6992273537740796,0.6986313811243773,0.6989683227556127,475400000,8
1187924640000,1187925119000,0.6989390105819366,0.699422976044763,0.6989194704986091,0.6993251512290639,1622100000,8
1187925120000,1187925599000,0.6992566901383829,0.6994865768525903,0.699134471524253,0.6993104798668512,1470100000,8
1187925600000,1187926079000,0.6992566901383829,0.6995355084224075,0.6990416139472783,0.6992077975653584,1520500000,8
1187926080000,1187926559000,0.6992077975653584,0.6993104798668512,0.6990855960403792,0.6991784653032687,1584800000,8
1187926560000,1187927039000,0.6991393594485188,0.6992322429971891,0.6989732083569237,0.699154023631406,1291400000,8
1187927040000,1187927519000,0.6991980198712078,0.6993691690095535,0.6990416139472783,0.6990562740300593,1545200000,8
1187927520000,1187927999000,0.6991100329280825,0.6993104798668512,0.6990122956262801,0.699036727389657,1194500000,8
1187928000000,1187928479000,0.6989927514451675,0.6991198081615246,0.6988950469308024,0.6989878655706537,1590900000,8
1187928480000,1187928959000,0.6989878655706537,0.6995012556047538,0.6989878655706537,0.6992273537740796,2768500000,8
1187928960000,1187929439000,0.6992077975653584,0.6992664694735223,0.6990660477601924,0.699090483281251,1823300000,8
1187929440000,1187929919000,0.6990611608609637,0.6993153702525228,0.6988999315078067,0.6989976373879856,2110500000,8
1187929920000,1187930399000,0.6990025233991095,0.699188242450515,0.6989683227556127,0.6990611608609637,1264100000,8
1187930400000,1187930879000,0.6990855960403792,0.6990953705904559,0.6989048161530882,0.6989683227556127,1664700000,8
1187930880000,1187931359000,0.6988901624220738,0.699031840900353,0.6986704301713839,0.6988950469308024,1697800000,8
1187931360000,1187931839000,0.6989487810333259,0.6990953705904559,0.698821786468015,0.6989292404037015,1481900000,8
1187931840000,1187932319000,0.6989683227556127,0.699271359243668,0.6989487810333259,0.699242021648533,2216000000,8
1187932320000,1187932799000,0.6992371322886731,0.6993691690095535,0.6990660477601924,0.6992811389891191,2351400000,8
1187932800000,1187933279000,0.6993006993006994,0.6993104798668512,0.6989976373879856,0.6992029086841002,2431500000,8
1187933280000,1187933759000,0.6991833538427117,0.699271359243668,0.6990025233991095,0.6990562740300593,2603500000,8
1187933760000,1187934239000,0.6990220681266908,0.6993544958003762,0.6989487810333259,0.6990758217636285,2482800000,8
1187934240000,1187934719000,0.6990660477601924,0.6991246958807572,0.6988803936094377,0.6989878655706537,4508700000,8
1187934720000,1187935199000,0.6990562740300593,0.6993202607065933,0.6989634372225989,0.699134471524253,4142400000,8
1187935200000,1187935679000,0.6990562740300593,0.6991833538427117,0.6988071362184751,0.6988803936094377,3302200000,8
1187935680000,1187936159000,0.6989292404037015,0.699149135502094,0.6981923799283655,0.6987290119273042,2592000000,8
1187936160000,1187936639000,0.6986606675004017,0.6989243554170131,0.6986069776864932,0.698714365567356,2401900000,8
1187936640000,1187937119000,0.6987290119273042,0.6988266700210346,0.6983776686756664,0.6985532961237277,3527900000,8
1187937120000,1187937599000,0.698528898140516,0.6986753116091889,0.6977636674458362,0.6982460060328455,3215900000,8
1187937600000,1187938079000,0.6982557571187175,0.6987046016685067,0.6982313799146761,0.6985679357317499,3908000000,8
1187938080000,1187938559000,0.6985630557942313,0.6987436589012954,0.6979341150195422,0.6981826306125156,4460300000,8
1187938560000,1187939039000,0.69815825851404,0.6989243554170131,0.6979633429652276,0.6987046016685067,3861800000,8
1187939040000,1187939519000,0.6988071362184751,0.7003732989683501,0.6986557862672219,0.700216366857359,3563800000,8
1187939520000,1187939999000,0.7001330252748023,0.7002654005868224,0.6996187078042467,0.6996872398038076,3438100000,8
1187940000000,1187940479000,0.6996774486961511,0.6999468040428928,0.6995991296986827,0.699623602501854,2813000000,8
1187940480000,1187940959000,0.6995942353435007,0.6999419048218998,0.6994083005777112,0.6998194465827816,3302900000,8
1187940960000,1187941439000,0.6998292416650338,0.69995170333247,0.6994865768525903,0.6998684247361495,3084100000,8
1187941440000,1187941919000,0.6997900629811057,0.6998145491444767,0.699403408892215,0.6994180841539839,3511100000,8
1187941920000,1187942399000,0.6993887342462687,0.6998292416650338,0.6993496048674733,0.6996774486961511,4285300000,8
1187942400000,1187942879000,0.699878221189513,0.6999713011766517,0.6993055895495772,0.6993887342462687,3762200000,8
1187942880000,1187943359000,0.6994425442921991,0.6994865768525903,0.6988706250698871,0.6991295836683329,3614700000,8
1187943360000,1187943839000,0.6990758217636285,0.6999027135228203,0.6988120195667366,0.6995697645947742,3255700000,8
1187943840000,1187944319000,0.6995844468385779,0.7003487736892973,0.6992469110767703,0.7002359795251,3946800000,8
1187944320000,1187944799000,0.7002604969048486,0.7004370727333856,0.6998488326521471,0.7000840100812098,3599900000,8
1187944800000,1187945279000,0.7000595050579299,0.700142829137144,0.6996284972679507,0.6999223086237427,3586500000,8
1187945280000,1187945759000,0.7000399022744296,0.7003340593463081,0.6991393594485188,0.6991784653032687,3281700000,8
1187945760000,1187946239000,0.6992126865149841,0.699912510936133,0.699154023631406,0.699638287005618,3759000000,8
1187946240000,1187946719000,0.699638287005618,0.6998537305703108,0.6994963626189143,0.6998096517747173,3712200000,8
1187946720000,1187947199000,0.6998488326521471,0.7000546042591321,0.6992371322886731,0.6998243440896335,3493600000,8
1187947200000,1187947679000,0.6998635266123107,0.7001722423716233,0.6997068228412295,0.6998488326521471,3995600000,8
1187947680000,1187948159000,0.6998488326521471,0.7000497035289506,0.6995012556047538,0.6996284972679507,4004000000,8
1187948160000,1187948639000,0.6996187078042467,0.7004468851127019,0.6995844468385779,0.7002948241209549,4723400000,8
1187948640000,1187949119000,0.7003340593463081,0.7006726457399103,0.7000742078660338,0.7004763239002522,3589500000,8
1187949120000,1187949599000,0.7005057651624472,0.700608829072464,0.6997215108386862,0.6999811005102863,3072800000,8
1187949600000,1187950079000,0.6999958000251999,0.6999958000251999,0.6993349324792123,0.6994425442921991,3153500000,8
1187950080000,1187950559000,0.6994327600316144,0.7000301012943557,0.6992273537740796,0.6997704752841067,3143400000,8
1187950560000,1187951039000,0.6997557852309544,0.6999272075704127,0.699134471524253,0.6997704752841067,2645800000,8
1187951040000,1187951519000,0.699711718771866,0.699878221189513,0.6993789514910759,0.6995061486590467,4377300000,8
1187951520000,1187951999000,0.6995452955578874,0.6996187078042467,0.6989145856484879,0.6990269544793647,4414800000,8
1187952000000,1187952479000,0.699031840900353,0.699188242450515,0.697710115401253,0.6977782739756615,3245100000,8
1187952480000,1187952959000,0.6978318364840441,0.6982996403756851,0.6977490615275123,0.6981826306125156,3286700000,8
1187952960000,1187953439000,0.6981826306125156,0.6985240187483847,0.6980266785796554,0.6981485101510793,3280200000,8
1187953440000,1187953919000,0.6981241404346521,0.6988901624220738,0.6978902776905415,0.6987241297390965,2075500000,8
1187953920000,1187954399000,0.6987924865831843,0.699843934802539,0.6984996228102037,0.6993642778714149,2159400000,8
1187954400000,1187954879000,0.6993251512290639,0.6997998572408292,0.6987827205008874,0.6988559727725714,1680500000,8
1187954880000,1187955359000,0.6987827205008874,0.699403408892215,0.6984898649120601,0.6986948380425365,3409300000,8
1187955360000,1187955839000,0.6986606675004017,0.6989927514451675,0.6983923009232746,0.6985923364420693,2643500000,8
1187955840000,1187956319000,0.6986069776864932,0.6988657409025152,0.6982606327637855,0.6984947438270527,2665200000,8
1187956320000,1187956799000,0.6985532961237277,0.6987436589012954,0.6977198515252155,0.6980169338908162,2984000000,8
1187956800000,1187957279000,0.6979146310823261,0.6982265046781176,0.6976030359684124,0.6977587987384521,2809200000,8
1187957280000,1187957759000,0.6977734050644394,0.6981728815689341,0.6975300461067361,0.6979925733590194,1926300000,8
1187957760000,1187958239000,0.6978951482329295,0.6980218062012257,0.6975543743634816,0.6979292439332501,2920600000,8
1187958240000,1187958719000,0.6978367062107467,0.6983727913960472,0.6974911244254417,0.6981095194214069,2264600000,8
1187958720000,1187959199000,0.698236255219316,0.6985776958113281,0.697904889521656,0.6984410795105326,262700000,8
1187959200000,1187959679000,0.6983679141845507,0.6984166893652091,0.6973257557267878,0.6973987028384128,368300000,8
1187959680000,1187960159000,0.697423021933954,0.6976127691041257,0.6969029632313997,0.6972187942298173,267100000,8
1187960160000,1187960639000,0.6971993502102056,0.6974181579791612,0.6966407980716983,0.6967281645393234,356300000,8
1187960640000,1187961119000,0.6968009866701971,0.696975821908738,0.6965243435258063,0.696810697437827,287600000,8
1187961120000,1187961599000,0.6968641114982578,0.6972771327964299,0.6967281645393234,0.6970049696454336,307600000,8
1187961600000,1187962079000,0.6968883933238093,0.6975008544385467,0.6968349755410923,0.6972285166463308,334500000,8
1187962080000,1187962559000,0.6972431007795178,0.6972917189635456,0.6966068281401294,0.6966941860870172,300900000,8
1187962560000,1187963039000,0.6968786803905308,0.6971215849756356,0.6965728615213151,0.6968883933238093,327900000,8
1187963040000,1187963519000,0.6969466766097726,0.6974813946837969,0.6968592553361997,0.6971896286070848,263600000,8
1187963520000,1187963999000,0.6971070059254095,0.6972674090240348,0.6966262391239229,0.6970049696454336,271300000,8
1187964000000,1187964479000,0.6971507449055709,0.6972917189635456,0.6965388982147708,0.6966553576280279,286400000,8
1187964480000,1187964959000,0.6968543992418225,0.6979195019646434,0.6966116807846634,0.6976663062057419,318900000,8
1187964960000,1187965439000,0.6976809086596155,0.698289888064131,0.6971507449055709,0.698289888064131,285000000,8
1187965440000,1187965919000,0.6985093809809866,0.6985728157374484,0.6981436360716854,0.6984849860652246,315900000,8
1187965920000,1187966399000,0.6985093809809866,0.6985093809809866,0.6979438573961111,0.6980559142787337,345400000,8
1187966400000,1187966879000,0.6980851524268931,0.6983484060197632,0.697461936014842,0.6980997724194742,328100000,8
1187966880000,1187967359000,0.6981387620603471,0.6981436360716854,0.6974813946837969,0.6975835705117474,328700000,8
1187967360000,1187967839000,0.6975251806590218,0.697588436774072,0.6968641114982578,0.6974570715172481,319400000,8
1187967840000,1187968319000,0.6974522070875093,0.6974716652136007,0.6969903954723504,0.6972479622928303,280800000,8
1187968320000,1187968799000,0.6972528238739367,0.697345206797721,0.6969175337482316,0.6971167252244715,302200000,8
1187968800000,1187969279000,0.6972042111134352,0.6973987028384128,0.6968204084761235,0.6969466766097726,306000000,8
1187969280000,1187969759000,0.6970098278385725,0.6970584134950508,0.6964176277229929,0.6965291950212094,280800000,8
1187969760000,1187970239000,0.6964758322886196,0.6967233102717918,0.6962527676047512,0.696495235972586,312900000,8
1187970240000,1187970719000,0.6964758322886196,0.6965874182380518,0.6960104679974387,0.6961558275204321,269800000,8
1187970720000,1187971199000,0.6962236827447922,0.6965437499129321,0.6961025219794372,0.6963788300835655,288300000,8
1187971200000,1187971679000,0.6963545837540476,0.6968301197850976,0.696083140170262,0.696233377428114,352400000,8
1187971680000,1187972159000,0.6963060961598718,0.69643217795235,0.6958554847329307,0.6961219048679804,329400000,8
1187972160000,1187972639000,0.6961219048679804,0.6963157931385042,0.6957973838018369,0.6962673109460185,317400000,8
1187972640000,1187973119000,0.6962285300527045,0.6965243435258063,0.6958942240779401,0.6962188355043757,277600000,8
1187973120000,1187973599000,0.6961800600107212,0.6963109446154275,0.6960395350455906,0.6962430723814298,291800000,8
1187973600000,1187974079000,0.6962818548948615,0.6965243435258063,0.6961412888359821,0.6963351879060504,292200000,8
1187974080000,1187974559000,0.6963885290881489,0.6966505043749651,0.6952990829005097,0.6954006202973533,321900000,8
1187974560000,1187975039000,0.6953764420368967,0.6955070246209487,0.6949222034593228,0.6952265743405776,280700000,8
1187975040000,1187975519000,0.6951975751508579,0.695487675958382,0.6951154239161413,0.6952507421801672,312200000,8
1187975520000,1187975999000,0.6951250877595423,0.6953812775544832,0.6949608389567248,0.6953280905595305,291200000,8
1187976000000,1187976479000,0.6952990829005097,0.6954199641163298,0.6946904806563436,0.6950429536545358,316700000,8
1187976480000,1187976959000,0.6949849883242523,0.6951347518716504,0.6948208057142063,0.6949560092846122,351500000,8
1187976960000,1187977439000,0.6948304613674263,0.6950671087293478,0.6947242639396424,0.6949704985023386,257000000,8
1187977440000,1187977919000,0.6949463501417691,0.6951009286548407,0.6947290903912019,0.6949753283758426,343300000,8
1187977920000,1187978399000,0.6949704985023386,0.6951105920952023,0.6947339169098236,0.6948401172890118,247400000,8
1187978400000,1187978879000,0.6948304613674263,0.6950912654831579,0.6945843260100992,0.6949704985023386,339400000,8
1187978880000,1187979359000,0.6949849883242523,0.6954151280606958,0.6947677044180278,0.6953039173422703,244500000,8
1187979360000,1187979839000,0.6951879092918816,0.6952507421801672,0.6948739151281,0.6950091393701827,318000000,8
1187979840000,1187980319000,0.695028461415495,0.6951782437016851,0.6946518752127371,0.6950864339980677,270400000,8
1187980320000,1187980799000,0.6950960970354152,0.6952265743405776,0.6948546016745997,0.6949753283758426,340100000,8
1187980800000,1187981279000,0.6949898183991604,0.6951540809020319,0.6947821857847565,0.6950767712293823,355900000,8
1187981280000,1187981759000,0.6949656686959664,0.6951057603414359,0.6946325740999298,0.6949173743241929,243000000,8
1187981760000,1187982239000,0.6947966677551815,0.6950477845351868,0.6946373992775771,0.6948932296552635,347700000,8
1187982240000,1187982719000,0.6949270326615705,0.6951395840284729,0.6947290903912019,0.695018800258547,303800000,8
1187982720000,1187983199000,0.695081602580143,0.695487675958382,0.6949849883242523,0.6953812775544832,328100000,8
1187983200000,1187983679000,0.6954683283723259,0.6956086227644879,0.6952555759497191,0.6954489818626906,327700000,8
1187983680000,1187984159000,0.6954102920723227,0.6955650770686105,0.6952459084778286,0.6954296364293862,253600000,8
1187984160000,1187984639000,0.6954683283723259,0.6956666921744453,0.6951975751508579,0.6956666921744453,273500000,8
1187984640000,1187985119000,0.6956715317295786,0.6957392925722874,0.6952942485259762,0.6953619358876295,302200000,8
1187985120000,1187985599000,0.6953329254046837,0.6956908906234782,0.6952072412786251,0.6954683283723259,331000000,8
1187985600000,1187986079000,0.695444145403462,0.6958651691648227,0.695444145403462,0.6957392925722874,305100000,8
1187986080000,1187986559000,0.6955360496334525,0.6958264330545388,0.6953667712034712,0.6957538144702878,320500000,8
1187986560000,1187987039000,0.6957538144702878,0.6958119081249956,0.6954199641163298,0.6954393090115025,302900000,8
1187987040000,1187987519000,0.6955118619548056,0.6956957305153018,0.695337760317074,0.6956860507989955,324400000,8
1187987520000,1187987999000,0.6956279781572814,0.6960250012180437,0.6954489818626906,0.6960104679974387,372500000,8
1187988000000,1187988479000,0.6960782948866089,0.696301247771836,0.6955554009876886,0.69557475341875,258200000,8
1187988480000,1187988959000,0.6954780020307958,0.6957344520743323,0.6949608389567248,0.6950477845351868,277400000,8
1187988960000,1187989439000,0.6951492485436623,0.6952072412786251,0.6949560092846122,0.6951299197820072,146300000,8
1187989440000,1187989919000,0.6951299197820072,0.6951299197820072,0.6951299197820072,0.6951299197820072,0,8
1187989920000,1187990399000,0.6951299197820072,0.6951299197820072,0.6951299197820072,0.6951299197820072,0,8
1187990400000,1187990879000,0.6951299197820072,0.6951299197820072,0.6951299197820072,0.6951299197820072,0,8
1187990880000,1187991359000,0.6951299197820072,0.6951299197820072,0.6951299197820072,0.6951299197820072,0,8
1187991360000,1187991839000,0.6951299197820072,0.6951299197820072,0.6951299197820072,0.6951299197820072,0,8
1187991840000,1187992319000,0.6951299197820072,0.6951299197820072,0.6951299197820072,0.6951299197820072,0,8
1187992320000,1187992799000,0.6951299197820072,0.6951299197820072,0.6951299197820072,0.6951299197820072,0,8
1187992800000,1187993279000,0.6951299197820072,0.6951299197820072,0.6951299197820072,0.6951299197820072,0,8
1187993280000,1187993759000,0.6951299197820072,0.6951299197820072,0.6951299197820072,0.6951299197820072,0,8
1187993760000,1187994239000,0.6951299197820072,0.6951299197820072,0.6951299197820072,0.6951299197820072,0,8
1187994240000,1187994719000,0.6951299197820072,0.6951299197820072,0.6951299197820072,0.6951299197820072,0,8
1187994720000,1187995199000,0.6951299197820072,0.6951299197820072,0.6951299197820072,0.6951299197820072,0,8
1187995200000,1187995679000,0.6951299197820072,0.6951299197820072,0.6951299197820072,0.6951299197820072,0,8
1187995680000,1187996159000,0.6951299197820072,0.6951299197820072,0.6951299197820072,0.6951299197820072,0,8
1187996160000,1187996639000,0.6951299197820072,0.6951299197820072,0.6951299197820072,0.6951299197820072,0,8
1187996640000,1187997119000,0.6951299197820072,0.6951299197820072,0.6951299197820072,0.6951299197820072,0,8
1187997120000,1187997599000,0.6951299197820072,0.6951299197820072,0.6951299197820072,0.6951299197820072,0,8
1187997600000,1187998079000,0.6951299197820072,0.6951299197820072,0.6951299197820072,0.6951299197820072,0,8
1187998080000,1187998559000,0.6951299197820072,0.6951299197820072,0.6951299197820072,0.6951299197820072,0,8
1187998560000,1187999039000,0.6951299197820072,0.6951299197820072,0.6951299197820072,0.6951299197820072,0,8
1187999040000,1187999519000,0.6951299197820072,0.6951299197820072,0.6951299197820072,0.6951299197820072,0,8
1187999520000,1187999999000,0.6951299197820072,0.6951299197820072,0.6951299197820072,0.6951299197820072,0,8
1188162240000,1188162719000,0.6951299197820072,0.6955215368243878,0.6948835722574682,0.6950236308034473,303700000,8
1188163200000,1188163679000,0.6953039173422703,0.6955650770686105,0.6950719399457843,0.6955118619548056,266100000,8
1188164160000,1188164639000,0.6954683283723259,0.6959717157094736,0.695057446497953,0.6952797458057249,256400000,8
1188164640000,1188165119000,0.695473165167922,0.6958748538662807,0.6951395840284729,0.6955263743601158,327400000,8
1188165600000,1188166079000,0.6957828600850247,0.6957828600850247,0.6952700776616676,0.6954973501550958,338000000,8
1188166080000,1188166559000,0.6955166993559515,0.6956908906234782,0.6953232557816129,0.6954828389609486,330400000,8
1188166560000,1188167039000,0.6955650770686105,0.695584430038118,0.6952555759497191,0.6953909487914105,283700000,8
1188167040000,1188167519000,0.6954586549829613,0.6959620283117353,0.6953232557816129,0.6959474977207719,293600000,8
1188167520000,1188167999000,0.6959329677365477,0.6959378109972093,0.695661852686646,0.6959039095881641,247100000,8
1188168000000,1188168479000,0.6959959353837374,0.696233377428114,0.6954151280606958,0.6957344520743323,252600000,8
1188168480000,1188168959000,0.6956037840845855,0.6958070666165687,0.6955070246209487,0.6957296116437307,324800000,8
1188168960000,1188169439000,0.6957780189808244,0.6958700114818552,0.695487675958382,0.6955989454719986,299300000,8
1188169440000,1188169919000,0.6955989454719986,0.6957586552376712,0.6953909487914105,0.6957054105009775,253000000,8
1188169920000,1188170399000,0.6955941069267262,0.6959184383590243,0.6954489818626906,0.6958167497007988,313800000,8
1188170400000,1188170879000,0.6958845388373162,0.6959474977207719,0.695163745820328,0.6953667712034712,320300000,8
1188170880000,1188171359000,0.6953087518512595,0.6954006202973533,0.695018800258547,0.695018800258547,339800000,8
1188171360000,1188171839000,0.695163745820328,0.6955989454719986,0.6951154239161413,0.6955360496334525,331400000,8
1188171840000,1188172319000,0.6955650770686105,0.6956860507989955,0.6953764420368967,0.695434472686811,297600000,8
1188172320000,1188172799000,0.6955505630481807,0.6963254903872266,0.6954973501550958,0.6963157931385042,272900000,8
1188172800000,1188173279000,0.6960686045216617,0.6962673109460185,0.6956715317295786,0.6957150907560335,3705000000,8
1188173280000,1188173759000,0.6956666921744453,0.6958167497007988,0.6954538183891898,0.6956183003262449,2096000000,8
1188173760000,1188174239000,0.6956183003262449,0.695632817173783,0.6953087518512595,0.695434472686811,4375000000,8
1188174240000,1188174719000,0.6954683283723259,0.6957828600850247,0.6954151280606958,0.6957296116437307,4378000000,8
1188174720000,1188175199000,0.6957296116437307,0.6957828600850247,0.6954006202973533,0.6956860507989955,7031000000,8
1188175200000,1188175679000,0.6956860507989955,0.6956860507989955,0.6955312119631368,0.695632817173783,4885000000,8
1188175680000,1188176159000,0.695632817173783,0.6957344520743323,0.6953861131393206,0.6956183003262449,3539000000,8
1188176160000,1188176639000,0.6956183003262449,0.6957877012565926,0.6955554009876886,0.6957054105009775,1441000000,8
1188176640000,1188177119000,0.6957054105009775,0.6960782948866089,0.6956908906234782,0.6958942240779401,3524000000,8
1188177120000,1188177599000,0.6958942240779401,0.6960637594403647,0.6956763713520471,0.6957780189808244,1894000000,8
1188177600000,1188178079000,0.6957247712804815,0.6957780189808244,0.6956424954087596,0.6956424954087596,2766000000,8
1188178080000,1188178559000,0.6956424954087596,0.695763496072415,0.6955408873710641,0.6955941069267262,2573000000,8
1188178560000,1188179039000,0.6955602389944981,0.6956424954087596,0.6948497734789738,0.6953522654576808,4057000000,8
1188179040000,1188179519000,0.6953522654576808,0.6956037840845855,0.6952894142186685,0.6953716065865598,3848000000,8
1188179520000,1188179999000,0.6953716065865598,0.695473165167922,0.6953522654576808,0.6953716065865598,2014000000,8
1188180000000,1188180479000,0.6954199641163298,0.6955312119631368,0.6951589133275867,0.6952120744433089,5408000000,8
1188180480000,1188180959000,0.6952652436904679,0.6953667712034712,0.6950429536545358,0.6953135864274789,2807000000,8
1188180960000,1188181439000,0.6953135864274789,0.6954151280606958,0.6952894142186685,0.6953667712034712,1783000000,8
1188181440000,1188181919000,0.6953667712034712,0.6955699152100273,0.6952894142186685,0.6955360496334525,2739000000,8
1188181920000,1188182399000,0.6955360496334525,0.6956183003262449,0.6954151280606958,0.6956183003262449,1466000000,8
1188182400000,1188182879000,0.6956183003262449,0.6956183003262449,0.6954199641163298,0.6956037840845855,381000000,8
1188182880000,1188183359000,0.6956037840845855,0.6956037840845855,0.6954006202973533,0.6955505630481807,672000000,8
1188183360000,1188183839000,0.6955505630481807,0.6955505630481807,0.6953329254046837,0.6953329254046837,783000000,8
1188183840000,1188184319000,0.6953861131393206,0.695632817173783,0.6953329254046837,0.6955312119631368,2867000000,8
1188184320000,1188184799000,0.695584430038118,0.6959620283117353,0.6953474303435712,0.6955989454719986,2236000000,8
1188184800000,1188185279000,0.6955989454719986,0.6957150907560335,0.6954828389609486,0.6955650770686105,1803000000,8
1188185280000,1188185759000,0.6956134615117071,0.6957973838018369,0.6955650770686105,0.6956666921744453,782000000,8
1188185760000,1188186239000,0.6956666921744453,0.6956812110418522,0.6955312119631368,0.695632817173783,719000000,8
1188186240000,1188186719000,0.6956666921744453,0.6960443797896554,0.695632817173783,0.6958796963181005,1582000000,8
1188186720000,1188187199000,0.6958796963181005,0.6959281245432971,0.6957780189808244,0.6958796963181005,1440000000,8
1188187200000,1188187679000,0.6958796963181005,0.6959814033769017,0.695545725175973,0.6955989454719986,1501000000,8
1188187680000,1188188159000,0.695545725175973,0.6955989454719986,0.6954151280606958,0.6954151280606958,2438000000,8
1188188160000,1188188639000,0.6953909487914105,0.6956812110418522,0.6953909487914105,0.6956134615117071,1372000000,8
1188188640000,1188189119000,0.6956134615117071,0.6956812110418522,0.6954151280606958,0.6955650770686105,2294000000,8
1188189120000,1188189599000,0.6954973501550958,0.6956134615117071,0.695405456151209,0.695444145403462,2334000000,8
1188189600000,1188190079000,0.695444145403462,0.6956134615117071,0.695444145403462,0.695584430038118,2075000000,8
1188190080000,1188190559000,0.695584430038118,0.6958022251755162,0.6955312119631368,0.6958022251755162,3645000000,8
1188190560000,1188191039000,0.6957489737702637,0.6958845388373162,0.6957005704744678,0.6957828600850247,3113000000,8
1188191040000,1188191519000,0.6958312748324786,0.6958312748324786,0.695584430038118,0.6958167497007988,2281000000,8
1188191520000,1188191999000,0.6958167497007988,0.6958700114818552,0.695768336974521,0.6958700114818552,2162000000,8
1188192000000,1188192479000,0.6958700114818552,0.6961849067112226,0.6956860507989955,0.6959329677365477,2311000000,8
1188192480000,1188192959000,0.6959329677365477,0.6960007795208731,0.6956812110418522,0.6957296116437307,5051000000,8
1188192960000,1188193439000,0.6957296116437307,0.6959281245432971,0.6956134615117071,0.6957441331375973,1672000000,8
1188193440000,1188193919000,0.6957441331375973,0.6963400367667539,0.6956134615117071,0.6962091412260243,2380000000,8
1188193920000,1188194399000,0.6962091412260243,0.696277006844403,0.6958022251755162,0.6960201567437393,5385000000,8
1188194400000,1188194879000,0.6960201567437393,0.6976663062057419,0.6959717157094736,0.697141024657878,5181000000,8
1188194880000,1188195359000,0.697141024657878,0.6974035665218391,0.6967038938780629,0.6973403439282576,5392000000,8
1188195360000,1188195839000,0.6973403439282576,0.6975689721321195,0.6969855375500958,0.6973841121951561,7910000000,8
1188195840000,1188196319000,0.6974522070875093,0.697705247441166,0.6969418192969251,0.6973889756750725,7270000000,8
1188196320000,1188196799000,0.6973889756750725,0.6975397772057952,0.6970827088634066,0.6971993502102056,7778000000,8
1188196800000,1188197279000,0.6971507449055709,0.6972868568400354,0.6968349755410923,0.6969855375500958,7472000000,8
1188197280000,1188197759000,0.6969855375500958,0.6971896286070848,0.6967378732773156,0.6970389784196732,3624000000,8
1188197760000,1188198239000,0.6970389784196732,0.6972722708763317,0.6970389784196732,0.6972576855228386,2732000000,8
1188198240000,1188198719000,0.6972576855228386,0.6973208931286,0.697141024657878,0.697141024657878,1383000000,8
1188198720000,1188199199000,0.697141024657878,0.6975105847231232,0.697141024657878,0.697495989398061,5839000000,8
1188199200000,1188199679000,0.697495989398061,0.6976663062057419,0.6971799072750723,0.6973792487830732,3701000000,8
1188199680000,1188200159000,0.6973792487830732,0.6974278859565921,0.6971604654243266,0.6972090720844459,4051000000,8
1188200160000,1188200639000,0.6972431007795178,0.6972917189635456,0.6969563914385877,0.6972236554041805,3746000000,8
1188200640000,1188201119000,0.6972236554041805,0.6974084302731052,0.6970924274849601,0.6972771327964299,5618000000,8
1188201120000,1188201599000,0.6972771327964299,0.6975835705117474,0.6971701862141568,0.6974716652136007,7100000000,8
1188201600000,1188202079000,0.6974181579791612,0.6975203152791825,0.6969903954723504,0.6974035665218391,5554000000,8
1188202080000,1188202559000,0.6974522070875093,0.6975057195469002,0.6971847679071907,0.6972333779562695,3116000000,8
1188202560000,1188203039000,0.6971847679071907,0.6974424784315914,0.6970292612883888,0.6972479622928303,3814000000,8
1188203040000,1188203519000,0.6972479622928303,0.6975495085763712,0.6971556051310653,0.6975008544385467,5696000000,8
1188203520000,1188203999000,0.6975689721321195,0.6976711736224482,0.6973014434139879,0.6974035665218391,2897000000,8
1188204000000,1188204479000,0.697350069735007,0.6976371031316929,0.697350069735007,0.6975349116223267,4336000000,8
1188204480000,1188204959000,0.6975349116223267,0.6978074888699706,0.6974716652136007,0.6977393245883338,7064000000,8
1188204960000,1188205439000,0.6978074888699706,0.6980120616484253,0.697588436774072,0.6976906439684644,13175000000,8
1188205440000,1188205919000,0.697822097234531,0.6978756664712615,0.6976906439684644,0.6976906439684644,2833000000,8
1188205920000,1188206399000,0.6976906439684644,0.6977393245883338,0.6974376142054093,0.6974716652136007,5060000000,8
1188206400000,1188206879000,0.6974716652136007,0.697588436774072,0.6974181579791612,0.6974181579791612,5868000000,8
1188206880000,1188207359000,0.6974716652136007,0.6974862595206874,0.6973695221624034,0.6974181579791612,3474000000,8
1188207360000,1188207839000,0.6974181579791612,0.698289888064131,0.6973695221624034,0.697953600044669,6538000000,8
1188207840000,1188208319000,0.697953600044669,0.698221629509639,0.6976030359684124,0.6976711736224482,8892000000,8
1188208320000,1188208799000,0.6977344562206514,0.6979877014567003,0.6974035665218391,0.6979195019646434,5312000000,8
1188208800000,1188209279000,0.6978707962007914,0.6981533842985304,0.6978513157986559,0.697904889521656,4732000000,8
1188209280000,1188209759000,0.6978513157986559,0.6979730861577977,0.6976663062057419,0.6976663062057419,5005000000,8
1188209760000,1188210239000,0.6977977503000531,0.6979146310823261,0.6977295879209054,0.6978318364840441,3923000000,8
1188210240000,1188210719000,0.6978318364840441,0.6981143930244409,0.6977295879209054,0.6981095194214069,7040000000,8
1188210720000,1188211199000,0.6980461687736027,0.698431323247985,0.6980461687736027,0.6981972546883946,8349000000,8
1188211200000,1188211679000,0.6982460060328455,0.6982996403756851,0.6977880120019538,0.6978123582568647,5871000000,8
1188211680000,1188212159000,0.6978123582568647,0.6979292439332501,0.6976809086596155,0.6977295879209054,4457000000,8
1188212160000,1188212639000,0.6978659259982971,0.6979146310823261,0.6974327500470767,0.6977295879209054,3522000000,8
1188212640000,1188213119000,0.6977295879209054,0.6982460060328455,0.6975981695024033,0.6981972546883946,6261000000,8
1188213120000,1188213599000,0.6981972546883946,0.6982655084769432,0.6979633429652276,0.6981436360716854,5041000000,8
1188213600000,1188214079000,0.6982118793769158,0.6986997198214123,0.6980656600559848,0.6984996228102037,6337000000,8
1188214080000,1188214559000,0.6984996228102037,0.6987680718892593,0.6981777560566921,0.698528898140516,9315000000,8
1188214560000,1188215039000,0.698528898140516,0.6988462049156842,0.698328898944825,0.698431323247985,9284000000,8
1188215040000,1188215519000,0.6983825460234098,0.6984996228102037,0.6979000188433004,0.6981485101510793,11503000000,8
1188215520000,1188215999000,0.6981485101510793,0.6987436589012954,0.697953600044669,0.6980071894740516,19516000000,8
1188216000000,1188216479000,0.6980754061053676,0.6980754061053676,0.6975300461067361,0.6975981695024033,9992000000,8
1188216480000,1188216959000,0.697622502511441,0.6980364235405804,0.6976030359684124,0.6976517043631137,14501000000,8
1188216960000,1188217439000,0.697588436774072,0.6976371031316929,0.6968932498919815,0.6973403439282576,12928000000,8
1188217440000,1188217919000,0.6973403439282576,0.6974376142054093,0.697175046710728,0.6973549327401167,20251000000,8
1188217920000,1188218399000,0.6973549327401167,0.697622502511441,0.697175046710728,0.6975057195469002,8639000000,8
1188218400000,1188218879000,0.6975057195469002,0.6978756664712615,0.6975057195469002,0.6976906439684644,6116000000,8
1188218880000,1188219359000,0.6976906439684644,0.6976906439684644,0.6973306183927924,0.6975446428571429,9311000000,8
1188219360000,1188219839000,0.6975203152791825,0.6977490615275123,0.6971653257853567,0.6973889756750725,15325000000,8
1188219840000,1188220319000,0.6973646589538136,0.6975933031042902,0.6971653257853567,0.6975933031042902,7078000000,8
1188220320000,1188220799000,0.6975933031042902,0.6980120616484253,0.6975787043173146,0.6979633429652276,7082000000,8
1188220800000,1188221279000,0.6979633429652276,0.6981533842985304,0.6978610558637776,0.6980412961230786,4160000000,8
1188221280000,1188221759000,0.6980948990205729,0.6987631891551953,0.6979584714709475,0.6987485413624199,4558000000,8
1188221760000,1188222239000,0.6988803936094377,0.6989634372225989,0.6982167544092388,0.6985825759533906,9318000000,8
1188222240000,1188222719000,0.6986509051022476,0.6986509051022476,0.6979828296223912,0.6980071894740516,5997000000,8
1188222720000,1188223199000,0.6980071894740516,0.6980364235405804,0.6973987028384128,0.6977587987384521,8337000000,8
1188223200000,1188223679000,0.6976955117247731,0.6980412961230786,0.6973889756750725,0.6974035665218391,14797000000,8
1188223680000,1188224159000,0.6974035665218391,0.6975203152791825,0.6966941860870172,0.6968883933238093,7596000000,8
1188224160000,1188224639000,0.6968883933238093,0.6970875681403098,0.6968204084761235,0.6969855375500958,5421000000,8
1188224640000,1188225119000,0.696883536823326,0.6974084302731052,0.6967621463061154,0.6972674090240348,7015000000,8
1188225120000,1188225599000,0.6972674090240348,0.6974424784315914,0.6966505043749651,0.697024402824343,11579000000,8
1188225600000,1188226079000,0.6970535546246018,0.6973597958130517,0.6966456511895225,0.6972139331232395,5701000000,8
1188226080000,1188226559000,0.6972139331232395,0.6974522070875093,0.6970049696454336,0.6971118655410633,4858000000,8
1188226560000,1188227039000,0.6971118655410633,0.6974473427256243,0.6969272477646058,0.6971507449055709,6893000000,8
1188227040000,1188227519000,0.6971507449055709,0.6975008544385467,0.6971507449055709,0.6972819947843307,4408000000,8
1188227520000,1188227999000,0.6973160305982274,0.6973646589538136,0.6969612489545581,0.697024402824343,4519000000,8
1188228000000,1188228479000,0.697024402824343,0.6970924274849601,0.6964127777816468,0.6967038938780629,5424000000,8
1188228480000,1188228959000,0.6967330188744975,0.6968446872561043,0.6964806831082541,0.6966747713165063,5983000000,8
1188228960000,1188229439000,0.6966747713165063,0.6968786803905308,0.6965680094175994,0.6967767109352138,3379000000,8
1188229440000,1188229919000,0.696810697437827,0.696810697437827,0.696504938220012,0.6965825659315398,3332000000,8
1188229920000,1188230399000,0.6965825659315398,0.6968446872561043,0.6964515792039558,0.6967767109352138,3597000000,8
1188230400000,1188230879000,0.6968446872561043,0.6970195444280258,0.696684478566502,0.696810697437827,2411000000,8
1188230880000,1188231359000,0.6967475822858894,0.696810697437827,0.6966310920388998,0.6967233102717918,2461000000,8
1188231360000,1188231839000,0.6967233102717918,0.6969709641896319,0.696495235972586,0.6967038938780629,2247000000,8
1188231840000,1188232319000,0.6966699177929497,0.696873824025422,0.6966359450214912,0.6967718559911928,3402000000,8
1188232320000,1188232799000,0.6967718559911928,0.6968349755410923,0.6966407980716983,0.6967330188744975,1348000000,8
1188232800000,1188233279000,0.6967621463061154,0.6968009866701971,0.6965388982147708,0.6967087478750383,3222000000,8
1188233280000,1188233759000,0.6966602109487119,0.6967087478750383,0.6965728615213151,0.696684478566502,2747000000,8
1188233760000,1188234239000,0.696684478566502,0.696883536823326,0.6963788300835655,0.6965631573814798,3677000000,8
1188234240000,1188234719000,0.6965097894450907,0.6967961313878785,0.6964079279078513,0.6966941860870172,4050000000,8
1188234720000,1188235199000,0.6966941860870172,0.6969321048743431,0.6966310920388998,0.6968301197850976,2298000000,8
1188235200000,1188235679000,0.6968301197850976,0.6969806796955588,0.6962527676047512,0.69643217795235,3620000000,8
1188235680000,1188236159000,0.6965000870625109,0.696616533496806,0.6963060961598718,0.6965534535120225,2486000000,8
1188236160000,1188236639000,0.696616533496806,0.696616533496806,0.6958651691648227,0.6962236827447922,5165000000,8
1188236640000,1188237119000,0.6962236827447922,0.6963933786917554,0.6961461349966586,0.6963254903872266,5086000000,8
1188237120000,1188237599000,0.6963254903872266,0.6966262391239229,0.69619460031468,0.6964467287897149,3067000000,8
1188237600000,1188238079000,0.6963933786917554,0.6963933786917554,0.6961509812248081,0.6962430723814298,3297000000,8
1188238080000,1188238559000,0.6961897534792083,0.6963060961598718,0.6961219048679804,0.6962576153176675,2675000000,8
1188238560000,1188239039000,0.6962576153176675,0.6964564296857588,0.696034690368968,0.6961558275204321,1380000000,8
1188239040000,1188239519000,0.6961558275204321,0.6963206417291034,0.6959717157094736,0.6959717157094736,1939000000,8
1188239520000,1188239999000,0.6960686045216617,0.6962673109460185,0.6960007795208731,0.6961509812248081,3129000000,8
1188240000000,1188240479000,0.6961509812248081,0.6962139883314535,0.6951154239161413,0.6952072412786251,2152000000,8
1188240480000,1188240959000,0.6952072412786251,0.6956908906234782,0.6951444162524765,0.6956231392081026,2155000000,8
1188240960000,1188241439000,0.6956908906234782,0.6956908906234782,0.6953087518512595,0.695444145403462,6320000000,8
1188241440000,1188241919000,0.695444145403462,0.6958264330545388,0.695434472686811,0.6956424954087596,1815000000,8
1188241920000,1188242399000,0.6956424954087596,0.6957247712804815,0.6955215368243878,0.6956424954087596,3584000000,8
1188242400000,1188242879000,0.6956424954087596,0.6956666921744453,0.6950477845351868,0.6953619358876295,1761000000,8
1188242880000,1188243359000,0.6954102920723227,0.695632817173783,0.6951830764631867,0.6951830764631867,4663000000,8
1188243360000,1188243839000,0.6952120744433089,0.6953329254046837,0.6948835722574682,0.6949898183991604,3000000000,8
1188243840000,1188244319000,0.6949898183991604,0.6951589133275867,0.6948980584548247,0.6951589133275867,2101000000,8
1188244320000,1188244799000,0.6951589133275867,0.6952362412747851,0.6948208057142063,0.6950236308034473,4806000000,8
1188244800000,1188245279000,0.6949898183991604,0.6950236308034473,0.6947339169098236,0.6947339169098236,1338000000,8
1188245280000,1188245759000,0.6947097849873216,0.6950864339980677,0.694680828893165,0.6949028873214969,2224000000,8
1188245760000,1188246239000,0.6948787436592314,0.6952072412786251,0.6948159779882298,0.6951250877595423,1294000000,8
1188246240000,1188246719000,0.6951250877595423,0.6952410748427017,0.6949801583164801,0.6950719399457843,1459000000,8
1188246720000,1188247199000,0.6950719399457843,0.6951250877595423,0.6947097849873216,0.6947628774299331,2146000000,8
1188247200000,1188247679000,0.6947290903912019,0.6949270326615705,0.6944396219470698,0.6949270326615705,834000000,8
1188247680000,1188248159000,0.6949270326615705,0.6950864339980677,0.6947821857847565,0.6949028873214969,542000000,8
1188248160000,1188248639000,0.6949028873214969,0.6949560092846122,0.6946132740596672,0.6947146112377035,557000000,8
1188248640000,1188249119000,0.6947146112377035,0.6947146112377035,0.6945457323637475,0.6947146112377035,129000000,8
1188249120000,1188249599000,0.6950719399457843,0.6950719399457843,0.6945602044785242,0.6947628774299331,682000000,8
1188249600000,1188250079000,0.6948159779882298,0.6948159779882298,0.6945119664411818,0.6947773585954381,1112000000,8
1188250080000,1188250559000,0.6950719399457843,0.6953135864274789,0.6947290903912019,0.694844945350445,517000000,8
1188250560000,1188251039000,0.694844945350445,0.6949753283758426,0.6947773585954381,0.6948980584548247,212000000,8
1188251040000,1188251519000,0.6948980584548247,0.6952652436904679,0.6947290903912019,0.6952652436904679,956000000,8
1188251520000,1188251999000,0.6947773585954381,0.6950429536545358,0.6947532236549577,0.6948497734789738,1355000000,8
1188252000000,1188252479000,0.6948497734789738,0.6952652436904679,0.6947773585954381,0.6952652436904679,1443000000,8
1188252480000,1188252959000,0.6948835722574682,0.6949994787503909,0.6948835722574682,0.6949994787503909,1054000000,8
1188252960000,1188253439000,0.6949994787503909,0.6953619358876295,0.6948304613674263,0.6949270326615705,1199000000,8
1188253440000,1188253919000,0.6949270326615705,0.6950767712293823,0.6948642582671475,0.6950767712293823,1099000000,8
1188253920000,1188254399000,0.6950767712293823,0.6952217409742837,0.6948690866640725,0.6951492485436623,4080000000,8
1188254400000,1188254879000,0.6951492485436623,0.6952845799785852,0.6949511796796275,0.6951347518716504,5231000000,8
1188254880000,1188255359000,0.6950864339980677,0.6953329254046837,0.6949270326615705,0.6950332920946913,4786000000,8
1188255360000,1188255839000,0.6950864339980677,0.6951879092918816,0.6949366912674255,0.6949366912674255,2856000000,8
1188255840000,1188256319000,0.6950719399457843,0.6952169076751947,0.6950091393701827,0.6951492485436623,2684000000,8
1188256320000,1188256799000,0.6951492485436623,0.6952169076751947,0.6947387434955086,0.6947773585954381,3718000000,8
1188256800000,1188257279000,0.6947773585954381,0.6949849883242523,0.6947242639396424,0.6949318619309377,1557000000,8
1188257280000,1188257759000,0.6949318619309377,0.6950332920946913,0.6948835722574682,0.6949173743241929,3925000000,8
1188257760000,1188258239000,0.6949173743241929,0.6952845799785852,0.6948787436592314,0.6949125452561795,5904000000,8
1188258240000,1188258719000,0.6948884009228118,0.6949366912674255,0.6944589123384515,0.6946373992775771,4718000000,8
1188258720000,1188259199000,0.6946904806563436,0.6946904806563436,0.6943431860631436,0.694661526171373,5233000000,8
1188259200000,1188259679000,0.694661526171373,0.6950719399457843,0.6944926731022988,0.6950043090267161,4381000000,8
1188259680000,1188260159000,0.6949366912674255,0.6951347518716504,0.6948208057142063,0.6948208057142063,2381000000,8
1188260160000,1188260639000,0.6947725314731957,0.6947725314731957,0.6945746771964187,0.6947580505089103,3046000000,8
1188260640000,1188261119000,0.6947580505089103,0.6949608389567248,0.6947580505089103,0.6949077162552812,4439000000,8
1188261120000,1188261599000,0.6949077162552812,0.6949608389567248,0.6947097849873216,0.6947773585954381,6020000000,8
1188261600000,1188262079000,0.6948256335072713,0.6949463501417691,0.694367292523053,0.6946663517512539,6777000000,8
1188262080000,1188262559000,0.6946663517512539,0.6947532236549577,0.6944878499350654,0.6945698528901052,6765000000,8
1188262560000,1188263039000,0.6946373992775771,0.6948208057142063,0.6945698528901052,0.6947580505089103,8756000000,8
1188263040000,1188263519000,0.694704958803996,0.6948546016745997,0.6945698528901052,0.6947387434955086,6850000000,8
1188263520000,1188263999000,0.6946084492171763,0.6947918403646268,0.694555380373254,0.6947194375551433,4778000000,8
1188264000000,1188264479000,0.6947194375551433,0.6948352892946728,0.6945650286508074,0.694680828893165,5630000000,8
1188264480000,1188264959000,0.694680828893165,0.6948352892946728,0.6945795015697496,0.6945795015697496,9398000000,8
1188264960000,1188265439000,0.6945795015697496,0.6948256335072713,0.6945119664411818,0.6947242639396424,4002000000,8
1188265440000,1188265919000,0.6947242639396424,0.6948787436592314,0.6945409084595083,0.6947483968680742,3056000000,8
1188265920000,1188266399000,0.6947483968680742,0.6950043090267161,0.6946325740999298,0.6947966677551815,7929000000,8
1188266400000,1188266879000,0.6948497734789738,0.6948980584548247,0.6943528284462467,0.6944203326273393,5707000000,8
1188266880000,1188267359000,0.6944203326273393,0.6947966677551815,0.6943335439478417,0.6945505563349956,1645000000,8
1188267360000,1188267839000,0.6944974963365258,0.6945650286508074,0.6944974963365258,0.6945119664411818,919000000,8
1188267840000,1188268319000,0.6945119664411818,0.6946325740999298,0.6944492670087986,0.6945119664411818,1129000000,8
1188268320000,1188268799000,0.6945119664411818,0.6946663517512539,0.6945119664411818,0.6946663517512539,1173000000,8
1188268800000,1188269279000,0.6946663517512539,0.6946663517512539,0.6944347995166733,0.6944830268348241,1084000000,8
1188269280000,1188269759000,0.6944830268348241,0.6945650286508074,0.6943576497382271,0.6944347995166733,1345000000,8
1188269760000,1188270239000,0.6944347995166733,0.6944830268348241,0.694107031304227,0.6942371375214346,1864000000,8
1188270240000,1188270719000,0.6942371375214346,0.6943721140159012,0.694107031304227,0.6942226788664732,3842000000,8
1188270720000,1188271199000,0.6942226788664732,0.6945216135126125,0.6942226788664732,0.6943528284462467,4191000000,8
1188271200000,1188271679000,0.6943528284462467,0.6945505563349956,0.6941937633632299,0.6942853373879596,2269000000,8
1188271680000,1188272159000,0.6942853373879596,0.6947532236549577,0.6942853373879596,0.6944540896401339,7282000000,8
1188272160000,1188272639000,0.6944540896401339,0.6947194375551433,0.6942371375214346,0.6944926731022988,2989000000,8
1188272640000,1188273119000,0.6944396219470698,0.6946567006585346,0.6943576497382271,0.6944251548568096,5907000000,8
1188273120000,1188273599000,0.6944926731022988,0.6944926731022988,0.6938469651133745,0.6938469651133745,4169000000,8
1188273600000,1188274079000,0.6938469651133745,0.6939143709666227,0.6934860852017004,0.693688131689755,1665000000,8
1188274080000,1188274559000,0.693688131689755,0.693986606058503,0.6936352033738415,0.6937555066843343,4102000000,8
1188274560000,1188275039000,0.6937555066843343,0.6938036396938938,0.6936207697803303,0.693688131689755,1749000000,8
1188275040000,1188275519000,0.693688131689755,0.6938036396938938,0.6934908944645557,0.6936592606979599,4016000000,8
1188275520000,1188275999000,0.6936592606979599,0.6938710371290392,0.6935582311490873,0.6937555066843343,3718000000,8
1188276000000,1188276479000,0.6937555066843343,0.6938854811401927,0.6935197514425211,0.6937555066843343,3188000000,8
1188276480000,1188276959000,0.6937555066843343,0.6940684906786602,0.6935726621399491,0.6938325227056693,2597000000,8
1188276960000,1188277439000,0.6938325227056693,0.6940684906786602,0.6938180808991882,0.6940684906786602,1481000000,8
1188277440000,1188277919000,0.6940684906786602,0.6940684906786602,0.6932937693688946,0.693332224001775,3027000000,8
1188277920000,1188278399000,0.6931351890872796,0.6933178030145458,0.6923194084822973,0.6924680252889323,2918000000,8
1188278400000,1188278879000,0.6924680252889323,0.6931063641026353,0.6923337879658541,0.6931063641026353,4266000000,8
1188278880000,1188279359000,0.6931063641026353,0.6932360954170161,0.6923337879658541,0.6927270586116364,1542000000,8
1188279360000,1188279839000,0.6927270586116364,0.6930054955335796,0.6926790748578276,0.6930054955335796,2387000000,8
1188279840000,1188280319000,0.6929382661298705,0.6937891990897486,0.6929382661298705,0.6937891990897486,3126000000,8
1188280320000,1188280799000,0.6937891990897486,0.6939047407571889,0.6930679345189416,0.6934764668760965,3544000000,8
1188280800000,1188281279000,0.6935293709688606,0.6937747590867149,0.693394721879377,0.6936785077587941,10718000000,8
1188281280000,1188281759000,0.6936785077587941,0.6937314426839082,0.6931832360566192,0.6934476135000381,13938000000,8
1188281760000,1188282239000,0.6934476135000381,0.6938180808991882,0.693332224001775,0.693332224001775,14027000000,8
1188282240000,1188282719000,0.6933562603136744,0.6936159587159781,0.693000693000693,0.6932457070759589,11248000000,8
1188282720000,1188283199000,0.6932457070759589,0.6935582311490873,0.6931784310599391,0.69334183832655,14949000000,8
1188283200000,1188283679000,0.69334183832655,0.6943431860631436,0.69334183832655,0.6942274983512097,15543000000,8
1188283680000,1188284159000,0.6941793065148728,0.6951975751508579,0.6941263032221343,0.6949077162552812,13807000000,8
1188284160000,1188284639000,0.6948546016745997,0.695163745820328,0.6947387434955086,0.6948111503293405,12062000000,8
1188284640000,1188285119000,0.6948111503293405,0.6948642582671475,0.6941407578628794,0.6944540896401339,9389000000,8
1188285120000,1188285599000,0.6945071430059658,0.6948594299373236,0.694294978164423,0.6946229239457361,14639000000,8
1188285600000,1188286079000,0.6946229239457361,0.6947387434955086,0.6938951108150492,0.6942130400977452,17586000000,8
1188286080000,1188286559000,0.6941503946244993,0.6943383649720182,0.6938084533621958,0.6941166671294111,16933000000,8
1188286560000,1188287039000,0.6941407578628794,0.694246776959338,0.6939432631988008,0.6940106877645915,10084000000,8
1188287040000,1188287519000,0.6940106877645915,0.6941263032221343,0.693433187712364,0.6937170050849456,13302000000,8
1188287520000,1188287999000,0.6938180808991882,0.6940106877645915,0.693625580911424,0.6939625260235947,6773000000,8
1188288000000,1188288479000,0.6939625260235947,0.6939625260235947,0.6935245611723339,0.6937073803528195,13163000000,8
1188288480000,1188288959000,0.6937073803528195,0.6941503946244993,0.6935726621399491,0.6939528944775228,16130000000,8
1188288960000,1188289439000,0.6939528944775228,0.6941359395824078,0.6937747590867149,0.6938517793828882,8843000000,8
1188289440000,1188289919000,0.6938517793828882,0.6940010548816035,0.6937747590867149,0.6939191861715784,9246000000,8
1188289920000,1188290399000,0.6939191861715784,0.6944782038015738,0.6938854811401927,0.6944782038015738,4308000000,8
1188290400000,1188290879000,0.6948739151281,0.695337760317074,0.6945795015697496,0.6946373992775771,9597000000,8
1188290880000,1188291359000,0.6946036244417123,0.6948546016745997,0.6942853373879596,0.6943287229906127,8265000000,8
1188291360000,1188291839000,0.6942997986530585,0.6946180989691867,0.6942082208137509,0.6945167899433968,10580000000,8
1188291840000,1188292319000,0.6945167899433968,0.6945167899433968,0.6937940125576717,0.693986606058503,7194000000,8
1188292320000,1188292799000,0.6939625260235947,0.6948304613674263,0.6938662225922841,0.6944106883693154,5888000000,8
1188292800000,1188293279000,0.6943431860631436,0.6949125452561795,0.6942805171001292,0.694598799733274,4547000000,8
1188293280000,1188293759000,0.694598799733274,0.6948256335072713,0.6944010443791707,0.6947097849873216,3285000000,8
1188293760000,1188294239000,0.6946856547412296,0.6947966677551815,0.6944685579360395,0.6944733808353126,8910000000,8
1188294240000,1188294719000,0.6945264371488301,0.6945264371488301,0.6932505130053797,0.6933081893563326,9902000000,8
1188294720000,1188295199000,0.6933081893563326,0.6935967151259572,0.6933081893563326,0.6934187625248764,7298000000,8
1188295200000,1188295679000,0.6934476135000381,0.6934476135000381,0.6929142587896174,0.6932168728986864,9021000000,8
1188295680000,1188296159000,0.6933178030145458,0.6933178030145458,0.6928710497689274,0.6929478695317752,12573000000,8
1188296160000,1188296639000,0.6929478695317752,0.6932024567095066,0.692885452177046,0.6929910881346066,10353000000,8
1188296640000,1188297119000,0.6929910881346066,0.6939095558284933,0.692885452177046,0.6938421509106678,10730000000,8
1188297120000,1188297599000,0.6938421509106678,0.6938951108150492,0.6930967563071805,0.6934235708540204,9169000000,8
1188297600000,1188298079000,0.6934235708540204,0.6940636734013979,0.6934235708540204,0.6937121926854987,14626000000,8
1188298080000,1188298559000,0.6937603196847554,0.6937603196847554,0.6931976514463569,0.6937410680837485,12962000000,8
1188298560000,1188299039000,0.6938180808991882,0.6942997986530585,0.6935293709688606,0.694246776959338,11671000000,8
1188299040000,1188299519000,0.6943142605205969,0.6944299771532538,0.6939480788047439,0.6941841253974205,9950000000,8
1188299520000,1188299999000,0.6941841253974205,0.6943480072212194,0.6939095558284933,0.6940733080227933,9894000000,8
1188300000000,1188300479000,0.6941407578628794,0.6942997986530585,0.6937314426839082,0.6938180808991882,9628000000,8
1188300480000,1188300959000,0.6938180808991882,0.6940492219708222,0.693688131689755,0.6939577102171394,7654000000,8
1188300960000,1188301439000,0.693986606058503,0.6941359395824078,0.6937362553504408,0.6939047407571889,12287000000,8
1188301440000,1188301919000,0.6938902959442113,0.6942997986530585,0.6937603196847554,0.6941937633632299,7697000000,8
1188301920000,1188302399000,0.6941937633632299,0.6943335439478417,0.6938469651133745,0.694107031304227,8572000000,8
1188302400000,1188302879000,0.694107031304227,0.6941841253974205,0.6930679345189416,0.6932024567095066,10995000000,8
1188302880000,1188303359000,0.6932120674356699,0.6935005131903798,0.6928326462742925,0.6933514529179696,8110000000,8
1188303360000,1188303839000,0.6933851060879213,0.6935005131903798,0.6927606511950121,0.6928710497689274,11823000000,8
1188303840000,1188304319000,0.6928710497689274,0.6931784310599391,0.6927366561601607,0.6929190601245868,11727000000,8
1188304320000,1188304799000,0.6929190601245868,0.6935438007587369,0.6925495519204399,0.6930199035316295,8604000000,8
1188304800000,1188305279000,0.6930679345189416,0.6931688212664194,0.6925879240369566,0.6928326462742925,14671000000,8
1188305280000,1188305759000,0.6928326462742925,0.692885452177046,0.6922187688196978,0.6924056943444303,11309000000,8
1188305760000,1188306239000,0.6925351634729253,0.6926023146769357,0.6921756464920539,0.6923242015771145,18109000000,8
1188306240000,1188306719000,0.6923242015771145,0.6923913118738186,0.6910515731789063,0.6919601154189472,17039000000,8
1188306720000,1188307199000,0.6919601154189472,0.6920989978406512,0.6915820631276107,0.6916873020045098,13204000000,8
1188307200000,1188307679000,0.6916873020045098,0.69180693052183,0.6906792830749041,0.6907651605683616,10637000000,8
1188307680000,1188308159000,0.6908224240958862,0.6911136605526146,0.6902740387934009,0.690894016857814,10782000000,8
1188308160000,1188308639000,0.690994271657488,0.6914720749002551,0.6907222191523458,0.6911375432824887,12666000000,8
1188308640000,1188309119000,0.6911375432824887,0.6913334439466844,0.6907222191523458,0.6909894969596462,13983000000,8
1188309120000,1188309599000,0.6909656244601832,0.6911088842047065,0.6904980562479717,0.6905457382969762,16237000000,8
1188309600000,1188310079000,0.6905457382969762,0.6916538134333003,0.6904313124408819,0.6914242648431503,12543000000,8
1188310080000,1188310559000,0.6914242648431503,0.6919361758071436,0.6910467976891396,0.6918212887246966,8536000000,8
1188310560000,1188311039000,0.6918212887246966,0.6923242015771145,0.6917830015080869,0.6920702589726909,8224000000,8
1188311040000,1188311519000,0.6920702589726909,0.6924728204417977,0.6918165025908528,0.6919936336585704,10243000000,8
1188311520000,1188311999000,0.6919696917275023,0.692151691964811,0.6915246736003541,0.6918452203872949,14102000000,8
1188312000000,1188312479000,0.6918452203872949,0.6919505393754455,0.6912092013768888,0.6914147036250873,17200000000,8
1188312480000,1188312959000,0.6914386071660696,0.6917207938187829,0.6909417536101706,0.6910181461365175,18337000000,8
1188312960000,1188313439000,0.690979947761916,0.6917925729149372,0.6907890192177506,0.691543802384443,11001000000,8
1188313440000,1188313919000,0.691519891569681,0.6922523121227224,0.6912808743320499,0.6914242648431503,14116000000,8
1188313920000,1188314399000,0.6914242648431503,0.691515109605145,0.6904932884052367,0.6905075921309755,16821000000,8
1188314400000,1188314879000,0.6905314329908298,0.6914386071660696,0.6904360794277665,0.6913716814159292,11992000000,8
1188314880000,1188315359000,0.6913716814159292,0.6915007641083444,0.6905743506874668,0.6906935945076045,14371000000,8
1188315360000,1188315839000,0.6906935945076045,0.6908415140482621,0.690245451282476,0.6905075921309755,12489000000,8
1188315840000,1188316319000,0.6905075921309755,0.690846286701209,0.6902978635281124,0.6906458920382341,18865000000,8
1188316320000,1188316799000,0.6906458920382341,0.6911136605526146,0.6905314329908298,0.6911136605526146,11049000000,8
1188316800000,1188317279000,0.6911423200265399,0.6915677148527998,0.691085003455425,0.6912952107067802,5296000000,8
1188317280000,1188317759000,0.6913191059861321,0.6916777335104028,0.6911805363560962,0.6913382233990335,5062000000,8
1188317760000,1188318239000,0.6913382233990335,0.6918452203872949,0.6912522033663983,0.6913908017367737,7093000000,8
1188318240000,1188318719000,0.6913621216520789,0.6914816377051107,0.6910324716158412,0.6910945555570913,5568000000,8
1188318720000,1188319199000,0.6910945555570913,0.6915820631276107,0.6910085961469361,0.6915677148527998,4855000000,8
1188319200000,1188319679000,0.6915677148527998,0.6915677148527998,0.6910038212511315,0.6910945555570913,3224000000,8
1188319680000,1188320159000,0.6910945555570913,0.6914242648431503,0.6910038212511315,0.6912474251033415,4062000000,8
1188320160000,1188320639000,0.6912474251033415,0.6914099231152165,0.6911518737127296,0.6912139791115135,3679000000,8
1188320640000,1188321119000,0.6912139791115135,0.6914959824083422,0.6911805363560962,0.6914051426714513,3791000000,8
1188321120000,1188321599000,0.6914051426714513,0.6918547935159369,0.6913143267981086,0.6913191059861321,3799000000,8
1188321600000,1188322079000,0.6912904318491329,0.6914433880726015,0.6911375432824887,0.691237868775403,4675000000,8
1188322080000,1188322559000,0.691237868775403,0.691634678562783,0.6912044237083117,0.6914577311888924,4249000000,8
1188322560000,1188323039000,0.6914577311888924,0.6917830015080869,0.6914338263256515,0.6917207938187829,3289000000,8
1188323040000,1188323519000,0.6917207938187829,0.6917973587176843,0.6915485847458214,0.6916490296164114,3154000000,8
1188323520000,1188323999000,0.6916251115245492,0.6918547935159369,0.6914099231152165,0.6914290455513455,3175000000,8
1188324000000,1188324479000,0.6914290455513455,0.6916777335104028,0.6913477825019876,0.6914481690452484,9078000000,8
1188324480000,1188324959000,0.6914816377051107,0.6917112243980383,0.6910372469076083,0.6912856530575564,5257000000,8
1188324960000,1188325439000,0.6912187569121876,0.6917351484463629,0.6912187569121876,0.6915677148527998,9261000000,8
1188325440000,1188325919000,0.6915677148527998,0.6916777335104028,0.6911709818774968,0.6913621216520789,3337000000,8
1188325920000,1188326399000,0.6913621216520789,0.6914290455513455,0.6909894969596462,0.6911423200265399,4783000000,8
1188326400000,1188326879000,0.6911423200265399,0.691304768620294,0.6906745127291313,0.6908987902362184,9014000000,8
1188326880000,1188327359000,0.6908987902362184,0.6910038212511315,0.6904980562479717,0.6906792830749041,4694000000,8
1188327360000,1188327839000,0.6906125042300015,0.6906125042300015,0.6895981022260227,0.6904027119018523,7047000000,8
1188327840000,1188328319000,0.6904027119018523,0.6906172737192502,0.690245451282476,0.6905695817910612,3565000000,8
1188328320000,1188328799000,0.6905886577718847,0.6906029654491336,0.6901644661922935,0.6904122451515801,6087000000,8
1188328800000,1188329279000,0.6904122451515801,0.6908510594200996,0.69030262867241,0.6907508461697865,6288000000,8
1188329280000,1188329759000,0.6907269901571403,0.6909703988281142,0.6904408464804778,0.6908558322049354,3536000000,8
1188329760000,1188330239000,0.6908558322049354,0.690870150955128,0.6902835684899357,0.6903455179317248,5130000000,8
1188330240000,1188330719000,0.6902740387934009,0.6905028241565507,0.6898074057723084,0.6904360794277665,6044000000,8
1188330720000,1188331199000,0.6904360794277665,0.6904885206283445,0.6896646850301383,0.6897027381198704,4240000000,8
1188331200000,1188331679000,0.6897645833477034,0.6904646827314783,0.6897455528655478,0.6903073938824958,3726000000,8
1188331680000,1188332159000,0.690364581535509,0.6905314329908298,0.690078737984004,0.6903502837339667,3288000000,8
1188332160000,1188332639000,0.6903502837339667,0.6905648129605204,0.6901835197979143,0.6903455179317248,4245000000,8
1188332640000,1188333119000,0.6903455179317248,0.6904599153496144,0.6902121021789995,0.6902263942573164,3072000000,8
1188333120000,1188333599000,0.6902788036087776,0.6904742176927113,0.6902263942573164,0.6904599153496144,3814000000,8
1188333600000,1188334079000,0.6904599153496144,0.6907460748354297,0.6903073938824958,0.6905028241565507,1594000000,8
1188334080000,1188334559000,0.6905028241565507,0.6907031357922365,0.6904360794277665,0.6906077348066298,1625000000,8
1188334560000,1188335039000,0.6905791196497383,0.690760389036251,0.6902216301654461,0.6902216301654461,1086000000,8
1188335040000,1188335519000,0.6903741137322315,0.6904742176927113,0.6898597515125174,0.6900215976760072,930000000,8
1188335520000,1188335999000,0.6900692139421584,0.6901835197979143,0.6898264396677796,0.6900406433938959,1733000000,8
1188336000000,1188336479000,0.6899787486545415,0.6903312209197974,0.6896979812540088,0.6901644661922935,1503000000,8
1188336480000,1188336959000,0.6902263942573164,0.690316924500038,0.6897740989825831,0.6898549924805806,2267000000,8
1188336960000,1188337439000,0.6898549924805806,0.6902263942573164,0.6895933468033901,0.6901311249137336,2207000000,8
1188337440000,1188337919000,0.6896456600598612,0.6902263942573164,0.689541041482789,0.689721766239499,927000000,8
1188337920000,1188338399000,0.689788372927186,0.690316924500038,0.6896837110501124,0.6898121641477025,1390000000,8
1188338400000,1188338879000,0.6898740290023041,0.6906458920382341,0.6898502335143041,0.6906220432743773,3604000000,8
1188338880000,1188339359000,0.6906220432743773,0.6907794755602221,0.6903407521952836,0.6904456135990168,2343000000,8
1188339360000,1188339839000,0.6904456135990168,0.6909560759222536,0.6904313124408819,0.6905600441958428,2192000000,8
1188339840000,1188340319000,0.6906125042300015,0.6906745127291313,0.6903741137322315,0.6904742176927113,1543000000,8
1188340320000,1188340799000,0.6904217786645862,0.6906268128953839,0.6903216899074969,0.6904122451515801,3172000000,8
1188340800000,1188341279000,0.6904742176927113,0.6907174482134594,0.6903121591583714,0.6905218964493364,3185000000,8
1188341280000,1188341759000,0.6905218964493364,0.690894016857814,0.6904885206283445,0.6906363523350415,2435000000,8
1188341760000,1188342239000,0.6906363523350415,0.6907126773404799,0.6904837529172938,0.6904837529172938,1582000000,8
1188342240000,1188342719000,0.6905123601712471,0.6907174482134594,0.6904217786645862,0.6907174482134594,810000000,8
1188342720000,1188343199000,0.6907937911454052,0.6914003622937899,0.6907413035669882,0.6914003622937899,2592000000,8
1188343200000,1188343679000,0.6916585973163647,0.691811716523231,0.6907556175700599,0.6908033351985023,6013000000,8
1188343680000,1188344159000,0.6908033351985023,0.69096085015823,0.6905886577718847,0.6906745127291313,6379000000,8
1188344160000,1188344639000,0.6906077348066298,0.6908271964850712,0.6901644661922935,0.6902930984496016,5191000000,8
1188344640000,1188345119000,0.6902930984496016,0.6905838886778771,0.690245451282476,0.6903836461921891,6831000000,8
1188345120000,1188345599000,0.6904456135990168,0.6905981961575116,0.6901501766784452,0.6904313124408819,6220000000,8
1188345600000,1188346079000,0.6903693476009666,0.690550506864072,0.6901215994258189,0.6902406869275317,8378000000,8
1188346080000,1188346559000,0.6902406869275317,0.6907508461697865,0.6901739928636009,0.6906220432743773,5516000000,8
1188346560000,1188347039000,0.6905695817910612,0.6909560759222536,0.6904789852720833,0.6909035636805814,4872000000,8
1188347040000,1188347519000,0.6909035636805814,0.6918691537056512,0.6908271964850712,0.6918021445866482,6584000000,8
1188347520000,1188347999000,0.6917542888765911,0.6920750486182722,0.6914672935970129,0.6915724975449176,6133000000,8
1188348000000,1188348479000,0.691543802384443,0.6922235605211059,0.6913764613969953,0.691730363504306,6007000000,8
1188348480000,1188348959000,0.6917830015080869,0.6920989978406512,0.6916394621811542,0.6919505393754455,7352000000,8
1188348960000,1188349439000,0.6920032108948986,0.6922427279901425,0.691515109605145,0.6921229487206108,4031000000,8
1188349440000,1188349919000,0.6921229487206108,0.6921229487206108,0.6917830015080869,0.6918500069185001,2678000000,8
1188349920000,1188350399000,0.6918500069185001,0.6918500069185001,0.6907222191523458,0.690836741461258,5507000000,8
1188350400000,1188350879000,0.690836741461258,0.6909656244601832,0.6902740387934009,0.6905791196497383,7065000000,8
1188350880000,1188351359000,0.690526664687157,0.6910181461365175,0.6904742176927113,0.6910085961469361,8168000000,8
1188351360000,1188351839000,0.6910563487346758,0.6912139791115135,0.6906840534865731,0.6910993317069462,5032000000,8
1188351840000,1188352319000,0.6910993317069462,0.6912426469063436,0.6909322057319736,0.691156650654871,6846000000,8
1188352320000,1188352799000,0.691156650654871,0.6914912007744701,0.6910897794732513,0.6913382233990335,2801000000,8
1188352800000,1188353279000,0.6913860215574161,0.6915390200892085,0.6912856530575564,0.6914912007744701,2725000000,8
1188353280000,1188353759000,0.6914912007744701,0.6915007641083444,0.6911996461057812,0.6912856530575564,5646000000,8
1188353760000,1188354239000,0.6912856530575564,0.6913860215574161,0.6912713170792405,0.6912713170792405,1992000000,8
1188354240000,1188354719000,0.6912713170792405,0.6913716814159292,0.6910276963900713,0.6912187569121876,1718000000,8
1188354720000,1188355199000,0.6912426469063436,0.6912952107067802,0.6910754516178076,0.6910897794732513,1050000000,8
1188355200000,1188355679000,0.6910372469076083,0.6912044237083117,0.6909751732620247,0.6911423200265399,1532000000,8
1188355680000,1188356159000,0.6911423200265399,0.6912713170792405,0.6908176517726381,0.6911423200265399,1791000000,8
1188356160000,1188356639000,0.6910897794732513,0.6911041079228175,0.6907413035669882,0.6908176517726381,2796000000,8
1188356640000,1188357119000,0.6907794755602221,0.6907794755602221,0.6905362013603563,0.6906506619886595,1129000000,8
1188357120000,1188357599000,0.6906506619886595,0.6906506619886595,0.6905362013603563,0.6905695817910612,2550000000,8
1188357600000,1188358079000,0.6905981961575116,0.6906649722352681,0.6904217786645862,0.6905362013603563,1030000000,8
1188358080000,1188358559000,0.6904694501791768,0.6906506619886595,0.6904217786645862,0.6904456135990168,2917000000,8
1188358560000,1188359039000,0.6904456135990168,0.6905123601712471,0.690245451282476,0.6903550496020102,7407000000,8
1188359040000,1188359519000,0.6903550496020102,0.6905934269317625,0.6902216301654461,0.6905695817910612,5883000000,8
1188359520000,1188359999000,0.6905695817910612,0.6907794755602221,0.6905457382969762,0.6906029654491336,7486000000,8
1188360000000,1188360479000,0.6906506619886595,0.6907556175700599,0.6901930469952445,0.6905934269317625,9844000000,8
1188360480000,1188360959000,0.6904646827314783,0.6908892435453672,0.6903741137322315,0.6905457382969762,6475000000,8
1188360960000,1188361439000,0.6905457382969762,0.691085003455425,0.6904456135990168,0.6908510594200996,11799000000,8
1188361440000,1188361919000,0.690979947761916,0.691085003455425,0.6900501666471152,0.6904885206283445,4545000000,8
1188361920000,1188362399000,0.6904885206283445,0.690669742449253,0.6901215994258189,0.690669742449253,7004000000,8
1188362400000,1188362879000,0.690540969795738,0.6909894969596462,0.690540969795738,0.6906840534865731,6232000000,8
1188362880000,1188363359000,0.6906363523350415,0.690836741461258,0.6905314329908298,0.6906363523350415,5135000000,8
1188363360000,1188363839000,0.6906363523350415,0.6908271964850712,0.6903788799293052,0.6907126773404799,7148000000,8
1188363840000,1188364319000,0.6907126773404799,0.6910754516178076,0.6905981961575116,0.690994271657488,3150000000,8
1188364320000,1188364799000,0.690994271657488,0.6911088842047065,0.6909322057319736,0.6911088842047065,1764000000,8
1188364800000,1188365279000,0.6911088842047065,0.6911088842047065,0.6908033351985023,0.6908033351985023,3273000000,8
1188365280000,1188365759000,0.6908033351985023,0.6910611243564494,0.6907651605683616,0.6909322057319736,5708000000,8
1188365760000,1188366239000,0.6909322057319736,0.6910993317069462,0.6905743506874668,0.6907222191523458,4909000000,8
1188366240000,1188366719000,0.6907460748354297,0.6908987902362184,0.6900692139421584,0.6901311249137336,9805000000,8
1188366720000,1188367199000,0.6901311249137336,0.6907126773404799,0.6901311249137336,0.6907126773404799,11017000000,8
1188367200000,1188367679000,0.6907126773404799,0.6913525621525953,0.6905075921309755,0.6913525621525953,10328000000,8
1188367680000,1188368159000,0.6913525621525953,0.6913525621525953,0.6907222191523458,0.6908606050557179,12025000000,8
1188368160000,1188368639000,0.6908606050557179,0.6913669015009576,0.6905981961575116,0.6912713170792405,17278000000,8
1188368640000,1188369119000,0.6912713170792405,0.6921133681697063,0.6911805363560962,0.6913860215574161,16794000000,8
1188369120000,1188369599000,0.691357341869292,0.6919409635969859,0.6911088842047065,0.6916825177243645,25462000000,8
1188369600000,1188370079000,0.6916825177243645,0.691730363504306,0.6911375432824887,0.6915390200892085,17856000000,8
1188370080000,1188370559000,0.6915390200892085,0.6922331441229406,0.6913812414441571,0.6918930886799372,19020000000,8
1188370560000,1188371039000,0.6918452203872949,0.6921804375964726,0.6915533671733447,0.6920654693934046,23138000000,8
1188371040000,1188371519000,0.6920367333098041,0.6922810661128419,0.691701655242061,0.691830861191056,19433000000,8
1188371520000,1188371999000,0.691830861191056,0.6919601154189472,0.6913621216520789,0.6915964119978146,15361000000,8
1188372000000,1188372479000,0.6915485847458214,0.6923433746200766,0.6914720749002551,0.6923433746200766,14585000000,8
1188372480000,1188372959000,0.6922762736152744,0.6923481680467473,0.6917255786284465,0.6919074504594266,22626000000,8
1188372960000,1188373439000,0.6919074504594266,0.6921804375964726,0.6917877871784052,0.691945751453086,13600000000,8
1188373440000,1188373919000,0.691945751453086,0.6921277390955275,0.6916203281046837,0.6917877871784052,17886000000,8
1188373920000,1188374399000,0.6917638594889248,0.6918404339223202,0.690846286701209,0.6912856530575564,21971000000,8
1188374400000,1188374879000,0.6913477825019876,0.6915007641083444,0.6904313124408819,0.6906125042300015,19565000000,8
1188374880000,1188375359000,0.6906602020871752,0.691118436966543,0.6900596901631991,0.690994271657488,22498000000,8
1188375360000,1188375839000,0.6909274318918284,0.6911948685692958,0.690669742449253,0.6911327666044647,22308000000,8
1188375840000,1188376319000,0.6911948685692958,0.691716009075314,0.691013371108731,0.6911041079228175,15213000000,8
1188376320000,1188376799000,0.6911041079228175,0.6912044237083117,0.6907794755602221,0.6911518737127296,12900000000,8
1188376800000,1188377279000,0.6912187569121876,0.6915294556971654,0.6909847223277893,0.6913477825019876,13234000000,8
1188377280000,1188377759000,0.6912187569121876,0.691811716523231,0.6910515731789063,0.6914099231152165,26602000000,8
1188377760000,1188378239000,0.6914720749002551,0.6916155447509839,0.6910467976891396,0.6913716814159292,16377000000,8
1188378240000,1188378719000,0.6913191059861321,0.6917112243980383,0.6909465276482253,0.6912044237083117,20149000000,8
1188378720000,1188379199000,0.6911375432824887,0.6913477825019876,0.6905600441958428,0.690917884409438,25844000000,8
1188379200000,1188379679000,0.6908653779724483,0.6914290455513455,0.6906554320049727,0.6912617600906935,14985000000,8
1188379680000,1188380159000,0.6912617600906935,0.6913238852402351,0.6900454049876482,0.6902549801896821,24704000000,8
1188380160000,1188380639000,0.6903455179317248,0.6904217786645862,0.6896076132680505,0.6898121641477025,24471000000,8
1188380640000,1188381119000,0.6898121641477025,0.6906458920382341,0.689531532276971,0.6903359865246416,16470000000,8
1188381120000,1188381599000,0.6903359865246416,0.6909465276482253,0.6902216301654461,0.6909226581176503,24823000000,8
1188381600000,1188382079000,0.6908892435453672,0.6913191059861321,0.6905648129605204,0.690994271657488,13220000000,8
1188382080000,1188382559000,0.6910420222653739,0.6910563487346758,0.6907126773404799,0.6909417536101706,9649000000,8
1188382560000,1188383039000,0.690917884409438,0.6913955819822312,0.6908415140482621,0.6909703988281142,8870000000,8
1188383040000,1188383519000,0.6909703988281142,0.6915533671733447,0.6907890192177506,0.691013371108731,13855000000,8
1188383520000,1188383999000,0.6909847223277893,0.6911853136944546,0.6906029654491336,0.6910181461365175,16202000000,8
1188384000000,1188384479000,0.6910659000442282,0.6913430029174674,0.6906792830749041,0.6913430029174674,8367000000,8
1188384480000,1188384959000,0.6912760956726116,0.6924296664566296,0.6909751732620247,0.6919218128351496,9768000000,8
1188384960000,1188385439000,0.692103787884031,0.6934283792498491,0.6919744799811782,0.6934283792498491,11213000000,8
1188385440000,1188385919000,0.6934283792498491,0.6935582311490873,0.692626300405879,0.6926934692859715,9616000000,8
1188385920000,1188386399000,0.6928230460658044,0.6928230460658044,0.6918547935159369,0.6922427279901425,13062000000,8
1188386400000,1188386879000,0.6922810661128419,0.6922810661128419,0.6919074504594266,0.6919744799811782,5728000000,8
1188386880000,1188387359000,0.6921373200442967,0.6921612735767434,0.6912617600906935,0.6915724975449176,13222000000,8
1188387360000,1188387839000,0.691543802384443,0.6920798383301497,0.6914290455513455,0.6920175772464621,3558000000,8
1188387840000,1188388319000,0.6920175772464621,0.6922714811840611,0.6915103277067443,0.691830861191056,10173000000,8
1188388320000,1188388799000,0.691830861191056,0.6920511010533018,0.6914816377051107,0.69180693052183,8752000000,8
1188388800000,1188389279000,0.6917830015080869,0.6918547935159369,0.6913955819822312,0.6916920863508401,10685000000,8
1188389280000,1188389759000,0.6916920863508401,0.69180693052183,0.6911470968366197,0.6914290455513455,10044000000,8
1188389760000,1188390239000,0.6914290455513455,0.6916777335104028,0.691118436966543,0.6916777335104028,8805000000,8
1188390240000,1188390719000,0.6916777335104028,0.6917830015080869,0.6914433880726015,0.6914433880726015,6692000000,8
1188390720000,1188391199000,0.6914433880726015,0.6923433746200766,0.6913908017367737,0.6917542888765911,6440000000,8
1188391200000,1188391679000,0.6917542888765911,0.6922714811840611,0.6916920863508401,0.6920894179527994,9369000000,8
1188391680000,1188392159000,0.6920894179527994,0.6920894179527994,0.691543802384443,0.6916298950105819,9073000000,8
1188392160000,1188392639000,0.6916968707633567,0.6916968707633567,0.6907699321663927,0.6915533671733447,11209000000,8
1188392640000,1188393119000,0.6914864192067268,0.6919936336585704,0.6909560759222536,0.6912283127116886,10082000000,8
1188393120000,1188393599000,0.691161427663045,0.6913764613969953,0.690836741461258,0.6909513017522525,14525000000,8
1188393600000,1188394079000,0.6909513017522525,0.6913477825019876,0.6906315825822714,0.6911757590837775,17628000000,8
1188394080000,1188394559000,0.6911757590837775,0.6917638594889248,0.6910754516178076,0.6916251115245492,21102000000,8
1188394560000,1188395039000,0.6916251115245492,0.6918739405680285,0.6912999896305001,0.6915677148527998,23896000000,8
1188395040000,1188395519000,0.6915677148527998,0.6916681652810247,0.6910276963900713,0.6915246736003541,24810000000,8
1188395520000,1188395999000,0.6915246736003541,0.6916107614634484,0.6908128795153257,0.690846286701209,26382000000,8
1188396000000,1188396479000,0.690846286701209,0.690994271657488,0.6899454253168574,0.6902121021789995,17479000000,8
1188396480000,1188396959000,0.6901882833637016,0.690364581535509,0.689721766239499,0.689959706353149,20264000000,8
1188396960000,1188397439000,0.6899882701994066,0.6902930984496016,0.6897598256287161,0.6901263621369073,20508000000,8
1188397440000,1188397919000,0.6901263621369073,0.6903598155358572,0.6898502335143041,0.6900977868563976,13175000000,8
1188397920000,1188398399000,0.6900977868563976,0.6904599153496144,0.6899121051977978,0.6901358877562992,11043000000,8
1188398400000,1188398879000,0.6901358877562992,0.6903264553807495,0.6899644668299583,0.6901358877562992,12685000000,8
1188398880000,1188399359000,0.6900882622887468,0.6904027119018523,0.6896884677191313,0.6903788799293052,9936000000,8
1188399360000,1188399839000,0.6903788799293052,0.6907126773404799,0.6898311983057746,0.6900644520198186,10883000000,8
1188399840000,1188400319000,0.6900644520198186,0.6906029654491336,0.689893066574681,0.6902978635281124,16417000000,8
1188400320000,1188400799000,0.6902645093599867,0.690316924500038,0.6895600606812854,0.6897693411323254,19672000000,8
1188400800000,1188401279000,0.6897693411323254,0.6897693411323254,0.6891371313977769,0.689464975179261,11560000000,8
1188401280000,1188401759000,0.6893984309291712,0.689541041482789,0.6890184243526671,0.6892131253747596,9951000000,8
1188401760000,1188402239000,0.6892131253747596,0.6904932884052367,0.689108637976777,0.689907345443507,10372000000,8
1188402240000,1188402719000,0.6898787882968962,0.6906411221536953,0.6898787882968962,0.6902883334368767,8203000000,8
1188402720000,1188403199000,0.6902883334368767,0.690526664687157,0.6901406506646055,0.6902930984496016,5833000000,8
1188403200000,1188403679000,0.6902930984496016,0.6905934269317625,0.6902359226383578,0.690550506864072,5058000000,8
1188403680000,1188404159000,0.6905791196497383,0.6906268128953839,0.6899168650177654,0.6900549283722984,5254000000,8
1188404160000,1188404639000,0.6899930310703862,0.6902502157031924,0.6898502335143041,0.6900073140775292,8408000000,8
1188404640000,1188405119000,0.6900073140775292,0.6900549283722984,0.6896313920209648,0.689731280693042,8092000000,8
1188405120000,1188405599000,0.689731280693042,0.6903693476009666,0.6897074950513488,0.6901215994258189,5687000000,8
1188405600000,1188406079000,0.6901073116869674,0.6902073382844207,0.689797889218459,0.689802647462561,7097000000,8
1188406080000,1188406559000,0.6898549924805806,0.6899025857548914,0.6893699158968704,0.6894982521219309,6751000000,8
1188406560000,1188407039000,0.6895505509508901,0.6895505509508901,0.6892131253747596,0.6894839901817479,9639000000,8
1188407040000,1188407519000,0.6894839901817479,0.689512514652141,0.6884634184962583,0.6889282343458282,5217000000,8
1188407520000,1188407999000,0.6888807754042008,0.6892701318573763,0.6888523031776758,0.6891133867166503,6526000000,8
1188408000000,1188408479000,0.6891371313977769,0.689189375456588,0.6885155604516663,0.6887479251468754,9946000000,8
1188408480000,1188408959000,0.6887763887453938,0.6889377269188638,0.6885487458084596,0.6889139959767423,8269000000,8
1188408960000,1188409439000,0.6889377269188638,0.6891181355219725,0.6886767764417449,0.6889851937081871,9806000000,8
1188409440000,1188409919000,0.6889851937081871,0.6892416274373306,0.6884349807582423,0.6885203010210755,5387000000,8
1188409920000,1188410399000,0.6885203010210755,0.6889994350204633,0.6883307291487414,0.6888475580354068,3740000000,8
1188410400000,1188410879000,0.6888475580354068,0.6892131253747596,0.6887479251468754,0.6890469103136542,7165000000,8
1188410880000,1188411359000,0.6890753986301181,0.689512514652141,0.6889187420343771,0.6893984309291712,4250000000,8
1188411360000,1188411839000,0.6893746682384408,0.6894507146156656,0.6891371313977769,0.6892701318573763,7707000000,8
1188411840000,1188412319000,0.6892701318573763,0.6893176444637453,0.689008929555727,0.6890611541774333,13082000000,8
1188412320000,1188412799000,0.6890896436717453,0.6898121641477025,0.6889851937081871,0.6896171245724374,11858000000,8
1188412800000,1188413279000,0.6896456600598612,0.6897645833477034,0.6892558793526509,0.6893414032233603,7591000000,8
1188413280000,1188413759000,0.6892748828232699,0.6893461551718195,0.6889139959767423,0.6889424733034791,3106000000,8
1188413760000,1188414239000,0.6889424733034791,0.6898121641477025,0.6888475580354068,0.6895838361548805,6057000000,8
1188414240000,1188414719000,0.6895220233334253,0.6897360380182505,0.689303389994072,0.6893699158968704,6854000000,8
1188414720000,1188415199000,0.6893936782599703,0.6901073116869674,0.6893318995229823,0.6898597515125174,7081000000,8
1188415200000,1188415679000,0.6898835476571555,0.6898835476571555,0.6895648156448465,0.689640903981297,3618000000,8
1188415680000,1188416159000,0.6896076132680505,0.6898978261319498,0.6893984309291712,0.6898121641477025,9047000000,8
1188416160000,1188416639000,0.6897645833477034,0.690035881865857,0.6896123688874484,0.6898407157787266,5899000000,8
1188416640000,1188417119000,0.6898407157787266,0.6900835001035125,0.689721766239499,0.689893066574681,1406000000,8
1188417120000,1188417599000,0.6899835093941254,0.6901978106925445,0.6894317014484961,0.6896456600598612,6196000000,8
1188417600000,1188418079000,0.6896456600598612,0.6902788036087776,0.6895695706739853,0.6900835001035125,4113000000,8
1188418080000,1188418559000,0.6900215976760072,0.6903455179317248,0.689636147968332,0.6901406506646055,2338000000,8
1188418560000,1188419039000,0.690216866139341,0.6904170118751727,0.6899930310703862,0.6901692294950722,1622000000,8
1188419040000,1188419519000,0.6901692294950722,0.6903121591583714,0.6899644668299583,0.6902597447419464,2157000000,8
1188419520000,1188419999000,0.6902597447419464,0.6903121591583714,0.6894934980763131,0.689531532276971,2398000000,8
1188420000000,1188420479000,0.6894697288315557,0.6899501855965999,0.6892986386351887,0.689574325768703,2406000000,8
1188420480000,1188420959000,0.689574325768703,0.6896741979089078,0.6893414032233603,0.6893414032233603,1516000000,8
1188420960000,1188421439000,0.6893936782599703,0.6897170091111617,0.6893936782599703,0.6894744825494008,700000000,8
1188421440000,1188421919000,0.6894221952581541,0.690093024539708,0.6894221952581541,0.6899501855965999,730000000,8
1188421920000,1188422399000,0.6899501855965999,0.6901549397839816,0.6899121051977978,0.6900596901631991,1072000000,8
1188422400000,1188422879000,0.6900596901631991,0.6902645093599867,0.6900311204035301,0.6901978106925445,599000000,8
1188422880000,1188423359000,0.6902502157031924,0.6902502157031924,0.6900596901631991,0.6901215994258189,390000000,8
1188423360000,1188423839000,0.6901215994258189,0.6916920863508401,0.6901215994258189,0.6911041079228175,1032000000,8
1188423840000,1188424319000,0.6911662047372531,0.6912187569121876,0.690550506864072,0.6907460748354297,905000000,8
1188424320000,1188424799000,0.6907460748354297,0.6907985631389887,0.6897693411323254,0.6898311983057746,1155000000,8
1188424800000,1188425279000,0.6898835476571555,0.6901025492388169,0.6890611541774333,0.6898787882968962,1607000000,8
1188425280000,1188425759000,0.6898787882968962,0.6901215994258189,0.6896599286891634,0.6898883070830832,1967000000,8
1188425760000,1188426239000,0.6898883070830832,0.6900835001035125,0.6896741979089078,0.6896741979089078,2093000000,8
1188426240000,1188426719000,0.6896076132680505,0.6899406651028012,0.6895457961840536,0.6896313920209648,1192000000,8
1188426720000,1188427199000,0.689678954446705,0.6898740290023041,0.6893604114102935,0.6894507146156656,1830000000,8
1188427200000,1188427679000,0.6894507146156656,0.6898597515125174,0.6893699158968704,0.6898074057723084,2061000000,8
1188427680000,1188428159000,0.689579080929001,0.6899406651028012,0.6893841731181536,0.6894507146156656,2175000000,8
1188428160000,1188428639000,0.6894507146156656,0.6896884677191313,0.6892558793526509,0.6895077604098434,5665000000,8
1188428640000,1188429119000,0.6895077604098434,0.6898549924805806,0.6892511286487232,0.6892511286487232,4376000000,8
1188429120000,1188429599000,0.6892511286487232,0.6895220233334253,0.6892226258003598,0.6895220233334253,953000000,8
1188429600000,1188430079000,0.6895220233334253,0.689636147968332,0.6894459612255591,0.6894839901817479,1583000000,8
1188430080000,1188430559000,0.6894839901817479,0.6894839901817479,0.68903741473162,0.6891561283208711,6938000000,8
1188430560000,1188431039000,0.6891561283208711,0.6892938873418071,0.6889994350204633,0.6890516582028154,1145000000,8
1188431040000,1188431519000,0.6890231718492693,0.689189375456588,0.6887811329072074,0.689189375456588,3973000000,8
1188431520000,1188431999000,0.6892416274373306,0.689426948320556,0.689008929555727,0.6892558793526509,6076000000,8
1188432000000,1188432479000,0.6891798759476223,0.6893414032233603,0.6891038893023512,0.6893414032233603,3462000000,8
1188432480000,1188432959000,0.6892891361139257,0.6892891361139257,0.6891608777152938,0.6892131253747596,1228000000,8
1188432960000,1188433439000,0.6892131253747596,0.6902073382844207,0.6892131253747596,0.6899882701994066,10393000000,8
1188433440000,1188433919000,0.6899406651028012,0.6900406433938959,0.6894507146156656,0.6898597515125174,9044000000,8
1188433920000,1188434399000,0.6898597515125174,0.6902883334368767,0.6895505509508901,0.6902263942573164,3839000000,8
1188434400000,1188434879000,0.6901739928636009,0.6905981961575116,0.6896884677191313,0.6904456135990168,6763000000,8
1188434880000,1188435359000,0.6904456135990168,0.6905981961575116,0.6899692273724591,0.6900835001035125,9146000000,8
1188435360000,1188435839000,0.6901358877562992,0.690526664687157,0.6900311204035301,0.6905123601712471,4423000000,8
1188435840000,1188436319000,0.6905123601712471,0.6905123601712471,0.68995494594203,0.68995494594203,4861000000,8
1188436320000,1188436799000,0.68995494594203,0.6904980562479717,0.68995494594203,0.690316924500038,6622000000,8
1188436800000,1188437279000,0.6902883334368767,0.6904599153496144,0.6899454253168574,0.6900120752113162,3089000000,8
1188437280000,1188437759000,0.6900311204035301,0.6907222191523458,0.6899739879806531,0.690669742449253,7377000000,8
1188437760000,1188438239000,0.6906029654491336,0.6906029654491336,0.6903216899074969,0.6904360794277665,1831000000,8
1188438240000,1188438719000,0.6903884125208842,0.6906172737192502,0.6902740387934009,0.6906172737192502,2345000000,8
1188438720000,1188439199000,0.6906172737192502,0.6906172737192502,0.6902978635281124,0.6903216899074969,1491000000,8
1188439200000,1188439679000,0.6902883334368767,0.6904360794277665,0.6900025530094461,0.6902502157031924,5186000000,8
1188439680000,1188440159000,0.6902502157031924,0.6904980562479717,0.6901692294950722,0.6901835197979143,7839000000,8
1188440160000,1188440639000,0.6901358877562992,0.6904837529172938,0.6900692139421584,0.6902359226383578,4460000000,8
1188440640000,1188441119000,0.6902883334368767,0.6904694501791768,0.6901454136386537,0.6902359226383578,3076000000,8
1188441120000,1188441599000,0.6901692294950722,0.6903264553807495,0.6899835093941254,0.6901501766784452,6354000000,8
1188441600000,1188442079000,0.6901501766784452,0.6904313124408819,0.6900215976760072,0.690093024539708,1885000000,8
1188442080000,1188442559000,0.6901597029552639,0.6904170118751727,0.6901025492388169,0.6904170118751727,2840000000,8
1188442560000,1188443039000,0.6904170118751727,0.6904170118751727,0.6902359226383578,0.6903502837339667,2333000000,8
1188443040000,1188443519000,0.6903502837339667,0.6904170118751727,0.6901073116869674,0.6901311249137336,3531000000,8
1188443520000,1188443999000,0.6901549397839816,0.6902883334368767,0.690093024539708,0.6901549397839816,2249000000,8
1188444000000,1188444479000,0.6901549397839816,0.6902311584149532,0.689541041482789,0.689721766239499,3389000000,8
1188444480000,1188444959000,0.6896599286891634,0.6900120752113162,0.6896076132680505,0.6899454253168574,3587000000,8
1188444960000,1188445439000,0.6899454253168574,0.6899977920070656,0.6898502335143041,0.6899977920070656,1099000000,8
1188445440000,1188445919000,0.6899311448717418,0.6899977920070656,0.6896979812540088,0.6898978261319498,2359000000,8
1188445920000,1188446399000,0.6898978261319498,0.6898978261319498,0.6894934980763131,0.6895220233334253,1970000000,8
1188446400000,1188446879000,0.6895220233334253,0.6895220233334253,0.6893556592652847,0.6895220233334253,2238000000,8
1188446880000,1188447359000,0.6895695706739853,0.6896979812540088,0.6893889256562982,0.689531532276971,2927000000,8
1188447360000,1188447839000,0.689531532276971,0.6897645833477034,0.6894554680713173,0.689636147968332,4502000000,8
1188447840000,1188448319000,0.689636147968332,0.6898835476571555,0.6895695706739853,0.6898549924805806,3325000000,8
1188448320000,1188448799000,0.6898549924805806,0.689926384854736,0.6897503103876397,0.689802647462561,4717000000,8
1188448800000,1188449279000,0.689802647462561,0.6900835001035125,0.6897503103876397,0.6900311204035301,5190000000,8
1188449280000,1188449759000,0.6900311204035301,0.6901501766784452,0.6898216810954367,0.6898740290023041,3275000000,8
1188449760000,1188450239000,0.6899882701994066,0.6899882701994066,0.6894792363327978,0.689678954446705,3015000000,8
1188450240000,1188450719000,0.6896313920209648,0.6902788036087776,0.6896313920209648,0.6896884677191313,9216000000,8
1188450720000,1188451199000,0.6896884677191313,0.6898169225887449,0.6892843849515433,0.6895267777724148,4533000000,8
1188451200000,1188451679000,0.6895267777724148,0.6897455528655478,0.6893889256562982,0.6897455528655478,5637000000,8
1188451680000,1188452159000,0.6896932244537629,0.6897360380182505,0.6893841731181536,0.689531532276971,2382000000,8
1188452160000,1188452639000,0.6895648156448465,0.6897788568984783,0.6892843849515433,0.689464975179261,5264000000,8
1188452640000,1188453119000,0.689464975179261,0.6898264396677796,0.6892416274373306,0.6892986386351887,4805000000,8
1188453120000,1188453599000,0.6892986386351887,0.689579080929001,0.6891371313977769,0.689426948320556,6997000000,8
1188453600000,1188454079000,0.689426948320556,0.6894792363327978,0.6887336942297891,0.6891466297284072,11898000000,8
1188454080000,1188454559000,0.6891941253092758,0.689678954446705,0.6889946878509567,0.6890753986301181,7230000000,8
1188454560000,1188455039000,0.6889804467349216,0.6891988752274356,0.6886483210753932,0.6886483210753932,7079000000,8
1188455040000,1188455519000,0.6886720337173828,0.6888095992505752,0.6877768301741451,0.6886293521375055,12925000000,8
1188455520000,1188455999000,0.6886293521375055,0.6888855210041196,0.688193354804966,0.6884918585837723,12492000000,8
1188456000000,1188456479000,0.6884918585837723,0.6885914173965736,0.6881602036954203,0.6883117777028283,8313000000,8
1188456480000,1188456959000,0.688193354804966,0.6884207627702053,0.6879187705515732,0.6880655038359652,15513000000,8
1188456960000,1188457439000,0.6879708300368065,0.6887574127516548,0.6877200704225352,0.6887099773414418,25428000000,8
1188457440000,1188457919000,0.6887099773414418,0.6890611541774333,0.6879329678116164,0.6882549296259335,20481000000,8
1188457920000,1188458399000,0.6881886187366233,0.6889519662689116,0.6880086964299229,0.6887574127516548,18765000000,8
1188458400000,1188458879000,0.6886910050067836,0.689640903981297,0.6885771929462152,0.6895362868470953,11033000000,8
1188458880000,1188459359000,0.6895362868470953,0.6900501666471152,0.689165627175179,0.6894697288315557,16266000000,8
1188459360000,1188459839000,0.6894697288315557,0.6899025857548914,0.689108637976777,0.6892083752601762,16641000000,8
1188459840000,1188460319000,0.6892558793526509,0.6899930310703862,0.6889709529846222,0.689721766239499,28398000000,8
1188460320000,1188460799000,0.689721766239499,0.6900835001035125,0.6895457961840536,0.6897598256287161,19179000000,8
1188460800000,1188461279000,0.6896599286891634,0.6903455179317248,0.6895505509508901,0.6895505509508901,27180000000,8
1188461280000,1188461759000,0.6895505509508901,0.689802647462561,0.6894507146156656,0.689640903981297,21531000000,8
1188461760000,1188462239000,0.6896646850301383,0.6897170091111617,0.6893318995229823,0.6893699158968704,12438000000,8
1188462240000,1188462719000,0.6893699158968704,0.6895220233334253,0.6893081414184583,0.6893841731181536,13495000000,8
1188462720000,1188463199000,0.6893841731181536,0.6895172689600011,0.6890943921498367,0.6890943921498367,14533000000,8
1188463200000,1188463679000,0.6891466297284072,0.689464975179261,0.6889519662689116,0.6891988752274356,11087000000,8
1188463680000,1188464159000,0.6892606301220681,0.6896456600598612,0.6891703767005279,0.6894364546419756,12459000000,8
1188464160000,1188464639000,0.6894364546419756,0.6897693411323254,0.6893509071857938,0.6894887440962526,20004000000,8
1188464640000,1188465119000,0.6894602215925152,0.6899692273724591,0.6890279194112946,0.6896218803230189,19160000000,8
1188465120000,1188465599000,0.6896456600598612,0.6902788036087776,0.6896456600598612,0.6897740989825831,16774000000,8
1188465600000,1188466079000,0.6897740989825831,0.6898407157787266,0.6888760298696647,0.6892083752601762,10512000000,8
1188466080000,1188466559000,0.6891561283208711,0.6894317014484961,0.6887052341597797,0.6887052341597797,8503000000,8
1188466560000,1188467039000,0.6886767764417449,0.689013676921487,0.6885677103057929,0.6888712844005097,10599000000,8
1188467040000,1188467519000,0.6889187420343771,0.689303389994072,0.6888143438698967,0.6890421624899228,18289000000,8
1188467520000,1188467999000,0.6890421624899228,0.6898740290023041,0.6889946878509567,0.6897503103876397,18142000000,8
1188468000000,1188468479000,0.6897503103876397,0.6899882701994066,0.6892273761113791,0.6897265234334586,16540000000,8
1188468480000,1188468959000,0.6898074057723084,0.6906745127291313,0.6895600606812854,0.690407478493807,14095000000,8
1188468960000,1188469439000,0.6904599153496144,0.6907508461697865,0.6902835684899357,0.6903788799293052,7741000000,8
1188469440000,1188469919000,0.6903788799293052,0.6906649722352681,0.6900168364108084,0.6903931789153923,6515000000,8
1188469920000,1188470399000,0.6904217786645862,0.6905886577718847,0.6899216249034109,0.6900215976760072,10904000000,8
1188470400000,1188470879000,0.6900215976760072,0.6901978106925445,0.6896837110501124,0.6899787486545415,9471000000,8
1188470880000,1188471359000,0.6900311204035301,0.6901597029552639,0.6898359570094232,0.6900835001035125,8313000000,8
1188471360000,1188471839000,0.6900168364108084,0.6904551480335838,0.6896694414367194,0.6898787882968962,11120000000,8
1188471840000,1188472319000,0.6898787882968962,0.6901882833637016,0.689574325768703,0.6900882622887468,11197000000,8
1188472320000,1188472799000,0.6900882622887468,0.6905075921309755,0.6900215976760072,0.6904837529172938,13794000000,8
1188472800000,1188473279000,0.6904551480335838,0.6912426469063436,0.6903407521952836,0.6910611243564494,17614000000,8
1188473280000,1188473759000,0.690994271657488,0.6910754516178076,0.6908128795153257,0.6910467976891396,14780000000,8
1188473760000,1188474239000,0.6910754516178076,0.6911375432824887,0.6907937911454052,0.6909369796380872,12896000000,8
1188474240000,1188474719000,0.690836741461258,0.6911470968366197,0.6907842473560233,0.6909465276482253,7638000000,8
1188474720000,1188475199000,0.6909465276482253,0.6913669015009576,0.6908271964850712,0.6912808743320499,11757000000,8
1188475200000,1188475679000,0.6912569816955152,0.6919888451398164,0.6910993317069462,0.6917925729149372,6941000000,8
1188475680000,1188476159000,0.6917925729149372,0.6920415224913494,0.6914051426714513,0.691811716523231,12761000000,8
1188476160000,1188476639000,0.6918452203872949,0.6918930886799372,0.6910467976891396,0.6910754516178076,9609000000,8
1188476640000,1188477119000,0.6910754516178076,0.6911805363560962,0.6901358877562992,0.6908892435453672,15122000000,8
1188477120000,1188477599000,0.6907556175700599,0.6914194842010648,0.6904265455198222,0.6910706757980138,11309000000,8
1188477600000,1188478079000,0.6910706757980138,0.6912569816955152,0.6906077348066298,0.690894016857814,12803000000,8
1188478080000,1188478559000,0.6908653779724483,0.6914959824083422,0.6906983651169698,0.6907937911454052,10671000000,8
1188478560000,1188479039000,0.6908415140482621,0.6911757590837775,0.6906220432743773,0.6908271964850712,6539000000,8
1188479040000,1188479519000,0.6908510594200996,0.6909656244601832,0.6899692273724591,0.6901644661922935,12699000000,8
1188479520000,1188479999000,0.6901644661922935,0.6901930469952445,0.689574325768703,0.6898216810954367,8928000000,8
1188480000000,1188480479000,0.6898216810954367,0.6902073382844207,0.6896218803230189,0.6898074057723084,10798000000,8
1188480480000,1188480959000,0.689755067975362,0.6898074057723084,0.6892748828232699,0.689640903981297,13734000000,8
1188480960000,1188481439000,0.6896884677191313,0.6902692740438046,0.6893604114102935,0.6901406506646055,15697000000,8
1188481440000,1188481919000,0.6900739759302197,0.6908319689401947,0.6898169225887449,0.6906888239641394,14561000000,8
1188481920000,1188482399000,0.6906649722352681,0.6911423200265399,0.6905648129605204,0.6909751732620247,15091000000,8
1188482400000,1188482879000,0.6909751732620247,0.6913430029174674,0.6904170118751727,0.6913286645604186,18556000000,8
1188482880000,1188483359000,0.6913955819822312,0.6921900200042915,0.6911088842047065,0.6915820631276107,15935000000,8
1188483360000,1188483839000,0.6915820631276107,0.6920511010533018,0.6915629322268326,0.6919361758071436,13995000000,8
1188483840000,1188484319000,0.6919888451398164,0.6928518474894513,0.6917399334546184,0.6928518474894513,15362000000,8
1188484320000,1188484799000,0.6928182460613282,0.6931399934844841,0.6923769300006924,0.6927846478922027,20353000000,8
1188484800000,1188485279000,0.6928134461233624,0.6932745436520316,0.6926167059149467,0.6932072620392772,17011000000,8
1188485280000,1188485759000,0.6931399934844841,0.6943480072212194,0.693053524523699,0.6937795723542716,20665000000,8
1188485760000,1188486239000,0.6938036396938938,0.6946084492171763,0.6931880411199146,0.694555380373254,19284000000,8
1188486240000,1188486719000,0.6944926731022988,0.6949125452561795,0.6942274983512097,0.694704958803996,14272000000,8
1188486720000,1188487199000,0.6946760031121485,0.6949898183991604,0.6937458808838323,0.6938854811401927,11035000000,8
1188487200000,1188487679000,0.6938854811401927,0.6939769738440078,0.6933033826272039,0.6933995298751188,13924000000,8
1188487680000,1188488159000,0.6933995298751188,0.6934524222293109,0.6926310977510268,0.6930727379838514,13794000000,8
1188488160000,1188488639000,0.6931399934844841,0.6937362553504408,0.6929478695317752,0.6935438007587369,10517000000,8
1188488640000,1188489119000,0.6935438007587369,0.6939095558284933,0.6928806513078123,0.6929046563192904,8051000000,8
1188489120000,1188489599000,0.6929046563192904,0.6933129961521128,0.6927942470365727,0.6932360954170161,10001000000,8
1188489600000,1188490079000,0.6932601250641265,0.6934572310252765,0.6930199035316295,0.6931832360566192,5464000000,8
1188490080000,1188490559000,0.6931832360566192,0.6934860852017004,0.6930199035316295,0.6933033826272039,5357000000,8
1188490560000,1188491039000,0.6933033826272039,0.6936688840948662,0.6929382661298705,0.6936544490996365,11635000000,8
1188491040000,1188491519000,0.693591904395292,0.6937362553504408,0.6932601250641265,0.6935822831341597,6905000000,8
1188491520000,1188491999000,0.6936352033738415,0.6941937633632299,0.6934716578133451,0.6936640723630361,3982000000,8
1188492000000,1188492479000,0.6936640723630361,0.6942178594486522,0.6935053226533513,0.6941407578628794,3368000000,8
1188492480000,1188492959000,0.6941407578628794,0.694386578896203,0.6937362553504408,0.6940540390474803,2412000000,8
1188492960000,1188493439000,0.6940540390474803,0.6942853373879596,0.6939143709666227,0.6940203209149964,4161000000,8
1188493440000,1188493919000,0.6940877604564322,0.6941118491833774,0.6936785077587941,0.6937651327519582,4267000000,8
1188493920000,1188494399000,0.6937651327519582,0.6938951108150492,0.6933466455889287,0.6934283792498491,4177000000,8
1188494400000,1188494879000,0.6934283792498491,0.6937362553504408,0.6931207762952695,0.6931976514463569,4018000000,8
1188494880000,1188495359000,0.6932601250641265,0.693591904395292,0.6931207762952695,0.6932457070759589,3729000000,8
1188495360000,1188495839000,0.6932457070759589,0.693625580911424,0.6932457070759589,0.6932553190014351,2075000000,8
1188495840000,1188496319000,0.6932553190014351,0.693625580911424,0.6932553190014351,0.6933274169393754,1774000000,8
1188496320000,1188496799000,0.6933514529179696,0.6934812760055479,0.6931496024787029,0.693332224001775,2294000000,8
1188496800000,1188497279000,0.6933562603136744,0.6936207697803303,0.6931832360566192,0.6932601250641265,1289000000,8
1188497280000,1188497759000,0.6933274169393754,0.6936111477183662,0.6932312896874914,0.6934668488172924,3452000000,8
1188497760000,1188498239000,0.693495703794115,0.6935822831341597,0.6932841563771743,0.6935822831341597,1716000000,8
1188498240000,1188498719000,0.6935822831341597,0.693591904395292,0.6932697373894235,0.693298575964725,3495000000,8
1188498720000,1188499199000,0.693298575964725,0.6935005131903798,0.6927990467085118,0.6930054955335796,7463000000,8
1188499200000,1188499679000,0.6930054955335796,0.6930054955335796,0.6926598832175437,0.6928470470858854,4092000000,8
1188499680000,1188500159000,0.6927798484197691,0.6929814835347599,0.6925783306091918,0.692885452177046,8406000000,8
1188500160000,1188500639000,0.692885452177046,0.6929814835347599,0.692352961539793,0.6927558520550602,9629000000,8
1188500640000,1188501119000,0.6927558520550602,0.6933754905631595,0.6927222599371008,0.6932360954170161,6635000000,8
1188501120000,1188501599000,0.6932360954170161,0.693433187712364,0.6930823451134229,0.693164016469577,3076000000,8
1188501600000,1188502079000,0.6932168728986864,0.6937458808838323,0.6931063641026353,0.6934476135000381,2298000000,8
1188502080000,1188502559000,0.6934476135000381,0.6937073803528195,0.6933274169393754,0.6934620398879365,3278000000,8
1188502560000,1188503039000,0.6935293709688606,0.6936303921092607,0.6932168728986864,0.6934139542624156,2832000000,8
1188503040000,1188503519000,0.693365875305081,0.6937458808838323,0.6932889628397116,0.693433187712364,3702000000,8
1188503520000,1188503999000,0.6934572310252765,0.6937170050849456,0.6933129961521128,0.6933129961521128,1823000000,8
1188504000000,1188504479000,0.6933370311308328,0.6934860852017004,0.6932889628397116,0.6934524222293109,573000000,8
1188504480000,1188504959000,0.6933899139503117,0.693591904395292,0.6932649311934556,0.6935005131903798,1202000000,8
1188504960000,1188505439000,0.6935293709688606,0.6936448261032421,0.6933178030145458,0.693495703794115,978000000,8
1188505440000,1188505919000,0.693495703794115,0.6935293709688606,0.6932024567095066,0.693394721879377,521000000,8
1188505920000,1188506399000,0.693394721879377,0.693591904395292,0.6931832360566192,0.6934764668760965,696000000,8
1188506400000,1188506879000,0.6934764668760965,0.6934764668760965,0.6931736261298731,0.6934091460666366,495000000,8
1188506880000,1188507359000,0.6934091460666366,0.6934524222293109,0.6930295091965016,0.6932168728986864,1980000000,8
1188507360000,1188507839000,0.6932168728986864,0.6932409012131716,0.6925111840556225,0.6930679345189416,821000000,8
1188507840000,1188508319000,0.6929670771341653,0.6933706829007856,0.692626300405879,0.693043918193096,463000000,8
1188508320000,1188508799000,0.6929814835347599,0.6931976514463569,0.6927990467085118,0.692952671332548,910000000,8
1188508800000,1188509279000,0.6929046563192904,0.693101560171612,0.6926838729340704,0.6930343121287935,1774000000,8
1188509280000,1188509759000,0.6930343121287935,0.6930487213251091,0.6927510529816006,0.6928470470858854,2009000000,8
1188509760000,1188510239000,0.6928470470858854,0.6933610677760443,0.6926982675616329,0.6933129961521128,705000000,8
1188510240000,1188510719000,0.6933129961521128,0.6933129961521128,0.6930775415153447,0.6932793499812815,735000000,8
1188510720000,1188511199000,0.693625580911424,0.6937699458859442,0.6932793499812815,0.693433187712364,346000000,8
1188511200000,1188511679000,0.693433187712364,0.6935245611723339,0.6932072620392772,0.6932937693688946,765000000,8
1188511680000,1188512159000,0.6932649311934556,0.6933466455889287,0.6931976514463569,0.6933129961521128,341000000,8
1188512160000,1188512639000,0.6933129961521128,0.6933129961521128,0.6929046563192904,0.6929814835347599,543000000,8
1188512640000,1188513119000,0.6929814835347599,0.6935293709688606,0.6929430677975498,0.6930583277888668,205000000,8
1188513120000,1188513599000,0.693433187712364,0.6935774726036898,0.6929814835347599,0.6930727379838514,178000000,8
1188513600000,1188514079000,0.6930727379838514,0.6930727379838514,0.6927270586116364,0.6927942470365727,1382000000,8
1188514080000,1188514559000,0.6927942470365727,0.6929094575211857,0.6925975177304965,0.6927942470365727,1998000000,8
1188514560000,1188515039000,0.6929094575211857,0.6930919525093394,0.6925495519204399,0.6928086462519052,1182000000,8
1188515040000,1188515519000,0.6928086462519052,0.6929238615260955,0.6926598832175437,0.6929238615260955,1557000000,8
1188515520000,1188515999000,0.6929238615260955,0.6935774726036898,0.6929238615260955,0.6931592117393445,856000000,8
1188516000000,1188516479000,0.6932072620392772,0.6932601250641265,0.6930295091965016,0.6931447979482913,1508000000,8
1188516480000,1188516959000,0.6931447979482913,0.6940540390474803,0.6930151007990464,0.6940540390474803,1864000000,8
1188516960000,1188517439000,0.6940540390474803,0.6940540390474803,0.6933226099436329,0.6935967151259572,3497000000,8
1188517440000,1188517919000,0.6935967151259572,0.6935967151259572,0.6930054955335796,0.6931784310599391,4882000000,8
1188517920000,1188518399000,0.6932312896874914,0.693394721879377,0.6924248719013988,0.6924872062988636,7333000000,8
1188518400000,1188518879000,0.6927654504014576,0.6928470470858854,0.6924967972023129,0.6926119087691593,370600000,8
1188518880000,1188519359000,0.6925687374471916,0.6928134461233624,0.6924200774125646,0.6926982675616329,256900000,8
1188519360000,1188519839000,0.6927030659037697,0.6928614484961443,0.6924967972023129,0.6924967972023129,300300000,8
1188519840000,1188520319000,0.6923769300006924,0.6925447557048374,0.69180693052183,0.6919696917275023,268700000,8
1188520320000,1188520799000,0.6921181584120042,0.6921852287672181,0.6912760956726116,0.691601195086865,296000000,8
1188520800000,1188521279000,0.6915868460181887,0.6918212887246966,0.6914481690452484,0.6916920863508401,266600000,8
1188521280000,1188521759000,0.6916394621811542,0.6919122378517508,0.6914290455513455,0.6919122378517508,314800000,8
1188521760000,1188522239000,0.6918739405680285,0.6919505393754455,0.6915677148527998,0.6918500069185001,315400000,8
1188522240000,1188522719000,0.6918021445866482,0.6920367333098041,0.6916442458656965,0.6916442458656965,294100000,8
1188522720000,1188523199000,0.691864366909511,0.6920894179527994,0.6917590741496552,0.691864366909511,285800000,8
1188523200000,1188523679000,0.6919074504594266,0.691984056687334,0.6914625123598924,0.6914864192067268,274500000,8
1188523680000,1188524159000,0.6914912007744701,0.6915533671733447,0.6912426469063436,0.6912999896305001,310600000,8
1188524160000,1188524639000,0.6912283127116886,0.6915294556971654,0.6910372469076083,0.6915294556971654,290500000,8
1188524640000,1188525119000,0.6914433880726015,0.6915677148527998,0.6912904318491329,0.6914290455513455,288300000,8
1188525120000,1188525599000,0.691357341869292,0.6917207938187829,0.691190091098854,0.6916825177243645,222800000,8
1188525600000,1188526079000,0.6916968707633567,0.691811716523231,0.6913334439466844,0.6917542888765911,260500000,8
1188526080000,1188526559000,0.6916729493626234,0.6919553273640654,0.691543802384443,0.6918547935159369,313100000,8
1188526560000,1188527039000,0.6917686448944015,0.6919553273640654,0.6915629322268326,0.6918404339223202,272900000,8
1188527040000,1188527519000,0.6917877871784052,0.691945751453086,0.6916633812656057,0.6918500069185001,310500000,8
1188527520000,1188527999000,0.691864366909511,0.6920223661628744,0.6918021445866482,0.6919984222435973,308000000,8
1188528000000,1188528479000,0.6918739405680285,0.6920079996124755,0.6916059782420759,0.6919409635969859,340800000,8
1188528480000,1188528959000,0.6918930886799372,0.6922091856158932,0.6918021445866482,0.6920223661628744,255900000,8
1188528960000,1188529439000,0.6920032108948986,0.6922523121227224,0.6920032108948986,0.692103787884031,322500000,8
1188529440000,1188529919000,0.6919888451398164,0.6927222599371008,0.6919122378517508,0.6925591445509446,284200000,8
1188529920000,1188530399000,0.6926742768480549,0.6927270586116364,0.6922906513070447,0.6924440505207179,230800000,8
1188530400000,1188530879000,0.6924584351824282,0.6926310977510268,0.6922139771846273,0.6925543482024752,282100000,8
1188530880000,1188531359000,0.6923577550992149,0.6926167059149467,0.6919888451398164,0.6920750486182722,276800000,8
1188531360000,1188531839000,0.6920846281083252,0.6926646810279143,0.6920079996124755,0.6924680252889323,290500000,8
1188531840000,1188532319000,0.692515979806234,0.6926215031271862,0.6922810661128419,0.6922810661128419,340500000,8
1188532320000,1188532799000,0.6924872062988636,0.6927366561601607,0.6924440505207179,0.692573533994972,315000000,8
1188532800000,1188533279000,0.6924728204417977,0.6926790748578276,0.6914338263256515,0.6921325295367557,337100000,8
1188533280000,1188533759000,0.6921564827376173,0.6929238615260955,0.692103787884031,0.6927222599371008,320600000,8
1188533760000,1188534239000,0.6927846478922027,0.6928950541151038,0.6926167059149467,0.6928950541151038,246600000,8
1188534240000,1188534719000,0.6928518474894513,0.6928902531128095,0.6925783306091918,0.6925927208505038,263200000,8
1188534720000,1188535199000,0.6926454901852134,0.692971879201142,0.6923673424171929,0.692731857352656,320300000,8
1188535200000,1188535679000,0.6926646810279143,0.6928614484961443,0.6925495519204399,0.6927750490138347,306100000,8
1188535680000,1188536159000,0.6927894474311367,0.6932457070759589,0.6926646810279143,0.6931063641026353,284700000,8
1188536160000,1188536639000,0.6930247063307807,0.6933129961521128,0.6929286629941448,0.6933129961521128,283400000,8
1188536640000,1188537119000,0.6935053226533513,0.6935341808321024,0.6928614484961443,0.6928614484961443,290300000,8
1188537120000,1188537599000,0.6930102981330303,0.6931784310599391,0.6927846478922027,0.6930295091965016,313700000,8
1188537600000,1188538079000,0.6929382661298705,0.693043918193096,0.6925351634729253,0.6926790748578276,373100000,8
1188538080000,1188538559000,0.6927558520550602,0.6928374464783073,0.6924824109467619,0.6927798484197691,317100000,8
1188538560000,1188539039000,0.6926790748578276,0.6930967563071805,0.692515979806234,0.6930343121287935,309600000,8
1188539040000,1188539519000,0.6930919525093394,0.6931399934844841,0.6925591445509446,0.6929046563192904,343300000,8
1188539520000,1188539999000,0.6928230460658044,0.6928230460658044,0.6912713170792405,0.6916298950105819,282700000,8
1188540000000,1188540479000,0.6916155447509839,0.6918691537056512,0.6915055458744779,0.6918404339223202,265500000,8
1188540480000,1188540959000,0.6919361758071436,0.6920415224913494,0.6916107614634484,0.6919744799811782,403400000,8
1188540960000,1188541439000,0.691984056687334,0.6923817238920161,0.6918356475235743,0.6922427279901425,355400000,8
1188541440000,1188541919000,0.6923289947382997,0.6927750490138347,0.6921564827376173,0.692530367456613,299400000,8
1188541920000,1188542399000,0.6925015927536633,0.6928182460613282,0.6923289947382997,0.6924920017173802,309200000,8
1188542400000,1188542879000,0.6925255715067279,0.6932601250641265,0.692228352288853,0.6931736261298731,279300000,8
1188542880000,1188543359000,0.6932649311934556,0.6942901577427238,0.6930343121287935,0.6941552131056504,334000000,8
1188543360000,1188543839000,0.6941311213688266,0.694294978164423,0.6932312896874914,0.6936977558877596,291700000,8
1188543840000,1188544319000,0.6938854811401927,0.6939143709666227,0.6932553190014351,0.6933129961521128,282800000,8
1188544320000,1188544799000,0.6932745436520316,0.6939817899178325,0.6932264840245956,0.6937170050849456,279700000,8
1188544800000,1188545279000,0.6936159587159781,0.6938902959442113,0.6934187625248764,0.6935774726036898,317500000,8
1188545280000,1188545759000,0.6936736958934517,0.693986606058503,0.6935389907620606,0.6938710371290392,318500000,8
1188545760000,1188546239000,0.6938565937192102,0.6939384476596926,0.693164016469577,0.6932553190014351,280700000,8
1188546240000,1188546719000,0.6932745436520316,0.6938228947678816,0.6932120674356699,0.6937555066843343,336000000,8
1188546720000,1188547199000,0.6937314426839082,0.694232317902863,0.6937073803528195,0.6941985824464947,329400000,8
1188547200000,1188547679000,0.6941889443468723,0.6945023196377476,0.6940203209149964,0.6944058663407588,334800000,8
1188547680000,1188548159000,0.6943190812769916,0.6948932296552635,0.6942419572069257,0.6948932296552635,307800000,8
1188548160000,1188548639000,0.6949560092846122,0.6950429536545358,0.6946036244417123,0.6948401172890118,277400000,8
1188548640000,1188549119000,0.6949077162552812,0.6954586549829613,0.6947580505089103,0.6951734110073757,341200000,8
1188549120000,1188549599000,0.6950864339980677,0.6952024081811419,0.6945457323637475,0.6946663517512539,353800000,8
1188549600000,1188550079000,0.6946711773981786,0.6948352892946728,0.6945457323637475,0.694704958803996,333500000,8
1188550080000,1188550559000,0.694704958803996,0.6947628774299331,0.6941889443468723,0.6943335439478417,288800000,8
1188550560000,1188551039000,0.6943335439478417,0.6944347995166733,0.6939095558284933,0.694232317902863,269900000,8
1188551040000,1188551519000,0.6942997986530585,0.6946760031121485,0.6941118491833774,0.6946760031121485,322300000,8
1188551520000,1188551999000,0.6945795015697496,0.6951250877595423,0.6942130400977452,0.6942901577427238,332700000,8
1188552000000,1188552479000,0.6942274983512097,0.6946373992775771,0.6941311213688266,0.6945360846222766,331600000,8
1188552480000,1188552959000,0.6943094398311439,0.6945119664411818,0.6940492219708222,0.6941407578628794,307400000,8
1188552960000,1188553439000,0.6941214851423296,0.6948739151281,0.6939914222660207,0.6948401172890118,339600000,8
1188553440000,1188553919000,0.6947628774299331,0.6954296364293862,0.694661526171373,0.6954296364293862,269900000,8
1188553920000,1188554399000,0.6952990829005097,0.6955408873710641,0.695028461415495,0.6951830764631867,278700000,8
1188554400000,1188554879000,0.6951685783802573,0.6952845799785852,0.6948111503293405,0.6949656686959664,311000000,8
1188554880000,1188555359000,0.6949222034593228,0.6954828389609486,0.6946856547412296,0.6954828389609486,340600000,8
1188555360000,1188555839000,0.695405456151209,0.695584430038118,0.694704958803996,0.6947580505089103,283200000,8
1188555840000,1188556319000,0.6945650286508074,0.694704958803996,0.693437996241566,0.693721817551162,344700000,8
1188556320000,1188556799000,0.6938469651133745,0.6942226788664732,0.6936544490996365,0.693899925752708,271000000,8
1188556800000,1188557279000,0.693880666402992,0.6941552131056504,0.6937410680837485,0.693986606058503,261500000,8
1188557280000,1188557759000,0.6939769738440078,0.6944010443791707,0.6937170050849456,0.6941648502686418,324200000,8
1188557760000,1188558239000,0.6940636734013979,0.6945023196377476,0.6939336321874175,0.6944637351037529,261000000,8
1188558240000,1188558719000,0.6942756968792307,0.6944106883693154,0.6937603196847554,0.6939047407571889,280800000,8
1188558720000,1188559199000,0.6939528944775228,0.6942660566382249,0.6932745436520316,0.6933514529179696,321200000,8
1188559200000,1188559679000,0.6934139542624156,0.6939769738440078,0.6931928462498267,0.693702568086907,305700000,8
1188559680000,1188560159000,0.6936688840948662,0.6940395880181006,0.692439255766288,0.6927606511950121,2111800000,8
1188560160000,1188560639000,0.6928230460658044,0.6934668488172924,0.6924584351824282,0.693433187712364,2862900000,8
1188560640000,1188561119000,0.6934235708540204,0.6934860852017004,0.692866249099274,0.6930679345189416,1920100000,8
1188561120000,1188561599000,0.6929094575211857,0.6932360954170161,0.6923194084822973,0.6923721361757518,2844700000,8
1188561600000,1188562079000,0.6924344610782589,0.692439255766288,0.6915772803031874,0.6920175772464621,2964100000,8
1188562080000,1188562559000,0.6920319441945441,0.6925447557048374,0.6919409635969859,0.6922523121227224,2512300000,8
1188562560000,1188563039000,0.6923098224917615,0.6926215031271862,0.691864366909511,0.6921229487206108,2436900000,8
1188563040000,1188563519000,0.6920989978406512,0.6942901577427238,0.6920032108948986,0.6942901577427238,3413700000,8
1188563520000,1188563999000,0.6943383649720182,0.6944540896401339,0.6934908944645557,0.6938132670972934,1626500000,8
1188564000000,1188564479000,0.6937940125576717,0.6938517793828882,0.692573533994972,0.6930054955335796,2158500000,8
1188564480000,1188564959000,0.692971879201142,0.6932841563771743,0.6929094575211857,0.6932360954170161,2053100000,8
1188564960000,1188565439000,0.6932601250641265,0.6938662225922841,0.6930631311206137,0.6936688840948662,3221200000,8
1188565440000,1188565919000,0.6936785077587941,0.6937891990897486,0.6932072620392772,0.6932264840245956,3202600000,8
1188565920000,1188566399000,0.6932216784283278,0.6938517793828882,0.6931928462498267,0.693437996241566,3130300000,8
1188566400000,1188566879000,0.6934620398879365,0.6942082208137509,0.6933706829007856,0.6941793065148728,4356300000,8
1188566880000,1188567359000,0.6942178594486522,0.6947290903912019,0.6940781254337988,0.6942997986530585,4348500000,8
1188567360000,1188567839000,0.694386578896203,0.694806322737537,0.6942130400977452,0.6944926731022988,2739100000,8
1188567840000,1188568319000,0.6946470498339793,0.6948352892946728,0.6943094398311439,0.6945795015697496,3181600000,8
1188568320000,1188568799000,0.6945795015697496,0.6949946485412062,0.6943914006568943,0.6947870130411522,3249500000,8
1188568800000,1188569279000,0.6947725314731957,0.6961703668121663,0.6941985824464947,0.6952990829005097,3017800000,8
1188569280000,1188569759000,0.6953425952967027,0.6954538183891898,0.6933129961521128,0.6942419572069257,3538100000,8
1188569760000,1188570239000,0.6944058663407588,0.6950429536545358,0.6942082208137509,0.6949318619309377,4554700000,8
1188570240000,1188570719000,0.6950332920946913,0.6954683283723259,0.6946036244417123,0.6948159779882298,3898800000,8
1188570720000,1188571199000,0.6947966677551815,0.6958215913439795,0.6947966677551815,0.6953184210709294,4290800000,8
1188571200000,1188571679000,0.6953087518512595,0.6954683283723259,0.693899925752708,0.6939721578370276,3501300000,8
1188571680000,1188572159000,0.6941600316536974,0.6946084492171763,0.6939673418968904,0.6941214851423296,3484800000,8
1188572160000,1188572639000,0.6940492219708222,0.6940733080227933,0.6932649311934556,0.6936688840948662,3846500000,8
1188572640000,1188573119000,0.6935967151259572,0.6936592606979599,0.6927126627874758,0.6928950541151038,3449000000,8
1188573120000,1188573599000,0.6929382661298705,0.6938084533621958,0.6929382661298705,0.6933370311308328,3476200000,8
1188573600000,1188574079000,0.6934620398879365,0.6941263032221343,0.6934476135000381,0.6936352033738415,3616000000,8
1188574080000,1188574559000,0.6936544490996365,0.6941407578628794,0.6933802982922044,0.6938277087033748,4224200000,8
1188574560000,1188575039000,0.6937314426839082,0.694598799733274,0.693726630084149,0.6944733808353126,3267200000,8
1188575040000,1188575519000,0.6944830268348241,0.694555380373254,0.6934668488172924,0.6938565937192102,3646500000,8
1188575520000,1188575999000,0.6938036396938938,0.6942082208137509,0.6935822831341597,0.6941263032221343,3741900000,8
1188576000000,1188576479000,0.6940492219708222,0.6944155104648418,0.6938469651133745,0.6940155043063662,3964900000,8
1188576480000,1188576959000,0.6940636734013979,0.6946132740596672,0.6940636734013979,0.6945457323637475,3646400000,8
1188576960000,1188577439000,0.6946084492171763,0.6947821857847565,0.6941166671294111,0.6941937633632299,3207600000,8
1188577440000,1188577919000,0.6941552131056504,0.694367292523053,0.6939143709666227,0.6942082208137509,3232100000,8
1188577920000,1188578399000,0.6942371375214346,0.6948014952128178,0.6942226788664732,0.6943962224845497,2825600000,8
1188578400000,1188578879000,0.6944637351037529,0.6953329254046837,0.6943431860631436,0.6950526154829921,3362700000,8
1188578880000,1188579359000,0.6951105920952023,0.6953522654576808,0.6947339169098236,0.6953280905595305,3402100000,8
1188579360000,1188579839000,0.6953039173422703,0.695405456151209,0.6948594299373236,0.6951105920952023,3923500000,8
1188579840000,1188580319000,0.6950864339980677,0.6953764420368967,0.6948884009228118,0.6951395840284729,4256000000,8
1188580320000,1188580799000,0.6952072412786251,0.695444145403462,0.6945216135126125,0.6946760031121485,3906400000,8
1188580800000,1188581279000,0.6948642582671475,0.6952362412747851,0.6948208057142063,0.6951347518716504,3138000000,8
1188581280000,1188581759000,0.6952217409742837,0.6956424954087596,0.6952169076751947,0.6953957845107543,3366600000,8
1188581760000,1188582239000,0.6954248002392261,0.695661852686646,0.6954151280606958,0.6955650770686105,2269700000,8
1188582240000,1188582719000,0.6955602389944981,0.6958942240779401,0.6952990829005097,0.6955989454719986,2632600000,8
1188582720000,1188583199000,0.6955312119631368,0.6956812110418522,0.6954102920723227,0.695584430038118,3314400000,8
1188583200000,1188583679000,0.695545725175973,0.6956086227644879,0.6953425952967027,0.695444145403462,3921900000,8
1188583680000,1188584159000,0.695444145403462,0.6956279781572814,0.695337760317074,0.6956279781572814,4452100000,8
1188584160000,1188584639000,0.6956134615117071,0.6957054105009775,0.6953619358876295,0.6955166993559515,2519800000,8
1188584640000,1188585119000,0.6954489818626906,0.695661852686646,0.6952555759497191,0.695444145403462,2467500000,8
1188585120000,1188585599000,0.6954586549829613,0.6956086227644879,0.6952652436904679,0.6956086227644879,2586000000,8
1188585600000,1188586079000,0.6954780020307958,0.6957150907560335,0.6953667712034712,0.6953957845107543,2495800000,8
1188586080000,1188586559000,0.6954296364293862,0.6957199309845828,0.6954296364293862,0.6955699152100273,2088400000,8
1188586560000,1188587039000,0.69557475341875,0.6957247712804815,0.6955166993559515,0.6956086227644879,1430200000,8
1188587040000,1188587519000,0.6955554009876886,0.695661852686646,0.6951830764631867,0.6951879092918816,1921400000,8
1188587520000,1188587999000,0.6952507421801672,0.6954973501550958,0.6951540809020319,0.6954683283723259,1853300000,8
1188588000000,1188588479000,0.6954538183891898,0.6955215368243878,0.6953280905595305,0.695405456151209,1189600000,8
1188588480000,1188588959000,0.6953812775544832,0.695434472686811,0.695081602580143,0.6953135864274789,2147000000,8
1188588960000,1188589439000,0.6953135864274789,0.695584430038118,0.6952797458057249,0.6953474303435712,2007100000,8
1188589440000,1188589919000,0.6953522654576808,0.695584430038118,0.6952652436904679,0.6953861131393206,2693700000,8
1188589920000,1188590399000,0.6953764420368967,0.6956376562576085,0.6949801583164801,0.695081602580143,1673900000,8
1188590400000,1188590879000,0.6950477845351868,0.6953764420368967,0.6949946485412062,0.6951105920952023,1167200000,8
1188590880000,1188591359000,0.6951105920952023,0.6952652436904679,0.6949173743241929,0.6949560092846122,1494500000,8
1188591360000,1188591839000,0.6949318619309377,0.6953039173422703,0.6949318619309377,0.6950767712293823,1316800000,8
1188591840000,1188592319000,0.6950864339980677,0.6952314077740777,0.6948932296552635,0.6951250877595423,1565300000,8
1188592320000,1188592799000,0.6951057603414359,0.695163745820328,0.6947097849873216,0.6949753283758426,1668800000,8
1188592800000,1188593279000,0.6949849883242523,0.6951879092918816,0.6948111503293405,0.6949801583164801,1650100000,8
1188593280000,1188593759000,0.6949560092846122,0.6954973501550958,0.6949222034593228,0.6953909487914105,1698900000,8
1188593760000,1188594239000,0.6955021873543792,0.6956134615117071,0.6951347518716504,0.6953232557816129,219700000,8
1188594240000,1188594719000,0.6953232557816129,0.6953232557816129,0.6953232557816129,0.6953232557816129,0,8
1188594720000,1188595199000,0.6953232557816129,0.6953232557816129,0.6953232557816129,0.6953232557816129,0,8
1188595200000,1188595679000,0.6953232557816129,0.6953232557816129,0.6953232557816129,0.6953232557816129,0,8
1188595680000,1188596159000,0.6953232557816129,0.6953232557816129,0.6953232557816129,0.6953232557816129,0,8
1188596160000,1188596639000,0.6953232557816129,0.6953232557816129,0.6953232557816129,0.6953232557816129,0,8
1188596640000,1188597119000,0.6953232557816129,0.6953232557816129,0.6953232557816129,0.6953232557816129,0,8
1188597120000,1188597599000,0.6953232557816129,0.6953232557816129,0.6953232557816129,0.6953232557816129,0,8
1188597600000,1188598079000,0.6953232557816129,0.6953232557816129,0.6953232557816129,0.6953232557816129,0,8
1188598080000,1188598559000,0.6953232557816129,0.6953232557816129,0.6953232557816129,0.6953232557816129,0,8
1188598560000,1188599039000,0.6953232557816129,0.6953232557816129,0.6953232557816129,0.6953232557816129,0,8
1188599040000,1188599519000,0.6953232557816129,0.6953232557816129,0.6953232557816129,0.6953232557816129,0,8
1188599520000,1188599999000,0.6953232557816129,0.6953232557816129,0.6953232557816129,0.6953232557816129,0,8
1188600000000,1188600479000,0.6953232557816129,0.6953232557816129,0.6953232557816129,0.6953232557816129,0,8
1188600480000,1188600959000,0.6953232557816129,0.6953232557816129,0.6953232557816129,0.6953232557816129,0,8
1188600960000,1188601439000,0.6953232557816129,0.6953232557816129,0.6953232557816129,0.6953232557816129,0,8
1188601440000,1188601919000,0.6953232557816129,0.6953232557816129,0.6953232557816129,0.6953232557816129,0,8
1188601920000,1188602399000,0.6953232557816129,0.6953232557816129,0.6953232557816129,0.6953232557816129,0,8
1188602400000,1188602879000,0.6953232557816129,0.6953232557816129,0.6953232557816129,0.6953232557816129,0,8
1188602880000,1188603359000,0.6953232557816129,0.6953232557816129,0.6953232557816129,0.6953232557816129,0,8
1188603360000,1188603839000,0.6953232557816129,0.6953232557816129,0.6953232557816129,0.6953232557816129,0,8
1188603840000,1188604319000,0.6953232557816129,0.6953232557816129,0.6953232557816129,0.6953232557816129,0,8
1188604320000,1188604799000,0.6953232557816129,0.6953232557816129,0.6953232557816129,0.6953232557816129,0,8
