openEpochMillis,closeEpochMillis,open,high,low,close,volume,sourceBars
1409529600000,1409530079000,172.815,172.853,172.808,172.821,726340000,8
1409530080000,1409530559000,172.821,172.852,172.818,172.822,544280000,8
1409530560000,1409531039000,172.823,172.829,172.804,172.808,520390000,8
1409531040000,1409531519000,172.808,172.843,172.808,172.833,595130000,8
1409531520000,1409531999000,172.833,172.846,172.814,172.836,433400000,8
1409532000000,1409532479000,172.836,172.84,172.816,172.821,552780000,8
1409532480000,1409532959000,172.821,172.828,172.761,172.773,627340000,8
1409532960000,1409533439000,172.773,172.808,172.762,172.781,537170000,8
1409533440000,1409533919000,172.781,172.837,172.78,172.832,461240000,8
1409533920000,1409534399000,172.832,172.868,172.832,172.865,296590000,8
1409534400000,1409534879000,172.865,172.883,172.862,172.871,243490000,8
1409534880000,1409535359000,172.872,172.874,172.851,172.871,408490000,8
1409535360000,1409535839000,172.871,172.871,172.847,172.848,481590000,8
1409535840000,1409536319000,172.848,172.869,172.843,172.865,527150000,8
1409536320000,1409536799000,172.865,172.878,172.824,172.833,614670000,8
1409536800000,1409537279000,172.834,172.887,172.83,172.88,465490000,8
1409537280000,1409537759000,172.88,172.899,172.854,172.861,547940000,8
1409537760000,1409538239000,172.86,172.862,172.845,172.856,475710000,8
1409538240000,1409538719000,172.856,172.86,172.85,172.85,335460000,8
1409538720000,1409539199000,172.85,172.85,172.831,172.839,414870000,8
1409539200000,1409539679000,172.838,172.851,172.831,172.848,488820000,8
1409539680000,1409540159000,172.85,172.897,172.848,172.883,439930000,8
1409540160000,1409540639000,172.883,172.898,172.86,172.884,424860000,8
1409540640000,1409541119000,172.883,172.888,172.872,172.874,380140000,8
1409541120000,1409541599000,172.874,172.891,172.858,172.863,477860000,8
1409541600000,1409542079000,172.868,172.878,172.854,172.871,344390000,8
1409542080000,1409542559000,172.871,172.878,172.864,172.873,331790000,8
1409542560000,1409543039000,172.873,172.888,172.866,172.882,286230000,8
1409543040000,1409543519000,172.879,172.883,172.868,172.87,357480000,8
1409543520000,1409543999000,172.87,172.884,172.867,172.881,332800000,8
1409544000000,1409544479000,172.881,172.881,172.869,172.873,292210000,8
1409544480000,1409544959000,172.873,172.907,172.832,172.906,599070000,8
1409544960000,1409545439000,172.906,172.922,172.897,172.913,362340000,8
1409545440000,1409545919000,172.913,172.927,172.904,172.923,400400000,8
1409545920000,1409546399000,172.927,172.932,172.874,172.896,486540000,8
1409546400000,1409546879000,172.896,172.916,172.896,172.908,278300000,8
1409546880000,1409547359000,172.908,172.92,172.897,172.897,389190000,8
1409547360000,1409547839000,172.897,172.927,172.897,172.914,451540000,8
1409547840000,1409548319000,172.911,172.934,172.904,172.928,490910000,8
1409548320000,1409548799000,172.928,172.953,172.924,172.94,481800000,8
1409548800000,1409549279000,172.94,172.948,172.933,172.942,468400000,8
1409549280000,1409549759000,172.943,172.975,172.938,172.973,660010000,8
1409549760000,1409550239000,172.973,172.979,172.956,172.965,654410000,8
1409550240000,1409550719000,172.965,172.984,172.939,172.957,715190000,8
1409550720000,1409551199000,172.957,172.994,172.955,172.986,566110000,8
1409551200000,1409551679000,172.988,172.998,172.936,172.986,1297600000,8
1409551680000,1409552159000,172.988,173.026,172.984,173.023,876080000,8
1409552160000,1409552639000,173.023,173.03,172.986,173.014,710060000,8
1409552640000,1409553119000,173.018,173.101,172.988,173.092,1285070000,8
1409553120000,1409553599000,173.092,173.117,173.076,173.088,1029220000,8
1409553600000,1409554079000,173.088,173.103,173.045,173.047,1024430000,8
1409554080000,1409554559000,173.047,173.148,173.038,173.139,927960000,8
1409554560000,1409555039000,173.139,173.177,173.129,173.142,880100000,8
1409555040000,1409555519000,173.143,173.163,173.124,173.139,876620000,8
1409555520000,1409555999000,173.141,173.163,173.118,173.148,944250000,8
1409556000000,1409556479000,173.148,173.168,173.127,173.156,627640000,8
1409556480000,1409556959000,173.156,173.167,173.139,173.156,782380000,8
1409556960000,1409557439000,173.156,173.176,173.137,173.169,570970000,8
1409557440000,1409557919000,173.169,173.197,173.151,173.162,839260000,8
1409557920000,1409558399000,173.162,173.211,173.161,173.205,957500000,8
1409558400000,1409558879000,173.203,173.315,173.182,173.274,993100000,8
1409558880000,1409559359000,173.274,173.29,173.228,173.247,969260000,8
1409559360000,1409559839000,173.246,173.296,173.246,173.272,869720000,8
1409559840000,1409560319000,173.272,173.355,173.017,173.181,1762840000,8
1409560320000,1409560799000,173.181,173.24,173.109,173.124,1183600000,8
1409560800000,1409561279000,173.125,173.164,173.118,173.152,813900000,8
1409561280000,1409561759000,173.152,173.2,173.151,173.181,926690000,8
1409561760000,1409562239000,173.184,173.198,173.151,173.176,973280000,8
1409562240000,1409562719000,173.174,173.19,173.151,173.164,1014370000,8
1409562720000,1409563199000,173.165,173.22,173.158,173.218,886990000,8
1409563200000,1409563679000,173.221,173.249,173.202,173.224,1010180000,8
1409563680000,1409564159000,173.223,173.274,173.22,173.256,876790000,8
1409564160000,1409564639000,173.256,173.264,173.206,173.254,860870000,8
1409564640000,1409565119000,173.254,173.279,173.249,173.254,816840000,8
1409565120000,1409565599000,173.254,173.332,173.249,173.324,1162920000,8
1409565600000,1409566079000,173.324,173.339,173.272,173.282,824550000,8
1409566080000,1409566559000,173.284,173.303,173.272,173.276,554990000,8
1409566560000,1409567039000,173.276,173.293,173.266,173.281,472980000,8
1409567040000,1409567519000,173.282,173.287,173.248,173.258,615000000,8
1409567520000,1409567999000,173.259,173.264,173.238,173.256,697880000,8
1409568000000,1409568479000,173.255,173.265,173.227,173.24,669660000,8
1409568480000,1409568959000,173.239,173.248,173.194,173.198,611950000,8
1409568960000,1409569439000,173.203,173.252,173.191,173.248,702310000,8
1409569440000,1409569919000,173.244,173.25,173.229,173.234,630220000,8
1409569920000,1409570399000,173.235,173.246,173.197,173.199,659540000,8
1409570400000,1409570879000,173.199,173.245,173.194,173.222,697880000,8
1409570880000,1409571359000,173.223,173.24,173.218,173.232,655520000,8
1409571360000,1409571839000,173.231,173.282,173.224,173.266,640350000,8
1409571840000,1409572319000,173.268,173.31,173.268,173.281,627910000,8
1409572320000,1409572799000,173.282,173.305,173.267,173.278,672380000,8
1409572800000,1409573279000,173.278,173.303,173.25,173.298,684450000,8
1409573280000,1409573759000,173.298,173.322,173.287,173.322,789750000,8
1409573760000,1409574239000,173.324,173.335,173.288,173.288,428380000,8
1409574240000,1409574719000,173.288,173.313,173.269,173.31,308160000,8
1409574720000,1409575199000,173.309,173.335,173.309,173.324,451550000,8
1409575200000,1409575679000,173.328,173.358,173.303,173.31,589940000,8
1409575680000,1409576159000,173.31,173.329,173.292,173.312,471180000,8
1409576160000,1409576639000,173.311,173.352,173.297,173.317,757010000,8
1409576640000,1409577119000,173.317,173.366,173.309,173.331,618910000,8
1409577120000,1409577599000,173.331,173.352,173.329,173.346,623090000,8
1409577600000,1409578079000,173.346,173.373,173.342,173.37,643400000,8
1409578080000,1409578559000,173.37,173.383,173.355,173.355,585210000,8
1409578560000,1409579039000,173.352,173.356,173.322,173.354,667980000,8
1409579040000,1409579519000,173.353,173.412,173.345,173.395,755390000,8
1409579520000,1409579999000,173.395,173.398,173.31,173.32,822050000,8
1409580000000,1409580479000,173.323,173.34,173.302,173.303,684520000,8
1409580480000,1409580959000,173.303,173.307,173.259,173.271,821790000,8
1409580960000,1409581439000,173.271,173.297,173.263,173.288,561850000,8
1409581440000,1409581919000,173.286,173.303,173.283,173.283,418070000,8
1409581920000,1409582399000,173.282,173.282,173.238,173.253,573240000,8
1409582400000,1409582879000,173.253,173.278,173.233,173.237,462400000,8
1409582880000,1409583359000,173.237,173.263,173.225,173.225,721640000,8
1409583360000,1409583839000,173.225,173.233,173.179,173.204,891920000,8
1409583840000,1409584319000,173.203,173.233,173.198,173.201,484210000,8
1409584320000,1409584799000,173.201,173.216,173.171,173.175,416120000,8
1409584800000,1409585279000,173.175,173.214,173.175,173.213,336620000,8
1409585280000,1409585759000,173.213,173.25,173.212,173.219,370990000,8
1409585760000,1409586239000,173.22,173.223,173.206,173.222,534700000,8
1409586240000,1409586719000,173.222,173.232,173.211,173.213,319110000,8
1409586720000,1409587199000,173.213,173.217,173.192,173.215,664540000,8
1409587200000,1409587679000,173.215,173.252,173.207,173.243,432660000,8
1409587680000,1409588159000,173.243,173.263,173.237,173.248,383010000,8
1409588160000,1409588639000,173.248,173.255,173.233,173.255,344460000,8
1409588640000,1409589119000,173.253,173.273,173.252,173.263,415360000,8
1409589120000,1409589599000,173.263,173.272,173.242,173.249,188860000,8
1409589600000,1409590079000,173.251,173.263,173.22,173.22,274190000,8
1409590080000,1409590559000,173.217,173.228,173.194,173.205,430450000,8
1409590560000,1409591039000,173.205,173.213,173.128,173.178,622010000,8
1409591040000,1409591519000,173.178,173.197,173.177,173.195,425300000,8
1409591520000,1409591999000,173.195,173.204,173.185,173.203,226420000,8
1409592000000,1409592479000,173.204,173.228,173.2,173.21,173280000,8
1409592480000,1409592959000,173.207,173.207,173.196,173.2,370030000,8
1409592960000,1409593439000,173.2,173.215,173.193,173.215,212490000,8
1409593440000,1409593919000,173.215,173.217,173.193,173.199,372450000,8
1409593920000,1409594399000,173.199,173.218,173.191,173.201,431480000,8
1409594400000,1409594879000,173.203,173.241,173.203,173.217,279300000,8
1409594880000,1409595359000,173.218,173.267,173.2,173.254,518600000,8
1409595360000,1409595839000,173.255,173.26,173.228,173.246,586450000,8
1409595840000,1409596319000,173.246,173.258,173.233,173.238,211630000,8
1409596320000,1409596799000,173.237,173.247,173.205,173.218,365520000,8
1409596800000,1409597279000,173.221,173.241,173.211,173.236,426110000,8
1409597280000,1409597759000,173.236,173.242,173.212,173.212,158830000,8
1409597760000,1409598239000,173.214,173.234,173.203,173.234,170140000,8
1409598240000,1409598719000,173.235,173.236,173.221,173.224,142310000,8
1409598720000,1409599199000,173.224,173.248,173.224,173.245,162980000,8
1409599200000,1409599679000,173.249,173.252,173.24,173.242,64330000,8
1409599680000,1409600159000,173.242,173.266,173.221,173.222,190550000,8
1409600160000,1409600639000,173.222,173.225,173.212,173.22,124520000,8
1409600640000,1409601119000,173.22,173.226,173.206,173.216,210500000,8
1409601120000,1409601599000,173.216,173.222,173.194,173.197,213930000,8
1409601600000,1409602079000,173.197,173.203,173.19,173.196,206060000,8
1409602080000,1409602559000,173.196,173.212,173.192,173.207,208160000,8
1409602560000,1409603039000,173.208,173.231,173.207,173.22,212360000,8
1409603040000,1409603519000,173.219,173.262,173.215,173.257,172810000,8
1409603520000,1409603999000,173.257,173.259,173.243,173.249,83410000,8
1409604000000,1409604479000,173.247,173.275,173.247,173.275,108520000,8
1409604480000,1409604959000,173.275,173.298,173.27,173.29,222250000,8
1409604960000,1409605439000,173.29,173.297,173.261,173.268,77330000,8
1409605440000,1409605919000,173.267,173.298,173.252,173.278,111960000,8
1409605920000,1409606399000,173.277,173.281,173.264,173.273,83400000,8
1409606400000,1409606879000,173.275,173.281,173.26,173.263,60280000,8
1409606880000,1409607359000,173.263,173.276,173.247,173.261,105560000,8
1409607360000,1409607839000,173.261,173.264,173.246,173.253,43870000,8
1409607840000,1409608319000,173.253,173.261,173.231,173.255,129310000,8
1409608320000,1409608799000,173.255,173.269,173.247,173.263,98350000,8
1409608800000,1409609279000,173.267,173.291,173.253,173.255,246840000,8
1409609280000,1409609759000,173.255,173.28,173.255,173.264,559940000,8
1409609760000,1409610239000,173.264,173.296,173.264,173.29,271160000,8
1409610240000,1409610719000,173.293,173.303,173.29,173.292,157680000,8
1409610720000,1409611199000,173.293,173.313,173.285,173.29,249690000,8
1409611200000,1409611679000,173.29,173.297,173.272,173.281,373070000,8
1409611680000,1409612159000,173.28,173.302,173.275,173.297,322160000,8
1409612160000,1409612639000,173.298,173.298,173.27,173.288,418720000,8
1409612640000,1409613119000,173.288,173.3,173.287,173.296,284240000,8
1409613120000,1409613599000,173.296,173.324,173.289,173.32,409540000,8
1409613600000,1409614079000,173.32,173.355,173.32,173.355,328160000,8
1409614080000,1409614559000,173.355,173.368,173.342,173.349,477990000,8
1409614560000,1409615039000,173.349,173.366,173.342,173.345,425880000,8
1409615040000,1409615519000,173.345,173.39,173.342,173.382,568790000,8
1409615520000,1409615999000,173.382,173.383,173.341,173.369,407750000,8
1409616000000,1409616479000,173.368,173.37,173.328,173.339,452970000,8
1409616480000,1409616959000,173.339,173.374,173.336,173.35,481920000,8
1409616960000,1409617439000,173.35,173.35,173.323,173.334,404480000,8
1409617440000,1409617919000,173.334,173.354,173.318,173.343,441230000,8
1409617920000,1409618399000,173.343,173.392,173.343,173.383,554630000,8
1409618400000,1409618879000,173.383,173.383,173.315,173.344,796520000,8
1409618880000,1409619359000,173.344,173.397,173.342,173.383,620030000,8
1409619360000,1409619839000,173.385,173.409,173.366,173.386,829820000,8
1409619840000,1409620319000,173.386,173.485,173.37,173.478,1032790000,8
1409620320000,1409620799000,173.478,173.53,173.442,173.501,1200520000,8
1409620800000,1409621279000,173.501,173.573,173.47,173.532,1299280000,8
1409621280000,1409621759000,173.533,173.558,173.486,173.549,1111430000,8
1409621760000,1409622239000,173.547,173.582,173.494,173.521,1227390000,8
1409622240000,1409622719000,173.522,173.658,173.518,173.644,1257370000,8
1409622720000,1409623199000,173.644,173.741,173.599,173.715,1284700000,8
1409623200000,1409623679000,173.715,173.724,173.628,173.661,897530000,8
1409623680000,1409624159000,173.661,173.686,173.632,173.67,835180000,8
1409624160000,1409624639000,173.67,173.7,173.646,173.693,682400000,8
1409624640000,1409625119000,173.693,173.695,173.65,173.675,556560000,8
1409625120000,1409625599000,173.675,173.752,173.675,173.712,856310000,8
1409625600000,1409626079000,173.713,173.764,173.709,173.722,682010000,8
1409626080000,1409626559000,173.72,173.766,173.695,173.743,608350000,8
1409626560000,1409627039000,173.743,173.747,173.703,173.72,676790000,8
1409627040000,1409627519000,173.719,173.73,173.699,173.699,486840000,8
1409627520000,1409627999000,173.7,173.727,173.687,173.71,545760000,8
1409628000000,1409628479000,173.709,173.748,173.686,173.734,538680000,8
1409628480000,1409628959000,173.734,173.748,173.723,173.739,496300000,8
1409628960000,1409629439000,173.739,173.855,173.739,173.817,1037600000,8
1409629440000,1409629919000,173.818,173.825,173.743,173.749,756380000,8
1409629920000,1409630399000,173.749,173.809,173.749,173.794,475000000,8
1409630400000,1409630879000,173.79,173.842,173.784,173.793,765300000,8
1409630880000,1409631359000,173.795,173.828,173.763,173.77,733900000,8
1409631360000,1409631839000,173.77,173.781,173.723,173.725,660100000,8
1409631840000,1409632319000,173.725,173.817,173.723,173.815,711880000,8
1409632320000,1409632799000,173.815,173.837,173.779,173.803,694290000,8
1409632800000,1409633279000,173.803,173.84,173.775,173.809,682060000,8
1409633280000,1409633759000,173.808,173.81,173.781,173.79,623650000,8
1409633760000,1409634239000,173.79,173.836,173.787,173.836,505200000,8
1409634240000,1409634719000,173.836,173.837,173.794,173.81,353470000,8
1409634720000,1409635199000,173.809,173.867,173.809,173.854,516170000,8
1409635200000,1409635679000,173.854,173.915,173.854,173.889,610480000,8
1409635680000,1409636159000,173.889,173.89,173.849,173.862,581090000,8
1409636160000,1409636639000,173.861,173.864,173.846,173.852,536720000,8
1409636640000,1409637119000,173.853,173.856,173.826,173.833,464870000,8
1409637120000,1409637599000,173.831,173.843,173.815,173.823,401150000,8
1409637600000,1409638079000,173.823,173.866,173.787,173.862,958540000,8
1409638080000,1409638559000,173.859,173.876,173.846,173.851,487860000,8
1409638560000,1409639039000,173.855,173.898,173.845,173.888,580410000,8
1409639040000,1409639519000,173.888,173.906,173.858,173.889,594830000,8
1409639520000,1409639999000,173.891,173.951,173.874,173.899,1105230000,8
1409640000000,1409640479000,173.901,173.914,173.79,173.821,1183320000,8
1409640480000,1409640959000,173.824,173.872,173.81,173.829,1151270000,8
1409640960000,1409641439000,173.829,173.833,173.608,173.614,1753150000,8
1409641440000,1409641919000,173.611,173.65,173.57,173.585,1598550000,8
1409641920000,1409642399000,173.583,173.637,173.544,173.62,1209290000,8
1409642400000,1409642879000,173.621,173.667,173.617,173.649,1092880000,8
1409642880000,1409643359000,173.655,173.66,173.613,173.643,1092330000,8
1409643360000,1409643839000,173.646,173.68,173.64,173.647,1103360000,8
1409643840000,1409644319000,173.646,173.689,173.637,173.681,988110000,8
1409644320000,1409644799000,173.681,173.755,173.668,173.705,1027750000,8
1409644800000,1409645279000,173.705,173.723,173.667,173.703,810900000,8
1409645280000,1409645759000,173.705,173.73,173.674,173.676,708490000,8
1409645760000,1409646239000,173.675,173.682,173.62,173.626,950540000,8
1409646240000,1409646719000,173.625,173.728,173.507,173.662,1552540000,8
1409646720000,1409647199000,173.662,173.666,173.568,173.594,1453340000,8
1409647200000,1409647679000,173.598,173.635,173.498,173.51,1275640000,8
1409647680000,1409648159000,173.51,173.532,173.452,173.483,1146420000,8
1409648160000,1409648639000,173.483,173.542,173.431,173.524,1434960000,8
1409648640000,1409649119000,173.522,173.522,173.424,173.432,1154990000,8
1409649120000,1409649599000,173.436,173.495,173.43,173.472,1216830000,8
1409649600000,1409650079000,173.473,173.489,173.385,173.407,1194020000,8
1409650080000,1409650559000,173.406,173.43,173.359,173.424,1398610000,8
1409650560000,1409651039000,173.424,173.436,173.378,173.434,975100000,8
1409651040000,1409651519000,173.434,173.434,173.347,173.386,1186810000,8
1409651520000,1409651999000,173.387,173.414,173.382,173.408,894870000,8
1409652000000,1409652479000,173.41,173.447,173.395,173.431,836300000,8
1409652480000,1409652959000,173.431,173.496,173.429,173.475,722780000,8
1409652960000,1409653439000,173.475,173.532,173.471,173.494,1197630000,8
1409653440000,1409653919000,173.492,173.507,173.423,173.476,1035460000,8
1409653920000,1409654399000,173.473,173.483,173.415,173.438,886440000,8
1409654400000,1409654879000,173.439,173.518,173.439,173.454,922230000,8
1409654880000,1409655359000,173.454,173.508,173.454,173.482,768750000,8
1409655360000,1409655839000,173.483,173.488,173.41,173.471,1097810000,8
1409655840000,1409656319000,173.471,173.543,173.466,173.488,755760000,8
1409656320000,1409656799000,173.488,173.498,173.432,173.47,908870000,8
1409656800000,1409657279000,173.47,173.523,173.463,173.506,838050000,8
1409657280000,1409657759000,173.509,173.515,173.467,173.496,767300000,8
1409657760000,1409658239000,173.496,173.532,173.472,173.485,956780000,8
1409658240000,1409658719000,173.487,173.492,173.441,173.471,734960000,8
1409658720000,1409659199000,173.47,173.48,173.412,173.423,861190000,8
1409659200000,1409659679000,173.423,173.464,173.414,173.439,763080000,8
1409659680000,1409660159000,173.438,173.498,173.43,173.489,775330000,8
1409660160000,1409660639000,173.489,173.499,173.412,173.433,1103320000,8
1409660640000,1409661119000,173.433,173.468,173.397,173.402,1112750000,8
1409661120000,1409661599000,173.402,173.412,173.354,173.389,1253650000,8
1409661600000,1409662079000,173.389,173.475,173.389,173.431,1140510000,8
1409662080000,1409662559000,173.431,173.468,173.405,173.418,966360000,8
1409662560000,1409663039000,173.418,173.469,173.407,173.44,972710000,8
1409663040000,1409663519000,173.438,173.457,173.417,173.435,731230000,8
1409663520000,1409663999000,173.435,173.463,173.402,173.408,808360000,8
1409664000000,1409664479000,173.408,173.423,173.342,173.348,892630000,8
1409664480000,1409664959000,173.348,173.352,173.257,173.275,1252930000,8
1409664960000,1409665439000,173.275,173.325,173.267,173.314,931350000,8
1409665440000,1409665919000,173.316,173.356,173.297,173.349,987230000,8
1409665920000,1409666399000,173.348,173.453,173.308,173.347,1328920000,8
1409666400000,1409666879000,173.35,173.484,173.35,173.398,1828920000,8
1409666880000,1409667359000,173.4,173.539,173.382,173.539,1619480000,8
1409667360000,1409667839000,173.539,173.543,173.449,173.526,1709930000,8
1409667840000,1409668319000,173.528,173.534,173.388,173.431,1556550000,8
1409668320000,1409668799000,173.43,173.455,173.403,173.438,1245270000,8
1409668800000,1409669279000,173.438,173.502,173.406,173.501,1258890000,8
1409669280000,1409669759000,173.499,173.51,173.401,173.432,1150770000,8
1409669760000,1409670239000,173.432,173.577,173.418,173.418,1727560000,8
1409670240000,1409670719000,173.418,173.441,173.395,173.403,982810000,8
1409670720000,1409671199000,173.405,173.425,173.364,173.425,1028960000,8
1409671200000,1409671679000,173.427,173.478,173.406,173.459,1029330000,8
1409671680000,1409672159000,173.459,173.486,173.413,173.469,889490000,8
1409672160000,1409672639000,173.472,173.476,173.416,173.433,994660000,8
1409672640000,1409673119000,173.433,173.456,173.38,173.398,618100000,8
1409673120000,1409673599000,173.397,173.454,173.386,173.433,708220000,8
1409673600000,1409674079000,173.435,173.458,173.404,173.42,736410000,8
1409674080000,1409674559000,173.42,173.421,173.389,173.408,407810000,8
1409674560000,1409675039000,173.41,173.411,173.331,173.372,503430000,8
1409675040000,1409675519000,173.372,173.475,173.303,173.325,926850000,8
1409675520000,1409675999000,173.326,173.376,173.311,173.336,933610000,8
1409676000000,1409676479000,173.336,173.356,173.282,173.298,572440000,8
1409676480000,1409676959000,173.299,173.343,173.298,173.318,405110000,8
1409676960000,1409677439000,173.318,173.325,173.253,173.264,392210000,8
1409677440000,1409677919000,173.266,173.284,173.237,173.279,558700000,8
1409677920000,1409678399000,173.282,173.358,173.274,173.323,385590000,8
1409678400000,1409678879000,173.323,173.335,173.287,173.289,413490000,8
1409678880000,1409679359000,173.291,173.348,173.289,173.339,572760000,8
1409679360000,1409679839000,173.34,173.358,173.289,173.293,573790000,8
1409679840000,1409680319000,173.293,173.298,173.27,173.278,429000000,8
1409680320000,1409680799000,173.278,173.344,173.268,173.302,502180000,8
1409680800000,1409681279000,173.303,173.341,173.274,173.308,350970000,8
1409681280000,1409681759000,173.31,173.329,173.292,173.298,410770000,8
1409681760000,1409682239000,173.301,173.305,173.267,173.271,247110000,8
1409682240000,1409682719000,173.273,173.3,173.26,173.295,383220000,8
1409682720000,1409683199000,173.293,173.293,173.217,173.262,481030000,8
1409683200000,1409683679000,173.262,173.266,173.203,173.208,658320000,8
1409683680000,1409684159000,173.211,173.228,173.17,173.178,523470000,8
1409684160000,1409684639000,173.18,173.217,173.161,173.188,619380000,8
1409684640000,1409685119000,173.188,173.229,173.185,173.19,354690000,8
1409685120000,1409685599000,173.192,173.219,173.181,173.201,289090000,8
1409685600000,1409686079000,173.202,173.212,173.167,173.203,329170000,8
1409686080000,1409686559000,173.204,173.217,173.177,173.179,435120000,8
1409686560000,1409687039000,173.177,173.18,173.117,173.165,388560000,8
1409687040000,1409687519000,173.165,173.187,173.141,173.178,500910000,8
1409687520000,1409687999000,173.18,173.193,173.153,173.18,599570000,8
1409688000000,1409688479000,173.179,173.179,173.12,173.131,387720000,8
1409688480000,1409688959000,173.13,173.137,173.099,173.11,321730000,8
1409688960000,1409689439000,173.11,173.112,173.085,173.085,170180000,8
1409689440000,1409689919000,173.084,173.084,173.021,173.022,236200000,8
1409689920000,1409690399000,173.022,173.066,173.009,173.053,224130000,8
1409690400000,1409690879000,173.052,173.069,173.051,173.056,214120000,8
1409690880000,1409691359000,173.057,173.066,173.02,173.038,326020000,8
1409691360000,1409691839000,173.038,173.102,173.037,173.081,166400000,8
1409691840000,1409692319000,173.081,173.094,173.056,173.082,292040000,8
1409692320000,1409692799000,173.082,173.095,173.07,173.079,213400000,8
1409692800000,1409693279000,173.076,173.087,173.067,173.081,119360000,8
1409693280000,1409693759000,173.081,173.088,173.061,173.076,160900000,8
1409693760000,1409694239000,173.076,173.077,173.058,173.077,118040000,8
1409694240000,1409694719000,173.077,173.098,173.071,173.097,108380000,8
1409694720000,1409695199000,173.096,173.105,173.081,173.085,199410000,8
1409695200000,1409695679000,173.085,173.089,173.048,173.073,263900000,8
1409695680000,1409696159000,173.073,173.093,173.069,173.084,298720000,8
1409696160000,1409696639000,173.084,173.151,173.084,173.147,366580000,8
1409696640000,1409697119000,173.147,173.154,173.087,173.14,268010000,8
1409697120000,1409697599000,173.14,173.15,173.128,173.144,219440000,8
1409697600000,1409698079000,173.14,173.152,173.133,173.152,160480000,8
1409698080000,1409698559000,173.152,173.158,173.078,173.112,264170000,8
1409698560000,1409699039000,173.112,173.123,173.092,173.097,202330000,8
1409699040000,1409699519000,173.098,173.134,173.097,173.123,186600000,8
1409699520000,1409699999000,173.122,173.169,173.12,173.169,146970000,8
1409700000000,1409700479000,173.169,173.197,173.159,173.192,407860000,8
1409700480000,1409700959000,173.192,173.23,173.192,173.204,246320000,8
1409700960000,1409701439000,173.204,173.363,173.202,173.333,948670000,8
1409701440000,1409701919000,173.332,173.333,173.281,173.289,602050000,8
1409701920000,1409702399000,173.289,173.306,173.248,173.305,662210000,8
1409702400000,1409702879000,173.305,173.316,173.229,173.235,1151860000,8
1409702880000,1409703359000,173.237,173.238,173.197,173.222,713840000,8
1409703360000,1409703839000,173.222,173.245,173.197,173.218,530060000,8
1409703840000,1409704319000,173.218,173.253,173.217,173.243,503510000,8
1409704320000,1409704799000,173.243,173.288,173.203,173.287,561680000,8
1409704800000,1409705279000,173.289,173.308,173.24,173.268,775080000,8
1409705280000,1409705759000,173.265,173.277,173.213,173.222,544980000,8
1409705760000,1409706239000,173.228,173.235,173.193,173.227,655040000,8
1409706240000,1409706719000,173.227,173.243,173.194,173.243,579790000,8
1409706720000,1409707199000,173.24,173.28,173.24,173.264,546380000,8
1409707200000,1409707679000,173.264,173.273,173.216,173.247,579510000,8
1409707680000,1409708159000,173.247,173.248,173.168,173.205,950090000,8
1409708160000,1409708639000,173.207,173.23,173.176,173.183,695860000,8
1409708640000,1409709119000,173.183,173.247,173.18,173.215,625660000,8
1409709120000,1409709599000,173.215,173.247,173.178,173.208,545150000,8
1409709600000,1409710079000,173.209,173.26,173.204,173.24,433280000,8
1409710080000,1409710559000,173.24,173.259,173.221,173.233,463870000,8
1409710560000,1409711039000,173.233,173.27,173.232,173.27,327890000,8
1409711040000,1409711519000,173.27,173.271,173.199,173.211,416780000,8
1409711520000,1409711999000,173.209,173.256,173.208,173.228,274770000,8
1409712000000,1409712479000,173.228,173.258,173.197,173.245,532940000,8
1409712480000,1409712959000,173.244,173.245,173.224,173.232,362300000,8
1409712960000,1409713439000,173.232,173.238,173.2,173.232,374060000,8
1409713440000,1409713919000,173.232,173.24,173.212,173.233,322110000,8
1409713920000,1409714399000,173.233,173.233,173.194,173.203,396800000,8
1409714400000,1409714879000,173.204,173.232,173.195,173.204,507430000,8
1409714880000,1409715359000,173.205,173.213,173.182,173.186,562380000,8
1409715360000,1409715839000,173.186,173.217,173.179,173.194,567470000,8
1409715840000,1409716319000,173.194,173.232,173.171,173.181,669570000,8
1409716320000,1409716799000,173.181,173.263,173.161,173.221,1030890000,8
1409716800000,1409717279000,173.221,173.229,173.176,173.178,421500000,8
1409717280000,1409717759000,173.178,173.192,173.109,173.185,765500000,8
1409717760000,1409718239000,173.185,173.187,173.131,173.144,451920000,8
1409718240000,1409718719000,173.143,173.157,173.11,173.134,375410000,8
1409718720000,1409719199000,173.134,173.153,173.114,173.153,364930000,8
1409719200000,1409719679000,173.153,173.184,173.141,173.141,441200000,8
1409719680000,1409720159000,173.141,173.141,173.083,173.113,494580000,8
1409720160000,1409720639000,173.113,173.115,172.913,172.92,766320000,8
1409720640000,1409721119000,172.92,172.983,172.707,172.774,1870100000,8
1409721120000,1409721599000,172.774,172.856,172.745,172.856,1187290000,8
1409721600000,1409722079000,172.856,172.959,172.833,172.935,1150070000,8
1409722080000,1409722559000,172.933,172.958,172.907,172.919,991810000,8
1409722560000,1409723039000,172.919,172.95,172.855,172.896,1107300000,8
1409723040000,1409723519000,172.896,172.9,172.765,172.823,1268150000,8
1409723520000,1409723999000,172.823,172.874,172.765,172.869,1292120000,8
1409724000000,1409724479000,172.869,172.894,172.75,172.802,1144070000,8
1409724480000,1409724959000,172.806,172.887,172.756,172.828,1531320000,8
1409724960000,1409725439000,172.829,172.84,172.767,172.784,1303370000,8
1409725440000,1409725919000,172.784,172.887,172.781,172.865,1069650000,8
1409725920000,1409726399000,172.864,172.881,172.799,172.799,1073660000,8
1409726400000,1409726879000,172.798,172.867,172.798,172.824,1170160000,8
1409726880000,1409727359000,172.825,172.962,172.817,172.962,1204620000,8
1409727360000,1409727839000,172.962,172.97,172.868,172.899,974970000,8
1409727840000,1409728319000,172.901,172.989,172.886,172.988,953380000,8
1409728320000,1409728799000,172.986,173.061,172.984,173.058,1041570000,8
1409728800000,1409729279000,173.056,173.106,173.047,173.055,971100000,8
1409729280000,1409729759000,173.054,173.063,172.949,172.95,787070000,8
1409729760000,1409730239000,172.951,172.96,172.887,172.911,1101620000,8
1409730240000,1409730719000,172.911,172.929,172.867,172.918,1226390000,8
1409730720000,1409731199000,172.919,172.943,172.781,172.796,1433990000,8
1409731200000,1409731679000,172.794,173.175,172.766,173.11,3214150000,8
1409731680000,1409732159000,173.108,173.144,173.037,173.118,2027740000,8
1409732160000,1409732639000,173.121,173.18,173.094,173.145,1758790000,8
1409732640000,1409733119000,173.145,173.298,173.101,173.25,1807470000,8
1409733120000,1409733599000,173.253,173.284,173.184,173.238,1361870000,8
1409733600000,1409734079000,173.233,173.238,173.136,173.149,1435840000,8
1409734080000,1409734559000,173.15,173.157,172.783,172.859,2118300000,8
1409734560000,1409735039000,172.858,173.113,172.825,173.093,2282510000,8
1409735040000,1409735519000,173.092,173.198,173.068,173.121,1642200000,8
1409735520000,1409735999000,173.12,173.128,173.076,173.115,1124510000,8
1409736000000,1409736479000,173.113,173.113,173.028,173.088,1074160000,8
1409736480000,1409736959000,173.088,173.194,173.069,173.172,1085430000,8
1409736960000,1409737439000,173.172,173.243,173.161,173.17,1059230000,8
1409737440000,1409737919000,173.17,173.212,173.146,173.162,913080000,8
1409737920000,1409738399000,173.164,173.168,173.101,173.15,927330000,8
1409738400000,1409738879000,173.146,173.157,173.104,173.105,772430000,8
1409738880000,1409739359000,173.105,173.168,173.103,173.162,580480000,8
1409739360000,1409739839000,173.16,173.195,173.107,173.112,617230000,8
1409739840000,1409740319000,173.111,173.166,173.099,173.15,1055660000,8
1409740320000,1409740799000,173.15,173.206,173.14,173.2,700040000,8
1409740800000,1409741279000,173.2,173.224,173.148,173.197,742050000,8
1409741280000,1409741759000,173.197,173.199,173.111,173.113,819900000,8
1409741760000,1409742239000,173.112,173.14,173.003,173.021,1421450000,8
1409742240000,1409742719000,173.021,173.032,172.894,172.917,1197630000,8
1409742720000,1409743199000,172.918,172.935,172.865,172.892,1393900000,8
1409743200000,1409743679000,172.891,172.905,172.856,172.873,737410000,8
1409743680000,1409744159000,172.873,172.969,172.864,172.964,986570000,8
1409744160000,1409744639000,172.964,172.981,172.926,172.943,969880000,8
1409744640000,1409745119000,172.941,172.942,172.852,172.863,906600000,8
1409745120000,1409745599000,172.863,172.923,172.853,172.892,832090000,8
1409745600000,1409746079000,172.895,172.902,172.82,172.877,922670000,8
1409746080000,1409746559000,172.877,172.963,172.833,172.959,1081490000,8
1409746560000,1409747039000,172.959,173.022,172.958,173.019,957720000,8
1409747040000,1409747519000,173.019,173.059,173.009,173.013,801800000,8
1409747520000,1409747999000,173.01,173.012,172.92,172.926,877600000,8
1409748000000,1409748479000,172.925,172.96,172.885,172.926,1043670000,8
1409748480000,1409748959000,172.928,172.928,172.869,172.9,864690000,8
1409748960000,1409749439000,172.901,172.919,172.884,172.916,741780000,8
1409749440000,1409749919000,172.916,172.963,172.898,172.918,871000000,8
1409749920000,1409750399000,172.917,172.928,172.873,172.88,866540000,8
1409750400000,1409750879000,172.882,172.906,172.852,172.899,781110000,8
1409750880000,1409751359000,172.902,172.938,172.874,172.924,831600000,8
1409751360000,1409751839000,172.923,172.923,172.86,172.869,910360000,8
1409751840000,1409752319000,172.869,172.872,172.82,172.829,775030000,8
1409752320000,1409752799000,172.827,172.862,172.782,172.802,996150000,8
1409752800000,1409753279000,172.808,172.822,172.73,172.752,1294380000,8
1409753280000,1409753759000,172.753,172.797,172.749,172.768,1055640000,8
1409753760000,1409754239000,172.768,172.798,172.73,172.754,850470000,8
1409754240000,1409754719000,172.754,172.758,172.677,172.689,955460000,8
1409754720000,1409755199000,172.69,172.788,172.69,172.785,751040000,8
1409755200000,1409755679000,172.785,172.81,172.711,172.717,911080000,8
1409755680000,1409756159000,172.715,172.728,172.69,172.716,742330000,8
1409756160000,1409756639000,172.716,172.718,172.59,172.629,1289910000,8
1409756640000,1409757119000,172.63,172.631,172.512,172.62,1119000000,8
1409757120000,1409757599000,172.62,172.664,172.614,172.653,738930000,8
1409757600000,1409758079000,172.653,172.657,172.591,172.604,625500000,8
1409758080000,1409758559000,172.604,172.604,172.52,172.53,898090000,8
1409758560000,1409759039000,172.53,172.566,172.503,172.541,810510000,8
1409759040000,1409759519000,172.543,172.549,172.503,172.525,776070000,8
1409759520000,1409759999000,172.525,172.542,172.511,172.521,673280000,8
1409760000000,1409760479000,172.522,172.53,172.479,172.506,710240000,8
1409760480000,1409760959000,172.506,172.548,172.506,172.523,385770000,8
1409760960000,1409761439000,172.519,172.539,172.47,172.477,527920000,8
1409761440000,1409761919000,172.477,172.497,172.424,172.428,694750000,8
1409761920000,1409762399000,172.429,172.49,172.417,172.489,583800000,8
1409762400000,1409762879000,172.489,172.506,172.448,172.506,642690000,8
1409762880000,1409763359000,172.508,172.508,172.45,172.485,425860000,8
1409763360000,1409763839000,172.483,172.499,172.459,172.497,416220000,8
1409763840000,1409764319000,172.498,172.51,172.485,172.502,389900000,8
1409764320000,1409764799000,172.5,172.541,172.5,172.52,284570000,8
1409764800000,1409765279000,172.52,172.525,172.505,172.511,390080000,8
1409765280000,1409765759000,172.509,172.514,172.49,172.493,462890000,8
1409765760000,1409766239000,172.493,172.521,172.491,172.519,463700000,8
1409766240000,1409766719000,172.519,172.54,172.498,172.511,269240000,8
1409766720000,1409767199000,172.511,172.526,172.461,172.461,371330000,8
1409767200000,1409767679000,172.464,172.492,172.459,172.478,255070000,8
1409767680000,1409768159000,172.479,172.51,172.46,172.499,330680000,8
1409768160000,1409768639000,172.5,172.538,172.5,172.521,339060000,8
1409768640000,1409769119000,172.52,172.524,172.495,172.519,332370000,8
1409769120000,1409769599000,172.518,172.543,172.515,172.526,299960000,8
1409769600000,1409770079000,172.527,172.548,172.52,172.542,338150000,8
1409770080000,1409770559000,172.541,172.563,172.532,172.538,354110000,8
1409770560000,1409771039000,172.539,172.548,172.492,172.521,359230000,8
1409771040000,1409771519000,172.522,172.524,172.499,172.509,137340000,8
1409771520000,1409771999000,172.509,172.515,172.482,172.501,236740000,8
1409772000000,1409772479000,172.499,172.499,172.421,172.478,573070000,8
1409772480000,1409772959000,172.481,172.484,172.433,172.455,278740000,8
1409772960000,1409773439000,172.456,172.459,172.382,172.43,453300000,8
1409773440000,1409773919000,172.432,172.436,172.384,172.385,286180000,8
1409773920000,1409774399000,172.386,172.426,172.378,172.424,338000000,8
1409774400000,1409774879000,172.426,172.457,172.422,172.453,336070000,8
1409774880000,1409775359000,172.452,172.467,172.431,172.44,530810000,8
1409775360000,1409775839000,172.441,172.457,172.43,172.454,198500000,8
1409775840000,1409776319000,172.455,172.472,172.45,172.46,166640000,8
1409776320000,1409776799000,172.462,172.499,172.461,172.483,229640000,8
1409776800000,1409777279000,172.484,172.494,172.457,172.461,213660000,8
1409777280000,1409777759000,172.461,172.507,172.455,172.475,230160000,8
1409777760000,1409778239000,172.477,172.521,172.477,172.493,278650000,8
1409778240000,1409778719000,172.498,172.526,172.471,172.526,274880000,8
1409778720000,1409779199000,172.524,172.592,172.52,172.567,662270000,8
1409779200000,1409779679000,172.566,172.658,172.565,172.606,396700000,8
1409779680000,1409780159000,172.603,172.613,172.556,172.593,282030000,8
1409780160000,1409780639000,172.59,172.59,172.522,172.555,227600000,8
1409780640000,1409781119000,172.555,172.567,172.55,172.554,132730000,8
1409781120000,1409781599000,172.553,172.609,172.535,172.585,371150000,8
1409781600000,1409782079000,172.58,172.592,172.578,172.582,92300000,8
1409782080000,1409782559000,172.582,172.625,172.582,172.618,205210000,8
1409782560000,1409783039000,172.617,172.623,172.598,172.602,130560000,8
1409783040000,1409783519000,172.602,172.618,172.591,172.593,289990000,8
1409783520000,1409783999000,172.591,172.623,172.588,172.612,264100000,8
1409784000000,1409784479000,172.618,172.63,172.612,172.613,175970000,8
1409784480000,1409784959000,172.613,172.615,172.583,172.599,222680000,8
1409784960000,1409785439000,172.599,172.599,172.568,172.583,137140000,8
1409785440000,1409785919000,172.583,172.585,172.56,172.565,276880000,8
1409785920000,1409786399000,172.565,172.586,172.565,172.586,251620000,8
1409786400000,1409786879000,172.587,172.619,172.587,172.609,182940000,8
1409786880000,1409787359000,172.608,172.623,172.588,172.597,185660000,8
1409787360000,1409787839000,172.598,172.628,172.598,172.603,305280000,8
1409787840000,1409788319000,172.602,172.609,172.576,172.601,503460000,8
1409788320000,1409788799000,172.603,172.643,172.597,172.637,545980000,8
1409788800000,1409789279000,172.638,172.643,172.584,172.598,445640000,8
1409789280000,1409789759000,172.599,172.668,172.599,172.663,402430000,8
1409789760000,1409790239000,172.66,172.688,172.644,172.652,384260000,8
1409790240000,1409790719000,172.652,172.673,172.633,172.658,444710000,8
1409790720000,1409791199000,172.656,172.713,172.656,172.677,630570000,8
1409791200000,1409791679000,172.677,172.721,172.667,172.715,532410000,8
1409791680000,1409792159000,172.715,172.722,172.624,172.662,992490000,8
1409792160000,1409792639000,172.662,172.675,172.588,172.619,752970000,8
1409792640000,1409793119000,172.621,172.644,172.614,172.623,433180000,8
1409793120000,1409793599000,172.624,172.649,172.601,172.606,641040000,8
1409793600000,1409794079000,172.606,172.652,172.602,172.628,496140000,8
1409794080000,1409794559000,172.628,172.678,172.623,172.629,580720000,8
1409794560000,1409795039000,172.629,172.705,172.615,172.675,656900000,8
1409795040000,1409795519000,172.675,172.693,172.657,172.662,516830000,8
1409795520000,1409795999000,172.661,172.668,172.62,172.668,580120000,8
1409796000000,1409796479000,172.668,172.668,172.635,172.656,429810000,8
1409796480000,1409796959000,172.656,172.66,172.632,172.635,328950000,8
1409796960000,1409797439000,172.635,172.659,172.625,172.659,333950000,8
1409797440000,1409797919000,172.659,172.705,172.656,172.691,430850000,8
1409797920000,1409798399000,172.691,172.696,172.685,172.689,241550000,8
1409798400000,1409798879000,172.689,172.71,172.624,172.65,564170000,8
1409798880000,1409799359000,172.648,172.668,172.634,172.652,431680000,8
1409799360000,1409799839000,172.652,172.652,172.587,172.587,306960000,8
1409799840000,1409800319000,172.587,172.645,172.502,172.562,764350000,8
1409800320000,1409800799000,172.562,172.574,172.517,172.558,874580000,8
1409800800000,1409801279000,172.556,172.589,172.548,172.569,347470000,8
1409801280000,1409801759000,172.569,172.58,172.465,172.536,1013460000,8
1409801760000,1409802239000,172.536,172.556,172.509,172.521,519970000,8
1409802240000,1409802719000,172.52,172.581,172.512,172.529,502750000,8
1409802720000,1409803199000,172.529,172.573,172.515,172.54,477560000,8
1409803200000,1409803679000,172.538,172.596,172.52,172.596,271480000,8
1409803680000,1409804159000,172.596,172.596,172.547,172.553,385130000,8
1409804160000,1409804639000,172.553,172.553,172.514,172.551,433550000,8
1409804640000,1409805119000,172.551,172.584,172.549,172.574,146820000,8
1409805120000,1409805599000,172.574,172.58,172.489,172.501,364300000,8
1409805600000,1409806079000,172.501,172.549,172.487,172.548,392210000,8
1409806080000,1409806559000,172.548,172.559,172.491,172.491,426740000,8
1409806560000,1409807039000,172.493,172.529,172.493,172.515,378560000,8
1409807040000,1409807519000,172.515,172.53,172.483,172.521,404170000,8
1409807520000,1409807999000,172.518,172.535,172.511,172.517,244340000,8
1409808000000,1409808479000,172.517,172.552,172.504,172.548,353750000,8
1409808480000,1409808959000,172.547,172.556,172.506,172.52,407690000,8
1409808960000,1409809439000,172.52,172.537,172.511,172.523,386590000,8
1409809440000,1409809919000,172.522,172.54,172.522,172.536,390100000,8
1409809920000,1409810399000,172.536,172.547,172.518,172.545,442360000,8
1409810400000,1409810879000,172.545,172.633,172.545,172.603,796150000,8
1409810880000,1409811359000,172.602,172.602,172.498,172.512,723750000,8
1409811360000,1409811839000,172.513,172.543,172.511,172.526,357650000,8
1409811840000,1409812319000,172.526,172.529,172.514,172.517,282810000,8
1409812320000,1409812799000,172.517,172.518,172.472,172.5,579200000,8
1409812800000,1409813279000,172.5,172.757,172.494,172.686,1760620000,8
1409813280000,1409813759000,172.684,172.684,172.602,172.62,1031980000,8
1409813760000,1409814239000,172.623,172.694,172.615,172.663,1236870000,8
1409814240000,1409814719000,172.662,172.662,172.58,172.608,1143150000,8
1409814720000,1409815199000,172.603,172.657,172.588,172.631,885750000,8
1409815200000,1409815679000,172.633,172.725,172.62,172.667,918260000,8
1409815680000,1409816159000,172.665,172.707,172.662,172.679,775270000,8
1409816160000,1409816639000,172.679,172.723,172.678,172.682,1024250000,8
1409816640000,1409817119000,172.677,172.733,172.668,172.728,674810000,8
1409817120000,1409817599000,172.733,172.733,172.692,172.696,583250000,8
1409817600000,1409818079000,172.696,172.696,172.653,172.663,637370000,8
1409818080000,1409818559000,172.664,172.693,172.633,172.663,765710000,8
1409818560000,1409819039000,172.664,172.692,172.636,172.686,733330000,8
1409819040000,1409819519000,172.686,172.722,172.665,172.688,648590000,8
1409819520000,1409819999000,172.689,172.769,172.681,172.701,1117660000,8
1409820000000,1409820479000,172.699,172.711,172.596,172.648,1043240000,8
1409820480000,1409820959000,172.648,172.664,172.632,172.644,661200000,8
1409820960000,1409821439000,172.642,172.649,172.624,172.633,617670000,8
1409821440000,1409821919000,172.633,172.65,172.603,172.622,743470000,8
1409821920000,1409822399000,172.623,172.655,172.603,172.604,726640000,8
1409822400000,1409822879000,172.604,172.648,172.586,172.637,649590000,8
1409822880000,1409823359000,172.637,172.65,172.568,172.572,557890000,8
1409823360000,1409823839000,172.572,172.597,172.536,172.54,550970000,8
1409823840000,1409824319000,172.539,172.603,172.539,172.588,510520000,8
1409824320000,1409824799000,172.588,172.637,172.578,172.607,655770000,8
1409824800000,1409825279000,172.607,172.642,172.574,172.594,584290000,8
1409825280000,1409825759000,172.594,172.634,172.586,172.59,542390000,8
1409825760000,1409826239000,172.591,172.622,172.569,172.622,428650000,8
1409826240000,1409826719000,172.625,172.652,172.617,172.645,607350000,8
1409826720000,1409827199000,172.644,172.647,172.563,172.578,685400000,8
1409827200000,1409827679000,172.577,172.673,172.542,172.623,1468460000,8
1409827680000,1409828159000,172.628,172.674,172.562,172.628,1535550000,8
1409828160000,1409828639000,172.627,172.695,172.562,172.629,2183620000,8
1409828640000,1409829119000,172.635,172.699,172.619,172.679,1269050000,8
1409829120000,1409829599000,172.678,172.713,172.657,172.681,1311240000,8
1409829600000,1409830079000,172.68,172.713,172.66,172.703,1019200000,8
1409830080000,1409830559000,172.701,172.733,172.692,172.704,837270000,8
1409830560000,1409831039000,172.706,172.708,172.642,172.688,1027980000,8
1409831040000,1409831519000,172.689,172.77,172.547,172.658,3435530000,8
1409831520000,1409831999000,172.658,172.66,172.523,172.6,2607020000,8
1409832000000,1409832479000,172.6,172.611,172.492,172.579,1988790000,8
1409832480000,1409832959000,172.579,172.583,172.383,172.41,3033100000,8
1409832960000,1409833439000,172.408,172.437,172.23,172.256,2651640000,8
1409833440000,1409833919000,172.258,172.356,172.16,172.306,2408980000,8
1409833920000,1409834399000,172.306,172.442,172.244,172.33,2751150000,8
1409834400000,1409834879000,172.327,172.434,172.302,172.335,2514010000,8
1409834880000,1409835359000,172.338,172.459,172.311,172.448,1655000000,8
1409835360000,1409835839000,172.447,172.499,172.397,172.487,1696290000,8
1409835840000,1409836319000,172.488,172.597,172.442,172.569,1419790000,8
1409836320000,1409836799000,172.567,172.569,172.441,172.444,1312900000,8
1409836800000,1409837279000,172.452,172.489,172.417,172.451,1219450000,8
1409837280000,1409837759000,172.449,172.483,172.417,172.482,1302050000,8
1409837760000,1409838239000,172.48,172.503,172.426,172.483,1174960000,8
1409838240000,1409838719000,172.484,172.5,172.442,172.465,1249460000,8
1409838720000,1409839199000,172.465,172.516,172.452,172.474,1348360000,8
1409839200000,1409839679000,172.48,172.543,172.464,172.477,1826300000,8
1409839680000,1409840159000,172.477,172.574,172.456,172.558,1238870000,8
1409840160000,1409840639000,172.558,172.569,172.493,172.5,1187690000,8
1409840640000,1409841119000,172.502,172.545,172.473,172.52,1158400000,8
1409841120000,1409841599000,172.519,172.586,172.49,172.558,1616400000,8
1409841600000,1409842079000,172.562,172.593,172.502,172.569,1216160000,8
1409842080000,1409842559000,172.567,172.621,172.421,172.441,1508660000,8
1409842560000,1409843039000,172.44,172.459,172.306,172.41,1923060000,8
1409843040000,1409843519000,172.413,172.421,172.296,172.346,1468130000,8
1409843520000,1409843999000,172.348,172.365,172.222,172.232,1358050000,8
1409844000000,1409844479000,172.233,172.268,172.203,172.205,766570000,8
1409844480000,1409844959000,172.207,172.234,172.118,172.201,1212320000,8
1409844960000,1409845439000,172.201,172.202,172.112,172.113,1267910000,8
1409845440000,1409845919000,172.112,172.132,172.048,172.078,1749250000,8
1409845920000,1409846399000,172.079,172.138,171.967,172.006,1938170000,8
1409846400000,1409846879000,172.008,172.092,171.993,172.066,1301830000,8
1409846880000,1409847359000,172.065,172.174,172.049,172.119,943130000,8
1409847360000,1409847839000,172.118,172.265,172.113,172.172,1161140000,8
1409847840000,1409848319000,172.171,172.222,172.116,172.187,999910000,8
1409848320000,1409848799000,172.188,172.238,172.164,172.219,965110000,8
1409848800000,1409849279000,172.221,172.249,172.193,172.202,705190000,8
1409849280000,1409849759000,172.202,172.229,172.193,172.208,503840000,8
1409849760000,1409850239000,172.208,172.217,172.162,172.188,738530000,8
1409850240000,1409850719000,172.188,172.204,172.169,172.183,638460000,8
1409850720000,1409851199000,172.185,172.193,172.141,172.157,737400000,8
1409851200000,1409851679000,172.155,172.177,172.097,172.11,743550000,8
1409851680000,1409852159000,172.11,172.123,172.062,172.08,501800000,8
1409852160000,1409852639000,172.084,172.088,172.044,172.048,476300000,8
1409852640000,1409853119000,172.043,172.043,171.983,172.018,430180000,8
1409853120000,1409853599000,172.018,172.054,171.978,171.985,590710000,8
1409853600000,1409854079000,171.986,172.034,171.986,172.007,387910000,8
1409854080000,1409854559000,172.01,172.046,172.003,172.028,409250000,8
1409854560000,1409855039000,172.026,172.038,172.013,172.026,314480000,8
1409855040000,1409855519000,172.028,172.035,171.987,171.999,393710000,8
1409855520000,1409855999000,172.0,172.002,171.896,171.899,646290000,8
1409856000000,1409856479000,171.899,171.945,171.896,171.941,531810000,8
1409856480000,1409856959000,171.935,171.947,171.901,171.915,343360000,8
1409856960000,1409857439000,171.915,171.926,171.86,171.867,725690000,8
1409857440000,1409857919000,171.867,171.907,171.85,171.863,660250000,8
1409857920000,1409858399000,171.861,171.874,171.777,171.778,645280000,8
1409858400000,1409858879000,171.779,171.791,171.754,171.784,424290000,8
1409858880000,1409859359000,171.784,171.813,171.784,171.802,467830000,8
1409859360000,1409859839000,171.802,171.803,171.774,171.782,405710000,8
1409859840000,1409860319000,171.779,171.797,171.768,171.783,324300000,8
1409860320000,1409860799000,171.783,171.893,171.779,171.888,454780000,8
1409860800000,1409861279000,171.894,171.899,171.853,171.857,384090000,8
1409861280000,1409861759000,171.858,171.858,171.812,171.812,296460000,8
1409861760000,1409862239000,171.812,171.878,171.812,171.869,264620000,8
1409862240000,1409862719000,171.869,171.871,171.841,171.858,332290000,8
1409862720000,1409863199000,171.859,171.904,171.838,171.898,264360000,8
1409863200000,1409863679000,171.898,171.915,171.871,171.905,229220000,8
1409863680000,1409864159000,171.907,171.92,171.819,171.905,425250000,8
1409864160000,1409864639000,171.906,171.928,171.813,171.835,311980000,8
1409864640000,1409865119000,171.832,171.865,171.657,171.86,825690000,8
1409865120000,1409865599000,171.855,171.904,171.786,171.869,448060000,8
1409865600000,1409866079000,171.868,171.913,171.817,171.882,479980000,8
1409866080000,1409866559000,171.88,171.905,171.801,171.801,340620000,8
1409866560000,1409867039000,171.801,171.813,171.8,171.807,98090000,8
1409867040000,1409867519000,171.806,171.846,171.76,171.835,418510000,8
1409867520000,1409867999000,171.835,171.851,171.783,171.818,260370000,8
1409868000000,1409868479000,171.823,171.903,171.778,171.896,708710000,8
1409868480000,1409868959000,171.894,171.922,171.88,171.898,460000000,8
1409868960000,1409869439000,171.894,171.929,171.894,171.898,362950000,8
1409869440000,1409869919000,171.898,171.911,171.892,171.911,208750000,8
1409869920000,1409870399000,171.912,171.923,171.882,171.898,292620000,8
1409870400000,1409870879000,171.9,172.034,171.867,172.027,531800000,8
1409870880000,1409871359000,172.028,172.032,171.943,171.984,515030000,8
1409871360000,1409871839000,171.981,172.058,171.967,171.993,633080000,8
1409871840000,1409872319000,171.99,172.008,171.968,171.983,401870000,8
1409872320000,1409872799000,171.983,172.006,171.972,171.982,440550000,8
1409872800000,1409873279000,171.983,171.988,171.943,171.961,281790000,8
1409873280000,1409873759000,171.962,171.989,171.937,171.937,327350000,8
1409873760000,1409874239000,171.941,172.257,171.941,171.984,1378100000,8
1409874240000,1409874719000,171.985,172.175,171.966,172.076,1644410000,8
1409874720000,1409875199000,172.078,172.14,172.009,172.027,1297860000,8
1409875200000,1409875679000,172.026,172.109,171.987,172.002,1534090000,8
1409875680000,1409876159000,172.002,172.011,171.949,171.986,1005570000,8
1409876160000,1409876639000,171.986,171.997,171.89,171.979,921740000,8
1409876640000,1409877119000,171.979,172.007,171.949,172.003,643420000,8
1409877120000,1409877599000,172.004,172.042,171.983,172.019,971540000,8
1409877600000,1409878079000,172.019,172.055,171.972,171.984,787890000,8
1409878080000,1409878559000,171.985,172.064,171.982,171.994,1108790000,8
1409878560000,1409879039000,171.994,172.007,171.869,171.894,1189050000,8
1409879040000,1409879519000,171.894,171.959,171.854,171.88,861210000,8
1409879520000,1409879999000,171.881,171.917,171.874,171.891,586700000,8
1409880000000,1409880479000,171.891,171.892,171.732,171.806,1230790000,8
1409880480000,1409880959000,171.804,171.868,171.798,171.839,745060000,8
1409880960000,1409881439000,171.839,171.861,171.804,171.817,709460000,8
1409881440000,1409881919000,171.817,171.838,171.752,171.818,762930000,8
1409881920000,1409882399000,171.818,171.835,171.777,171.831,533000000,8
1409882400000,1409882879000,171.831,171.873,171.759,171.759,776320000,8
1409882880000,1409883359000,171.759,171.848,171.74,171.814,781610000,8
1409883360000,1409883839000,171.814,171.832,171.707,171.808,1139000000,8
1409883840000,1409884319000,171.808,171.853,171.808,171.831,746730000,8
1409884320000,1409884799000,171.831,171.838,171.727,171.743,588270000,8
1409884800000,1409885279000,171.743,171.842,171.733,171.825,489310000,8
1409885280000,1409885759000,171.825,171.829,171.793,171.797,439490000,8
1409885760000,1409886239000,171.797,171.825,171.782,171.825,433930000,8
1409886240000,1409886719000,171.825,171.873,171.798,171.853,688640000,8
1409886720000,1409887199000,171.849,171.859,171.769,171.804,567820000,8
1409887200000,1409887679000,171.803,171.838,171.779,171.834,620200000,8
1409887680000,1409888159000,171.834,171.848,171.788,171.843,483970000,8
1409888160000,1409888639000,171.843,171.87,171.836,171.867,416640000,8
1409888640000,1409889119000,171.867,171.867,171.824,171.841,367790000,8
1409889120000,1409889599000,171.843,171.85,171.793,171.804,414160000,8
1409889600000,1409890079000,171.808,171.811,171.77,171.786,437260000,8
1409890080000,1409890559000,171.789,171.815,171.786,171.813,419730000,8
1409890560000,1409891039000,171.813,171.82,171.787,171.789,313350000,8
1409891040000,1409891519000,171.789,171.802,171.764,171.789,360590000,8
1409891520000,1409891999000,171.789,171.792,171.748,171.762,362690000,8
1409892000000,1409892479000,171.762,171.795,171.724,171.767,656680000,8
1409892480000,1409892959000,171.767,171.782,171.737,171.759,687970000,8
1409892960000,1409893439000,171.757,171.787,171.757,171.77,584410000,8
1409893440000,1409893919000,171.769,171.833,171.769,171.828,596140000,8
1409893920000,1409894399000,171.825,171.849,171.789,171.849,496210000,8
1409894400000,1409894879000,171.849,171.849,171.823,171.823,357740000,8
1409894880000,1409895359000,171.823,171.849,171.812,171.841,354230000,8
1409895360000,1409895839000,171.841,171.854,171.803,171.808,676690000,8
1409895840000,1409896319000,171.808,171.858,171.808,171.822,472890000,8
1409896320000,1409896799000,171.823,171.897,171.817,171.843,693510000,8
1409896800000,1409897279000,171.842,171.908,171.822,171.878,968560000,8
1409897280000,1409897759000,171.878,171.928,171.846,171.923,1062420000,8
1409897760000,1409898239000,171.923,171.948,171.891,171.918,695250000,8
1409898240000,1409898719000,171.918,171.928,171.896,171.899,636050000,8
1409898720000,1409899199000,171.895,171.988,171.894,171.974,729830000,8
1409899200000,1409899679000,171.974,172.007,171.935,171.944,1063540000,8
1409899680000,1409900159000,171.944,171.975,171.915,171.948,1006970000,8
1409900160000,1409900639000,171.951,171.957,171.906,171.918,777690000,8
1409900640000,1409901119000,171.916,171.916,171.84,171.885,1027800000,8
1409901120000,1409901599000,171.885,171.915,171.853,171.9,1040260000,8
1409901600000,1409902079000,171.902,171.948,171.827,171.854,1286650000,8
1409902080000,1409902559000,171.854,171.906,171.833,171.896,1135440000,8
1409902560000,1409903039000,171.897,171.959,171.88,171.887,970710000,8
1409903040000,1409903519000,171.888,171.897,171.853,171.86,882310000,8
1409903520000,1409903999000,171.86,171.868,171.777,171.783,1030480000,8
1409904000000,1409904479000,171.783,171.829,171.679,171.68,1140920000,8
1409904480000,1409904959000,171.678,171.738,171.647,171.705,1067210000,8
1409904960000,1409905439000,171.705,171.739,171.66,171.685,979460000,8
1409905440000,1409905919000,171.688,171.711,171.644,171.687,1128050000,8
1409905920000,1409906399000,171.686,171.803,171.685,171.735,1020470000,8
1409906400000,1409906879000,171.736,171.739,171.662,171.684,931080000,8
1409906880000,1409907359000,171.688,171.737,171.666,171.67,831540000,8
1409907360000,1409907839000,171.671,171.711,171.625,171.676,1044740000,8
1409907840000,1409908319000,171.678,171.709,171.665,171.698,1371960000,8
1409908320000,1409908799000,171.696,171.731,171.601,171.61,1065350000,8
1409908800000,1409909279000,171.609,171.64,171.56,171.603,944370000,8
1409909280000,1409909759000,171.603,171.616,171.564,171.601,877970000,8
1409909760000,1409910239000,171.601,171.609,171.576,171.584,688270000,8
1409910240000,1409910719000,171.584,171.597,171.545,171.593,844800000,8
1409910720000,1409911199000,171.594,171.602,171.536,171.569,784050000,8
1409911200000,1409911679000,171.573,171.581,171.517,171.558,674730000,8
1409911680000,1409912159000,171.557,171.625,171.557,171.577,902150000,8
1409912160000,1409912639000,171.574,171.652,171.557,171.62,849560000,8
1409912640000,1409913119000,171.622,171.626,171.554,171.571,917780000,8
1409913120000,1409913599000,171.573,171.608,171.535,171.544,927120000,8
1409913600000,1409914079000,171.546,171.597,171.541,171.587,714310000,8
1409914080000,1409914559000,171.588,171.61,171.578,171.606,976370000,8
1409914560000,1409915039000,171.606,171.655,171.582,171.594,1095480000,8
1409915040000,1409915519000,171.594,171.616,171.555,171.573,992050000,8
1409915520000,1409915999000,171.573,171.596,171.473,171.534,1127770000,8
1409916000000,1409916479000,171.534,171.554,171.498,171.502,903300000,8
1409916480000,1409916959000,171.498,171.598,171.492,171.566,924480000,8
1409916960000,1409917439000,171.566,171.577,171.468,171.496,1139580000,8
1409917440000,1409917919000,171.498,171.506,171.437,171.483,1049550000,8
1409917920000,1409918399000,171.486,171.493,171.406,171.41,918960000,8
1409918400000,1409918879000,171.407,171.48,171.348,171.459,1138540000,8
1409918880000,1409919359000,171.46,171.523,171.458,171.469,1317600000,8
1409919360000,1409919839000,171.469,171.473,171.407,171.409,1523760000,8
1409919840000,1409920319000,171.413,171.449,170.93,171.178,2916640000,8
1409920320000,1409920799000,171.179,171.261,171.078,171.154,4107720000,8
1409920800000,1409921279000,171.155,171.394,171.137,171.246,3492110000,8
1409921280000,1409921759000,171.248,171.265,171.086,171.142,2694340000,8
1409921760000,1409922239000,171.143,171.202,171.113,171.202,2543610000,8
1409922240000,1409922719000,171.204,171.287,171.183,171.283,1758370000,8
1409922720000,1409923199000,171.282,171.357,171.261,171.281,1984500000,8
1409923200000,1409923679000,171.284,171.326,171.253,171.322,1623050000,8
1409923680000,1409924159000,171.32,171.354,171.292,171.318,1379910000,8
1409924160000,1409924639000,171.318,171.327,171.198,171.309,1621590000,8
1409924640000,1409925119000,171.309,171.336,171.26,171.26,1425240000,8
1409925120000,1409925599000,171.261,171.268,171.205,171.22,1351680000,8
1409925600000,1409926079000,171.222,171.223,171.077,171.112,2184820000,8
1409926080000,1409926559000,171.113,171.169,171.093,171.103,1233560000,8
1409926560000,1409927039000,171.103,171.103,170.998,171.064,1603060000,8
1409927040000,1409927519000,171.063,171.123,171.047,171.101,1155890000,8
1409927520000,1409927999000,171.104,171.12,171.004,171.009,1176580000,8
1409928000000,1409928479000,171.008,171.067,170.978,171.028,1159790000,8
1409928480000,1409928959000,171.027,171.153,170.994,171.138,932390000,8
1409928960000,1409929439000,171.14,171.183,171.098,171.136,1387330000,8
1409929440000,1409929919000,171.135,171.156,171.106,171.145,952810000,8
1409929920000,1409930399000,171.146,171.164,171.123,171.151,783720000,8
1409930400000,1409930879000,171.154,171.22,171.151,171.162,893330000,8
1409930880000,1409931359000,171.162,171.197,171.145,171.179,765720000,8
1409931360000,1409931839000,171.18,171.188,171.08,171.103,1017820000,8
1409931840000,1409932319000,171.103,171.18,171.1,171.176,692630000,8
1409932320000,1409932799000,171.176,171.185,171.15,171.179,670820000,8
1409932800000,1409933279000,171.179,171.197,171.148,171.157,710330000,8
1409933280000,1409933759000,171.158,171.21,171.15,171.182,885370000,8
1409933760000,1409934239000,171.179,171.206,171.163,171.179,721560000,8
1409934240000,1409934719000,171.181,171.253,171.175,171.226,816050000,8
1409934720000,1409935199000,171.226,171.272,171.212,171.249,702270000,8
1409935200000,1409935679000,171.249,171.297,171.248,171.271,582310000,8
1409935680000,1409936159000,171.268,171.348,171.26,171.335,584730000,8
1409936160000,1409936639000,171.335,171.373,171.333,171.347,486940000,8
1409936640000,1409937119000,171.346,171.383,171.34,171.374,523420000,8
1409937120000,1409937599000,171.374,171.391,171.366,171.371,301150000,8
1409937600000,1409938079000,171.371,171.384,171.332,171.356,350340000,8
1409938080000,1409938559000,171.356,171.413,171.347,171.41,544850000,8
1409938560000,1409939039000,171.409,171.435,171.382,171.403,344790000,8
1409939040000,1409939519000,171.402,171.404,171.349,171.372,360160000,8
1409939520000,1409939999000,171.372,171.406,171.372,171.388,293040000,8
1409940000000,1409940479000,171.389,171.436,171.387,171.416,545160000,8
1409940480000,1409940959000,171.415,171.419,171.369,171.412,288840000,8
1409940960000,1409941439000,171.413,171.454,171.4,171.419,452640000,8
1409941440000,1409941919000,171.423,171.424,171.372,171.384,270910000,8
1409941920000,1409942399000,171.384,171.458,171.381,171.458,356310000,8
1409942400000,1409942879000,171.458,171.494,171.456,171.485,398740000,8
1409942880000,1409943359000,171.484,171.576,171.476,171.567,496150000,8
1409943360000,1409943839000,171.567,171.596,171.542,171.55,641610000,8
1409943840000,1409944319000,171.548,171.567,171.521,171.524,449950000,8
1409944320000,1409944799000,171.525,171.54,171.511,171.523,338200000,8
1409944800000,1409945279000,171.523,171.541,171.514,171.519,320960000,8
1409945280000,1409945759000,171.519,171.548,171.509,171.546,288390000,8
1409945760000,1409946239000,171.546,171.611,171.543,171.598,362930000,8
1409946240000,1409946719000,171.597,171.6,171.546,171.557,350230000,8
1409946720000,1409947199000,171.558,171.594,171.549,171.594,404430000,8
1409947200000,1409947679000,171.593,171.596,171.552,171.572,417890000,8
1409947680000,1409948159000,171.57,171.578,171.546,171.547,374490000,8
1409948160000,1409948639000,171.548,171.551,171.499,171.514,178600000,8
1409948640000,1409949119000,171.514,171.56,171.5,171.551,161960000,8
1409949120000,1409949599000,171.55,171.55,171.499,171.514,168250000,8
1409949600000,1409950079000,171.518,171.57,171.518,171.57,189000000,8
1409950080000,1409950559000,171.569,171.639,171.567,171.609,233000000,8
1409950560000,1409951039000,171.609,171.617,171.527,171.542,217070000,8
1409951040000,1409951519000,171.542,171.542,171.542,171.542,0,8
1409951520000,1409951999000,171.542,171.542,171.542,171.542,0,8
1409952000000,1409952479000,171.542,171.542,171.542,171.542,0,8
1409952480000,1409952959000,171.542,171.542,171.542,171.542,0,8
1409952960000,1409953439000,171.542,171.542,171.542,171.542,0,8
1409953440000,1409953919000,171.542,171.542,171.542,171.542,0,8
1409953920000,1409954399000,171.542,171.542,171.542,171.542,0,8
1409954400000,1409954879000,171.542,171.542,171.542,171.542,0,8
1409954880000,1409955359000,171.542,171.542,171.542,171.542,0,8
1409955360000,1409955839000,171.542,171.542,171.542,171.542,0,8
1409955840000,1409956319000,171.542,171.542,171.542,171.542,0,8
1409956320000,1409956799000,171.542,171.542,171.542,171.542,0,8
1409956800000,1409957279000,171.542,171.542,171.542,171.542,0,8
1409957280000,1409957759000,171.542,171.542,171.542,171.542,0,8
1409957760000,1409958239000,171.542,171.542,171.542,171.542,0,8
1409958240000,1409958719000,171.542,171.542,171.542,171.542,0,8
1409958720000,1409959199000,171.542,171.542,171.542,171.542,0,8
1409959200000,1409959679000,171.542,171.542,171.542,171.542,0,8
1409959680000,1409960159000,171.542,171.542,171.542,171.542,0,8
1409960160000,1409960639000,171.542,171.542,171.542,171.542,0,8
1409960640000,1409961119000,171.542,171.542,171.542,171.542,0,8
1409961120000,1409961599000,171.542,171.542,171.542,171.542,0,8
1410123840000,1410124319000,170.062,170.106,169.948,169.956,727200000,8
1410124320000,1410124799000,169.957,170.043,169.957,169.983,300250000,8
1410124800000,1410125279000,169.983,170.008,169.952,170.003,261930000,8
1410125280000,1410125759000,170.013,170.038,169.997,170.008,136250000,8
1410125760000,1410126239000,170.018,170.038,170.004,170.022,233750000,8
1410126240000,1410126719000,170.028,170.048,169.952,170.007,370750000,8
1410126720000,1410127199000,170.008,170.187,170.002,170.182,444750000,8
1410127200000,1410127679000,170.177,170.287,170.14,170.254,794570000,8
1410127680000,1410128159000,170.255,170.384,170.254,170.354,692220000,8
1410128160000,1410128639000,170.357,170.436,170.351,170.435,509970000,8
1410128640000,1410129119000,170.435,170.529,170.419,170.519,571750000,8
1410129120000,1410129599000,170.519,170.563,170.519,170.562,683510000,8
1410129600000,1410130079000,170.562,170.578,170.52,170.546,538840000,8
1410130080000,1410130559000,170.546,170.637,170.542,170.637,533210000,8
1410130560000,1410131039000,170.637,170.663,170.603,170.603,571180000,8
1410131040000,1410131519000,170.601,170.622,170.453,170.619,688550000,8
1410131520000,1410131999000,170.616,170.617,170.467,170.477,522840000,8
1410132000000,1410132479000,170.474,170.599,170.461,170.599,367240000,8
1410132480000,1410132959000,170.598,170.598,170.453,170.517,484470000,8
1410132960000,1410133439000,170.514,170.582,170.462,170.513,670210000,8
1410133440000,1410133919000,170.513,170.535,170.439,170.514,703280000,8
1410133920000,1410134399000,170.516,170.57,170.507,170.534,568120000,8
1410134400000,1410134879000,170.533,170.619,170.512,170.605,1127230000,8
1410134880000,1410135359000,170.605,170.623,170.566,170.566,639790000,8
1410135360000,1410135839000,170.564,170.586,170.544,170.558,856540000,8
1410135840000,1410136319000,170.559,170.584,170.518,170.546,627490000,8
1410136320000,1410136799000,170.546,170.628,170.533,170.623,911230000,8
1410136800000,1410137279000,170.623,170.637,170.595,170.603,690090000,8
1410137280000,1410137759000,170.603,170.625,170.551,170.566,936110000,8
1410137760000,1410138239000,170.566,170.614,170.524,170.547,915170000,8
1410138240000,1410138719000,170.549,170.549,170.395,170.408,1067160000,8
1410138720000,1410139199000,170.403,170.424,170.353,170.398,1038380000,8
1410139200000,1410139679000,170.395,170.461,170.39,170.457,515120000,8
1410139680000,1410140159000,170.457,170.463,170.41,170.425,585770000,8
1410140160000,1410140639000,170.425,170.465,170.413,170.435,574930000,8
1410140640000,1410141119000,170.436,170.495,170.436,170.469,616030000,8
1410141120000,1410141599000,170.469,170.498,170.455,170.494,466670000,8
1410141600000,1410142079000,170.494,170.508,170.462,170.462,636840000,8
1410142080000,1410142559000,170.465,170.493,170.442,170.482,602330000,8
1410142560000,1410143039000,170.482,170.492,170.433,170.448,504520000,8
1410143040000,1410143519000,170.45,170.45,170.403,170.423,455320000,8
1410143520000,1410143999000,170.424,170.446,170.407,170.413,466350000,8
1410144000000,1410144479000,170.412,170.503,170.411,170.49,449600000,8
1410144480000,1410144959000,170.489,170.515,170.462,170.47,513090000,8
1410144960000,1410145439000,170.47,170.476,170.435,170.436,556340000,8
1410145440000,1410145919000,170.436,170.444,170.423,170.443,275780000,8
1410145920000,1410146399000,170.443,170.443,170.412,170.418,260950000,8
1410146400000,1410146879000,170.418,170.423,170.382,170.402,446250000,8
1410146880000,1410147359000,170.402,170.408,170.376,170.382,453370000,8
1410147360000,1410147839000,170.381,170.386,170.347,170.357,421970000,8
1410147840000,1410148319000,170.359,170.359,170.304,170.304,468730000,8
1410148320000,1410148799000,170.304,170.33,170.266,170.268,768460000,8
1410148800000,1410149279000,170.268,170.315,170.267,170.279,717710000,8
1410149280000,1410149759000,170.278,170.306,170.265,170.299,414340000,8
1410149760000,1410150239000,170.301,170.301,170.236,170.256,443870000,8
1410150240000,1410150719000,170.256,170.272,170.243,170.254,443160000,8
1410150720000,1410151199000,170.253,170.258,170.234,170.239,313840000,8
1410151200000,1410151679000,170.239,170.287,170.236,170.283,321710000,8
1410151680000,1410152159000,170.283,170.307,170.261,170.271,316530000,8
1410152160000,1410152639000,170.272,170.323,170.27,170.313,507100000,8
1410152640000,1410153119000,170.313,170.325,170.295,170.32,339380000,8
1410153120000,1410153599000,170.32,170.38,170.309,170.363,452550000,8
1410153600000,1410154079000,170.361,170.393,170.342,170.347,753800000,8
1410154080000,1410154559000,170.347,170.347,170.208,170.213,933710000,8
1410154560000,1410155039000,170.213,170.234,170.175,170.219,924600000,8
1410155040000,1410155519000,170.219,170.222,170.116,170.169,954460000,8
1410155520000,1410155999000,170.169,170.19,170.048,170.052,1432740000,8
1410156000000,1410156479000,170.052,170.128,169.983,170.108,2224750000,8
1410156480000,1410156959000,170.108,170.136,170.091,170.126,1107610000,8
1410156960000,1410157439000,170.127,170.175,170.113,170.115,933360000,8
1410157440000,1410157919000,170.115,170.126,169.991,169.994,1062870000,8
1410157920000,1410158399000,169.992,170.057,169.846,169.895,1462370000,8
1410158400000,1410158879000,169.895,169.949,169.764,169.804,1870880000,8
1410158880000,1410159359000,169.805,169.876,169.734,169.862,1442950000,8
1410159360000,1410159839000,169.864,169.987,169.853,169.876,1804500000,8
1410159840000,1410160319000,169.877,169.976,169.832,169.965,1536120000,8
1410160320000,1410160799000,169.967,169.975,169.92,169.956,1262910000,8
1410160800000,1410161279000,169.956,169.969,169.85,169.905,1522860000,8
1410161280000,1410161759000,169.904,169.964,169.874,169.931,1423800000,8
1410161760000,1410162239000,169.931,169.985,169.877,169.985,1319180000,8
1410162240000,1410162719000,169.985,170.005,169.952,169.99,1153450000,8
1410162720000,1410163199000,169.99,170.008,169.961,169.972,1342310000,8
1410163200000,1410163679000,169.972,170.045,169.968,170.021,1413130000,8
1410163680000,1410164159000,170.021,170.039,169.959,170.018,1146190000,8
1410164160000,1410164639000,170.018,170.033,169.971,169.974,849140000,8
1410164640000,1410165119000,169.976,169.978,169.87,169.901,1553210000,8
1410165120000,1410165599000,169.901,169.968,169.875,169.938,1081950000,8
1410165600000,1410166079000,169.937,169.942,169.793,169.844,1329690000,8
1410166080000,1410166559000,169.844,169.874,169.761,169.769,1374230000,8
1410166560000,1410167039000,169.769,169.796,169.614,169.637,1979720000,8
1410167040000,1410167519000,169.637,169.646,169.546,169.585,1653080000,8
1410167520000,1410167999000,169.585,169.606,169.402,169.419,1936070000,8
1410168000000,1410168479000,169.419,169.461,169.342,169.398,1935720000,8
1410168480000,1410168959000,169.398,169.518,169.352,169.498,1749980000,8
1410168960000,1410169439000,169.498,169.547,169.458,169.481,1438970000,8
1410169440000,1410169919000,169.483,169.526,169.451,169.52,956480000,8
1410169920000,1410170399000,169.52,169.573,169.493,169.503,1224410000,8
1410170400000,1410170879000,169.503,169.557,169.485,169.544,1284510000,8
1410170880000,1410171359000,169.542,169.559,169.469,169.493,908750000,8
1410171360000,1410171839000,169.494,169.523,169.451,169.48,1054620000,8
1410171840000,1410172319000,169.478,169.49,169.438,169.464,1050920000,8
1410172320000,1410172799000,169.468,169.546,169.463,169.502,883810000,8
1410172800000,1410173279000,169.498,169.553,169.498,169.533,801180000,8
1410173280000,1410173759000,169.533,169.596,169.527,169.572,783600000,8
1410173760000,1410174239000,169.572,169.602,169.563,169.587,824350000,8
1410174240000,1410174719000,169.587,169.755,169.575,169.753,1159470000,8
1410174720000,1410175199000,169.75,169.869,169.742,169.846,1532670000,8
1410175200000,1410175679000,169.846,169.87,169.799,169.812,1182280000,8
1410175680000,1410176159000,169.813,169.815,169.762,169.777,1098640000,8
1410176160000,1410176639000,169.775,169.804,169.71,169.804,1210240000,8
1410176640000,1410177119000,169.796,169.955,169.794,169.926,1315410000,8
1410177120000,1410177599000,169.926,169.96,169.893,169.954,1161890000,8
1410177600000,1410178079000,169.956,170.006,169.946,169.956,1101340000,8
1410178080000,1410178559000,169.955,169.959,169.87,169.899,1273580000,8
1410178560000,1410179039000,169.899,169.94,169.87,169.907,1108910000,8
1410179040000,1410179519000,169.907,169.94,169.868,169.87,1020570000,8
1410179520000,1410179999000,169.87,169.97,169.859,169.945,1051990000,8
1410180000000,1410180479000,169.945,170.011,169.925,170.0,727460000,8
1410180480000,1410180959000,170.001,170.116,169.977,170.108,1328020000,8
1410180960000,1410181439000,170.108,170.131,170.033,170.033,1075470000,8
1410181440000,1410181919000,170.034,170.141,170.033,170.116,923380000,8
1410181920000,1410182399000,170.115,170.202,170.112,170.178,1189380000,8
1410182400000,1410182879000,170.178,170.188,170.088,170.133,1203830000,8
1410182880000,1410183359000,170.133,170.226,170.116,170.204,1210810000,8
1410183360000,1410183839000,170.204,170.32,170.184,170.319,1114890000,8
1410183840000,1410184319000,170.317,170.361,170.25,170.328,1524260000,8
1410184320000,1410184799000,170.328,170.404,170.321,170.365,1576390000,8
1410184800000,1410185279000,170.368,170.412,170.328,170.342,1517400000,8
1410185280000,1410185759000,170.343,170.41,170.34,170.393,1155860000,8
1410185760000,1410186239000,170.393,170.433,170.351,170.364,1018510000,8
1410186240000,1410186719000,170.364,170.489,170.358,170.465,1168210000,8
1410186720000,1410187199000,170.468,170.593,170.457,170.591,1362900000,8
1410187200000,1410187679000,170.591,170.612,170.492,170.502,1158490000,8
1410187680000,1410188159000,170.498,170.504,170.412,170.429,972100000,8
1410188160000,1410188639000,170.432,170.435,170.283,170.366,1467120000,8
1410188640000,1410189119000,170.367,170.371,170.295,170.363,1354730000,8
1410189120000,1410189599000,170.365,170.382,170.339,170.38,1262360000,8
1410189600000,1410190079000,170.381,170.544,170.381,170.5,1486660000,8
1410190080000,1410190559000,170.499,170.525,170.461,170.495,1185390000,8
1410190560000,1410191039000,170.496,170.516,170.401,170.47,1226640000,8
1410191040000,1410191519000,170.469,170.576,170.464,170.544,1315140000,8
1410191520000,1410191999000,170.542,170.565,170.467,170.512,1168830000,8
1410192000000,1410192479000,170.51,170.565,170.488,170.558,1051770000,8
1410192480000,1410192959000,170.558,170.602,170.507,170.583,841670000,8
1410192960000,1410193439000,170.584,170.613,170.526,170.564,729060000,8
1410193440000,1410193919000,170.563,170.604,170.551,170.565,742560000,8
1410193920000,1410194399000,170.565,170.63,170.564,170.619,444260000,8
1410194400000,1410194879000,170.62,170.83,170.612,170.789,1353080000,8
1410194880000,1410195359000,170.789,170.913,170.775,170.913,985080000,8
1410195360000,1410195839000,170.913,170.97,170.806,170.874,1484550000,8
1410195840000,1410196319000,170.875,171.049,170.869,171.003,1675500000,8
1410196320000,1410196799000,171.002,171.101,170.979,171.01,1822420000,8
1410196800000,1410197279000,171.011,171.011,170.873,170.891,1283500000,8
1410197280000,1410197759000,170.891,170.917,170.777,170.824,1782890000,8
1410197760000,1410198239000,170.824,170.857,170.685,170.714,1690770000,8
1410198240000,1410198719000,170.713,170.752,170.63,170.652,1330890000,8
1410198720000,1410199199000,170.653,170.653,170.557,170.596,1336870000,8
1410199200000,1410199679000,170.598,170.618,170.541,170.598,1294050000,8
1410199680000,1410200159000,170.599,170.658,170.57,170.63,1106040000,8
1410200160000,1410200639000,170.63,170.668,170.572,170.572,876170000,8
1410200640000,1410201119000,170.572,170.595,170.497,170.59,630270000,8
1410201120000,1410201599000,170.59,170.63,170.581,170.587,550570000,8
1410201600000,1410202079000,170.586,170.627,170.581,170.616,458940000,8
1410202080000,1410202559000,170.616,170.637,170.592,170.632,518370000,8
1410202560000,1410203039000,170.632,170.72,170.626,170.719,784060000,8
1410203040000,1410203519000,170.72,170.793,170.713,170.763,908960000,8
1410203520000,1410203999000,170.763,170.815,170.751,170.773,671100000,8
1410204000000,1410204479000,170.773,170.833,170.753,170.758,627560000,8
1410204480000,1410204959000,170.759,170.766,170.698,170.713,700480000,8
1410204960000,1410205439000,170.708,170.71,170.647,170.674,569100000,8
1410205440000,1410205919000,170.672,170.694,170.582,170.657,695740000,8
1410205920000,1410206399000,170.658,170.704,170.658,170.678,686300000,8
1410206400000,1410206879000,170.675,170.74,170.659,170.667,451570000,8
1410206880000,1410207359000,170.664,170.695,170.664,170.685,271110000,8
1410207360000,1410207839000,170.686,170.753,170.68,170.75,219240000,8
1410207840000,1410208319000,170.75,170.782,170.733,170.773,325280000,8
1410208320000,1410208799000,170.774,170.779,170.753,170.753,236120000,8
1410208800000,1410209279000,170.753,170.808,170.746,170.791,249060000,8
1410209280000,1410209759000,170.791,170.791,170.758,170.761,387410000,8
1410209760000,1410210239000,170.761,170.768,170.703,170.758,332190000,8
1410210240000,1410210719000,170.758,170.827,170.755,170.801,363140000,8
1410210720000,1410211199000,170.801,170.823,170.794,170.811,225590000,8
1410211200000,1410211679000,170.811,170.824,170.739,170.751,409780000,8
1410211680000,1410212159000,170.751,170.753,170.701,170.707,235770000,8
1410212160000,1410212639000,170.707,170.715,170.674,170.693,234890000,8
1410212640000,1410213119000,170.693,170.693,170.641,170.652,288110000,8
1410213120000,1410213599000,170.648,170.648,170.523,170.53,452580000,8
1410213600000,1410214079000,170.529,170.612,170.529,170.592,575400000,8
1410214080000,1410214559000,170.592,170.593,170.533,170.549,705250000,8
1410214560000,1410215039000,170.552,170.631,170.551,170.606,553760000,8
1410215040000,1410215519000,170.602,170.626,170.587,170.613,203910000,8
1410215520000,1410215999000,170.613,170.643,170.612,170.643,207850000,8
1410216000000,1410216479000,170.643,170.685,170.625,170.639,360370000,8
1410216480000,1410216959000,170.638,170.643,170.577,170.577,189170000,8
1410216960000,1410217439000,170.578,170.602,170.576,170.602,258810000,8
1410217440000,1410217919000,170.603,170.631,170.6,170.629,337540000,8
1410217920000,1410218399000,170.629,170.675,170.628,170.666,329270000,8
1410218400000,1410218879000,170.668,170.683,170.657,170.658,263040000,8
1410218880000,1410219359000,170.658,170.661,170.636,170.643,317680000,8
1410219360000,1410219839000,170.643,170.697,170.635,170.682,540540000,8
1410219840000,1410220319000,170.681,170.703,170.668,170.672,412060000,8
1410220320000,1410220799000,170.668,170.845,170.649,170.779,1069270000,8
1410220800000,1410221279000,170.778,170.782,170.716,170.749,978530000,8
1410221280000,1410221759000,170.749,170.793,170.739,170.755,592560000,8
1410221760000,1410222239000,170.751,170.754,170.693,170.707,799670000,8
1410222240000,1410222719000,170.707,170.723,170.664,170.706,666040000,8
1410222720000,1410223199000,170.706,170.762,170.706,170.708,606430000,8
1410223200000,1410223679000,170.71,170.772,170.71,170.758,694400000,8
1410223680000,1410224159000,170.757,170.768,170.688,170.727,660420000,8
1410224160000,1410224639000,170.727,170.738,170.668,170.676,738460000,8
1410224640000,1410225119000,170.675,170.732,170.661,170.718,709940000,8
1410225120000,1410225599000,170.718,170.738,170.667,170.712,686070000,8
1410225600000,1410226079000,170.712,170.712,170.633,170.64,613930000,8
1410226080000,1410226559000,170.639,170.716,170.631,170.688,859220000,8
1410226560000,1410227039000,170.686,170.712,170.625,170.672,934850000,8
1410227040000,1410227519000,170.672,170.72,170.63,170.641,589800000,8
1410227520000,1410227999000,170.639,170.686,170.619,170.68,698760000,8
1410228000000,1410228479000,170.681,170.701,170.668,170.694,577430000,8
1410228480000,1410228959000,170.694,170.719,170.673,170.694,593720000,8
1410228960000,1410229439000,170.696,170.751,170.695,170.739,686790000,8
1410229440000,1410229919000,170.738,170.801,170.705,170.783,688730000,8
1410229920000,1410230399000,170.783,171.005,170.783,170.898,1606500000,8
1410230400000,1410230879000,170.897,170.897,170.79,170.79,1189500000,8
1410230880000,1410231359000,170.79,170.84,170.758,170.761,1230500000,8
1410231360000,1410231839000,170.762,170.844,170.732,170.815,672240000,8
1410231840000,1410232319000,170.814,170.834,170.74,170.772,592600000,8
1410232320000,1410232799000,170.772,170.84,170.739,170.813,1150860000,8
1410232800000,1410233279000,170.813,170.849,170.761,170.783,1082280000,8
1410233280000,1410233759000,170.781,170.827,170.758,170.787,707540000,8
1410233760000,1410234239000,170.786,170.82,170.764,170.808,630270000,8
1410234240000,1410234719000,170.806,170.811,170.737,170.756,614440000,8
1410234720000,1410235199000,170.757,170.794,170.729,170.767,753400000,8
1410235200000,1410235679000,170.766,170.826,170.749,170.787,565040000,8
1410235680000,1410236159000,170.786,170.792,170.722,170.748,533300000,8
1410236160000,1410236639000,170.752,170.794,170.744,170.775,652180000,8
1410236640000,1410237119000,170.773,170.807,170.758,170.778,580630000,8
1410237120000,1410237599000,170.777,170.778,170.725,170.777,415150000,8
1410237600000,1410238079000,170.777,170.853,170.751,170.804,854860000,8
1410238080000,1410238559000,170.803,170.805,170.755,170.768,628480000,8
1410238560000,1410239039000,170.77,170.809,170.733,170.782,698430000,8
1410239040000,1410239519000,170.782,170.837,170.776,170.78,810240000,8
1410239520000,1410239999000,170.78,170.846,170.771,170.807,645690000,8
1410240000000,1410240479000,170.807,170.819,170.774,170.782,522040000,8
1410240480000,1410240959000,170.784,170.845,170.783,170.804,773980000,8
1410240960000,1410241439000,170.8,170.838,170.789,170.82,966180000,8
1410241440000,1410241919000,170.82,170.89,170.81,170.828,830280000,8
1410241920000,1410242399000,170.828,170.891,170.828,170.875,1084450000,8
1410242400000,1410242879000,170.871,170.922,170.864,170.92,1377020000,8
1410242880000,1410243359000,170.919,170.928,170.849,170.901,1152770000,8
1410243360000,1410243839000,170.901,170.968,170.877,170.919,1065510000,8
1410243840000,1410244319000,170.919,171.003,170.884,171.0,1205120000,8
1410244320000,1410244799000,171.002,171.043,170.952,170.978,1302840000,8
1410244800000,1410245279000,170.977,170.978,170.925,170.953,1138420000,8
1410245280000,1410245759000,170.954,170.999,170.951,170.978,876650000,8
1410245760000,1410246239000,170.978,171.001,170.934,170.945,1182040000,8
1410246240000,1410246719000,170.947,171.093,170.946,171.077,1512380000,8
1410246720000,1410247199000,171.076,171.159,171.066,171.075,1687810000,8
1410247200000,1410247679000,171.075,171.143,171.058,171.088,1802440000,8
1410247680000,1410248159000,171.092,171.107,171.037,171.049,1304890000,8
1410248160000,1410248639000,171.049,171.165,171.047,171.105,1104010000,8
1410248640000,1410249119000,171.105,171.119,171.036,171.037,1187450000,8
1410249120000,1410249599000,171.037,171.171,171.029,171.166,1613860000,8
1410249600000,1410250079000,171.165,171.203,171.125,171.153,1968540000,8
1410250080000,1410250559000,171.149,171.207,171.114,171.157,1367950000,8
1410250560000,1410251039000,171.155,171.309,171.135,171.279,1976930000,8
1410251040000,1410251519000,171.279,171.376,171.192,171.231,2136810000,8
1410251520000,1410251999000,171.235,171.275,171.052,171.092,1406090000,8
1410252000000,1410252479000,171.094,171.273,171.091,171.261,1194760000,8
1410252480000,1410252959000,171.261,171.324,171.253,171.274,1343480000,8
1410252960000,1410253439000,171.274,171.297,171.161,171.213,1553080000,8
1410253440000,1410253919000,171.209,171.279,171.179,171.236,1583980000,8
1410253920000,1410254399000,171.236,171.24,171.128,171.151,1532370000,8
1410254400000,1410254879000,171.15,171.22,171.127,171.178,1065320000,8
1410254880000,1410255359000,171.176,171.188,171.114,171.132,1046620000,8
1410255360000,1410255839000,171.132,171.272,171.127,171.26,1448870000,8
1410255840000,1410256319000,171.263,171.291,171.243,171.244,1127090000,8
1410256320000,1410256799000,171.244,171.274,171.224,171.272,713330000,8
1410256800000,1410257279000,171.272,171.323,171.222,171.235,926620000,8
1410257280000,1410257759000,171.235,171.323,171.234,171.31,1037020000,8
1410257760000,1410258239000,171.31,171.323,171.254,171.27,1068360000,8
1410258240000,1410258719000,171.27,171.273,171.184,171.207,1177430000,8
1410258720000,1410259199000,171.207,171.247,171.167,171.209,1023010000,8
1410259200000,1410259679000,171.209,171.524,171.17,171.381,2010470000,8
1410259680000,1410260159000,171.378,171.383,171.125,171.216,2260550000,8
1410260160000,1410260639000,171.218,171.229,171.137,171.215,1376790000,8
1410260640000,1410261119000,171.215,171.233,171.157,171.223,1351260000,8
1410261120000,1410261599000,171.223,171.232,171.135,171.153,1280560000,8
1410261600000,1410262079000,171.153,171.158,171.05,171.075,1247670000,8
1410262080000,1410262559000,171.074,171.13,171.069,171.088,1143430000,8
1410262560000,1410263039000,171.087,171.174,171.048,171.133,1172430000,8
1410263040000,1410263519000,171.138,171.177,171.095,171.11,1236080000,8
1410263520000,1410263999000,171.114,171.122,170.952,170.986,1481470000,8
1410264000000,1410264479000,170.986,171.087,170.986,171.032,1403440000,8
1410264480000,1410264959000,171.031,171.065,170.996,171.038,1011150000,8
1410264960000,1410265439000,171.038,171.075,170.984,171.018,1859150000,8
1410265440000,1410265919000,171.018,171.053,170.937,170.991,1737530000,8
1410265920000,1410266399000,170.991,171.019,170.871,170.954,1778040000,8
1410266400000,1410266879000,170.952,171.0,170.936,170.997,1305890000,8
1410266880000,1410267359000,170.995,171.017,170.916,171.004,1529550000,8
1410267360000,1410267839000,171.003,171.018,170.912,170.96,1590660000,8
1410267840000,1410268319000,170.956,171.012,170.903,170.925,2095940000,8
1410268320000,1410268799000,170.924,171.046,170.907,171.029,1722240000,8
1410268800000,1410269279000,171.029,171.212,171.023,171.2,1460210000,8
1410269280000,1410269759000,171.202,171.209,171.084,171.098,1432130000,8
1410269760000,1410270239000,171.099,171.101,170.943,170.947,1507040000,8
1410270240000,1410270719000,170.947,171.07,170.939,171.058,1382860000,8
1410270720000,1410271199000,171.058,171.076,170.977,170.986,1420430000,8
1410271200000,1410271679000,170.987,171.048,170.94,171.004,1839360000,8
1410271680000,1410272159000,171.004,171.052,170.976,170.977,1395590000,8
1410272160000,1410272639000,170.976,171.018,170.955,171.015,1401280000,8
1410272640000,1410273119000,171.017,171.027,170.959,171.015,1796590000,8
1410273120000,1410273599000,171.013,171.075,171.012,171.055,1273860000,8
1410273600000,1410274079000,171.055,171.097,171.036,171.091,1214720000,8
1410274080000,1410274559000,171.091,171.163,171.063,171.078,1747260000,8
1410274560000,1410275039000,171.078,171.109,170.991,171.107,1784890000,8
1410275040000,1410275519000,171.107,171.123,170.97,171.023,1663190000,8
1410275520000,1410275999000,171.022,171.039,170.943,170.946,1296110000,8
1410276000000,1410276479000,170.946,171.0,170.888,170.992,1324490000,8
1410276480000,1410276959000,170.991,171.081,170.983,171.066,951620000,8
1410276960000,1410277439000,171.065,171.087,171.014,171.054,1411660000,8
1410277440000,1410277919000,171.056,171.102,171.008,171.058,1119920000,8
1410277920000,1410278399000,171.059,171.1,171.023,171.045,1066810000,8
1410278400000,1410278879000,171.045,171.143,171.011,171.125,1538860000,8
1410278880000,1410279359000,171.125,171.168,171.039,171.1,1524820000,8
1410279360000,1410279839000,171.104,171.104,170.968,171.048,1591290000,8
1410279840000,1410280319000,171.048,171.176,171.039,171.15,1198140000,8
1410280320000,1410280799000,171.152,171.153,171.041,171.05,602010000,8
1410280800000,1410281279000,171.05,171.128,171.048,171.106,958970000,8
1410281280000,1410281759000,171.11,171.141,171.074,171.14,804990000,8
1410281760000,1410282239000,171.138,171.184,171.104,171.165,1001550000,8
1410282240000,1410282719000,171.166,171.205,171.141,171.163,1017090000,8
1410282720000,1410283199000,171.164,171.228,171.142,171.159,654890000,8
1410283200000,1410283679000,171.159,171.188,171.135,171.169,558310000,8
1410283680000,1410284159000,171.168,171.224,171.157,171.219,823400000,8
1410284160000,1410284639000,171.219,171.22,171.173,171.183,666430000,8
1410284640000,1410285119000,171.183,171.259,171.179,171.253,691040000,8
1410285120000,1410285599000,171.253,171.268,171.2,171.203,620190000,8
1410285600000,1410286079000,171.203,171.229,171.142,171.145,753730000,8
1410286080000,1410286559000,171.144,171.176,171.119,171.164,533260000,8
1410286560000,1410287039000,171.165,171.184,171.119,171.135,495950000,8
1410287040000,1410287519000,171.131,171.17,171.098,171.148,446390000,8
1410287520000,1410287999000,171.148,171.154,171.113,171.154,411300000,8
1410288000000,1410288479000,171.154,171.172,171.14,171.148,424210000,8
1410288480000,1410288959000,171.15,171.151,171.107,171.117,552400000,8
1410288960000,1410289439000,171.117,171.13,171.067,171.082,490140000,8
1410289440000,1410289919000,171.083,171.084,170.991,171.01,708030000,8
1410289920000,1410290399000,171.011,171.057,171.011,171.025,543410000,8
1410290400000,1410290879000,171.023,171.039,170.945,171.036,1303010000,8
1410290880000,1410291359000,171.035,171.087,171.026,171.059,1230730000,8
1410291360000,1410291839000,171.059,171.092,171.007,171.062,1195470000,8
1410291840000,1410292319000,171.061,171.09,170.969,170.974,1349960000,8
1410292320000,1410292799000,170.975,171.077,170.968,171.031,1392990000,8
1410292800000,1410293279000,171.029,171.053,170.968,171.043,944190000,8
1410293280000,1410293759000,171.043,171.126,171.028,171.118,617600000,8
1410293760000,1410294239000,171.117,171.121,171.035,171.046,391530000,8
1410294240000,1410294719000,171.048,171.069,171.037,171.053,294860000,8
1410294720000,1410295199000,171.053,171.094,171.016,171.046,346370000,8
1410295200000,1410295679000,171.043,171.079,171.034,171.051,384800000,8
1410295680000,1410296159000,171.049,171.055,171.012,171.045,392210000,8
1410296160000,1410296639000,171.044,171.047,170.992,170.997,155880000,8
1410296640000,1410297119000,170.996,171.085,170.996,171.028,334120000,8
1410297120000,1410297599000,171.03,171.109,171.02,171.094,325350000,8
1410297600000,1410298079000,171.094,171.165,171.076,171.123,421290000,8
1410298080000,1410298559000,171.124,171.133,171.102,171.117,931940000,8
1410298560000,1410299039000,171.117,171.135,171.087,171.097,433610000,8
1410299040000,1410299519000,171.098,171.101,171.061,171.075,278610000,8
1410299520000,1410299999000,171.075,171.079,170.997,171.032,503090000,8
1410300000000,1410300479000,171.033,171.066,171.033,171.037,310510000,8
1410300480000,1410300959000,171.037,171.043,171.018,171.025,621590000,8
1410300960000,1410301439000,171.025,171.058,171.008,171.013,656700000,8
1410301440000,1410301919000,171.013,171.077,171.003,171.048,397650000,8
1410301920000,1410302399000,171.048,171.083,171.042,171.077,338480000,8
1410302400000,1410302879000,171.077,171.083,171.031,171.037,314140000,8
1410302880000,1410303359000,171.037,171.075,171.028,171.062,243530000,8
1410303360000,1410303839000,171.06,171.086,171.045,171.077,457890000,8
1410303840000,1410304319000,171.077,171.1,171.052,171.083,417300000,8
1410304320000,1410304799000,171.083,171.111,171.073,171.093,386680000,8
1410304800000,1410305279000,171.093,171.097,171.068,171.068,243400000,8
1410305280000,1410305759000,171.067,171.129,171.067,171.099,386220000,8
1410305760000,1410306239000,171.099,171.117,171.078,171.105,273680000,8
1410306240000,1410306719000,171.103,171.132,171.091,171.094,364600000,8
1410306720000,1410307199000,171.094,171.11,171.065,171.09,575310000,8
1410307200000,1410307679000,171.09,171.144,171.078,171.113,682640000,8
1410307680000,1410308159000,171.113,171.19,171.103,171.16,838340000,8
1410308160000,1410308639000,171.161,171.182,171.126,171.158,1050430000,8
1410308640000,1410309119000,171.16,171.2,171.121,171.148,941090000,8
1410309120000,1410309599000,171.15,171.187,171.137,171.158,900330000,8
1410309600000,1410310079000,171.158,171.193,171.141,171.183,761400000,8
1410310080000,1410310559000,171.18,171.221,171.163,171.194,989410000,8
1410310560000,1410311039000,171.191,171.298,171.187,171.252,1077870000,8
1410311040000,1410311519000,171.252,171.273,171.215,171.253,813760000,8
1410311520000,1410311999000,171.253,171.324,171.237,171.302,918230000,8
1410312000000,1410312479000,171.302,171.302,171.261,171.283,582740000,8
1410312480000,1410312959000,171.278,171.297,171.264,171.284,413980000,8
1410312960000,1410313439000,171.284,171.36,171.282,171.341,913740000,8
1410313440000,1410313919000,171.341,171.378,171.314,171.348,907260000,8
1410313920000,1410314399000,171.348,171.395,171.324,171.348,833000000,8
1410314400000,1410314879000,171.348,171.357,171.312,171.357,799880000,8
1410314880000,1410315359000,171.357,171.42,171.353,171.407,768280000,8
1410315360000,1410315839000,171.411,171.439,171.377,171.401,888710000,8
1410315840000,1410316319000,171.401,171.425,171.384,171.403,959270000,8
1410316320000,1410316799000,171.403,171.431,171.39,171.393,782490000,8
1410316800000,1410317279000,171.393,171.418,171.364,171.382,783050000,8
1410317280000,1410317759000,171.382,171.405,171.357,171.393,603080000,8
1410317760000,1410318239000,171.394,171.395,171.332,171.354,829620000,8
1410318240000,1410318719000,171.354,171.356,171.277,171.288,632810000,8
1410318720000,1410319199000,171.287,171.324,171.275,171.315,493210000,8
1410319200000,1410319679000,171.317,171.332,171.292,171.299,588290000,8
1410319680000,1410320159000,171.299,171.323,171.289,171.315,522220000,8
1410320160000,1410320639000,171.314,171.347,171.302,171.345,359920000,8
1410320640000,1410321119000,171.345,171.399,171.342,171.365,706810000,8
1410321120000,1410321599000,171.368,171.41,171.368,171.383,654070000,8
1410321600000,1410322079000,171.382,171.383,171.338,171.338,682290000,8
1410322080000,1410322559000,171.338,171.379,171.338,171.346,637930000,8
1410322560000,1410323039000,171.348,171.372,171.323,171.339,575860000,8
1410323040000,1410323519000,171.337,171.453,171.317,171.433,681810000,8
1410323520000,1410323999000,171.433,171.608,171.41,171.596,1332200000,8
1410324000000,1410324479000,171.596,171.6,171.507,171.507,1080250000,8
1410324480000,1410324959000,171.507,171.537,171.466,171.52,1048340000,8
1410324960000,1410325439000,171.52,171.603,171.508,171.529,1054880000,8
1410325440000,1410325919000,171.529,171.565,171.509,171.529,648910000,8
1410325920000,1410326399000,171.529,171.7,171.528,171.61,932440000,8
1410326400000,1410326879000,171.61,171.639,171.474,171.482,966100000,8
1410326880000,1410327359000,171.482,171.612,171.471,171.546,1485070000,8
1410327360000,1410327839000,171.546,171.629,171.536,171.629,753990000,8
1410327840000,1410328319000,171.629,171.633,171.583,171.596,1037260000,8
1410328320000,1410328799000,171.596,171.658,171.59,171.628,1162300000,8
1410328800000,1410329279000,171.625,171.687,171.617,171.656,1132950000,8
1410329280000,1410329759000,171.657,171.694,171.634,171.672,1221940000,8
1410329760000,1410330239000,171.672,171.796,171.671,171.775,1500210000,8
1410330240000,1410330719000,171.776,171.819,171.751,171.811,1126800000,8
1410330720000,1410331199000,171.813,171.876,171.779,171.812,1339780000,8
1410331200000,1410331679000,171.812,171.812,171.732,171.761,1816940000,8
1410331680000,1410332159000,171.761,171.882,171.731,171.841,1645120000,8
1410332160000,1410332639000,171.839,171.841,171.761,171.776,1357620000,8
1410332640000,1410333119000,171.776,171.818,171.738,171.787,1663840000,8
1410333120000,1410333599000,171.787,172.0,171.779,171.965,2469390000,8
1410333600000,1410334079000,171.965,172.01,171.933,171.964,2025710000,8
1410334080000,1410334559000,171.962,171.989,171.916,171.982,1441860000,8
1410334560000,1410335039000,171.981,171.999,171.931,171.934,1203800000,8
1410335040000,1410335519000,171.936,172.032,171.933,172.018,1605250000,8
1410335520000,1410335999000,172.018,172.065,171.918,171.981,1844640000,8
1410336000000,1410336479000,171.981,172.038,171.954,171.963,1743930000,8
1410336480000,1410336959000,171.959,171.999,171.831,171.836,1535380000,8
1410336960000,1410337439000,171.838,171.894,171.695,171.696,2029070000,8
1410337440000,1410337919000,171.7,171.834,171.652,171.78,1950270000,8
1410337920000,1410338399000,171.779,171.806,171.74,171.788,1721400000,8
1410338400000,1410338879000,171.788,171.825,171.731,171.736,1650420000,8
1410338880000,1410339359000,171.736,171.839,171.732,171.784,1482250000,8
1410339360000,1410339839000,171.783,171.793,171.265,171.38,2804170000,8
1410339840000,1410340319000,171.379,171.516,171.359,171.461,2090340000,8
1410340320000,1410340799000,171.46,171.462,171.24,171.403,2252630000,8
1410340800000,1410341279000,171.401,171.496,171.351,171.473,1853350000,8
1410341280000,1410341759000,171.474,171.486,171.354,171.377,1888370000,8
1410341760000,1410342239000,171.375,171.578,171.36,171.548,1572240000,8
1410342240000,1410342719000,171.546,171.675,171.54,171.648,1171740000,8
1410342720000,1410343199000,171.648,171.68,171.605,171.64,1296250000,8
1410343200000,1410343679000,171.642,171.707,171.62,171.641,1156370000,8
1410343680000,1410344159000,171.641,171.647,171.539,171.608,1193730000,8
1410344160000,1410344639000,171.608,171.687,171.585,171.672,736720000,8
1410344640000,1410345119000,171.672,171.899,171.64,171.881,2037930000,8
1410345120000,1410345599000,171.882,172.054,171.882,171.983,2228670000,8
1410345600000,1410346079000,171.981,172.055,171.936,171.952,1716280000,8
1410346080000,1410346559000,171.951,171.985,171.857,171.864,1284120000,8
1410346560000,1410347039000,171.861,171.925,171.831,171.914,1572730000,8
1410347040000,1410347519000,171.914,171.98,171.826,171.894,1800160000,8
1410347520000,1410347999000,171.895,171.986,171.883,171.98,1137590000,8
1410348000000,1410348479000,171.98,172.045,171.959,172.028,1557500000,8
1410348480000,1410348959000,172.032,172.065,171.945,171.969,1335120000,8
1410348960000,1410349439000,171.969,171.983,171.892,171.956,1076340000,8
1410349440000,1410349919000,171.956,171.969,171.896,171.954,1170210000,8
1410349920000,1410350399000,171.953,172.006,171.952,171.996,1044380000,8
1410350400000,1410350879000,171.996,172.1,171.971,172.039,1162480000,8
1410350880000,1410351359000,172.04,172.093,172.037,172.082,1189860000,8
1410351360000,1410351839000,172.082,172.271,172.081,172.177,1486980000,8
1410351840000,1410352319000,172.177,172.212,172.138,172.18,1201220000,8
1410352320000,1410352799000,172.178,172.215,172.026,172.091,1748250000,8
1410352800000,1410353279000,172.091,172.14,172.065,172.132,1708310000,8
1410353280000,1410353759000,172.131,172.147,172.069,172.131,1670250000,8
1410353760000,1410354239000,172.132,172.214,172.115,172.201,1479500000,8
1410354240000,1410354719000,172.2,172.28,172.176,172.211,2006650000,8
1410354720000,1410355199000,172.212,172.364,172.179,172.247,1646320000,8
1410355200000,1410355679000,172.248,172.33,172.245,172.322,1214910000,8
1410355680000,1410356159000,172.319,172.382,172.311,172.362,1466280000,8
1410356160000,1410356639000,172.362,172.369,172.17,172.183,1597380000,8
1410356640000,1410357119000,172.186,172.331,171.874,172.327,2981000000,8
1410357120000,1410357599000,172.327,172.341,172.226,172.341,2523090000,8
1410357600000,1410358079000,172.339,172.352,172.244,172.291,1951020000,8
1410358080000,1410358559000,172.291,172.352,172.278,172.309,1938640000,8
1410358560000,1410359039000,172.309,172.354,172.288,172.325,1534070000,8
1410359040000,1410359519000,172.325,172.349,172.283,172.31,1865710000,8
1410359520000,1410359999000,172.31,172.324,172.204,172.209,1840310000,8
1410360000000,1410360479000,172.21,172.259,172.176,172.196,1904710000,8
1410360480000,1410360959000,172.196,172.3,172.179,172.257,1698110000,8
1410360960000,1410361439000,172.258,172.277,172.18,172.185,1679820000,8
1410361440000,1410361919000,172.185,172.215,172.079,172.143,1313350000,8
1410361920000,1410362399000,172.142,172.178,172.11,172.149,1081330000,8
1410362400000,1410362879000,172.151,172.193,172.125,172.185,1023450000,8
1410362880000,1410363359000,172.182,172.292,172.182,172.283,995970000,8
1410363360000,1410363839000,172.279,172.336,172.259,172.265,1371220000,8
1410363840000,1410364319000,172.265,172.296,172.181,172.201,1505350000,8
1410364320000,1410364799000,172.202,172.248,172.174,172.22,1163340000,8
1410364800000,1410365279000,172.223,172.225,172.164,172.206,878540000,8
1410365280000,1410365759000,172.208,172.253,172.206,172.247,957340000,8
1410365760000,1410366239000,172.247,172.434,172.227,172.402,1267660000,8
1410366240000,1410366719000,172.402,172.446,172.326,172.418,1721740000,8
1410366720000,1410367199000,172.418,172.423,172.334,172.334,681950000,8
1410367200000,1410367679000,172.334,172.365,172.277,172.296,671420000,8
1410367680000,1410368159000,172.296,172.761,172.288,172.727,1642280000,8
1410368160000,1410368639000,172.727,172.889,172.621,172.723,2440750000,8
1410368640000,1410369119000,172.723,172.763,172.673,172.698,1236940000,8
1410369120000,1410369599000,172.698,172.737,172.635,172.67,1057870000,8
1410369600000,1410370079000,172.67,172.716,172.623,172.649,960350000,8
1410370080000,1410370559000,172.649,172.765,172.633,172.753,1022100000,8
1410370560000,1410371039000,172.757,172.784,172.642,172.657,848440000,8
1410371040000,1410371519000,172.657,172.714,172.638,172.699,789450000,8
1410371520000,1410371999000,172.699,172.796,172.692,172.775,798030000,8
1410372000000,1410372479000,172.772,173.078,172.761,173.043,1623860000,8
1410372480000,1410372959000,173.043,173.264,172.993,173.097,2222540000,8
1410372960000,1410373439000,173.098,173.116,172.99,173.038,1417120000,8
1410373440000,1410373919000,173.04,173.146,173.017,173.12,853260000,8
1410373920000,1410374399000,173.12,173.135,173.07,173.091,608290000,8
1410374400000,1410374879000,173.093,173.105,172.993,173.013,720080000,8
1410374880000,1410375359000,173.013,173.076,172.977,173.016,916530000,8
1410375360000,1410375839000,173.016,173.079,173.002,173.002,927860000,8
1410375840000,1410376319000,173.003,173.023,172.952,173.023,456670000,8
1410376320000,1410376799000,173.025,173.044,173.006,173.02,557960000,8
1410376800000,1410377279000,173.018,173.027,172.997,173.016,250590000,8
1410377280000,1410377759000,173.016,173.169,173.007,173.095,592300000,8
1410377760000,1410378239000,173.095,173.138,173.056,173.12,572200000,8
1410378240000,1410378719000,173.122,173.122,173.036,173.056,623950000,8
1410378720000,1410379199000,173.053,173.147,173.028,173.128,607750000,8
1410379200000,1410379679000,173.132,173.181,173.123,173.124,782250000,8
1410379680000,1410380159000,173.122,173.143,173.083,173.094,436350000,8
1410380160000,1410380639000,173.094,173.147,173.092,173.134,253990000,8
1410380640000,1410381119000,173.134,173.136,173.08,173.122,413440000,8
1410381120000,1410381599000,173.122,173.231,173.122,173.228,437520000,8
1410381600000,1410382079000,173.228,173.251,173.198,173.25,468590000,8
1410382080000,1410382559000,173.25,173.252,173.177,173.221,228280000,8
1410382560000,1410383039000,173.22,173.312,173.177,173.291,157560000,8
1410383040000,1410383519000,173.29,173.29,173.14,173.156,483820000,8
1410383520000,1410383999000,173.154,173.228,173.128,173.208,520670000,8
1410384000000,1410384479000,173.211,173.222,173.154,173.19,281250000,8
1410384480000,1410384959000,173.193,173.214,173.159,173.159,233310000,8
1410384960000,1410385439000,173.157,173.185,173.107,173.147,396880000,8
1410385440000,1410385919000,173.146,173.168,173.131,173.137,203040000,8
1410385920000,1410386399000,173.142,173.151,173.084,173.106,551810000,8
1410386400000,1410386879000,173.107,173.164,173.026,173.081,361440000,8
1410386880000,1410387359000,173.086,173.101,173.045,173.049,424020000,8
1410387360000,1410387839000,173.049,173.114,173.049,173.073,322130000,8
1410387840000,1410388319000,173.073,173.092,173.041,173.092,376480000,8
1410388320000,1410388799000,173.09,173.141,173.065,173.122,352700000,8
1410388800000,1410389279000,173.122,173.136,173.082,173.089,310030000,8
1410389280000,1410389759000,173.085,173.124,173.084,173.092,330290000,8
1410389760000,1410390239000,173.089,173.16,173.087,173.137,401130000,8
1410390240000,1410390719000,173.138,173.159,173.122,173.126,192460000,8
1410390720000,1410391199000,173.127,173.188,173.071,173.107,632960000,8
1410391200000,1410391679000,173.106,173.106,173.066,173.071,251960000,8
1410391680000,1410392159000,173.071,173.109,173.068,173.104,185390000,8
1410392160000,1410392639000,173.106,173.106,173.061,173.088,431840000,8
1410392640000,1410393119000,173.088,173.11,173.073,173.076,373510000,8
1410393120000,1410393599000,173.076,173.082,173.043,173.055,398980000,8
1410393600000,1410394079000,173.055,173.082,173.025,173.038,751050000,8
1410394080000,1410394559000,173.036,173.043,172.972,173.0,741300000,8
1410394560000,1410395039000,173.0,173.058,172.982,173.056,912190000,8
1410395040000,1410395519000,173.056,173.115,173.056,173.107,653960000,8
1410395520000,1410395999000,173.107,173.131,173.063,173.104,845620000,8
1410396000000,1410396479000,173.102,173.129,173.083,173.118,686810000,8
1410396480000,1410396959000,173.118,173.139,173.054,173.102,1013120000,8
1410396960000,1410397439000,173.1,173.156,173.096,173.149,935030000,8
1410397440000,1410397919000,173.149,173.149,173.04,173.065,617920000,8
1410397920000,1410398399000,173.065,173.078,173.038,173.057,509770000,8
1410398400000,1410398879000,173.057,173.059,173.008,173.009,463260000,8
1410398880000,1410399359000,173.009,173.033,172.83,172.85,1472990000,8
1410399360000,1410399839000,172.851,172.92,172.841,172.854,946620000,8
1410399840000,1410400319000,172.855,172.935,172.849,172.911,884700000,8
1410400320000,1410400799000,172.909,172.91,172.81,172.839,822570000,8
1410400800000,1410401279000,172.839,172.853,172.785,172.785,833300000,8
1410401280000,1410401759000,172.785,172.836,172.775,172.835,776650000,8
1410401760000,1410402239000,172.832,172.851,172.794,172.817,546630000,8
1410402240000,1410402719000,172.817,172.857,172.801,172.853,432610000,8
1410402720000,1410403199000,172.853,172.877,172.838,172.858,522630000,8
1410403200000,1410403679000,172.858,172.87,172.835,172.852,301390000,8
1410403680000,1410404159000,172.851,172.861,172.826,172.853,350990000,8
1410404160000,1410404639000,172.853,172.881,172.84,172.848,299920000,8
1410404640000,1410405119000,172.846,172.944,172.843,172.938,499670000,8
1410405120000,1410405599000,172.938,172.955,172.893,172.896,395340000,8
1410405600000,1410406079000,172.9,172.91,172.874,172.898,216300000,8
1410406080000,1410406559000,172.897,172.923,172.879,172.922,307460000,8
1410406560000,1410407039000,172.923,172.949,172.923,172.937,330690000,8
1410407040000,1410407519000,172.937,172.978,172.936,172.946,450590000,8
1410407520000,1410407999000,172.947,172.996,172.937,172.992,470680000,8
1410408000000,1410408479000,172.991,173.001,172.93,172.944,675060000,8
1410408480000,1410408959000,172.943,172.986,172.939,172.986,565580000,8
1410408960000,1410409439000,172.988,173.056,172.944,173.045,745950000,8
1410409440000,1410409919000,173.045,173.063,173.013,173.018,604940000,8
1410409920000,1410410399000,173.018,173.071,172.996,173.06,594650000,8
1410410400000,1410410879000,173.059,173.173,173.016,173.132,1113820000,8
1410410880000,1410411359000,173.132,173.179,173.102,173.16,631300000,8
1410411360000,1410411839000,173.16,173.268,173.16,173.221,785460000,8
1410411840000,1410412319000,173.221,173.302,173.215,173.284,730060000,8
1410412320000,1410412799000,173.284,173.374,173.27,173.286,968050000,8
1410412800000,1410413279000,173.286,173.3,173.216,173.237,542380000,8
1410413280000,1410413759000,173.235,173.267,173.211,173.225,1229210000,8
1410413760000,1410414239000,173.225,173.296,173.204,173.296,917240000,8
1410414240000,1410414719000,173.295,173.354,173.238,173.255,1124360000,8
1410414720000,1410415199000,173.256,173.326,173.224,173.251,1279570000,8
1410415200000,1410415679000,173.253,173.324,173.217,173.223,1226550000,8
1410415680000,1410416159000,173.223,173.267,173.202,173.257,801010000,8
1410416160000,1410416639000,173.257,173.292,173.231,173.242,857030000,8
1410416640000,1410417119000,173.246,173.29,173.217,173.217,826690000,8
1410417120000,1410417599000,173.217,173.265,173.186,173.255,1486430000,8
1410417600000,1410418079000,173.254,173.284,173.202,173.207,1237390000,8
1410418080000,1410418559000,173.203,173.318,173.183,173.303,1499170000,8
1410418560000,1410419039000,173.303,173.348,173.204,173.248,1570640000,8
1410419040000,1410419519000,173.251,173.287,173.194,173.255,1276450000,8
1410419520000,1410419999000,173.259,173.35,173.252,173.339,950760000,8
1410420000000,1410420479000,173.339,173.434,173.326,173.432,1218450000,8
1410420480000,1410420959000,173.427,173.428,173.323,173.378,1108850000,8
1410420960000,1410421439000,173.378,173.421,173.285,173.285,1529800000,8
1410421440000,1410421919000,173.287,173.308,173.208,173.28,1294880000,8
1410421920000,1410422399000,173.28,173.568,173.247,173.566,1961270000,8
1410422400000,1410422879000,173.566,173.704,173.499,173.509,1863860000,8
1410422880000,1410423359000,173.509,173.583,173.5,173.563,1508460000,8
1410423360000,1410423839000,173.563,173.602,173.514,173.552,1412690000,8
1410423840000,1410424319000,173.552,173.586,173.502,173.503,1220850000,8
1410424320000,1410424799000,173.503,173.549,173.477,173.527,963800000,8
1410424800000,1410425279000,173.528,173.561,173.433,173.449,1186010000,8
1410425280000,1410425759000,173.449,173.593,173.436,173.528,1101200000,8
1410425760000,1410426239000,173.528,173.67,173.524,173.568,1179310000,8
1410426240000,1410426719000,173.568,173.591,173.512,173.54,1201500000,8
1410426720000,1410427199000,173.54,173.622,173.532,173.61,1249200000,8
1410427200000,1410427679000,173.607,173.78,173.584,173.749,889590000,8
1410427680000,1410428159000,173.749,173.857,173.749,173.814,1411890000,8
1410428160000,1410428639000,173.814,173.888,173.814,173.827,974610000,8
1410428640000,1410429119000,173.827,174.005,173.817,173.854,1758370000,8
1410429120000,1410429599000,173.856,173.876,173.77,173.783,1994520000,8
1410429600000,1410430079000,173.783,173.822,173.77,173.79,1199150000,8
1410430080000,1410430559000,173.787,173.844,173.72,173.844,1396410000,8
1410430560000,1410431039000,173.844,173.951,173.814,173.917,1370020000,8
1410431040000,1410431519000,173.917,174.034,173.869,173.981,1625180000,8
1410431520000,1410431999000,173.981,174.063,173.871,173.872,1823420000,8
1410432000000,1410432479000,173.87,173.958,173.858,173.94,1170000000,8
1410432480000,1410432959000,173.938,173.979,173.925,173.943,1088960000,8
1410432960000,1410433439000,173.943,174.038,173.933,174.019,1098570000,8
1410433440000,1410433919000,174.02,174.038,173.947,173.96,970410000,8
1410433920000,1410434399000,173.962,174.023,173.943,173.986,804810000,8
1410434400000,1410434879000,173.984,174.054,173.984,174.03,946740000,8
1410434880000,1410435359000,174.032,174.077,174.029,174.055,900730000,8
1410435360000,1410435839000,174.054,174.1,174.045,174.077,803160000,8
1410435840000,1410436319000,174.078,174.083,173.962,173.964,1018160000,8
1410436320000,1410436799000,173.968,174.013,173.943,173.966,997300000,8
1410436800000,1410437279000,173.966,173.973,173.846,173.88,1345490000,8
1410437280000,1410437759000,173.88,173.907,173.814,173.843,1465820000,8
1410437760000,1410438239000,173.846,173.914,173.821,173.894,1459180000,8
1410438240000,1410438719000,173.894,173.944,173.852,173.877,1578850000,8
1410438720000,1410439199000,173.876,173.876,173.718,173.729,1748430000,8
1410439200000,1410439679000,173.731,173.79,173.629,173.644,1645940000,8
1410439680000,1410440159000,173.649,173.698,173.582,173.612,1828370000,8
1410440160000,1410440639000,173.613,173.617,173.421,173.555,2210880000,8
1410440640000,1410441119000,173.555,173.676,173.468,173.572,1775850000,8
1410441120000,1410441599000,173.573,173.637,173.443,173.514,1557440000,8
1410441600000,1410442079000,173.519,173.557,173.458,173.55,1439500000,8
1410442080000,1410442559000,173.551,173.627,173.55,173.597,1530650000,8
1410442560000,1410443039000,173.598,173.623,173.53,173.557,1437120000,8
1410443040000,1410443519000,173.56,173.581,173.447,173.469,1422300000,8
1410443520000,1410443999000,173.471,173.555,173.387,173.465,1795740000,8
1410444000000,1410444479000,173.47,173.789,173.411,173.738,1892340000,8
1410444480000,1410444959000,173.737,173.785,173.563,173.602,1929730000,8
1410444960000,1410445439000,173.604,173.861,173.545,173.607,2226800000,8
1410445440000,1410445919000,173.609,173.609,173.299,173.434,3022230000,8
1410445920000,1410446399000,173.434,173.473,173.293,173.36,1836210000,8
1410446400000,1410446879000,173.361,173.394,173.262,173.386,2103730000,8
1410446880000,1410447359000,173.384,173.466,173.339,173.362,1490560000,8
1410447360000,1410447839000,173.361,173.446,173.345,173.438,1455990000,8
1410447840000,1410448319000,173.436,173.522,173.425,173.454,1025550000,8
1410448320000,1410448799000,173.452,173.539,173.339,173.529,1256960000,8
1410448800000,1410449279000,173.527,173.528,173.41,173.441,778320000,8
1410449280000,1410449759000,173.442,173.484,173.422,173.448,873180000,8
1410449760000,1410450239000,173.45,173.457,173.395,173.447,836130000,8
1410450240000,1410450719000,173.448,173.46,173.409,173.435,739140000,8
1410450720000,1410451199000,173.436,173.447,173.358,173.375,738910000,8
1410451200000,1410451679000,173.378,173.454,173.354,173.371,678580000,8
1410451680000,1410452159000,173.369,173.44,173.344,173.426,662430000,8
1410452160000,1410452639000,173.425,173.461,173.396,173.397,624680000,8
1410452640000,1410453119000,173.397,173.466,173.392,173.458,720670000,8
1410453120000,1410453599000,173.458,173.497,173.447,173.497,538310000,8
1410453600000,1410454079000,173.495,173.523,173.49,173.504,420750000,8
1410454080000,1410454559000,173.505,173.51,173.482,173.482,449720000,8
1410454560000,1410455039000,173.481,173.498,173.393,173.409,830320000,8
1410455040000,1410455519000,173.41,173.456,173.36,173.454,899670000,8
1410455520000,1410455999000,173.455,173.59,173.446,173.509,867460000,8
1410456000000,1410456479000,173.509,173.537,173.482,173.516,818630000,8
1410456480000,1410456959000,173.514,173.549,173.484,173.525,692460000,8
1410456960000,1410457439000,173.525,173.543,173.505,173.532,496520000,8
1410457440000,1410457919000,173.533,173.581,173.512,173.58,549680000,8
1410457920000,1410458399000,173.579,173.644,173.562,173.634,790320000,8
1410458400000,1410458879000,173.633,173.733,173.611,173.633,695820000,8
1410458880000,1410459359000,173.633,173.655,173.603,173.64,534200000,8
1410459360000,1410459839000,173.638,173.68,173.616,173.652,537890000,8
1410459840000,1410460319000,173.65,173.698,173.621,173.68,452620000,8
1410460320000,1410460799000,173.679,173.725,173.636,173.661,621180000,8
1410460800000,1410461279000,173.662,173.756,173.661,173.724,677240000,8
1410461280000,1410461759000,173.722,173.722,173.645,173.705,588710000,8
1410461760000,1410462239000,173.708,173.712,173.576,173.646,741530000,8
1410462240000,1410462719000,173.646,173.693,173.604,173.658,688220000,8
1410462720000,1410463199000,173.659,173.738,173.652,173.724,474180000,8
1410463200000,1410463679000,173.724,173.767,173.685,173.74,474490000,8
1410463680000,1410464159000,173.742,173.77,173.674,173.751,782150000,8
1410464160000,1410464639000,173.753,173.773,173.695,173.717,534040000,8
1410464640000,1410465119000,173.716,173.741,173.692,173.697,615710000,8
1410465120000,1410465599000,173.696,173.762,173.687,173.757,594740000,8
1410465600000,1410466079000,173.758,173.776,173.709,173.756,455540000,8
1410466080000,1410466559000,173.756,173.8,173.733,173.745,444180000,8
1410466560000,1410467039000,173.745,173.771,173.726,173.763,330310000,8
1410467040000,1410467519000,173.762,173.859,173.726,173.802,487110000,8
1410467520000,1410467999000,173.802,173.839,173.769,173.78,370320000,8
1410468000000,1410468479000,173.78,173.854,173.777,173.854,398020000,8
1410468480000,1410468959000,173.853,174.064,173.794,174.024,1107300000,8
1410468960000,1410469439000,174.025,174.237,173.782,173.95,938700000,8
1410469440000,1410469919000,173.954,174.053,173.87,174.029,1101570000,8
1410469920000,1410470399000,174.027,174.078,173.991,174.073,504930000,8
1410470400000,1410470879000,174.071,174.103,174.056,174.072,460700000,8
1410470880000,1410471359000,174.069,174.093,174.005,174.053,500070000,8
1410471360000,1410471839000,174.053,174.162,174.047,174.132,726960000,8
1410471840000,1410472319000,174.132,174.148,174.115,174.134,387100000,8
1410472320000,1410472799000,174.134,174.158,174.074,174.136,642140000,8
1410472800000,1410473279000,174.143,174.175,174.025,174.055,902820000,8
1410473280000,1410473759000,174.055,174.122,174.048,174.066,892650000,8
1410473760000,1410474239000,174.066,174.086,173.97,174.053,1170180000,8
1410474240000,1410474719000,174.055,174.083,174.05,174.052,394060000,8
1410474720000,1410475199000,174.052,174.056,173.994,173.999,367270000,8
1410475200000,1410475679000,174.0,174.041,173.969,174.035,309730000,8
1410475680000,1410476159000,174.035,174.053,173.989,173.989,367270000,8
1410476160000,1410476639000,173.993,174.027,173.984,174.027,248200000,8
1410476640000,1410477119000,174.027,174.035,174.005,174.005,214460000,8
1410477120000,1410477599000,174.005,174.016,173.986,174.013,230550000,8
1410477600000,1410478079000,174.013,174.025,173.99,174.011,221190000,8
1410478080000,1410478559000,174.011,174.018,173.929,173.955,292140000,8
1410478560000,1410479039000,173.957,174.011,173.955,173.983,198520000,8
1410479040000,1410479519000,173.985,174.053,173.982,174.051,447730000,8
1410479520000,1410479999000,174.051,174.086,174.037,174.052,635280000,8
1410480000000,1410480479000,174.053,174.058,173.899,173.925,1094980000,8
1410480480000,1410480959000,173.923,173.974,173.845,173.946,985550000,8
1410480960000,1410481439000,173.946,174.023,173.929,174.011,731690000,8
1410481440000,1410481919000,174.011,174.048,173.975,174.036,721120000,8
1410481920000,1410482399000,174.035,174.12,174.028,174.045,632080000,8
1410482400000,1410482879000,174.042,174.11,174.018,174.082,766360000,8
1410482880000,1410483359000,174.082,174.127,174.044,174.105,766950000,8
1410483360000,1410483839000,174.105,174.114,174.057,174.082,631290000,8
1410483840000,1410484319000,174.082,174.09,174.037,174.045,577560000,8
1410484320000,1410484799000,174.045,174.078,174.017,174.063,406020000,8
1410484800000,1410485279000,174.063,174.091,174.017,174.047,856660000,8
1410485280000,1410485759000,174.044,174.153,174.044,174.109,1011560000,8
1410485760000,1410486239000,174.108,174.124,174.06,174.077,906030000,8
1410486240000,1410486719000,174.074,174.148,174.047,174.055,1122210000,8
1410486720000,1410487199000,174.055,174.163,174.016,174.128,894340000,8
1410487200000,1410487679000,174.129,174.178,174.109,174.132,622540000,8
1410487680000,1410488159000,174.132,174.225,174.127,174.185,684040000,8
1410488160000,1410488639000,174.185,174.195,174.117,174.168,895910000,8
1410488640000,1410489119000,174.168,174.17,174.129,174.153,527920000,8
1410489120000,1410489599000,174.153,174.163,174.102,174.122,611190000,8
1410489600000,1410490079000,174.121,174.145,174.107,174.114,500720000,8
1410490080000,1410490559000,174.118,174.16,174.104,174.148,394420000,8
1410490560000,1410491039000,174.148,174.213,174.148,174.195,657600000,8
1410491040000,1410491519000,174.195,174.294,174.195,174.272,724010000,8
1410491520000,1410491999000,174.269,174.281,174.239,174.268,398720000,8
1410492000000,1410492479000,174.268,174.335,174.253,174.322,764490000,8
1410492480000,1410492959000,174.32,174.336,174.305,174.305,499110000,8
1410492960000,1410493439000,174.307,174.31,174.276,174.292,518690000,8
1410493440000,1410493919000,174.291,174.309,174.258,174.298,526720000,8
1410493920000,1410494399000,174.298,174.308,174.279,174.281,316750000,8
1410494400000,1410494879000,174.28,174.291,174.268,174.291,189100000,8
1410494880000,1410495359000,174.292,174.31,174.273,174.297,438520000,8
1410495360000,1410495839000,174.298,174.315,174.257,174.294,440840000,8
1410495840000,1410496319000,174.294,174.309,174.272,174.293,492780000,8
1410496320000,1410496799000,174.293,174.326,174.286,174.305,465550000,8
1410496800000,1410497279000,174.305,174.306,174.248,174.257,404250000,8
1410497280000,1410497759000,174.26,174.265,174.181,174.196,776770000,8
1410497760000,1410498239000,174.199,174.215,174.128,174.138,769700000,8
1410498240000,1410498719000,174.137,174.202,174.108,174.183,711310000,8
1410498720000,1410499199000,174.184,174.242,174.175,174.182,669460000,8
1410499200000,1410499679000,174.182,174.184,174.113,174.113,648000000,8
1410499680000,1410500159000,174.113,174.173,174.087,174.122,654030000,8
1410500160000,1410500639000,174.122,174.15,174.077,174.092,881860000,8
1410500640000,1410501119000,174.092,174.146,173.983,174.017,1116060000,8
1410501120000,1410501599000,174.017,174.08,174.009,174.059,1002340000,8
1410501600000,1410502079000,174.06,174.068,173.928,174.016,1665940000,8
1410502080000,1410502559000,174.017,174.062,173.969,174.028,1401670000,8
1410502560000,1410503039000,174.028,174.103,174.028,174.062,1155500000,8
1410503040000,1410503519000,174.064,174.064,173.958,173.975,1459420000,8
1410503520000,1410503999000,173.975,174.096,173.975,174.062,1156620000,8
1410504000000,1410504479000,174.062,174.196,174.039,174.131,910280000,8
1410504480000,1410504959000,174.13,174.158,174.101,174.101,833770000,8
1410504960000,1410505439000,174.101,174.124,174.033,174.038,1034450000,8
1410505440000,1410505919000,174.039,174.067,173.999,174.056,1271450000,8
1410505920000,1410506399000,174.055,174.168,174.055,174.148,1048220000,8
1410506400000,1410506879000,174.148,174.3,174.138,174.223,986150000,8
1410506880000,1410507359000,174.221,174.318,174.216,174.307,1299910000,8
1410507360000,1410507839000,174.307,174.361,174.25,174.259,1176310000,8
1410507840000,1410508319000,174.264,174.295,174.24,174.263,801750000,8
1410508320000,1410508799000,174.263,174.268,174.233,174.237,681470000,8
1410508800000,1410509279000,174.236,174.256,174.193,174.211,1027670000,8
1410509280000,1410509759000,174.211,174.23,174.164,174.183,673020000,8
1410509760000,1410510239000,174.183,174.217,174.128,174.128,1085440000,8
1410510240000,1410510719000,174.125,174.182,174.109,174.121,926350000,8
1410510720000,1410511199000,174.122,174.157,174.082,174.14,749840000,8
1410511200000,1410511679000,174.147,174.196,174.07,174.108,1135710000,8
1410511680000,1410512159000,174.107,174.137,174.07,174.095,1221080000,8
1410512160000,1410512639000,174.097,174.215,174.083,174.215,1035860000,8
1410512640000,1410513119000,174.215,174.258,174.158,174.236,1139720000,8
1410513120000,1410513599000,174.236,174.255,174.175,174.181,1057090000,8
1410513600000,1410514079000,174.181,174.255,174.174,174.253,711950000,8
1410514080000,1410514559000,174.253,174.291,174.241,174.279,798760000,8
1410514560000,1410515039000,174.279,174.301,174.254,174.268,803470000,8
1410515040000,1410515519000,174.268,174.269,174.173,174.262,960280000,8
1410515520000,1410515999000,174.264,174.35,174.255,174.293,846870000,8
1410516000000,1410516479000,174.298,174.321,174.228,174.252,1112630000,8
1410516480000,1410516959000,174.253,174.274,174.236,174.263,705960000,8
1410516960000,1410517439000,174.261,174.292,174.233,174.241,639620000,8
1410517440000,1410517919000,174.242,174.243,174.19,174.194,628100000,8
1410517920000,1410518399000,174.196,174.204,174.141,174.184,712970000,8
1410518400000,1410518879000,174.181,174.198,174.153,174.192,747760000,8
1410518880000,1410519359000,174.192,174.228,174.09,174.115,693910000,8
1410519360000,1410519839000,174.117,174.137,174.057,174.087,904630000,8
1410519840000,1410520319000,174.088,174.162,174.075,174.121,860390000,8
1410520320000,1410520799000,174.118,174.144,174.025,174.025,896730000,8
1410520800000,1410521279000,174.025,174.035,173.866,173.958,1299250000,8
1410521280000,1410521759000,173.953,173.998,173.693,173.93,2544010000,8
1410521760000,1410522239000,173.928,174.128,173.901,174.093,1747050000,8
1410522240000,1410522719000,174.093,174.13,173.94,173.946,1505780000,8
1410522720000,1410523199000,173.946,174.103,173.94,174.027,1590160000,8
1410523200000,1410523679000,174.028,174.131,174.018,174.126,1356150000,8
1410523680000,1410524159000,174.128,174.159,174.073,174.139,1496250000,8
1410524160000,1410524639000,174.139,174.15,174.096,174.109,1028560000,8
1410524640000,1410525119000,174.109,174.185,174.02,174.082,2236220000,8
1410525120000,1410525599000,174.082,174.206,174.07,174.163,2460580000,8
1410525600000,1410526079000,174.163,174.192,174.051,174.117,1901450000,8
1410526080000,1410526559000,174.117,174.154,174.062,174.127,1511730000,8
1410526560000,1410527039000,174.125,174.191,174.123,174.168,1095450000,8
1410527040000,1410527519000,174.17,174.211,174.155,174.19,1043750000,8
1410527520000,1410527999000,174.19,174.215,174.139,174.153,1443780000,8
1410528000000,1410528479000,174.151,174.21,174.12,174.18,1234510000,8
1410528480000,1410528959000,174.181,174.229,174.148,174.216,1530730000,8
1410528960000,1410529439000,174.216,174.227,174.116,174.135,1483450000,8
1410529440000,1410529919000,174.134,174.178,174.084,174.171,1192560000,8
1410529920000,1410530399000,174.17,174.23,174.101,174.114,1318160000,8
1410530400000,1410530879000,174.114,174.193,174.089,174.146,1659310000,8
1410530880000,1410531359000,174.146,174.163,174.08,174.091,1514980000,8
1410531360000,1410531839000,174.089,174.149,174.066,174.147,1137350000,8
1410531840000,1410532319000,174.146,174.177,174.12,174.155,951310000,8
1410532320000,1410532799000,174.152,174.166,174.096,174.132,922110000,8
1410532800000,1410533279000,174.133,174.181,174.108,174.154,1124250000,8
1410533280000,1410533759000,174.154,174.236,174.127,174.185,1127870000,8
1410533760000,1410534239000,174.185,174.251,174.143,174.162,1861560000,8
1410534240000,1410534719000,174.163,174.21,174.156,174.168,1225850000,8
1410534720000,1410535199000,174.17,174.24,174.163,174.208,1074640000,8
1410535200000,1410535679000,174.207,174.223,174.128,174.175,1172130000,8
1410535680000,1410536159000,174.179,174.205,174.156,174.177,911070000,8
1410536160000,1410536639000,174.178,174.233,174.146,174.199,1672700000,8
1410536640000,1410537119000,174.201,174.228,174.133,174.163,1312810000,8
1410537120000,1410537599000,174.168,174.183,174.142,174.174,1009850000,8
1410537600000,1410538079000,174.174,174.281,174.162,174.277,1070200000,8
1410538080000,1410538559000,174.277,174.327,174.243,174.316,832110000,8
1410538560000,1410539039000,174.316,174.381,174.306,174.378,663770000,8
1410539040000,1410539519000,174.38,174.402,174.267,174.271,1366400000,8
1410539520000,1410539999000,174.273,174.369,174.234,174.351,938210000,8
1410540000000,1410540479000,174.355,174.379,174.306,174.353,1007790000,8
1410540480000,1410540959000,174.351,174.412,174.338,174.401,729370000,8
1410540960000,1410541439000,174.4,174.402,174.32,174.367,501800000,8
1410541440000,1410541919000,174.367,174.397,174.361,174.373,388780000,8
1410541920000,1410542399000,174.373,174.393,174.344,174.38,399070000,8
1410542400000,1410542879000,174.38,174.402,174.292,174.322,463230000,8
1410542880000,1410543359000,174.323,174.359,174.281,174.34,809490000,8
1410543360000,1410543839000,174.34,174.394,174.34,174.391,379980000,8
1410543840000,1410544319000,174.392,174.418,174.365,174.388,467990000,8
1410544320000,1410544799000,174.388,174.423,174.355,174.399,796020000,8
1410544800000,1410545279000,174.4,174.439,174.362,174.428,595890000,8
1410545280000,1410545759000,174.428,174.476,174.407,174.454,548620000,8
1410545760000,1410546239000,174.454,174.483,174.416,174.467,366760000,8
1410546240000,1410546719000,174.467,174.504,174.425,174.45,332550000,8
1410546720000,1410547199000,174.45,174.452,174.407,174.407,320860000,8
1410547200000,1410547679000,174.407,174.444,174.393,174.443,320200000,8
1410547680000,1410548159000,174.443,174.456,174.414,174.43,426380000,8
1410548160000,1410548639000,174.43,174.483,174.387,174.468,462110000,8
1410548640000,1410549119000,174.468,174.508,174.46,174.507,299550000,8
1410549120000,1410549599000,174.507,174.512,174.462,174.494,417710000,8
1410549600000,1410550079000,174.494,174.494,174.434,174.45,384440000,8
1410550080000,1410550559000,174.451,174.468,174.436,174.439,434520000,8
1410550560000,1410551039000,174.439,174.478,174.437,174.474,357050000,8
1410551040000,1410551519000,174.474,174.485,174.446,174.471,345630000,8
1410551520000,1410551999000,174.471,174.507,174.462,174.495,363850000,8
1410552000000,1410552479000,174.495,174.537,174.49,174.528,239570000,8
1410552480000,1410552959000,174.527,174.567,174.527,174.559,248770000,8
1410552960000,1410553439000,174.559,174.571,174.546,174.569,142990000,8
1410553440000,1410553919000,174.568,174.57,174.544,174.564,183480000,8
1410553920000,1410554399000,174.563,174.649,174.563,174.626,261080000,8
1410554400000,1410554879000,174.623,174.626,174.594,174.626,259050000,8
1410554880000,1410555359000,174.626,174.634,174.566,174.623,231270000,8
1410555360000,1410555839000,174.624,174.648,174.543,174.547,238540000,8
1410555840000,1410556319000,174.547,174.547,174.547,174.547,0,8
1410556320000,1410556799000,174.547,174.547,174.547,174.547,0,8
1410556800000,1410557279000,174.547,174.547,174.547,174.547,0,8
1410557280000,1410557759000,174.547,174.547,174.547,174.547,0,8
1410557760000,1410558239000,174.547,174.547,174.547,174.547,0,8
1410558240000,1410558719000,174.547,174.547,174.547,174.547,0,8
1410558720000,1410559199000,174.547,174.547,174.547,174.547,0,8
1410559200000,1410559679000,174.547,174.547,174.547,174.547,0,8
1410559680000,1410560159000,174.547,174.547,174.547,174.547,0,8
1410560160000,1410560639000,174.547,174.547,174.547,174.547,0,8
1410560640000,1410561119000,174.547,174.547,174.547,174.547,0,8
1410561120000,1410561599000,174.547,174.547,174.547,174.547,0,8
1410561600000,1410562079000,174.547,174.547,174.547,174.547,0,8
1410562080000,1410562559000,174.547,174.547,174.547,174.547,0,8
1410562560000,1410563039000,174.547,174.547,174.547,174.547,0,8
1410563040000,1410563519000,174.547,174.547,174.547,174.547,0,8
1410563520000,1410563999000,174.547,174.547,174.547,174.547,0,8
1410564000000,1410564479000,174.547,174.547,174.547,174.547,0,8
1410564480000,1410564959000,174.547,174.547,174.547,174.547,0,8
1410564960000,1410565439000,174.547,174.547,174.547,174.547,0,8
1410565440000,1410565919000,174.547,174.547,174.547,174.547,0,8
1410565920000,1410566399000,174.547,174.547,174.547,174.547,0,8
1410728640000,1410729119000,174.468,174.503,174.427,174.459,282440000,8
1410729120000,1410729599000,174.463,174.473,174.431,174.467,122990000,8
1410729600000,1410730079000,174.467,174.488,174.445,174.477,104490000,8
1410730080000,1410730559000,174.477,174.504,174.474,174.488,88600000,8
1410730560000,1410731039000,174.489,174.512,174.475,174.512,169370000,8
1410731040000,1410731519000,174.512,174.512,174.473,174.502,187040000,8
1410731520000,1410731999000,174.501,174.54,174.49,174.52,173360000,8
1410732000000,1410732479000,174.52,174.598,174.517,174.554,289360000,8
1410732480000,1410732959000,174.554,174.593,174.517,174.56,445720000,8
1410732960000,1410733439000,174.556,174.556,174.498,174.508,258060000,8
1410733440000,1410733919000,174.5,174.506,174.466,174.479,219630000,8
1410733920000,1410734399000,174.483,174.527,174.479,174.484,267120000,8
1410734400000,1410734879000,174.484,174.49,174.471,174.483,147460000,8
1410734880000,1410735359000,174.483,174.51,174.448,174.475,240960000,8
1410735360000,1410735839000,174.478,174.502,174.438,174.442,196670000,8
1410735840000,1410736319000,174.443,174.483,174.441,174.483,192490000,8
1410736320000,1410736799000,174.481,174.482,174.454,174.464,135140000,8
1410736800000,1410737279000,174.464,174.473,174.425,174.425,152690000,8
1410737280000,1410737759000,174.425,174.475,174.416,174.473,217140000,8
1410737760000,1410738239000,174.471,174.493,174.44,174.461,296850000,8
1410738240000,1410738719000,174.461,174.527,174.458,174.502,260670000,8
1410738720000,1410739199000,174.502,174.502,174.476,174.499,418830000,8
1410739200000,1410739679000,174.494,174.51,174.401,174.405,633920000,8
1410739680000,1410740159000,174.404,174.437,174.305,174.305,607730000,8
1410740160000,1410740639000,174.305,174.356,174.274,174.325,785270000,8
1410740640000,1410741119000,174.325,174.357,174.278,174.33,688890000,8
1410741120000,1410741599000,174.329,174.362,174.31,174.362,647080000,8
1410741600000,1410742079000,174.362,174.364,174.227,174.242,659530000,8
1410742080000,1410742559000,174.242,174.291,174.242,174.287,480370000,8
1410742560000,1410743039000,174.287,174.335,174.287,174.331,534640000,8
1410743040000,1410743519000,174.331,174.335,174.246,174.3,534060000,8
1410743520000,1410743999000,174.3,174.318,174.268,174.292,580550000,8
1410744000000,1410744479000,174.292,174.295,174.212,174.225,473100000,8
1410744480000,1410744959000,174.225,174.238,174.197,174.213,599900000,8
1410744960000,1410745439000,174.213,174.247,174.195,174.238,600330000,8
1410745440000,1410745919000,174.234,174.262,174.211,174.213,603630000,8
1410745920000,1410746399000,174.21,174.274,174.207,174.219,557980000,8
1410746400000,1410746879000,174.22,174.369,174.205,174.331,583500000,8
1410746880000,1410747359000,174.333,174.373,174.158,174.262,1060080000,8
1410747360000,1410747839000,174.261,174.264,174.193,174.244,812300000,8
1410747840000,1410748319000,174.241,174.249,174.208,174.217,590520000,8
1410748320000,1410748799000,174.215,174.265,174.21,174.231,614720000,8
1410748800000,1410749279000,174.231,174.258,174.216,174.248,492180000,8
1410749280000,1410749759000,174.248,174.259,174.234,174.242,197660000,8
1410749760000,1410750239000,174.242,174.248,174.205,174.206,393220000,8
1410750240000,1410750719000,174.206,174.207,174.162,174.168,346580000,8
1410750720000,1410751199000,174.168,174.171,174.138,174.157,323060000,8
1410751200000,1410751679000,174.156,174.183,174.127,174.172,387170000,8
1410751680000,1410752159000,174.171,174.174,174.152,174.153,318030000,8
1410752160000,1410752639000,174.153,174.155,174.116,174.155,387030000,8
1410752640000,1410753119000,174.152,174.157,174.117,174.12,343100000,8
1410753120000,1410753599000,174.118,174.138,174.013,174.033,787980000,8
1410753600000,1410754079000,174.032,174.044,173.98,174.026,741400000,8
1410754080000,1410754559000,174.026,174.084,174.018,174.073,381420000,8
1410754560000,1410755039000,174.073,174.091,174.042,174.09,324960000,8
1410755040000,1410755519000,174.09,174.105,174.079,174.084,364990000,8
1410755520000,1410755999000,174.084,174.204,174.075,174.19,698090000,8
1410756000000,1410756479000,174.192,174.289,174.162,174.267,797550000,8
1410756480000,1410756959000,174.264,174.282,174.188,174.198,849900000,8
1410756960000,1410757439000,174.198,174.204,174.138,174.142,473040000,8
1410757440000,1410757919000,174.142,174.204,174.142,174.172,578520000,8
1410757920000,1410758399000,174.171,174.232,174.153,174.207,696730000,8
1410758400000,1410758879000,174.207,174.222,174.163,174.195,577180000,8
1410758880000,1410759359000,174.194,174.229,174.156,174.224,1011430000,8
1410759360000,1410759839000,174.223,174.253,174.215,174.251,776420000,8
1410759840000,1410760319000,174.25,174.262,174.183,174.223,890380000,8
1410760320000,1410760799000,174.223,174.228,174.191,174.198,678050000,8
1410760800000,1410761279000,174.198,174.204,174.157,174.198,1345200000,8
1410761280000,1410761759000,174.197,174.211,174.118,174.122,1252390000,8
1410761760000,1410762239000,174.124,174.161,174.096,174.147,1044500000,8
1410762240000,1410762719000,174.147,174.181,174.115,174.118,1198990000,8
1410762720000,1410763199000,174.117,174.166,174.099,174.161,1059920000,8
1410763200000,1410763679000,174.167,174.214,174.156,174.205,1409920000,8
1410763680000,1410764159000,174.205,174.28,174.181,174.25,1099830000,8
1410764160000,1410764639000,174.248,174.312,174.153,174.178,1626120000,8
1410764640000,1410765119000,174.176,174.239,174.13,174.234,1687650000,8
1410765120000,1410765599000,174.238,174.269,174.224,174.248,1454070000,8
1410765600000,1410766079000,174.245,174.346,174.232,174.333,1500140000,8
1410766080000,1410766559000,174.334,174.363,174.246,174.271,1510090000,8
1410766560000,1410767039000,174.269,174.32,174.248,174.28,1357640000,8
1410767040000,1410767519000,174.279,174.351,174.272,174.345,1529590000,8
1410767520000,1410767999000,174.345,174.39,174.293,174.382,1150710000,8
1410768000000,1410768479000,174.383,174.393,174.35,174.361,968690000,8
1410768480000,1410768959000,174.36,174.453,174.36,174.446,1264950000,8
1410768960000,1410769439000,174.443,174.451,174.394,174.416,1012740000,8
1410769440000,1410769919000,174.415,174.458,174.413,174.442,1128650000,8
1410769920000,1410770399000,174.445,174.468,174.417,174.439,995370000,8
1410770400000,1410770879000,174.439,174.493,174.404,174.431,1084560000,8
1410770880000,1410771359000,174.431,174.444,174.383,174.399,1458570000,8
1410771360000,1410771839000,174.399,174.515,174.381,174.507,1349600000,8
1410771840000,1410772319000,174.507,174.525,174.475,174.509,1168160000,8
1410772320000,1410772799000,174.508,174.52,174.425,174.453,1057280000,8
1410772800000,1410773279000,174.453,174.471,174.436,174.466,828660000,8
1410773280000,1410773759000,174.466,174.466,174.415,174.464,1087520000,8
1410773760000,1410774239000,174.463,174.464,174.38,174.389,680690000,8
1410774240000,1410774719000,174.389,174.396,174.217,174.256,1211090000,8
1410774720000,1410775199000,174.255,174.284,174.22,174.224,1123000000,8
1410775200000,1410775679000,174.224,174.25,174.189,174.224,1131910000,8
1410775680000,1410776159000,174.224,174.234,174.193,174.196,765730000,8
1410776160000,1410776639000,174.196,174.229,174.096,174.215,1354320000,8
1410776640000,1410777119000,174.217,174.223,174.177,174.198,760820000,8
1410777120000,1410777599000,174.197,174.26,174.168,174.232,1345310000,8
1410777600000,1410778079000,174.233,174.234,174.151,174.176,1046950000,8
1410778080000,1410778559000,174.176,174.221,174.152,174.218,864880000,8
1410778560000,1410779039000,174.218,174.266,174.216,174.246,826120000,8
1410779040000,1410779519000,174.245,174.301,174.218,174.295,778100000,8
1410779520000,1410779999000,174.294,174.315,174.258,174.292,893090000,8
1410780000000,1410780479000,174.292,174.303,174.26,174.282,954420000,8
1410780480000,1410780959000,174.282,174.305,174.246,174.276,1253090000,8
1410780960000,1410781439000,174.274,174.293,174.191,174.221,941960000,8
1410781440000,1410781919000,174.221,174.221,174.133,174.166,834460000,8
1410781920000,1410782399000,174.166,174.181,174.144,174.156,1065770000,8
1410782400000,1410782879000,174.155,174.249,174.144,174.229,1125560000,8
1410782880000,1410783359000,174.229,174.241,174.198,174.211,1064840000,8
1410783360000,1410783839000,174.214,174.232,174.175,174.185,868950000,8
1410783840000,1410784319000,174.185,174.266,174.163,174.263,1264720000,8
1410784320000,1410784799000,174.263,174.263,174.167,174.198,1184370000,8
1410784800000,1410785279000,174.198,174.214,174.164,174.164,992680000,8
1410785280000,1410785759000,174.165,174.166,174.121,174.123,1074080000,8
1410785760000,1410786239000,174.123,174.189,174.111,174.183,925320000,8
1410786240000,1410786719000,174.183,174.195,174.072,174.075,1019440000,8
1410786720000,1410787199000,174.074,174.088,173.953,174.025,1942420000,8
1410787200000,1410787679000,174.025,174.025,173.868,173.982,1991950000,8
1410787680000,1410788159000,173.981,173.983,173.93,173.959,1381930000,8
1410788160000,1410788639000,173.958,173.997,173.847,173.937,1432900000,8
1410788640000,1410789119000,173.936,173.95,173.84,173.869,1637170000,8
1410789120000,1410789599000,173.874,173.975,173.856,173.883,1758550000,8
1410789600000,1410790079000,173.888,173.992,173.848,173.97,1588050000,8
1410790080000,1410790559000,173.973,173.982,173.885,173.909,1211650000,8
1410790560000,1410791039000,173.908,173.93,173.876,173.879,1190560000,8
1410791040000,1410791519000,173.881,173.945,173.842,173.94,1577380000,8
1410791520000,1410791999000,173.939,173.957,173.907,173.944,1543590000,8
1410792000000,1410792479000,173.944,173.95,173.857,173.887,1578150000,8
1410792480000,1410792959000,173.887,174.028,173.885,174.016,1809980000,8
1410792960000,1410793439000,174.019,174.099,173.999,174.092,2181990000,8
1410793440000,1410793919000,174.09,174.188,174.048,174.061,1439930000,8
1410793920000,1410794399000,174.061,174.076,173.991,174.02,1002090000,8
1410794400000,1410794879000,174.02,174.041,174.001,174.035,823080000,8
1410794880000,1410795359000,174.035,174.04,174.008,174.023,858560000,8
1410795360000,1410795839000,174.023,174.048,174.001,174.017,739690000,8
1410795840000,1410796319000,174.019,174.051,173.98,173.997,721790000,8
1410796320000,1410796799000,173.997,174.082,173.994,174.075,977660000,8
1410796800000,1410797279000,174.073,174.085,174.007,174.045,718010000,8
1410797280000,1410797759000,174.046,174.058,173.952,173.983,867110000,8
1410797760000,1410798239000,173.984,173.985,173.943,173.974,679750000,8
1410798240000,1410798719000,173.974,174.008,173.918,173.921,736360000,8
1410798720000,1410799199000,173.92,173.934,173.873,173.929,665030000,8
1410799200000,1410799679000,173.929,173.948,173.912,173.927,547170000,8
1410799680000,1410800159000,173.927,173.931,173.884,173.906,373740000,8
1410800160000,1410800639000,173.906,173.954,173.878,173.907,599740000,8
1410800640000,1410801119000,173.905,173.935,173.888,173.904,535140000,8
1410801120000,1410801599000,173.907,173.931,173.891,173.923,412640000,8
1410801600000,1410802079000,173.923,173.954,173.902,173.93,574980000,8
1410802080000,1410802559000,173.932,173.97,173.928,173.952,464220000,8
1410802560000,1410803039000,173.95,173.961,173.901,173.925,558670000,8
1410803040000,1410803519000,173.924,173.98,173.917,173.959,560700000,8
1410803520000,1410803999000,173.963,174.013,173.932,174.009,686360000,8
1410804000000,1410804479000,174.009,174.02,173.988,173.993,292360000,8
1410804480000,1410804959000,173.992,174.006,173.984,173.999,311720000,8
1410804960000,1410805439000,173.997,174.016,173.985,173.99,447980000,8
1410805440000,1410805919000,173.99,174.029,173.985,174.003,485910000,8
1410805920000,1410806399000,174.0,174.027,173.99,174.018,346080000,8
1410806400000,1410806879000,174.017,174.042,174.003,174.003,463820000,8
1410806880000,1410807359000,174.001,174.005,173.969,173.994,463210000,8
1410807360000,1410807839000,173.993,174.015,173.933,173.967,548610000,8
1410807840000,1410808319000,173.967,173.973,173.958,173.962,242150000,8
1410808320000,1410808799000,173.962,173.983,173.961,173.973,164040000,8
1410808800000,1410809279000,173.974,173.983,173.947,173.955,397800000,8
1410809280000,1410809759000,173.956,173.98,173.944,173.964,285360000,8
1410809760000,1410810239000,173.963,173.968,173.924,173.946,310810000,8
1410810240000,1410810719000,173.946,173.977,173.946,173.958,405380000,8
1410810720000,1410811199000,173.959,173.975,173.921,173.963,416270000,8
1410811200000,1410811679000,173.965,173.976,173.963,173.973,214570000,8
1410811680000,1410812159000,173.973,173.979,173.962,173.973,223460000,8
1410812160000,1410812639000,173.975,173.979,173.97,173.973,93210000,8
1410812640000,1410813119000,173.974,173.985,173.968,173.982,84300000,8
1410813120000,1410813599000,173.981,173.987,173.972,173.982,94290000,8
1410813600000,1410814079000,173.982,174.0,173.979,173.998,231410000,8
1410814080000,1410814559000,173.999,174.014,173.977,173.979,221720000,8
1410814560000,1410815039000,173.983,173.996,173.968,173.993,141860000,8
1410815040000,1410815519000,173.992,174.0,173.971,173.981,386440000,8
1410815520000,1410815999000,173.98,173.985,173.967,173.981,167740000,8
1410816000000,1410816479000,173.98,173.988,173.973,173.976,276850000,8
1410816480000,1410816959000,173.978,173.985,173.938,173.976,259740000,8
1410816960000,1410817439000,173.977,173.984,173.956,173.967,163360000,8
1410817440000,1410817919000,173.967,173.977,173.948,173.953,233570000,8
1410817920000,1410818399000,173.95,173.968,173.898,173.929,320500000,8
1410818400000,1410818879000,173.931,173.95,173.843,173.866,575020000,8
1410818880000,1410819359000,173.869,173.97,173.843,173.962,776510000,8
1410819360000,1410819839000,173.965,173.98,173.943,173.962,634920000,8
1410819840000,1410820319000,173.962,173.963,173.951,173.958,251410000,8
1410820320000,1410820799000,173.957,173.959,173.929,173.943,241790000,8
1410820800000,1410821279000,173.943,173.951,173.923,173.925,346780000,8
1410821280000,1410821759000,173.925,173.928,173.908,173.913,384150000,8
1410821760000,1410822239000,173.912,173.912,173.885,173.889,482310000,8
1410822240000,1410822719000,173.888,173.899,173.857,173.862,221140000,8
1410822720000,1410823199000,173.861,173.863,173.821,173.838,234730000,8
1410823200000,1410823679000,173.831,173.853,173.801,173.806,191860000,8
1410823680000,1410824159000,173.806,173.87,173.782,173.867,352100000,8
1410824160000,1410824639000,173.867,173.883,173.851,173.851,385520000,8
1410824640000,1410825119000,173.851,173.868,173.839,173.862,372050000,8
1410825120000,1410825599000,173.862,173.877,173.812,173.844,507520000,8
1410825600000,1410826079000,173.844,173.893,173.833,173.89,621940000,8
1410826080000,1410826559000,173.889,173.908,173.847,173.908,585290000,8
1410826560000,1410827039000,173.908,173.954,173.905,173.949,410520000,8
1410827040000,1410827519000,173.949,173.968,173.92,173.926,797410000,8
1410827520000,1410827999000,173.924,173.964,173.92,173.964,590310000,8
1410828000000,1410828479000,173.968,173.978,173.942,173.962,688620000,8
1410828480000,1410828959000,173.96,173.988,173.954,173.967,687780000,8
1410828960000,1410829439000,173.967,173.983,173.892,173.892,1064030000,8
1410829440000,1410829919000,173.892,173.923,173.854,173.872,920990000,8
1410829920000,1410830399000,173.872,173.924,173.819,173.819,824820000,8
1410830400000,1410830879000,173.819,173.871,173.787,173.864,932260000,8
1410830880000,1410831359000,173.862,173.889,173.758,173.778,1106590000,8
1410831360000,1410831839000,173.779,173.814,173.718,173.745,1332850000,8
1410831840000,1410832319000,173.74,173.828,173.709,173.72,999240000,8
1410832320000,1410832799000,173.718,173.798,173.692,173.755,846650000,8
1410832800000,1410833279000,173.756,173.819,173.75,173.811,671910000,8
1410833280000,1410833759000,173.808,173.831,173.778,173.824,819230000,8
1410833760000,1410834239000,173.823,173.858,173.779,173.789,664280000,8
1410834240000,1410834719000,173.791,173.828,173.786,173.817,593230000,8
1410834720000,1410835199000,173.817,173.832,173.798,173.818,583080000,8
1410835200000,1410835679000,173.818,173.828,173.782,173.803,600640000,8
1410835680000,1410836159000,173.808,173.823,173.795,173.811,433890000,8
1410836160000,1410836639000,173.811,173.811,173.78,173.793,442320000,8
1410836640000,1410837119000,173.793,173.818,173.777,173.813,473350000,8
1410837120000,1410837599000,173.813,173.913,173.813,173.909,885820000,8
1410837600000,1410838079000,173.909,173.909,173.851,173.878,603000000,8
1410838080000,1410838559000,173.877,173.945,173.757,173.866,1182520000,8
1410838560000,1410839039000,173.866,173.914,173.846,173.883,769170000,8
1410839040000,1410839519000,173.883,173.901,173.835,173.865,769730000,8
1410839520000,1410839999000,173.863,173.909,173.845,173.884,679770000,8
1410840000000,1410840479000,173.883,173.89,173.818,173.818,494190000,8
1410840480000,1410840959000,173.816,173.893,173.799,173.893,771750000,8
1410840960000,1410841439000,173.893,173.903,173.859,173.863,621940000,8
1410841440000,1410841919000,173.864,173.866,173.834,173.856,541470000,8
1410841920000,1410842399000,173.856,173.867,173.837,173.853,491180000,8
1410842400000,1410842879000,173.853,173.876,173.794,173.869,980950000,8
1410842880000,1410843359000,173.871,173.9,173.832,173.878,721840000,8
1410843360000,1410843839000,173.879,173.896,173.826,173.834,514470000,8
1410843840000,1410844319000,173.834,173.892,173.834,173.874,529130000,8
1410844320000,1410844799000,173.874,173.892,173.861,173.877,517260000,8
1410844800000,1410845279000,173.877,173.882,173.858,173.862,563840000,8
1410845280000,1410845759000,173.861,173.908,173.854,173.884,621950000,8
1410845760000,1410846239000,173.884,173.896,173.82,173.846,852940000,8
1410846240000,1410846719000,173.846,173.971,173.818,173.964,1215410000,8
1410846720000,1410847199000,173.962,173.968,173.92,173.934,985540000,8
1410847200000,1410847679000,173.942,173.99,173.894,173.909,1344950000,8
1410847680000,1410848159000,173.909,173.977,173.898,173.944,807200000,8
1410848160000,1410848639000,173.944,173.964,173.867,173.867,953160000,8
1410848640000,1410849119000,173.87,173.903,173.86,173.881,948320000,8
1410849120000,1410849599000,173.881,173.892,173.845,173.86,853670000,8
1410849600000,1410850079000,173.859,173.859,173.632,173.642,1735230000,8
1410850080000,1410850559000,173.643,173.716,173.619,173.629,1201580000,8
1410850560000,1410851039000,173.626,173.704,173.595,173.651,1450940000,8
1410851040000,1410851519000,173.652,173.682,173.592,173.602,1495540000,8
1410851520000,1410851999000,173.605,173.618,173.514,173.523,1584860000,8
1410852000000,1410852479000,173.523,173.544,173.485,173.494,1363320000,8
1410852480000,1410852959000,173.498,173.504,173.306,173.313,1450260000,8
1410852960000,1410853439000,173.313,173.367,173.247,173.256,1551380000,8
1410853440000,1410853919000,173.257,173.33,173.249,173.273,1376840000,8
1410853920000,1410854399000,173.273,173.374,173.253,173.324,1397130000,8
1410854400000,1410854879000,173.324,173.351,173.197,173.23,1899110000,8
1410854880000,1410855359000,173.229,173.351,173.209,173.332,1281270000,8
1410855360000,1410855839000,173.334,173.334,173.251,173.26,1467860000,8
1410855840000,1410856319000,173.26,173.363,173.105,173.265,2049890000,8
1410856320000,1410856799000,173.263,173.263,172.985,173.135,2376510000,8
1410856800000,1410857279000,173.135,173.227,173.029,173.212,2975830000,8
1410857280000,1410857759000,173.21,173.248,173.083,173.198,1796220000,8
1410857760000,1410858239000,173.198,173.309,173.114,173.301,1600250000,8
1410858240000,1410858719000,173.297,173.419,173.279,173.365,1562070000,8
1410858720000,1410859199000,173.365,173.398,173.299,173.301,1142120000,8
1410859200000,1410859679000,173.301,173.315,173.267,173.277,1175260000,8
1410859680000,1410860159000,173.277,173.35,173.277,173.31,1335830000,8
1410860160000,1410860639000,173.31,173.362,173.297,173.348,1079380000,8
1410860640000,1410861119000,173.348,173.355,173.319,173.338,967720000,8
1410861120000,1410861599000,173.339,173.38,173.24,173.245,1198060000,8
1410861600000,1410862079000,173.246,173.374,173.233,173.341,1153340000,8
1410862080000,1410862559000,173.342,173.405,173.333,173.334,1146590000,8
1410862560000,1410863039000,173.33,173.341,173.254,173.301,1501520000,8
1410863040000,1410863519000,173.303,173.38,173.298,173.363,1376270000,8
1410863520000,1410863999000,173.363,173.379,173.299,173.36,1015780000,8
1410864000000,1410864479000,173.359,173.479,173.334,173.479,1169740000,8
1410864480000,1410864959000,173.479,173.502,173.445,173.474,1095780000,8
1410864960000,1410865439000,173.473,173.49,173.438,173.447,1072020000,8
1410865440000,1410865919000,173.446,173.517,173.446,173.483,879160000,8
1410865920000,1410866399000,173.485,173.493,173.407,173.43,1094240000,8
1410866400000,1410866879000,173.428,173.437,173.366,173.373,589560000,8
1410866880000,1410867359000,173.376,173.384,173.328,173.363,918730000,8
1410867360000,1410867839000,173.363,173.373,173.298,173.31,861390000,8
1410867840000,1410868319000,173.31,173.445,173.293,173.403,969160000,8
1410868320000,1410868799000,173.402,173.484,173.398,173.409,1183590000,8
1410868800000,1410869279000,173.408,173.554,173.408,173.511,1212600000,8
1410869280000,1410869759000,173.51,173.526,173.452,173.485,1180100000,8
1410869760000,1410870239000,173.485,173.488,173.397,173.402,1173340000,8
1410870240000,1410870719000,173.405,173.455,173.376,173.455,1045330000,8
1410870720000,1410871199000,173.459,173.459,173.333,173.418,1590090000,8
1410871200000,1410871679000,173.418,173.492,173.403,173.432,1521830000,8
1410871680000,1410872159000,173.43,173.516,173.421,173.506,1034570000,8
1410872160000,1410872639000,173.506,173.546,173.464,173.528,1372290000,8
1410872640000,1410873119000,173.528,173.561,173.47,173.489,1241000000,8
1410873120000,1410873599000,173.492,173.577,173.437,173.573,1007990000,8
1410873600000,1410874079000,173.573,173.692,173.564,173.666,1340520000,8
1410874080000,1410874559000,173.667,173.791,173.643,173.785,1413610000,8
1410874560000,1410875039000,173.787,173.793,173.696,173.731,1241760000,8
1410875040000,1410875519000,173.731,173.769,173.705,173.747,1315580000,8
1410875520000,1410875999000,173.747,173.788,173.72,173.757,1379500000,8
1410876000000,1410876479000,173.757,173.786,173.716,173.771,1413180000,8
1410876480000,1410876959000,173.772,173.788,173.743,173.77,964520000,8
1410876960000,1410877439000,173.77,173.804,173.689,173.717,1324920000,8
1410877440000,1410877919000,173.719,173.784,173.708,173.76,1143200000,8
1410877920000,1410878399000,173.761,173.791,173.731,173.746,934970000,8
1410878400000,1410878879000,173.743,173.804,173.736,173.752,957460000,8
1410878880000,1410879359000,173.754,173.758,173.713,173.745,860660000,8
1410879360000,1410879839000,173.744,173.837,173.744,173.767,1233530000,8
1410879840000,1410880319000,173.767,173.786,173.723,173.741,980620000,8
1410880320000,1410880799000,173.741,173.863,173.736,173.83,1149070000,8
1410880800000,1410881279000,173.83,173.9,173.793,173.805,1014260000,8
1410881280000,1410881759000,173.803,173.841,173.765,173.82,980990000,8
1410881760000,1410882239000,173.823,173.849,173.791,173.813,930920000,8
1410882240000,1410882719000,173.814,173.905,173.79,173.866,1590930000,8
1410882720000,1410883199000,173.866,174.308,173.851,173.999,3124110000,8
1410883200000,1410883679000,173.996,174.15,173.962,174.131,2647510000,8
1410883680000,1410884159000,174.132,174.208,174.012,174.158,2220230000,8
1410884160000,1410884639000,174.159,174.193,174.088,174.162,1791140000,8
1410884640000,1410885119000,174.163,174.338,174.152,174.225,2282460000,8
1410885120000,1410885599000,174.229,174.292,174.167,174.222,1900680000,8
1410885600000,1410886079000,174.222,174.244,174.178,174.209,1160730000,8
1410886080000,1410886559000,174.211,174.29,174.151,174.189,1349440000,8
1410886560000,1410887039000,174.192,174.294,174.169,174.244,1009360000,8
1410887040000,1410887519000,174.241,174.393,174.233,174.354,1630650000,8
1410887520000,1410887999000,174.356,174.369,174.273,174.296,1069410000,8
1410888000000,1410888479000,174.296,174.303,174.254,174.286,694560000,8
1410888480000,1410888959000,174.291,174.33,174.271,174.298,678230000,8
1410888960000,1410889439000,174.294,174.342,174.287,174.324,896510000,8
1410889440000,1410889919000,174.324,174.344,174.258,174.28,737260000,8
1410889920000,1410890399000,174.278,174.315,174.264,174.298,451480000,8
1410890400000,1410890879000,174.297,174.3,174.265,174.284,722650000,8
1410890880000,1410891359000,174.284,174.398,174.278,174.364,570930000,8
1410891360000,1410891839000,174.364,174.373,174.347,174.347,414100000,8
1410891840000,1410892319000,174.347,174.43,174.346,174.411,459810000,8
1410892320000,1410892799000,174.41,174.428,174.358,174.375,578400000,8
1410892800000,1410893279000,174.375,174.386,174.353,174.369,379390000,8
1410893280000,1410893759000,174.372,174.389,174.358,174.381,488890000,8
1410893760000,1410894239000,174.381,174.45,174.378,174.447,629700000,8
1410894240000,1410894719000,174.446,174.446,174.405,174.42,622620000,8
1410894720000,1410895199000,174.42,174.464,174.404,174.428,656260000,8
1410895200000,1410895679000,174.427,174.462,174.406,174.428,521950000,8
1410895680000,1410896159000,174.428,174.434,174.403,174.417,456560000,8
1410896160000,1410896639000,174.419,174.421,174.383,174.409,291410000,8
1410896640000,1410897119000,174.412,174.433,174.399,174.408,219160000,8
1410897120000,1410897599000,174.408,174.473,174.06,174.413,2161940000,8
1410897600000,1410898079000,174.415,174.421,174.334,174.342,594260000,8
1410898080000,1410898559000,174.349,174.389,174.321,174.368,328270000,8
1410898560000,1410899039000,174.37,174.384,174.356,174.38,223540000,8
1410899040000,1410899519000,174.38,174.384,174.357,174.364,171350000,8
1410899520000,1410899999000,174.363,174.371,174.319,174.319,237630000,8
1410900000000,1410900479000,174.315,174.319,174.255,174.314,327640000,8
1410900480000,1410900959000,174.315,174.333,174.309,174.311,128220000,8
1410900960000,1410901439000,174.309,174.365,174.244,174.301,277650000,8
1410901440000,1410901919000,174.301,174.375,174.254,174.259,352260000,8
1410901920000,1410902399000,174.259,174.35,174.259,174.32,198600000,8
1410902400000,1410902879000,174.32,174.32,174.279,174.296,101570000,8
1410902880000,1410903359000,174.296,174.301,174.287,174.289,107490000,8
1410903360000,1410903839000,174.292,174.308,174.284,174.301,143340000,8
1410903840000,1410904319000,174.313,174.338,174.289,174.313,177320000,8
1410904320000,1410904799000,174.316,174.328,174.308,174.317,121010000,8
1410904800000,1410905279000,174.317,174.36,174.294,174.294,225610000,8
1410905280000,1410905759000,174.292,174.297,174.209,174.261,613880000,8
1410905760000,1410906239000,174.259,174.28,174.217,174.249,559960000,8
1410906240000,1410906719000,174.251,174.278,174.165,174.21,544930000,8
1410906720000,1410907199000,174.21,174.22,174.171,174.172,172660000,8
1410907200000,1410907679000,174.172,174.178,174.155,174.175,267730000,8
1410907680000,1410908159000,174.176,174.18,174.138,174.144,291320000,8
1410908160000,1410908639000,174.144,174.232,174.144,174.213,233740000,8
1410908640000,1410909119000,174.211,174.276,174.199,174.265,405800000,8
1410909120000,1410909599000,174.268,174.273,174.241,174.254,328110000,8
1410909600000,1410910079000,174.254,174.254,174.217,174.237,124190000,8
1410910080000,1410910559000,174.237,174.244,174.218,174.239,116160000,8
1410910560000,1410911039000,174.238,174.285,174.234,174.285,328950000,8
1410911040000,1410911519000,174.284,174.284,174.232,174.266,279030000,8
1410911520000,1410911999000,174.268,174.273,174.24,174.27,251180000,8
1410912000000,1410912479000,174.273,174.413,174.243,174.387,910710000,8
1410912480000,1410912959000,174.384,174.411,174.36,174.387,747570000,8
1410912960000,1410913439000,174.387,174.402,174.318,174.319,527390000,8
1410913440000,1410913919000,174.319,174.38,174.303,174.378,663020000,8
1410913920000,1410914399000,174.378,174.419,174.369,174.417,396210000,8
1410914400000,1410914879000,174.417,174.417,174.381,174.384,381570000,8
1410914880000,1410915359000,174.384,174.465,174.384,174.435,572740000,8
1410915360000,1410915839000,174.435,174.453,174.384,174.384,521720000,8
1410915840000,1410916319000,174.383,174.425,174.375,174.404,586780000,8
1410916320000,1410916799000,174.404,174.434,174.371,174.408,439070000,8
1410916800000,1410917279000,174.409,174.411,174.381,174.392,278190000,8
1410917280000,1410917759000,174.392,174.406,174.355,174.373,446680000,8
1410917760000,1410918239000,174.374,174.393,174.348,174.361,455230000,8
1410918240000,1410918719000,174.361,174.401,174.36,174.395,325200000,8
1410918720000,1410919199000,174.395,174.398,174.373,174.379,363200000,8
1410919200000,1410919679000,174.379,174.401,174.358,174.371,294170000,8
1410919680000,1410920159000,174.371,174.382,174.312,174.323,391820000,8
1410920160000,1410920639000,174.32,174.362,174.283,174.354,691170000,8
1410920640000,1410921119000,174.358,174.359,174.315,174.318,373120000,8
1410921120000,1410921599000,174.318,174.318,174.242,174.255,348250000,8
1410921600000,1410922079000,174.257,174.313,174.255,174.295,216460000,8
1410922080000,1410922559000,174.297,174.317,174.269,174.288,267850000,8
1410922560000,1410923039000,174.288,174.299,174.264,174.296,333490000,8
1410923040000,1410923519000,174.296,174.357,174.293,174.357,394510000,8
1410923520000,1410923999000,174.361,174.389,174.348,174.348,467720000,8
1410924000000,1410924479000,174.348,174.423,174.348,174.416,455140000,8
1410924480000,1410924959000,174.416,174.418,174.373,174.414,510900000,8
1410924960000,1410925439000,174.414,174.414,174.361,174.379,333430000,8
1410925440000,1410925919000,174.377,174.416,174.363,174.408,234020000,8
1410925920000,1410926399000,174.407,174.473,174.407,174.469,303590000,8
1410926400000,1410926879000,174.469,174.506,174.469,174.485,247240000,8
1410926880000,1410927359000,174.486,174.517,174.485,174.517,149330000,8
1410927360000,1410927839000,174.518,174.672,174.511,174.658,557700000,8
1410927840000,1410928319000,174.658,174.671,174.631,174.655,425660000,8
1410928320000,1410928799000,174.655,174.657,174.588,174.602,403190000,8
1410928800000,1410929279000,174.602,174.639,174.602,174.632,221710000,8
1410929280000,1410929759000,174.631,174.66,174.626,174.638,366220000,8
1410929760000,1410930239000,174.638,174.639,174.581,174.601,349060000,8
1410930240000,1410930719000,174.604,174.652,174.576,174.631,409350000,8
1410930720000,1410931199000,174.63,174.655,174.594,174.601,389150000,8
1410931200000,1410931679000,174.597,174.645,174.584,174.628,467370000,8
1410931680000,1410932159000,174.628,174.663,174.612,174.638,749660000,8
1410932160000,1410932639000,174.638,174.672,174.626,174.635,793930000,8
1410932640000,1410933119000,174.636,174.639,174.602,174.609,757750000,8
1410933120000,1410933599000,174.609,174.61,174.577,174.597,899180000,8
1410933600000,1410934079000,174.598,174.607,174.516,174.525,1064770000,8
1410934080000,1410934559000,174.523,174.624,174.519,174.597,860800000,8
1410934560000,1410935039000,174.597,174.609,174.541,174.602,952480000,8
1410935040000,1410935519000,174.602,174.682,174.57,174.68,1420630000,8
1410935520000,1410935999000,174.68,174.69,174.652,174.679,939030000,8
1410936000000,1410936479000,174.678,174.708,174.636,174.65,915610000,8
1410936480000,1410936959000,174.65,174.73,174.626,174.72,1342840000,8
1410936960000,1410937439000,174.72,174.752,174.677,174.708,993420000,8
1410937440000,1410937919000,174.708,174.81,174.646,174.773,1647510000,8
1410937920000,1410938399000,174.775,174.858,174.762,174.772,1939650000,8
1410938400000,1410938879000,174.773,174.816,174.714,174.792,1356990000,8
1410938880000,1410939359000,174.792,174.892,174.768,174.892,1215040000,8
1410939360000,1410939839000,174.893,174.934,174.874,174.893,1318180000,8
1410939840000,1410940319000,174.893,175.099,174.88,174.965,1837290000,8
1410940320000,1410940799000,174.967,174.991,174.928,174.945,1620920000,8
1410940800000,1410941279000,174.944,175.121,174.944,175.1,1938060000,8
1410941280000,1410941759000,175.097,175.101,175.008,175.058,1166030000,8
1410941760000,1410942239000,175.057,175.122,175.057,175.089,834570000,8
1410942240000,1410942719000,175.089,175.171,174.953,175.021,2078280000,8
1410942720000,1410943199000,175.019,175.019,174.767,174.849,2072550000,8
1410943200000,1410943679000,174.849,174.888,174.777,174.803,1272150000,8
1410943680000,1410944159000,174.803,174.866,174.698,174.731,1535310000,8
1410944160000,1410944639000,174.731,174.811,174.72,174.806,1492310000,8
1410944640000,1410945119000,174.806,174.857,174.775,174.857,1133760000,8
1410945120000,1410945599000,174.857,174.916,174.803,174.91,1189510000,8
1410945600000,1410946079000,174.913,174.958,174.819,174.835,1491710000,8
1410946080000,1410946559000,174.834,174.849,174.747,174.825,1515940000,8
1410946560000,1410947039000,174.825,174.869,174.783,174.815,1320190000,8
1410947040000,1410947519000,174.814,174.918,174.814,174.886,1462880000,8
1410947520000,1410947999000,174.886,174.998,174.882,174.959,1305620000,8
1410948000000,1410948479000,174.956,175.077,174.95,174.965,1074180000,8
1410948480000,1410948959000,174.969,174.981,174.884,174.887,1609640000,8
1410948960000,1410949439000,174.887,174.955,174.865,174.899,1207150000,8
1410949440000,1410949919000,174.899,174.927,174.869,174.912,1138380000,8
1410949920000,1410950399000,174.912,174.955,174.908,174.944,942660000,8
1410950400000,1410950879000,174.944,174.994,174.928,174.975,1001300000,8
1410950880000,1410951359000,174.975,175.009,174.963,174.985,940150000,8
1410951360000,1410951839000,174.984,175.015,174.943,175.004,1255860000,8
1410951840000,1410952319000,175.005,175.025,174.977,175.017,1187780000,8
1410952320000,1410952799000,175.015,175.11,175.013,175.098,948590000,8
1410952800000,1410953279000,175.098,175.136,175.084,175.129,966870000,8
1410953280000,1410953759000,175.131,175.15,175.073,175.073,1274670000,8
1410953760000,1410954239000,175.073,175.091,175.027,175.043,1008470000,8
1410954240000,1410954719000,175.043,175.125,175.007,175.113,981230000,8
1410954720000,1410955199000,175.114,175.167,175.076,175.136,951310000,8
1410955200000,1410955679000,175.139,175.228,175.127,175.188,1284870000,8
1410955680000,1410956159000,175.192,175.216,175.175,175.192,1099680000,8
1410956160000,1410956639000,175.192,175.207,175.144,175.179,1185880000,8
1410956640000,1410957119000,175.176,175.183,175.002,175.108,2151970000,8
1410957120000,1410957599000,175.108,175.238,175.082,175.152,2310670000,8
1410957600000,1410958079000,175.152,175.204,175.084,175.126,2041990000,8
1410958080000,1410958559000,175.126,175.175,175.062,175.096,1855630000,8
1410958560000,1410959039000,175.096,175.224,175.094,175.211,1487200000,8
1410959040000,1410959519000,175.215,175.232,175.166,175.186,1541350000,8
1410959520000,1410959999000,175.189,175.264,175.173,175.264,1195930000,8
1410960000000,1410960479000,175.263,175.268,175.217,175.243,1132140000,8
1410960480000,1410960959000,175.245,175.268,175.205,175.237,971500000,8
1410960960000,1410961439000,175.237,175.273,175.203,175.254,1446090000,8
1410961440000,1410961919000,175.254,175.315,175.232,175.284,1262110000,8
1410961920000,1410962399000,175.282,175.338,175.266,175.275,982600000,8
1410962400000,1410962879000,175.279,175.401,175.279,175.394,1522940000,8
1410962880000,1410963359000,175.394,175.519,175.368,175.509,1642950000,8
1410963360000,1410963839000,175.506,175.53,175.415,175.431,1481280000,8
1410963840000,1410964319000,175.431,175.493,175.429,175.467,1045630000,8
1410964320000,1410964799000,175.466,175.547,175.44,175.445,1469240000,8
1410964800000,1410965279000,175.445,175.446,175.241,175.247,1433090000,8
1410965280000,1410965759000,175.248,175.522,175.246,175.521,1338930000,8
1410965760000,1410966239000,175.521,175.577,175.352,175.448,2383760000,8
1410966240000,1410966719000,175.449,175.526,175.368,175.526,1280840000,8
1410966720000,1410967199000,175.526,175.569,175.452,175.467,1668150000,8
1410967200000,1410967679000,175.467,175.47,175.387,175.426,1309640000,8
1410967680000,1410968159000,175.427,175.567,175.417,175.555,1844760000,8
1410968160000,1410968639000,175.554,175.62,175.533,175.579,1192860000,8
1410968640000,1410969119000,175.576,175.734,175.555,175.622,1346750000,8
1410969120000,1410969599000,175.622,175.693,175.611,175.663,1147630000,8
1410969600000,1410970079000,175.662,175.722,175.662,175.717,898890000,8
1410970080000,1410970559000,175.717,175.717,175.573,175.622,1085640000,8
1410970560000,1410971039000,175.622,175.631,175.541,175.58,676360000,8
1410971040000,1410971519000,175.58,175.601,175.554,175.592,566790000,8
1410971520000,1410971999000,175.592,175.662,175.573,175.595,572050000,8
1410972000000,1410972479000,175.59,175.667,175.578,175.62,614360000,8
1410972480000,1410972959000,175.62,175.623,175.504,175.549,795350000,8
1410972960000,1410973439000,175.548,175.558,175.478,175.494,826820000,8
1410973440000,1410973919000,175.494,175.588,175.489,175.549,677010000,8
1410973920000,1410974399000,175.551,175.62,175.524,175.606,599200000,8
1410974400000,1410974879000,175.606,175.621,175.499,175.514,589020000,8
1410974880000,1410975359000,175.513,175.543,175.453,175.467,732050000,8
1410975360000,1410975839000,175.466,175.488,175.426,175.458,730050000,8
1410975840000,1410976319000,175.462,175.625,175.458,175.532,871270000,8
1410976320000,1410976799000,175.526,175.542,175.294,175.298,1394940000,8
1410976800000,1410977279000,175.298,175.976,175.191,175.784,4067850000,8
1410977280000,1410977759000,175.784,175.961,175.784,175.942,3067200000,8
1410977760000,1410978239000,175.935,175.967,175.678,175.782,2706500000,8
1410978240000,1410978719000,175.782,175.896,175.751,175.793,2421480000,8
1410978720000,1410979199000,175.795,175.827,175.651,175.771,2892480000,8
1410979200000,1410979679000,175.769,175.941,175.757,175.861,2753580000,8
1410979680000,1410980159000,175.858,175.918,175.791,175.884,2180600000,8
1410980160000,1410980639000,175.885,175.973,175.817,175.95,2016160000,8
1410980640000,1410981119000,175.95,175.988,175.91,175.941,1673960000,8
1410981120000,1410981599000,175.938,175.997,175.872,175.932,1822930000,8
1410981600000,1410982079000,175.93,176.216,175.884,176.163,3028370000,8
1410982080000,1410982559000,176.163,176.208,176.029,176.034,2702260000,8
1410982560000,1410983039000,176.037,176.193,176.012,176.155,2126150000,8
1410983040000,1410983519000,176.156,176.22,176.094,176.133,2297460000,8
1410983520000,1410983999000,176.133,176.203,176.095,176.182,1342500000,8
1410984000000,1410984479000,176.182,176.281,176.161,176.277,924960000,8
1410984480000,1410984959000,176.277,176.3,176.257,176.298,389060000,8
1410984960000,1410985439000,176.296,176.446,176.286,176.354,635880000,8
1410985440000,1410985919000,176.354,176.354,176.195,176.22,613940000,8
1410985920000,1410986399000,176.22,176.277,176.194,176.23,717250000,8
1410986400000,1410986879000,176.228,176.32,176.226,176.3,660850000,8
1410986880000,1410987359000,176.3,176.374,176.29,176.373,468970000,8
1410987360000,1410987839000,176.375,176.409,176.224,176.308,423250000,8
1410987840000,1410988319000,176.306,176.322,176.267,176.267,294290000,8
1410988320000,1410988799000,176.268,176.348,176.219,176.297,491820000,8
1410988800000,1410989279000,176.304,176.304,176.217,176.233,380200000,8
1410989280000,1410989759000,176.233,176.297,176.229,176.296,222260000,8
1410989760000,1410990239000,176.296,176.456,176.156,176.375,827590000,8
1410990240000,1410990719000,176.375,176.558,176.353,176.472,891720000,8
1410990720000,1410991199000,176.505,176.511,176.312,176.366,550760000,8
1410991200000,1410991679000,176.359,176.378,176.299,176.361,489250000,8
1410991680000,1410992159000,176.361,176.382,176.352,176.368,607760000,8
1410992160000,1410992639000,176.367,176.378,176.314,176.314,491390000,8
1410992640000,1410993119000,176.322,176.423,176.294,176.352,538950000,8
1410993120000,1410993599000,176.352,176.398,176.349,176.393,542370000,8
1410993600000,1410994079000,176.393,176.418,176.341,176.348,251280000,8
1410994080000,1410994559000,176.347,176.474,176.317,176.47,688010000,8
1410994560000,1410995039000,176.47,176.47,176.409,176.419,425950000,8
1410995040000,1410995519000,176.421,176.49,176.416,176.462,541510000,8
1410995520000,1410995999000,176.463,176.576,176.463,176.564,641970000,8
1410996000000,1410996479000,176.564,176.674,176.551,176.648,755300000,8
1410996480000,1410996959000,176.652,176.708,176.616,176.644,544700000,8
1410996960000,1410997439000,176.644,176.665,176.591,176.626,613910000,8
1410997440000,1410997919000,176.625,176.641,176.501,176.501,584420000,8
1410997920000,1410998399000,176.503,176.565,176.457,176.561,644560000,8
1410998400000,1410998879000,176.564,176.571,176.345,176.354,1278200000,8
1410998880000,1410999359000,176.355,176.361,176.213,176.251,1225870000,8
1410999360000,1410999839000,176.251,176.345,176.238,176.273,1394640000,8
1410999840000,1411000319000,176.274,176.303,176.217,176.217,726690000,8
1411000320000,1411000799000,176.221,176.289,176.218,176.256,656910000,8
1411000800000,1411001279000,176.258,176.352,176.255,176.34,503210000,8
1411001280000,1411001759000,176.34,176.424,176.33,176.373,797080000,8
1411001760000,1411002239000,176.371,176.404,176.34,176.395,948950000,8
1411002240000,1411002719000,176.397,176.453,176.371,176.411,716550000,8
1411002720000,1411003199000,176.41,176.495,176.376,176.49,1258590000,8
1411003200000,1411003679000,176.495,176.618,176.457,176.609,1086080000,8
1411003680000,1411004159000,176.606,176.622,176.505,176.598,745940000,8
1411004160000,1411004639000,176.598,176.604,176.512,176.551,821930000,8
1411004640000,1411005119000,176.552,176.572,176.475,176.531,789690000,8
1411005120000,1411005599000,176.533,176.577,176.525,176.558,611280000,8
1411005600000,1411006079000,176.558,176.603,176.544,176.56,612950000,8
1411006080000,1411006559000,176.56,176.648,176.554,176.638,487970000,8
1411006560000,1411007039000,176.639,176.711,176.638,176.659,1012770000,8
1411007040000,1411007519000,176.661,176.688,176.639,176.681,515290000,8
1411007520000,1411007999000,176.681,176.684,176.612,176.612,820690000,8
1411008000000,1411008479000,176.612,176.698,176.573,176.682,1022780000,8
1411008480000,1411008959000,176.681,176.702,176.629,176.629,725600000,8
1411008960000,1411009439000,176.629,176.678,176.624,176.661,600520000,8
1411009440000,1411009919000,176.661,176.691,176.618,176.66,749680000,8
1411009920000,1411010399000,176.66,176.67,176.59,176.601,423380000,8
1411010400000,1411010879000,176.601,176.646,176.597,176.63,451630000,8
1411010880000,1411011359000,176.628,176.652,176.525,176.533,829550000,8
1411011360000,1411011839000,176.533,176.636,176.519,176.618,662740000,8
1411011840000,1411012319000,176.621,176.647,176.587,176.637,576730000,8
1411012320000,1411012799000,176.637,176.759,176.637,176.73,868780000,8
1411012800000,1411013279000,176.73,176.89,176.706,176.853,1145920000,8
1411013280000,1411013759000,176.853,176.867,176.785,176.797,760080000,8
1411013760000,1411014239000,176.797,176.863,176.789,176.79,573030000,8
1411014240000,1411014719000,176.788,176.788,176.71,176.738,799290000,8
1411014720000,1411015199000,176.738,176.756,176.704,176.739,596350000,8
1411015200000,1411015679000,176.742,176.865,176.742,176.823,885500000,8
1411015680000,1411016159000,176.823,176.872,176.821,176.842,539100000,8
1411016160000,1411016639000,176.842,176.846,176.807,176.813,462970000,8
1411016640000,1411017119000,176.814,176.963,176.811,176.96,877360000,8
1411017120000,1411017599000,176.96,176.96,176.855,176.87,836890000,8
1411017600000,1411018079000,176.87,176.926,176.856,176.906,644890000,8
1411018080000,1411018559000,176.907,177.57,176.9,177.541,2104710000,8
1411018560000,1411019039000,177.541,177.669,177.462,177.6,2061910000,8
1411019040000,1411019519000,177.6,177.673,177.523,177.523,1150180000,8
1411019520000,1411019999000,177.523,177.578,177.407,177.491,1565820000,8
1411020000000,1411020479000,177.492,177.507,177.364,177.371,1152610000,8
1411020480000,1411020959000,177.371,177.394,177.217,177.258,1511790000,8
1411020960000,1411021439000,177.259,177.27,177.004,177.004,1818010000,8
1411021440000,1411021919000,177.004,177.105,176.965,177.098,1436250000,8
1411021920000,1411022399000,177.1,177.268,177.1,177.204,1367700000,8
1411022400000,1411022879000,177.204,177.204,177.047,177.053,1487980000,8
1411022880000,1411023359000,177.055,177.14,176.992,177.102,1772430000,8
1411023360000,1411023839000,177.106,177.116,177.004,177.108,1704370000,8
1411023840000,1411024319000,177.108,177.204,176.996,177.04,2161910000,8
1411024320000,1411024799000,177.04,177.158,176.934,177.045,2228350000,8
1411024800000,1411025279000,177.045,177.091,176.952,176.969,1738550000,8
1411025280000,1411025759000,176.969,177.044,176.922,177.024,2113710000,8
1411025760000,1411026239000,177.024,177.164,176.987,177.052,1279260000,8
1411026240000,1411026719000,177.052,177.089,176.967,177.018,1366750000,8
1411026720000,1411027199000,177.018,177.055,176.874,176.887,1778160000,8
1411027200000,1411027679000,176.887,177.014,176.887,176.996,1347280000,8
1411027680000,1411028159000,176.997,177.073,176.954,177.053,1094170000,8
1411028160000,1411028639000,177.053,177.089,177.008,177.034,1214530000,8
1411028640000,1411029119000,177.034,177.101,176.898,176.946,1803850000,8
1411029120000,1411029599000,176.946,177.078,176.912,177.045,1352670000,8
1411029600000,1411030079000,177.045,177.093,177.031,177.087,1517580000,8
1411030080000,1411030559000,177.087,177.087,177.024,177.055,1157750000,8
1411030560000,1411031039000,177.058,177.143,176.947,177.074,2388320000,8
1411031040000,1411031519000,177.074,177.186,177.073,177.098,1063090000,8
1411031520000,1411031999000,177.094,177.197,177.043,177.163,1961000000,8
1411032000000,1411032479000,177.15,177.34,177.108,177.275,2827070000,8
1411032480000,1411032959000,177.277,177.302,177.123,177.159,2232990000,8
1411032960000,1411033439000,177.159,177.2,177.102,177.176,1917090000,8
1411033440000,1411033919000,177.174,177.232,177.13,177.22,1228880000,8
1411033920000,1411034399000,177.22,177.297,177.145,177.184,1492610000,8
1411034400000,1411034879000,177.184,177.253,177.142,177.202,1714440000,8
1411034880000,1411035359000,177.202,177.222,177.145,177.208,1120690000,8
1411035360000,1411035839000,177.208,177.236,177.185,177.212,1125210000,8
1411035840000,1411036319000,177.212,177.272,177.191,177.264,1048010000,8
1411036320000,1411036799000,177.268,177.359,177.252,177.345,1308440000,8
1411036800000,1411037279000,177.345,177.49,177.296,177.439,1886200000,8
1411037280000,1411037759000,177.438,177.499,177.368,177.499,1567730000,8
1411037760000,1411038239000,177.499,177.546,177.458,177.5,1392630000,8
1411038240000,1411038719000,177.499,177.545,177.466,177.489,1308420000,8
1411038720000,1411039199000,177.493,177.519,177.428,177.484,1012970000,8
1411039200000,1411039679000,177.484,177.567,177.465,177.533,1098280000,8
1411039680000,1411040159000,177.533,177.64,177.523,177.592,1058670000,8
1411040160000,1411040639000,177.592,177.687,177.54,177.661,1161190000,8
1411040640000,1411041119000,177.663,177.682,177.578,177.621,1190210000,8
1411041120000,1411041599000,177.623,177.729,177.615,177.706,1029920000,8
1411041600000,1411042079000,177.707,177.766,177.652,177.764,1061650000,8
1411042080000,1411042559000,177.764,177.796,177.707,177.71,1040310000,8
1411042560000,1411043039000,177.71,177.95,177.658,177.938,1509740000,8
1411043040000,1411043519000,177.943,178.296,177.929,178.188,2575120000,8
1411043520000,1411043999000,178.187,178.256,178.153,178.192,2056120000,8
1411044000000,1411044479000,178.191,178.211,178.031,178.128,1945640000,8
1411044480000,1411044959000,178.128,178.154,178.049,178.143,1610020000,8
1411044960000,1411045439000,178.155,178.214,178.089,178.105,1869110000,8
1411045440000,1411045919000,178.105,178.151,178.075,178.103,1136270000,8
1411045920000,1411046399000,178.104,178.109,177.989,177.995,1374130000,8
1411046400000,1411046879000,177.995,178.069,177.918,178.031,1186560000,8
1411046880000,1411047359000,178.033,178.101,178.024,178.062,1322090000,8
1411047360000,1411047839000,178.062,178.12,178.023,178.058,1443430000,8
1411047840000,1411048319000,178.058,178.086,178.015,178.081,1311090000,8
1411048320000,1411048799000,178.081,178.261,178.069,178.228,1727470000,8
1411048800000,1411049279000,178.227,178.32,178.193,178.249,1971980000,8
1411049280000,1411049759000,178.249,178.338,178.228,178.337,1592760000,8
1411049760000,1411050239000,178.337,178.366,178.222,178.276,1985100000,8
1411050240000,1411050719000,178.276,178.32,178.202,178.258,2526440000,8
1411050720000,1411051199000,178.261,178.338,178.112,178.153,2659000000,8
1411051200000,1411051679000,178.153,178.21,178.086,178.174,1925790000,8
1411051680000,1411052159000,178.175,178.189,178.083,178.105,1696500000,8
1411052160000,1411052639000,178.103,178.106,177.98,178.002,1592960000,8
1411052640000,1411053119000,178.002,178.031,177.92,177.92,1513180000,8
1411053120000,1411053599000,177.92,177.935,177.778,177.804,1370040000,8
1411053600000,1411054079000,177.805,177.92,177.764,177.801,1469200000,8
1411054080000,1411054559000,177.804,177.868,177.706,177.859,1882160000,8
1411054560000,1411055039000,177.858,177.982,177.849,177.95,1014140000,8
1411055040000,1411055519000,177.95,178.009,177.92,177.941,1060470000,8
1411055520000,1411055999000,177.94,178.057,177.919,177.923,1905290000,8
1411056000000,1411056479000,177.926,177.981,177.885,177.916,978640000,8
1411056480000,1411056959000,177.916,177.937,177.85,177.864,840820000,8
1411056960000,1411057439000,177.864,177.981,177.82,177.98,669960000,8
1411057440000,1411057919000,177.978,178.095,177.969,178.09,707880000,8
1411057920000,1411058399000,178.09,178.313,178.09,178.26,895800000,8
1411058400000,1411058879000,178.26,178.26,178.162,178.183,547660000,8
1411058880000,1411059359000,178.183,178.183,178.029,178.056,645400000,8
1411059360000,1411059839000,178.056,178.073,177.99,177.991,658370000,8
1411059840000,1411060319000,177.993,178.056,177.969,178.011,485830000,8
1411060320000,1411060799000,178.01,178.079,178.01,178.046,359390000,8
1411060800000,1411061279000,178.046,178.087,178.0,178.048,453550000,8
1411061280000,1411061759000,178.05,178.05,177.936,177.951,568270000,8
1411061760000,1411062239000,177.953,178.003,177.896,177.999,273450000,8
1411062240000,1411062719000,177.999,178.016,177.957,177.957,215330000,8
1411062720000,1411063199000,177.957,178.02,177.95,178.0,549280000,8
1411063200000,1411063679000,177.999,178.0,177.907,177.938,511720000,8
1411063680000,1411064159000,177.941,177.98,177.934,177.962,404170000,8
1411064160000,1411064639000,177.96,177.963,177.878,177.955,453890000,8
1411064640000,1411065119000,177.955,177.956,177.905,177.908,274880000,8
1411065120000,1411065599000,177.908,177.93,177.896,177.928,169530000,8
1411065600000,1411066079000,177.928,177.998,177.928,177.979,348190000,8
1411066080000,1411066559000,177.979,177.986,177.949,177.982,432040000,8
1411066560000,1411067039000,177.982,178.106,177.978,178.093,605090000,8
1411067040000,1411067519000,178.093,178.176,178.086,178.148,292960000,8
1411067520000,1411067999000,178.148,178.151,178.083,178.095,393950000,8
1411068000000,1411068479000,178.096,178.169,178.086,178.106,315690000,8
1411068480000,1411068959000,178.11,178.123,178.069,178.112,358960000,8
1411068960000,1411069439000,178.111,178.123,178.087,178.091,293720000,8
1411069440000,1411069919000,178.087,178.096,178.032,178.081,334520000,8
1411069920000,1411070399000,178.079,178.148,178.062,178.083,588580000,8
1411070400000,1411070879000,178.081,178.106,178.03,178.041,357020000,8
1411070880000,1411071359000,178.041,178.062,178.03,178.052,267260000,8
1411071360000,1411071839000,178.054,178.054,177.973,177.977,171310000,8
1411071840000,1411072319000,177.978,178.052,177.969,178.046,332320000,8
1411072320000,1411072799000,178.048,178.067,177.925,177.946,528020000,8
1411072800000,1411073279000,177.946,178.253,177.946,178.141,734490000,8
1411073280000,1411073759000,178.154,178.269,178.134,178.226,499970000,8
1411073760000,1411074239000,178.226,178.233,178.095,178.204,441320000,8
1411074240000,1411074719000,178.204,178.276,178.169,178.176,560890000,8
1411074720000,1411075199000,178.176,178.235,178.132,178.184,279560000,8
1411075200000,1411075679000,178.184,178.276,178.076,178.161,428800000,8
1411075680000,1411076159000,178.16,178.593,178.146,178.566,1081910000,8
1411076160000,1411076639000,178.568,178.978,178.538,178.95,1073200000,8
1411076640000,1411077119000,178.94,178.94,178.79,178.812,722700000,8
1411077120000,1411077599000,178.812,178.872,178.774,178.779,573640000,8
1411077600000,1411078079000,178.78,178.83,178.463,178.583,1038560000,8
1411078080000,1411078559000,178.583,178.848,178.564,178.741,1244220000,8
1411078560000,1411079039000,178.741,178.787,178.608,178.626,944520000,8
1411079040000,1411079519000,178.627,178.793,178.613,178.759,679520000,8
1411079520000,1411079999000,178.759,178.759,178.708,178.754,489420000,8
1411080000000,1411080479000,178.753,178.828,178.726,178.828,680810000,8
1411080480000,1411080959000,178.835,178.907,178.79,178.835,832270000,8
1411080960000,1411081439000,178.835,178.836,178.663,178.69,836100000,8
1411081440000,1411081919000,178.69,178.856,178.615,178.76,864130000,8
1411081920000,1411082399000,178.759,178.811,178.734,178.757,534270000,8
1411082400000,1411082879000,178.757,178.856,178.754,178.839,536530000,8
1411082880000,1411083359000,178.839,178.911,178.707,178.769,776270000,8
1411083360000,1411083839000,178.772,178.812,178.708,178.717,745200000,8
1411083840000,1411084319000,178.717,178.725,178.653,178.723,597590000,8
1411084320000,1411084799000,178.723,178.895,178.697,178.703,1146540000,8
1411084800000,1411085279000,178.708,178.769,178.662,178.722,1066150000,8
1411085280000,1411085759000,178.719,178.85,178.673,178.759,932210000,8
1411085760000,1411086239000,178.759,178.852,178.716,178.717,878560000,8
1411086240000,1411086719000,178.718,179.039,178.671,178.977,1579830000,8
1411086720000,1411087199000,178.978,179.053,178.927,178.984,1180010000,8
1411087200000,1411087679000,178.984,179.43,178.971,179.414,1786380000,8
1411087680000,1411088159000,179.42,179.602,179.373,179.391,2053270000,8
1411088160000,1411088639000,179.392,179.7,179.38,179.685,1744890000,8
1411088640000,1411089119000,179.685,180.063,179.682,180.035,2432700000,8
1411089120000,1411089599000,180.037,180.273,180.037,180.27,2334540000,8
1411089600000,1411090079000,180.272,180.396,180.224,180.348,1678080000,8
1411090080000,1411090559000,180.35,180.64,180.329,180.578,2036800000,8
1411090560000,1411091039000,180.578,180.708,180.528,180.635,2182280000,8
1411091040000,1411091519000,180.635,180.635,180.049,180.143,1636840000,8
1411091520000,1411091999000,180.143,180.251,180.027,180.098,1968690000,8
1411092000000,1411092479000,180.098,180.22,179.903,180.143,2117640000,8
1411092480000,1411092959000,180.143,180.314,180.063,180.225,1556910000,8
1411092960000,1411093439000,180.228,180.245,180.065,180.155,1367970000,8
1411093440000,1411093919000,180.155,180.216,180.107,180.159,1153880000,8
1411093920000,1411094399000,180.159,180.188,179.883,180.109,1769610000,8
1411094400000,1411094879000,180.104,180.22,180.104,180.177,1103910000,8
1411094880000,1411095359000,180.177,180.302,179.964,180.087,1577950000,8
1411095360000,1411095839000,180.083,180.117,179.866,179.866,1251840000,8
1411095840000,1411096319000,179.87,180.004,179.733,179.97,1787180000,8
1411096320000,1411096799000,179.969,180.295,179.894,180.214,1566130000,8
1411096800000,1411097279000,180.214,180.419,180.195,180.329,1754310000,8
1411097280000,1411097759000,180.327,180.545,180.257,180.452,1740710000,8
1411097760000,1411098239000,180.452,180.472,180.315,180.317,1549910000,8
1411098240000,1411098719000,180.318,180.424,180.27,180.379,1466210000,8
1411098720000,1411099199000,180.377,180.544,180.298,180.408,1951130000,8
1411099200000,1411099679000,180.408,180.418,180.158,180.185,1311160000,8
1411099680000,1411100159000,180.185,180.258,180.002,180.258,1535580000,8
1411100160000,1411100639000,180.255,180.366,180.05,180.096,1420020000,8
1411100640000,1411101119000,180.098,180.17,180.007,180.094,993330000,8
1411101120000,1411101599000,180.094,180.154,180.07,180.108,895110000,8
1411101600000,1411102079000,180.106,180.106,179.878,179.9,1176500000,8
1411102080000,1411102559000,179.9,179.9,179.571,179.773,1778270000,8
1411102560000,1411103039000,179.778,179.882,179.715,179.751,1386340000,8
1411103040000,1411103519000,179.745,179.783,179.582,179.583,1172400000,8
1411103520000,1411103999000,179.582,179.622,179.342,179.343,1642190000,8
1411104000000,1411104479000,179.341,179.515,179.193,179.442,1971220000,8
1411104480000,1411104959000,179.442,179.5,179.383,179.497,1371350000,8
1411104960000,1411105439000,179.496,179.588,179.481,179.554,1802550000,8
1411105440000,1411105919000,179.555,179.823,179.529,179.823,1708810000,8
1411105920000,1411106399000,179.823,179.857,179.738,179.789,1902720000,8
1411106400000,1411106879000,179.787,179.87,179.621,179.696,2082920000,8
1411106880000,1411107359000,179.696,179.696,179.59,179.603,1164010000,8
1411107360000,1411107839000,179.603,179.611,179.439,179.525,1513770000,8
1411107840000,1411108319000,179.524,179.526,179.305,179.424,1559440000,8
1411108320000,1411108799000,179.424,179.486,179.407,179.444,989600000,8
1411108800000,1411109279000,179.445,179.666,179.445,179.666,1313400000,8
1411109280000,1411109759000,179.668,179.682,179.605,179.673,1254190000,8
1411109760000,1411110239000,179.674,179.704,179.535,179.546,1356110000,8
1411110240000,1411110719000,179.547,179.581,179.449,179.548,1143820000,8
1411110720000,1411111199000,179.549,179.712,179.465,179.477,1475460000,8
1411111200000,1411111679000,179.48,179.647,179.468,179.629,1683980000,8
1411111680000,1411112159000,179.627,179.687,179.55,179.559,1081610000,8
1411112160000,1411112639000,179.559,179.637,179.466,179.531,1437700000,8
1411112640000,1411113119000,179.531,179.621,179.494,179.543,1548840000,8
1411113120000,1411113599000,179.553,179.68,179.519,179.665,1819840000,8
1411113600000,1411114079000,179.663,179.678,179.539,179.541,1257320000,8
1411114080000,1411114559000,179.541,179.567,179.442,179.472,1739720000,8
1411114560000,1411115039000,179.471,179.497,179.408,179.408,1703110000,8
1411115040000,1411115519000,179.408,179.408,179.159,179.172,2290470000,8
1411115520000,1411115999000,179.172,179.197,178.864,178.901,2490340000,8
1411116000000,1411116479000,178.901,178.901,178.599,178.651,2969060000,8
1411116480000,1411116959000,178.651,178.651,178.102,178.284,3478690000,8
1411116960000,1411117439000,178.284,178.458,178.273,178.365,2761110000,8
1411117440000,1411117919000,178.364,178.483,178.3,178.46,2319000000,8
1411117920000,1411118399000,178.461,178.478,178.292,178.374,1761990000,8
1411118400000,1411118879000,178.374,178.545,178.313,178.544,1935020000,8
1411118880000,1411119359000,178.538,178.673,178.536,178.584,1524680000,8
1411119360000,1411119839000,178.584,178.603,178.481,178.507,1291300000,8
1411119840000,1411120319000,178.507,178.556,178.474,178.531,1505940000,8
1411120320000,1411120799000,178.534,178.572,178.482,178.544,1420660000,8
1411120800000,1411121279000,178.544,178.551,178.392,178.423,1646300000,8
1411121280000,1411121759000,178.414,178.433,178.346,178.401,1552250000,8
1411121760000,1411122239000,178.402,178.499,178.396,178.48,987870000,8
1411122240000,1411122719000,178.48,178.519,178.32,178.343,1349910000,8
1411122720000,1411123199000,178.343,178.386,178.287,178.373,1298560000,8
1411123200000,1411123679000,178.374,178.374,178.3,178.326,961020000,8
1411123680000,1411124159000,178.326,178.389,178.298,178.386,1238440000,8
1411124160000,1411124639000,178.389,178.509,178.38,178.448,1500190000,8
1411124640000,1411125119000,178.448,178.453,178.327,178.418,1002560000,8
1411125120000,1411125599000,178.418,178.456,178.317,178.322,1099490000,8
1411125600000,1411126079000,178.322,178.338,178.203,178.264,1067610000,8
1411126080000,1411126559000,178.263,178.274,178.07,178.199,1786450000,8
1411126560000,1411127039000,178.195,178.252,178.153,178.23,1467310000,8
1411127040000,1411127519000,178.229,178.283,177.983,178.027,1181460000,8
1411127520000,1411127999000,178.031,178.062,177.671,177.673,2387290000,8
1411128000000,1411128479000,177.672,177.771,177.627,177.727,2118890000,8
1411128480000,1411128959000,177.729,177.8,177.552,177.747,2535320000,8
1411128960000,1411129439000,177.747,177.862,177.705,177.862,1280100000,8
1411129440000,1411129919000,177.862,177.91,177.812,177.894,1676670000,8
1411129920000,1411130399000,177.889,177.965,177.83,177.92,1833590000,8
1411130400000,1411130879000,177.918,177.925,177.8,177.839,1560550000,8
1411130880000,1411131359000,177.837,177.838,177.708,177.828,2195080000,8
1411131360000,1411131839000,177.823,177.881,177.731,177.793,1768970000,8
1411131840000,1411132319000,177.802,177.846,177.787,177.803,1726990000,8
1411132320000,1411132799000,177.803,177.813,177.682,177.688,1745430000,8
1411132800000,1411133279000,177.688,177.843,177.68,177.836,1309510000,8
1411133280000,1411133759000,177.836,177.873,177.704,177.709,1126260000,8
1411133760000,1411134239000,177.71,177.806,177.687,177.775,1033240000,8
1411134240000,1411134719000,177.775,177.831,177.758,177.822,1401180000,8
1411134720000,1411135199000,177.824,177.886,177.793,177.825,1730530000,8
1411135200000,1411135679000,177.825,177.828,177.721,177.815,2017600000,8
1411135680000,1411136159000,177.815,177.9,177.805,177.884,1499200000,8
1411136160000,1411136639000,177.884,177.936,177.6,177.615,1833300000,8
1411136640000,1411137119000,177.619,177.713,177.613,177.653,1722590000,8
1411137120000,1411137599000,177.653,177.707,177.548,177.676,1773810000,8
1411137600000,1411138079000,177.675,177.78,177.675,177.749,1715940000,8
1411138080000,1411138559000,177.749,177.871,177.749,177.823,1833030000,8
1411138560000,1411139039000,177.823,177.835,177.65,177.697,2084660000,8
1411139040000,1411139519000,177.697,177.809,177.692,177.78,1398450000,8
1411139520000,1411139999000,177.777,177.836,177.74,177.828,1829730000,8
1411140000000,1411140479000,177.827,177.845,177.763,177.774,972840000,8
1411140480000,1411140959000,177.774,177.838,177.657,177.695,1569120000,8
1411140960000,1411141439000,177.696,177.718,177.61,177.661,1395240000,8
1411141440000,1411141919000,177.659,177.774,177.64,177.717,1123530000,8
1411141920000,1411142399000,177.717,177.806,177.685,177.742,973300000,8
1411142400000,1411142879000,177.742,177.757,177.648,177.653,724320000,8
1411142880000,1411143359000,177.651,177.699,177.63,177.693,691250000,8
1411143360000,1411143839000,177.693,177.8,177.681,177.715,864990000,8
1411143840000,1411144319000,177.715,177.798,177.715,177.769,658710000,8
1411144320000,1411144799000,177.767,177.767,177.644,177.648,799970000,8
1411144800000,1411145279000,177.645,177.676,177.588,177.637,631500000,8
1411145280000,1411145759000,177.638,177.695,177.624,177.66,593480000,8
1411145760000,1411146239000,177.662,177.662,177.566,177.615,753580000,8
1411146240000,1411146719000,177.615,177.623,177.571,177.58,496900000,8
1411146720000,1411147199000,177.58,177.628,177.548,177.606,678950000,8
1411147200000,1411147679000,177.607,177.746,177.578,177.746,558460000,8
1411147680000,1411148159000,177.747,177.761,177.726,177.756,468380000,8
1411148160000,1411148639000,177.758,177.781,177.684,177.686,528960000,8
1411148640000,1411149119000,177.686,177.75,177.684,177.735,424390000,8
1411149120000,1411149599000,177.735,177.763,177.701,177.701,501770000,8
1411149600000,1411150079000,177.704,177.729,177.677,177.694,361150000,8
1411150080000,1411150559000,177.696,177.701,177.627,177.635,349300000,8
1411150560000,1411151039000,177.637,177.708,177.635,177.7,302000000,8
1411151040000,1411151519000,177.7,177.728,177.687,177.693,398670000,8
1411151520000,1411151999000,177.693,177.716,177.663,177.704,340700000,8
1411152000000,1411152479000,177.708,177.723,177.679,177.708,418430000,8
1411152480000,1411152959000,177.709,177.723,177.691,177.707,206730000,8
1411152960000,1411153439000,177.708,177.746,177.673,177.676,426760000,8
1411153440000,1411153919000,177.676,177.69,177.661,177.664,355540000,8
1411153920000,1411154399000,177.663,177.689,177.658,177.674,381860000,8
1411154400000,1411154879000,177.668,177.689,177.66,177.675,326590000,8
1411154880000,1411155359000,177.678,177.692,177.653,177.664,294460000,8
1411155360000,1411155839000,177.664,177.7,177.653,177.694,392670000,8
1411155840000,1411156319000,177.698,177.706,177.628,177.634,366580000,8
1411156320000,1411156799000,177.634,177.658,177.563,177.567,917480000,8
1411156800000,1411157279000,177.567,177.571,177.503,177.507,677960000,8
1411157280000,1411157759000,177.509,177.528,177.462,177.493,659180000,8
1411157760000,1411158239000,177.496,177.585,177.496,177.566,358400000,8
1411158240000,1411158719000,177.567,177.595,177.503,177.538,331060000,8
1411158720000,1411159199000,177.538,177.56,177.5,177.533,446560000,8
1411159200000,1411159679000,177.531,177.587,177.5,177.583,455550000,8
1411159680000,1411160159000,177.583,177.659,177.528,177.541,497090000,8
1411160160000,1411160639000,177.541,177.608,177.518,177.543,382200000,8
1411160640000,1411161119000,177.543,177.543,177.543,177.543,0,8
1411161120000,1411161599000,177.543,177.543,177.543,177.543,0,8
1411161600000,1411162079000,177.543,177.543,177.543,177.543,0,8
1411162080000,1411162559000,177.543,177.543,177.543,177.543,0,8
1411162560000,1411163039000,177.543,177.543,177.543,177.543,0,8
1411163040000,1411163519000,177.543,177.543,177.543,177.543,0,8
1411163520000,1411163999000,177.543,177.543,177.543,177.543,0,8
1411164000000,1411164479000,177.543,177.543,177.543,177.543,0,8
1411164480000,1411164959000,177.543,177.543,177.543,177.543,0,8
1411164960000,1411165439000,177.543,177.543,177.543,177.543,0,8
1411165440000,1411165919000,177.543,177.543,177.543,177.543,0,8
1411165920000,1411166399000,177.543,177.543,177.543,177.543,0,8
1411166400000,1411166879000,177.543,177.543,177.543,177.543,0,8
1411166880000,1411167359000,177.543,177.543,177.543,177.543,0,8
1411167360000,1411167839000,177.543,177.543,177.543,177.543,0,8
1411167840000,1411168319000,177.543,177.543,177.543,177.543,0,8
1411168320000,1411168799000,177.543,177.543,177.543,177.543,0,8
1411168800000,1411169279000,177.543,177.543,177.543,177.543,0,8
1411169280000,1411169759000,177.543,177.543,177.543,177.543,0,8
1411169760000,1411170239000,177.543,177.543,177.543,177.543,0,8
1411170240000,1411170719000,177.543,177.543,177.543,177.543,0,8
1411170720000,1411171199000,177.543,177.543,177.543,177.543,0,8
1411333440000,1411333919000,178.044,178.34,177.985,178.243,865860000,8
1411333920000,1411334399000,178.237,178.239,177.994,178.006,453620000,8
1411334400000,1411334879000,178.006,178.009,177.587,177.633,374990000,8
1411334880000,1411335359000,177.632,177.643,177.608,177.643,162250000,8
1411335360000,1411335839000,177.643,177.644,177.593,177.623,93500000,8
1411335840000,1411336319000,177.626,177.633,177.592,177.596,136670000,8
1411336320000,1411336799000,177.597,177.603,177.567,177.591,166790000,8
1411336800000,1411337279000,177.592,177.616,177.528,177.547,316990000,8
1411337280000,1411337759000,177.553,177.615,177.54,177.582,484780000,8
1411337760000,1411338239000,177.582,177.595,177.529,177.577,304040000,8
1411338240000,1411338719000,177.577,177.614,177.572,177.602,162670000,8
1411338720000,1411339199000,177.602,177.602,177.545,177.545,115050000,8
1411339200000,1411339679000,177.545,177.611,177.544,177.584,138500000,8
1411339680000,1411340159000,177.578,177.66,177.578,177.66,153420000,8
1411340160000,1411340639000,177.66,177.823,177.658,177.798,363520000,8
1411340640000,1411341119000,177.798,177.954,177.787,177.81,459300000,8
1411341120000,1411341599000,177.81,177.818,177.777,177.818,203560000,8
1411341600000,1411342079000,177.818,177.853,177.793,177.822,184220000,8
1411342080000,1411342559000,177.822,177.853,177.792,177.792,268040000,8
1411342560000,1411343039000,177.792,177.88,177.792,177.862,245500000,8
1411343040000,1411343519000,177.86,177.874,177.804,177.814,244800000,8
1411343520000,1411343999000,177.817,177.826,177.663,177.68,476650000,8
1411344000000,1411344479000,177.683,177.748,177.635,177.712,926710000,8
1411344480000,1411344959000,177.713,177.798,177.712,177.788,560240000,8
1411344960000,1411345439000,177.785,177.861,177.766,177.857,883300000,8
1411345440000,1411345919000,177.857,177.862,177.787,177.824,433620000,8
1411345920000,1411346399000,177.823,177.848,177.767,177.822,790110000,8
1411346400000,1411346879000,177.822,177.957,177.797,177.925,909510000,8
1411346880000,1411347359000,177.927,177.964,177.878,177.885,871020000,8
1411347360000,1411347839000,177.888,177.987,177.885,177.968,827090000,8
1411347840000,1411348319000,177.967,178.108,177.965,178.107,1021960000,8
1411348320000,1411348799000,178.109,178.149,178.054,178.141,871640000,8
1411348800000,1411349279000,178.141,178.148,178.08,178.1,550650000,8
1411349280000,1411349759000,178.1,178.168,178.092,178.154,503980000,8
1411349760000,1411350239000,178.153,178.17,178.083,178.092,601270000,8
1411350240000,1411350719000,178.092,178.123,178.064,178.097,714850000,8
1411350720000,1411351199000,178.097,178.133,178.016,178.024,700890000,8
1411351200000,1411351679000,178.024,178.067,177.978,178.008,688950000,8
1411351680000,1411352159000,178.008,178.055,177.952,177.99,1226470000,8
1411352160000,1411352639000,177.991,178.023,177.953,177.955,675790000,8
1411352640000,1411353119000,177.953,177.959,177.878,177.89,798550000,8
1411353120000,1411353599000,177.89,177.899,177.775,177.836,843870000,8
1411353600000,1411354079000,177.837,177.945,177.829,177.859,708840000,8
1411354080000,1411354559000,177.859,177.88,177.758,177.765,815440000,8
1411354560000,1411355039000,177.769,177.822,177.758,177.765,814470000,8
1411355040000,1411355519000,177.766,177.878,177.763,177.825,987720000,8
1411355520000,1411355999000,177.821,177.839,177.795,177.83,682340000,8
1411356000000,1411356479000,177.827,177.83,177.773,177.788,649270000,8
1411356480000,1411356959000,177.788,177.804,177.728,177.78,700080000,8
1411356960000,1411357439000,177.782,177.851,177.759,177.822,368260000,8
1411357440000,1411357919000,177.82,177.874,177.811,177.834,440400000,8
1411357920000,1411358399000,177.834,177.914,177.82,177.888,764710000,8
1411358400000,1411358879000,177.888,177.888,177.809,177.832,534320000,8
1411358880000,1411359359000,177.833,177.916,177.821,177.907,362410000,8
1411359360000,1411359839000,177.907,177.951,177.887,177.908,453320000,8
1411359840000,1411360319000,177.909,177.913,177.873,177.895,461990000,8
1411360320000,1411360799000,177.895,177.898,177.836,177.854,297150000,8
1411360800000,1411361279000,177.853,177.912,177.827,177.911,483910000,8
1411361280000,1411361759000,177.911,177.926,177.879,177.905,749380000,8
1411361760000,1411362239000,177.905,177.972,177.902,177.931,708050000,8
1411362240000,1411362719000,177.931,177.966,177.907,177.953,574300000,8
1411362720000,1411363199000,177.956,177.972,177.931,177.949,661470000,8
1411363200000,1411363679000,177.949,177.955,177.858,177.891,597690000,8
1411363680000,1411364159000,177.893,177.919,177.845,177.861,675330000,8
1411364160000,1411364639000,177.86,177.873,177.818,177.85,926450000,8
1411364640000,1411365119000,177.85,177.913,177.839,177.883,969150000,8
1411365120000,1411365599000,177.883,177.942,177.848,177.942,1084890000,8
1411365600000,1411366079000,177.944,178.042,177.892,177.958,1719860000,8
1411366080000,1411366559000,177.954,177.969,177.883,177.966,848600000,8
1411366560000,1411367039000,177.966,178.002,177.873,177.883,1268410000,8
1411367040000,1411367519000,177.883,177.98,177.883,177.935,1041100000,8
1411367520000,1411367999000,177.938,177.938,177.868,177.902,631310000,8
1411368000000,1411368479000,177.901,177.911,177.85,177.863,564080000,8
1411368480000,1411368959000,177.865,177.956,177.864,177.934,786700000,8
1411368960000,1411369439000,177.936,178.041,177.895,178.029,1123350000,8
1411369440000,1411369919000,178.03,178.083,177.916,177.948,1417280000,8
1411369920000,1411370399000,177.948,177.983,177.918,177.939,1231140000,8
1411370400000,1411370879000,177.939,177.998,177.923,177.995,1020610000,8
1411370880000,1411371359000,177.995,178.04,177.942,177.965,984770000,8
1411371360000,1411371839000,177.965,178.035,177.965,178.004,897100000,8
1411371840000,1411372319000,178.004,178.009,177.946,177.963,799070000,8
1411372320000,1411372799000,177.968,177.982,177.877,177.916,1654110000,8
1411372800000,1411373279000,177.914,177.999,177.896,177.997,1280300000,8
1411373280000,1411373759000,177.997,178.005,177.905,177.977,1244870000,8
1411373760000,1411374239000,177.977,177.998,177.903,177.979,1809570000,8
1411374240000,1411374719000,177.979,178.052,177.979,178.048,1180200000,8
1411374720000,1411375199000,178.048,178.287,178.041,178.235,1603240000,8
1411375200000,1411375679000,178.237,178.242,178.06,178.099,1322120000,8
1411375680000,1411376159000,178.1,178.243,178.1,178.233,1370740000,8
1411376160000,1411376639000,178.233,178.326,178.232,178.271,1383420000,8
1411376640000,1411377119000,178.271,178.271,178.071,178.076,1453570000,8
1411377120000,1411377599000,178.076,178.118,178.037,178.058,1095720000,8
1411377600000,1411378079000,178.058,178.085,177.978,177.998,1156600000,8
1411378080000,1411378559000,177.998,178.042,177.949,177.958,1331570000,8
1411378560000,1411379039000,177.959,178.077,177.956,178.023,965760000,8
1411379040000,1411379519000,178.023,178.099,178.02,178.098,791330000,8
1411379520000,1411379999000,178.099,178.113,178.032,178.085,1181280000,8
1411380000000,1411380479000,178.086,178.147,178.086,178.144,1017780000,8
1411380480000,1411380959000,178.144,178.218,178.124,178.218,810920000,8
1411380960000,1411381439000,178.218,178.238,178.124,178.145,969150000,8
1411381440000,1411381919000,178.146,178.181,178.101,178.12,1341830000,8
1411381920000,1411382399000,178.12,178.12,178.054,178.076,1244690000,8
1411382400000,1411382879000,178.076,178.078,177.988,177.989,1009480000,8
1411382880000,1411383359000,177.989,178.021,177.949,178.016,1079140000,8
1411383360000,1411383839000,178.016,178.1,177.957,178.096,1203140000,8
1411383840000,1411384319000,178.095,178.134,178.024,178.053,786270000,8
1411384320000,1411384799000,178.051,178.099,178.033,178.08,842740000,8
1411384800000,1411385279000,178.08,178.135,178.08,178.087,833210000,8
1411385280000,1411385759000,178.088,178.122,178.046,178.121,1086380000,8
1411385760000,1411386239000,178.121,178.172,178.112,178.168,804920000,8
1411386240000,1411386719000,178.168,178.171,178.12,178.151,642380000,8
1411386720000,1411387199000,178.152,178.174,178.084,178.085,765690000,8
1411387200000,1411387679000,178.09,178.147,178.079,178.11,996950000,8
1411387680000,1411388159000,178.11,178.143,178.071,178.082,1139990000,8
1411388160000,1411388639000,178.081,178.097,178.043,178.071,779330000,8
1411388640000,1411389119000,178.071,178.094,178.013,178.021,944070000,8
1411389120000,1411389599000,178.019,178.025,177.913,177.936,1262600000,8
1411389600000,1411390079000,177.935,177.939,177.839,177.888,1371660000,8
1411390080000,1411390559000,177.888,177.95,177.872,177.934,990180000,8
1411390560000,1411391039000,177.934,178.089,177.919,178.083,885310000,8
1411391040000,1411391519000,178.086,178.124,178.03,178.074,1090800000,8
1411391520000,1411391999000,178.073,178.11,178.03,178.078,1279840000,8
1411392000000,1411392479000,178.078,178.143,178.061,178.103,1309110000,8
1411392480000,1411392959000,178.104,178.218,178.08,178.157,1387460000,8
1411392960000,1411393439000,178.158,178.35,178.157,178.225,1546090000,8
1411393440000,1411393919000,178.226,178.281,178.196,178.249,1375350000,8
1411393920000,1411394399000,178.25,178.274,178.133,178.177,1439340000,8
1411394400000,1411394879000,178.168,178.287,178.142,178.258,1630560000,8
1411394880000,1411395359000,178.257,178.299,178.16,178.177,1120060000,8
1411395360000,1411395839000,178.176,178.216,178.089,178.195,1556470000,8
1411395840000,1411396319000,178.195,178.231,178.08,178.095,1891190000,8
1411396320000,1411396799000,178.095,178.146,178.028,178.082,1756560000,8
1411396800000,1411397279000,178.081,178.155,178.051,178.113,1417430000,8
1411397280000,1411397759000,178.111,178.118,177.968,178.011,1263480000,8
1411397760000,1411398239000,178.011,178.076,177.948,178.043,1704420000,8
1411398240000,1411398719000,178.043,178.134,178.038,178.118,989720000,8
1411398720000,1411399199000,178.117,178.121,177.983,178.019,1041980000,8
1411399200000,1411399679000,178.018,178.023,177.953,177.994,1173090000,8
1411399680000,1411400159000,177.994,178.099,177.985,178.059,857910000,8
1411400160000,1411400639000,178.059,178.06,177.999,178.028,1038960000,8
1411400640000,1411401119000,178.026,178.034,177.907,177.908,1399260000,8
1411401120000,1411401599000,177.908,177.973,177.891,177.896,933040000,8
1411401600000,1411402079000,177.897,177.996,177.863,177.989,829570000,8
1411402080000,1411402559000,177.989,178.013,177.94,177.997,664260000,8
1411402560000,1411403039000,177.997,178.078,177.995,178.024,603520000,8
1411403040000,1411403519000,178.024,178.024,177.958,177.976,454310000,8
1411403520000,1411403999000,177.974,178.0,177.947,177.971,473370000,8
1411404000000,1411404479000,177.97,178.004,177.939,177.985,665140000,8
1411404480000,1411404959000,177.986,178.046,177.986,178.039,391840000,8
1411404960000,1411405439000,178.04,178.064,178.038,178.043,252480000,8
1411405440000,1411405919000,178.043,178.14,178.022,178.031,603510000,8
1411405920000,1411406399000,178.03,178.039,177.992,178.037,497960000,8
1411406400000,1411406879000,178.035,178.078,178.017,178.073,363920000,8
1411406880000,1411407359000,178.074,178.088,178.04,178.048,448470000,8
1411407360000,1411407839000,178.047,178.161,178.046,178.159,429500000,8
1411407840000,1411408319000,178.16,178.16,178.098,178.12,297990000,8
1411408320000,1411408799000,178.119,178.129,178.101,178.111,223000000,8
1411408800000,1411409279000,178.113,178.138,178.105,178.133,242900000,8
1411409280000,1411409759000,178.133,178.134,178.092,178.116,368690000,8
1411409760000,1411410239000,178.117,178.148,178.094,178.095,330940000,8
1411410240000,1411410719000,178.099,178.103,177.983,177.998,642880000,8
1411410720000,1411411199000,177.997,178.051,177.986,178.014,651850000,8
1411411200000,1411411679000,178.013,178.04,177.984,178.005,511180000,8
1411411680000,1411412159000,178.005,178.026,177.939,177.978,548640000,8
1411412160000,1411412639000,177.977,177.997,177.951,177.959,364500000,8
1411412640000,1411413119000,177.959,177.978,177.956,177.969,231140000,8
1411413120000,1411413599000,177.969,177.984,177.944,177.954,292220000,8
1411413600000,1411414079000,177.955,177.989,177.948,177.974,487310000,8
1411414080000,1411414559000,177.976,177.976,177.953,177.965,414540000,8
1411414560000,1411415039000,177.966,177.998,177.958,177.959,404000000,8
1411415040000,1411415519000,177.959,178.019,177.957,177.996,510680000,8
1411415520000,1411415999000,177.998,178.02,177.969,177.987,356460000,8
1411416000000,1411416479000,177.988,178.022,177.977,177.982,430890000,8
1411416480000,1411416959000,177.983,178.009,177.965,177.985,318480000,8
1411416960000,1411417439000,177.984,178.009,177.975,178.006,231340000,8
1411417440000,1411417919000,178.007,178.015,177.965,177.991,297710000,8
1411417920000,1411418399000,177.993,178.01,177.975,177.988,221860000,8
1411418400000,1411418879000,177.989,178.03,177.974,178.006,240230000,8
1411418880000,1411419359000,178.012,178.044,178.009,178.021,257700000,8
1411419360000,1411419839000,178.02,178.088,177.996,178.04,196050000,8
1411419840000,1411420319000,178.04,178.069,178.017,178.063,205970000,8
1411420320000,1411420799000,178.067,178.067,178.038,178.048,262380000,8
1411420800000,1411421279000,178.053,178.053,178.012,178.033,242180000,8
1411421280000,1411421759000,178.028,178.041,178.021,178.023,246980000,8
1411421760000,1411422239000,178.023,178.051,178.017,178.047,286520000,8
1411422240000,1411422719000,178.048,178.07,178.033,178.034,313570000,8
1411422720000,1411423199000,178.034,178.057,177.997,178.045,262860000,8
1411423200000,1411423679000,178.048,178.065,178.027,178.055,357380000,8
1411423680000,1411424159000,178.055,178.104,178.042,178.092,502510000,8
1411424160000,1411424639000,178.092,178.101,178.048,178.048,536490000,8
1411424640000,1411425119000,178.049,178.077,178.048,178.07,306150000,8
1411425120000,1411425599000,178.069,178.079,178.058,178.069,269850000,8
1411425600000,1411426079000,178.069,178.069,178.027,178.055,439690000,8
1411426080000,1411426559000,178.055,178.063,178.026,178.038,333160000,8
1411426560000,1411427039000,178.038,178.057,178.009,178.019,337660000,8
1411427040000,1411427519000,178.019,178.052,177.981,178.019,471300000,8
1411427520000,1411427999000,178.019,178.037,178.009,178.02,194000000,8
1411428000000,1411428479000,178.022,178.022,178.001,178.007,116320000,8
1411428480000,1411428959000,178.007,178.044,178.007,178.039,133190000,8
1411428960000,1411429439000,178.038,178.041,177.959,177.98,336620000,8
1411429440000,1411429919000,177.981,178.003,177.942,177.991,350730000,8
1411429920000,1411430399000,177.991,178.039,177.988,177.997,373470000,8
1411430400000,1411430879000,177.999,178.025,177.982,177.994,495380000,8
1411430880000,1411431359000,177.993,178.048,177.99,178.034,312530000,8
1411431360000,1411431839000,178.033,178.033,177.971,177.977,351190000,8
1411431840000,1411432319000,177.977,177.996,177.949,177.991,543210000,8
1411432320000,1411432799000,177.991,177.991,177.949,177.978,320580000,8
1411432800000,1411433279000,177.978,178.0,177.949,177.96,273720000,8
1411433280000,1411433759000,177.96,178.009,177.941,177.993,386710000,8
1411433760000,1411434239000,177.993,178.046,177.962,178.011,492600000,8
1411434240000,1411434719000,178.011,178.104,177.994,178.095,657330000,8
1411434720000,1411435199000,178.092,178.122,178.032,178.073,644930000,8
1411435200000,1411435679000,178.073,178.075,177.997,178.0,757910000,8
1411435680000,1411436159000,177.998,178.045,177.983,177.984,726030000,8
1411436160000,1411436639000,177.984,178.02,177.956,177.997,661320000,8
1411436640000,1411437119000,177.996,178.103,177.983,178.091,1212900000,8
1411437120000,1411437599000,178.091,178.149,178.074,178.137,774870000,8
1411437600000,1411438079000,178.137,178.141,178.071,178.104,422590000,8
1411438080000,1411438559000,178.104,178.184,178.043,178.175,658140000,8
1411438560000,1411439039000,178.176,178.185,178.122,178.142,835630000,8
1411439040000,1411439519000,178.147,178.26,178.143,178.251,712890000,8
1411439520000,1411439999000,178.251,178.282,178.22,178.256,365570000,8
1411440000000,1411440479000,178.256,178.258,178.132,178.144,680110000,8
1411440480000,1411440959000,178.144,178.188,178.132,178.15,415200000,8
1411440960000,1411441439000,178.15,178.173,178.142,178.152,270050000,8
1411441440000,1411441919000,178.152,178.177,178.146,178.16,194480000,8
1411441920000,1411442399000,178.16,178.178,178.126,178.126,366270000,8
1411442400000,1411442879000,178.128,178.144,178.106,178.118,368950000,8
1411442880000,1411443359000,178.123,178.138,178.116,178.134,196800000,8
1411443360000,1411443839000,178.134,178.207,178.128,178.2,216640000,8
1411443840000,1411444319000,178.202,178.219,178.193,178.211,277510000,8
1411444320000,1411444799000,178.21,178.255,178.21,178.232,328310000,8
1411444800000,1411445279000,178.232,178.247,178.219,178.233,263270000,8
1411445280000,1411445759000,178.233,178.266,178.227,178.244,447300000,8
1411445760000,1411446239000,178.244,178.275,178.213,178.215,528580000,8
1411446240000,1411446719000,178.213,178.218,178.183,178.202,353430000,8
1411446720000,1411447199000,178.203,178.213,178.175,178.202,317200000,8
1411447200000,1411447679000,178.198,178.217,178.192,178.211,274350000,8
1411447680000,1411448159000,178.211,178.212,178.17,178.197,330550000,8
1411448160000,1411448639000,178.197,178.21,178.184,178.193,201660000,8
1411448640000,1411449119000,178.192,178.216,178.174,178.178,249790000,8
1411449120000,1411449599000,178.178,178.188,178.101,178.109,491440000,8
1411449600000,1411450079000,178.109,178.16,178.109,178.116,277080000,8
1411450080000,1411450559000,178.116,178.149,178.082,178.108,656960000,8
1411450560000,1411451039000,178.11,178.116,178.052,178.098,996690000,8
1411451040000,1411451519000,178.098,178.104,177.989,178.002,1105280000,8
1411451520000,1411451999000,178.0,178.072,177.985,178.051,725460000,8
1411452000000,1411452479000,178.052,178.075,177.997,178.02,1178880000,8
1411452480000,1411452959000,178.02,178.033,177.943,178.025,872060000,8
1411452960000,1411453439000,178.025,178.046,177.981,178.004,749840000,8
1411453440000,1411453919000,178.005,178.029,177.897,177.902,881650000,8
1411453920000,1411454399000,177.906,177.944,177.869,177.882,747280000,8
1411454400000,1411454879000,177.882,177.943,177.875,177.928,540800000,8
1411454880000,1411455359000,177.932,177.951,177.794,177.801,852000000,8
1411455360000,1411455839000,177.799,177.809,177.537,177.538,1894760000,8
1411455840000,1411456319000,177.538,177.691,177.538,177.682,1515190000,8
1411456320000,1411456799000,177.683,177.738,177.577,177.578,1080380000,8
1411456800000,1411457279000,177.578,177.622,177.541,177.597,1256900000,8
1411457280000,1411457759000,177.597,177.604,177.244,177.368,2293560000,8
1411457760000,1411458239000,177.366,177.422,177.269,177.283,1354020000,8
1411458240000,1411458719000,177.285,177.342,177.14,177.159,1717610000,8
1411458720000,1411459199000,177.159,177.188,176.997,177.002,1742030000,8
1411459200000,1411459679000,177.003,177.007,176.747,176.762,2221000000,8
1411459680000,1411460159000,176.762,176.852,176.639,176.848,2801390000,8
1411460160000,1411460639000,176.848,177.039,176.811,176.988,2384410000,8
1411460640000,1411461119000,176.99,177.233,176.982,177.133,2486060000,8
1411461120000,1411461599000,177.132,177.38,177.081,177.307,2290280000,8
1411461600000,1411462079000,177.313,177.408,177.26,177.388,1721960000,8
1411462080000,1411462559000,177.393,177.399,177.211,177.233,1824550000,8
1411462560000,1411463039000,177.233,177.287,177.108,177.234,1592240000,8
1411463040000,1411463519000,177.234,177.234,177.067,177.201,1757580000,8
1411463520000,1411463999000,177.2,177.248,177.159,177.231,1460060000,8
1411464000000,1411464479000,177.231,177.281,177.197,177.275,1428800000,8
1411464480000,1411464959000,177.276,177.456,177.273,177.373,1460810000,8
1411464960000,1411465439000,177.372,177.534,177.338,177.51,2353450000,8
1411465440000,1411465919000,177.51,177.598,177.48,177.545,1793880000,8
1411465920000,1411466399000,177.548,177.674,177.464,177.568,1598720000,8
1411466400000,1411466879000,177.571,177.629,177.543,177.626,1662710000,8
1411466880000,1411467359000,177.627,177.686,177.596,177.62,1635330000,8
1411467360000,1411467839000,177.619,177.651,177.554,177.557,1413180000,8
1411467840000,1411468319000,177.556,177.664,177.554,177.612,1374500000,8
1411468320000,1411468799000,177.612,177.711,177.565,177.636,1312700000,8
1411468800000,1411469279000,177.636,177.768,177.616,177.696,1315060000,8
1411469280000,1411469759000,177.696,177.702,177.642,177.684,1047470000,8
1411469760000,1411470239000,177.682,177.762,177.652,177.748,1416920000,8
1411470240000,1411470719000,177.746,177.778,177.724,177.769,1284290000,8
1411470720000,1411471199000,177.769,177.94,177.729,177.884,1660940000,8
1411471200000,1411471679000,177.884,177.886,177.802,177.838,1250120000,8
1411471680000,1411472159000,177.837,177.884,177.775,177.876,1623260000,8
1411472160000,1411472639000,177.877,177.91,177.812,177.825,1109300000,8
1411472640000,1411473119000,177.825,177.841,177.774,177.819,1412770000,8
1411473120000,1411473599000,177.821,178.007,177.783,177.94,1969130000,8
1411473600000,1411474079000,177.943,178.091,177.943,178.032,2049150000,8
1411474080000,1411474559000,178.034,178.064,177.952,177.987,1728060000,8
1411474560000,1411475039000,177.988,178.075,177.918,178.017,2201360000,8
1411475040000,1411475519000,178.016,178.054,177.992,178.034,1356180000,8
1411475520000,1411475999000,178.034,178.111,177.982,178.084,2004780000,8
1411476000000,1411476479000,178.084,178.102,177.967,178.078,2141620000,8
1411476480000,1411476959000,178.076,178.251,178.047,178.209,2277260000,8
1411476960000,1411477439000,178.212,178.231,178.136,178.143,1617720000,8
1411477440000,1411477919000,178.142,178.143,178.068,178.114,1667270000,8
1411477920000,1411478399000,178.117,178.188,178.11,178.164,1371370000,8
1411478400000,1411478879000,178.167,178.167,178.079,178.147,1184190000,8
1411478880000,1411479359000,178.149,178.287,178.106,178.273,1647800000,8
1411479360000,1411479839000,178.272,178.326,178.154,178.176,1708240000,8
1411479840000,1411480319000,178.177,178.305,178.132,178.305,1526920000,8
1411480320000,1411480799000,178.306,178.306,178.158,178.172,1920490000,8
1411480800000,1411481279000,178.172,178.222,178.069,178.089,1939790000,8
1411481280000,1411481759000,178.085,178.089,177.994,178.019,1499070000,8
1411481760000,1411482239000,178.019,178.235,178.019,178.181,2450240000,8
1411482240000,1411482719000,178.181,178.183,178.112,178.133,1747200000,8
1411482720000,1411483199000,178.134,178.21,178.07,178.082,1751580000,8
1411483200000,1411483679000,178.082,178.107,178.022,178.072,1424370000,8
1411483680000,1411484159000,178.072,178.151,178.025,178.073,1552090000,8
1411484160000,1411484639000,178.073,178.16,178.023,178.153,1504730000,8
1411484640000,1411485119000,178.152,178.158,177.955,177.984,1395030000,8
1411485120000,1411485599000,177.983,178.023,177.967,178.013,1008160000,8
1411485600000,1411486079000,178.014,178.08,178.004,178.027,985520000,8
1411486080000,1411486559000,178.028,178.079,177.989,178.057,1380350000,8
1411486560000,1411487039000,178.055,178.121,178.046,178.112,1105830000,8
1411487040000,1411487519000,178.115,178.153,178.093,178.118,1021360000,8
1411487520000,1411487999000,178.117,178.155,178.099,178.123,888990000,8
1411488000000,1411488479000,178.123,178.213,178.123,178.186,882650000,8
1411488480000,1411488959000,178.186,178.203,178.15,178.181,831740000,8
1411488960000,1411489439000,178.18,178.208,178.157,178.163,594750000,8
1411489440000,1411489919000,178.161,178.235,178.068,178.211,1033440000,8
1411489920000,1411490399000,178.21,178.238,178.158,178.193,785580000,8
1411490400000,1411490879000,178.195,178.292,178.186,178.271,1000990000,8
1411490880000,1411491359000,178.271,178.287,178.184,178.2,824320000,8
1411491360000,1411491839000,178.202,178.252,178.174,178.217,765210000,8
1411491840000,1411492319000,178.216,178.218,178.173,178.18,579220000,8
1411492320000,1411492799000,178.182,178.197,178.119,178.15,619330000,8
1411492800000,1411493279000,178.15,178.213,178.11,178.213,780240000,8
1411493280000,1411493759000,178.212,178.276,178.206,178.241,657410000,8
1411493760000,1411494239000,178.242,178.305,178.23,178.3,523220000,8
1411494240000,1411494719000,178.299,178.302,178.219,178.234,578530000,8
1411494720000,1411495199000,178.232,178.268,178.178,178.186,532870000,8
1411495200000,1411495679000,178.186,178.259,178.175,178.241,632630000,8
1411495680000,1411496159000,178.239,178.336,178.238,178.297,756940000,8
1411496160000,1411496639000,178.297,178.386,178.288,178.378,594750000,8
1411496640000,1411497119000,178.378,178.403,178.327,178.38,757610000,8
1411497120000,1411497599000,178.381,178.388,178.355,178.38,504580000,8
1411497600000,1411498079000,178.383,178.517,178.367,178.503,744890000,8
1411498080000,1411498559000,178.505,178.682,178.502,178.667,880270000,8
1411498560000,1411499039000,178.663,178.739,178.656,178.671,942620000,8
1411499040000,1411499519000,178.672,178.675,178.524,178.593,711970000,8
1411499520000,1411499999000,178.593,178.638,178.542,178.558,347780000,8
1411500000000,1411500479000,178.558,178.601,178.553,178.601,341100000,8
1411500480000,1411500959000,178.601,178.614,178.54,178.589,564210000,8
1411500960000,1411501439000,178.588,178.62,178.573,178.584,500630000,8
1411501440000,1411501919000,178.583,178.592,178.552,178.573,385770000,8
1411501920000,1411502399000,178.572,178.577,178.517,178.547,602980000,8
1411502400000,1411502879000,178.547,178.552,178.463,178.473,365270000,8
1411502880000,1411503359000,178.468,178.489,178.464,178.482,264760000,8
1411503360000,1411503839000,178.482,178.486,178.468,178.471,201590000,8
1411503840000,1411504319000,178.475,178.49,178.453,178.479,323450000,8
1411504320000,1411504799000,178.479,178.495,178.464,178.464,260590000,8
1411504800000,1411505279000,178.462,178.473,178.432,178.451,228110000,8
1411505280000,1411505759000,178.448,178.449,178.373,178.373,166070000,8
1411505760000,1411506239000,178.375,178.477,178.375,178.463,198690000,8
1411506240000,1411506719000,178.472,178.48,178.384,178.399,300860000,8
1411506720000,1411507199000,178.399,178.423,178.399,178.416,132790000,8
1411507200000,1411507679000,178.412,178.468,178.412,178.439,235780000,8
1411507680000,1411508159000,178.435,178.478,178.401,178.401,208360000,8
1411508160000,1411508639000,178.401,178.439,178.401,178.424,121930000,8
1411508640000,1411509119000,178.424,178.474,178.404,178.404,219620000,8
1411509120000,1411509599000,178.404,178.428,178.402,178.423,193370000,8
1411509600000,1411510079000,178.423,178.439,178.383,178.4,327610000,8
1411510080000,1411510559000,178.397,178.42,178.375,178.388,416150000,8
1411510560000,1411511039000,178.384,178.394,178.33,178.343,591610000,8
1411511040000,1411511519000,178.343,178.375,178.332,178.348,356820000,8
1411511520000,1411511999000,178.348,178.406,178.333,178.391,482070000,8
1411512000000,1411512479000,178.391,178.393,178.283,178.283,704850000,8
1411512480000,1411512959000,178.283,178.327,178.283,178.319,572980000,8
1411512960000,1411513439000,178.319,178.39,178.315,178.387,334420000,8
1411513440000,1411513919000,178.382,178.382,178.345,178.347,280060000,8
1411513920000,1411514399000,178.347,178.367,178.265,178.279,562450000,8
1411514400000,1411514879000,178.278,178.331,178.268,178.297,305490000,8
1411514880000,1411515359000,178.299,178.305,178.228,178.25,332190000,8
1411515360000,1411515839000,178.25,178.257,178.161,178.184,580340000,8
1411515840000,1411516319000,178.187,178.193,177.792,177.861,1868610000,8
1411516320000,1411516799000,177.861,177.968,177.771,177.959,1543870000,8
1411516800000,1411517279000,177.959,178.126,177.931,178.033,1405920000,8
1411517280000,1411517759000,178.033,178.176,178.032,178.137,1358680000,8
1411517760000,1411518239000,178.14,178.175,178.086,178.088,688360000,8
1411518240000,1411518719000,178.088,178.204,178.084,178.204,646390000,8
1411518720000,1411519199000,178.207,178.207,178.136,178.165,694560000,8
1411519200000,1411519679000,178.162,178.178,178.1,178.152,659310000,8
1411519680000,1411520159000,178.151,178.221,178.07,178.102,1119060000,8
1411520160000,1411520639000,178.102,178.282,178.076,178.207,1051560000,8
1411520640000,1411521119000,178.208,178.263,178.155,178.2,789220000,8
1411521120000,1411521599000,178.2,178.217,178.15,178.163,550680000,8
1411521600000,1411522079000,178.16,178.216,178.147,178.162,548280000,8
1411522080000,1411522559000,178.162,178.26,178.159,178.258,428140000,8
1411522560000,1411523039000,178.258,178.263,178.165,178.221,757930000,8
1411523040000,1411523519000,178.221,178.248,178.176,178.23,632690000,8
1411523520000,1411523999000,178.228,178.228,178.171,178.209,764360000,8
1411524000000,1411524479000,178.209,178.215,178.158,178.164,764380000,8
1411524480000,1411524959000,178.164,178.214,178.15,178.157,421940000,8
1411524960000,1411525439000,178.157,178.187,178.103,178.106,628790000,8
1411525440000,1411525919000,178.107,178.157,178.102,178.149,424430000,8
1411525920000,1411526399000,178.146,178.193,178.146,178.174,385100000,8
1411526400000,1411526879000,178.172,178.193,178.162,178.162,546270000,8
1411526880000,1411527359000,178.162,178.163,178.092,178.152,841380000,8
1411527360000,1411527839000,178.152,178.174,178.12,178.151,408270000,8
1411527840000,1411528319000,178.151,178.172,178.128,178.149,281830000,8
1411528320000,1411528799000,178.149,178.212,178.149,178.199,350050000,8
1411528800000,1411529279000,178.199,178.237,178.167,178.231,407170000,8
1411529280000,1411529759000,178.233,178.262,178.178,178.179,646330000,8
1411529760000,1411530239000,178.177,178.203,178.134,178.191,719800000,8
1411530240000,1411530719000,178.191,178.243,178.189,178.23,486730000,8
1411530720000,1411531199000,178.23,178.294,178.183,178.203,704050000,8
1411531200000,1411531679000,178.203,178.204,178.129,178.135,786980000,8
1411531680000,1411532159000,178.135,178.153,178.1,178.137,563340000,8
1411532160000,1411532639000,178.134,178.148,178.094,178.129,545740000,8
1411532640000,1411533119000,178.128,178.161,178.098,178.108,497720000,8
1411533120000,1411533599000,178.108,178.143,178.071,178.089,638590000,8
1411533600000,1411534079000,178.089,178.163,178.057,178.062,545860000,8
1411534080000,1411534559000,178.063,178.078,178.024,178.027,319250000,8
1411534560000,1411535039000,178.025,178.101,177.986,178.088,449870000,8
1411535040000,1411535519000,178.088,178.099,178.003,178.027,523970000,8
1411535520000,1411535999000,178.025,178.116,178.013,178.1,362440000,8
1411536000000,1411536479000,178.1,178.157,178.088,178.131,408050000,8
1411536480000,1411536959000,178.133,178.142,178.1,178.129,624800000,8
1411536960000,1411537439000,178.129,178.156,178.065,178.081,665270000,8
1411537440000,1411537919000,178.081,178.116,178.076,178.077,640600000,8
1411537920000,1411538399000,178.077,178.121,178.055,178.1,1175580000,8
1411538400000,1411538879000,178.103,178.139,178.081,178.136,1148610000,8
1411538880000,1411539359000,178.136,178.154,178.048,178.056,1030670000,8
1411539360000,1411539839000,178.057,178.06,177.987,178.054,1403250000,8
1411539840000,1411540319000,178.054,178.07,177.976,178.0,1006720000,8
1411540320000,1411540799000,178.001,178.093,177.996,178.037,1092590000,8
1411540800000,1411541279000,178.033,178.068,178.028,178.063,800280000,8
1411541280000,1411541759000,178.062,178.096,178.047,178.047,719280000,8
1411541760000,1411542239000,178.049,178.063,177.992,178.043,1260600000,8
1411542240000,1411542719000,178.043,178.079,177.996,178.067,1057340000,8
1411542720000,1411543199000,178.064,178.089,177.889,177.914,1633400000,8
1411543200000,1411543679000,177.914,177.914,177.836,177.901,1461950000,8
1411543680000,1411544159000,177.899,178.059,177.858,177.993,1496910000,8
1411544160000,1411544639000,177.994,178.05,177.955,177.983,1174060000,8
1411544640000,1411545119000,177.985,177.992,177.896,177.897,1320310000,8
1411545120000,1411545599000,177.899,177.901,177.817,177.84,1043890000,8
1411545600000,1411546079000,177.842,177.875,177.64,177.854,1791020000,8
1411546080000,1411546559000,177.854,178.012,177.841,177.927,1400100000,8
1411546560000,1411547039000,177.929,177.953,177.844,177.881,1155340000,8
1411547040000,1411547519000,177.881,177.89,177.794,177.843,1077500000,8
1411547520000,1411547999000,177.844,177.914,177.82,177.897,912940000,8
1411548000000,1411548479000,177.897,177.901,177.812,177.898,1134190000,8
1411548480000,1411548959000,177.899,177.96,177.896,177.917,1117180000,8
1411548960000,1411549439000,177.915,178.183,177.912,178.156,1347540000,8
1411549440000,1411549919000,178.154,178.164,178.066,178.139,1145400000,8
1411549920000,1411550399000,178.138,178.207,178.134,178.188,1119570000,8
1411550400000,1411550879000,178.19,178.193,178.099,178.118,1177720000,8
1411550880000,1411551359000,178.118,178.125,178.077,178.122,990150000,8
1411551360000,1411551839000,178.12,178.12,178.052,178.092,946730000,8
1411551840000,1411552319000,178.092,178.096,178.033,178.093,1292620000,8
1411552320000,1411552799000,178.093,178.151,178.066,178.149,1055110000,8
1411552800000,1411553279000,178.148,178.17,178.118,178.168,853480000,8
1411553280000,1411553759000,178.172,178.172,178.044,178.095,1065380000,8
1411553760000,1411554239000,178.1,178.144,178.074,178.131,899920000,8
1411554240000,1411554719000,178.13,178.201,178.124,178.192,914350000,8
1411554720000,1411555199000,178.191,178.218,178.154,178.168,1057880000,8
1411555200000,1411555679000,178.168,178.227,178.165,178.183,1021700000,8
1411555680000,1411556159000,178.183,178.261,178.183,178.248,921470000,8
1411556160000,1411556639000,178.247,178.372,178.223,178.323,1544930000,8
1411556640000,1411557119000,178.321,178.326,178.264,178.264,912680000,8
1411557120000,1411557599000,178.263,178.339,178.252,178.293,1204010000,8
1411557600000,1411558079000,178.292,178.322,178.249,178.272,1237950000,8
1411558080000,1411558559000,178.276,178.306,178.25,178.28,1351200000,8
1411558560000,1411559039000,178.28,178.368,178.279,178.348,1158660000,8
1411559040000,1411559519000,178.346,178.417,178.307,178.313,1407430000,8
1411559520000,1411559999000,178.313,178.408,178.304,178.387,1302100000,8
1411560000000,1411560479000,178.387,178.409,178.328,178.348,825310000,8
1411560480000,1411560959000,178.348,178.393,178.317,178.328,1241840000,8
1411560960000,1411561439000,178.331,178.357,178.31,178.342,1357500000,8
1411561440000,1411561919000,178.342,178.342,178.245,178.274,1097480000,8
1411561920000,1411562399000,178.274,178.288,178.093,178.094,1592510000,8
1411562400000,1411562879000,178.093,178.105,177.986,178.024,1578770000,8
1411562880000,1411563359000,178.026,178.087,178.02,178.079,1550450000,8
1411563360000,1411563839000,178.081,178.098,178.03,178.042,1577140000,8
1411563840000,1411564319000,178.04,178.086,177.985,177.989,2205620000,8
1411564320000,1411564799000,177.99,178.03,177.918,178.024,1862350000,8
1411564800000,1411565279000,178.025,178.031,177.881,177.896,1549460000,8
1411565280000,1411565759000,177.899,178.032,177.865,178.032,2081220000,8
1411565760000,1411566239000,178.032,178.039,177.903,177.936,1982990000,8
1411566240000,1411566719000,177.936,177.964,177.893,177.947,1671460000,8
1411566720000,1411567199000,177.946,178.012,177.94,177.996,1569250000,8
1411567200000,1411567679000,177.997,178.072,177.974,177.998,2346820000,8
1411567680000,1411568159000,177.998,178.04,177.91,177.93,1898500000,8
1411568160000,1411568639000,177.929,177.978,177.845,177.848,1708610000,8
1411568640000,1411569119000,177.847,177.878,177.692,177.733,1890390000,8
1411569120000,1411569599000,177.734,177.818,177.637,177.803,1755930000,8
1411569600000,1411570079000,177.801,177.867,177.766,177.841,1780130000,8
1411570080000,1411570559000,177.841,177.908,177.823,177.901,1257800000,8
1411570560000,1411571039000,177.901,177.908,177.797,177.842,1791340000,8
1411571040000,1411571519000,177.843,178.03,177.837,178.008,1564770000,8
1411571520000,1411571999000,178.007,178.059,177.997,178.001,1429780000,8
1411572000000,1411572479000,178.003,178.144,177.998,178.115,1528290000,8
1411572480000,1411572959000,178.112,178.151,178.062,178.116,1266890000,8
1411572960000,1411573439000,178.115,178.128,178.041,178.062,856210000,8
1411573440000,1411573919000,178.064,178.106,177.988,177.989,910900000,8
1411573920000,1411574399000,177.988,178.005,177.944,178.004,998480000,8
1411574400000,1411574879000,178.005,178.029,177.93,177.943,723400000,8
1411574880000,1411575359000,177.943,178.0,177.931,177.989,704050000,8
1411575360000,1411575839000,177.986,178.037,177.983,178.002,536500000,8
1411575840000,1411576319000,178.002,178.03,177.997,178.019,429650000,8
1411576320000,1411576799000,178.017,178.035,177.975,177.976,416320000,8
1411576800000,1411577279000,177.977,177.992,177.945,177.952,390720000,8
1411577280000,1411577759000,177.949,177.965,177.848,177.85,441050000,8
1411577760000,1411578239000,177.848,177.912,177.843,177.902,532790000,8
1411578240000,1411578719000,177.9,177.908,177.862,177.875,432160000,8
1411578720000,1411579199000,177.875,177.956,177.869,177.91,415750000,8
1411579200000,1411579679000,177.91,177.913,177.88,177.891,352440000,8
1411579680000,1411580159000,177.891,177.968,177.88,177.955,453140000,8
1411580160000,1411580639000,177.956,178.029,177.95,178.013,505660000,8
1411580640000,1411581119000,178.012,178.022,177.937,177.998,523750000,8
1411581120000,1411581599000,177.997,178.002,177.942,177.949,273040000,8
1411581600000,1411582079000,177.951,178.028,177.951,178.012,378330000,8
1411582080000,1411582559000,178.009,178.009,177.932,177.932,266150000,8
1411582560000,1411583039000,177.934,177.977,177.928,177.963,320600000,8
1411583040000,1411583519000,177.966,177.993,177.957,177.988,282910000,8
1411583520000,1411583999000,177.988,178.035,177.976,178.026,254460000,8
1411584000000,1411584479000,178.026,178.042,178.009,178.035,361780000,8
1411584480000,1411584959000,178.036,178.107,178.011,178.043,631690000,8
1411584960000,1411585439000,178.042,178.1,178.033,178.086,465630000,8
1411585440000,1411585919000,178.084,178.093,178.027,178.055,452940000,8
1411585920000,1411586399000,178.056,178.076,178.036,178.065,327150000,8
1411586400000,1411586879000,178.066,178.141,178.061,178.136,271250000,8
1411586880000,1411587359000,178.137,178.155,178.074,178.083,437510000,8
1411587360000,1411587839000,178.079,178.226,178.06,178.194,646470000,8
1411587840000,1411588319000,178.195,178.284,178.193,178.273,824910000,8
1411588320000,1411588799000,178.274,178.277,178.179,178.195,670130000,8
1411588800000,1411589279000,178.196,178.216,178.161,178.163,282010000,8
1411589280000,1411589759000,178.161,178.197,178.13,178.16,502060000,8
1411589760000,1411590239000,178.158,178.185,178.158,178.165,355940000,8
1411590240000,1411590719000,178.168,178.208,178.145,178.195,376130000,8
1411590720000,1411591199000,178.195,178.215,178.178,178.212,309370000,8
1411591200000,1411591679000,178.211,178.223,178.138,178.204,574250000,8
1411591680000,1411592159000,178.204,178.226,178.166,178.175,291840000,8
1411592160000,1411592639000,178.175,178.184,178.153,178.164,130540000,8
1411592640000,1411593119000,178.163,178.178,178.015,178.038,300700000,8
1411593120000,1411593599000,178.042,178.178,178.042,178.115,333860000,8
1411593600000,1411594079000,178.115,178.173,178.107,178.145,268080000,8
1411594080000,1411594559000,178.143,178.168,178.13,178.168,199550000,8
1411594560000,1411595039000,178.168,178.17,178.113,178.137,165350000,8
1411595040000,1411595519000,178.137,178.244,178.137,178.226,364610000,8
1411595520000,1411595999000,178.226,178.247,178.173,178.179,284890000,8
1411596000000,1411596479000,178.176,178.196,178.147,178.174,178740000,8
1411596480000,1411596959000,178.174,178.174,178.129,178.148,382220000,8
1411596960000,1411597439000,178.145,178.205,178.144,178.186,276090000,8
1411597440000,1411597919000,178.186,178.186,178.144,178.163,167140000,8
1411597920000,1411598399000,178.162,178.223,178.162,178.205,147700000,8
1411598400000,1411598879000,178.205,178.294,178.202,178.255,250040000,8
1411598880000,1411599359000,178.253,178.275,178.214,178.275,245700000,8
1411599360000,1411599839000,178.273,178.333,178.255,178.295,652700000,8
1411599840000,1411600319000,178.295,178.378,178.227,178.238,879620000,8
1411600320000,1411600799000,178.233,178.295,178.225,178.28,627460000,8
1411600800000,1411601279000,178.282,178.304,178.238,178.248,263750000,8
1411601280000,1411601759000,178.247,178.292,178.232,178.285,451670000,8
1411601760000,1411602239000,178.285,178.343,178.269,178.315,422220000,8
1411602240000,1411602719000,178.318,178.366,178.274,178.362,744930000,8
1411602720000,1411603199000,178.364,178.491,178.326,178.472,1008260000,8
1411603200000,1411603679000,178.48,178.489,178.323,178.392,1092950000,8
1411603680000,1411604159000,178.393,178.444,178.334,178.342,789550000,8
1411604160000,1411604639000,178.345,178.407,178.303,178.387,707760000,8
1411604640000,1411605119000,178.387,178.405,178.345,178.405,507580000,8
1411605120000,1411605599000,178.403,178.458,178.375,178.448,524780000,8
1411605600000,1411606079000,178.448,178.466,178.317,178.37,804620000,8
1411606080000,1411606559000,178.369,178.402,178.289,178.3,746150000,8
1411606560000,1411607039000,178.3,178.317,178.163,178.227,1038790000,8
1411607040000,1411607519000,178.228,178.258,178.168,178.23,594120000,8
1411607520000,1411607999000,178.228,178.25,178.129,178.244,955400000,8
1411608000000,1411608479000,178.249,178.25,178.2,178.237,397460000,8
1411608480000,1411608959000,178.237,178.278,178.212,178.243,597250000,8
1411608960000,1411609439000,178.243,178.258,178.232,178.238,276390000,8
1411609440000,1411609919000,178.237,178.255,178.223,178.252,239370000,8
1411609920000,1411610399000,178.253,178.272,178.225,178.259,344800000,8
1411610400000,1411610879000,178.26,178.287,178.23,178.268,529480000,8
1411610880000,1411611359000,178.267,178.283,178.232,178.26,782960000,8
1411611360000,1411611839000,178.266,178.277,178.193,178.268,689340000,8
1411611840000,1411612319000,178.264,178.308,178.218,178.234,845560000,8
1411612320000,1411612799000,178.232,178.278,178.2,178.232,737650000,8
1411612800000,1411613279000,178.232,178.255,178.143,178.185,648040000,8
1411613280000,1411613759000,178.187,178.188,178.092,178.135,936450000,8
1411613760000,1411614239000,178.136,178.203,178.13,178.155,1011610000,8
1411614240000,1411614719000,178.154,178.176,178.104,178.119,636780000,8
1411614720000,1411615199000,178.12,178.153,178.079,178.137,541670000,8
1411615200000,1411615679000,178.14,178.191,178.14,178.191,599550000,8
1411615680000,1411616159000,178.187,178.187,178.126,178.137,507870000,8
1411616160000,1411616639000,178.137,178.167,178.09,178.09,557550000,8
1411616640000,1411617119000,178.09,178.154,178.077,178.142,556980000,8
1411617120000,1411617599000,178.141,178.141,178.068,178.124,476600000,8
1411617600000,1411618079000,178.124,178.183,178.096,178.121,492710000,8
1411618080000,1411618559000,178.12,178.148,178.109,178.114,370080000,8
1411618560000,1411619039000,178.114,178.16,178.1,178.134,511310000,8
1411619040000,1411619519000,178.133,178.138,178.085,178.126,334540000,8
1411619520000,1411619999000,178.125,178.151,178.112,178.149,418820000,8
1411620000000,1411620479000,178.149,178.152,178.124,178.148,208530000,8
1411620480000,1411620959000,178.148,178.148,178.09,178.093,289110000,8
1411620960000,1411621439000,178.093,178.129,178.072,178.087,362000000,8
1411621440000,1411621919000,178.088,178.215,178.075,178.209,549390000,8
1411621920000,1411622399000,178.209,178.279,178.203,178.273,360140000,8
1411622400000,1411622879000,178.272,178.317,178.243,178.267,748540000,8
1411622880000,1411623359000,178.267,178.283,178.195,178.195,665640000,8
1411623360000,1411623839000,178.195,178.224,178.169,178.214,712280000,8
1411623840000,1411624319000,178.214,178.256,178.193,178.252,660290000,8
1411624320000,1411624799000,178.253,178.294,178.238,178.259,685780000,8
1411624800000,1411625279000,178.263,178.272,178.206,178.228,563000000,8
1411625280000,1411625759000,178.229,178.307,178.041,178.042,1225440000,8
1411625760000,1411626239000,178.035,178.241,178.005,178.207,2355030000,8
1411626240000,1411626719000,178.205,178.205,178.052,178.085,1442120000,8
1411626720000,1411627199000,178.085,178.114,177.975,178.039,1458440000,8
1411627200000,1411627679000,178.036,178.063,177.924,177.967,1715620000,8
1411627680000,1411628159000,177.967,177.98,177.823,177.89,2669290000,8
1411628160000,1411628639000,177.89,177.998,177.877,177.953,1581780000,8
1411628640000,1411629119000,177.955,178.027,177.955,178.007,1647520000,8
1411629120000,1411629599000,178.004,178.076,177.855,177.923,2388120000,8
1411629600000,1411630079000,177.925,178.059,177.906,178.037,1638210000,8
1411630080000,1411630559000,178.037,178.196,178.016,178.17,2243120000,8
1411630560000,1411631039000,178.167,178.207,178.113,178.199,1313100000,8
1411631040000,1411631519000,178.204,178.304,178.148,178.26,2318750000,8
1411631520000,1411631999000,178.26,178.324,178.17,178.272,2672440000,8
1411632000000,1411632479000,178.271,178.322,178.2,178.214,2485020000,8
1411632480000,1411632959000,178.219,178.257,178.074,178.089,1964960000,8
1411632960000,1411633439000,178.089,178.125,177.963,177.978,1700900000,8
1411633440000,1411633919000,177.976,178.038,177.94,178.03,1256520000,8
1411633920000,1411634399000,178.033,178.055,177.956,178.036,1519380000,8
1411634400000,1411634879000,178.039,178.109,177.973,178.044,1184560000,8
1411634880000,1411635359000,178.044,178.055,177.958,178.017,1239990000,8
1411635360000,1411635839000,178.017,178.122,178.009,178.083,1535600000,8
1411635840000,1411636319000,178.084,178.098,178.008,178.03,923820000,8
1411636320000,1411636799000,178.029,178.078,178.01,178.067,887700000,8
1411636800000,1411637279000,178.067,178.085,178.033,178.075,770710000,8
1411637280000,1411637759000,178.074,178.206,178.047,178.16,976960000,8
1411637760000,1411638239000,178.16,178.217,178.148,178.211,811860000,8
1411638240000,1411638719000,178.211,178.214,178.112,178.112,849810000,8
1411638720000,1411639199000,178.113,178.143,178.069,178.079,964230000,8
1411639200000,1411639679000,178.079,178.248,178.078,178.2,1045370000,8
1411639680000,1411640159000,178.2,178.217,178.145,178.158,1076440000,8
1411640160000,1411640639000,178.157,178.163,178.081,178.084,1072990000,8
1411640640000,1411641119000,178.083,178.095,178.025,178.03,975250000,8
1411641120000,1411641599000,178.03,178.155,178.019,178.109,1370600000,8
1411641600000,1411642079000,178.11,178.136,178.066,178.075,1268010000,8
1411642080000,1411642559000,178.075,178.107,178.037,178.089,1153500000,8
1411642560000,1411643039000,178.09,178.113,178.048,178.071,1317930000,8
1411643040000,1411643519000,178.071,178.087,177.989,178.03,975090000,8
1411643520000,1411643999000,178.028,178.169,178.014,178.096,1084690000,8
1411644000000,1411644479000,178.098,178.134,178.046,178.067,1101080000,8
1411644480000,1411644959000,178.064,178.075,178.018,178.045,1175280000,8
1411644960000,1411645439000,178.044,178.083,178.028,178.079,1108300000,8
1411645440000,1411645919000,178.079,178.093,178.018,178.018,862990000,8
1411645920000,1411646399000,178.018,178.028,177.902,177.922,1153900000,8
1411646400000,1411646879000,177.924,177.947,177.877,177.917,1209040000,8
1411646880000,1411647359000,177.917,178.018,177.912,177.929,1269730000,8
1411647360000,1411647839000,177.93,177.939,177.848,177.879,1178290000,8
1411647840000,1411648319000,177.877,178.018,177.849,177.892,1760030000,8
1411648320000,1411648799000,177.893,178.027,177.889,178.018,2280470000,8
1411648800000,1411649279000,178.02,178.268,177.895,178.187,3409450000,8
1411649280000,1411649759000,178.187,178.328,178.187,178.206,2017390000,8
1411649760000,1411650239000,178.202,178.333,178.144,178.321,2022310000,8
1411650240000,1411650719000,178.324,178.417,178.264,178.402,1652780000,8
1411650720000,1411651199000,178.402,178.443,178.331,178.331,1613650000,8
1411651200000,1411651679000,178.331,178.389,178.279,178.386,1452730000,8
1411651680000,1411652159000,178.386,178.403,178.161,178.186,1927160000,8
1411652160000,1411652639000,178.187,178.231,178.091,178.118,1598720000,8
1411652640000,1411653119000,178.118,178.207,177.914,177.92,2849720000,8
1411653120000,1411653599000,177.92,178.003,177.873,177.958,2547990000,8
1411653600000,1411654079000,177.957,177.982,177.852,177.968,2159660000,8
1411654080000,1411654559000,177.97,177.987,177.782,177.792,2101780000,8
1411654560000,1411655039000,177.789,177.825,177.488,177.536,2924890000,8
1411655040000,1411655519000,177.54,177.723,177.519,177.593,2412360000,8
1411655520000,1411655999000,177.591,177.667,177.561,177.614,2105520000,8
1411656000000,1411656479000,177.612,177.623,177.26,177.339,3352510000,8
1411656480000,1411656959000,177.343,177.44,177.293,177.374,2181100000,8
1411656960000,1411657439000,177.377,177.561,177.372,177.512,2150490000,8
1411657440000,1411657919000,177.513,177.555,177.399,177.496,2095610000,8
1411657920000,1411658399000,177.495,177.496,177.346,177.405,2331200000,8
1411658400000,1411658879000,177.405,177.446,177.289,177.401,1970930000,8
1411658880000,1411659359000,177.4,177.47,177.378,177.427,1892550000,8
1411659360000,1411659839000,177.427,177.436,177.337,177.347,1360830000,8
1411659840000,1411660319000,177.346,177.435,177.327,177.363,1666690000,8
1411660320000,1411660799000,177.364,177.37,177.287,177.299,1490560000,8
1411660800000,1411661279000,177.298,177.376,177.261,177.369,1336610000,8
1411661280000,1411661759000,177.367,177.386,177.272,177.319,1231100000,8
1411661760000,1411662239000,177.313,177.355,177.263,177.34,1137380000,8
1411662240000,1411662719000,177.338,177.351,177.249,177.295,1119340000,8
1411662720000,1411663199000,177.294,177.294,177.219,177.268,982790000,8
1411663200000,1411663679000,177.266,177.315,177.24,177.309,794140000,8
1411663680000,1411664159000,177.309,177.341,177.283,177.325,765860000,8
1411664160000,1411664639000,177.325,177.431,177.301,177.362,876160000,8
1411664640000,1411665119000,177.362,177.376,177.293,177.364,882950000,8
1411665120000,1411665599000,177.364,177.422,177.349,177.41,571280000,8
1411665600000,1411666079000,177.409,177.409,177.313,177.313,687270000,8
1411666080000,1411666559000,177.312,177.374,177.312,177.338,711400000,8
1411666560000,1411667039000,177.338,177.35,177.228,177.28,845730000,8
1411667040000,1411667519000,177.282,177.297,177.21,177.219,607130000,8
1411667520000,1411667999000,177.216,177.221,177.136,177.167,916090000,8
1411668000000,1411668479000,177.168,177.24,177.136,177.235,633250000,8
1411668480000,1411668959000,177.235,177.245,177.142,177.156,815700000,8
1411668960000,1411669439000,177.154,177.248,177.141,177.205,875210000,8
1411669440000,1411669919000,177.204,177.226,177.163,177.2,516470000,8
1411669920000,1411670399000,177.201,177.293,177.178,177.26,625180000,8
1411670400000,1411670879000,177.26,177.295,177.222,177.277,636520000,8
1411670880000,1411671359000,177.278,177.328,177.253,177.297,553610000,8
1411671360000,1411671839000,177.295,177.295,177.235,177.259,621000000,8
1411671840000,1411672319000,177.262,177.306,177.253,177.302,351680000,8
1411672320000,1411672799000,177.301,177.315,177.267,177.284,362930000,8
1411672800000,1411673279000,177.285,177.303,177.27,177.29,477730000,8
1411673280000,1411673759000,177.287,177.308,177.271,177.282,422140000,8
1411673760000,1411674239000,177.28,177.346,177.272,177.327,548560000,8
1411674240000,1411674719000,177.327,177.338,177.293,177.303,688130000,8
1411674720000,1411675199000,177.301,177.355,177.301,177.321,711580000,8
1411675200000,1411675679000,177.321,177.382,177.311,177.374,513200000,8
1411675680000,1411676159000,177.374,177.386,177.326,177.347,461380000,8
1411676160000,1411676639000,177.347,177.371,177.339,177.358,271210000,8
1411676640000,1411677119000,177.358,177.386,177.346,177.377,213250000,8
1411677120000,1411677599000,177.376,177.4,177.351,177.368,439490000,8
1411677600000,1411678079000,177.367,177.407,177.359,177.401,485610000,8
1411678080000,1411678559000,177.401,177.408,177.37,177.401,516150000,8
1411678560000,1411679039000,177.401,177.453,177.389,177.42,301640000,8
1411679040000,1411679519000,177.437,177.447,177.388,177.428,175500000,8
1411679520000,1411679999000,177.422,177.447,177.401,177.438,215190000,8
1411680000000,1411680479000,177.437,177.45,177.395,177.397,281540000,8
1411680480000,1411680959000,177.397,177.418,177.373,177.392,140320000,8
1411680960000,1411681439000,177.392,177.438,177.391,177.42,264180000,8
1411681440000,1411681919000,177.42,177.434,177.401,177.431,217950000,8
1411681920000,1411682399000,177.43,177.45,177.424,177.438,184730000,8
1411682400000,1411682879000,177.438,177.482,177.432,177.467,511460000,8
1411682880000,1411683359000,177.462,177.508,177.42,177.448,665820000,8
1411683360000,1411683839000,177.447,177.478,177.419,177.436,511160000,8
1411683840000,1411684319000,177.435,177.437,177.336,177.342,383580000,8
1411684320000,1411684799000,177.342,177.375,177.328,177.364,357570000,8
1411684800000,1411685279000,177.364,177.364,177.33,177.358,354830000,8
1411685280000,1411685759000,177.358,177.365,177.334,177.365,506700000,8
1411685760000,1411686239000,177.368,177.399,177.33,177.348,557380000,8
1411686240000,1411686719000,177.348,177.364,177.263,177.286,626620000,8
1411686720000,1411687199000,177.287,177.356,177.281,177.341,303110000,8
1411687200000,1411687679000,177.336,177.344,177.242,177.256,476400000,8
1411687680000,1411688159000,177.256,177.3,177.187,177.21,1122340000,8
1411688160000,1411688639000,177.207,177.283,177.157,177.261,813800000,8
1411688640000,1411689119000,177.261,177.395,177.259,177.389,637480000,8
1411689120000,1411689599000,177.389,177.416,177.341,177.389,519720000,8
1411689600000,1411690079000,177.391,177.395,177.276,177.355,887570000,8
1411690080000,1411690559000,177.352,177.411,177.31,177.31,846650000,8
1411690560000,1411691039000,177.31,177.393,177.309,177.337,727770000,8
1411691040000,1411691519000,177.339,177.366,177.285,177.302,623840000,8
1411691520000,1411691999000,177.302,177.343,177.301,177.313,722140000,8
1411692000000,1411692479000,177.316,177.323,177.207,177.215,607280000,8
1411692480000,1411692959000,177.215,177.268,177.146,177.261,1028580000,8
1411692960000,1411693439000,177.261,177.265,177.212,177.232,476400000,8
1411693440000,1411693919000,177.232,177.276,177.219,177.242,635610000,8
1411693920000,1411694399000,177.242,177.34,177.229,177.308,875760000,8
1411694400000,1411694879000,177.304,177.347,177.299,177.342,493360000,8
1411694880000,1411695359000,177.342,177.342,177.274,177.286,494510000,8
1411695360000,1411695839000,177.286,177.299,177.268,177.293,447400000,8
1411695840000,1411696319000,177.293,177.476,177.293,177.439,1046420000,8
1411696320000,1411696799000,177.44,177.496,177.41,177.48,897620000,8
1411696800000,1411697279000,177.48,177.627,177.453,177.584,1009470000,8
1411697280000,1411697759000,177.583,177.685,177.569,177.636,869150000,8
1411697760000,1411698239000,177.635,177.635,177.528,177.556,632380000,8
1411698240000,1411698719000,177.556,177.743,177.546,177.717,1285230000,8
1411698720000,1411699199000,177.717,177.817,177.684,177.761,1016840000,8
1411699200000,1411699679000,177.762,177.926,177.735,177.841,1481770000,8
1411699680000,1411700159000,177.843,177.913,177.8,177.807,846490000,8
1411700160000,1411700639000,177.807,177.848,177.793,177.808,733040000,8
1411700640000,1411701119000,177.808,177.809,177.697,177.728,934520000,8
1411701120000,1411701599000,177.729,177.745,177.699,177.74,428300000,8
1411701600000,1411702079000,177.736,177.755,177.674,177.753,476290000,8
1411702080000,1411702559000,177.755,177.757,177.703,177.731,439940000,8
1411702560000,1411703039000,177.735,177.735,177.633,177.664,514180000,8
1411703040000,1411703519000,177.663,177.668,177.619,177.63,469920000,8
1411703520000,1411703999000,177.63,177.656,177.591,177.604,318380000,8
1411704000000,1411704479000,177.604,177.654,177.604,177.619,334990000,8
1411704480000,1411704959000,177.62,177.668,177.593,177.635,426460000,8
1411704960000,1411705439000,177.635,177.751,177.633,177.751,541720000,8
1411705440000,1411705919000,177.747,177.747,177.674,177.677,639440000,8
1411705920000,1411706399000,177.679,177.7,177.629,177.644,476380000,8
1411706400000,1411706879000,177.645,177.684,177.598,177.615,588180000,8
1411706880000,1411707359000,177.615,177.702,177.612,177.667,600610000,8
1411707360000,1411707839000,177.667,177.758,177.667,177.712,859020000,8
1411707840000,1411708319000,177.712,177.795,177.69,177.772,596690000,8
1411708320000,1411708799000,177.77,177.789,177.727,177.728,736150000,8
1411708800000,1411709279000,177.733,177.788,177.67,177.738,1010920000,8
1411709280000,1411709759000,177.738,177.776,177.67,177.691,916130000,8
1411709760000,1411710239000,177.695,177.755,177.666,177.75,1013310000,8
1411710240000,1411710719000,177.75,177.776,177.692,177.694,956900000,8
1411710720000,1411711199000,177.694,177.745,177.667,177.719,1200610000,8
1411711200000,1411711679000,177.719,177.797,177.701,177.747,1480350000,8
1411711680000,1411712159000,177.749,177.878,177.744,177.861,1044790000,8
1411712160000,1411712639000,177.86,177.893,177.843,177.844,914090000,8
1411712640000,1411713119000,177.846,177.92,177.834,177.848,729420000,8
1411713120000,1411713599000,177.85,177.875,177.683,177.767,1007660000,8
1411713600000,1411714079000,177.769,177.82,177.729,177.746,1412710000,8
1411714080000,1411714559000,177.746,177.872,177.744,177.836,980650000,8
1411714560000,1411715039000,177.834,177.868,177.762,177.858,1495560000,8
1411715040000,1411715519000,177.857,177.861,177.652,177.654,1134430000,8
1411715520000,1411715999000,177.653,177.654,177.466,177.484,1931730000,8
1411716000000,1411716479000,177.484,177.617,177.476,177.606,1515490000,8
1411716480000,1411716959000,177.604,177.655,177.552,177.631,1538190000,8
1411716960000,1411717439000,177.63,177.703,177.601,177.672,1165460000,8
1411717440000,1411717919000,177.672,177.773,177.657,177.749,1291910000,8
1411717920000,1411718399000,177.749,177.757,177.622,177.647,1056360000,8
1411718400000,1411718879000,177.651,177.91,177.645,177.909,1370740000,8
1411718880000,1411719359000,177.909,177.934,177.833,177.908,1015960000,8
1411719360000,1411719839000,177.908,177.957,177.878,177.916,1333390000,8
1411719840000,1411720319000,177.916,177.952,177.882,177.891,1024140000,8
1411720320000,1411720799000,177.891,177.913,177.824,177.883,860240000,8
1411720800000,1411721279000,177.884,177.976,177.884,177.941,1096160000,8
1411721280000,1411721759000,177.941,177.942,177.857,177.9,789000000,8
1411721760000,1411722239000,177.9,178.041,177.898,178.026,847050000,8
1411722240000,1411722719000,178.025,178.103,177.989,177.989,916310000,8
1411722720000,1411723199000,177.988,178.042,177.897,177.941,1004250000,8
1411723200000,1411723679000,177.941,177.978,177.892,177.905,1057830000,8
1411723680000,1411724159000,177.905,177.918,177.833,177.886,568820000,8
1411724160000,1411724639000,177.887,177.961,177.886,177.948,541930000,8
1411724640000,1411725119000,177.948,177.99,177.911,177.939,744230000,8
1411725120000,1411725599000,177.939,178.007,177.897,177.994,914530000,8
1411725600000,1411726079000,177.996,178.01,177.96,177.975,700440000,8
1411726080000,1411726559000,177.977,177.984,177.88,177.925,750720000,8
1411726560000,1411727039000,177.925,177.948,177.883,177.901,414000000,8
1411727040000,1411727519000,177.901,177.932,177.848,177.857,813170000,8
1411727520000,1411727999000,177.858,177.923,177.825,177.923,554150000,8
1411728000000,1411728479000,177.921,177.962,177.888,177.896,757020000,8
1411728480000,1411728959000,177.896,177.95,177.878,177.95,752520000,8
1411728960000,1411729439000,177.947,177.992,177.908,177.908,959270000,8
1411729440000,1411729919000,177.906,177.971,177.884,177.971,1037610000,8
1411729920000,1411730399000,177.971,177.976,177.903,177.937,1085510000,8
1411730400000,1411730879000,177.937,177.966,177.903,177.931,748280000,8
1411730880000,1411731359000,177.931,177.973,177.888,177.889,983140000,8
1411731360000,1411731839000,177.888,177.966,177.881,177.917,968060000,8
1411731840000,1411732319000,177.92,177.968,177.854,177.868,686170000,8
1411732320000,1411732799000,177.872,177.95,177.837,177.881,697130000,8
1411732800000,1411733279000,177.885,177.958,177.885,177.901,992620000,8
1411733280000,1411733759000,177.904,177.974,177.904,177.97,832010000,8
1411733760000,1411734239000,177.968,178.002,177.935,177.945,937680000,8
1411734240000,1411734719000,177.943,177.968,177.824,177.849,1346480000,8
1411734720000,1411735199000,177.851,177.881,177.74,177.827,1578890000,8
1411735200000,1411735679000,177.827,177.911,177.772,177.855,1790300000,8
1411735680000,1411736159000,177.857,177.978,177.811,177.928,1660780000,8
1411736160000,1411736639000,177.93,177.995,177.899,177.917,1767120000,8
1411736640000,1411737119000,177.917,177.935,177.828,177.868,1608770000,8
1411737120000,1411737599000,177.863,177.864,177.702,177.751,1467620000,8
1411737600000,1411738079000,177.752,177.793,177.665,177.724,1460010000,8
1411738080000,1411738559000,177.726,177.772,177.707,177.762,1459030000,8
1411738560000,1411739039000,177.763,177.793,177.567,177.6,1979120000,8
1411739040000,1411739519000,177.599,177.696,177.594,177.679,1735170000,8
1411739520000,1411739999000,177.682,177.717,177.581,177.693,1950760000,8
1411740000000,1411740479000,177.688,177.783,177.661,177.736,1809030000,8
1411740480000,1411740959000,177.734,177.784,177.671,177.68,1615860000,8
1411740960000,1411741439000,177.682,177.814,177.648,177.757,1542430000,8
1411741440000,1411741919000,177.757,177.808,177.543,177.565,1763380000,8
1411741920000,1411742399000,177.567,177.593,177.39,177.408,2029870000,8
1411742400000,1411742879000,177.41,177.465,177.358,177.439,1578310000,8
1411742880000,1411743359000,177.435,177.537,177.435,177.476,1339400000,8
1411743360000,1411743839000,177.473,177.496,177.347,177.416,1768170000,8
1411743840000,1411744319000,177.415,177.507,177.401,177.476,1403670000,8
1411744320000,1411744799000,177.476,177.568,177.462,177.542,1155810000,8
1411744800000,1411745279000,177.542,177.565,177.503,177.522,1033550000,8
1411745280000,1411745759000,177.522,177.636,177.508,177.559,1065110000,8
1411745760000,1411746239000,177.559,177.648,177.546,177.619,952350000,8
1411746240000,1411746719000,177.619,177.695,177.613,177.691,1060210000,8
1411746720000,1411747199000,177.692,177.715,177.662,177.676,1034070000,8
1411747200000,1411747679000,177.679,177.703,177.563,177.626,945560000,8
1411747680000,1411748159000,177.626,177.642,177.59,177.59,603320000,8
1411748160000,1411748639000,177.59,177.59,177.509,177.54,697480000,8
1411748640000,1411749119000,177.532,177.564,177.512,177.556,584580000,8
1411749120000,1411749599000,177.56,177.693,177.542,177.657,652720000,8
1411749600000,1411750079000,177.655,177.683,177.608,177.672,554310000,8
1411750080000,1411750559000,177.672,177.68,177.64,177.652,404420000,8
1411750560000,1411751039000,177.652,177.671,177.583,177.671,524700000,8
1411751040000,1411751519000,177.671,177.692,177.646,177.673,473550000,8
1411751520000,1411751999000,177.674,177.689,177.644,177.666,591910000,8
1411752000000,1411752479000,177.666,177.703,177.638,177.65,636770000,8
1411752480000,1411752959000,177.646,177.713,177.643,177.685,474120000,8
1411752960000,1411753439000,177.686,177.691,177.638,177.648,458130000,8
1411753440000,1411753919000,177.646,177.688,177.643,177.657,327930000,8
1411753920000,1411754399000,177.657,177.703,177.657,177.669,433220000,8
1411754400000,1411754879000,177.671,177.723,177.663,177.708,593640000,8
1411754880000,1411755359000,177.705,177.72,177.666,177.696,633420000,8
1411755360000,1411755839000,177.694,177.852,177.688,177.81,787140000,8
1411755840000,1411756319000,177.809,177.952,177.797,177.85,714880000,8
1411756320000,1411756799000,177.85,177.858,177.774,177.8,696730000,8
1411756800000,1411757279000,177.8,177.805,177.694,177.722,458210000,8
1411757280000,1411757759000,177.722,177.742,177.658,177.682,563270000,8
1411757760000,1411758239000,177.682,177.763,177.661,177.725,801180000,8
1411758240000,1411758719000,177.726,177.8,177.714,177.714,465150000,8
1411758720000,1411759199000,177.713,177.729,177.579,177.587,515360000,8
1411759200000,1411759679000,177.586,177.636,177.541,177.562,567710000,8
1411759680000,1411760159000,177.562,177.596,177.514,177.518,348900000,8
1411760160000,1411760639000,177.518,177.569,177.518,177.569,284790000,8
1411760640000,1411761119000,177.571,177.593,177.542,177.542,360320000,8
1411761120000,1411761599000,177.544,177.563,177.517,177.522,408580000,8
1411761600000,1411762079000,177.522,177.551,177.509,177.551,224130000,8
1411762080000,1411762559000,177.551,177.554,177.452,177.539,446740000,8
1411762560000,1411763039000,177.541,177.608,177.532,177.603,206040000,8
1411763040000,1411763519000,177.603,177.603,177.552,177.567,188570000,8
1411763520000,1411763999000,177.567,177.618,177.562,177.607,256420000,8
1411764000000,1411764479000,177.607,177.618,177.591,177.611,397840000,8
1411764480000,1411764959000,177.613,177.618,177.456,177.464,425000000,8
1411764960000,1411765439000,177.468,177.523,177.46,177.481,224810000,8
1411765440000,1411765919000,177.481,177.481,177.481,177.481,0,8
1411765920000,1411766399000,177.481,177.481,177.481,177.481,0,8
1411766400000,1411766879000,177.481,177.481,177.481,177.481,0,8
1411766880000,1411767359000,177.481,177.481,177.481,177.481,0,8
1411767360000,1411767839000,177.481,177.481,177.481,177.481,0,8
1411767840000,1411768319000,177.481,177.481,177.481,177.481,0,8
1411768320000,1411768799000,177.481,177.481,177.481,177.481,0,8
1411768800000,1411769279000,177.481,177.481,177.481,177.481,0,8
1411769280000,1411769759000,177.481,177.481,177.481,177.481,0,8
1411769760000,1411770239000,177.481,177.481,177.481,177.481,0,8
1411770240000,1411770719000,177.481,177.481,177.481,177.481,0,8
1411770720000,1411771199000,177.481,177.481,177.481,177.481,0,8
1411771200000,1411771679000,177.481,177.481,177.481,177.481,0,8
1411771680000,1411772159000,177.481,177.481,177.481,177.481,0,8
1411772160000,1411772639000,177.481,177.481,177.481,177.481,0,8
1411772640000,1411773119000,177.481,177.481,177.481,177.481,0,8
1411773120000,1411773599000,177.481,177.481,177.481,177.481,0,8
1411773600000,1411774079000,177.481,177.481,177.481,177.481,0,8
1411774080000,1411774559000,177.481,177.481,177.481,177.481,0,8
1411774560000,1411775039000,177.481,177.481,177.481,177.481,0,8
1411775040000,1411775519000,177.481,177.481,177.481,177.481,0,8
1411775520000,1411775999000,177.481,177.481,177.481,177.481,0,8
1411938240000,1411938719000,177.272,177.428,177.253,177.339,747070000,8
1411940640000,1411941119000,177.54,177.583,177.536,177.567,160170000,8
1411941120000,1411941599000,177.567,177.636,177.493,177.513,306270000,8
1411941600000,1411942079000,177.522,177.656,177.522,177.65,171220000,8
1411942080000,1411942559000,177.647,177.73,177.64,177.719,324620000,8
1411942560000,1411943039000,177.719,177.729,177.572,177.667,214300000,8
1411943040000,1411943519000,177.667,177.769,177.646,177.759,517460000,8
1411943520000,1411943999000,177.755,177.814,177.747,177.75,562700000,8
1411944000000,1411944479000,177.749,177.757,177.674,177.682,477180000,8
1411944480000,1411944959000,177.678,177.807,177.66,177.76,769160000,8
1411944960000,1411945439000,177.76,177.761,177.708,177.708,642060000,8
1411945440000,1411945919000,177.708,177.708,177.62,177.67,601600000,8
1411945920000,1411946399000,177.666,177.666,177.57,177.585,663840000,8
1411946400000,1411946879000,177.587,177.662,177.587,177.634,429510000,8
1411946880000,1411947359000,177.634,177.685,177.613,177.679,414560000,8
1411947360000,1411947839000,177.676,177.73,177.659,177.665,617710000,8
1411947840000,1411948319000,177.666,177.688,177.64,177.655,866220000,8
1411948320000,1411948799000,177.654,177.684,177.635,177.65,577840000,8
1411948800000,1411949279000,177.648,177.674,177.593,177.636,1091400000,8
1411949280000,1411949759000,177.636,177.671,177.613,177.666,989970000,8
1411949760000,1411950239000,177.666,177.687,177.606,177.686,672410000,8
1411950240000,1411950719000,177.685,177.71,177.65,177.66,782050000,8
1411950720000,1411951199000,177.654,177.664,177.607,177.624,871420000,8
1411951200000,1411951679000,177.624,177.636,177.562,177.607,848400000,8
1411951680000,1411952159000,177.607,177.658,177.508,177.654,1081000000,8
1411952160000,1411952639000,177.655,177.683,177.578,177.598,951560000,8
1411952640000,1411953119000,177.598,177.742,177.593,177.737,824800000,8
1411953120000,1411953599000,177.737,177.786,177.698,177.746,1134190000,8
1411953600000,1411954079000,177.746,177.746,177.674,177.695,1118610000,8
1411954080000,1411954559000,177.695,177.712,177.616,177.675,774920000,8
1411954560000,1411955039000,177.675,177.719,177.665,177.665,386120000,8
1411955040000,1411955519000,177.665,177.789,177.665,177.757,913370000,8
1411955520000,1411955999000,177.76,177.76,177.7,177.733,732050000,8
1411956000000,1411956479000,177.733,177.758,177.694,177.699,1001790000,8
1411956480000,1411956959000,177.703,177.776,177.65,177.672,889300000,8
1411956960000,1411957439000,177.67,177.694,177.564,177.597,1006470000,8
1411957440000,1411957919000,177.596,177.604,177.523,177.565,626910000,8
1411957920000,1411958399000,177.565,177.633,177.565,177.608,527530000,8
1411958400000,1411958879000,177.61,177.628,177.584,177.621,332560000,8
1411958880000,1411959359000,177.621,177.655,177.597,177.611,677860000,8
1411959360000,1411959839000,177.611,177.643,177.558,177.606,886400000,8
1411959840000,1411960319000,177.616,177.634,177.59,177.604,453840000,8
1411960320000,1411960799000,177.604,177.631,177.597,177.608,361110000,8
1411960800000,1411961279000,177.608,177.636,177.607,177.623,260310000,8
1411961280000,1411961759000,177.623,177.645,177.562,177.596,622370000,8
1411961760000,1411962239000,177.596,177.61,177.559,177.565,366970000,8
1411962240000,1411962719000,177.565,177.59,177.542,177.556,266270000,8
1411962720000,1411963199000,177.556,177.559,177.473,177.531,577840000,8
1411963200000,1411963679000,177.528,177.532,177.451,177.482,592500000,8
1411963680000,1411964159000,177.482,177.587,177.478,177.56,461650000,8
1411964160000,1411964639000,177.56,177.57,177.539,177.568,259270000,8
1411964640000,1411965119000,177.57,177.6,177.564,177.584,325370000,8
1411965120000,1411965599000,177.579,177.586,177.551,177.571,164070000,8
1411965600000,1411966079000,177.571,177.59,177.553,177.585,213940000,8
1411966080000,1411966559000,177.585,177.61,177.552,177.575,535300000,8
1411966560000,1411967039000,177.575,177.684,177.562,177.668,575250000,8
1411967040000,1411967519000,177.675,177.886,177.671,177.863,1716250000,8
1411967520000,1411967999000,177.868,177.938,177.843,177.883,1152480000,8
1411968000000,1411968479000,177.887,177.948,177.883,177.906,763540000,8
1411968480000,1411968959000,177.906,177.995,177.895,177.979,987190000,8
1411968960000,1411969439000,177.982,178.048,177.957,178.012,1886330000,8
1411969440000,1411969919000,178.014,178.014,177.927,177.941,1507130000,8
1411969920000,1411970399000,177.942,177.951,177.836,177.847,1688660000,8
1411970400000,1411970879000,177.847,177.879,177.802,177.869,1850690000,8
1411970880000,1411971359000,177.869,177.925,177.848,177.911,1442310000,8
1411971360000,1411971839000,177.909,177.92,177.85,177.9,1454100000,8
1411971840000,1411972319000,177.901,177.94,177.833,177.867,1383970000,8
1411972320000,1411972799000,177.869,177.869,177.731,177.757,1860290000,8
1411972800000,1411973279000,177.759,177.87,177.749,177.788,2226540000,8
1411973280000,1411973759000,177.79,177.856,177.785,177.854,1179530000,8
1411973760000,1411974239000,177.854,177.942,177.786,177.928,2142640000,8
1411974240000,1411974719000,177.927,178.143,177.92,178.124,2038580000,8
1411974720000,1411975199000,178.124,178.146,177.99,178.112,2356510000,8
1411975200000,1411975679000,178.115,178.163,178.084,178.163,2147450000,8
1411975680000,1411976159000,178.163,178.179,178.088,178.128,2082580000,8
1411976160000,1411976639000,178.128,178.13,177.925,177.925,1835330000,8
1411976640000,1411977119000,177.925,177.965,177.884,177.901,1624740000,8
1411977120000,1411977599000,177.898,177.985,177.878,177.954,1480560000,8
1411977600000,1411978079000,177.954,178.005,177.906,177.985,1653650000,8
1411978080000,1411978559000,177.983,178.002,177.893,177.998,1630840000,8
1411978560000,1411979039000,177.997,178.053,177.997,178.02,1394060000,8
1411979040000,1411979519000,178.02,178.095,178.005,178.008,1374850000,8
1411979520000,1411979999000,178.005,178.015,177.925,177.944,1674340000,8
1411980000000,1411980479000,177.948,177.962,177.904,177.943,1415690000,8
1411980480000,1411980959000,177.943,177.998,177.921,177.93,1472180000,8
1411980960000,1411981439000,177.93,177.948,177.828,177.843,1594260000,8
1411981440000,1411981919000,177.839,177.907,177.832,177.843,1334930000,8
1411981920000,1411982399000,177.843,177.876,177.819,177.848,1400950000,8
1411982400000,1411982879000,177.848,177.864,177.707,177.842,1989690000,8
1411982880000,1411983359000,177.842,177.847,177.729,177.735,1581870000,8
1411983360000,1411983839000,177.735,177.785,177.685,177.776,1525410000,8
1411983840000,1411984319000,177.775,177.775,177.647,177.708,1533010000,8
1411984320000,1411984799000,177.707,177.784,177.687,177.784,1360010000,8
1411984800000,1411985279000,177.784,177.839,177.771,177.812,1020930000,8
1411985280000,1411985759000,177.812,177.844,177.694,177.703,922820000,8
1411985760000,1411986239000,177.703,177.752,177.627,177.667,1324820000,8
1411986240000,1411986719000,177.665,177.714,177.607,177.629,1166080000,8
1411986720000,1411987199000,177.629,177.64,177.564,177.615,1405370000,8
1411987200000,1411987679000,177.613,177.642,177.592,177.598,1558550000,8
1411987680000,1411988159000,177.599,177.738,177.588,177.707,1607250000,8
1411988160000,1411988639000,177.709,177.711,177.606,177.711,1326750000,8
1411988640000,1411989119000,177.711,177.718,177.632,177.656,833330000,8
1411989120000,1411989599000,177.656,177.676,177.536,177.538,1034090000,8
1411989600000,1411990079000,177.535,177.555,177.469,177.52,2476130000,8
1411990080000,1411990559000,177.519,177.607,177.483,177.557,2442960000,8
1411990560000,1411991039000,177.559,177.622,177.545,177.597,1975500000,8
1411991040000,1411991519000,177.597,177.651,177.578,177.616,1296380000,8
1411991520000,1411991999000,177.613,177.62,177.534,177.543,1697900000,8
1411992000000,1411992479000,177.543,177.556,177.452,177.515,2411420000,8
1411992480000,1411992959000,177.515,177.582,177.512,177.525,2862310000,8
1411992960000,1411993439000,177.525,177.577,177.502,177.543,2039020000,8
1411993440000,1411993919000,177.543,177.625,177.516,177.575,2367520000,8
1411993920000,1411994399000,177.575,177.668,177.551,177.613,2552560000,8
1411994400000,1411994879000,177.612,177.614,177.561,177.583,2686110000,8
1411994880000,1411995359000,177.583,177.638,177.498,177.515,3051600000,8
1411995360000,1411995839000,177.515,177.563,177.368,177.425,3632600000,8
1411995840000,1411996319000,177.425,177.547,177.419,177.495,3236680000,8
1411996320000,1411996799000,177.497,177.513,177.435,177.468,2355940000,8
1411996800000,1411997279000,177.466,177.551,177.459,177.495,2555460000,8
1411997280000,1411997759000,177.495,177.5,177.36,177.428,3118060000,8
1411997760000,1411998239000,177.429,177.465,177.406,177.442,2726760000,8
1411998240000,1411998719000,177.442,177.481,177.425,177.481,2294690000,8
1411998720000,1411999199000,177.481,177.553,177.456,177.521,1986720000,8
1411999200000,1411999679000,177.527,177.618,177.5,177.563,2430590000,8
1411999680000,1412000159000,177.563,177.599,177.53,177.599,2093040000,8
1412000160000,1412000639000,177.599,177.702,177.571,177.61,2181520000,8
1412000640000,1412001119000,177.61,177.64,177.564,177.582,1848590000,8
1412001120000,1412001599000,177.582,177.623,177.507,177.52,1750630000,8
1412001600000,1412002079000,177.52,177.585,177.507,177.519,1961550000,8
1412002080000,1412002559000,177.519,177.569,177.517,177.53,1998600000,8
1412002560000,1412003039000,177.53,177.673,177.504,177.575,2383190000,8
1412003040000,1412003519000,177.576,177.673,177.574,177.671,2328770000,8
1412003520000,1412003999000,177.671,177.833,177.671,177.798,2376080000,8
1412004000000,1412004479000,177.796,177.81,177.713,177.729,755460000,8
1412004480000,1412004959000,177.729,177.856,177.729,177.844,1298480000,8
1412004960000,1412005439000,177.844,177.859,177.813,177.824,1132420000,8
1412005440000,1412005919000,177.824,177.91,177.812,177.893,1119080000,8
1412005920000,1412006399000,177.893,177.966,177.893,177.958,1060030000,8
1412006400000,1412006879000,177.958,177.959,177.848,177.848,1003040000,8
1412006880000,1412007359000,177.853,177.898,177.79,177.853,1313530000,8
1412007360000,1412007839000,177.852,177.877,177.838,177.843,547520000,8
1412007840000,1412008319000,177.843,177.844,177.817,177.818,490240000,8
1412008320000,1412008799000,177.818,177.828,177.792,177.813,521880000,8
1412008800000,1412009279000,177.808,177.85,177.784,177.813,613800000,8
1412009280000,1412009759000,177.813,177.852,177.8,177.805,619780000,8
1412009760000,1412010239000,177.805,177.881,177.801,177.862,671210000,8
1412010240000,1412010719000,177.858,177.887,177.843,177.875,629800000,8
1412010720000,1412011199000,177.875,177.905,177.852,177.857,635720000,8
1412011200000,1412011679000,177.856,177.937,177.83,177.933,788050000,8
1412011680000,1412012159000,177.931,177.956,177.902,177.929,643280000,8
1412012160000,1412012639000,177.93,177.942,177.784,177.79,550150000,8
1412012640000,1412013119000,177.79,177.832,177.771,177.828,776770000,8
1412013120000,1412013599000,177.828,177.894,177.804,177.825,657690000,8
1412013600000,1412014079000,177.823,177.833,177.747,177.747,590610000,8
1412014080000,1412014559000,177.745,177.821,177.741,177.776,654160000,8
1412014560000,1412015039000,177.777,177.8,177.722,177.728,661100000,8
1412015040000,1412015519000,177.727,177.743,177.703,177.713,449620000,8
1412015520000,1412015999000,177.718,177.754,177.697,177.728,456730000,8
1412016000000,1412016479000,177.728,177.743,177.716,177.734,247170000,8
1412016480000,1412016959000,177.734,177.788,177.734,177.787,348880000,8
1412016960000,1412017439000,177.787,177.85,177.772,177.819,484050000,8
1412017440000,1412017919000,177.819,177.838,177.801,177.812,286900000,8
1412017920000,1412018399000,177.809,177.849,177.8,177.84,428620000,8
1412018400000,1412018879000,177.84,177.881,177.835,177.845,301060000,8
1412018880000,1412019359000,177.845,177.857,177.828,177.832,345980000,8
1412019360000,1412019839000,177.832,177.869,177.808,177.819,517430000,8
1412019840000,1412020319000,177.819,177.842,177.773,177.784,514490000,8
1412020320000,1412020799000,177.784,177.809,177.752,177.803,469600000,8
1412020800000,1412021279000,177.803,177.805,177.768,177.768,337450000,8
1412021280000,1412021759000,177.771,177.771,177.742,177.749,210760000,8
1412021760000,1412022239000,177.752,177.784,177.752,177.776,155140000,8
1412022240000,1412022719000,177.776,177.782,177.763,177.771,197070000,8
1412022720000,1412023199000,177.771,177.777,177.742,177.742,177310000,8
1412023200000,1412023679000,177.742,177.771,177.741,177.771,211540000,8
1412023680000,1412024159000,177.771,177.822,177.771,177.81,352680000,8
1412024160000,1412024639000,177.81,177.838,177.802,177.828,294300000,8
1412024640000,1412025119000,177.827,177.838,177.807,177.815,188120000,8
1412025120000,1412025599000,177.815,177.827,177.777,177.789,343200000,8
1412025600000,1412026079000,177.789,177.798,177.758,177.792,139090000,8
1412026080000,1412026559000,177.792,177.803,177.771,177.787,140310000,8
1412026560000,1412027039000,177.786,177.797,177.763,177.796,206540000,8
1412027040000,1412027519000,177.795,177.813,177.792,177.795,187070000,8
1412027520000,1412027999000,177.798,177.798,177.745,177.764,176460000,8
1412028000000,1412028479000,177.766,177.786,177.747,177.757,202530000,8
1412028480000,1412028959000,177.754,177.758,177.704,177.716,410710000,8
1412028960000,1412029439000,177.715,177.728,177.711,177.72,398740000,8
1412029440000,1412029919000,177.72,177.747,177.72,177.728,453120000,8
1412029920000,1412030399000,177.728,177.741,177.724,177.729,394100000,8
1412030400000,1412030879000,177.729,177.753,177.719,177.733,431180000,8
1412030880000,1412031359000,177.733,177.737,177.714,177.716,389840000,8
1412031360000,1412031839000,177.716,177.734,177.648,177.691,481970000,8
1412031840000,1412032319000,177.691,177.724,177.671,177.724,312760000,8
1412032320000,1412032799000,177.724,177.733,177.714,177.729,167690000,8
1412032800000,1412033279000,177.729,177.734,177.702,177.712,235840000,8
1412033280000,1412033759000,177.712,177.723,177.693,177.701,398590000,8
1412033760000,1412034239000,177.701,177.713,177.651,177.653,217440000,8
1412034240000,1412034719000,177.654,177.672,177.651,177.672,180350000,8
1412034720000,1412035199000,177.672,177.696,177.658,177.682,187420000,8
1412035200000,1412035679000,177.682,177.682,177.613,177.667,565950000,8
1412035680000,1412036159000,177.667,177.673,177.605,177.629,614370000,8
1412036160000,1412036639000,177.627,177.635,177.553,177.557,487140000,8
1412036640000,1412037119000,177.558,177.571,177.457,177.538,891980000,8
1412037120000,1412037599000,177.535,177.551,177.494,177.541,490120000,8
1412037600000,1412038079000,177.541,177.577,177.534,177.542,539840000,8
1412038080000,1412038559000,177.542,177.674,177.525,177.642,1092850000,8
1412038560000,1412039039000,177.642,177.728,177.621,177.677,1046570000,8
1412039040000,1412039519000,177.677,177.733,177.627,177.631,758070000,8
1412039520000,1412039999000,177.631,177.67,177.594,177.616,541160000,8
1412040000000,1412040479000,177.616,177.64,177.595,177.629,259800000,8
1412040480000,1412040959000,177.629,177.677,177.603,177.621,721880000,8
1412040960000,1412041439000,177.62,177.625,177.579,177.599,424230000,8
1412041440000,1412041919000,177.599,177.686,177.582,177.655,751060000,8
1412041920000,1412042399000,177.656,177.678,177.587,177.611,734380000,8
1412042400000,1412042879000,177.611,177.666,177.584,177.659,725290000,8
1412042880000,1412043359000,177.659,177.673,177.632,177.636,372620000,8
1412043360000,1412043839000,177.633,177.653,177.555,177.568,605010000,8
1412043840000,1412044319000,177.569,177.596,177.535,177.543,614760000,8
1412044320000,1412044799000,177.543,177.628,177.536,177.579,572670000,8
1412044800000,1412045279000,177.579,177.613,177.579,177.589,596960000,8
1412045280000,1412045759000,177.593,177.606,177.532,177.568,716720000,8
1412045760000,1412046239000,177.565,177.617,177.535,177.594,1046980000,8
1412046240000,1412046719000,177.596,177.643,177.568,177.579,505720000,8
1412046720000,1412047199000,177.579,177.608,177.544,177.57,458870000,8
1412047200000,1412047679000,177.57,177.653,177.557,177.605,964560000,8
1412047680000,1412048159000,177.603,177.663,177.568,177.618,1064210000,8
1412048160000,1412048639000,177.617,177.708,177.612,177.675,892050000,8
1412048640000,1412049119000,177.68,177.748,177.661,177.73,660550000,8
1412049120000,1412049599000,177.73,177.738,177.678,177.72,484380000,8
1412049600000,1412050079000,177.722,177.731,177.684,177.719,338900000,8
1412050080000,1412050559000,177.719,177.742,177.698,177.737,354760000,8
1412050560000,1412051039000,177.739,177.745,177.698,177.735,422350000,8
1412051040000,1412051519000,177.735,177.777,177.724,177.756,567160000,8
1412051520000,1412051999000,177.756,177.774,177.728,177.728,404380000,8
1412052000000,1412052479000,177.728,177.774,177.715,177.768,422020000,8
1412052480000,1412052959000,177.77,177.793,177.747,177.749,427000000,8
1412052960000,1412053439000,177.747,177.799,177.734,177.779,422200000,8
1412053440000,1412053919000,177.779,177.821,177.762,177.821,369780000,8
1412053920000,1412054399000,177.817,177.827,177.782,177.814,414050000,8
1412054400000,1412054879000,177.814,177.834,177.795,177.803,360210000,8
1412054880000,1412055359000,177.804,177.853,177.8,177.812,705050000,8
1412055360000,1412055839000,177.809,177.84,177.797,177.806,707640000,8
1412055840000,1412056319000,177.807,177.859,177.797,177.84,1163970000,8
1412056320000,1412056799000,177.838,177.86,177.767,177.828,1307750000,8
1412056800000,1412057279000,177.831,177.831,177.712,177.745,1433090000,8
1412057280000,1412057759000,177.744,177.934,177.734,177.88,1653560000,8
1412057760000,1412058239000,177.878,177.895,177.79,177.875,1898840000,8
1412058240000,1412058719000,177.875,177.928,177.734,177.885,2163180000,8
1412058720000,1412059199000,177.885,177.956,177.87,177.952,985670000,8
1412059200000,1412059679000,177.954,178.01,177.888,178.01,1218180000,8
1412059680000,1412060159000,178.01,178.011,177.943,177.951,677420000,8
1412060160000,1412060639000,177.949,178.018,177.889,178.003,1079970000,8
1412060640000,1412061119000,178.001,178.001,177.94,177.953,840870000,8
1412061120000,1412061599000,177.953,178.051,177.924,178.027,1048130000,8
1412061600000,1412062079000,178.026,178.091,177.987,178.023,1129900000,8
1412062080000,1412062559000,178.026,178.038,177.93,177.985,1331730000,8
1412062560000,1412063039000,177.986,178.023,177.964,177.977,965200000,8
1412063040000,1412063519000,177.976,178.003,177.928,177.978,701740000,8
1412063520000,1412063999000,177.98,177.99,177.867,177.974,1225280000,8
1412064000000,1412064479000,177.974,178.031,177.953,177.987,1143700000,8
1412064480000,1412064959000,177.987,177.989,177.932,177.95,980800000,8
1412064960000,1412065439000,177.949,177.965,177.924,177.943,870570000,8
1412065440000,1412065919000,177.944,178.103,177.944,178.041,1926460000,8
1412065920000,1412066399000,178.04,178.051,177.822,177.875,2000470000,8
1412066400000,1412066879000,177.875,178.109,177.871,178.063,2068430000,8
1412066880000,1412067359000,178.061,178.087,177.857,177.869,1553710000,8
1412067360000,1412067839000,177.868,177.935,177.574,177.617,2540020000,8
1412067840000,1412068319000,177.615,177.722,177.551,177.554,2994370000,8
1412068320000,1412068799000,177.557,177.682,177.523,177.612,2609980000,8
1412068800000,1412069279000,177.611,177.763,177.6,177.749,2604780000,8
1412069280000,1412069759000,177.752,177.815,177.687,177.735,2032910000,8
1412069760000,1412070239000,177.736,177.798,177.617,177.621,1983310000,8
1412070240000,1412070719000,177.619,177.768,177.603,177.634,1749030000,8
1412070720000,1412071199000,177.633,177.655,177.581,177.647,1386120000,8
1412071200000,1412071679000,177.647,177.721,177.587,177.715,1568320000,8
1412071680000,1412072159000,177.714,177.74,177.639,177.667,1153510000,8
1412072160000,1412072639000,177.667,177.692,177.623,177.65,1127650000,8
1412072640000,1412073119000,177.647,177.654,177.612,177.615,663790000,8
1412073120000,1412073599000,177.615,177.627,177.488,177.508,955410000,8
1412073600000,1412074079000,177.507,177.548,177.466,177.523,1051850000,8
1412074080000,1412074559000,177.522,177.605,177.472,177.538,1415560000,8
1412074560000,1412075039000,177.538,177.562,177.406,177.488,1995220000,8
1412075040000,1412075519000,177.487,177.501,177.361,177.485,1644580000,8
1412075520000,1412075999000,177.484,177.572,177.459,177.56,1201860000,8
1412076000000,1412076479000,177.559,177.623,177.489,177.599,1558960000,8
1412076480000,1412076959000,177.598,177.726,177.593,177.665,1598530000,8
1412076960000,1412077439000,177.665,177.739,177.64,177.716,1367950000,8
1412077440000,1412077919000,177.716,177.772,177.675,177.723,1150250000,8
1412077920000,1412078399000,177.726,177.764,177.707,177.739,1311760000,8
1412078400000,1412078879000,177.739,177.74,177.653,177.685,1026090000,8
1412078880000,1412079359000,177.684,177.687,177.545,177.656,1464850000,8
1412079360000,1412079839000,177.662,177.732,177.635,177.73,1536010000,8
1412079840000,1412080319000,177.723,177.91,177.72,177.91,1657860000,8
1412080320000,1412080799000,177.909,177.971,177.845,177.861,1542070000,8
1412080800000,1412081279000,177.861,177.879,177.776,177.856,1192810000,8
1412081280000,1412081759000,177.857,177.955,177.796,177.929,1435500000,8
1412081760000,1412082239000,177.928,177.983,177.889,177.889,1676540000,8
1412082240000,1412082719000,177.887,177.889,177.645,177.699,1970830000,8
1412082720000,1412083199000,177.697,177.759,177.68,177.714,1526070000,8
1412083200000,1412083679000,177.712,177.774,177.688,177.709,1359410000,8
1412083680000,1412084159000,177.709,177.785,177.689,177.73,1537940000,8
1412084160000,1412084639000,177.725,177.741,177.671,177.684,1639200000,8
1412084640000,1412085119000,177.684,177.753,177.641,177.7,2334070000,8
1412085120000,1412085599000,177.698,177.846,177.689,177.817,1908060000,8
1412085600000,1412086079000,177.81,177.832,177.706,177.809,2089570000,8
1412086080000,1412086559000,177.809,177.945,177.791,177.915,1789440000,8
1412086560000,1412087039000,177.915,177.933,177.745,177.802,1708270000,8
1412087040000,1412087519000,177.8,177.816,177.704,177.735,1819830000,8
1412087520000,1412087999000,177.735,177.76,177.661,177.715,1706200000,8
1412088000000,1412088479000,177.716,177.821,177.677,177.746,1539900000,8
1412088480000,1412088959000,177.746,177.847,177.73,177.844,1473870000,8
1412088960000,1412089439000,177.846,177.897,177.799,177.84,2072130000,8
1412089440000,1412089919000,177.843,177.938,177.795,177.902,1521110000,8
1412089920000,1412090399000,177.901,178.0,177.877,177.935,1376410000,8
1412090400000,1412090879000,177.933,177.999,177.896,177.913,1329950000,8
1412090880000,1412091359000,177.913,177.972,177.891,177.972,1457280000,8
1412091360000,1412091839000,177.971,177.988,177.897,177.966,1558210000,8
1412091840000,1412092319000,177.966,177.985,177.909,177.948,1087480000,8
1412092320000,1412092799000,177.949,177.958,177.853,177.866,1089580000,8
1412092800000,1412093279000,177.87,177.902,177.796,177.859,1244510000,8
1412093280000,1412093759000,177.859,177.951,177.846,177.923,752380000,8
1412093760000,1412094239000,177.921,177.969,177.861,177.912,992010000,8
1412094240000,1412094719000,177.914,177.916,177.842,177.858,859270000,8
1412094720000,1412095199000,177.857,177.892,177.826,177.828,611970000,8
1412095200000,1412095679000,177.83,177.884,177.823,177.873,721060000,8
1412095680000,1412096159000,177.873,177.888,177.834,177.844,608640000,8
1412096160000,1412096639000,177.844,177.896,177.819,177.878,728980000,8
1412096640000,1412097119000,177.878,177.91,177.843,177.863,710630000,8
1412097120000,1412097599000,177.863,177.876,177.797,177.797,514500000,8
1412097600000,1412098079000,177.796,177.856,177.762,177.846,704010000,8
1412098080000,1412098559000,177.844,177.873,177.774,177.828,917240000,8
1412098560000,1412099039000,177.83,177.862,177.772,177.772,699310000,8
1412099040000,1412099519000,177.77,177.825,177.687,177.7,724590000,8
1412099520000,1412099999000,177.703,177.758,177.679,177.75,810190000,8
1412100000000,1412100479000,177.753,177.764,177.722,177.74,580720000,8
1412100480000,1412100959000,177.738,177.765,177.718,177.733,571190000,8
1412100960000,1412101439000,177.734,177.736,177.674,177.698,744940000,8
1412101440000,1412101919000,177.696,177.754,177.669,177.752,620830000,8
1412101920000,1412102399000,177.752,177.756,177.72,177.735,641070000,8
1412102400000,1412102879000,177.735,177.758,177.701,177.758,580450000,8
1412102880000,1412103359000,177.757,177.793,177.74,177.778,867850000,8
1412103360000,1412103839000,177.778,177.784,177.707,177.741,951500000,8
1412103840000,1412104319000,177.742,177.765,177.727,177.727,451610000,8
1412104320000,1412104799000,177.728,177.774,177.724,177.764,426570000,8
1412104800000,1412105279000,177.765,177.814,177.765,177.781,428820000,8
1412105280000,1412105759000,177.782,177.823,177.777,177.821,372290000,8
1412105760000,1412106239000,177.821,177.84,177.771,177.774,392910000,8
1412106240000,1412106719000,177.774,177.801,177.754,177.781,336280000,8
1412106720000,1412107199000,177.779,177.813,177.74,177.791,601230000,8
1412107200000,1412107679000,177.791,177.791,177.76,177.769,269950000,8
1412107680000,1412108159000,177.769,177.784,177.745,177.761,267200000,8
1412108160000,1412108639000,177.761,177.767,177.748,177.749,104080000,8
1412108640000,1412109119000,177.749,177.751,177.736,177.737,125130000,8
1412109120000,1412109599000,177.74,177.747,177.725,177.742,169520000,8
1412109600000,1412110079000,177.742,177.761,177.725,177.76,285460000,8
1412110080000,1412110559000,177.759,177.796,177.751,177.758,255780000,8
1412110560000,1412111039000,177.757,177.772,177.713,177.738,102010000,8
1412111040000,1412111519000,177.736,177.797,177.727,177.734,194200000,8
1412111520000,1412111999000,177.734,177.749,177.711,177.729,153980000,8
1412112000000,1412112479000,177.729,177.737,177.66,177.692,321450000,8
1412112480000,1412112959000,177.692,177.712,177.652,177.709,217580000,8
1412112960000,1412113439000,177.712,177.713,177.637,177.688,457880000,8
1412113440000,1412113919000,177.688,177.713,177.672,177.712,232850000,8
1412113920000,1412114399000,177.713,177.732,177.694,177.722,163010000,8
1412114400000,1412114879000,177.72,177.77,177.717,177.75,235280000,8
1412114880000,1412115359000,177.75,177.792,177.738,177.764,459670000,8
1412115360000,1412115839000,177.764,177.773,177.737,177.77,315790000,8
1412115840000,1412116319000,177.768,177.773,177.74,177.766,415600000,8
1412116320000,1412116799000,177.766,177.783,177.753,177.762,376190000,8
1412116800000,1412117279000,177.762,177.762,177.731,177.731,263840000,8
1412117280000,1412117759000,177.731,177.759,177.725,177.738,226230000,8
1412117760000,1412118239000,177.738,177.768,177.732,177.765,177920000,8
1412118240000,1412118719000,177.763,177.763,177.724,177.74,186590000,8
1412118720000,1412119199000,177.739,177.795,177.739,177.783,160900000,8
1412119200000,1412119679000,177.783,177.842,177.776,177.838,318550000,8
1412119680000,1412120159000,177.838,177.88,177.815,177.856,387510000,8
1412120160000,1412120639000,177.856,177.903,177.845,177.862,407110000,8
1412120640000,1412121119000,177.862,177.905,177.764,177.788,815650000,8
1412121120000,1412121599000,177.791,177.826,177.779,177.806,246080000,8
