openEpochMillis,closeEpochMillis,open,high,low,close,volume,sourceBars
1343779200000,1343779679000,1.2334,1.2338,1.23317,1.2336,499170000,8
1343779680000,1343780159000,1.2336,1.23374,1.23338,1.23339,375240000,8
1343780160000,1343780639000,1.23342,1.23346,1.23299,1.23312,500190000,8
1343780640000,1343781119000,1.2331,1.2334,1.2331,1.23329,299130000,8
1343781120000,1343781599000,1.23329,1.23342,1.2331,1.23323,424050000,8
1343781600000,1343782079000,1.23323,1.23351,1.23313,1.2334,348120000,8
1343782080000,1343782559000,1.23342,1.23358,1.23267,1.23305,828900000,8
1343782560000,1343783039000,1.23305,1.23328,1.23276,1.23277,852030000,8
1343783040000,1343783519000,1.23277,1.23303,1.23271,1.23279,831470000,8
1343783520000,1343783999000,1.23279,1.233,1.23254,1.2328,674800000,8
1343784000000,1343784479000,1.2328,1.23284,1.23258,1.23263,555620000,8
1343784480000,1343784959000,1.23267,1.23292,1.23267,1.23274,558810000,8
1343784960000,1343785439000,1.23274,1.23279,1.2324,1.23254,451370000,8
1343785440000,1343785919000,1.23255,1.23279,1.23243,1.23253,338690000,8
1343785920000,1343786399000,1.23256,1.23261,1.2323,1.2324,398500000,8
1343786400000,1343786879000,1.2324,1.2325,1.23229,1.23246,385400000,8
1343786880000,1343787359000,1.23246,1.23297,1.23245,1.23291,571180000,8
1343787360000,1343787839000,1.23291,1.23299,1.23286,1.23293,274970000,8
1343787840000,1343788319000,1.23293,1.23338,1.23293,1.23321,344240000,8
1343788320000,1343788799000,1.23319,1.23347,1.23319,1.23331,216670000,8
1343788800000,1343789279000,1.23329,1.23343,1.23312,1.23319,448470000,8
1343789280000,1343789759000,1.23317,1.23326,1.23302,1.23325,279660000,8
1343789760000,1343790239000,1.23325,1.23325,1.23278,1.23283,466550000,8
1343790240000,1343790719000,1.23282,1.23301,1.23282,1.23292,410780000,8
1343790720000,1343791199000,1.23292,1.23295,1.2328,1.2329,243220000,8
1343791200000,1343791679000,1.2329,1.23293,1.23279,1.23283,351380000,8
1343791680000,1343792159000,1.23283,1.23312,1.23283,1.23304,337990000,8
1343792160000,1343792639000,1.23304,1.2331,1.23293,1.233,231710000,8
1343792640000,1343793119000,1.233,1.23307,1.23289,1.23296,209140000,8
1343793120000,1343793599000,1.23296,1.23297,1.23279,1.23283,206800000,8
1343793600000,1343794079000,1.23284,1.23292,1.23279,1.2329,188820000,8
1343794080000,1343794559000,1.23286,1.233,1.23286,1.23292,258030000,8
1343794560000,1343795039000,1.23295,1.23295,1.23282,1.23283,170110000,8
1343795040000,1343795519000,1.23282,1.23291,1.23272,1.23276,229950000,8
1343795520000,1343795999000,1.23272,1.23274,1.23252,1.23254,304320000,8
1343796000000,1343796479000,1.23254,1.23257,1.2323,1.23238,213960000,8
1343796480000,1343796959000,1.23241,1.23255,1.23239,1.23251,238740000,8
1343796960000,1343797439000,1.23251,1.23255,1.2323,1.23243,318100000,8
1343797440000,1343797919000,1.23243,1.23267,1.23241,1.23261,262680000,8
1343797920000,1343798399000,1.23261,1.23274,1.23245,1.23245,264630000,8
1343798400000,1343798879000,1.23245,1.2326,1.23224,1.23253,247630000,8
1343798880000,1343799359000,1.23253,1.23292,1.23237,1.23279,1223670000,8
1343799360000,1343799839000,1.2328,1.23346,1.23268,1.23342,1200240000,8
1343799840000,1343800319000,1.23339,1.23353,1.23313,1.23337,823070000,8
1343800320000,1343800799000,1.23339,1.23399,1.23337,1.23376,1078390000,8
1343800800000,1343801279000,1.23376,1.23384,1.23358,1.23368,695530000,8
1343801280000,1343801759000,1.23368,1.23374,1.23334,1.23358,477190000,8
1343801760000,1343802239000,1.23358,1.23384,1.23338,1.23362,718350000,8
1343802240000,1343802719000,1.23362,1.23372,1.23348,1.23356,632780000,8
1343802720000,1343803199000,1.23353,1.23385,1.23348,1.23358,468280000,8
1343803200000,1343803679000,1.23361,1.23362,1.23327,1.23343,671670000,8
1343803680000,1343804159000,1.23345,1.23359,1.2333,1.23349,499110000,8
1343804160000,1343804639000,1.23349,1.23349,1.23297,1.23307,933500000,8
1343804640000,1343805119000,1.23308,1.23354,1.23292,1.23341,1421890000,8
1343805120000,1343805599000,1.23341,1.23468,1.23338,1.23454,2074460000,8
1343805600000,1343806079000,1.2345,1.23479,1.23399,1.23411,1704150000,8
1343806080000,1343806559000,1.23406,1.23452,1.2339,1.23411,1291030000,8
1343806560000,1343807039000,1.23412,1.23421,1.2337,1.23384,963790000,8
1343807040000,1343807519000,1.23385,1.23391,1.23335,1.23338,1059180000,8
1343807520000,1343807999000,1.23335,1.2334,1.23253,1.23291,1237290000,8
1343808000000,1343808479000,1.23291,1.23327,1.2328,1.23312,1490190000,8
1343808480000,1343808959000,1.2331,1.23313,1.23267,1.23293,1242530000,8
1343808960000,1343809439000,1.23293,1.23365,1.2329,1.23315,1095190000,8
1343809440000,1343809919000,1.23318,1.23379,1.233,1.23311,1303150000,8
1343809920000,1343810399000,1.23311,1.23312,1.23169,1.23267,2372600000,8
1343810400000,1343810879000,1.23263,1.23326,1.23221,1.23285,2121470000,8
1343810880000,1343811359000,1.23285,1.23312,1.23269,1.23279,1582780000,8
1343811360000,1343811839000,1.23277,1.23286,1.23236,1.23267,1362970000,8
1343811840000,1343812319000,1.23264,1.23308,1.23212,1.23219,1280880000,8
1343812320000,1343812799000,1.23218,1.2324,1.23181,1.23185,1400750000,8
1343812800000,1343813279000,1.23185,1.23213,1.2318,1.23191,1042790000,8
1343813280000,1343813759000,1.23191,1.23214,1.23141,1.2317,1148970000,8
1343813760000,1343814239000,1.23173,1.23186,1.23145,1.23168,1048380000,8
1343814240000,1343814719000,1.23168,1.23209,1.23143,1.23161,1081410000,8
1343814720000,1343815199000,1.23165,1.23212,1.23144,1.23196,927420000,8
1343815200000,1343815679000,1.23196,1.23201,1.23127,1.23162,1005520000,8
1343815680000,1343816159000,1.23162,1.23199,1.23152,1.23194,1027590000,8
1343816160000,1343816639000,1.23191,1.23236,1.23139,1.23231,1142450000,8
1343816640000,1343817119000,1.23231,1.23267,1.23218,1.23245,913070000,8
1343817120000,1343817599000,1.23247,1.23266,1.23227,1.23258,1066330000,8
1343817600000,1343818079000,1.23255,1.23261,1.23225,1.23251,1185760000,8
1343818080000,1343818559000,1.23253,1.23276,1.23239,1.2324,832220000,8
1343818560000,1343819039000,1.23243,1.23262,1.23227,1.23236,1117050000,8
1343819040000,1343819519000,1.23235,1.23257,1.23209,1.2324,1152350000,8
1343819520000,1343819999000,1.23244,1.23254,1.2322,1.23238,1127110000,8
1343820000000,1343820479000,1.2324,1.23263,1.23181,1.23219,1207270000,8
1343820480000,1343820959000,1.23213,1.23298,1.23213,1.23288,1178860000,8
1343820960000,1343821439000,1.23288,1.23358,1.23281,1.23339,1023140000,8
1343821440000,1343821919000,1.23338,1.2334,1.23287,1.23307,1020620000,8
1343821920000,1343822399000,1.23308,1.23313,1.2328,1.23309,897450000,8
1343822400000,1343822879000,1.23312,1.23312,1.2322,1.23261,1227750000,8
1343822880000,1343823359000,1.23258,1.23297,1.23116,1.23169,1319620000,8
1343823360000,1343823839000,1.23169,1.23185,1.23083,1.23115,1907360000,8
1343823840000,1343824319000,1.23114,1.23179,1.23081,1.2315,1521930000,8
1343824320000,1343824799000,1.23151,1.23189,1.23113,1.2316,1341320000,8
1343824800000,1343825279000,1.23158,1.23191,1.23123,1.23181,1306310000,8
1343825280000,1343825759000,1.23185,1.23232,1.23153,1.23189,1252230000,8
1343825760000,1343826239000,1.23188,1.23273,1.2317,1.23271,1253740000,8
1343826240000,1343826719000,1.23269,1.23303,1.23241,1.23248,1566090000,8
1343826720000,1343827199000,1.23243,1.23288,1.2321,1.23282,1285400000,8
1343827200000,1343827679000,1.23284,1.23298,1.23235,1.23262,1139680000,8
1343827680000,1343828159000,1.23262,1.23337,1.23251,1.233,1594410000,8
1343828160000,1343828639000,1.23299,1.23329,1.23261,1.23326,1580030000,8
1343828640000,1343829119000,1.23328,1.23379,1.23294,1.2332,1398470000,8
1343829120000,1343829599000,1.23322,1.23343,1.23282,1.23282,1460360000,8
1343829600000,1343830079000,1.23289,1.23428,1.23289,1.23315,2252960000,8
1343830080000,1343830559000,1.23317,1.23328,1.23252,1.23262,1729880000,8
1343830560000,1343831039000,1.2326,1.23261,1.23191,1.23236,1906270000,8
1343831040000,1343831519000,1.23237,1.23251,1.23172,1.23176,1726440000,8
1343831520000,1343831999000,1.23177,1.23186,1.23129,1.23147,1709950000,8
1343832000000,1343832479000,1.23148,1.23186,1.23126,1.23179,1468810000,8
1343832480000,1343832959000,1.23183,1.23205,1.23152,1.23154,1235230000,8
1343832960000,1343833439000,1.23155,1.2319,1.23063,1.23159,1913140000,8
1343833440000,1343833919000,1.23159,1.23171,1.23108,1.23134,1462360000,8
1343833920000,1343834399000,1.23131,1.23157,1.23106,1.23122,1463920000,8
1343834400000,1343834879000,1.23119,1.23167,1.23115,1.2315,1214500000,8
1343834880000,1343835359000,1.23147,1.23165,1.23093,1.23105,1184190000,8
1343835360000,1343835839000,1.23104,1.23186,1.23085,1.23168,967390000,8
1343835840000,1343836319000,1.23168,1.23192,1.23147,1.23172,1052140000,8
1343836320000,1343836799000,1.23176,1.23236,1.23153,1.23187,1032470000,8
1343836800000,1343837279000,1.23187,1.23209,1.23162,1.23165,845740000,8
1343837280000,1343837759000,1.23164,1.23186,1.23152,1.23167,844870000,8
1343837760000,1343838239000,1.23164,1.2319,1.23148,1.23157,776230000,8
1343838240000,1343838719000,1.23159,1.23164,1.23124,1.23143,802920000,8
1343838720000,1343839199000,1.23141,1.23151,1.2311,1.23113,806340000,8
1343839200000,1343839679000,1.23113,1.23168,1.23109,1.2316,883590000,8
1343839680000,1343840159000,1.23159,1.23165,1.23128,1.23135,842720000,8
1343840160000,1343840639000,1.23135,1.23173,1.23131,1.23166,711860000,8
1343840640000,1343841119000,1.23166,1.23167,1.23129,1.23158,730370000,8
1343841120000,1343841599000,1.23162,1.23185,1.23149,1.23179,803460000,8
1343841600000,1343842079000,1.23179,1.23204,1.23173,1.23191,636970000,8
1343842080000,1343842559000,1.23191,1.23205,1.23171,1.232,559460000,8
1343842560000,1343843039000,1.23201,1.23211,1.23164,1.23179,752160000,8
1343843040000,1343843519000,1.2318,1.23224,1.23169,1.23218,621110000,8
1343843520000,1343843999000,1.23217,1.23234,1.23191,1.23192,612650000,8
1343844000000,1343844479000,1.23192,1.23227,1.23162,1.23191,909300000,8
1343844480000,1343844959000,1.23193,1.23247,1.22881,1.23011,1030100000,8
1343844960000,1343845439000,1.23011,1.23165,1.22859,1.2304,3383180000,8
1343845440000,1343845919000,1.2304,1.23096,1.22922,1.22954,2948220000,8
1343845920000,1343846399000,1.22951,1.22982,1.22884,1.22936,2181780000,8
1343846400000,1343846879000,1.22935,1.22972,1.22866,1.22867,1705000000,8
1343846880000,1343847359000,1.22869,1.22984,1.22826,1.22949,2186420000,8
1343847360000,1343847839000,1.22947,1.22959,1.22818,1.22879,1818570000,8
1343847840000,1343848319000,1.22876,1.2295,1.22864,1.22896,1485730000,8
1343848320000,1343848799000,1.22899,1.22918,1.22843,1.22844,1127970000,8
1343848800000,1343849279000,1.22844,1.22876,1.2283,1.22867,1002390000,8
1343849280000,1343849759000,1.22869,1.22896,1.22831,1.22859,1000240000,8
1343849760000,1343850239000,1.22856,1.22874,1.22786,1.22793,1534750000,8
1343850240000,1343850719000,1.22793,1.22829,1.22781,1.22803,1059160000,8
1343850720000,1343851199000,1.22801,1.22845,1.22794,1.22835,1064580000,8
1343851200000,1343851679000,1.22834,1.22851,1.2282,1.22832,484000000,8
1343851680000,1343852159000,1.2283,1.22869,1.22824,1.22858,639100000,8
1343852160000,1343852639000,1.22858,1.22881,1.22837,1.22872,532710000,8
1343852640000,1343853119000,1.22875,1.22883,1.22846,1.22875,359190000,8
1343853120000,1343853599000,1.22875,1.22889,1.2285,1.22878,295160000,8
1343853600000,1343854079000,1.22881,1.22905,1.22868,1.22902,361590000,8
1343854080000,1343854559000,1.22904,1.22961,1.22891,1.22915,346470000,8
1343854560000,1343855039000,1.22915,1.22958,1.2289,1.22909,183200000,8
1343855040000,1343855519000,1.22898,1.22927,1.22898,1.22925,90940000,8
1343855520000,1343855999000,1.22918,1.22941,1.22918,1.22933,102760000,8
1343856000000,1343856479000,1.22936,1.22937,1.2291,1.22925,170270000,8
1343856480000,1343856959000,1.22928,1.22929,1.22915,1.22919,118350000,8
1343856960000,1343857439000,1.22919,1.22946,1.22911,1.22923,225910000,8
1343857440000,1343857919000,1.22925,1.22939,1.22915,1.22917,170300000,8
1343857920000,1343858399000,1.22923,1.22937,1.22919,1.2293,164700000,8
1343858400000,1343858879000,1.22929,1.22932,1.22915,1.22925,244140000,8
1343858880000,1343859359000,1.22925,1.22948,1.22915,1.22936,283050000,8
1343859360000,1343859839000,1.22934,1.22965,1.22921,1.2295,314250000,8
1343859840000,1343860319000,1.2295,1.22955,1.22925,1.22925,303600000,8
1343860320000,1343860799000,1.22925,1.2294,1.22925,1.22938,64650000,8
1343860800000,1343861279000,1.22934,1.22953,1.22926,1.22953,356250000,8
1343861280000,1343861759000,1.2295,1.22957,1.22929,1.22937,291000000,8
1343861760000,1343862239000,1.22936,1.22966,1.2293,1.2293,200800000,8
1343862240000,1343862719000,1.2293,1.22957,1.2293,1.22949,164400000,8
1343862720000,1343863199000,1.22952,1.22969,1.22935,1.22938,284250000,8
1343863200000,1343863679000,1.22938,1.2297,1.22932,1.22967,295500000,8
1343863680000,1343864159000,1.2297,1.22992,1.22956,1.22983,534910000,8
1343864160000,1343864639000,1.22983,1.23006,1.22973,1.22977,468540000,8
1343864640000,1343865119000,1.22977,1.22993,1.2296,1.22991,200250000,8
1343865120000,1343865599000,1.22988,1.22994,1.2297,1.22975,172560000,8
1343865600000,1343866079000,1.22975,1.22983,1.22947,1.2295,472990000,8
1343866080000,1343866559000,1.2295,1.22962,1.22906,1.22945,496000000,8
1343866560000,1343867039000,1.22946,1.2298,1.22907,1.22958,621440000,8
1343867040000,1343867519000,1.22961,1.22987,1.22932,1.22962,740530000,8
1343867520000,1343867999000,1.22961,1.22992,1.22911,1.2294,791310000,8
1343868000000,1343868479000,1.2294,1.22946,1.2288,1.22942,920250000,8
1343868480000,1343868959000,1.22942,1.22948,1.22898,1.22924,556360000,8
1343868960000,1343869439000,1.22924,1.22952,1.22905,1.22913,847390000,8
1343869440000,1343869919000,1.22913,1.22966,1.22907,1.2294,593870000,8
1343869920000,1343870399000,1.22938,1.22946,1.229,1.22901,515930000,8
1343870400000,1343870879000,1.22906,1.22958,1.22892,1.22958,752100000,8
1343870880000,1343871359000,1.22956,1.22964,1.22919,1.2293,657710000,8
1343871360000,1343871839000,1.22931,1.22948,1.22918,1.22935,259490000,8
1343871840000,1343872319000,1.22933,1.22995,1.22933,1.22986,496750000,8
1343872320000,1343872799000,1.22985,1.2299,1.22964,1.22981,284040000,8
1343872800000,1343873279000,1.2298,1.22989,1.22957,1.22971,241480000,8
1343873280000,1343873759000,1.22971,1.22985,1.22953,1.2296,558660000,8
1343873760000,1343874239000,1.22964,1.2301,1.22952,1.22992,648810000,8
1343874240000,1343874719000,1.22992,1.22994,1.22941,1.22971,528180000,8
1343874720000,1343875199000,1.22971,1.23011,1.22965,1.23011,448040000,8
1343875200000,1343875679000,1.23008,1.23014,1.22971,1.23,306850000,8
1343875680000,1343876159000,1.23,1.23028,1.22992,1.23003,398830000,8
1343876160000,1343876639000,1.23002,1.23018,1.22983,1.23001,575970000,8
1343876640000,1343877119000,1.23001,1.23013,1.22989,1.23005,423460000,8
1343877120000,1343877599000,1.23003,1.23028,1.23001,1.23014,407880000,8
1343877600000,1343878079000,1.23015,1.23062,1.23014,1.23045,473190000,8
1343878080000,1343878559000,1.23045,1.23078,1.23038,1.23072,321760000,8
1343878560000,1343879039000,1.23072,1.23082,1.2305,1.2308,403380000,8
1343879040000,1343879519000,1.23073,1.23098,1.2305,1.23073,346500000,8
1343879520000,1343879999000,1.23073,1.23087,1.23058,1.23084,172850000,8
1343880000000,1343880479000,1.23084,1.23095,1.23069,1.23081,378100000,8
1343880480000,1343880959000,1.23079,1.23086,1.23061,1.23082,296620000,8
1343880960000,1343881439000,1.23082,1.23129,1.23079,1.23095,412650000,8
1343881440000,1343881919000,1.23092,1.2314,1.23091,1.23108,578810000,8
1343881920000,1343882399000,1.23111,1.23124,1.23089,1.23111,548680000,8
1343882400000,1343882879000,1.23113,1.23153,1.23112,1.23145,477670000,8
1343882880000,1343883359000,1.23141,1.23153,1.23114,1.23139,309190000,8
1343883360000,1343883839000,1.23139,1.2314,1.23082,1.23094,584330000,8
1343883840000,1343884319000,1.23092,1.23092,1.23055,1.2309,563570000,8
1343884320000,1343884799000,1.2309,1.2314,1.2309,1.23126,347680000,8
1343884800000,1343885279000,1.23124,1.23178,1.23115,1.23169,368330000,8
1343885280000,1343885759000,1.23174,1.23208,1.23168,1.23173,447010000,8
1343885760000,1343886239000,1.23173,1.23206,1.23165,1.23202,390210000,8
1343886240000,1343886719000,1.23202,1.23206,1.23169,1.23179,524820000,8
1343886720000,1343887199000,1.23184,1.23195,1.23141,1.23176,456410000,8
1343887200000,1343887679000,1.23178,1.23218,1.23158,1.23184,944370000,8
1343887680000,1343888159000,1.23184,1.23202,1.23144,1.23151,953350000,8
1343888160000,1343888639000,1.2315,1.23183,1.23136,1.23167,613570000,8
1343888640000,1343889119000,1.23167,1.23184,1.23135,1.23144,673110000,8
1343889120000,1343889599000,1.23144,1.2315,1.23098,1.23116,942570000,8
1343889600000,1343890079000,1.23116,1.23144,1.23113,1.2312,643890000,8
1343890080000,1343890559000,1.23123,1.23163,1.23088,1.23152,793120000,8
1343890560000,1343891039000,1.23153,1.23171,1.23114,1.23144,910950000,8
1343891040000,1343891519000,1.23144,1.23148,1.23058,1.23061,1231860000,8
1343891520000,1343891999000,1.23061,1.23138,1.23061,1.23111,1207110000,8
1343892000000,1343892479000,1.23111,1.23149,1.23088,1.23145,1337160000,8
1343892480000,1343892959000,1.2314,1.2321,1.2314,1.23196,1363630000,8
1343892960000,1343893439000,1.23194,1.23253,1.23179,1.23182,1595850000,8
1343893440000,1343893919000,1.2318,1.23197,1.23127,1.23146,1060760000,8
1343893920000,1343894399000,1.23143,1.23219,1.23139,1.23213,1012230000,8
1343894400000,1343894879000,1.23213,1.23233,1.23176,1.23203,1179960000,8
1343894880000,1343895359000,1.232,1.23248,1.23188,1.23225,1146760000,8
1343895360000,1343895839000,1.23223,1.23228,1.23155,1.23204,1217990000,8
1343895840000,1343896319000,1.23201,1.2321,1.23169,1.23188,873470000,8
1343896320000,1343896799000,1.23188,1.23319,1.23185,1.23283,1745420000,8
1343896800000,1343897279000,1.23283,1.23344,1.23252,1.23306,1626130000,8
1343897280000,1343897759000,1.23307,1.23331,1.23285,1.23306,1249580000,8
1343897760000,1343898239000,1.23306,1.23316,1.23236,1.23283,961800000,8
1343898240000,1343898719000,1.23282,1.23364,1.23278,1.23297,1569570000,8
1343898720000,1343899199000,1.23298,1.23314,1.23257,1.2327,1034590000,8
1343899200000,1343899679000,1.23271,1.23292,1.23254,1.23283,1079750000,8
1343899680000,1343900159000,1.23282,1.2337,1.23268,1.23293,1543940000,8
1343900160000,1343900639000,1.23295,1.23322,1.23261,1.23274,1210160000,8
1343900640000,1343901119000,1.23271,1.23276,1.23221,1.23266,1412090000,8
1343901120000,1343901599000,1.23266,1.23269,1.23128,1.23149,1198520000,8
1343901600000,1343902079000,1.2315,1.2315,1.23093,1.23099,1118080000,8
1343902080000,1343902559000,1.23102,1.23162,1.23094,1.23134,865190000,8
1343902560000,1343903039000,1.23134,1.23143,1.2309,1.23092,964850000,8
1343903040000,1343903519000,1.23092,1.23113,1.23044,1.23097,1142720000,8
1343903520000,1343903999000,1.23097,1.23121,1.23079,1.2308,844400000,8
1343904000000,1343904479000,1.23079,1.23143,1.23069,1.23113,1163370000,8
1343904480000,1343904959000,1.2311,1.23114,1.23053,1.23057,1030370000,8
1343904960000,1343905439000,1.23057,1.23098,1.2303,1.23054,1409480000,8
1343905440000,1343905919000,1.23056,1.23063,1.22948,1.22974,1421120000,8
1343905920000,1343906399000,1.22974,1.23059,1.22962,1.23043,1242220000,8
1343906400000,1343906879000,1.23045,1.23105,1.23044,1.23081,1122330000,8
1343906880000,1343907359000,1.23081,1.23085,1.22973,1.23026,1510860000,8
1343907360000,1343907839000,1.23028,1.23136,1.22983,1.23007,1728420000,8
1343907840000,1343908319000,1.23006,1.23295,1.22997,1.23262,2686580000,8
1343908320000,1343908799000,1.23267,1.23381,1.23265,1.23313,2230550000,8
1343908800000,1343909279000,1.23313,1.23585,1.2331,1.23557,2446920000,8
1343909280000,1343909759000,1.23561,1.23746,1.23521,1.23687,2963110000,8
1343909760000,1343910239000,1.23687,1.23724,1.2359,1.23647,2057700000,8
1343910240000,1343910719000,1.23647,1.23781,1.23505,1.23758,2170900000,8
1343910720000,1343911199000,1.23715,1.24083,1.23538,1.23586,3041200000,8
1343911200000,1343911679000,1.23591,1.23622,1.23264,1.2333,3803760000,8
1343911680000,1343912159000,1.23326,1.23329,1.22736,1.22773,3605770000,8
1343912160000,1343912639000,1.22781,1.22933,1.2261,1.2265,6239800000,8
1343912640000,1343913119000,1.22654,1.22762,1.22523,1.22746,1586100000,8
1343913120000,1343913599000,1.22746,1.22799,1.2255,1.22624,2304660000,8
1343913600000,1343914079000,1.22637,1.22648,1.2247,1.22618,5286520000,8
1343914080000,1343914559000,1.22619,1.22741,1.22538,1.2273,3341600000,8
1343914560000,1343915039000,1.22725,1.22738,1.22622,1.22643,2795690000,8
1343915040000,1343915519000,1.22646,1.22656,1.22553,1.22611,2356610000,8
1343915520000,1343915999000,1.22606,1.22669,1.22583,1.2266,2226250000,8
1343916000000,1343916479000,1.2266,1.22743,1.22549,1.22591,2272620000,8
1343916480000,1343916959000,1.22593,1.22654,1.22557,1.22608,1716660000,8
1343916960000,1343917439000,1.22608,1.22621,1.2248,1.2252,2051670000,8
1343917440000,1343917919000,1.2252,1.22543,1.22366,1.22367,1951810000,8
1343917920000,1343918399000,1.22367,1.22377,1.22293,1.22328,2266100000,8
1343918400000,1343918879000,1.22322,1.22367,1.22276,1.22315,1760210000,8
1343918880000,1343919359000,1.22314,1.22356,1.22158,1.22167,2423340000,8
1343919360000,1343919839000,1.22161,1.22216,1.22001,1.22026,2967410000,8
1343919840000,1343920319000,1.22026,1.22069,1.21963,1.22012,2375340000,8
1343920320000,1343920799000,1.22011,1.2208,1.22002,1.22005,2136110000,8
1343920800000,1343921279000,1.22006,1.22081,1.21977,1.22011,2711480000,8
1343921280000,1343921759000,1.22017,1.22147,1.2201,1.22106,1857510000,8
1343921760000,1343922239000,1.22108,1.22202,1.22071,1.22188,1593280000,8
1343922240000,1343922719000,1.22188,1.22274,1.22188,1.22257,1354950000,8
1343922720000,1343923199000,1.22257,1.22262,1.222,1.22234,1797230000,8
1343923200000,1343923679000,1.22234,1.22254,1.22214,1.22233,1146910000,8
1343923680000,1343924159000,1.2223,1.2224,1.22209,1.2222,653010000,8
1343924160000,1343924639000,1.2222,1.22345,1.2222,1.22328,855790000,8
1343924640000,1343925119000,1.22327,1.22387,1.22299,1.22355,1212160000,8
1343925120000,1343925599000,1.22353,1.22408,1.22333,1.22389,1247650000,8
1343925600000,1343926079000,1.22389,1.22432,1.22367,1.22432,1036230000,8
1343926080000,1343926559000,1.22427,1.22465,1.22411,1.22455,819910000,8
1343926560000,1343927039000,1.22455,1.22495,1.22437,1.22458,1412240000,8
1343927040000,1343927519000,1.2246,1.2252,1.22455,1.22458,743220000,8
1343927520000,1343927999000,1.22459,1.22499,1.22452,1.22478,681170000,8
1343928000000,1343928479000,1.22479,1.22489,1.2246,1.22461,297740000,8
1343928480000,1343928959000,1.22461,1.22489,1.2243,1.22462,625660000,8
1343928960000,1343929439000,1.22461,1.22481,1.22439,1.22447,630160000,8
1343929440000,1343929919000,1.22447,1.22515,1.22447,1.22512,542100000,8
1343929920000,1343930399000,1.22511,1.2255,1.22493,1.2255,688630000,8
1343930400000,1343930879000,1.22549,1.22599,1.22545,1.22591,661840000,8
1343930880000,1343931359000,1.22592,1.22602,1.22571,1.22592,362890000,8
1343931360000,1343931839000,1.22593,1.22609,1.22571,1.22609,386550000,8
1343931840000,1343932319000,1.22609,1.22619,1.22589,1.22614,715070000,8
1343932320000,1343932799000,1.22614,1.22662,1.22602,1.22619,823320000,8
1343932800000,1343933279000,1.22619,1.22686,1.22608,1.22658,943230000,8
1343933280000,1343933759000,1.22659,1.22697,1.22641,1.22665,681680000,8
1343933760000,1343934239000,1.22665,1.22694,1.22632,1.22686,717720000,8
1343934240000,1343934719000,1.22686,1.22717,1.22628,1.22707,557260000,8
1343934720000,1343935199000,1.22705,1.22739,1.22693,1.22696,584740000,8
1343935200000,1343935679000,1.22696,1.22711,1.22676,1.22697,459510000,8
1343935680000,1343936159000,1.22699,1.2276,1.22694,1.22696,653800000,8
1343936160000,1343936639000,1.22697,1.22707,1.22672,1.22703,574090000,8
1343936640000,1343937119000,1.22703,1.22717,1.22673,1.22684,528190000,8
1343937120000,1343937599000,1.22682,1.22711,1.22665,1.22681,687370000,8
1343937600000,1343938079000,1.22683,1.2269,1.22634,1.22642,261890000,8
1343938080000,1343938559000,1.22645,1.22697,1.22638,1.22691,396510000,8
1343938560000,1343939039000,1.22689,1.22707,1.2267,1.2267,151850000,8
1343939040000,1343939519000,1.2267,1.2267,1.22626,1.22654,262530000,8
1343939520000,1343939999000,1.22654,1.22675,1.22644,1.22653,272530000,8
1343940000000,1343940479000,1.22653,1.22658,1.22609,1.22626,239360000,8
1343940480000,1343940959000,1.22628,1.22697,1.22628,1.22671,362930000,8
1343940960000,1343941439000,1.22675,1.22712,1.22661,1.22661,169980000,8
1343941440000,1343941919000,1.2266,1.22665,1.22655,1.22665,159700000,8
1343941920000,1343942399000,1.2266,1.22686,1.22655,1.22668,214390000,8
1343942400000,1343942879000,1.22665,1.22699,1.22665,1.22671,127940000,8
1343942880000,1343943359000,1.22676,1.22681,1.22665,1.22667,167300000,8
1343943360000,1343943839000,1.22665,1.2269,1.22665,1.22677,73960000,8
1343943840000,1343944319000,1.22677,1.22704,1.22677,1.22683,73520000,8
1343944320000,1343944799000,1.22684,1.22713,1.22675,1.22697,222530000,8
1343944800000,1343945279000,1.22697,1.22715,1.22677,1.2268,341620000,8
1343945280000,1343945759000,1.22683,1.22687,1.22677,1.22687,310960000,8
1343945760000,1343946239000,1.22688,1.22704,1.2268,1.22695,368450000,8
1343946240000,1343946719000,1.22695,1.22695,1.2268,1.2268,65550000,8
1343946720000,1343947199000,1.2268,1.2268,1.2268,1.2268,29400000,8
1343947200000,1343947679000,1.2268,1.22698,1.2268,1.2268,61650000,8
1343947680000,1343948159000,1.2268,1.2268,1.2268,1.2268,29550000,8
1343948160000,1343948639000,1.22695,1.22695,1.2268,1.2268,77180000,8
1343948640000,1343949119000,1.2268,1.22693,1.2263,1.2268,86500000,8
1343949120000,1343949599000,1.2268,1.22687,1.2268,1.22682,41950000,8
1343949600000,1343950079000,1.22682,1.22693,1.22681,1.2269,99550000,8
1343950080000,1343950559000,1.22692,1.22692,1.2268,1.2268,54580000,8
1343950560000,1343951039000,1.2268,1.2268,1.22675,1.22675,8200000,8
1343951040000,1343951519000,1.22675,1.22698,1.22675,1.22675,169120000,8
1343951520000,1343951999000,1.22675,1.22683,1.22675,1.22675,128600000,8
1343952000000,1343952479000,1.22677,1.22678,1.22634,1.22638,492150000,8
1343952480000,1343952959000,1.22638,1.22659,1.22616,1.22641,386510000,8
1343952960000,1343953439000,1.22641,1.22648,1.22587,1.22604,471540000,8
1343953440000,1343953919000,1.22604,1.22619,1.22557,1.22557,602250000,8
1343953920000,1343954399000,1.22557,1.22577,1.2253,1.22558,432520000,8
1343954400000,1343954879000,1.22555,1.22558,1.22513,1.22534,497860000,8
1343954880000,1343955359000,1.22534,1.22534,1.22425,1.22465,889200000,8
1343955360000,1343955839000,1.22464,1.22526,1.22464,1.22503,387550000,8
1343955840000,1343956319000,1.22503,1.22528,1.22463,1.22518,635260000,8
1343956320000,1343956799000,1.22518,1.22533,1.22484,1.22514,480980000,8
1343956800000,1343957279000,1.22511,1.22526,1.22493,1.22506,479250000,8
1343957280000,1343957759000,1.22512,1.22521,1.22485,1.22489,371240000,8
1343957760000,1343958239000,1.22487,1.22523,1.22476,1.22523,226810000,8
1343958240000,1343958719000,1.22523,1.22529,1.22486,1.22499,542090000,8
1343958720000,1343959199000,1.22499,1.22512,1.22486,1.225,343360000,8
1343959200000,1343959679000,1.225,1.22507,1.22486,1.2249,186470000,8
1343959680000,1343960159000,1.2249,1.22508,1.22483,1.22503,222750000,8
1343960160000,1343960639000,1.22504,1.2252,1.22493,1.2251,423000000,8
1343960640000,1343961119000,1.22507,1.22522,1.22475,1.22481,386440000,8
1343961120000,1343961599000,1.22481,1.22502,1.22468,1.22501,295360000,8
1343961600000,1343962079000,1.22501,1.22514,1.2247,1.22507,165000000,8
1343962080000,1343962559000,1.22506,1.22526,1.22471,1.22484,268050000,8
1343962560000,1343963039000,1.22485,1.22504,1.2248,1.22499,225420000,8
1343963040000,1343963519000,1.22502,1.22506,1.22454,1.22454,182120000,8
1343963520000,1343963999000,1.22454,1.2246,1.22432,1.22443,258000000,8
1343964000000,1343964479000,1.22445,1.2249,1.22434,1.22473,316790000,8
1343964480000,1343964959000,1.22476,1.22492,1.2247,1.22481,150410000,8
1343964960000,1343965439000,1.22481,1.22492,1.22471,1.22486,149440000,8
1343965440000,1343965919000,1.22485,1.22488,1.22456,1.22466,270470000,8
1343965920000,1343966399000,1.22466,1.22477,1.22454,1.22465,201000000,8
1343966400000,1343966879000,1.22461,1.22481,1.22457,1.22458,143250000,8
1343966880000,1343967359000,1.2246,1.22462,1.22447,1.22455,126750000,8
1343967360000,1343967839000,1.22456,1.22462,1.22446,1.22458,89890000,8
1343967840000,1343968319000,1.22463,1.22499,1.22459,1.22476,220500000,8
1343968320000,1343968799000,1.22477,1.22485,1.22465,1.22474,155440000,8
1343968800000,1343969279000,1.22474,1.22474,1.22448,1.22465,156000000,8
1343969280000,1343969759000,1.22468,1.22479,1.22459,1.22472,113000000,8
1343969760000,1343970239000,1.22472,1.22481,1.22466,1.2247,87750000,8
1343970240000,1343970719000,1.22474,1.22482,1.22451,1.22477,151500000,8
1343970720000,1343971199000,1.22479,1.22551,1.22479,1.22532,672670000,8
1343971200000,1343971679000,1.22532,1.2257,1.22523,1.2253,526280000,8
1343971680000,1343972159000,1.22532,1.22556,1.22516,1.22536,364940000,8
1343972160000,1343972639000,1.22531,1.22556,1.22523,1.22537,508410000,8
1343972640000,1343973119000,1.2253,1.22569,1.22521,1.22569,378290000,8
1343973120000,1343973599000,1.2257,1.22602,1.2255,1.22602,354390000,8
1343973600000,1343974079000,1.22605,1.22614,1.22542,1.22542,584100000,8
1343974080000,1343974559000,1.22542,1.22542,1.22497,1.2251,769560000,8
1343974560000,1343975039000,1.22508,1.2259,1.22498,1.22574,924620000,8
1343975040000,1343975519000,1.22574,1.22598,1.22563,1.22577,707380000,8
1343975520000,1343975999000,1.22577,1.22612,1.2257,1.22592,477090000,8
1343976000000,1343976479000,1.22597,1.22601,1.22561,1.22563,594130000,8
1343976480000,1343976959000,1.22567,1.22598,1.2256,1.22592,675660000,8
1343976960000,1343977439000,1.22592,1.22601,1.2256,1.22564,1069930000,8
1343977440000,1343977919000,1.2257,1.22595,1.22548,1.22574,1490190000,8
1343977920000,1343978399000,1.22576,1.22582,1.22499,1.22532,1483170000,8
1343978400000,1343978879000,1.22531,1.22598,1.22531,1.22595,1521130000,8
1343978880000,1343979359000,1.22594,1.22632,1.2257,1.22604,1469710000,8
1343979360000,1343979839000,1.226,1.22615,1.22538,1.2255,1490320000,8
1343979840000,1343980319000,1.22548,1.22582,1.22528,1.22555,1177780000,8
1343980320000,1343980799000,1.22553,1.2263,1.22553,1.22615,1416020000,8
1343980800000,1343981279000,1.2262,1.22651,1.22602,1.22623,1797020000,8
1343981280000,1343981759000,1.22626,1.22658,1.22602,1.2263,1736060000,8
1343981760000,1343982239000,1.22628,1.22636,1.22585,1.22602,1606600000,8
1343982240000,1343982719000,1.226,1.22602,1.2255,1.22558,991730000,8
1343982720000,1343983199000,1.22558,1.22566,1.2249,1.22503,1364020000,8
1343983200000,1343983679000,1.22508,1.22517,1.22455,1.22501,1230530000,8
1343983680000,1343984159000,1.22504,1.2255,1.22465,1.22472,1324310000,8
1343984160000,1343984639000,1.22473,1.22558,1.22473,1.22536,1235860000,8
1343984640000,1343985119000,1.22536,1.22573,1.22516,1.22566,1465780000,8
1343985120000,1343985599000,1.22565,1.22602,1.22524,1.22601,1429140000,8
1343985600000,1343986079000,1.22601,1.2269,1.22552,1.22648,1693990000,8
1343986080000,1343986559000,1.22645,1.22732,1.22622,1.2273,2014400000,8
1343986560000,1343987039000,1.22732,1.22732,1.22668,1.22684,1350910000,8
1343987040000,1343987519000,1.22686,1.22704,1.2265,1.22669,1583400000,8
1343987520000,1343987999000,1.22673,1.22689,1.2262,1.22674,1435460000,8
1343988000000,1343988479000,1.22677,1.22698,1.22625,1.22648,1614570000,8
1343988480000,1343988959000,1.22648,1.22687,1.22639,1.22661,1536920000,8
1343988960000,1343989439000,1.22657,1.22685,1.2263,1.22668,1067960000,8
1343989440000,1343989919000,1.22672,1.22856,1.22665,1.22838,1890760000,8
1343989920000,1343990399000,1.22836,1.22872,1.22814,1.22844,1738910000,8
1343990400000,1343990879000,1.22842,1.22887,1.22809,1.22876,1496440000,8
1343990880000,1343991359000,1.22873,1.23089,1.22873,1.2305,2567250000,8
1343991360000,1343991839000,1.2305,1.23122,1.23009,1.23095,2516830000,8
1343991840000,1343992319000,1.23095,1.23113,1.23034,1.23045,1610270000,8
1343992320000,1343992799000,1.23042,1.23057,1.22964,1.23025,1402730000,8
1343992800000,1343993279000,1.23025,1.23058,1.23004,1.23022,1244610000,8
1343993280000,1343993759000,1.2302,1.23047,1.22995,1.23018,1568850000,8
1343993760000,1343994239000,1.23019,1.23045,1.22939,1.22962,1419850000,8
1343994240000,1343994719000,1.22962,1.22972,1.22893,1.229,1431900000,8
1343994720000,1343995199000,1.229,1.22954,1.22891,1.22939,1315050000,8
1343995200000,1343995679000,1.22936,1.22938,1.22825,1.22833,1869190000,8
1343995680000,1343996159000,1.22831,1.22833,1.22761,1.22792,1989560000,8
1343996160000,1343996639000,1.22793,1.2287,1.22782,1.22827,2089120000,8
1343996640000,1343997119000,1.22828,1.22879,1.22462,1.22572,2260680000,8
1343997120000,1343997599000,1.22562,1.22693,1.22473,1.22592,3399150000,8
1343997600000,1343998079000,1.22587,1.22825,1.22578,1.22722,2802160000,8
1343998080000,1343998559000,1.22721,1.22731,1.22527,1.2261,2516140000,8
1343998560000,1343999039000,1.22616,1.22692,1.22533,1.22568,2106240000,8
1343999040000,1343999519000,1.22572,1.22747,1.22534,1.22712,2645740000,8
1343999520000,1343999999000,1.22712,1.22859,1.22704,1.22838,1922000000,8
1344000000000,1344000479000,1.2284,1.23049,1.2283,1.22963,2793610000,8
1344000480000,1344000959000,1.22961,1.23021,1.22865,1.22873,2446510000,8
1344000960000,1344001439000,1.22875,1.23003,1.22862,1.22978,2158400000,8
1344001440000,1344001919000,1.22978,1.23237,1.2296,1.23194,2794120000,8
1344001920000,1344002399000,1.23199,1.23239,1.23131,1.23131,2284470000,8
1344002400000,1344002879000,1.23125,1.23251,1.23046,1.23063,2739830000,8
1344002880000,1344003359000,1.23063,1.23109,1.23027,1.23046,1892900000,8
1344003360000,1344003839000,1.23049,1.23167,1.22991,1.2316,2052410000,8
1344003840000,1344004319000,1.23161,1.23245,1.23124,1.23235,2563370000,8
1344004320000,1344004799000,1.23233,1.23296,1.23204,1.23232,2083340000,8
1344004800000,1344005279000,1.23236,1.23328,1.23216,1.23306,1785590000,8
1344005280000,1344005759000,1.23302,1.23333,1.23227,1.23229,1490380000,8
1344005760000,1344006239000,1.23229,1.23393,1.23218,1.23385,2121100000,8
1344006240000,1344006719000,1.23385,1.23411,1.23305,1.2331,1764560000,8
1344006720000,1344007199000,1.23313,1.23511,1.23302,1.23469,2449120000,8
1344007200000,1344007679000,1.23469,1.23525,1.23442,1.23457,1316100000,8
1344007680000,1344008159000,1.23461,1.23486,1.23413,1.23458,1602520000,8
1344008160000,1344008639000,1.23458,1.23511,1.23458,1.23482,1252560000,8
1344008640000,1344009119000,1.23482,1.23576,1.23468,1.23548,1254900000,8
1344009120000,1344009599000,1.23547,1.23732,1.23538,1.23716,2193930000,8
1344009600000,1344010079000,1.23717,1.23754,1.2362,1.23667,1751810000,8
1344010080000,1344010559000,1.2367,1.23699,1.23607,1.23626,1277950000,8
1344010560000,1344011039000,1.23621,1.23649,1.23611,1.23613,931620000,8
1344011040000,1344011519000,1.23615,1.23626,1.23548,1.23563,1057260000,8
1344011520000,1344011999000,1.2356,1.23594,1.2355,1.23584,987430000,8
1344012000000,1344012479000,1.23591,1.23698,1.23578,1.2368,1355550000,8
1344012480000,1344012959000,1.2368,1.23702,1.23609,1.23631,1100550000,8
1344012960000,1344013439000,1.23633,1.23634,1.23531,1.23594,1342750000,8
1344013440000,1344013919000,1.23594,1.23637,1.23576,1.23608,696130000,8
1344013920000,1344014399000,1.23608,1.23646,1.23608,1.23616,447770000,8
1344014400000,1344014879000,1.23619,1.23633,1.23513,1.23527,537340000,8
1344014880000,1344015359000,1.23525,1.2355,1.23504,1.23544,444560000,8
1344015360000,1344015839000,1.23544,1.23562,1.23527,1.23547,481860000,8
1344015840000,1344016319000,1.23547,1.23568,1.23534,1.23559,450510000,8
1344016320000,1344016799000,1.23557,1.23571,1.23541,1.23548,633120000,8
1344016800000,1344017279000,1.23548,1.23554,1.23522,1.23535,654870000,8
1344017280000,1344017759000,1.23537,1.23556,1.23525,1.23535,468120000,8
1344017760000,1344018239000,1.23535,1.23591,1.23532,1.23586,906300000,8
1344018240000,1344018719000,1.23582,1.2365,1.23582,1.23618,936580000,8
1344018720000,1344019199000,1.23618,1.23678,1.23618,1.23654,851390000,8
1344019200000,1344019679000,1.23657,1.23739,1.23654,1.23729,1051820000,8
1344019680000,1344020159000,1.23726,1.23727,1.23688,1.23688,662400000,8
1344020160000,1344020639000,1.2369,1.23752,1.23683,1.23741,725460000,8
1344020640000,1344021119000,1.23741,1.23835,1.23736,1.23818,756690000,8
1344021120000,1344021599000,1.23818,1.23867,1.23796,1.23859,621260000,8
1344021600000,1344022079000,1.23858,1.23941,1.23838,1.23932,655880000,8
1344022080000,1344022559000,1.23932,1.24017,1.23917,1.24001,815650000,8
1344022560000,1344023039000,1.24004,1.24056,1.23925,1.23933,979720000,8
1344023040000,1344023519000,1.23938,1.23951,1.23917,1.23927,583920000,8
1344023520000,1344023999000,1.23926,1.24074,1.23911,1.24029,699360000,8
1344024000000,1344024479000,1.24029,1.2403,1.2395,1.23982,443720000,8
1344024480000,1344024959000,1.23982,1.23982,1.23947,1.23958,306500000,8
1344024960000,1344025439000,1.23957,1.23966,1.23923,1.23939,160130000,8
1344025440000,1344025919000,1.23934,1.24046,1.23933,1.24034,374550000,8
1344025920000,1344026399000,1.24042,1.2408,1.24042,1.24067,385510000,8
1344026400000,1344026879000,1.24067,1.24082,1.24048,1.24075,412630000,8
1344026880000,1344027359000,1.24071,1.24091,1.24004,1.2402,558260000,8
1344027360000,1344027839000,1.24015,1.24031,1.23951,1.23987,197880000,8
1344027840000,1344028319000,1.23987,1.23987,1.23987,1.23987,0,8
1344028320000,1344028799000,1.23987,1.23987,1.23987,1.23987,0,8
1344028800000,1344029279000,1.23987,1.23987,1.23987,1.23987,0,8
1344029280000,1344029759000,1.23987,1.23987,1.23987,1.23987,0,8
1344029760000,1344030239000,1.23987,1.23987,1.23987,1.23987,0,8
1344030240000,1344030719000,1.23987,1.23987,1.23987,1.23987,0,8
1344030720000,1344031199000,1.23987,1.23987,1.23987,1.23987,0,8
1344031200000,1344031679000,1.23987,1.23987,1.23987,1.23987,0,8
1344031680000,1344032159000,1.23987,1.23987,1.23987,1.23987,0,8
1344032160000,1344032639000,1.23987,1.23987,1.23987,1.23987,0,8
1344032640000,1344033119000,1.23987,1.23987,1.23987,1.23987,0,8
1344033120000,1344033599000,1.23987,1.23987,1.23987,1.23987,0,8
1344033600000,1344034079000,1.23987,1.23987,1.23987,1.23987,0,8
1344034080000,1344034559000,1.23987,1.23987,1.23987,1.23987,0,8
1344034560000,1344035039000,1.23987,1.23987,1.23987,1.23987,0,8
1344035040000,1344035519000,1.23987,1.23987,1.23987,1.23987,0,8
1344035520000,1344035999000,1.23987,1.23987,1.23987,1.23987,0,8
1344036000000,1344036479000,1.23987,1.23987,1.23987,1.23987,0,8
1344036480000,1344036959000,1.23987,1.23987,1.23987,1.23987,0,8
1344036960000,1344037439000,1.23987,1.23987,1.23987,1.23987,0,8
1344037440000,1344037919000,1.23987,1.23987,1.23987,1.23987,0,8
1344037920000,1344038399000,1.23987,1.23987,1.23987,1.23987,0,8
1344200640000,1344201119000,1.24134,1.24139,1.24078,1.24084,227890000,8
1344201120000,1344201599000,1.24084,1.24101,1.24065,1.24101,157340000,8
1344201600000,1344202079000,1.24101,1.24106,1.24007,1.24087,118920000,8
1344202080000,1344202559000,1.24086,1.2412,1.24065,1.24097,234230000,8
1344202560000,1344203039000,1.24097,1.24112,1.24086,1.24088,223300000,8
1344203040000,1344203519000,1.24086,1.24129,1.24086,1.24122,125850000,8
1344203520000,1344203999000,1.24121,1.24159,1.2411,1.24131,179730000,8
1344204000000,1344204479000,1.24121,1.24121,1.23969,1.23982,787890000,8
1344204480000,1344204959000,1.2398,1.2405,1.2397,1.2405,417730000,8
1344204960000,1344205439000,1.2405,1.24069,1.24034,1.24053,496300000,8
1344205440000,1344205919000,1.24056,1.24092,1.24033,1.24083,429680000,8
1344205920000,1344206399000,1.24079,1.24126,1.24059,1.24117,251130000,8
1344206400000,1344206879000,1.24117,1.24121,1.24092,1.24107,216000000,8
1344206880000,1344207359000,1.24108,1.24125,1.24102,1.24105,186750000,8
1344207360000,1344207839000,1.24101,1.24113,1.23964,1.23993,431490000,8
1344207840000,1344208319000,1.23993,1.24015,1.23967,1.24011,263270000,8
1344208320000,1344208799000,1.24007,1.24012,1.23971,1.23972,262450000,8
1344208800000,1344209279000,1.23972,1.24031,1.23959,1.24026,367750000,8
1344209280000,1344209759000,1.24024,1.2424,1.24011,1.2424,1271790000,8
1344209760000,1344210239000,1.2424,1.24426,1.2418,1.24387,1538520000,8
1344210240000,1344210719000,1.24387,1.24421,1.24335,1.24415,1328160000,8
1344210720000,1344211199000,1.24415,1.2442,1.24323,1.24333,647310000,8
1344211200000,1344211679000,1.24332,1.24337,1.24162,1.24248,1390550000,8
1344211680000,1344212159000,1.24248,1.24248,1.24196,1.24207,1205900000,8
1344212160000,1344212639000,1.24206,1.24343,1.24194,1.24307,947900000,8
1344212640000,1344213119000,1.24307,1.24323,1.24258,1.24275,608750000,8
1344213120000,1344213599000,1.24278,1.24286,1.24263,1.24275,295960000,8
1344213600000,1344214079000,1.24275,1.243,1.24226,1.24232,517170000,8
1344214080000,1344214559000,1.2423,1.24237,1.24169,1.24179,661620000,8
1344214560000,1344215039000,1.24179,1.24192,1.24051,1.24079,1204910000,8
1344215040000,1344215519000,1.2408,1.24111,1.24063,1.24076,938250000,8
1344215520000,1344215999000,1.24076,1.24094,1.24039,1.2404,491250000,8
1344216000000,1344216479000,1.24041,1.24076,1.24019,1.24053,651750000,8
1344216480000,1344216959000,1.24053,1.24069,1.24,1.24065,896400000,8
1344216960000,1344217439000,1.24065,1.24093,1.24038,1.24043,371660000,8
1344217440000,1344217919000,1.24043,1.24065,1.24027,1.24057,531000000,8
1344217920000,1344218399000,1.24056,1.24066,1.24017,1.24055,591250000,8
1344218400000,1344218879000,1.24064,1.24092,1.24051,1.24088,666830000,8
1344218880000,1344219359000,1.2409,1.24149,1.24084,1.24144,600980000,8
1344219360000,1344219839000,1.24142,1.24144,1.24067,1.24067,524440000,8
1344219840000,1344220319000,1.2407,1.24102,1.24054,1.24092,553870000,8
1344220320000,1344220799000,1.24093,1.24093,1.24054,1.24068,347800000,8
1344220800000,1344221279000,1.24068,1.24072,1.2405,1.24057,202730000,8
1344221280000,1344221759000,1.24056,1.24063,1.24023,1.24036,337230000,8
1344221760000,1344222239000,1.24036,1.24061,1.24031,1.24039,470710000,8
1344222240000,1344222719000,1.24039,1.24071,1.24034,1.24071,442410000,8
1344222720000,1344223199000,1.24067,1.24078,1.24045,1.24045,288120000,8
1344223200000,1344223679000,1.24045,1.24049,1.24014,1.24019,348270000,8
1344223680000,1344224159000,1.24015,1.24034,1.24011,1.24029,216000000,8
1344224160000,1344224639000,1.24029,1.24037,1.24008,1.24031,266570000,8
1344224640000,1344225119000,1.24035,1.24052,1.24025,1.24051,236250000,8
1344225120000,1344225599000,1.24052,1.24061,1.24039,1.24046,153460000,8
1344225600000,1344226079000,1.24045,1.24051,1.2402,1.24044,315000000,8
1344226080000,1344226559000,1.24044,1.24045,1.24024,1.2404,236190000,8
1344226560000,1344227039000,1.24036,1.24051,1.24028,1.24041,250490000,8
1344227040000,1344227519000,1.24039,1.24048,1.24027,1.24031,237030000,8
1344227520000,1344227999000,1.24029,1.24044,1.24029,1.24029,196970000,8
1344228000000,1344228479000,1.2403,1.2404,1.24018,1.24025,129980000,8
1344228480000,1344228959000,1.24025,1.24028,1.23962,1.23977,389230000,8
1344228960000,1344229439000,1.2398,1.24003,1.2397,1.23986,506630000,8
1344229440000,1344229919000,1.23986,1.23992,1.23967,1.23989,248250000,8
1344229920000,1344230399000,1.23985,1.23985,1.23956,1.23973,248250000,8
1344230400000,1344230879000,1.23975,1.23975,1.23943,1.23947,255980000,8
1344230880000,1344231359000,1.23947,1.23964,1.23942,1.23945,274440000,8
1344231360000,1344231839000,1.23945,1.23955,1.23935,1.23949,183230000,8
1344231840000,1344232319000,1.23949,1.23955,1.23851,1.23878,682700000,8
1344232320000,1344232799000,1.2388,1.23915,1.23842,1.23845,482250000,8
1344232800000,1344233279000,1.23843,1.23912,1.23841,1.23885,898560000,8
1344233280000,1344233759000,1.23882,1.23948,1.23878,1.23924,802810000,8
1344233760000,1344234239000,1.23924,1.24002,1.23924,1.23938,738370000,8
1344234240000,1344234719000,1.23938,1.23947,1.23873,1.23899,636070000,8
1344234720000,1344235199000,1.23898,1.23923,1.23865,1.2389,787250000,8
1344235200000,1344235679000,1.23892,1.23898,1.23861,1.23861,571510000,8
1344235680000,1344236159000,1.23864,1.23876,1.23821,1.2387,810610000,8
1344236160000,1344236639000,1.2387,1.23882,1.2381,1.23846,1207170000,8
1344236640000,1344237119000,1.23842,1.23896,1.23829,1.23896,1579290000,8
1344237120000,1344237599000,1.23894,1.23899,1.23828,1.23828,1836550000,8
1344237600000,1344238079000,1.23828,1.23842,1.23739,1.23778,1990800000,8
1344238080000,1344238559000,1.23774,1.23829,1.23768,1.23804,1692210000,8
1344238560000,1344239039000,1.23804,1.23819,1.23744,1.23807,1546100000,8
1344239040000,1344239519000,1.23813,1.2388,1.2378,1.23846,1483350000,8
1344239520000,1344239999000,1.23846,1.23851,1.23737,1.23778,1362750000,8
1344240000000,1344240479000,1.23779,1.23805,1.23702,1.23708,1424420000,8
1344240480000,1344240959000,1.2371,1.23732,1.23657,1.23701,1755650000,8
1344240960000,1344241439000,1.23701,1.23722,1.23633,1.23648,1810000000,8
1344241440000,1344241919000,1.23645,1.23758,1.23628,1.23718,1589950000,8
1344241920000,1344242399000,1.23716,1.23726,1.23636,1.23642,1681960000,8
1344242400000,1344242879000,1.23642,1.23696,1.23623,1.23659,1811960000,8
1344242880000,1344243359000,1.23659,1.23662,1.23596,1.2363,1616560000,8
1344243360000,1344243839000,1.2363,1.23717,1.23592,1.23717,1305880000,8
1344243840000,1344244319000,1.23716,1.2376,1.23698,1.23746,1395520000,8
1344244320000,1344244799000,1.2375,1.23813,1.23749,1.2376,1406650000,8
1344244800000,1344245279000,1.23762,1.23783,1.23737,1.23748,973340000,8
1344245280000,1344245759000,1.23748,1.23767,1.23725,1.2373,1213820000,8
1344245760000,1344246239000,1.2373,1.23776,1.23709,1.23714,1153430000,8
1344246240000,1344246719000,1.23714,1.23731,1.23684,1.23719,1106020000,8
1344246720000,1344247199000,1.23719,1.23727,1.23701,1.23721,897250000,8
1344247200000,1344247679000,1.23721,1.23753,1.23672,1.23688,1168900000,8
1344247680000,1344248159000,1.23689,1.23703,1.2363,1.23695,1185230000,8
1344248160000,1344248639000,1.23695,1.23738,1.23671,1.23716,1012800000,8
1344248640000,1344249119000,1.23714,1.23743,1.23702,1.23736,825650000,8
1344249120000,1344249599000,1.23733,1.23754,1.23717,1.23717,822750000,8
1344249600000,1344250079000,1.23717,1.23729,1.23701,1.23703,741490000,8
1344250080000,1344250559000,1.23703,1.23727,1.23682,1.23724,745220000,8
1344250560000,1344251039000,1.23726,1.23737,1.23666,1.23709,905890000,8
1344251040000,1344251519000,1.23709,1.2378,1.23703,1.23738,1033980000,8
1344251520000,1344251999000,1.23741,1.2377,1.23728,1.23734,839960000,8
1344252000000,1344252479000,1.23734,1.23737,1.23676,1.23706,1447340000,8
1344252480000,1344252959000,1.23706,1.23706,1.23657,1.23675,1287260000,8
1344252960000,1344253439000,1.23672,1.23811,1.23671,1.23809,1174010000,8
1344253440000,1344253919000,1.23809,1.23852,1.23787,1.23846,1212720000,8
1344253920000,1344254399000,1.23847,1.23954,1.23836,1.23886,1440800000,8
1344254400000,1344254879000,1.23886,1.23999,1.23883,1.23932,1454110000,8
1344254880000,1344255359000,1.23932,1.23938,1.23836,1.23883,1488910000,8
1344255360000,1344255839000,1.23879,1.23926,1.23879,1.23903,1085070000,8
1344255840000,1344256319000,1.23902,1.23935,1.23868,1.23881,1098740000,8
1344256320000,1344256799000,1.23885,1.23923,1.23876,1.23922,986200000,8
1344256800000,1344257279000,1.23917,1.23922,1.23886,1.23896,1122140000,8
1344257280000,1344257759000,1.23899,1.2405,1.23893,1.24045,1334450000,8
1344257760000,1344258239000,1.24048,1.24101,1.24025,1.24051,1244430000,8
1344258240000,1344258719000,1.24049,1.24055,1.24017,1.24033,1100460000,8
1344258720000,1344259199000,1.24033,1.24041,1.23974,1.24,1202790000,8
1344259200000,1344259679000,1.24,1.24036,1.23989,1.24015,915480000,8
1344259680000,1344260159000,1.24015,1.24069,1.23933,1.24061,1673280000,8
1344260160000,1344260639000,1.24062,1.24123,1.24033,1.241,2156850000,8
1344260640000,1344261119000,1.24098,1.24107,1.24048,1.24077,1942400000,8
1344261120000,1344261599000,1.24077,1.24084,1.24035,1.24041,1525090000,8
1344261600000,1344262079000,1.24037,1.24095,1.24002,1.24002,1752550000,8
1344262080000,1344262559000,1.24002,1.24021,1.23897,1.23908,1766940000,8
1344262560000,1344263039000,1.23909,1.23976,1.23892,1.23975,1769410000,8
1344263040000,1344263519000,1.23975,1.23997,1.23917,1.23976,1576950000,8
1344263520000,1344263999000,1.23974,1.24004,1.23905,1.23907,1669640000,8
1344264000000,1344264479000,1.23907,1.23986,1.239,1.23981,1634590000,8
1344264480000,1344264959000,1.23981,1.2403,1.23936,1.23997,1653760000,8
1344264960000,1344265439000,1.23997,1.24094,1.23997,1.24066,2047960000,8
1344265440000,1344265919000,1.24069,1.24116,1.23999,1.24015,2047480000,8
1344265920000,1344266399000,1.24018,1.24119,1.24012,1.24098,1637240000,8
1344266400000,1344266879000,1.24098,1.24122,1.2405,1.24062,1584140000,8
1344266880000,1344267359000,1.24059,1.24083,1.2401,1.24025,1454310000,8
1344267360000,1344267839000,1.24028,1.24049,1.23962,1.24033,1034460000,8
1344267840000,1344268319000,1.24033,1.24052,1.24019,1.24048,972940000,8
1344268320000,1344268799000,1.24045,1.24065,1.24012,1.24065,1019460000,8
1344268800000,1344269279000,1.24064,1.24118,1.24051,1.24086,899300000,8
1344269280000,1344269759000,1.24085,1.2412,1.24055,1.24097,885290000,8
1344269760000,1344270239000,1.24096,1.24104,1.24066,1.2407,616630000,8
1344270240000,1344270719000,1.24069,1.24082,1.24009,1.24009,1232420000,8
1344270720000,1344271199000,1.24014,1.24041,1.24,1.24038,957910000,8
1344271200000,1344271679000,1.24042,1.24058,1.24007,1.24008,794900000,8
1344271680000,1344272159000,1.24008,1.24053,1.24004,1.24019,827780000,8
1344272160000,1344272639000,1.24019,1.24046,1.23998,1.24031,480430000,8
1344272640000,1344273119000,1.24027,1.24031,1.24006,1.24006,336060000,8
1344273120000,1344273599000,1.24008,1.24026,1.24007,1.24023,258570000,8
1344273600000,1344274079000,1.24022,1.24052,1.24017,1.24027,433890000,8
1344274080000,1344274559000,1.24026,1.24026,1.23903,1.23915,741600000,8
1344274560000,1344275039000,1.23919,1.23972,1.23919,1.23955,663630000,8
1344275040000,1344275519000,1.23957,1.23962,1.23918,1.23928,434630000,8
1344275520000,1344275999000,1.23928,1.23955,1.23928,1.23939,307690000,8
1344276000000,1344276479000,1.23938,1.23995,1.23938,1.23994,543890000,8
1344276480000,1344276959000,1.23994,1.24003,1.23963,1.23973,448940000,8
1344276960000,1344277439000,1.23972,1.23976,1.23932,1.23946,570130000,8
1344277440000,1344277919000,1.23949,1.23973,1.23913,1.23916,675200000,8
1344277920000,1344278399000,1.23919,1.23933,1.23876,1.23888,501310000,8
1344278400000,1344278879000,1.23888,1.23894,1.23851,1.23878,810530000,8
1344278880000,1344279359000,1.23878,1.23893,1.23854,1.23875,348680000,8
1344279360000,1344279839000,1.23875,1.23881,1.2385,1.2386,435490000,8
1344279840000,1344280319000,1.2386,1.23902,1.23844,1.23902,460910000,8
1344280320000,1344280799000,1.23902,1.23929,1.23893,1.23918,544520000,8
1344280800000,1344281279000,1.23918,1.23951,1.23913,1.23945,448000000,8
1344281280000,1344281759000,1.23945,1.2403,1.23941,1.24019,627680000,8
1344281760000,1344282239000,1.24019,1.24019,1.23959,1.2396,470150000,8
1344282240000,1344282719000,1.23963,1.23988,1.23958,1.23976,470920000,8
1344282720000,1344283199000,1.23976,1.2399,1.23917,1.23922,778590000,8
1344283200000,1344283679000,1.23922,1.23951,1.23891,1.23951,535490000,8
1344283680000,1344284159000,1.2395,1.23998,1.23935,1.23978,444790000,8
1344284160000,1344284639000,1.23977,1.24016,1.2396,1.23972,592730000,8
1344284640000,1344285119000,1.23968,1.23986,1.2396,1.23982,257960000,8
1344285120000,1344285599000,1.23982,1.23989,1.23955,1.2398,252890000,8
1344285600000,1344286079000,1.23941,1.24013,1.2394,1.24006,245870000,8
1344286080000,1344286559000,1.24014,1.24019,1.23987,1.23992,237720000,8
1344286560000,1344287039000,1.23992,1.24037,1.2399,1.2402,246870000,8
1344287040000,1344287519000,1.24019,1.24022,1.23991,1.24001,191510000,8
1344287520000,1344287999000,1.24001,1.24006,1.2399,1.23998,87930000,8
1344288000000,1344288479000,1.23996,1.24021,1.2399,1.24001,184000000,8
1344288480000,1344288959000,1.24001,1.24034,1.24,1.24,186790000,8
1344288960000,1344289439000,1.23945,1.2401,1.2394,1.2401,144200000,8
1344289440000,1344289919000,1.2401,1.24015,1.2401,1.24015,65200000,8
1344289920000,1344290399000,1.24015,1.2402,1.24015,1.2402,16250000,8
1344290400000,1344290879000,1.2402,1.2402,1.23995,1.23997,141410000,8
1344290880000,1344291359000,1.23997,1.24017,1.23995,1.23995,115500000,8
1344291360000,1344291839000,1.23995,1.2402,1.2398,1.24013,369350000,8
1344291840000,1344292319000,1.24008,1.24015,1.23993,1.24002,197250000,8
1344292320000,1344292799000,1.24002,1.24004,1.23983,1.23998,196500000,8
1344292800000,1344293279000,1.23994,1.24007,1.23985,1.23988,81150000,8
1344293280000,1344293759000,1.24001,1.2401,1.23997,1.24,80250000,8
1344293760000,1344294239000,1.24,1.24012,1.24,1.24007,67910000,8
1344294240000,1344294719000,1.24007,1.2401,1.23978,1.23984,254130000,8
1344294720000,1344295199000,1.23984,1.23995,1.23967,1.2398,346050000,8
1344295200000,1344295679000,1.2398,1.23993,1.23951,1.23953,294750000,8
1344295680000,1344296159000,1.23953,1.23972,1.23941,1.23972,490500000,8
1344296160000,1344296639000,1.23972,1.23994,1.23968,1.23979,341480000,8
1344296640000,1344297119000,1.23979,1.23991,1.23972,1.23975,321230000,8
1344297120000,1344297599000,1.23973,1.2399,1.23963,1.23972,191250000,8
1344297600000,1344298079000,1.2397,1.24,1.23962,1.23996,519740000,8
1344298080000,1344298559000,1.23999,1.24003,1.23974,1.23986,373780000,8
1344298560000,1344299039000,1.23991,1.23995,1.23965,1.2397,291050000,8
1344299040000,1344299519000,1.23968,1.23993,1.23965,1.23978,399910000,8
1344299520000,1344299999000,1.23978,1.23997,1.23973,1.23973,303430000,8
1344300000000,1344300479000,1.23974,1.23995,1.2397,1.23989,268060000,8
1344300480000,1344300959000,1.23989,1.24021,1.23983,1.24021,382190000,8
1344300960000,1344301439000,1.24021,1.24026,1.23999,1.24014,438430000,8
1344301440000,1344301919000,1.24014,1.24015,1.23985,1.23994,293370000,8
1344301920000,1344302399000,1.23992,1.24,1.23979,1.23988,336540000,8
1344302400000,1344302879000,1.23988,1.23997,1.23962,1.23968,425570000,8
1344302880000,1344303359000,1.23968,1.24003,1.23965,1.23998,548180000,8
1344303360000,1344303839000,1.23998,1.24022,1.23975,1.24018,491850000,8
1344303840000,1344304319000,1.24015,1.24037,1.24001,1.24026,779710000,8
1344304320000,1344304799000,1.24026,1.24026,1.23962,1.23971,458080000,8
1344304800000,1344305279000,1.23971,1.23996,1.2396,1.23983,413900000,8
1344305280000,1344305759000,1.23983,1.23995,1.2397,1.23975,249650000,8
1344305760000,1344306239000,1.23978,1.23997,1.23963,1.23967,269790000,8
1344306240000,1344306719000,1.23967,1.23982,1.23953,1.23955,318470000,8
1344306720000,1344307199000,1.23955,1.23973,1.23945,1.23967,295380000,8
1344307200000,1344307679000,1.23971,1.24012,1.23964,1.24008,585440000,8
1344307680000,1344308159000,1.2401,1.24025,1.23971,1.23989,401830000,8
1344308160000,1344308639000,1.23989,1.24013,1.23979,1.23996,166440000,8
1344308640000,1344309119000,1.23996,1.23996,1.23974,1.23986,176330000,8
1344309120000,1344309599000,1.23986,1.24004,1.23986,1.23997,255450000,8
1344309600000,1344310079000,1.23997,1.23998,1.23977,1.23986,220300000,8
1344310080000,1344310559000,1.23982,1.24009,1.23959,1.24001,324800000,8
1344310560000,1344311039000,1.24001,1.24012,1.23972,1.23983,497090000,8
1344311040000,1344311519000,1.23985,1.2402,1.23973,1.23993,595610000,8
1344311520000,1344311999000,1.23993,1.2404,1.23993,1.24007,383820000,8
1344312000000,1344312479000,1.24007,1.24029,1.23987,1.23995,562170000,8
1344312480000,1344312959000,1.23992,1.24,1.23955,1.2398,476780000,8
1344312960000,1344313439000,1.23983,1.23993,1.23967,1.23991,436440000,8
1344313440000,1344313919000,1.23991,1.24018,1.23973,1.23986,559610000,8
1344313920000,1344314399000,1.23983,1.23992,1.23939,1.23964,813360000,8
1344314400000,1344314879000,1.23964,1.23987,1.23957,1.23987,467460000,8
1344314880000,1344315359000,1.23987,1.23992,1.23932,1.23932,482110000,8
1344315360000,1344315839000,1.23932,1.23951,1.23921,1.23934,558660000,8
1344315840000,1344316319000,1.23934,1.2394,1.23921,1.23933,434420000,8
1344316320000,1344316799000,1.23933,1.23942,1.23911,1.23938,585170000,8
1344316800000,1344317279000,1.23934,1.2394,1.23899,1.23919,317310000,8
1344317280000,1344317759000,1.23919,1.23941,1.23916,1.23939,232540000,8
1344317760000,1344318239000,1.23939,1.23952,1.23922,1.23952,281250000,8
1344318240000,1344318719000,1.23952,1.23954,1.23921,1.23945,420630000,8
1344318720000,1344319199000,1.23947,1.23948,1.23908,1.23915,245520000,8
1344319200000,1344319679000,1.23913,1.23931,1.23859,1.23895,850920000,8
1344319680000,1344320159000,1.23895,1.2393,1.23891,1.23922,635920000,8
1344320160000,1344320639000,1.23918,1.23942,1.23884,1.23903,727370000,8
1344320640000,1344321119000,1.23903,1.2397,1.23898,1.23962,632590000,8
1344321120000,1344321599000,1.23959,1.23971,1.23898,1.2394,677790000,8
1344321600000,1344322079000,1.23939,1.23939,1.23901,1.2392,559110000,8
1344322080000,1344322559000,1.2392,1.23952,1.23908,1.23929,367890000,8
1344322560000,1344323039000,1.23929,1.24017,1.23923,1.23997,964900000,8
1344323040000,1344323519000,1.23991,1.24005,1.23952,1.23978,1405800000,8
1344323520000,1344323999000,1.23979,1.24011,1.23951,1.23976,1987610000,8
1344324000000,1344324479000,1.23976,1.24027,1.23971,1.2399,1758400000,8
1344324480000,1344324959000,1.23994,1.24065,1.23967,1.24016,1831720000,8
1344324960000,1344325439000,1.24016,1.24052,1.23982,1.2405,1633800000,8
1344325440000,1344325919000,1.24049,1.24104,1.24033,1.24083,1516250000,8
1344325920000,1344326399000,1.24085,1.24143,1.24058,1.2408,1604980000,8
1344326400000,1344326879000,1.24077,1.24102,1.2401,1.24011,1638570000,8
1344326880000,1344327359000,1.24006,1.24054,1.23993,1.24025,1573530000,8
1344327360000,1344327839000,1.24029,1.24104,1.24004,1.24077,1451940000,8
1344327840000,1344328319000,1.24076,1.24098,1.23991,1.24007,1172620000,8
1344328320000,1344328799000,1.24009,1.24031,1.23943,1.23961,1658290000,8
1344328800000,1344329279000,1.23964,1.24007,1.23923,1.23951,1773500000,8
1344329280000,1344329759000,1.2395,1.23971,1.23885,1.23932,1586290000,8
1344329760000,1344330239000,1.23936,1.23958,1.23922,1.2394,1301830000,8
1344330240000,1344330719000,1.23937,1.2394,1.23876,1.23898,1428180000,8
1344330720000,1344331199000,1.23898,1.23933,1.23867,1.23901,1965470000,8
1344331200000,1344331679000,1.23906,1.23918,1.23874,1.23907,1024440000,8
1344331680000,1344332159000,1.23905,1.2393,1.23885,1.23925,1141700000,8
1344332160000,1344332639000,1.23926,1.23939,1.23886,1.23901,1103350000,8
1344332640000,1344333119000,1.23901,1.23936,1.23854,1.23897,1465930000,8
1344333120000,1344333599000,1.23898,1.23911,1.23842,1.23868,1062280000,8
1344333600000,1344334079000,1.23867,1.23903,1.2383,1.23876,1446480000,8
1344334080000,1344334559000,1.23879,1.23895,1.23862,1.2388,1237340000,8
1344334560000,1344335039000,1.2388,1.23976,1.23871,1.239,1474320000,8
1344335040000,1344335519000,1.23897,1.23955,1.23892,1.23925,1326780000,8
1344335520000,1344335999000,1.23923,1.23981,1.23917,1.23926,1129180000,8
1344336000000,1344336479000,1.23923,1.23936,1.23892,1.23917,908610000,8
1344336480000,1344336959000,1.23918,1.23949,1.23895,1.23907,1245100000,8
1344336960000,1344337439000,1.2391,1.23923,1.23875,1.23905,1162990000,8
1344337440000,1344337919000,1.23908,1.23917,1.23866,1.23893,1133490000,8
1344337920000,1344338399000,1.23893,1.23953,1.23889,1.23944,1295680000,8
1344338400000,1344338879000,1.23944,1.24027,1.23927,1.24013,1522670000,8
1344338880000,1344339359000,1.24016,1.24089,1.23979,1.2407,1602280000,8
1344339360000,1344339839000,1.24072,1.24095,1.24035,1.24042,1658220000,8
1344339840000,1344340319000,1.2404,1.2407,1.24011,1.24026,1204090000,8
1344340320000,1344340799000,1.24025,1.24055,1.24009,1.24035,1459500000,8
1344340800000,1344341279000,1.24035,1.24093,1.24035,1.24052,1248020000,8
1344341280000,1344341759000,1.24052,1.24094,1.24032,1.24092,1559870000,8
1344341760000,1344342239000,1.24093,1.24111,1.24022,1.24051,1384250000,8
1344342240000,1344342719000,1.24051,1.24075,1.24011,1.24029,1302970000,8
1344342720000,1344343199000,1.24029,1.24054,1.23978,1.23978,1452460000,8
1344343200000,1344343679000,1.23979,1.24008,1.23892,1.23897,1708020000,8
1344343680000,1344344159000,1.23899,1.2392,1.2386,1.23878,1340830000,8
1344344160000,1344344639000,1.23879,1.23888,1.23808,1.23847,1754080000,8
1344344640000,1344345119000,1.23847,1.23908,1.23831,1.23908,1536550000,8
1344345120000,1344345599000,1.23904,1.24003,1.23886,1.23969,1625070000,8
1344345600000,1344346079000,1.23968,1.24016,1.23915,1.23957,1511060000,8
1344346080000,1344346559000,1.23957,1.24014,1.23918,1.23981,1717700000,8
1344346560000,1344347039000,1.23984,1.23985,1.23905,1.23952,1759290000,8
1344347040000,1344347519000,1.23955,1.23973,1.23875,1.2389,1621530000,8
1344347520000,1344347999000,1.2389,1.23985,1.23859,1.23955,1772160000,8
1344348000000,1344348479000,1.23956,1.23996,1.23861,1.23907,2270040000,8
1344348480000,1344348959000,1.2391,1.2391,1.23835,1.23891,1721990000,8
1344348960000,1344349439000,1.23892,1.23934,1.23837,1.23839,1343790000,8
1344349440000,1344349919000,1.23844,1.23856,1.23801,1.23848,1393130000,8
1344349920000,1344350399000,1.23848,1.23876,1.23813,1.23842,1426900000,8
1344350400000,1344350879000,1.23844,1.23881,1.23815,1.23825,1404270000,8
1344350880000,1344351359000,1.23825,1.239,1.23816,1.23838,1388250000,8
1344351360000,1344351839000,1.23836,1.23877,1.23751,1.23859,2149740000,8
1344351840000,1344352319000,1.23866,1.23896,1.23839,1.23888,1290090000,8
1344352320000,1344352799000,1.23887,1.23906,1.23848,1.23862,1260860000,8
1344352800000,1344353279000,1.23865,1.23882,1.23827,1.23838,1078360000,8
1344353280000,1344353759000,1.2384,1.23859,1.23809,1.23829,1163900000,8
1344353760000,1344354239000,1.23826,1.23836,1.23783,1.23799,1188040000,8
1344354240000,1344354719000,1.23799,1.23827,1.23791,1.23809,769780000,8
1344354720000,1344355199000,1.23806,1.23819,1.23754,1.23766,1036500000,8
1344355200000,1344355679000,1.23769,1.23796,1.23763,1.23778,867130000,8
1344355680000,1344356159000,1.23778,1.23829,1.23778,1.23799,652150000,8
1344356160000,1344356639000,1.238,1.23825,1.23796,1.23798,661040000,8
1344356640000,1344357119000,1.23798,1.23824,1.23746,1.23757,904510000,8
1344357120000,1344357599000,1.23758,1.23782,1.23753,1.23772,698260000,8
1344357600000,1344358079000,1.23768,1.23787,1.23749,1.23782,817190000,8
1344358080000,1344358559000,1.23782,1.23788,1.23746,1.23761,489150000,8
1344358560000,1344359039000,1.23764,1.2381,1.23746,1.23778,878280000,8
1344359040000,1344359519000,1.2378,1.23797,1.2377,1.23778,444290000,8
1344359520000,1344359999000,1.23778,1.23796,1.23758,1.23776,487960000,8
1344360000000,1344360479000,1.23777,1.23791,1.23757,1.23779,539390000,8
1344360480000,1344360959000,1.23786,1.23791,1.23768,1.23776,281860000,8
1344360960000,1344361439000,1.23774,1.23809,1.2377,1.23794,273220000,8
1344361440000,1344361919000,1.23797,1.23835,1.23788,1.2382,386480000,8
1344361920000,1344362399000,1.2382,1.23835,1.23784,1.23798,360510000,8
1344362400000,1344362879000,1.23796,1.23806,1.23783,1.23787,519560000,8
1344362880000,1344363359000,1.23787,1.23795,1.23725,1.23769,922360000,8
1344363360000,1344363839000,1.23767,1.23814,1.23758,1.23765,729370000,8
1344363840000,1344364319000,1.2377,1.23784,1.23701,1.2374,892300000,8
1344364320000,1344364799000,1.2374,1.23765,1.23729,1.23738,529140000,8
1344364800000,1344365279000,1.23738,1.2377,1.23718,1.23727,556920000,8
1344365280000,1344365759000,1.23727,1.23754,1.2371,1.2371,382800000,8
1344365760000,1344366239000,1.2371,1.23732,1.23649,1.23665,773930000,8
1344366240000,1344366719000,1.23667,1.2371,1.23667,1.23697,476230000,8
1344366720000,1344367199000,1.23697,1.23727,1.23691,1.23719,384160000,8
1344367200000,1344367679000,1.23715,1.23724,1.23695,1.23699,574970000,8
1344367680000,1344368159000,1.23699,1.237,1.23667,1.23685,606470000,8
1344368160000,1344368639000,1.23685,1.23712,1.2366,1.237,687810000,8
1344368640000,1344369119000,1.237,1.23704,1.23665,1.23676,554760000,8
1344369120000,1344369599000,1.23676,1.23692,1.23633,1.23661,887300000,8
1344369600000,1344370079000,1.2366,1.23679,1.23639,1.23677,370420000,8
1344370080000,1344370559000,1.23672,1.23692,1.23654,1.23683,387200000,8
1344370560000,1344371039000,1.23681,1.23687,1.23665,1.23673,286250000,8
1344371040000,1344371519000,1.23671,1.23673,1.23609,1.23626,481540000,8
1344371520000,1344371999000,1.23626,1.23644,1.23596,1.23639,547780000,8
1344372000000,1344372479000,1.23639,1.23641,1.23581,1.23601,535760000,8
1344372480000,1344372959000,1.23602,1.2361,1.23556,1.23557,356700000,8
1344372960000,1344373439000,1.23557,1.23644,1.23487,1.23562,325860000,8
1344373440000,1344373919000,1.23562,1.2365,1.2354,1.23634,377060000,8
1344373920000,1344374399000,1.23634,1.23647,1.2356,1.2358,415900000,8
1344374400000,1344374879000,1.2358,1.2359,1.2358,1.23585,313800000,8
1344374880000,1344375359000,1.23585,1.23626,1.23575,1.23576,366970000,8
1344375360000,1344375839000,1.23576,1.23637,1.23575,1.23579,153880000,8
1344375840000,1344376319000,1.23579,1.23597,1.23575,1.23588,194390000,8
1344376320000,1344376799000,1.23588,1.23601,1.23576,1.23585,173510000,8
1344376800000,1344377279000,1.23585,1.23587,1.23575,1.23577,240870000,8
1344377280000,1344377759000,1.23577,1.23583,1.2356,1.2356,179300000,8
1344377760000,1344378239000,1.2356,1.2357,1.23531,1.23563,342000000,8
1344378240000,1344378719000,1.23563,1.23574,1.23546,1.23551,385500000,8
1344378720000,1344379199000,1.23551,1.23584,1.23551,1.2357,314720000,8
1344379200000,1344379679000,1.23568,1.23575,1.23556,1.23564,231000000,8
1344379680000,1344380159000,1.23564,1.23575,1.23532,1.23541,190500000,8
1344380160000,1344380639000,1.23531,1.23555,1.2353,1.2354,430360000,8
1344380640000,1344381119000,1.2354,1.23549,1.23498,1.23531,386580000,8
1344381120000,1344381599000,1.23531,1.2357,1.23531,1.23548,284160000,8
1344381600000,1344382079000,1.23548,1.23584,1.23543,1.23571,361700000,8
1344382080000,1344382559000,1.23568,1.23577,1.23516,1.23541,618450000,8
1344382560000,1344383039000,1.23536,1.23551,1.23503,1.23523,418780000,8
1344383040000,1344383519000,1.23523,1.23536,1.23496,1.23536,451260000,8
1344383520000,1344383999000,1.23536,1.23553,1.23513,1.23529,402890000,8
1344384000000,1344384479000,1.23529,1.2356,1.23518,1.23534,729670000,8
1344384480000,1344384959000,1.23534,1.23555,1.23498,1.2353,1113500000,8
1344384960000,1344385439000,1.23531,1.23569,1.23518,1.23531,761390000,8
1344385440000,1344385919000,1.23534,1.23569,1.23523,1.23547,816370000,8
1344385920000,1344386399000,1.23552,1.23583,1.23545,1.23577,560470000,8
1344386400000,1344386879000,1.23577,1.23596,1.23568,1.23587,510340000,8
1344386880000,1344387359000,1.23584,1.23586,1.23548,1.23578,636940000,8
1344387360000,1344387839000,1.2358,1.23595,1.23569,1.23589,440190000,8
1344387840000,1344388319000,1.23587,1.236,1.23574,1.23596,381340000,8
1344388320000,1344388799000,1.23599,1.23609,1.2357,1.23588,303010000,8
1344388800000,1344389279000,1.23591,1.23602,1.23566,1.23574,522660000,8
1344389280000,1344389759000,1.23574,1.23595,1.2357,1.23583,396000000,8
1344389760000,1344390239000,1.23583,1.23631,1.23582,1.23607,366170000,8
1344390240000,1344390719000,1.23603,1.23638,1.23591,1.23631,362530000,8
1344390720000,1344391199000,1.23631,1.23631,1.2359,1.23609,400500000,8
1344391200000,1344391679000,1.23607,1.23631,1.23595,1.2362,450980000,8
1344391680000,1344392159000,1.23623,1.23638,1.23593,1.23636,426570000,8
1344392160000,1344392639000,1.23636,1.23655,1.23608,1.23617,363750000,8
1344392640000,1344393119000,1.23615,1.2364,1.23602,1.23602,267380000,8
1344393120000,1344393599000,1.23598,1.23633,1.23594,1.23627,201600000,8
1344393600000,1344394079000,1.23625,1.23633,1.23613,1.2363,185140000,8
1344394080000,1344394559000,1.23633,1.23643,1.23621,1.23625,159750000,8
1344394560000,1344395039000,1.23627,1.23634,1.23615,1.2363,149400000,8
1344395040000,1344395519000,1.2363,1.23642,1.23626,1.23638,143250000,8
1344395520000,1344395999000,1.23634,1.23654,1.23625,1.23636,145790000,8
1344396000000,1344396479000,1.2364,1.23649,1.23626,1.23635,192000000,8
1344396480000,1344396959000,1.23637,1.23652,1.23632,1.23649,187690000,8
1344396960000,1344397439000,1.23649,1.23649,1.23599,1.23605,265690000,8
1344397440000,1344397919000,1.23603,1.2362,1.23592,1.23613,398890000,8
1344397920000,1344398399000,1.23612,1.23628,1.23588,1.23623,268330000,8
1344398400000,1344398879000,1.23623,1.23643,1.23615,1.2363,233260000,8
1344398880000,1344399359000,1.2363,1.23632,1.23597,1.23622,605370000,8
1344399360000,1344399839000,1.23622,1.23626,1.23608,1.23618,198380000,8
1344399840000,1344400319000,1.23617,1.23641,1.23611,1.23613,426860000,8
1344400320000,1344400799000,1.23611,1.23629,1.23606,1.23615,330510000,8
1344400800000,1344401279000,1.23615,1.23621,1.23606,1.23616,132950000,8
1344401280000,1344401759000,1.23618,1.23627,1.23585,1.23608,450150000,8
1344401760000,1344402239000,1.23604,1.23615,1.23583,1.23595,289900000,8
1344402240000,1344402719000,1.23595,1.23624,1.23592,1.236,396570000,8
1344402720000,1344403199000,1.236,1.23612,1.23576,1.23576,241320000,8
1344403200000,1344403679000,1.23579,1.23608,1.2357,1.23597,570540000,8
1344403680000,1344404159000,1.23597,1.23615,1.23591,1.23602,439740000,8
1344404160000,1344404639000,1.23601,1.23626,1.23586,1.23611,571990000,8
1344404640000,1344405119000,1.23609,1.23653,1.23604,1.23648,516200000,8
1344405120000,1344405599000,1.23648,1.23649,1.23574,1.23578,699470000,8
1344405600000,1344406079000,1.23586,1.23593,1.23549,1.23575,839800000,8
1344406080000,1344406559000,1.23577,1.23641,1.23558,1.23613,700740000,8
1344406560000,1344407039000,1.23613,1.23633,1.23598,1.23598,707100000,8
1344407040000,1344407519000,1.23601,1.23629,1.23577,1.23599,568040000,8
1344407520000,1344407999000,1.23596,1.23643,1.23535,1.23547,1376200000,8
1344408000000,1344408479000,1.23547,1.23576,1.23481,1.2351,1351200000,8
1344408480000,1344408959000,1.2351,1.2352,1.23466,1.23482,757300000,8
1344408960000,1344409439000,1.23485,1.23493,1.23396,1.23419,1495240000,8
1344409440000,1344409919000,1.23419,1.2344,1.2338,1.23416,1696870000,8
1344409920000,1344410399000,1.23416,1.23472,1.23406,1.23466,1289830000,8
1344410400000,1344410879000,1.23466,1.23475,1.23444,1.23466,1250060000,8
1344410880000,1344411359000,1.23467,1.23476,1.23397,1.23421,1282350000,8
1344411360000,1344411839000,1.23422,1.23447,1.23383,1.2343,1233420000,8
1344411840000,1344412319000,1.23433,1.23467,1.23398,1.23399,1351050000,8
1344412320000,1344412799000,1.23399,1.2341,1.23329,1.2336,1359310000,8
1344412800000,1344413279000,1.2336,1.23394,1.23305,1.23362,1444890000,8
1344413280000,1344413759000,1.23362,1.23387,1.23316,1.23316,1424330000,8
1344413760000,1344414239000,1.2332,1.2336,1.23275,1.23344,1455890000,8
1344414240000,1344414719000,1.23344,1.23385,1.23318,1.23344,1434850000,8
1344414720000,1344415199000,1.2334,1.23348,1.23286,1.23302,1169110000,8
1344415200000,1344415679000,1.23305,1.23424,1.23287,1.23412,1248360000,8
1344415680000,1344416159000,1.23408,1.23495,1.23402,1.23467,1180280000,8
1344416160000,1344416639000,1.23469,1.23502,1.23459,1.23491,1482170000,8
1344416640000,1344417119000,1.23489,1.23519,1.23471,1.23485,1231510000,8
1344417120000,1344417599000,1.23482,1.23483,1.23359,1.23362,1283570000,8
1344417600000,1344418079000,1.2336,1.23382,1.23337,1.23375,1104570000,8
1344418080000,1344418559000,1.23375,1.23384,1.23335,1.23344,1231710000,8
1344418560000,1344419039000,1.23346,1.23354,1.23256,1.23291,1536020000,8
1344419040000,1344419519000,1.23288,1.23298,1.23233,1.23249,1611680000,8
1344419520000,1344419999000,1.2325,1.23275,1.23227,1.23248,1087140000,8
1344420000000,1344420479000,1.23244,1.23301,1.23146,1.23159,1869410000,8
1344420480000,1344420959000,1.2316,1.23216,1.23128,1.23164,1902320000,8
1344420960000,1344421439000,1.23165,1.23256,1.23156,1.23232,1300860000,8
1344421440000,1344421919000,1.23229,1.23246,1.23189,1.23232,1290120000,8
1344421920000,1344422399000,1.23236,1.23238,1.23183,1.23198,1281000000,8
1344422400000,1344422879000,1.23198,1.23211,1.23175,1.23187,752180000,8
1344422880000,1344423359000,1.23187,1.23209,1.23169,1.23174,1106550000,8
1344423360000,1344423839000,1.23174,1.23202,1.23161,1.23175,1218310000,8
1344423840000,1344424319000,1.23175,1.23243,1.23175,1.2324,1052230000,8
1344424320000,1344424799000,1.2324,1.23281,1.23206,1.2321,1057210000,8
1344424800000,1344425279000,1.23206,1.23229,1.23179,1.23193,1079500000,8
1344425280000,1344425759000,1.23196,1.2323,1.23154,1.23217,1116450000,8
1344425760000,1344426239000,1.23218,1.23247,1.23192,1.23206,983380000,8
1344426240000,1344426719000,1.23209,1.23225,1.23175,1.23185,1264110000,8
1344426720000,1344427199000,1.23185,1.23201,1.2311,1.23142,942440000,8
1344427200000,1344427679000,1.23139,1.23166,1.23127,1.23139,1243090000,8
1344427680000,1344428159000,1.23137,1.23158,1.23064,1.2307,1838390000,8
1344428160000,1344428639000,1.23075,1.23075,1.2301,1.23039,1392480000,8
1344428640000,1344429119000,1.23043,1.23073,1.2298,1.22998,1181560000,8
1344429120000,1344429599000,1.23002,1.23083,1.23,1.23057,1594030000,8
1344429600000,1344430079000,1.23061,1.23071,1.22965,1.23019,1806270000,8
1344430080000,1344430559000,1.23019,1.23041,1.22999,1.23011,1190060000,8
1344430560000,1344431039000,1.23006,1.23018,1.22928,1.22953,1532210000,8
1344431040000,1344431519000,1.22951,1.23059,1.22938,1.23059,1721650000,8
1344431520000,1344431999000,1.23056,1.23061,1.2299,1.23025,1195890000,8
1344432000000,1344432479000,1.23025,1.23037,1.22975,1.22979,1236330000,8
1344432480000,1344432959000,1.22977,1.23052,1.22975,1.23025,1415880000,8
1344432960000,1344433439000,1.23025,1.23035,1.22985,1.22992,1615040000,8
1344433440000,1344433919000,1.22995,1.22998,1.22894,1.22904,1636370000,8
1344433920000,1344434399000,1.22907,1.22933,1.22874,1.2292,1659640000,8
1344434400000,1344434879000,1.22919,1.22978,1.22901,1.22959,1962830000,8
1344434880000,1344435359000,1.22958,1.22976,1.22882,1.22893,1473860000,8
1344435360000,1344435839000,1.22895,1.22936,1.22888,1.22894,1496960000,8
1344435840000,1344436319000,1.22894,1.22994,1.22893,1.22984,1556080000,8
1344436320000,1344436799000,1.22982,1.22992,1.2294,1.22962,1331600000,8
1344436800000,1344437279000,1.22966,1.22975,1.22916,1.22961,1543610000,8
1344437280000,1344437759000,1.22963,1.2297,1.22907,1.2291,2004120000,8
1344437760000,1344438239000,1.2291,1.22971,1.2288,1.22964,2252510000,8
1344438240000,1344438719000,1.22964,1.22988,1.2291,1.22941,1504450000,8
1344438720000,1344439199000,1.22941,1.22998,1.22929,1.22957,1823540000,8
1344439200000,1344439679000,1.22955,1.22969,1.22902,1.22946,1697500000,8
1344439680000,1344440159000,1.22943,1.2297,1.22891,1.22944,1040970000,8
1344440160000,1344440639000,1.22941,1.2296,1.22924,1.2294,1067680000,8
1344440640000,1344441119000,1.2294,1.23038,1.22925,1.22956,1547700000,8
1344441120000,1344441599000,1.22957,1.23008,1.22942,1.22965,986350000,8
1344441600000,1344442079000,1.22975,1.22994,1.22914,1.22925,1027960000,8
1344442080000,1344442559000,1.2293,1.22984,1.22918,1.22982,629120000,8
1344442560000,1344443039000,1.22982,1.23022,1.22967,1.23007,1303930000,8
1344443040000,1344443519000,1.23004,1.23017,1.22964,1.22967,601860000,8
1344443520000,1344443999000,1.22967,1.2297,1.22936,1.22942,636190000,8
1344444000000,1344444479000,1.22938,1.23011,1.22935,1.22991,1209130000,8
1344444480000,1344444959000,1.22991,1.23015,1.22965,1.2297,897540000,8
1344444960000,1344445439000,1.22967,1.2298,1.2291,1.22922,1449230000,8
1344445440000,1344445919000,1.22922,1.22924,1.2288,1.22882,658870000,8
1344445920000,1344446399000,1.22885,1.22943,1.22885,1.22941,615600000,8
1344446400000,1344446879000,1.22941,1.22945,1.22905,1.22905,379210000,8
1344446880000,1344447359000,1.22906,1.22909,1.22869,1.22875,553890000,8
1344447360000,1344447839000,1.22873,1.22888,1.22847,1.22886,758250000,8
1344447840000,1344448319000,1.22886,1.22906,1.2287,1.22894,722870000,8
1344448320000,1344448799000,1.22894,1.22912,1.22861,1.22866,694850000,8
1344448800000,1344449279000,1.22869,1.22886,1.22829,1.22854,961770000,8
1344449280000,1344449759000,1.22856,1.22861,1.22837,1.22849,452860000,8
1344449760000,1344450239000,1.22849,1.22877,1.22838,1.22869,571820000,8
1344450240000,1344450719000,1.22869,1.22893,1.22859,1.2289,639190000,8
1344450720000,1344451199000,1.22891,1.22911,1.22856,1.22878,417550000,8
1344451200000,1344451679000,1.22876,1.22924,1.22872,1.22916,397580000,8
1344451680000,1344452159000,1.22916,1.22925,1.22892,1.2292,405630000,8
1344452160000,1344452639000,1.2292,1.22959,1.22912,1.22915,796630000,8
1344452640000,1344453119000,1.22918,1.22947,1.22915,1.22932,444700000,8
1344453120000,1344453599000,1.22933,1.22952,1.22908,1.22911,627340000,8
1344453600000,1344454079000,1.22911,1.22953,1.22909,1.22942,452570000,8
1344454080000,1344454559000,1.22946,1.22962,1.22934,1.22939,643690000,8
1344454560000,1344455039000,1.22939,1.22961,1.22917,1.22946,541540000,8
1344455040000,1344455519000,1.2295,1.22962,1.22926,1.22927,480760000,8
1344455520000,1344455999000,1.22926,1.22949,1.22908,1.2291,435470000,8
1344456000000,1344456479000,1.22916,1.22955,1.22902,1.22946,467270000,8
1344456480000,1344456959000,1.22948,1.22962,1.22935,1.22935,230320000,8
1344456960000,1344457439000,1.22937,1.22938,1.22925,1.22925,182610000,8
1344457440000,1344457919000,1.22925,1.22964,1.22925,1.22953,345680000,8
1344457920000,1344458399000,1.22953,1.22976,1.2294,1.22941,559510000,8
1344458400000,1344458879000,1.22943,1.22977,1.2294,1.22966,402060000,8
1344458880000,1344459359000,1.22962,1.22973,1.22935,1.22942,209900000,8
1344459360000,1344459839000,1.22941,1.22946,1.2284,1.2294,152870000,8
1344459840000,1344460319000,1.2294,1.2294,1.2293,1.2294,131120000,8
1344460320000,1344460799000,1.2294,1.22954,1.2289,1.2294,120320000,8
1344460800000,1344461279000,1.2294,1.22972,1.2294,1.2295,162830000,8
1344461280000,1344461759000,1.2295,1.2295,1.2295,1.2295,265250000,8
1344461760000,1344462239000,1.2295,1.22971,1.2295,1.2295,154110000,8
1344462240000,1344462719000,1.2295,1.22952,1.2295,1.2295,255450000,8
1344462720000,1344463199000,1.22956,1.23003,1.2295,1.22994,314880000,8
1344463200000,1344463679000,1.22994,1.23007,1.22973,1.22983,267390000,8
1344463680000,1344464159000,1.22984,1.22996,1.22982,1.22987,141570000,8
1344464160000,1344464639000,1.22989,1.22997,1.22971,1.22985,139620000,8
1344464640000,1344465119000,1.22987,1.22993,1.22981,1.22985,165000000,8
1344465120000,1344465599000,1.22986,1.23001,1.22981,1.22993,109120000,8
1344465600000,1344466079000,1.22994,1.23014,1.2297,1.22998,277220000,8
1344466080000,1344466559000,1.22998,1.23045,1.22993,1.23017,357750000,8
1344466560000,1344467039000,1.23011,1.23038,1.2301,1.23029,352130000,8
1344467040000,1344467519000,1.23029,1.23047,1.23025,1.23043,153500000,8
1344467520000,1344467999000,1.2304,1.23058,1.22992,1.22992,320220000,8
1344468000000,1344468479000,1.22992,1.23017,1.2298,1.22998,357270000,8
1344468480000,1344468959000,1.22998,1.23048,1.22991,1.2303,437320000,8
1344468960000,1344469439000,1.23033,1.23062,1.23028,1.23058,363570000,8
1344469440000,1344469919000,1.2306,1.23097,1.2306,1.23087,202860000,8
1344469920000,1344470399000,1.23087,1.23124,1.23077,1.23107,562730000,8
1344470400000,1344470879000,1.23105,1.23124,1.23081,1.2309,775280000,8
1344470880000,1344471359000,1.2309,1.23095,1.23056,1.23088,571040000,8
1344471360000,1344471839000,1.23088,1.23105,1.23076,1.23084,238730000,8
1344471840000,1344472319000,1.23084,1.23094,1.23077,1.2309,253210000,8
1344472320000,1344472799000,1.2309,1.231,1.23077,1.23082,443940000,8
1344472800000,1344473279000,1.23084,1.23092,1.23074,1.2309,477360000,8
1344473280000,1344473759000,1.2309,1.2309,1.23052,1.23068,437980000,8
1344473760000,1344474239000,1.23064,1.23135,1.23064,1.23126,681770000,8
1344474240000,1344474719000,1.2313,1.2313,1.23096,1.23112,420550000,8
1344474720000,1344475199000,1.23112,1.23126,1.231,1.23113,350250000,8
1344475200000,1344475679000,1.23108,1.23112,1.2308,1.23084,274380000,8
1344475680000,1344476159000,1.23084,1.23108,1.2308,1.23101,718710000,8
1344476160000,1344476639000,1.23098,1.23134,1.23085,1.23092,791450000,8
1344476640000,1344477119000,1.23092,1.23151,1.23082,1.23104,931040000,8
1344477120000,1344477599000,1.23101,1.23101,1.23033,1.23042,686830000,8
1344477600000,1344478079000,1.23043,1.23099,1.23034,1.23084,993220000,8
1344478080000,1344478559000,1.23088,1.23103,1.23058,1.23082,762830000,8
1344478560000,1344479039000,1.23082,1.2312,1.23073,1.23108,910130000,8
1344479040000,1344479519000,1.23108,1.23134,1.23097,1.23098,424030000,8
1344479520000,1344479999000,1.231,1.23137,1.23099,1.23137,328790000,8
1344480000000,1344480479000,1.23134,1.23161,1.23134,1.23143,414300000,8
1344480480000,1344480959000,1.23143,1.23159,1.23114,1.23151,596010000,8
1344480960000,1344481439000,1.23153,1.23162,1.23143,1.23157,426830000,8
1344481440000,1344481919000,1.23156,1.23173,1.23144,1.23147,334140000,8
1344481920000,1344482399000,1.23147,1.23167,1.23118,1.23138,359650000,8
1344482400000,1344482879000,1.23138,1.23138,1.23094,1.23104,381630000,8
1344482880000,1344483359000,1.23104,1.23104,1.23025,1.23039,654270000,8
1344483360000,1344483839000,1.23039,1.23046,1.2297,1.2301,689100000,8
1344483840000,1344484319000,1.2301,1.23021,1.22971,1.23004,559130000,8
1344484320000,1344484799000,1.23004,1.23044,1.22982,1.22983,592130000,8
1344484800000,1344485279000,1.22985,1.22994,1.22923,1.22959,617550000,8
1344485280000,1344485759000,1.22963,1.22992,1.22954,1.22964,380250000,8
1344485760000,1344486239000,1.22962,1.22982,1.22957,1.22972,560670000,8
1344486240000,1344486719000,1.22969,1.22994,1.22955,1.22977,663000000,8
1344486720000,1344487199000,1.22976,1.22994,1.22962,1.2298,350420000,8
1344487200000,1344487679000,1.22984,1.22993,1.22979,1.22986,147000000,8
1344487680000,1344488159000,1.22986,1.22998,1.22948,1.22961,386190000,8
1344488160000,1344488639000,1.22961,1.2297,1.22938,1.22953,566380000,8
1344488640000,1344489119000,1.22953,1.22962,1.22937,1.22946,368570000,8
1344489120000,1344489599000,1.22949,1.22996,1.22946,1.22989,472260000,8
1344489600000,1344490079000,1.22985,1.23003,1.22971,1.22989,365760000,8
1344490080000,1344490559000,1.22993,1.2303,1.22971,1.22974,946450000,8
1344490560000,1344491039000,1.22978,1.22991,1.22945,1.22945,628560000,8
1344491040000,1344491519000,1.22948,1.22952,1.22892,1.22921,659440000,8
1344491520000,1344491999000,1.22921,1.22945,1.22912,1.22935,321460000,8
1344492000000,1344492479000,1.22937,1.2295,1.22897,1.22927,771460000,8
1344492480000,1344492959000,1.22927,1.22961,1.22904,1.22952,675610000,8
1344492960000,1344493439000,1.22952,1.22991,1.22931,1.2297,703980000,8
1344493440000,1344493919000,1.2297,1.22979,1.22923,1.22944,646420000,8
1344493920000,1344494399000,1.22944,1.22995,1.22931,1.2298,959530000,8
1344494400000,1344494879000,1.2298,1.23004,1.229,1.23,1048650000,8
1344494880000,1344495359000,1.23002,1.23014,1.22967,1.22971,783420000,8
1344495360000,1344495839000,1.22971,1.22996,1.22928,1.22945,1279070000,8
1344495840000,1344496319000,1.22947,1.22955,1.2284,1.22868,1779880000,8
1344496320000,1344496799000,1.22867,1.22906,1.2285,1.2288,1675650000,8
1344496800000,1344497279000,1.22883,1.22901,1.22845,1.229,1383840000,8
1344497280000,1344497759000,1.22897,1.22916,1.22835,1.22857,1293740000,8
1344497760000,1344498239000,1.22861,1.22898,1.22847,1.22854,1378470000,8
1344498240000,1344498719000,1.22854,1.22868,1.2282,1.22851,1313610000,8
1344498720000,1344499199000,1.22855,1.22873,1.228,1.22803,1382750000,8
1344499200000,1344499679000,1.22801,1.22869,1.22796,1.22858,1566110000,8
1344499680000,1344500159000,1.22861,1.22872,1.22821,1.22833,1358770000,8
1344500160000,1344500639000,1.22831,1.22838,1.22746,1.22759,1313730000,8
1344500640000,1344501119000,1.22759,1.22759,1.22663,1.22675,1866450000,8
1344501120000,1344501599000,1.22673,1.22722,1.22669,1.22706,1867520000,8
1344501600000,1344502079000,1.22707,1.22723,1.22676,1.22714,1546620000,8
1344502080000,1344502559000,1.22714,1.22722,1.22677,1.22686,1530880000,8
1344502560000,1344503039000,1.22683,1.22686,1.22635,1.22667,1285220000,8
1344503040000,1344503519000,1.22667,1.22674,1.22632,1.22632,1192240000,8
1344503520000,1344503999000,1.22632,1.22645,1.22595,1.22623,934150000,8
1344504000000,1344504479000,1.22616,1.22642,1.22597,1.22618,1227460000,8
1344504480000,1344504959000,1.22618,1.22638,1.22585,1.22605,938170000,8
1344504960000,1344505439000,1.22605,1.22621,1.2258,1.22602,932680000,8
1344505440000,1344505919000,1.22602,1.22642,1.22594,1.22605,1390880000,8
1344505920000,1344506399000,1.22605,1.22623,1.22581,1.226,902590000,8
1344506400000,1344506879000,1.22601,1.22604,1.22407,1.22428,2046250000,8
1344506880000,1344507359000,1.22428,1.22459,1.22368,1.22407,1809530000,8
1344507360000,1344507839000,1.22405,1.22414,1.22343,1.22409,1680060000,8
1344507840000,1344508319000,1.22409,1.22417,1.22371,1.22384,1518700000,8
1344508320000,1344508799000,1.22388,1.22426,1.22374,1.22406,1483160000,8
1344508800000,1344509279000,1.22408,1.22436,1.22392,1.22435,1277190000,8
1344509280000,1344509759000,1.22436,1.22448,1.2242,1.2244,879150000,8
1344509760000,1344510239000,1.22441,1.22467,1.22426,1.22463,1164060000,8
1344510240000,1344510719000,1.22466,1.22475,1.22399,1.22402,1038910000,8
1344510720000,1344511199000,1.22405,1.22416,1.22289,1.22292,1408990000,8
1344511200000,1344511679000,1.22291,1.22319,1.22243,1.22297,1846960000,8
1344511680000,1344512159000,1.22298,1.22366,1.22297,1.22332,1534540000,8
1344512160000,1344512639000,1.22332,1.22405,1.22325,1.22388,1008290000,8
1344512640000,1344513119000,1.22391,1.224,1.22348,1.22368,1377760000,8
1344513120000,1344513599000,1.22365,1.22381,1.22343,1.22381,1207260000,8
1344513600000,1344514079000,1.22376,1.22389,1.22293,1.22333,1633360000,8
1344514080000,1344514559000,1.22333,1.22336,1.22277,1.22299,1330800000,8
1344514560000,1344515039000,1.22299,1.22301,1.22237,1.22286,1486130000,8
1344515040000,1344515519000,1.22281,1.22353,1.22245,1.22331,1604100000,8
1344515520000,1344515999000,1.22335,1.22382,1.22285,1.22337,2020270000,8
1344516000000,1344516479000,1.22336,1.22373,1.22314,1.22367,1565920000,8
1344516480000,1344516959000,1.22365,1.22409,1.22332,1.22339,1178120000,8
1344516960000,1344517439000,1.22339,1.22361,1.22304,1.22331,1405570000,8
1344517440000,1344517919000,1.22333,1.22376,1.22317,1.22353,1255380000,8
1344517920000,1344518399000,1.22351,1.22383,1.22278,1.22293,1282370000,8
1344518400000,1344518879000,1.22298,1.22312,1.22212,1.22222,1605120000,8
1344518880000,1344519359000,1.2223,1.22249,1.22172,1.22192,1703420000,8
1344519360000,1344519839000,1.22193,1.22259,1.22166,1.22224,2097920000,8
1344519840000,1344520319000,1.2223,1.22262,1.22197,1.22245,1521870000,8
1344520320000,1344520799000,1.22245,1.22255,1.22195,1.22198,1345630000,8
1344520800000,1344521279000,1.22198,1.22229,1.22096,1.22126,1981370000,8
1344521280000,1344521759000,1.22121,1.22139,1.22026,1.22048,1739950000,8
1344521760000,1344522239000,1.22048,1.22054,1.21956,1.21964,1817960000,8
1344522240000,1344522719000,1.21968,1.22054,1.21956,1.22027,1576920000,8
1344522720000,1344523199000,1.22024,1.22085,1.22003,1.22065,1504830000,8
1344523200000,1344523679000,1.22063,1.22174,1.22062,1.22156,1508070000,8
1344523680000,1344524159000,1.22156,1.22207,1.22149,1.22182,1395770000,8
1344524160000,1344524639000,1.22184,1.22184,1.22038,1.22069,1637850000,8
1344524640000,1344525119000,1.22068,1.22098,1.22042,1.22068,1227400000,8
1344525120000,1344525599000,1.22068,1.22081,1.22032,1.2207,1295090000,8
1344525600000,1344526079000,1.22071,1.22088,1.219,1.21901,1569940000,8
1344526080000,1344526559000,1.21897,1.21914,1.2185,1.2186,1434630000,8
1344526560000,1344527039000,1.2186,1.21885,1.21752,1.21798,1409170000,8
1344527040000,1344527519000,1.21798,1.21806,1.21725,1.2175,1618900000,8
1344527520000,1344527999000,1.21748,1.21854,1.21726,1.2183,1530100000,8
1344528000000,1344528479000,1.2183,1.21878,1.21814,1.21816,1148410000,8
1344528480000,1344528959000,1.2182,1.2183,1.21762,1.21789,831670000,8
1344528960000,1344529439000,1.21788,1.21834,1.2178,1.21788,630070000,8
1344529440000,1344529919000,1.21788,1.2182,1.21772,1.21789,771120000,8
1344529920000,1344530399000,1.2179,1.2185,1.21778,1.21839,721610000,8
1344530400000,1344530879000,1.21842,1.2185,1.2181,1.21837,646480000,8
1344530880000,1344531359000,1.21837,1.21845,1.21806,1.21816,583530000,8
1344531360000,1344531839000,1.21816,1.21844,1.218,1.21808,987390000,8
1344531840000,1344532319000,1.21808,1.2185,1.21805,1.21824,706750000,8
1344532320000,1344532799000,1.21824,1.21866,1.21812,1.21856,515220000,8
1344532800000,1344533279000,1.21856,1.21912,1.21846,1.21903,658160000,8
1344533280000,1344533759000,1.21902,1.21911,1.2188,1.21895,559080000,8
1344533760000,1344534239000,1.21895,1.21927,1.21893,1.21905,456440000,8
1344534240000,1344534719000,1.21905,1.21945,1.21904,1.21923,303180000,8
1344534720000,1344535199000,1.21928,1.21946,1.21901,1.21942,390800000,8
1344535200000,1344535679000,1.21939,1.21975,1.21939,1.21944,600440000,8
1344535680000,1344536159000,1.2195,1.21968,1.21927,1.21943,569960000,8
1344536160000,1344536639000,1.21942,1.21968,1.21927,1.21934,317260000,8
1344536640000,1344537119000,1.21933,1.21948,1.21915,1.21934,378970000,8
1344537120000,1344537599000,1.21929,1.21977,1.21929,1.21947,652590000,8
1344537600000,1344538079000,1.21944,1.21967,1.21936,1.21967,423790000,8
1344538080000,1344538559000,1.21967,1.21986,1.21955,1.21977,336180000,8
1344538560000,1344539039000,1.21974,1.21979,1.21941,1.21966,471170000,8
1344539040000,1344539519000,1.21969,1.21996,1.21958,1.21985,392860000,8
1344539520000,1344539999000,1.21984,1.21987,1.21962,1.2197,372830000,8
1344540000000,1344540479000,1.2197,1.21983,1.2196,1.21977,308060000,8
1344540480000,1344540959000,1.21974,1.21987,1.21948,1.21974,480910000,8
1344540960000,1344541439000,1.21975,1.21994,1.21956,1.21957,371770000,8
1344541440000,1344541919000,1.21957,1.21991,1.2195,1.21968,522120000,8
1344541920000,1344542399000,1.21968,1.21991,1.2196,1.21976,437740000,8
1344542400000,1344542879000,1.21971,1.21973,1.21965,1.21965,384380000,8
1344542880000,1344543359000,1.21965,1.21967,1.21941,1.21947,311840000,8
1344543360000,1344543839000,1.21945,1.21968,1.21939,1.21948,371830000,8
1344543840000,1344544319000,1.21948,1.21964,1.2192,1.21959,436860000,8
1344544320000,1344544799000,1.21959,1.2197,1.21932,1.21965,441090000,8
1344544800000,1344545279000,1.21961,1.21982,1.21941,1.21963,336760000,8
1344545280000,1344545759000,1.21966,1.21991,1.21955,1.21974,455190000,8
1344545760000,1344546239000,1.21974,1.21974,1.2189,1.21947,514250000,8
1344546240000,1344546719000,1.2195,1.2196,1.2188,1.21955,255300000,8
1344546720000,1344547199000,1.21956,1.2198,1.21955,1.21955,168450000,8
1344547200000,1344547679000,1.21955,1.21969,1.21955,1.21969,99000000,8
1344547680000,1344548159000,1.21962,1.21986,1.21962,1.21975,211850000,8
1344548160000,1344548639000,1.21975,1.2198,1.21945,1.21975,172310000,8
1344548640000,1344549119000,1.21975,1.21975,1.21975,1.21975,40200000,8
1344549120000,1344549599000,1.21975,1.21992,1.21949,1.21981,129510000,8
1344549600000,1344550079000,1.21988,1.21988,1.2195,1.21953,108270000,8
1344550080000,1344550559000,1.21952,1.21987,1.21951,1.21971,209900000,8
1344550560000,1344551039000,1.21973,1.21984,1.2196,1.2196,146450000,8
1344551040000,1344551519000,1.2196,1.21966,1.2196,1.2196,59500000,8
1344551520000,1344551999000,1.2196,1.21976,1.2196,1.2196,91150000,8
1344552000000,1344552479000,1.2196,1.21962,1.2196,1.2196,59900000,8
1344552480000,1344552959000,1.2196,1.2198,1.2196,1.21975,121000000,8
1344552960000,1344553439000,1.21975,1.21975,1.21931,1.21935,352260000,8
1344553440000,1344553919000,1.21935,1.21961,1.21909,1.2193,597130000,8
1344553920000,1344554399000,1.2193,1.21946,1.21923,1.21941,289500000,8
1344554400000,1344554879000,1.21948,1.21955,1.21927,1.21931,281250000,8
1344554880000,1344555359000,1.21928,1.21955,1.21918,1.21944,390000000,8
1344555360000,1344555839000,1.21939,1.21947,1.2188,1.21887,222400000,8
1344555840000,1344556319000,1.21887,1.21917,1.21883,1.21883,406730000,8
1344556320000,1344556799000,1.2188,1.21907,1.21868,1.21872,286670000,8
1344556800000,1344557279000,1.21872,1.21929,1.21867,1.21917,635080000,8
1344557280000,1344557759000,1.21914,1.21932,1.21893,1.21909,504750000,8
1344557760000,1344558239000,1.21909,1.21949,1.21903,1.21949,606890000,8
1344558240000,1344558719000,1.21944,1.2195,1.21924,1.21935,289450000,8
1344558720000,1344559199000,1.21935,1.21983,1.21927,1.21971,418320000,8
1344559200000,1344559679000,1.21971,1.21983,1.21943,1.21943,482230000,8
1344559680000,1344560159000,1.21943,1.21955,1.21906,1.21947,610730000,8
1344560160000,1344560639000,1.21947,1.21968,1.21924,1.21938,536400000,8
1344560640000,1344561119000,1.21935,1.21946,1.21921,1.21932,256860000,8
1344561120000,1344561599000,1.21932,1.21947,1.21906,1.21922,286100000,8
1344561600000,1344562079000,1.21922,1.21928,1.21906,1.2192,233680000,8
1344562080000,1344562559000,1.21924,1.21938,1.21886,1.21896,569540000,8
1344562560000,1344563039000,1.21901,1.21927,1.21882,1.21904,552420000,8
1344563040000,1344563519000,1.21904,1.21941,1.21896,1.21935,464370000,8
1344563520000,1344563999000,1.21939,1.21958,1.21927,1.21934,332590000,8
1344564000000,1344564479000,1.21934,1.2197,1.21923,1.21959,329640000,8
1344564480000,1344564959000,1.21961,1.21976,1.21937,1.21976,791520000,8
1344564960000,1344565439000,1.21981,1.2199,1.21941,1.21985,559500000,8
1344565440000,1344565919000,1.21985,1.22027,1.21973,1.22014,429680000,8
1344565920000,1344566399000,1.22014,1.22022,1.21999,1.22002,245120000,8
1344566400000,1344566879000,1.22002,1.22035,1.22001,1.22032,150000000,8
1344566880000,1344567359000,1.2204,1.22044,1.21984,1.21986,211810000,8
1344567360000,1344567839000,1.21985,1.22068,1.21982,1.2204,774330000,8
1344567840000,1344568319000,1.22039,1.22059,1.22007,1.22055,819320000,8
1344568320000,1344568799000,1.22055,1.22089,1.22039,1.22066,777700000,8
1344568800000,1344569279000,1.22066,1.22099,1.22047,1.22086,712690000,8
1344569280000,1344569759000,1.22082,1.22152,1.22069,1.2214,893720000,8
1344569760000,1344570239000,1.22135,1.22171,1.22127,1.22153,802070000,8
1344570240000,1344570719000,1.22155,1.22172,1.2212,1.22124,635980000,8
1344570720000,1344571199000,1.22124,1.22143,1.22091,1.22093,395380000,8
1344571200000,1344571679000,1.2209,1.22129,1.22088,1.22109,360240000,8
1344571680000,1344572159000,1.22109,1.2211,1.2209,1.22096,258900000,8
1344572160000,1344572639000,1.22096,1.22111,1.22086,1.22098,475490000,8
1344572640000,1344573119000,1.22098,1.22115,1.22043,1.22048,522950000,8
1344573120000,1344573599000,1.2205,1.2208,1.22036,1.22073,622440000,8
1344573600000,1344574079000,1.22073,1.22099,1.22063,1.22081,335030000,8
1344574080000,1344574559000,1.22083,1.22083,1.22062,1.22083,158730000,8
1344574560000,1344575039000,1.22081,1.22094,1.22062,1.22086,348010000,8
1344575040000,1344575519000,1.22087,1.22093,1.22045,1.22052,609890000,8
1344575520000,1344575999000,1.22047,1.22077,1.22022,1.22069,567990000,8
1344576000000,1344576479000,1.22068,1.22097,1.22068,1.22095,406170000,8
1344576480000,1344576959000,1.22095,1.2213,1.2209,1.22111,489010000,8
1344576960000,1344577439000,1.22111,1.22116,1.2209,1.22104,454620000,8
1344577440000,1344577919000,1.22107,1.22121,1.22091,1.22099,433590000,8
1344577920000,1344578399000,1.22095,1.22099,1.22016,1.22027,453100000,8
1344578400000,1344578879000,1.22027,1.22098,1.22026,1.22086,582780000,8
1344578880000,1344579359000,1.22088,1.22093,1.22062,1.22078,471440000,8
1344579360000,1344579839000,1.22078,1.22127,1.22072,1.22118,653040000,8
1344579840000,1344580319000,1.22115,1.22124,1.2209,1.22113,623300000,8
1344580320000,1344580799000,1.22113,1.22121,1.22091,1.22117,618710000,8
1344580800000,1344581279000,1.22116,1.22119,1.2207,1.22099,739100000,8
1344581280000,1344581759000,1.221,1.22143,1.22095,1.22104,602870000,8
1344581760000,1344582239000,1.22102,1.22113,1.22037,1.22067,1307670000,8
1344582240000,1344582719000,1.22067,1.22073,1.2202,1.22025,1371690000,8
1344582720000,1344583199000,1.22029,1.22057,1.21981,1.21993,1373020000,8
1344583200000,1344583679000,1.21992,1.22039,1.21952,1.21977,1667680000,8
1344583680000,1344584159000,1.21975,1.21981,1.2188,1.21893,1836450000,8
1344584160000,1344584639000,1.21892,1.21952,1.21881,1.21935,1244280000,8
1344584640000,1344585119000,1.21935,1.2197,1.21934,1.21953,1038520000,8
1344585120000,1344585599000,1.21951,1.21957,1.21891,1.21899,1120050000,8
1344585600000,1344586079000,1.21901,1.21961,1.21894,1.21933,1402810000,8
1344586080000,1344586559000,1.21931,1.21985,1.21917,1.21979,1148510000,8
1344586560000,1344587039000,1.21976,1.22008,1.21925,1.2193,1035720000,8
1344587040000,1344587519000,1.2193,1.21954,1.21913,1.21945,751860000,8
1344587520000,1344587999000,1.21948,1.21975,1.21934,1.21972,1153610000,8
1344588000000,1344588479000,1.21971,1.21987,1.21946,1.21956,1231620000,8
1344588480000,1344588959000,1.21957,1.21969,1.21934,1.21939,1069710000,8
1344588960000,1344589439000,1.21936,1.21962,1.21935,1.21949,675770000,8
1344589440000,1344589919000,1.21949,1.21977,1.21904,1.21911,715210000,8
1344589920000,1344590399000,1.21908,1.21932,1.21871,1.21874,951470000,8
1344590400000,1344590879000,1.21877,1.21895,1.2186,1.21862,951220000,8
1344590880000,1344591359000,1.21861,1.21862,1.2182,1.21834,767420000,8
1344591360000,1344591839000,1.2183,1.21834,1.21731,1.2175,1021710000,8
1344591840000,1344592319000,1.21754,1.2183,1.21751,1.21829,1115020000,8
1344592320000,1344592799000,1.21829,1.2187,1.21823,1.21862,817290000,8
1344592800000,1344593279000,1.21858,1.21922,1.21841,1.21918,780670000,8
1344593280000,1344593759000,1.21917,1.21928,1.21873,1.2189,914510000,8
1344593760000,1344594239000,1.21893,1.21903,1.21865,1.21902,616560000,8
1344594240000,1344594719000,1.21902,1.21908,1.21865,1.21902,745960000,8
1344594720000,1344595199000,1.21902,1.21927,1.21867,1.2192,944800000,8
1344595200000,1344595679000,1.21924,1.21945,1.21917,1.21937,739270000,8
1344595680000,1344596159000,1.21934,1.21963,1.21921,1.21946,883620000,8
1344596160000,1344596639000,1.21941,1.21949,1.21903,1.21918,1070450000,8
1344596640000,1344597119000,1.21921,1.21941,1.21888,1.21911,804210000,8
1344597120000,1344597599000,1.21914,1.21929,1.21898,1.21908,1000200000,8
1344597600000,1344598079000,1.21908,1.21947,1.2189,1.21943,1074050000,8
1344598080000,1344598559000,1.21943,1.21958,1.21915,1.21925,836300000,8
1344598560000,1344599039000,1.21929,1.21976,1.21926,1.21958,964310000,8
1344599040000,1344599519000,1.21958,1.2196,1.21915,1.2194,751410000,8
1344599520000,1344599999000,1.21943,1.2199,1.21924,1.21933,967650000,8
1344600000000,1344600479000,1.21929,1.21973,1.21921,1.21938,1119500000,8
1344600480000,1344600959000,1.21938,1.21956,1.21904,1.21909,1135000000,8
1344600960000,1344601439000,1.21904,1.21951,1.21895,1.21936,938060000,8
1344601440000,1344601919000,1.21938,1.22184,1.21906,1.22116,2114500000,8
1344601920000,1344602399000,1.22122,1.22235,1.22035,1.22191,2251090000,8
1344602400000,1344602879000,1.2219,1.22225,1.22153,1.22169,1650970000,8
1344602880000,1344603359000,1.2217,1.22172,1.22114,1.22146,1623360000,8
1344603360000,1344603839000,1.22148,1.22167,1.22072,1.221,1488890000,8
1344603840000,1344604319000,1.22101,1.22114,1.22061,1.22102,1287470000,8
1344604320000,1344604799000,1.22102,1.22152,1.22048,1.22054,1459430000,8
1344604800000,1344605279000,1.22054,1.2206,1.21933,1.21952,1370270000,8
1344605280000,1344605759000,1.21953,1.21968,1.21882,1.21903,1777900000,8
1344605760000,1344606239000,1.21905,1.21919,1.21812,1.21835,1488030000,8
1344606240000,1344606719000,1.21832,1.21907,1.21824,1.21897,1358320000,8
1344606720000,1344607199000,1.21897,1.2196,1.21867,1.21917,1711560000,8
1344607200000,1344607679000,1.21916,1.21931,1.21828,1.21843,1722390000,8
1344607680000,1344608159000,1.21843,1.21852,1.21764,1.21847,2017790000,8
1344608160000,1344608639000,1.21847,1.21893,1.21817,1.21842,1917370000,8
1344608640000,1344609119000,1.21842,1.21998,1.21838,1.21977,2251180000,8
1344609120000,1344609599000,1.21978,1.22038,1.21944,1.21966,2196810000,8
1344609600000,1344610079000,1.21969,1.22128,1.21968,1.22114,2041740000,8
1344610080000,1344610559000,1.22114,1.22114,1.22039,1.22082,1700480000,8
1344610560000,1344611039000,1.22082,1.22095,1.21967,1.21967,2189140000,8
1344611040000,1344611519000,1.21967,1.22009,1.21939,1.22005,1984280000,8
1344611520000,1344611999000,1.22002,1.22006,1.21882,1.21911,2051040000,8
1344612000000,1344612479000,1.21909,1.21947,1.21834,1.21851,1616340000,8
1344612480000,1344612959000,1.21851,1.21929,1.21835,1.21922,1095650000,8
1344612960000,1344613439000,1.21923,1.21953,1.21889,1.21929,998920000,8
1344613440000,1344613919000,1.21929,1.21975,1.21922,1.21962,883490000,8
1344613920000,1344614399000,1.21961,1.21961,1.2191,1.21953,1001500000,8
1344614400000,1344614879000,1.21953,1.2196,1.21884,1.21895,897890000,8
1344614880000,1344615359000,1.21896,1.21934,1.21896,1.21919,667280000,8
1344615360000,1344615839000,1.21915,1.21954,1.21911,1.21952,590060000,8
1344615840000,1344616319000,1.21945,1.21982,1.21923,1.21976,697160000,8
1344616320000,1344616799000,1.21976,1.21989,1.21949,1.2196,568640000,8
1344616800000,1344617279000,1.21955,1.21961,1.21926,1.21932,533690000,8
1344617280000,1344617759000,1.21937,1.21937,1.21899,1.21904,460670000,8
1344617760000,1344618239000,1.21904,1.2192,1.21891,1.219,561090000,8
1344618240000,1344618719000,1.21899,1.2194,1.2189,1.21928,719700000,8
1344618720000,1344619199000,1.21925,1.21939,1.21912,1.2192,332610000,8
1344619200000,1344619679000,1.21919,1.2193,1.21913,1.21929,205920000,8
1344619680000,1344620159000,1.21926,1.21959,1.21916,1.21952,339920000,8
1344620160000,1344620639000,1.21949,1.21956,1.21894,1.2194,685510000,8
1344620640000,1344621119000,1.21933,1.21971,1.21933,1.21969,352170000,8
1344621120000,1344621599000,1.21971,1.21985,1.21948,1.21954,298230000,8
1344621600000,1344622079000,1.21953,1.21972,1.21944,1.21946,531740000,8
1344622080000,1344622559000,1.21945,1.21979,1.21945,1.21972,462040000,8
1344622560000,1344623039000,1.21975,1.21985,1.21958,1.21971,499760000,8
1344623040000,1344623519000,1.21969,1.21974,1.21935,1.21947,434180000,8
1344623520000,1344623999000,1.21952,1.2196,1.21937,1.21952,366140000,8
1344624000000,1344624479000,1.21956,1.2197,1.21942,1.21968,395500000,8
1344624480000,1344624959000,1.21965,1.21981,1.21936,1.2194,346770000,8
1344624960000,1344625439000,1.2194,1.21969,1.21915,1.2194,556360000,8
1344625440000,1344625919000,1.2194,1.21947,1.21905,1.21923,504220000,8
1344625920000,1344626399000,1.21925,1.21929,1.21903,1.21906,421520000,8
1344626400000,1344626879000,1.2191,1.21926,1.21891,1.21891,371180000,8
1344626880000,1344627359000,1.21892,1.21892,1.21863,1.21882,350710000,8
1344627360000,1344627839000,1.21882,1.21888,1.21859,1.2186,482210000,8
1344627840000,1344628319000,1.21862,1.21881,1.21803,1.21817,914290000,8
1344628320000,1344628799000,1.21817,1.21862,1.21812,1.21824,754490000,8
1344628800000,1344629279000,1.21823,1.21836,1.218,1.21804,364010000,8
1344629280000,1344629759000,1.21803,1.21823,1.21779,1.21803,400200000,8
1344629760000,1344630239000,1.21803,1.21803,1.21776,1.21782,247270000,8
1344630240000,1344630719000,1.21784,1.21851,1.21783,1.21848,359610000,8
1344630720000,1344631199000,1.21848,1.21852,1.21796,1.21801,263790000,8
1344631200000,1344631679000,1.21801,1.21819,1.21785,1.21809,232600000,8
1344631680000,1344632159000,1.21809,1.2181,1.21733,1.21778,310620000,8
1344632160000,1344632639000,1.21778,1.21791,1.21721,1.2173,185210000,8
1344632640000,1344633119000,1.2173,1.2173,1.2173,1.2173,0,8
1344633120000,1344633599000,1.2173,1.2173,1.2173,1.2173,0,8
1344633600000,1344634079000,1.2173,1.2173,1.2173,1.2173,0,8
1344634080000,1344634559000,1.2173,1.2173,1.2173,1.2173,0,8
1344634560000,1344635039000,1.2173,1.2173,1.2173,1.2173,0,8
1344635040000,1344635519000,1.2173,1.2173,1.2173,1.2173,0,8
1344635520000,1344635999000,1.2173,1.2173,1.2173,1.2173,0,8
1344636000000,1344636479000,1.2173,1.2173,1.2173,1.2173,0,8
1344636480000,1344636959000,1.2173,1.2173,1.2173,1.2173,0,8
1344636960000,1344637439000,1.2173,1.2173,1.2173,1.2173,0,8
1344637440000,1344637919000,1.2173,1.2173,1.2173,1.2173,0,8
1344637920000,1344638399000,1.2173,1.2173,1.2173,1.2173,0,8
1344638400000,1344638879000,1.2173,1.2173,1.2173,1.2173,0,8
1344638880000,1344639359000,1.2173,1.2173,1.2173,1.2173,0,8
1344639360000,1344639839000,1.2173,1.2173,1.2173,1.2173,0,8
1344639840000,1344640319000,1.2173,1.2173,1.2173,1.2173,0,8
1344640320000,1344640799000,1.2173,1.2173,1.2173,1.2173,0,8
1344640800000,1344641279000,1.2173,1.2173,1.2173,1.2173,0,8
1344641280000,1344641759000,1.2173,1.2173,1.2173,1.2173,0,8
1344641760000,1344642239000,1.2173,1.2173,1.2173,1.2173,0,8
1344642240000,1344642719000,1.2173,1.2173,1.2173,1.2173,0,8
1344642720000,1344643199000,1.2173,1.2173,1.2173,1.2173,0,8
1344805440000,1344805919000,1.21849,1.21849,1.21771,1.21794,131640000,8
1344805920000,1344806399000,1.21792,1.21792,1.21745,1.21745,147710000,8
1344806880000,1344807359000,1.21741,1.21774,1.21738,1.21774,88970000,8
1344807360000,1344807839000,1.21774,1.21774,1.21745,1.21751,120530000,8
1344807840000,1344808319000,1.21751,1.21771,1.21744,1.21759,92850000,8
1344808320000,1344808799000,1.21764,1.21784,1.21755,1.21763,57680000,8
1344808800000,1344809279000,1.21775,1.21817,1.21754,1.21805,279900000,8
1344809280000,1344809759000,1.21805,1.21828,1.21795,1.21803,232130000,8
1344809760000,1344810239000,1.21803,1.21811,1.21791,1.21799,184500000,8
1344810240000,1344810719000,1.21803,1.21813,1.21799,1.21805,178130000,8
1344810720000,1344811199000,1.21808,1.21808,1.21788,1.21798,199130000,8
1344811200000,1344811679000,1.21798,1.21814,1.21789,1.21814,156750000,8
1344811680000,1344812159000,1.21814,1.21818,1.21803,1.21805,150000000,8
1344812160000,1344812639000,1.21805,1.21805,1.21767,1.21778,166630000,8
1344812640000,1344813119000,1.21778,1.21784,1.21755,1.21775,180950000,8
1344813120000,1344813599000,1.21775,1.21788,1.21746,1.21755,260250000,8
1344813600000,1344814079000,1.21752,1.21772,1.21752,1.21769,107250000,8
1344814080000,1344814559000,1.21772,1.21792,1.2177,1.21785,117750000,8
1344814560000,1344815039000,1.21785,1.21795,1.2178,1.21784,135000000,8
1344815040000,1344815519000,1.21784,1.21787,1.2174,1.21757,257040000,8
1344815520000,1344815999000,1.21756,1.21758,1.21717,1.21718,351000000,8
1344816000000,1344816479000,1.21718,1.21754,1.21718,1.21739,398250000,8
1344816480000,1344816959000,1.21743,1.21759,1.21708,1.21736,667230000,8
1344816960000,1344817439000,1.21736,1.21736,1.217,1.21721,488270000,8
1344817440000,1344817919000,1.21721,1.21732,1.21693,1.21712,360920000,8
1344817920000,1344818399000,1.21712,1.21727,1.21673,1.2168,258000000,8
1344818400000,1344818879000,1.21681,1.21693,1.21663,1.21676,495690000,8
1344818880000,1344819359000,1.21676,1.21689,1.21654,1.21667,384330000,8
1344819360000,1344819839000,1.21667,1.21681,1.21651,1.21651,280500000,8
1344819840000,1344820319000,1.21656,1.21665,1.21608,1.21628,434250000,8
1344820320000,1344820799000,1.21629,1.21659,1.21614,1.21658,320360000,8
1344820800000,1344821279000,1.2166,1.21671,1.21647,1.21664,402690000,8
1344821280000,1344821759000,1.21664,1.21709,1.21664,1.21676,651770000,8
1344821760000,1344822239000,1.21676,1.21765,1.21668,1.21741,777590000,8
1344822240000,1344822719000,1.21745,1.21805,1.21716,1.21755,785330000,8
1344822720000,1344823199000,1.2176,1.21791,1.21744,1.21752,567670000,8
1344823200000,1344823679000,1.21752,1.21802,1.21744,1.21802,528170000,8
1344823680000,1344824159000,1.21806,1.21807,1.2177,1.21803,470250000,8
1344824160000,1344824639000,1.21803,1.21841,1.21788,1.21792,543590000,8
1344824640000,1344825119000,1.21792,1.21801,1.2177,1.21794,317240000,8
1344825120000,1344825599000,1.21795,1.21797,1.21774,1.21797,169180000,8
1344825600000,1344826079000,1.21797,1.21878,1.21793,1.21836,436560000,8
1344826080000,1344826559000,1.2184,1.21863,1.21834,1.21837,180450000,8
1344826560000,1344827039000,1.21837,1.21894,1.21837,1.21852,371610000,8
1344827040000,1344827519000,1.21851,1.21854,1.21814,1.2183,299530000,8
1344827520000,1344827999000,1.21831,1.21852,1.21828,1.2184,169390000,8
1344828000000,1344828479000,1.2184,1.2186,1.21837,1.21849,250070000,8
1344828480000,1344828959000,1.21853,1.21867,1.21844,1.21856,462760000,8
1344828960000,1344829439000,1.21854,1.21854,1.21839,1.21848,108900000,8
1344829440000,1344829919000,1.21849,1.21849,1.21801,1.21802,293300000,8
1344829920000,1344830399000,1.21802,1.21813,1.21783,1.21806,450380000,8
1344830400000,1344830879000,1.21806,1.21819,1.21806,1.21808,143630000,8
1344830880000,1344831359000,1.21803,1.2182,1.21797,1.21798,168570000,8
1344831360000,1344831839000,1.21798,1.21809,1.21784,1.21808,195690000,8
1344831840000,1344832319000,1.21806,1.21831,1.21797,1.21827,266710000,8
1344832320000,1344832799000,1.21827,1.21838,1.21822,1.21835,146630000,8
1344832800000,1344833279000,1.21835,1.21863,1.21822,1.21848,341850000,8
1344833280000,1344833759000,1.21848,1.2187,1.21842,1.21857,283500000,8
1344833760000,1344834239000,1.21856,1.21861,1.21841,1.21847,251250000,8
1344834240000,1344834719000,1.21847,1.21861,1.21833,1.21856,528750000,8
1344834720000,1344835199000,1.21856,1.2186,1.21839,1.21851,202500000,8
1344835200000,1344835679000,1.21849,1.21859,1.21817,1.21828,351750000,8
1344835680000,1344836159000,1.21828,1.21839,1.21822,1.21831,158250000,8
1344836160000,1344836639000,1.21834,1.21859,1.21827,1.21857,148500000,8
1344836640000,1344837119000,1.21857,1.2187,1.21822,1.21825,233480000,8
1344837120000,1344837599000,1.21825,1.21827,1.21754,1.21757,340730000,8
1344837600000,1344838079000,1.21757,1.21805,1.21755,1.2179,695480000,8
1344838080000,1344838559000,1.2179,1.21815,1.21779,1.21789,418180000,8
1344838560000,1344839039000,1.21789,1.21794,1.21714,1.21736,907530000,8
1344839040000,1344839519000,1.21739,1.2177,1.21725,1.21737,832430000,8
1344839520000,1344839999000,1.21737,1.21743,1.21704,1.21728,466710000,8
1344840000000,1344840479000,1.21725,1.2175,1.2171,1.2172,509780000,8
1344840480000,1344840959000,1.21718,1.21736,1.21696,1.21728,726810000,8
1344840960000,1344841439000,1.21733,1.21771,1.21711,1.21751,935860000,8
1344841440000,1344841919000,1.21753,1.21804,1.21752,1.21804,1325680000,8
1344841920000,1344842399000,1.21803,1.21827,1.21762,1.21775,1375670000,8
1344842400000,1344842879000,1.21777,1.21805,1.21775,1.21786,1175220000,8
1344842880000,1344843359000,1.21786,1.21792,1.21745,1.21765,994100000,8
1344843360000,1344843839000,1.21768,1.21794,1.21736,1.21748,1114080000,8
1344843840000,1344844319000,1.21751,1.21795,1.21737,1.21783,858640000,8
1344844320000,1344844799000,1.21783,1.2181,1.21761,1.21763,1254120000,8
1344844800000,1344845279000,1.21763,1.21792,1.21737,1.21767,1635010000,8
1344845280000,1344845759000,1.21765,1.21834,1.21761,1.21834,990950000,8
1344845760000,1344846239000,1.21832,1.21875,1.21825,1.21846,826330000,8
1344846240000,1344846719000,1.21843,1.21888,1.21836,1.21879,837880000,8
1344846720000,1344847199000,1.21876,1.21909,1.21867,1.21893,1169340000,8
1344847200000,1344847679000,1.21892,1.21916,1.21875,1.21887,1027550000,8
1344847680000,1344848159000,1.21891,1.21931,1.21884,1.21917,803890000,8
1344848160000,1344848639000,1.21915,1.22063,1.21913,1.22016,825320000,8
1344848640000,1344849119000,1.22017,1.22107,1.22015,1.22064,1784000000,8
1344849120000,1344849599000,1.22066,1.22122,1.22057,1.22107,1574680000,8
1344849600000,1344850079000,1.22107,1.22176,1.22107,1.22169,1580390000,8
1344850080000,1344850559000,1.22171,1.22186,1.22149,1.22164,1190760000,8
1344850560000,1344851039000,1.22164,1.22196,1.22142,1.22147,1073240000,8
1344851040000,1344851519000,1.22147,1.22191,1.22141,1.22181,1343100000,8
1344851520000,1344851999000,1.2218,1.22195,1.22116,1.22116,961330000,8
1344852000000,1344852479000,1.22113,1.22127,1.22084,1.22101,936020000,8
1344852480000,1344852959000,1.22101,1.22172,1.22079,1.22172,774800000,8
1344852960000,1344853439000,1.22177,1.22222,1.22166,1.22181,1416220000,8
1344853440000,1344853919000,1.2218,1.22212,1.22162,1.22179,1103650000,8
1344853920000,1344854399000,1.22182,1.22199,1.22133,1.22146,1041850000,8
1344854400000,1344854879000,1.22149,1.2217,1.22128,1.22155,884000000,8
1344854880000,1344855359000,1.22153,1.22192,1.22148,1.2217,1318900000,8
1344855360000,1344855839000,1.22171,1.22313,1.22168,1.22251,1967940000,8
1344855840000,1344856319000,1.22252,1.22264,1.22199,1.22258,1622240000,8
1344856320000,1344856799000,1.22259,1.22426,1.2224,1.224,1829030000,8
1344856800000,1344857279000,1.22402,1.22436,1.22381,1.22415,1393020000,8
1344857280000,1344857759000,1.22414,1.22428,1.22387,1.22394,1494420000,8
1344857760000,1344858239000,1.22392,1.2242,1.22387,1.22401,1049430000,8
1344858240000,1344858719000,1.22401,1.22419,1.22374,1.22399,1076380000,8
1344858720000,1344859199000,1.22402,1.22453,1.22395,1.22416,872730000,8
1344859200000,1344859679000,1.22415,1.22459,1.22398,1.22398,1213370000,8
1344859680000,1344860159000,1.22401,1.22407,1.22341,1.22354,1492850000,8
1344860160000,1344860639000,1.22356,1.22397,1.22333,1.22335,1005540000,8
1344860640000,1344861119000,1.22335,1.22409,1.22316,1.22393,1120250000,8
1344861120000,1344861599000,1.22395,1.22522,1.22378,1.22522,1693570000,8
1344861600000,1344862079000,1.22522,1.22583,1.22491,1.22572,1426320000,8
1344862080000,1344862559000,1.22572,1.22608,1.22564,1.22602,1276130000,8
1344862560000,1344863039000,1.226,1.22643,1.22573,1.22573,1412070000,8
1344863040000,1344863519000,1.22573,1.22639,1.22548,1.22602,1240140000,8
1344863520000,1344863999000,1.22606,1.22615,1.22543,1.22543,1720400000,8
1344864000000,1344864479000,1.22543,1.2261,1.22543,1.22593,1254510000,8
1344864480000,1344864959000,1.22593,1.22618,1.22552,1.22608,1769240000,8
1344864960000,1344865439000,1.22605,1.22627,1.22568,1.22621,1414880000,8
1344865440000,1344865919000,1.22621,1.22678,1.22593,1.2267,1633920000,8
1344865920000,1344866399000,1.22671,1.22755,1.22657,1.2275,1781320000,8
1344866400000,1344866879000,1.22754,1.22795,1.22725,1.22755,1811660000,8
1344866880000,1344867359000,1.22759,1.22778,1.22719,1.22769,1675180000,8
1344867360000,1344867839000,1.22769,1.22793,1.22739,1.22756,1149720000,8
1344867840000,1344868319000,1.22758,1.2281,1.22724,1.22809,1676110000,8
1344868320000,1344868799000,1.22809,1.22835,1.22749,1.22749,1159390000,8
1344868800000,1344869279000,1.22751,1.22765,1.22707,1.2276,1172840000,8
1344869280000,1344869759000,1.2276,1.2276,1.22651,1.2267,1476690000,8
1344869760000,1344870239000,1.2267,1.22696,1.22618,1.22644,1745070000,8
1344870240000,1344870719000,1.22644,1.22689,1.22628,1.22668,1583150000,8
1344870720000,1344871199000,1.22666,1.22668,1.22612,1.22645,1099890000,8
1344871200000,1344871679000,1.22645,1.22657,1.22585,1.22588,970540000,8
1344871680000,1344872159000,1.22588,1.2262,1.2256,1.22602,757670000,8
1344872160000,1344872639000,1.22599,1.2263,1.2259,1.22602,740380000,8
1344872640000,1344873119000,1.22599,1.2261,1.22559,1.22574,1072420000,8
1344873120000,1344873599000,1.22587,1.22593,1.22531,1.22569,565260000,8
1344873600000,1344874079000,1.22571,1.22632,1.22544,1.22586,867990000,8
1344874080000,1344874559000,1.22583,1.22603,1.22563,1.22571,619340000,8
1344874560000,1344875039000,1.22578,1.22588,1.22524,1.22553,868480000,8
1344875040000,1344875519000,1.22551,1.22627,1.22551,1.22597,848880000,8
1344875520000,1344875999000,1.22591,1.22602,1.22557,1.22567,390040000,8
1344876000000,1344876479000,1.22571,1.22579,1.22539,1.22553,381240000,8
1344876480000,1344876959000,1.22553,1.22579,1.22513,1.22513,710560000,8
1344876960000,1344877439000,1.22513,1.22528,1.22483,1.22512,690070000,8
1344877440000,1344877919000,1.22512,1.22515,1.22438,1.22454,691130000,8
1344877920000,1344878399000,1.22454,1.2247,1.2242,1.22452,506850000,8
1344878400000,1344878879000,1.22451,1.22458,1.22414,1.22442,554640000,8
1344878880000,1344879359000,1.22442,1.22482,1.22437,1.22437,605250000,8
1344879360000,1344879839000,1.2244,1.22479,1.22438,1.2247,486250000,8
1344879840000,1344880319000,1.2247,1.22513,1.22463,1.2251,630480000,8
1344880320000,1344880799000,1.22514,1.22522,1.22493,1.22516,386620000,8
1344880800000,1344881279000,1.22516,1.22538,1.22501,1.22509,622560000,8
1344881280000,1344881759000,1.22513,1.22517,1.2247,1.22493,557320000,8
1344881760000,1344882239000,1.22491,1.22518,1.22473,1.22506,734000000,8
1344882240000,1344882719000,1.22506,1.22513,1.22467,1.22503,582370000,8
1344882720000,1344883199000,1.225,1.22527,1.22471,1.2248,491990000,8
1344883200000,1344883679000,1.22482,1.22482,1.22427,1.22436,487570000,8
1344883680000,1344884159000,1.22436,1.2246,1.22421,1.22458,482920000,8
1344884160000,1344884639000,1.22458,1.2246,1.22376,1.22385,779340000,8
1344884640000,1344885119000,1.2238,1.22411,1.22372,1.22392,601160000,8
1344885120000,1344885599000,1.22392,1.22423,1.22392,1.22417,307570000,8
1344885600000,1344886079000,1.22416,1.22444,1.22405,1.22405,427900000,8
1344886080000,1344886559000,1.22409,1.22415,1.22398,1.22409,292620000,8
1344886560000,1344887039000,1.22408,1.22427,1.22406,1.22411,519830000,8
1344887040000,1344887519000,1.22411,1.22423,1.224,1.22408,490160000,8
1344887520000,1344887999000,1.22406,1.22447,1.22406,1.22442,497830000,8
1344888000000,1344888479000,1.2244,1.22452,1.22427,1.22452,521310000,8
1344888480000,1344888959000,1.22449,1.22451,1.22423,1.22429,337060000,8
1344888960000,1344889439000,1.22429,1.22431,1.2242,1.2242,329250000,8
1344889440000,1344889919000,1.2242,1.2244,1.224,1.22422,207940000,8
1344889920000,1344890399000,1.22422,1.22433,1.22415,1.22428,144940000,8
1344890400000,1344890879000,1.22426,1.22441,1.22416,1.22423,187080000,8
1344890880000,1344891359000,1.22423,1.22426,1.224,1.224,317410000,8
1344891360000,1344891839000,1.224,1.22415,1.224,1.224,269310000,8
1344891840000,1344892319000,1.224,1.22407,1.224,1.224,236350000,8
1344892320000,1344892799000,1.224,1.22413,1.224,1.224,64050000,8
1344892800000,1344893279000,1.224,1.22405,1.224,1.22403,34770000,8
1344893280000,1344893759000,1.22381,1.22415,1.22381,1.22409,206000000,8
1344893760000,1344894239000,1.22406,1.22407,1.224,1.224,22420000,8
1344894240000,1344894719000,1.224,1.224,1.224,1.224,17000000,8
1344894720000,1344895199000,1.224,1.22411,1.224,1.224,113140000,8
1344895200000,1344895679000,1.224,1.22407,1.224,1.22404,55200000,8
1344895680000,1344896159000,1.22404,1.22424,1.22403,1.2241,222000000,8
1344896160000,1344896639000,1.22414,1.22414,1.2237,1.22383,177130000,8
1344896640000,1344897119000,1.22382,1.22412,1.2238,1.22403,65630000,8
1344897120000,1344897599000,1.22408,1.22416,1.2239,1.22399,78380000,8
1344897600000,1344898079000,1.22398,1.22418,1.22373,1.22414,236720000,8
1344898080000,1344898559000,1.22412,1.2242,1.22397,1.224,119250000,8
1344898560000,1344899039000,1.22406,1.22423,1.2239,1.22408,265500000,8
1344899040000,1344899519000,1.22408,1.2242,1.22388,1.22389,379550000,8
1344899520000,1344899999000,1.22392,1.2241,1.22388,1.2239,266050000,8
1344900000000,1344900479000,1.22395,1.22407,1.22387,1.22393,423820000,8
1344900480000,1344900959000,1.22393,1.22409,1.2239,1.22392,217210000,8
1344900960000,1344901439000,1.22391,1.22393,1.22381,1.22392,214500000,8
1344901440000,1344901919000,1.22392,1.22404,1.22381,1.22389,249960000,8
1344901920000,1344902399000,1.22389,1.22389,1.22374,1.22378,334520000,8
1344902400000,1344902879000,1.22373,1.2238,1.22347,1.22348,312680000,8
1344902880000,1344903359000,1.2235,1.22371,1.22345,1.22346,369410000,8
1344903360000,1344903839000,1.22346,1.22361,1.22308,1.22349,399090000,8
1344903840000,1344904319000,1.22351,1.22362,1.22329,1.2234,311480000,8
1344904320000,1344904799000,1.2234,1.22377,1.22321,1.22363,570530000,8
1344904800000,1344905279000,1.22365,1.22394,1.22365,1.22386,430500000,8
1344905280000,1344905759000,1.22386,1.2241,1.2238,1.22392,327740000,8
1344905760000,1344906239000,1.22392,1.22411,1.2238,1.22399,503100000,8
1344906240000,1344906719000,1.22392,1.22433,1.22389,1.22432,568140000,8
1344906720000,1344907199000,1.22432,1.22451,1.22416,1.22441,687250000,8
1344907200000,1344907679000,1.22443,1.22474,1.2243,1.22465,571500000,8
1344907680000,1344908159000,1.22465,1.22476,1.22446,1.2245,232990000,8
1344908160000,1344908639000,1.22449,1.22461,1.22436,1.22452,252000000,8
1344908640000,1344909119000,1.22451,1.22456,1.22436,1.22446,248250000,8
1344909120000,1344909599000,1.22446,1.22469,1.22441,1.22469,158250000,8
1344909600000,1344910079000,1.22467,1.22474,1.22458,1.22462,249750000,8
1344910080000,1344910559000,1.22462,1.22471,1.22437,1.22457,345770000,8
1344910560000,1344911039000,1.2245,1.22503,1.2245,1.2249,288440000,8
1344911040000,1344911519000,1.22488,1.22496,1.22478,1.22481,182580000,8
1344911520000,1344911999000,1.2248,1.22498,1.22477,1.22492,385840000,8
1344912000000,1344912479000,1.22492,1.22533,1.22492,1.22508,449900000,8
1344912480000,1344912959000,1.22508,1.22511,1.22485,1.22498,292540000,8
1344912960000,1344913439000,1.22496,1.22514,1.22488,1.22497,238600000,8
1344913440000,1344913919000,1.22497,1.22541,1.22493,1.22534,253990000,8
1344913920000,1344914399000,1.22537,1.22537,1.22515,1.22515,190680000,8
1344914400000,1344914879000,1.22515,1.22533,1.22505,1.22533,147000000,8
1344914880000,1344915359000,1.22533,1.2255,1.2252,1.2253,408390000,8
1344915360000,1344915839000,1.2253,1.22552,1.22524,1.22543,372000000,8
1344915840000,1344916319000,1.22543,1.22555,1.22537,1.22546,201000000,8
1344916320000,1344916799000,1.22545,1.22574,1.22538,1.22569,169500000,8
1344916800000,1344917279000,1.22569,1.22626,1.22563,1.2261,473670000,8
1344917280000,1344917759000,1.2261,1.22639,1.226,1.22628,354050000,8
1344917760000,1344918239000,1.22628,1.22663,1.22628,1.22645,215440000,8
1344918240000,1344918719000,1.22647,1.2266,1.22621,1.22627,265740000,8
1344918720000,1344919199000,1.22623,1.22689,1.22623,1.22651,606630000,8
1344919200000,1344919679000,1.22654,1.22716,1.22646,1.2271,535870000,8
1344919680000,1344920159000,1.22711,1.22746,1.22698,1.22698,825630000,8
1344920160000,1344920639000,1.22698,1.22734,1.2269,1.22729,647110000,8
1344920640000,1344921119000,1.22729,1.22729,1.22699,1.2271,420370000,8
1344921120000,1344921599000,1.2271,1.22714,1.22695,1.22711,296850000,8
1344921600000,1344922079000,1.22711,1.22743,1.22703,1.22741,336000000,8
1344922080000,1344922559000,1.2274,1.22751,1.22725,1.22735,419250000,8
1344922560000,1344923039000,1.22735,1.22736,1.22705,1.22713,584220000,8
1344923040000,1344923519000,1.22713,1.22715,1.22675,1.22687,385500000,8
1344923520000,1344923999000,1.22692,1.22738,1.22675,1.22717,496880000,8
1344924000000,1344924479000,1.22718,1.22723,1.22657,1.22673,1138990000,8
1344924480000,1344924959000,1.22673,1.22706,1.22671,1.22689,1004870000,8
1344924960000,1344925439000,1.22687,1.22703,1.22613,1.22618,558650000,8
1344925440000,1344925919000,1.2262,1.22713,1.22616,1.22663,894510000,8
1344925920000,1344926399000,1.22661,1.22678,1.2263,1.22674,917120000,8
1344926400000,1344926879000,1.22673,1.22706,1.22668,1.22687,827390000,8
1344926880000,1344927359000,1.22687,1.22693,1.22655,1.22673,857550000,8
1344927360000,1344927839000,1.22675,1.22693,1.22584,1.22592,1374690000,8
1344927840000,1344928319000,1.22596,1.22606,1.22548,1.22563,1463950000,8
1344928320000,1344928799000,1.22568,1.22647,1.2256,1.22647,1445540000,8
1344928800000,1344929279000,1.22647,1.228,1.2264,1.22798,2132010000,8
1344929280000,1344929759000,1.22801,1.22844,1.22763,1.22764,1945100000,8
1344929760000,1344930239000,1.22765,1.22802,1.22745,1.22776,1472530000,8
1344930240000,1344930719000,1.22773,1.22785,1.22711,1.22737,1323740000,8
1344930720000,1344931199000,1.22737,1.22752,1.22699,1.22752,1374000000,8
1344931200000,1344931679000,1.22757,1.22786,1.22747,1.22767,1474910000,8
1344931680000,1344932159000,1.22765,1.22815,1.22752,1.22803,1649830000,8
1344932160000,1344932639000,1.22804,1.2281,1.22771,1.22792,1299690000,8
1344932640000,1344933119000,1.22792,1.22805,1.22761,1.22771,1313100000,8
1344933120000,1344933599000,1.22767,1.2279,1.22676,1.22732,1499120000,8
1344933600000,1344934079000,1.22732,1.22751,1.22706,1.22739,1372740000,8
1344934080000,1344934559000,1.22743,1.22773,1.22706,1.22715,1280510000,8
1344934560000,1344935039000,1.22717,1.22793,1.22696,1.22718,1756930000,8
1344935040000,1344935519000,1.22718,1.22777,1.22703,1.22752,1542940000,8
1344935520000,1344935999000,1.22752,1.22762,1.2265,1.22732,1776270000,8
1344936000000,1344936479000,1.22736,1.22784,1.22716,1.22736,1122150000,8
1344936480000,1344936959000,1.22736,1.22747,1.22701,1.22709,1165490000,8
1344936960000,1344937439000,1.22706,1.22729,1.22633,1.2264,1342750000,8
1344937440000,1344937919000,1.2264,1.22674,1.22629,1.22654,1262910000,8
1344937920000,1344938399000,1.22651,1.22664,1.22644,1.22651,767920000,8
1344938400000,1344938879000,1.22651,1.22668,1.22635,1.22657,1156020000,8
1344938880000,1344939359000,1.22657,1.22699,1.22652,1.22687,827800000,8
1344939360000,1344939839000,1.22687,1.22734,1.22685,1.22713,999820000,8
1344939840000,1344940319000,1.22712,1.22751,1.22701,1.22717,1342180000,8
1344940320000,1344940799000,1.22717,1.22781,1.22709,1.22715,1058460000,8
1344940800000,1344941279000,1.22715,1.22731,1.22674,1.22698,968310000,8
1344941280000,1344941759000,1.22697,1.22697,1.22641,1.22648,1059610000,8
1344941760000,1344942239000,1.22648,1.22663,1.22623,1.22636,1135300000,8
1344942240000,1344942719000,1.22636,1.22641,1.22597,1.22602,1136170000,8
1344942720000,1344943199000,1.22602,1.2263,1.22593,1.22617,926780000,8
1344943200000,1344943679000,1.22616,1.22626,1.22593,1.22606,751990000,8
1344943680000,1344944159000,1.22608,1.22628,1.22571,1.2259,1075300000,8
1344944160000,1344944639000,1.2259,1.22608,1.22525,1.22548,1157380000,8
1344944640000,1344945119000,1.22548,1.22548,1.22504,1.2252,848530000,8
1344945120000,1344945599000,1.22516,1.22548,1.22493,1.22516,940070000,8
1344945600000,1344946079000,1.2252,1.22544,1.22517,1.22537,750780000,8
1344946080000,1344946559000,1.22539,1.22566,1.22498,1.22512,1108910000,8
1344946560000,1344947039000,1.22514,1.2255,1.22507,1.2251,1010770000,8
1344947040000,1344947519000,1.22509,1.22521,1.22436,1.22466,1385370000,8
1344947520000,1344947999000,1.22464,1.22468,1.22344,1.22346,1794230000,8
1344948000000,1344948479000,1.22344,1.22354,1.2226,1.22284,2194640000,8
1344948480000,1344948959000,1.22283,1.22308,1.22252,1.22294,1498190000,8
1344948960000,1344949439000,1.22295,1.22351,1.22263,1.22326,1527090000,8
1344949440000,1344949919000,1.22326,1.22407,1.22301,1.22366,1943620000,8
1344949920000,1344950399000,1.22368,1.22403,1.22349,1.22371,1345290000,8
1344950400000,1344950879000,1.22369,1.22415,1.22309,1.22327,1324250000,8
1344950880000,1344951359000,1.22325,1.22404,1.22321,1.22324,1780240000,8
1344951360000,1344951839000,1.22326,1.22389,1.22278,1.22378,1809480000,8
1344951840000,1344952319000,1.22375,1.22459,1.22368,1.22428,1510640000,8
1344952320000,1344952799000,1.22428,1.22456,1.22404,1.22415,1326270000,8
1344952800000,1344953279000,1.22417,1.22474,1.22408,1.2244,1503900000,8
1344953280000,1344953759000,1.22441,1.22502,1.2243,1.22495,1321980000,8
1344953760000,1344954239000,1.22494,1.22514,1.2244,1.22464,1411310000,8
1344954240000,1344954719000,1.22465,1.2247,1.22381,1.22415,1438360000,8
1344954720000,1344955199000,1.22412,1.22422,1.2231,1.2231,1582870000,8
1344955200000,1344955679000,1.2231,1.2232,1.22274,1.22298,1214780000,8
1344955680000,1344956159000,1.22299,1.22321,1.22245,1.2227,1352540000,8
1344956160000,1344956639000,1.22271,1.22278,1.22182,1.22252,1505080000,8
1344956640000,1344957119000,1.22252,1.22273,1.22218,1.22262,791240000,8
1344957120000,1344957599000,1.22263,1.2227,1.22211,1.22211,894730000,8
1344957600000,1344958079000,1.22209,1.22222,1.22178,1.22182,789810000,8
1344958080000,1344958559000,1.22184,1.22216,1.22171,1.22216,626850000,8
1344958560000,1344959039000,1.22215,1.22239,1.22194,1.22224,564540000,8
1344959040000,1344959519000,1.2222,1.22265,1.22202,1.22258,726620000,8
1344959520000,1344959999000,1.2226,1.22262,1.22198,1.22221,443470000,8
1344960000000,1344960479000,1.22224,1.22229,1.22192,1.22227,471260000,8
1344960480000,1344960959000,1.22224,1.22236,1.22209,1.22221,348100000,8
1344960960000,1344961439000,1.22224,1.22249,1.22213,1.22247,402540000,8
1344961440000,1344961919000,1.22243,1.2233,1.22231,1.22295,715300000,8
1344961920000,1344962399000,1.22293,1.22305,1.22265,1.22305,457230000,8
1344962400000,1344962879000,1.22308,1.22324,1.22294,1.22299,561850000,8
1344962880000,1344963359000,1.22299,1.22314,1.22285,1.22296,726100000,8
1344963360000,1344963839000,1.22295,1.22322,1.22267,1.22289,359260000,8
1344963840000,1344964319000,1.22284,1.223,1.22247,1.22263,460370000,8
1344964320000,1344964799000,1.22266,1.22272,1.22233,1.22249,401900000,8
1344964800000,1344965279000,1.22248,1.22255,1.22231,1.22241,277130000,8
1344965280000,1344965759000,1.22241,1.22273,1.22232,1.22273,304260000,8
1344965760000,1344966239000,1.22273,1.22294,1.22264,1.22292,302490000,8
1344966240000,1344966719000,1.22292,1.22292,1.22261,1.22271,313250000,8
1344966720000,1344967199000,1.2227,1.22288,1.22262,1.22277,300910000,8
1344967200000,1344967679000,1.22275,1.22289,1.22247,1.22265,442370000,8
1344967680000,1344968159000,1.22264,1.2228,1.22249,1.22258,278980000,8
1344968160000,1344968639000,1.22257,1.22286,1.22242,1.22271,397300000,8
1344968640000,1344969119000,1.22272,1.22272,1.22248,1.2225,196960000,8
1344969120000,1344969599000,1.2225,1.22251,1.22228,1.22239,222610000,8
1344969600000,1344970079000,1.22235,1.22259,1.22233,1.2225,286920000,8
1344970080000,1344970559000,1.2225,1.22276,1.2224,1.22267,305110000,8
1344970560000,1344971039000,1.22268,1.22291,1.2221,1.22217,559220000,8
1344971040000,1344971519000,1.22211,1.22223,1.22205,1.22215,287250000,8
1344971520000,1344971999000,1.22214,1.22226,1.222,1.222,319580000,8
1344972000000,1344972479000,1.22195,1.22213,1.22193,1.22202,159000000,8
1344972480000,1344972959000,1.22202,1.22209,1.22176,1.22177,445670000,8
1344972960000,1344973439000,1.22177,1.22248,1.22176,1.22235,503840000,8
1344973440000,1344973919000,1.22235,1.22272,1.22222,1.22244,479440000,8
1344973920000,1344974399000,1.22245,1.22257,1.22219,1.22243,496060000,8
1344974400000,1344974879000,1.22241,1.22258,1.22221,1.2223,365720000,8
1344974880000,1344975359000,1.22232,1.22256,1.2221,1.22214,384840000,8
1344975360000,1344975839000,1.22214,1.22246,1.22212,1.22236,244500000,8
1344975840000,1344976319000,1.22235,1.22238,1.2221,1.22213,328200000,8
1344976320000,1344976799000,1.22211,1.22236,1.222,1.22211,680710000,8
1344976800000,1344977279000,1.22213,1.2223,1.22205,1.22221,299330000,8
1344977280000,1344977759000,1.22221,1.22248,1.22215,1.22234,210920000,8
1344977760000,1344978239000,1.22234,1.22263,1.2222,1.22225,320180000,8
1344978240000,1344978719000,1.22197,1.22237,1.2216,1.22225,244490000,8
1344978720000,1344979199000,1.22225,1.22225,1.22225,1.22225,102250000,8
1344979200000,1344979679000,1.22218,1.2225,1.22218,1.22225,328560000,8
1344979680000,1344980159000,1.22225,1.22237,1.22225,1.22225,93090000,8
1344980160000,1344980639000,1.22225,1.22247,1.22225,1.22237,55010000,8
1344980640000,1344981119000,1.22233,1.22245,1.22169,1.2223,202670000,8
1344981120000,1344981599000,1.2223,1.22234,1.22203,1.22218,130930000,8
1344981600000,1344982079000,1.22218,1.22237,1.22217,1.22223,137670000,8
1344982080000,1344982559000,1.22225,1.22235,1.22218,1.22232,121970000,8
1344982560000,1344983039000,1.2223,1.22241,1.22214,1.22234,154580000,8
1344983040000,1344983519000,1.22234,1.22252,1.22226,1.22233,162750000,8
1344983520000,1344983999000,1.22234,1.22247,1.22229,1.22234,105000000,8
1344984000000,1344984479000,1.22234,1.22242,1.22222,1.22231,95250000,8
1344984480000,1344984959000,1.22231,1.22241,1.22223,1.22224,98240000,8
1344984960000,1344985439000,1.22223,1.22239,1.22222,1.22226,217140000,8
1344985440000,1344985919000,1.22226,1.22262,1.22212,1.22256,130280000,8
1344985920000,1344986399000,1.22257,1.2227,1.22256,1.22268,116250000,8
1344986400000,1344986879000,1.22267,1.22269,1.22235,1.22252,114750000,8
1344986880000,1344987359000,1.22254,1.22264,1.22236,1.22254,137250000,8
1344987360000,1344987839000,1.22256,1.2227,1.22235,1.2225,159000000,8
1344987840000,1344988319000,1.2225,1.22281,1.22239,1.22274,168750000,8
1344988320000,1344988799000,1.22274,1.22279,1.22258,1.22261,309380000,8
1344988800000,1344989279000,1.22266,1.22296,1.22249,1.22287,717750000,8
1344989280000,1344989759000,1.2229,1.22301,1.22269,1.22275,410630000,8
1344989760000,1344990239000,1.22279,1.22306,1.22269,1.223,409530000,8
1344990240000,1344990719000,1.223,1.22328,1.22287,1.223,427350000,8
1344990720000,1344991199000,1.22303,1.22344,1.22296,1.22322,502220000,8
1344991200000,1344991679000,1.22322,1.2235,1.22311,1.2232,392780000,8
1344991680000,1344992159000,1.2232,1.22339,1.22308,1.22312,392100000,8
1344992160000,1344992639000,1.22316,1.22328,1.22295,1.22309,484730000,8
1344992640000,1344993119000,1.22311,1.22325,1.22277,1.22307,463910000,8
1344993120000,1344993599000,1.22304,1.22309,1.22294,1.22304,239250000,8
1344993600000,1344994079000,1.22304,1.22327,1.22304,1.22316,243000000,8
1344994080000,1344994559000,1.22319,1.22326,1.22302,1.22321,276120000,8
1344994560000,1344995039000,1.22321,1.22354,1.22303,1.22347,309700000,8
1344995040000,1344995519000,1.22349,1.22371,1.22342,1.22346,209780000,8
1344995520000,1344995999000,1.22351,1.22355,1.22329,1.22333,249450000,8
1344996000000,1344996479000,1.22337,1.22342,1.22313,1.22313,301210000,8
1344996480000,1344996959000,1.22314,1.22323,1.22289,1.22308,371400000,8
1344996960000,1344997439000,1.22308,1.22319,1.22286,1.22297,270940000,8
1344997440000,1344997919000,1.22298,1.22299,1.22277,1.22291,218710000,8
1344997920000,1344998399000,1.22292,1.22317,1.22288,1.22307,462320000,8
1344998400000,1344998879000,1.22306,1.22311,1.22294,1.22307,198750000,8
1344998880000,1344999359000,1.22306,1.22313,1.22288,1.22293,156940000,8
1344999360000,1344999839000,1.22294,1.22296,1.22266,1.22268,146250000,8
1344999840000,1345000319000,1.22268,1.2228,1.22268,1.22272,194250000,8
1345000320000,1345000799000,1.22272,1.22281,1.22267,1.22275,154500000,8
1345000800000,1345001279000,1.22272,1.22289,1.22254,1.22258,273690000,8
1345001280000,1345001759000,1.22263,1.22268,1.22249,1.22256,171750000,8
1345001760000,1345002239000,1.22256,1.22264,1.22247,1.2225,151500000,8
1345002240000,1345002719000,1.2225,1.2227,1.22241,1.22242,121500000,8
1345002720000,1345003199000,1.22237,1.22253,1.22237,1.2224,83250000,8
1345003200000,1345003679000,1.22241,1.22247,1.22236,1.22243,144980000,8
1345003680000,1345004159000,1.22243,1.22246,1.2223,1.22233,122250000,8
1345004160000,1345004639000,1.22233,1.22242,1.22225,1.22229,90750000,8
1345004640000,1345005119000,1.22236,1.22259,1.22228,1.22257,163500000,8
1345005120000,1345005599000,1.22251,1.22269,1.22249,1.22261,141900000,8
1345005600000,1345006079000,1.22262,1.2227,1.22254,1.2226,131850000,8
1345006080000,1345006559000,1.22262,1.22292,1.2226,1.22285,260630000,8
1345006560000,1345007039000,1.22281,1.22306,1.22272,1.22291,340840000,8
1345007040000,1345007519000,1.22289,1.2229,1.22264,1.22273,198940000,8
1345007520000,1345007999000,1.22274,1.22278,1.22254,1.22262,275250000,8
1345008000000,1345008479000,1.22265,1.2227,1.22252,1.22263,155480000,8
1345008480000,1345008959000,1.22267,1.22275,1.22261,1.22263,146700000,8
1345008960000,1345009439000,1.22259,1.22288,1.22256,1.22269,386840000,8
1345009440000,1345009919000,1.22268,1.22278,1.22246,1.22263,222000000,8
1345009920000,1345010399000,1.22262,1.22283,1.22253,1.22263,280650000,8
1345010400000,1345010879000,1.22262,1.22327,1.22251,1.22295,619490000,8
1345010880000,1345011359000,1.2229,1.22307,1.22262,1.22269,508190000,8
1345011360000,1345011839000,1.22269,1.22408,1.22269,1.22386,907210000,8
1345011840000,1345012319000,1.22387,1.22453,1.22357,1.22429,752880000,8
1345012320000,1345012799000,1.22431,1.22498,1.22429,1.22469,840540000,8
1345012800000,1345013279000,1.22472,1.22495,1.22441,1.22442,626190000,8
1345013280000,1345013759000,1.22443,1.22481,1.22438,1.22446,620890000,8
1345013760000,1345014239000,1.22446,1.22471,1.22427,1.22458,631650000,8
1345014240000,1345014719000,1.2246,1.22462,1.22413,1.22452,987860000,8
1345014720000,1345015199000,1.22454,1.22517,1.2245,1.22484,982730000,8
1345015200000,1345015679000,1.2248,1.2253,1.22457,1.22516,997400000,8
1345015680000,1345016159000,1.22522,1.22534,1.22476,1.22519,898190000,8
1345016160000,1345016639000,1.2252,1.22523,1.22479,1.22492,706010000,8
1345016640000,1345017119000,1.22492,1.22496,1.22461,1.22464,827660000,8
1345017120000,1345017599000,1.22464,1.22464,1.22369,1.22406,1312160000,8
1345017600000,1345018079000,1.22408,1.22431,1.22383,1.22383,1129830000,8
1345018080000,1345018559000,1.22383,1.22417,1.2237,1.22414,645850000,8
1345018560000,1345019039000,1.22414,1.22449,1.22392,1.2241,930070000,8
1345019040000,1345019519000,1.2241,1.22453,1.2239,1.22432,946320000,8
1345019520000,1345019999000,1.22429,1.22441,1.22379,1.22396,802360000,8
1345020000000,1345020479000,1.22396,1.22402,1.22364,1.22374,651580000,8
1345020480000,1345020959000,1.22374,1.22435,1.22371,1.22418,590320000,8
1345020960000,1345021439000,1.2242,1.22448,1.22409,1.22441,714830000,8
1345021440000,1345021919000,1.22439,1.2244,1.22373,1.22393,694850000,8
1345021920000,1345022399000,1.22393,1.22402,1.22316,1.22337,682020000,8
1345022400000,1345022879000,1.22337,1.2234,1.22301,1.22327,489260000,8
1345022880000,1345023359000,1.22327,1.22335,1.22288,1.22315,614450000,8
1345023360000,1345023839000,1.22314,1.22349,1.22306,1.22332,663430000,8
1345023840000,1345024319000,1.22332,1.22358,1.22327,1.22356,470460000,8
1345024320000,1345024799000,1.22358,1.22362,1.2221,1.22251,1009280000,8
1345024800000,1345025279000,1.22252,1.22256,1.22185,1.22199,942290000,8
1345025280000,1345025759000,1.22197,1.22197,1.21986,1.2199,1563270000,8
1345025760000,1345026239000,1.21991,1.2201,1.21913,1.21957,1480410000,8
1345026240000,1345026719000,1.21961,1.21962,1.21841,1.21863,1241030000,8
1345026720000,1345027199000,1.21863,1.21926,1.21837,1.21859,893420000,8
1345027200000,1345027679000,1.21859,1.21946,1.21857,1.21932,653320000,8
1345027680000,1345028159000,1.21929,1.21951,1.21904,1.21934,577530000,8
1345028160000,1345028639000,1.21933,1.21949,1.21907,1.21927,712590000,8
1345028640000,1345029119000,1.21926,1.21963,1.21906,1.21906,647010000,8
1345029120000,1345029599000,1.21906,1.21923,1.21881,1.21898,844320000,8
1345029600000,1345030079000,1.219,1.21916,1.2188,1.21902,634860000,8
1345030080000,1345030559000,1.21902,1.21904,1.21864,1.21866,613820000,8
1345030560000,1345031039000,1.21866,1.2188,1.21844,1.21868,598550000,8
1345031040000,1345031519000,1.2187,1.2187,1.21829,1.21849,498890000,8
1345031520000,1345031999000,1.21851,1.21872,1.21818,1.21832,778200000,8
1345032000000,1345032479000,1.21832,1.21851,1.21802,1.21835,1021040000,8
1345032480000,1345032959000,1.21834,1.21835,1.21723,1.21726,958890000,8
1345032960000,1345033439000,1.2173,1.21771,1.21705,1.21725,1132130000,8
1345033440000,1345033919000,1.21722,1.21887,1.21695,1.21844,1321760000,8
1345033920000,1345034399000,1.21846,1.21873,1.21754,1.21763,1451190000,8
1345034400000,1345034879000,1.21762,1.21773,1.21649,1.21704,1525160000,8
1345034880000,1345035359000,1.21704,1.21756,1.21668,1.21718,1192920000,8
1345035360000,1345035839000,1.21718,1.21773,1.21677,1.21689,1115140000,8
1345035840000,1345036319000,1.2169,1.21769,1.21664,1.21743,1022850000,8
1345036320000,1345036799000,1.21743,1.21743,1.21647,1.21674,985070000,8
1345036800000,1345037279000,1.21673,1.21746,1.21645,1.21731,972560000,8
1345037280000,1345037759000,1.21731,1.21789,1.21713,1.21788,1055230000,8
1345037760000,1345038239000,1.2179,1.21823,1.21758,1.21758,1027310000,8
1345038240000,1345038719000,1.21759,1.21766,1.2171,1.21718,1064600000,8
1345038720000,1345039199000,1.21717,1.21717,1.2163,1.2163,996820000,8
1345039200000,1345039679000,1.21628,1.21639,1.21522,1.21577,1458100000,8
1345039680000,1345040159000,1.21576,1.21606,1.21517,1.21551,1217360000,8
1345040160000,1345040639000,1.21552,1.21571,1.21512,1.21561,1090240000,8
1345040640000,1345041119000,1.21561,1.21603,1.21552,1.21582,1103500000,8
1345041120000,1345041599000,1.21582,1.21595,1.21559,1.21581,790610000,8
1345041600000,1345042079000,1.21583,1.21586,1.21532,1.21532,926850000,8
1345042080000,1345042559000,1.21536,1.21549,1.21484,1.21521,1222150000,8
1345042560000,1345043039000,1.21524,1.21574,1.21491,1.21554,1716310000,8
1345043040000,1345043519000,1.21552,1.21618,1.21537,1.21545,1190090000,8
1345043520000,1345043999000,1.21545,1.2162,1.21537,1.21587,910780000,8
1345044000000,1345044479000,1.21583,1.21628,1.21568,1.21626,681030000,8
1345044480000,1345044959000,1.21626,1.21654,1.216,1.21611,848200000,8
1345044960000,1345045439000,1.21607,1.21631,1.21593,1.21601,558240000,8
1345045440000,1345045919000,1.21603,1.21637,1.2158,1.21588,653290000,8
1345045920000,1345046399000,1.21589,1.21612,1.215,1.21525,877950000,8
1345046400000,1345046879000,1.21523,1.21543,1.2147,1.21472,834350000,8
1345046880000,1345047359000,1.21472,1.215,1.2145,1.21466,609160000,8
1345047360000,1345047839000,1.21465,1.21492,1.21454,1.21476,449710000,8
1345047840000,1345048319000,1.21476,1.21476,1.2145,1.21461,400510000,8
1345048320000,1345048799000,1.21463,1.21473,1.21439,1.21443,638970000,8
1345048800000,1345049279000,1.21443,1.21484,1.21437,1.21478,512310000,8
1345049280000,1345049759000,1.2148,1.21494,1.21472,1.21488,340520000,8
1345049760000,1345050239000,1.21491,1.21515,1.21455,1.21462,693560000,8
1345050240000,1345050719000,1.21463,1.21475,1.21446,1.21465,246060000,8
1345050720000,1345051199000,1.21465,1.21496,1.21464,1.21489,263300000,8
1345051200000,1345051679000,1.21487,1.21529,1.21482,1.21517,334490000,8
1345051680000,1345052159000,1.21517,1.21534,1.21492,1.21499,235010000,8
1345052160000,1345052639000,1.21496,1.21522,1.21493,1.21511,278260000,8
1345052640000,1345053119000,1.21507,1.21527,1.21502,1.21517,254530000,8
1345053120000,1345053599000,1.21516,1.2152,1.21495,1.21517,183980000,8
1345053600000,1345054079000,1.21513,1.2154,1.21506,1.21532,367210000,8
1345054080000,1345054559000,1.21531,1.21542,1.21517,1.21521,236020000,8
1345054560000,1345055039000,1.21524,1.2154,1.21511,1.21537,313840000,8
1345055040000,1345055519000,1.21536,1.21546,1.21526,1.21534,383640000,8
1345055520000,1345055999000,1.21536,1.21542,1.21516,1.21522,423790000,8
1345056000000,1345056479000,1.21521,1.2153,1.21507,1.21511,379510000,8
1345056480000,1345056959000,1.21515,1.2153,1.21487,1.21506,382050000,8
1345056960000,1345057439000,1.21502,1.21546,1.21489,1.21534,415510000,8
1345057440000,1345057919000,1.21537,1.2155,1.21522,1.21538,283640000,8
1345057920000,1345058399000,1.21541,1.21555,1.21532,1.21545,185400000,8
1345058400000,1345058879000,1.21538,1.21557,1.21531,1.21548,273230000,8
1345058880000,1345059359000,1.2155,1.2155,1.21521,1.21531,262070000,8
1345059360000,1345059839000,1.21531,1.21548,1.21508,1.2151,329800000,8
1345059840000,1345060319000,1.2151,1.2152,1.21498,1.21503,242160000,8
1345060320000,1345060799000,1.21497,1.21545,1.21492,1.21516,408440000,8
1345060800000,1345061279000,1.21516,1.21548,1.21496,1.21527,408190000,8
1345061280000,1345061759000,1.21527,1.21536,1.21517,1.21517,347280000,8
1345061760000,1345062239000,1.21517,1.21532,1.21517,1.21529,167250000,8
1345062240000,1345062719000,1.21529,1.21541,1.21522,1.21532,211370000,8
1345062720000,1345063199000,1.21528,1.21548,1.21525,1.2153,276120000,8
1345063200000,1345063679000,1.21529,1.21554,1.21525,1.21532,686730000,8
1345063680000,1345064159000,1.2153,1.21561,1.21529,1.21539,332580000,8
1345064160000,1345064639000,1.21533,1.21585,1.21524,1.21549,196360000,8
1345064640000,1345065119000,1.21548,1.21563,1.21535,1.21553,167250000,8
1345065120000,1345065599000,1.21552,1.21558,1.21545,1.21552,139030000,8
1345065600000,1345066079000,1.21551,1.21554,1.21547,1.21554,91370000,8
1345066080000,1345066559000,1.21553,1.21557,1.2155,1.2155,565940000,8
1345066560000,1345067039000,1.21551,1.21553,1.21551,1.21553,102500000,8
1345067040000,1345067519000,1.21553,1.21558,1.21553,1.21553,75750000,8
1345067520000,1345067999000,1.21553,1.21555,1.21553,1.21555,30000000,8
1345068000000,1345068479000,1.21555,1.21557,1.2155,1.21557,276100000,8
1345068480000,1345068959000,1.21557,1.21557,1.21522,1.21539,161250000,8
1345068960000,1345069439000,1.21539,1.21546,1.21524,1.21542,237000000,8
1345069440000,1345069919000,1.21542,1.21554,1.21534,1.21539,153750000,8
1345069920000,1345070399000,1.21541,1.21548,1.2153,1.21542,123000000,8
1345070400000,1345070879000,1.21541,1.21542,1.21529,1.21531,148100000,8
1345070880000,1345071359000,1.21531,1.21563,1.21524,1.21551,135070000,8
1345071360000,1345071839000,1.21548,1.21562,1.21537,1.21543,200690000,8
1345071840000,1345072319000,1.21541,1.2155,1.21529,1.2155,188780000,8
1345072320000,1345072799000,1.2155,1.21584,1.2154,1.21584,207750000,8
1345072800000,1345073279000,1.21579,1.216,1.21575,1.21579,155460000,8
1345073280000,1345073759000,1.21574,1.21601,1.21571,1.21591,194860000,8
1345073760000,1345074239000,1.21592,1.21601,1.21574,1.21574,128250000,8
1345074240000,1345074719000,1.21574,1.21597,1.21574,1.21596,120900000,8
1345074720000,1345075199000,1.21596,1.21605,1.21585,1.21588,144900000,8
1345075200000,1345075679000,1.21588,1.21608,1.21578,1.21593,385370000,8
1345075680000,1345076159000,1.21602,1.21633,1.21595,1.21633,270170000,8
1345076160000,1345076639000,1.21633,1.21649,1.21595,1.21611,433720000,8
1345076640000,1345077119000,1.21612,1.21667,1.21599,1.21623,645730000,8
1345077120000,1345077599000,1.21623,1.21648,1.21607,1.21623,588900000,8
1345077600000,1345078079000,1.21625,1.21645,1.21603,1.21606,306780000,8
1345078080000,1345078559000,1.21606,1.21648,1.21601,1.21635,293480000,8
1345078560000,1345079039000,1.21635,1.21663,1.21625,1.21644,457230000,8
1345079040000,1345079519000,1.21641,1.21653,1.2163,1.21634,170480000,8
1345079520000,1345079999000,1.21633,1.21655,1.21618,1.21618,238280000,8
1345080000000,1345080479000,1.21617,1.21634,1.21607,1.21625,442520000,8
1345080480000,1345080959000,1.21626,1.2164,1.21573,1.21601,464820000,8
1345080960000,1345081439000,1.21603,1.21616,1.21595,1.21604,262500000,8
1345081440000,1345081919000,1.21604,1.21617,1.2157,1.21572,231600000,8
1345081920000,1345082399000,1.21568,1.21577,1.21541,1.21552,346190000,8
1345082400000,1345082879000,1.21556,1.21559,1.21523,1.21537,307800000,8
1345082880000,1345083359000,1.21537,1.21537,1.21512,1.21512,354000000,8
1345083360000,1345083839000,1.21512,1.21527,1.21503,1.21503,192750000,8
1345083840000,1345084319000,1.21507,1.21516,1.21501,1.21509,102000000,8
1345084320000,1345084799000,1.21508,1.21531,1.21496,1.21512,203630000,8
1345084800000,1345085279000,1.21512,1.21536,1.21503,1.21536,195750000,8
1345085280000,1345085759000,1.21539,1.21539,1.21517,1.2152,132240000,8
1345085760000,1345086239000,1.21516,1.2154,1.21508,1.21534,220790000,8
1345086240000,1345086719000,1.21534,1.21541,1.2151,1.21523,212250000,8
1345086720000,1345087199000,1.21527,1.21527,1.21492,1.21525,275850000,8
1345087200000,1345087679000,1.21524,1.21541,1.215,1.2151,307240000,8
1345087680000,1345088159000,1.21509,1.21514,1.21486,1.21501,254400000,8
1345088160000,1345088639000,1.21501,1.21526,1.21494,1.21523,225750000,8
1345088640000,1345089119000,1.2152,1.21529,1.21508,1.21512,248250000,8
1345089120000,1345089599000,1.21507,1.21508,1.21455,1.2149,382130000,8
1345089600000,1345090079000,1.21486,1.21499,1.21468,1.21489,398860000,8
1345090080000,1345090559000,1.21492,1.21499,1.21463,1.21475,500540000,8
1345090560000,1345091039000,1.21475,1.21475,1.2143,1.21437,301050000,8
1345091040000,1345091519000,1.21439,1.21449,1.21392,1.21418,517190000,8
1345091520000,1345091999000,1.21416,1.21433,1.21409,1.21421,306800000,8
1345092000000,1345092479000,1.2142,1.21432,1.21398,1.21416,396210000,8
1345092480000,1345092959000,1.21413,1.21428,1.21408,1.21421,301500000,8
1345092960000,1345093439000,1.21421,1.21432,1.21416,1.2142,177250000,8
1345093440000,1345093919000,1.2142,1.2142,1.21392,1.21409,200150000,8
1345093920000,1345094399000,1.2141,1.21429,1.21392,1.21424,309920000,8
1345094400000,1345094879000,1.21427,1.21445,1.21421,1.21431,269290000,8
1345094880000,1345095359000,1.21433,1.21465,1.2143,1.21457,226700000,8
1345095360000,1345095839000,1.21459,1.2147,1.21455,1.21467,194810000,8
1345095840000,1345096319000,1.21465,1.21465,1.21443,1.21451,424620000,8
1345096320000,1345096799000,1.21453,1.21455,1.21418,1.21419,385330000,8
1345096800000,1345097279000,1.21419,1.21419,1.21351,1.21356,670050000,8
1345097280000,1345097759000,1.21359,1.21401,1.21285,1.2135,1397450000,8
1345097760000,1345098239000,1.2135,1.21444,1.2135,1.21409,1034570000,8
1345098240000,1345098719000,1.21412,1.21479,1.21412,1.21449,683890000,8
1345098720000,1345099199000,1.21453,1.21459,1.21399,1.21421,671350000,8
1345099200000,1345099679000,1.21421,1.21462,1.21342,1.21349,761320000,8
1345099680000,1345100159000,1.21351,1.2139,1.21313,1.2139,963800000,8
1345100160000,1345100639000,1.21391,1.2142,1.21372,1.21404,898680000,8
1345100640000,1345101119000,1.21404,1.21446,1.21398,1.21403,906640000,8
1345101120000,1345101599000,1.214,1.21442,1.21373,1.21382,1106100000,8
1345101600000,1345102079000,1.21382,1.21402,1.21317,1.21334,956120000,8
1345102080000,1345102559000,1.21336,1.21403,1.21333,1.21396,938990000,8
1345102560000,1345103039000,1.21395,1.21415,1.21371,1.21393,971690000,8
1345103040000,1345103519000,1.21393,1.21469,1.21393,1.21434,822010000,8
1345103520000,1345103999000,1.21433,1.21453,1.21413,1.21424,703260000,8
1345104000000,1345104479000,1.21425,1.21458,1.21406,1.2141,693200000,8
1345104480000,1345104959000,1.2141,1.21464,1.21402,1.21445,731810000,8
1345104960000,1345105439000,1.21445,1.21491,1.21438,1.2146,904970000,8
1345105440000,1345105919000,1.21458,1.21478,1.21436,1.21471,1048240000,8
1345105920000,1345106399000,1.21471,1.21485,1.21372,1.21397,1068680000,8
1345106400000,1345106879000,1.21397,1.21418,1.21354,1.21395,870300000,8
1345106880000,1345107359000,1.21398,1.21418,1.21367,1.21406,772620000,8
1345107360000,1345107839000,1.21404,1.21415,1.21353,1.21367,617040000,8
1345107840000,1345108319000,1.21366,1.21397,1.21341,1.21351,797270000,8
1345108320000,1345108799000,1.21351,1.21381,1.21319,1.21325,866510000,8
1345108800000,1345109279000,1.21327,1.21352,1.21292,1.21301,546530000,8
1345109280000,1345109759000,1.21305,1.21356,1.2129,1.21341,794090000,8
1345109760000,1345110239000,1.21344,1.21355,1.21323,1.2134,643110000,8
1345110240000,1345110719000,1.2134,1.21395,1.21335,1.21389,625520000,8
1345110720000,1345111199000,1.21388,1.21406,1.21339,1.21341,828390000,8
1345111200000,1345111679000,1.21345,1.21353,1.21293,1.2132,675810000,8
1345111680000,1345112159000,1.21319,1.2133,1.21288,1.2132,723760000,8
1345112160000,1345112639000,1.21321,1.21363,1.21319,1.21362,521780000,8
1345112640000,1345113119000,1.21362,1.21398,1.21351,1.21388,522090000,8
1345113120000,1345113599000,1.21384,1.21404,1.21332,1.21333,574340000,8
1345113600000,1345114079000,1.21335,1.21373,1.21335,1.21362,510260000,8
1345114080000,1345114559000,1.21363,1.21421,1.21358,1.21403,587020000,8
1345114560000,1345115039000,1.21403,1.21448,1.21385,1.21429,782260000,8
1345115040000,1345115519000,1.21429,1.21461,1.21404,1.21422,776550000,8
1345115520000,1345115999000,1.21419,1.21465,1.2137,1.21393,802550000,8
1345116000000,1345116479000,1.21396,1.21442,1.21375,1.21434,640760000,8
1345116480000,1345116959000,1.21432,1.21454,1.21413,1.21413,765050000,8
1345116960000,1345117439000,1.21413,1.21446,1.21396,1.21417,700490000,8
1345117440000,1345117919000,1.21415,1.21455,1.21411,1.21441,589820000,8
1345117920000,1345118399000,1.21443,1.21447,1.21393,1.21408,642690000,8
1345118400000,1345118879000,1.21408,1.2143,1.21391,1.21426,512790000,8
1345118880000,1345119359000,1.21427,1.21428,1.21356,1.21393,1066900000,8
1345119360000,1345119839000,1.21393,1.2152,1.21385,1.21512,895130000,8
1345119840000,1345120319000,1.21512,1.21635,1.21474,1.21585,1469200000,8
1345120320000,1345120799000,1.21585,1.21709,1.2157,1.21687,1707360000,8
1345120800000,1345121279000,1.21688,1.21872,1.21688,1.2184,1888460000,8
1345121280000,1345121759000,1.21841,1.21937,1.21826,1.21929,1556870000,8
1345121760000,1345122239000,1.21927,1.21997,1.21883,1.21889,1509160000,8
1345122240000,1345122719000,1.21889,1.2197,1.2187,1.21941,1179240000,8
1345122720000,1345123199000,1.21942,1.2196,1.21906,1.21909,978150000,8
1345123200000,1345123679000,1.21912,1.21964,1.21861,1.21939,1413590000,8
1345123680000,1345124159000,1.21939,1.2203,1.21932,1.22019,1729070000,8
1345124160000,1345124639000,1.22019,1.2205,1.21989,1.21999,1254980000,8
1345124640000,1345125119000,1.21998,1.22046,1.21987,1.22032,1057560000,8
1345125120000,1345125599000,1.22031,1.22032,1.21982,1.21984,882050000,8
1345125600000,1345126079000,1.21982,1.22024,1.21966,1.21977,2236470000,8
1345126080000,1345126559000,1.21973,1.22066,1.21973,1.2205,1575660000,8
1345126560000,1345127039000,1.22052,1.2215,1.22035,1.22137,1695760000,8
1345127040000,1345127519000,1.22137,1.22217,1.22113,1.22196,1352450000,8
1345127520000,1345127999000,1.22196,1.22245,1.22183,1.22196,1521780000,8
1345128000000,1345128479000,1.22197,1.22268,1.22194,1.22242,1556190000,8
1345128480000,1345128959000,1.22238,1.22241,1.22159,1.22184,1649000000,8
1345128960000,1345129439000,1.22182,1.22228,1.22126,1.22147,1607420000,8
1345129440000,1345129919000,1.22147,1.22162,1.22112,1.22121,1104660000,8
1345129920000,1345130399000,1.22121,1.22173,1.22116,1.22133,1029260000,8
1345130400000,1345130879000,1.22136,1.22144,1.22094,1.22104,1076270000,8
1345130880000,1345131359000,1.22107,1.22113,1.2208,1.22083,700060000,8
1345131360000,1345131839000,1.22083,1.22141,1.22082,1.22126,487600000,8
1345131840000,1345132319000,1.22128,1.22133,1.2208,1.22085,667280000,8
1345132320000,1345132799000,1.22085,1.22101,1.22045,1.22092,659890000,8
1345132800000,1345133279000,1.22091,1.22104,1.22058,1.22087,603690000,8
1345133280000,1345133759000,1.22089,1.2211,1.22039,1.22097,803160000,8
1345133760000,1345134239000,1.22097,1.2211,1.22045,1.22079,494460000,8
1345134240000,1345134719000,1.22079,1.22106,1.22032,1.22035,550300000,8
1345134720000,1345135199000,1.22032,1.22045,1.21992,1.22024,509200000,8
1345135200000,1345135679000,1.22021,1.22048,1.22001,1.22011,494840000,8
1345135680000,1345136159000,1.22011,1.22017,1.21986,1.22017,353350000,8
1345136160000,1345136639000,1.22014,1.22052,1.2199,1.22034,411680000,8
1345136640000,1345137119000,1.22035,1.22045,1.22002,1.22031,403570000,8
1345137120000,1345137599000,1.22031,1.22058,1.22013,1.22027,423540000,8
1345137600000,1345138079000,1.22026,1.22039,1.2201,1.22034,416660000,8
1345138080000,1345138559000,1.22034,1.22099,1.22013,1.22017,752310000,8
1345138560000,1345139039000,1.22018,1.22029,1.21974,1.22009,562510000,8
1345139040000,1345139519000,1.22009,1.22068,1.2199,1.22036,576700000,8
1345139520000,1345139999000,1.22036,1.2204,1.21977,1.22013,511730000,8
1345140000000,1345140479000,1.22012,1.22012,1.21934,1.21951,831750000,8
1345140480000,1345140959000,1.21949,1.21986,1.21948,1.21986,617640000,8
1345140960000,1345141439000,1.21987,1.22009,1.21987,1.21991,335650000,8
1345141440000,1345141919000,1.21992,1.22022,1.21974,1.22007,575160000,8
1345141920000,1345142399000,1.22007,1.22015,1.21964,1.21973,630170000,8
1345142400000,1345142879000,1.21973,1.21985,1.21953,1.2197,541670000,8
1345142880000,1345143359000,1.21972,1.21979,1.2191,1.21926,544700000,8
1345143360000,1345143839000,1.21927,1.21931,1.21893,1.21916,515870000,8
1345143840000,1345144319000,1.21916,1.2192,1.21876,1.21887,397420000,8
1345144320000,1345144799000,1.21892,1.21916,1.21881,1.21897,529430000,8
1345144800000,1345145279000,1.21894,1.21922,1.21891,1.21909,393290000,8
1345145280000,1345145759000,1.21909,1.21925,1.21886,1.21907,528500000,8
1345145760000,1345146239000,1.21913,1.2192,1.21898,1.21908,500810000,8
1345146240000,1345146719000,1.21907,1.21922,1.21901,1.21913,367000000,8
1345146720000,1345147199000,1.21912,1.21933,1.21905,1.21905,550710000,8
1345147200000,1345147679000,1.21903,1.21931,1.219,1.21907,337520000,8
1345147680000,1345148159000,1.21907,1.21934,1.21907,1.21911,470850000,8
1345148160000,1345148639000,1.21911,1.21937,1.21911,1.21922,303760000,8
1345148640000,1345149119000,1.21922,1.21941,1.21914,1.2192,395950000,8
1345149120000,1345149599000,1.2192,1.21938,1.21901,1.2193,330070000,8
1345149600000,1345150079000,1.2193,1.21949,1.2192,1.21933,397880000,8
1345150080000,1345150559000,1.21933,1.21934,1.21915,1.2192,341330000,8
1345150560000,1345151039000,1.2192,1.21931,1.2183,1.2189,60580000,8
1345151040000,1345151519000,1.21915,1.21926,1.21914,1.21917,97250000,8
1345151520000,1345151999000,1.21917,1.2192,1.21915,1.2192,135550000,8
1345152000000,1345152479000,1.2192,1.2192,1.21881,1.21896,101570000,8
1345152480000,1345152959000,1.21897,1.21905,1.2188,1.21883,214530000,8
1345152960000,1345153439000,1.21883,1.21903,1.21875,1.21885,257120000,8
1345153440000,1345153919000,1.2189,1.21896,1.21886,1.21891,49500000,8
1345153920000,1345154399000,1.2189,1.21901,1.21885,1.21887,192050000,8
1345154400000,1345154879000,1.21887,1.21908,1.21883,1.21893,249000000,8
1345154880000,1345155359000,1.2189,1.21897,1.21885,1.21893,62250000,8
1345155360000,1345155839000,1.21893,1.21896,1.21885,1.21896,114100000,8
1345155840000,1345156319000,1.21896,1.21912,1.21895,1.21901,74630000,8
1345156320000,1345156799000,1.21904,1.21907,1.21898,1.21901,43190000,8
1345156800000,1345157279000,1.21904,1.21913,1.21898,1.21907,57000000,8
1345157280000,1345157759000,1.21907,1.2191,1.21897,1.21906,65250000,8
1345157760000,1345158239000,1.21901,1.21903,1.2189,1.21902,81260000,8
1345158240000,1345158719000,1.21901,1.21912,1.21874,1.21912,56880000,8
1345158720000,1345159199000,1.21912,1.21922,1.21903,1.21914,77490000,8
1345159200000,1345159679000,1.21914,1.21923,1.21895,1.21898,125640000,8
1345159680000,1345160159000,1.219,1.21913,1.21891,1.21913,137770000,8
1345160160000,1345160639000,1.21912,1.21918,1.21902,1.2191,189000000,8
1345160640000,1345161119000,1.2191,1.21914,1.2189,1.21914,146050000,8
1345161120000,1345161599000,1.21914,1.21919,1.21901,1.21908,165750000,8
1345161600000,1345162079000,1.21905,1.2191,1.21881,1.21885,295870000,8
1345162080000,1345162559000,1.21884,1.21895,1.2188,1.21889,181500000,8
1345162560000,1345163039000,1.21891,1.21908,1.21883,1.21904,139210000,8
1345163040000,1345163519000,1.21902,1.21905,1.21853,1.2188,347420000,8
1345163520000,1345163999000,1.2188,1.219,1.21871,1.21899,282090000,8
1345164000000,1345164479000,1.21896,1.21914,1.21883,1.21895,520500000,8
1345164480000,1345164959000,1.21894,1.21897,1.21842,1.21858,397960000,8
1345164960000,1345165439000,1.21857,1.21906,1.21855,1.21906,495670000,8
1345165440000,1345165919000,1.21907,1.21952,1.21899,1.21949,359060000,8
1345165920000,1345166399000,1.21947,1.21961,1.21925,1.21943,316390000,8
1345166400000,1345166879000,1.21945,1.21945,1.21913,1.21928,280220000,8
1345166880000,1345167359000,1.2193,1.21944,1.21908,1.21909,228750000,8
1345167360000,1345167839000,1.21911,1.21918,1.21886,1.21908,239000000,8
1345167840000,1345168319000,1.21907,1.21914,1.21893,1.21902,109330000,8
1345168320000,1345168799000,1.21898,1.21926,1.21889,1.21923,230670000,8
1345168800000,1345169279000,1.21923,1.21926,1.21906,1.2192,198170000,8
1345169280000,1345169759000,1.21921,1.21924,1.21905,1.21909,248080000,8
1345169760000,1345170239000,1.2191,1.21916,1.21885,1.21915,263880000,8
1345170240000,1345170719000,1.21915,1.21924,1.21901,1.21901,150750000,8
1345170720000,1345171199000,1.21903,1.21909,1.21873,1.21877,317700000,8
1345171200000,1345171679000,1.21877,1.21905,1.21877,1.21897,322500000,8
1345171680000,1345172159000,1.21898,1.21921,1.21887,1.2191,276010000,8
1345172160000,1345172639000,1.2191,1.21914,1.21872,1.21881,362030000,8
1345172640000,1345173119000,1.21881,1.21896,1.21858,1.21863,205730000,8
1345173120000,1345173599000,1.2186,1.21863,1.218,1.21816,390750000,8
1345173600000,1345174079000,1.21816,1.21827,1.21808,1.21814,238580000,8
1345174080000,1345174559000,1.21815,1.21834,1.21809,1.21814,151500000,8
1345174560000,1345175039000,1.21818,1.21826,1.21811,1.21816,185700000,8
1345175040000,1345175519000,1.21815,1.21825,1.21804,1.21809,315390000,8
1345175520000,1345175999000,1.21809,1.21842,1.21808,1.21832,254340000,8
1345176000000,1345176479000,1.21836,1.21839,1.21798,1.21812,333430000,8
1345176480000,1345176959000,1.21812,1.21812,1.21785,1.21791,200270000,8
1345176960000,1345177439000,1.21789,1.21818,1.21784,1.218,314250000,8
1345177440000,1345177919000,1.21802,1.21857,1.21793,1.21826,680210000,8
1345177920000,1345178399000,1.21828,1.21854,1.21818,1.21845,800870000,8
1345178400000,1345178879000,1.21841,1.2187,1.21834,1.21849,543140000,8
1345178880000,1345179359000,1.21847,1.21882,1.21825,1.21879,310180000,8
1345179360000,1345179839000,1.21882,1.21895,1.2185,1.21885,364730000,8
1345179840000,1345180319000,1.21885,1.21915,1.21871,1.21897,294250000,8
1345180320000,1345180799000,1.21896,1.21897,1.21865,1.21868,249230000,8
1345180800000,1345181279000,1.21868,1.21922,1.21868,1.21922,316860000,8
1345181280000,1345181759000,1.21921,1.21935,1.2189,1.21894,330020000,8
1345181760000,1345182239000,1.21891,1.21904,1.21871,1.21882,277830000,8
1345182240000,1345182719000,1.21883,1.21916,1.21882,1.21913,261750000,8
1345182720000,1345183199000,1.21913,1.21924,1.21895,1.21911,234000000,8
1345183200000,1345183679000,1.21908,1.21955,1.21902,1.21953,506800000,8
1345183680000,1345184159000,1.21953,1.22034,1.21945,1.21979,809150000,8
1345184160000,1345184639000,1.2198,1.22059,1.21973,1.22057,889870000,8
1345184640000,1345185119000,1.22061,1.22074,1.22017,1.22019,743620000,8
1345185120000,1345185599000,1.22019,1.22063,1.21992,1.22032,1022490000,8
1345185600000,1345186079000,1.22034,1.22126,1.22026,1.22113,810640000,8
1345186080000,1345186559000,1.22111,1.22157,1.22083,1.22089,823110000,8
1345186560000,1345187039000,1.2209,1.22172,1.22088,1.22146,1102680000,8
1345187040000,1345187519000,1.22144,1.22165,1.22123,1.22131,1278500000,8
1345187520000,1345187999000,1.22129,1.22129,1.22083,1.22105,875310000,8
1345188000000,1345188479000,1.22105,1.22147,1.22077,1.22141,1171020000,8
1345188480000,1345188959000,1.22141,1.22148,1.22089,1.22118,1027500000,8
1345188960000,1345189439000,1.22112,1.22128,1.2205,1.22066,770460000,8
1345189440000,1345189919000,1.22066,1.22087,1.21954,1.21959,987620000,8
1345189920000,1345190399000,1.21958,1.21986,1.2191,1.21923,883530000,8
1345190400000,1345190879000,1.21923,1.22025,1.2192,1.22002,709100000,8
1345190880000,1345191359000,1.21998,1.2202,1.21983,1.22002,676230000,8
1345191360000,1345191839000,1.22003,1.22024,1.21983,1.21992,775380000,8
1345191840000,1345192319000,1.21995,1.22031,1.21977,1.2198,958570000,8
1345192320000,1345192799000,1.21982,1.22018,1.21965,1.22005,538120000,8
1345192800000,1345193279000,1.2201,1.22099,1.21997,1.22092,1039710000,8
1345193280000,1345193759000,1.2209,1.22109,1.22062,1.22092,943250000,8
1345193760000,1345194239000,1.2209,1.22154,1.22067,1.2215,859340000,8
1345194240000,1345194719000,1.22153,1.2218,1.22124,1.22139,1170720000,8
1345194720000,1345195199000,1.22139,1.22165,1.22092,1.22109,700300000,8
1345195200000,1345195679000,1.22109,1.22155,1.22109,1.22124,627390000,8
1345195680000,1345196159000,1.22124,1.22124,1.22078,1.22092,723920000,8
1345196160000,1345196639000,1.22092,1.22095,1.22053,1.22082,652640000,8
1345196640000,1345197119000,1.22085,1.22104,1.22066,1.22089,680100000,8
1345197120000,1345197599000,1.22089,1.22105,1.22022,1.22036,608900000,8
1345197600000,1345198079000,1.22035,1.22074,1.22024,1.22054,786320000,8
1345198080000,1345198559000,1.22054,1.22078,1.2204,1.22069,736160000,8
1345198560000,1345199039000,1.22068,1.22103,1.22051,1.22097,539200000,8
1345199040000,1345199519000,1.22096,1.22127,1.22096,1.22111,485860000,8
1345199520000,1345199999000,1.22114,1.22136,1.2206,1.2207,600220000,8
1345200000000,1345200479000,1.22075,1.22084,1.22043,1.22048,419260000,8
1345200480000,1345200959000,1.22048,1.22057,1.22001,1.22006,588010000,8
1345200960000,1345201439000,1.22003,1.22011,1.2196,1.22002,1084360000,8
1345201440000,1345201919000,1.22004,1.22009,1.21962,1.21991,849710000,8
1345201920000,1345202399000,1.21991,1.22022,1.21979,1.2201,591900000,8
1345202400000,1345202879000,1.2201,1.22012,1.21972,1.21993,529530000,8
1345202880000,1345203359000,1.21993,1.22037,1.21988,1.22018,743010000,8
1345203360000,1345203839000,1.22022,1.22032,1.21971,1.22028,948660000,8
1345203840000,1345204319000,1.22028,1.22035,1.21986,1.21986,894810000,8
1345204320000,1345204799000,1.21986,1.21995,1.21881,1.2194,1172810000,8
1345204800000,1345205279000,1.21943,1.21989,1.21933,1.21962,1424460000,8
1345205280000,1345205759000,1.21962,1.22003,1.2191,1.21943,1226930000,8
1345205760000,1345206239000,1.21945,1.22085,1.21945,1.22068,1452490000,8
1345206240000,1345206719000,1.22066,1.22223,1.22024,1.22145,1725580000,8
1345206720000,1345207199000,1.22145,1.2217,1.22091,1.22118,1244480000,8
1345207200000,1345207679000,1.22121,1.22121,1.22035,1.22061,862520000,8
1345207680000,1345208159000,1.22058,1.22142,1.2205,1.22093,965290000,8
1345208160000,1345208639000,1.22091,1.22133,1.22062,1.22132,849330000,8
1345208640000,1345209119000,1.22133,1.22247,1.22133,1.2224,883930000,8
1345209120000,1345209599000,1.22243,1.22288,1.22116,1.22136,1149610000,8
1345209600000,1345210079000,1.22136,1.22141,1.22065,1.22103,1109090000,8
1345210080000,1345210559000,1.22099,1.22115,1.22046,1.22066,952590000,8
1345210560000,1345211039000,1.22067,1.2207,1.21957,1.21994,1225680000,8
1345211040000,1345211519000,1.2199,1.22,1.21916,1.2196,1564880000,8
1345211520000,1345211999000,1.21957,1.21986,1.21865,1.21947,1526770000,8
1345212000000,1345212479000,1.2195,1.21959,1.21832,1.21855,1890020000,8
1345212480000,1345212959000,1.21866,1.21883,1.21711,1.21752,1845540000,8
1345212960000,1345213439000,1.21753,1.21823,1.21705,1.21712,1587540000,8
1345213440000,1345213919000,1.21715,1.21716,1.216,1.21658,1609910000,8
1345213920000,1345214399000,1.21659,1.21687,1.21627,1.21633,1359690000,8
1345214400000,1345214879000,1.21632,1.21692,1.21611,1.21685,1100080000,8
1345214880000,1345215359000,1.21685,1.21714,1.21615,1.21633,979940000,8
1345215360000,1345215839000,1.21635,1.21637,1.21508,1.21625,1614710000,8
1345215840000,1345216319000,1.21624,1.21702,1.21616,1.21693,1107860000,8
1345216320000,1345216799000,1.21696,1.21716,1.21649,1.21656,829910000,8
1345216800000,1345217279000,1.21657,1.2171,1.21634,1.2166,917770000,8
1345217280000,1345217759000,1.21661,1.21712,1.21655,1.2167,763700000,8
1345217760000,1345218239000,1.21672,1.21728,1.21639,1.21713,721710000,8
1345218240000,1345218719000,1.21713,1.21722,1.21692,1.2171,620520000,8
1345218720000,1345219199000,1.21708,1.21728,1.21677,1.21718,721990000,8
1345219200000,1345219679000,1.21721,1.21777,1.21721,1.21748,499630000,8
1345219680000,1345220159000,1.2175,1.21792,1.21748,1.21786,454900000,8
1345220160000,1345220639000,1.21786,1.21825,1.21777,1.2181,531140000,8
1345220640000,1345221119000,1.21809,1.21855,1.21805,1.21855,397990000,8
1345221120000,1345221599000,1.21853,1.21871,1.21839,1.21855,499600000,8
1345221600000,1345222079000,1.21855,1.21871,1.21823,1.21867,456010000,8
1345222080000,1345222559000,1.21867,1.21896,1.21856,1.21862,379350000,8
1345222560000,1345223039000,1.21863,1.21874,1.21834,1.21874,350690000,8
1345223040000,1345223519000,1.21872,1.21883,1.21853,1.21868,255630000,8
1345223520000,1345223999000,1.21866,1.21884,1.21866,1.21874,286560000,8
1345224000000,1345224479000,1.21874,1.21879,1.21859,1.21865,275740000,8
1345224480000,1345224959000,1.21865,1.21877,1.2185,1.21868,258390000,8
1345224960000,1345225439000,1.21868,1.21868,1.21827,1.21844,378180000,8
1345225440000,1345225919000,1.21845,1.21846,1.21811,1.21817,281910000,8
1345225920000,1345226399000,1.21817,1.21847,1.21817,1.21836,228850000,8
1345226400000,1345226879000,1.21837,1.21845,1.21828,1.21832,250390000,8
1345226880000,1345227359000,1.21834,1.21845,1.21827,1.21834,316870000,8
1345227360000,1345227839000,1.21832,1.21851,1.21828,1.21828,258390000,8
1345227840000,1345228319000,1.21828,1.2186,1.21827,1.21835,392820000,8
1345228320000,1345228799000,1.21835,1.21855,1.21831,1.21845,223650000,8
1345228800000,1345229279000,1.21845,1.21848,1.21826,1.21829,223950000,8
1345229280000,1345229759000,1.21827,1.21847,1.21819,1.21839,242580000,8
1345229760000,1345230239000,1.21839,1.21843,1.21819,1.21828,326680000,8
1345230240000,1345230719000,1.21828,1.21841,1.21807,1.21836,205810000,8
1345230720000,1345231199000,1.21836,1.21841,1.21825,1.21836,223360000,8
1345231200000,1345231679000,1.21833,1.21839,1.21825,1.21828,224250000,8
1345231680000,1345232159000,1.21827,1.21836,1.21812,1.21819,217500000,8
1345232160000,1345232639000,1.21822,1.21856,1.21816,1.21851,333990000,8
1345232640000,1345233119000,1.21847,1.22032,1.21836,1.21989,580180000,8
1345233120000,1345233599000,1.21999,1.22028,1.21957,1.2199,858570000,8
1345233600000,1345234079000,1.21993,1.21998,1.21934,1.21936,214980000,8
1345234080000,1345234559000,1.21941,1.21949,1.21847,1.21847,307950000,8
1345234560000,1345235039000,1.21847,1.21878,1.21827,1.21863,296480000,8
1345235040000,1345235519000,1.21863,1.21872,1.2185,1.21853,256280000,8
1345235520000,1345235999000,1.21853,1.21936,1.21853,1.21929,222160000,8
1345236000000,1345236479000,1.2193,1.2193,1.21883,1.21883,224010000,8
1345236480000,1345236959000,1.2188,1.22021,1.2188,1.21985,308830000,8
1345236960000,1345237439000,1.21986,1.22013,1.2192,1.21934,261400000,8
1345237440000,1345237919000,1.21934,1.21934,1.21934,1.21934,0,8
1345237920000,1345238399000,1.21934,1.21934,1.21934,1.21934,0,8
1345238400000,1345238879000,1.21934,1.21934,1.21934,1.21934,0,8
1345238880000,1345239359000,1.21934,1.21934,1.21934,1.21934,0,8
1345239360000,1345239839000,1.21934,1.21934,1.21934,1.21934,0,8
1345239840000,1345240319000,1.21934,1.21934,1.21934,1.21934,0,8
1345240320000,1345240799000,1.21934,1.21934,1.21934,1.21934,0,8
1345240800000,1345241279000,1.21934,1.21934,1.21934,1.21934,0,8
1345241280000,1345241759000,1.21934,1.21934,1.21934,1.21934,0,8
1345241760000,1345242239000,1.21934,1.21934,1.21934,1.21934,0,8
1345242240000,1345242719000,1.21934,1.21934,1.21934,1.21934,0,8
1345242720000,1345243199000,1.21934,1.21934,1.21934,1.21934,0,8
1345243200000,1345243679000,1.21934,1.21934,1.21934,1.21934,0,8
1345243680000,1345244159000,1.21934,1.21934,1.21934,1.21934,0,8
1345244160000,1345244639000,1.21934,1.21934,1.21934,1.21934,0,8
1345244640000,1345245119000,1.21934,1.21934,1.21934,1.21934,0,8
1345245120000,1345245599000,1.21934,1.21934,1.21934,1.21934,0,8
1345245600000,1345246079000,1.21934,1.21934,1.21934,1.21934,0,8
1345246080000,1345246559000,1.21934,1.21934,1.21934,1.21934,0,8
1345246560000,1345247039000,1.21934,1.21934,1.21934,1.21934,0,8
1345247040000,1345247519000,1.21934,1.21934,1.21934,1.21934,0,8
1345247520000,1345247999000,1.21934,1.21934,1.21934,1.21934,0,8
1345410240000,1345410719000,1.21904,1.22007,1.21887,1.21977,294500000,8
1345410720000,1345411199000,1.21977,1.22019,1.21955,1.21974,110300000,8
1345411200000,1345411679000,1.21954,1.22002,1.21954,1.21989,86720000,8
1345411680000,1345412159000,1.21987,1.22044,1.21969,1.22014,99450000,8
1345412160000,1345412639000,1.21978,1.22033,1.21976,1.22012,40320000,8
1345412640000,1345413119000,1.22014,1.22045,1.21979,1.22014,104890000,8
1345413600000,1345414079000,1.22026,1.22026,1.21888,1.21896,269470000,8
1345414080000,1345414559000,1.21896,1.21918,1.21888,1.21913,264380000,8
1345414560000,1345415039000,1.21909,1.21971,1.21909,1.21933,411510000,8
1345415040000,1345415519000,1.21935,1.2194,1.21924,1.21934,134250000,8
1345418880000,1345419359000,1.21923,1.21941,1.21892,1.21901,208730000,8
1345419360000,1345419839000,1.21901,1.21907,1.21879,1.21879,176040000,8
1345419840000,1345420319000,1.21875,1.21911,1.21874,1.21898,237900000,8
1345420320000,1345420799000,1.21901,1.21921,1.21896,1.21921,195980000,8
1345420800000,1345421279000,1.21922,1.21924,1.21876,1.21888,362100000,8
1345421280000,1345421759000,1.21888,1.21901,1.21869,1.21873,310500000,8
1345421760000,1345422239000,1.21874,1.21888,1.21854,1.2187,495000000,8
1345422240000,1345422719000,1.2187,1.21885,1.21858,1.21884,327000000,8
1345422720000,1345423199000,1.21884,1.21902,1.21878,1.21889,207750000,8
1345423200000,1345423679000,1.2189,1.21909,1.2188,1.21902,193210000,8
1345423680000,1345424159000,1.21902,1.21902,1.21872,1.21892,215430000,8
1345424160000,1345424639000,1.21893,1.21909,1.21882,1.21894,232880000,8
1345424640000,1345425119000,1.21892,1.21917,1.21884,1.21889,242650000,8
1345425120000,1345425599000,1.21886,1.21906,1.21884,1.21895,369310000,8
1345425600000,1345426079000,1.21894,1.21939,1.21885,1.21913,301960000,8
1345426080000,1345426559000,1.2191,1.21921,1.21891,1.21911,306750000,8
1345426560000,1345427039000,1.21909,1.21931,1.21868,1.21874,452570000,8
1345427040000,1345427519000,1.21879,1.21902,1.21858,1.21895,262800000,8
1345427520000,1345427999000,1.21897,1.2193,1.21897,1.21927,218400000,8
1345428000000,1345428479000,1.21923,1.21942,1.21923,1.21938,126750000,8
1345428480000,1345428959000,1.21934,1.21936,1.21922,1.21936,126750000,8
1345428960000,1345429439000,1.21936,1.21954,1.21936,1.21941,134250000,8
1345429440000,1345429919000,1.21943,1.2199,1.21937,1.21965,353820000,8
1345429920000,1345430399000,1.21965,1.22,1.21959,1.21977,263110000,8
1345430400000,1345430879000,1.21977,1.21982,1.21954,1.21964,164250000,8
1345430880000,1345431359000,1.21966,1.21967,1.21929,1.21944,112270000,8
1345431360000,1345431839000,1.21943,1.21969,1.21943,1.21959,123000000,8
1345431840000,1345432319000,1.21959,1.21968,1.21941,1.21945,191790000,8
1345432320000,1345432799000,1.21943,1.21946,1.21919,1.21924,194340000,8
1345432800000,1345433279000,1.21918,1.21947,1.21917,1.21945,122260000,8
1345433280000,1345433759000,1.21946,1.2196,1.21938,1.21948,161820000,8
1345433760000,1345434239000,1.21948,1.21957,1.21924,1.21929,130320000,8
1345434240000,1345434719000,1.21926,1.21951,1.21916,1.21929,155310000,8
1345434720000,1345435199000,1.21929,1.21939,1.21923,1.21932,75630000,8
1345435200000,1345435679000,1.21932,1.21942,1.21912,1.2192,250700000,8
1345435680000,1345436159000,1.21922,1.21934,1.21895,1.21902,341260000,8
1345436160000,1345436639000,1.219,1.21932,1.21897,1.2192,189010000,8
1345436640000,1345437119000,1.2192,1.2193,1.21893,1.21897,90570000,8
1345437120000,1345437599000,1.21895,1.21918,1.2189,1.21918,69380000,8
1345437600000,1345438079000,1.21915,1.21933,1.21911,1.21919,205990000,8
1345438080000,1345438559000,1.21915,1.21923,1.219,1.21903,243480000,8
1345438560000,1345439039000,1.21905,1.21924,1.21882,1.21894,154320000,8
1345439040000,1345439519000,1.21894,1.21897,1.21866,1.2189,220650000,8
1345439520000,1345439999000,1.2189,1.21897,1.21882,1.21896,95810000,8
1345440000000,1345440479000,1.21896,1.21923,1.21896,1.21901,139690000,8
1345440480000,1345440959000,1.21901,1.21939,1.21897,1.21923,201380000,8
1345440960000,1345441439000,1.21925,1.21955,1.21922,1.21953,138770000,8
1345441440000,1345441919000,1.21953,1.21959,1.21934,1.21946,173490000,8
1345441920000,1345442399000,1.21949,1.21981,1.21938,1.21981,183040000,8
1345442400000,1345442879000,1.21977,1.2204,1.21968,1.22016,606750000,8
1345442880000,1345443359000,1.22015,1.22067,1.22015,1.22049,674950000,8
1345443360000,1345443839000,1.22051,1.22074,1.22033,1.22061,392060000,8
1345443840000,1345444319000,1.22063,1.2211,1.22025,1.22093,592060000,8
1345444320000,1345444799000,1.22093,1.22123,1.22089,1.22116,430780000,8
1345444800000,1345445279000,1.22117,1.22199,1.22117,1.22175,841320000,8
1345445280000,1345445759000,1.22177,1.22208,1.22159,1.22179,575530000,8
1345445760000,1345446239000,1.22183,1.22266,1.22173,1.22251,742670000,8
1345446240000,1345446719000,1.22251,1.22273,1.22211,1.22227,1227320000,8
1345446720000,1345447199000,1.22229,1.22233,1.22152,1.22214,1066660000,8
1345447200000,1345447679000,1.22214,1.22241,1.22192,1.22203,861530000,8
1345447680000,1345448159000,1.22204,1.22231,1.22188,1.22199,766930000,8
1345448160000,1345448639000,1.22199,1.222,1.22125,1.22133,862510000,8
1345448640000,1345449119000,1.22128,1.2215,1.22062,1.22073,811170000,8
1345449120000,1345449599000,1.22072,1.22158,1.2207,1.2213,900440000,8
1345449600000,1345450079000,1.22126,1.2216,1.22123,1.22143,772430000,8
1345450080000,1345450559000,1.22143,1.22143,1.22088,1.22092,611550000,8
1345450560000,1345451039000,1.2209,1.22122,1.22081,1.22102,586450000,8
1345451040000,1345451519000,1.221,1.22135,1.22073,1.22078,599280000,8
1345451520000,1345451999000,1.2208,1.22099,1.22065,1.22075,488130000,8
1345452000000,1345452479000,1.22073,1.22114,1.2206,1.22086,590500000,8
1345452480000,1345452959000,1.22086,1.22105,1.22027,1.22033,786500000,8
1345452960000,1345453439000,1.22036,1.22062,1.22006,1.2206,735380000,8
1345453440000,1345453919000,1.22059,1.22079,1.2203,1.22047,635830000,8
1345453920000,1345454399000,1.22047,1.22115,1.22036,1.22105,665030000,8
1345454400000,1345454879000,1.22105,1.22165,1.22088,1.22088,964660000,8
1345454880000,1345455359000,1.22088,1.22106,1.22047,1.22048,674970000,8
1345455360000,1345455839000,1.22049,1.22053,1.21857,1.21915,906170000,8
1345455840000,1345456319000,1.21915,1.21977,1.21868,1.21945,1229560000,8
1345456320000,1345456799000,1.21943,1.21957,1.21893,1.2191,825170000,8
1345456800000,1345457279000,1.2191,1.2191,1.21704,1.21719,2108150000,8
1345457280000,1345457759000,1.2172,1.21776,1.21694,1.21712,1278550000,8
1345457760000,1345458239000,1.21712,1.21763,1.21698,1.21757,833580000,8
1345458240000,1345458719000,1.21759,1.21769,1.21698,1.21714,783030000,8
1345458720000,1345459199000,1.21714,1.21719,1.2165,1.21653,1023380000,8
1345459200000,1345459679000,1.21653,1.21731,1.21653,1.21719,812380000,8
1345459680000,1345460159000,1.21721,1.21757,1.21713,1.21749,624230000,8
1345460160000,1345460639000,1.21749,1.21749,1.21684,1.21722,644260000,8
1345460640000,1345461119000,1.21722,1.21722,1.21677,1.21688,844500000,8
1345461120000,1345461599000,1.21688,1.21703,1.21664,1.21682,1325320000,8
1345461600000,1345462079000,1.2168,1.217,1.21645,1.21665,936540000,8
1345462080000,1345462559000,1.21667,1.21689,1.21621,1.21625,1129370000,8
1345462560000,1345463039000,1.21629,1.21696,1.21599,1.21693,908400000,8
1345463040000,1345463519000,1.21693,1.21726,1.21678,1.21703,753360000,8
1345463520000,1345463999000,1.21702,1.21742,1.21675,1.21679,647140000,8
1345464000000,1345464479000,1.21679,1.21727,1.21654,1.21679,807380000,8
1345464480000,1345464959000,1.21677,1.21723,1.21652,1.21707,1044770000,8
1345464960000,1345465439000,1.21708,1.2172,1.21666,1.21711,807010000,8
1345465440000,1345465919000,1.21709,1.21715,1.21605,1.21618,767940000,8
1345465920000,1345466399000,1.21616,1.21739,1.21612,1.21724,1230220000,8
1345466400000,1345466879000,1.21726,1.21784,1.21698,1.21765,1018810000,8
1345466880000,1345467359000,1.21763,1.21798,1.21736,1.21761,819170000,8
1345467360000,1345467839000,1.21764,1.21778,1.21723,1.21743,611090000,8
1345467840000,1345468319000,1.2175,1.21856,1.21742,1.21855,997600000,8
1345468320000,1345468799000,1.21855,1.21882,1.21777,1.21784,879580000,8
1345468800000,1345469279000,1.21781,1.21809,1.21743,1.2175,820840000,8
1345469280000,1345469759000,1.2175,1.21818,1.21747,1.21761,1108630000,8
1345469760000,1345470239000,1.21761,1.21805,1.21755,1.21803,1172830000,8
1345470240000,1345470719000,1.21806,1.21828,1.21793,1.21822,1013510000,8
1345470720000,1345471199000,1.21822,1.21867,1.2182,1.21834,1269000000,8
1345471200000,1345471679000,1.21832,1.21941,1.21832,1.21928,1164660000,8
1345471680000,1345472159000,1.21932,1.22008,1.21929,1.21983,1322220000,8
1345472160000,1345472639000,1.21979,1.22017,1.21958,1.21998,1003000000,8
1345472640000,1345473119000,1.21998,1.22057,1.21994,1.22035,1153680000,8
1345473120000,1345473599000,1.22035,1.22048,1.22005,1.22034,1035690000,8
1345473600000,1345474079000,1.22031,1.22052,1.2197,1.21989,1285680000,8
1345474080000,1345474559000,1.21988,1.22014,1.21971,1.21982,1183470000,8
1345474560000,1345475039000,1.21981,1.22099,1.21981,1.2206,1557010000,8
1345475040000,1345475519000,1.22063,1.22088,1.22045,1.22084,1127880000,8
1345475520000,1345475999000,1.22085,1.22121,1.22076,1.2211,1524780000,8
1345476000000,1345476479000,1.22113,1.22134,1.2209,1.22131,1208070000,8
1345476480000,1345476959000,1.22132,1.22133,1.22083,1.22111,879070000,8
1345476960000,1345477439000,1.22114,1.22126,1.22092,1.22103,757950000,8
1345477440000,1345477919000,1.22102,1.22107,1.22071,1.22073,563770000,8
1345477920000,1345478399000,1.22074,1.22083,1.22048,1.22066,714990000,8
1345478400000,1345478879000,1.22067,1.22073,1.2204,1.22051,415120000,8
1345478880000,1345479359000,1.22051,1.22061,1.22013,1.22029,587370000,8
1345479360000,1345479839000,1.22029,1.22051,1.22026,1.2204,434250000,8
1345479840000,1345480319000,1.22044,1.22046,1.22022,1.22022,346080000,8
1345480320000,1345480799000,1.22022,1.22036,1.22015,1.22022,684720000,8
1345480800000,1345481279000,1.22019,1.22026,1.21998,1.21998,434840000,8
1345481280000,1345481759000,1.22,1.22027,1.21997,1.22024,370210000,8
1345481760000,1345482239000,1.22024,1.22027,1.21971,1.21995,421930000,8
1345482240000,1345482719000,1.21996,1.22005,1.21981,1.22003,345620000,8
1345482720000,1345483199000,1.22003,1.22007,1.21985,1.21997,201960000,8
1345483200000,1345483679000,1.21997,1.22054,1.21997,1.22024,394050000,8
1345483680000,1345484159000,1.22021,1.22031,1.22005,1.2201,198400000,8
1345484160000,1345484639000,1.2201,1.22055,1.2201,1.22053,230290000,8
1345484640000,1345485119000,1.22057,1.22072,1.22045,1.22054,509090000,8
1345485120000,1345485599000,1.22054,1.22056,1.22024,1.22028,223270000,8
1345485600000,1345486079000,1.22026,1.2203,1.2199,1.22007,345340000,8
1345486080000,1345486559000,1.22004,1.22027,1.21993,1.22014,484630000,8
1345486560000,1345487039000,1.22017,1.22036,1.22006,1.22013,227610000,8
1345487040000,1345487519000,1.22015,1.22021,1.21991,1.22004,359500000,8
1345487520000,1345487999000,1.22005,1.22021,1.22001,1.22018,286490000,8
1345488000000,1345488479000,1.22018,1.2202,1.21996,1.21997,274090000,8
1345488480000,1345488959000,1.21995,1.22044,1.21992,1.22041,293270000,8
1345488960000,1345489439000,1.22039,1.22057,1.22011,1.22017,597540000,8
1345489440000,1345489919000,1.22019,1.22041,1.22019,1.22032,288000000,8
1345489920000,1345490399000,1.22033,1.22055,1.22018,1.22047,281940000,8
1345490400000,1345490879000,1.22046,1.22051,1.22017,1.22043,394510000,8
1345490880000,1345491359000,1.22041,1.22044,1.22025,1.2203,546700000,8
1345491360000,1345491839000,1.22031,1.22036,1.22021,1.22035,229500000,8
1345491840000,1345492319000,1.22037,1.22048,1.22029,1.22043,374010000,8
1345492320000,1345492799000,1.22043,1.22073,1.22037,1.22049,576620000,8
1345492800000,1345493279000,1.22047,1.22061,1.22035,1.22052,228780000,8
1345493280000,1345493759000,1.22051,1.22056,1.2204,1.2204,218500000,8
1345493760000,1345494239000,1.2204,1.22049,1.22035,1.22039,181500000,8
1345494240000,1345494719000,1.22038,1.22049,1.22035,1.22042,151230000,8
1345494720000,1345495199000,1.22041,1.22056,1.22035,1.22053,194650000,8
1345495200000,1345495679000,1.22057,1.22057,1.22014,1.22023,192650000,8
1345495680000,1345496159000,1.22025,1.2203,1.2201,1.22013,314160000,8
1345496160000,1345496639000,1.22012,1.22027,1.2201,1.2201,171810000,8
1345496640000,1345497119000,1.2201,1.22029,1.2201,1.2201,318120000,8
1345497120000,1345497599000,1.2201,1.22062,1.2201,1.2203,371570000,8
1345497600000,1345498079000,1.2203,1.22032,1.2203,1.2203,110750000,8
1345498080000,1345498559000,1.2203,1.2204,1.2203,1.2203,167250000,8
1345498560000,1345499039000,1.2203,1.22036,1.22014,1.22035,73200000,8
1345499040000,1345499519000,1.22035,1.2208,1.22019,1.22052,256120000,8
1345499520000,1345499999000,1.22052,1.22089,1.22026,1.22057,394660000,8
1345500000000,1345500479000,1.22057,1.22095,1.22057,1.22085,195000000,8
1345500480000,1345500959000,1.22087,1.22087,1.22064,1.22069,141750000,8
1345500960000,1345501439000,1.22071,1.22071,1.22054,1.22057,117000000,8
1345501440000,1345501919000,1.22049,1.22068,1.22049,1.22064,87980000,8
1345501920000,1345502399000,1.22065,1.22082,1.22065,1.22079,109500000,8
1345502400000,1345502879000,1.22079,1.22082,1.22065,1.22073,134250000,8
1345502880000,1345503359000,1.22078,1.22087,1.22074,1.22075,99000000,8
1345503360000,1345503839000,1.22075,1.22089,1.2207,1.22078,203710000,8
1345503840000,1345504319000,1.22079,1.22111,1.22077,1.2211,274780000,8
1345504320000,1345504799000,1.2211,1.2211,1.22098,1.221,85210000,8
1345504800000,1345505279000,1.22098,1.22115,1.22089,1.22104,155040000,8
1345505280000,1345505759000,1.22104,1.22123,1.22099,1.22115,163090000,8
1345505760000,1345506239000,1.22114,1.22135,1.22114,1.22135,142210000,8
1345506240000,1345506719000,1.22134,1.22134,1.22119,1.22123,68480000,8
1345506720000,1345507199000,1.22123,1.22123,1.22096,1.22109,325440000,8
1345507200000,1345507679000,1.22105,1.22141,1.22094,1.22116,560850000,8
1345507680000,1345508159000,1.22116,1.22116,1.22097,1.22099,261810000,8
1345508160000,1345508639000,1.22098,1.22117,1.22097,1.22112,255000000,8
1345508640000,1345509119000,1.22108,1.22113,1.221,1.22105,102470000,8
1345509120000,1345509599000,1.22107,1.2211,1.22099,1.22099,131310000,8
1345509600000,1345510079000,1.221,1.22113,1.22099,1.22106,251310000,8
1345510080000,1345510559000,1.22108,1.2213,1.22099,1.22122,243690000,8
1345510560000,1345511039000,1.22125,1.22125,1.22084,1.22104,191100000,8
1345511040000,1345511519000,1.22101,1.22107,1.22075,1.22084,421500000,8
1345511520000,1345511999000,1.22082,1.22092,1.22073,1.2208,222750000,8
1345512000000,1345512479000,1.22082,1.22087,1.22058,1.22066,219610000,8
1345512480000,1345512959000,1.22066,1.22076,1.22048,1.22056,371670000,8
1345512960000,1345513439000,1.22056,1.22064,1.22029,1.2205,599190000,8
1345513440000,1345513919000,1.22055,1.22066,1.22036,1.22046,379970000,8
1345513920000,1345514399000,1.22045,1.22059,1.22033,1.22055,339540000,8
1345514400000,1345514879000,1.22055,1.22055,1.22017,1.2202,320100000,8
1345514880000,1345515359000,1.22016,1.22051,1.22009,1.22032,309000000,8
1345515360000,1345515839000,1.22032,1.22059,1.22026,1.22056,166500000,8
1345515840000,1345516319000,1.22055,1.22057,1.22047,1.22048,82500000,8
1345516320000,1345516799000,1.22048,1.22063,1.22037,1.2206,142690000,8
1345516800000,1345517279000,1.2206,1.22061,1.22042,1.22047,107250000,8
1345517280000,1345517759000,1.22045,1.2206,1.22042,1.22055,96090000,8
1345517760000,1345518239000,1.22055,1.22064,1.22045,1.22056,103500000,8
1345518240000,1345518719000,1.22056,1.22058,1.22033,1.22037,120000000,8
1345518720000,1345519199000,1.22037,1.22038,1.22016,1.2202,145500000,8
1345519200000,1345519679000,1.2202,1.22023,1.22009,1.22017,100500000,8
1345519680000,1345520159000,1.22016,1.22019,1.22007,1.22008,105000000,8
1345520160000,1345520639000,1.22013,1.22016,1.22002,1.22002,255000000,8
1345520640000,1345521119000,1.22002,1.22005,1.21986,1.21991,202500000,8
1345521120000,1345521599000,1.2199,1.22013,1.21988,1.22001,162750000,8
1345521600000,1345522079000,1.21998,1.22013,1.21994,1.22003,130500000,8
1345522080000,1345522559000,1.22004,1.22011,1.21997,1.21999,84000000,8
1345522560000,1345523039000,1.22001,1.22004,1.21992,1.21996,81000000,8
1345523040000,1345523519000,1.21996,1.21999,1.21984,1.21987,72750000,8
1345523520000,1345523999000,1.21985,1.21986,1.21967,1.2197,140250000,8
1345524000000,1345524479000,1.21968,1.21972,1.21944,1.21969,147380000,8
1345524480000,1345524959000,1.21972,1.22042,1.21972,1.2202,402000000,8
1345524960000,1345525439000,1.2202,1.2204,1.22017,1.22019,250960000,8
1345525440000,1345525919000,1.22019,1.22019,1.22003,1.22011,168400000,8
1345525920000,1345526399000,1.22017,1.22026,1.22,1.22004,222750000,8
1345526400000,1345526879000,1.22004,1.22005,1.21988,1.21999,226050000,8
1345526880000,1345527359000,1.21999,1.22006,1.21984,1.21998,255460000,8
1345527360000,1345527839000,1.21995,1.22021,1.21989,1.22018,202500000,8
1345527840000,1345528319000,1.2202,1.22026,1.21997,1.22,224290000,8
1345528320000,1345528799000,1.22003,1.2202,1.2199,1.21994,204750000,8
1345528800000,1345529279000,1.2199,1.22037,1.21986,1.22026,340750000,8
1345529280000,1345529759000,1.22026,1.22049,1.22015,1.22034,726070000,8
1345529760000,1345530239000,1.22033,1.22118,1.22015,1.22094,1151150000,8
1345530240000,1345530719000,1.22096,1.22133,1.22093,1.22127,1112190000,8
1345530720000,1345531199000,1.22124,1.22187,1.22122,1.22168,1093830000,8
1345531200000,1345531679000,1.22169,1.22211,1.22145,1.22175,912430000,8
1345531680000,1345532159000,1.22175,1.22196,1.22145,1.22163,778670000,8
1345532160000,1345532639000,1.22163,1.22163,1.22073,1.22088,1123480000,8
1345532640000,1345533119000,1.22088,1.22093,1.22,1.22014,1284820000,8
1345533120000,1345533599000,1.22014,1.22093,1.22009,1.22078,1555810000,8
1345533600000,1345534079000,1.2208,1.22284,1.22055,1.22237,1694220000,8
1345534080000,1345534559000,1.22235,1.22371,1.22231,1.22328,2334990000,8
1345534560000,1345535039000,1.22327,1.22435,1.22307,1.224,1808010000,8
1345535040000,1345535519000,1.22398,1.2244,1.22372,1.22393,1714220000,8
1345535520000,1345535999000,1.22391,1.22395,1.22337,1.22341,1329190000,8
1345536000000,1345536479000,1.22346,1.22386,1.22336,1.22369,1252410000,8
1345536480000,1345536959000,1.22366,1.22387,1.22343,1.22352,1355340000,8
1345536960000,1345537439000,1.22351,1.22396,1.22332,1.22366,1496580000,8
1345537440000,1345537919000,1.22365,1.22371,1.22309,1.22325,1282660000,8
1345537920000,1345538399000,1.22322,1.22374,1.2232,1.2236,1322270000,8
1345538400000,1345538879000,1.22363,1.22366,1.22311,1.22348,1241630000,8
1345538880000,1345539359000,1.22344,1.22355,1.22298,1.22302,925450000,8
1345539360000,1345539839000,1.22302,1.22373,1.22287,1.22359,1242860000,8
1345539840000,1345540319000,1.22359,1.22371,1.22335,1.22357,1002670000,8
1345540320000,1345540799000,1.22355,1.22375,1.22293,1.22373,913480000,8
1345540800000,1345541279000,1.22377,1.22382,1.22323,1.22335,787400000,8
1345541280000,1345541759000,1.22335,1.22337,1.22295,1.22309,851000000,8
1345541760000,1345542239000,1.22308,1.22323,1.22277,1.22292,660360000,8
1345542240000,1345542719000,1.22294,1.22348,1.22276,1.22307,876060000,8
1345542720000,1345543199000,1.22307,1.22335,1.22303,1.22323,718620000,8
1345543200000,1345543679000,1.22328,1.22383,1.22313,1.22342,1118690000,8
1345543680000,1345544159000,1.22341,1.22477,1.22341,1.22427,1640830000,8
1345544160000,1345544639000,1.22427,1.22443,1.22381,1.2239,1185570000,8
1345544640000,1345545119000,1.22393,1.22408,1.22375,1.22381,936210000,8
1345545120000,1345545599000,1.22381,1.22401,1.22341,1.22345,897230000,8
1345545600000,1345546079000,1.22345,1.22374,1.22323,1.22373,1017000000,8
1345546080000,1345546559000,1.22372,1.22413,1.22359,1.22377,825450000,8
1345546560000,1345547039000,1.22377,1.22438,1.22368,1.22413,1271050000,8
1345547040000,1345547519000,1.22413,1.22413,1.22352,1.22365,972270000,8
1345547520000,1345547999000,1.22368,1.22394,1.22349,1.22372,1152870000,8
1345548000000,1345548479000,1.22372,1.22402,1.22346,1.22374,1040930000,8
1345548480000,1345548959000,1.22374,1.22471,1.22373,1.22469,1170670000,8
1345548960000,1345549439000,1.22469,1.22486,1.22449,1.22478,815010000,8
1345549440000,1345549919000,1.22476,1.22501,1.22444,1.22488,1163020000,8
1345549920000,1345550399000,1.22487,1.22521,1.22447,1.22519,1343420000,8
1345550400000,1345550879000,1.22522,1.22581,1.22455,1.22458,1686560000,8
1345550880000,1345551359000,1.22458,1.22503,1.22435,1.22488,1741170000,8
1345551360000,1345551839000,1.2249,1.22614,1.22468,1.22591,1767980000,8
1345551840000,1345552319000,1.22593,1.22641,1.22541,1.22623,1541040000,8
1345552320000,1345552799000,1.2262,1.22761,1.22593,1.22756,2161920000,8
1345552800000,1345553279000,1.22751,1.22778,1.22703,1.22752,2038990000,8
1345553280000,1345553759000,1.2275,1.22809,1.22748,1.228,1614370000,8
1345553760000,1345554239000,1.228,1.228,1.2268,1.22763,1882010000,8
1345554240000,1345554719000,1.22759,1.22778,1.2267,1.22737,3454610000,8
1345554720000,1345555199000,1.22737,1.22794,1.2269,1.2278,2720750000,8
1345555200000,1345555679000,1.2277,1.2281,1.227,1.22796,3104930000,8
1345555680000,1345556159000,1.22796,1.22913,1.2272,1.22858,5143080000,8
1345556160000,1345556639000,1.22871,1.22871,1.2274,1.228,2114290000,8
1345556640000,1345557119000,1.22781,1.22822,1.2271,1.22814,4001130000,8
1345557120000,1345557599000,1.22812,1.22859,1.22802,1.22839,1254180000,8
1345557600000,1345558079000,1.22839,1.22874,1.22811,1.22837,1743000000,8
1345558080000,1345558559000,1.22838,1.22886,1.22785,1.22802,1506910000,8
1345558560000,1345559039000,1.22807,1.22845,1.22793,1.22794,1063720000,8
1345559040000,1345559519000,1.22793,1.22839,1.22775,1.22839,1075850000,8
1345559520000,1345559999000,1.22842,1.22882,1.22824,1.2286,1220370000,8
1345560000000,1345560479000,1.2286,1.22864,1.22765,1.22793,1229370000,8
1345560480000,1345560959000,1.22789,1.2282,1.22743,1.2281,1875480000,8
1345560960000,1345561439000,1.2281,1.22994,1.22804,1.22942,2414730000,8
1345561440000,1345561919000,1.22942,1.23018,1.2292,1.22984,1494880000,8
1345561920000,1345562399000,1.22984,1.22984,1.22918,1.22929,1280440000,8
1345562400000,1345562879000,1.2293,1.22937,1.22885,1.22929,1163080000,8
1345562880000,1345563359000,1.2293,1.22945,1.22897,1.22928,953620000,8
1345563360000,1345563839000,1.2293,1.22971,1.22915,1.22949,1008630000,8
1345563840000,1345564319000,1.22946,1.22983,1.22923,1.22977,818700000,8
1345564320000,1345564799000,1.22975,1.23026,1.22969,1.23026,775930000,8
1345564800000,1345565279000,1.23022,1.23053,1.23002,1.23002,1041950000,8
1345565280000,1345565759000,1.23002,1.23029,1.2294,1.23016,994710000,8
1345565760000,1345566239000,1.22963,1.2303,1.2294,1.23024,1855460000,8
1345566240000,1345566719000,1.23001,1.2305,1.2296,1.23012,867050000,8
1345566720000,1345567199000,1.23012,1.23068,1.23006,1.2304,948210000,8
1345567200000,1345567679000,1.23042,1.23129,1.23042,1.23127,658140000,8
1345567680000,1345568159000,1.2313,1.23146,1.23113,1.23118,877530000,8
1345568160000,1345568639000,1.23121,1.23211,1.23118,1.23202,906740000,8
1345568640000,1345569119000,1.23201,1.23232,1.23187,1.23213,696030000,8
1345569120000,1345569599000,1.2321,1.23245,1.23204,1.23206,677520000,8
1345569600000,1345570079000,1.23204,1.23207,1.23184,1.23205,531010000,8
1345570080000,1345570559000,1.23205,1.23218,1.2311,1.23195,1785000000,8
1345570560000,1345571039000,1.23176,1.23221,1.23153,1.23207,1118810000,8
1345571040000,1345571519000,1.23213,1.23266,1.23205,1.23248,525630000,8
1345571520000,1345571999000,1.23252,1.23279,1.23231,1.23273,419470000,8
1345572000000,1345572479000,1.2327,1.23275,1.2319,1.23254,1026410000,8
1345572480000,1345572959000,1.23257,1.23271,1.23248,1.23265,326400000,8
1345572960000,1345573439000,1.23263,1.2331,1.23257,1.23277,468320000,8
1345573440000,1345573919000,1.2328,1.23298,1.23255,1.23289,556050000,8
1345573920000,1345574399000,1.23289,1.23329,1.23273,1.23313,498850000,8
1345574400000,1345574879000,1.23314,1.23327,1.23295,1.23306,480200000,8
1345574880000,1345575359000,1.23303,1.2331,1.2328,1.23296,677460000,8
1345575360000,1345575839000,1.23295,1.23306,1.23265,1.23267,731280000,8
1345575840000,1345576319000,1.2327,1.23312,1.23215,1.23275,912890000,8
1345576320000,1345576799000,1.23275,1.23344,1.23213,1.23332,786230000,8
1345576800000,1345577279000,1.23332,1.23346,1.23298,1.23339,896700000,8
1345577280000,1345577759000,1.23337,1.23351,1.23324,1.23335,590610000,8
1345577760000,1345578239000,1.23335,1.23337,1.23272,1.23306,856790000,8
1345578240000,1345578719000,1.2331,1.23322,1.2326,1.23299,1109260000,8
1345578720000,1345579199000,1.23299,1.23359,1.23284,1.2334,598300000,8
1345579200000,1345579679000,1.2334,1.23352,1.23318,1.23338,528780000,8
1345579680000,1345580159000,1.23337,1.23339,1.23296,1.23308,493690000,8
1345580160000,1345580639000,1.23308,1.23334,1.23296,1.23327,384260000,8
1345580640000,1345581119000,1.23332,1.23338,1.23298,1.23327,611710000,8
1345581120000,1345581599000,1.23328,1.23346,1.23314,1.23314,416460000,8
1345581600000,1345582079000,1.23322,1.23328,1.23312,1.23319,612900000,8
1345582080000,1345582559000,1.23316,1.2337,1.23316,1.23353,461550000,8
1345582560000,1345583039000,1.23353,1.23362,1.23288,1.23321,275950000,8
1345583040000,1345583519000,1.23321,1.23378,1.23321,1.23335,326640000,8
1345583520000,1345583999000,1.23335,1.23372,1.23335,1.23335,261760000,8
1345584000000,1345584479000,1.23335,1.23341,1.23335,1.2334,264500000,8
1345584480000,1345584959000,1.2334,1.23344,1.2334,1.23343,152500000,8
1345584960000,1345585439000,1.23342,1.23365,1.2334,1.23355,140500000,8
1345585440000,1345585919000,1.23355,1.23355,1.23335,1.23355,187750000,8
1345585920000,1345586399000,1.23355,1.23355,1.23335,1.23335,98500000,8
1345586400000,1345586879000,1.23335,1.23355,1.23335,1.23341,161750000,8
1345586880000,1345587359000,1.23344,1.23344,1.23335,1.23335,182000000,8
1345587360000,1345587839000,1.23337,1.23353,1.23337,1.23345,180750000,8
1345587840000,1345588319000,1.2334,1.23356,1.23335,1.23339,126000000,8
1345588320000,1345588799000,1.2334,1.23349,1.23317,1.23346,93320000,8
1345588800000,1345589279000,1.23347,1.23376,1.23343,1.23374,252000000,8
1345589280000,1345589759000,1.23374,1.23396,1.23361,1.23393,373810000,8
1345589760000,1345590239000,1.2339,1.234,1.23367,1.2337,494600000,8
1345590240000,1345590719000,1.2337,1.23385,1.23352,1.2338,291830000,8
1345590720000,1345591199000,1.23377,1.23381,1.23354,1.23374,264000000,8
1345591200000,1345591679000,1.23376,1.23384,1.23358,1.23371,214500000,8
1345591680000,1345592159000,1.23367,1.23382,1.23344,1.23373,292500000,8
1345592160000,1345592639000,1.23373,1.23423,1.23367,1.23403,289500000,8
1345592640000,1345593119000,1.23403,1.23412,1.23391,1.23394,164940000,8
1345593120000,1345593599000,1.23393,1.23496,1.2339,1.23479,371420000,8
1345593600000,1345594079000,1.2348,1.23483,1.23428,1.23444,540030000,8
1345594080000,1345594559000,1.23444,1.23478,1.23434,1.23469,310730000,8
1345594560000,1345595039000,1.23476,1.235,1.23466,1.2347,355170000,8
1345595040000,1345595519000,1.23468,1.23504,1.23448,1.23497,447340000,8
1345595520000,1345595999000,1.23499,1.23501,1.23439,1.23447,378060000,8
1345596000000,1345596479000,1.2345,1.23453,1.23412,1.23426,505750000,8
1345596480000,1345596959000,1.23423,1.23474,1.2341,1.23473,678300000,8
1345596960000,1345597439000,1.23473,1.23497,1.23467,1.23491,504360000,8
1345597440000,1345597919000,1.23491,1.23501,1.23474,1.23481,249560000,8
1345597920000,1345598399000,1.23483,1.23488,1.23462,1.23475,330450000,8
1345598400000,1345598879000,1.23477,1.23487,1.23449,1.23479,318620000,8
1345598880000,1345599359000,1.23481,1.235,1.23462,1.23477,473420000,8
1345599360000,1345599839000,1.23476,1.23478,1.23456,1.23459,208280000,8
1345599840000,1345600319000,1.23463,1.23539,1.23463,1.23528,472980000,8
1345600320000,1345600799000,1.23528,1.23538,1.23497,1.23529,277080000,8
1345600800000,1345601279000,1.23527,1.23527,1.23469,1.23486,575170000,8
1345601280000,1345601759000,1.23486,1.23529,1.23475,1.23516,420720000,8
1345601760000,1345602239000,1.23516,1.23516,1.23474,1.23478,372080000,8
1345602240000,1345602719000,1.23478,1.23483,1.23468,1.23472,293690000,8
1345602720000,1345603199000,1.23471,1.23482,1.23437,1.23442,318380000,8
1345603200000,1345603679000,1.23443,1.23458,1.23435,1.2344,226710000,8
1345603680000,1345604159000,1.2344,1.2345,1.23431,1.23434,340030000,8
1345604160000,1345604639000,1.23434,1.2345,1.23426,1.2343,137120000,8
1345604640000,1345605119000,1.2343,1.2346,1.2343,1.23458,187710000,8
1345605120000,1345605599000,1.23459,1.23469,1.2343,1.23432,178860000,8
1345605600000,1345606079000,1.23432,1.23443,1.23411,1.23413,258600000,8
1345606080000,1345606559000,1.23414,1.23446,1.23409,1.23445,247210000,8
1345606560000,1345607039000,1.23445,1.2346,1.23439,1.23444,287070000,8
1345607040000,1345607519000,1.23444,1.23454,1.23427,1.23428,309980000,8
1345607520000,1345607999000,1.23428,1.23436,1.23406,1.23412,264060000,8
1345608000000,1345608479000,1.23412,1.23437,1.2341,1.23435,181940000,8
1345608480000,1345608959000,1.23432,1.23441,1.23427,1.2344,155110000,8
1345608960000,1345609439000,1.23438,1.23452,1.23437,1.23446,152950000,8
1345609440000,1345609919000,1.23441,1.23455,1.23436,1.23445,133350000,8
1345609920000,1345610399000,1.23446,1.23454,1.23418,1.23425,344170000,8
1345610400000,1345610879000,1.23425,1.23426,1.23404,1.23406,156220000,8
1345610880000,1345611359000,1.23406,1.23417,1.23398,1.23417,151730000,8
1345611360000,1345611839000,1.23419,1.23436,1.23398,1.23398,456600000,8
1345611840000,1345612319000,1.23398,1.23429,1.23398,1.23418,338360000,8
1345612320000,1345612799000,1.2342,1.2345,1.23411,1.23427,442030000,8
1345612800000,1345613279000,1.23425,1.23434,1.23417,1.23428,270060000,8
1345613280000,1345613759000,1.23429,1.23442,1.23417,1.23433,235460000,8
1345613760000,1345614239000,1.23433,1.23444,1.23409,1.23426,463410000,8
1345614240000,1345614719000,1.23426,1.23442,1.23387,1.23413,640490000,8
1345614720000,1345615199000,1.2341,1.23416,1.23349,1.23361,439670000,8
1345615200000,1345615679000,1.23361,1.23386,1.23329,1.23339,779340000,8
1345615680000,1345616159000,1.2334,1.23371,1.23336,1.23339,554300000,8
1345616160000,1345616639000,1.23341,1.23376,1.23337,1.23361,499830000,8
1345616640000,1345617119000,1.23363,1.23369,1.23323,1.23346,557480000,8
1345617120000,1345617599000,1.23342,1.23371,1.23328,1.23334,426860000,8
1345617600000,1345618079000,1.23337,1.23403,1.23329,1.23394,529420000,8
1345618080000,1345618559000,1.23394,1.23416,1.23355,1.23401,540500000,8
1345618560000,1345619039000,1.23401,1.23478,1.23388,1.23455,785640000,8
1345619040000,1345619519000,1.23455,1.23458,1.23402,1.23414,1128610000,8
1345619520000,1345619999000,1.23411,1.23423,1.23378,1.23407,963870000,8
1345620000000,1345620479000,1.23413,1.23418,1.23371,1.23377,997610000,8
1345620480000,1345620959000,1.23377,1.23392,1.23361,1.2338,815180000,8
1345620960000,1345621439000,1.23378,1.23413,1.23371,1.23388,753800000,8
1345621440000,1345621919000,1.2339,1.23448,1.23378,1.23402,840150000,8
1345621920000,1345622399000,1.23404,1.2344,1.23388,1.23413,687840000,8
1345622400000,1345622879000,1.23413,1.2343,1.23393,1.23397,599250000,8
1345622880000,1345623359000,1.23397,1.23414,1.23374,1.23412,1129790000,8
1345623360000,1345623839000,1.23413,1.23518,1.234,1.23511,1505880000,8
1345623840000,1345624319000,1.2351,1.23581,1.23503,1.23581,1181400000,8
1345624320000,1345624799000,1.23579,1.23629,1.23555,1.23612,1158620000,8
1345624800000,1345625279000,1.23612,1.23639,1.23573,1.23575,1307430000,8
1345625280000,1345625759000,1.23575,1.23595,1.23548,1.23575,1112600000,8
1345625760000,1345626239000,1.23576,1.23593,1.2356,1.23581,1005930000,8
1345626240000,1345626719000,1.23584,1.23591,1.23546,1.23577,931910000,8
1345626720000,1345627199000,1.23577,1.23577,1.23493,1.23502,941950000,8
1345627200000,1345627679000,1.23503,1.23539,1.2348,1.23539,1136260000,8
1345627680000,1345628159000,1.23535,1.23562,1.23516,1.23533,827710000,8
1345628160000,1345628639000,1.23533,1.23592,1.23533,1.23581,887710000,8
1345628640000,1345629119000,1.23581,1.236,1.2356,1.23586,766280000,8
1345629120000,1345629599000,1.23587,1.23595,1.2355,1.23556,691500000,8
1345629600000,1345630079000,1.23556,1.23581,1.23532,1.23573,1265010000,8
1345630080000,1345630559000,1.23573,1.23589,1.23544,1.23584,1034190000,8
1345630560000,1345631039000,1.23584,1.23628,1.23568,1.23622,1044540000,8
1345631040000,1345631519000,1.23622,1.23648,1.23603,1.23634,1017760000,8
1345631520000,1345631999000,1.23634,1.23674,1.23629,1.23665,878820000,8
1345632000000,1345632479000,1.23664,1.23695,1.23663,1.23688,884920000,8
1345632480000,1345632959000,1.23688,1.23689,1.23638,1.23644,1281850000,8
1345632960000,1345633439000,1.23644,1.23664,1.23506,1.23558,1808440000,8
1345633440000,1345633919000,1.23558,1.23561,1.23473,1.23539,1406750000,8
1345633920000,1345634399000,1.23541,1.23545,1.23498,1.23533,1285020000,8
1345634400000,1345634879000,1.23533,1.23536,1.23477,1.23507,926690000,8
1345634880000,1345635359000,1.23507,1.23552,1.23485,1.23544,1134970000,8
1345635360000,1345635839000,1.23547,1.23553,1.23491,1.23547,1278030000,8
1345635840000,1345636319000,1.23548,1.23555,1.23511,1.23521,1028700000,8
1345636320000,1345636799000,1.23521,1.23554,1.23509,1.23545,1017390000,8
1345636800000,1345637279000,1.23545,1.23554,1.23508,1.23516,1146890000,8
1345637280000,1345637759000,1.23515,1.23556,1.23511,1.23549,1125890000,8
1345637760000,1345638239000,1.23548,1.23657,1.23542,1.23645,1390580000,8
1345638240000,1345638719000,1.23645,1.23801,1.23638,1.23786,1545880000,8
1345638720000,1345639199000,1.23786,1.23809,1.23743,1.23761,1746010000,8
1345639200000,1345639679000,1.23761,1.23783,1.23632,1.23665,2254940000,8
1345639680000,1345640159000,1.23665,1.23719,1.2366,1.23687,1339680000,8
1345640160000,1345640639000,1.23686,1.23735,1.23665,1.23704,1273090000,8
1345640640000,1345641119000,1.23704,1.23722,1.23666,1.23699,1486870000,8
1345641120000,1345641599000,1.23699,1.23711,1.23634,1.23635,1412860000,8
1345641600000,1345642079000,1.23636,1.23711,1.23625,1.23711,1662100000,8
1345642080000,1345642559000,1.23709,1.2372,1.23638,1.23674,1503860000,8
1345642560000,1345643039000,1.23675,1.23744,1.23668,1.23729,1085700000,8
1345643040000,1345643519000,1.23729,1.23951,1.23703,1.23898,1971620000,8
1345643520000,1345643999000,1.23897,1.23919,1.23835,1.23868,1764320000,8
1345644000000,1345644479000,1.23871,1.23919,1.23824,1.23908,2095050000,8
1345644480000,1345644959000,1.23906,1.23908,1.23842,1.23859,1799640000,8
1345644960000,1345645439000,1.23858,1.23888,1.23826,1.23842,1266960000,8
1345645440000,1345645919000,1.23842,1.23866,1.23798,1.23822,1242050000,8
1345645920000,1345646399000,1.2382,1.23845,1.23773,1.23809,1613020000,8
1345646400000,1345646879000,1.23809,1.23864,1.23749,1.23757,1437680000,8
1345646880000,1345647359000,1.23757,1.23851,1.23752,1.23833,1768440000,8
1345647360000,1345647839000,1.23837,1.2385,1.23776,1.23818,1709810000,8
1345647840000,1345648319000,1.23818,1.23855,1.23747,1.23771,1808200000,8
1345648320000,1345648799000,1.23773,1.23857,1.23771,1.23814,1231800000,8
1345648800000,1345649279000,1.23814,1.23818,1.23729,1.2378,1470680000,8
1345649280000,1345649759000,1.2378,1.23784,1.23717,1.23743,969220000,8
1345649760000,1345650239000,1.23743,1.2378,1.23736,1.23751,988220000,8
1345650240000,1345650719000,1.23748,1.23782,1.23732,1.23778,692660000,8
1345650720000,1345651199000,1.23778,1.23824,1.23759,1.23822,1053460000,8
1345651200000,1345651679000,1.23819,1.23859,1.23795,1.23841,832020000,8
1345651680000,1345652159000,1.23842,1.2389,1.23842,1.23866,503580000,8
1345652160000,1345652639000,1.23866,1.23889,1.23845,1.2387,477580000,8
1345652640000,1345653119000,1.2387,1.2388,1.23846,1.23859,614880000,8
1345653120000,1345653599000,1.23861,1.23888,1.23828,1.23845,774400000,8
1345653600000,1345654079000,1.23845,1.23872,1.23834,1.23838,549880000,8
1345654080000,1345654559000,1.23837,1.23869,1.23822,1.23851,410340000,8
1345654560000,1345655039000,1.23851,1.23871,1.23829,1.23851,431630000,8
1345655040000,1345655519000,1.23852,1.23865,1.23847,1.23855,372470000,8
1345655520000,1345655999000,1.23851,1.23859,1.23825,1.23828,341240000,8
1345656000000,1345656479000,1.23826,1.23836,1.23809,1.23815,422890000,8
1345656480000,1345656959000,1.23813,1.23835,1.23804,1.23818,478680000,8
1345656960000,1345657439000,1.23818,1.23825,1.23783,1.23795,405620000,8
1345657440000,1345657919000,1.23795,1.23819,1.23789,1.23815,476030000,8
1345657920000,1345658399000,1.23813,1.2385,1.23803,1.23837,491160000,8
1345658400000,1345658879000,1.23839,1.24044,1.23793,1.2397,2872470000,8
1345658880000,1345659359000,1.23966,1.24059,1.23931,1.24039,2061750000,8
1345659360000,1345659839000,1.24039,1.2429,1.2398,1.24257,2031890000,8
1345659840000,1345660319000,1.24256,1.24329,1.242,1.24249,2116430000,8
1345660320000,1345660799000,1.24249,1.2434,1.24194,1.2434,2113600000,8
1345660800000,1345661279000,1.2434,1.24365,1.24193,1.24193,1663010000,8
1345661280000,1345661759000,1.24193,1.24224,1.24134,1.24135,1334670000,8
1345661760000,1345662239000,1.24129,1.24188,1.24114,1.2414,1067150000,8
1345662240000,1345662719000,1.24139,1.24175,1.24092,1.2414,821530000,8
1345662720000,1345663199000,1.24139,1.24141,1.2408,1.24121,755540000,8
1345663200000,1345663679000,1.24123,1.24135,1.24082,1.24117,817730000,8
1345663680000,1345664159000,1.24117,1.24165,1.24093,1.24161,554810000,8
1345664160000,1345664639000,1.2416,1.24194,1.24111,1.24161,722030000,8
1345664640000,1345665119000,1.24158,1.24187,1.2413,1.24147,701540000,8
1345665120000,1345665599000,1.24149,1.24159,1.24119,1.2414,791930000,8
1345665600000,1345666079000,1.2414,1.24141,1.24106,1.24128,626380000,8
1345666080000,1345666559000,1.24129,1.24175,1.24129,1.24148,601400000,8
1345666560000,1345667039000,1.24148,1.24176,1.24141,1.24148,452960000,8
1345667040000,1345667519000,1.24148,1.24152,1.2412,1.24145,572060000,8
1345667520000,1345667999000,1.24149,1.24197,1.24149,1.24161,441010000,8
1345668000000,1345668479000,1.24159,1.24175,1.2414,1.2417,377340000,8
1345668480000,1345668959000,1.24168,1.24189,1.24162,1.24177,177950000,8
1345668960000,1345669439000,1.24178,1.24231,1.2416,1.24197,263350000,8
1345669440000,1345669919000,1.24194,1.24218,1.24182,1.24186,192000000,8
1345669920000,1345670399000,1.24186,1.24222,1.24179,1.24205,189750000,8
1345670400000,1345670879000,1.24205,1.24245,1.2419,1.24195,426650000,8
1345670880000,1345671359000,1.24195,1.24207,1.2417,1.2417,617050000,8
1345671360000,1345671839000,1.2417,1.2418,1.2417,1.2418,258720000,8
1345671840000,1345672319000,1.2418,1.2419,1.24146,1.24152,226580000,8
1345672320000,1345672799000,1.24153,1.24187,1.24141,1.24159,198900000,8
1345672800000,1345673279000,1.24168,1.24194,1.2414,1.2416,352900000,8
1345673280000,1345673759000,1.2416,1.24176,1.24143,1.2416,243500000,8
1345673760000,1345674239000,1.2416,1.2418,1.2416,1.24172,170750000,8
1345674240000,1345674719000,1.2417,1.24186,1.24133,1.24134,263500000,8
1345674720000,1345675199000,1.24133,1.24168,1.24132,1.24167,167250000,8
1345675200000,1345675679000,1.24167,1.24176,1.24132,1.24176,289500000,8
1345675680000,1345676159000,1.24172,1.24211,1.24163,1.24211,253000000,8
1345676160000,1345676639000,1.24211,1.24251,1.24181,1.24235,660980000,8
1345676640000,1345677119000,1.24235,1.2427,1.24225,1.24229,527180000,8
1345677120000,1345677599000,1.2423,1.24247,1.24207,1.24207,295070000,8
1345677600000,1345678079000,1.2421,1.24217,1.24179,1.242,225280000,8
1345678080000,1345678559000,1.242,1.24204,1.24184,1.24193,167610000,8
1345678560000,1345679039000,1.24191,1.24193,1.24153,1.24177,316850000,8
1345679040000,1345679519000,1.24172,1.24175,1.24153,1.24172,316120000,8
1345679520000,1345679999000,1.24171,1.24191,1.24162,1.24173,280090000,8
1345680000000,1345680479000,1.24171,1.242,1.24141,1.24141,620800000,8
1345680480000,1345680959000,1.24144,1.24188,1.2414,1.24171,447340000,8
1345680960000,1345681439000,1.2417,1.24176,1.24144,1.2416,343780000,8
1345681440000,1345681919000,1.2416,1.2416,1.24113,1.24128,398210000,8
1345681920000,1345682399000,1.24125,1.24136,1.24116,1.24132,282470000,8
1345682400000,1345682879000,1.24133,1.24137,1.24119,1.24136,494070000,8
1345682880000,1345683359000,1.24135,1.24152,1.24128,1.24149,274770000,8
1345683360000,1345683839000,1.24149,1.24156,1.24123,1.24133,420430000,8
1345683840000,1345684319000,1.24133,1.24133,1.24098,1.24106,700680000,8
1345684320000,1345684799000,1.24106,1.2415,1.24099,1.24149,698930000,8
1345684800000,1345685279000,1.2415,1.24162,1.2411,1.24124,541850000,8
1345685280000,1345685759000,1.24125,1.24169,1.24118,1.24146,832420000,8
1345685760000,1345686239000,1.24144,1.24159,1.24111,1.2412,691730000,8
1345686240000,1345686719000,1.24116,1.24209,1.24104,1.24114,1136500000,8
1345686720000,1345687199000,1.2412,1.24139,1.24091,1.24135,745740000,8
1345687200000,1345687679000,1.24137,1.24145,1.24093,1.24119,498460000,8
1345687680000,1345688159000,1.24118,1.24155,1.24108,1.24133,441510000,8
1345688160000,1345688639000,1.2413,1.24157,1.24122,1.2413,264820000,8
1345688640000,1345689119000,1.2413,1.24137,1.24092,1.241,640260000,8
1345689120000,1345689599000,1.241,1.24143,1.24087,1.24103,969450000,8
1345689600000,1345690079000,1.24105,1.24144,1.24084,1.24126,891660000,8
1345690080000,1345690559000,1.2413,1.24137,1.241,1.24104,423600000,8
1345690560000,1345691039000,1.24104,1.24122,1.24083,1.24106,438750000,8
1345691040000,1345691519000,1.24105,1.24119,1.24094,1.24116,232650000,8
1345691520000,1345691999000,1.24116,1.2412,1.24085,1.24095,266160000,8
1345692000000,1345692479000,1.24091,1.2412,1.24085,1.24113,311250000,8
1345692480000,1345692959000,1.24114,1.2412,1.24084,1.24115,369600000,8
1345692960000,1345693439000,1.24115,1.24115,1.24079,1.24083,351770000,8
1345693440000,1345693919000,1.24086,1.241,1.24058,1.24085,431250000,8
1345693920000,1345694399000,1.2408,1.24085,1.2405,1.24063,466190000,8
1345694400000,1345694879000,1.24063,1.24101,1.24025,1.24044,602840000,8
1345694880000,1345695359000,1.24044,1.24084,1.24028,1.24079,459450000,8
1345695360000,1345695839000,1.24078,1.24086,1.2404,1.24043,487200000,8
1345695840000,1345696319000,1.24045,1.2406,1.24029,1.24048,330150000,8
1345696320000,1345696799000,1.24048,1.24064,1.24039,1.24047,252000000,8
1345696800000,1345697279000,1.24049,1.24072,1.2403,1.24041,322940000,8
1345697280000,1345697759000,1.24046,1.24056,1.24022,1.24054,237450000,8
1345697760000,1345698239000,1.24054,1.24072,1.24044,1.24045,374250000,8
1345698240000,1345698719000,1.2405,1.24053,1.24013,1.24028,490660000,8
1345698720000,1345699199000,1.24029,1.24041,1.24017,1.24035,332460000,8
1345699200000,1345699679000,1.24036,1.24045,1.24013,1.24028,307430000,8
1345699680000,1345700159000,1.2403,1.24053,1.24027,1.24038,195830000,8
1345700160000,1345700639000,1.24037,1.24089,1.24036,1.24083,593840000,8
1345700640000,1345701119000,1.24085,1.241,1.24035,1.24049,557150000,8
1345701120000,1345701599000,1.2405,1.24051,1.23994,1.24004,463300000,8
1345701600000,1345702079000,1.24005,1.24039,1.23984,1.2401,892140000,8
1345702080000,1345702559000,1.24012,1.24068,1.23999,1.24058,726140000,8
1345702560000,1345703039000,1.24056,1.24063,1.23994,1.24013,802500000,8
1345703040000,1345703519000,1.24014,1.24035,1.23995,1.24035,644990000,8
1345703520000,1345703999000,1.24033,1.24051,1.24,1.24027,955230000,8
1345704000000,1345704479000,1.24024,1.24086,1.23999,1.2407,1153600000,8
1345704480000,1345704959000,1.24072,1.24146,1.24044,1.24144,1191730000,8
1345704960000,1345705439000,1.24144,1.24247,1.24103,1.24197,1942180000,8
1345705440000,1345705919000,1.24198,1.2429,1.24178,1.24281,1701210000,8
1345705920000,1345706399000,1.24281,1.24303,1.24229,1.24261,1775080000,8
1345706400000,1345706879000,1.24263,1.24277,1.24219,1.24221,1332720000,8
1345706880000,1345707359000,1.24221,1.24298,1.24185,1.24291,1845350000,8
1345707360000,1345707839000,1.24298,1.24319,1.24243,1.24245,1676170000,8
1345707840000,1345708319000,1.24247,1.24274,1.2421,1.24262,1380530000,8
1345708320000,1345708799000,1.24261,1.24267,1.24203,1.24218,1184780000,8
1345708800000,1345709279000,1.24219,1.2429,1.24219,1.24277,1211790000,8
1345709280000,1345709759000,1.24278,1.24302,1.24254,1.2426,1294500000,8
1345709760000,1345710239000,1.24261,1.24299,1.2424,1.24267,1566470000,8
1345710240000,1345710719000,1.24268,1.24268,1.242,1.24204,1409640000,8
1345710720000,1345711199000,1.24204,1.24234,1.24193,1.24211,1305690000,8
1345711200000,1345711679000,1.24211,1.24265,1.24197,1.24222,1126930000,8
1345711680000,1345712159000,1.2422,1.24248,1.24189,1.24234,1305880000,8
1345712160000,1345712639000,1.24233,1.24245,1.24202,1.24206,1026890000,8
1345712640000,1345713119000,1.24205,1.24207,1.24147,1.24171,942180000,8
1345713120000,1345713599000,1.24174,1.24201,1.24155,1.24194,1100700000,8
1345713600000,1345714079000,1.24194,1.24237,1.24188,1.24217,941720000,8
1345714080000,1345714559000,1.24218,1.24267,1.24208,1.24214,1344190000,8
1345714560000,1345715039000,1.24214,1.2427,1.24196,1.24266,1088450000,8
1345715040000,1345715519000,1.24268,1.24293,1.24248,1.24288,1087410000,8
1345715520000,1345715999000,1.24288,1.24314,1.24266,1.24279,931230000,8
1345716000000,1345716479000,1.24278,1.24365,1.24271,1.24364,1202320000,8
1345716480000,1345716959000,1.24361,1.24414,1.24347,1.24406,1201520000,8
1345716960000,1345717439000,1.24408,1.24456,1.24388,1.2444,1082990000,8
1345717440000,1345717919000,1.24447,1.24492,1.24405,1.24407,1234010000,8
1345717920000,1345718399000,1.24406,1.24454,1.24381,1.24397,1124010000,8
1345718400000,1345718879000,1.24399,1.24411,1.24348,1.24352,959910000,8
1345718880000,1345719359000,1.24352,1.24377,1.24325,1.24352,712570000,8
1345719360000,1345719839000,1.24351,1.24397,1.24349,1.24369,1038780000,8
1345719840000,1345720319000,1.24365,1.2437,1.24237,1.24293,1681680000,8
1345720320000,1345720799000,1.2429,1.24342,1.24252,1.24329,1338400000,8
1345720800000,1345721279000,1.24331,1.24377,1.2433,1.24373,983700000,8
1345721280000,1345721759000,1.24373,1.24433,1.2436,1.24403,1007760000,8
1345721760000,1345722239000,1.24402,1.24434,1.24333,1.24343,904020000,8
1345722240000,1345722719000,1.24343,1.24383,1.24319,1.24364,1213270000,8
1345722720000,1345723199000,1.24364,1.24381,1.24339,1.24369,1207620000,8
1345723200000,1345723679000,1.24369,1.24381,1.24298,1.24322,1048430000,8
1345723680000,1345724159000,1.24326,1.2441,1.2428,1.24396,1585320000,8
1345724160000,1345724639000,1.24396,1.24494,1.24391,1.24451,1483640000,8
1345724640000,1345725119000,1.24449,1.24505,1.24377,1.24419,1878440000,8
1345725120000,1345725599000,1.24419,1.24478,1.24361,1.24435,2234080000,8
1345725600000,1345726079000,1.24435,1.24517,1.24423,1.24506,1759720000,8
1345726080000,1345726559000,1.24506,1.24509,1.24454,1.24458,1266790000,8
1345726560000,1345727039000,1.24458,1.24485,1.24396,1.2441,1355330000,8
1345727040000,1345727519000,1.2441,1.24418,1.24331,1.24356,1525990000,8
1345727520000,1345727999000,1.24356,1.24397,1.24346,1.24359,1376310000,8
1345728000000,1345728479000,1.2436,1.24415,1.24347,1.24415,929600000,8
1345728480000,1345728959000,1.24413,1.24458,1.24384,1.24401,1592930000,8
1345728960000,1345729439000,1.24404,1.24425,1.2437,1.24376,1656330000,8
1345729440000,1345729919000,1.24377,1.244,1.24344,1.24392,1667700000,8
1345729920000,1345730399000,1.24392,1.24472,1.24364,1.2444,1614830000,8
1345730400000,1345730879000,1.24441,1.24472,1.24382,1.24402,1547030000,8
1345730880000,1345731359000,1.24401,1.2448,1.24401,1.24474,1535010000,8
1345731360000,1345731839000,1.24474,1.24553,1.24471,1.24543,1797980000,8
1345731840000,1345732319000,1.24543,1.24782,1.24543,1.24701,2023540000,8
1345732320000,1345732799000,1.247,1.24806,1.24698,1.24711,1875990000,8
1345732800000,1345733279000,1.24711,1.24833,1.24711,1.24744,2051640000,8
1345733280000,1345733759000,1.24744,1.24803,1.24725,1.24787,2092710000,8
1345733760000,1345734239000,1.24787,1.24812,1.24732,1.24759,2329450000,8
1345734240000,1345734719000,1.24759,1.2483,1.24747,1.24811,2046920000,8
1345734720000,1345735199000,1.24811,1.24876,1.24801,1.24862,1544390000,8
1345735200000,1345735679000,1.24862,1.24862,1.24806,1.24817,1394380000,8
1345735680000,1345736159000,1.24817,1.24826,1.24751,1.24778,1393750000,8
1345736160000,1345736639000,1.24782,1.24811,1.24772,1.2481,810710000,8
1345736640000,1345737119000,1.2481,1.24899,1.24791,1.24892,781250000,8
1345737120000,1345737599000,1.24891,1.24932,1.24873,1.24916,993980000,8
1345737600000,1345738079000,1.24914,1.2493,1.2488,1.2491,973160000,8
1345738080000,1345738559000,1.2491,1.24922,1.2487,1.24877,960900000,8
1345738560000,1345739039000,1.24877,1.24903,1.24869,1.24889,587320000,8
1345739040000,1345739519000,1.24886,1.2491,1.24885,1.24894,435670000,8
1345739520000,1345739999000,1.2489,1.24899,1.24871,1.24898,270820000,8
1345740000000,1345740479000,1.24896,1.24918,1.2487,1.24886,387950000,8
1345740480000,1345740959000,1.24886,1.24902,1.24869,1.24889,527250000,8
1345740960000,1345741439000,1.24889,1.24989,1.24871,1.24971,906820000,8
1345741440000,1345741919000,1.24974,1.24979,1.24939,1.24948,564230000,8
1345741920000,1345742399000,1.24946,1.24952,1.24884,1.24889,1015240000,8
1345742400000,1345742879000,1.24887,1.24936,1.24874,1.24901,913250000,8
1345742880000,1345743359000,1.249,1.2493,1.24877,1.24921,808060000,8
1345743360000,1345743839000,1.24921,1.24982,1.2491,1.24942,875630000,8
1345743840000,1345744319000,1.24944,1.24948,1.24896,1.24903,472240000,8
1345744320000,1345744799000,1.24903,1.24913,1.24893,1.24899,433680000,8
1345744800000,1345745279000,1.24899,1.24916,1.24883,1.24901,388990000,8
1345745280000,1345745759000,1.24901,1.24901,1.24873,1.24879,430640000,8
1345745760000,1345746239000,1.24877,1.24878,1.2483,1.24846,401830000,8
1345746240000,1345746719000,1.24845,1.24866,1.24824,1.24833,337960000,8
1345746720000,1345747199000,1.24835,1.24842,1.24798,1.24832,361560000,8
1345747200000,1345747679000,1.24835,1.24855,1.24821,1.24822,419070000,8
1345747680000,1345748159000,1.24824,1.24841,1.24792,1.24802,580270000,8
1345748160000,1345748639000,1.24798,1.24833,1.24797,1.24829,579490000,8
1345748640000,1345749119000,1.24825,1.24836,1.24801,1.24812,401260000,8
1345749120000,1345749599000,1.2481,1.2482,1.24797,1.24808,214730000,8
1345749600000,1345750079000,1.24807,1.24836,1.24788,1.24815,476630000,8
1345750080000,1345750559000,1.24818,1.24855,1.24798,1.24819,496050000,8
1345750560000,1345751039000,1.24817,1.24823,1.24783,1.24797,462340000,8
1345751040000,1345751519000,1.24798,1.24837,1.24782,1.24834,477230000,8
1345751520000,1345751999000,1.24833,1.24851,1.2481,1.24814,602460000,8
1345752000000,1345752479000,1.24812,1.24847,1.2481,1.24839,483140000,8
1345752480000,1345752959000,1.24835,1.24857,1.24828,1.24838,351190000,8
1345752960000,1345753439000,1.2484,1.2486,1.24839,1.24842,257240000,8
1345753440000,1345753919000,1.24842,1.24862,1.24839,1.24857,270750000,8
1345753920000,1345754399000,1.24858,1.24866,1.24845,1.24862,202000000,8
1345754400000,1345754879000,1.24861,1.24883,1.24851,1.24863,421310000,8
1345754880000,1345755359000,1.24863,1.24889,1.24842,1.24855,330670000,8
1345755360000,1345755839000,1.24858,1.24906,1.24852,1.24888,186200000,8
1345755840000,1345756319000,1.2489,1.24892,1.24861,1.24875,271200000,8
1345756320000,1345756799000,1.24875,1.24881,1.24855,1.24863,293400000,8
1345756800000,1345757279000,1.24863,1.24877,1.2486,1.24867,272860000,8
1345757280000,1345757759000,1.24867,1.2487,1.24854,1.24866,124920000,8
1345757760000,1345758239000,1.2486,1.24869,1.2485,1.24868,107340000,8
1345758240000,1345758719000,1.24868,1.2487,1.2485,1.24854,169270000,8
1345758720000,1345759199000,1.24854,1.24902,1.24853,1.24865,210600000,8
1345759200000,1345759679000,1.24865,1.24899,1.24851,1.2488,321690000,8
1345759680000,1345760159000,1.24881,1.24881,1.24875,1.24876,246000000,8
1345760160000,1345760639000,1.24875,1.24883,1.24875,1.24875,279350000,8
1345760640000,1345761119000,1.24875,1.24875,1.24851,1.24851,132900000,8
1345761120000,1345761599000,1.24851,1.24871,1.24845,1.2486,153020000,8
1345761600000,1345762079000,1.2486,1.24863,1.24829,1.24858,111100000,8
1345762080000,1345762559000,1.24857,1.24857,1.24839,1.24851,194250000,8
1345762560000,1345763039000,1.24846,1.2486,1.24823,1.24824,282710000,8
1345763040000,1345763519000,1.2482,1.24862,1.24815,1.24861,436360000,8
1345763520000,1345763999000,1.24861,1.24869,1.24834,1.24855,280500000,8
1345764000000,1345764479000,1.24855,1.24866,1.24837,1.24846,156230000,8
1345764480000,1345764959000,1.24845,1.24847,1.24803,1.2482,164360000,8
1345764960000,1345765439000,1.2482,1.24849,1.24807,1.2483,303230000,8
1345765440000,1345765919000,1.24836,1.24845,1.24824,1.24836,130500000,8
1345765920000,1345766399000,1.24832,1.24847,1.24819,1.24833,277330000,8
1345766400000,1345766879000,1.24835,1.24854,1.24814,1.24835,422650000,8
1345766880000,1345767359000,1.24834,1.24854,1.24809,1.24809,437790000,8
1345767360000,1345767839000,1.24814,1.24843,1.24805,1.24843,239410000,8
1345767840000,1345768319000,1.24848,1.24848,1.24804,1.24815,333770000,8
1345768320000,1345768799000,1.24815,1.24841,1.24785,1.24808,388520000,8
1345768800000,1345769279000,1.24806,1.24814,1.24782,1.24802,476600000,8
1345769280000,1345769759000,1.24802,1.24822,1.248,1.24811,436460000,8
1345769760000,1345770239000,1.24811,1.24839,1.248,1.248,357120000,8
1345770240000,1345770719000,1.248,1.24832,1.24787,1.24827,600500000,8
1345770720000,1345771199000,1.24825,1.24896,1.24813,1.24881,513790000,8
1345771200000,1345771679000,1.24884,1.24888,1.24839,1.24839,481330000,8
1345771680000,1345772159000,1.24838,1.24852,1.24827,1.24831,311760000,8
1345772160000,1345772639000,1.24829,1.24843,1.24824,1.24843,179260000,8
1345772640000,1345773119000,1.24839,1.2485,1.24823,1.24831,198150000,8
1345773120000,1345773599000,1.24828,1.24853,1.24818,1.24824,301760000,8
1345773600000,1345774079000,1.24824,1.24857,1.24815,1.24838,436790000,8
1345774080000,1345774559000,1.24837,1.2484,1.248,1.24827,262620000,8
1345774560000,1345775039000,1.24823,1.24827,1.24785,1.24794,269440000,8
1345775040000,1345775519000,1.24794,1.24798,1.24769,1.24794,346730000,8
1345775520000,1345775999000,1.24792,1.24836,1.24774,1.24836,327990000,8
1345776000000,1345776479000,1.24832,1.24832,1.24801,1.24818,518480000,8
1345776480000,1345776959000,1.24818,1.2483,1.24803,1.24816,430000000,8
1345776960000,1345777439000,1.24819,1.24819,1.24786,1.24796,240560000,8
1345777440000,1345777919000,1.24796,1.24799,1.24782,1.24797,199870000,8
1345777920000,1345778399000,1.24793,1.24832,1.2479,1.24825,193150000,8
1345778400000,1345778879000,1.24825,1.24843,1.24825,1.24827,104430000,8
1345778880000,1345779359000,1.24827,1.24835,1.24791,1.24795,185270000,8
1345779360000,1345779839000,1.24791,1.2481,1.2479,1.24808,146280000,8
1345779840000,1345780319000,1.24808,1.24819,1.2479,1.24794,299710000,8
1345780320000,1345780799000,1.24793,1.24823,1.24788,1.24815,138130000,8
1345780800000,1345781279000,1.2481,1.24824,1.24793,1.24806,85960000,8
1345781280000,1345781759000,1.24801,1.24801,1.24778,1.24785,238020000,8
1345781760000,1345782239000,1.24788,1.248,1.24778,1.248,247210000,8
1345782240000,1345782719000,1.248,1.24806,1.24784,1.24788,132150000,8
1345782720000,1345783199000,1.24784,1.24787,1.24747,1.24747,212630000,8
1345783200000,1345783679000,1.24751,1.24774,1.24746,1.24757,213040000,8
1345783680000,1345784159000,1.24759,1.2477,1.24751,1.24761,226510000,8
1345784160000,1345784639000,1.24761,1.24767,1.24723,1.2473,292910000,8
1345784640000,1345785119000,1.24732,1.24775,1.24729,1.2474,231150000,8
1345785120000,1345785599000,1.24741,1.24756,1.24723,1.24734,206220000,8
1345785600000,1345786079000,1.24734,1.24779,1.24734,1.24742,180270000,8
1345786080000,1345786559000,1.24742,1.24759,1.24742,1.24758,178930000,8
1345786560000,1345787039000,1.24761,1.24777,1.2475,1.2476,281250000,8
1345787040000,1345787519000,1.2476,1.24777,1.24755,1.24765,252220000,8
1345787520000,1345787999000,1.24766,1.24787,1.24763,1.24781,248520000,8
1345788000000,1345788479000,1.24784,1.24798,1.24694,1.24701,717360000,8
1345788480000,1345788959000,1.24697,1.2471,1.24658,1.24691,1075890000,8
1345788960000,1345789439000,1.24691,1.24714,1.2467,1.24687,787500000,8
1345789440000,1345789919000,1.24687,1.24715,1.24674,1.24676,696370000,8
1345789920000,1345790399000,1.24676,1.24699,1.24642,1.24661,1062410000,8
1345790400000,1345790879000,1.24662,1.24704,1.24659,1.24671,552430000,8
1345790880000,1345791359000,1.24674,1.24711,1.24669,1.2471,594180000,8
1345791360000,1345791839000,1.24707,1.24711,1.24658,1.24682,725520000,8
1345791840000,1345792319000,1.24682,1.24711,1.24653,1.2466,1495950000,8
1345792320000,1345792799000,1.2466,1.2467,1.24602,1.24666,1469500000,8
1345792800000,1345793279000,1.24667,1.24671,1.24603,1.24634,1513720000,8
1345793280000,1345793759000,1.24632,1.24635,1.24592,1.24598,1100130000,8
1345793760000,1345794239000,1.24598,1.24618,1.24552,1.24601,1364320000,8
1345794240000,1345794719000,1.246,1.24651,1.24583,1.24625,1252610000,8
1345794720000,1345795199000,1.2462,1.24634,1.24589,1.24625,1242340000,8
1345795200000,1345795679000,1.24627,1.24698,1.24624,1.24679,1240250000,8
1345795680000,1345796159000,1.24678,1.24707,1.24647,1.24661,1106210000,8
1345796160000,1345796639000,1.24659,1.24684,1.24631,1.24667,1335420000,8
1345796640000,1345797119000,1.2466,1.24702,1.24656,1.24665,941170000,8
1345797120000,1345797599000,1.24665,1.24677,1.24629,1.24673,1053980000,8
1345797600000,1345798079000,1.24674,1.24685,1.24607,1.24615,945840000,8
1345798080000,1345798559000,1.24616,1.24661,1.24605,1.24641,1391190000,8
1345798560000,1345799039000,1.2464,1.24669,1.24591,1.24645,1299330000,8
1345799040000,1345799519000,1.24646,1.24661,1.24589,1.246,1188590000,8
1345799520000,1345799999000,1.24597,1.24597,1.24473,1.24474,1107960000,8
1345800000000,1345800479000,1.24476,1.24483,1.24433,1.2445,1173700000,8
1345800480000,1345800959000,1.24446,1.24502,1.24442,1.2449,995450000,8
1345800960000,1345801439000,1.24496,1.24546,1.24491,1.24525,716230000,8
1345801440000,1345801919000,1.24525,1.24558,1.24493,1.24499,832030000,8
1345801920000,1345802399000,1.24499,1.2451,1.24458,1.24461,955810000,8
1345802400000,1345802879000,1.24459,1.24491,1.24442,1.24458,940550000,8
1345802880000,1345803359000,1.2446,1.24467,1.24325,1.24366,1144050000,8
1345803360000,1345803839000,1.24366,1.24405,1.24339,1.24379,1576720000,8
1345803840000,1345804319000,1.24379,1.24401,1.24362,1.24391,1021870000,8
1345804320000,1345804799000,1.24389,1.24421,1.24376,1.24413,936960000,8
1345804800000,1345805279000,1.24413,1.24453,1.24404,1.24438,842970000,8
1345805280000,1345805759000,1.24438,1.24438,1.24393,1.24414,835290000,8
1345805760000,1345806239000,1.24414,1.24445,1.24364,1.24372,1133730000,8
1345806240000,1345806719000,1.24373,1.24382,1.24344,1.24366,1103660000,8
1345806720000,1345807199000,1.24366,1.24394,1.24312,1.24343,1399420000,8
1345807200000,1345807679000,1.2434,1.24374,1.24274,1.24297,1573180000,8
1345807680000,1345808159000,1.24295,1.24328,1.24282,1.24296,1462890000,8
1345808160000,1345808639000,1.24298,1.24322,1.24246,1.24252,1247080000,8
1345808640000,1345809119000,1.24251,1.24328,1.24244,1.2431,1418440000,8
1345809120000,1345809599000,1.24308,1.24313,1.24253,1.24253,956080000,8
1345809600000,1345810079000,1.24254,1.24323,1.2425,1.24293,989410000,8
1345810080000,1345810559000,1.24293,1.24322,1.24206,1.24268,1446550000,8
1345810560000,1345811039000,1.24268,1.2429,1.24229,1.24277,1111160000,8
1345811040000,1345811519000,1.24277,1.24326,1.2421,1.2431,1352840000,8
1345811520000,1345811999000,1.24309,1.24338,1.24263,1.24273,1505630000,8
1345812000000,1345812479000,1.24271,1.24274,1.24096,1.24157,2112580000,8
1345812480000,1345812959000,1.24157,1.24219,1.24134,1.24209,2220290000,8
1345812960000,1345813439000,1.24205,1.24245,1.24128,1.24146,1659090000,8
1345813440000,1345813919000,1.24146,1.24181,1.24092,1.24148,1529150000,8
1345813920000,1345814399000,1.24148,1.24148,1.24081,1.24124,1519760000,8
1345814400000,1345814879000,1.24125,1.24162,1.24121,1.24138,1175170000,8
1345814880000,1345815359000,1.24142,1.24159,1.24101,1.24143,1565380000,8
1345815360000,1345815839000,1.24146,1.24166,1.24127,1.24144,1304200000,8
1345815840000,1345816319000,1.24141,1.24194,1.24134,1.24194,1278110000,8
1345816320000,1345816799000,1.24194,1.24226,1.24176,1.24197,1418390000,8
1345816800000,1345817279000,1.24198,1.24302,1.2419,1.2429,1599060000,8
1345817280000,1345817759000,1.24292,1.24312,1.24271,1.24274,1481210000,8
1345817760000,1345818239000,1.24274,1.24328,1.24228,1.24311,1323750000,8
1345818240000,1345818719000,1.24312,1.24352,1.24298,1.24344,1119170000,8
1345818720000,1345819199000,1.24344,1.24362,1.24272,1.24294,1523540000,8
1345819200000,1345819679000,1.24294,1.24306,1.2421,1.2423,1531190000,8
1345819680000,1345820159000,1.2423,1.24235,1.24163,1.24186,1647690000,8
1345820160000,1345820639000,1.24185,1.24206,1.24136,1.24145,1421860000,8
1345820640000,1345821119000,1.24145,1.24169,1.24111,1.24138,1406850000,8
1345821120000,1345821599000,1.2414,1.24423,1.2414,1.24407,2415140000,8
1345821600000,1345822079000,1.24401,1.24422,1.24306,1.24341,2031230000,8
1345822080000,1345822559000,1.24342,1.24342,1.24282,1.24322,1313200000,8
1345822560000,1345823039000,1.24322,1.24344,1.24299,1.24329,918320000,8
1345823040000,1345823519000,1.24323,1.2435,1.24231,1.24261,1093580000,8
1345823520000,1345823999000,1.24261,1.24317,1.24233,1.24313,1075680000,8
1345824000000,1345824479000,1.2431,1.24336,1.24302,1.24319,911870000,8
1345824480000,1345824959000,1.24319,1.24322,1.24289,1.243,446680000,8
1345824960000,1345825439000,1.24298,1.24327,1.24275,1.24315,425020000,8
1345825440000,1345825919000,1.24316,1.24319,1.24255,1.24266,665930000,8
1345825920000,1345826399000,1.24264,1.24271,1.24206,1.24249,655450000,8
1345826400000,1345826879000,1.24253,1.24287,1.24232,1.24269,435430000,8
1345826880000,1345827359000,1.2427,1.24304,1.2427,1.24291,354280000,8
1345827360000,1345827839000,1.24293,1.24338,1.2428,1.24328,727610000,8
1345827840000,1345828319000,1.24328,1.2435,1.24305,1.24311,667810000,8
1345828320000,1345828799000,1.24311,1.24329,1.24308,1.24321,273790000,8
1345828800000,1345829279000,1.24321,1.24322,1.24308,1.24309,305320000,8
1345829280000,1345829759000,1.24309,1.2432,1.24286,1.24295,430670000,8
1345829760000,1345830239000,1.24295,1.24304,1.24247,1.24247,341850000,8
1345830240000,1345830719000,1.24247,1.24259,1.24205,1.24206,389290000,8
1345830720000,1345831199000,1.24205,1.24262,1.24203,1.24245,463360000,8
1345831200000,1345831679000,1.24243,1.24281,1.24232,1.24267,406080000,8
1345831680000,1345832159000,1.2427,1.24277,1.24252,1.24256,280050000,8
1345832160000,1345832639000,1.24257,1.24267,1.24228,1.24255,445210000,8
1345832640000,1345833119000,1.24255,1.24263,1.24214,1.24225,339630000,8
1345833120000,1345833599000,1.24224,1.24236,1.2417,1.24175,690820000,8
1345833600000,1345834079000,1.24175,1.24187,1.24148,1.24149,557740000,8
1345834080000,1345834559000,1.24151,1.24167,1.24062,1.24064,624010000,8
1345834560000,1345835039000,1.24064,1.24082,1.24048,1.24071,737030000,8
1345835040000,1345835519000,1.24073,1.24086,1.24052,1.24062,406970000,8
1345835520000,1345835999000,1.2406,1.24075,1.24036,1.2404,324340000,8
1345836000000,1345836479000,1.2404,1.24058,1.24024,1.24053,384630000,8
1345836480000,1345836959000,1.24053,1.2408,1.2405,1.2408,309750000,8
1345836960000,1345837439000,1.2408,1.24093,1.24062,1.24068,370730000,8
1345837440000,1345837919000,1.24069,1.24088,1.24049,1.24051,622360000,8
1345837920000,1345838399000,1.24051,1.24095,1.24051,1.24068,628300000,8
1345838400000,1345838879000,1.24065,1.24065,1.24032,1.24035,462310000,8
1345838880000,1345839359000,1.24037,1.2405,1.24022,1.24027,216770000,8
1345839360000,1345839839000,1.24028,1.24048,1.24014,1.24036,328220000,8
1345839840000,1345840319000,1.24035,1.24066,1.23999,1.24053,405260000,8
1345840320000,1345840799000,1.24053,1.24097,1.24052,1.24097,265550000,8
1345840800000,1345841279000,1.24097,1.24107,1.24063,1.24077,431900000,8
1345841280000,1345841759000,1.24077,1.2416,1.24075,1.24114,406290000,8
1345841760000,1345842239000,1.24115,1.24166,1.24097,1.24142,156120000,8
1345842240000,1345842719000,1.24142,1.24142,1.24142,1.24142,0,8
1345842720000,1345843199000,1.24142,1.24142,1.24142,1.24142,0,8
1345843200000,1345843679000,1.24142,1.24142,1.24142,1.24142,0,8
1345843680000,1345844159000,1.24142,1.24142,1.24142,1.24142,0,8
1345844160000,1345844639000,1.24142,1.24142,1.24142,1.24142,0,8
1345844640000,1345845119000,1.24142,1.24142,1.24142,1.24142,0,8
1345845120000,1345845599000,1.24142,1.24142,1.24142,1.24142,0,8
1345845600000,1345846079000,1.24142,1.24142,1.24142,1.24142,0,8
1345846080000,1345846559000,1.24142,1.24142,1.24142,1.24142,0,8
1345846560000,1345847039000,1.24142,1.24142,1.24142,1.24142,0,8
1345847040000,1345847519000,1.24142,1.24142,1.24142,1.24142,0,8
1345847520000,1345847999000,1.24142,1.24142,1.24142,1.24142,0,8
1345848000000,1345848479000,1.24142,1.24142,1.24142,1.24142,0,8
1345848480000,1345848959000,1.24142,1.24142,1.24142,1.24142,0,8
1345848960000,1345849439000,1.24142,1.24142,1.24142,1.24142,0,8
1345849440000,1345849919000,1.24142,1.24142,1.24142,1.24142,0,8
1345849920000,1345850399000,1.24142,1.24142,1.24142,1.24142,0,8
1345850400000,1345850879000,1.24142,1.24142,1.24142,1.24142,0,8
1345850880000,1345851359000,1.24142,1.24142,1.24142,1.24142,0,8
1345851360000,1345851839000,1.24142,1.24142,1.24142,1.24142,0,8
1345851840000,1345852319000,1.24142,1.24142,1.24142,1.24142,0,8
1345852320000,1345852799000,1.24142,1.24142,1.24142,1.24142,0,8
1346015040000,1346015519000,1.24089,1.24107,1.24064,1.24106,214370000,8
1346015520000,1346015999000,1.24106,1.2412,1.24087,1.24106,94990000,8
1346016000000,1346016479000,1.24104,1.24113,1.23996,1.24008,209200000,8
1346016480000,1346016959000,1.24008,1.24074,1.24008,1.24046,59100000,8
1346016960000,1346017439000,1.24044,1.24044,1.23991,1.2403,62250000,8
1346017440000,1346017919000,1.24027,1.24066,1.24001,1.24049,71710000,8
1346017920000,1346018399000,1.24049,1.24063,1.24028,1.24058,109280000,8
1346018400000,1346018879000,1.24058,1.24115,1.24043,1.24099,489170000,8
1346018880000,1346019359000,1.24099,1.24104,1.24066,1.2407,308860000,8
1346019360000,1346019839000,1.24065,1.24069,1.24039,1.24064,314620000,8
1346019840000,1346020319000,1.24064,1.24085,1.24049,1.24078,316130000,8
1346020320000,1346020799000,1.24076,1.24084,1.24069,1.24084,65250000,8
1346020800000,1346021279000,1.24083,1.24088,1.24068,1.24073,90380000,8
1346021280000,1346021759000,1.24073,1.24076,1.24051,1.24054,64910000,8
1346021760000,1346022239000,1.24049,1.24105,1.24028,1.24093,382030000,8
1346022240000,1346022719000,1.24093,1.24104,1.24082,1.24094,228940000,8
1346022720000,1346023199000,1.24094,1.24107,1.24058,1.24064,334480000,8
1346023200000,1346023679000,1.24069,1.24109,1.24052,1.24086,258020000,8
1346023680000,1346024159000,1.24086,1.24096,1.24053,1.24078,192680000,8
1346024160000,1346024639000,1.24074,1.24093,1.2406,1.24086,124230000,8
1346024640000,1346025119000,1.24086,1.24112,1.24065,1.24106,314440000,8
1346025120000,1346025599000,1.24109,1.24128,1.24054,1.24065,388600000,8
1346025600000,1346026079000,1.24068,1.24107,1.24056,1.24087,590150000,8
1346026080000,1346026559000,1.24089,1.24112,1.24076,1.24079,416390000,8
1346026560000,1346027039000,1.24079,1.24107,1.24067,1.24103,528950000,8
1346027040000,1346027519000,1.24103,1.24103,1.24027,1.24031,535750000,8
1346027520000,1346027999000,1.24031,1.24039,1.23978,1.23981,693070000,8
1346028000000,1346028479000,1.23979,1.24019,1.23978,1.23991,604510000,8
1346028480000,1346028959000,1.23991,1.24028,1.23981,1.24006,792490000,8
1346028960000,1346029439000,1.24006,1.24009,1.23981,1.23981,480950000,8
1346029440000,1346029919000,1.23982,1.24028,1.23979,1.24023,417180000,8
1346029920000,1346030399000,1.24025,1.24039,1.23997,1.24,933510000,8
1346030400000,1346030879000,1.23997,1.24047,1.23988,1.24029,1107840000,8
1346030880000,1346031359000,1.2403,1.24032,1.23989,1.24008,798770000,8
1346031360000,1346031839000,1.24006,1.24042,1.23993,1.24031,610270000,8
1346031840000,1346032319000,1.24031,1.24064,1.24003,1.24049,716250000,8
1346032320000,1346032799000,1.2405,1.24066,1.23981,1.24005,735420000,8
1346032800000,1346033279000,1.24004,1.2402,1.23925,1.23951,955040000,8
1346033280000,1346033759000,1.23952,1.23963,1.23918,1.2395,741070000,8
1346033760000,1346034239000,1.23951,1.23984,1.23944,1.2396,695710000,8
1346034240000,1346034719000,1.23959,1.23963,1.23927,1.23955,409830000,8
1346034720000,1346035199000,1.23954,1.23981,1.23946,1.23969,508600000,8
1346035200000,1346035679000,1.23968,1.23993,1.23968,1.23985,405020000,8
1346035680000,1346036159000,1.23987,1.24002,1.23979,1.23979,403300000,8
1346036160000,1346036639000,1.23979,1.23994,1.23975,1.23986,419800000,8
1346036640000,1346037119000,1.23986,1.24003,1.23972,1.23985,296950000,8
1346037120000,1346037599000,1.23984,1.23986,1.23949,1.23976,433100000,8
1346037600000,1346038079000,1.23974,1.23996,1.23967,1.23996,337900000,8
1346038080000,1346038559000,1.23996,1.23996,1.23979,1.23983,222540000,8
1346038560000,1346039039000,1.23981,1.23994,1.23966,1.23966,290560000,8
1346039040000,1346039519000,1.23966,1.23988,1.23966,1.23985,244180000,8
1346039520000,1346039999000,1.23982,1.23996,1.2398,1.23984,122950000,8
1346040000000,1346040479000,1.23984,1.23987,1.2395,1.23961,436790000,8
1346040480000,1346040959000,1.23961,1.23974,1.23956,1.23959,329090000,8
1346040960000,1346041439000,1.2396,1.23985,1.2396,1.23979,272280000,8
1346041440000,1346041919000,1.23975,1.23987,1.23971,1.23978,231960000,8
1346041920000,1346042399000,1.23976,1.23989,1.23976,1.23978,267780000,8
1346042400000,1346042879000,1.2398,1.23984,1.23962,1.2397,208810000,8
1346042880000,1346043359000,1.23968,1.23968,1.23948,1.23951,136800000,8
1346043360000,1346043839000,1.23951,1.23967,1.23937,1.23945,454310000,8
1346043840000,1346044319000,1.23945,1.23959,1.23942,1.23958,387360000,8
1346044320000,1346044799000,1.23958,1.23968,1.23954,1.23961,567040000,8
1346044800000,1346045279000,1.23962,1.23987,1.23955,1.23965,448230000,8
1346045280000,1346045759000,1.23965,1.23975,1.23946,1.23948,482940000,8
1346045760000,1346046239000,1.23947,1.23965,1.23922,1.23931,547820000,8
1346046240000,1346046719000,1.2393,1.2394,1.23922,1.23926,682170000,8
1346046720000,1346047199000,1.23928,1.2395,1.23892,1.23934,935550000,8
1346047200000,1346047679000,1.23934,1.23979,1.23932,1.23963,666710000,8
1346047680000,1346048159000,1.23966,1.23973,1.23879,1.23903,738330000,8
1346048160000,1346048639000,1.23901,1.23923,1.23881,1.23885,530330000,8
1346048640000,1346049119000,1.23885,1.2391,1.2386,1.23904,708950000,8
1346049120000,1346049599000,1.23903,1.23941,1.23903,1.23914,474040000,8
1346049600000,1346050079000,1.23914,1.23947,1.23879,1.2388,541730000,8
1346050080000,1346050559000,1.23881,1.23908,1.23854,1.23867,618280000,8
1346050560000,1346051039000,1.23867,1.23867,1.23823,1.23851,914210000,8
1346051040000,1346051519000,1.23848,1.23924,1.23845,1.2391,1106570000,8
1346051520000,1346051999000,1.23908,1.23939,1.23901,1.23926,1077000000,8
1346052000000,1346052479000,1.23923,1.23927,1.23892,1.23892,835600000,8
1346052480000,1346052959000,1.23899,1.23931,1.23889,1.23912,655050000,8
1346052960000,1346053439000,1.23912,1.23979,1.23908,1.23964,859500000,8
1346053440000,1346053919000,1.23961,1.23982,1.23956,1.23964,709750000,8
1346053920000,1346054399000,1.23964,1.24002,1.23958,1.23964,787730000,8
1346054400000,1346054879000,1.23964,1.24048,1.23951,1.24018,1337150000,8
1346054880000,1346055359000,1.24018,1.24099,1.24016,1.24074,1232280000,8
1346055360000,1346055839000,1.24078,1.24106,1.24035,1.24036,1132280000,8
1346055840000,1346056319000,1.2404,1.24052,1.23994,1.23994,817260000,8
1346056320000,1346056799000,1.23996,1.24039,1.23996,1.24033,624340000,8
1346056800000,1346057279000,1.24033,1.2406,1.2401,1.24038,702470000,8
1346057280000,1346057759000,1.24038,1.24044,1.24001,1.24008,889180000,8
1346057760000,1346058239000,1.24008,1.24022,1.23982,1.24016,1015240000,8
1346058240000,1346058719000,1.24016,1.24035,1.24001,1.24028,736860000,8
1346058720000,1346059199000,1.24028,1.24078,1.24026,1.24048,595630000,8
1346059200000,1346059679000,1.24048,1.2408,1.24035,1.2408,755410000,8
1346059680000,1346060159000,1.24076,1.24091,1.24048,1.24062,704550000,8
1346060160000,1346060639000,1.24065,1.24077,1.24046,1.24052,579590000,8
1346060640000,1346061119000,1.24052,1.24059,1.2403,1.24047,536500000,8
1346061120000,1346061599000,1.24046,1.24047,1.2398,1.23996,688550000,8
1346061600000,1346062079000,1.23996,1.24038,1.23984,1.23993,871580000,8
1346062080000,1346062559000,1.23989,1.23999,1.23951,1.23961,816030000,8
1346062560000,1346063039000,1.23964,1.24016,1.23955,1.23967,600310000,8
1346063040000,1346063519000,1.23967,1.2401,1.23963,1.23982,419030000,8
1346063520000,1346063999000,1.23982,1.2404,1.23978,1.24016,650270000,8
1346064000000,1346064479000,1.24016,1.24026,1.23989,1.23995,587450000,8
1346064480000,1346064959000,1.23995,1.24011,1.23987,1.23991,544340000,8
1346064960000,1346065439000,1.23991,1.24025,1.23991,1.24013,613540000,8
1346065440000,1346065919000,1.24013,1.24016,1.23954,1.23983,656820000,8
1346065920000,1346066399000,1.23985,1.24019,1.23963,1.24018,401340000,8
1346066400000,1346066879000,1.24018,1.24042,1.24015,1.24034,295560000,8
1346066880000,1346067359000,1.24035,1.24066,1.24028,1.24028,613050000,8
1346067360000,1346067839000,1.24026,1.24035,1.23988,1.2399,482800000,8
1346067840000,1346068319000,1.2399,1.24022,1.23971,1.24021,737420000,8
1346068320000,1346068799000,1.24021,1.24034,1.23978,1.24024,723520000,8
1346068800000,1346069279000,1.24027,1.24062,1.24016,1.24018,890500000,8
1346069280000,1346069759000,1.24018,1.24043,1.23981,1.24018,1209790000,8
1346069760000,1346070239000,1.24018,1.24027,1.23994,1.24002,562030000,8
1346070240000,1346070719000,1.24002,1.24024,1.23975,1.23999,563830000,8
1346070720000,1346071199000,1.23999,1.24,1.23958,1.23974,667710000,8
1346071200000,1346071679000,1.23977,1.24042,1.23968,1.24036,912640000,8
1346071680000,1346072159000,1.24035,1.24097,1.24028,1.24081,721500000,8
1346072160000,1346072639000,1.24081,1.24082,1.24014,1.24059,802640000,8
1346072640000,1346073119000,1.24061,1.24075,1.24034,1.24066,714180000,8
1346073120000,1346073599000,1.24066,1.2409,1.24035,1.24057,667970000,8
1346073600000,1346074079000,1.24055,1.24083,1.24012,1.2402,891920000,8
1346074080000,1346074559000,1.24019,1.24076,1.24013,1.24064,899020000,8
1346074560000,1346075039000,1.2406,1.24065,1.24001,1.24015,1167200000,8
1346075040000,1346075519000,1.24017,1.24027,1.23945,1.23945,996880000,8
1346075520000,1346075999000,1.23946,1.23969,1.23917,1.23954,974760000,8
1346076000000,1346076479000,1.23962,1.24,1.23946,1.2397,1088490000,8
1346076480000,1346076959000,1.2397,1.24022,1.2394,1.24,904630000,8
1346076960000,1346077439000,1.23998,1.24026,1.23976,1.23984,658170000,8
1346077440000,1346077919000,1.23983,1.23983,1.23882,1.23897,965520000,8
1346077920000,1346078399000,1.23897,1.23933,1.23854,1.23876,756680000,8
1346078400000,1346078879000,1.23876,1.23877,1.23806,1.23843,905060000,8
1346078880000,1346079359000,1.23844,1.23892,1.23842,1.23851,609740000,8
1346079360000,1346079839000,1.23852,1.23915,1.23847,1.23905,1118310000,8
1346079840000,1346080319000,1.23905,1.23911,1.23844,1.23844,832360000,8
1346080320000,1346080799000,1.23844,1.23851,1.23784,1.23792,812590000,8
1346080800000,1346081279000,1.23789,1.23849,1.23768,1.23814,810240000,8
1346081280000,1346081759000,1.23814,1.2386,1.23811,1.2384,582370000,8
1346081760000,1346082239000,1.23837,1.23839,1.23818,1.23831,267850000,8
1346082240000,1346082719000,1.23829,1.23829,1.23798,1.23806,354350000,8
1346082720000,1346083199000,1.23806,1.23821,1.23783,1.23784,311250000,8
1346083200000,1346083679000,1.23784,1.23793,1.23768,1.23793,381410000,8
1346083680000,1346084159000,1.23795,1.23837,1.23792,1.23831,223530000,8
1346084160000,1346084639000,1.23831,1.23845,1.2383,1.2384,308050000,8
1346084640000,1346085119000,1.23837,1.23852,1.23813,1.23833,400310000,8
1346085120000,1346085599000,1.23832,1.23849,1.2382,1.23831,298640000,8
1346085600000,1346086079000,1.23831,1.23831,1.23799,1.23824,324700000,8
1346086080000,1346086559000,1.23821,1.23823,1.23813,1.2382,133690000,8
1346086560000,1346087039000,1.23822,1.23845,1.23816,1.2384,321610000,8
1346087040000,1346087519000,1.23839,1.23844,1.23833,1.2384,172090000,8
1346087520000,1346087999000,1.23842,1.23886,1.23836,1.23881,350530000,8
1346088000000,1346088479000,1.23882,1.23922,1.23882,1.23912,278970000,8
1346088480000,1346088959000,1.23912,1.23926,1.23906,1.23911,210450000,8
1346088960000,1346089439000,1.23911,1.23932,1.23906,1.23926,325540000,8
1346089440000,1346089919000,1.23926,1.23938,1.23915,1.23925,274990000,8
1346089920000,1346090399000,1.23925,1.23932,1.23902,1.23929,252230000,8
1346090400000,1346090879000,1.23928,1.23937,1.23911,1.23917,255750000,8
1346090880000,1346091359000,1.23915,1.23932,1.2391,1.2393,224710000,8
1346091360000,1346091839000,1.23928,1.23929,1.23901,1.23911,319490000,8
1346091840000,1346092319000,1.23913,1.23937,1.23906,1.23934,271290000,8
1346092320000,1346092799000,1.23928,1.23935,1.23911,1.23914,303610000,8
1346092800000,1346093279000,1.23914,1.23923,1.239,1.23919,224040000,8
1346093280000,1346093759000,1.23916,1.23935,1.23909,1.23927,214730000,8
1346093760000,1346094239000,1.23924,1.23924,1.23811,1.23832,606950000,8
1346094240000,1346094719000,1.23834,1.23854,1.2381,1.23846,341190000,8
1346094720000,1346095199000,1.23846,1.23856,1.23834,1.23845,278850000,8
1346095200000,1346095679000,1.23845,1.23859,1.23835,1.23853,321230000,8
1346095680000,1346096159000,1.23853,1.23858,1.23811,1.23832,288000000,8
1346096160000,1346096639000,1.23832,1.2385,1.23817,1.23846,380260000,8
1346096640000,1346097119000,1.23847,1.23861,1.23841,1.23854,281250000,8
1346097120000,1346097599000,1.2385,1.23856,1.23807,1.2383,364000000,8
1346097600000,1346098079000,1.23829,1.23845,1.23807,1.23811,352500000,8
1346098080000,1346098559000,1.23811,1.23824,1.23802,1.2381,230710000,8
1346098560000,1346099039000,1.23813,1.2382,1.23796,1.23816,188310000,8
1346099040000,1346099519000,1.2381,1.23812,1.2379,1.23793,222270000,8
1346099520000,1346099999000,1.23793,1.23814,1.23786,1.23811,211470000,8
1346100000000,1346100479000,1.23812,1.2382,1.23795,1.238,195020000,8
1346100480000,1346100959000,1.23798,1.23824,1.23793,1.23822,253330000,8
1346100960000,1346101439000,1.23827,1.23834,1.23808,1.23816,89450000,8
1346101440000,1346101919000,1.2381,1.23818,1.23786,1.23802,192220000,8
1346101920000,1346102399000,1.23802,1.23818,1.23792,1.23799,199240000,8
1346102400000,1346102879000,1.23798,1.23813,1.23792,1.23793,134200000,8
1346102880000,1346103359000,1.23793,1.23808,1.23792,1.23793,155890000,8
1346103360000,1346103839000,1.23793,1.23793,1.23773,1.23775,175120000,8
1346103840000,1346104319000,1.23779,1.23804,1.23776,1.23783,97520000,8
1346104320000,1346104799000,1.23784,1.23803,1.2375,1.2378,134890000,8
1346104800000,1346105279000,1.23803,1.23825,1.2379,1.23797,246620000,8
1346105280000,1346105759000,1.238,1.23808,1.23781,1.23796,135000000,8
1346105760000,1346106239000,1.23794,1.23821,1.23786,1.23813,202890000,8
1346106240000,1346106719000,1.23813,1.23836,1.23813,1.2382,256510000,8
1346106720000,1346107199000,1.23817,1.2382,1.23814,1.23816,95270000,8
1346107200000,1346107679000,1.23815,1.23819,1.23805,1.23814,114760000,8
1346107680000,1346108159000,1.23814,1.23824,1.23803,1.23811,176260000,8
1346108160000,1346108639000,1.2381,1.2383,1.23802,1.23808,197880000,8
1346108640000,1346109119000,1.23805,1.23815,1.23798,1.23811,208940000,8
1346109120000,1346109599000,1.23814,1.23828,1.23809,1.2382,123000000,8
1346109600000,1346110079000,1.23821,1.23852,1.23813,1.23845,240750000,8
1346110080000,1346110559000,1.23843,1.23846,1.23833,1.23836,79500000,8
1346110560000,1346111039000,1.23837,1.23837,1.23814,1.23828,89940000,8
1346111040000,1346111519000,1.23828,1.23849,1.23825,1.23825,99980000,8
1346111520000,1346111999000,1.23823,1.23826,1.23794,1.23818,178840000,8
1346112000000,1346112479000,1.23818,1.23828,1.23791,1.2381,283280000,8
1346112480000,1346112959000,1.2381,1.23832,1.23777,1.23787,329370000,8
1346112960000,1346113439000,1.23791,1.23811,1.23767,1.23798,268450000,8
1346113440000,1346113919000,1.23798,1.23814,1.23769,1.23787,282740000,8
1346113920000,1346114399000,1.23786,1.23812,1.23774,1.23795,417360000,8
1346114400000,1346114879000,1.23795,1.23809,1.23772,1.23775,457880000,8
1346114880000,1346115359000,1.23775,1.23802,1.23714,1.23755,617370000,8
1346115360000,1346115839000,1.23755,1.23762,1.23714,1.23718,684800000,8
1346115840000,1346116319000,1.2372,1.23737,1.23698,1.23706,786180000,8
1346116320000,1346116799000,1.23706,1.23715,1.23613,1.23632,917330000,8
1346116800000,1346117279000,1.23627,1.23667,1.23618,1.23629,522810000,8
1346117280000,1346117759000,1.23631,1.23654,1.23572,1.23613,621240000,8
1346117760000,1346118239000,1.23617,1.23649,1.23602,1.23627,322350000,8
1346118240000,1346118719000,1.23627,1.23657,1.23622,1.23633,528510000,8
1346118720000,1346119199000,1.23633,1.23666,1.2362,1.23656,514340000,8
1346119200000,1346119679000,1.23656,1.23699,1.23652,1.23657,429920000,8
1346119680000,1346120159000,1.2366,1.23694,1.2366,1.23686,460050000,8
1346120160000,1346120639000,1.23688,1.23699,1.23675,1.23682,215930000,8
1346120640000,1346121119000,1.23681,1.2372,1.23679,1.23717,308060000,8
1346121120000,1346121599000,1.23716,1.23724,1.23697,1.23709,188270000,8
1346121600000,1346122079000,1.2371,1.23722,1.23698,1.2371,300400000,8
1346122080000,1346122559000,1.2371,1.2372,1.23699,1.23713,225130000,8
1346122560000,1346123039000,1.23715,1.23748,1.23713,1.23723,424380000,8
1346123040000,1346123519000,1.2372,1.23734,1.23713,1.23714,306140000,8
1346123520000,1346123999000,1.23714,1.23727,1.23714,1.23714,101010000,8
1346124000000,1346124479000,1.23715,1.23722,1.23701,1.23713,226140000,8
1346124480000,1346124959000,1.23713,1.23716,1.23687,1.237,160330000,8
1346124960000,1346125439000,1.23697,1.23715,1.23696,1.23705,154980000,8
1346125440000,1346125919000,1.23706,1.23722,1.23705,1.23722,115810000,8
1346125920000,1346126399000,1.23722,1.23738,1.23718,1.23722,145600000,8
1346126400000,1346126879000,1.23718,1.23721,1.23705,1.23706,146410000,8
1346126880000,1346127359000,1.23707,1.23745,1.23695,1.23743,286570000,8
1346127360000,1346127839000,1.23744,1.23747,1.23721,1.23734,317060000,8
1346127840000,1346128319000,1.23737,1.23741,1.2372,1.23724,373250000,8
1346128320000,1346128799000,1.23725,1.23767,1.23725,1.23763,344550000,8
1346128800000,1346129279000,1.23763,1.23769,1.23744,1.23758,331660000,8
1346129280000,1346129759000,1.23759,1.23768,1.23718,1.23722,306870000,8
1346129760000,1346130239000,1.23718,1.23718,1.23685,1.23709,215410000,8
1346130240000,1346130719000,1.23709,1.23727,1.23699,1.23714,273920000,8
1346130720000,1346131199000,1.23714,1.23725,1.23691,1.23694,389870000,8
1346131200000,1346131679000,1.23691,1.2373,1.23688,1.23718,201210000,8
1346131680000,1346132159000,1.23721,1.23723,1.2369,1.23699,255480000,8
1346132160000,1346132639000,1.23695,1.23734,1.23693,1.23726,627460000,8
1346132640000,1346133119000,1.23726,1.23731,1.23674,1.237,622400000,8
1346133120000,1346133599000,1.23698,1.23704,1.23653,1.23656,873040000,8
1346133600000,1346134079000,1.23658,1.23678,1.23633,1.2365,727740000,8
1346134080000,1346134559000,1.23653,1.23699,1.23628,1.23647,735980000,8
1346134560000,1346135039000,1.23649,1.23668,1.23633,1.23644,576450000,8
1346135040000,1346135519000,1.23644,1.23685,1.23617,1.23672,640490000,8
1346135520000,1346135999000,1.2367,1.23683,1.2365,1.23672,518870000,8
1346136000000,1346136479000,1.23672,1.23719,1.2367,1.23682,581740000,8
1346136480000,1346136959000,1.23681,1.23712,1.23658,1.2366,588720000,8
1346136960000,1346137439000,1.2366,1.23666,1.23606,1.23613,890140000,8
1346137440000,1346137919000,1.23614,1.2366,1.23605,1.23633,1129320000,8
1346137920000,1346138399000,1.23636,1.23717,1.23628,1.23696,1286390000,8
1346138400000,1346138879000,1.23702,1.23717,1.23681,1.23688,1133430000,8
1346138880000,1346139359000,1.23689,1.23697,1.23656,1.23691,1180120000,8
1346139360000,1346139839000,1.23691,1.23746,1.23669,1.23718,1139070000,8
1346139840000,1346140319000,1.23718,1.23822,1.23706,1.23808,1287270000,8
1346140320000,1346140799000,1.23817,1.23885,1.23807,1.23822,1579130000,8
1346140800000,1346141279000,1.23821,1.2387,1.23802,1.23853,1379050000,8
1346141280000,1346141759000,1.23856,1.23897,1.2385,1.23889,1092500000,8
1346141760000,1346142239000,1.2389,1.23892,1.23847,1.23858,818180000,8
1346142240000,1346142719000,1.23857,1.2394,1.23838,1.23928,1284730000,8
1346142720000,1346143199000,1.23928,1.23981,1.23922,1.23978,1594260000,8
1346143200000,1346143679000,1.23978,1.24051,1.23959,1.2401,1537460000,8
1346143680000,1346144159000,1.2401,1.24031,1.23992,1.2402,1331080000,8
1346144160000,1346144639000,1.24022,1.24151,1.24015,1.24106,1489470000,8
1346144640000,1346145119000,1.24106,1.24139,1.24078,1.24107,1293690000,8
1346145120000,1346145599000,1.24107,1.24138,1.24046,1.24057,1616240000,8
1346145600000,1346146079000,1.24057,1.24142,1.24053,1.24112,1258820000,8
1346146080000,1346146559000,1.24112,1.24221,1.24106,1.24163,1527380000,8
1346146560000,1346147039000,1.24162,1.24216,1.24141,1.24146,1315940000,8
1346147040000,1346147519000,1.24147,1.24156,1.24099,1.24106,975230000,8
1346147520000,1346147999000,1.24108,1.24148,1.24097,1.24097,889230000,8
1346148000000,1346148479000,1.24096,1.24122,1.2407,1.24071,850810000,8
1346148480000,1346148959000,1.2407,1.24145,1.24065,1.24137,831150000,8
1346148960000,1346149439000,1.24137,1.24166,1.24092,1.24159,958030000,8
1346149440000,1346149919000,1.24157,1.24183,1.24107,1.24113,865580000,8
1346149920000,1346150399000,1.24113,1.24114,1.24054,1.24067,740720000,8
1346150400000,1346150879000,1.24066,1.24072,1.24043,1.2405,648270000,8
1346150880000,1346151359000,1.2405,1.24065,1.24031,1.24036,742860000,8
1346151360000,1346151839000,1.24032,1.2404,1.23974,1.23996,1399660000,8
1346151840000,1346152319000,1.23996,1.24079,1.23995,1.24062,1204980000,8
1346152320000,1346152799000,1.24062,1.24091,1.24044,1.24071,846010000,8
1346152800000,1346153279000,1.24071,1.24088,1.24018,1.24068,1108460000,8
1346153280000,1346153759000,1.24072,1.2408,1.24041,1.24068,1069270000,8
1346153760000,1346154239000,1.2407,1.24076,1.24022,1.24026,898990000,8
1346154240000,1346154719000,1.24026,1.24047,1.23972,1.2398,1013410000,8
1346154720000,1346155199000,1.23979,1.24039,1.23948,1.23959,775920000,8
1346155200000,1346155679000,1.2396,1.24034,1.23935,1.23964,1476960000,8
1346155680000,1346156159000,1.23964,1.23986,1.2388,1.23889,1399910000,8
1346156160000,1346156639000,1.23889,1.23978,1.23876,1.2396,1373650000,8
1346156640000,1346157119000,1.2396,1.24013,1.23924,1.2394,1298400000,8
1346157120000,1346157599000,1.23937,1.2395,1.23878,1.23886,1192840000,8
1346157600000,1346158079000,1.23886,1.23905,1.23853,1.23864,933680000,8
1346158080000,1346158559000,1.23864,1.23898,1.23824,1.23898,1185140000,8
1346158560000,1346159039000,1.23899,1.2393,1.23864,1.23893,1211300000,8
1346159040000,1346159519000,1.2389,1.23957,1.2387,1.23921,1478270000,8
1346159520000,1346159999000,1.23919,1.23919,1.23764,1.23813,2090750000,8
1346160000000,1346160479000,1.23811,1.23923,1.23783,1.23863,1921540000,8
1346160480000,1346160959000,1.23863,1.23907,1.23818,1.23821,1951900000,8
1346160960000,1346161439000,1.23822,1.23859,1.2373,1.23748,1516880000,8
1346161440000,1346161919000,1.23746,1.23761,1.23624,1.23628,1781010000,8
1346161920000,1346162399000,1.23628,1.23746,1.23618,1.23681,1863870000,8
1346162400000,1346162879000,1.23671,1.23832,1.23671,1.23767,2299110000,8
1346162880000,1346163359000,1.23767,1.23833,1.23735,1.23777,1869470000,8
1346163360000,1346163839000,1.23777,1.23819,1.23723,1.23739,1858330000,8
1346163840000,1346164319000,1.2374,1.23743,1.23668,1.23693,1640040000,8
1346164320000,1346164799000,1.23695,1.23726,1.23665,1.23703,1295660000,8
1346164800000,1346165279000,1.23706,1.23719,1.23671,1.2369,1317280000,8
1346165280000,1346165759000,1.23693,1.23767,1.23688,1.23759,1043130000,8
1346165760000,1346166239000,1.23759,1.23853,1.23754,1.23829,1564900000,8
1346166240000,1346166719000,1.23829,1.23904,1.2381,1.2387,1344910000,8
1346166720000,1346167199000,1.23873,1.2392,1.2385,1.23893,1387680000,8
1346167200000,1346167679000,1.23893,1.2395,1.23878,1.23919,887170000,8
1346167680000,1346168159000,1.2392,1.23965,1.23897,1.23943,971870000,8
1346168160000,1346168639000,1.23947,1.23947,1.23895,1.23912,730650000,8
1346168640000,1346169119000,1.23914,1.23932,1.23877,1.23893,724300000,8
1346169120000,1346169599000,1.23893,1.23942,1.23893,1.23928,641820000,8
1346169600000,1346170079000,1.23923,1.23931,1.23878,1.23886,662800000,8
1346170080000,1346170559000,1.23888,1.2391,1.23869,1.23894,541060000,8
1346170560000,1346171039000,1.23892,1.23904,1.23872,1.2389,581360000,8
1346171040000,1346171519000,1.23887,1.23941,1.23886,1.23929,622510000,8
1346171520000,1346171999000,1.23928,1.23957,1.23924,1.2394,587860000,8
1346172000000,1346172479000,1.2394,1.23977,1.23938,1.23973,529360000,8
1346172480000,1346172959000,1.2397,1.24005,1.23958,1.2399,353760000,8
1346172960000,1346173439000,1.2399,1.24073,1.23987,1.24041,684210000,8
1346173440000,1346173919000,1.24043,1.2408,1.24033,1.24073,441200000,8
1346173920000,1346174399000,1.24073,1.24101,1.24071,1.24101,277850000,8
1346174400000,1346174879000,1.24099,1.24128,1.24089,1.24104,351290000,8
1346174880000,1346175359000,1.24105,1.24127,1.24102,1.24109,291370000,8
1346175360000,1346175839000,1.24109,1.24124,1.24094,1.24118,318510000,8
1346175840000,1346176319000,1.24118,1.24145,1.24113,1.24145,470050000,8
1346176320000,1346176799000,1.24146,1.24164,1.24108,1.24143,470760000,8
1346176800000,1346177279000,1.2414,1.24178,1.2413,1.24178,374040000,8
1346177280000,1346177759000,1.24176,1.24214,1.24172,1.242,327370000,8
1346177760000,1346178239000,1.24202,1.24215,1.24179,1.24179,412940000,8
1346178240000,1346178719000,1.24178,1.24181,1.24137,1.24153,506150000,8
1346178720000,1346179199000,1.24153,1.24155,1.24127,1.24151,367190000,8
1346179200000,1346179679000,1.24151,1.24179,1.24125,1.24152,387440000,8
1346179680000,1346180159000,1.24151,1.24164,1.2412,1.24136,274390000,8
1346180160000,1346180639000,1.24133,1.24154,1.24113,1.24142,419190000,8
1346180640000,1346181119000,1.24142,1.24146,1.24118,1.24136,390500000,8
1346181120000,1346181599000,1.24139,1.24139,1.24099,1.24109,437340000,8
1346181600000,1346182079000,1.24112,1.24121,1.24096,1.24114,363040000,8
1346182080000,1346182559000,1.24114,1.24153,1.24098,1.24149,319380000,8
1346182560000,1346183039000,1.24148,1.24163,1.24125,1.2413,384500000,8
1346183040000,1346183519000,1.2413,1.24157,1.24121,1.24128,521150000,8
1346183520000,1346183999000,1.2413,1.24182,1.24123,1.24139,436090000,8
1346184000000,1346184479000,1.24139,1.24161,1.24125,1.24155,491670000,8
1346184480000,1346184959000,1.24152,1.24163,1.24148,1.2416,227560000,8
1346184960000,1346185439000,1.24158,1.24172,1.24146,1.24158,277720000,8
1346185440000,1346185919000,1.24158,1.24168,1.24135,1.24158,374530000,8
1346185920000,1346186399000,1.24162,1.2417,1.24153,1.24157,140300000,8
1346186400000,1346186879000,1.24156,1.24163,1.24145,1.24153,218720000,8
1346186880000,1346187359000,1.24153,1.2416,1.24145,1.24145,388460000,8
1346187360000,1346187839000,1.24145,1.24181,1.2414,1.2417,300000000,8
1346187840000,1346188319000,1.24173,1.24173,1.2412,1.24135,193030000,8
1346188320000,1346188799000,1.24135,1.24157,1.24135,1.24145,66000000,8
1346188800000,1346189279000,1.24145,1.24178,1.24135,1.24143,151630000,8
1346189280000,1346189759000,1.24145,1.24155,1.24141,1.24145,73660000,8
1346189760000,1346190239000,1.24155,1.24169,1.2415,1.24156,135640000,8
1346190240000,1346190719000,1.24155,1.24159,1.24109,1.24145,84250000,8
1346190720000,1346191199000,1.24147,1.24162,1.24145,1.2415,200060000,8
1346191200000,1346191679000,1.2415,1.24177,1.2415,1.24157,147470000,8
1346191680000,1346192159000,1.24157,1.24166,1.2415,1.24161,159250000,8
1346192160000,1346192639000,1.24161,1.2417,1.2414,1.24144,235320000,8
1346192640000,1346193119000,1.24142,1.24157,1.24119,1.24154,177950000,8
1346193120000,1346193599000,1.24157,1.24177,1.24157,1.24157,86000000,8
1346193600000,1346194079000,1.24157,1.24169,1.24157,1.24158,132250000,8
1346194080000,1346194559000,1.24158,1.24161,1.24132,1.24134,162300000,8
1346194560000,1346195039000,1.24134,1.24158,1.24128,1.24149,442880000,8
1346195040000,1346195519000,1.24149,1.24155,1.24135,1.2415,256880000,8
1346195520000,1346195999000,1.24151,1.24168,1.24138,1.2416,132000000,8
1346196000000,1346196479000,1.2416,1.24181,1.2416,1.24174,109500000,8
1346196480000,1346196959000,1.24173,1.24173,1.24127,1.24154,165410000,8
1346196960000,1346197439000,1.2415,1.24166,1.2415,1.24165,99750000,8
1346197440000,1346197919000,1.24162,1.24196,1.24162,1.24183,174230000,8
1346197920000,1346198399000,1.24186,1.24208,1.2418,1.24194,280000000,8
1346198400000,1346198879000,1.24193,1.24193,1.24154,1.2416,398630000,8
1346198880000,1346199359000,1.24164,1.24178,1.2413,1.24146,310600000,8
1346199360000,1346199839000,1.24146,1.24163,1.24098,1.24104,410180000,8
1346199840000,1346200319000,1.24105,1.24107,1.24079,1.24085,445720000,8
1346200320000,1346200799000,1.24085,1.24086,1.24049,1.24062,345460000,8
1346200800000,1346201279000,1.24062,1.24087,1.24055,1.24083,237350000,8
1346201280000,1346201759000,1.24083,1.2411,1.24072,1.24084,367730000,8
1346201760000,1346202239000,1.24083,1.24113,1.24083,1.24087,249310000,8
1346202240000,1346202719000,1.24087,1.24087,1.24059,1.24062,339970000,8
1346202720000,1346203199000,1.24062,1.24088,1.24048,1.24054,480720000,8
1346203200000,1346203679000,1.24055,1.24062,1.2404,1.24059,164350000,8
1346203680000,1346204159000,1.24059,1.24063,1.24045,1.24062,188460000,8
1346204160000,1346204639000,1.24064,1.24076,1.24045,1.24054,408340000,8
1346204640000,1346205119000,1.24056,1.24094,1.24045,1.24085,528790000,8
1346205120000,1346205599000,1.24089,1.24123,1.24081,1.24081,308810000,8
1346205600000,1346206079000,1.24078,1.24105,1.24066,1.24066,259560000,8
1346206080000,1346206559000,1.24067,1.24086,1.24064,1.24069,406240000,8
1346206560000,1346207039000,1.24069,1.24071,1.24052,1.24069,196660000,8
1346207040000,1346207519000,1.24065,1.2408,1.24065,1.2408,175460000,8
1346207520000,1346207999000,1.24079,1.24099,1.24076,1.24081,225900000,8
1346208000000,1346208479000,1.24083,1.24099,1.24073,1.24081,242130000,8
1346208480000,1346208959000,1.24081,1.24088,1.24078,1.2408,93030000,8
1346208960000,1346209439000,1.24078,1.24099,1.24076,1.24096,151530000,8
1346209440000,1346209919000,1.24094,1.24097,1.24063,1.24081,181380000,8
1346209920000,1346210399000,1.24083,1.24115,1.2407,1.24103,172040000,8
1346210400000,1346210879000,1.241,1.2411,1.24088,1.24097,124270000,8
1346210880000,1346211359000,1.24097,1.2411,1.24093,1.2411,152990000,8
1346211360000,1346211839000,1.24108,1.24109,1.24085,1.24091,116900000,8
1346211840000,1346212319000,1.24091,1.24106,1.2409,1.24094,114370000,8
1346212320000,1346212799000,1.24094,1.2412,1.24092,1.24114,121820000,8
1346212800000,1346213279000,1.24114,1.24127,1.24106,1.24127,117810000,8
1346213280000,1346213759000,1.24123,1.2413,1.24111,1.24122,120830000,8
1346213760000,1346214239000,1.24123,1.24129,1.24109,1.24127,159870000,8
1346214240000,1346214719000,1.24126,1.2415,1.24117,1.24144,148530000,8
1346214720000,1346215199000,1.24144,1.2418,1.24138,1.24175,142530000,8
1346215200000,1346215679000,1.24175,1.2418,1.24164,1.24168,110300000,8
1346215680000,1346216159000,1.24168,1.24182,1.24166,1.24174,139890000,8
1346216160000,1346216639000,1.24174,1.24182,1.24157,1.24158,90560000,8
1346216640000,1346217119000,1.24157,1.24169,1.24152,1.24166,87780000,8
1346217120000,1346217599000,1.24164,1.24218,1.24153,1.24214,240540000,8
1346217600000,1346218079000,1.24214,1.24226,1.24192,1.24201,404220000,8
1346218080000,1346218559000,1.24199,1.24208,1.24177,1.24182,264470000,8
1346218560000,1346219039000,1.24185,1.24205,1.24174,1.24187,372290000,8
1346219040000,1346219519000,1.24183,1.24198,1.2417,1.24191,472380000,8
1346219520000,1346219999000,1.24191,1.24195,1.24128,1.24132,438920000,8
1346220000000,1346220479000,1.24132,1.24144,1.24099,1.2411,697810000,8
1346220480000,1346220959000,1.2411,1.2414,1.24106,1.24133,515520000,8
1346220960000,1346221439000,1.24134,1.24163,1.24111,1.24121,568910000,8
1346221440000,1346221919000,1.24122,1.24147,1.24091,1.2413,493960000,8
1346221920000,1346222399000,1.2413,1.24137,1.24074,1.24098,760910000,8
1346222400000,1346222879000,1.24098,1.24098,1.24047,1.24066,733810000,8
1346222880000,1346223359000,1.24068,1.24072,1.24035,1.24062,739920000,8
1346223360000,1346223839000,1.24063,1.24084,1.24003,1.24024,949740000,8
1346223840000,1346224319000,1.24022,1.24047,1.24011,1.24035,1171200000,8
1346224320000,1346224799000,1.24032,1.24059,1.24029,1.24041,950620000,8
1346224800000,1346225279000,1.24041,1.24062,1.24015,1.24024,1284140000,8
1346225280000,1346225759000,1.24027,1.24045,1.23999,1.2402,1107360000,8
1346225760000,1346226239000,1.24021,1.24084,1.24009,1.24045,1333890000,8
1346226240000,1346226719000,1.24045,1.24066,1.24017,1.2403,1427340000,8
1346226720000,1346227199000,1.2403,1.24111,1.24029,1.24091,1241120000,8
1346227200000,1346227679000,1.24096,1.24126,1.24073,1.24102,1224950000,8
1346227680000,1346228159000,1.24102,1.24122,1.24092,1.24095,986000000,8
1346228160000,1346228639000,1.24097,1.24148,1.24095,1.24119,954090000,8
1346228640000,1346229119000,1.24119,1.24215,1.24107,1.24192,1290180000,8
1346229120000,1346229599000,1.24192,1.24257,1.24189,1.2423,1436460000,8
1346229600000,1346230079000,1.24233,1.24237,1.2419,1.24198,1173210000,8
1346230080000,1346230559000,1.24199,1.24243,1.24199,1.24221,1092180000,8
1346230560000,1346231039000,1.24223,1.24261,1.24201,1.24221,1468640000,8
1346231040000,1346231519000,1.24223,1.24319,1.24195,1.24256,1650800000,8
1346231520000,1346231999000,1.24254,1.24263,1.24221,1.24237,1094090000,8
1346232000000,1346232479000,1.24239,1.24244,1.24201,1.24226,799000000,8
1346232480000,1346232959000,1.24226,1.24248,1.24215,1.24216,763250000,8
1346232960000,1346233439000,1.24217,1.24227,1.24204,1.24218,719070000,8
1346233440000,1346233919000,1.24217,1.24224,1.24198,1.24214,565500000,8
1346233920000,1346234399000,1.24214,1.24247,1.24207,1.24244,581850000,8
1346234400000,1346234879000,1.24246,1.24254,1.2421,1.24215,764910000,8
1346234880000,1346235359000,1.24212,1.24212,1.24135,1.24142,702950000,8
1346235360000,1346235839000,1.24142,1.2419,1.24142,1.24151,811400000,8
1346235840000,1346236319000,1.24153,1.24165,1.24139,1.2415,406840000,8
1346236320000,1346236799000,1.2415,1.24194,1.24147,1.24165,687040000,8
1346236800000,1346237279000,1.24166,1.2422,1.24159,1.2422,662660000,8
1346237280000,1346237759000,1.24219,1.24243,1.24167,1.24169,759840000,8
1346237760000,1346238239000,1.24169,1.24243,1.24166,1.24208,956090000,8
1346238240000,1346238719000,1.24208,1.24234,1.24176,1.24203,734240000,8
1346238720000,1346239199000,1.24205,1.24205,1.24176,1.24176,760570000,8
1346239200000,1346239679000,1.24176,1.242,1.24121,1.24128,1121530000,8
1346239680000,1346240159000,1.2413,1.24142,1.24042,1.24067,1114460000,8
1346240160000,1346240639000,1.24069,1.24098,1.24051,1.24094,990990000,8
1346240640000,1346241119000,1.24095,1.24109,1.24066,1.2409,1118750000,8
1346241120000,1346241599000,1.2409,1.24126,1.24049,1.24049,952200000,8
1346241600000,1346242079000,1.24052,1.24074,1.24008,1.24013,1014520000,8
1346242080000,1346242559000,1.24012,1.24038,1.23971,1.24013,1105590000,8
1346242560000,1346243039000,1.24012,1.24016,1.23913,1.23996,915510000,8
1346243040000,1346243519000,1.23996,1.24027,1.23912,1.23932,1345620000,8
1346243520000,1346243999000,1.2394,1.24054,1.23928,1.24009,1795500000,8
1346244000000,1346244479000,1.24007,1.24022,1.23932,1.23972,1767560000,8
1346244480000,1346244959000,1.23972,1.24001,1.23914,1.23956,1229040000,8
1346244960000,1346245439000,1.23954,1.23954,1.23878,1.23901,1001810000,8
1346245440000,1346245919000,1.23901,1.23957,1.23878,1.23917,1156480000,8
1346245920000,1346246399000,1.23917,1.23942,1.23853,1.23878,1152470000,8
1346246400000,1346246879000,1.23879,1.23884,1.23738,1.23777,1131950000,8
1346246880000,1346247359000,1.23775,1.23817,1.23741,1.23817,1130710000,8
1346247360000,1346247839000,1.23817,1.23831,1.23789,1.23826,1225230000,8
1346247840000,1346248319000,1.23826,1.23849,1.23786,1.23791,1112980000,8
1346248320000,1346248799000,1.23792,1.23813,1.23678,1.23678,1562580000,8
1346248800000,1346249279000,1.23678,1.23709,1.23611,1.23698,1791050000,8
1346249280000,1346249759000,1.23697,1.23769,1.2369,1.23698,1417170000,8
1346249760000,1346250239000,1.237,1.23706,1.23597,1.2364,1578360000,8
1346250240000,1346250719000,1.2364,1.23702,1.23634,1.23677,1390690000,8
1346250720000,1346251199000,1.23676,1.23712,1.23658,1.23688,1148730000,8
1346251200000,1346251679000,1.23682,1.23725,1.23664,1.2372,1283960000,8
1346251680000,1346252159000,1.23718,1.23805,1.23709,1.23792,1225610000,8
1346252160000,1346252639000,1.23792,1.23882,1.23769,1.23856,1696030000,8
1346252640000,1346253119000,1.23859,1.23892,1.23833,1.23885,1197500000,8
1346253120000,1346253599000,1.23885,1.23916,1.23867,1.23904,934460000,8
1346253600000,1346254079000,1.23903,1.23915,1.2388,1.23892,774440000,8
1346254080000,1346254559000,1.23892,1.23939,1.23882,1.23902,1088190000,8
1346254560000,1346255039000,1.23902,1.23919,1.23857,1.23875,840710000,8
1346255040000,1346255519000,1.23875,1.23888,1.23812,1.2384,794550000,8
1346255520000,1346255999000,1.23843,1.23848,1.23794,1.23794,556830000,8
1346256000000,1346256479000,1.23795,1.23844,1.23795,1.23841,540630000,8
1346256480000,1346256959000,1.23841,1.23859,1.23824,1.23834,462170000,8
1346256960000,1346257439000,1.23834,1.23847,1.23804,1.23822,420710000,8
1346257440000,1346257919000,1.23822,1.23836,1.23797,1.23807,469700000,8
1346257920000,1346258399000,1.23805,1.23812,1.23763,1.23776,564150000,8
1346258400000,1346258879000,1.23776,1.23781,1.23741,1.23747,350240000,8
1346258880000,1346259359000,1.23747,1.23747,1.23707,1.23725,533900000,8
1346259360000,1346259839000,1.23725,1.23736,1.23704,1.23725,399940000,8
1346259840000,1346260319000,1.23725,1.23747,1.23716,1.23742,378260000,8
1346260320000,1346260799000,1.23742,1.23756,1.23732,1.23748,423270000,8
1346260800000,1346261279000,1.23748,1.23755,1.23703,1.23713,326960000,8
1346261280000,1346261759000,1.23715,1.23733,1.23699,1.2372,548330000,8
1346261760000,1346262239000,1.23723,1.23758,1.23718,1.23733,410940000,8
1346262240000,1346262719000,1.23728,1.23761,1.23722,1.23761,297160000,8
1346262720000,1346263199000,1.2376,1.23779,1.23754,1.23765,452070000,8
1346263200000,1346263679000,1.23765,1.23782,1.23745,1.23772,519660000,8
1346263680000,1346264159000,1.23773,1.23802,1.23758,1.23798,662890000,8
1346264160000,1346264639000,1.23798,1.23804,1.23742,1.23761,383520000,8
1346264640000,1346265119000,1.23761,1.23768,1.23743,1.23752,318360000,8
1346265120000,1346265599000,1.23754,1.23788,1.23752,1.23766,281860000,8
1346265600000,1346266079000,1.23764,1.23802,1.23756,1.2379,287860000,8
1346266080000,1346266559000,1.2379,1.23849,1.23786,1.23846,339970000,8
1346266560000,1346267039000,1.23846,1.23852,1.23822,1.23847,521180000,8
1346267040000,1346267519000,1.23847,1.23911,1.2384,1.23902,424550000,8
1346267520000,1346267999000,1.23902,1.23918,1.23885,1.23915,318110000,8
1346268000000,1346268479000,1.23915,1.23945,1.23906,1.23938,231220000,8
1346268480000,1346268959000,1.23938,1.23947,1.23924,1.23946,223220000,8
1346268960000,1346269439000,1.23943,1.24003,1.23943,1.23992,392650000,8
1346269440000,1346269919000,1.23992,1.24004,1.23958,1.23969,468860000,8
1346269920000,1346270399000,1.23971,1.23975,1.23953,1.23968,357180000,8
1346270400000,1346270879000,1.23971,1.23978,1.23948,1.23974,374690000,8
1346270880000,1346271359000,1.23975,1.23982,1.23954,1.23957,318670000,8
1346271360000,1346271839000,1.23959,1.23983,1.23946,1.2395,311200000,8
1346271840000,1346272319000,1.2395,1.23967,1.23938,1.23945,326740000,8
1346272320000,1346272799000,1.23945,1.23953,1.23929,1.23949,293070000,8
1346272800000,1346273279000,1.23949,1.23971,1.23945,1.23954,195700000,8
1346273280000,1346273759000,1.23954,1.23958,1.23924,1.23945,205530000,8
1346273760000,1346274239000,1.23943,1.23978,1.23935,1.23966,298890000,8
1346274240000,1346274719000,1.23963,1.23989,1.2393,1.23955,238910000,8
1346274720000,1346275199000,1.23932,1.24002,1.2391,1.23987,437470000,8
1346275200000,1346275679000,1.23984,1.2399,1.23963,1.23972,426980000,8
1346275680000,1346276159000,1.23979,1.23992,1.23974,1.23978,103920000,8
1346276160000,1346276639000,1.23976,1.23998,1.2396,1.23988,352550000,8
1346276640000,1346277119000,1.23989,1.2399,1.2397,1.23979,113220000,8
1346277120000,1346277599000,1.23971,1.24014,1.23971,1.23981,293570000,8
1346277600000,1346278079000,1.2398,1.2398,1.2397,1.2397,138000000,8
1346278080000,1346278559000,1.2397,1.23975,1.23947,1.23956,83750000,8
1346278560000,1346279039000,1.23954,1.23971,1.23944,1.23956,314250000,8
1346279040000,1346279519000,1.23956,1.2398,1.23947,1.23951,217500000,8
1346279520000,1346279999000,1.23954,1.23988,1.23954,1.23983,318750000,8
1346280000000,1346280479000,1.23982,1.23995,1.23966,1.23981,467410000,8
1346280480000,1346280959000,1.23981,1.23992,1.23961,1.23966,211650000,8
1346280960000,1346281439000,1.23965,1.24001,1.23957,1.23973,289580000,8
1346281440000,1346281919000,1.23972,1.23994,1.2395,1.23987,185480000,8
1346281920000,1346282399000,1.23986,1.24004,1.23938,1.2399,90100000,8
1346282400000,1346282879000,1.23991,1.23995,1.23984,1.23989,60000000,8
1346282880000,1346283359000,1.23988,1.24004,1.23987,1.23996,93000000,8
1346283360000,1346283839000,1.23996,1.2402,1.23951,1.23958,328330000,8
1346283840000,1346284319000,1.23958,1.2401,1.23953,1.2401,156750000,8
1346284320000,1346284799000,1.24012,1.2402,1.23998,1.24018,142170000,8
1346284800000,1346285279000,1.2402,1.24047,1.24009,1.2404,248680000,8
1346285280000,1346285759000,1.2404,1.24041,1.24018,1.24018,197130000,8
1346285760000,1346286239000,1.24018,1.24041,1.24018,1.24033,144700000,8
1346286240000,1346286719000,1.24033,1.24033,1.23994,1.24016,306230000,8
1346286720000,1346287199000,1.24016,1.24052,1.24,1.2403,448090000,8
1346287200000,1346287679000,1.2403,1.24061,1.23998,1.24056,528330000,8
1346287680000,1346288159000,1.24059,1.24087,1.24049,1.2406,466220000,8
1346288160000,1346288639000,1.2406,1.2409,1.2405,1.24062,390220000,8
1346288640000,1346289119000,1.24061,1.24139,1.24059,1.24122,478520000,8
1346289120000,1346289599000,1.2412,1.2414,1.241,1.24117,590690000,8
1346289600000,1346290079000,1.24115,1.24139,1.24104,1.24134,443000000,8
1346290080000,1346290559000,1.24131,1.24161,1.24105,1.24135,708810000,8
1346290560000,1346291039000,1.24133,1.24154,1.24117,1.24133,554780000,8
1346291040000,1346291519000,1.24139,1.24144,1.24126,1.24137,281250000,8
1346291520000,1346291999000,1.24141,1.24154,1.2413,1.24146,268000000,8
1346292000000,1346292479000,1.24148,1.24158,1.24119,1.24128,293610000,8
1346292480000,1346292959000,1.24128,1.24143,1.24122,1.24132,369770000,8
1346292960000,1346293439000,1.24134,1.24144,1.24132,1.24139,259710000,8
1346293440000,1346293919000,1.24139,1.24155,1.24126,1.24151,253660000,8
1346293920000,1346294399000,1.24152,1.2417,1.24148,1.24161,254630000,8
1346294400000,1346294879000,1.24159,1.24168,1.24143,1.24155,179810000,8
1346294880000,1346295359000,1.24156,1.24169,1.24149,1.24154,156200000,8
1346295360000,1346295839000,1.24168,1.24168,1.24142,1.24145,143250000,8
1346295840000,1346296319000,1.24149,1.24177,1.24144,1.24167,192800000,8
1346296320000,1346296799000,1.24167,1.24186,1.24164,1.24174,286590000,8
1346296800000,1346297279000,1.24174,1.24194,1.24168,1.24186,494000000,8
1346297280000,1346297759000,1.24186,1.24195,1.2417,1.24187,383910000,8
1346297760000,1346298239000,1.24187,1.24203,1.24174,1.24192,192920000,8
1346298240000,1346298719000,1.24192,1.24218,1.24179,1.2421,247790000,8
1346298720000,1346299199000,1.2421,1.24224,1.24205,1.24205,168220000,8
1346299200000,1346299679000,1.24205,1.24218,1.24197,1.24204,299650000,8
1346299680000,1346300159000,1.24204,1.24204,1.24187,1.24189,146380000,8
1346300160000,1346300639000,1.24198,1.24202,1.2418,1.24192,287400000,8
1346300640000,1346301119000,1.2419,1.24196,1.24185,1.24191,144210000,8
1346301120000,1346301599000,1.24195,1.24195,1.24183,1.24192,110770000,8
1346301600000,1346302079000,1.24192,1.24208,1.24183,1.24183,234950000,8
1346302080000,1346302559000,1.24183,1.24206,1.24178,1.24186,256950000,8
1346302560000,1346303039000,1.24189,1.2419,1.24167,1.24189,358710000,8
1346303040000,1346303519000,1.2419,1.24265,1.24184,1.24236,901010000,8
1346303520000,1346303999000,1.24235,1.24237,1.24185,1.24215,611460000,8
1346304000000,1346304479000,1.24215,1.24233,1.24178,1.24209,709940000,8
1346304480000,1346304959000,1.24209,1.24223,1.24193,1.24206,399100000,8
1346304960000,1346305439000,1.24206,1.24286,1.24206,1.24274,631980000,8
1346305440000,1346305919000,1.24275,1.24314,1.24245,1.24299,973670000,8
1346305920000,1346306399000,1.24295,1.24298,1.24232,1.2426,990910000,8
1346306400000,1346306879000,1.2426,1.24287,1.24242,1.24263,832260000,8
1346306880000,1346307359000,1.24263,1.24325,1.24258,1.2429,786580000,8
1346307360000,1346307839000,1.24289,1.24292,1.24245,1.24283,656280000,8
1346307840000,1346308319000,1.24283,1.24292,1.24238,1.24241,620740000,8
1346308320000,1346308799000,1.2424,1.24343,1.24227,1.2432,1006270000,8
1346308800000,1346309279000,1.24314,1.24333,1.24262,1.24283,755860000,8
1346309280000,1346309759000,1.24283,1.24302,1.24265,1.2429,560570000,8
1346309760000,1346310239000,1.2429,1.24304,1.24257,1.24276,512940000,8
1346310240000,1346310719000,1.24276,1.24284,1.24232,1.24244,1083410000,8
1346310720000,1346311199000,1.24242,1.24278,1.2423,1.24243,1079900000,8
1346311200000,1346311679000,1.24243,1.24269,1.24221,1.2423,1168910000,8
1346311680000,1346312159000,1.24232,1.24276,1.24231,1.24269,893530000,8
1346312160000,1346312639000,1.24268,1.24276,1.24229,1.24253,846040000,8
1346312640000,1346313119000,1.24256,1.24287,1.24232,1.2428,964290000,8
1346313120000,1346313599000,1.2428,1.24329,1.24276,1.24311,1101290000,8
1346313600000,1346314079000,1.2431,1.24376,1.24296,1.24361,974270000,8
1346314080000,1346314559000,1.24363,1.24411,1.24345,1.24361,1201230000,8
1346314560000,1346315039000,1.24361,1.24401,1.24345,1.24345,1176280000,8
1346315040000,1346315519000,1.24345,1.24376,1.24328,1.24368,862660000,8
1346315520000,1346315999000,1.24368,1.24417,1.2436,1.24413,1023760000,8
1346316000000,1346316479000,1.24411,1.24465,1.24409,1.24456,998820000,8
1346316480000,1346316959000,1.24457,1.24536,1.24455,1.24534,883070000,8
1346316960000,1346317439000,1.24535,1.24549,1.24445,1.24477,1054240000,8
1346317440000,1346317919000,1.24477,1.24537,1.24469,1.24502,1293020000,8
1346317920000,1346318399000,1.24501,1.24541,1.24481,1.24519,1277470000,8
1346318400000,1346318879000,1.24519,1.24523,1.24457,1.24466,1031130000,8
1346318880000,1346319359000,1.24459,1.2449,1.24434,1.24483,792460000,8
1346319360000,1346319839000,1.24482,1.24494,1.24465,1.24476,740350000,8
1346319840000,1346320319000,1.24476,1.24484,1.24456,1.24482,769360000,8
1346320320000,1346320799000,1.24482,1.24493,1.24467,1.24474,743940000,8
1346320800000,1346321279000,1.24474,1.24486,1.24393,1.24407,1230050000,8
1346321280000,1346321759000,1.24407,1.24431,1.24383,1.2442,1224360000,8
1346321760000,1346322239000,1.24418,1.24424,1.24364,1.24401,1009480000,8
1346322240000,1346322719000,1.24402,1.24428,1.2436,1.24369,719190000,8
1346322720000,1346323199000,1.24372,1.24387,1.24348,1.24371,748910000,8
1346323200000,1346323679000,1.24371,1.24371,1.24339,1.24349,405090000,8
1346323680000,1346324159000,1.24349,1.24356,1.24318,1.24337,608440000,8
1346324160000,1346324639000,1.24334,1.24364,1.24324,1.24342,869040000,8
1346324640000,1346325119000,1.24342,1.24349,1.24322,1.24345,444970000,8
1346325120000,1346325599000,1.24345,1.24358,1.2432,1.24327,738520000,8
1346325600000,1346326079000,1.24327,1.24389,1.24317,1.24383,843310000,8
1346326080000,1346326559000,1.24382,1.24412,1.24373,1.24405,684790000,8
1346326560000,1346327039000,1.24405,1.24442,1.24389,1.24404,829110000,8
1346327040000,1346327519000,1.24403,1.24431,1.24309,1.24324,1068370000,8
1346327520000,1346327999000,1.24327,1.2439,1.24324,1.24371,869040000,8
1346328000000,1346328479000,1.24372,1.24396,1.24314,1.24334,1102070000,8
1346328480000,1346328959000,1.24336,1.24356,1.2429,1.24341,1087250000,8
1346328960000,1346329439000,1.2434,1.24354,1.2431,1.24322,1243090000,8
1346329440000,1346329919000,1.24321,1.24428,1.24315,1.24416,1321660000,8
1346329920000,1346330399000,1.24416,1.24501,1.2438,1.24492,1471140000,8
1346330400000,1346330879000,1.2449,1.24532,1.24445,1.24449,1227990000,8
1346330880000,1346331359000,1.24447,1.24472,1.24383,1.24388,1082000000,8
1346331360000,1346331839000,1.24392,1.24397,1.24328,1.24362,1461230000,8
1346331840000,1346332319000,1.24359,1.24441,1.24336,1.24359,1465700000,8
1346332320000,1346332799000,1.24357,1.24385,1.24336,1.24336,1196280000,8
1346332800000,1346333279000,1.24336,1.24352,1.24322,1.24334,902090000,8
1346333280000,1346333759000,1.24336,1.24357,1.24304,1.24339,1326370000,8
1346333760000,1346334239000,1.24339,1.24356,1.24296,1.2431,1305960000,8
1346334240000,1346334719000,1.2431,1.24346,1.24303,1.24332,1440330000,8
1346334720000,1346335199000,1.24332,1.24345,1.243,1.24345,1320700000,8
1346335200000,1346335679000,1.24345,1.24456,1.24334,1.24443,1459760000,8
1346335680000,1346336159000,1.2444,1.24482,1.24437,1.24475,1426200000,8
1346336160000,1346336639000,1.24473,1.24479,1.24413,1.24428,1570560000,8
1346336640000,1346337119000,1.24426,1.24434,1.24293,1.2431,1904580000,8
1346337120000,1346337599000,1.24312,1.24349,1.24193,1.24199,1834180000,8
1346337600000,1346338079000,1.24196,1.24202,1.24088,1.24129,2271730000,8
1346338080000,1346338559000,1.2413,1.2414,1.24027,1.24071,1940570000,8
1346338560000,1346339039000,1.24072,1.24134,1.23997,1.24124,1858550000,8
1346339040000,1346339519000,1.24124,1.24127,1.24035,1.2404,1296940000,8
1346339520000,1346339999000,1.2404,1.24053,1.24002,1.24053,1362630000,8
1346340000000,1346340479000,1.24051,1.2409,1.24021,1.24046,1156610000,8
1346340480000,1346340959000,1.24047,1.24107,1.24047,1.24062,1338710000,8
1346340960000,1346341439000,1.24062,1.24083,1.24019,1.24074,1255610000,8
1346341440000,1346341919000,1.24074,1.24088,1.24032,1.24068,897630000,8
1346341920000,1346342399000,1.24071,1.24123,1.24034,1.24043,1178970000,8
1346342400000,1346342879000,1.24044,1.24078,1.24024,1.24047,1197970000,8
1346342880000,1346343359000,1.24049,1.24068,1.24036,1.24058,597280000,8
1346343360000,1346343839000,1.24063,1.24077,1.24044,1.24075,460570000,8
1346343840000,1346344319000,1.24075,1.24099,1.24058,1.24078,836480000,8
1346344320000,1346344799000,1.2408,1.2411,1.24066,1.24099,674780000,8
1346344800000,1346345279000,1.24103,1.24105,1.24054,1.24062,710530000,8
1346345280000,1346345759000,1.24064,1.24089,1.24054,1.24082,594110000,8
1346345760000,1346346239000,1.24087,1.24109,1.24084,1.2409,794530000,8
1346346240000,1346346719000,1.2409,1.24104,1.2408,1.24101,369670000,8
1346346720000,1346347199000,1.24099,1.2412,1.24074,1.24078,425060000,8
1346347200000,1346347679000,1.24075,1.2411,1.24074,1.24105,469510000,8
1346347680000,1346348159000,1.24105,1.24114,1.24035,1.24045,494470000,8
1346348160000,1346348639000,1.24045,1.24076,1.24012,1.24073,471150000,8
1346348640000,1346349119000,1.24073,1.2411,1.2405,1.24107,445070000,8
1346349120000,1346349599000,1.24104,1.24115,1.24061,1.24069,560840000,8
1346349600000,1346350079000,1.24067,1.24099,1.24042,1.24085,772840000,8
1346350080000,1346350559000,1.24085,1.24099,1.24068,1.24082,641940000,8
1346350560000,1346351039000,1.24082,1.24093,1.24063,1.24082,351040000,8
1346351040000,1346351519000,1.24082,1.24096,1.24072,1.24087,231000000,8
1346351520000,1346351999000,1.24087,1.24105,1.24078,1.24101,329250000,8
1346352000000,1346352479000,1.24101,1.24127,1.24091,1.24116,295970000,8
1346352480000,1346352959000,1.24113,1.24133,1.24094,1.24133,524540000,8
1346352960000,1346353439000,1.24129,1.24146,1.24113,1.24113,622920000,8
1346353440000,1346353919000,1.24114,1.2414,1.24093,1.2411,489670000,8
1346353920000,1346354399000,1.2411,1.2416,1.24102,1.24124,498070000,8
1346354400000,1346354879000,1.24126,1.24139,1.24117,1.24124,352490000,8
1346354880000,1346355359000,1.24123,1.24126,1.24096,1.24115,608330000,8
1346355360000,1346355839000,1.24117,1.2413,1.24103,1.24107,333010000,8
1346355840000,1346356319000,1.24106,1.24137,1.24094,1.24111,617690000,8
1346356320000,1346356799000,1.24111,1.24139,1.24096,1.24115,651020000,8
1346356800000,1346357279000,1.24119,1.24125,1.24095,1.24116,368820000,8
1346357280000,1346357759000,1.24118,1.24129,1.24085,1.24111,339380000,8
1346357760000,1346358239000,1.24109,1.24127,1.2409,1.24099,269510000,8
1346358240000,1346358719000,1.24099,1.24127,1.24097,1.24111,206640000,8
1346358720000,1346359199000,1.24111,1.24121,1.24091,1.24101,256320000,8
1346359200000,1346359679000,1.24104,1.24105,1.24074,1.24086,174720000,8
1346359680000,1346360159000,1.24085,1.24123,1.2408,1.24117,203540000,8
1346360160000,1346360639000,1.24116,1.24121,1.24063,1.24095,214260000,8
1346360640000,1346361119000,1.24077,1.24129,1.24077,1.24111,441760000,8
1346361120000,1346361599000,1.24104,1.24135,1.2409,1.24116,364910000,8
1346361600000,1346362079000,1.24116,1.2414,1.24104,1.24121,184500000,8
1346362080000,1346362559000,1.24114,1.24138,1.24108,1.24127,133570000,8
1346362560000,1346363039000,1.24119,1.24134,1.24105,1.24112,221360000,8
1346363040000,1346363519000,1.24112,1.24148,1.241,1.24101,483790000,8
1346363520000,1346363999000,1.24101,1.2413,1.24101,1.24103,254160000,8
1346364000000,1346364479000,1.24103,1.24115,1.24081,1.2411,188790000,8
1346364480000,1346364959000,1.2411,1.24115,1.24084,1.24103,186910000,8
1346364960000,1346365439000,1.24103,1.24115,1.2408,1.24092,226500000,8
1346365440000,1346365919000,1.24097,1.24104,1.24081,1.24085,273750000,8
1346365920000,1346366399000,1.24085,1.24097,1.24074,1.24097,165750000,8
1346366400000,1346366879000,1.24096,1.24103,1.24089,1.24091,164250000,8
1346366880000,1346367359000,1.24093,1.24131,1.24089,1.24129,147380000,8
1346367360000,1346367839000,1.24129,1.24154,1.24123,1.24126,192330000,8
1346367840000,1346368319000,1.24132,1.24149,1.24119,1.24119,296180000,8
1346368320000,1346368799000,1.2412,1.24142,1.24112,1.24137,201750000,8
1346368800000,1346369279000,1.24136,1.24147,1.24124,1.24142,234760000,8
1346369280000,1346369759000,1.24145,1.24187,1.24145,1.24172,177260000,8
1346369760000,1346370239000,1.24174,1.24177,1.24144,1.24144,178430000,8
1346370240000,1346370719000,1.24143,1.24201,1.24139,1.2419,354380000,8
1346370720000,1346371199000,1.24194,1.24203,1.24179,1.24196,264460000,8
1346371200000,1346371679000,1.24196,1.24241,1.24196,1.24221,439220000,8
1346371680000,1346372159000,1.24215,1.24215,1.24194,1.24202,328330000,8
1346372160000,1346372639000,1.24199,1.24199,1.24164,1.24173,205810000,8
1346372640000,1346373119000,1.24175,1.24229,1.24169,1.24224,473340000,8
1346373120000,1346373599000,1.24223,1.24226,1.2418,1.2418,334470000,8
1346373600000,1346374079000,1.2418,1.24225,1.24178,1.24205,441020000,8
1346374080000,1346374559000,1.24204,1.2426,1.24189,1.24249,505110000,8
1346374560000,1346375039000,1.24249,1.24253,1.24162,1.24194,600740000,8
1346375040000,1346375519000,1.24194,1.24211,1.24179,1.2418,452670000,8
1346375520000,1346375999000,1.2418,1.24207,1.24177,1.24177,352130000,8
1346376000000,1346376479000,1.24174,1.24214,1.24174,1.24198,295780000,8
1346376480000,1346376959000,1.24197,1.24225,1.24189,1.24217,312500000,8
1346376960000,1346377439000,1.24217,1.24225,1.24208,1.24213,351750000,8
1346377440000,1346377919000,1.24211,1.24228,1.24195,1.24206,370500000,8
1346377920000,1346378399000,1.24208,1.24212,1.24189,1.24212,282610000,8
1346378400000,1346378879000,1.24215,1.24217,1.24187,1.2419,331620000,8
1346378880000,1346379359000,1.2419,1.242,1.24167,1.24193,367590000,8
1346379360000,1346379839000,1.24193,1.2422,1.24176,1.24207,303750000,8
1346379840000,1346380319000,1.24205,1.2421,1.24191,1.24207,140440000,8
1346380320000,1346380799000,1.24208,1.24213,1.24178,1.24196,144000000,8
1346380800000,1346381279000,1.24196,1.24217,1.24193,1.24195,229500000,8
1346381280000,1346381759000,1.24195,1.24198,1.24169,1.24176,195000000,8
1346381760000,1346382239000,1.24176,1.24193,1.24172,1.24178,187690000,8
1346382240000,1346382719000,1.24174,1.24214,1.24174,1.24201,211690000,8
1346382720000,1346383199000,1.24203,1.24213,1.24196,1.24207,79240000,8
1346383200000,1346383679000,1.24207,1.24218,1.24204,1.24208,205160000,8
1346383680000,1346384159000,1.24209,1.24211,1.24174,1.24176,381610000,8
1346384160000,1346384639000,1.24177,1.24189,1.24176,1.24184,118480000,8
1346384640000,1346385119000,1.24184,1.24186,1.24172,1.24175,97910000,8
1346385120000,1346385599000,1.24179,1.2418,1.24163,1.24166,154330000,8
1346385600000,1346386079000,1.24166,1.24182,1.24161,1.24163,257860000,8
1346386080000,1346386559000,1.24163,1.24176,1.24151,1.24155,196580000,8
1346386560000,1346387039000,1.24153,1.24168,1.2415,1.24163,182830000,8
1346387040000,1346387519000,1.24163,1.24167,1.24143,1.24147,191640000,8
1346387520000,1346387999000,1.24147,1.24161,1.24134,1.24138,180750000,8
1346388000000,1346388479000,1.24135,1.24143,1.2413,1.24138,109180000,8
1346388480000,1346388959000,1.24138,1.24151,1.24134,1.24148,165020000,8
1346388960000,1346389439000,1.24148,1.24159,1.24102,1.24113,464020000,8
1346389440000,1346389919000,1.24113,1.2412,1.24075,1.24109,402740000,8
1346389920000,1346390399000,1.24109,1.2412,1.24101,1.24108,156220000,8
1346390400000,1346390879000,1.24109,1.24112,1.24031,1.24081,716040000,8
1346390880000,1346391359000,1.24081,1.24108,1.2408,1.24082,309890000,8
1346391360000,1346391839000,1.24084,1.24085,1.24065,1.24075,279100000,8
1346391840000,1346392319000,1.24073,1.24091,1.24038,1.24046,405750000,8
1346392320000,1346392799000,1.24046,1.24081,1.24035,1.24063,475130000,8
1346392800000,1346393279000,1.24067,1.24067,1.23943,1.2396,776710000,8
1346393280000,1346393759000,1.23964,1.2402,1.23951,1.24009,494230000,8
1346393760000,1346394239000,1.24009,1.24029,1.24003,1.24022,416320000,8
1346394240000,1346394719000,1.24022,1.24043,1.24002,1.24037,388230000,8
1346394720000,1346395199000,1.24037,1.24112,1.24008,1.24101,866610000,8
1346395200000,1346395679000,1.241,1.24102,1.24066,1.24074,605050000,8
1346395680000,1346396159000,1.24072,1.2408,1.2404,1.24054,742500000,8
1346396160000,1346396639000,1.24054,1.2409,1.24027,1.24037,779820000,8
1346396640000,1346397119000,1.24037,1.24053,1.24014,1.24045,964130000,8
1346397120000,1346397599000,1.24047,1.24071,1.24035,1.2405,1001780000,8
1346397600000,1346398079000,1.24049,1.2408,1.24045,1.24048,1158860000,8
1346398080000,1346398559000,1.2405,1.24083,1.24031,1.2407,1099070000,8
1346398560000,1346399039000,1.2407,1.24094,1.24057,1.24085,855620000,8
1346399040000,1346399519000,1.24086,1.24098,1.24065,1.24078,880540000,8
1346399520000,1346399999000,1.24078,1.24113,1.24074,1.24101,702770000,8
1346400000000,1346400479000,1.24103,1.24175,1.24103,1.24152,1292530000,8
1346400480000,1346400959000,1.24151,1.24163,1.24123,1.24155,1105250000,8
1346400960000,1346401439000,1.24154,1.2417,1.24137,1.2417,726330000,8
1346401440000,1346401919000,1.24167,1.24212,1.24157,1.24203,1110480000,8
1346401920000,1346402399000,1.24205,1.24228,1.24174,1.24194,997420000,8
1346402400000,1346402879000,1.24194,1.24275,1.24192,1.2427,1040490000,8
1346402880000,1346403359000,1.2427,1.24367,1.24259,1.24334,1381500000,8
1346403360000,1346403839000,1.24336,1.24491,1.24325,1.24401,1820890000,8
1346403840000,1346404319000,1.24397,1.24465,1.2438,1.24416,1418090000,8
1346404320000,1346404799000,1.24413,1.24458,1.24404,1.24434,1284490000,8
1346404800000,1346405279000,1.24432,1.24493,1.24424,1.24488,1151350000,8
1346405280000,1346405759000,1.24486,1.24577,1.24478,1.24536,1659770000,8
1346405760000,1346406239000,1.24536,1.24645,1.24515,1.24616,1546730000,8
1346406240000,1346406719000,1.24616,1.24618,1.24545,1.24559,1040660000,8
1346406720000,1346407199000,1.24559,1.24588,1.24543,1.24552,894840000,8
1346407200000,1346407679000,1.24553,1.24595,1.2453,1.24535,1048050000,8
1346407680000,1346408159000,1.24536,1.24644,1.24523,1.24626,1410380000,8
1346408160000,1346408639000,1.24626,1.24685,1.24606,1.2466,1067440000,8
1346408640000,1346409119000,1.2466,1.24724,1.24654,1.24666,1219330000,8
1346409120000,1346409599000,1.24663,1.24693,1.2461,1.24625,1520960000,8
1346409600000,1346410079000,1.24623,1.24713,1.24577,1.24626,1966890000,8
1346410080000,1346410559000,1.24627,1.24672,1.24601,1.24656,1313030000,8
1346410560000,1346411039000,1.24656,1.24664,1.24576,1.2458,1252270000,8
1346411040000,1346411519000,1.24578,1.24651,1.24576,1.24613,1104930000,8
1346411520000,1346411999000,1.24613,1.2462,1.24561,1.24595,1008980000,8
1346412000000,1346412479000,1.24596,1.24618,1.24581,1.24587,853600000,8
1346412480000,1346412959000,1.24589,1.24667,1.24588,1.24611,1020380000,8
1346412960000,1346413439000,1.24611,1.24654,1.24587,1.24639,1107000000,8
1346413440000,1346413919000,1.2464,1.24654,1.24604,1.24619,783870000,8
1346413920000,1346414399000,1.24619,1.24703,1.24616,1.24697,976630000,8
1346414400000,1346414879000,1.24695,1.24862,1.24681,1.24856,1445610000,8
1346414880000,1346415359000,1.24854,1.24903,1.24805,1.24821,2128480000,8
1346415360000,1346415839000,1.24817,1.24878,1.24792,1.2486,1775770000,8
1346415840000,1346416319000,1.24862,1.24927,1.24627,1.24683,1647380000,8
1346416320000,1346416799000,1.2468,1.24695,1.24499,1.24503,2180010000,8
1346416800000,1346417279000,1.24503,1.24571,1.24491,1.24492,1654580000,8
1346417280000,1346417759000,1.24492,1.2452,1.2444,1.24474,1448860000,8
1346417760000,1346418239000,1.24476,1.2452,1.24456,1.24512,1566470000,8
1346418240000,1346418719000,1.24514,1.24545,1.24457,1.24458,1575540000,8
1346418720000,1346419199000,1.2446,1.24619,1.24445,1.24606,1671230000,8
1346419200000,1346419679000,1.24607,1.24633,1.24533,1.24566,1166120000,8
1346419680000,1346420159000,1.24565,1.24591,1.2449,1.2449,1575810000,8
1346420160000,1346420639000,1.2449,1.24516,1.24457,1.24475,1315760000,8
1346420640000,1346421119000,1.24472,1.24545,1.24462,1.24476,1741010000,8
1346421120000,1346421599000,1.24477,1.24531,1.24424,1.24455,1693340000,8
1346421600000,1346422079000,1.24447,1.24487,1.24322,1.24402,3029300000,8
1346422080000,1346422559000,1.24406,1.24413,1.24275,1.24276,2842800000,8
1346422560000,1346423039000,1.24276,1.24671,1.24271,1.24532,2927040000,8
1346423040000,1346423519000,1.24531,1.24543,1.24241,1.24263,2822570000,8
1346423520000,1346423999000,1.24263,1.24387,1.24247,1.24277,2593750000,8
1346424000000,1346424479000,1.24281,1.24316,1.24234,1.2426,2330090000,8
1346424480000,1346424959000,1.24262,1.24357,1.24227,1.24264,2068460000,8
1346424960000,1346425439000,1.24263,1.24445,1.24211,1.24356,2594720000,8
1346425440000,1346425919000,1.24355,1.24403,1.24228,1.24252,2267310000,8
1346425920000,1346426399000,1.24252,1.2429,1.2418,1.24218,1444780000,8
1346426400000,1346426879000,1.24216,1.24242,1.24117,1.24156,1620180000,8
1346426880000,1346427359000,1.24161,1.2417,1.24077,1.24083,1702170000,8
1346427360000,1346427839000,1.24083,1.2415,1.24063,1.24106,1185410000,8
1346427840000,1346428319000,1.24102,1.24143,1.2408,1.24089,1011860000,8
1346428320000,1346428799000,1.24089,1.24114,1.24021,1.24041,1066400000,8
1346428800000,1346429279000,1.24043,1.24054,1.23944,1.24008,1337680000,8
1346429280000,1346429759000,1.24004,1.24028,1.23908,1.23942,1418140000,8
1346429760000,1346430239000,1.23942,1.23981,1.23913,1.23935,831570000,8
1346430240000,1346430719000,1.23932,1.23951,1.23907,1.23931,711730000,8
1346430720000,1346431199000,1.23933,1.23969,1.23921,1.23927,767990000,8
1346431200000,1346431679000,1.23928,1.23929,1.23869,1.23909,513720000,8
1346431680000,1346432159000,1.23909,1.23921,1.23899,1.23912,583750000,8
1346432160000,1346432639000,1.23909,1.23989,1.23904,1.23943,884740000,8
1346432640000,1346433119000,1.23941,1.23991,1.23898,1.23921,764520000,8
1346433120000,1346433599000,1.23918,1.23963,1.23897,1.23954,871420000,8
1346433600000,1346434079000,1.23952,1.23996,1.23952,1.2399,515690000,8
1346434080000,1346434559000,1.23988,1.23991,1.23922,1.23957,484940000,8
1346434560000,1346435039000,1.23955,1.23967,1.23943,1.23955,279090000,8
1346435040000,1346435519000,1.23955,1.23998,1.2395,1.23977,460980000,8
1346435520000,1346435999000,1.23975,1.2399,1.23923,1.23925,613030000,8
1346436000000,1346436479000,1.23928,1.23961,1.23914,1.2395,622400000,8
1346436480000,1346436959000,1.23945,1.23952,1.23912,1.23919,568890000,8
1346436960000,1346437439000,1.23917,1.23945,1.23907,1.23911,898580000,8
1346437440000,1346437919000,1.23914,1.23943,1.23888,1.2393,717000000,8
1346437920000,1346438399000,1.2393,1.23968,1.23914,1.23962,604570000,8
1346438400000,1346438879000,1.23962,1.24002,1.23952,1.23985,450340000,8
1346438880000,1346439359000,1.2398,1.24004,1.23947,1.23964,633660000,8
1346439360000,1346439839000,1.23966,1.23996,1.23937,1.23952,979470000,8
1346439840000,1346440319000,1.23951,1.23985,1.23947,1.23961,487500000,8
1346440320000,1346440799000,1.23961,1.23982,1.23951,1.23976,332630000,8
1346440800000,1346441279000,1.2398,1.24047,1.2398,1.24015,454500000,8
1346441280000,1346441759000,1.24017,1.24054,1.23988,1.24004,460850000,8
1346441760000,1346442239000,1.24004,1.24074,1.24002,1.24047,730380000,8
1346442240000,1346442719000,1.24047,1.24074,1.24025,1.24051,761480000,8
1346442720000,1346443199000,1.24049,1.24056,1.23965,1.23979,1098300000,8
1346443200000,1346443679000,1.2398,1.24036,1.23954,1.24009,560800000,8
1346443680000,1346444159000,1.24009,1.24033,1.23973,1.23976,374910000,8
1346444160000,1346444639000,1.23976,1.23994,1.23959,1.23963,259140000,8
1346444640000,1346445119000,1.23961,1.23969,1.23941,1.23954,240200000,8
1346445120000,1346445599000,1.23952,1.2397,1.23924,1.23935,296320000,8
1346445600000,1346446079000,1.23935,1.24022,1.23913,1.23926,424080000,8
1346446080000,1346446559000,1.23923,1.23993,1.23883,1.23963,424680000,8
1346446560000,1346447039000,1.23961,1.24025,1.23941,1.24025,184130000,8
1346447040000,1346447519000,1.24025,1.24025,1.24025,1.24025,0,8
1346447520000,1346447999000,1.24025,1.24025,1.24025,1.24025,0,8
1346448000000,1346448479000,1.24025,1.24025,1.24025,1.24025,0,8
1346448480000,1346448959000,1.24025,1.24025,1.24025,1.24025,0,8
1346448960000,1346449439000,1.24025,1.24025,1.24025,1.24025,0,8
1346449440000,1346449919000,1.24025,1.24025,1.24025,1.24025,0,8
1346449920000,1346450399000,1.24025,1.24025,1.24025,1.24025,0,8
1346450400000,1346450879000,1.24025,1.24025,1.24025,1.24025,0,8
1346450880000,1346451359000,1.24025,1.24025,1.24025,1.24025,0,8
1346451360000,1346451839000,1.24025,1.24025,1.24025,1.24025,0,8
1346451840000,1346452319000,1.24025,1.24025,1.24025,1.24025,0,8
1346452320000,1346452799000,1.24025,1.24025,1.24025,1.24025,0,8
1346452800000,1346453279000,1.24025,1.24025,1.24025,1.24025,0,8
1346453280000,1346453759000,1.24025,1.24025,1.24025,1.24025,0,8
1346453760000,1346454239000,1.24025,1.24025,1.24025,1.24025,0,8
1346454240000,1346454719000,1.24025,1.24025,1.24025,1.24025,0,8
1346454720000,1346455199000,1.24025,1.24025,1.24025,1.24025,0,8
1346455200000,1346455679000,1.24025,1.24025,1.24025,1.24025,0,8
1346455680000,1346456159000,1.24025,1.24025,1.24025,1.24025,0,8
1346456160000,1346456639000,1.24025,1.24025,1.24025,1.24025,0,8
1346456640000,1346457119000,1.24025,1.24025,1.24025,1.24025,0,8
1346457120000,1346457599000,1.24025,1.24025,1.24025,1.24025,0,8
