openEpochMillis,closeEpochMillis,open,high,low,close,volume,sourceBars
1183324800000,1183325279000,115.72,115.72,115.575,115.6,483300000,8
1183325280000,1183325759000,115.61,115.73,115.6,115.73,217600000,8
1183331040000,1183331519000,115.87,115.89,115.84,115.85,180800000,8
1183331520000,1183331999000,115.87,115.88,115.73,115.75,858100000,8
1183332000000,1183332479000,115.76,115.765,115.64,115.675,1698100000,8
1183332480000,1183332959000,115.68,115.705,115.64,115.695,1321100000,8
1183332960000,1183333439000,115.695,115.74,115.67,115.73,547300000,8
1183333920000,1183334399000,115.78,115.92,115.755,115.89,1919000000,8
1183334400000,1183334879000,115.89,115.96,115.84,115.95,1829000000,8
1183334880000,1183335359000,115.95,115.95,115.85,115.85,1177000000,8
1183335360000,1183335839000,115.85,115.91,113.25,115.91,256000000,8
1183335840000,1183336319000,115.91,115.92,115.85,115.86,790000000,8
1183336320000,1183336799000,115.865,115.95,115.84,115.93,1455000000,8
1183336800000,1183337279000,115.93,115.96,115.88,115.945,898000000,8
1183337280000,1183337759000,115.95,116.0,115.89,115.93,1187000000,8
1183337760000,1183338239000,115.93,115.95,115.87,115.91,894000000,8
1183338240000,1183338719000,115.91,115.91,115.85,115.9,1174000000,8
1183338720000,1183339199000,115.9,115.9,115.79,115.83,614000000,8
1183339200000,1183339679000,115.83,115.87,115.79,115.86,485000000,8
1183339680000,1183340159000,115.86,115.86,115.82,115.85,435000000,8
1183340160000,1183340639000,115.85,115.87,115.8,115.865,409000000,8
1183340640000,1183341119000,115.865,115.89,115.84,115.86,433000000,8
1183341120000,1183341599000,115.86,115.91,113.26,115.91,299000000,8
1183341600000,1183342079000,115.91,115.91,115.89,115.91,511000000,8
1183342080000,1183342559000,115.91,115.96,115.85,115.9,986000000,8
1183342560000,1183343039000,115.905,115.99,115.89,115.93,1175000000,8
1183343040000,1183343519000,115.925,115.94,115.85,115.92,997000000,8
1183343520000,1183343999000,115.92,115.93,115.89,115.91,634000000,8
1183344000000,1183344479000,115.91,115.93,115.86,115.93,419000000,8
1183344480000,1183344959000,115.93,115.93,115.86,115.875,623000000,8
1183344960000,1183345439000,115.88,115.89,115.8,115.84,510000000,8
1183345440000,1183345919000,115.84,115.88,115.81,115.875,545000000,8
1183345920000,1183346399000,115.875,115.9,115.875,115.9,371000000,8
1183346400000,1183346879000,115.9,115.9,113.25,115.89,212000000,8
1183346880000,1183347359000,115.89,115.9,113.25,115.89,80000000,8
1183347360000,1183347839000,115.89,115.9,115.81,115.83,555000000,8
1183347840000,1183348319000,115.83,115.86,115.79,115.84,363000000,8
1183348320000,1183348799000,115.84,115.87,115.77,115.77,906000000,8
1183348800000,1183349279000,115.77,115.8,115.71,115.75,829000000,8
1183349280000,1183349759000,115.75,115.85,115.74,115.81,1095000000,8
1183349760000,1183350239000,115.81,115.81,115.76,115.8,585000000,8
1183350240000,1183350719000,115.8,115.83,115.759,115.82,217000000,8
1183350720000,1183351199000,115.82,115.83,115.74,115.803,432000000,8
1183351200000,1183351679000,115.81,115.81,113.25,115.81,339000000,8
1183351680000,1183352159000,115.795,115.82,115.78,115.8,397000000,8
1183352160000,1183352639000,115.8,115.81,115.76,115.79,290000000,8
1183352640000,1183353119000,115.79,115.8,115.75,115.77,319000000,8
1183353120000,1183353599000,115.77,115.79,115.76,115.79,218000000,8
1183353600000,1183354079000,115.79,115.79,115.72,115.77,286000000,8
1183354080000,1183354559000,115.76,115.81,115.72,115.79,495000000,8
1183354560000,1183355039000,115.78,115.84,115.75,115.75,810000000,8
1183355040000,1183355519000,115.75,115.83,113.25,115.82,466000000,8
1183355520000,1183355999000,115.82,115.84,115.75,115.81,1106000000,8
1183356000000,1183356479000,115.81,115.93,115.79,115.9,1359000000,8
1183356480000,1183356959000,115.88,115.93,115.73,115.73,2158000000,8
1183356960000,1183357439000,115.73,115.83,115.695,115.82,1750000000,8
1183357440000,1183357919000,115.82,115.84,115.75,115.84,1669000000,8
1183357920000,1183358399000,115.84,115.87,115.675,115.75,2138000000,8
1183358400000,1183358879000,115.75,115.76,115.62,115.71,2658000000,8
1183358880000,1183359359000,115.71,115.74,115.58,115.71,3363000000,8
1183359360000,1183359839000,115.705,115.76,115.63,115.755,3148000000,8
1183359840000,1183360319000,115.755,115.8,115.75,115.78,1733000000,8
1183360320000,1183360799000,115.78,115.79,115.42,115.57,2955000000,8
1183360800000,1183361279000,115.57,115.61,115.495,115.56,1915000000,8
1183361280000,1183361759000,115.56,115.58,115.52,115.575,1702000000,8
1183361760000,1183362239000,115.58,115.61,115.46,115.55,3158000000,8
1183362240000,1183362719000,115.55,115.55,115.39,115.405,2942000000,8
1183362720000,1183363199000,115.405,115.53,115.38,115.53,2401000000,8
1183363200000,1183363679000,115.53,115.53,115.38,115.52,3818000000,8
1183363680000,1183364159000,115.52,115.54,115.42,115.53,3106000000,8
1183364160000,1183364639000,115.53,115.71,115.465,115.67,2229000000,8
1183364640000,1183365119000,115.67,115.69,115.56,115.66,2256000000,8
1183365120000,1183365599000,115.66,115.67,115.6,115.67,1291000000,8
1183365600000,1183366079000,115.67,115.68,115.485,115.56,2528000000,8
1183366080000,1183366559000,115.56,115.61,115.48,115.61,2267000000,8
1183366560000,1183367039000,115.61,115.71,115.575,115.62,1952000000,8
1183367040000,1183367519000,115.62,115.64,115.58,115.59,1477000000,8
1183367520000,1183367999000,115.6,115.65,115.57,115.64,770000000,8
1183368000000,1183368479000,115.64,115.75,115.61,115.69,1805000000,8
1183368480000,1183368959000,115.69,115.82,115.65,115.79,3563000000,8
1183368960000,1183369439000,115.77,115.83,115.615,115.765,2169000000,8
1183369440000,1183369919000,115.765,115.81,115.71,115.79,1949000000,8
1183369920000,1183370399000,115.79,115.79,115.51,115.56,3897000000,8
1183370400000,1183370879000,115.56,115.66,115.51,115.65,2716000000,8
1183370880000,1183371359000,115.64,115.67,115.59,115.65,2127000000,8
1183371360000,1183371839000,115.66,115.73,115.62,115.66,2004000000,8
1183371840000,1183372319000,115.66,115.66,115.54,115.62,2013000000,8
1183372320000,1183372799000,115.62,115.62,115.38,115.555,2236000000,8
1183372800000,1183373279000,115.54,115.64,115.49,115.57,2922000000,8
1183373280000,1183373759000,115.57,115.65,115.55,115.595,979000000,8
1183373760000,1183374239000,115.595,115.64,115.49,115.63,2634000000,8
1183374240000,1183374719000,115.63,115.76,115.54,115.7,2378000000,8
1183374720000,1183375199000,115.7,115.71,115.59,115.68,1132000000,8
1183375200000,1183375679000,115.68,115.86,115.64,115.79,1804000000,8
1183375680000,1183376159000,115.79,115.85,115.72,115.8,2459000000,8
1183376160000,1183376639000,115.8,115.9,115.74,115.86,1853000000,8
1183376640000,1183377119000,115.86,115.89,115.78,115.86,2270000000,8
1183377120000,1183377599000,115.86,115.89,115.78,115.81,2279000000,8
1183377600000,1183378079000,115.81,115.85,115.76,115.835,2287000000,8
1183378080000,1183378559000,115.79,115.84,115.695,115.76,1534000000,8
1183378560000,1183379039000,115.76,115.85,115.71,115.8,2952000000,8
1183379040000,1183379519000,115.8,115.82,115.7,115.8,1761000000,8
1183379520000,1183379999000,115.8,115.85,115.73,115.83,1286000000,8
1183380000000,1183380479000,115.83,115.84,115.735,115.84,801000000,8
1183380480000,1183380959000,115.84,115.87,115.74,115.81,3644000000,8
1183380960000,1183381439000,115.81,115.87,115.76,115.84,2446000000,8
1183381440000,1183381919000,115.84,115.88,115.76,115.83,2513000000,8
1183381920000,1183382399000,115.83,115.84,115.62,115.715,2884000000,8
1183382400000,1183382879000,115.73,115.83,115.675,115.76,2740000000,8
1183382880000,1183383359000,115.75,115.81,115.69,115.8,3283000000,8
1183383360000,1183383839000,115.8,115.8,115.73,115.79,3083000000,8
1183383840000,1183384319000,115.785,115.88,115.76,115.86,2912000000,8
1183384320000,1183384799000,115.86,115.89,115.73,115.79,2716000000,8
1183384800000,1183385279000,115.8,116.08,115.79,116.02,4276000000,8
1183385280000,1183385759000,116.02,116.03,115.89,115.93,3713000000,8
1183385760000,1183386239000,115.93,115.99,115.79,115.85,4292000000,8
1183386240000,1183386719000,115.835,116.08,115.76,116.025,4733000000,8
1183386720000,1183387199000,116.025,116.04,115.89,115.92,3996000000,8
1183387200000,1183387679000,115.92,115.96,115.87,115.95,2915000000,8
1183387680000,1183388159000,115.95,115.98,115.82,115.95,3230000000,8
1183388160000,1183388639000,115.95,116.18,115.93,116.12,4831000000,8
1183388640000,1183389119000,116.11,116.145,115.97,116.06,2694000000,8
1183389120000,1183389599000,116.06,116.07,115.97,116.01,2528000000,8
1183389600000,1183390079000,116.01,116.06,115.94,116.01,1185000000,8
1183390080000,1183390559000,116.01,116.11,115.93,116.01,3246000000,8
1183390560000,1183391039000,116.01,116.01,115.89,115.94,3176000000,8
1183391040000,1183391519000,115.94,115.96,115.86,115.89,1817000000,8
1183391520000,1183391999000,115.89,115.95,115.83,115.9,1612000000,8
1183392000000,1183392479000,115.9,115.93,115.83,115.9,1087000000,8
1183392480000,1183392959000,115.91,115.93,115.86,115.895,890000000,8
1183392960000,1183393439000,115.895,115.96,115.85,115.88,1419000000,8
1183393440000,1183393919000,115.88,115.9,115.8,115.88,928000000,8
1183393920000,1183394399000,115.88,115.88,115.71,115.71,2136000000,8
1183394400000,1183394879000,115.72,115.75,115.625,115.725,2954000000,8
1183394880000,1183395359000,115.725,115.73,115.65,115.725,1455000000,8
1183395360000,1183395839000,115.72,115.76,115.69,115.71,1550000000,8
1183395840000,1183396319000,115.71,115.76,115.69,115.72,1688000000,8
1183396320000,1183396799000,115.72,115.74,115.65,115.71,1744000000,8
1183396800000,1183397279000,115.72,115.72,115.67,115.68,1440000000,8
1183397280000,1183397759000,115.69,115.8,115.69,115.8,1550000000,8
1183397760000,1183398239000,115.8,115.81,115.65,115.65,903000000,8
1183398240000,1183398719000,115.65,115.75,115.61,115.74,961000000,8
1183398720000,1183399199000,115.74,115.81,115.71,115.75,1383000000,8
1183399200000,1183399679000,115.75,115.77,115.71,115.77,1027000000,8
1183399680000,1183400159000,115.77,115.84,115.72,115.82,1401000000,8
1183400160000,1183400639000,115.82,115.875,115.79,115.81,633000000,8
1183400640000,1183401119000,115.81,115.865,115.785,115.82,756000000,8
1183401120000,1183401599000,115.82,115.86,115.79,115.84,582000000,8
1183401600000,1183402079000,115.84,115.91,115.77,115.91,871000000,8
1183402080000,1183402559000,115.91,115.91,115.82,115.84,328000000,8
1183402560000,1183403039000,115.84,115.85,115.75,115.825,701000000,8
1183403040000,1183403519000,115.825,115.9,115.78,115.885,1340000000,8
1183403520000,1183403999000,115.885,115.89,115.84,115.86,681000000,8
1183404000000,1183404479000,115.86,115.88,115.85,115.875,594000000,8
1183404480000,1183404959000,115.875,115.92,115.86,115.88,740000000,8
1183404960000,1183405439000,115.88,115.93,115.86,115.86,338000000,8
1183405440000,1183405919000,115.87,115.93,115.87,115.875,525000000,8
1183405920000,1183406399000,115.875,115.89,115.86,115.87,757000000,8
1183406400000,1183406879000,115.87,115.9,115.82,115.89,671000000,8
1183406880000,1183407359000,115.89,115.98,115.84,115.96,939000000,8
1183407360000,1183407839000,115.96,115.97,115.87,115.91,490000000,8
1183407840000,1183408319000,115.91,115.98,115.86,115.95,512000000,8
1183408320000,1183408799000,115.95,115.95,115.91,115.915,602000000,8
1183408800000,1183409279000,115.915,115.99,115.88,115.99,325000000,8
1183409280000,1183409759000,115.99,115.99,115.92,115.925,368000000,8
1183409760000,1183410239000,115.925,115.95,115.85,115.89,456000000,8
1183410240000,1183410719000,115.89,115.89,115.81,115.83,157000000,8
1183410720000,1183411199000,115.83,115.875,115.81,115.86,271000000,8
1183411200000,1183411679000,115.86,115.87,115.83,115.85,181000000,8
1183411680000,1183412159000,115.85,115.87,115.82,115.85,107000000,8
1183412160000,1183412639000,115.85,115.89,113.25,113.27,87000000,8
1183412640000,1183413119000,115.88,115.89,115.85,115.86,166000000,8
1183413120000,1183413599000,115.86,116.08,115.805,115.84,412000000,8
1183413600000,1183414079000,115.84,115.97,115.84,115.92,341000000,8
1183414080000,1183414559000,115.9,115.95,115.9,115.94,296000000,8
1183414560000,1183415039000,115.94,116.03,115.86,116.03,427000000,8
1183415040000,1183415519000,116.03,116.04,115.98,115.98,134000000,8
1183415520000,1183415999000,115.98,116.04,115.95,115.96,192000000,8
1183416000000,1183416479000,115.97,115.98,115.93,115.95,418000000,8
1183416480000,1183416959000,115.95,115.95,115.88,115.94,473000000,8
1183416960000,1183417439000,115.94,115.95,115.79,115.875,910000000,8
1183417440000,1183417919000,115.875,115.875,115.72,115.79,674000000,8
1183417920000,1183418399000,115.79,115.795,115.69,115.78,744000000,8
1183418400000,1183418879000,115.78,115.835,115.78,115.78,662000000,8
1183418880000,1183419359000,115.78,115.79,115.73,115.73,669000000,8
1183419360000,1183419839000,115.73,115.74,113.25,115.735,419000000,8
1183419840000,1183420319000,115.735,115.81,115.68,115.775,866000000,8
1183420320000,1183420799000,115.775,115.775,115.68,115.71,667000000,8
1183420800000,1183421279000,115.71,115.765,115.69,115.755,619000000,8
1183421280000,1183421759000,115.76,115.8,115.705,115.78,1141000000,8
1183421760000,1183422239000,115.79,115.85,115.7,115.755,1099000000,8
1183422240000,1183422719000,115.755,115.755,115.64,115.72,1388000000,8
1183422720000,1183423199000,115.73,115.755,115.66,115.69,874000000,8
1183423200000,1183423679000,115.69,115.78,115.67,115.78,572000000,8
1183423680000,1183424159000,115.78,115.81,115.61,115.735,1843000000,8
1183424160000,1183424639000,115.735,115.77,115.68,115.77,573000000,8
1183424640000,1183425119000,115.77,115.78,115.68,115.72,909000000,8
1183425120000,1183425599000,115.72,115.75,115.63,115.685,956000000,8
1183425600000,1183426079000,115.685,115.88,115.67,115.79,1734000000,8
1183426080000,1183426559000,115.79,115.81,115.67,115.72,1249000000,8
1183426560000,1183427039000,115.72,115.75,115.61,115.69,972000000,8
1183427040000,1183427519000,115.69,115.805,115.65,115.79,1014000000,8
1183427520000,1183427999000,115.79,115.79,115.59,115.66,1834000000,8
1183428000000,1183428479000,115.66,115.68,115.63,115.63,815000000,8
1183428480000,1183428959000,115.63,115.66,115.605,115.62,536000000,8
1183428960000,1183429439000,115.62,115.65,115.6,115.64,828000000,8
1183429440000,1183429919000,115.64,115.68,115.61,115.65,706000000,8
1183429920000,1183430399000,115.65,115.7,115.65,115.66,643000000,8
1183430400000,1183430879000,115.665,115.68,115.58,115.63,407000000,8
1183430880000,1183431359000,115.63,115.7,115.63,115.68,1148000000,8
1183431360000,1183431839000,115.69,115.725,115.63,115.725,600000000,8
1183431840000,1183432319000,115.725,115.75,113.25,115.74,405000000,8
1183432320000,1183432799000,115.74,115.76,115.72,115.74,400000000,8
1183432800000,1183433279000,115.74,115.775,115.74,115.765,256000000,8
1183433280000,1183433759000,113.27,115.775,113.26,115.77,336000000,8
1183433760000,1183434239000,115.77,115.85,115.73,115.81,1128000000,8
1183434240000,1183434719000,115.81,115.84,115.79,115.84,394000000,8
1183434720000,1183435199000,115.831,115.84,115.75,115.8,268000000,8
1183435200000,1183435679000,115.771,115.81,113.25,115.81,256000000,8
1183435680000,1183436159000,115.81,115.84,115.8,115.83,600000000,8
1183436160000,1183436639000,115.83,115.87,115.79,115.84,838000000,8
1183436640000,1183437119000,115.84,115.87,115.81,115.82,465000000,8
1183437120000,1183437599000,115.84,115.86,115.82,115.84,544000000,8
1183437600000,1183438079000,115.82,115.91,115.82,115.9,661000000,8
1183438080000,1183438559000,115.9,116.0,115.89,115.975,996000000,8
1183438560000,1183439039000,115.975,115.975,115.89,115.93,1093000000,8
1183439040000,1183439519000,115.93,115.95,115.91,115.93,701000000,8
1183439520000,1183439999000,115.918,115.93,113.25,115.91,189000000,8
1183440000000,1183440479000,115.91,115.92,115.89,115.91,256000000,8
1183440480000,1183440959000,115.91,115.96,115.9,115.93,848000000,8
1183440960000,1183441439000,115.93,115.97,115.9,115.95,920000000,8
1183441440000,1183441919000,115.95,116.01,115.9,115.98,755000000,8
1183441920000,1183442399000,115.98,116.205,115.96,116.17,2037000000,8
1183442400000,1183442879000,116.18,116.225,116.12,116.2,2338000000,8
1183442880000,1183443359000,116.2,116.22,116.035,116.17,2662000000,8
1183443360000,1183443839000,116.17,116.24,116.1,116.24,795000000,8
1183443840000,1183444319000,116.24,116.33,116.2,116.275,1210000000,8
1183444320000,1183444799000,116.275,116.275,116.105,116.18,1688000000,8
1183444800000,1183445279000,116.18,116.19,116.09,116.14,1662000000,8
1183445280000,1183445759000,116.16,116.205,116.1,116.2,771000000,8
1183445760000,1183446239000,116.2,116.21,116.03,116.11,3275000000,8
1183446240000,1183446719000,116.105,116.18,116.04,116.125,2802000000,8
1183446720000,1183447199000,116.12,116.21,116.04,116.12,2149000000,8
1183447200000,1183447679000,116.12,116.12,115.975,116.035,1836000000,8
1183447680000,1183448159000,116.035,116.08,115.96,116.08,2126000000,8
1183448160000,1183448639000,116.08,116.08,115.765,115.82,2647000000,8
1183448640000,1183449119000,115.82,115.85,115.685,115.82,2832000000,8
1183449120000,1183449599000,115.82,115.86,115.71,115.86,2913000000,8
1183449600000,1183450079000,115.86,115.93,115.81,115.92,1414000000,8
1183450080000,1183450559000,115.92,115.93,115.83,115.89,1424000000,8
1183450560000,1183451039000,115.88,115.91,115.835,115.89,2382000000,8
1183451040000,1183451519000,115.89,115.91,115.78,115.78,1668000000,8
1183451520000,1183451999000,115.85,115.91,115.78,115.83,1939000000,8
1183452000000,1183452479000,115.825,115.85,115.79,115.83,1429000000,8
1183452480000,1183452959000,115.83,115.88,115.78,115.86,1830000000,8
1183452960000,1183453439000,115.86,115.88,115.765,115.805,1449000000,8
1183453440000,1183453919000,115.78,115.81,115.73,115.78,1821000000,8
1183453920000,1183454399000,115.78,115.79,115.71,115.72,1218000000,8
1183454400000,1183454879000,115.72,115.74,115.66,115.68,810000000,8
1183454880000,1183455359000,115.68,115.73,115.67,115.69,1355000000,8
1183455360000,1183455839000,115.69,115.74,115.665,115.73,697000000,8
1183455840000,1183456319000,115.73,115.74,115.69,115.7,1239000000,8
1183456320000,1183456799000,115.7,115.74,115.67,115.73,981000000,8
1183456800000,1183457279000,115.73,115.79,115.68,115.72,1924000000,8
1183457280000,1183457759000,115.71,115.74,115.705,115.73,552000000,8
1183457760000,1183458239000,115.73,115.73,115.69,115.7,936000000,8
1183458240000,1183458719000,115.7,115.71,115.62,115.66,950000000,8
1183458720000,1183459199000,115.66,115.7,115.65,115.66,1462000000,8
1183459200000,1183459679000,115.66,115.72,115.63,115.72,891000000,8
1183459680000,1183460159000,115.72,115.79,115.7,115.75,1572000000,8
1183460160000,1183460639000,115.75,115.79,115.7,115.77,1589000000,8
1183460640000,1183461119000,115.78,115.79,115.7,115.74,1567000000,8
1183461120000,1183461599000,115.74,115.76,115.71,115.73,1616000000,8
1183461600000,1183462079000,115.73,115.75,115.7,115.73,1044000000,8
1183462080000,1183462559000,115.73,115.76,115.715,115.74,402000000,8
1183462560000,1183463039000,115.73,115.75,115.72,115.75,373000000,8
1183463040000,1183463519000,115.75,115.78,115.74,115.77,802000000,8
1183463520000,1183463999000,115.78,115.93,115.78,115.86,2419000000,8
1183464000000,1183464479000,115.86,115.89,115.72,115.8,1828000000,8
1183464480000,1183464959000,115.8,115.85,115.79,115.85,1119000000,8
1183464960000,1183465439000,115.85,115.89,115.8,115.84,2486000000,8
1183465440000,1183465919000,115.84,115.84,115.65,115.78,1758000000,8
1183465920000,1183466399000,115.77,115.79,115.7,115.7,1459000000,8
1183466400000,1183466879000,115.7,115.74,115.69,115.7,2741000000,8
1183466880000,1183467359000,115.7,115.75,115.68,115.75,1465000000,8
1183467360000,1183467839000,115.75,115.77,115.72,115.76,1463000000,8
1183467840000,1183468319000,115.76,115.9,115.75,115.83,2050000000,8
1183468320000,1183468799000,115.83,115.86,115.795,115.81,1344000000,8
1183468800000,1183469279000,115.81,115.83,115.76,115.82,1896000000,8
1183469280000,1183469759000,115.82,115.82,115.66,115.665,1712000000,8
1183469760000,1183470239000,115.665,115.7,115.63,115.63,2251000000,8
1183470240000,1183470719000,115.63,115.66,115.55,115.56,2321000000,8
1183470720000,1183471199000,115.56,115.59,115.49,115.52,3918000000,8
1183471200000,1183471679000,115.52,115.55,115.47,115.51,2948000000,8
1183471680000,1183472159000,115.51,115.53,115.42,115.475,2791000000,8
1183472160000,1183472639000,115.47,115.49,115.28,115.33,3904000000,8
1183472640000,1183473119000,115.34,115.38,115.25,115.275,2083000000,8
1183473120000,1183473599000,115.275,115.31,115.06,115.13,2976000000,8
1183473600000,1183474079000,115.12,115.15,114.975,115.13,3955000000,8
1183474080000,1183474559000,115.13,115.25,115.09,115.16,2881000000,8
1183474560000,1183475039000,115.16,115.23,115.1,115.2,2745000000,8
1183475040000,1183475519000,115.2,115.25,115.16,115.2,1647000000,8
1183475520000,1183475999000,115.2,115.32,115.19,115.3,1701000000,8
1183476000000,1183476479000,115.3,115.44,115.26,115.41,1783000000,8
1183476480000,1183476959000,115.42,115.47,115.37,115.45,1608000000,8
1183476960000,1183477439000,115.45,115.52,115.39,115.45,1525000000,8
1183477440000,1183477919000,115.46,115.46,115.39,115.41,1578000000,8
1183477920000,1183478399000,115.41,115.54,115.3,115.54,1589000000,8
1183478400000,1183478879000,115.54,115.55,115.35,115.53,1903000000,8
1183478880000,1183479359000,115.53,115.55,115.4,115.435,2150000000,8
1183479360000,1183479839000,115.435,115.47,115.33,115.46,487000000,8
1183479840000,1183480319000,115.46,115.47,115.31,115.39,1771000000,8
1183480320000,1183480799000,115.39,115.42,115.26,115.38,1430000000,8
1183480800000,1183481279000,115.38,115.38,115.27,115.325,932000000,8
1183481280000,1183481759000,115.325,115.36,115.28,115.295,592000000,8
1183481760000,1183482239000,115.295,115.32,115.21,115.26,1397000000,8
1183482240000,1183482719000,115.26,115.28,115.205,115.24,873000000,8
1183482720000,1183483199000,115.24,115.27,115.2,115.23,648000000,8
1183483200000,1183483679000,115.25,115.31,115.23,115.3,348000000,8
1183483680000,1183484159000,115.3,115.33,115.29,115.33,639000000,8
1183484160000,1183484639000,115.33,115.35,115.295,115.33,616000000,8
1183484640000,1183485119000,115.32,115.34,115.28,115.31,428000000,8
1183485120000,1183485599000,115.31,115.33,115.28,115.32,391000000,8
1183485600000,1183486079000,115.32,115.35,115.28,115.35,681000000,8
1183486080000,1183486559000,115.35,115.39,115.33,115.35,672000000,8
1183486560000,1183487039000,115.35,115.39,115.32,115.38,870000000,8
1183487040000,1183487519000,115.39,115.42,115.37,115.42,871000000,8
1183487520000,1183487999000,115.42,115.43,115.34,115.36,607000000,8
1183488000000,1183488479000,115.36,115.44,113.25,115.43,787000000,8
1183488480000,1183488959000,115.42,115.45,115.36,115.42,1115000000,8
1183488960000,1183489439000,115.42,115.43,115.385,115.4,602000000,8
1183489440000,1183489919000,115.4,115.42,115.39,115.4,760000000,8
1183489920000,1183490399000,115.4,115.42,115.39,115.41,448000000,8
1183490400000,1183490879000,115.41,115.42,115.35,115.36,987000000,8
1183490880000,1183491359000,115.36,115.37,115.3,115.34,1076000000,8
1183491360000,1183491839000,115.35,115.37,115.325,115.36,945000000,8
1183491840000,1183492319000,115.35,115.39,115.35,115.37,339000000,8
1183492320000,1183492799000,115.37,115.38,115.34,115.37,1017000000,8
1183492800000,1183493279000,115.37,115.42,115.365,115.395,380000000,8
1183493280000,1183493759000,115.395,115.43,115.38,115.405,254000000,8
1183493760000,1183494239000,115.405,115.42,115.35,115.37,283000000,8
1183494240000,1183494719000,115.37,115.37,113.25,113.26,551000000,8
1183494720000,1183495199000,115.36,115.39,115.315,115.345,592000000,8
1183495200000,1183495679000,115.325,115.36,115.28,115.36,677000000,8
1183495680000,1183496159000,115.36,115.36,115.33,115.35,312000000,8
1183496160000,1183496639000,115.35,115.37,115.3,115.33,370000000,8
1183496640000,1183497119000,115.33,115.35,113.25,115.33,258000000,8
1183497120000,1183497599000,115.337,115.337,113.26,115.325,468000000,8
1183497600000,1183498079000,115.325,115.335,115.29,115.3,43000000,8
1183498080000,1183498559000,113.27,115.33,113.25,113.26,70000000,8
1183498560000,1183499039000,115.323,115.323,115.29,115.29,107000000,8
1183499040000,1183499519000,115.29,115.33,115.29,115.316,286000000,8
1183499520000,1183499999000,115.31,115.38,115.3,115.36,237000000,8
1183500000000,1183500479000,115.37,115.4,115.355,115.37,320000000,8
1183500480000,1183500959000,115.37,115.45,115.35,115.37,169000000,8
1183500960000,1183501439000,115.37,115.46,115.37,115.44,159000000,8
1183501440000,1183501919000,115.44,115.47,115.41,115.435,224000000,8
1183501920000,1183502399000,115.43,115.47,115.395,115.45,348000000,8
1183502400000,1183502879000,115.45,115.48,115.425,115.48,217000000,8
1183502880000,1183503359000,115.48,115.49,115.43,115.47,356000000,8
1183503360000,1183503839000,115.47,115.51,115.47,115.475,391000000,8
1183503840000,1183504319000,115.475,115.51,115.415,115.46,862000000,8
1183504320000,1183504799000,115.46,115.465,115.43,115.448,300000000,8
1183504800000,1183505279000,113.25,115.47,113.25,115.47,219000000,8
1183505280000,1183505759000,115.47,115.48,115.42,115.43,426000000,8
1183505760000,1183506239000,115.43,115.5,115.43,115.46,659000000,8
1183506240000,1183506719000,115.46,115.475,115.45,115.46,370000000,8
1183506720000,1183507199000,115.46,115.46,113.25,115.38,746000000,8
1183507200000,1183507679000,115.38,115.38,115.32,115.35,480000000,8
1183507680000,1183508159000,115.35,115.4,115.315,115.39,740000000,8
1183508160000,1183508639000,115.39,115.43,115.36,115.385,1079000000,8
1183508640000,1183509119000,115.385,115.44,115.34,115.415,855000000,8
1183509120000,1183509599000,115.39,115.425,115.39,115.425,661000000,8
1183509600000,1183510079000,115.42,115.425,115.38,115.4,644000000,8
1183510080000,1183510559000,115.4,115.44,115.36,115.39,1097000000,8
1183510560000,1183511039000,115.39,115.42,115.37,115.38,592000000,8
1183511040000,1183511519000,115.38,115.41,115.36,115.4,426000000,8
1183511520000,1183511999000,115.4,115.41,115.38,115.405,387000000,8
1183512000000,1183512479000,115.405,115.44,115.37,115.39,833000000,8
1183512480000,1183512959000,115.39,115.47,115.375,115.46,1692000000,8
1183512960000,1183513439000,115.46,115.47,115.42,115.46,1133000000,8
1183513440000,1183513919000,115.46,115.46,115.345,115.345,518000000,8
1183513920000,1183514399000,115.345,115.4,115.335,115.35,1213000000,8
1183514400000,1183514879000,115.35,115.38,115.34,115.375,810000000,8
1183514880000,1183515359000,115.375,115.42,115.37,115.41,573000000,8
1183515360000,1183515839000,115.425,115.46,115.41,115.45,751000000,8
1183515840000,1183516319000,115.45,115.46,115.41,115.42,353000000,8
1183516320000,1183516799000,115.42,115.43,115.395,115.4,439000000,8
1183516800000,1183517279000,115.39,115.39,115.3,115.31,1373000000,8
1183517280000,1183517759000,115.31,115.36,115.26,115.34,1173000000,8
1183517760000,1183518239000,115.345,115.35,115.23,115.31,1288000000,8
1183518240000,1183518719000,115.31,115.375,115.31,115.33,942000000,8
1183518720000,1183519199000,115.33,115.35,115.32,115.33,451000000,8
1183519200000,1183519679000,115.34,115.375,115.335,115.35,737000000,8
1183519680000,1183520159000,115.35,115.41,115.27,115.39,818000000,8
1183520160000,1183520639000,115.39,115.42,115.27,115.41,628000000,8
1183520640000,1183521119000,115.41,115.42,115.27,115.345,861000000,8
1183521120000,1183521599000,115.345,115.4,115.345,115.37,441000000,8
1183521600000,1183522079000,115.36,115.39,115.35,115.39,330000000,8
1183522080000,1183522559000,115.39,115.41,115.27,115.393,471000000,8
1183522560000,1183523039000,115.4,115.43,115.39,115.425,196000000,8
1183523040000,1183523519000,115.425,115.52,115.425,115.5,854000000,8
1183523520000,1183523999000,115.5,115.52,113.26,115.48,1415000000,8
1183524000000,1183524479000,115.48,115.51,113.25,115.5,387000000,8
1183524480000,1183524959000,115.5,115.54,115.48,115.495,577000000,8
1183524960000,1183525439000,115.495,115.56,115.495,115.55,961000000,8
1183525440000,1183525919000,115.55,115.56,115.51,115.52,911000000,8
1183525920000,1183526399000,115.525,115.54,115.52,115.53,341000000,8
1183526400000,1183526879000,115.53,115.53,115.475,115.49,685000000,8
1183526880000,1183527359000,115.49,115.5,115.44,115.48,730000000,8
1183527360000,1183527839000,115.48,115.51,115.44,115.46,453000000,8
1183527840000,1183528319000,113.27,115.48,113.25,115.48,397000000,8
1183528320000,1183528799000,115.48,115.5,115.43,115.44,679000000,8
1183528800000,1183529279000,115.45,115.49,115.44,115.49,554000000,8
1183529280000,1183529759000,115.49,115.51,115.27,115.45,556000000,8
1183529760000,1183530239000,115.45,115.58,115.27,115.52,1716000000,8
1183530240000,1183530719000,115.52,115.6,115.48,115.58,1354000000,8
1183530720000,1183531199000,115.58,115.6,115.52,115.52,932000000,8
1183531200000,1183531679000,115.53,115.6,115.49,115.56,1473000000,8
1183531680000,1183532159000,115.56,115.6,115.52,115.58,1338000000,8
1183532160000,1183532639000,115.58,115.67,115.55,115.66,1594000000,8
1183532640000,1183533119000,115.66,115.79,115.63,115.765,1887000000,8
1183533120000,1183533599000,115.765,115.9,115.75,115.79,2637000000,8
1183533600000,1183534079000,115.795,115.85,115.765,115.84,1465000000,8
1183534080000,1183534559000,115.84,115.84,115.685,115.81,1281000000,8
1183534560000,1183535039000,115.81,115.865,115.785,115.79,1175000000,8
1183535040000,1183535519000,115.8,115.82,115.75,115.81,1668000000,8
1183535520000,1183535999000,115.81,115.85,115.76,115.81,1360000000,8
1183536000000,1183536479000,115.81,115.88,115.78,115.86,993000000,8
1183536480000,1183536959000,115.854,115.87,115.79,115.8,904000000,8
1183536960000,1183537439000,115.8,115.87,115.79,115.82,1753000000,8
1183537440000,1183537919000,115.82,115.9,115.8,115.88,2740000000,8
1183537920000,1183538399000,115.88,115.94,115.835,115.91,2675000000,8
1183538400000,1183538879000,115.91,115.92,115.86,115.89,1416000000,8
1183538880000,1183539359000,115.89,115.92,115.81,115.81,2215000000,8
1183539360000,1183539839000,115.81,115.85,115.74,115.85,1934000000,8
1183539840000,1183540319000,115.85,115.86,115.79,115.84,1334000000,8
1183540320000,1183540799000,115.84,115.99,115.825,115.985,1979000000,8
1183540800000,1183541279000,115.985,115.99,115.82,115.83,1327000000,8
1183541280000,1183541759000,115.83,115.91,115.81,115.86,1338000000,8
1183541760000,1183542239000,115.86,115.89,115.79,115.79,2425000000,8
1183542240000,1183542719000,115.79,115.79,115.72,115.77,1305000000,8
1183542720000,1183543199000,115.77,115.81,115.765,115.78,800000000,8
1183543200000,1183543679000,115.78,115.79,115.69,115.71,1105000000,8
1183543680000,1183544159000,115.7,115.74,115.68,115.71,1592000000,8
1183544160000,1183544639000,115.72,115.72,115.68,115.7,878000000,8
1183544640000,1183545119000,115.7,115.71,115.67,115.71,144000000,8
1183545120000,1183545599000,115.71,115.77,115.675,115.76,1419000000,8
1183545600000,1183546079000,115.76,115.77,115.74,115.76,630000000,8
1183546080000,1183546559000,115.76,115.77,115.72,115.75,1166000000,8
1183546560000,1183547039000,115.735,115.85,115.73,115.81,2249000000,8
1183547040000,1183547519000,115.81,115.82,115.77,115.82,1351000000,8
1183547520000,1183547999000,115.82,115.85,115.81,115.85,800000000,8
1183548000000,1183548479000,115.85,115.86,115.79,115.82,766000000,8
1183548480000,1183548959000,115.82,115.83,115.765,115.8,404000000,8
1183548960000,1183549439000,115.8,115.8,115.69,115.72,556000000,8
1183549440000,1183549919000,115.74,115.75,115.715,115.735,325000000,8
1183549920000,1183550399000,115.735,115.75,115.72,115.73,628000000,8
1183550400000,1183550879000,115.73,115.76,115.685,115.74,901000000,8
1183550880000,1183551359000,115.74,115.77,115.7,115.74,650000000,8
1183551360000,1183551839000,115.74,115.75,115.69,115.74,583000000,8
1183551840000,1183552319000,115.69,115.75,115.69,115.73,556000000,8
1183552320000,1183552799000,115.73,115.73,115.67,115.7,970000000,8
1183552800000,1183553279000,115.7,115.74,115.67,115.72,1569000000,8
1183553280000,1183553759000,115.72,115.73,115.67,115.67,1355000000,8
1183553760000,1183554239000,115.67,115.7,115.66,115.69,361000000,8
1183554240000,1183554719000,115.69,115.73,115.66,115.72,560000000,8
1183554720000,1183555199000,115.72,115.74,115.68,115.72,637000000,8
1183555200000,1183555679000,115.72,115.77,115.68,115.74,581000000,8
1183555680000,1183556159000,115.74,115.74,115.69,115.72,284000000,8
1183556160000,1183556639000,115.72,115.74,115.66,115.7,630000000,8
1183556640000,1183557119000,115.7,115.7,115.615,115.68,731000000,8
1183557120000,1183557599000,115.67,115.69,115.65,115.67,570000000,8
1183557600000,1183558079000,115.67,115.74,115.65,115.74,1230000000,8
1183558080000,1183558559000,115.74,115.78,115.68,115.78,783000000,8
1183558560000,1183559039000,115.78,115.98,115.715,115.9,1578000000,8
1183559040000,1183559519000,115.9,115.94,115.85,115.9,393000000,8
1183559520000,1183559999000,115.9,115.96,115.84,115.93,661000000,8
1183560000000,1183560479000,115.93,116.04,115.93,115.99,1895000000,8
1183560480000,1183560959000,115.99,116.02,115.955,115.98,2201000000,8
1183560960000,1183561439000,115.98,116.04,115.81,115.895,2942000000,8
1183561440000,1183561919000,115.895,115.91,115.87,115.91,1126000000,8
1183561920000,1183562399000,115.91,115.92,115.82,115.84,1779000000,8
1183562400000,1183562879000,115.84,115.895,115.835,115.855,2200000000,8
1183562880000,1183563359000,115.855,115.9,115.83,115.88,1484000000,8
1183563360000,1183563839000,115.88,115.88,115.81,115.865,1225000000,8
1183563840000,1183564319000,115.865,115.98,115.85,115.97,1550000000,8
1183564320000,1183564799000,115.97,115.985,115.945,115.985,340000000,8
1183564800000,1183565279000,115.985,116.01,115.944,115.99,512000000,8
1183565280000,1183565759000,115.99,115.99,115.94,115.96,689000000,8
1183565760000,1183566239000,115.96,115.97,115.915,115.95,804000000,8
1183566240000,1183566719000,115.95,115.98,115.95,115.98,856000000,8
1183566720000,1183567199000,115.98,115.98,115.95,115.98,487000000,8
1183567200000,1183567679000,115.98,115.98,115.92,115.97,398000000,8
1183567680000,1183568159000,115.97,116.02,115.905,116.02,1849000000,8
1183568160000,1183568639000,116.02,116.04,116.0,116.01,431000000,8
1183568640000,1183569119000,116.01,116.01,115.94,115.97,759000000,8
1183569120000,1183569599000,115.97,116.01,115.95,115.99,1503000000,8
1183569600000,1183570079000,116.0,116.0,115.94,115.97,775000000,8
1183570080000,1183570559000,115.97,115.99,113.25,115.99,384000000,8
1183570560000,1183571039000,115.99,115.99,113.25,115.97,481000000,8
1183571040000,1183571519000,115.97,115.97,113.25,115.957,53000000,8
1183571520000,1183571999000,115.96,115.96,115.86,115.875,924000000,8
1183572000000,1183572479000,115.88,115.89,115.86,115.87,1281000000,8
1183572480000,1183572959000,115.87,115.9,115.85,115.87,1168000000,8
1183572960000,1183573439000,115.85,115.89,115.85,115.89,214000000,8
1183573440000,1183573919000,115.88,115.89,113.25,113.27,78000000,8
1183573920000,1183574399000,115.88,115.89,113.25,115.865,440000000,8
1183574400000,1183574879000,115.86,115.89,113.26,115.87,324000000,8
1183574880000,1183575359000,115.87,115.9,115.87,115.9,230000000,8
1183575360000,1183575839000,115.89,115.905,115.855,115.905,279000000,8
1183575840000,1183576319000,115.905,115.92,115.88,115.92,1025000000,8
1183576320000,1183576799000,115.92,115.92,115.835,115.88,1054000000,8
1183576800000,1183577279000,115.91,115.91,113.25,115.86,647000000,8
1183577280000,1183577759000,115.86,115.88,115.8,115.82,1134000000,8
1183577760000,1183578239000,115.81,115.865,113.25,115.86,615000000,8
1183578240000,1183578719000,113.27,115.87,113.26,115.81,403000000,8
1183578720000,1183579199000,115.82,115.87,113.26,115.84,104000000,8
1183579200000,1183579679000,115.84,115.89,113.25,115.805,192000000,8
1183579680000,1183580159000,115.85,115.87,113.25,115.86,167000000,8
1183580160000,1183580639000,115.84,115.87,115.83,115.83,144000000,8
1183580640000,1183581119000,115.83,115.87,113.25,115.82,90000000,8
1183581120000,1183581599000,115.85,115.86,115.82,115.855,167000000,8
1183581600000,1183582079000,113.26,115.874,113.25,115.86,152000000,8
1183582080000,1183582559000,115.86,115.98,115.83,115.97,427000000,8
1183582560000,1183583039000,115.97,116.0,115.955,115.96,401000000,8
1183583040000,1183583519000,115.96,115.98,115.95,115.98,149000000,8
1183583520000,1183583999000,115.98,116.03,115.94,115.96,412000000,8
1183584000000,1183584479000,115.96,115.98,113.26,115.97,159000000,8
1183584480000,1183584959000,115.97,115.97,115.88,115.9,438000000,8
1183584960000,1183585439000,115.9,115.95,115.86,115.88,576000000,8
1183585440000,1183585919000,115.88,115.89,115.84,115.865,212000000,8
1183585920000,1183586399000,115.865,115.88,115.84,115.86,174000000,8
1183586400000,1183586879000,115.86,115.9,115.82,115.9,436000000,8
1183586880000,1183587359000,115.9,115.96,115.86,115.93,680000000,8
1183587360000,1183587839000,115.93,115.93,115.898,115.91,130000000,8
1183587840000,1183588319000,115.91,115.96,115.9,115.95,717000000,8
1183588320000,1183588799000,115.95,116.025,115.95,115.99,693000000,8
1183588800000,1183589279000,115.97,116.03,115.93,116.01,829000000,8
1183589280000,1183589759000,116.01,116.04,115.98,115.99,775000000,8
1183589760000,1183590239000,115.985,116.015,115.93,115.97,828000000,8
1183590240000,1183590719000,115.97,115.99,115.925,115.99,567000000,8
1183590720000,1183591199000,115.99,115.99,115.94,115.955,896000000,8
1183591200000,1183591679000,115.955,115.97,113.25,115.95,493000000,8
1183591680000,1183592159000,115.94,115.975,115.93,115.945,433000000,8
1183592160000,1183592639000,115.95,115.975,115.915,115.97,965000000,8
1183592640000,1183593119000,115.97,116.0,115.935,115.98,1083000000,8
1183593120000,1183593599000,115.98,116.025,115.975,116.005,1250000000,8
1183593600000,1183594079000,116.005,116.055,115.975,116.005,1536000000,8
1183594080000,1183594559000,116.005,116.06,115.975,115.995,1106000000,8
1183594560000,1183595039000,115.98,116.02,115.95,115.95,2047000000,8
1183595040000,1183595519000,115.95,116.01,115.935,116.01,1288000000,8
1183595520000,1183595999000,115.995,116.04,115.995,116.02,649000000,8
1183596000000,1183596479000,116.02,116.03,115.955,115.995,1123000000,8
1183596480000,1183596959000,115.995,116.04,115.945,115.98,1599000000,8
1183596960000,1183597439000,115.98,116.0,115.945,116.0,1709000000,8
1183597440000,1183597919000,115.995,116.03,115.97,115.985,741000000,8
1183597920000,1183598399000,115.97,116.03,113.25,116.03,601000000,8
1183598400000,1183598879000,116.03,116.05,116.01,116.025,1220000000,8
1183598880000,1183599359000,116.02,116.05,113.25,116.05,255000000,8
1183599360000,1183599839000,116.045,116.05,116.01,116.03,566000000,8
1183599840000,1183600319000,116.04,116.04,115.925,116.005,744000000,8
1183600320000,1183600799000,115.98,116.02,115.965,116.0,445000000,8
1183600800000,1183601279000,116.0,116.003,113.25,115.99,395000000,8
1183601280000,1183601759000,116.0,116.01,115.97,116.0,426000000,8
1183601760000,1183602239000,116.002,116.002,115.97,116.0,235000000,8
1183602240000,1183602719000,116.0,116.01,115.96,116.0,472000000,8
1183602720000,1183603199000,116.0,116.0,115.96,115.98,622000000,8
1183603200000,1183603679000,115.98,116.0,115.95,115.98,717000000,8
1183603680000,1183604159000,115.98,115.99,115.935,115.98,883000000,8
1183604160000,1183604639000,115.98,116.0,115.93,115.97,1245000000,8
1183604640000,1183605119000,115.967,115.99,115.94,115.98,103000000,8
1183605120000,1183605599000,115.966,116.0,115.96,116.0,170000000,8
1183605600000,1183606079000,116.0,116.02,115.96,116.0,494000000,8
1183606080000,1183606559000,113.25,116.0,113.25,115.99,244000000,8
1183606560000,1183607039000,115.974,116.04,115.965,116.02,845000000,8
1183607040000,1183607519000,116.02,116.04,115.98,116.04,416000000,8
1183607520000,1183607999000,116.04,116.07,116.005,116.055,742000000,8
1183608000000,1183608479000,116.06,116.08,116.03,116.07,330000000,8
1183608480000,1183608959000,116.06,116.06,116.0,116.0,297000000,8
1183608960000,1183609439000,116.0,116.03,115.99,116.03,371000000,8
1183609440000,1183609919000,115.99,116.03,115.99,116.01,293000000,8
1183609920000,1183610399000,116.02,116.04,115.99,116.04,297000000,8
1183610400000,1183610879000,116.04,116.04,113.25,116.03,202000000,8
1183610880000,1183611359000,116.03,116.055,116.015,116.04,268000000,8
1183611360000,1183611839000,116.04,116.04,115.97,115.97,1266000000,8
1183611840000,1183612319000,115.98,116.03,115.97,115.99,1007000000,8
1183612320000,1183612799000,115.99,116.01,115.97,116.0,814000000,8
1183612800000,1183613279000,116.0,116.06,115.975,116.04,1126000000,8
1183613280000,1183613759000,116.04,116.04,115.97,116.0,635000000,8
1183613760000,1183614239000,116.0,116.02,115.97,115.97,695000000,8
1183614240000,1183614719000,115.97,116.05,115.97,116.02,1215000000,8
1183614720000,1183615199000,116.02,116.04,115.955,115.995,1336000000,8
1183615200000,1183615679000,115.995,116.04,115.99,116.04,632000000,8
1183615680000,1183616159000,116.04,116.085,116.01,116.085,1737000000,8
1183616160000,1183616639000,116.07,116.09,116.05,116.05,1768000000,8
1183616640000,1183617119000,116.05,116.083,116.05,116.07,867000000,8
1183617120000,1183617599000,116.07,116.09,116.04,116.07,378000000,8
1183617600000,1183618079000,116.07,116.17,116.07,116.14,2946000000,8
1183618080000,1183618559000,116.14,116.16,116.11,116.14,1788000000,8
1183618560000,1183619039000,116.15,116.15,116.07,116.09,2567000000,8
1183619040000,1183619519000,116.09,116.15,116.085,116.085,1634000000,8
1183619520000,1183619999000,116.085,116.1,115.96,116.01,2877000000,8
1183620000000,1183620479000,116.01,116.13,115.98,116.1,2558000000,8
1183620480000,1183620959000,116.1,116.1,115.99,116.03,2138000000,8
1183620960000,1183621439000,116.03,116.07,115.96,116.06,2098000000,8
1183621440000,1183621919000,116.06,116.06,115.93,115.95,2192000000,8
1183621920000,1183622399000,115.95,115.97,115.875,115.97,3874000000,8
1183622400000,1183622879000,115.97,115.97,115.92,115.97,2171000000,8
1183622880000,1183623359000,115.97,115.97,115.825,115.86,2503000000,8
1183623360000,1183623839000,115.86,115.9,115.8,115.88,3757000000,8
1183623840000,1183624319000,115.87,115.93,115.785,115.8,3561000000,8
1183624320000,1183624799000,115.8,115.83,115.67,115.8,1150000000,8
1183624800000,1183625279000,115.8,115.86,115.72,115.83,2486000000,8
1183625280000,1183625759000,115.84,115.88,115.72,115.84,768000000,8
1183625760000,1183626239000,115.84,115.856,115.81,115.83,1340000000,8
1183626240000,1183626719000,115.83,115.85,115.79,115.83,1600000000,8
1183626720000,1183627199000,115.83,115.83,115.73,115.79,2780000000,8
1183627200000,1183627679000,115.79,115.83,115.67,115.81,2096000000,8
1183627680000,1183628159000,115.81,115.87,115.79,115.81,2308000000,8
1183628160000,1183628639000,115.81,115.83,115.77,115.78,489000000,8
1183628640000,1183629119000,115.78,115.8,115.59,115.69,1773000000,8
1183629120000,1183629599000,115.69,115.74,115.58,115.7,2334000000,8
1183629600000,1183630079000,115.7,115.73,115.685,115.72,1225000000,8
1183630080000,1183630559000,115.72,115.75,115.7,115.71,1477000000,8
1183630560000,1183631039000,115.71,115.74,115.68,115.735,848000000,8
1183631040000,1183631519000,115.735,115.82,115.73,115.8,1209000000,8
1183631520000,1183631999000,115.8,115.81,115.72,115.72,753000000,8
1183632000000,1183632479000,115.72,115.72,115.66,115.68,1014000000,8
1183632480000,1183632959000,115.69,115.76,115.67,115.725,1408000000,8
1183632960000,1183633439000,115.725,115.76,115.68,115.73,1413000000,8
1183633440000,1183633919000,115.73,115.77,115.67,115.73,3060000000,8
1183633920000,1183634399000,115.72,115.84,115.71,115.82,2121000000,8
1183634400000,1183634879000,115.82,115.84,115.69,115.69,1284000000,8
1183634880000,1183635359000,115.69,115.8,115.645,115.79,1790000000,8
1183635360000,1183635839000,115.79,115.82,115.695,115.72,1317000000,8
1183635840000,1183636319000,115.72,115.75,115.68,115.73,2200000000,8
1183636320000,1183636799000,115.73,115.77,115.72,115.74,3134000000,8
1183636800000,1183637279000,115.74,115.78,115.74,115.78,1258000000,8
1183637280000,1183637759000,115.78,115.84,115.75,115.81,2795000000,8
1183637760000,1183638239000,115.81,115.86,115.76,115.86,5045000000,8
1183638240000,1183638719000,115.85,115.97,115.76,115.96,5393000000,8
1183638720000,1183639199000,115.96,116.08,115.93,116.0,5770000000,8
1183639200000,1183639679000,116.0,116.12,115.96,116.1,4998000000,8
1183639680000,1183640159000,116.1,116.1,115.93,116.05,6156000000,8
1183640160000,1183640639000,116.05,116.08,115.94,116.01,3489000000,8
1183640640000,1183641119000,116.01,116.12,115.93,116.07,3270000000,8
1183641120000,1183641599000,116.07,116.08,115.915,116.02,3858000000,8
1183641600000,1183642079000,116.02,116.06,115.915,115.93,5018000000,8
1183642080000,1183642559000,115.93,116.0,115.915,115.97,3932000000,8
1183642560000,1183643039000,115.965,116.06,115.93,115.93,3944000000,8
1183643040000,1183643519000,115.93,115.96,115.86,115.88,3405000000,8
1183643520000,1183643999000,115.88,115.96,115.86,115.93,4200000000,8
1183644000000,1183644479000,115.94,116.13,115.93,116.05,6920000000,8
1183644480000,1183644959000,116.05,116.06,115.98,116.03,2599000000,8
1183644960000,1183645439000,116.03,116.03,115.93,115.98,5110000000,8
1183645440000,1183645919000,115.96,116.21,115.96,116.19,4040000000,8
1183645920000,1183646399000,116.19,116.29,116.15,116.19,5496000000,8
1183646400000,1183646879000,116.18,116.24,116.06,116.18,4020000000,8
1183646880000,1183647359000,116.18,116.27,116.14,116.26,3917000000,8
1183647360000,1183647839000,116.25,116.29,116.02,116.14,5730000000,8
1183647840000,1183648319000,116.14,116.14,116.03,116.09,4460000000,8
1183648320000,1183648799000,116.09,116.16,116.06,116.115,3887000000,8
1183648800000,1183649279000,116.12,116.21,116.1,116.185,3832000000,8
1183649280000,1183649759000,116.185,116.25,116.14,116.17,3154000000,8
1183649760000,1183650239000,116.17,116.24,116.16,116.21,2437000000,8
1183650240000,1183650719000,116.21,116.22,116.16,116.21,3588000000,8
1183650720000,1183651199000,116.21,116.24,116.17,116.23,2362000000,8
1183651200000,1183651679000,116.23,116.26,116.21,116.26,3482000000,8
1183651680000,1183652159000,116.26,116.27,116.095,116.095,2869000000,8
1183652160000,1183652639000,116.095,116.16,116.09,116.14,1722000000,8
1183652640000,1183653119000,116.14,116.15,116.095,116.11,1384000000,8
1183653120000,1183653599000,116.11,116.16,116.07,116.1,2307000000,8
1183653600000,1183654079000,116.1,116.21,116.1,116.165,826000000,8
1183654080000,1183654559000,116.18,116.18,116.12,116.12,1036000000,8
1183654560000,1183655039000,116.12,116.15,116.11,116.13,1198000000,8
1183655040000,1183655519000,116.13,116.15,116.095,116.13,1926000000,8
1183655520000,1183655999000,116.13,116.18,116.125,116.16,1449000000,8
1183656000000,1183656479000,116.16,116.17,116.11,116.14,1609000000,8
1183656480000,1183656959000,116.14,116.16,116.13,116.15,1605000000,8
1183656960000,1183657439000,116.15,116.19,116.13,116.17,1915000000,8
1183657440000,1183657919000,116.17,116.17,116.12,116.13,1320000000,8
1183657920000,1183658399000,116.13,116.19,116.11,116.19,1075000000,8
1183658400000,1183658879000,116.19,116.19,116.15,116.17,1144000000,8
1183658880000,1183659359000,116.17,116.22,116.15,116.22,828000000,8
1183659360000,1183659839000,116.22,116.31,116.195,116.27,1510000000,8
1183659840000,1183660319000,116.27,116.29,116.24,116.29,873000000,8
1183660320000,1183660799000,116.28,116.3,116.25,116.28,1351000000,8
1183660800000,1183661279000,116.28,116.3,116.225,116.26,1773000000,8
1183661280000,1183661759000,116.26,116.31,116.23,116.28,998000000,8
1183661760000,1183662239000,116.28,116.31,116.23,116.28,1042000000,8
1183662240000,1183662719000,116.28,116.31,116.25,116.31,768000000,8
1183662720000,1183663199000,116.31,116.32,116.3,116.31,613000000,8
1183663200000,1183663679000,116.31,116.34,113.26,116.32,714000000,8
1183663680000,1183664159000,116.33,116.34,116.27,116.29,1068000000,8
1183664160000,1183664639000,116.29,116.34,116.27,116.33,907000000,8
1183664640000,1183665119000,113.27,116.34,113.26,116.29,205000000,8
1183665120000,1183665599000,116.29,116.36,116.27,116.36,380000000,8
1183665600000,1183666079000,116.36,116.36,116.305,116.32,774000000,8
1183666080000,1183666559000,116.31,116.33,116.29,116.3,1069000000,8
1183666560000,1183667039000,116.3,116.31,116.21,116.25,1162000000,8
1183667040000,1183667519000,116.25,116.3,116.235,116.27,356000000,8
1183667520000,1183667999000,116.29,116.31,116.28,116.29,336000000,8
1183668000000,1183668479000,116.29,116.39,116.29,116.37,914000000,8
1183668480000,1183668959000,116.37,116.4,116.35,116.39,1610000000,8
1183668960000,1183669439000,116.39,116.41,116.355,116.38,784000000,8
1183669440000,1183669919000,116.36,116.42,116.36,116.41,420000000,8
1183669920000,1183670399000,116.41,116.41,116.39,116.41,737000000,8
1183670400000,1183670879000,116.41,116.42,116.37,116.37,529000000,8
1183670880000,1183671359000,116.37,116.38,116.36,116.36,338000000,8
1183671360000,1183671839000,116.36,116.38,116.335,116.34,184000000,8
1183671840000,1183672319000,116.34,116.355,116.27,116.35,481000000,8
1183672320000,1183672799000,116.35,116.37,116.325,116.355,400000000,8
1183672800000,1183673279000,116.355,116.4,116.345,116.38,1298000000,8
1183673280000,1183673759000,116.38,116.4,116.295,116.31,469000000,8
1183673760000,1183674239000,116.31,116.34,113.26,116.31,478000000,8
1183674240000,1183674719000,116.31,116.38,113.26,113.26,246000000,8
1183674720000,1183675199000,116.37,116.41,116.315,116.37,1074000000,8
1183675200000,1183675679000,116.37,116.38,116.325,116.35,591000000,8
1183675680000,1183676159000,116.35,116.36,116.31,116.35,296000000,8
1183676160000,1183676639000,116.35,116.41,116.33,116.39,810000000,8
1183676640000,1183677119000,116.39,116.39,116.37,116.37,164000000,8
1183677120000,1183677599000,116.36,116.38,116.345,116.35,159000000,8
1183677600000,1183678079000,116.35,116.38,116.33,116.35,854000000,8
1183678080000,1183678559000,116.35,116.4,116.32,116.39,1233000000,8
1183678560000,1183679039000,116.38,116.41,116.35,116.39,1059000000,8
1183679040000,1183679519000,116.39,116.405,116.355,116.38,1111000000,8
1183679520000,1183679999000,116.38,116.39,116.32,116.33,1653000000,8
1183680000000,1183680479000,116.33,116.36,116.317,116.35,771370000,8
1183680480000,1183680959000,116.35,116.365,116.33,116.35,1231600000,8
1183680960000,1183681439000,116.35,116.35,116.33,116.34,1538500000,8
1183681440000,1183681919000,116.33,116.35,115.797,116.33,1755170000,8
1183681920000,1183682399000,116.33,116.34,116.29,116.3,2082300000,8
1183682400000,1183682879000,116.3,116.34,116.28,116.32,1726900000,8
1183682880000,1183683359000,116.32,116.39,116.31,116.34,3563600000,8
1183683360000,1183683839000,116.35,116.43,116.33,116.37,3755300000,8
1183683840000,1183684319000,116.39,116.39,116.31,116.35,1901300000,8
1183684320000,1183684799000,116.35,116.35,116.29,116.35,1630000000,8
1183684800000,1183685279000,116.345,116.4,116.345,116.4,2535500000,8
1183685280000,1183685759000,116.4,116.41,116.38,116.39,746200000,8
1183685760000,1183686239000,116.39,116.435,116.385,116.41,981100000,8
1183686240000,1183686719000,116.41,116.43,116.375,116.385,1430100000,8
1183686720000,1183687199000,116.39,116.39,116.34,116.35,1235900000,8
1183687200000,1183687679000,116.36,116.39,116.35,116.38,1494600000,8
1183687680000,1183688159000,116.38,116.405,116.36,116.36,777400000,8
1183688160000,1183688639000,116.38,116.41,116.373,116.4,752520000,8
1183688640000,1183689119000,116.4,116.42,116.335,116.37,3407600000,8
1183689120000,1183689599000,116.37,116.43,116.37,116.42,1356300000,8
1183689600000,1183690079000,116.41,116.43,116.39,116.41,753200000,8
1183690080000,1183690559000,116.4,116.42,116.39,116.4,428700000,8
1183690560000,1183691039000,116.41,116.46,116.39,116.44,1934000000,8
1183691040000,1183691519000,116.43,116.44,116.385,116.405,1585600000,8
1183691520000,1183691999000,116.41,116.44,116.41,116.42,2107000000,8
1183692000000,1183692479000,116.42,116.44,116.38,116.41,1492200000,8
1183692480000,1183692959000,116.41,116.42,116.372,116.39,1142120000,8
1183692960000,1183693439000,116.395,116.42,116.373,116.42,1619310000,8
1183693440000,1183693919000,116.42,116.44,116.38,116.42,1273360000,8
1183693920000,1183694399000,116.43,116.49,116.395,116.48,1986400000,8
1183694400000,1183694879000,116.48,116.55,116.465,116.51,2523100000,8
1183694880000,1183695359000,116.5,116.51,116.44,116.46,1865800000,8
1183695360000,1183695839000,116.46,116.52,116.44,116.5,1551700000,8
1183695840000,1183696319000,116.49,116.52,116.445,116.5,1450350000,8
1183696320000,1183696799000,116.5,116.53,116.48,116.53,715300000,8
1183696800000,1183697279000,116.53,116.55,116.52,116.53,708300000,8
1183697280000,1183697759000,116.53,116.57,116.455,116.5,1905800000,8
1183697760000,1183698239000,116.5,116.53,116.485,116.52,1678200000,8
1183698240000,1183698719000,116.53,116.54,116.5,116.5,1934200000,8
1183698720000,1183699199000,116.51,116.54,116.49,116.53,2175400000,8
1183699200000,1183699679000,116.53,116.55,116.51,116.55,1412000000,8
1183699680000,1183700159000,116.55,116.61,116.54,116.61,3090500000,8
1183700160000,1183700639000,116.61,116.62,116.6,116.62,1257800000,8
1183700640000,1183701119000,116.62,116.72,116.61,116.66,3549800000,8
1183701120000,1183701599000,116.66,116.81,116.655,116.78,5507900000,8
1183701600000,1183702079000,116.775,116.81,116.72,116.74,6604400000,8
1183702080000,1183702559000,116.74,116.745,116.66,116.69,3694500000,8
1183702560000,1183703039000,116.69,116.7,116.63,116.69,5052500000,8
1183703040000,1183703519000,116.69,116.73,116.665,116.7,3775200000,8
1183703520000,1183703999000,116.71,116.77,116.7,116.73,3309200000,8
1183704000000,1183704479000,116.73,116.765,116.69,116.71,2621200000,8
1183704480000,1183704959000,116.71,116.715,116.625,116.645,3381100000,8
1183704960000,1183705439000,116.645,116.65,116.575,116.61,3875700000,8
1183705440000,1183705919000,116.61,116.65,116.595,116.625,3060100000,8
1183705920000,1183706399000,116.63,116.75,116.62,116.69,4591400000,8
1183706400000,1183706879000,116.685,116.7,116.64,116.69,3513300000,8
1183706880000,1183707359000,116.69,116.71,116.655,116.66,1326600000,8
1183707360000,1183707839000,116.66,116.69,116.595,116.68,3014400000,8
1183707840000,1183708319000,116.68,116.72,116.64,116.71,2868000000,8
1183708320000,1183708799000,116.705,116.74,116.69,116.7,2747200000,8
1183708800000,1183709279000,116.69,116.715,116.64,116.645,2569900000,8
1183709280000,1183709759000,116.64,116.66,116.55,116.58,3357100000,8
1183709760000,1183710239000,116.58,116.62,116.55,116.59,2223500000,8
1183710240000,1183710719000,116.59,116.59,116.51,116.53,2474200000,8
1183710720000,1183711199000,116.52,116.59,116.52,116.585,2005000000,8
1183711200000,1183711679000,116.585,116.64,116.575,116.63,1719400000,8
1183711680000,1183712159000,116.63,116.63,116.56,116.59,2655200000,8
1183712160000,1183712639000,116.59,116.65,116.59,116.62,1706000000,8
1183712640000,1183713119000,116.62,116.66,116.59,116.65,1555600000,8
1183713120000,1183713599000,116.65,116.67,116.6,116.67,1922100000,8
1183713600000,1183714079000,116.67,116.75,116.66,116.69,1581200000,8
1183714080000,1183714559000,116.69,116.72,116.63,116.65,2427400000,8
1183714560000,1183715039000,116.65,116.74,116.62,116.71,1791400000,8
1183715040000,1183715519000,116.71,116.8,116.71,116.74,2833800000,8
1183715520000,1183715999000,116.74,116.76,116.695,116.73,1016900000,8
1183716000000,1183716479000,116.73,116.78,116.7,116.77,1573040000,8
1183716480000,1183716959000,116.77,116.78,116.71,116.76,2506100000,8
1183716960000,1183717439000,116.76,116.8,116.73,116.74,1132300000,8
1183717440000,1183717919000,116.75,116.75,116.685,116.74,1878200000,8
1183717920000,1183718399000,116.74,116.75,116.7,116.75,1987100000,8
1183718400000,1183718879000,116.75,116.77,116.72,116.76,2688300000,8
1183718880000,1183719359000,116.76,116.86,116.755,116.83,3904900000,8
1183719360000,1183719839000,116.84,117.14,116.61,116.972,5355900000,8
1183719840000,1183720319000,117.01,117.11,116.94,117.06,4118000000,8
1183720320000,1183720799000,117.06,117.14,116.98,117.07,3241200000,8
1183720800000,1183721279000,117.03,117.18,117.005,117.16,1881400000,8
1183721280000,1183721759000,117.115,117.21,117.1,117.21,3389000000,8
1183721760000,1183722239000,117.2,117.25,117.112,117.19,2460700000,8
1183722240000,1183722719000,117.19,117.26,117.13,117.24,2552400000,8
1183722720000,1183723199000,117.24,117.25,117.14,117.17,2381800000,8
1183723200000,1183723679000,117.18,117.2,117.14,117.14,1890900000,8
1183723680000,1183724159000,117.14,117.16,117.075,117.13,2670200000,8
1183724160000,1183724639000,117.13,117.14,117.0,117.06,1954700000,8
1183724640000,1183725119000,117.06,117.27,116.95,117.25,3469500000,8
1183725120000,1183725599000,117.22,117.36,117.165,117.28,3919100000,8
1183725600000,1183726079000,117.29,117.35,117.25,117.34,4639300000,8
1183726080000,1183726559000,117.34,117.35,117.265,117.32,4276400000,8
1183726560000,1183727039000,117.325,117.53,117.3,117.44,6104900000,8
1183727040000,1183727519000,117.46,117.55,117.39,117.53,4562900000,8
1183727520000,1183727999000,117.53,117.65,117.5,117.63,4355300000,8
1183728000000,1183728479000,117.62,117.63,117.55,117.57,4116100000,8
1183728480000,1183728959000,117.57,117.61,117.48,117.54,3923500000,8
1183728960000,1183729439000,117.51,117.6,117.505,117.6,3286600000,8
1183729440000,1183729919000,117.6,117.61,117.485,117.525,4757100000,8
1183729920000,1183730399000,117.53,117.63,117.515,117.59,2955000000,8
1183730400000,1183730879000,117.585,117.59,117.48,117.56,3134200000,8
1183730880000,1183731359000,117.56,117.57,117.445,117.5,2902800000,8
1183731360000,1183731839000,117.5,117.58,117.49,117.52,3276500000,8
1183731840000,1183732319000,117.52,117.56,117.47,117.505,3600800000,8
1183732320000,1183732799000,117.51,117.69,117.49,117.63,4118300000,8
1183732800000,1183733279000,117.63,117.7,117.605,117.62,3716300000,8
1183733280000,1183733759000,117.62,117.65,117.47,117.52,3214500000,8
1183733760000,1183734239000,117.52,117.71,117.51,117.63,5001700000,8
1183734240000,1183734719000,117.64,117.64,117.565,117.61,2363900000,8
1183734720000,1183735199000,117.61,117.64,117.57,117.62,1724200000,8
1183735200000,1183735679000,117.63,117.63,117.51,117.54,1751100000,8
1183735680000,1183736159000,117.51,117.54,117.447,117.52,1704400000,8
1183736160000,1183736639000,117.515,117.57,117.495,117.56,1822800000,8
1183736640000,1183737119000,117.56,117.62,117.54,117.59,1666900000,8
1183737120000,1183737599000,117.59,117.65,117.522,117.64,1859900000,8
1183737600000,1183738079000,117.63,117.69,117.595,117.61,2375600000,8
1183738080000,1183738559000,117.62,117.64,117.58,117.615,913800000,8
1183738560000,1183739039000,117.61,117.64,117.565,117.57,1624800000,8
1183739040000,1183739519000,117.565,117.6,117.53,117.6,1573600000,8
1183739520000,1183739999000,117.575,117.61,117.558,117.6,1048470000,8
1183740000000,1183740479000,117.59,117.61,117.56,117.56,531000000,8
1183740480000,1183740959000,117.57,117.59,117.526,117.58,554200000,8
1183740960000,1183741439000,117.58,117.63,117.555,117.58,1065000000,8
1183741440000,1183741919000,117.56,117.6,117.55,117.58,1111600000,8
1183741920000,1183742399000,117.57,117.585,117.53,117.54,1121200000,8
1183742400000,1183742879000,117.54,117.6,117.522,117.57,1052790000,8
1183742880000,1183743359000,117.565,117.59,117.54,117.58,907100000,8
1183743360000,1183743839000,117.545,117.59,117.51,117.56,454500000,8
1183743840000,1183744319000,117.56,117.56,117.505,117.55,691500000,8
1183744320000,1183744799000,117.54,117.55,117.502,117.54,639840000,8
1183744800000,1183745279000,117.545,117.57,115.09,117.57,804910000,8
1183745280000,1183745759000,117.585,117.62,117.565,117.61,1476900000,8
1183745760000,1183746239000,117.61,117.62,117.58,117.58,981600000,8
1183746240000,1183746719000,117.57,117.58,117.522,117.58,1746900000,8
1183746720000,1183747199000,117.58,117.598,117.54,117.56,1402000000,8
1183747200000,1183747679000,117.56,117.565,117.47,117.505,1474620000,8
1183747680000,1183748159000,117.54,117.58,117.535,117.57,1560800000,8
1183748160000,1183748639000,117.565,117.58,117.535,117.55,1549800000,8
1183748640000,1183749119000,117.55,117.57,117.52,117.55,470100000,8
1183749120000,1183749599000,117.54,117.605,117.535,117.59,914600000,8
1183749600000,1183750079000,117.59,117.61,117.54,117.58,1094480000,8
1183750080000,1183750559000,117.57,117.58,117.53,117.57,708040000,8
1183750560000,1183751039000,117.6,117.62,117.55,117.61,1278500000,8
1183751040000,1183751519000,117.61,117.64,117.57,117.58,1407100000,8
1183751520000,1183751999000,117.58,117.62,117.545,117.61,1578300000,8
1183752000000,1183752479000,117.61,117.63,117.54,117.57,919400000,8
1183752480000,1183752959000,117.57,117.59,117.526,117.555,846690000,8
1183752960000,1183753439000,117.56,117.59,117.54,117.58,698400000,8
1183753440000,1183753919000,117.58,117.59,117.56,117.57,486200000,8
1183753920000,1183754399000,117.57,117.61,117.55,117.55,483000000,8
1183754400000,1183754879000,117.56,117.56,117.495,117.51,760600000,8
1183754880000,1183755359000,117.467,117.54,117.467,117.54,1057850000,8
1183755360000,1183755839000,117.54,117.54,117.49,117.5,508700000,8
1183755840000,1183756319000,117.5,117.5,117.5,117.5,0,8
1183756320000,1183756799000,117.5,117.5,117.5,117.5,0,8
1183756800000,1183757279000,117.5,117.5,117.5,117.5,0,8
1183757280000,1183757759000,117.5,117.5,117.5,117.5,0,8
1183757760000,1183758239000,117.5,117.5,117.5,117.5,0,8
1183758240000,1183758719000,117.5,117.5,117.5,117.5,0,8
1183758720000,1183759199000,117.5,117.5,117.5,117.5,0,8
1183759200000,1183759679000,117.5,117.5,117.5,117.5,0,8
1183759680000,1183760159000,117.5,117.5,117.5,117.5,0,8
1183760160000,1183760639000,117.5,117.5,117.5,117.5,0,8
1183760640000,1183761119000,117.5,117.5,117.5,117.5,0,8
1183761120000,1183761599000,117.5,117.5,117.5,117.5,0,8
1183761600000,1183762079000,117.5,117.5,117.5,117.5,0,8
1183762080000,1183762559000,117.5,117.5,117.5,117.5,0,8
1183762560000,1183763039000,117.5,117.5,117.5,117.5,0,8
1183763040000,1183763519000,117.5,117.5,117.5,117.5,0,8
1183763520000,1183763999000,117.5,117.5,117.5,117.5,0,8
1183764000000,1183764479000,117.5,117.5,117.5,117.5,0,8
1183764480000,1183764959000,117.5,117.5,117.5,117.5,0,8
1183764960000,1183765439000,117.5,117.5,117.5,117.5,0,8
1183765440000,1183765919000,117.5,117.5,117.5,117.5,0,8
1183765920000,1183766399000,117.5,117.5,117.5,117.5,0,8
1183933920000,1183934399000,117.67,117.68,117.63,117.64,114400000,8
1183934400000,1183934879000,117.65,117.7,117.62,117.62,78300000,8
1183935360000,1183935839000,117.62,117.64,117.6,117.62,193700000,8
1183935840000,1183936319000,117.62,117.71,117.59,117.61,420000000,8
1183937280000,1183937759000,117.66,117.69,117.64,117.66,1637000000,8
1183938240000,1183938719000,117.665,117.715,117.62,117.665,1773400000,8
1183938720000,1183939199000,117.665,117.74,117.64,117.735,1382900000,8
1183939200000,1183939679000,117.735,117.765,117.685,117.74,913000000,8
1183939680000,1183940159000,117.74,117.76,117.705,117.76,1126000000,8
1183940160000,1183940639000,117.76,117.76,117.7,117.72,871000000,8
1183940640000,1183941119000,117.72,117.74,117.71,117.72,417000000,8
1183941120000,1183941599000,117.72,117.75,117.71,117.73,619000000,8
1183941600000,1183942079000,117.73,117.73,117.66,117.69,471000000,8
1183942080000,1183942559000,117.69,117.74,117.68,117.72,1374000000,8
1183942560000,1183943039000,117.72,117.73,117.69,117.71,684000000,8
1183943040000,1183943519000,117.71,117.77,117.7,117.72,486000000,8
1183943520000,1183943999000,117.72,117.78,117.715,117.78,485000000,8
1183944000000,1183944479000,117.78,117.87,117.76,117.83,623000000,8
1183944480000,1183944959000,117.82,117.86,117.82,117.84,681000000,8
1183944960000,1183945439000,117.83,117.86,117.81,117.82,644000000,8
1183945440000,1183945919000,117.825,117.85,117.81,117.812,767000000,8
1183945920000,1183946399000,113.27,117.9,113.27,117.9,336000000,8
1183946400000,1183946879000,117.9,117.9,117.83,117.86,875000000,8
1183946880000,1183947359000,117.86,117.93,117.83,117.89,2230000000,8
1183947360000,1183947839000,117.89,117.93,117.88,117.93,764000000,8
1183947840000,1183948319000,117.93,117.96,117.91,117.94,447000000,8
1183948320000,1183948799000,117.94,117.94,117.9,117.9,851000000,8
1183948800000,1183949279000,117.9,117.94,117.9,117.915,671000000,8
1183949280000,1183949759000,117.91,117.93,117.91,117.91,500000000,8
1183949760000,1183950239000,117.91,117.92,117.886,117.886,391000000,8
1183950240000,1183950719000,117.893,117.91,113.26,117.9,146000000,8
1183950720000,1183951199000,117.91,117.93,117.87,117.925,661000000,8
1183951200000,1183951679000,117.925,117.94,113.26,117.91,397000000,8
1183951680000,1183952159000,117.91,117.92,117.855,117.9,831000000,8
1183952160000,1183952639000,117.9,117.93,117.89,117.91,906000000,8
1183952640000,1183953119000,117.91,117.97,117.905,117.96,821000000,8
1183953120000,1183953599000,117.97,117.97,117.93,117.95,839000000,8
1183953600000,1183954079000,117.95,117.96,117.93,117.96,673000000,8
1183954080000,1183954559000,117.96,117.97,117.95,117.97,213000000,8
1183954560000,1183955039000,117.97,117.98,113.26,117.957,204000000,8
1183955040000,1183955519000,117.96,118.03,117.94,118.015,903000000,8
1183955520000,1183955999000,118.015,118.015,117.95,117.95,712000000,8
1183956000000,1183956479000,117.95,118.03,117.95,118.02,761000000,8
1183956480000,1183956959000,118.02,118.02,113.26,117.99,320000000,8
1183956960000,1183957439000,117.99,117.99,117.92,117.94,796000000,8
1183957440000,1183957919000,117.94,118.03,117.94,118.02,507000000,8
1183957920000,1183958399000,118.02,118.11,118.01,118.07,1415000000,8
1183958400000,1183958879000,118.07,118.12,118.07,118.106,378000000,8
1183958880000,1183959359000,118.11,118.11,118.045,118.09,777000000,8
1183959360000,1183959839000,118.09,118.21,118.06,118.11,1316000000,8
1183959840000,1183960319000,118.11,118.205,118.11,118.13,907000000,8
1183960320000,1183960799000,118.13,118.19,118.1,118.19,1051000000,8
1183960800000,1183961279000,118.18,118.19,118.145,118.16,1208000000,8
1183961280000,1183961759000,118.16,118.16,118.1,118.12,1284000000,8
1183961760000,1183962239000,118.12,118.12,118.06,118.1,1449000000,8
1183962240000,1183962719000,118.1,118.115,118.035,118.08,1818000000,8
1183962720000,1183963199000,118.08,118.13,118.03,118.12,1480000000,8
1183963200000,1183963679000,118.13,118.13,118.055,118.07,1677000000,8
1183963680000,1183964159000,118.07,118.08,118.03,118.06,1637000000,8
1183964160000,1183964639000,118.06,118.11,117.98,118.0,1794000000,8
1183964640000,1183965119000,118.0,118.05,117.91,117.94,2070000000,8
1183965120000,1183965599000,117.94,117.99,117.895,117.98,2464000000,8
1183965600000,1183966079000,117.98,118.13,117.96,118.09,3058000000,8
1183966080000,1183966559000,118.09,118.14,118.065,118.075,3416000000,8
1183966560000,1183967039000,118.07,118.14,118.04,118.12,3728000000,8
1183967040000,1183967519000,118.14,118.21,118.065,118.08,3321000000,8
1183967520000,1183967999000,118.08,118.09,117.945,118.015,2985000000,8
1183968000000,1183968479000,118.015,118.06,117.99,117.99,1702000000,8
1183968480000,1183968959000,117.99,118.03,117.97,117.98,1890000000,8
1183968960000,1183969439000,117.98,117.99,117.89,117.92,1428000000,8
1183969440000,1183969919000,117.92,117.97,117.84,117.97,4999000000,8
1183969920000,1183970399000,117.97,118.03,117.875,117.89,4545000000,8
1183970400000,1183970879000,117.865,118.08,117.865,118.06,5433000000,8
1183970880000,1183971359000,118.05,118.07,117.96,117.99,3885000000,8
1183971360000,1183971839000,117.99,117.99,117.845,117.92,4785000000,8
1183971840000,1183972319000,117.91,117.92,117.705,117.79,4222000000,8
1183972320000,1183972799000,117.79,117.85,117.78,117.82,2387000000,8
1183972800000,1183973279000,117.82,117.89,117.82,117.87,2823000000,8
1183973280000,1183973759000,117.87,117.9,117.86,117.88,3671000000,8
1183973760000,1183974239000,117.88,117.88,117.77,117.82,3640000000,8
1183974240000,1183974719000,117.82,117.88,117.81,117.87,2659000000,8
1183974720000,1183975199000,117.87,117.93,117.84,117.92,4238000000,8
1183975200000,1183975679000,117.92,117.98,117.9,117.96,2706000000,8
1183975680000,1183976159000,117.97,118.01,117.94,118.0,2428000000,8
1183976160000,1183976639000,118.0,118.0,117.95,117.95,1232000000,8
1183976640000,1183977119000,117.95,118.11,117.95,118.06,2051000000,8
1183977120000,1183977599000,118.06,118.07,117.9,117.96,1761000000,8
1183977600000,1183978079000,117.96,117.97,117.94,117.965,952000000,8
1183978080000,1183978559000,117.965,118.04,117.93,117.94,2032000000,8
1183978560000,1183979039000,117.94,117.98,117.9,117.97,2746000000,8
1183979040000,1183979519000,117.97,117.98,117.85,117.95,2458000000,8
1183979520000,1183979999000,117.95,117.99,117.85,117.97,2313000000,8
1183980000000,1183980479000,117.97,117.98,117.94,117.95,2623000000,8
1183980480000,1183980959000,117.95,117.97,117.85,117.96,2028000000,8
1183980960000,1183981439000,117.96,118.0,117.85,118.0,2981000000,8
1183981440000,1183981919000,118.0,118.01,117.85,117.94,2816000000,8
1183981920000,1183982399000,117.93,117.96,117.835,117.85,3239000000,8
1183982400000,1183982879000,117.92,117.93,117.85,117.89,2150000000,8
1183982880000,1183983359000,117.89,117.92,117.8,117.86,3535000000,8
1183983360000,1183983839000,117.86,117.88,117.735,117.81,6353000000,8
1183983840000,1183984319000,117.815,117.84,117.72,117.77,4793000000,8
1183984320000,1183984799000,117.77,117.8,117.68,117.69,2622000000,8
1183984800000,1183985279000,117.69,117.72,117.56,117.69,3398000000,8
1183985280000,1183985759000,117.69,117.69,117.505,117.52,4776000000,8
1183985760000,1183986239000,117.52,117.65,117.52,117.65,3949000000,8
1183986240000,1183986719000,117.65,117.76,117.63,117.73,3537000000,8
1183986720000,1183987199000,117.74,117.74,117.65,117.69,3421000000,8
1183987200000,1183987679000,117.69,117.69,117.62,117.68,2631000000,8
1183987680000,1183988159000,117.68,117.81,117.66,117.76,4735000000,8
1183988160000,1183988639000,117.76,117.8,117.72,117.77,2101000000,8
1183988640000,1183989119000,117.765,117.8,117.71,117.79,1969000000,8
1183989120000,1183989599000,117.79,117.84,117.74,117.83,2118000000,8
1183989600000,1183990079000,117.83,117.86,117.8,117.83,1556000000,8
1183990080000,1183990559000,117.83,117.84,117.77,117.81,2333000000,8
1183990560000,1183991039000,117.81,117.86,117.76,117.86,2991000000,8
1183991040000,1183991519000,117.86,117.86,117.785,117.8,1420000000,8
1183991520000,1183991999000,117.8,117.83,117.7,117.71,2617000000,8
1183992000000,1183992479000,117.71,117.73,117.605,117.63,3665000000,8
1183992480000,1183992959000,117.63,117.63,117.54,117.59,5033000000,8
1183992960000,1183993439000,117.59,117.67,117.545,117.65,5790000000,8
1183993440000,1183993919000,117.66,117.68,117.63,117.65,1304000000,8
1183993920000,1183994399000,117.65,117.73,117.6,117.73,2623000000,8
1183994400000,1183994879000,117.73,117.75,117.68,117.69,4117000000,8
1183994880000,1183995359000,117.7,117.705,117.63,117.65,4453000000,8
1183995360000,1183995839000,117.65,117.67,117.61,117.63,4332000000,8
1183995840000,1183996319000,117.625,117.64,117.565,117.62,3521000000,8
1183996320000,1183996799000,117.62,117.69,117.605,117.68,2732000000,8
1183996800000,1183997279000,117.68,117.75,117.67,117.71,4385000000,8
1183997280000,1183997759000,117.71,117.71,117.67,117.68,1485000000,8
1183997760000,1183998239000,117.68,117.69,117.63,117.65,2061000000,8
1183998240000,1183998719000,117.65,117.65,117.55,117.62,2758000000,8
1183998720000,1183999199000,117.62,117.63,117.59,117.61,2499000000,8
1183999200000,1183999679000,117.61,117.61,117.57,117.59,2627000000,8
1183999680000,1184000159000,117.59,117.6,117.55,117.57,2194000000,8
1184000160000,1184000639000,117.565,117.59,117.49,117.515,2686000000,8
1184000640000,1184001119000,117.515,117.54,117.48,117.5,2331000000,8
1184001120000,1184001599000,117.5,117.56,117.485,117.56,1152000000,8
1184001600000,1184002079000,117.56,117.64,117.545,117.6,2783000000,8
1184002080000,1184002559000,117.6,117.65,117.59,117.63,1776000000,8
1184002560000,1184003039000,117.63,117.65,117.61,117.63,1194000000,8
1184003040000,1184003519000,117.63,117.65,117.59,117.61,1038000000,8
1184003520000,1184003999000,117.61,117.66,117.6,117.66,600000000,8
1184004000000,1184004479000,117.66,117.68,117.64,117.67,1136000000,8
1184004480000,1184004959000,117.67,117.67,113.26,117.65,1482000000,8
1184004960000,1184005439000,117.65,117.68,117.64,117.66,1759000000,8
1184005440000,1184005919000,117.67,117.68,117.62,117.64,1762000000,8
1184005920000,1184006399000,117.64,117.7,117.63,117.68,1057000000,8
1184006400000,1184006879000,117.68,117.7,117.655,117.68,1572000000,8
1184006880000,1184007359000,117.68,117.69,117.66,117.66,1485000000,8
1184007360000,1184007839000,117.66,117.66,117.61,117.64,1904000000,8
1184007840000,1184008319000,117.64,117.64,117.6,117.635,1698000000,8
1184008320000,1184008799000,117.635,117.64,113.27,117.61,1167000000,8
1184008800000,1184009279000,117.61,117.62,117.56,117.59,1409000000,8
1184009280000,1184009759000,117.59,117.61,117.56,117.58,1592000000,8
1184009760000,1184010239000,117.58,117.59,117.555,117.59,1304000000,8
1184010240000,1184010719000,117.59,117.6,117.535,117.57,2758000000,8
1184010720000,1184011199000,117.57,117.57,117.53,117.55,1787000000,8
1184011200000,1184011679000,117.55,117.57,117.525,117.56,752000000,8
1184011680000,1184012159000,117.56,117.57,117.52,117.56,235000000,8
1184012160000,1184012639000,117.56,117.58,117.525,117.55,294000000,8
1184012640000,1184013119000,117.55,117.57,117.53,117.55,586000000,8
1184013120000,1184013599000,117.55,117.58,117.48,117.51,1109000000,8
1184013600000,1184014079000,117.51,117.52,117.46,117.48,686000000,8
1184014080000,1184014559000,117.48,117.51,117.45,117.51,1633000000,8
1184014560000,1184015039000,117.51,117.53,117.48,117.5,417000000,8
1184015040000,1184015519000,117.5,117.52,117.49,117.51,383000000,8
1184015520000,1184015999000,117.51,117.58,117.445,117.51,1128000000,8
1184016000000,1184016479000,117.51,117.53,117.485,117.51,930000000,8
1184016480000,1184016959000,117.51,117.58,117.485,117.545,1134000000,8
1184016960000,1184017439000,117.545,117.58,117.53,117.545,689000000,8
1184017440000,1184017919000,117.545,117.61,117.535,117.61,776000000,8
1184017920000,1184018399000,117.61,117.64,117.59,117.64,708000000,8
1184018400000,1184018879000,117.64,117.66,117.5,117.6,1954000000,8
1184018880000,1184019359000,117.6,117.62,117.585,117.61,484000000,8
1184019360000,1184019839000,117.61,117.61,117.59,117.6,640000000,8
1184019840000,1184020319000,117.6,117.61,117.58,117.6,588000000,8
1184020320000,1184020799000,117.6,117.64,117.585,117.6,719000000,8
1184020800000,1184021279000,117.6,117.62,117.57,117.6,589000000,8
1184021280000,1184021759000,117.6,117.63,117.57,117.6,709000000,8
1184021760000,1184022239000,117.6,117.62,117.57,117.58,1060000000,8
1184022240000,1184022719000,117.58,117.6,117.47,117.53,3194000000,8
1184022720000,1184023199000,117.53,117.545,117.5,117.515,1275000000,8
1184023200000,1184023679000,117.515,117.53,117.485,117.51,2103000000,8
1184023680000,1184024159000,117.51,117.54,117.51,117.53,703000000,8
1184024160000,1184024639000,117.53,117.53,117.45,117.47,736000000,8
1184024640000,1184025119000,117.465,117.49,117.45,117.48,767000000,8
1184025120000,1184025599000,117.48,117.49,117.45,117.48,1050000000,8
1184025600000,1184026079000,117.48,117.48,117.41,117.45,3227000000,8
1184026080000,1184026559000,117.46,117.48,117.43,117.44,2696000000,8
1184026560000,1184027039000,117.44,117.47,117.385,117.43,2601000000,8
1184027040000,1184027519000,117.43,117.44,117.395,117.43,3515000000,8
1184027520000,1184027999000,117.435,117.45,117.32,117.35,2433000000,8
1184028000000,1184028479000,117.35,117.37,117.27,117.3,1621000000,8
1184028480000,1184028959000,117.3,117.33,117.27,117.32,1640000000,8
1184028960000,1184029439000,117.33,117.35,117.3,117.31,3457000000,8
1184029440000,1184029919000,117.31,117.34,117.3,117.31,1258000000,8
1184029920000,1184030399000,117.31,117.32,117.275,117.3,1644000000,8
1184030400000,1184030879000,117.3,117.31,117.23,117.26,3414000000,8
1184030880000,1184031359000,117.26,117.315,117.25,117.3,1607000000,8
1184031360000,1184031839000,117.3,117.36,117.27,117.335,2158000000,8
1184031840000,1184032319000,117.335,117.36,117.32,117.33,1359000000,8
1184032320000,1184032799000,117.33,117.35,117.3,117.335,1102000000,8
1184032800000,1184033279000,117.335,117.41,117.335,117.38,1750000000,8
1184033280000,1184033759000,117.38,117.38,117.34,117.36,2453000000,8
1184033760000,1184034239000,117.36,117.37,117.34,117.36,826000000,8
1184034240000,1184034719000,117.36,117.38,117.34,117.37,1178000000,8
1184034720000,1184035199000,117.37,117.37,117.32,117.32,608000000,8
1184035200000,1184035679000,117.32,117.35,117.32,117.34,603000000,8
1184035680000,1184036159000,117.34,117.385,117.335,117.345,1220000000,8
1184036160000,1184036639000,117.345,117.36,117.34,117.35,516000000,8
1184036640000,1184037119000,117.35,117.36,113.26,113.27,299000000,8
1184037120000,1184037599000,117.35,117.355,117.24,117.28,1455000000,8
1184037600000,1184038079000,117.265,117.33,117.24,117.32,985000000,8
1184038080000,1184038559000,117.32,117.35,113.26,113.26,490000000,8
1184038560000,1184039039000,117.35,117.36,117.33,117.35,646000000,8
1184039040000,1184039519000,117.35,117.35,117.3,117.3,305000000,8
1184039520000,1184039999000,117.3,117.32,117.28,117.29,1291000000,8
1184040000000,1184040479000,117.29,117.29,117.24,117.28,1164000000,8
1184040480000,1184040959000,117.28,117.29,117.25,117.28,908000000,8
1184040960000,1184041439000,117.28,117.29,117.26,117.28,400000000,8
1184041440000,1184041919000,117.28,117.3,117.265,117.29,525000000,8
1184041920000,1184042399000,117.29,117.31,117.28,117.3,1092000000,8
1184042400000,1184042879000,117.3,117.32,117.27,117.32,2592000000,8
1184042880000,1184043359000,117.32,117.33,117.25,117.27,1697000000,8
1184043360000,1184043839000,117.27,117.32,117.26,117.32,1448000000,8
1184043840000,1184044319000,117.32,117.33,117.24,117.28,3934000000,8
1184044320000,1184044799000,117.28,117.33,117.24,117.27,1883000000,8
1184044800000,1184045279000,117.27,117.35,117.24,117.34,2432000000,8
1184045280000,1184045759000,117.34,117.43,117.335,117.38,1334000000,8
1184045760000,1184046239000,117.38,117.41,117.35,117.37,2497000000,8
1184046240000,1184046719000,117.37,117.44,117.36,117.41,1368000000,8
1184046720000,1184047199000,117.41,117.42,117.375,117.39,1289000000,8
1184047200000,1184047679000,117.385,117.4,117.36,117.4,1520000000,8
1184047680000,1184048159000,117.4,117.415,117.38,117.39,1662000000,8
1184048160000,1184048639000,117.38,117.4,117.37,117.38,1256000000,8
1184048640000,1184049119000,117.38,117.39,117.355,117.39,1131000000,8
1184049120000,1184049599000,117.39,117.4,117.335,117.345,2386000000,8
1184049600000,1184050079000,117.345,117.36,117.25,117.29,4761000000,8
1184050080000,1184050559000,117.29,117.38,117.26,117.37,6047000000,8
1184050560000,1184051039000,117.37,117.49,117.36,117.45,4118000000,8
1184051040000,1184051519000,117.46,117.48,117.41,117.47,1657000000,8
1184051520000,1184051999000,117.47,117.49,117.42,117.48,2804000000,8
1184052000000,1184052479000,117.48,117.54,117.415,117.47,4137000000,8
1184052480000,1184052959000,117.47,117.51,117.435,117.5,2511000000,8
1184052960000,1184053439000,117.5,117.54,117.46,117.54,2868000000,8
1184053440000,1184053919000,117.54,117.73,117.53,117.71,4503000000,8
1184053920000,1184054399000,117.71,117.71,117.6,117.6,2431000000,8
1184054400000,1184054879000,117.6,117.66,117.5,117.5,4437000000,8
1184054880000,1184055359000,117.5,117.6,117.49,117.56,2524000000,8
1184055360000,1184055839000,117.56,117.57,117.385,117.51,3832000000,8
1184055840000,1184056319000,117.51,117.52,117.42,117.43,3408000000,8
1184056320000,1184056799000,117.43,117.44,117.34,117.36,4132000000,8
1184056800000,1184057279000,117.36,117.41,117.33,117.37,3825000000,8
1184057280000,1184057759000,117.37,117.42,117.37,117.38,2507000000,8
1184057760000,1184058239000,117.38,117.5,117.36,117.49,2473000000,8
1184058240000,1184058719000,117.48,117.49,117.45,117.49,2456000000,8
1184058720000,1184059199000,117.49,117.52,117.47,117.52,2617000000,8
1184059200000,1184059679000,117.52,117.57,117.48,117.49,1798000000,8
1184059680000,1184060159000,117.49,117.5,117.46,117.49,1819000000,8
1184060160000,1184060639000,117.49,117.49,117.42,117.48,2744000000,8
1184060640000,1184061119000,117.48,117.5,115.75,117.47,3192000000,8
1184061120000,1184061599000,117.47,117.55,117.41,117.54,3203000000,8
1184061600000,1184062079000,117.545,117.57,117.46,117.47,3739000000,8
1184062080000,1184062559000,117.47,117.51,117.44,117.47,3482000000,8
1184062560000,1184063039000,117.47,117.505,117.41,117.47,3317000000,8
1184063040000,1184063519000,117.47,117.48,117.36,117.475,3912000000,8
1184063520000,1184063999000,117.475,117.64,117.45,117.625,3655000000,8
1184064000000,1184064479000,117.625,117.63,117.49,117.52,2922000000,8
1184064480000,1184064959000,117.52,117.55,117.51,117.52,1096000000,8
1184064960000,1184065439000,117.52,117.56,117.42,117.45,2662000000,8
1184065440000,1184065919000,117.45,117.5,117.43,117.49,2564000000,8
1184065920000,1184066399000,117.49,117.55,117.45,117.55,1415000000,8
1184066400000,1184066879000,117.55,117.59,117.5,117.5,1792000000,8
1184066880000,1184067359000,117.5,117.53,117.43,117.43,1937000000,8
1184067360000,1184067839000,117.43,117.49,117.34,117.37,3548000000,8
1184067840000,1184068319000,117.37,117.44,117.34,117.39,3370000000,8
1184068320000,1184068799000,117.39,117.43,117.35,117.39,2733000000,8
1184068800000,1184069279000,117.38,117.41,117.32,117.32,2484000000,8
1184069280000,1184069759000,117.32,117.33,117.115,117.17,6931000000,8
1184069760000,1184070239000,117.17,117.19,116.96,117.04,8004000000,8
1184070240000,1184070719000,117.03,117.11,117.0,117.06,5523000000,8
1184070720000,1184071199000,117.06,117.17,117.01,117.03,4126000000,8
1184071200000,1184071679000,117.03,117.16,116.965,117.11,4677000000,8
1184071680000,1184072159000,117.11,117.11,116.92,116.94,4853000000,8
1184072160000,1184072639000,116.94,116.97,116.36,116.46,6977000000,8
1184072640000,1184073119000,116.465,117.01,116.425,116.91,7900000000,8
1184073120000,1184073599000,116.87,116.93,116.555,116.59,5830000000,8
1184073600000,1184074079000,116.61,116.62,116.16,116.25,6411000000,8
1184074080000,1184074559000,116.25,116.4,116.21,116.21,4828000000,8
1184074560000,1184075039000,116.21,116.26,116.08,116.1,3587000000,8
1184075040000,1184075519000,116.11,116.2,115.93,115.97,5121000000,8
1184075520000,1184075999000,115.98,116.18,115.98,116.13,4765000000,8
1184076000000,1184076479000,116.13,116.21,116.07,116.18,4578000000,8
1184076480000,1184076959000,116.19,116.31,116.15,116.26,4150000000,8
1184076960000,1184077439000,116.26,116.29,116.16,116.2,2723000000,8
1184077440000,1184077919000,116.2,116.22,116.09,116.13,2802000000,8
1184077920000,1184078399000,116.13,116.2,116.01,116.13,4780000000,8
1184078400000,1184078879000,116.13,116.15,115.75,115.905,4936000000,8
1184078880000,1184079359000,115.905,116.1,115.84,116.065,6063000000,8
1184079360000,1184079839000,116.06,116.26,116.035,116.24,5443000000,8
1184079840000,1184080319000,116.26,116.29,115.75,116.15,3506000000,8
1184080320000,1184080799000,116.15,116.28,116.12,116.22,4124000000,8
1184080800000,1184081279000,116.21,116.32,116.2,116.24,4306000000,8
1184081280000,1184081759000,116.24,116.26,116.18,116.18,2921000000,8
1184081760000,1184082239000,116.18,116.3,116.135,116.25,3984000000,8
1184082240000,1184082719000,116.25,116.31,116.205,116.22,2840000000,8
1184082720000,1184083199000,116.23,116.24,116.105,116.14,3450000000,8
1184083200000,1184083679000,116.14,116.17,116.09,116.12,3277000000,8
1184083680000,1184084159000,116.13,116.17,116.085,116.12,2963000000,8
1184084160000,1184084639000,116.12,116.2,116.115,116.18,1374000000,8
1184084640000,1184085119000,116.18,116.19,116.16,116.18,1282000000,8
1184085120000,1184085599000,116.18,116.2,116.135,116.19,1631000000,8
1184085600000,1184086079000,116.19,116.21,116.14,116.15,1913000000,8
1184086080000,1184086559000,116.15,116.27,116.15,116.265,1177000000,8
1184086560000,1184087039000,116.265,116.27,116.15,116.18,3760000000,8
1184087040000,1184087519000,116.18,116.28,116.18,116.25,2933000000,8
1184087520000,1184087999000,116.25,116.27,116.22,116.235,1602000000,8
1184088000000,1184088479000,116.235,116.245,116.165,116.2,2987000000,8
1184088480000,1184088959000,116.2,116.31,116.2,116.31,1744000000,8
1184088960000,1184089439000,116.31,116.32,116.27,116.27,1713000000,8
1184089440000,1184089919000,116.27,116.3,116.09,116.11,3141000000,8
1184089920000,1184090399000,116.11,116.16,116.08,116.12,2298000000,8
1184090400000,1184090879000,116.12,116.175,116.07,116.16,3010000000,8
1184090880000,1184091359000,116.16,116.19,116.13,116.13,1967000000,8
1184091360000,1184091839000,116.13,116.19,116.13,116.14,1927000000,8
1184091840000,1184092319000,116.14,116.17,116.105,116.12,795000000,8
1184092320000,1184092799000,116.12,116.15,116.085,116.15,1514000000,8
1184092800000,1184093279000,116.15,116.19,116.1,116.12,2843000000,8
1184093280000,1184093759000,116.12,116.16,116.055,116.11,3541000000,8
1184093760000,1184094239000,116.11,116.11,116.025,116.06,3388000000,8
1184094240000,1184094719000,116.06,116.06,116.0,116.01,2249000000,8
1184094720000,1184095199000,116.005,116.04,116.0,116.02,1220000000,8
1184095200000,1184095679000,116.02,116.06,116.01,116.04,1535000000,8
1184095680000,1184096159000,116.04,116.06,116.0,116.02,2278000000,8
1184096160000,1184096639000,116.02,116.03,115.97,115.98,1296000000,8
1184096640000,1184097119000,115.98,116.03,115.97,115.99,1781000000,8
1184097120000,1184097599000,115.99,116.02,115.965,115.98,1416000000,8
1184097600000,1184098079000,115.98,115.98,115.865,115.89,2061000000,8
1184098080000,1184098559000,115.89,115.92,115.8,115.91,1664000000,8
1184098560000,1184099039000,115.91,115.93,115.825,115.835,1088000000,8
1184099040000,1184099519000,115.835,115.85,115.77,115.8,2030000000,8
1184099520000,1184099999000,115.8,115.83,115.76,115.81,823000000,8
1184100000000,1184100479000,115.81,115.82,115.65,115.71,1723000000,8
1184100480000,1184100959000,115.71,115.73,115.59,115.655,1321000000,8
1184100960000,1184101439000,115.655,115.655,115.39,115.48,1667000000,8
1184101440000,1184101919000,115.45,115.5,115.37,115.48,473000000,8
1184101920000,1184102399000,115.48,115.5,115.385,115.495,854000000,8
1184102400000,1184102879000,115.495,115.51,115.41,115.41,1255000000,8
1184102880000,1184103359000,115.43,115.43,115.18,115.25,3535000000,8
1184103360000,1184103839000,115.25,115.25,114.96,115.18,3812000000,8
1184103840000,1184104319000,115.18,115.23,114.99,115.12,4269000000,8
1184104320000,1184104799000,115.12,115.2,115.0,115.09,3769000000,8
1184104800000,1184105279000,115.09,115.09,114.85,114.92,3774000000,8
1184105280000,1184105759000,114.92,114.93,114.63,114.63,5062000000,8
1184105760000,1184106239000,114.63,114.71,114.48,114.575,3897000000,8
1184106240000,1184106719000,114.56,114.85,114.53,114.78,3850000000,8
1184106720000,1184107199000,114.78,114.99,114.765,114.97,2865000000,8
1184107200000,1184107679000,114.97,115.02,114.89,115.0,2253000000,8
1184107680000,1184108159000,115.0,115.12,114.97,115.03,1653000000,8
1184108160000,1184108639000,115.02,115.04,114.86,114.98,3201000000,8
1184108640000,1184109119000,114.98,115.07,114.96,115.06,1126000000,8
1184109120000,1184109599000,115.06,115.16,115.06,115.15,2751000000,8
1184109600000,1184110079000,115.15,115.24,115.135,115.19,2223000000,8
1184110080000,1184110559000,115.19,115.355,115.17,115.355,2919000000,8
1184110560000,1184111039000,115.355,115.42,115.3,115.37,4758000000,8
1184111040000,1184111519000,115.37,115.47,115.37,115.43,3338000000,8
1184111520000,1184111999000,115.43,115.52,115.41,115.44,2852000000,8
1184112000000,1184112479000,115.44,115.49,115.42,115.48,1822000000,8
1184112480000,1184112959000,115.48,115.48,115.37,115.42,4045000000,8
1184112960000,1184113439000,115.42,115.485,115.42,115.47,1933000000,8
1184113440000,1184113919000,115.47,115.53,115.45,115.5,2890000000,8
1184113920000,1184114399000,115.5,115.56,115.48,115.55,3233000000,8
1184114400000,1184114879000,115.55,115.62,115.495,115.53,3457000000,8
1184114880000,1184115359000,115.53,115.53,115.42,115.5,3206000000,8
1184115360000,1184115839000,115.5,115.51,115.45,115.49,1367000000,8
1184115840000,1184116319000,115.45,115.49,115.36,115.37,2620000000,8
1184116320000,1184116799000,115.37,115.44,115.35,115.44,2660000000,8
1184116800000,1184117279000,115.44,115.45,115.38,115.42,1587000000,8
1184117280000,1184117759000,115.42,115.47,115.37,115.44,2712000000,8
1184117760000,1184118239000,115.44,115.45,115.4,115.41,1393000000,8
1184118240000,1184118719000,115.41,115.42,115.38,115.38,862000000,8
1184118720000,1184119199000,115.38,115.4,115.36,115.39,1499000000,8
1184119200000,1184119679000,115.39,115.41,115.365,115.38,1595000000,8
1184119680000,1184120159000,115.38,115.4,115.3,115.33,1423000000,8
1184120160000,1184120639000,115.33,115.34,115.25,115.34,1638000000,8
1184120640000,1184121119000,115.34,115.38,115.33,115.33,3112000000,8
1184121120000,1184121599000,115.35,115.375,115.32,115.32,2099000000,8
1184121600000,1184122079000,115.32,115.34,115.3,115.32,1203000000,8
1184122080000,1184122559000,115.32,115.34,113.26,115.34,754000000,8
1184122560000,1184123039000,115.34,115.37,115.31,115.33,1615000000,8
1184123040000,1184123519000,115.32,115.32,115.3,115.3,1006000000,8
1184123520000,1184123999000,115.32,115.33,115.26,115.3,1662000000,8
1184124000000,1184124479000,115.3,115.32,115.27,115.29,2522000000,8
1184124480000,1184124959000,115.29,115.37,115.27,115.33,2337000000,8
1184124960000,1184125439000,115.33,115.38,115.33,115.37,1448000000,8
1184125440000,1184125919000,115.37,115.39,115.33,115.35,1578000000,8
1184125920000,1184126399000,115.35,115.36,115.32,115.35,2381000000,8
1184126400000,1184126879000,115.35,115.36,115.29,115.31,1140000000,8
1184126880000,1184127359000,115.29,115.32,115.28,115.29,1246000000,8
1184127360000,1184127839000,115.29,115.36,115.29,115.36,992000000,8
1184127840000,1184128319000,115.36,115.4,115.345,115.39,1407000000,8
1184128320000,1184128799000,115.39,115.46,115.37,115.41,2968000000,8
1184128800000,1184129279000,115.41,115.42,115.37,115.39,1492000000,8
1184129280000,1184129759000,115.39,115.4,115.33,115.39,1547000000,8
1184129760000,1184130239000,115.39,115.4,115.34,115.35,1859000000,8
1184130240000,1184130719000,115.35,115.37,115.31,115.37,1515000000,8
1184130720000,1184131199000,115.37,115.4,115.32,115.335,3315000000,8
1184131200000,1184131679000,115.335,115.34,115.085,115.11,6149000000,8
1184131680000,1184132159000,115.1,115.11,114.99,114.995,3141000000,8
1184132160000,1184132639000,114.995,115.02,114.86,114.87,5081000000,8
1184132640000,1184133119000,114.87,114.89,114.72,114.73,4617000000,8
1184133120000,1184133599000,114.73,114.8,114.68,114.8,6326000000,8
1184133600000,1184134079000,114.8,115.0,114.79,114.93,7269000000,8
1184134080000,1184134559000,114.93,115.035,114.93,114.97,4649000000,8
1184134560000,1184135039000,114.96,115.0,114.8,114.95,6938000000,8
1184135040000,1184135519000,114.945,114.96,114.35,114.86,6146000000,8
1184135520000,1184135999000,114.86,114.89,114.78,114.78,4330000000,8
1184136000000,1184136479000,114.78,114.85,114.74,114.77,5169000000,8
1184136480000,1184136959000,114.77,114.8,114.66,114.69,6385000000,8
1184136960000,1184137439000,114.69,114.7,114.58,114.65,5757000000,8
1184137440000,1184137919000,114.65,114.74,114.62,114.69,7637000000,8
1184137920000,1184138399000,114.69,114.72,114.45,114.5,5423000000,8
1184138400000,1184138879000,114.5,114.76,114.49,114.72,7053000000,8
1184138880000,1184139359000,114.73,114.78,114.62,114.62,6360000000,8
1184139360000,1184139839000,114.62,114.74,114.61,114.68,5655000000,8
1184139840000,1184140319000,114.68,114.73,114.63,114.72,6406000000,8
1184140320000,1184140799000,114.73,114.79,114.68,114.75,4465000000,8
1184140800000,1184141279000,114.75,114.78,114.7,114.755,4519000000,8
1184141280000,1184141759000,114.755,114.77,114.675,114.71,2999000000,8
1184141760000,1184142239000,114.71,114.87,112.85,114.84,7893000000,8
1184142240000,1184142719000,114.84,114.86,114.765,114.8,2521000000,8
1184142720000,1184143199000,114.8,114.83,114.77,114.8,2441000000,8
1184143200000,1184143679000,114.8,114.94,114.8,114.87,4194000000,8
1184143680000,1184144159000,114.87,114.9,114.78,114.78,4113000000,8
1184144160000,1184144639000,114.78,114.92,114.77,114.84,6663000000,8
1184144640000,1184145119000,114.84,114.87,114.76,114.8,4673000000,8
1184145120000,1184145599000,114.8,114.8,114.62,114.68,4738000000,8
1184145600000,1184146079000,114.68,114.77,114.66,114.75,5510000000,8
1184146080000,1184146559000,114.75,114.8,114.7,114.7,2387000000,8
1184146560000,1184147039000,114.7,114.72,114.64,114.65,5278000000,8
1184147040000,1184147519000,114.655,114.74,114.63,114.71,6452000000,8
1184147520000,1184147999000,114.71,114.76,114.69,114.69,3696000000,8
1184148000000,1184148479000,114.69,114.81,114.61,114.795,6029000000,8
1184148480000,1184148959000,114.795,114.86,114.75,114.85,4802000000,8
1184148960000,1184149439000,114.86,114.96,114.825,114.875,3575000000,8
1184149440000,1184149919000,114.875,114.93,114.86,114.89,4513000000,8
1184149920000,1184150399000,114.89,114.92,114.8,114.84,4025000000,8
1184150400000,1184150879000,114.84,114.97,114.83,114.96,4365000000,8
1184150880000,1184151359000,114.96,115.04,114.89,114.92,5123000000,8
1184151360000,1184151839000,114.92,114.96,114.76,114.765,5524000000,8
1184151840000,1184152319000,114.765,114.81,114.69,114.69,5437000000,8
1184152320000,1184152799000,114.69,114.83,114.615,114.78,7213000000,8
1184152800000,1184153279000,114.78,114.87,114.77,114.8,6126000000,8
1184153280000,1184153759000,114.81,114.82,114.715,114.73,5812000000,8
1184153760000,1184154239000,114.74,114.74,114.58,114.65,7226000000,8
1184154240000,1184154719000,114.65,114.74,114.625,114.69,4709000000,8
1184154720000,1184155199000,114.69,114.84,114.66,114.84,6128000000,8
1184155200000,1184155679000,114.84,114.85,114.715,114.8,3727000000,8
1184155680000,1184156159000,114.81,114.9,114.78,114.835,3990000000,8
1184156160000,1184156639000,114.84,114.86,114.77,114.83,3878000000,8
1184156640000,1184157119000,114.83,114.9,114.775,114.82,4933000000,8
1184157120000,1184157599000,114.825,115.17,114.79,115.09,6417000000,8
1184157600000,1184158079000,115.09,115.1,114.95,115.02,5334000000,8
1184158080000,1184158559000,115.02,115.13,114.995,115.13,5187000000,8
1184158560000,1184159039000,115.13,115.46,115.1,115.38,7834000000,8
1184159040000,1184159519000,115.38,115.42,115.23,115.24,6391000000,8
1184159520000,1184159999000,115.24,115.25,115.07,115.08,4667000000,8
1184160000000,1184160479000,115.08,115.18,115.06,115.14,4125000000,8
1184160480000,1184160959000,115.14,115.37,115.12,115.365,3692000000,8
1184160960000,1184161439000,115.36,115.55,115.36,115.44,7319000000,8
1184161440000,1184161919000,115.44,115.58,115.43,115.49,5773000000,8
1184161920000,1184162399000,115.49,115.49,115.24,115.29,6160000000,8
1184162400000,1184162879000,115.28,115.4,115.23,115.35,4514000000,8
1184162880000,1184163359000,115.34,115.49,115.34,115.43,4365000000,8
1184163360000,1184163839000,115.43,115.55,115.38,115.51,4990000000,8
1184163840000,1184164319000,115.5,115.51,115.33,115.365,3225000000,8
1184164320000,1184164799000,115.365,115.39,115.3,115.34,2765000000,8
1184164800000,1184165279000,115.34,115.34,115.25,115.275,4710000000,8
1184165280000,1184165759000,115.28,115.3,115.08,115.17,8007000000,8
1184165760000,1184166239000,115.18,115.38,115.14,115.38,7175000000,8
1184166240000,1184166719000,115.38,115.51,115.32,115.51,5437000000,8
1184166720000,1184167199000,115.51,115.65,115.505,115.55,4978000000,8
1184167200000,1184167679000,115.55,115.7,115.54,115.61,4832000000,8
1184167680000,1184168159000,115.62,115.65,115.56,115.59,3199000000,8
1184168160000,1184168639000,115.59,115.72,115.58,115.65,5483000000,8
1184168640000,1184169119000,115.65,115.73,115.635,115.73,3715000000,8
1184169120000,1184169599000,115.73,115.73,115.63,115.665,3481000000,8
1184169600000,1184170079000,115.67,115.69,115.595,115.65,2724000000,8
1184170080000,1184170559000,115.66,115.72,115.6,115.67,3376000000,8
1184170560000,1184171039000,115.68,115.7,115.615,115.67,2496000000,8
1184171040000,1184171519000,115.67,115.71,115.61,115.65,2437000000,8
1184171520000,1184171999000,115.64,115.67,115.54,115.6,3601000000,8
1184172000000,1184172479000,115.6,115.64,115.52,115.57,1985000000,8
1184172480000,1184172959000,115.59,115.63,115.55,115.58,1555000000,8
1184172960000,1184173439000,115.58,115.63,115.56,115.61,1293000000,8
1184173440000,1184173919000,115.61,115.64,115.61,115.625,1067000000,8
1184173920000,1184174399000,115.62,115.63,115.59,115.595,1455000000,8
1184174400000,1184174879000,115.595,115.61,115.545,115.555,1500000000,8
1184174880000,1184175359000,115.555,115.62,115.51,115.61,3085000000,8
1184175360000,1184175839000,115.61,115.72,115.6,115.7,2590000000,8
1184175840000,1184176319000,115.7,115.72,115.615,115.67,1693000000,8
1184176320000,1184176799000,115.67,115.71,115.64,115.66,2875000000,8
1184176800000,1184177279000,115.65,115.76,115.61,115.68,3795000000,8
1184177280000,1184177759000,115.68,115.69,115.54,115.615,3335000000,8
1184177760000,1184178239000,115.615,115.67,115.61,115.65,3167000000,8
1184178240000,1184178719000,115.65,115.65,115.545,115.65,3534000000,8
1184178720000,1184179199000,115.66,115.67,115.57,115.59,4414000000,8
1184179200000,1184179679000,115.59,115.65,115.58,115.6,2649000000,8
1184179680000,1184180159000,115.6,115.67,115.585,115.66,2959000000,8
1184180160000,1184180639000,115.65,115.66,115.61,115.62,3202000000,8
1184180640000,1184181119000,115.62,115.68,115.6,115.65,2586000000,8
1184181120000,1184181599000,115.66,115.79,115.63,115.785,2387000000,8
1184181600000,1184182079000,115.79,115.86,115.775,115.85,3232000000,8
1184182080000,1184182559000,115.85,115.85,115.79,115.8,2290000000,8
1184182560000,1184183039000,115.8,115.92,115.74,115.9,2894000000,8
1184183040000,1184183519000,115.9,115.93,115.835,115.89,2336000000,8
1184183520000,1184183999000,115.89,115.99,115.835,115.98,2004000000,8
1184184000000,1184184479000,115.98,116.05,115.95,116.01,2511000000,8
1184184480000,1184184959000,116.03,116.19,116.01,116.09,4179000000,8
1184184960000,1184185439000,116.09,116.145,116.035,116.14,1919000000,8
1184185440000,1184185919000,116.14,116.21,116.13,116.2,1237000000,8
1184185920000,1184186399000,116.2,116.24,116.155,116.2,2484000000,8
1184186400000,1184186879000,116.2,116.21,116.15,116.16,1051000000,8
1184186880000,1184187359000,116.16,116.19,116.11,116.13,913000000,8
1184187360000,1184187839000,116.13,116.17,116.075,116.11,573000000,8
1184187840000,1184188319000,116.11,116.15,116.095,116.1,662000000,8
1184188320000,1184188799000,116.1,116.11,115.975,116.015,1674000000,8
1184188800000,1184189279000,116.015,116.025,115.97,116.01,738000000,8
1184189280000,1184189759000,116.01,116.02,115.99,116.005,441000000,8
1184189760000,1184190239000,116.005,116.02,115.935,115.945,728000000,8
1184190240000,1184190719000,115.95,116.0,115.88,115.98,1320000000,8
1184190720000,1184191199000,115.98,116.035,115.905,116.03,1089000000,8
1184191200000,1184191679000,116.03,116.06,115.99,116.005,1133000000,8
1184191680000,1184192159000,116.005,116.06,116.005,116.04,392000000,8
1184192160000,1184192639000,116.04,116.04,115.99,116.03,612000000,8
1184192640000,1184193119000,116.03,116.04,115.99,116.01,963000000,8
1184193120000,1184193599000,115.995,115.995,115.945,115.97,1345000000,8
1184193600000,1184194079000,115.97,115.98,115.915,115.96,1615000000,8
1184194080000,1184194559000,115.96,115.98,115.925,115.94,1355000000,8
1184194560000,1184195039000,115.94,115.94,115.87,115.94,1180000000,8
1184195040000,1184195519000,115.93,115.98,115.93,115.97,1041000000,8
1184195520000,1184195999000,115.98,115.99,115.96,115.97,1028000000,8
1184196000000,1184196479000,115.97,115.97,115.91,115.92,1036000000,8
1184196480000,1184196959000,115.92,115.93,115.875,115.9,597000000,8
1184196960000,1184197439000,115.9,115.925,115.855,115.89,1109000000,8
1184197440000,1184197919000,115.89,115.92,115.87,115.9,540000000,8
1184197920000,1184198399000,115.9,115.995,115.89,115.99,2843000000,8
1184198400000,1184198879000,115.99,115.995,115.9,115.91,1722000000,8
1184198880000,1184199359000,115.91,115.94,115.88,115.93,1483000000,8
1184199360000,1184199839000,115.93,115.96,115.9,115.93,1023000000,8
1184199840000,1184200319000,115.92,115.93,115.88,115.91,1226000000,8
1184200320000,1184200799000,115.91,115.92,115.86,115.89,545000000,8
1184200800000,1184201279000,115.89,115.89,115.86,115.87,706000000,8
1184201280000,1184201759000,115.87,115.94,115.87,115.94,1212000000,8
1184201760000,1184202239000,115.94,115.98,115.935,115.98,976000000,8
1184202240000,1184202719000,115.98,116.02,115.975,116.0,1349000000,8
1184202720000,1184203199000,116.0,116.02,115.96,115.98,756000000,8
1184203200000,1184203679000,115.98,116.01,115.96,115.97,470000000,8
1184203680000,1184204159000,115.97,115.99,115.955,115.97,2182000000,8
1184204160000,1184204639000,115.97,115.98,115.93,115.93,562000000,8
1184204640000,1184205119000,115.94,115.96,115.915,115.93,553000000,8
1184205120000,1184205599000,115.93,115.93,115.89,115.92,430000000,8
1184205600000,1184206079000,115.92,115.92,115.82,115.845,1145000000,8
1184206080000,1184206559000,115.86,115.87,115.805,115.805,519000000,8
1184206560000,1184207039000,115.805,115.86,115.805,115.84,436000000,8
1184207040000,1184207519000,115.84,115.88,115.805,115.87,1074000000,8
1184207520000,1184207999000,115.87,115.87,115.84,115.85,526000000,8
1184208000000,1184208479000,115.85,115.9,115.85,115.9,411000000,8
1184208480000,1184208959000,115.9,115.94,115.89,115.92,338000000,8
1184208960000,1184209439000,115.89,116.0,115.89,115.98,453000000,8
1184209440000,1184209919000,115.98,116.0,115.93,115.95,1247000000,8
1184209920000,1184210399000,115.95,116.02,113.26,115.97,1156000000,8
1184210400000,1184210879000,115.97,116.01,115.945,115.98,1516000000,8
1184210880000,1184211359000,115.98,115.99,115.94,115.99,1875000000,8
1184211360000,1184211839000,115.99,116.0,115.95,115.98,1970000000,8
1184211840000,1184212319000,115.98,115.98,115.88,115.88,2425000000,8
1184212320000,1184212799000,115.88,116.11,115.88,116.07,3732000000,8
1184212800000,1184213279000,116.07,116.11,115.99,116.08,2250000000,8
1184213280000,1184213759000,116.08,116.12,116.045,116.06,2240000000,8
1184213760000,1184214239000,116.06,116.13,116.035,116.12,3079000000,8
1184214240000,1184214719000,116.12,116.15,116.04,116.04,1808000000,8
1184214720000,1184215199000,116.04,116.07,115.98,116.04,3845000000,8
1184215200000,1184215679000,116.04,116.06,116.0,116.02,1128000000,8
1184215680000,1184216159000,116.02,116.06,116.01,116.04,1379000000,8
1184216160000,1184216639000,116.04,116.11,116.03,116.08,1834000000,8
1184216640000,1184217119000,116.08,116.1,116.035,116.05,1051000000,8
1184217120000,1184217599000,116.05,116.08,116.04,116.07,472000000,8
1184217600000,1184218079000,116.07,116.07,116.01,116.03,790000000,8
1184218080000,1184218559000,116.03,116.06,116.01,116.02,1616000000,8
1184218560000,1184219039000,116.02,116.06,116.015,116.05,1271000000,8
1184219040000,1184219519000,116.05,116.06,116.0,116.01,2526000000,8
1184219520000,1184219999000,116.025,116.05,116.01,116.02,1304000000,8
1184220000000,1184220479000,116.02,116.03,115.95,115.98,2914000000,8
1184220480000,1184220959000,115.98,116.05,115.92,116.05,1782000000,8
1184220960000,1184221439000,116.05,116.14,116.01,116.1,2862000000,8
1184221440000,1184221919000,116.1,116.16,116.07,116.15,2385000000,8
1184221920000,1184222399000,116.15,116.16,116.035,116.05,2784000000,8
1184222400000,1184222879000,116.05,116.09,116.02,116.07,2307000000,8
1184222880000,1184223359000,116.07,116.09,116.01,116.01,2668000000,8
1184223360000,1184223839000,116.01,116.04,115.82,115.84,4458000000,8
1184223840000,1184224319000,115.84,115.92,115.75,115.83,6817000000,8
1184224320000,1184224799000,115.83,116.0,115.83,115.935,5142000000,8
1184224800000,1184225279000,115.935,116.0,115.895,115.95,4656000000,8
1184225280000,1184225759000,115.95,115.97,115.835,115.93,4563000000,8
1184225760000,1184226239000,115.93,116.04,115.93,116.04,6439000000,8
1184226240000,1184226719000,116.04,116.17,116.035,116.17,4492000000,8
1184226720000,1184227199000,116.17,116.22,116.085,116.2,5873000000,8
1184227200000,1184227679000,116.2,116.2,116.055,116.14,6743000000,8
1184227680000,1184228159000,116.13,116.18,116.085,116.09,5404000000,8
1184228160000,1184228639000,116.09,116.12,116.05,116.11,3199000000,8
1184228640000,1184229119000,116.11,116.19,116.06,116.09,5218000000,8
1184229120000,1184229599000,116.09,116.21,116.07,116.155,3632000000,8
1184229600000,1184230079000,116.17,116.18,116.11,116.16,2303000000,8
1184230080000,1184230559000,116.16,116.18,116.05,116.1,4702000000,8
1184230560000,1184231039000,116.1,116.15,116.03,116.045,3889000000,8
1184231040000,1184231519000,116.045,116.08,116.0,116.03,3414000000,8
1184231520000,1184231999000,116.03,116.12,116.02,116.09,3530000000,8
1184232000000,1184232479000,116.09,116.11,116.05,116.08,1812000000,8
1184232480000,1184232959000,116.08,116.1,115.99,116.085,3312000000,8
1184232960000,1184233439000,116.085,116.17,116.07,116.11,4158000000,8
1184233440000,1184233919000,116.11,116.17,116.0,116.055,3974000000,8
1184233920000,1184234399000,116.055,116.08,116.03,116.05,2237000000,8
1184234400000,1184234879000,116.04,116.08,116.03,116.05,1696000000,8
1184234880000,1184235359000,116.05,116.13,116.02,116.13,2548000000,8
1184235360000,1184235839000,116.13,116.195,116.105,116.14,1458000000,8
1184235840000,1184236319000,116.14,116.2,116.11,116.17,2121000000,8
1184236320000,1184236799000,116.17,116.18,116.105,116.11,2637000000,8
1184236800000,1184237279000,116.11,116.15,115.99,116.06,2569000000,8
1184237280000,1184237759000,116.06,116.085,115.995,116.02,3300000000,8
1184237760000,1184238239000,116.02,116.14,116.02,116.07,5614000000,8
1184238240000,1184238719000,116.07,116.13,116.03,116.09,3615000000,8
1184238720000,1184239199000,116.09,116.11,116.03,116.1,4113000000,8
1184239200000,1184239679000,116.1,116.12,116.06,116.12,3195000000,8
1184239680000,1184240159000,116.12,116.15,116.09,116.12,3036000000,8
1184240160000,1184240639000,116.12,116.15,116.08,116.13,3840000000,8
1184240640000,1184241119000,116.13,116.2,116.11,116.18,3569000000,8
1184241120000,1184241599000,116.18,116.21,116.125,116.17,3930000000,8
1184241600000,1184242079000,116.18,116.19,116.095,116.16,2395000000,8
1184242080000,1184242559000,116.16,116.29,116.12,116.23,3351000000,8
1184242560000,1184243039000,116.23,116.27,116.135,116.2,3532000000,8
1184243040000,1184243519000,116.2,116.5,116.13,116.485,4802000000,8
1184243520000,1184243999000,116.48,116.52,116.345,116.42,6739000000,8
1184244000000,1184244479000,116.41,116.49,116.41,116.47,4644000000,8
1184244480000,1184244959000,116.47,116.51,116.385,116.49,6102000000,8
1184244960000,1184245439000,116.5,116.64,116.45,116.62,4636000000,8
1184245440000,1184245919000,116.62,116.66,116.555,116.61,4352000000,8
1184245920000,1184246399000,116.58,116.66,116.56,116.605,5983000000,8
1184246400000,1184246879000,116.605,116.75,116.59,116.705,5795000000,8
1184246880000,1184247359000,116.69,116.78,116.66,116.7,6045000000,8
1184247360000,1184247839000,116.7,116.77,116.68,116.74,4474000000,8
1184247840000,1184248319000,116.74,116.77,116.69,116.73,5566000000,8
1184248320000,1184248799000,116.73,116.85,116.72,116.83,5199000000,8
1184248800000,1184249279000,116.84,116.91,116.785,116.8,7448000000,8
1184249280000,1184249759000,116.8,116.96,116.8,116.93,7275000000,8
1184249760000,1184250239000,116.93,116.95,116.86,116.865,4443000000,8
1184250240000,1184250719000,116.865,116.93,116.795,116.9,5509000000,8
1184250720000,1184251199000,116.9,116.96,116.83,116.86,5171000000,8
1184251200000,1184251679000,116.85,116.93,116.82,116.91,6696000000,8
1184251680000,1184252159000,116.9,116.95,116.87,116.94,6808000000,8
1184252160000,1184252639000,116.94,116.99,116.89,116.92,4547000000,8
1184252640000,1184253119000,116.915,116.96,116.82,116.93,4486000000,8
1184253120000,1184253599000,116.93,117.02,116.91,116.97,3974000000,8
1184253600000,1184254079000,116.97,116.99,116.88,116.91,3223000000,8
1184254080000,1184254559000,116.91,117.02,116.87,116.96,3798000000,8
1184254560000,1184255039000,116.96,117.03,116.92,116.98,3373000000,8
1184255040000,1184255519000,116.98,117.03,116.965,117.02,3766000000,8
1184255520000,1184255999000,117.02,117.11,116.98,117.0,4857000000,8
1184256000000,1184256479000,117.0,117.04,116.9,116.9,3598000000,8
1184256480000,1184256959000,116.9,117.015,116.84,117.0,3052000000,8
1184256960000,1184257439000,117.0,117.07,116.9,116.99,4614000000,8
1184257440000,1184257919000,116.99,117.02,116.865,117.01,3463000000,8
1184257920000,1184258399000,117.01,117.05,116.91,117.01,2978000000,8
1184258400000,1184258879000,117.01,117.01,116.845,116.95,3606000000,8
1184258880000,1184259359000,116.96,117.02,116.86,116.99,3237000000,8
1184259360000,1184259839000,116.99,117.04,116.92,117.03,1826000000,8
1184259840000,1184260319000,117.03,117.04,116.88,116.98,2552000000,8
1184260320000,1184260799000,116.98,117.09,116.98,117.07,2374000000,8
1184260800000,1184261279000,117.07,117.08,116.96,117.04,1519000000,8
1184261280000,1184261759000,117.04,117.05,116.9,117.03,1632000000,8
1184261760000,1184262239000,117.03,117.08,116.94,117.06,1488000000,8
1184262240000,1184262719000,117.06,117.08,117.03,117.06,1230000000,8
1184262720000,1184263199000,117.06,117.09,116.98,117.07,1427000000,8
1184263200000,1184263679000,117.07,117.09,116.96,117.03,1387000000,8
1184263680000,1184264159000,117.04,117.05,116.99,117.02,1360000000,8
1184264160000,1184264639000,117.02,117.04,116.905,116.985,3313000000,8
1184264640000,1184265119000,116.985,117.01,116.87,116.975,1457000000,8
1184265120000,1184265599000,116.975,117.005,116.875,116.98,2503000000,8
1184265600000,1184266079000,116.98,117.02,116.875,116.98,1825000000,8
1184266080000,1184266559000,116.985,117.0,116.94,116.98,2062000000,8
1184266560000,1184267039000,116.98,116.99,116.9,116.965,2378000000,8
1184267040000,1184267519000,116.965,117.02,116.91,117.01,3441000000,8
1184267520000,1184267999000,117.01,117.06,116.895,117.04,3568000000,8
1184268000000,1184268479000,117.04,117.09,116.97,117.08,1956000000,8
1184268480000,1184268959000,117.075,117.14,117.005,117.12,3331000000,8
1184268960000,1184269439000,117.12,117.16,117.03,117.06,2232000000,8
1184269440000,1184269919000,117.06,117.17,117.025,117.13,2451000000,8
1184269920000,1184270399000,117.13,117.17,117.025,117.16,1754000000,8
1184270400000,1184270879000,117.16,117.2,117.06,117.17,2053000000,8
1184270880000,1184271359000,117.17,117.2,117.1,117.18,1453000000,8
1184271360000,1184271839000,117.18,117.19,117.15,117.17,719000000,8
1184271840000,1184272319000,117.17,117.17,117.06,117.11,702000000,8
1184272320000,1184272799000,117.11,117.11,117.07,117.09,958000000,8
1184272800000,1184273279000,117.1,117.11,117.04,117.05,1336000000,8
1184273280000,1184273759000,117.05,117.08,117.02,117.06,1322000000,8
1184273760000,1184274239000,117.06,117.07,116.99,116.998,389000000,8
1184274240000,1184274719000,117.0,117.06,116.965,116.995,514000000,8
1184274720000,1184275199000,116.995,117.03,116.965,116.99,762000000,8
1184275200000,1184275679000,116.99,117.03,116.98,117.01,720000000,8
1184275680000,1184276159000,117.01,117.02,116.99,117.02,438000000,8
1184276160000,1184276639000,117.02,117.05,117.01,117.03,874000000,8
1184276640000,1184277119000,117.02,117.09,117.015,117.05,1412000000,8
1184277120000,1184277599000,117.05,117.08,117.02,117.06,1428000000,8
1184277600000,1184278079000,117.06,117.08,117.01,117.03,923000000,8
1184278080000,1184278559000,117.03,117.05,117.01,117.05,531000000,8
1184278560000,1184279039000,117.05,117.08,117.02,117.06,762000000,8
1184279040000,1184279519000,117.07,117.09,117.05,117.07,430000000,8
1184279520000,1184279999000,117.07,117.08,117.02,117.06,1050000000,8
1184280000000,1184280479000,117.06,117.07,116.955,117.03,1360000000,8
1184280480000,1184280959000,117.03,117.09,117.005,117.08,914000000,8
1184280960000,1184281439000,117.08,117.1,117.01,117.03,1470000000,8
1184281440000,1184281919000,117.03,117.08,116.995,117.06,1047000000,8
1184281920000,1184282399000,117.06,117.09,117.015,117.07,1064000000,8
1184282400000,1184282879000,117.07,117.09,117.05,117.07,642000000,8
1184282880000,1184283359000,117.07,117.09,117.05,117.075,1328000000,8
1184283360000,1184283839000,117.075,117.085,117.03,117.045,700000000,8
1184283840000,1184284319000,117.045,117.09,117.03,117.08,843000000,8
1184284320000,1184284799000,117.08,117.09,117.045,117.065,1578000000,8
1184284800000,1184285279000,117.07,117.13,117.045,117.12,2130600000,8
1184285280000,1184285759000,117.12,117.21,117.11,117.16,3505800000,8
1184285760000,1184286239000,117.16,117.19,117.11,117.13,1932900000,8
1184286240000,1184286719000,117.13,117.17,117.1,117.12,1671000000,8
1184286720000,1184287199000,117.12,117.15,117.11,117.13,1467700000,8
1184287200000,1184287679000,117.12,117.17,117.1,117.15,1696900000,8
1184287680000,1184288159000,117.15,117.21,117.1,117.13,2364500000,8
1184288160000,1184288639000,117.13,117.19,117.09,117.13,2711600000,8
1184288640000,1184289119000,117.12,117.17,117.08,117.16,2037900000,8
1184289120000,1184289599000,117.17,117.21,117.14,117.19,1305200000,8
1184289600000,1184290079000,117.2,117.21,117.11,117.12,1906000000,8
1184290080000,1184290559000,117.12,117.16,117.113,117.14,1122200000,8
1184290560000,1184291039000,117.14,117.16,117.125,117.135,564000000,8
1184291040000,1184291519000,117.135,117.16,117.13,117.15,406400000,8
1184291520000,1184291999000,117.15,117.18,117.115,117.15,1722200000,8
1184292000000,1184292479000,117.15,117.16,117.12,117.14,921400000,8
1184292480000,1184292959000,117.12,117.15,117.108,117.13,1001400000,8
1184292960000,1184293439000,117.13,117.16,117.12,117.14,385900000,8
1184293440000,1184293919000,117.145,117.16,117.11,117.14,335900000,8
1184293920000,1184294399000,117.14,117.15,115.717,117.14,891790000,8
1184294400000,1184294879000,117.15,117.16,117.12,117.13,828400000,8
1184294880000,1184295359000,117.13,117.18,117.09,117.17,783400000,8
1184295360000,1184295839000,117.14,117.21,117.132,117.2,882970000,8
1184295840000,1184296319000,117.2,117.23,117.17,117.23,699900000,8
1184296320000,1184296799000,117.22,117.23,117.19,117.21,861600000,8
1184296800000,1184297279000,117.22,117.24,117.183,117.22,575590000,8
1184297280000,1184297759000,117.22,117.22,117.17,117.18,736100000,8
1184297760000,1184298239000,117.19,117.2,117.17,117.19,1348200000,8
1184298240000,1184298719000,117.19,117.2,117.17,117.2,852000000,8
1184298720000,1184299199000,117.203,117.203,115.884,117.15,1063100000,8
1184299200000,1184299679000,117.15,117.16,117.13,117.14,557300000,8
1184299680000,1184300159000,117.14,117.14,117.09,117.12,2117100000,8
1184300160000,1184300639000,117.12,117.12,117.067,117.11,631700000,8
1184300640000,1184301119000,117.11,117.13,117.08,117.13,765300000,8
1184301120000,1184301599000,117.13,117.13,117.095,117.13,683700000,8
1184301600000,1184302079000,117.13,117.13,117.09,117.12,444000000,8
1184302080000,1184302559000,117.12,117.13,117.07,117.08,729900000,8
1184302560000,1184303039000,117.09,117.13,117.08,117.12,1089800000,8
1184303040000,1184303519000,117.12,117.14,117.1,117.14,841400000,8
1184303520000,1184303999000,117.14,117.15,117.12,117.13,410200000,8
1184304000000,1184304479000,117.12,117.15,117.07,117.09,1088600000,8
1184304480000,1184304959000,117.09,117.11,117.07,117.1,528900000,8
1184304960000,1184305439000,117.1,117.13,117.05,117.09,1190600000,8
1184305440000,1184305919000,117.09,117.11,117.05,117.05,1659100000,8
1184305920000,1184306399000,117.05,117.07,117.02,117.04,1872900000,8
1184306400000,1184306879000,117.04,117.11,117.03,117.11,2184100000,8
1184306880000,1184307359000,117.105,117.12,117.04,117.06,1884900000,8
1184307360000,1184307839000,117.06,117.09,117.04,117.075,1814200000,8
1184307840000,1184308319000,117.07,117.1,117.05,117.06,1770300000,8
1184308320000,1184308799000,117.07,117.12,117.05,117.1,1847100000,8
1184308800000,1184309279000,117.1,117.11,116.96,116.97,3166400000,8
1184309280000,1184309759000,116.97,117.0,116.92,116.99,3604700000,8
1184309760000,1184310239000,117.0,117.02,116.91,116.96,3296200000,8
1184310240000,1184310719000,116.945,116.97,116.885,116.95,3220300000,8
1184310720000,1184311199000,116.93,117.02,116.92,116.99,2304500000,8
1184311200000,1184311679000,116.99,117.11,116.96,117.11,3146000000,8
1184311680000,1184312159000,117.11,117.14,117.06,117.08,4288900000,8
1184312160000,1184312639000,117.065,117.07,116.95,116.98,3408000000,8
1184312640000,1184313119000,116.98,116.99,116.87,116.9,4443200000,8
1184313120000,1184313599000,116.89,116.94,116.84,116.87,4023600000,8
1184313600000,1184314079000,116.87,116.89,116.81,116.815,3320700000,8
1184314080000,1184314559000,116.82,116.89,116.81,116.86,4437400000,8
1184314560000,1184315039000,116.87,116.91,116.83,116.87,3787800000,8
1184315040000,1184315519000,116.88,116.88,116.74,116.81,6235200000,8
1184315520000,1184315999000,116.81,116.93,116.81,116.83,5589800000,8
1184316000000,1184316479000,116.83,116.89,116.805,116.86,2802800000,8
1184316480000,1184316959000,116.86,116.94,116.83,116.92,2713100000,8
1184316960000,1184317439000,116.92,116.93,116.855,116.89,2180700000,8
1184317440000,1184317919000,116.89,116.9,116.84,116.85,1068300000,8
1184317920000,1184318399000,116.85,116.87,116.82,116.86,1817600000,8
1184318400000,1184318879000,116.86,116.88,116.795,116.86,1999500000,8
1184318880000,1184319359000,116.86,116.87,116.785,116.81,2739100000,8
1184319360000,1184319839000,116.805,116.83,116.78,116.81,1709900000,8
1184319840000,1184320319000,116.8,116.84,116.8,116.81,1425600000,8
1184320320000,1184320799000,116.81,116.88,116.805,116.875,2841500000,8
1184320800000,1184321279000,116.875,116.91,116.85,116.875,2829700000,8
1184321280000,1184321759000,116.88,116.92,116.79,116.82,3619300000,8
1184321760000,1184322239000,116.82,116.86,116.78,116.8,2678400000,8
1184322240000,1184322719000,116.79,116.84,116.74,116.8,3033800000,8
1184322720000,1184323199000,116.8,116.8,116.77,116.79,1799700000,8
1184323200000,1184323679000,116.79,116.82,116.77,116.8,2602900000,8
1184323680000,1184324159000,116.81,116.84,116.765,116.8,2098200000,8
1184324160000,1184324639000,116.8,116.83,116.763,116.82,863500000,8
1184324640000,1184325119000,116.83,116.888,116.805,116.82,4054400000,8
1184325120000,1184325599000,116.82,116.9,116.81,116.85,3623000000,8
1184325600000,1184326079000,116.84,116.87,116.815,116.87,2748600000,8
1184326080000,1184326559000,116.87,116.92,116.86,116.92,1949400000,8
1184326560000,1184327039000,116.92,117.06,116.835,117.05,6083600000,8
1184327040000,1184327519000,117.05,117.06,117.01,117.015,2158100000,8
1184327520000,1184327999000,117.015,117.03,116.935,116.95,3144800000,8
1184328000000,1184328479000,116.95,116.97,116.925,116.955,2347600000,8
1184328480000,1184328959000,116.955,117.045,116.93,116.97,3263900000,8
1184328960000,1184329439000,116.97,117.03,116.93,116.96,2628300000,8
1184329440000,1184329919000,116.96,116.98,116.82,116.905,3682700000,8
1184329920000,1184330399000,116.89,117.0,116.86,116.94,6301400000,8
1184330400000,1184330879000,116.95,116.95,116.83,116.92,5704700000,8
1184330880000,1184331359000,116.92,116.97,116.865,116.9,5150300000,8
1184331360000,1184331839000,116.9,116.9,116.82,116.885,5083300000,8
1184331840000,1184332319000,116.885,116.92,116.84,116.88,3152200000,8
1184332320000,1184332799000,116.88,116.9,116.485,116.59,6342800000,8
1184332800000,1184333279000,116.58,116.68,116.535,116.59,7091300000,8
1184333280000,1184333759000,116.59,116.59,116.4,116.42,7786900000,8
1184333760000,1184334239000,116.42,116.464,116.28,116.33,7727700000,8
1184334240000,1184334719000,116.33,116.37,116.3,116.33,6020000000,8
1184334720000,1184335199000,116.33,116.35,116.25,116.303,5288000000,8
1184335200000,1184335679000,116.29,116.49,116.247,116.43,8589800000,8
1184335680000,1184336159000,116.43,116.45,116.38,116.43,5122800000,8
1184336160000,1184336639000,116.43,116.44,116.36,116.4,4388500000,8
1184336640000,1184337119000,116.4,116.47,116.34,116.47,4169500000,8
1184337120000,1184337599000,116.47,116.627,116.422,116.62,3971600000,8
1184337600000,1184338079000,116.62,116.72,116.595,116.69,4002800000,8
1184338080000,1184338559000,116.675,116.69,116.58,116.62,3638100000,8
1184338560000,1184339039000,116.62,116.74,116.6,116.64,5362600000,8
1184339040000,1184339519000,116.635,116.74,116.615,116.68,4191700000,8
1184339520000,1184339999000,116.68,116.7,116.615,116.62,3117100000,8
1184340000000,1184340479000,116.63,116.68,116.6,116.68,3359900000,8
1184340480000,1184340959000,116.68,116.68,116.56,116.63,2920900000,8
1184340960000,1184341439000,116.63,116.64,116.49,116.52,4475400000,8
1184341440000,1184341919000,116.52,116.52,116.43,116.465,5310500000,8
1184341920000,1184342399000,116.46,116.53,116.41,116.44,6439300000,8
1184342400000,1184342879000,116.44,116.48,116.37,116.44,4834900000,8
1184342880000,1184343359000,116.44,116.457,116.41,116.44,1986400000,8
1184343360000,1184343839000,116.44,116.49,116.44,116.48,2670800000,8
1184343840000,1184344319000,116.5,116.5,116.43,116.44,1780300000,8
1184344320000,1184344799000,116.44,116.52,116.44,116.49,3592800000,8
1184344800000,1184345279000,116.49,116.51,116.46,116.49,1819600000,8
1184345280000,1184345759000,116.49,116.52,116.46,116.505,1660900000,8
1184345760000,1184346239000,116.5,116.52,116.46,116.465,1978100000,8
1184346240000,1184346719000,116.47,116.5,116.46,116.49,1853000000,8
1184346720000,1184347199000,116.49,116.5,116.385,116.45,1344200000,8
1184347200000,1184347679000,116.45,116.53,116.45,116.5,2203700000,8
1184347680000,1184348159000,116.5,116.51,116.45,116.46,2783400000,8
1184348160000,1184348639000,116.455,116.47,116.45,116.45,1131300000,8
1184348640000,1184349119000,116.45,116.49,116.42,116.48,1603600000,8
1184349120000,1184349599000,116.48,116.51,116.42,116.5,2523890000,8
1184349600000,1184350079000,116.5,116.51,116.4,116.42,3150100000,8
1184350080000,1184350559000,116.42,116.54,116.41,116.51,1775000000,8
1184350560000,1184351039000,116.51,116.53,116.45,116.46,2966300000,8
1184351040000,1184351519000,116.465,116.49,116.42,116.47,1808300000,8
1184351520000,1184351999000,116.47,116.51,116.45,116.49,865500000,8
1184352000000,1184352479000,116.49,116.5,116.455,116.49,1894900000,8
1184352480000,1184352959000,116.49,116.49,116.44,116.46,1935100000,8
1184352960000,1184353439000,116.46,116.48,116.42,116.45,1842800000,8
1184353440000,1184353919000,116.45,116.48,116.45,116.45,1593500000,8
1184353920000,1184354399000,116.45,116.46,116.39,116.4,1184300000,8
1184354400000,1184354879000,116.41,116.44,116.395,116.43,1185200000,8
1184354880000,1184355359000,116.42,116.44,116.4,116.41,552300000,8
1184355360000,1184355839000,116.41,116.42,116.36,116.37,1162600000,8
1184355840000,1184356319000,116.38,116.38,116.32,116.33,1166700000,8
1184356320000,1184356799000,116.33,116.37,116.306,116.35,767190000,8
1184356800000,1184357279000,116.35,116.36,116.285,116.355,869900000,8
1184357280000,1184357759000,116.36,116.37,116.287,116.33,916500000,8
1184357760000,1184358239000,116.36,116.42,116.307,116.36,771900000,8
1184358240000,1184358719000,116.37,116.38,116.285,116.35,432600000,8
1184358720000,1184359199000,116.35,116.37,116.29,116.29,538200000,8
1184359200000,1184359679000,116.32,116.33,116.27,116.32,349590000,8
1184359680000,1184360159000,116.32,116.39,116.282,116.345,479900000,8
1184360160000,1184360639000,116.36,116.38,116.308,116.308,153300000,8
1184360640000,1184361119000,116.308,116.308,116.308,116.308,0,8
1184361120000,1184361599000,116.308,116.308,116.308,116.308,0,8
1184361600000,1184362079000,116.308,116.308,116.308,116.308,0,8
1184362080000,1184362559000,116.308,116.308,116.308,116.308,0,8
1184362560000,1184363039000,116.308,116.308,116.308,116.308,0,8
1184363040000,1184363519000,116.308,116.308,116.308,116.308,0,8
1184363520000,1184363999000,116.308,116.308,116.308,116.308,0,8
1184364000000,1184364479000,116.308,116.308,116.308,116.308,0,8
1184364480000,1184364959000,116.308,116.308,116.308,116.308,0,8
1184364960000,1184365439000,116.308,116.308,116.308,116.308,0,8
1184365440000,1184365919000,116.308,116.308,116.308,116.308,0,8
1184365920000,1184366399000,116.308,116.308,116.308,116.308,0,8
1184366400000,1184366879000,116.308,116.308,116.308,116.308,0,8
1184366880000,1184367359000,116.308,116.308,116.308,116.308,0,8
1184367360000,1184367839000,116.308,116.308,116.308,116.308,0,8
1184367840000,1184368319000,116.308,116.308,116.308,116.308,0,8
1184368320000,1184368799000,116.308,116.308,116.308,116.308,0,8
1184368800000,1184369279000,116.308,116.308,116.308,116.308,0,8
1184369280000,1184369759000,116.308,116.308,116.308,116.308,0,8
1184369760000,1184370239000,116.308,116.308,116.308,116.308,0,8
1184370240000,1184370719000,116.308,116.308,116.308,116.308,0,8
1184370720000,1184371199000,116.308,116.308,116.308,116.308,0,8
1184541120000,1184541599000,116.445,116.47,116.44,116.47,182800000,8
1184541600000,1184542079000,116.475,116.515,116.46,116.51,504600000,8
1184543040000,1184543519000,116.455,116.52,116.45,116.46,665000000,8
1184544000000,1184544479000,116.49,116.49,116.445,116.49,1264000000,8
1184544480000,1184544959000,116.49,116.51,116.475,116.485,748000000,8
1184544960000,1184545439000,116.485,116.5,113.27,116.5,146000000,8
1184545440000,1184545919000,116.49,116.52,116.48,116.495,410000000,8
1184545920000,1184546399000,116.495,116.51,113.27,116.48,173000000,8
1184546400000,1184546879000,116.48,116.5,116.47,116.5,377000000,8
1184546880000,1184547359000,116.5,116.52,116.465,116.5,804000000,8
1184547360000,1184547839000,116.5,116.54,116.465,116.52,642000000,8
1184547840000,1184548319000,116.52,116.54,116.494,116.52,842000000,8
1184548320000,1184548799000,116.52,116.595,116.52,116.58,1949000000,8
1184548800000,1184549279000,116.58,116.64,116.575,116.61,1851000000,8
1184549280000,1184549759000,116.61,116.675,116.61,116.625,1603000000,8
1184549760000,1184550239000,116.625,116.66,116.625,116.66,304000000,8
1184550240000,1184550719000,116.66,116.67,116.64,116.65,480000000,8
1184550720000,1184551199000,116.65,116.65,116.57,116.6,2217000000,8
1184551200000,1184551679000,116.6,116.61,113.27,116.59,440000000,8
1184551680000,1184552159000,116.59,116.61,116.58,116.61,457000000,8
1184552160000,1184552639000,116.61,116.63,116.57,116.57,576000000,8
1184552640000,1184553119000,116.57,116.6,116.56,116.58,828000000,8
1184553120000,1184553599000,116.58,116.58,116.52,116.55,352000000,8
1184553600000,1184554079000,116.55,116.57,116.42,116.43,1286000000,8
1184554080000,1184554559000,116.43,116.46,116.395,116.445,1670000000,8
1184554560000,1184555039000,116.445,116.55,116.445,116.48,2017000000,8
1184555040000,1184555519000,116.48,116.485,116.42,116.425,1059000000,8
1184555520000,1184555999000,116.425,116.43,116.375,116.415,1069000000,8
1184556000000,1184556479000,116.41,116.43,116.34,116.35,1579000000,8
1184556480000,1184556959000,116.35,116.42,116.34,116.405,2071000000,8
1184556960000,1184557439000,116.405,116.445,116.4,116.43,1810000000,8
1184557440000,1184557919000,116.43,116.45,116.4,116.45,1472000000,8
1184557920000,1184558399000,116.45,116.47,116.43,116.45,697000000,8
1184558400000,1184558879000,116.445,116.47,116.43,116.46,828000000,8
1184558880000,1184559359000,116.455,116.52,116.455,116.51,834000000,8
1184559360000,1184559839000,116.51,116.51,116.47,116.48,1062000000,8
1184559840000,1184560319000,116.48,116.49,116.43,116.45,1038000000,8
1184560320000,1184560799000,116.45,116.45,116.39,116.39,1385000000,8
1184560800000,1184561279000,116.39,116.46,116.39,116.41,829000000,8
1184561280000,1184561759000,116.41,116.45,116.41,116.44,890000000,8
1184561760000,1184562239000,116.44,116.46,116.4,116.45,1044000000,8
1184562240000,1184562719000,116.45,116.49,113.27,116.49,264000000,8
1184562720000,1184563199000,116.49,116.54,116.47,116.53,1058000000,8
1184563200000,1184563679000,116.53,116.55,116.51,116.53,943000000,8
1184563680000,1184564159000,116.54,116.57,116.48,116.51,1820000000,8
1184564160000,1184564639000,116.51,116.58,116.49,116.55,2576000000,8
1184564640000,1184565119000,116.55,116.56,116.49,116.55,1806000000,8
1184565120000,1184565599000,116.55,116.62,116.54,116.62,1741000000,8
1184565600000,1184566079000,116.62,116.69,116.53,116.55,3130000000,8
1184566080000,1184566559000,116.55,116.56,116.48,116.56,2407000000,8
1184566560000,1184567039000,116.56,116.63,116.55,116.58,1782000000,8
1184567040000,1184567519000,116.58,116.635,116.48,116.48,2186000000,8
1184567520000,1184567999000,116.48,116.55,116.46,116.53,3205000000,8
1184568000000,1184568479000,116.53,116.54,116.4,116.49,3769000000,8
1184568480000,1184568959000,116.49,116.6,116.49,116.565,3096000000,8
1184568960000,1184569439000,116.57,116.605,116.54,116.575,3684000000,8
1184569440000,1184569919000,116.575,116.67,116.545,116.55,2487000000,8
1184569920000,1184570399000,116.55,116.56,116.39,116.46,5819000000,8
1184570400000,1184570879000,116.46,116.51,116.45,116.5,3485000000,8
1184570880000,1184571359000,116.51,116.51,116.43,116.47,3876000000,8
1184571360000,1184571839000,116.47,116.5,116.43,116.44,4664000000,8
1184571840000,1184572319000,116.44,116.51,116.4,116.47,5179000000,8
1184572320000,1184572799000,116.47,116.55,116.415,116.5,4562000000,8
1184572800000,1184573279000,116.5,116.53,116.455,116.5,1912000000,8
1184573280000,1184573759000,116.5,116.5,116.445,116.48,1477000000,8
1184573760000,1184574239000,116.48,116.56,116.48,116.5,2464000000,8
1184574240000,1184574719000,116.5,116.7,116.48,116.64,4148000000,8
1184574720000,1184575199000,116.64,116.65,116.52,116.59,3631000000,8
1184575200000,1184575679000,116.59,116.61,116.53,116.59,4362000000,8
1184575680000,1184576159000,116.59,116.59,116.49,116.49,3242000000,8
1184576160000,1184576639000,116.49,116.5,116.385,116.395,4320000000,8
1184576640000,1184577119000,116.395,116.42,116.33,116.36,5075000000,8
1184577120000,1184577599000,116.36,116.4,116.33,116.36,3424000000,8
1184577600000,1184578079000,116.36,116.415,116.25,116.27,5685000000,8
1184578080000,1184578559000,116.26,116.36,116.25,116.31,3973000000,8
1184578560000,1184579039000,116.31,116.38,116.3,116.37,3231000000,8
1184579040000,1184579519000,116.37,116.37,116.275,116.29,2795000000,8
1184579520000,1184579999000,116.29,116.3,116.14,116.2,3924000000,8
1184580000000,1184580479000,116.2,116.23,116.12,116.21,3677000000,8
1184580480000,1184580959000,116.21,116.25,116.18,116.24,2000000000,8
1184580960000,1184581439000,116.225,116.25,116.175,116.25,2077000000,8
1184581440000,1184581919000,116.25,116.33,116.25,116.29,3675000000,8
1184581920000,1184582399000,116.29,116.35,116.28,116.34,2546000000,8
1184582400000,1184582879000,116.34,116.355,116.285,116.32,3534000000,8
1184582880000,1184583359000,116.32,116.33,116.27,116.3,2784000000,8
1184583360000,1184583839000,116.3,116.31,116.23,116.27,2600000000,8
1184583840000,1184584319000,116.27,116.35,116.255,116.34,2792000000,8
1184584320000,1184584799000,116.335,116.34,116.25,116.3,1653000000,8
1184584800000,1184585279000,116.3,116.33,116.27,116.33,2523000000,8
1184585280000,1184585759000,116.315,116.35,116.275,116.34,3427000000,8
1184585760000,1184586239000,116.34,116.38,116.33,116.38,1210000000,8
1184586240000,1184586719000,116.38,116.43,116.38,116.43,2014000000,8
1184586720000,1184587199000,116.43,116.43,116.29,116.34,4613000000,8
1184587200000,1184587679000,116.34,116.45,116.325,116.45,2096000000,8
1184587680000,1184588159000,116.44,116.45,116.36,116.41,1517000000,8
1184588160000,1184588639000,116.41,116.41,116.33,116.34,3383000000,8
1184588640000,1184589119000,116.34,116.39,116.245,116.35,3500000000,8
1184589120000,1184589599000,116.34,116.37,116.27,116.32,4279000000,8
1184589600000,1184590079000,116.32,116.38,116.305,116.33,3914000000,8
1184590080000,1184590559000,116.33,116.33,116.26,116.29,2377000000,8
1184590560000,1184591039000,116.29,116.38,116.285,116.37,1824000000,8
1184591040000,1184591519000,116.37,116.37,116.28,116.32,3789000000,8
1184591520000,1184591999000,116.31,116.37,116.31,116.35,3293000000,8
1184592000000,1184592479000,116.35,116.36,116.26,116.27,3251000000,8
1184592480000,1184592959000,116.27,116.36,116.215,116.35,5205000000,8
1184592960000,1184593439000,116.35,116.41,116.325,116.37,3887000000,8
1184593440000,1184593919000,116.37,116.38,116.295,116.34,4116000000,8
1184593920000,1184594399000,116.34,116.41,116.295,116.36,4087000000,8
1184594400000,1184594879000,116.36,116.48,116.36,116.46,4615000000,8
1184594880000,1184595359000,116.47,116.855,116.46,116.735,7480000000,8
1184595360000,1184595839000,116.74,116.89,116.7,116.83,5482000000,8
1184595840000,1184596319000,116.83,116.97,116.79,116.91,9223000000,8
1184596320000,1184596799000,116.91,116.98,116.865,116.97,6678000000,8
1184596800000,1184597279000,116.98,117.06,116.94,116.98,6600000000,8
1184597280000,1184597759000,116.98,117.05,116.94,117.01,4089000000,8
1184597760000,1184598239000,117.0,117.06,116.95,116.985,6106000000,8
1184598240000,1184598719000,116.985,117.06,116.97,116.97,3142000000,8
1184598720000,1184599199000,116.97,116.99,116.915,116.98,3459000000,8
1184599200000,1184599679000,116.98,117.05,116.935,117.01,5880000000,8
1184599680000,1184600159000,117.01,117.08,116.94,117.08,2586000000,8
1184600160000,1184600639000,117.08,117.09,116.95,116.985,2614000000,8
1184600640000,1184601119000,117.0,117.01,116.9,116.92,993000000,8
1184601120000,1184601599000,116.92,116.93,116.85,116.87,1578000000,8
1184601600000,1184602079000,116.87,116.91,116.81,116.82,3566000000,8
1184602080000,1184602559000,116.82,116.85,116.79,116.83,2276000000,8
1184602560000,1184603039000,116.83,116.84,116.78,116.79,1719000000,8
1184603040000,1184603519000,116.79,116.81,116.77,116.79,2448000000,8
1184603520000,1184603999000,116.79,116.81,116.725,116.77,2044000000,8
1184604000000,1184604479000,116.77,116.81,116.755,116.81,1304000000,8
1184604480000,1184604959000,116.82,116.83,116.765,116.81,1369000000,8
1184604960000,1184605439000,116.79,116.84,116.79,116.83,845000000,8
1184605440000,1184605919000,116.83,116.84,116.72,116.72,1954000000,8
1184605920000,1184606399000,116.72,116.76,116.7,116.71,2084000000,8
1184606400000,1184606879000,116.71,116.72,116.67,116.71,2333000000,8
1184606880000,1184607359000,116.71,116.74,116.7,116.72,1744000000,8
1184607360000,1184607839000,116.72,116.78,116.695,116.75,2374000000,8
1184607840000,1184608319000,116.74,116.79,116.74,116.77,656000000,8
1184608320000,1184608799000,116.77,116.78,116.7,116.73,1770000000,8
1184608800000,1184609279000,116.73,116.74,116.69,116.73,2385000000,8
1184609280000,1184609759000,116.73,116.8,116.72,116.8,1597000000,8
1184609760000,1184610239000,116.8,116.8,116.73,116.74,2190000000,8
1184610240000,1184610719000,116.74,116.78,116.7,116.75,2804000000,8
1184610720000,1184611199000,116.75,116.77,116.725,116.725,1892000000,8
1184611200000,1184611679000,116.74,116.8,116.74,116.78,974000000,8
1184611680000,1184612159000,116.78,116.78,116.74,116.78,1466000000,8
1184612160000,1184612639000,116.78,116.82,116.78,116.8,1866000000,8
1184612640000,1184613119000,116.795,116.84,116.77,116.83,2206000000,8
1184613120000,1184613599000,116.83,116.84,116.81,116.82,671000000,8
1184613600000,1184614079000,116.82,116.83,116.8,116.82,965000000,8
1184614080000,1184614559000,116.82,116.84,116.78,116.79,477000000,8
1184614560000,1184615039000,116.79,116.81,116.77,116.81,846000000,8
1184615040000,1184615519000,116.81,116.81,116.78,116.81,835000000,8
1184615520000,1184615999000,116.81,116.84,116.78,116.83,991000000,8
1184616000000,1184616479000,116.83,116.87,116.82,116.84,831000000,8
1184616480000,1184616959000,116.84,116.85,116.75,116.81,1372000000,8
1184616960000,1184617439000,116.81,116.83,116.78,116.82,751000000,8
1184617440000,1184617919000,116.82,116.84,116.785,116.82,1686000000,8
1184617920000,1184618399000,116.82,116.82,116.76,116.78,1295000000,8
1184618400000,1184618879000,116.78,116.8,116.75,116.78,890000000,8
1184618880000,1184619359000,116.78,116.79,116.765,116.79,433000000,8
1184619360000,1184619839000,116.8,116.8,116.7,116.7,695000000,8
1184619840000,1184620319000,116.71,116.75,116.675,116.73,224000000,8
1184620320000,1184620799000,116.73,116.75,113.27,116.75,422000000,8
1184620800000,1184621279000,116.75,116.75,116.695,116.72,822000000,8
1184621280000,1184621759000,116.72,116.77,116.7,116.76,907000000,8
1184621760000,1184622239000,116.76,116.77,116.695,116.7,670000000,8
1184622240000,1184622719000,116.7,116.74,116.66,116.69,370000000,8
1184622720000,1184623199000,116.69,116.76,116.69,116.76,629000000,8
1184623200000,1184623679000,116.76,116.76,116.735,116.76,319000000,8
1184623680000,1184624159000,116.76,116.78,116.735,116.75,497000000,8
1184624160000,1184624639000,116.75,116.8,116.73,116.79,332000000,8
1184624640000,1184625119000,116.79,116.79,116.76,116.765,304000000,8
1184625120000,1184625599000,116.765,116.79,116.74,116.74,409000000,8
1184625600000,1184626079000,116.74,116.76,116.67,116.7,1533000000,8
1184626080000,1184626559000,116.7,116.74,116.68,116.7,691000000,8
1184626560000,1184627039000,116.7,116.71,116.645,116.65,799000000,8
1184627040000,1184627519000,116.65,116.7,116.63,116.69,655000000,8
1184627520000,1184627999000,116.69,116.71,116.66,116.71,428000000,8
1184628000000,1184628479000,116.71,116.75,116.655,116.74,1154000000,8
1184628480000,1184628959000,116.735,116.75,116.67,116.71,556000000,8
1184628960000,1184629439000,116.71,116.78,116.7,116.76,350000000,8
1184629440000,1184629919000,116.76,116.77,116.73,116.74,666000000,8
1184629920000,1184630399000,116.74,116.75,116.67,116.75,780000000,8
1184630400000,1184630879000,116.75,116.82,116.74,116.82,932000000,8
1184630880000,1184631359000,116.82,116.86,116.78,116.83,1242000000,8
1184631360000,1184631839000,116.83,116.86,116.8,116.85,764000000,8
1184631840000,1184632319000,116.85,116.86,116.81,116.84,790000000,8
1184632320000,1184632799000,116.84,116.92,116.84,116.89,1177000000,8
1184632800000,1184633279000,116.89,116.89,116.865,116.865,762000000,8
1184633280000,1184633759000,116.88,116.88,116.8,116.83,1530000000,8
1184633760000,1184634239000,116.83,116.9,116.8,116.87,1760000000,8
1184634240000,1184634719000,116.86,116.87,116.775,116.85,1037000000,8
1184634720000,1184635199000,116.85,116.85,116.78,116.79,1712000000,8
1184635200000,1184635679000,116.79,116.83,116.73,116.83,1677000000,8
1184635680000,1184636159000,116.83,116.87,116.805,116.85,972000000,8
1184636160000,1184636639000,116.85,116.87,116.83,116.87,645000000,8
1184636640000,1184637119000,116.85,116.87,116.815,116.85,1466000000,8
1184637120000,1184637599000,116.85,116.85,116.79,116.82,624000000,8
1184637600000,1184638079000,116.79,116.84,116.79,116.83,769000000,8
1184638080000,1184638559000,116.83,116.84,116.81,116.82,843000000,8
1184638560000,1184639039000,116.82,116.82,116.76,116.8,671000000,8
1184639040000,1184639519000,116.8,116.83,116.785,116.82,368000000,8
1184639520000,1184639999000,116.82,116.86,116.815,116.85,1133000000,8
1184640000000,1184640479000,116.85,116.89,113.27,116.87,465000000,8
1184640480000,1184640959000,116.868,116.88,113.27,116.865,319000000,8
1184640960000,1184641439000,116.88,116.93,116.83,116.86,1111000000,8
1184641440000,1184641919000,116.86,116.87,116.835,116.85,569000000,8
1184641920000,1184642399000,116.84,116.85,116.81,116.82,892000000,8
1184642400000,1184642879000,116.82,116.84,116.808,116.84,350000000,8
1184642880000,1184643359000,116.84,116.86,116.82,116.83,632000000,8
1184643360000,1184643839000,116.83,116.89,116.825,116.88,455000000,8
1184643840000,1184644319000,116.88,116.91,116.85,116.91,987000000,8
1184644320000,1184644799000,116.91,116.92,116.87,116.88,523000000,8
1184644800000,1184645279000,116.88,116.88,116.835,116.87,951000000,8
1184645280000,1184645759000,116.87,116.88,116.83,116.85,892000000,8
1184645760000,1184646239000,116.85,116.85,116.81,116.82,642000000,8
1184646240000,1184646719000,116.82,116.83,116.75,116.77,1067000000,8
1184646720000,1184647199000,116.75,116.8,116.73,116.8,892000000,8
1184647200000,1184647679000,116.8,116.82,116.78,116.81,1097000000,8
1184647680000,1184648159000,116.81,116.81,116.785,116.81,297000000,8
1184648160000,1184648639000,116.81,116.84,116.79,116.835,989000000,8
1184648640000,1184649119000,116.835,116.88,116.835,116.88,1373000000,8
1184649120000,1184649599000,116.88,116.88,116.845,116.86,1050000000,8
1184649600000,1184650079000,116.86,116.86,116.85,116.86,247000000,8
1184650080000,1184650559000,116.86,116.86,113.27,113.27,115000000,8
1184650560000,1184651039000,116.84,116.86,116.84,116.86,351000000,8
1184651040000,1184651519000,116.86,116.86,116.82,116.83,668000000,8
1184651520000,1184651999000,116.83,116.88,116.83,116.865,1252000000,8
1184652000000,1184652479000,116.86,116.9,116.86,116.87,2512000000,8
1184652480000,1184652959000,116.87,116.91,116.82,116.835,3048000000,8
1184652960000,1184653439000,116.835,116.86,116.79,116.8,1880000000,8
1184653440000,1184653919000,116.81,116.83,116.76,116.76,2542000000,8
1184653920000,1184654399000,116.75,116.78,116.73,116.775,2580000000,8
1184654400000,1184654879000,116.77,116.775,116.71,116.72,3035000000,8
1184654880000,1184655359000,116.72,116.84,116.715,116.76,3401000000,8
1184655360000,1184655839000,116.76,116.87,116.74,116.86,4091000000,8
1184655840000,1184656319000,116.86,116.86,116.79,116.79,2182000000,8
1184656320000,1184656799000,116.8,116.83,116.7,116.73,5423000000,8
1184656800000,1184657279000,116.73,116.88,116.685,116.82,6963000000,8
1184657280000,1184657759000,116.82,116.865,116.78,116.85,5172000000,8
1184657760000,1184658239000,116.845,116.88,116.82,116.85,1765000000,8
1184658240000,1184658719000,116.87,116.9,116.81,116.87,4290000000,8
1184658720000,1184659199000,116.87,116.89,116.825,116.825,2349000000,8
1184659200000,1184659679000,116.825,116.87,116.76,116.77,5490000000,8
1184659680000,1184660159000,116.77,116.78,116.68,116.77,3662000000,8
1184660160000,1184660639000,116.77,116.79,116.725,116.74,1520000000,8
1184660640000,1184661119000,116.74,116.79,116.68,116.68,2165000000,8
1184661120000,1184661599000,116.68,116.72,116.57,116.64,7332000000,8
1184661600000,1184662079000,116.64,116.77,116.63,116.63,5029000000,8
1184662080000,1184662559000,116.62,116.71,116.59,116.69,6310000000,8
1184662560000,1184663039000,116.7,116.71,116.55,116.58,7745000000,8
1184663040000,1184663519000,116.58,116.63,116.54,116.56,6130000000,8
1184663520000,1184663999000,116.56,116.62,116.53,116.57,4408000000,8
1184664000000,1184664479000,116.57,116.595,116.54,116.59,3847000000,8
1184664480000,1184664959000,116.59,116.685,116.58,116.64,4643000000,8
1184664960000,1184665439000,116.64,116.655,116.59,116.65,3299000000,8
1184665440000,1184665919000,116.65,116.795,116.63,116.665,6766000000,8
1184665920000,1184666399000,116.68,116.7,116.58,116.62,3309000000,8
1184666400000,1184666879000,116.62,116.67,116.59,116.62,4089000000,8
1184666880000,1184667359000,116.62,116.66,116.59,116.64,2498000000,8
1184667360000,1184667839000,116.64,116.66,116.61,116.64,4300000000,8
1184667840000,1184668319000,116.64,116.67,116.62,116.67,2348000000,8
1184668320000,1184668799000,116.67,116.84,116.67,116.805,4777000000,8
1184668800000,1184669279000,116.81,116.85,116.76,116.76,4056000000,8
1184669280000,1184669759000,116.75,116.83,116.75,116.83,3615000000,8
1184669760000,1184670239000,116.83,116.86,116.82,116.84,2579000000,8
1184670240000,1184670719000,116.84,116.84,116.72,116.74,3103000000,8
1184670720000,1184671199000,116.74,116.75,116.71,116.74,2323000000,8
1184671200000,1184671679000,116.74,116.77,116.72,116.74,2547000000,8
1184671680000,1184672159000,116.75,116.78,116.65,116.78,3850000000,8
1184672160000,1184672639000,116.8,116.85,116.75,116.76,5605000000,8
1184672640000,1184673119000,116.76,116.82,116.74,116.82,3751000000,8
1184673120000,1184673599000,116.805,116.83,116.755,116.765,2094000000,8
1184673600000,1184674079000,116.77,116.88,116.745,116.83,3170000000,8
1184674080000,1184674559000,116.83,116.87,116.8,116.85,2352000000,8
1184674560000,1184675039000,116.85,116.88,116.79,116.855,2914000000,8
1184675040000,1184675519000,116.855,116.96,116.77,116.91,4995000000,8
1184675520000,1184675999000,116.91,117.08,116.91,117.0,6371000000,8
1184676000000,1184676479000,117.0,117.12,116.935,116.95,5768000000,8
1184676480000,1184676959000,116.95,116.98,116.88,116.9,6052000000,8
1184676960000,1184677439000,116.9,117.1,116.88,117.035,5975000000,8
1184677440000,1184677919000,117.035,117.07,116.97,117.04,5266000000,8
1184677920000,1184678399000,117.05,117.1,116.99,117.0,3360000000,8
1184678400000,1184678879000,117.0,117.09,116.94,117.06,3967000000,8
1184678880000,1184679359000,117.07,117.19,117.03,117.15,5289000000,8
1184679360000,1184679839000,117.16,117.2,117.13,117.16,4988000000,8
1184679840000,1184680319000,117.16,117.27,117.13,117.26,3476000000,8
1184680320000,1184680799000,117.26,117.27,117.195,117.23,3438000000,8
1184680800000,1184681279000,117.23,117.24,117.135,117.16,3367000000,8
1184681280000,1184681759000,117.16,117.23,117.14,117.16,3006000000,8
1184681760000,1184682239000,117.14,117.22,117.105,117.14,3634000000,8
1184682240000,1184682719000,117.11,117.21,117.095,117.17,3853000000,8
1184682720000,1184683199000,117.16,117.25,117.12,117.21,4649000000,8
1184683200000,1184683679000,117.21,117.25,117.135,117.19,6259000000,8
1184683680000,1184684159000,117.19,117.24,117.16,117.24,3056000000,8
1184684160000,1184684639000,117.235,117.24,117.14,117.21,5277000000,8
1184684640000,1184685119000,117.22,117.27,117.19,117.2,4998000000,8
1184685120000,1184685599000,117.2,117.24,117.16,117.21,3303000000,8
1184685600000,1184686079000,117.21,117.27,117.21,117.23,3574000000,8
1184686080000,1184686559000,117.23,117.27,117.21,117.25,2301000000,8
1184686560000,1184687039000,117.25,117.26,117.14,117.25,4865000000,8
1184687040000,1184687519000,117.25,117.3,117.16,117.16,4524000000,8
1184687520000,1184687999000,117.16,117.28,117.15,117.26,4741000000,8
1184688000000,1184688479000,117.26,117.28,117.22,117.26,2419000000,8
1184688480000,1184688959000,117.25,117.29,117.225,117.25,2191000000,8
1184688960000,1184689439000,117.25,117.29,117.225,117.28,3155000000,8
1184689440000,1184689919000,117.28,117.28,117.21,117.25,2073000000,8
1184689920000,1184690399000,117.25,117.26,117.11,117.15,3118000000,8
1184690400000,1184690879000,117.16,117.22,117.16,117.19,1480000000,8
1184690880000,1184691359000,117.19,117.22,117.18,117.21,1196000000,8
1184691360000,1184691839000,117.21,117.21,117.06,117.18,4636000000,8
1184691840000,1184692319000,117.17,117.19,117.12,117.18,3083000000,8
1184692320000,1184692799000,117.19,117.19,117.105,117.15,1693000000,8
1184692800000,1184693279000,117.15,117.15,117.1,117.11,1196000000,8
1184693280000,1184693759000,117.11,117.15,117.045,117.145,2012000000,8
1184693760000,1184694239000,117.145,117.25,117.12,117.24,1711000000,8
1184694240000,1184694719000,117.24,117.27,117.2,117.22,806000000,8
1184694720000,1184695199000,117.22,117.23,117.2,117.2,1553000000,8
1184695200000,1184695679000,117.21,117.22,117.19,117.2,1075000000,8
1184695680000,1184696159000,117.18,117.26,117.18,117.23,3106000000,8
1184696160000,1184696639000,117.23,117.27,117.18,117.24,3274000000,8
1184696640000,1184697119000,117.24,117.26,117.2,117.22,2684000000,8
1184697120000,1184697599000,117.22,117.23,117.16,117.16,1808000000,8
1184697600000,1184698079000,117.16,117.2,117.14,117.19,2666000000,8
1184698080000,1184698559000,117.19,117.28,117.19,117.26,1795000000,8
1184698560000,1184699039000,117.27,117.32,117.24,117.305,861000000,8
1184699040000,1184699519000,117.305,117.305,117.26,117.27,916000000,8
1184699520000,1184699999000,117.27,117.3,117.23,117.265,952000000,8
1184700000000,1184700479000,117.265,117.3,117.25,117.27,1011000000,8
1184700480000,1184700959000,117.27,117.3,113.27,117.245,1062000000,8
1184700960000,1184701439000,117.245,117.26,117.16,117.18,1549000000,8
1184701440000,1184701919000,117.18,117.23,117.15,117.215,1755000000,8
1184701920000,1184702399000,117.215,117.24,117.19,117.21,1172000000,8
1184702400000,1184702879000,117.21,117.26,117.21,117.255,463000000,8
1184702880000,1184703359000,117.255,117.27,117.205,117.245,609000000,8
1184703360000,1184703839000,117.245,117.26,117.215,117.24,1094000000,8
1184703840000,1184704319000,117.24,117.25,117.18,117.2,899000000,8
1184704320000,1184704799000,117.2,117.22,117.18,117.21,578000000,8
1184704800000,1184705279000,117.21,117.23,117.18,117.2,1540000000,8
1184705280000,1184705759000,117.2,117.21,117.17,117.19,786000000,8
1184705760000,1184706239000,117.2,117.21,117.14,117.14,1421000000,8
1184706240000,1184706719000,117.14,117.16,117.11,117.15,350000000,8
1184706720000,1184707199000,117.15,117.15,117.085,117.11,825000000,8
1184707200000,1184707679000,117.11,117.11,117.035,117.095,1529000000,8
1184707680000,1184708159000,117.095,117.095,117.03,117.07,1955000000,8
1184708160000,1184708639000,117.04,117.14,117.04,117.09,1130000000,8
1184708640000,1184709119000,117.09,117.11,117.07,117.11,1438000000,8
1184709120000,1184709599000,117.11,117.13,117.075,117.11,881000000,8
1184709600000,1184710079000,117.11,117.13,117.045,117.08,1585000000,8
1184710080000,1184710559000,117.08,117.08,117.01,117.01,1740000000,8
1184710560000,1184711039000,117.01,117.04,116.99,117.01,1612000000,8
1184711040000,1184711519000,117.01,117.03,116.98,117.0,743000000,8
1184711520000,1184711999000,117.0,117.03,116.955,116.99,1951000000,8
1184712000000,1184712479000,116.99,116.99,116.915,116.97,3567000000,8
1184712480000,1184712959000,116.97,116.97,116.89,116.9,1944000000,8
1184712960000,1184713439000,116.9,117.0,116.885,116.98,1166000000,8
1184713440000,1184713919000,116.98,117.0,116.925,116.97,1080000000,8
1184713920000,1184714399000,116.97,116.99,116.94,116.99,913000000,8
1184714400000,1184714879000,116.99,117.01,116.935,116.965,716000000,8
1184714880000,1184715359000,116.965,116.99,116.915,116.94,927000000,8
1184715360000,1184715839000,116.94,116.96,116.92,116.96,757000000,8
1184715840000,1184716319000,116.96,117.03,116.93,117.01,967000000,8
1184716320000,1184716799000,117.01,117.05,116.995,117.02,1355000000,8
1184716800000,1184717279000,117.02,117.03,116.955,116.96,1267000000,8
1184717280000,1184717759000,116.96,116.97,116.875,116.92,1500000000,8
1184717760000,1184718239000,116.91,116.92,116.845,116.9,2521000000,8
1184718240000,1184718719000,116.89,116.94,116.86,116.92,1083000000,8
1184718720000,1184719199000,116.92,116.94,116.88,116.89,1252000000,8
1184719200000,1184719679000,116.89,116.95,116.87,116.92,1337000000,8
1184719680000,1184720159000,116.92,116.94,116.82,116.88,1798000000,8
1184720160000,1184720639000,116.88,116.89,116.82,116.84,1635000000,8
1184720640000,1184721119000,116.84,116.85,116.775,116.82,1696000000,8
1184721120000,1184721599000,116.82,116.87,116.82,116.84,843000000,8
1184721600000,1184722079000,116.84,116.88,116.82,116.83,1099000000,8
1184722080000,1184722559000,116.83,116.85,116.8,116.81,1582000000,8
1184722560000,1184723039000,116.81,116.82,116.745,116.765,1402000000,8
1184723040000,1184723519000,116.765,116.81,116.74,116.78,2064000000,8
1184723520000,1184723999000,116.78,116.8,116.76,116.77,1315000000,8
1184724000000,1184724479000,116.77,116.78,116.75,116.776,1684000000,8
1184724480000,1184724959000,116.78,116.81,116.77,116.8,1373000000,8
1184724960000,1184725439000,116.8,116.83,116.77,116.82,833000000,8
1184725440000,1184725919000,116.82,116.85,116.8,116.82,1174000000,8
1184725920000,1184726399000,116.82,116.83,116.76,116.795,1522000000,8
1184726400000,1184726879000,116.795,116.815,116.77,116.815,1481000000,8
1184726880000,1184727359000,116.815,116.83,113.27,116.82,370000000,8
1184727360000,1184727839000,116.82,116.82,116.78,116.81,912000000,8
1184727840000,1184728319000,116.805,116.84,116.8,116.83,1307000000,8
1184728320000,1184728799000,116.815,116.86,116.79,116.86,1430000000,8
1184728800000,1184729279000,116.86,116.86,116.81,116.85,614000000,8
1184729280000,1184729759000,116.85,116.88,116.84,116.86,862000000,8
1184729760000,1184730239000,116.86,116.86,116.83,116.84,540000000,8
1184730240000,1184730719000,116.85,116.89,116.84,116.87,1441000000,8
1184730720000,1184731199000,116.87,116.88,116.78,116.82,1120000000,8
1184731200000,1184731679000,116.82,116.91,116.79,116.895,2605000000,8
1184731680000,1184732159000,116.9,116.96,116.86,116.93,3601000000,8
1184732160000,1184732639000,116.94,116.96,116.81,116.82,3736000000,8
1184732640000,1184733119000,116.83,116.855,116.68,116.69,3305000000,8
1184733120000,1184733599000,116.69,116.76,116.685,116.74,2917000000,8
1184733600000,1184734079000,116.72,116.81,116.685,116.77,3416000000,8
1184734080000,1184734559000,116.8,116.88,116.755,116.87,868000000,8
1184734560000,1184735039000,116.88,116.89,116.84,116.87,1234000000,8
1184735040000,1184735519000,116.87,116.88,116.76,116.77,1099000000,8
1184735520000,1184735999000,116.77,116.78,116.69,116.77,1047000000,8
1184736000000,1184736479000,116.77,116.81,116.76,116.775,1486000000,8
1184736480000,1184736959000,116.78,116.83,116.77,116.82,2248000000,8
1184736960000,1184737439000,116.82,116.84,116.765,116.84,1480000000,8
1184737440000,1184737919000,116.84,116.85,116.785,116.82,1672000000,8
1184737920000,1184738399000,116.82,116.89,116.77,116.87,1904000000,8
1184738400000,1184738879000,116.865,116.92,116.85,116.89,3167000000,8
1184738880000,1184739359000,116.89,116.9,116.835,116.88,2724000000,8
1184739360000,1184739839000,116.88,116.89,116.805,116.81,3178000000,8
1184739840000,1184740319000,116.82,116.84,116.7,116.73,3963000000,8
1184740320000,1184740799000,116.73,116.75,116.65,116.69,4327000000,8
1184740800000,1184741279000,116.69,116.77,116.65,116.76,5828000000,8
1184741280000,1184741759000,116.76,116.81,116.75,116.78,3830000000,8
1184741760000,1184742239000,116.78,116.83,116.77,116.82,3351000000,8
1184742240000,1184742719000,116.82,116.98,116.8,116.98,5261000000,8
1184742720000,1184743199000,116.99,117.06,116.96,117.01,6146000000,8
1184743200000,1184743679000,117.01,117.03,116.91,116.94,6124000000,8
1184743680000,1184744159000,116.95,116.97,116.88,116.95,4119000000,8
1184744160000,1184744639000,116.95,116.98,116.9,116.91,6716000000,8
1184744640000,1184745119000,116.91,117.04,116.885,116.93,8155000000,8
1184745120000,1184745599000,116.93,117.0,116.885,116.92,6125000000,8
1184745600000,1184746079000,116.92,116.94,116.84,116.89,3808000000,8
1184746080000,1184746559000,116.89,116.9,116.85,116.87,2756000000,8
1184746560000,1184747039000,116.87,116.87,116.78,116.83,3114000000,8
1184747040000,1184747519000,116.83,116.84,116.8,116.815,2237000000,8
1184747520000,1184747999000,116.815,116.89,116.8,116.85,3882000000,8
1184748000000,1184748479000,116.85,116.99,116.84,116.89,6900000000,8
1184748480000,1184748959000,116.89,116.96,116.88,116.93,4899000000,8
1184748960000,1184749439000,116.93,116.96,116.88,116.88,3048000000,8
1184749440000,1184749919000,116.88,116.91,116.8,116.86,2147000000,8
1184749920000,1184750399000,116.86,116.98,116.85,116.91,2205000000,8
1184750400000,1184750879000,116.91,116.97,116.85,116.855,1899000000,8
1184750880000,1184751359000,116.87,117.02,116.855,117.02,2493000000,8
1184751360000,1184751839000,116.995,117.05,116.925,117.0,2606000000,8
1184751840000,1184752319000,117.0,117.12,116.955,117.075,3219000000,8
1184752320000,1184752799000,117.075,117.11,116.965,116.97,2184000000,8
1184752800000,1184753279000,116.97,117.02,116.865,116.92,2816000000,8
1184753280000,1184753759000,116.92,117.01,116.91,117.0,1206000000,8
1184753760000,1184754239000,117.0,117.05,116.945,117.0,2043000000,8
1184754240000,1184754719000,117.0,117.02,116.985,116.995,1128000000,8
1184754720000,1184755199000,117.01,117.01,116.915,116.98,2067000000,8
1184755200000,1184755679000,116.98,117.02,116.95,117.02,659000000,8
1184755680000,1184756159000,117.02,117.065,116.98,117.02,1632000000,8
1184756160000,1184756639000,117.02,117.03,116.5,116.665,2835000000,8
1184756640000,1184757119000,116.665,116.74,116.555,116.665,3186000000,8
1184757120000,1184757599000,116.665,116.67,116.495,116.61,2833000000,8
1184757600000,1184758079000,116.61,116.68,116.505,116.66,1992000000,8
1184758080000,1184758559000,116.66,116.71,116.525,116.68,2629000000,8
1184758560000,1184759039000,116.68,116.73,116.47,116.55,3168000000,8
1184759040000,1184759519000,116.56,116.65,116.49,116.52,2785000000,8
1184759520000,1184759999000,116.52,116.68,116.52,116.59,2797000000,8
1184760000000,1184760479000,116.59,116.72,116.525,116.67,1927000000,8
1184760480000,1184760959000,116.695,116.75,116.615,116.71,2920000000,8
1184760960000,1184761439000,116.7,116.75,116.62,116.685,1880000000,8
1184761440000,1184761919000,116.685,116.775,116.63,116.69,2600000000,8
1184761920000,1184762399000,116.69,116.79,116.66,116.78,3015000000,8
1184762400000,1184762879000,116.785,116.96,116.785,116.86,6028000000,8
1184762880000,1184763359000,116.86,116.91,116.825,116.84,6629000000,8
1184763360000,1184763839000,116.84,116.99,116.83,116.96,5288000000,8
1184763840000,1184764319000,116.96,116.97,116.84,116.88,3929000000,8
1184764320000,1184764799000,116.88,117.09,116.825,116.96,4604000000,8
1184764800000,1184765279000,116.96,117.0,116.88,116.945,4105000000,8
1184765280000,1184765759000,116.95,116.99,116.89,116.89,3312000000,8
1184765760000,1184766239000,116.89,116.95,116.89,116.91,2935000000,8
1184766240000,1184766719000,116.91,117.0,116.855,116.95,4754000000,8
1184766720000,1184767199000,116.95,116.96,116.86,116.92,4365000000,8
1184767200000,1184767679000,116.93,116.97,116.81,116.9,6056000000,8
1184767680000,1184768159000,116.9,116.93,116.81,116.85,4683000000,8
1184768160000,1184768639000,116.85,116.9,116.825,116.86,3186000000,8
1184768640000,1184769119000,116.86,116.97,116.83,116.91,4866000000,8
1184769120000,1184769599000,116.91,116.92,116.74,116.825,4492000000,8
1184769600000,1184770079000,116.825,116.85,116.7,116.73,5533000000,8
1184770080000,1184770559000,116.75,116.84,116.73,116.83,4960000000,8
1184770560000,1184771039000,116.83,116.92,116.76,116.78,5896000000,8
1184771040000,1184771519000,116.78,116.9,116.76,116.9,3532000000,8
1184771520000,1184771999000,116.91,116.95,116.84,116.85,4222000000,8
1184772000000,1184772479000,116.85,116.87,116.79,116.81,3908000000,8
1184772480000,1184772959000,116.81,116.85,116.69,116.71,4003000000,8
1184772960000,1184773439000,116.71,116.74,116.66,116.73,4477000000,8
1184773440000,1184773919000,116.73,116.78,116.66,116.67,2159000000,8
1184773920000,1184774399000,116.67,116.73,116.65,116.73,2469000000,8
1184774400000,1184774879000,116.73,116.77,116.68,116.69,1783000000,8
1184774880000,1184775359000,116.69,116.74,116.68,116.72,1945000000,8
1184775360000,1184775839000,116.72,116.72,116.61,116.62,2336000000,8
1184775840000,1184776319000,116.62,116.68,116.595,116.66,2183000000,8
1184776320000,1184776799000,116.66,116.75,116.655,116.69,1753000000,8
1184776800000,1184777279000,116.69,116.71,116.66,116.71,1233000000,8
1184777280000,1184777759000,116.71,116.76,116.67,116.68,1216000000,8
1184777760000,1184778239000,116.68,116.69,116.63,116.63,927000000,8
1184778240000,1184778719000,116.63,116.67,116.6,116.65,1658000000,8
1184778720000,1184779199000,116.65,116.66,116.62,116.64,1044000000,8
1184779200000,1184779679000,116.64,116.67,116.63,116.65,1861000000,8
1184779680000,1184780159000,116.645,116.67,116.64,116.67,678000000,8
1184780160000,1184780639000,116.67,116.74,116.67,116.705,1772000000,8
1184780640000,1184781119000,116.71,116.76,116.7,116.71,1676000000,8
1184781120000,1184781599000,116.71,116.71,116.65,116.67,1083000000,8
1184781600000,1184782079000,116.67,116.69,116.62,116.63,1180000000,8
1184782080000,1184782559000,116.63,116.635,116.58,116.59,1105000000,8
1184782560000,1184783039000,116.59,116.61,116.56,116.6,1127000000,8
1184783040000,1184783519000,116.6,116.61,116.57,116.6,632000000,8
1184783520000,1184783999000,116.595,116.63,116.575,116.62,771000000,8
1184784000000,1184784479000,116.62,116.62,116.54,116.55,1686000000,8
1184784480000,1184784959000,116.55,116.59,116.53,116.58,1604000000,8
1184784960000,1184785439000,116.58,116.64,116.56,116.59,2022000000,8
1184785440000,1184785919000,116.59,116.65,116.57,116.65,1017000000,8
1184785920000,1184786399000,116.65,116.73,116.64,116.69,1417000000,8
1184786400000,1184786879000,116.69,116.7,116.65,116.69,1109000000,8
1184786880000,1184787359000,116.69,116.71,116.65,116.675,1107000000,8
1184787360000,1184787839000,116.68,116.7,116.61,116.64,1848000000,8
1184787840000,1184788319000,116.64,116.73,116.61,116.73,1619000000,8
1184788320000,1184788799000,116.73,116.8,116.695,116.77,1788000000,8
1184788800000,1184789279000,116.77,116.77,116.675,116.73,699000000,8
1184789280000,1184789759000,116.73,116.805,116.71,116.78,1807000000,8
1184789760000,1184790239000,116.78,116.86,116.765,116.85,1402000000,8
1184790240000,1184790719000,116.85,116.86,116.81,116.82,1117000000,8
1184790720000,1184791199000,116.82,116.84,116.8,116.83,697000000,8
1184791200000,1184791679000,116.83,116.85,116.77,116.82,1075000000,8
1184791680000,1184792159000,116.81,116.87,116.8,116.81,864000000,8
1184792160000,1184792639000,116.81,116.84,116.76,116.77,431000000,8
1184792640000,1184793119000,116.77,116.77,116.715,116.75,406000000,8
1184793120000,1184793599000,116.75,116.76,116.62,116.65,1219000000,8
1184793600000,1184794079000,116.65,116.665,116.6,116.66,659000000,8
1184794080000,1184794559000,116.665,116.69,116.64,116.67,489000000,8
1184794560000,1184795039000,116.67,116.715,116.625,116.7,632000000,8
1184795040000,1184795519000,116.7,116.715,116.67,116.68,826000000,8
1184795520000,1184795999000,116.69,116.82,116.665,116.77,1027000000,8
1184796000000,1184796479000,116.77,116.79,116.665,116.73,2350000000,8
1184796480000,1184796959000,116.73,116.76,116.63,116.73,1801000000,8
1184796960000,1184797439000,116.73,116.815,116.73,116.78,2235000000,8
1184797440000,1184797919000,116.78,116.78,116.72,116.76,855000000,8
1184797920000,1184798399000,116.76,116.77,116.72,116.75,1177000000,8
1184798400000,1184798879000,116.75,116.77,116.71,116.73,1194000000,8
1184798880000,1184799359000,116.73,116.755,116.71,116.74,554000000,8
1184799360000,1184799839000,116.74,116.75,116.7,116.72,1121000000,8
1184799840000,1184800319000,116.72,116.76,116.71,116.76,811000000,8
1184800320000,1184800799000,116.76,116.78,116.68,116.73,1535000000,8
1184800800000,1184801279000,116.73,116.77,116.71,116.72,932000000,8
1184801280000,1184801759000,116.72,116.75,116.7,116.71,1465000000,8
1184801760000,1184802239000,116.71,116.74,116.69,116.72,1136000000,8
1184802240000,1184802719000,116.72,116.77,116.7,116.77,1530000000,8
1184802720000,1184803199000,116.77,116.79,116.75,116.78,817000000,8
1184803200000,1184803679000,116.78,116.82,116.76,116.805,887000000,8
1184803680000,1184804159000,116.82,116.82,116.75,116.755,685000000,8
1184804160000,1184804639000,116.755,116.78,116.74,116.745,1425000000,8
1184804640000,1184805119000,116.745,116.76,116.73,116.75,857000000,8
1184805120000,1184805599000,116.75,116.78,116.735,116.735,835000000,8
1184805600000,1184806079000,116.735,116.76,116.7,116.7,905000000,8
1184806080000,1184806559000,116.7,116.72,116.675,116.7,1570000000,8
1184806560000,1184807039000,116.68,116.75,116.68,116.74,688000000,8
1184807040000,1184807519000,116.74,116.74,116.69,116.71,487000000,8
1184807520000,1184807999000,116.71,116.72,116.7,116.71,612000000,8
1184808000000,1184808479000,116.71,116.72,116.61,116.62,1213000000,8
1184808480000,1184808959000,116.62,116.65,116.6,116.61,1354000000,8
1184808960000,1184809439000,116.61,116.63,116.56,116.6,3451000000,8
1184809440000,1184809919000,116.6,116.6,116.55,116.58,1134000000,8
1184809920000,1184810399000,116.58,116.61,116.57,116.59,1168000000,8
1184810400000,1184810879000,116.6,116.63,116.58,116.62,683000000,8
1184810880000,1184811359000,116.62,116.63,116.61,116.62,854000000,8
1184811360000,1184811839000,116.63,116.63,116.61,116.63,577000000,8
1184811840000,1184812319000,116.63,116.64,116.605,116.64,360000000,8
1184812320000,1184812799000,116.64,116.65,113.27,116.63,510000000,8
1184812800000,1184813279000,116.63,116.7,116.63,116.67,1084000000,8
1184813280000,1184813759000,116.67,116.7,116.645,116.68,1060000000,8
1184813760000,1184814239000,116.68,116.68,116.655,116.68,426000000,8
1184814240000,1184814719000,116.65,116.68,116.62,116.65,151000000,8
1184814720000,1184815199000,116.65,116.68,116.64,116.68,436000000,8
1184815200000,1184815679000,116.68,116.69,113.27,116.68,129000000,8
1184815680000,1184816159000,116.68,116.73,113.27,116.72,251000000,8
1184816160000,1184816639000,116.72,116.72,116.66,116.68,425000000,8
1184816640000,1184817119000,116.67,116.7,116.67,116.685,328000000,8
1184817120000,1184817599000,116.685,116.725,116.655,116.71,1779000000,8
1184817600000,1184818079000,116.71,116.71,116.69,116.71,518000000,8
1184818080000,1184818559000,116.71,116.72,116.68,116.69,1612000000,8
1184818560000,1184819039000,116.69,116.69,116.63,116.64,970000000,8
1184819040000,1184819519000,116.635,116.65,116.57,116.61,1264000000,8
1184819520000,1184819999000,116.61,116.66,116.6,116.63,1038000000,8
1184820000000,1184820479000,116.63,116.64,113.27,113.27,1093000000,8
1184820480000,1184820959000,116.6,116.62,116.585,116.61,1298000000,8
1184820960000,1184821439000,116.61,116.65,116.61,116.65,1300000000,8
1184821440000,1184821919000,116.65,116.66,116.62,116.64,1175000000,8
1184821920000,1184822399000,116.64,116.65,116.62,116.64,235000000,8
1184822400000,1184822879000,116.65,116.67,116.63,116.64,546000000,8
1184822880000,1184823359000,116.64,116.65,113.27,116.62,1181000000,8
1184823360000,1184823839000,116.62,116.63,113.27,116.62,755000000,8
1184823840000,1184824319000,116.62,116.63,116.59,116.61,1439000000,8
1184824320000,1184824799000,116.62,116.63,116.59,116.63,2021000000,8
1184824800000,1184825279000,116.63,116.66,116.595,116.615,2457000000,8
1184825280000,1184825759000,116.615,116.62,116.57,116.575,1858000000,8
1184825760000,1184826239000,116.575,116.62,116.57,116.59,3848000000,8
1184826240000,1184826719000,116.61,116.63,116.585,116.585,1694000000,8
1184826720000,1184827199000,116.585,116.595,116.49,116.49,4110000000,8
1184827200000,1184827679000,116.49,116.56,116.465,116.54,1934000000,8
1184827680000,1184828159000,116.54,116.57,116.52,116.54,2063000000,8
1184828160000,1184828639000,116.54,116.55,116.49,116.49,1523000000,8
1184828640000,1184829119000,116.5,116.53,116.45,116.45,2949000000,8
1184829120000,1184829599000,116.45,116.47,116.4,116.46,3657000000,8
1184829600000,1184830079000,116.46,116.52,116.41,116.51,2091000000,8
1184830080000,1184830559000,116.51,116.59,116.46,116.59,3779000000,8
1184830560000,1184831039000,116.6,116.665,116.58,116.64,5986000000,8
1184831040000,1184831519000,116.645,116.775,116.63,116.76,6332000000,8
1184831520000,1184831999000,116.76,116.77,116.69,116.755,6286000000,8
1184832000000,1184832479000,116.755,116.78,116.725,116.75,4059000000,8
1184832480000,1184832959000,116.75,116.78,116.7,116.73,2772000000,8
1184832960000,1184833439000,116.74,116.78,116.72,116.78,2823000000,8
1184833440000,1184833919000,116.78,116.86,116.76,116.86,3435000000,8
1184833920000,1184834399000,116.86,116.97,116.85,116.87,4004000000,8
1184834400000,1184834879000,116.87,116.89,116.78,116.82,3054000000,8
1184834880000,1184835359000,116.82,116.89,116.77,116.84,5724000000,8
1184835360000,1184835839000,116.845,116.93,116.815,116.9,5494000000,8
1184835840000,1184836319000,116.9,116.925,116.79,116.81,7557000000,8
1184836320000,1184836799000,116.81,116.85,116.74,116.765,5613000000,8
1184836800000,1184837279000,116.76,116.81,116.71,116.76,5040000000,8
1184837280000,1184837759000,116.755,116.85,116.74,116.85,2689000000,8
1184837760000,1184838239000,116.85,116.88,116.81,116.83,3025000000,8
1184838240000,1184838719000,116.83,116.85,116.76,116.76,4402000000,8
1184838720000,1184839199000,116.76,116.86,116.76,116.84,3803000000,8
1184839200000,1184839679000,116.83,116.85,116.79,116.79,3229000000,8
1184839680000,1184840159000,116.8,116.81,116.75,116.76,3014000000,8
1184840160000,1184840639000,116.76,116.76,116.635,116.73,3862000000,8
1184840640000,1184841119000,116.73,116.87,116.685,116.835,5047000000,8
1184841120000,1184841599000,116.85,116.86,116.76,116.79,2527000000,8
1184841600000,1184842079000,116.79,116.81,116.73,116.75,3896000000,8
1184842080000,1184842559000,116.75,116.85,116.75,116.85,2171000000,8
1184842560000,1184843039000,116.85,116.89,116.85,116.85,3277000000,8
1184843040000,1184843519000,116.845,116.91,116.84,116.87,3680000000,8
1184843520000,1184843999000,116.89,116.94,116.855,116.93,2899000000,8
1184844000000,1184844479000,116.93,117.05,116.93,117.04,5101000000,8
1184844480000,1184844959000,117.04,117.05,116.95,116.95,2822000000,8
1184844960000,1184845439000,116.95,116.955,116.91,116.94,2849000000,8
1184845440000,1184845919000,116.94,116.99,116.93,116.945,3855000000,8
1184845920000,1184846399000,116.945,116.99,116.93,116.95,4754000000,8
1184846400000,1184846879000,116.95,116.98,116.95,116.95,2181000000,8
1184846880000,1184847359000,116.95,117.0,116.885,116.98,4522000000,8
1184847360000,1184847839000,116.99,117.08,116.98,117.05,5416000000,8
1184847840000,1184848319000,117.05,117.07,116.78,116.97,5361000000,8
1184848320000,1184848799000,116.97,117.05,116.945,117.05,6804000000,8
1184848800000,1184849279000,117.05,117.27,117.005,117.2,4434000000,8
1184849280000,1184849759000,117.21,117.24,117.075,117.19,4286000000,8
1184849760000,1184850239000,117.19,117.19,117.01,117.09,4416000000,8
1184850240000,1184850719000,117.1,117.17,117.01,117.16,5217000000,8
1184850720000,1184851199000,117.16,117.18,117.01,117.1,3684000000,8
1184851200000,1184851679000,117.1,117.14,116.965,117.01,5146000000,8
1184851680000,1184852159000,117.01,117.07,116.93,117.05,5681000000,8
1184852160000,1184852639000,117.05,117.07,116.99,117.05,3366000000,8
1184852640000,1184853119000,117.05,117.06,116.945,116.98,4871000000,8
1184853120000,1184853599000,116.98,117.02,116.96,116.99,4094000000,8
1184853600000,1184854079000,116.99,117.04,116.92,117.04,5418000000,8
1184854080000,1184854559000,117.035,117.13,117.0,117.09,5258000000,8
1184854560000,1184855039000,117.09,117.11,116.97,117.03,4024000000,8
1184855040000,1184855519000,117.03,117.05,116.96,116.98,2844000000,8
1184855520000,1184855999000,116.98,117.13,116.96,117.08,3545000000,8
1184856000000,1184856479000,117.08,117.12,117.04,117.1,2956000000,8
1184856480000,1184856959000,117.1,117.12,117.02,117.03,2941000000,8
1184856960000,1184857439000,117.03,117.17,116.995,117.03,5575000000,8
1184857440000,1184857919000,117.03,117.05,116.945,117.02,4247000000,8
1184857920000,1184858399000,117.02,117.07,117.0,117.02,2156000000,8
1184858400000,1184858879000,117.02,117.07,117.01,117.045,1914000000,8
1184858880000,1184859359000,117.045,117.08,117.02,117.045,4044000000,8
1184859360000,1184859839000,117.045,117.07,116.955,117.02,6112000000,8
1184859840000,1184860319000,117.02,117.09,116.96,117.08,3732000000,8
1184860320000,1184860799000,117.08,117.14,117.05,117.08,4699000000,8
1184860800000,1184861279000,117.08,117.09,117.005,117.04,4174000000,8
1184861280000,1184861759000,117.04,117.14,117.025,117.13,3897000000,8
1184861760000,1184862239000,117.13,117.13,117.015,117.015,3349000000,8
1184862240000,1184862719000,117.015,117.065,117.015,117.04,1734000000,8
1184862720000,1184863199000,117.04,117.04,116.97,116.99,2650000000,8
1184863200000,1184863679000,116.99,117.04,116.97,117.02,3399000000,8
1184863680000,1184864159000,117.04,117.1,116.97,116.98,2109000000,8
1184864160000,1184864639000,116.98,117.0,116.93,116.95,4247000000,8
1184864640000,1184865119000,116.95,116.99,116.93,116.975,3228000000,8
1184865120000,1184865599000,116.975,116.99,116.93,116.965,3001000000,8
1184865600000,1184866079000,116.965,117.01,116.95,116.985,1958000000,8
1184866080000,1184866559000,116.985,117.03,116.985,117.03,1347000000,8
1184866560000,1184867039000,117.03,117.13,117.03,117.12,2788000000,8
1184867040000,1184867519000,117.12,117.12,117.05,117.07,1934000000,8
1184867520000,1184867999000,117.07,117.1,117.045,117.06,2931000000,8
1184868000000,1184868479000,117.05,117.06,116.97,117.01,3712000000,8
1184868480000,1184868959000,117.01,117.05,116.965,117.0,2926000000,8
1184868960000,1184869439000,117.01,117.01,116.945,116.995,2065000000,8
1184869440000,1184869919000,116.995,117.07,116.95,117.05,5279000000,8
1184869920000,1184870399000,117.05,117.06,117.02,117.05,1552000000,8
1184870400000,1184870879000,117.05,117.07,117.005,117.02,2740000000,8
1184870880000,1184871359000,117.02,117.02,116.96,117.0,2031000000,8
1184871360000,1184871839000,117.0,117.02,116.955,116.98,2114000000,8
1184871840000,1184872319000,116.98,117.03,116.96,117.02,1252000000,8
1184872320000,1184872799000,117.02,117.02,116.99,117.0,1514000000,8
1184872800000,1184873279000,117.0,117.02,116.99,116.99,1512000000,8
1184873280000,1184873759000,117.0,117.03,116.99,117.02,1511000000,8
1184873760000,1184874239000,117.02,117.02,116.97,117.0,2902000000,8
1184874240000,1184874719000,117.0,117.03,116.98,117.03,2530000000,8
1184874720000,1184875199000,117.03,117.06,117.02,117.03,1950000000,8
1184875200000,1184875679000,117.03,117.07,117.015,117.05,518000000,8
1184875680000,1184876159000,117.05,117.07,117.005,117.06,1325000000,8
1184876160000,1184876639000,117.06,117.06,117.03,117.04,473000000,8
1184876640000,1184877119000,117.04,117.05,117.0,117.0,855000000,8
1184877120000,1184877599000,117.0,117.0,116.96,116.97,798000000,8
1184877600000,1184878079000,116.97,116.99,116.94,116.97,1127000000,8
1184878080000,1184878559000,116.97,116.97,116.92,116.96,842000000,8
1184878560000,1184879039000,116.96,116.97,116.895,116.95,1013000000,8
1184879040000,1184879519000,116.95,116.97,116.905,116.96,268000000,8
1184879520000,1184879999000,116.96,117.02,116.91,116.93,1406000000,8
1184880000000,1184880479000,116.93,116.97,116.93,116.96,1144000000,8
1184880480000,1184880959000,116.96,116.97,116.91,116.93,919000000,8
1184880960000,1184881439000,116.93,116.94,116.905,116.94,241000000,8
1184881440000,1184881919000,116.94,116.99,116.925,116.95,595000000,8
1184881920000,1184882399000,116.93,116.99,116.93,116.98,227000000,8
1184882400000,1184882879000,116.98,117.01,116.96,117.01,751000000,8
1184882880000,1184883359000,117.01,117.01,116.99,117.01,207000000,8
1184883360000,1184883839000,117.01,117.01,116.95,117.0,672000000,8
1184883840000,1184884319000,117.0,117.03,116.98,117.02,597000000,8
1184884320000,1184884799000,117.02,117.04,117.005,117.03,451000000,8
1184884800000,1184885279000,117.03,117.03,116.985,116.99,495000000,8
1184885280000,1184885759000,116.99,117.06,116.97,117.05,950000000,8
1184885760000,1184886239000,117.05,117.05,117.0,117.03,1077000000,8
1184886240000,1184886719000,117.03,117.07,117.01,117.035,566000000,8
1184886720000,1184887199000,117.05,117.06,116.99,117.01,1029000000,8
1184887200000,1184887679000,117.01,117.08,116.99,117.07,705000000,8
1184887680000,1184888159000,117.07,117.1,113.28,117.08,508000000,8
1184888160000,1184888639000,117.08,117.08,117.005,117.03,755000000,8
1184888640000,1184889119000,117.03,117.04,117.01,117.03,789000000,8
1184889120000,1184889599000,117.03,117.04,117.0,117.015,1276000000,8
1184889600000,1184890079000,117.02,117.09,117.02,117.08,1647900000,8
1184890080000,1184890559000,117.1,117.105,117.04,117.06,812400000,8
1184890560000,1184891039000,117.06,117.08,117.025,117.07,1010500000,8
1184891040000,1184891519000,117.07,117.07,117.025,117.04,1329300000,8
1184891520000,1184891999000,117.05,117.07,117.01,117.06,1641400000,8
1184892000000,1184892479000,117.07,117.08,117.04,117.07,1411400000,8
1184892480000,1184892959000,117.075,117.14,117.07,117.09,2578300000,8
1184892960000,1184893439000,117.11,117.14,117.035,117.04,1628200000,8
1184893440000,1184893919000,117.04,117.05,117.0,117.04,1670800000,8
1184893920000,1184894399000,117.05,117.06,117.02,117.04,1722500000,8
1184894400000,1184894879000,117.005,117.09,116.14,117.015,1151910000,8
1184894880000,1184895359000,117.08,117.08,117.016,117.06,663420000,8
1184895360000,1184895839000,117.07,117.12,117.055,117.09,985100000,8
1184895840000,1184896319000,117.09,117.145,117.08,117.12,1804900000,8
1184896320000,1184896799000,117.12,117.18,117.1,117.155,3180700000,8
1184896800000,1184897279000,117.15,117.17,117.12,117.155,1274000000,8
1184897280000,1184897759000,117.17,117.18,117.14,117.15,614600000,8
1184897760000,1184898239000,117.15,117.16,117.07,117.1,1918400000,8
1184898240000,1184898719000,117.1,117.12,117.06,117.115,1230500000,8
1184898720000,1184899199000,117.1,117.12,117.06,117.09,1089700000,8
1184899200000,1184899679000,117.09,117.1,117.06,117.09,1141000000,8
1184899680000,1184900159000,117.09,117.11,117.07,117.08,532400000,8
1184900160000,1184900639000,117.08,117.09,117.02,117.03,1172000000,8
1184900640000,1184901119000,117.03,117.05,117.02,117.05,693200000,8
1184901120000,1184901599000,117.05,117.07,117.022,117.06,756270000,8
1184901600000,1184902079000,117.06,117.06,117.025,117.05,442300000,8
1184902080000,1184902559000,117.045,117.07,117.04,117.05,1455100000,8
1184902560000,1184903039000,117.05,117.06,116.99,117.03,1026430000,8
1184903040000,1184903519000,117.04,117.08,117.03,117.08,1120000000,8
1184903520000,1184903999000,117.07,117.08,117.06,117.07,906200000,8
1184904000000,1184904479000,117.06,117.09,116.275,117.08,1485270000,8
1184904480000,1184904959000,117.075,117.11,117.07,117.09,735900000,8
1184904960000,1184905439000,117.08,117.12,117.07,117.11,836800000,8
1184905440000,1184905919000,117.095,117.11,117.05,117.1,1285700000,8
1184905920000,1184906399000,117.09,117.12,117.08,117.11,720300000,8
1184906400000,1184906879000,117.12,117.12,117.09,117.11,489700000,8
1184906880000,1184907359000,117.11,117.12,117.065,117.1,722260000,8
1184907360000,1184907839000,117.1,117.13,117.07,117.115,596200000,8
1184907840000,1184908319000,117.12,117.13,117.09,117.1,676400000,8
1184908320000,1184908799000,117.1,117.11,117.069,117.086,709750000,8
1184908800000,1184909279000,117.11,117.11,117.07,117.08,1148300000,8
1184909280000,1184909759000,117.08,117.09,117.06,117.08,812400000,8
1184909760000,1184910239000,117.08,117.09,117.015,117.09,1775860000,8
1184910240000,1184910719000,117.09,117.1,117.05,117.05,1486100000,8
1184910720000,1184911199000,117.05,117.07,117.02,117.06,1941300000,8
1184911200000,1184911679000,117.06,117.11,117.05,117.07,3268600000,8
1184911680000,1184912159000,117.07,117.125,116.96,116.99,3752800000,8
1184912160000,1184912639000,116.99,117.03,116.97,117.02,3250000000,8
1184912640000,1184913119000,117.02,117.04,116.97,116.99,2662300000,8
1184913120000,1184913599000,116.99,117.04,116.945,117.02,2684800000,8
1184913600000,1184914079000,117.03,117.08,117.01,117.06,2561700000,8
1184914080000,1184914559000,117.05,117.15,117.03,117.12,3377500000,8
1184914560000,1184915039000,117.13,117.18,117.095,117.11,2953200000,8
1184915040000,1184915519000,117.105,117.18,117.092,117.17,2697800000,8
1184915520000,1184915999000,117.17,117.22,117.16,117.2,3732400000,8
1184916000000,1184916479000,117.19,117.26,117.17,117.22,3768800000,8
1184916480000,1184916959000,117.22,117.27,117.18,117.19,6189900000,8
1184916960000,1184917439000,117.19,117.31,117.14,117.25,7115000000,8
1184917440000,1184917919000,117.245,117.27,117.2,117.21,3054300000,8
1184917920000,1184918399000,117.21,117.25,117.18,117.24,4029200000,8
1184918400000,1184918879000,117.24,117.24,117.17,117.17,3455600000,8
1184918880000,1184919359000,117.18,117.22,117.145,117.17,1695100000,8
1184919360000,1184919839000,117.17,117.21,117.17,117.19,3262800000,8
1184919840000,1184920319000,117.18,117.2,117.115,117.15,2496900000,8
1184920320000,1184920799000,117.15,117.198,117.15,117.15,4332200000,8
1184920800000,1184921279000,117.15,117.17,117.08,117.08,5393100000,8
1184921280000,1184921759000,117.08,117.1,116.97,117.08,6771800000,8
1184921760000,1184922239000,117.08,117.105,117.002,117.1,9079100000,8
1184922240000,1184922719000,117.11,117.11,117.05,117.09,4876300000,8
1184922720000,1184923199000,117.09,117.09,116.99,117.04,4808500000,8
1184923200000,1184923679000,117.04,117.19,117.0,117.13,4760300000,8
1184923680000,1184924159000,117.12,117.18,117.115,117.15,5842400000,8
1184924160000,1184924639000,117.15,117.19,117.11,117.165,3851100000,8
1184924640000,1184925119000,117.18,117.215,117.13,117.17,8565300000,8
1184925120000,1184925599000,117.18,117.23,117.15,117.19,4319200000,8
1184925600000,1184926079000,117.19,117.19,117.14,117.16,1655100000,8
1184926080000,1184926559000,117.16,117.22,117.125,117.2,2630600000,8
1184926560000,1184927039000,117.2,117.2,117.12,117.15,3037100000,8
1184927040000,1184927519000,117.15,117.17,117.13,117.15,1376000000,8
1184927520000,1184927999000,117.13,117.17,117.115,117.15,908300000,8
1184928000000,1184928479000,117.15,117.22,117.14,117.22,2282300000,8
1184928480000,1184928959000,117.22,117.23,117.195,117.22,1643600000,8
1184928960000,1184929439000,117.22,117.23,117.15,117.17,2050800000,8
1184929440000,1184929919000,117.17,117.18,117.115,117.18,2725900000,8
1184929920000,1184930399000,117.18,117.19,117.15,117.185,1294700000,8
1184930400000,1184930879000,117.185,117.2,117.065,117.15,3578000000,8
1184930880000,1184931359000,117.12,117.205,117.12,117.135,3994800000,8
1184931360000,1184931839000,117.135,117.14,117.03,117.06,4579200000,8
1184931840000,1184932319000,117.06,117.09,116.97,117.04,5049900000,8
1184932320000,1184932799000,117.04,117.06,116.97,116.98,3504300000,8
1184932800000,1184933279000,116.99,117.06,116.94,117.03,4322700000,8
1184933280000,1184933759000,117.03,117.032,116.88,116.91,4844000000,8
1184933760000,1184934239000,116.91,116.96,116.88,116.91,6258100000,8
1184934240000,1184934719000,116.91,116.91,116.74,116.825,8759200000,8
1184934720000,1184935199000,116.82,116.92,116.82,116.88,6584000000,8
1184935200000,1184935679000,116.88,116.93,116.855,116.9,4003100000,8
1184935680000,1184936159000,116.9,116.9,116.81,116.87,5185900000,8
1184936160000,1184936639000,116.87,117.01,116.86,116.98,3460800000,8
1184936640000,1184937119000,116.98,117.04,116.96,117.015,4758700000,8
1184937120000,1184937599000,117.02,117.03,116.94,116.96,3810000000,8
1184937600000,1184938079000,116.96,116.98,116.89,116.92,3683600000,8
1184938080000,1184938559000,116.93,116.98,116.9,116.95,4080500000,8
1184938560000,1184939039000,116.95,116.96,116.91,116.92,2875400000,8
1184939040000,1184939519000,116.92,116.95,116.84,116.94,4112700000,8
1184939520000,1184939999000,116.94,116.95,116.73,116.76,7833200000,8
1184940000000,1184940479000,116.76,116.8,116.66,116.73,8405400000,8
1184940480000,1184940959000,116.73,116.74,116.59,116.61,6966200000,8
1184940960000,1184941439000,116.61,116.62,116.36,116.36,9291000000,8
1184941440000,1184941919000,116.36,116.38,116.21,116.23,7675300000,8
1184941920000,1184942399000,116.24,116.25,115.96,116.11,11322900000,8
1184942400000,1184942879000,116.11,116.34,116.09,116.125,6217000000,8
1184942880000,1184943359000,116.13,116.27,116.08,116.18,9497500000,8
1184943360000,1184943839000,116.18,116.36,116.13,116.24,7331500000,8
1184943840000,1184944319000,116.225,116.37,116.21,116.34,5602600000,8
1184944320000,1184944799000,116.34,116.34,116.18,116.25,5392600000,8
1184944800000,1184945279000,116.25,116.27,116.09,116.15,6093400000,8
1184945280000,1184945759000,116.16,116.28,116.14,116.235,7516500000,8
1184945760000,1184946239000,116.24,116.26,116.14,116.14,9107100000,8
1184946240000,1184946719000,116.14,116.17,116.12,116.13,5964800000,8
1184946720000,1184947199000,116.12,116.14,116.02,116.05,7468100000,8
1184947200000,1184947679000,116.05,116.09,115.98,116.05,5836100000,8
1184947680000,1184948159000,116.05,116.05,115.96,115.97,3379000000,8
1184948160000,1184948639000,115.97,116.07,115.97,116.03,3839300000,8
1184948640000,1184949119000,116.04,116.14,116.03,116.05,3399100000,8
1184949120000,1184949599000,116.04,116.07,115.545,115.65,8703700000,8
1184949600000,1184950079000,115.66,115.7,115.4,115.53,6451600000,8
1184950080000,1184950559000,115.53,115.6,115.45,115.49,5170900000,8
1184950560000,1184951039000,115.49,115.52,115.37,115.44,5302600000,8
1184951040000,1184951519000,115.44,115.56,115.405,115.55,3542680000,8
1184951520000,1184951999000,115.55,115.55,115.46,115.5,2640700000,8
1184952000000,1184952479000,115.5,115.52,115.45,115.47,3738700000,8
1184952480000,1184952959000,115.47,115.51,115.37,115.41,3471200000,8
1184952960000,1184953439000,115.4,115.59,115.38,115.56,7090100000,8
1184953440000,1184953919000,115.56,115.59,115.49,115.56,4654500000,8
1184953920000,1184954399000,115.56,115.6,115.53,115.53,3329500000,8
1184954400000,1184954879000,115.53,115.54,115.47,115.54,2579300000,8
1184954880000,1184955359000,115.54,115.75,115.53,115.7,6273000000,8
1184955360000,1184955839000,115.7,115.79,115.69,115.78,4727400000,8
1184955840000,1184956319000,115.77,115.78,115.66,115.68,4361600000,8
1184956320000,1184956799000,115.68,115.72,115.66,115.68,3572100000,8
1184956800000,1184957279000,115.68,115.7,115.63,115.7,2715000000,8
1184957280000,1184957759000,115.7,115.71,115.65,115.7,2735300000,8
1184957760000,1184958239000,115.7,115.72,115.65,115.67,2847700000,8
1184958240000,1184958719000,115.67,115.7,115.6,115.64,3991400000,8
1184958720000,1184959199000,115.64,115.66,115.6,115.64,1819600000,8
1184959200000,1184959679000,115.64,115.72,115.64,115.7,2530200000,8
1184959680000,1184960159000,115.71,115.73,115.68,115.7,2562700000,8
1184960160000,1184960639000,115.7,115.7,115.64,115.65,1446000000,8
1184960640000,1184961119000,115.67,115.72,115.64,115.68,1305700000,8
1184961120000,1184961599000,115.68,115.68,115.55,115.58,2823200000,8
1184961600000,1184962079000,115.58,115.6,115.53,115.6,1796900000,8
1184962080000,1184962559000,115.6,115.64,115.55,115.61,1180200000,8
1184962560000,1184963039000,115.6,115.67,115.58,115.6,1154100000,8
1184963040000,1184963519000,115.6,115.64,115.57,115.62,1002000000,8
1184963520000,1184963999000,115.62,115.66,115.6,115.65,909500000,8
1184964000000,1184964479000,115.65,115.68,115.6,115.615,1232700000,8
1184964480000,1184964959000,115.62,115.64,115.58,115.61,1305900000,8
1184964960000,1184965439000,115.63,115.65,115.56,115.61,592000000,8
1184965440000,1184965919000,115.61,115.61,115.61,115.61,0,8
1184965920000,1184966399000,115.61,115.61,115.61,115.61,0,8
1184966400000,1184966879000,115.61,115.61,115.61,115.61,0,8
1184966880000,1184967359000,115.61,115.61,115.61,115.61,0,8
1184967360000,1184967839000,115.61,115.61,115.61,115.61,0,8
1184967840000,1184968319000,115.61,115.61,115.61,115.61,0,8
1184968320000,1184968799000,115.61,115.61,115.61,115.61,0,8
1184968800000,1184969279000,115.61,115.61,115.61,115.61,0,8
1184969280000,1184969759000,115.61,115.61,115.61,115.61,0,8
1184969760000,1184970239000,115.61,115.61,115.61,115.61,0,8
1184970240000,1184970719000,115.61,115.61,115.61,115.61,0,8
1184970720000,1184971199000,115.61,115.61,115.61,115.61,0,8
1184971200000,1184971679000,115.61,115.61,115.61,115.61,0,8
1184971680000,1184972159000,115.61,115.61,115.61,115.61,0,8
1184972160000,1184972639000,115.61,115.61,115.61,115.61,0,8
1184972640000,1184973119000,115.61,115.61,115.61,115.61,0,8
1184973120000,1184973599000,115.61,115.61,115.61,115.61,0,8
1184973600000,1184974079000,115.61,115.61,115.61,115.61,0,8
1184974080000,1184974559000,115.61,115.61,115.61,115.61,0,8
1184974560000,1184975039000,115.61,115.61,115.61,115.61,0,8
1184975040000,1184975519000,115.61,115.61,115.61,115.61,0,8
1184975520000,1184975999000,115.61,115.61,115.61,115.61,0,8
1185138240000,1185138719000,115.95,115.98,115.93,115.97,99800000,8
1185138720000,1185139199000,115.95,116.04,115.94,116.02,116800000,8
1185139680000,1185140159000,115.98,116.0,115.95,115.98,183500000,8
1185141120000,1185141599000,115.94,115.99,115.895,115.97,396100000,8
1185141600000,1185142079000,115.94,116.01,115.93,115.96,879500000,8
1185142080000,1185142559000,115.96,115.96,115.83,115.87,1054000000,8
1185143040000,1185143519000,115.86,115.87,115.77,115.79,731200000,8
1185143520000,1185143999000,115.78,115.82,115.77,115.79,447700000,8
1185144000000,1185144479000,115.79,115.83,115.76,115.82,405500000,8
1185144480000,1185144959000,115.83,115.83,115.75,115.76,300600000,8
1185144960000,1185145439000,115.77,115.77,115.7,115.725,792000000,8
1185145440000,1185145919000,115.74,115.83,115.73,115.82,722800000,8
1185145920000,1185146399000,115.8,115.85,115.75,115.84,532700000,8
1185146400000,1185146879000,115.81,115.86,115.76,115.84,797900000,8
1185147360000,1185147839000,115.85,115.88,115.81,115.81,1857700000,8
1185148320000,1185148799000,115.77,115.8,115.73,115.75,935700000,8
1185148800000,1185149279000,115.75,115.76,115.7,115.7,1139000000,8
1185149280000,1185149759000,115.71,115.74,115.68,115.7,1016000000,8
1185149760000,1185150239000,115.69,115.72,115.66,115.69,1512000000,8
1185150240000,1185150719000,115.69,115.75,115.675,115.75,1063000000,8
1185150720000,1185151199000,115.75,115.76,115.675,115.72,1365000000,8
1185151200000,1185151679000,115.72,115.73,115.64,115.71,1066000000,8
1185151680000,1185152159000,115.71,115.71,115.53,115.54,1449000000,8
1185152160000,1185152639000,115.54,115.54,115.445,115.51,5038000000,8
1185152640000,1185153119000,115.51,115.53,115.435,115.5,2288000000,8
1185153120000,1185153599000,115.5,115.51,115.285,115.4,5445000000,8
1185153600000,1185154079000,115.4,115.43,115.265,115.31,3508000000,8
1185154080000,1185154559000,115.31,115.48,115.29,115.45,5471000000,8
1185154560000,1185155039000,115.45,115.49,115.41,115.43,1219000000,8
1185155040000,1185155519000,115.42,115.48,115.39,115.43,1182000000,8
1185155520000,1185155999000,115.43,115.43,115.32,115.39,1697000000,8
1185156000000,1185156479000,115.39,115.46,115.32,115.43,2152000000,8
1185156480000,1185156959000,115.43,115.48,115.385,115.43,2395000000,8
1185156960000,1185157439000,115.43,115.49,115.32,115.45,1962000000,8
1185157440000,1185157919000,115.45,115.52,115.32,115.5,2542000000,8
1185157920000,1185158399000,115.5,115.62,115.49,115.57,2683000000,8
1185158400000,1185158879000,115.57,115.67,115.51,115.6,1548000000,8
1185158880000,1185159359000,115.6,115.675,115.36,115.64,1563000000,8
1185159360000,1185159839000,115.58,115.64,115.54,115.56,772000000,8
1185159840000,1185160319000,115.56,115.665,115.43,115.6,2309000000,8
1185160320000,1185160799000,115.6,115.66,115.34,115.59,1403000000,8
1185160800000,1185161279000,115.59,115.63,115.36,115.51,2208000000,8
1185161280000,1185161759000,115.51,115.6,115.48,115.6,952000000,8
1185161760000,1185162239000,115.6,115.65,115.5,115.65,1220000000,8
1185162240000,1185162719000,115.65,115.66,115.51,115.55,671000000,8
1185162720000,1185163199000,115.55,115.64,115.28,115.52,763000000,8
1185163200000,1185163679000,115.52,115.61,115.26,115.58,776000000,8
1185163680000,1185164159000,115.58,115.69,115.57,115.65,723000000,8
1185164160000,1185164639000,115.65,115.7,115.635,115.65,1674000000,8
1185164640000,1185165119000,115.65,115.66,115.58,115.6,743000000,8
1185165120000,1185165599000,115.6,115.63,115.555,115.6,864000000,8
1185165600000,1185166079000,115.6,115.63,115.6,115.62,989000000,8
1185166080000,1185166559000,115.62,115.64,115.59,115.64,319000000,8
1185166560000,1185167039000,115.64,115.65,115.545,115.56,920000000,8
1185167040000,1185167519000,115.56,115.61,115.55,115.58,803000000,8
1185167520000,1185167999000,115.58,115.62,115.57,115.58,526000000,8
1185168000000,1185168479000,115.58,115.58,115.51,115.56,1398000000,8
1185168480000,1185168959000,115.56,115.62,115.55,115.6,1153000000,8
1185168960000,1185169439000,115.6,115.63,115.57,115.6,979000000,8
1185169440000,1185169919000,115.61,115.68,115.5,115.67,2371000000,8
1185169920000,1185170399000,115.67,115.75,115.64,115.72,3204000000,8
1185170400000,1185170879000,115.71,115.75,115.64,115.68,2849000000,8
1185170880000,1185171359000,115.69,115.75,115.655,115.74,4509000000,8
1185171360000,1185171839000,115.74,115.82,115.735,115.77,3274000000,8
1185171840000,1185172319000,115.77,115.82,115.72,115.76,3520000000,8
1185172320000,1185172799000,115.76,115.8,115.71,115.72,4027000000,8
1185172800000,1185173279000,115.72,115.92,115.71,115.89,6400000000,8
1185173280000,1185173759000,115.89,115.96,115.83,115.9,6748000000,8
1185173760000,1185174239000,115.9,115.99,115.86,115.91,5468000000,8
1185174240000,1185174719000,115.9,115.96,115.865,115.87,4784000000,8
1185174720000,1185175199000,115.875,115.91,115.81,115.82,3687000000,8
1185175200000,1185175679000,115.82,115.85,115.695,115.83,4780000000,8
1185175680000,1185176159000,115.83,115.83,115.705,115.74,5334000000,8
1185176160000,1185176639000,115.74,115.82,115.74,115.78,3193000000,8
1185176640000,1185177119000,115.78,115.82,115.76,115.79,3511000000,8
1185177120000,1185177599000,115.79,115.79,115.67,115.74,3065000000,8
1185177600000,1185178079000,115.74,115.87,115.72,115.87,3369000000,8
1185178080000,1185178559000,115.87,115.91,115.77,115.79,3205000000,8
1185178560000,1185179039000,115.79,115.85,115.785,115.8,2436000000,8
1185179040000,1185179519000,115.8,115.89,115.79,115.87,2743000000,8
1185179520000,1185179999000,115.87,115.96,115.835,115.94,3502000000,8
1185180000000,1185180479000,115.94,115.98,115.895,115.96,3409000000,8
1185180480000,1185180959000,115.96,116.08,115.945,116.02,4500000000,8
1185180960000,1185181439000,116.02,116.11,116.02,116.07,3234000000,8
1185181440000,1185181919000,116.07,116.1,116.02,116.04,2789000000,8
1185181920000,1185182399000,116.04,116.04,115.96,116.0,2249000000,8
1185182400000,1185182879000,116.0,116.11,115.97,116.11,3387000000,8
1185182880000,1185183359000,116.11,116.35,116.09,116.3,6712000000,8
1185183360000,1185183839000,116.31,116.34,116.24,116.3,4755000000,8
1185183840000,1185184319000,116.29,116.4,116.19,116.19,5981000000,8
1185184320000,1185184799000,116.18,116.19,116.035,116.07,5897000000,8
1185184800000,1185185279000,116.07,116.27,116.07,116.21,4450000000,8
1185185280000,1185185759000,116.21,116.24,116.16,116.16,2189000000,8
1185185760000,1185186239000,116.16,116.17,116.02,116.02,2028000000,8
1185186240000,1185186719000,116.02,116.11,116.0,116.1,2570000000,8
1185186720000,1185187199000,116.1,116.16,116.07,116.13,2670000000,8
1185187200000,1185187679000,116.13,116.14,116.04,116.11,2999000000,8
1185187680000,1185188159000,116.11,116.22,116.065,116.11,3151000000,8
1185188160000,1185188639000,116.11,116.24,116.09,116.18,3261000000,8
1185188640000,1185189119000,116.18,116.23,116.115,116.21,3145000000,8
1185189120000,1185189599000,116.21,116.23,116.03,116.06,4601000000,8
1185189600000,1185190079000,116.05,116.12,116.035,116.06,3206000000,8
1185190080000,1185190559000,116.06,116.12,116.005,116.06,2464000000,8
1185190560000,1185191039000,116.06,116.13,116.04,116.11,2358000000,8
1185191040000,1185191519000,116.11,116.16,116.11,116.13,3304000000,8
1185191520000,1185191999000,116.13,116.14,116.1,116.12,2697000000,8
1185192000000,1185192479000,116.11,116.12,116.025,116.08,3277000000,8
1185192480000,1185192959000,116.08,116.1,116.025,116.08,1937000000,8
1185192960000,1185193439000,116.08,116.13,115.97,116.09,2874000000,8
1185193440000,1185193919000,116.09,116.18,116.06,116.17,2240000000,8
1185193920000,1185194399000,116.18,116.21,116.14,116.19,3094000000,8
1185194400000,1185194879000,116.21,116.33,116.2,116.29,4655000000,8
1185194880000,1185195359000,116.29,116.34,116.24,116.27,3380000000,8
1185195360000,1185195839000,116.27,116.3,116.24,116.28,2682000000,8
1185195840000,1185196319000,116.28,116.35,116.265,116.31,3321000000,8
1185196320000,1185196799000,116.31,116.36,116.255,116.36,2821000000,8
1185196800000,1185197279000,116.36,116.38,116.28,116.29,2813000000,8
1185197280000,1185197759000,116.29,116.31,116.185,116.21,3751000000,8
1185197760000,1185198239000,116.21,116.25,116.14,116.18,4093000000,8
1185198240000,1185198719000,116.19,116.21,116.145,116.17,3154000000,8
1185198720000,1185199199000,116.17,116.18,116.08,116.16,3216000000,8
1185199200000,1185199679000,116.15,116.19,116.14,116.16,2083000000,8
1185199680000,1185200159000,116.15,116.2,116.11,116.19,2290000000,8
1185200160000,1185200639000,116.19,116.22,116.14,116.19,3511000000,8
1185200640000,1185201119000,116.19,116.26,116.16,116.22,2101000000,8
1185201120000,1185201599000,116.25,116.29,116.12,116.25,3479000000,8
1185201600000,1185202079000,116.24,116.26,116.185,116.26,2438000000,8
1185202080000,1185202559000,116.26,116.29,116.195,116.28,2065000000,8
1185202560000,1185203039000,116.28,116.32,116.24,116.27,3178000000,8
1185203040000,1185203519000,116.27,116.27,116.075,116.16,3460000000,8
1185203520000,1185203999000,116.18,116.25,116.135,116.25,3049000000,8
1185204000000,1185204479000,116.25,116.27,116.185,116.25,2604000000,8
1185204480000,1185204959000,116.25,116.28,116.195,116.23,2951000000,8
1185204960000,1185205439000,116.23,116.29,116.175,116.19,3189000000,8
1185205440000,1185205919000,116.19,116.19,116.1,116.13,3741000000,8
1185205920000,1185206399000,116.13,116.16,116.01,116.07,4724000000,8
1185206400000,1185206879000,116.07,116.11,116.02,116.04,2112000000,8
1185206880000,1185207359000,116.04,116.1,115.88,115.98,1846000000,8
1185207360000,1185207839000,115.98,115.99,115.92,115.94,1061000000,8
1185207840000,1185208319000,115.94,115.99,115.91,115.94,1315000000,8
1185208320000,1185208799000,115.94,115.95,115.87,115.93,1662000000,8
1185208800000,1185209279000,115.93,115.99,115.92,115.99,1713000000,8
1185209280000,1185209759000,115.99,116.02,115.96,115.99,690000000,8
1185209760000,1185210239000,115.99,115.99,115.93,115.98,1286000000,8
1185210240000,1185210719000,115.98,116.02,115.91,115.94,940000000,8
1185210720000,1185211199000,115.94,115.96,115.88,115.885,2425000000,8
1185211200000,1185211679000,115.885,115.98,115.865,115.89,1848000000,8
1185211680000,1185212159000,115.89,115.93,115.88,115.92,1446000000,8
1185212160000,1185212639000,115.92,115.97,115.905,115.92,1689000000,8
1185212640000,1185213119000,115.93,115.94,115.875,115.94,964000000,8
1185213120000,1185213599000,115.94,115.96,115.92,115.95,416000000,8
1185213600000,1185214079000,115.95,115.95,115.875,115.9,1766000000,8
1185214080000,1185214559000,115.9,115.92,115.85,115.89,960000000,8
1185214560000,1185215039000,115.89,115.9,115.87,115.9,1244000000,8
1185215040000,1185215519000,115.9,115.9,115.795,115.82,1024000000,8
1185215520000,1185215999000,115.82,115.9,115.8,115.88,621000000,8
1185216000000,1185216479000,115.88,115.91,115.86,115.88,723000000,8
1185216480000,1185216959000,115.88,115.94,115.86,115.87,921000000,8
1185216960000,1185217439000,115.89,115.93,115.88,115.88,687000000,8
1185217440000,1185217919000,115.88,115.89,115.77,115.83,1024000000,8
1185217920000,1185218399000,115.83,115.84,115.82,115.84,1021000000,8
1185218400000,1185218879000,115.84,115.84,115.785,115.84,482000000,8
1185218880000,1185219359000,115.84,115.85,115.78,115.82,767000000,8
1185219360000,1185219839000,115.82,115.83,115.775,115.81,963000000,8
1185219840000,1185220319000,115.8,115.81,115.71,115.75,1465000000,8
1185220320000,1185220799000,115.75,115.76,115.705,115.75,1253000000,8
1185220800000,1185221279000,115.73,115.78,115.7,115.78,1320000000,8
1185221280000,1185221759000,115.78,115.8,115.72,115.76,625000000,8
1185221760000,1185222239000,115.76,115.76,115.62,115.62,1166000000,8
1185222240000,1185222719000,115.62,115.66,115.52,115.62,1509000000,8
1185222720000,1185223199000,115.62,115.64,115.55,115.58,1311000000,8
1185223200000,1185223679000,115.58,115.64,115.53,115.63,960000000,8
1185223680000,1185224159000,115.61,115.7,115.61,115.66,480000000,8
1185224160000,1185224639000,115.66,115.71,115.58,115.62,816000000,8
1185224640000,1185225119000,115.62,115.7,115.575,115.67,1032000000,8
1185225120000,1185225599000,115.67,115.73,115.59,115.65,1320000000,8
1185225600000,1185226079000,115.65,115.65,115.55,115.61,1886000000,8
1185226080000,1185226559000,115.59,115.65,115.53,115.65,2413000000,8
1185226560000,1185227039000,115.65,115.68,115.56,115.6,1160000000,8
1185227040000,1185227519000,115.6,115.62,115.55,115.61,1163000000,8
1185227520000,1185227999000,115.595,115.67,115.55,115.63,1623000000,8
1185228000000,1185228479000,115.63,115.69,113.27,115.68,491000000,8
1185228480000,1185228959000,115.68,115.71,115.66,115.68,313000000,8
1185228960000,1185229439000,115.69,115.73,115.675,115.71,635000000,8
1185229440000,1185229919000,115.71,115.72,115.66,115.69,1304000000,8
1185229920000,1185230399000,115.69,115.7,115.635,115.66,1192000000,8
1185230400000,1185230879000,115.66,115.67,115.61,115.62,897000000,8
1185230880000,1185231359000,115.62,115.68,115.59,115.65,926000000,8
1185231360000,1185231839000,115.65,115.65,115.59,115.64,454000000,8
1185231840000,1185232319000,115.64,115.67,115.57,115.61,1550000000,8
1185232320000,1185232799000,115.61,115.61,115.5,115.59,2377000000,8
1185232800000,1185233279000,115.575,115.64,115.55,115.62,2403000000,8
1185233280000,1185233759000,115.62,115.65,115.59,115.61,601000000,8
1185233760000,1185234239000,115.61,115.62,115.5,115.55,1631000000,8
1185234240000,1185234719000,115.56,115.58,115.49,115.53,1243000000,8
1185234720000,1185235199000,115.53,115.56,115.505,115.56,921000000,8
1185235200000,1185235679000,115.56,115.56,115.5,115.52,402000000,8
1185235680000,1185236159000,115.52,115.52,115.16,115.27,3213000000,8
1185236160000,1185236639000,115.27,115.36,115.265,115.33,1423000000,8
1185236640000,1185237119000,115.33,115.33,115.15,115.19,2740000000,8
1185237120000,1185237599000,115.23,115.24,115.135,115.145,4984000000,8
1185237600000,1185238079000,115.16,115.26,115.145,115.23,1326000000,8
1185238080000,1185238559000,115.23,115.28,115.21,115.26,1929000000,8
1185238560000,1185239039000,115.26,115.27,115.105,115.18,4164000000,8
1185239040000,1185239519000,115.18,115.22,115.165,115.18,3252000000,8
1185239520000,1185239999000,115.18,115.295,115.17,115.24,3390000000,8
1185240000000,1185240479000,115.24,115.25,115.19,115.24,1755000000,8
1185240480000,1185240959000,115.24,115.3,115.22,115.29,2452000000,8
1185240960000,1185241439000,115.29,115.32,115.27,115.31,1628000000,8
1185241440000,1185241919000,115.31,115.31,115.265,115.285,687000000,8
1185241920000,1185242399000,115.29,115.33,115.27,115.3,1741000000,8
1185242400000,1185242879000,115.3,115.32,115.19,115.19,2020000000,8
1185242880000,1185243359000,115.19,115.24,115.135,115.21,3181000000,8
1185243360000,1185243839000,115.21,115.22,115.16,115.19,3088000000,8
1185243840000,1185244319000,115.2,115.22,115.155,115.2,1955000000,8
1185244320000,1185244799000,115.2,115.22,115.175,115.22,1173000000,8
1185244800000,1185245279000,115.22,115.24,115.185,115.21,1126000000,8
1185245280000,1185245759000,115.21,115.22,115.15,115.17,1218000000,8
1185245760000,1185246239000,115.17,115.2,115.065,115.08,3995000000,8
1185246240000,1185246719000,115.08,115.15,115.08,115.13,2257000000,8
1185246720000,1185247199000,115.13,115.21,115.08,115.14,2811000000,8
1185247200000,1185247679000,115.14,115.15,115.11,115.125,1920000000,8
1185247680000,1185248159000,115.125,115.17,115.08,115.16,2168000000,8
1185248160000,1185248639000,115.16,115.16,115.06,115.08,2707000000,8
1185248640000,1185249119000,115.08,115.14,115.08,115.14,1269000000,8
1185249120000,1185249599000,115.14,115.14,115.09,115.13,1180000000,8
1185249600000,1185250079000,115.14,115.16,115.08,115.15,1702000000,8
1185250080000,1185250559000,115.12,115.15,115.08,115.14,1010000000,8
1185250560000,1185251039000,115.14,115.18,115.08,115.15,756000000,8
1185251040000,1185251519000,115.17,115.18,115.11,115.15,1257000000,8
1185251520000,1185251999000,115.14,115.15,115.08,115.09,1541000000,8
1185252000000,1185252479000,115.09,115.12,115.08,115.12,986000000,8
1185252480000,1185252959000,115.12,115.13,115.1,115.13,1044000000,8
1185252960000,1185253439000,115.13,115.19,115.105,115.18,1238000000,8
1185253440000,1185253919000,115.18,115.24,115.14,115.18,3142000000,8
1185253920000,1185254399000,115.18,115.26,115.175,115.25,3920000000,8
1185254400000,1185254879000,115.25,115.27,115.21,115.23,2492000000,8
1185254880000,1185255359000,115.23,115.25,115.18,115.22,2143000000,8
1185255360000,1185255839000,115.22,115.28,115.21,115.25,1225000000,8
1185255840000,1185256319000,115.25,115.26,115.18,115.2,2199000000,8
1185256320000,1185256799000,115.2,115.28,115.155,115.28,2003000000,8
1185256800000,1185257279000,115.28,115.3,115.195,115.3,2175000000,8
1185257280000,1185257759000,115.3,115.33,115.23,115.25,2595000000,8
1185257760000,1185258239000,115.25,115.26,115.17,115.18,2580000000,8
1185258240000,1185258719000,115.18,115.23,115.125,115.14,3865000000,8
1185258720000,1185259199000,115.13,115.17,115.1,115.14,6180000000,8
1185259200000,1185259679000,115.155,115.24,115.15,115.22,6355000000,8
1185259680000,1185260159000,115.22,115.295,115.21,115.235,5577000000,8
1185260160000,1185260639000,115.235,115.32,115.23,115.295,5908000000,8
1185260640000,1185261119000,115.28,115.33,115.275,115.29,3273000000,8
1185261120000,1185261599000,115.29,115.33,115.255,115.3,3263000000,8
1185261600000,1185262079000,115.33,115.37,115.245,115.3,3961000000,8
1185262080000,1185262559000,115.3,115.37,115.18,115.19,2894000000,8
1185262560000,1185263039000,115.175,115.29,115.175,115.27,3846000000,8
1185263040000,1185263519000,115.27,115.32,115.17,115.19,6026000000,8
1185263520000,1185263999000,115.19,115.31,115.13,115.285,7967000000,8
1185264000000,1185264479000,115.28,115.35,115.23,115.35,4678000000,8
1185264480000,1185264959000,115.35,115.41,115.3,115.36,5673000000,8
1185264960000,1185265439000,115.36,115.36,115.285,115.31,4318000000,8
1185265440000,1185265919000,115.31,115.43,115.3,115.41,6128000000,8
1185265920000,1185266399000,115.41,115.54,115.37,115.54,7713000000,8
1185266400000,1185266879000,115.54,115.59,115.515,115.55,6430000000,8
1185266880000,1185267359000,115.54,115.56,115.46,115.48,3505000000,8
1185267360000,1185267839000,115.48,115.6,115.465,115.59,4535000000,8
1185267840000,1185268319000,115.59,115.61,115.515,115.56,4524000000,8
1185268320000,1185268799000,115.56,115.57,115.44,115.54,3285000000,8
1185268800000,1185269279000,115.54,115.63,115.525,115.525,3385000000,8
1185269280000,1185269759000,115.525,115.57,115.49,115.55,3009000000,8
1185269760000,1185270239000,115.55,115.61,115.46,115.48,1729000000,8
1185270240000,1185270719000,115.48,115.56,115.43,115.45,3566000000,8
1185270720000,1185271199000,115.45,115.49,115.36,115.36,2532000000,8
1185271200000,1185271679000,115.36,115.48,115.36,115.46,2574000000,8
1185271680000,1185272159000,115.46,115.49,115.425,115.48,1309000000,8
1185272160000,1185272639000,115.46,115.62,115.445,115.61,2701000000,8
1185272640000,1185273119000,115.61,115.68,115.57,115.62,3590000000,8
1185273120000,1185273599000,115.62,115.65,115.595,115.63,1984000000,8
1185273600000,1185274079000,115.63,115.69,115.605,115.62,2465000000,8
1185274080000,1185274559000,115.62,115.63,115.56,115.6,3094000000,8
1185274560000,1185275039000,115.61,115.63,115.465,115.55,5480000000,8
1185275040000,1185275519000,115.55,115.555,115.485,115.49,4667000000,8
1185275520000,1185275999000,115.49,115.51,115.465,115.5,2693000000,8
1185276000000,1185276479000,115.5,115.5,115.45,115.46,3400000000,8
1185276480000,1185276959000,115.46,115.53,115.425,115.515,5075000000,8
1185276960000,1185277439000,115.515,115.615,115.515,115.565,6376000000,8
1185277440000,1185277919000,115.58,115.65,115.565,115.62,5020000000,8
1185277920000,1185278399000,115.62,115.71,115.6,115.68,3480000000,8
1185278400000,1185278879000,115.68,115.72,115.61,115.67,3620000000,8
1185278880000,1185279359000,115.67,115.68,115.6,115.67,2928000000,8
1185279360000,1185279839000,115.67,115.77,115.65,115.75,3402000000,8
1185279840000,1185280319000,115.75,116.48,115.62,116.47,6178000000,8
1185280320000,1185280799000,116.46,116.46,116.18,116.23,11841000000,8
1185280800000,1185281279000,116.23,116.37,116.12,116.32,10083000000,8
1185281280000,1185281759000,116.31,116.41,116.23,116.295,6413000000,8
1185281760000,1185282239000,116.28,116.37,116.24,116.31,6689000000,8
1185282240000,1185282719000,116.32,116.32,116.09,116.23,8051000000,8
1185282720000,1185283199000,116.23,116.28,116.11,116.17,5794000000,8
1185283200000,1185283679000,116.17,116.25,116.06,116.14,8438000000,8
1185283680000,1185284159000,116.14,116.21,116.02,116.11,6677000000,8
1185284160000,1185284639000,116.11,116.14,115.94,116.04,7091000000,8
1185284640000,1185285119000,116.04,116.2,116.04,116.18,6761000000,8
1185285120000,1185285599000,116.18,116.26,116.08,116.19,7008000000,8
1185285600000,1185286079000,116.19,116.23,116.09,116.18,7461000000,8
1185286080000,1185286559000,116.18,116.24,116.13,116.24,6223000000,8
1185286560000,1185287039000,116.24,116.28,116.2,116.25,5554000000,8
1185287040000,1185287519000,116.25,116.27,116.185,116.23,2038000000,8
1185287520000,1185287999000,116.24,116.36,116.2,116.36,4702000000,8
1185288000000,1185288479000,116.355,116.375,116.265,116.27,4267000000,8
1185288480000,1185288959000,116.27,116.31,116.2,116.26,4718000000,8
1185288960000,1185289439000,116.25,116.3,116.17,116.27,5409000000,8
1185289440000,1185289919000,116.27,116.27,116.175,116.2,3553000000,8
1185289920000,1185290399000,116.2,116.24,116.135,116.23,4834000000,8
1185290400000,1185290879000,116.23,116.23,116.15,116.2,3360000000,8
1185290880000,1185291359000,116.2,116.34,116.18,116.34,4032000000,8
1185291360000,1185291839000,116.33,116.35,116.24,116.295,4390000000,8
1185291840000,1185292319000,116.295,116.33,116.23,116.23,3880000000,8
1185292320000,1185292799000,116.23,116.28,116.18,116.24,2906000000,8
1185292800000,1185293279000,116.24,116.32,116.2,116.29,4527000000,8
1185293280000,1185293759000,116.3,116.38,116.255,116.35,4243000000,8
1185293760000,1185294239000,116.36,116.54,116.345,116.47,7649000000,8
1185294240000,1185294719000,116.46,116.52,116.42,116.51,6343000000,8
1185294720000,1185295199000,116.51,116.61,116.485,116.58,5902000000,8
1185295200000,1185295679000,116.58,116.62,116.465,116.615,3920000000,8
1185295680000,1185296159000,116.62,116.64,116.56,116.59,3508000000,8
1185296160000,1185296639000,116.59,116.69,116.52,116.67,4693000000,8
1185296640000,1185297119000,116.67,116.67,116.53,116.56,5234000000,8
1185297120000,1185297599000,116.56,116.56,116.485,116.55,2839000000,8
1185297600000,1185298079000,116.55,116.59,116.52,116.57,1978000000,8
1185298080000,1185298559000,116.565,116.58,116.525,116.58,1822000000,8
1185298560000,1185299039000,116.58,116.6,116.55,116.57,2061000000,8
1185299040000,1185299519000,116.57,116.58,116.485,116.5,2361000000,8
1185299520000,1185299999000,116.5,116.56,116.475,116.52,2346000000,8
1185300000000,1185300479000,116.51,116.6,116.48,116.58,4996000000,8
1185300480000,1185300959000,116.58,116.63,116.5,116.57,5055000000,8
1185300960000,1185301439000,116.57,116.58,116.495,116.56,3482000000,8
1185301440000,1185301919000,116.56,116.59,116.52,116.56,3920000000,8
1185301920000,1185302399000,116.57,116.57,116.41,116.44,3584000000,8
1185302400000,1185302879000,116.44,116.48,116.29,116.44,6295000000,8
1185302880000,1185303359000,116.44,116.46,116.385,116.4,3108000000,8
1185303360000,1185303839000,116.4,116.41,116.14,116.15,4936000000,8
1185303840000,1185304319000,116.13,116.16,116.01,116.06,3663000000,8
1185304320000,1185304799000,116.045,116.14,115.975,116.09,5989000000,8
1185304800000,1185305279000,116.09,116.1,116.01,116.05,4642000000,8
1185305280000,1185305759000,116.05,116.05,115.87,115.905,5549000000,8
1185305760000,1185306239000,115.92,115.94,115.735,115.76,5167000000,8
1185306240000,1185306719000,115.78,115.83,115.68,115.78,4691000000,8
1185306720000,1185307199000,115.8,115.8,115.605,115.7,6545000000,8
1185307200000,1185307679000,115.7,115.92,115.65,115.91,2444000000,8
1185307680000,1185308159000,115.885,115.96,115.87,115.94,2801000000,8
1185308160000,1185308639000,115.94,116.08,115.91,115.985,3529000000,8
1185308640000,1185309119000,115.985,116.03,115.94,115.96,2837000000,8
1185309120000,1185309599000,115.96,116.07,115.945,116.065,3031000000,8
1185309600000,1185310079000,116.06,116.08,116.025,116.08,1254000000,8
1185310080000,1185310559000,116.08,116.11,116.05,116.08,1212000000,8
1185310560000,1185311039000,116.1,116.11,116.03,116.06,1211000000,8
1185311040000,1185311519000,116.06,116.06,115.95,115.975,1041000000,8
1185311520000,1185311999000,115.975,115.975,115.855,115.875,2641000000,8
1185312000000,1185312479000,115.875,115.915,115.795,115.84,3183000000,8
1185312480000,1185312959000,115.84,115.91,115.79,115.89,2124000000,8
1185312960000,1185313439000,115.885,115.94,115.795,115.85,1506000000,8
1185313440000,1185313919000,115.85,115.86,115.75,115.79,1568000000,8
1185313920000,1185314399000,115.79,115.89,115.77,115.88,1159000000,8
1185314400000,1185314879000,115.88,115.9,115.82,115.89,2536000000,8
1185314880000,1185315359000,115.89,115.89,115.835,115.86,534000000,8
1185315360000,1185315839000,115.87,115.87,115.795,115.82,1233000000,8
1185315840000,1185316319000,115.82,115.86,115.81,115.84,1090000000,8
1185316320000,1185316799000,115.84,115.85,115.77,115.82,1129000000,8
1185316800000,1185317279000,115.82,115.92,115.785,115.91,1875000000,8
1185317280000,1185317759000,115.905,115.96,115.86,115.935,1621000000,8
1185317760000,1185318239000,115.935,116.0,115.92,115.99,1253000000,8
1185318240000,1185318719000,115.99,116.04,115.97,116.03,1533000000,8
1185318720000,1185319199000,116.03,116.03,115.99,116.01,732000000,8
1185319200000,1185319679000,116.01,116.02,115.89,115.93,1425000000,8
1185319680000,1185320159000,115.93,115.94,115.795,115.795,1722000000,8
1185320160000,1185320639000,115.795,115.86,115.78,115.85,698000000,8
1185320640000,1185321119000,115.85,115.91,115.83,115.865,1094000000,8
1185321120000,1185321599000,115.865,115.95,115.85,115.95,1277000000,8
1185321600000,1185322079000,115.95,115.96,115.865,115.88,1780000000,8
1185322080000,1185322559000,115.875,115.98,115.84,115.955,2967000000,8
1185322560000,1185323039000,115.955,116.0,115.885,115.91,2323000000,8
1185323040000,1185323519000,115.9,115.95,115.855,115.86,1704000000,8
1185323520000,1185323999000,115.86,115.88,115.78,115.79,2169000000,8
1185324000000,1185324479000,115.81,115.81,115.45,115.68,6643000000,8
1185324480000,1185324959000,115.68,115.72,115.45,115.56,8446000000,8
1185324960000,1185325439000,115.56,115.59,115.295,115.4,6381000000,8
1185325440000,1185325919000,115.4,115.585,115.36,115.56,5353000000,8
1185325920000,1185326399000,115.56,115.59,115.45,115.5,4496000000,8
1185326400000,1185326879000,115.5,115.53,115.365,115.46,4529000000,8
1185326880000,1185327359000,115.46,115.675,115.46,115.625,3314000000,8
1185327360000,1185327839000,115.625,115.74,115.625,115.68,2633000000,8
1185327840000,1185328319000,115.67,115.69,115.52,115.56,2837000000,8
1185328320000,1185328799000,115.56,115.635,115.53,115.615,1818000000,8
1185328800000,1185329279000,115.615,115.65,115.515,115.57,2679000000,8
1185329280000,1185329759000,115.57,115.61,115.53,115.57,1848000000,8
1185329760000,1185330239000,115.57,115.6,115.55,115.57,1456000000,8
1185330240000,1185330719000,115.57,115.605,115.55,115.605,2500000000,8
1185330720000,1185331199000,115.605,115.67,115.57,115.65,2020000000,8
1185331200000,1185331679000,115.65,115.71,115.64,115.66,1871000000,8
1185331680000,1185332159000,115.66,115.69,115.65,115.68,945000000,8
1185332160000,1185332639000,115.68,115.72,115.67,115.7,948000000,8
1185332640000,1185333119000,115.7,115.7,115.65,115.66,1231000000,8
1185333120000,1185333599000,115.66,115.68,115.63,115.65,1237000000,8
1185333600000,1185334079000,115.65,115.73,115.63,115.69,4595000000,8
1185334080000,1185334559000,115.69,115.75,115.645,115.725,2509000000,8
1185334560000,1185335039000,115.73,115.82,115.705,115.8,2554000000,8
1185335040000,1185335519000,115.8,115.81,115.765,115.8,3226000000,8
1185335520000,1185335999000,115.8,115.9,115.78,115.875,3783000000,8
1185336000000,1185336479000,115.875,115.91,115.86,115.89,1834000000,8
1185336480000,1185336959000,115.89,115.97,115.87,115.88,3451000000,8
1185336960000,1185337439000,115.88,115.935,115.87,115.93,1487000000,8
1185337440000,1185337919000,115.93,115.97,115.89,115.935,2537000000,8
1185337920000,1185338399000,115.935,115.98,115.895,115.93,3183000000,8
1185338400000,1185338879000,115.93,116.04,115.93,116.03,1455000000,8
1185338880000,1185339359000,116.03,116.05,115.92,116.02,3341000000,8
1185339360000,1185339839000,116.025,116.08,115.975,116.055,3211000000,8
1185339840000,1185340319000,116.055,116.135,116.03,116.095,3076000000,8
1185340320000,1185340799000,116.125,116.14,116.045,116.1,1624000000,8
1185340800000,1185341279000,116.1,116.12,116.07,116.09,1914000000,8
1185341280000,1185341759000,116.09,116.1,116.03,116.045,2141000000,8
1185341760000,1185342239000,116.05,116.06,115.97,115.97,2937000000,8
1185342240000,1185342719000,115.97,116.06,115.96,116.055,2039000000,8
1185342720000,1185343199000,116.055,116.09,115.97,116.01,1798000000,8
1185343200000,1185343679000,116.005,116.06,115.945,116.015,4941000000,8
1185343680000,1185344159000,116.015,116.02,115.93,115.97,5221000000,8
1185344160000,1185344639000,115.98,116.035,115.94,116.035,5235000000,8
1185344640000,1185345119000,116.03,116.04,115.83,115.89,10372000000,8
1185345120000,1185345599000,115.89,116.02,115.88,116.005,7699000000,8
1185345600000,1185346079000,116.02,116.02,115.88,115.97,7894000000,8
1185346080000,1185346559000,115.97,115.98,115.84,115.84,9063000000,8
1185346560000,1185347039000,115.84,115.99,115.815,115.975,7630000000,8
1185347040000,1185347519000,115.99,116.07,115.96,115.98,6579000000,8
1185347520000,1185347999000,115.98,116.12,115.965,115.985,8401000000,8
1185348000000,1185348479000,115.98,116.02,115.86,115.9,7314000000,8
1185348480000,1185348959000,115.9,115.99,115.855,115.9,8418000000,8
1185348960000,1185349439000,115.9,115.93,115.84,115.92,4892000000,8
1185349440000,1185349919000,115.91,115.94,115.89,115.9,2957000000,8
1185349920000,1185350399000,115.89,115.93,115.815,115.84,9532000000,8
1185350400000,1185350879000,115.84,115.9,115.82,115.87,5935000000,8
1185350880000,1185351359000,115.87,116.08,115.86,115.98,4325000000,8
1185351360000,1185351839000,115.98,116.0,115.875,115.89,4904000000,8
1185351840000,1185352319000,115.89,115.96,115.82,115.84,6843000000,8
1185352320000,1185352799000,115.84,115.84,115.71,115.73,7180000000,8
1185352800000,1185353279000,115.72,115.84,115.69,115.77,9889000000,8
1185353280000,1185353759000,115.77,115.88,115.73,115.86,6482000000,8
1185353760000,1185354239000,115.86,115.88,115.68,115.84,3761000000,8
1185354240000,1185354719000,115.84,115.84,115.72,115.79,6352000000,8
1185354720000,1185355199000,115.79,115.8,115.65,115.725,5417000000,8
1185355200000,1185355679000,115.725,115.8,115.65,115.73,4318000000,8
1185355680000,1185356159000,115.74,115.78,115.65,115.73,3420000000,8
1185356160000,1185356639000,115.72,115.76,115.65,115.75,4611000000,8
1185356640000,1185357119000,115.75,115.81,115.65,115.78,2346000000,8
1185357120000,1185357599000,115.78,115.79,115.65,115.76,3455000000,8
1185357600000,1185358079000,115.76,115.76,115.65,115.755,3909000000,8
1185358080000,1185358559000,115.755,115.85,115.65,115.81,3759000000,8
1185358560000,1185359039000,115.81,115.86,115.79,115.86,1919000000,8
1185359040000,1185359519000,115.86,115.905,115.82,115.85,3387000000,8
1185359520000,1185359999000,115.85,115.95,115.83,115.91,4550000000,8
1185360000000,1185360479000,115.91,115.93,115.83,115.85,3620000000,8
1185360480000,1185360959000,115.85,115.97,115.83,115.95,6756000000,8
1185360960000,1185361439000,115.95,115.97,115.83,115.92,7781000000,8
1185361440000,1185361919000,115.94,116.07,115.83,116.035,6668000000,8
1185361920000,1185362399000,116.035,116.07,115.93,116.005,5067000000,8
1185362400000,1185362879000,116.005,116.2,115.68,116.18,8603000000,8
1185362880000,1185363359000,116.17,116.18,116.09,116.13,5533000000,8
1185363360000,1185363839000,116.13,116.13,116.03,116.06,2865000000,8
1185363840000,1185364319000,116.06,116.09,116.01,116.06,3477000000,8
1185364320000,1185364799000,116.06,116.08,115.98,116.04,4708000000,8
1185364800000,1185365279000,116.04,116.04,115.9,115.915,4981000000,8
1185365280000,1185365759000,115.92,115.98,115.88,115.95,5432000000,8
1185365760000,1185366239000,115.95,116.0,115.92,115.97,5048000000,8
1185366240000,1185366719000,115.97,116.05,115.92,115.99,5289000000,8
1185366720000,1185367199000,115.97,116.02,115.92,115.92,3742000000,8
1185367200000,1185367679000,115.93,115.93,115.82,115.84,5575000000,8
1185367680000,1185368159000,115.84,115.87,115.68,115.86,3479000000,8
1185368160000,1185368639000,115.86,115.94,115.68,115.86,4538000000,8
1185368640000,1185369119000,115.855,115.96,115.855,115.88,6071000000,8
1185369120000,1185369599000,115.88,115.88,115.65,115.83,5930000000,8
1185369600000,1185370079000,115.83,115.89,115.65,115.8,4670000000,8
1185370080000,1185370559000,115.82,115.92,115.78,115.87,4325000000,8
1185370560000,1185371039000,115.87,115.94,115.8,115.87,4947000000,8
1185371040000,1185371519000,115.875,115.92,115.81,115.85,3189000000,8
1185371520000,1185371999000,115.85,115.88,115.745,115.8,3989000000,8
1185372000000,1185372479000,115.77,115.91,115.715,115.75,5739000000,8
1185372480000,1185372959000,115.75,115.77,115.61,115.63,10022000000,8
1185372960000,1185373439000,115.63,115.7,115.57,115.59,6564000000,8
1185373440000,1185373919000,115.59,115.62,115.49,115.54,7793000000,8
1185373920000,1185374399000,115.54,115.55,115.34,115.42,7650000000,8
1185374400000,1185374879000,115.43,115.45,115.185,115.215,8129000000,8
1185374880000,1185375359000,115.215,115.28,115.095,115.13,8230000000,8
1185375360000,1185375839000,115.12,115.31,115.075,115.31,8978000000,8
1185375840000,1185376319000,115.29,115.37,115.265,115.33,4156000000,8
1185376320000,1185376799000,115.295,115.325,115.04,115.17,3843000000,8
1185376800000,1185377279000,115.17,115.27,115.11,115.26,4020000000,8
1185377280000,1185377759000,115.26,115.3,115.16,115.19,2796000000,8
1185377760000,1185378239000,115.19,115.34,115.19,115.32,4384000000,8
1185378240000,1185378719000,115.32,115.41,115.31,115.39,4739000000,8
1185378720000,1185379199000,115.39,115.43,115.34,115.42,3452000000,8
1185379200000,1185379679000,115.42,115.56,115.4,115.47,6619000000,8
1185379680000,1185380159000,115.47,115.55,115.415,115.455,6598000000,8
1185380160000,1185380639000,115.455,115.5,115.415,115.47,5101000000,8
1185380640000,1185381119000,115.47,115.53,115.42,115.51,2777000000,8
1185381120000,1185381599000,115.51,115.57,115.48,115.52,4467000000,8
1185381600000,1185382079000,115.52,115.54,115.465,115.51,2575000000,8
1185382080000,1185382559000,115.51,115.51,115.43,115.48,1491000000,8
1185382560000,1185383039000,115.48,115.51,115.435,115.5,2921000000,8
1185383040000,1185383519000,115.5,115.52,115.455,115.52,2767000000,8
1185383520000,1185383999000,115.52,115.53,115.43,115.47,4527000000,8
1185384000000,1185384479000,115.47,115.48,115.41,115.42,2604000000,8
1185384480000,1185384959000,115.42,115.46,115.335,115.435,3318000000,8
1185384960000,1185385439000,115.435,115.49,115.42,115.46,1920000000,8
1185385440000,1185385919000,115.46,115.55,115.44,115.49,3721000000,8
1185385920000,1185386399000,115.49,115.51,115.44,115.49,3172000000,8
1185386400000,1185386879000,115.49,115.51,115.41,115.46,4416000000,8
1185386880000,1185387359000,115.46,115.49,115.43,115.49,2380000000,8
1185387360000,1185387839000,115.49,115.56,115.455,115.51,1690000000,8
1185387840000,1185388319000,115.535,115.58,115.495,115.51,3224000000,8
1185388320000,1185388799000,115.51,115.56,115.47,115.51,3682000000,8
1185388800000,1185389279000,115.51,115.65,115.455,115.64,3225000000,8
1185389280000,1185389759000,115.64,115.74,115.59,115.67,4175000000,8
1185389760000,1185390239000,115.67,115.79,115.64,115.74,5298000000,8
1185390240000,1185390719000,115.77,115.84,115.735,115.84,3677000000,8
1185390720000,1185391199000,115.84,115.87,115.78,115.78,5546000000,8
1185391200000,1185391679000,115.78,115.85,115.77,115.82,3647000000,8
1185391680000,1185392159000,115.82,115.84,115.68,115.705,3596000000,8
1185392160000,1185392639000,115.705,115.73,115.66,115.7,2237000000,8
1185392640000,1185393119000,115.7,115.75,115.67,115.75,2121000000,8
1185393120000,1185393599000,115.75,115.83,115.72,115.79,2042000000,8
1185393600000,1185394079000,115.79,115.8,115.67,115.71,1978000000,8
1185394080000,1185394559000,115.71,115.72,115.615,115.63,1753000000,8
1185394560000,1185395039000,115.63,115.65,115.57,115.61,1914000000,8
1185395040000,1185395519000,115.61,115.67,115.57,115.63,1497000000,8
1185395520000,1185395999000,115.63,115.69,115.61,115.61,1852000000,8
1185396000000,1185396479000,115.61,115.66,115.6,115.62,964000000,8
1185396480000,1185396959000,115.62,115.69,115.55,115.665,1661000000,8
1185396960000,1185397439000,115.67,115.72,115.535,115.58,1823000000,8
1185397440000,1185397919000,115.58,115.65,115.54,115.62,760000000,8
1185397920000,1185398399000,115.62,115.65,115.49,115.5,1964000000,8
1185398400000,1185398879000,115.5,115.52,115.43,115.52,1390000000,8
1185398880000,1185399359000,115.52,115.555,115.475,115.54,1177000000,8
1185399360000,1185399839000,115.54,115.7,115.54,115.61,2002000000,8
1185399840000,1185400319000,115.61,115.64,115.575,115.62,738000000,8
1185400320000,1185400799000,115.62,115.65,115.605,115.64,481000000,8
1185400800000,1185401279000,115.64,115.69,115.615,115.69,1058000000,8
1185401280000,1185401759000,115.69,115.73,115.54,115.64,1975000000,8
1185401760000,1185402239000,115.64,115.645,115.565,115.58,1118000000,8
1185402240000,1185402719000,115.575,115.58,115.535,115.56,670000000,8
1185402720000,1185403199000,115.562,115.58,115.495,115.555,1197000000,8
1185403200000,1185403679000,115.555,115.65,115.55,115.64,1523000000,8
1185403680000,1185404159000,115.64,115.65,115.605,115.63,608000000,8
1185404160000,1185404639000,115.63,115.63,115.58,115.61,965000000,8
1185404640000,1185405119000,115.61,115.625,115.57,115.6,1077000000,8
1185405120000,1185405599000,115.615,115.64,115.565,115.635,1042000000,8
1185405600000,1185406079000,115.635,115.67,115.605,115.645,900000000,8
1185406080000,1185406559000,115.645,115.68,115.63,115.65,821000000,8
1185406560000,1185407039000,115.65,115.71,115.63,115.68,1045000000,8
1185407040000,1185407519000,115.68,115.77,115.66,115.77,1864000000,8
1185407520000,1185407999000,115.77,115.78,115.715,115.78,1341000000,8
1185408000000,1185408479000,115.78,115.795,115.66,115.69,2093000000,8
1185408480000,1185408959000,115.69,115.735,115.63,115.715,2150000000,8
1185408960000,1185409439000,115.73,115.77,115.69,115.74,1351000000,8
1185409440000,1185409919000,115.74,115.75,115.68,115.73,2449000000,8
1185409920000,1185410399000,115.74,115.75,115.71,115.74,517000000,8
1185410400000,1185410879000,115.74,115.79,115.735,115.77,1368000000,8
1185410880000,1185411359000,115.77,115.78,115.73,115.76,1588000000,8
1185411360000,1185411839000,115.76,115.84,115.725,115.78,3926000000,8
1185411840000,1185412319000,115.78,115.78,115.66,115.685,3443000000,8
1185412320000,1185412799000,115.685,115.69,115.59,115.615,3073000000,8
1185412800000,1185413279000,115.615,115.655,115.58,115.645,3455000000,8
1185413280000,1185413759000,115.65,115.67,115.605,115.63,2195000000,8
1185413760000,1185414239000,115.63,115.67,115.62,115.64,1849000000,8
1185414240000,1185414719000,115.64,115.64,115.6,115.63,1026000000,8
1185414720000,1185415199000,115.63,115.63,115.6,115.61,2006000000,8
1185415200000,1185415679000,115.605,115.62,115.52,115.57,2650000000,8
1185415680000,1185416159000,115.57,115.61,115.49,115.51,2624000000,8
1185416160000,1185416639000,115.51,115.54,115.46,115.51,2121000000,8
1185416640000,1185417119000,115.51,115.55,115.495,115.545,1106000000,8
1185417120000,1185417599000,115.55,115.58,115.51,115.51,2457000000,8
1185417600000,1185418079000,115.51,115.56,115.5,115.56,1900000000,8
1185418080000,1185418559000,115.56,115.58,115.53,115.57,842000000,8
1185418560000,1185419039000,115.57,115.65,115.55,115.605,1234000000,8
1185419040000,1185419519000,115.605,115.66,115.605,115.66,2088000000,8
1185419520000,1185419999000,115.66,115.66,115.595,115.64,1170000000,8
1185420000000,1185420479000,115.64,115.65,115.62,115.64,916000000,8
1185420480000,1185420959000,115.64,115.655,115.61,115.65,1279000000,8
1185420960000,1185421439000,115.65,115.71,115.63,115.69,2621000000,8
1185421440000,1185421919000,115.69,115.71,115.655,115.68,1243000000,8
1185421920000,1185422399000,115.68,115.72,115.66,115.68,2828000000,8
1185422400000,1185422879000,115.68,115.71,115.64,115.67,1354000000,8
1185422880000,1185423359000,115.67,115.73,115.65,115.7,3249000000,8
1185423360000,1185423839000,115.72,115.76,115.705,115.76,1338000000,8
1185423840000,1185424319000,115.76,115.82,115.75,115.8,1815000000,8
1185424320000,1185424799000,115.8,115.81,115.71,115.735,1779000000,8
1185424800000,1185425279000,115.74,115.77,115.72,115.75,1355000000,8
1185425280000,1185425759000,115.75,115.75,115.685,115.725,1306000000,8
1185425760000,1185426239000,115.725,115.75,115.695,115.74,729000000,8
1185426240000,1185426719000,115.74,115.76,115.705,115.72,620000000,8
1185426720000,1185427199000,115.72,115.73,115.7,115.7,744000000,8
1185427200000,1185427679000,115.7,115.71,115.625,115.64,2471000000,8
1185427680000,1185428159000,115.64,115.69,115.62,115.66,1009000000,8
1185428160000,1185428639000,115.66,115.72,115.65,115.7,2149000000,8
1185428640000,1185429119000,115.7,115.7,115.655,115.66,2204000000,8
1185429120000,1185429599000,115.66,115.66,115.555,115.6,3080000000,8
1185429600000,1185430079000,115.6,115.66,115.51,115.555,4361000000,8
1185430080000,1185430559000,115.56,115.56,115.445,115.54,2764000000,8
1185430560000,1185431039000,115.55,115.57,115.515,115.545,2584000000,8
1185431040000,1185431519000,115.545,115.585,115.525,115.555,2147000000,8
1185431520000,1185431999000,115.555,115.57,115.505,115.545,3720000000,8
1185432000000,1185432479000,115.545,115.6,115.515,115.58,2129000000,8
1185432480000,1185432959000,115.57,115.605,115.54,115.57,2676000000,8
1185432960000,1185433439000,115.57,115.57,115.45,115.46,2163000000,8
1185433440000,1185433919000,115.46,115.52,115.38,115.39,4368000000,8
1185433920000,1185434399000,115.38,115.43,115.345,115.415,5824000000,8
1185434400000,1185434879000,115.415,115.62,115.36,115.465,5724000000,8
1185434880000,1185435359000,115.46,115.55,115.36,115.51,3085000000,8
1185435360000,1185435839000,115.51,115.51,115.42,115.48,1502000000,8
1185435840000,1185436319000,115.48,115.56,115.36,115.52,2813000000,8
1185436320000,1185436799000,115.54,115.6,115.52,115.57,2542000000,8
1185436800000,1185437279000,115.58,115.59,115.47,115.525,4538000000,8
1185437280000,1185437759000,115.53,115.62,115.52,115.62,3000000000,8
1185437760000,1185438239000,115.62,115.64,115.58,115.61,2240000000,8
1185438240000,1185438719000,115.62,115.62,115.54,115.58,2747000000,8
1185438720000,1185439199000,115.58,115.61,115.52,115.59,3897000000,8
1185439200000,1185439679000,115.6,115.65,115.53,115.64,4844000000,8
1185439680000,1185440159000,115.64,115.72,115.57,115.69,3776000000,8
1185440160000,1185440639000,115.67,115.75,115.36,115.74,3407000000,8
1185440640000,1185441119000,115.74,115.74,115.63,115.68,2838000000,8
1185441120000,1185441599000,115.68,115.75,115.62,115.71,2281000000,8
1185441600000,1185442079000,115.71,115.76,115.645,115.65,3182000000,8
1185442080000,1185442559000,115.65,115.68,115.58,115.64,3276000000,8
1185442560000,1185443039000,115.64,115.71,115.605,115.65,4160000000,8
1185443040000,1185443519000,115.645,115.75,115.615,115.69,3803000000,8
1185443520000,1185443999000,115.69,115.69,115.575,115.61,1349000000,8
1185444000000,1185444479000,115.61,115.63,115.55,115.57,3172000000,8
1185444480000,1185444959000,115.57,115.61,115.47,115.48,3816000000,8
1185444960000,1185445439000,115.485,115.515,115.43,115.49,3600000000,8
1185445440000,1185445919000,115.48,115.53,115.45,115.48,3948000000,8
1185445920000,1185446399000,115.48,115.49,115.44,115.47,2676000000,8
1185446400000,1185446879000,115.47,115.49,115.33,115.35,2002000000,8
1185446880000,1185447359000,115.35,115.4,115.17,115.24,5223000000,8
1185447360000,1185447839000,115.22,115.26,115.085,115.18,3700000000,8
1185447840000,1185448319000,115.18,115.18,114.83,114.85,7457000000,8
1185448320000,1185448799000,114.85,114.85,114.23,114.25,11412000000,8
1185448800000,1185449279000,114.25,114.28,113.77,114.13,16183000000,8
1185449280000,1185449759000,114.11,114.42,114.11,114.23,9835000000,8
1185449760000,1185450239000,114.22,114.43,114.22,114.39,7065000000,8
1185450240000,1185450719000,114.395,114.46,114.245,114.42,7620000000,8
1185450720000,1185451199000,114.42,114.42,114.26,114.37,5869000000,8
1185451200000,1185451679000,114.37,114.38,114.23,114.38,4043000000,8
1185451680000,1185452159000,114.38,114.43,114.25,114.3,6057000000,8
1185452160000,1185452639000,114.3,114.35,114.2,114.26,5290000000,8
1185452640000,1185453119000,114.26,114.34,114.19,114.22,7815000000,8
1185453120000,1185453599000,114.23,114.27,113.92,113.96,7406000000,8
1185453600000,1185454079000,113.95,114.13,113.93,114.05,8106000000,8
1185454080000,1185454559000,114.055,114.18,113.985,114.09,6764000000,8
1185454560000,1185455039000,114.09,114.26,114.075,114.11,6245000000,8
1185455040000,1185455519000,114.115,114.12,113.87,113.92,11848000000,8
1185455520000,1185455999000,113.93,113.93,113.63,113.7,9747000000,8
1185456000000,1185456479000,113.69,113.86,113.69,113.85,7376000000,8
1185456480000,1185456959000,113.86,113.91,113.69,113.77,6693000000,8
1185456960000,1185457439000,113.76,113.76,113.63,113.73,8376000000,8
1185457440000,1185457919000,113.73,113.88,113.67,113.875,6717000000,8
1185457920000,1185458399000,113.88,113.98,113.7,113.71,7413000000,8
1185458400000,1185458879000,113.71,113.8,113.54,113.63,7887000000,8
1185458880000,1185459359000,113.63,113.99,113.63,113.865,7960000000,8
1185459360000,1185459839000,113.865,113.88,113.345,113.39,9151000000,8
1185459840000,1185460319000,113.39,113.51,113.28,113.41,7622000000,8
1185460320000,1185460799000,113.41,113.46,113.345,113.43,4298000000,8
1185460800000,1185461279000,113.42,113.46,113.325,113.365,4934000000,8
1185461280000,1185461759000,113.365,113.52,113.32,113.52,5859000000,8
1185461760000,1185462239000,113.52,113.63,113.415,113.44,8412000000,8
1185462240000,1185462719000,113.45,113.48,113.24,113.32,10500000000,8
1185462720000,1185463199000,113.32,113.35,113.2,113.25,6267000000,8
1185463200000,1185463679000,113.25,113.35,113.175,113.32,5183000000,8
1185463680000,1185464159000,113.33,113.33,113.105,113.21,4974000000,8
1185464160000,1185464639000,113.22,113.44,113.21,113.42,7279000000,8
1185464640000,1185465119000,113.42,113.44,113.26,113.29,3575000000,8
1185465120000,1185465599000,113.29,113.43,113.26,113.405,6998000000,8
1185465600000,1185466079000,113.41,113.48,113.35,113.38,4819000000,8
1185466080000,1185466559000,113.37,113.37,113.245,113.32,4439000000,8
1185466560000,1185467039000,113.32,113.34,113.14,113.16,2905000000,8
1185467040000,1185467519000,113.16,113.33,113.16,113.295,7092000000,8
1185467520000,1185467999000,113.29,113.315,113.16,113.21,6899000000,8
1185468000000,1185468479000,113.21,113.29,113.17,113.22,5887000000,8
1185468480000,1185468959000,113.22,113.47,113.22,113.47,4487000000,8
1185468960000,1185469439000,113.46,113.51,113.39,113.44,4942000000,8
1185469440000,1185469919000,113.44,113.48,113.32,113.39,3723000000,8
1185469920000,1185470399000,113.39,113.405,113.295,113.33,4291000000,8
1185470400000,1185470879000,113.33,113.34,113.15,113.15,2541000000,8
1185470880000,1185471359000,113.15,113.2,113.1,113.13,3727000000,8
1185471360000,1185471839000,113.15,113.15,112.94,112.97,4467000000,8
1185471840000,1185472319000,112.97,113.0,112.895,112.95,5506000000,8
1185472320000,1185472799000,112.95,112.985,112.85,112.9,9320000000,8
1185472800000,1185473279000,112.89,112.9,112.665,112.8,7993000000,8
1185473280000,1185473759000,112.8,112.85,112.68,112.71,6276000000,8
1185473760000,1185474239000,112.71,112.71,112.53,112.65,9379000000,8
1185474240000,1185474719000,112.65,112.79,112.61,112.715,8252000000,8
1185474720000,1185475199000,112.74,112.87,112.685,112.76,5683000000,8
1185475200000,1185475679000,112.76,112.76,112.58,112.61,4347000000,8
1185475680000,1185476159000,112.58,112.61,112.245,112.33,6160000000,8
1185476160000,1185476639000,112.33,112.57,112.275,112.57,8693000000,8
1185476640000,1185477119000,112.57,112.62,112.49,112.51,3048000000,8
1185477120000,1185477599000,112.51,112.73,112.5,112.725,4650000000,8
1185477600000,1185478079000,112.73,112.79,112.67,112.785,3883000000,8
1185478080000,1185478559000,112.79,112.795,112.62,112.68,2134000000,8
1185478560000,1185479039000,112.68,112.69,112.54,112.55,2533000000,8
1185479040000,1185479519000,112.55,112.73,112.53,112.7,4415000000,8
1185479520000,1185479999000,112.7,112.73,112.625,112.71,3910000000,8
1185480000000,1185480479000,112.71,112.72,112.62,112.64,2149000000,8
1185480480000,1185480959000,112.64,112.69,112.62,112.65,1978000000,8
1185480960000,1185481439000,112.65,112.67,112.565,112.67,1584000000,8
1185481440000,1185481919000,112.67,112.75,112.66,112.72,1708000000,8
1185481920000,1185482399000,112.72,112.77,112.69,112.69,675000000,8
1185482400000,1185482879000,112.69,112.7,112.58,112.63,1461000000,8
1185482880000,1185483359000,112.63,112.68,112.58,112.65,2214000000,8
1185483360000,1185483839000,112.65,112.72,112.5,112.52,922000000,8
1185483840000,1185484319000,112.52,112.56,112.205,112.23,1523000000,8
1185484320000,1185484799000,112.23,112.335,112.18,112.25,3635000000,8
1185484800000,1185485279000,112.25,112.3,112.06,112.12,4806000000,8
1185485280000,1185485759000,112.12,112.12,111.65,111.83,5526000000,8
1185485760000,1185486239000,111.83,111.89,111.73,111.82,3809000000,8
1185486240000,1185486719000,111.82,112.0,111.805,111.935,3028000000,8
1185486720000,1185487199000,111.94,111.94,111.72,111.86,3638000000,8
1185487200000,1185487679000,111.86,112.02,111.83,111.96,4741000000,8
1185487680000,1185488159000,111.96,112.06,111.89,112.01,2771000000,8
1185488160000,1185488639000,111.98,112.03,111.925,112.0,2217000000,8
1185488640000,1185489119000,112.0,112.13,111.935,112.12,3795000000,8
1185489120000,1185489599000,112.12,112.31,112.085,112.27,3969000000,8
1185489600000,1185490079000,112.27,112.35,112.235,112.34,2808000000,8
1185490080000,1185490559000,112.34,112.35,112.22,112.33,4399000000,8
1185490560000,1185491039000,112.33,112.43,112.305,112.38,3701000000,8
1185491040000,1185491519000,112.38,112.5,112.36,112.44,3755000000,8
1185491520000,1185491999000,112.44,112.56,112.4,112.55,2038000000,8
1185492000000,1185492479000,112.55,112.65,112.52,112.54,2408000000,8
1185492480000,1185492959000,112.54,112.58,112.47,112.51,3672000000,8
1185492960000,1185493439000,112.51,112.7,112.46,112.7,5381000000,8
1185493440000,1185493919000,112.7,112.8,112.645,112.8,3716000000,8
1185493920000,1185494399000,112.79,112.86,112.705,112.86,1533000000,8
1185494400000,1185494879000,112.86,112.86,112.715,112.76,3364200000,8
1185494880000,1185495359000,112.73,112.79,112.695,112.745,5126700000,8
1185495360000,1185495839000,112.745,112.79,112.725,112.75,7802000000,8
1185495840000,1185496319000,112.75,112.77,112.695,112.76,6531700000,8
1185496320000,1185496799000,112.76,112.83,112.76,112.82,6468500000,8
1185496800000,1185497279000,112.82,112.9,112.805,112.89,6301700000,8
1185497280000,1185497759000,112.89,112.91,112.75,112.835,5755400000,8
1185497760000,1185498239000,112.835,112.925,112.825,112.87,5911600000,8
1185498240000,1185498719000,112.87,113.04,112.86,113.03,5601400000,8
1185498720000,1185499199000,113.02,113.1,113.01,113.06,2910500000,8
1185499200000,1185499679000,113.05,113.09,112.995,113.02,3925100000,8
1185499680000,1185500159000,113.02,113.05,112.965,113.03,3956400000,8
1185500160000,1185500639000,113.03,113.05,112.94,112.96,7007800000,8
1185500640000,1185501119000,112.96,112.97,112.86,112.89,6282600000,8
1185501120000,1185501599000,112.89,112.98,112.89,112.94,4171400000,8
1185501600000,1185502079000,112.94,113.0,112.91,113.0,2376600000,8
1185502080000,1185502559000,113.0,113.16,112.995,113.155,4955600000,8
1185502560000,1185503039000,113.16,113.17,113.115,113.12,2392700000,8
1185503040000,1185503519000,113.14,113.23,113.075,113.19,3904500000,8
1185503520000,1185503999000,113.195,113.245,113.16,113.185,4449100000,8
1185504000000,1185504479000,113.185,113.215,113.155,113.2,2291100000,8
1185504480000,1185504959000,113.195,113.23,113.155,113.19,2416400000,8
1185504960000,1185505439000,113.18,113.215,113.115,113.175,3166100000,8
1185505440000,1185505919000,113.16,113.2,113.13,113.16,2994500000,8
1185505920000,1185506399000,113.16,113.192,113.097,113.15,1441100000,8
1185506400000,1185506879000,113.125,113.155,113.04,113.055,3348000000,8
1185506880000,1185507359000,113.055,113.08,113.0,113.07,2969600000,8
1185507360000,1185507839000,113.07,113.145,113.05,113.14,1688100000,8
1185507840000,1185508319000,113.14,113.2,113.11,113.17,1782800000,8
1185508320000,1185508799000,113.17,113.18,113.12,113.15,1142200000,8
1185508800000,1185509279000,113.14,113.19,113.13,113.17,927900000,8
1185509280000,1185509759000,113.17,113.23,113.105,113.14,1842900000,8
1185509760000,1185510239000,113.15,113.16,112.99,113.04,4509500000,8
1185510240000,1185510719000,113.04,113.06,112.965,113.025,4051500000,8
1185510720000,1185511199000,113.04,113.06,112.95,112.955,2330400000,8
1185511200000,1185511679000,112.955,112.96,112.87,112.89,2247700000,8
1185511680000,1185512159000,112.89,112.89,112.78,112.8,3963100000,8
1185512160000,1185512639000,112.8,112.81,112.67,112.75,3849100000,8
1185512640000,1185513119000,112.75,112.79,112.71,112.74,1953100000,8
1185513120000,1185513599000,112.74,112.79,112.73,112.78,2383200000,8
1185513600000,1185514079000,112.79,112.81,112.725,112.77,2968300000,8
1185514080000,1185514559000,112.77,112.77,112.63,112.63,2506300000,8
1185514560000,1185515039000,112.65,112.65,112.39,112.445,5841100000,8
1185515040000,1185515519000,112.45,112.49,112.385,112.46,4539700000,8
1185515520000,1185515999000,112.46,112.46,112.085,112.16,6205400000,8
1185516000000,1185516479000,112.15,112.15,111.69,111.79,9077900000,8
1185516480000,1185516959000,111.79,111.96,111.78,111.93,6270500000,8
1185516960000,1185517439000,111.93,112.06,111.895,111.97,8467400000,8
1185517440000,1185517919000,111.94,112.11,111.9,111.91,6330500000,8
1185517920000,1185518399000,111.9,111.93,111.745,111.77,9124100000,8
1185518400000,1185518879000,111.77,111.87,111.72,111.735,7485300000,8
1185518880000,1185519359000,111.74,111.85,111.665,111.69,7334300000,8
1185519360000,1185519839000,111.7,111.74,111.615,111.67,6736700000,8
1185519840000,1185520319000,111.665,111.89,111.665,111.88,9360600000,8
1185520320000,1185520799000,111.875,111.92,111.78,111.86,4071400000,8
1185520800000,1185521279000,111.86,112.01,111.82,112.0,6834500000,8
1185521280000,1185521759000,112.0,112.14,111.955,112.14,8035000000,8
1185521760000,1185522239000,112.14,112.14,111.9,112.105,9346300000,8
1185522240000,1185522719000,112.1,112.5,112.1,112.46,10917900000,8
1185522720000,1185523199000,112.46,112.71,112.43,112.625,5520100000,8
1185523200000,1185523679000,112.64,112.72,112.35,112.42,7697600000,8
1185523680000,1185524159000,112.42,112.45,112.32,112.32,6994800000,8
1185524160000,1185524639000,112.32,112.61,112.235,112.56,11745300000,8
1185524640000,1185525119000,112.57,112.6,112.34,112.56,8938000000,8
1185525120000,1185525599000,112.55,112.73,112.55,112.62,6748400000,8
1185525600000,1185526079000,112.62,112.7,112.53,112.695,7029100000,8
1185526080000,1185526559000,112.7,112.87,112.65,112.86,9072100000,8
1185526560000,1185527039000,112.86,112.91,112.755,112.785,8277100000,8
1185527040000,1185527519000,112.79,112.85,112.67,112.67,7638900000,8
1185527520000,1185527999000,112.67,112.78,112.58,112.7,8171300000,8
1185528000000,1185528479000,112.7,112.74,112.63,112.69,5985300000,8
1185528480000,1185528959000,112.695,112.7,112.36,112.38,9602000000,8
1185528960000,1185529439000,112.38,112.54,112.3,112.47,7739100000,8
1185529440000,1185529919000,112.47,112.62,112.34,112.42,6448300000,8
1185529920000,1185530399000,112.42,112.48,112.26,112.38,6697600000,8
1185530400000,1185530879000,112.4,112.4,112.23,112.25,4499700000,8
1185530880000,1185531359000,112.26,112.43,112.22,112.41,5116400000,8
1185531360000,1185531839000,112.41,112.45,112.24,112.25,5004100000,8
1185531840000,1185532319000,112.25,112.35,112.205,112.32,4998000000,8
1185532320000,1185532799000,112.32,112.35,112.2,112.24,5796400000,8
1185532800000,1185533279000,112.25,112.4,112.24,112.4,6869200000,8
1185533280000,1185533759000,112.4,112.42,112.16,112.225,3836500000,8
1185533760000,1185534239000,112.24,112.28,112.13,112.15,4822200000,8
1185534240000,1185534719000,112.16,112.21,111.975,112.07,7550800000,8
1185534720000,1185535199000,112.07,112.14,111.97,112.0,7558900000,8
1185535200000,1185535679000,111.99,112.05,111.815,111.89,10634200000,8
1185535680000,1185536159000,111.875,111.91,111.71,111.89,9089600000,8
1185536160000,1185536639000,111.89,112.07,111.89,111.975,11531300000,8
1185536640000,1185537119000,111.99,112.05,111.88,111.92,11283500000,8
1185537120000,1185537599000,111.93,112.02,111.855,112.0,7177200000,8
1185537600000,1185538079000,112.0,112.19,111.985,112.16,6550700000,8
1185538080000,1185538559000,112.14,112.24,112.02,112.06,9060400000,8
1185538560000,1185539039000,112.05,112.34,112.03,112.315,9430900000,8
1185539040000,1185539519000,112.31,112.47,112.21,112.45,5882300000,8
1185539520000,1185539999000,112.46,112.84,112.455,112.57,9942400000,8
1185540000000,1185540479000,112.57,113.13,112.44,112.86,13874100000,8
1185540480000,1185540959000,112.86,112.86,112.57,112.7,11762900000,8
1185540960000,1185541439000,112.69,112.76,112.5,112.74,8731500000,8
1185541440000,1185541919000,112.74,112.81,112.46,112.5,7988700000,8
1185541920000,1185542399000,112.5,112.54,112.42,112.47,5578200000,8
1185542400000,1185542879000,112.47,112.61,112.41,112.58,5225700000,8
1185542880000,1185543359000,112.59,112.81,112.565,112.69,8384300000,8
1185543360000,1185543839000,112.69,112.73,112.48,112.53,6930100000,8
1185543840000,1185544319000,112.53,112.67,112.39,112.41,10579100000,8
1185544320000,1185544799000,112.42,112.43,112.22,112.275,7860200000,8
1185544800000,1185545279000,112.29,112.33,112.075,112.21,8431900000,8
1185545280000,1185545759000,112.22,112.53,112.18,112.4,7398200000,8
1185545760000,1185546239000,112.4,112.6,112.355,112.53,6387200000,8
1185546240000,1185546719000,112.53,112.54,112.3,112.3,4512600000,8
1185546720000,1185547199000,112.31,112.31,112.18,112.23,8224400000,8
1185547200000,1185547679000,112.23,112.29,112.2,112.25,4126600000,8
1185547680000,1185548159000,112.26,112.31,112.11,112.215,6718200000,8
1185548160000,1185548639000,112.215,112.35,112.185,112.25,4893800000,8
1185548640000,1185549119000,112.25,112.33,112.18,112.19,5708500000,8
1185549120000,1185549599000,112.18,112.33,112.14,112.28,3600200000,8
1185549600000,1185550079000,112.26,112.3,112.18,112.2,3701700000,8
1185550080000,1185550559000,112.19,112.33,112.155,112.27,5374500000,8
1185550560000,1185551039000,112.265,112.27,112.075,112.23,7622100000,8
1185551040000,1185551519000,112.23,112.3,112.12,112.15,3382400000,8
1185551520000,1185551999000,112.15,112.18,111.88,111.93,4896800000,8
1185552000000,1185552479000,111.93,111.99,111.815,111.91,3716800000,8
1185552480000,1185552959000,111.9,111.92,111.735,111.86,4478100000,8
1185552960000,1185553439000,111.87,112.18,111.82,112.12,7870900000,8
1185553440000,1185553919000,112.1,112.12,111.93,112.03,4174200000,8
1185553920000,1185554399000,112.03,112.03,111.825,111.88,3843700000,8
1185554400000,1185554879000,111.89,112.12,111.87,111.92,3118100000,8
1185554880000,1185555359000,111.92,112.06,111.9,112.0,5576000000,8
1185555360000,1185555839000,112.0,112.01,111.825,111.835,2946600000,8
1185555840000,1185556319000,111.85,111.96,111.785,111.81,4789700000,8
1185556320000,1185556799000,111.82,111.95,111.76,111.93,5027000000,8
1185556800000,1185557279000,111.93,112.09,111.88,111.96,3671300000,8
1185557280000,1185557759000,111.95,111.95,111.83,111.905,4408900000,8
1185557760000,1185558239000,111.91,112.02,111.905,111.98,3404500000,8
1185558240000,1185558719000,111.98,112.03,111.91,112.03,2059200000,8
1185558720000,1185559199000,112.03,112.1,111.965,112.07,5249300000,8
1185559200000,1185559679000,112.04,112.15,112.04,112.12,2841000000,8
1185559680000,1185560159000,112.12,112.16,112.02,112.08,3487700000,8
1185560160000,1185560639000,112.08,112.11,111.95,111.98,4732200000,8
1185560640000,1185561119000,111.97,112.0,111.875,111.93,2209800000,8
1185561120000,1185561599000,111.92,111.95,111.855,111.89,3112700000,8
1185561600000,1185562079000,111.87,111.94,111.87,111.91,3235000000,8
1185562080000,1185562559000,111.91,111.98,111.83,111.91,4226100000,8
1185562560000,1185563039000,111.91,111.96,111.875,111.92,2784900000,8
1185563040000,1185563519000,111.925,111.95,111.805,111.9,3466200000,8
1185563520000,1185563999000,111.9,112.0,111.88,111.94,2148500000,8
1185564000000,1185564479000,111.94,112.03,111.93,112.02,1652800000,8
1185564480000,1185564959000,112.01,112.05,111.98,112.03,1809700000,8
1185564960000,1185565439000,112.03,112.05,111.93,111.96,1720200000,8
1185565440000,1185565919000,111.96,111.96,111.84,111.91,1891900000,8
1185565920000,1185566399000,111.91,111.93,111.86,111.9,2825300000,8
1185566400000,1185566879000,111.9,111.9,111.595,111.64,2629700000,8
1185566880000,1185567359000,111.65,111.68,111.51,111.55,3134300000,8
1185567360000,1185567839000,111.545,111.57,111.375,111.46,1535200000,8
1185567840000,1185568319000,111.455,111.47,111.267,111.305,1830400000,8
1185568320000,1185568799000,111.32,111.36,111.24,111.305,811700000,8
1185568800000,1185569279000,111.3,111.36,111.23,111.34,984900000,8
1185569280000,1185569759000,111.33,111.38,111.23,111.37,1340300000,8
1185569760000,1185570239000,111.37,111.42,111.265,111.42,456300000,8
1185570240000,1185570719000,111.42,111.42,111.42,111.42,0,8
1185570720000,1185571199000,111.42,111.42,111.42,111.42,0,8
1185571200000,1185571679000,111.42,111.42,111.42,111.42,0,8
1185571680000,1185572159000,111.42,111.42,111.42,111.42,0,8
1185572160000,1185572639000,111.42,111.42,111.42,111.42,0,8
1185572640000,1185573119000,111.42,111.42,111.42,111.42,0,8
1185573120000,1185573599000,111.42,111.42,111.42,111.42,0,8
1185573600000,1185574079000,111.42,111.42,111.42,111.42,0,8
1185574080000,1185574559000,111.42,111.42,111.42,111.42,0,8
1185574560000,1185575039000,111.42,111.42,111.42,111.42,0,8
1185575040000,1185575519000,111.42,111.42,111.42,111.42,0,8
1185575520000,1185575999000,111.42,111.42,111.42,111.42,0,8
1185576000000,1185576479000,111.42,111.42,111.42,111.42,0,8
1185576480000,1185576959000,111.42,111.42,111.42,111.42,0,8
1185576960000,1185577439000,111.42,111.42,111.42,111.42,0,8
1185577440000,1185577919000,111.42,111.42,111.42,111.42,0,8
1185577920000,1185578399000,111.42,111.42,111.42,111.42,0,8
1185578400000,1185578879000,111.42,111.42,111.42,111.42,0,8
1185578880000,1185579359000,111.42,111.42,111.42,111.42,0,8
1185579360000,1185579839000,111.42,111.42,111.42,111.42,0,8
1185579840000,1185580319000,111.42,111.42,111.42,111.42,0,8
1185580320000,1185580799000,111.42,111.42,111.42,111.42,0,8
1185744000000,1185744479000,111.22,111.22,111.105,111.14,741000000,8
1185744960000,1185745439000,111.12,111.15,111.04,111.04,608000000,8
1185745440000,1185745919000,111.05,111.1,111.02,111.04,499300000,8
1185745920000,1185746399000,111.05,111.08,111.0,111.01,690500000,8
1185746400000,1185746879000,111.01,111.03,110.91,110.93,740700000,8
1185746880000,1185747359000,110.91,110.91,110.825,110.84,774200000,8
1185747360000,1185747839000,110.85,110.86,110.795,110.84,776500000,8
1185747840000,1185748319000,110.84,111.22,110.83,111.09,1141300000,8
1185748320000,1185748799000,111.09,111.09,110.75,111.0,871400000,8
1185748800000,1185749279000,110.99,111.07,110.81,111.03,511200000,8
1185749280000,1185749759000,111.03,111.22,110.94,111.16,592500000,8
1185749760000,1185750239000,111.105,111.29,111.05,111.15,1267500000,8
1185750240000,1185750719000,111.18,111.19,110.925,111.04,1935100000,8
1185750720000,1185751199000,111.03,111.06,110.98,110.98,743700000,8
1185751200000,1185751679000,110.98,111.05,110.94,111.0,663100000,8
1185751680000,1185752159000,111.02,111.07,111.005,111.04,1240400000,8
1185752160000,1185752639000,111.05,111.06,110.965,111.01,2232900000,8
1185752640000,1185753119000,111.0,111.11,110.985,111.08,3739300000,8
1185753120000,1185753599000,111.09,111.17,111.08,111.09,2872900000,8
1185753600000,1185754079000,111.11,111.18,111.08,111.17,2677000000,8
1185754080000,1185754559000,111.18,111.32,111.17,111.25,3636000000,8
1185754560000,1185755039000,111.25,111.3,111.225,111.29,2770000000,8
1185755040000,1185755519000,111.29,111.32,111.25,111.28,1904000000,8
1185755520000,1185755999000,111.29,111.35,111.25,111.32,1658000000,8
1185756000000,1185756479000,111.32,111.37,111.27,111.36,2280000000,8
1185756480000,1185756959000,111.36,111.36,111.23,111.29,2137000000,8
1185756960000,1185757439000,111.29,111.29,111.025,111.08,6242000000,8
1185757440000,1185757919000,111.08,111.15,111.02,111.13,3772000000,8
1185757920000,1185758399000,111.13,111.19,111.105,111.18,1753000000,8
1185758400000,1185758879000,111.18,111.33,111.17,111.28,1829000000,8
1185758880000,1185759359000,111.28,111.33,111.215,111.245,3465000000,8
1185759360000,1185759839000,111.25,111.28,111.21,111.26,1814000000,8
1185759840000,1185760319000,111.26,111.27,111.14,111.23,2969000000,8
1185760320000,1185760799000,111.23,111.25,111.05,111.05,2449000000,8
1185760800000,1185761279000,111.06,111.17,111.04,111.12,5217000000,8
1185761280000,1185761759000,111.12,111.2,111.11,111.15,3414000000,8
1185761760000,1185762239000,111.14,111.17,111.1,111.1,2789000000,8
1185762240000,1185762719000,111.1,111.15,111.055,111.07,2604000000,8
1185762720000,1185763199000,111.07,111.07,111.0,111.01,2900000000,8
1185763200000,1185763679000,111.01,111.03,110.97,110.99,2288000000,8
1185763680000,1185764159000,110.98,111.01,110.875,110.92,3127000000,8
1185764160000,1185764639000,110.92,110.92,110.87,110.9,4260000000,8
1185764640000,1185765119000,110.9,110.92,110.865,110.89,2231000000,8
1185765120000,1185765599000,110.89,110.98,110.89,110.97,2380000000,8
1185765600000,1185766079000,110.97,110.99,110.91,110.96,1698000000,8
1185766080000,1185766559000,110.96,111.0,110.93,110.98,2671000000,8
1185766560000,1185767039000,110.99,111.06,110.975,111.02,2564000000,8
1185767040000,1185767519000,111.02,111.04,110.97,111.035,5381000000,8
1185767520000,1185767999000,111.04,111.18,111.02,111.15,3017000000,8
1185768000000,1185768479000,111.15,111.24,111.14,111.24,3424000000,8
1185768480000,1185768959000,111.24,111.27,111.16,111.21,5974000000,8
1185768960000,1185769439000,111.21,111.22,111.11,111.19,4784000000,8
1185769440000,1185769919000,111.2,111.21,111.045,111.06,2900000000,8
1185769920000,1185770399000,111.06,111.07,110.98,111.03,3131000000,8
1185770400000,1185770879000,111.0,111.05,110.98,111.04,2252000000,8
1185770880000,1185771359000,111.04,111.08,111.03,111.05,806000000,8
1185771360000,1185771839000,111.05,111.12,111.005,111.07,3083000000,8
1185771840000,1185772319000,111.07,111.11,111.03,111.1,2400000000,8
1185772320000,1185772799000,111.1,111.11,111.04,111.08,3519000000,8
1185772800000,1185773279000,111.08,111.35,111.07,111.31,4489000000,8
1185773280000,1185773759000,111.33,111.33,111.195,111.26,3243000000,8
1185773760000,1185774239000,111.26,111.26,111.125,111.17,4545000000,8
1185774240000,1185774719000,111.17,111.21,111.11,111.2,3374000000,8
1185774720000,1185775199000,111.2,111.26,111.145,111.2,3500000000,8
1185775200000,1185775679000,111.21,111.22,111.16,111.22,4257000000,8
1185775680000,1185776159000,111.22,111.25,111.15,111.24,8221000000,8
1185776160000,1185776639000,111.24,111.32,111.22,111.31,5113000000,8
1185776640000,1185777119000,111.3,111.36,111.265,111.35,3104000000,8
1185777120000,1185777599000,111.35,111.37,111.2,111.22,3495000000,8
1185777600000,1185778079000,111.22,111.285,111.18,111.25,4585000000,8
1185778080000,1185778559000,111.25,111.28,111.18,111.26,3188000000,8
1185778560000,1185779039000,111.25,111.34,111.22,111.33,6570000000,8
1185779040000,1185779519000,111.33,111.44,111.33,111.39,4902000000,8
1185779520000,1185779999000,111.38,111.39,111.24,111.25,6258000000,8
1185780000000,1185780479000,111.25,111.28,111.17,111.26,4976000000,8
1185780480000,1185780959000,111.26,111.3,111.205,111.22,4305000000,8
1185780960000,1185781439000,111.24,111.32,111.21,111.29,3465000000,8
1185781440000,1185781919000,111.29,111.47,111.255,111.45,4707000000,8
1185781920000,1185782399000,111.435,111.64,111.425,111.61,6390000000,8
1185782400000,1185782879000,111.59,111.62,111.465,111.49,6310000000,8
1185782880000,1185783359000,111.49,111.6,111.49,111.56,7119000000,8
1185783360000,1185783839000,111.56,111.57,111.45,111.49,3975000000,8
1185783840000,1185784319000,111.5,111.5,111.39,111.46,4066000000,8
1185784320000,1185784799000,111.46,111.6,111.46,111.6,1786000000,8
1185784800000,1185785279000,111.6,111.66,111.56,111.64,2026000000,8
1185785280000,1185785759000,111.64,111.64,111.4,111.44,5737000000,8
1185785760000,1185786239000,111.44,111.47,111.27,111.27,3435000000,8
1185786240000,1185786719000,111.27,111.28,111.185,111.245,3528000000,8
1185786720000,1185787199000,111.26,111.29,111.13,111.23,3934000000,8
1185787200000,1185787679000,111.23,111.26,111.105,111.15,4702000000,8
1185787680000,1185788159000,111.15,111.2,111.115,111.16,4631000000,8
1185788160000,1185788639000,111.16,111.22,111.1,111.13,3855000000,8
1185788640000,1185789119000,111.13,111.15,111.02,111.035,3929000000,8
1185789120000,1185789599000,111.035,111.07,110.86,110.96,5986000000,8
1185789600000,1185790079000,110.96,111.1,110.91,111.07,4818000000,8
1185790080000,1185790559000,111.06,111.19,111.005,111.08,3668000000,8
1185790560000,1185791039000,111.07,111.08,110.82,110.85,3495000000,8
1185791040000,1185791519000,110.835,110.9,110.76,110.79,3748000000,8
1185791520000,1185791999000,110.79,110.84,110.69,110.69,4317000000,8
1185792000000,1185792479000,110.68,110.76,110.57,110.68,8768000000,8
1185792480000,1185792959000,110.69,110.77,110.62,110.67,6623000000,8
1185792960000,1185793439000,110.67,110.78,110.615,110.66,5933000000,8
1185793440000,1185793919000,110.66,110.84,110.65,110.765,4962000000,8
1185793920000,1185794399000,110.76,110.78,110.7,110.745,4837000000,8
1185794400000,1185794879000,110.745,110.76,110.625,110.67,2518000000,8
1185794880000,1185795359000,110.67,110.74,110.63,110.73,3401000000,8
1185795360000,1185795839000,110.73,110.79,110.635,110.65,5220000000,8
1185795840000,1185796319000,110.65,110.71,110.585,110.63,4486000000,8
1185796320000,1185796799000,110.63,110.65,110.55,110.59,4262000000,8
1185796800000,1185797279000,110.61,110.63,110.475,110.57,4251000000,8
1185797280000,1185797759000,110.58,110.71,110.57,110.64,6105000000,8
1185797760000,1185798239000,110.64,110.82,110.615,110.81,5538000000,8
1185798240000,1185798719000,110.81,110.83,110.68,110.83,4209000000,8
1185798720000,1185799199000,110.83,110.95,110.8,110.91,7799000000,8
1185799200000,1185799679000,110.91,110.92,110.845,110.9,5277000000,8
1185799680000,1185800159000,110.9,110.99,110.845,110.93,7943000000,8
1185800160000,1185800639000,110.93,111.23,110.93,111.23,6842000000,8
1185800640000,1185801119000,111.22,111.37,111.22,111.35,6816000000,8
1185801120000,1185801599000,111.35,111.35,111.15,111.18,5121000000,8
1185801600000,1185802079000,111.18,111.24,111.115,111.2,4528000000,8
1185802080000,1185802559000,111.2,111.43,111.16,111.31,4349000000,8
1185802560000,1185803039000,111.31,111.32,110.955,111.08,6959000000,8
1185803040000,1185803519000,111.08,111.24,111.03,111.17,6244000000,8
1185803520000,1185803999000,111.17,111.3,111.065,111.26,5263000000,8
1185804000000,1185804479000,111.25,111.34,111.18,111.21,5386000000,8
1185804480000,1185804959000,111.2,111.31,111.185,111.185,4169000000,8
1185804960000,1185805439000,111.18,111.37,111.18,111.35,3533000000,8
1185805440000,1185805919000,111.35,111.38,111.15,111.15,6219000000,8
1185805920000,1185806399000,111.15,111.17,110.955,110.98,4665000000,8
1185806400000,1185806879000,110.98,110.98,110.89,110.93,3735000000,8
1185806880000,1185807359000,110.93,111.05,110.89,111.01,3485000000,8
1185807360000,1185807839000,110.98,111.04,110.865,110.97,5304000000,8
1185807840000,1185808319000,110.98,110.99,110.87,110.95,4343000000,8
1185808320000,1185808799000,110.95,110.96,110.8,110.87,4897000000,8
1185808800000,1185809279000,110.86,110.91,110.81,110.91,3625000000,8
1185809280000,1185809759000,110.91,111.05,110.81,110.84,5779000000,8
1185809760000,1185810239000,110.84,110.87,110.79,110.79,3035000000,8
1185810240000,1185810719000,110.79,110.85,110.74,110.81,2342000000,8
1185810720000,1185811199000,110.81,110.91,110.78,110.79,2525000000,8
1185811200000,1185811679000,110.78,110.86,110.76,110.86,3017000000,8
1185811680000,1185812159000,110.84,110.86,110.785,110.82,1263000000,8
1185812160000,1185812639000,110.82,110.85,110.79,110.82,1315000000,8
1185812640000,1185813119000,110.82,110.87,110.79,110.81,1365000000,8
1185813120000,1185813599000,110.83,110.88,110.8,110.865,1365000000,8
1185813600000,1185814079000,110.865,111.01,110.85,110.96,2455000000,8
1185814080000,1185814559000,110.97,111.04,110.94,111.0,2212000000,8
1185814560000,1185815039000,111.0,111.13,110.97,111.13,2362000000,8
1185815040000,1185815519000,111.13,111.17,111.08,111.12,3847000000,8
1185815520000,1185815999000,111.12,111.12,111.02,111.03,3167000000,8
1185816000000,1185816479000,111.03,111.08,110.99,111.0,3048000000,8
1185816480000,1185816959000,111.0,111.01,110.915,110.97,2719000000,8
1185816960000,1185817439000,110.97,111.04,110.95,111.04,1205000000,8
1185817440000,1185817919000,111.04,111.21,111.025,111.17,3461000000,8
1185817920000,1185818399000,111.17,111.18,111.09,111.14,3718000000,8
1185818400000,1185818879000,111.14,111.21,111.09,111.16,4088000000,8
1185818880000,1185819359000,111.15,111.21,111.115,111.19,2795000000,8
1185819360000,1185819839000,111.19,111.22,111.1,111.1,2783000000,8
1185819840000,1185820319000,111.14,111.16,111.06,111.085,2525000000,8
1185820320000,1185820799000,111.09,111.09,110.93,111.02,2628000000,8
1185820800000,1185821279000,111.02,111.05,110.91,110.96,3195000000,8
1185821280000,1185821759000,110.95,111.09,110.95,111.09,3620000000,8
1185821760000,1185822239000,111.09,111.17,111.065,111.14,4612000000,8
1185822240000,1185822719000,111.125,111.37,111.11,111.37,3663000000,8
1185822720000,1185823199000,111.37,111.48,111.33,111.42,4078000000,8
1185823200000,1185823679000,111.42,111.52,111.35,111.4,4774000000,8
1185823680000,1185824159000,111.41,111.43,111.295,111.32,2645000000,8
1185824160000,1185824639000,111.32,111.42,111.29,111.33,1637000000,8
1185824640000,1185825119000,111.325,111.38,111.275,111.34,2810000000,8
1185825120000,1185825599000,111.34,111.38,111.28,111.33,3637000000,8
1185825600000,1185826079000,111.33,111.52,111.27,111.48,2451000000,8
1185826080000,1185826559000,111.48,111.56,111.46,111.55,2395000000,8
1185826560000,1185827039000,111.55,111.57,111.485,111.5,1146000000,8
1185827040000,1185827519000,111.5,111.63,111.5,111.61,724000000,8
1185827520000,1185827999000,111.61,111.65,111.59,111.61,1507000000,8
1185828000000,1185828479000,111.61,111.63,111.575,111.61,1242000000,8
1185828480000,1185828959000,111.59,111.62,111.52,111.52,2131000000,8
1185828960000,1185829439000,111.54,111.58,111.49,111.53,1166000000,8
1185829440000,1185829919000,111.53,111.59,111.495,111.58,395000000,8
1185829920000,1185830399000,111.57,111.58,111.27,111.43,1187000000,8
1185830400000,1185830879000,111.45,111.62,111.43,111.62,1249000000,8
1185830880000,1185831359000,111.63,111.7,111.57,111.64,2240000000,8
1185831360000,1185831839000,111.64,113.31,111.6,111.66,588000000,8
1185831840000,1185832319000,111.66,111.775,111.64,111.77,1909000000,8
1185832320000,1185832799000,111.77,111.84,111.69,111.83,1419000000,8
1185832800000,1185833279000,111.83,111.85,111.72,111.81,1740000000,8
1185833280000,1185833759000,111.81,111.83,111.74,111.78,2975000000,8
1185833760000,1185834239000,111.78,111.84,111.75,111.8,1448000000,8
1185834240000,1185834719000,111.81,111.85,111.74,111.75,702000000,8
1185834720000,1185835199000,111.75,111.78,111.67,111.73,1051000000,8
1185835200000,1185835679000,111.73,111.76,111.67,111.75,920000000,8
1185835680000,1185836159000,111.72,111.82,111.72,111.75,1663000000,8
1185836160000,1185836639000,111.755,111.89,111.75,111.87,1056000000,8
1185836640000,1185837119000,111.87,111.94,111.83,111.91,2156000000,8
1185837120000,1185837599000,111.92,111.95,111.87,111.88,1735000000,8
1185837600000,1185838079000,111.88,111.925,111.8,111.82,2171000000,8
1185838080000,1185838559000,111.82,111.86,111.735,111.86,1915000000,8
1185838560000,1185839039000,111.86,111.86,111.79,111.835,2861000000,8
1185839040000,1185839519000,111.835,111.925,111.83,111.855,2119000000,8
1185839520000,1185839999000,111.855,111.94,111.845,111.905,2277000000,8
1185840000000,1185840479000,111.905,111.93,111.78,111.78,4661000000,8
1185840480000,1185840959000,111.78,111.78,111.595,111.66,4120000000,8
1185840960000,1185841439000,111.655,111.7,111.615,111.66,4594000000,8
1185841440000,1185841919000,111.66,111.725,111.65,111.7,4433000000,8
1185841920000,1185842399000,111.69,111.735,111.64,111.725,4443000000,8
1185842400000,1185842879000,111.725,111.74,111.625,111.64,3616000000,8
1185842880000,1185843359000,111.64,111.66,111.495,111.59,4451000000,8
1185843360000,1185843839000,111.585,111.72,111.56,111.695,5211000000,8
1185843840000,1185844319000,111.7,111.75,111.68,111.685,4656000000,8
1185844320000,1185844799000,111.685,111.7,111.615,111.65,1461000000,8
1185844800000,1185845279000,111.65,111.69,111.6,111.61,1465000000,8
1185845280000,1185845759000,111.61,111.625,111.575,111.61,2479000000,8
1185845760000,1185846239000,111.61,111.65,111.58,111.64,3535000000,8
1185846240000,1185846719000,111.64,111.66,111.635,111.66,804000000,8
1185846720000,1185847199000,111.66,111.715,111.595,111.715,2255000000,8
1185847200000,1185847679000,111.715,111.75,111.65,111.75,3143000000,8
1185847680000,1185848159000,111.75,111.785,111.74,111.77,3186000000,8
1185848160000,1185848639000,111.77,111.8,111.745,111.78,3736000000,8
1185848640000,1185849119000,111.78,111.79,111.715,111.78,2788000000,8
1185849120000,1185849599000,111.78,111.79,111.72,111.73,1270000000,8
1185849600000,1185850079000,111.73,111.75,111.71,111.72,1119000000,8
1185850080000,1185850559000,111.72,111.76,111.715,111.74,1030000000,8
1185850560000,1185851039000,111.74,111.77,111.73,111.76,1147000000,8
1185851040000,1185851519000,111.76,111.76,111.71,111.75,2289000000,8
1185851520000,1185851999000,111.75,111.78,111.73,111.77,1373000000,8
1185852000000,1185852479000,111.77,111.79,111.75,111.77,2519000000,8
1185852480000,1185852959000,111.77,111.795,111.725,111.785,2141000000,8
1185852960000,1185853439000,111.785,111.79,111.73,111.73,2651000000,8
1185853440000,1185853919000,111.74,111.8,111.715,111.78,2065000000,8
1185853920000,1185854399000,111.78,111.79,111.665,111.69,1404000000,8
1185854400000,1185854879000,111.68,111.71,111.655,111.69,3066000000,8
1185854880000,1185855359000,111.69,111.72,111.64,111.715,3090000000,8
1185855360000,1185855839000,111.715,111.74,111.685,111.73,1549000000,8
1185855840000,1185856319000,111.73,111.75,111.72,111.73,941000000,8
1185856320000,1185856799000,111.73,111.745,111.68,111.7,2779000000,8
1185856800000,1185857279000,111.7,111.75,111.675,111.705,2284000000,8
1185857280000,1185857759000,111.705,111.73,111.685,111.7,1834000000,8
1185857760000,1185858239000,111.7,111.71,111.68,111.7,1995000000,8
1185858240000,1185858719000,111.7,111.72,111.57,111.615,3057000000,8
1185858720000,1185859199000,111.6,111.64,111.52,111.54,4150000000,8
1185859200000,1185859679000,111.54,111.59,111.53,111.56,2927000000,8
1185859680000,1185860159000,111.56,111.595,111.53,111.56,2870000000,8
1185860160000,1185860639000,111.57,111.58,111.48,111.5,3060000000,8
1185860640000,1185861119000,111.5,111.575,111.485,111.525,2639000000,8
1185861120000,1185861599000,111.525,111.57,111.455,111.57,3847000000,8
1185861600000,1185862079000,111.57,111.57,111.43,111.44,3490000000,8
1185862080000,1185862559000,111.44,111.49,111.365,111.485,3800000000,8
1185862560000,1185863039000,111.485,111.65,111.48,111.62,5018000000,8
1185863040000,1185863519000,111.625,111.7,111.57,111.615,4046000000,8
1185863520000,1185863999000,111.615,111.67,111.565,111.645,2616000000,8
1185864000000,1185864479000,111.645,111.81,111.605,111.79,5076000000,8
1185864480000,1185864959000,111.79,111.93,111.78,111.87,3355000000,8
1185864960000,1185865439000,111.875,111.93,111.82,111.91,3621000000,8
1185865440000,1185865919000,111.92,111.925,111.7,111.79,8987000000,8
1185865920000,1185866399000,111.795,111.8,111.725,111.75,6611000000,8
1185866400000,1185866879000,111.75,111.76,111.62,111.67,5696000000,8
1185866880000,1185867359000,111.67,111.74,111.64,111.71,3901000000,8
1185867360000,1185867839000,111.71,111.82,111.69,111.81,5869000000,8
1185867840000,1185868319000,111.81,111.88,111.78,111.85,4551000000,8
1185868320000,1185868799000,111.87,111.98,111.85,111.935,4857000000,8
1185868800000,1185869279000,111.935,112.14,111.915,112.14,6511000000,8
1185869280000,1185869759000,112.14,112.16,112.05,112.09,6446000000,8
1185869760000,1185870239000,112.09,112.125,111.94,111.985,3788000000,8
1185870240000,1185870719000,112.0,112.09,111.93,112.09,3522000000,8
1185870720000,1185871199000,112.09,112.16,112.065,112.11,1713000000,8
1185871200000,1185871679000,112.11,112.22,112.11,112.19,2674000000,8
1185871680000,1185872159000,112.19,112.32,112.17,112.295,3635000000,8
1185872160000,1185872639000,112.29,112.47,112.28,112.415,4983000000,8
1185872640000,1185873119000,112.415,112.45,112.29,112.33,8439000000,8
1185873120000,1185873599000,112.33,112.42,112.24,112.24,5432000000,8
1185873600000,1185874079000,112.24,112.28,112.075,112.13,8090000000,8
1185874080000,1185874559000,112.13,112.245,112.125,112.235,5376000000,8
1185874560000,1185875039000,112.235,112.315,112.19,112.25,5603000000,8
1185875040000,1185875519000,112.25,112.365,112.21,112.35,6477000000,8
1185875520000,1185875999000,112.35,112.37,112.08,112.1,6403000000,8
1185876000000,1185876479000,112.105,112.18,112.1,112.13,3492000000,8
1185876480000,1185876959000,112.12,112.17,112.07,112.14,5396000000,8
1185876960000,1185877439000,112.14,112.2,112.12,112.17,5357000000,8
1185877440000,1185877919000,112.17,112.33,112.155,112.255,5388000000,8
1185877920000,1185878399000,112.255,112.28,112.225,112.27,3116000000,8
1185878400000,1185878879000,112.27,112.395,112.255,112.375,5618000000,8
1185878880000,1185879359000,112.38,112.53,112.35,112.475,5944000000,8
1185879360000,1185879839000,112.475,112.63,112.43,112.51,6972000000,8
1185879840000,1185880319000,112.51,112.55,112.41,112.54,6759000000,8
1185880320000,1185880799000,112.54,112.69,112.51,112.67,6784000000,8
1185880800000,1185881279000,112.67,112.75,112.6,112.72,9017000000,8
1185881280000,1185881759000,112.72,112.81,112.7,112.77,8002000000,8
1185881760000,1185882239000,112.77,112.78,112.67,112.67,8517000000,8
1185882240000,1185882719000,112.67,112.67,112.535,112.54,4627000000,8
1185882720000,1185883199000,112.54,112.58,112.435,112.49,2147000000,8
1185883200000,1185883679000,112.49,112.49,112.345,112.44,3328000000,8
1185883680000,1185884159000,112.44,112.54,112.43,112.49,3304000000,8
1185884160000,1185884639000,112.49,112.52,112.33,112.41,2704000000,8
1185884640000,1185885119000,112.41,112.46,112.29,112.41,4782000000,8
1185885120000,1185885599000,112.41,112.49,112.3,112.32,7901000000,8
1185885600000,1185886079000,112.32,112.38,112.22,112.22,5504000000,8
1185886080000,1185886559000,112.21,112.22,111.99,112.13,6992000000,8
1185886560000,1185887039000,112.13,112.15,111.89,111.97,4032000000,8
1185887040000,1185887519000,111.97,112.01,111.81,111.94,6653000000,8
1185887520000,1185887999000,111.94,112.01,111.89,111.985,4571000000,8
1185888000000,1185888479000,111.99,111.99,111.785,111.84,5420000000,8
1185888480000,1185888959000,111.86,112.15,111.79,112.1,4978000000,8
1185888960000,1185889439000,112.1,112.12,111.965,111.98,4648000000,8
1185889440000,1185889919000,111.98,112.0,111.86,111.9,6167000000,8
1185889920000,1185890399000,111.885,112.06,111.885,112.04,4599000000,8
1185890400000,1185890879000,112.04,112.21,112.035,112.04,7502000000,8
1185890880000,1185891359000,112.045,112.085,111.96,111.97,5691000000,8
1185891360000,1185891839000,111.97,112.01,111.86,111.91,6565000000,8
1185891840000,1185892319000,111.91,111.96,111.84,111.875,6005000000,8
1185892320000,1185892799000,111.88,111.89,111.63,111.735,6383000000,8
1185892800000,1185893279000,111.74,111.76,111.52,111.59,5782000000,8
1185893280000,1185893759000,111.58,111.64,111.465,111.64,6378000000,8
1185893760000,1185894239000,111.63,111.68,111.44,111.55,6877000000,8
1185894240000,1185894719000,111.55,111.77,111.55,111.72,6023000000,8
1185894720000,1185895199000,111.73,111.775,111.605,111.76,5582000000,8
1185895200000,1185895679000,111.77,111.77,111.61,111.725,5700000000,8
1185895680000,1185896159000,111.725,111.76,111.65,111.75,5200000000,8
1185896160000,1185896639000,111.75,111.82,111.705,111.79,4495000000,8
1185896640000,1185897119000,111.8,111.88,111.76,111.88,4341000000,8
1185897120000,1185897599000,111.88,111.88,111.765,111.785,3038000000,8
1185897600000,1185898079000,111.79,111.83,111.75,111.79,1951000000,8
1185898080000,1185898559000,111.79,111.82,111.75,111.78,1404000000,8
1185898560000,1185899039000,111.78,111.86,111.74,111.85,1546000000,8
1185899040000,1185899519000,111.85,111.9,111.83,111.87,1985000000,8
1185899520000,1185899999000,111.87,111.9,111.76,111.8,2248000000,8
1185900000000,1185900479000,111.8,111.945,111.775,111.94,2063000000,8
1185900480000,1185900959000,111.94,112.01,111.91,111.97,2730000000,8
1185900960000,1185901439000,111.97,112.05,111.93,111.99,3063000000,8
1185901440000,1185901919000,111.99,112.03,111.96,112.01,3619000000,8
1185901920000,1185902399000,112.01,112.09,111.995,112.03,3285000000,8
1185902400000,1185902879000,112.025,112.085,111.99,112.065,2003000000,8
1185902880000,1185903359000,112.065,112.07,111.955,111.99,3863000000,8
1185903360000,1185903839000,111.99,112.02,111.855,111.93,3762000000,8
1185903840000,1185904319000,111.93,111.93,111.775,111.79,6350000000,8
1185904320000,1185904799000,111.79,111.82,111.685,111.81,6764000000,8
1185904800000,1185905279000,111.81,111.89,111.775,111.81,4522000000,8
1185905280000,1185905759000,111.81,111.88,111.735,111.88,3330000000,8
1185905760000,1185906239000,111.88,111.92,111.735,111.79,5599000000,8
1185906240000,1185906719000,111.78,111.85,111.715,111.73,6300000000,8
1185906720000,1185907199000,111.73,111.78,111.575,111.605,7969000000,8
1185907200000,1185907679000,111.6,111.68,111.435,111.52,4645000000,8
1185907680000,1185908159000,111.52,111.66,111.49,111.55,7704000000,8
1185908160000,1185908639000,111.55,111.67,111.505,111.66,7226000000,8
1185908640000,1185909119000,111.65,111.67,111.555,111.67,3935000000,8
1185909120000,1185909599000,111.67,111.67,111.5,111.56,1958000000,8
1185909600000,1185910079000,111.56,111.69,111.5,111.63,2502000000,8
1185910080000,1185910559000,111.63,111.64,111.55,111.55,2193000000,8
1185910560000,1185911039000,111.58,111.6,111.35,111.37,3850000000,8
1185911040000,1185911519000,111.37,111.37,111.155,111.29,6602000000,8
1185911520000,1185911999000,111.29,111.29,111.0,111.035,7916000000,8
1185912000000,1185912479000,111.02,111.17,111.0,111.12,3132000000,8
1185912480000,1185912959000,111.11,111.15,111.06,111.13,1581000000,8
1185912960000,1185913439000,111.13,111.23,111.04,111.23,2227000000,8
1185913440000,1185913919000,111.235,111.28,111.15,111.19,1375000000,8
1185913920000,1185914399000,111.19,111.25,111.17,111.2,1818000000,8
1185914400000,1185914879000,111.2,111.34,111.105,111.17,2093000000,8
1185914880000,1185915359000,111.17,111.19,111.09,111.11,1749000000,8
1185915360000,1185915839000,111.11,111.18,111.07,111.11,1144000000,8
1185915840000,1185916319000,111.11,111.11,111.005,111.07,830000000,8
1185916320000,1185916799000,111.07,111.08,110.93,110.97,2243000000,8
1185916800000,1185917279000,110.97,111.03,110.86,110.975,2651000000,8
1185917280000,1185917759000,110.97,111.01,110.89,110.95,1965000000,8
1185917760000,1185918239000,110.95,110.99,110.9,110.97,1343000000,8
1185918240000,1185918719000,110.97,111.12,110.925,111.06,1571000000,8
1185918720000,1185919199000,111.04,111.06,110.93,110.95,544000000,8
1185919200000,1185919679000,110.95,111.05,110.94,111.02,1579000000,8
1185919680000,1185920159000,111.02,111.02,110.895,110.91,1318000000,8
1185920160000,1185920639000,110.915,110.94,110.86,110.89,1458000000,8
1185920640000,1185921119000,110.89,113.31,110.88,110.98,1242000000,8
1185921120000,1185921599000,110.98,111.09,110.98,111.05,2131000000,8
1185921600000,1185922079000,111.05,111.08,111.01,111.04,991000000,8
1185922080000,1185922559000,111.04,111.05,110.99,111.0,1450000000,8
1185922560000,1185923039000,110.99,111.01,110.96,110.995,1117000000,8
1185923040000,1185923519000,110.995,111.03,110.965,110.985,1243000000,8
1185923520000,1185923999000,110.985,111.0,110.905,110.95,1028000000,8
1185924000000,1185924479000,110.93,110.96,110.885,110.93,1454000000,8
1185924480000,1185924959000,110.93,110.94,110.89,110.92,1241000000,8
1185924960000,1185925439000,110.92,110.95,110.91,110.93,850000000,8
1185925440000,1185925919000,110.915,111.025,110.91,111.005,1117000000,8
1185925920000,1185926399000,111.005,111.08,110.96,111.06,1938000000,8
