openEpochMillis,closeEpochMillis,open,high,low,close,volume,sourceBars
1298937600000,1298937659000,61.626,61.638,61.626,61.627,33000000,1
1298937660000,1298937719000,61.622,61.628,61.613,61.627,42000000,1
1298937720000,1298937779000,61.627,61.627,61.608,61.616,34000000,1
1298937780000,1298937839000,61.617,61.619,61.616,61.616,15000000,1
1298937840000,1298937899000,61.616,61.627,61.616,61.626,32000000,1
1298937900000,1298937959000,61.627,61.627,61.617,61.617,4000000,1
1298937960000,1298938019000,61.617,61.617,61.597,61.607,47000000,1
1298938020000,1298938079000,61.607,61.626,61.596,61.619,55000000,1
1298938080000,1298938139000,61.619,61.635,61.618,61.627,51000000,1
1298938140000,1298938199000,61.618,61.627,61.618,61.618,49000000,1
1298938200000,1298938259000,61.619,61.628,61.618,61.618,81000000,1
1298938260000,1298938319000,61.623,61.627,61.598,61.617,39000000,1
1298938320000,1298938379000,61.617,61.617,61.606,61.609,26000000,1
1298938380000,1298938439000,61.609,61.636,61.607,61.636,66000000,1
1298938440000,1298938499000,61.636,61.637,61.627,61.636,19000000,1
1298938500000,1298938559000,61.637,61.637,61.587,61.597,88000000,1
1298938560000,1298938619000,61.598,61.607,61.587,61.59,52000000,1
1298938620000,1298938679000,61.587,61.597,61.579,61.593,35000000,1
1298938680000,1298938739000,61.598,61.616,61.597,61.616,72000000,1
1298938740000,1298938799000,61.616,61.617,61.606,61.613,38000000,1
1298938800000,1298938859000,61.613,61.637,61.613,61.637,32000000,1
1298938860000,1298938919000,61.636,61.636,61.616,61.617,32000000,1
1298938920000,1298938979000,61.621,61.621,61.609,61.615,82000000,1
1298938980000,1298939039000,61.616,61.62,61.602,61.606,40000000,1
1298939040000,1298939099000,61.606,61.606,61.578,61.586,62000000,1
1298939100000,1298939159000,61.586,61.607,61.577,61.601,105000000,1
1298939160000,1298939219000,61.609,61.609,61.587,61.597,99000000,1
1298939220000,1298939279000,61.591,61.596,61.586,61.59,92000000,1
1298939280000,1298939339000,61.593,61.607,61.586,61.596,99000000,1
1298939340000,1298939399000,61.596,61.607,61.568,61.569,74000000,1
1298939400000,1298939459000,61.569,61.617,61.568,61.617,147000000,1
1298939460000,1298939519000,61.617,61.618,61.568,61.568,83000000,1
1298939520000,1298939579000,61.572,61.598,61.572,61.598,58000000,1
1298939580000,1298939639000,61.598,61.607,61.588,61.597,88000000,1
1298939640000,1298939699000,61.597,61.599,61.596,61.598,30000000,1
1298939700000,1298939759000,61.596,61.597,61.588,61.596,41000000,1
1298939760000,1298939819000,61.596,61.609,61.596,61.596,76000000,1
1298939820000,1298939879000,61.596,61.598,61.577,61.596,86000000,1
1298939880000,1298939939000,61.587,61.61,61.576,61.608,130000000,1
1298939940000,1298939999000,61.608,61.609,61.597,61.597,92000000,1
1298940000000,1298940059000,61.597,61.607,61.587,61.588,134000000,1
1298940060000,1298940119000,61.588,61.596,61.568,61.576,74000000,1
1298940120000,1298940179000,61.576,61.576,61.557,61.557,35000000,1
1298940180000,1298940239000,61.557,61.567,61.557,61.566,16000000,1
1298940240000,1298940299000,61.567,61.587,61.561,61.576,66000000,1
1298940300000,1298940359000,61.576,61.576,61.557,61.566,55000000,1
1298940360000,1298940419000,61.566,61.568,61.557,61.557,67000000,1
1298940420000,1298940479000,61.559,61.586,61.559,61.577,55000000,1
1298940480000,1298940539000,61.577,61.577,61.566,61.567,51000000,1
1298940540000,1298940599000,61.567,61.581,61.564,61.581,43000000,1
1298940600000,1298940659000,61.587,61.587,61.578,61.587,29000000,1
1298940660000,1298940719000,61.578,61.586,61.55,61.55,109000000,1
1298940720000,1298940779000,61.55,61.558,61.536,61.536,82000000,1
1298940780000,1298940839000,61.536,61.547,61.528,61.537,76000000,1
1298940840000,1298940899000,61.538,61.567,61.537,61.559,82000000,1
1298940900000,1298940959000,61.564,61.578,61.56,61.578,140000000,1
1298940960000,1298941019000,61.578,61.608,61.576,61.608,49000000,1
1298941020000,1298941079000,61.608,61.608,61.603,61.606,15000000,1
1298941080000,1298941139000,61.607,61.607,61.587,61.588,30000000,1
1298941140000,1298941199000,61.588,61.606,61.587,61.587,68000000,1
1298941200000,1298941259000,61.587,61.589,61.578,61.589,32000000,1
1298941260000,1298941319000,61.588,61.607,61.588,61.607,80000000,1
1298941320000,1298941379000,61.607,61.607,61.561,61.566,144000000,1
1298941380000,1298941439000,61.566,61.569,61.556,61.566,120000000,1
1298941440000,1298941499000,61.567,61.608,61.557,61.596,123000000,1
1298941500000,1298941559000,61.596,61.607,61.586,61.587,54000000,1
1298941560000,1298941619000,61.586,61.607,61.577,61.577,143000000,1
1298941620000,1298941679000,61.577,61.587,61.577,61.587,13000000,1
1298941680000,1298941739000,61.587,61.597,61.587,61.597,59000000,1
1298941740000,1298941799000,61.588,61.607,61.586,61.586,67000000,1
1298941800000,1298941859000,61.587,61.597,61.587,61.587,42000000,1
1298941860000,1298941919000,61.59,61.596,61.587,61.587,17000000,1
1298941920000,1298941979000,61.587,61.588,61.587,61.588,36000000,1
1298941980000,1298942039000,61.588,61.597,61.587,61.587,27000000,1
1298942040000,1298942099000,61.587,61.597,61.577,61.577,59000000,1
1298942100000,1298942159000,61.577,61.578,61.569,61.577,39000000,1
1298942160000,1298942219000,61.577,61.598,61.577,61.598,39000000,1
1298942220000,1298942279000,61.598,61.598,61.596,61.596,30000000,1
1298942280000,1298942339000,61.596,61.596,61.586,61.587,19000000,1
1298942340000,1298942399000,61.587,61.607,61.586,61.607,75000000,1
1298942400000,1298942459000,61.607,61.608,61.603,61.607,41000000,1
1298942460000,1298942519000,61.607,61.607,61.606,61.607,33000000,1
1298942520000,1298942579000,61.598,61.619,61.591,61.606,70000000,1
1298942580000,1298942639000,61.606,61.618,61.606,61.609,45000000,1
1298942640000,1298942699000,61.609,61.61,61.598,61.598,68000000,1
1298942700000,1298942759000,61.596,61.596,61.596,61.596,2000000,1
1298942760000,1298942819000,61.596,61.606,61.588,61.588,64000000,1
1298942820000,1298942879000,61.597,61.597,61.58,61.588,78000000,1
1298942880000,1298942939000,61.588,61.598,61.586,61.589,59000000,1
1298942940000,1298942999000,61.589,61.596,61.569,61.577,54000000,1
1298943000000,1298943059000,61.581,61.581,61.577,61.58,88000000,1
1298943060000,1298943119000,61.578,61.58,61.576,61.577,18000000,1
1298943120000,1298943179000,61.577,61.579,61.568,61.577,22000000,1
1298943180000,1298943239000,61.576,61.576,61.557,61.558,34000000,1
1298943240000,1298943299000,61.559,61.577,61.557,61.566,44000000,1
1298943300000,1298943359000,61.566,61.567,61.566,61.566,13000000,1
1298943360000,1298943419000,61.567,61.567,61.566,61.567,23000000,1
1298943420000,1298943479000,61.567,61.568,61.567,61.567,51000000,1
1298943480000,1298943539000,61.567,61.576,61.567,61.568,46000000,1
1298943540000,1298943599000,61.568,61.577,61.557,61.567,94000000,1
1298943600000,1298943659000,61.567,61.577,61.557,61.566,55000000,1
1298943660000,1298943719000,61.56,61.588,61.56,61.588,53000000,1
1298943720000,1298943779000,61.588,61.588,61.56,61.566,73000000,1
1298943780000,1298943839000,61.566,61.566,61.56,61.564,23000000,1
1298943840000,1298943899000,61.564,61.567,61.563,61.566,38000000,1
1298943900000,1298943959000,61.566,61.567,61.555,61.555,89000000,1
1298943960000,1298944019000,61.557,61.557,61.526,61.526,144000000,1
1298944020000,1298944079000,61.526,61.548,61.52,61.547,107000000,1
1298944080000,1298944139000,61.547,61.628,61.547,61.627,100000000,1
1298944140000,1298944199000,61.627,61.685,61.597,61.598,148000000,1
1298944200000,1298944259000,61.597,61.597,61.557,61.561,112000000,1
1298944260000,1298944319000,61.564,61.592,61.564,61.568,86000000,1
1298944320000,1298944379000,61.568,61.578,61.559,61.567,67000000,1
1298944380000,1298944439000,61.567,61.568,61.558,61.568,50000000,1
1298944440000,1298944499000,61.572,61.573,61.568,61.572,13000000,1
1298944500000,1298944559000,61.567,61.571,61.56,61.561,63000000,1
1298944560000,1298944619000,61.561,61.577,61.561,61.577,35000000,1
1298944620000,1298944679000,61.576,61.58,61.567,61.58,13000000,1
1298944680000,1298944739000,61.58,61.58,61.568,61.573,13000000,1
1298944740000,1298944799000,61.578,61.578,61.567,61.576,46000000,1
1298944800000,1298944859000,61.578,61.578,61.578,61.578,2000000,1
1298944860000,1298944919000,61.578,61.598,61.576,61.576,94000000,1
1298944920000,1298944979000,61.576,61.598,61.576,61.598,63000000,1
1298944980000,1298945039000,61.598,61.633,61.587,61.589,60000000,1
1298945040000,1298945099000,61.596,61.608,61.596,61.596,61000000,1
1298945100000,1298945159000,61.596,61.597,61.596,61.597,17000000,1
1298945160000,1298945219000,61.607,61.607,61.597,61.597,6000000,1
1298945220000,1298945279000,61.598,61.598,61.598,61.598,1000000,1
1298945280000,1298945339000,61.597,61.597,61.596,61.597,9000000,1
1298945340000,1298945399000,61.596,61.598,61.596,61.597,25000000,1
1298945400000,1298945459000,61.597,61.607,61.597,61.607,13000000,1
1298945460000,1298945519000,61.607,61.608,61.607,61.608,11000000,1
1298945520000,1298945579000,61.608,61.618,61.607,61.617,88000000,1
1298945580000,1298945639000,61.617,61.627,61.617,61.618,63000000,1
1298945640000,1298945699000,61.617,61.627,61.617,61.618,55000000,1
1298945700000,1298945759000,61.617,61.618,61.602,61.617,25000000,1
1298945760000,1298945819000,61.617,61.619,61.607,61.61,34000000,1
1298945820000,1298945879000,61.61,61.618,61.61,61.617,30000000,1
1298945880000,1298945939000,61.618,61.618,61.61,61.61,11000000,1
1298945940000,1298945999000,61.61,61.62,61.608,61.617,22000000,1
1298946000000,1298946059000,61.617,61.617,61.611,61.617,23000000,1
1298946060000,1298946119000,61.612,61.627,61.612,61.627,17000000,1
1298946120000,1298946179000,61.627,61.627,61.609,61.609,13000000,1
1298946180000,1298946239000,61.607,61.607,61.607,61.607,3000000,1
1298946240000,1298946299000,61.607,61.608,61.607,61.607,11000000,1
1298946300000,1298946359000,61.611,61.611,61.608,61.608,29000000,1
1298946360000,1298946419000,61.608,61.608,61.608,61.608,9000000,1
1298946420000,1298946479000,61.608,61.616,61.607,61.608,17000000,1
1298946480000,1298946539000,61.605,61.607,61.592,61.606,184000000,1
1298946540000,1298946599000,61.606,61.607,61.587,61.597,68000000,1
1298946600000,1298946659000,61.596,61.597,61.588,61.588,24000000,1
1298946660000,1298946719000,61.588,61.598,61.588,61.597,21000000,1
1298946720000,1298946779000,61.597,61.628,61.597,61.628,82000000,1
1298946780000,1298946839000,61.628,61.628,61.628,61.628,32000000,1
1298946840000,1298946899000,61.628,61.628,61.618,61.626,11000000,1
1298946900000,1298946959000,61.618,61.63,61.608,61.63,85000000,1
1298946960000,1298947019000,61.628,61.63,61.619,61.63,85000000,1
1298947020000,1298947079000,61.63,61.63,61.617,61.628,26000000,1
1298947080000,1298947139000,61.628,61.628,61.617,61.627,25000000,1
1298947140000,1298947199000,61.627,61.638,61.617,61.637,72000000,1
1298947200000,1298947259000,61.636,61.637,61.636,61.637,7000000,1
1298947260000,1298947319000,61.637,61.637,61.627,61.627,24000000,1
1298947320000,1298947379000,61.627,61.638,61.627,61.627,54000000,1
1298947380000,1298947439000,61.627,61.638,61.627,61.631,15000000,1
1298947440000,1298947499000,61.628,61.628,61.616,61.618,36000000,1
1298947500000,1298947559000,61.617,61.619,61.616,61.616,30000000,1
1298947560000,1298947619000,61.618,61.627,61.616,61.616,181000000,1
1298947620000,1298947679000,61.616,61.627,61.616,61.627,87000000,1
1298947680000,1298947739000,61.628,61.637,61.621,61.627,35000000,1
1298947740000,1298947799000,61.627,61.64,61.627,61.637,17000000,1
1298947800000,1298947859000,61.637,61.657,61.637,61.657,84000000,1
1298947860000,1298947919000,61.657,61.658,61.648,61.658,23000000,1
1298947920000,1298947979000,61.658,61.658,61.647,61.648,28000000,1
1298947980000,1298948039000,61.647,61.648,61.638,61.644,20000000,1
1298948040000,1298948099000,61.646,61.651,61.646,61.651,18000000,1
1298948100000,1298948159000,61.651,61.651,61.647,61.647,11000000,1
1298948160000,1298948219000,61.646,61.657,61.646,61.657,31000000,1
1298948220000,1298948279000,61.656,61.661,61.656,61.656,26000000,1
1298948280000,1298948339000,61.656,61.66,61.656,61.66,16000000,1
1298948340000,1298948399000,61.657,61.657,61.657,61.657,18000000,1
1298948400000,1298948459000,61.657,61.668,61.656,61.657,72000000,1
1298948460000,1298948519000,61.657,61.657,61.631,61.637,60000000,1
1298948520000,1298948579000,61.637,61.638,61.637,61.638,18000000,1
1298948580000,1298948639000,61.638,61.648,61.638,61.647,16000000,1
1298948640000,1298948699000,61.647,61.657,61.637,61.657,36000000,1
1298948700000,1298948759000,61.657,61.668,61.647,61.657,31000000,1
1298948760000,1298948819000,61.66,61.666,61.658,61.658,15000000,1
1298948820000,1298948879000,61.658,61.658,61.658,61.658,13000000,1
1298948880000,1298948939000,61.658,61.658,61.658,61.658,2000000,1
1298948940000,1298948999000,61.658,61.668,61.646,61.646,37000000,1
1298949000000,1298949059000,61.647,61.657,61.638,61.646,40000000,1
1298949060000,1298949119000,61.646,61.657,61.646,61.657,34000000,1
1298949120000,1298949179000,61.657,61.657,61.647,61.657,24000000,1
1298949180000,1298949239000,61.656,61.657,61.647,61.647,20000000,1
1298949240000,1298949299000,61.647,61.648,61.637,61.646,54000000,1
1298949300000,1298949359000,61.647,61.647,61.638,61.638,27000000,1
1298949360000,1298949419000,61.638,61.652,61.638,61.647,34000000,1
1298949420000,1298949479000,61.647,61.668,61.647,61.652,91000000,1
1298949480000,1298949539000,61.657,61.657,61.656,61.657,27000000,1
1298949540000,1298949599000,61.657,61.661,61.64,61.646,19000000,1
1298949600000,1298949659000,61.646,61.65,61.637,61.648,55000000,1
1298949660000,1298949719000,61.647,61.648,61.637,61.648,42000000,1
1298949720000,1298949779000,61.648,61.658,61.647,61.65,33000000,1
1298949780000,1298949839000,61.653,61.658,61.647,61.648,30000000,1
1298949840000,1298949899000,61.648,61.658,61.619,61.619,55000000,1
1298949900000,1298949959000,61.627,61.628,61.607,61.616,49000000,1
1298949960000,1298950019000,61.616,61.627,61.607,61.617,66000000,1
1298950020000,1298950079000,61.617,61.627,61.617,61.619,28000000,1
1298950080000,1298950139000,61.617,61.617,61.607,61.607,67000000,1
1298950140000,1298950199000,61.606,61.618,61.591,61.593,87000000,1
1298950200000,1298950259000,61.593,61.637,61.592,61.627,77000000,1
1298950260000,1298950319000,61.627,61.637,61.618,61.627,93000000,1
1298950320000,1298950379000,61.627,61.677,61.619,61.677,109000000,1
1298950380000,1298950439000,61.667,61.677,61.638,61.647,112000000,1
1298950440000,1298950499000,61.647,61.657,61.637,61.657,152000000,1
1298950500000,1298950559000,61.652,61.668,61.649,61.667,162000000,1
1298950560000,1298950619000,61.667,61.677,61.657,61.659,172000000,1
1298950620000,1298950679000,61.666,61.686,61.666,61.686,92000000,1
1298950680000,1298950739000,61.686,61.688,61.677,61.686,68000000,1
1298950740000,1298950799000,61.686,61.692,61.686,61.687,54000000,1
1298950800000,1298950859000,61.687,61.722,61.681,61.717,137000000,1
1298950860000,1298950919000,61.716,61.717,61.707,61.716,78000000,1
1298950920000,1298950979000,61.716,61.72,61.707,61.708,83000000,1
1298950980000,1298951039000,61.708,61.717,61.708,61.717,26000000,1
1298951040000,1298951099000,61.717,61.727,61.681,61.686,203000000,1
1298951100000,1298951159000,61.697,61.706,61.687,61.687,125000000,1
1298951160000,1298951219000,61.687,61.697,61.678,61.687,185000000,1
1298951220000,1298951279000,61.688,61.688,61.677,61.687,73000000,1
1298951280000,1298951339000,61.688,61.698,61.678,61.688,169000000,1
1298951340000,1298951399000,61.697,61.718,61.692,61.707,180000000,1
1298951400000,1298951459000,61.707,61.709,61.694,61.707,44000000,1
1298951460000,1298951519000,61.71,61.72,61.71,61.712,44000000,1
1298951520000,1298951579000,61.714,61.718,61.707,61.712,110000000,1
1298951580000,1298951639000,61.712,61.728,61.708,61.727,123000000,1
1298951640000,1298951699000,61.727,61.728,61.717,61.717,100000000,1
1298951700000,1298951759000,61.717,61.728,61.717,61.727,34000000,1
1298951760000,1298951819000,61.719,61.729,61.719,61.727,88000000,1
1298951820000,1298951879000,61.727,61.727,61.717,61.718,121000000,1
1298951880000,1298951939000,61.718,61.728,61.717,61.726,65000000,1
1298951940000,1298951999000,61.718,61.718,61.707,61.707,24000000,1
1298952000000,1298952059000,61.707,61.708,61.697,61.697,43000000,1
1298952060000,1298952119000,61.7,61.707,61.7,61.707,8000000,1
1298952120000,1298952179000,61.707,61.716,61.698,61.716,27000000,1
1298952180000,1298952239000,61.717,61.727,61.712,61.726,38000000,1
1298952240000,1298952299000,61.726,61.728,61.717,61.727,83000000,1
1298952300000,1298952359000,61.728,61.746,61.721,61.736,62000000,1
1298952360000,1298952419000,61.736,61.737,61.727,61.736,40000000,1
1298952420000,1298952479000,61.736,61.743,61.727,61.737,66000000,1
1298952480000,1298952539000,61.736,61.748,61.736,61.748,27000000,1
1298952540000,1298952599000,61.748,61.756,61.746,61.748,39000000,1
1298952600000,1298952659000,61.748,61.758,61.743,61.743,24000000,1
1298952660000,1298952719000,61.746,61.758,61.721,61.721,73000000,1
1298952720000,1298952779000,61.718,61.749,61.718,61.749,126000000,1
1298952780000,1298952839000,61.749,61.749,61.73,61.73,31000000,1
1298952840000,1298952899000,61.728,61.737,61.722,61.737,38000000,1
1298952900000,1298952959000,61.737,61.748,61.737,61.737,56000000,1
1298952960000,1298953019000,61.739,61.747,61.737,61.747,18000000,1
1298953020000,1298953079000,61.748,61.76,61.747,61.758,80000000,1
1298953080000,1298953139000,61.768,61.768,61.757,61.767,68000000,1
1298953140000,1298953199000,61.767,61.777,61.767,61.767,55000000,1
1298953200000,1298953259000,61.768,61.788,61.767,61.788,117000000,1
1298953260000,1298953319000,61.777,61.798,61.773,61.798,98000000,1
1298953320000,1298953379000,61.798,61.798,61.777,61.79,109000000,1
1298953380000,1298953439000,61.788,61.79,61.777,61.778,52000000,1
1298953440000,1298953499000,61.778,61.788,61.777,61.777,60000000,1
1298953500000,1298953559000,61.777,61.788,61.777,61.779,52000000,1
1298953560000,1298953619000,61.787,61.787,61.769,61.777,29000000,1
1298953620000,1298953679000,61.768,61.778,61.767,61.777,94000000,1
1298953680000,1298953739000,61.777,61.777,61.759,61.759,17000000,1
1298953740000,1298953799000,61.759,61.777,61.759,61.767,39000000,1
1298953800000,1298953859000,61.766,61.772,61.763,61.767,48000000,1
1298953860000,1298953919000,61.768,61.768,61.768,61.768,3000000,1
1298953920000,1298953979000,61.777,61.777,61.766,61.767,15000000,1
1298953980000,1298954039000,61.767,61.767,61.756,61.766,33000000,1
1298954040000,1298954099000,61.767,61.768,61.757,61.767,31000000,1
1298954100000,1298954159000,61.767,61.777,61.766,61.766,64000000,1
1298954160000,1298954219000,61.768,61.769,61.759,61.766,43000000,1
1298954220000,1298954279000,61.767,61.767,61.766,61.767,11000000,1
1298954280000,1298954339000,61.767,61.767,61.758,61.767,35000000,1
1298954340000,1298954399000,61.758,61.767,61.758,61.767,34000000,1
1298954400000,1298954459000,61.768,61.787,61.767,61.778,70000000,1
1298954460000,1298954519000,61.778,61.787,61.777,61.778,40000000,1
1298954520000,1298954579000,61.778,61.781,61.77,61.778,48000000,1
1298954580000,1298954639000,61.776,61.788,61.767,61.788,57000000,1
1298954640000,1298954699000,61.788,61.797,61.777,61.787,67000000,1
1298954700000,1298954759000,61.778,61.788,61.778,61.786,23000000,1
1298954760000,1298954819000,61.786,61.788,61.786,61.787,20000000,1
1298954820000,1298954879000,61.787,61.787,61.767,61.777,64000000,1
1298954880000,1298954939000,61.777,61.778,61.768,61.776,22000000,1
1298954940000,1298954999000,61.778,61.778,61.776,61.776,11000000,1
1298955000000,1298955059000,61.777,61.777,61.766,61.766,18000000,1
1298955060000,1298955119000,61.767,61.768,61.759,61.768,18000000,1
1298955120000,1298955179000,61.768,61.778,61.768,61.777,15000000,1
1298955180000,1298955239000,61.777,61.778,61.769,61.778,37000000,1
1298955240000,1298955299000,61.778,61.778,61.768,61.768,18000000,1
1298955300000,1298955359000,61.767,61.767,61.747,61.758,41000000,1
1298955360000,1298955419000,61.757,61.757,61.747,61.748,95000000,1
1298955420000,1298955479000,61.748,61.758,61.747,61.747,60000000,1
1298955480000,1298955539000,61.748,61.75,61.747,61.75,64000000,1
1298955540000,1298955599000,61.747,61.758,61.747,61.747,48000000,1
1298955600000,1298955659000,61.747,61.758,61.747,61.748,62000000,1
1298955660000,1298955719000,61.753,61.768,61.753,61.758,41000000,1
1298955720000,1298955779000,61.758,61.758,61.737,61.747,69000000,1
1298955780000,1298955839000,61.747,61.748,61.746,61.747,23000000,1
1298955840000,1298955899000,61.746,61.747,61.738,61.747,41000000,1
1298955900000,1298955959000,61.746,61.758,61.746,61.747,51000000,1
1298955960000,1298956019000,61.747,61.757,61.747,61.752,53000000,1
1298956020000,1298956079000,61.748,61.757,61.748,61.756,35000000,1
1298956080000,1298956139000,61.757,61.758,61.757,61.758,18000000,1
1298956140000,1298956199000,61.758,61.776,61.756,61.769,18000000,1
1298956200000,1298956259000,61.776,61.776,61.766,61.768,23000000,1
1298956260000,1298956319000,61.768,61.768,61.766,61.766,11000000,1
1298956320000,1298956379000,61.767,61.777,61.766,61.768,46000000,1
1298956380000,1298956439000,61.768,61.768,61.766,61.767,30000000,1
1298956440000,1298956499000,61.768,61.768,61.768,61.768,8000000,1
1298956500000,1298956559000,61.768,61.786,61.767,61.786,43000000,1
1298956560000,1298956619000,61.787,61.803,61.786,61.788,55000000,1
1298956620000,1298956679000,61.786,61.787,61.777,61.787,31000000,1
1298956680000,1298956739000,61.787,61.787,61.757,61.757,67000000,1
1298956740000,1298956799000,61.759,61.768,61.757,61.767,28000000,1
1298956800000,1298956859000,61.766,61.766,61.758,61.761,9000000,1
1298956860000,1298956919000,61.763,61.77,61.752,61.758,51000000,1
1298956920000,1298956979000,61.757,61.757,61.757,61.757,8000000,1
1298956980000,1298957039000,61.757,61.768,61.75,61.758,31000000,1
1298957040000,1298957099000,61.757,61.757,61.756,61.756,16000000,1
1298957100000,1298957159000,61.757,61.767,61.756,61.767,19000000,1
1298957160000,1298957219000,61.767,61.77,61.767,61.768,25000000,1
1298957220000,1298957279000,61.768,61.768,61.759,61.759,6000000,1
1298957280000,1298957339000,61.761,61.768,61.758,61.76,14000000,1
1298957340000,1298957399000,61.757,61.758,61.757,61.757,30000000,1
1298957400000,1298957459000,61.757,61.758,61.747,61.758,50000000,1
1298957460000,1298957519000,61.757,61.768,61.747,61.767,52000000,1
1298957520000,1298957579000,61.758,61.778,61.758,61.777,46000000,1
1298957580000,1298957639000,61.777,61.777,61.777,61.777,17000000,1
1298957640000,1298957699000,61.778,61.778,61.767,61.767,81000000,1
1298957700000,1298957759000,61.769,61.788,61.767,61.787,133000000,1
1298957760000,1298957819000,61.787,61.788,61.777,61.788,50000000,1
1298957820000,1298957879000,61.788,61.788,61.777,61.777,32000000,1
1298957880000,1298957939000,61.777,61.788,61.767,61.767,58000000,1
1298957940000,1298957999000,61.768,61.778,61.767,61.776,55000000,1
1298958000000,1298958059000,61.776,61.788,61.776,61.787,67000000,1
1298958060000,1298958119000,61.787,61.788,61.777,61.788,64000000,1
1298958120000,1298958179000,61.788,61.788,61.777,61.788,27000000,1
1298958180000,1298958239000,61.788,61.808,61.778,61.788,70000000,1
1298958240000,1298958299000,61.788,61.788,61.776,61.778,46000000,1
1298958300000,1298958359000,61.778,61.778,61.767,61.767,57000000,1
1298958360000,1298958419000,61.767,61.768,61.757,61.767,59000000,1
1298958420000,1298958479000,61.767,61.777,61.757,61.777,114000000,1
1298958480000,1298958539000,61.777,61.787,61.767,61.777,62000000,1
1298958540000,1298958599000,61.778,61.798,61.777,61.788,100000000,1
1298958600000,1298958659000,61.788,61.797,61.788,61.797,7000000,1
1298958660000,1298958719000,61.788,61.788,61.787,61.787,36000000,1
1298958720000,1298958779000,61.787,61.808,61.787,61.797,89000000,1
1298958780000,1298958839000,61.799,61.808,61.788,61.797,36000000,1
1298958840000,1298958899000,61.797,61.798,61.788,61.798,17000000,1
1298958900000,1298958959000,61.798,61.799,61.788,61.788,34000000,1
1298958960000,1298959019000,61.788,61.798,61.778,61.778,58000000,1
1298959020000,1298959079000,61.787,61.787,61.772,61.778,63000000,1
1298959080000,1298959139000,61.778,61.778,61.778,61.778,17000000,1
1298959140000,1298959199000,61.778,61.779,61.766,61.778,56000000,1
1298959200000,1298959259000,61.777,61.796,61.757,61.788,110000000,1
1298959260000,1298959319000,61.787,61.787,61.768,61.77,48000000,1
1298959320000,1298959379000,61.767,61.778,61.766,61.776,108000000,1
1298959380000,1298959439000,61.777,61.778,61.756,61.766,62000000,1
1298959440000,1298959499000,61.763,61.779,61.747,61.763,167000000,1
1298959500000,1298959559000,61.761,61.788,61.759,61.78,157000000,1
1298959560000,1298959619000,61.78,61.788,61.769,61.777,90000000,1
1298959620000,1298959679000,61.776,61.783,61.77,61.777,39000000,1
1298959680000,1298959739000,61.777,61.778,61.757,61.772,40000000,1
1298959740000,1298959799000,61.773,61.777,61.727,61.748,110000000,1
1298959800000,1298959859000,61.746,61.758,61.736,61.749,136000000,1
1298959860000,1298959919000,61.752,61.759,61.749,61.758,79000000,1
1298959920000,1298959979000,61.757,61.787,61.757,61.787,120000000,1
1298959980000,1298960039000,61.787,61.79,61.776,61.788,68000000,1
1298960040000,1298960099000,61.79,61.807,61.79,61.797,50000000,1
1298960100000,1298960159000,61.797,61.8,61.787,61.798,46000000,1
1298960160000,1298960219000,61.798,61.807,61.798,61.807,12000000,1
1298960220000,1298960279000,61.798,61.806,61.797,61.798,37000000,1
1298960280000,1298960339000,61.799,61.799,61.788,61.788,26000000,1
1298960340000,1298960399000,61.787,61.797,61.786,61.796,30000000,1
1298960400000,1298960459000,61.796,61.796,61.778,61.778,11000000,1
1298960460000,1298960519000,61.776,61.797,61.776,61.786,58000000,1
1298960520000,1298960579000,61.794,61.798,61.767,61.767,46000000,1
1298960580000,1298960639000,61.767,61.768,61.753,61.767,59000000,1
1298960640000,1298960699000,61.768,61.777,61.758,61.777,32000000,1
1298960700000,1298960759000,61.776,61.777,61.766,61.766,14000000,1
1298960760000,1298960819000,61.766,61.767,61.766,61.766,10000000,1
1298960820000,1298960879000,61.766,61.767,61.747,61.747,32000000,1
1298960880000,1298960939000,61.748,61.756,61.727,61.728,78000000,1
1298960940000,1298960999000,61.728,61.736,61.726,61.729,63000000,1
1298961000000,1298961059000,61.729,61.733,61.717,61.721,53000000,1
1298961060000,1298961119000,61.724,61.737,61.722,61.737,45000000,1
1298961120000,1298961179000,61.738,61.739,61.738,61.739,4000000,1
1298961180000,1298961239000,61.737,61.748,61.734,61.737,40000000,1
1298961240000,1298961299000,61.736,61.747,61.736,61.747,19000000,1
1298961300000,1298961359000,61.747,61.749,61.742,61.746,20000000,1
1298961360000,1298961419000,61.747,61.747,61.737,61.737,47000000,1
1298961420000,1298961479000,61.737,61.748,61.737,61.738,103000000,1
1298961480000,1298961539000,61.737,61.74,61.737,61.738,52000000,1
1298961540000,1298961599000,61.738,61.751,61.738,61.751,156000000,1
1298961600000,1298961659000,61.751,61.758,61.722,61.727,70000000,1
1298961660000,1298961719000,61.729,61.737,61.729,61.737,23000000,1
1298961720000,1298961779000,61.737,61.737,61.722,61.728,62000000,1
1298961780000,1298961839000,61.728,61.738,61.727,61.738,27000000,1
1298961840000,1298961899000,61.738,61.738,61.727,61.727,18000000,1
1298961900000,1298961959000,61.727,61.731,61.718,61.726,76000000,1
1298961960000,1298962019000,61.726,61.728,61.712,61.727,76000000,1
1298962020000,1298962079000,61.727,61.737,61.707,61.717,73000000,1
1298962080000,1298962139000,61.717,61.718,61.707,61.717,68000000,1
1298962140000,1298962199000,61.717,61.722,61.713,61.722,44000000,1
1298962200000,1298962259000,61.722,61.742,61.72,61.742,50000000,1
1298962260000,1298962319000,61.742,61.742,61.677,61.686,78000000,1
1298962320000,1298962379000,61.683,61.699,61.668,61.699,124000000,1
1298962380000,1298962439000,61.7,61.712,61.692,61.711,75000000,1
1298962440000,1298962499000,61.711,61.718,61.668,61.668,61000000,1
1298962500000,1298962559000,61.67,61.683,61.658,61.658,155000000,1
1298962560000,1298962619000,61.657,61.668,61.629,61.636,81000000,1
1298962620000,1298962679000,61.636,61.639,61.618,61.63,77000000,1
1298962680000,1298962739000,61.628,61.666,61.597,61.656,144000000,1
1298962740000,1298962799000,61.656,61.668,61.646,61.648,196000000,1
1298962800000,1298962859000,61.648,61.659,61.646,61.648,188000000,1
1298962860000,1298962919000,61.648,61.651,61.639,61.647,129000000,1
1298962920000,1298962979000,61.647,61.647,61.647,61.647,34000000,1
1298962980000,1298963039000,61.647,61.648,61.627,61.627,85000000,1
1298963040000,1298963099000,61.627,61.639,61.627,61.637,44000000,1
1298963100000,1298963159000,61.637,61.649,61.637,61.647,34000000,1
1298963160000,1298963219000,61.647,61.647,61.638,61.646,11000000,1
1298963220000,1298963279000,61.647,61.647,61.647,61.647,12000000,1
1298963280000,1298963339000,61.61,61.65,61.61,61.648,36000000,1
1298963340000,1298963399000,61.647,61.647,61.596,61.607,116000000,1
1298963400000,1298963459000,61.607,61.607,61.596,61.596,55000000,1
1298963460000,1298963519000,61.597,61.597,61.587,61.596,113000000,1
1298963520000,1298963579000,61.597,61.597,61.557,61.564,89000000,1
1298963580000,1298963639000,61.562,61.587,61.557,61.576,194000000,1
1298963640000,1298963699000,61.58,61.627,61.576,61.627,125000000,1
1298963700000,1298963759000,61.627,61.647,61.616,61.647,84000000,1
1298963760000,1298963819000,61.647,61.647,61.636,61.637,27000000,1
1298963820000,1298963879000,61.636,61.638,61.62,61.62,85000000,1
1298963880000,1298963939000,61.625,61.627,61.617,61.626,16000000,1
1298963940000,1298963999000,61.617,61.626,61.616,61.616,49000000,1
1298964000000,1298964059000,61.616,61.617,61.608,61.617,56000000,1
1298964060000,1298964119000,61.617,61.617,61.597,61.617,57000000,1
1298964120000,1298964179000,61.616,61.617,61.556,61.556,34000000,1
1298964180000,1298964239000,61.556,61.582,61.556,61.572,91000000,1
1298964240000,1298964299000,61.576,61.586,61.556,61.573,129000000,1
1298964300000,1298964359000,61.577,61.587,61.57,61.577,154000000,1
1298964360000,1298964419000,61.577,61.587,61.576,61.587,62000000,1
1298964420000,1298964479000,61.576,61.586,61.56,61.561,296000000,1
1298964480000,1298964539000,61.561,61.568,61.557,61.558,69000000,1
1298964540000,1298964599000,61.56,61.569,61.556,61.569,147000000,1
1298964600000,1298964659000,61.57,61.596,61.562,61.596,110000000,1
1298964660000,1298964719000,61.596,61.597,61.586,61.596,30000000,1
1298964720000,1298964779000,61.596,61.598,61.586,61.598,40000000,1
1298964780000,1298964839000,61.598,61.598,61.586,61.588,68000000,1
1298964840000,1298964899000,61.588,61.598,61.587,61.597,33000000,1
1298964900000,1298964959000,61.597,61.597,61.583,61.596,49000000,1
1298964960000,1298965019000,61.596,61.597,61.586,61.596,65000000,1
1298965020000,1298965079000,61.587,61.606,61.586,61.597,89000000,1
1298965080000,1298965139000,61.587,61.617,61.587,61.617,61000000,1
1298965140000,1298965199000,61.617,61.647,61.614,61.637,44000000,1
1298965200000,1298965259000,61.638,61.638,61.622,61.628,93000000,1
1298965260000,1298965319000,61.63,61.638,61.626,61.626,31000000,1
1298965320000,1298965379000,61.626,61.627,61.596,61.597,46000000,1
1298965380000,1298965439000,61.597,61.612,61.586,61.609,214000000,1
1298965440000,1298965499000,61.609,61.617,61.6,61.607,106000000,1
1298965500000,1298965559000,61.607,61.613,61.586,61.591,103000000,1
1298965560000,1298965619000,61.588,61.608,61.587,61.607,125000000,1
1298965620000,1298965679000,61.607,61.616,61.606,61.613,108000000,1
1298965680000,1298965739000,61.613,61.613,61.589,61.607,97000000,1
1298965740000,1298965799000,61.607,61.616,61.596,61.609,48000000,1
1298965800000,1298965859000,61.61,61.657,61.606,61.657,76000000,1
1298965860000,1298965919000,61.657,61.668,61.656,61.657,68000000,1
1298965920000,1298965979000,61.657,61.667,61.637,61.637,138000000,1
1298965980000,1298966039000,61.637,61.66,61.637,61.658,70000000,1
1298966040000,1298966099000,61.659,61.687,61.659,61.674,73000000,1
1298966100000,1298966159000,61.676,61.707,61.676,61.707,95000000,1
1298966160000,1298966219000,61.708,61.718,61.697,61.716,184000000,1
1298966220000,1298966279000,61.716,61.727,61.707,61.726,86000000,1
1298966280000,1298966339000,61.717,61.75,61.717,61.738,105000000,1
1298966340000,1298966399000,61.747,61.747,61.706,61.717,196000000,1
1298966400000,1298966459000,61.717,61.718,61.696,61.713,70000000,1
1298966460000,1298966519000,61.716,61.716,61.686,61.686,81000000,1
1298966520000,1298966579000,61.686,61.706,61.678,61.697,42000000,1
1298966580000,1298966639000,61.697,61.707,61.687,61.697,36000000,1
1298966640000,1298966699000,61.697,61.727,61.696,61.696,67000000,1
1298966700000,1298966759000,61.697,61.697,61.691,61.697,15000000,1
1298966760000,1298966819000,61.69,61.706,61.689,61.697,67000000,1
1298966820000,1298966879000,61.697,61.698,61.696,61.697,28000000,1
1298966880000,1298966939000,61.697,61.708,61.696,61.706,84000000,1
1298966940000,1298966999000,61.707,61.724,61.696,61.717,100000000,1
1298967000000,1298967059000,61.717,61.728,61.717,61.719,103000000,1
1298967060000,1298967119000,61.717,61.728,61.712,61.726,105000000,1
1298967120000,1298967179000,61.726,61.746,61.717,61.738,112000000,1
1298967180000,1298967239000,61.738,61.748,61.727,61.733,110000000,1
1298967240000,1298967299000,61.738,61.757,61.736,61.757,135000000,1
1298967300000,1298967359000,61.754,61.768,61.753,61.767,125000000,1
1298967360000,1298967419000,61.767,61.767,61.749,61.753,68000000,1
1298967420000,1298967479000,61.75,61.75,61.727,61.727,103000000,1
1298967480000,1298967539000,61.728,61.738,61.718,61.737,77000000,1
1298967540000,1298967599000,61.737,61.746,61.726,61.746,71000000,1
1298967600000,1298967659000,61.746,61.761,61.718,61.718,135000000,1
1298967660000,1298967719000,61.717,61.728,61.692,61.704,74000000,1
1298967720000,1298967779000,61.704,61.704,61.678,61.696,119000000,1
1298967780000,1298967839000,61.696,61.699,61.686,61.687,74000000,1
1298967840000,1298967899000,61.69,61.69,61.674,61.677,49000000,1
1298967900000,1298967959000,61.677,61.679,61.66,61.667,42000000,1
1298967960000,1298968019000,61.668,61.687,61.668,61.687,49000000,1
1298968020000,1298968079000,61.687,61.694,61.677,61.687,66000000,1
1298968080000,1298968139000,61.688,61.697,61.678,61.686,56000000,1
1298968140000,1298968199000,61.686,61.688,61.647,61.647,78000000,1
1298968200000,1298968259000,61.656,61.687,61.656,61.677,110000000,1
1298968260000,1298968319000,61.678,61.686,61.676,61.676,36000000,1
1298968320000,1298968379000,61.677,61.687,61.666,61.666,85000000,1
1298968380000,1298968439000,61.666,61.677,61.666,61.676,121000000,1
1298968440000,1298968499000,61.668,61.67,61.652,61.656,48000000,1
1298968500000,1298968559000,61.657,61.678,61.656,61.667,94000000,1
1298968560000,1298968619000,61.667,61.667,61.638,61.649,63000000,1
1298968620000,1298968679000,61.647,61.657,61.637,61.647,69000000,1
1298968680000,1298968739000,61.647,61.658,61.626,61.65,96000000,1
1298968740000,1298968799000,61.651,61.662,61.639,61.656,111000000,1
1298968800000,1298968859000,61.649,61.688,61.648,61.687,77000000,1
1298968860000,1298968919000,61.688,61.691,61.677,61.688,108000000,1
1298968920000,1298968979000,61.688,61.689,61.678,61.678,31000000,1
1298968980000,1298969039000,61.678,61.687,61.678,61.684,23000000,1
1298969040000,1298969099000,61.681,61.687,61.68,61.682,30000000,1
1298969100000,1298969159000,61.681,61.71,61.681,61.702,97000000,1
1298969160000,1298969219000,61.698,61.716,61.697,61.704,102000000,1
1298969220000,1298969279000,61.699,61.707,61.688,61.698,21000000,1
1298969280000,1298969339000,61.706,61.713,61.697,61.707,79000000,1
1298969340000,1298969399000,61.707,61.708,61.697,61.697,48000000,1
1298969400000,1298969459000,61.697,61.697,61.668,61.669,71000000,1
1298969460000,1298969519000,61.668,61.678,61.667,61.677,58000000,1
1298969520000,1298969579000,61.677,61.678,61.657,61.666,63000000,1
1298969580000,1298969639000,61.664,61.668,61.658,61.658,44000000,1
1298969640000,1298969699000,61.657,61.664,61.647,61.66,83000000,1
1298969700000,1298969759000,61.661,61.688,61.657,61.676,102000000,1
1298969760000,1298969819000,61.676,61.718,61.673,61.707,249000000,1
1298969820000,1298969879000,61.699,61.724,61.696,61.697,122000000,1
1298969880000,1298969939000,61.697,61.697,61.678,61.686,74000000,1
1298969940000,1298969999000,61.688,61.688,61.668,61.687,136000000,1
1298970000000,1298970059000,61.697,61.718,61.687,61.697,179000000,1
1298970060000,1298970119000,61.701,61.708,61.677,61.688,155000000,1
1298970120000,1298970179000,61.688,61.726,61.669,61.726,115000000,1
1298970180000,1298970239000,61.726,61.727,61.707,61.707,123000000,1
1298970240000,1298970299000,61.707,61.718,61.676,61.698,114000000,1
1298970300000,1298970359000,61.698,61.707,61.687,61.697,130000000,1
1298970360000,1298970419000,61.697,61.724,61.687,61.717,148000000,1
1298970420000,1298970479000,61.708,61.747,61.696,61.738,111000000,1
1298970480000,1298970539000,61.738,61.748,61.731,61.731,105000000,1
1298970540000,1298970599000,61.731,61.738,61.717,61.728,68000000,1
1298970600000,1298970659000,61.728,61.728,61.716,61.718,52000000,1
1298970660000,1298970719000,61.718,61.727,61.67,61.67,84000000,1
1298970720000,1298970779000,61.67,61.677,61.657,61.658,133000000,1
1298970780000,1298970839000,61.658,61.687,61.657,61.687,83000000,1
1298970840000,1298970899000,61.678,61.69,61.666,61.677,115000000,1
1298970900000,1298970959000,61.677,61.699,61.677,61.684,109000000,1
1298970960000,1298971019000,61.686,61.697,61.686,61.687,76000000,1
1298971020000,1298971079000,61.687,61.698,61.687,61.697,55000000,1
1298971080000,1298971139000,61.696,61.696,61.679,61.688,57000000,1
1298971140000,1298971199000,61.688,61.688,61.681,61.687,12000000,1
1298971200000,1298971259000,61.688,61.7,61.672,61.69,62000000,1
1298971260000,1298971319000,61.687,61.696,61.668,61.686,117000000,1
1298971320000,1298971379000,61.682,61.687,61.677,61.677,26000000,1
1298971380000,1298971439000,61.676,61.717,61.667,61.717,59000000,1
1298971440000,1298971499000,61.717,61.731,61.708,61.728,93000000,1
1298971500000,1298971559000,61.731,61.731,61.712,61.72,35000000,1
1298971560000,1298971619000,61.717,61.717,61.709,61.717,32000000,1
1298971620000,1298971679000,61.713,61.713,61.708,61.708,10000000,1
1298971680000,1298971739000,61.708,61.718,61.679,61.68,62000000,1
1298971740000,1298971799000,61.679,61.687,61.676,61.676,48000000,1
1298971800000,1298971859000,61.677,61.677,61.651,61.666,100000000,1
1298971860000,1298971919000,61.666,61.676,61.657,61.661,75000000,1
1298971920000,1298971979000,61.664,61.667,61.658,61.667,48000000,1
1298971980000,1298972039000,61.67,61.687,61.67,61.687,32000000,1
1298972040000,1298972099000,61.687,61.698,61.687,61.697,76000000,1
1298972100000,1298972159000,61.697,61.707,61.688,61.703,93000000,1
1298972160000,1298972219000,61.707,61.722,61.698,61.717,103000000,1
1298972220000,1298972279000,61.717,61.718,61.701,61.718,157000000,1
1298972280000,1298972339000,61.718,61.718,61.697,61.697,102000000,1
1298972340000,1298972399000,61.696,61.697,61.691,61.697,91000000,1
1298972400000,1298972459000,61.692,61.692,61.686,61.688,21000000,1
1298972460000,1298972519000,61.69,61.69,61.676,61.678,64000000,1
1298972520000,1298972579000,61.678,61.68,61.657,61.657,75000000,1
1298972580000,1298972639000,61.657,61.668,61.646,61.657,43000000,1
1298972640000,1298972699000,61.652,61.659,61.646,61.657,40000000,1
1298972700000,1298972759000,61.657,61.666,61.657,61.662,35000000,1
1298972760000,1298972819000,61.662,61.662,61.658,61.658,18000000,1
1298972820000,1298972879000,61.658,61.677,61.658,61.664,51000000,1
1298972880000,1298972939000,61.66,61.667,61.648,61.656,47000000,1
1298972940000,1298972999000,61.646,61.657,61.637,61.647,28000000,1
1298973000000,1298973059000,61.647,61.647,61.636,61.637,73000000,1
1298973060000,1298973119000,61.638,61.639,61.616,61.621,90000000,1
1298973120000,1298973179000,61.627,61.627,61.616,61.627,29000000,1
1298973180000,1298973239000,61.627,61.627,61.593,61.616,81000000,1
1298973240000,1298973299000,61.618,61.628,61.607,61.627,127000000,1
1298973300000,1298973359000,61.627,61.637,61.616,61.637,58000000,1
1298973360000,1298973419000,61.631,61.637,61.616,61.637,73000000,1
1298973420000,1298973479000,61.637,61.637,61.614,61.629,99000000,1
1298973480000,1298973539000,61.629,61.646,61.607,61.61,97000000,1
1298973540000,1298973599000,61.609,61.626,61.577,61.597,108000000,1
1298973600000,1298973659000,61.596,61.637,61.596,61.636,173000000,1
1298973660000,1298973719000,61.636,61.649,61.603,61.647,163000000,1
1298973720000,1298973779000,61.648,61.666,61.616,61.637,72000000,1
1298973780000,1298973839000,61.636,61.636,61.625,61.628,31000000,1
1298973840000,1298973899000,61.628,61.678,61.626,61.667,78000000,1
1298973900000,1298973959000,61.658,61.672,61.658,61.667,41000000,1
1298973960000,1298974019000,61.667,61.667,61.652,61.666,32000000,1
1298974020000,1298974079000,61.667,61.667,61.648,61.648,49000000,1
1298974080000,1298974139000,61.648,61.648,61.636,61.636,30000000,1
1298974140000,1298974199000,61.636,61.65,61.636,61.647,104000000,1
1298974200000,1298974259000,61.647,61.649,61.636,61.647,91000000,1
1298974260000,1298974319000,61.648,61.658,61.638,61.658,49000000,1
1298974320000,1298974379000,61.658,61.658,61.64,61.64,50000000,1
1298974380000,1298974439000,61.638,61.678,61.628,61.667,120000000,1
1298974440000,1298974499000,61.668,61.688,61.668,61.686,40000000,1
1298974500000,1298974559000,61.696,61.696,61.677,61.68,172000000,1
1298974560000,1298974619000,61.677,61.708,61.677,61.698,60000000,1
1298974620000,1298974679000,61.698,61.713,61.696,61.7,84000000,1
1298974680000,1298974739000,61.697,61.707,61.687,61.687,75000000,1
1298974740000,1298974799000,61.687,61.71,61.686,61.708,81000000,1
1298974800000,1298974859000,61.706,61.719,61.697,61.716,78000000,1
1298974860000,1298974919000,61.717,61.728,61.709,61.717,58000000,1
1298974920000,1298974979000,61.717,61.723,61.716,61.722,32000000,1
1298974980000,1298975039000,61.722,61.722,61.72,61.721,13000000,1
1298975040000,1298975099000,61.726,61.729,61.72,61.729,56000000,1
1298975100000,1298975159000,61.731,61.738,61.731,61.736,63000000,1
1298975160000,1298975219000,61.732,61.736,61.727,61.729,56000000,1
1298975220000,1298975279000,61.729,61.729,61.711,61.721,38000000,1
1298975280000,1298975339000,61.72,61.72,61.713,61.713,8000000,1
1298975340000,1298975399000,61.711,61.711,61.692,61.699,63000000,1
1298975400000,1298975459000,61.698,61.704,61.688,61.697,68000000,1
1298975460000,1298975519000,61.692,61.708,61.692,61.708,71000000,1
1298975520000,1298975579000,61.708,61.729,61.701,61.728,54000000,1
1298975580000,1298975639000,61.729,61.737,61.72,61.727,68000000,1
1298975640000,1298975699000,61.727,61.727,61.717,61.723,43000000,1
1298975700000,1298975759000,61.728,61.728,61.719,61.721,34000000,1
1298975760000,1298975819000,61.725,61.732,61.722,61.728,23000000,1
1298975820000,1298975879000,61.728,61.73,61.719,61.719,10000000,1
1298975880000,1298975939000,61.723,61.729,61.717,61.719,39000000,1
1298975940000,1298975999000,61.719,61.722,61.7,61.707,26000000,1
1298976000000,1298976059000,61.704,61.714,61.698,61.714,25000000,1
1298976060000,1298976119000,61.714,61.722,61.714,61.72,10000000,1
1298976120000,1298976179000,61.72,61.728,61.72,61.723,27000000,1
1298976180000,1298976239000,61.72,61.725,61.713,61.714,33000000,1
1298976240000,1298976299000,61.712,61.717,61.712,61.717,6000000,1
1298976300000,1298976359000,61.716,61.725,61.716,61.723,33000000,1
1298976360000,1298976419000,61.724,61.755,61.724,61.725,65000000,1
1298976420000,1298976479000,61.731,61.737,61.708,61.71,33000000,1
1298976480000,1298976539000,61.709,61.71,61.688,61.695,33000000,1
1298976540000,1298976599000,61.691,61.697,61.667,61.672,39000000,1
1298976600000,1298976659000,61.672,61.672,61.671,61.671,9000000,1
1298976660000,1298976719000,61.668,61.699,61.668,61.688,76000000,1
1298976720000,1298976779000,61.689,61.689,61.678,61.687,13000000,1
1298976780000,1298976839000,61.679,61.695,61.677,61.695,29000000,1
1298976840000,1298976899000,61.69,61.695,61.688,61.695,4000000,1
1298976900000,1298976959000,61.691,61.698,61.688,61.698,15000000,1
1298976960000,1298977019000,61.698,61.698,61.683,61.683,48000000,1
1298977020000,1298977079000,61.682,61.691,61.682,61.69,35000000,1
1298977080000,1298977139000,61.69,61.69,61.679,61.679,27000000,1
1298977140000,1298977199000,61.685,61.705,61.672,61.705,65000000,1
1298977200000,1298977259000,61.701,61.718,61.683,61.706,85000000,1
1298977260000,1298977319000,61.707,61.71,61.696,61.707,47000000,1
1298977320000,1298977379000,61.707,61.708,61.681,61.681,30000000,1
1298977380000,1298977439000,61.679,61.684,61.661,61.661,74000000,1
1298977440000,1298977499000,61.662,61.667,61.657,61.659,28000000,1
1298977500000,1298977559000,61.66,61.668,61.66,61.668,20000000,1
1298977560000,1298977619000,61.668,61.678,61.668,61.677,33000000,1
1298977620000,1298977679000,61.677,61.686,61.666,61.677,67000000,1
1298977680000,1298977739000,61.677,61.677,61.626,61.628,105000000,1
1298977740000,1298977799000,61.628,61.637,61.627,61.636,40000000,1
1298977800000,1298977859000,61.636,61.673,61.627,61.668,108000000,1
1298977860000,1298977919000,61.669,61.696,61.667,61.696,97000000,1
1298977920000,1298977979000,61.688,61.706,61.687,61.699,70000000,1
1298977980000,1298978039000,61.703,61.717,61.69,61.708,70000000,1
1298978040000,1298978099000,61.708,61.71,61.702,61.71,30000000,1
1298978100000,1298978159000,61.711,61.718,61.707,61.718,26000000,1
1298978160000,1298978219000,61.717,61.722,61.71,61.722,18000000,1
1298978220000,1298978279000,61.722,61.766,61.722,61.766,98000000,1
1298978280000,1298978339000,61.766,61.79,61.766,61.79,68000000,1
1298978340000,1298978399000,61.788,61.791,61.74,61.741,119000000,1
1298978400000,1298978459000,61.741,61.788,61.738,61.788,75000000,1
1298978460000,1298978519000,61.792,61.792,61.784,61.786,26000000,1
1298978520000,1298978579000,61.787,61.797,61.783,61.783,15000000,1
1298978580000,1298978639000,61.782,61.782,61.766,61.766,79000000,1
1298978640000,1298978699000,61.766,61.768,61.742,61.747,64000000,1
1298978700000,1298978759000,61.749,61.757,61.746,61.746,46000000,1
1298978760000,1298978819000,61.741,61.777,61.741,61.766,110000000,1
1298978820000,1298978879000,61.768,61.778,61.758,61.758,62000000,1
1298978880000,1298978939000,61.758,61.764,61.758,61.764,41000000,1
1298978940000,1298978999000,61.764,61.767,61.748,61.751,35000000,1
1298979000000,1298979059000,61.751,61.767,61.748,61.748,21000000,1
1298979060000,1298979119000,61.748,61.757,61.746,61.746,40000000,1
1298979120000,1298979179000,61.746,61.748,61.737,61.737,47000000,1
1298979180000,1298979239000,61.737,61.74,61.732,61.736,21000000,1
1298979240000,1298979299000,61.741,61.752,61.737,61.738,52000000,1
1298979300000,1298979359000,61.738,61.758,61.738,61.758,28000000,1
1298979360000,1298979419000,61.764,61.772,61.757,61.757,40000000,1
1298979420000,1298979479000,61.757,61.781,61.752,61.779,64000000,1
1298979480000,1298979539000,61.779,61.789,61.771,61.789,72000000,1
1298979540000,1298979599000,61.789,61.807,61.789,61.806,55000000,1
1298979600000,1298979659000,61.804,61.831,61.787,61.806,130000000,1
1298979660000,1298979719000,61.813,61.82,61.776,61.809,94000000,1
1298979720000,1298979779000,61.809,61.828,61.809,61.827,36000000,1
1298979780000,1298979839000,61.827,61.835,61.818,61.818,61000000,1
1298979840000,1298979899000,61.819,61.819,61.778,61.787,81000000,1
1298979900000,1298979959000,61.787,61.791,61.784,61.786,47000000,1
1298979960000,1298980019000,61.786,61.789,61.778,61.783,28000000,1
1298980020000,1298980079000,61.78,61.8,61.777,61.79,57000000,1
1298980080000,1298980139000,61.79,61.797,61.787,61.797,17000000,1
1298980140000,1298980199000,61.789,61.789,61.788,61.788,5000000,1
1298980200000,1298980259000,61.786,61.788,61.779,61.784,24000000,1
1298980260000,1298980319000,61.787,61.798,61.783,61.789,91000000,1
1298980320000,1298980379000,61.788,61.792,61.781,61.781,37000000,1
1298980380000,1298980439000,61.781,61.786,61.778,61.781,34000000,1
1298980440000,1298980499000,61.78,61.788,61.778,61.778,35000000,1
1298980500000,1298980559000,61.778,61.778,61.769,61.771,20000000,1
1298980560000,1298980619000,61.771,61.775,61.76,61.76,76000000,1
1298980620000,1298980679000,61.76,61.768,61.76,61.762,54000000,1
1298980680000,1298980739000,61.762,61.768,61.76,61.763,29000000,1
1298980740000,1298980799000,61.763,61.773,61.761,61.77,99000000,1
1298980800000,1298980859000,61.77,61.778,61.768,61.773,65000000,1
1298980860000,1298980919000,61.778,61.778,61.745,61.753,33000000,1
1298980920000,1298980979000,61.753,61.755,61.74,61.745,70000000,1
1298980980000,1298981039000,61.745,61.752,61.745,61.751,29000000,1
1298981040000,1298981099000,61.747,61.758,61.729,61.729,209000000,1
1298981100000,1298981159000,61.729,61.747,61.728,61.744,49000000,1
1298981160000,1298981219000,61.739,61.739,61.717,61.737,45000000,1
1298981220000,1298981279000,61.741,61.741,61.716,61.727,66000000,1
1298981280000,1298981339000,61.727,61.727,61.708,61.708,68000000,1
1298981340000,1298981399000,61.708,61.716,61.706,61.706,71000000,1
1298981400000,1298981459000,61.707,61.716,61.698,61.699,28000000,1
1298981460000,1298981519000,61.698,61.708,61.697,61.707,73000000,1
1298981520000,1298981579000,61.707,61.707,61.698,61.698,32000000,1
1298981580000,1298981639000,61.709,61.709,61.69,61.699,84000000,1
1298981640000,1298981699000,61.697,61.702,61.692,61.696,57000000,1
1298981700000,1298981759000,61.697,61.697,61.676,61.677,54000000,1
1298981760000,1298981819000,61.677,61.678,61.666,61.669,54000000,1
1298981820000,1298981879000,61.677,61.677,61.656,61.657,56000000,1
1298981880000,1298981939000,61.658,61.658,61.636,61.636,81000000,1
1298981940000,1298981999000,61.638,61.648,61.618,61.647,154000000,1
1298982000000,1298982059000,61.647,61.656,61.637,61.648,82000000,1
1298982060000,1298982119000,61.655,61.677,61.648,61.667,90000000,1
1298982120000,1298982179000,61.667,61.668,61.647,61.658,83000000,1
1298982180000,1298982239000,61.648,61.648,61.637,61.638,56000000,1
1298982240000,1298982299000,61.638,61.639,61.618,61.627,93000000,1
1298982300000,1298982359000,61.627,61.627,61.598,61.606,107000000,1
1298982360000,1298982419000,61.606,61.627,61.606,61.627,38000000,1
1298982420000,1298982479000,61.617,61.626,61.596,61.607,59000000,1
1298982480000,1298982539000,61.609,61.617,61.599,61.608,74000000,1
1298982540000,1298982599000,61.608,61.608,61.595,61.607,79000000,1
1298982600000,1298982659000,61.606,61.607,61.587,61.597,112000000,1
1298982660000,1298982719000,61.596,61.596,61.577,61.577,99000000,1
1298982720000,1298982779000,61.577,61.598,61.577,61.596,72000000,1
1298982780000,1298982839000,61.596,61.602,61.587,61.596,103000000,1
1298982840000,1298982899000,61.596,61.606,61.596,61.597,29000000,1
1298982900000,1298982959000,61.597,61.606,61.587,61.597,58000000,1
1298982960000,1298983019000,61.603,61.627,61.603,61.616,36000000,1
1298983020000,1298983079000,61.616,61.616,61.588,61.609,100000000,1
1298983080000,1298983139000,61.608,61.616,61.597,61.609,119000000,1
1298983140000,1298983199000,61.609,61.609,61.588,61.588,112000000,1
1298983200000,1298983259000,61.594,61.607,61.576,61.578,72000000,1
1298983260000,1298983319000,61.576,61.598,61.576,61.597,70000000,1
1298983320000,1298983379000,61.597,61.616,61.587,61.597,100000000,1
1298983380000,1298983439000,61.596,61.617,61.596,61.617,30000000,1
1298983440000,1298983499000,61.617,61.627,61.616,61.626,18000000,1
1298983500000,1298983559000,61.628,61.637,61.608,61.618,100000000,1
1298983560000,1298983619000,61.62,61.627,61.607,61.626,55000000,1
1298983620000,1298983679000,61.618,61.628,61.617,61.626,78000000,1
1298983680000,1298983739000,61.618,61.628,61.618,61.627,76000000,1
1298983740000,1298983799000,61.63,61.647,61.627,61.638,26000000,1
1298983800000,1298983859000,61.641,61.658,61.641,61.647,79000000,1
1298983860000,1298983919000,61.647,61.647,61.638,61.638,20000000,1
1298983920000,1298983979000,61.636,61.638,61.629,61.629,25000000,1
1298983980000,1298984039000,61.632,61.637,61.627,61.627,78000000,1
1298984040000,1298984099000,61.627,61.627,61.618,61.618,12000000,1
1298984100000,1298984159000,61.617,61.627,61.617,61.618,15000000,1
1298984160000,1298984219000,61.622,61.637,61.62,61.622,60000000,1
1298984220000,1298984279000,61.627,61.637,61.62,61.636,39000000,1
1298984280000,1298984339000,61.637,61.637,61.617,61.626,42000000,1
1298984340000,1298984399000,61.627,61.627,61.611,61.618,73000000,1
1298984400000,1298984459000,61.618,61.637,61.618,61.637,31000000,1
1298984460000,1298984519000,61.637,61.637,61.627,61.636,28000000,1
1298984520000,1298984579000,61.636,61.658,61.636,61.656,71000000,1
1298984580000,1298984639000,61.656,61.659,61.647,61.647,44000000,1
1298984640000,1298984699000,61.647,61.647,61.636,61.636,23000000,1
1298984700000,1298984759000,61.628,61.636,61.626,61.626,36000000,1
1298984760000,1298984819000,61.617,61.617,61.607,61.617,39000000,1
1298984820000,1298984879000,61.616,61.616,61.608,61.616,16000000,1
1298984880000,1298984939000,61.617,61.617,61.606,61.606,20000000,1
1298984940000,1298984999000,61.606,61.606,61.596,61.596,26000000,1
1298985000000,1298985059000,61.596,61.597,61.596,61.597,20000000,1
1298985060000,1298985119000,61.597,61.608,61.597,61.597,36000000,1
1298985120000,1298985179000,61.604,61.621,61.598,61.62,33000000,1
1298985180000,1298985239000,61.625,61.627,61.617,61.626,30000000,1
1298985240000,1298985299000,61.627,61.649,61.624,61.647,49000000,1
1298985300000,1298985359000,61.647,61.659,61.636,61.656,89000000,1
1298985360000,1298985419000,61.656,61.668,61.652,61.656,71000000,1
1298985420000,1298985479000,61.657,61.657,61.636,61.637,63000000,1
1298985480000,1298985539000,61.646,61.656,61.637,61.637,92000000,1
1298985540000,1298985599000,61.636,61.636,61.616,61.622,83000000,1
1298985600000,1298985659000,61.626,61.638,61.616,61.625,153000000,1
1298985660000,1298985719000,61.628,61.648,61.616,61.638,181000000,1
1298985720000,1298985779000,61.638,61.648,61.637,61.648,108000000,1
1298985780000,1298985839000,61.648,61.662,61.648,61.662,80000000,1
1298985840000,1298985899000,61.663,61.688,61.656,61.656,94000000,1
1298985900000,1298985959000,61.657,61.672,61.656,61.656,86000000,1
1298985960000,1298986019000,61.656,61.656,61.647,61.647,31000000,1
1298986020000,1298986079000,61.649,61.657,61.649,61.657,25000000,1
1298986080000,1298986139000,61.657,61.667,61.656,61.656,55000000,1
1298986140000,1298986199000,61.656,61.686,61.656,61.668,38000000,1
1298986200000,1298986259000,61.667,61.668,61.653,61.657,44000000,1
1298986260000,1298986319000,61.657,61.667,61.648,61.648,50000000,1
1298986320000,1298986379000,61.648,61.666,61.646,61.652,51000000,1
1298986380000,1298986439000,61.648,61.657,61.647,61.647,35000000,1
1298986440000,1298986499000,61.656,61.666,61.647,61.656,52000000,1
1298986500000,1298986559000,61.656,61.667,61.647,61.648,54000000,1
1298986560000,1298986619000,61.648,61.657,61.636,61.636,79000000,1
1298986620000,1298986679000,61.636,61.637,61.626,61.627,59000000,1
1298986680000,1298986739000,61.627,61.627,61.618,61.626,68000000,1
1298986740000,1298986799000,61.626,61.637,61.618,61.627,55000000,1
1298986800000,1298986859000,61.617,61.636,61.616,61.627,88000000,1
1298986860000,1298986919000,61.627,61.627,61.626,61.627,39000000,1
1298986920000,1298986979000,61.627,61.628,61.616,61.628,86000000,1
1298986980000,1298987039000,61.628,61.636,61.616,61.617,62000000,1
1298987040000,1298987099000,61.617,61.617,61.596,61.596,63000000,1
1298987100000,1298987159000,61.589,61.616,61.589,61.616,61000000,1
1298987160000,1298987219000,61.616,61.617,61.606,61.607,35000000,1
1298987220000,1298987279000,61.616,61.616,61.606,61.607,90000000,1
1298987280000,1298987339000,61.608,61.612,61.607,61.612,30000000,1
1298987340000,1298987399000,61.612,61.62,61.606,61.606,105000000,1
1298987400000,1298987459000,61.606,61.627,61.599,61.627,56000000,1
1298987460000,1298987519000,61.619,61.628,61.616,61.627,28000000,1
1298987520000,1298987579000,61.627,61.638,61.618,61.626,62000000,1
1298987580000,1298987639000,61.626,61.638,61.622,61.627,56000000,1
1298987640000,1298987699000,61.627,61.637,61.621,61.626,77000000,1
1298987700000,1298987759000,61.628,61.647,61.628,61.637,57000000,1
1298987760000,1298987819000,61.637,61.647,61.626,61.637,56000000,1
1298987820000,1298987879000,61.637,61.637,61.62,61.628,71000000,1
1298987880000,1298987939000,61.628,61.628,61.617,61.626,65000000,1
1298987940000,1298987999000,61.626,61.637,61.617,61.618,130000000,1
1298988000000,1298988059000,61.617,61.628,61.6,61.602,75000000,1
1298988060000,1298988119000,61.602,61.608,61.59,61.607,51000000,1
1298988120000,1298988179000,61.607,61.618,61.596,61.617,55000000,1
1298988180000,1298988239000,61.627,61.657,61.617,61.637,179000000,1
1298988240000,1298988299000,61.637,61.657,61.626,61.63,88000000,1
1298988300000,1298988359000,61.627,61.647,61.627,61.637,119000000,1
1298988360000,1298988419000,61.637,61.648,61.629,61.638,91000000,1
1298988420000,1298988479000,61.639,61.647,61.627,61.631,92000000,1
1298988480000,1298988539000,61.629,61.648,61.628,61.639,169000000,1
1298988540000,1298988599000,61.637,61.667,61.637,61.657,192000000,1
1298988600000,1298988659000,61.657,61.677,61.65,61.667,129000000,1
1298988660000,1298988719000,61.658,61.667,61.656,61.666,60000000,1
1298988720000,1298988779000,61.656,61.666,61.647,61.647,89000000,1
1298988780000,1298988839000,61.647,61.668,61.637,61.668,73000000,1
1298988840000,1298988899000,61.668,61.686,61.657,61.686,107000000,1
1298988900000,1298988959000,61.677,61.736,61.676,61.728,148000000,1
1298988960000,1298989019000,61.737,61.737,61.707,61.717,97000000,1
1298989020000,1298989079000,61.717,61.717,61.706,61.707,37000000,1
1298989080000,1298989139000,61.706,61.707,61.667,61.667,90000000,1
1298989140000,1298989199000,61.667,61.678,61.646,61.669,111000000,1
1298989200000,1298989259000,61.668,61.687,61.666,61.68,100000000,1
1298989260000,1298989319000,61.684,61.697,61.676,61.697,81000000,1
1298989320000,1298989379000,61.697,61.697,61.677,61.687,78000000,1
1298989380000,1298989439000,61.687,61.687,61.661,61.667,61000000,1
1298989440000,1298989499000,61.669,61.677,61.658,61.668,83000000,1
1298989500000,1298989559000,61.668,61.696,61.663,61.688,72000000,1
1298989560000,1298989619000,61.686,61.705,61.677,61.7,103000000,1
1298989620000,1298989679000,61.698,61.706,61.666,61.666,65000000,1
1298989680000,1298989739000,61.666,61.688,61.666,61.678,40000000,1
1298989740000,1298989799000,61.687,61.687,61.646,61.647,101000000,1
1298989800000,1298989859000,61.647,61.666,61.636,61.637,118000000,1
1298989860000,1298989919000,61.637,61.638,61.627,61.627,53000000,1
1298989920000,1298989979000,61.627,61.637,61.627,61.627,68000000,1
1298989980000,1298990039000,61.632,61.647,61.626,61.626,81000000,1
1298990040000,1298990099000,61.627,61.647,61.626,61.633,108000000,1
1298990100000,1298990159000,61.63,61.646,61.624,61.626,90000000,1
1298990160000,1298990219000,61.628,61.628,61.609,61.621,77000000,1
1298990220000,1298990279000,61.616,61.636,61.606,61.629,142000000,1
1298990280000,1298990339000,61.631,61.688,61.627,61.678,118000000,1
1298990340000,1298990399000,61.678,61.698,61.676,61.694,97000000,1
1298990400000,1298990459000,61.693,61.696,61.662,61.667,117000000,1
1298990460000,1298990519000,61.667,61.669,61.638,61.65,92000000,1
1298990520000,1298990579000,61.648,61.677,61.648,61.667,107000000,1
1298990580000,1298990639000,61.667,61.667,61.629,61.633,118000000,1
1298990640000,1298990699000,61.634,61.643,61.628,61.64,71000000,1
1298990700000,1298990759000,61.638,61.657,61.638,61.656,91000000,1
1298990760000,1298990819000,61.651,61.656,61.636,61.644,63000000,1
1298990820000,1298990879000,61.647,61.674,61.635,61.647,115000000,1
1298990880000,1298990939000,61.647,61.666,61.637,61.657,91000000,1
1298990940000,1298990999000,61.659,61.659,61.637,61.647,40000000,1
1298991000000,1298991059000,61.647,61.666,61.647,61.647,50000000,1
1298991060000,1298991119000,61.647,61.688,61.647,61.677,68000000,1
1298991120000,1298991179000,61.677,61.689,61.667,61.667,81000000,1
1298991180000,1298991239000,61.667,61.689,61.656,61.678,175000000,1
1298991240000,1298991299000,61.677,61.687,61.67,61.67,55000000,1
1298991300000,1298991359000,61.666,61.667,61.628,61.646,145000000,1
1298991360000,1298991419000,61.646,61.649,61.607,61.613,96000000,1
1298991420000,1298991479000,61.608,61.617,61.596,61.61,121000000,1
1298991480000,1298991539000,61.617,61.627,61.603,61.627,95000000,1
1298991540000,1298991599000,61.627,61.64,61.603,61.603,77000000,1
1298991600000,1298991659000,61.607,61.66,61.601,61.651,288000000,1
1298991660000,1298991719000,61.656,61.686,61.647,61.686,206000000,1
1298991720000,1298991779000,61.686,61.686,61.63,61.661,287000000,1
1298991780000,1298991839000,61.667,61.668,61.617,61.637,288000000,1
1298991840000,1298991899000,61.63,61.637,61.609,61.637,201000000,1
1298991900000,1298991959000,61.637,61.642,61.577,61.588,318000000,1
1298991960000,1298992019000,61.597,61.608,61.559,61.597,208000000,1
1298992020000,1298992079000,61.597,61.617,61.592,61.608,287000000,1
1298992080000,1298992139000,61.607,61.667,61.586,61.659,212000000,1
1298992140000,1298992199000,61.662,61.677,61.636,61.667,235000000,1
1298992200000,1298992259000,61.667,61.668,61.597,61.607,212000000,1
1298992260000,1298992319000,61.607,61.607,61.576,61.598,233000000,1
1298992320000,1298992379000,61.598,61.628,61.598,61.627,145000000,1
1298992380000,1298992439000,61.627,61.643,61.626,61.633,150000000,1
1298992440000,1298992499000,61.637,61.648,61.627,61.637,152000000,1
1298992500000,1298992559000,61.637,61.64,61.626,61.636,145000000,1
1298992560000,1298992619000,61.628,61.658,61.626,61.648,140000000,1
1298992620000,1298992679000,61.648,61.658,61.626,61.626,104000000,1
1298992680000,1298992739000,61.617,61.627,61.574,61.593,190000000,1
1298992740000,1298992799000,61.597,61.608,61.585,61.585,152000000,1
1298992800000,1298992859000,61.579,61.592,61.568,61.592,181000000,1
1298992860000,1298992919000,61.598,61.608,61.579,61.607,185000000,1
1298992920000,1298992979000,61.607,61.617,61.596,61.596,73000000,1
1298992980000,1298993039000,61.591,61.596,61.577,61.586,76000000,1
1298993040000,1298993099000,61.586,61.597,61.567,61.597,128000000,1
1298993100000,1298993159000,61.597,61.597,61.576,61.577,69000000,1
1298993160000,1298993219000,61.576,61.597,61.576,61.588,106000000,1
1298993220000,1298993279000,61.596,61.596,61.577,61.577,157000000,1
1298993280000,1298993339000,61.577,61.577,61.558,61.567,104000000,1
1298993340000,1298993399000,61.566,61.577,61.557,61.567,104000000,1
1298993400000,1298993459000,61.567,61.567,61.546,61.547,142000000,1
1298993460000,1298993519000,61.546,61.556,61.507,61.527,203000000,1
1298993520000,1298993579000,61.528,61.547,61.527,61.538,113000000,1
1298993580000,1298993639000,61.538,61.567,61.538,61.567,65000000,1
1298993640000,1298993699000,61.577,61.587,61.566,61.567,171000000,1
1298993700000,1298993759000,61.567,61.577,61.56,61.577,61000000,1
1298993760000,1298993819000,61.577,61.577,61.556,61.556,79000000,1
1298993820000,1298993879000,61.556,61.557,61.537,61.541,104000000,1
1298993880000,1298993939000,61.546,61.547,61.529,61.537,126000000,1
1298993940000,1298993999000,61.537,61.547,61.522,61.527,127000000,1
1298994000000,1298994059000,61.527,61.578,61.527,61.567,176000000,1
1298994060000,1298994119000,61.566,61.598,61.557,61.597,196000000,1
1298994120000,1298994179000,61.597,61.597,61.575,61.587,132000000,1
1298994180000,1298994239000,61.587,61.587,61.556,61.567,110000000,1
1298994240000,1298994299000,61.567,61.567,61.54,61.549,54000000,1
1298994300000,1298994359000,61.549,61.604,61.549,61.597,155000000,1
1298994360000,1298994419000,61.597,61.616,61.597,61.608,79000000,1
1298994420000,1298994479000,61.607,61.626,61.606,61.617,60000000,1
1298994480000,1298994539000,61.62,61.626,61.608,61.617,82000000,1
1298994540000,1298994599000,61.617,61.617,61.596,61.597,64000000,1
1298994600000,1298994659000,61.597,61.608,61.596,61.598,150000000,1
1298994660000,1298994719000,61.598,61.629,61.598,61.616,131000000,1
1298994720000,1298994779000,61.617,61.626,61.589,61.597,157000000,1
1298994780000,1298994839000,61.598,61.607,61.577,61.577,70000000,1
1298994840000,1298994899000,61.577,61.612,61.577,61.606,170000000,1
1298994900000,1298994959000,61.606,61.627,61.606,61.616,122000000,1
1298994960000,1298995019000,61.608,61.637,61.595,61.636,165000000,1
1298995020000,1298995079000,61.636,61.638,61.609,61.618,116000000,1
1298995080000,1298995139000,61.617,61.618,61.598,61.606,168000000,1
1298995140000,1298995199000,61.606,61.636,61.584,61.597,253000000,1
1298995200000,1298995259000,61.597,61.617,61.589,61.607,210000000,1
1298995260000,1298995319000,61.606,61.657,61.606,61.638,173000000,1
1298995320000,1298995379000,61.637,61.638,61.618,61.621,152000000,1
1298995380000,1298995439000,61.627,61.628,61.606,61.617,96000000,1
1298995440000,1298995499000,61.617,61.656,61.617,61.647,86000000,1
1298995500000,1298995559000,61.647,61.657,61.636,61.637,105000000,1
1298995560000,1298995619000,61.636,61.679,61.628,61.667,208000000,1
1298995620000,1298995679000,61.667,61.679,61.65,61.661,98000000,1
1298995680000,1298995739000,61.658,61.667,61.65,61.657,188000000,1
1298995740000,1298995799000,61.659,61.666,61.648,61.648,105000000,1
1298995800000,1298995859000,61.648,61.676,61.646,61.669,104000000,1
1298995860000,1298995919000,61.676,61.682,61.656,61.666,90000000,1
1298995920000,1298995979000,61.666,61.677,61.647,61.666,161000000,1
1298995980000,1298996039000,61.666,61.668,61.636,61.648,127000000,1
1298996040000,1298996099000,61.646,61.646,61.628,61.637,71000000,1
1298996100000,1298996159000,61.637,61.648,61.637,61.647,52000000,1
1298996160000,1298996219000,61.647,61.676,61.647,61.676,50000000,1
1298996220000,1298996279000,61.677,61.677,61.659,61.666,90000000,1
1298996280000,1298996339000,61.66,61.667,61.631,61.648,83000000,1
1298996340000,1298996399000,61.649,61.657,61.637,61.648,81000000,1
1298996400000,1298996459000,61.648,61.657,61.647,61.657,60000000,1
1298996460000,1298996519000,61.657,61.667,61.646,61.657,46000000,1
1298996520000,1298996579000,61.657,61.657,61.648,61.648,30000000,1
1298996580000,1298996639000,61.646,61.646,61.637,61.637,44000000,1
1298996640000,1298996699000,61.637,61.638,61.617,61.617,49000000,1
1298996700000,1298996759000,61.617,61.628,61.598,61.606,43000000,1
1298996760000,1298996819000,61.606,61.607,61.596,61.596,42000000,1
1298996820000,1298996879000,61.596,61.596,61.572,61.577,71000000,1
1298996880000,1298996939000,61.573,61.587,61.558,61.567,130000000,1
1298996940000,1298996999000,61.567,61.567,61.536,61.547,83000000,1
1298997000000,1298997059000,61.547,61.558,61.531,61.556,108000000,1
1298997060000,1298997119000,61.557,61.576,61.546,61.557,97000000,1
1298997120000,1298997179000,61.556,61.581,61.556,61.569,112000000,1
1298997180000,1298997239000,61.577,61.577,61.557,61.567,74000000,1
1298997240000,1298997299000,61.567,61.567,61.546,61.566,94000000,1
1298997300000,1298997359000,61.566,61.57,61.52,61.526,159000000,1
1298997360000,1298997419000,61.527,61.538,61.527,61.537,50000000,1
1298997420000,1298997479000,61.537,61.556,61.529,61.53,71000000,1
1298997480000,1298997539000,61.537,61.537,61.506,61.517,110000000,1
1298997540000,1298997599000,61.526,61.526,61.506,61.526,61000000,1
1298997600000,1298997659000,61.526,61.527,61.504,61.517,101000000,1
1298997660000,1298997719000,61.517,61.527,61.507,61.509,71000000,1
1298997720000,1298997779000,61.512,61.527,61.506,61.527,79000000,1
1298997780000,1298997839000,61.527,61.537,61.527,61.537,49000000,1
1298997840000,1298997899000,61.537,61.547,61.526,61.547,80000000,1
1298997900000,1298997959000,61.547,61.557,61.527,61.556,58000000,1
1298997960000,1298998019000,61.556,61.557,61.537,61.537,59000000,1
1298998020000,1298998079000,61.537,61.538,61.521,61.527,49000000,1
1298998080000,1298998139000,61.526,61.528,61.506,61.516,68000000,1
1298998140000,1298998199000,61.516,61.517,61.486,61.487,65000000,1
1298998200000,1298998259000,61.487,61.496,61.446,61.467,108000000,1
1298998260000,1298998319000,61.466,61.486,61.466,61.486,45000000,1
1298998320000,1298998379000,61.487,61.496,61.466,61.467,81000000,1
1298998380000,1298998439000,61.467,61.467,61.446,61.456,63000000,1
1298998440000,1298998499000,61.456,61.467,61.437,61.446,145000000,1
1298998500000,1298998559000,61.446,61.457,61.428,61.436,159000000,1
1298998560000,1298998619000,61.438,61.446,61.407,61.426,134000000,1
1298998620000,1298998679000,61.426,61.436,61.418,61.427,49000000,1
1298998680000,1298998739000,61.437,61.437,61.406,61.436,68000000,1
1298998740000,1298998799000,61.436,61.446,61.426,61.446,59000000,1
1298998800000,1298998859000,61.447,61.456,61.417,61.417,113000000,1
1298998860000,1298998919000,61.417,61.427,61.396,61.396,127000000,1
1298998920000,1298998979000,61.397,61.407,61.388,61.406,78000000,1
1298998980000,1298999039000,61.406,61.437,61.406,61.427,98000000,1
1298999040000,1298999099000,61.427,61.427,61.386,61.397,96000000,1
1298999100000,1298999159000,61.398,61.418,61.397,61.407,65000000,1
1298999160000,1298999219000,61.397,61.427,61.388,61.426,141000000,1
1298999220000,1298999279000,61.426,61.447,61.426,61.438,68000000,1
1298999280000,1298999339000,61.438,61.447,61.436,61.447,64000000,1
1298999340000,1298999399000,61.447,61.458,61.417,61.427,118000000,1
1298999400000,1298999459000,61.427,61.448,61.427,61.446,116000000,1
1298999460000,1298999519000,61.438,61.438,61.418,61.428,145000000,1
1298999520000,1298999579000,61.428,61.438,61.427,61.437,131000000,1
1298999580000,1298999639000,61.437,61.447,61.416,61.437,146000000,1
1298999640000,1298999699000,61.438,61.438,61.405,61.409,94000000,1
1298999700000,1298999759000,61.409,61.416,61.396,61.407,156000000,1
1298999760000,1298999819000,61.407,61.407,61.354,61.376,137000000,1
1298999820000,1298999879000,61.376,61.382,61.36,61.377,191000000,1
1298999880000,1298999939000,61.387,61.407,61.376,61.407,167000000,1
1298999940000,1298999999000,61.408,61.416,61.396,61.397,129000000,1
1299000000000,1299000059000,61.397,61.407,61.396,61.397,77000000,1
1299000060000,1299000119000,61.397,61.398,61.376,61.398,65000000,1
1299000120000,1299000179000,61.396,61.398,61.386,61.398,68000000,1
1299000180000,1299000239000,61.396,61.398,61.386,61.387,74000000,1
1299000240000,1299000299000,61.386,61.397,61.386,61.397,37000000,1
1299000300000,1299000359000,61.397,61.397,61.367,61.377,72000000,1
1299000360000,1299000419000,61.377,61.377,61.337,61.356,137000000,1
1299000420000,1299000479000,61.356,61.356,61.326,61.336,111000000,1
1299000480000,1299000539000,61.336,61.347,61.318,61.337,247000000,1
1299000540000,1299000599000,61.337,61.357,61.328,61.356,140000000,1
1299000600000,1299000659000,61.356,61.357,61.338,61.357,88000000,1
1299000660000,1299000719000,61.357,61.377,61.356,61.376,88000000,1
1299000720000,1299000779000,61.377,61.378,61.376,61.377,26000000,1
1299000780000,1299000839000,61.377,61.378,61.366,61.377,84000000,1
1299000840000,1299000899000,61.376,61.397,61.376,61.376,57000000,1
1299000900000,1299000959000,61.376,61.386,61.372,61.386,19000000,1
1299000960000,1299001019000,61.386,61.387,61.386,61.387,25000000,1
1299001020000,1299001079000,61.387,61.397,61.386,61.387,49000000,1
1299001080000,1299001139000,61.377,61.377,61.346,61.356,137000000,1
1299001140000,1299001199000,61.356,61.356,61.337,61.347,62000000,1
1299001200000,1299001259000,61.347,61.377,61.347,61.356,145000000,1
1299001260000,1299001319000,61.356,61.377,61.356,61.377,81000000,1
1299001320000,1299001379000,61.377,61.387,61.366,61.387,57000000,1
1299001380000,1299001439000,61.386,61.387,61.367,61.377,52000000,1
1299001440000,1299001499000,61.377,61.387,61.376,61.387,40000000,1
1299001500000,1299001559000,61.376,61.386,61.366,61.367,22000000,1
1299001560000,1299001619000,61.377,61.377,61.367,61.377,15000000,1
1299001620000,1299001679000,61.377,61.377,61.366,61.377,46000000,1
1299001680000,1299001739000,61.377,61.386,61.367,61.376,34000000,1
1299001740000,1299001799000,61.376,61.377,61.366,61.367,29000000,1
1299001800000,1299001859000,61.366,61.387,61.366,61.387,35000000,1
1299001860000,1299001919000,61.386,61.387,61.379,61.386,10000000,1
1299001920000,1299001979000,61.387,61.387,61.376,61.387,23000000,1
1299001980000,1299002039000,61.387,61.387,61.376,61.376,39000000,1
1299002040000,1299002099000,61.376,61.377,61.366,61.377,40000000,1
1299002100000,1299002159000,61.377,61.377,61.366,61.377,61000000,1
1299002160000,1299002219000,61.376,61.387,61.376,61.387,35000000,1
1299002220000,1299002279000,61.386,61.387,61.386,61.386,13000000,1
1299002280000,1299002339000,61.387,61.387,61.378,61.386,24000000,1
1299002340000,1299002399000,61.386,61.387,61.377,61.377,35000000,1
1299002400000,1299002459000,61.377,61.387,61.376,61.386,65000000,1
1299002460000,1299002519000,61.389,61.389,61.386,61.387,13000000,1
1299002520000,1299002579000,61.387,61.389,61.376,61.387,31000000,1
1299002580000,1299002639000,61.376,61.377,61.376,61.377,20000000,1
1299002640000,1299002699000,61.377,61.377,61.366,61.366,35000000,1
1299002700000,1299002759000,61.366,61.377,61.366,61.377,15000000,1
1299002760000,1299002819000,61.376,61.397,61.376,61.397,35000000,1
1299002820000,1299002879000,61.387,61.397,61.386,61.386,18000000,1
1299002880000,1299002939000,61.387,61.406,61.387,61.397,31000000,1
1299002940000,1299002999000,61.397,61.407,61.397,61.397,40000000,1
1299003000000,1299003059000,61.403,61.417,61.397,61.417,38000000,1
1299003060000,1299003119000,61.416,61.437,61.416,61.437,22000000,1
1299003120000,1299003179000,61.436,61.438,61.429,61.429,25000000,1
1299003180000,1299003239000,61.436,61.437,61.428,61.437,10000000,1
1299003240000,1299003299000,61.436,61.441,61.433,61.438,27000000,1
1299003300000,1299003359000,61.436,61.437,61.406,61.417,81000000,1
1299003360000,1299003419000,61.417,61.417,61.407,61.417,45000000,1
1299003420000,1299003479000,61.409,61.417,61.406,61.417,30000000,1
1299003480000,1299003539000,61.417,61.417,61.406,61.407,16000000,1
1299003540000,1299003599000,61.406,61.407,61.398,61.407,15000000,1
1299003600000,1299003659000,61.407,61.407,61.386,61.388,48000000,1
1299003660000,1299003719000,61.39,61.397,61.373,61.389,126000000,1
1299003720000,1299003779000,61.386,61.396,61.379,61.387,39000000,1
1299003780000,1299003839000,61.387,61.407,61.382,61.389,52000000,1
1299003840000,1299003899000,61.397,61.416,61.389,61.407,72000000,1
1299003900000,1299003959000,61.396,61.407,61.38,61.386,38000000,1
1299003960000,1299004019000,61.386,61.386,61.336,61.336,95000000,1
1299004020000,1299004079000,61.336,61.338,61.326,61.336,106000000,1
1299004080000,1299004139000,61.336,61.347,61.336,61.337,34000000,1
1299004140000,1299004199000,61.347,61.347,61.336,61.347,38000000,1
1299004200000,1299004259000,61.347,61.366,61.346,61.357,40000000,1
1299004260000,1299004319000,61.356,61.377,61.356,61.366,29000000,1
1299004320000,1299004379000,61.366,61.386,61.356,61.377,56000000,1
1299004380000,1299004439000,61.376,61.376,61.366,61.367,18000000,1
1299004440000,1299004499000,61.367,61.387,61.367,61.376,18000000,1
1299004500000,1299004559000,61.378,61.407,61.378,61.407,25000000,1
1299004560000,1299004619000,61.407,61.407,61.397,61.407,13000000,1
1299004620000,1299004679000,61.406,61.407,61.397,61.397,14000000,1
1299004680000,1299004739000,61.397,61.407,61.391,61.407,27000000,1
1299004740000,1299004799000,61.406,61.406,61.396,61.406,16000000,1
1299004800000,1299004859000,61.406,61.407,61.399,61.407,12000000,1
1299004860000,1299004919000,61.407,61.417,61.407,61.417,16000000,1
1299004920000,1299004979000,61.416,61.416,61.396,61.397,24000000,1
1299004980000,1299005039000,61.387,61.397,61.376,61.376,26000000,1
1299005040000,1299005099000,61.376,61.376,61.357,61.358,61000000,1
1299005100000,1299005159000,61.367,61.369,61.357,61.369,38000000,1
1299005160000,1299005219000,61.369,61.397,61.369,61.397,21000000,1
1299005220000,1299005279000,61.396,61.397,61.389,61.397,15000000,1
1299005280000,1299005339000,61.398,61.407,61.387,61.406,55000000,1
1299005340000,1299005399000,61.407,61.407,61.397,61.397,9000000,1
1299005400000,1299005459000,61.396,61.397,61.386,61.387,46000000,1
1299005460000,1299005519000,61.387,61.406,61.387,61.406,17000000,1
1299005520000,1299005579000,61.4,61.407,61.397,61.397,10000000,1
1299005580000,1299005639000,61.396,61.407,61.386,61.386,48000000,1
1299005640000,1299005699000,61.387,61.408,61.374,61.407,91000000,1
1299005700000,1299005759000,61.416,61.419,61.416,61.419,27000000,1
1299005760000,1299005819000,61.418,61.454,61.416,61.447,67000000,1
1299005820000,1299005879000,61.447,61.458,61.446,61.456,49000000,1
1299005880000,1299005939000,61.457,61.457,61.427,61.428,59000000,1
1299005940000,1299005999000,61.427,61.427,61.407,61.407,26000000,1
1299006000000,1299006059000,61.407,61.416,61.387,61.387,39000000,1
1299006060000,1299006119000,61.388,61.397,61.387,61.396,19000000,1
1299006120000,1299006179000,61.396,61.397,61.386,61.387,47000000,1
1299006180000,1299006239000,61.386,61.397,61.366,61.367,57000000,1
1299006240000,1299006299000,61.367,61.367,61.356,61.356,86000000,1
1299006300000,1299006359000,61.356,61.367,61.356,61.36,43000000,1
1299006360000,1299006419000,61.359,61.359,61.326,61.327,80000000,1
1299006420000,1299006479000,61.326,61.332,61.317,61.328,87000000,1
1299006480000,1299006539000,61.328,61.348,61.326,61.348,127000000,1
1299006540000,1299006599000,61.357,61.357,61.336,61.336,27000000,1
1299006600000,1299006659000,61.338,61.347,61.326,61.337,79000000,1
1299006660000,1299006719000,61.336,61.367,61.334,61.345,71000000,1
1299006720000,1299006779000,61.338,61.349,61.336,61.346,50000000,1
1299006780000,1299006839000,61.347,61.347,61.316,61.317,97000000,1
1299006840000,1299006899000,61.313,61.316,61.302,61.306,39000000,1
1299006900000,1299006959000,61.306,61.317,61.306,61.317,60000000,1
1299006960000,1299007019000,61.317,61.327,61.316,61.316,45000000,1
1299007020000,1299007079000,61.316,61.327,61.316,61.326,20000000,1
1299007080000,1299007139000,61.327,61.338,61.327,61.337,37000000,1
1299007140000,1299007199000,61.336,61.347,61.336,61.346,36000000,1
1299007200000,1299007259000,61.347,61.356,61.346,61.356,19000000,1
1299007260000,1299007319000,61.347,61.347,61.336,61.347,32000000,1
1299007320000,1299007379000,61.347,61.347,61.346,61.346,27000000,1
1299007380000,1299007439000,61.346,61.357,61.346,61.357,13000000,1
1299007440000,1299007499000,61.357,61.357,61.336,61.336,44000000,1
1299007500000,1299007559000,61.336,61.337,61.326,61.337,78000000,1
1299007560000,1299007619000,61.337,61.346,61.318,61.327,53000000,1
1299007620000,1299007679000,61.327,61.327,61.28,61.287,71000000,1
1299007680000,1299007739000,61.287,61.297,61.276,61.287,44000000,1
1299007740000,1299007799000,61.287,61.287,61.277,61.287,28000000,1
1299007800000,1299007859000,61.287,61.309,61.277,61.306,52000000,1
1299007860000,1299007919000,61.306,61.308,61.306,61.307,99000000,1
1299007920000,1299007979000,61.307,61.317,61.306,61.307,46000000,1
1299007980000,1299008039000,61.307,61.317,61.306,61.317,88000000,1
1299008040000,1299008099000,61.317,61.317,61.296,61.296,49000000,1
1299008100000,1299008159000,61.296,61.296,61.276,61.287,86000000,1
1299008160000,1299008219000,61.287,61.287,61.277,61.287,95000000,1
1299008220000,1299008279000,61.287,61.287,61.287,61.287,102000000,1
1299008280000,1299008339000,61.287,61.288,61.277,61.287,78000000,1
1299008340000,1299008399000,61.287,61.297,61.285,61.296,62000000,1
1299008400000,1299008459000,61.297,61.319,61.288,61.316,109000000,1
1299008460000,1299008519000,61.316,61.338,61.307,61.308,119000000,1
1299008520000,1299008579000,61.316,61.326,61.287,61.317,173000000,1
1299008580000,1299008639000,61.317,61.327,61.308,61.327,42000000,1
1299008640000,1299008699000,61.324,61.327,61.306,61.316,104000000,1
1299008700000,1299008759000,61.316,61.337,61.31,61.317,121000000,1
1299008760000,1299008819000,61.32,61.327,61.316,61.327,82000000,1
1299008820000,1299008879000,61.318,61.329,61.307,61.314,132000000,1
1299008880000,1299008939000,61.316,61.317,61.312,61.317,43000000,1
1299008940000,1299008999000,61.317,61.317,61.306,61.307,84000000,1
1299009000000,1299009059000,61.307,61.317,61.306,61.316,69000000,1
1299009060000,1299009119000,61.316,61.327,61.306,61.326,107000000,1
1299009120000,1299009179000,61.317,61.337,61.317,61.336,75000000,1
1299009180000,1299009239000,61.336,61.337,61.316,61.316,21000000,1
1299009240000,1299009299000,61.316,61.317,61.298,61.316,62000000,1
1299009300000,1299009359000,61.316,61.317,61.296,61.316,89000000,1
1299009360000,1299009419000,61.316,61.317,61.306,61.306,49000000,1
1299009420000,1299009479000,61.306,61.327,61.296,61.327,65000000,1
1299009480000,1299009539000,61.329,61.337,61.266,61.289,198000000,1
1299009540000,1299009599000,61.287,61.288,61.266,61.266,89000000,1
1299009600000,1299009659000,61.276,61.277,61.267,61.276,21000000,1
1299009660000,1299009719000,61.277,61.296,61.27,61.286,31000000,1
1299009720000,1299009779000,61.286,61.297,61.286,61.296,24000000,1
1299009780000,1299009839000,61.296,61.297,61.286,61.286,21000000,1
1299009840000,1299009899000,61.287,61.287,61.276,61.276,27000000,1
1299009900000,1299009959000,61.276,61.287,61.267,61.267,29000000,1
1299009960000,1299010019000,61.266,61.277,61.256,61.267,47000000,1
1299010020000,1299010079000,61.267,61.277,61.266,61.266,11000000,1
1299010080000,1299010139000,61.266,61.277,61.266,61.267,30000000,1
1299010140000,1299010199000,61.266,61.27,61.256,61.267,56000000,1
1299010200000,1299010259000,61.268,61.277,61.253,61.257,61000000,1
1299010260000,1299010319000,61.259,61.259,61.236,61.246,60000000,1
1299010320000,1299010379000,61.246,61.267,61.241,61.267,35000000,1
1299010380000,1299010439000,61.267,61.27,61.247,61.27,64000000,1
1299010440000,1299010499000,61.271,61.287,61.258,61.258,49000000,1
1299010500000,1299010559000,61.267,61.267,61.266,61.267,8000000,1
1299010560000,1299010619000,61.266,61.266,61.266,61.266,3000000,1
1299010620000,1299010679000,61.266,61.277,61.266,61.276,70000000,1
1299010680000,1299010739000,61.277,61.277,61.253,61.256,30000000,1
1299010740000,1299010799000,61.256,61.297,61.256,61.297,41000000,1
1299010800000,1299010859000,61.296,61.307,61.296,61.307,12000000,1
1299010860000,1299010919000,61.307,61.307,61.296,61.296,16000000,1
1299010920000,1299010979000,61.297,61.297,61.296,61.297,10000000,1
1299010980000,1299011039000,61.296,61.297,61.279,61.297,22000000,1
1299011040000,1299011099000,61.297,61.297,61.286,61.296,28000000,1
1299011100000,1299011159000,61.297,61.297,61.287,61.287,9000000,1
1299011160000,1299011219000,61.287,61.296,61.286,61.286,13000000,1
1299011220000,1299011279000,61.287,61.287,61.276,61.276,9000000,1
1299011280000,1299011339000,61.277,61.28,61.256,61.266,75000000,1
1299011340000,1299011399000,61.267,61.281,61.257,61.266,33000000,1
1299011400000,1299011459000,61.266,61.287,61.266,61.287,37000000,1
1299011460000,1299011519000,61.286,61.297,61.286,61.296,36000000,1
1299011520000,1299011579000,61.287,61.296,61.286,61.286,26000000,1
1299011580000,1299011639000,61.287,61.287,61.286,61.286,5000000,1
1299011640000,1299011699000,61.287,61.297,61.276,61.276,34000000,1
1299011700000,1299011759000,61.277,61.288,61.276,61.288,18000000,1
1299011760000,1299011819000,61.287,61.297,61.287,61.296,16000000,1
1299011820000,1299011879000,61.297,61.297,61.276,61.276,27000000,1
1299011880000,1299011939000,61.276,61.287,61.276,61.286,20000000,1
1299011940000,1299011999000,61.286,61.286,61.257,61.276,65000000,1
1299012000000,1299012059000,61.277,61.297,61.276,61.277,45000000,1
1299012060000,1299012119000,61.286,61.287,61.276,61.276,47000000,1
1299012120000,1299012179000,61.276,61.297,61.276,61.296,41000000,1
1299012180000,1299012239000,61.296,61.297,61.286,61.287,49000000,1
1299012240000,1299012299000,61.286,61.287,61.286,61.287,4000000,1
1299012300000,1299012359000,61.287,61.287,61.277,61.277,33000000,1
1299012360000,1299012419000,61.276,61.287,61.276,61.287,28000000,1
1299012420000,1299012479000,61.276,61.278,61.257,61.267,104000000,1
1299012480000,1299012539000,61.267,61.277,61.266,61.266,45000000,1
1299012540000,1299012599000,61.266,61.277,61.266,61.277,41000000,1
1299012600000,1299012659000,61.276,61.287,61.276,61.287,22000000,1
1299012660000,1299012719000,61.286,61.297,61.286,61.297,9000000,1
1299012720000,1299012779000,61.296,61.297,61.296,61.297,17000000,1
1299012780000,1299012839000,61.296,61.297,61.287,61.296,18000000,1
1299012840000,1299012899000,61.296,61.297,61.276,61.287,41000000,1
1299012900000,1299012959000,61.287,61.297,61.286,61.297,64000000,1
1299012960000,1299013019000,61.297,61.298,61.291,61.297,43000000,1
1299013020000,1299013079000,61.296,61.297,61.287,61.296,18000000,1
1299013080000,1299013139000,61.297,61.297,61.277,61.286,50000000,1
1299013140000,1299013199000,61.286,61.286,61.266,61.266,31000000,1
1299013200000,1299013259000,61.267,61.267,61.226,61.236,61000000,1
1299013260000,1299013319000,61.236,61.246,61.226,61.226,85000000,1
1299013320000,1299013379000,61.226,61.236,61.216,61.227,92000000,1
1299013380000,1299013439000,61.227,61.227,61.216,61.227,46000000,1
1299013440000,1299013499000,61.227,61.251,61.227,61.247,57000000,1
1299013500000,1299013559000,61.236,61.237,61.226,61.226,17000000,1
1299013560000,1299013619000,61.236,61.236,61.226,61.226,9000000,1
1299013620000,1299013679000,61.226,61.227,61.217,61.217,46000000,1
1299013680000,1299013739000,61.217,61.241,61.217,61.239,47000000,1
1299013740000,1299013799000,61.239,61.247,61.237,61.246,29000000,1
1299013800000,1299013859000,61.247,61.247,61.226,61.226,27000000,1
1299013860000,1299013919000,61.226,61.238,61.226,61.237,70000000,1
1299013920000,1299013979000,61.237,61.247,61.236,61.246,27000000,1
1299013980000,1299014039000,61.247,61.247,61.246,61.246,17000000,1
1299014040000,1299014099000,61.246,61.247,61.237,61.246,36000000,1
1299014100000,1299014159000,61.246,61.246,61.226,61.227,27000000,1
1299014160000,1299014219000,61.226,61.227,61.226,61.227,28000000,1
1299014220000,1299014279000,61.227,61.227,61.219,61.227,10000000,1
1299014280000,1299014339000,61.227,61.227,61.226,61.226,20000000,1
1299014340000,1299014399000,61.226,61.228,61.226,61.226,17000000,1
1299014400000,1299014459000,61.226,61.237,61.226,61.227,10000000,1
1299014460000,1299014519000,61.226,61.227,61.216,61.217,11000000,1
1299014520000,1299014579000,61.216,61.228,61.216,61.226,21000000,1
1299014580000,1299014639000,61.226,61.227,61.206,61.216,64000000,1
1299014640000,1299014699000,61.216,61.217,61.209,61.216,20000000,1
1299014700000,1299014759000,61.21,61.237,61.207,61.236,58000000,1
1299014760000,1299014819000,61.237,61.246,61.236,61.246,25000000,1
1299014820000,1299014879000,61.246,61.246,61.236,61.236,18000000,1
1299014880000,1299014939000,61.237,61.247,61.236,61.247,38000000,1
1299014940000,1299014999000,61.247,61.247,61.237,61.247,25000000,1
1299015000000,1299015059000,61.247,61.247,61.226,61.238,71000000,1
1299015060000,1299015119000,61.246,61.247,61.236,61.247,48000000,1
1299015120000,1299015179000,61.247,61.276,61.237,61.246,97000000,1
1299015180000,1299015239000,61.246,61.247,61.236,61.236,42000000,1
1299015240000,1299015299000,61.237,61.247,61.237,61.247,26000000,1
1299015300000,1299015359000,61.236,61.257,61.236,61.246,64000000,1
1299015360000,1299015419000,61.246,61.247,61.246,61.247,11000000,1
1299015420000,1299015479000,61.247,61.247,61.226,61.227,27000000,1
1299015480000,1299015539000,61.227,61.237,61.226,61.227,39000000,1
1299015540000,1299015599000,61.227,61.227,61.217,61.227,33000000,1
1299015600000,1299015659000,61.227,61.227,61.207,61.217,23000000,1
1299015660000,1299015719000,61.217,61.226,61.206,61.206,57000000,1
1299015720000,1299015779000,61.2,61.217,61.196,61.216,40000000,1
1299015780000,1299015839000,61.216,61.217,61.206,61.207,22000000,1
1299015840000,1299015899000,61.207,61.207,61.196,61.207,75000000,1
1299015900000,1299015959000,61.207,61.207,61.196,61.206,36000000,1
1299015960000,1299016019000,61.206,61.206,61.196,61.206,18000000,1
1299016020000,1299016079000,61.207,61.226,61.206,61.226,32000000,1
1299016080000,1299016139000,61.227,61.227,61.178,61.187,42000000,1
1299016140000,1299016199000,61.178,61.187,61.167,61.177,48000000,1
1299016200000,1299016259000,61.186,61.187,61.186,61.187,17000000,1
1299016260000,1299016319000,61.187,61.187,61.176,61.177,31000000,1
1299016320000,1299016379000,61.177,61.186,61.177,61.186,29000000,1
1299016380000,1299016439000,61.187,61.187,61.177,61.177,24000000,1
1299016440000,1299016499000,61.177,61.178,61.167,61.178,52000000,1
1299016500000,1299016559000,61.178,61.188,61.153,61.158,171000000,1
1299016560000,1299016619000,61.158,61.167,61.158,61.167,25000000,1
1299016620000,1299016679000,61.166,61.167,61.153,61.153,61000000,1
1299016680000,1299016739000,61.153,61.154,61.116,61.136,124000000,1
1299016740000,1299016799000,61.147,61.158,61.146,61.158,23000000,1
1299016800000,1299016859000,61.157,61.157,61.045,61.095,112000000,1
1299016860000,1299016919000,61.095,61.112,61.071,61.109,92000000,1
1299016920000,1299016979000,61.108,61.128,61.103,61.107,63000000,1
1299016980000,1299017039000,61.107,61.107,61.067,61.077,78000000,1
1299017040000,1299017099000,61.077,61.097,61.028,61.088,83000000,1
1299017100000,1299017159000,61.098,61.098,61.087,61.087,97000000,1
1299017160000,1299017219000,61.087,61.108,61.087,61.098,59000000,1
1299017220000,1299017279000,61.098,61.118,61.098,61.117,86000000,1
1299017280000,1299017339000,61.117,61.128,61.108,61.118,109000000,1
1299017340000,1299017399000,61.118,61.147,61.118,61.127,131000000,1
1299017400000,1299017459000,61.127,61.127,61.108,61.108,56000000,1
1299017460000,1299017519000,61.118,61.128,61.098,61.128,158000000,1
1299017520000,1299017579000,61.128,61.128,61.117,61.128,183000000,1
1299017580000,1299017639000,61.128,61.158,61.127,61.148,56000000,1
1299017640000,1299017699000,61.148,61.178,61.139,61.148,143000000,1
1299017700000,1299017759000,61.148,61.157,61.12,61.136,59000000,1
1299017760000,1299017819000,61.136,61.136,61.126,61.136,17000000,1
1299017820000,1299017879000,61.137,61.147,61.136,61.146,23000000,1
1299017880000,1299017939000,61.156,61.156,61.136,61.147,12000000,1
1299017940000,1299017999000,61.146,61.157,61.146,61.147,11000000,1
1299018000000,1299018059000,61.146,61.147,61.146,61.147,4000000,1
1299018060000,1299018119000,61.146,61.167,61.146,61.156,27000000,1
1299018120000,1299018179000,61.157,61.167,61.156,61.156,25000000,1
1299018180000,1299018239000,61.157,61.166,61.156,61.156,13000000,1
1299018240000,1299018299000,61.156,61.157,61.146,61.157,10000000,1
1299018300000,1299018359000,61.157,61.157,61.147,61.156,13000000,1
1299018360000,1299018419000,61.157,61.157,61.147,61.157,15000000,1
1299018420000,1299018479000,61.157,61.157,61.156,61.157,11000000,1
1299018480000,1299018539000,61.157,61.157,61.147,61.156,26000000,1
1299018540000,1299018599000,61.156,61.156,61.156,61.156,3000000,1
1299018600000,1299018659000,61.156,61.156,61.156,61.156,2000000,1
1299018660000,1299018719000,61.157,61.157,61.146,61.146,7000000,1
1299018720000,1299018779000,61.147,61.147,61.146,61.147,6000000,1
1299018780000,1299018839000,61.146,61.146,61.136,61.137,18000000,1
1299018840000,1299018899000,61.136,61.136,61.136,61.136,4000000,1
1299018900000,1299018959000,61.136,61.147,61.136,61.146,16000000,1
1299018960000,1299019019000,61.147,61.167,61.146,61.157,31000000,1
1299019020000,1299019079000,61.157,61.157,61.138,61.156,20000000,1
1299019080000,1299019139000,61.156,61.157,61.146,61.156,28000000,1
1299019140000,1299019199000,61.157,61.167,61.138,61.166,28000000,1
1299019200000,1299019259000,61.167,61.187,61.166,61.187,25000000,1
1299019260000,1299019319000,61.186,61.197,61.176,61.186,36000000,1
1299019320000,1299019379000,61.177,61.196,61.176,61.196,18000000,1
1299019380000,1299019439000,61.187,61.197,61.186,61.197,10000000,1
1299019440000,1299019499000,61.197,61.197,61.177,61.186,18000000,1
1299019500000,1299019559000,61.186,61.197,61.186,61.186,16000000,1
1299019560000,1299019619000,61.186,61.186,61.157,61.166,21000000,1
1299019620000,1299019679000,61.166,61.167,61.146,61.167,30000000,1
1299019680000,1299019739000,61.158,61.177,61.158,61.167,18000000,1
1299019740000,1299019799000,61.167,61.167,61.166,61.167,7000000,1
1299019800000,1299019859000,61.167,61.186,61.167,61.177,19000000,1
1299019860000,1299019919000,61.177,61.177,61.166,61.167,17000000,1
1299019920000,1299019979000,61.166,61.177,61.166,61.177,12000000,1
1299019980000,1299020039000,61.176,61.176,61.176,61.176,2000000,1
1299020040000,1299020099000,61.177,61.177,61.156,61.156,49000000,1
1299020100000,1299020159000,61.156,61.167,61.156,61.167,17000000,1
1299020160000,1299020219000,61.166,61.177,61.166,61.177,24000000,1
1299020220000,1299020279000,61.177,61.187,61.156,61.167,65000000,1
1299020280000,1299020339000,61.167,61.187,61.157,61.177,40000000,1
1299020340000,1299020399000,61.176,61.187,61.176,61.187,13000000,1
1299020400000,1299020459000,61.187,61.187,61.176,61.187,36000000,1
1299020460000,1299020519000,61.186,61.197,61.181,61.197,38000000,1
1299020520000,1299020579000,61.197,61.207,61.187,61.206,26000000,1
1299020580000,1299020639000,61.197,61.207,61.176,61.176,78000000,1
1299020640000,1299020699000,61.186,61.207,61.176,61.207,67000000,1
1299020700000,1299020759000,61.207,61.237,61.188,61.217,99000000,1
1299020760000,1299020819000,61.217,61.227,61.216,61.227,33000000,1
1299020820000,1299020879000,61.227,61.227,61.209,61.209,28000000,1
1299020880000,1299020939000,61.209,61.222,61.208,61.208,40000000,1
1299020940000,1299020999000,61.213,61.217,61.208,61.208,12000000,1
1299021000000,1299021059000,61.208,61.237,61.207,61.236,38000000,1
1299021060000,1299021119000,61.228,61.237,61.219,61.227,63000000,1
1299021120000,1299021179000,61.227,61.237,61.218,61.237,60000000,1
1299021180000,1299021239000,61.237,61.247,61.237,61.238,15000000,1
1299021240000,1299021299000,61.238,61.267,61.238,61.267,29000000,1
1299021300000,1299021359000,61.266,61.267,61.257,61.267,31000000,1
1299021360000,1299021419000,61.267,61.277,61.258,61.277,26000000,1
1299021420000,1299021479000,61.277,61.277,61.26,61.276,24000000,1
1299021480000,1299021539000,61.277,61.278,61.257,61.266,66000000,1
1299021540000,1299021599000,61.267,61.298,61.266,61.296,50000000,1
1299021600000,1299021659000,61.286,61.296,61.286,61.296,13000000,1
1299021660000,1299021719000,61.287,61.296,61.278,61.288,36000000,1
1299021720000,1299021779000,61.288,61.288,61.266,61.266,50000000,1
1299021780000,1299021839000,61.266,61.266,61.247,61.247,21000000,1
1299021840000,1299021899000,61.247,61.247,61.237,61.247,13000000,1
1299021900000,1299021959000,61.247,61.247,61.246,61.247,9000000,1
1299021960000,1299022019000,61.246,61.257,61.237,61.257,44000000,1
1299022020000,1299022079000,61.257,61.257,61.247,61.249,38000000,1
1299022080000,1299022139000,61.248,61.248,61.238,61.248,20000000,1
1299022140000,1299022199000,61.248,61.248,61.248,61.248,17000000,1
1299022200000,1299022259000,61.248,61.248,61.237,61.237,39000000,1
1299022260000,1299022319000,61.237,61.238,61.217,61.218,84000000,1
1299022320000,1299022379000,61.219,61.228,61.206,61.208,52000000,1
1299022380000,1299022439000,61.208,61.218,61.208,61.209,14000000,1
1299022440000,1299022499000,61.209,61.218,61.208,61.218,26000000,1
1299022500000,1299022559000,61.218,61.227,61.217,61.22,23000000,1
1299022560000,1299022619000,61.227,61.232,61.217,61.226,52000000,1
1299022620000,1299022679000,61.226,61.237,61.226,61.226,58000000,1
1299022680000,1299022739000,61.227,61.228,61.219,61.226,32000000,1
1299022740000,1299022799000,61.226,61.228,61.217,61.217,68000000,1
1299022800000,1299022859000,61.217,61.222,61.179,61.187,124000000,1
1299022860000,1299022919000,61.187,61.202,61.178,61.187,115000000,1
1299022920000,1299022979000,61.187,61.199,61.187,61.197,37000000,1
1299022980000,1299023039000,61.196,61.197,61.192,61.197,6000000,1
1299023040000,1299023099000,61.196,61.196,61.147,61.147,98000000,1
1299023100000,1299023159000,61.147,61.148,61.119,61.127,174000000,1
1299023160000,1299023219000,61.127,61.157,61.127,61.147,166000000,1
1299023220000,1299023279000,61.147,61.177,61.147,61.168,117000000,1
1299023280000,1299023339000,61.177,61.177,61.167,61.167,58000000,1
1299023340000,1299023399000,61.169,61.177,61.167,61.168,76000000,1
1299023400000,1299023459000,61.167,61.187,61.167,61.176,35000000,1
1299023460000,1299023519000,61.177,61.197,61.177,61.187,37000000,1
1299023520000,1299023579000,61.188,61.198,61.187,61.189,66000000,1
1299023580000,1299023639000,61.196,61.207,61.196,61.197,67000000,1
1299023640000,1299023699000,61.201,61.218,61.198,61.207,39000000,1
1299023700000,1299023759000,61.206,61.217,61.198,61.217,31000000,1
1299023760000,1299023819000,61.217,61.217,61.216,61.216,4000000,1
1299023820000,1299023879000,61.216,61.225,61.216,61.216,27000000,1
1299023880000,1299023939000,61.217,61.218,61.208,61.208,31000000,1
1299023940000,1299023999000,61.207,61.207,61.187,61.187,44000000,1
1299024000000,1299024059000,61.187,61.197,61.18,61.187,48000000,1
1299024060000,1299024119000,61.187,61.189,61.177,61.187,80000000,1
1299024120000,1299024179000,61.187,61.187,61.167,61.167,49000000,1
1299024180000,1299024239000,61.167,61.177,61.156,61.177,34000000,1
1299024240000,1299024299000,61.177,61.187,61.167,61.176,61000000,1
1299024300000,1299024359000,61.177,61.177,61.176,61.177,28000000,1
1299024360000,1299024419000,61.177,61.177,61.168,61.176,36000000,1
1299024420000,1299024479000,61.177,61.189,61.176,61.189,18000000,1
1299024480000,1299024539000,61.188,61.2,61.187,61.197,50000000,1
1299024540000,1299024599000,61.197,61.197,61.187,61.197,33000000,1
1299024600000,1299024659000,61.197,61.198,61.187,61.197,49000000,1
1299024660000,1299024719000,61.207,61.207,61.197,61.206,14000000,1
1299024720000,1299024779000,61.206,61.207,61.196,61.206,37000000,1
1299024780000,1299024839000,61.206,61.206,61.187,61.196,35000000,1
1299024840000,1299024899000,61.187,61.187,61.176,61.187,36000000,1
1299024900000,1299024959000,61.178,61.186,61.171,61.177,27000000,1
1299024960000,1299025019000,61.177,61.177,61.176,61.176,25000000,1
1299025020000,1299025079000,61.176,61.186,61.168,61.178,80000000,1
1299025080000,1299025139000,61.186,61.186,61.156,61.161,104000000,1
1299025140000,1299025199000,61.167,61.187,61.167,61.186,72000000,1
1299025200000,1299025259000,61.186,61.191,61.168,61.176,136000000,1
1299025260000,1299025319000,61.168,61.187,61.166,61.177,52000000,1
1299025320000,1299025379000,61.177,61.178,61.167,61.177,22000000,1
1299025380000,1299025439000,61.178,61.178,61.172,61.177,70000000,1
1299025440000,1299025499000,61.176,61.187,61.176,61.187,47000000,1
1299025500000,1299025559000,61.187,61.207,61.186,61.186,70000000,1
1299025560000,1299025619000,61.188,61.188,61.177,61.187,67000000,1
1299025620000,1299025679000,61.187,61.189,61.17,61.177,142000000,1
1299025680000,1299025739000,61.177,61.178,61.167,61.178,65000000,1
1299025740000,1299025799000,61.178,61.198,61.136,61.136,114000000,1
1299025800000,1299025859000,61.134,61.196,61.134,61.187,153000000,1
1299025860000,1299025919000,61.187,61.187,61.138,61.151,81000000,1
1299025920000,1299025979000,61.148,61.148,61.116,61.116,74000000,1
1299025980000,1299026039000,61.118,61.128,61.117,61.126,78000000,1
1299026040000,1299026099000,61.119,61.138,61.098,61.098,73000000,1
1299026100000,1299026159000,61.097,61.098,61.087,61.087,97000000,1
1299026160000,1299026219000,61.087,61.09,61.078,61.087,94000000,1
1299026220000,1299026279000,61.088,61.114,61.088,61.114,57000000,1
1299026280000,1299026339000,61.112,61.117,61.097,61.108,103000000,1
1299026340000,1299026399000,61.108,61.111,61.097,61.108,61000000,1
1299026400000,1299026459000,61.101,61.117,61.101,61.106,71000000,1
1299026460000,1299026519000,61.106,61.117,61.106,61.109,103000000,1
1299026520000,1299026579000,61.116,61.118,61.116,61.116,49000000,1
1299026580000,1299026639000,61.118,61.136,61.116,61.116,43000000,1
1299026640000,1299026699000,61.127,61.137,61.117,61.136,96000000,1
1299026700000,1299026759000,61.137,61.137,61.136,61.136,9000000,1
1299026760000,1299026819000,61.136,61.137,61.127,61.137,32000000,1
1299026820000,1299026879000,61.137,61.147,61.136,61.147,29000000,1
1299026880000,1299026939000,61.147,61.158,61.139,61.157,42000000,1
1299026940000,1299026999000,61.157,61.166,61.157,61.166,34000000,1
1299027000000,1299027059000,61.166,61.167,61.163,61.167,12000000,1
1299027060000,1299027119000,61.168,61.177,61.168,61.176,22000000,1
1299027120000,1299027179000,61.167,61.193,61.167,61.188,46000000,1
1299027180000,1299027239000,61.192,61.208,61.187,61.197,102000000,1
1299027240000,1299027299000,61.197,61.197,61.179,61.187,49000000,1
1299027300000,1299027359000,61.186,61.196,61.177,61.186,35000000,1
1299027360000,1299027419000,61.188,61.197,61.187,61.197,27000000,1
1299027420000,1299027479000,61.196,61.197,61.187,61.196,19000000,1
1299027480000,1299027539000,61.196,61.198,61.196,61.196,9000000,1
1299027540000,1299027599000,61.196,61.197,61.196,61.197,7000000,1
1299027600000,1299027659000,61.196,61.207,61.196,61.206,28000000,1
1299027660000,1299027719000,61.198,61.207,61.196,61.207,44000000,1
1299027720000,1299027779000,61.207,61.207,61.196,61.207,39000000,1
1299027780000,1299027839000,61.207,61.208,61.196,61.207,47000000,1
1299027840000,1299027899000,61.206,61.208,61.196,61.206,49000000,1
1299027900000,1299027959000,61.207,61.207,61.18,61.188,42000000,1
1299027960000,1299028019000,61.179,61.197,61.179,61.197,50000000,1
1299028020000,1299028079000,61.196,61.197,61.196,61.197,6000000,1
1299028080000,1299028139000,61.2,61.217,61.196,61.206,49000000,1
1299028140000,1299028199000,61.206,61.208,61.206,61.208,20000000,1
1299028200000,1299028259000,61.208,61.228,61.208,61.228,24000000,1
1299028260000,1299028319000,61.228,61.228,61.218,61.228,40000000,1
1299028320000,1299028379000,61.238,61.248,61.238,61.246,50000000,1
1299028380000,1299028439000,61.237,61.247,61.217,61.227,118000000,1
1299028440000,1299028499000,61.227,61.237,61.227,61.228,16000000,1
1299028500000,1299028559000,61.228,61.228,61.206,61.217,34000000,1
1299028560000,1299028619000,61.217,61.217,61.206,61.216,19000000,1
1299028620000,1299028679000,61.217,61.217,61.216,61.216,5000000,1
1299028680000,1299028739000,61.216,61.217,61.187,61.187,63000000,1
1299028740000,1299028799000,61.187,61.197,61.176,61.176,27000000,1
1299028800000,1299028859000,61.172,61.177,61.167,61.177,56000000,1
1299028860000,1299028919000,61.177,61.177,61.146,61.146,27000000,1
1299028920000,1299028979000,61.146,61.15,61.118,61.118,74000000,1
1299028980000,1299029039000,61.118,61.12,60.959,61.002,354000000,1
1299029040000,1299029099000,61.007,61.032,60.961,60.974,247000000,1
1299029100000,1299029159000,60.976,60.976,60.892,60.937,201000000,1
1299029160000,1299029219000,60.937,61.018,60.928,60.988,304000000,1
1299029220000,1299029279000,60.979,60.998,60.976,60.977,231000000,1
1299029280000,1299029339000,60.977,60.987,60.949,60.96,140000000,1
1299029340000,1299029399000,60.957,60.968,60.93,60.937,137000000,1
1299029400000,1299029459000,60.937,60.939,60.887,60.887,180000000,1
1299029460000,1299029519000,60.898,60.92,60.882,60.907,167000000,1
1299029520000,1299029579000,60.909,60.926,60.886,60.897,147000000,1
1299029580000,1299029639000,60.891,60.899,60.858,60.898,196000000,1
1299029640000,1299029699000,60.898,60.917,60.887,60.908,153000000,1
1299029700000,1299029759000,60.907,60.918,60.896,60.897,110000000,1
1299029760000,1299029819000,60.897,60.898,60.877,60.898,93000000,1
1299029820000,1299029879000,60.898,60.918,60.894,60.912,95000000,1
1299029880000,1299029939000,60.912,60.917,60.896,60.904,133000000,1
1299029940000,1299029999000,60.908,60.908,60.899,60.899,16000000,1
1299030000000,1299030059000,60.897,60.903,60.878,60.887,170000000,1
1299030060000,1299030119000,60.887,60.891,60.85,60.891,214000000,1
1299030120000,1299030179000,60.887,60.898,60.878,60.889,102000000,1
1299030180000,1299030239000,60.888,60.908,60.868,60.907,101000000,1
1299030240000,1299030299000,60.904,60.904,60.897,60.898,39000000,1
1299030300000,1299030359000,60.897,60.9,60.897,60.898,23000000,1
1299030360000,1299030419000,60.898,60.9,60.891,60.894,42000000,1
1299030420000,1299030479000,60.898,60.898,60.868,60.881,162000000,1
1299030480000,1299030539000,60.877,60.877,60.848,60.848,69000000,1
1299030540000,1299030599000,60.843,60.848,60.797,60.805,103000000,1
1299030600000,1299030659000,60.817,60.817,60.71,60.728,274000000,1
1299030660000,1299030719000,60.727,60.739,60.656,60.656,196000000,1
1299030720000,1299030779000,60.648,60.7,60.64,60.687,160000000,1
1299030780000,1299030839000,60.685,60.728,60.685,60.701,212000000,1
1299030840000,1299030899000,60.701,60.718,60.693,60.697,170000000,1
1299030900000,1299030959000,60.696,60.696,60.621,60.637,198000000,1
1299030960000,1299031019000,60.638,60.648,60.618,60.64,148000000,1
1299031020000,1299031079000,60.646,60.667,60.617,60.622,161000000,1
1299031080000,1299031139000,60.619,60.619,60.566,60.568,231000000,1
1299031140000,1299031199000,60.577,60.591,60.558,60.588,109000000,1
1299031200000,1299031259000,60.588,60.616,60.586,60.597,185000000,1
1299031260000,1299031319000,60.597,60.631,60.588,60.616,95000000,1
1299031320000,1299031379000,60.616,60.628,60.604,60.608,92000000,1
1299031380000,1299031439000,60.607,60.648,60.607,60.627,111000000,1
1299031440000,1299031499000,60.627,60.648,60.627,60.647,89000000,1
1299031500000,1299031559000,60.647,60.667,60.637,60.66,74000000,1
1299031560000,1299031619000,60.666,60.677,60.651,60.656,109000000,1
1299031620000,1299031679000,60.656,60.656,60.62,60.621,69000000,1
1299031680000,1299031739000,60.622,60.647,60.622,60.647,42000000,1
1299031740000,1299031799000,60.647,60.658,60.628,60.657,102000000,1
1299031800000,1299031859000,60.657,60.668,60.652,60.652,94000000,1
1299031860000,1299031919000,60.657,60.666,60.638,60.647,100000000,1
1299031920000,1299031979000,60.648,60.66,60.632,60.636,75000000,1
1299031980000,1299032039000,60.636,60.648,60.636,60.647,69000000,1
1299032040000,1299032099000,60.647,60.658,60.632,60.636,52000000,1
1299032100000,1299032159000,60.637,60.647,60.627,60.631,46000000,1
1299032160000,1299032219000,60.638,60.658,60.638,60.658,67000000,1
1299032220000,1299032279000,60.666,60.666,60.636,60.636,60000000,1
1299032280000,1299032339000,60.628,60.637,60.607,60.627,128000000,1
1299032340000,1299032399000,60.627,60.636,60.588,60.599,166000000,1
1299032400000,1299032459000,60.599,60.603,60.558,60.567,103000000,1
1299032460000,1299032519000,60.557,60.568,60.557,60.567,59000000,1
1299032520000,1299032579000,60.57,60.6,60.567,60.597,78000000,1
1299032580000,1299032639000,60.596,60.617,60.596,60.607,100000000,1
1299032640000,1299032699000,60.598,60.598,60.579,60.586,63000000,1
1299032700000,1299032759000,60.587,60.596,60.567,60.588,68000000,1
1299032760000,1299032819000,60.588,60.597,60.587,60.587,56000000,1
1299032820000,1299032879000,60.588,60.608,60.588,60.607,88000000,1
1299032880000,1299032939000,60.607,60.627,60.607,60.616,66000000,1
1299032940000,1299032999000,60.616,60.627,60.607,60.607,97000000,1
1299033000000,1299033059000,60.607,60.627,60.607,60.617,139000000,1
1299033060000,1299033119000,60.609,60.618,60.607,60.607,51000000,1
1299033120000,1299033179000,60.607,60.621,60.586,60.588,130000000,1
1299033180000,1299033239000,60.591,60.599,60.558,60.567,92000000,1
1299033240000,1299033299000,60.567,60.567,60.538,60.538,87000000,1
1299033300000,1299033359000,60.538,60.551,60.511,60.518,113000000,1
1299033360000,1299033419000,60.517,60.532,60.508,60.532,108000000,1
1299033420000,1299033479000,60.527,60.537,60.502,60.51,93000000,1
1299033480000,1299033539000,60.507,60.508,60.497,60.498,61000000,1
1299033540000,1299033599000,60.5,60.503,60.477,60.477,51000000,1
1299033600000,1299033659000,60.477,60.478,60.456,60.468,111000000,1
1299033660000,1299033719000,60.468,60.478,60.453,60.478,95000000,1
1299033720000,1299033779000,60.479,60.479,60.463,60.469,85000000,1
1299033780000,1299033839000,60.468,60.49,60.458,60.488,158000000,1
1299033840000,1299033899000,60.489,60.507,60.489,60.506,72000000,1
1299033900000,1299033959000,60.506,60.526,60.506,60.526,28000000,1
1299033960000,1299034019000,60.526,60.537,60.518,60.526,60000000,1
1299034020000,1299034079000,60.526,60.536,60.506,60.506,73000000,1
1299034080000,1299034139000,60.506,60.506,60.486,60.497,54000000,1
1299034140000,1299034199000,60.499,60.507,60.499,60.507,17000000,1
1299034200000,1299034259000,60.507,60.507,60.48,60.496,68000000,1
1299034260000,1299034319000,60.496,60.527,60.496,60.527,35000000,1
1299034320000,1299034379000,60.517,60.527,60.507,60.516,25000000,1
1299034380000,1299034439000,60.507,60.517,60.507,60.507,58000000,1
1299034440000,1299034499000,60.507,60.519,60.506,60.516,60000000,1
1299034500000,1299034559000,60.507,60.517,60.506,60.516,62000000,1
1299034560000,1299034619000,60.517,60.527,60.516,60.516,82000000,1
1299034620000,1299034679000,60.516,60.527,60.497,60.507,83000000,1
1299034680000,1299034739000,60.506,60.507,60.496,60.506,53000000,1
1299034740000,1299034799000,60.507,60.527,60.506,60.518,98000000,1
1299034800000,1299034859000,60.527,60.537,60.518,60.536,65000000,1
1299034860000,1299034919000,60.536,60.537,60.526,60.536,45000000,1
1299034920000,1299034979000,60.536,60.546,60.516,60.516,28000000,1
1299034980000,1299035039000,60.517,60.521,60.508,60.52,86000000,1
1299035040000,1299035099000,60.528,60.528,60.516,60.528,91000000,1
1299035100000,1299035159000,60.532,60.547,60.517,60.547,85000000,1
1299035160000,1299035219000,60.545,60.548,60.545,60.548,51000000,1
1299035220000,1299035279000,60.548,60.548,60.546,60.547,23000000,1
1299035280000,1299035339000,60.547,60.587,60.547,60.576,109000000,1
1299035340000,1299035399000,60.576,60.586,60.566,60.577,63000000,1
1299035400000,1299035459000,60.577,60.597,60.577,60.596,70000000,1
1299035460000,1299035519000,60.596,60.618,60.59,60.617,49000000,1
1299035520000,1299035579000,60.617,60.627,60.597,60.616,37000000,1
1299035580000,1299035639000,60.617,60.637,60.617,60.637,33000000,1
1299035640000,1299035699000,60.637,60.637,60.618,60.626,154000000,1
1299035700000,1299035759000,60.626,60.657,60.626,60.648,103000000,1
1299035760000,1299035819000,60.647,60.648,60.627,60.627,55000000,1
1299035820000,1299035879000,60.634,60.638,60.618,60.618,51000000,1
1299035880000,1299035939000,60.622,60.629,60.598,60.599,53000000,1
1299035940000,1299035999000,60.601,60.618,60.597,60.616,32000000,1
1299036000000,1299036059000,60.617,60.626,60.607,60.611,57000000,1
1299036060000,1299036119000,60.607,60.607,60.607,60.607,3000000,1
1299036120000,1299036179000,60.607,60.607,60.607,60.607,16000000,1
1299036180000,1299036239000,60.613,60.619,60.613,60.619,4000000,1
1299036240000,1299036299000,60.619,60.628,60.607,60.617,24000000,1
1299036300000,1299036359000,60.617,60.621,60.617,60.621,35000000,1
1299036360000,1299036419000,60.628,60.65,60.628,60.638,46000000,1
1299036420000,1299036479000,60.641,60.648,60.63,60.638,44000000,1
1299036480000,1299036539000,60.638,60.639,60.637,60.638,21000000,1
1299036540000,1299036599000,60.644,60.651,60.638,60.651,65000000,1
1299036600000,1299036659000,60.651,60.678,60.651,60.678,51000000,1
1299036660000,1299036719000,60.679,60.679,60.661,60.667,48000000,1
1299036720000,1299036779000,60.667,60.668,60.657,60.668,41000000,1
1299036780000,1299036839000,60.67,60.67,60.667,60.668,14000000,1
1299036840000,1299036899000,60.668,60.672,60.628,60.637,70000000,1
1299036900000,1299036959000,60.637,60.637,60.618,60.628,39000000,1
1299036960000,1299037019000,60.628,60.638,60.626,60.631,59000000,1
1299037020000,1299037079000,60.635,60.647,60.631,60.637,33000000,1
1299037080000,1299037139000,60.636,60.647,60.627,60.647,63000000,1
1299037140000,1299037199000,60.646,60.659,60.646,60.657,59000000,1
1299037200000,1299037259000,60.659,60.659,60.638,60.638,31000000,1
1299037260000,1299037319000,60.631,60.653,60.631,60.653,12000000,1
1299037320000,1299037379000,60.653,60.666,60.646,60.657,60000000,1
1299037380000,1299037439000,60.657,60.659,60.652,60.656,30000000,1
1299037440000,1299037499000,60.656,60.657,60.648,60.649,24000000,1
1299037500000,1299037559000,60.648,60.694,60.637,60.694,79000000,1
1299037560000,1299037619000,60.687,60.708,60.681,60.697,89000000,1
1299037620000,1299037679000,60.698,60.707,60.697,60.707,60000000,1
1299037680000,1299037739000,60.707,60.734,60.706,60.718,95000000,1
1299037740000,1299037799000,60.718,60.735,60.718,60.732,48000000,1
1299037800000,1299037859000,60.736,60.74,60.717,60.718,98000000,1
1299037860000,1299037919000,60.717,60.721,60.717,60.721,7000000,1
1299037920000,1299037979000,60.717,60.722,60.707,60.717,87000000,1
1299037980000,1299038039000,60.717,60.722,60.698,60.708,60000000,1
1299038040000,1299038099000,60.708,60.718,60.697,60.703,82000000,1
1299038100000,1299038159000,60.706,60.721,60.703,60.708,49000000,1
1299038160000,1299038219000,60.711,60.718,60.696,60.708,25000000,1
1299038220000,1299038279000,60.707,60.718,60.697,60.704,76000000,1
1299038280000,1299038339000,60.707,60.707,60.698,60.698,43000000,1
1299038340000,1299038399000,60.698,60.703,60.698,60.701,18000000,1
1299038400000,1299038459000,60.701,60.701,60.697,60.701,21000000,1
1299038460000,1299038519000,60.707,60.708,60.689,60.698,20000000,1
1299038520000,1299038579000,60.698,60.698,60.677,60.687,51000000,1
1299038580000,1299038639000,60.687,60.687,60.687,60.687,15000000,1
1299038640000,1299038699000,60.687,60.688,60.68,60.688,24000000,1
1299038700000,1299038759000,60.688,60.688,60.678,60.678,8000000,1
1299038760000,1299038819000,60.682,60.682,60.678,60.678,5000000,1
1299038820000,1299038879000,60.678,60.682,60.678,60.678,16000000,1
1299038880000,1299038939000,60.683,60.688,60.677,60.688,33000000,1
1299038940000,1299038999000,60.688,60.688,60.688,60.688,2000000,1
1299039000000,1299039059000,60.688,60.688,60.678,60.679,9000000,1
1299039060000,1299039119000,60.679,60.679,60.668,60.668,25000000,1
1299039120000,1299039179000,60.67,60.67,60.637,60.658,97000000,1
1299039180000,1299039239000,60.658,60.658,60.637,60.646,111000000,1
1299039240000,1299039299000,60.646,60.657,60.646,60.648,64000000,1
1299039300000,1299039359000,60.648,60.657,60.637,60.647,56000000,1
1299039360000,1299039419000,60.637,60.648,60.627,60.647,67000000,1
1299039420000,1299039479000,60.646,60.66,60.646,60.647,34000000,1
1299039480000,1299039539000,60.647,60.668,60.647,60.668,80000000,1
1299039540000,1299039599000,60.668,60.679,60.667,60.678,47000000,1
1299039600000,1299039659000,60.678,60.678,60.648,60.648,83000000,1
1299039660000,1299039719000,60.648,60.658,60.648,60.658,39000000,1
1299039720000,1299039779000,60.658,60.667,60.638,60.648,50000000,1
1299039780000,1299039839000,60.648,60.648,60.638,60.638,76000000,1
1299039840000,1299039899000,60.638,60.642,60.629,60.629,25000000,1
1299039900000,1299039959000,60.628,60.63,60.617,60.63,70000000,1
1299039960000,1299040019000,60.628,60.629,60.617,60.629,47000000,1
1299040020000,1299040079000,60.628,60.628,60.609,60.617,66000000,1
1299040080000,1299040139000,60.618,60.64,60.609,60.637,65000000,1
1299040140000,1299040199000,60.637,60.638,60.627,60.627,92000000,1
1299040200000,1299040259000,60.627,60.658,60.618,60.625,109000000,1
1299040260000,1299040319000,60.625,60.638,60.621,60.627,55000000,1
1299040320000,1299040379000,60.627,60.661,60.622,60.639,108000000,1
1299040380000,1299040439000,60.646,60.658,60.638,60.64,60000000,1
1299040440000,1299040499000,60.638,60.641,60.638,60.638,30000000,1
1299040500000,1299040559000,60.641,60.658,60.641,60.658,22000000,1
1299040560000,1299040619000,60.658,60.658,60.65,60.658,23000000,1
1299040620000,1299040679000,60.658,60.658,60.658,60.658,2000000,1
1299040680000,1299040739000,60.658,60.667,60.657,60.658,30000000,1
1299040740000,1299040799000,60.653,60.653,60.647,60.648,22000000,1
1299040800000,1299040859000,60.658,60.68,60.658,60.668,26000000,1
1299040860000,1299040919000,60.668,60.682,60.668,60.68,22000000,1
1299040920000,1299040979000,60.68,60.688,60.677,60.688,58000000,1
1299040980000,1299041039000,60.688,60.688,60.678,60.678,14000000,1
1299041040000,1299041099000,60.678,60.678,60.657,60.667,116000000,1
1299041100000,1299041159000,60.667,60.677,60.657,60.657,90000000,1
1299041160000,1299041219000,60.657,60.665,60.657,60.665,32000000,1
1299041220000,1299041279000,60.668,60.668,60.659,60.668,19000000,1
1299041280000,1299041339000,60.668,60.668,60.658,60.658,37000000,1
1299041340000,1299041399000,60.658,60.678,60.657,60.678,42000000,1
1299041400000,1299041459000,60.688,60.688,60.667,60.667,34000000,1
1299041460000,1299041519000,60.668,60.677,60.668,60.668,18000000,1
1299041520000,1299041579000,60.673,60.687,60.668,60.68,44000000,1
1299041580000,1299041639000,60.678,60.688,60.677,60.679,25000000,1
1299041640000,1299041699000,60.678,60.688,60.677,60.677,20000000,1
1299041700000,1299041759000,60.68,60.68,60.668,60.669,26000000,1
1299041760000,1299041819000,60.669,60.669,60.66,60.667,60000000,1
1299041820000,1299041879000,60.667,60.667,60.64,60.657,86000000,1
1299041880000,1299041939000,60.657,60.658,60.637,60.646,103000000,1
1299041940000,1299041999000,60.646,60.648,60.627,60.639,91000000,1
1299042000000,1299042059000,60.637,60.637,60.617,60.617,38000000,1
1299042060000,1299042119000,60.617,60.626,60.617,60.62,15000000,1
1299042120000,1299042179000,60.624,60.632,60.621,60.63,24000000,1
1299042180000,1299042239000,60.632,60.638,60.628,60.638,32000000,1
1299042240000,1299042299000,60.637,60.637,60.629,60.629,6000000,1
1299042300000,1299042359000,60.633,60.633,60.627,60.628,42000000,1
1299042360000,1299042419000,60.617,60.618,60.607,60.618,28000000,1
1299042420000,1299042479000,60.621,60.627,60.597,60.617,117000000,1
1299042480000,1299042539000,60.617,60.617,60.607,60.609,67000000,1
1299042540000,1299042599000,60.61,60.61,60.592,60.598,38000000,1
1299042600000,1299042659000,60.597,60.623,60.596,60.618,61000000,1
1299042660000,1299042719000,60.618,60.627,60.617,60.623,28000000,1
1299042720000,1299042779000,60.623,60.637,60.623,60.637,26000000,1
1299042780000,1299042839000,60.637,60.637,60.627,60.628,40000000,1
1299042840000,1299042899000,60.634,60.638,60.617,60.634,63000000,1
1299042900000,1299042959000,60.639,60.647,60.631,60.631,30000000,1
1299042960000,1299043019000,60.638,60.657,60.628,60.65,68000000,1
1299043020000,1299043079000,60.65,60.659,60.639,60.648,56000000,1
1299043080000,1299043139000,60.648,60.651,60.63,60.638,36000000,1
1299043140000,1299043199000,60.638,60.678,60.636,60.678,67000000,1
1299043200000,1299043259000,60.679,60.679,60.669,60.678,20000000,1
1299043260000,1299043319000,60.678,60.688,60.677,60.678,47000000,1
1299043320000,1299043379000,60.678,60.688,60.673,60.688,29000000,1
1299043380000,1299043439000,60.687,60.689,60.677,60.686,41000000,1
1299043440000,1299043499000,60.687,60.687,60.669,60.68,27000000,1
1299043500000,1299043559000,60.678,60.685,60.668,60.672,47000000,1
1299043560000,1299043619000,60.669,60.669,60.666,60.668,11000000,1
1299043620000,1299043679000,60.668,60.678,60.668,60.675,29000000,1
1299043680000,1299043739000,60.676,60.678,60.668,60.671,44000000,1
1299043740000,1299043799000,60.671,60.677,60.668,60.677,14000000,1
1299043800000,1299043859000,60.679,60.687,60.667,60.668,50000000,1
1299043860000,1299043919000,60.667,60.678,60.658,60.666,72000000,1
1299043920000,1299043979000,60.672,60.682,60.672,60.681,42000000,1
1299043980000,1299044039000,60.688,60.688,60.677,60.677,24000000,1
1299044040000,1299044099000,60.677,60.678,60.667,60.67,39000000,1
1299044100000,1299044159000,60.673,60.678,60.669,60.676,19000000,1
1299044160000,1299044219000,60.672,60.672,60.661,60.666,18000000,1
1299044220000,1299044279000,60.667,60.668,60.659,60.668,13000000,1
1299044280000,1299044339000,60.68,60.683,60.668,60.671,44000000,1
1299044340000,1299044399000,60.668,60.671,60.667,60.671,14000000,1
1299044400000,1299044459000,60.671,60.671,60.651,60.66,27000000,1
1299044460000,1299044519000,60.66,60.667,60.652,60.656,35000000,1
1299044520000,1299044579000,60.656,60.659,60.647,60.659,25000000,1
1299044580000,1299044639000,60.661,60.679,60.661,60.679,7000000,1
1299044640000,1299044699000,60.678,60.689,60.667,60.689,28000000,1
1299044700000,1299044759000,60.688,60.708,60.68,60.7,55000000,1
1299044760000,1299044819000,60.697,60.721,60.697,60.716,94000000,1
1299044820000,1299044879000,60.716,60.729,60.698,60.712,94000000,1
1299044880000,1299044939000,60.708,60.717,60.706,60.716,59000000,1
1299044940000,1299044999000,60.717,60.717,60.716,60.716,6000000,1
1299045000000,1299045059000,60.717,60.717,60.708,60.708,5000000,1
1299045060000,1299045119000,60.707,60.708,60.699,60.706,40000000,1
1299045120000,1299045179000,60.706,60.708,60.688,60.692,16000000,1
1299045180000,1299045239000,60.692,60.693,60.677,60.684,25000000,1
1299045240000,1299045299000,60.682,60.688,60.678,60.687,23000000,1
1299045300000,1299045359000,60.697,60.697,60.687,60.687,15000000,1
1299045360000,1299045419000,60.687,60.708,60.663,60.688,64000000,1
1299045420000,1299045479000,60.688,60.728,60.688,60.727,110000000,1
1299045480000,1299045539000,60.727,60.728,60.716,60.716,53000000,1
1299045540000,1299045599000,60.716,60.729,60.716,60.727,48000000,1
1299045600000,1299045659000,60.723,60.736,60.718,60.728,66000000,1
1299045660000,1299045719000,60.727,60.728,60.711,60.718,78000000,1
1299045720000,1299045779000,60.719,60.719,60.696,60.708,82000000,1
1299045780000,1299045839000,60.701,60.708,60.7,60.708,12000000,1
1299045840000,1299045899000,60.713,60.714,60.707,60.707,24000000,1
1299045900000,1299045959000,60.71,60.718,60.7,60.708,57000000,1
1299045960000,1299046019000,60.708,60.709,60.689,60.689,51000000,1
1299046020000,1299046079000,60.692,60.708,60.692,60.698,47000000,1
1299046080000,1299046139000,60.698,60.709,60.692,60.709,56000000,1
1299046140000,1299046199000,60.709,60.709,60.708,60.709,9000000,1
1299046200000,1299046259000,60.708,60.708,60.7,60.7,13000000,1
1299046260000,1299046319000,60.698,60.704,60.693,60.703,22000000,1
1299046320000,1299046379000,60.703,60.717,60.7,60.717,46000000,1
1299046380000,1299046439000,60.717,60.717,60.705,60.708,49000000,1
1299046440000,1299046499000,60.709,60.716,60.708,60.708,14000000,1
1299046500000,1299046559000,60.708,60.718,60.708,60.708,25000000,1
1299046560000,1299046619000,60.709,60.717,60.707,60.709,18000000,1
1299046620000,1299046679000,60.708,60.718,60.708,60.718,39000000,1
1299046680000,1299046739000,60.718,60.718,60.708,60.708,43000000,1
1299046740000,1299046799000,60.714,60.717,60.697,60.697,27000000,1
1299046800000,1299046859000,60.7,60.7,60.698,60.699,8000000,1
1299046860000,1299046919000,60.699,60.708,60.693,60.708,39000000,1
1299046920000,1299046979000,60.708,60.708,60.697,60.697,48000000,1
1299046980000,1299047039000,60.697,60.7,60.682,60.7,106000000,1
1299047040000,1299047099000,60.7,60.708,60.697,60.698,39000000,1
1299047100000,1299047159000,60.698,60.698,60.688,60.688,15000000,1
1299047160000,1299047219000,60.688,60.697,60.687,60.697,56000000,1
1299047220000,1299047279000,60.697,60.697,60.677,60.687,78000000,1
1299047280000,1299047339000,60.687,60.69,60.667,60.667,76000000,1
1299047340000,1299047399000,60.667,60.667,60.638,60.647,225000000,1
1299047400000,1299047459000,60.647,60.657,60.647,60.657,39000000,1
1299047460000,1299047519000,60.667,60.667,60.667,60.667,31000000,1
1299047520000,1299047579000,60.667,60.667,60.657,60.661,29000000,1
1299047580000,1299047639000,60.668,60.669,60.66,60.66,53000000,1
1299047640000,1299047699000,60.66,60.668,60.647,60.656,66000000,1
1299047700000,1299047759000,60.656,60.658,60.646,60.657,43000000,1
1299047760000,1299047819000,60.656,60.657,60.648,60.656,12000000,1
1299047820000,1299047879000,60.656,60.657,60.651,60.651,26000000,1
1299047880000,1299047939000,60.651,60.66,60.646,60.646,67000000,1
1299047940000,1299047999000,60.646,60.668,60.646,60.668,69000000,1
1299048000000,1299048059000,60.668,60.669,60.647,60.648,62000000,1
1299048060000,1299048119000,60.646,60.657,60.643,60.657,22000000,1
1299048120000,1299048179000,60.657,60.688,60.657,60.679,57000000,1
1299048180000,1299048239000,60.683,60.71,60.679,60.707,78000000,1
1299048240000,1299048299000,60.696,60.711,60.693,60.698,89000000,1
1299048300000,1299048359000,60.698,60.73,60.698,60.727,94000000,1
1299048360000,1299048419000,60.727,60.743,60.727,60.727,124000000,1
1299048420000,1299048479000,60.727,60.747,60.727,60.747,89000000,1
1299048480000,1299048539000,60.747,60.747,60.738,60.747,189000000,1
1299048540000,1299048599000,60.747,60.747,60.737,60.738,74000000,1
1299048600000,1299048659000,60.738,60.738,60.728,60.736,76000000,1
1299048660000,1299048719000,60.736,60.748,60.736,60.737,99000000,1
1299048720000,1299048779000,60.737,60.747,60.737,60.737,78000000,1
1299048780000,1299048839000,60.737,60.737,60.726,60.726,36000000,1
1299048840000,1299048899000,60.726,60.737,60.707,60.708,117000000,1
1299048900000,1299048959000,60.718,60.738,60.718,60.727,39000000,1
1299048960000,1299049019000,60.727,60.748,60.727,60.738,84000000,1
1299049020000,1299049079000,60.738,60.747,60.736,60.736,61000000,1
1299049080000,1299049139000,60.728,60.747,60.727,60.747,53000000,1
1299049140000,1299049199000,60.746,60.768,60.746,60.767,111000000,1
1299049200000,1299049259000,60.767,60.777,60.756,60.756,42000000,1
1299049260000,1299049319000,60.757,60.766,60.756,60.757,35000000,1
1299049320000,1299049379000,60.757,60.767,60.74,60.748,56000000,1
1299049380000,1299049439000,60.748,60.748,60.746,60.748,14000000,1
1299049440000,1299049499000,60.748,60.748,60.723,60.738,55000000,1
1299049500000,1299049559000,60.736,60.737,60.722,60.728,35000000,1
1299049560000,1299049619000,60.719,60.719,60.708,60.712,28000000,1
1299049620000,1299049679000,60.716,60.728,60.716,60.717,43000000,1
1299049680000,1299049739000,60.716,60.717,60.698,60.711,56000000,1
1299049740000,1299049799000,60.711,60.717,60.711,60.717,7000000,1
1299049800000,1299049859000,60.724,60.729,60.707,60.718,54000000,1
1299049860000,1299049919000,60.718,60.738,60.716,60.731,40000000,1
1299049920000,1299049979000,60.737,60.748,60.727,60.738,92000000,1
1299049980000,1299050039000,60.738,60.738,60.73,60.737,41000000,1
1299050040000,1299050099000,60.737,60.737,60.727,60.737,27000000,1
1299050100000,1299050159000,60.737,60.741,60.707,60.718,83000000,1
1299050160000,1299050219000,60.711,60.737,60.707,60.727,54000000,1
1299050220000,1299050279000,60.727,60.727,60.697,60.698,67000000,1
1299050280000,1299050339000,60.698,60.708,60.677,60.687,130000000,1
1299050340000,1299050399000,60.687,60.697,60.668,60.677,62000000,1
1299050400000,1299050459000,60.678,60.697,60.677,60.697,48000000,1
1299050460000,1299050519000,60.697,60.717,60.667,60.67,101000000,1
1299050520000,1299050579000,60.677,60.688,60.638,60.638,113000000,1
1299050580000,1299050639000,60.638,60.648,60.616,60.638,125000000,1
1299050640000,1299050699000,60.636,60.658,60.617,60.658,235000000,1
1299050700000,1299050759000,60.659,60.659,60.647,60.656,98000000,1
1299050760000,1299050819000,60.649,60.689,60.649,60.687,106000000,1
1299050820000,1299050879000,60.687,60.708,60.647,60.658,102000000,1
1299050880000,1299050939000,60.657,60.658,60.628,60.648,98000000,1
1299050940000,1299050999000,60.655,60.668,60.626,60.638,110000000,1
1299051000000,1299051059000,60.638,60.648,60.628,60.637,130000000,1
1299051060000,1299051119000,60.637,60.677,60.637,60.656,128000000,1
1299051120000,1299051179000,60.656,60.678,60.646,60.657,194000000,1
1299051180000,1299051239000,60.657,60.668,60.626,60.628,142000000,1
1299051240000,1299051299000,60.628,60.678,60.627,60.668,145000000,1
1299051300000,1299051359000,60.668,60.668,60.647,60.658,114000000,1
1299051360000,1299051419000,60.661,60.68,60.65,60.678,105000000,1
1299051420000,1299051479000,60.678,60.688,60.672,60.678,65000000,1
1299051480000,1299051539000,60.686,60.702,60.677,60.677,97000000,1
1299051540000,1299051599000,60.677,60.687,60.657,60.666,72000000,1
1299051600000,1299051659000,60.666,60.678,60.661,60.668,133000000,1
1299051660000,1299051719000,60.668,60.677,60.668,60.676,17000000,1
1299051720000,1299051779000,60.676,60.707,60.676,60.698,78000000,1
1299051780000,1299051839000,60.699,60.72,60.697,60.718,69000000,1
1299051840000,1299051899000,60.72,60.728,60.717,60.717,46000000,1
1299051900000,1299051959000,60.72,60.738,60.717,60.738,79000000,1
1299051960000,1299052019000,60.738,60.738,60.727,60.729,52000000,1
1299052020000,1299052079000,60.738,60.751,60.728,60.751,49000000,1
1299052080000,1299052139000,60.766,60.778,60.757,60.768,159000000,1
1299052140000,1299052199000,60.768,60.77,60.737,60.737,103000000,1
1299052200000,1299052259000,60.737,60.749,60.727,60.746,95000000,1
1299052260000,1299052319000,60.737,60.752,60.729,60.749,46000000,1
1299052320000,1299052379000,60.756,60.766,60.747,60.758,39000000,1
1299052380000,1299052439000,60.757,60.798,60.757,60.797,96000000,1
1299052440000,1299052499000,60.797,60.807,60.787,60.797,93000000,1
1299052500000,1299052559000,60.797,60.808,60.796,60.797,40000000,1
1299052560000,1299052619000,60.808,60.808,60.787,60.8,127000000,1
1299052620000,1299052679000,60.802,60.812,60.788,60.789,93000000,1
1299052680000,1299052739000,60.798,60.798,60.771,60.778,77000000,1
1299052740000,1299052799000,60.778,60.778,60.757,60.767,81000000,1
1299052800000,1299052859000,60.767,60.787,60.757,60.777,154000000,1
1299052860000,1299052919000,60.777,60.787,60.777,60.777,57000000,1
1299052920000,1299052979000,60.777,60.788,60.768,60.777,83000000,1
1299052980000,1299053039000,60.777,60.786,60.768,60.777,96000000,1
1299053040000,1299053099000,60.776,60.786,60.767,60.768,88000000,1
1299053100000,1299053159000,60.767,60.778,60.767,60.778,61000000,1
1299053160000,1299053219000,60.778,60.787,60.768,60.769,92000000,1
1299053220000,1299053279000,60.767,60.778,60.767,60.768,127000000,1
1299053280000,1299053339000,60.768,60.768,60.758,60.759,47000000,1
1299053340000,1299053399000,60.759,60.766,60.737,60.737,97000000,1
1299053400000,1299053459000,60.737,60.746,60.726,60.73,117000000,1
1299053460000,1299053519000,60.727,60.736,60.717,60.726,104000000,1
1299053520000,1299053579000,60.726,60.736,60.726,60.736,44000000,1
1299053580000,1299053639000,60.729,60.733,60.706,60.71,114000000,1
1299053640000,1299053699000,60.713,60.727,60.699,60.707,77000000,1
1299053700000,1299053759000,60.71,60.71,60.668,60.68,100000000,1
1299053760000,1299053819000,60.687,60.687,60.656,60.659,131000000,1
1299053820000,1299053879000,60.659,60.677,60.657,60.677,87000000,1
1299053880000,1299053939000,60.677,60.678,60.656,60.656,79000000,1
1299053940000,1299053999000,60.648,60.661,60.64,60.648,115000000,1
1299054000000,1299054059000,60.649,60.649,60.632,60.644,53000000,1
1299054060000,1299054119000,60.639,60.658,60.638,60.658,61000000,1
1299054120000,1299054179000,60.651,60.669,60.649,60.661,84000000,1
1299054180000,1299054239000,60.674,60.692,60.674,60.692,23000000,1
1299054240000,1299054299000,60.691,60.696,60.687,60.688,112000000,1
1299054300000,1299054359000,60.688,60.708,60.679,60.698,131000000,1
1299054360000,1299054419000,60.698,60.701,60.688,60.698,104000000,1
1299054420000,1299054479000,60.698,60.698,60.677,60.687,127000000,1
1299054480000,1299054539000,60.687,60.687,60.658,60.658,83000000,1
1299054540000,1299054599000,60.658,60.659,60.656,60.658,61000000,1
1299054600000,1299054659000,60.658,60.667,60.651,60.657,125000000,1
1299054660000,1299054719000,60.652,60.658,60.647,60.653,123000000,1
1299054720000,1299054779000,60.656,60.658,60.648,60.657,190000000,1
1299054780000,1299054839000,60.657,60.663,60.657,60.659,64000000,1
1299054840000,1299054899000,60.658,60.658,60.637,60.647,126000000,1
1299054900000,1299054959000,60.647,60.658,60.637,60.64,105000000,1
1299054960000,1299055019000,60.638,60.647,60.601,60.618,168000000,1
1299055020000,1299055079000,60.618,60.637,60.618,60.63,137000000,1
1299055080000,1299055139000,60.63,60.63,60.617,60.627,164000000,1
1299055140000,1299055199000,60.627,60.629,60.606,60.607,102000000,1
1299055200000,1299055259000,60.607,60.613,60.603,60.613,54000000,1
1299055260000,1299055319000,60.61,60.614,60.587,60.591,70000000,1
1299055320000,1299055379000,60.592,60.608,60.592,60.606,152000000,1
1299055380000,1299055439000,60.606,60.617,60.597,60.607,88000000,1
1299055440000,1299055499000,60.607,60.626,60.597,60.618,130000000,1
1299055500000,1299055559000,60.627,60.639,60.626,60.627,45000000,1
1299055560000,1299055619000,60.622,60.647,60.619,60.637,82000000,1
1299055620000,1299055679000,60.637,60.648,60.636,60.636,145000000,1
1299055680000,1299055739000,60.636,60.648,60.628,60.638,116000000,1
1299055740000,1299055799000,60.638,60.649,60.618,60.647,123000000,1
1299055800000,1299055859000,60.647,60.668,60.647,60.658,220000000,1
1299055860000,1299055919000,60.658,60.658,60.647,60.657,51000000,1
1299055920000,1299055979000,60.657,60.658,60.647,60.647,84000000,1
1299055980000,1299056039000,60.647,60.648,60.634,60.639,54000000,1
1299056040000,1299056099000,60.647,60.65,60.639,60.648,25000000,1
1299056100000,1299056159000,60.648,60.678,60.647,60.659,93000000,1
1299056160000,1299056219000,60.659,60.688,60.659,60.676,120000000,1
1299056220000,1299056279000,60.677,60.698,60.668,60.677,122000000,1
1299056280000,1299056339000,60.676,60.697,60.676,60.688,114000000,1
1299056340000,1299056399000,60.688,60.698,60.672,60.672,93000000,1
1299056400000,1299056459000,60.667,60.678,60.666,60.677,55000000,1
1299056460000,1299056519000,60.679,60.688,60.678,60.682,40000000,1
1299056520000,1299056579000,60.681,60.702,60.679,60.683,71000000,1
1299056580000,1299056639000,60.683,60.698,60.678,60.688,59000000,1
1299056640000,1299056699000,60.69,60.69,60.677,60.688,93000000,1
1299056700000,1299056759000,60.688,60.69,60.68,60.689,66000000,1
1299056760000,1299056819000,60.688,60.688,60.668,60.679,34000000,1
1299056820000,1299056879000,60.678,60.688,60.668,60.684,48000000,1
1299056880000,1299056939000,60.682,60.688,60.677,60.687,41000000,1
1299056940000,1299056999000,60.687,60.708,60.687,60.707,112000000,1
1299057000000,1299057059000,60.707,60.707,60.696,60.697,40000000,1
1299057060000,1299057119000,60.698,60.718,60.677,60.697,154000000,1
1299057120000,1299057179000,60.688,60.728,60.688,60.717,110000000,1
1299057180000,1299057239000,60.717,60.729,60.717,60.727,100000000,1
1299057240000,1299057299000,60.727,60.737,60.717,60.728,36000000,1
1299057300000,1299057359000,60.728,60.748,60.728,60.748,58000000,1
1299057360000,1299057419000,60.748,60.758,60.729,60.749,116000000,1
1299057420000,1299057479000,60.747,60.752,60.719,60.726,125000000,1
1299057480000,1299057539000,60.726,60.729,60.717,60.718,95000000,1
1299057540000,1299057599000,60.718,60.718,60.706,60.711,64000000,1
1299057600000,1299057659000,60.711,60.728,60.697,60.721,133000000,1
1299057660000,1299057719000,60.721,60.728,60.696,60.697,71000000,1
1299057720000,1299057779000,60.698,60.718,60.687,60.707,155000000,1
1299057780000,1299057839000,60.708,60.716,60.7,60.7,61000000,1
1299057840000,1299057899000,60.701,60.706,60.686,60.698,82000000,1
1299057900000,1299057959000,60.698,60.7,60.677,60.7,111000000,1
1299057960000,1299058019000,60.697,60.698,60.686,60.692,51000000,1
1299058020000,1299058079000,60.692,60.718,60.687,60.698,120000000,1
1299058080000,1299058139000,60.696,60.697,60.696,60.696,8000000,1
1299058140000,1299058199000,60.697,60.7,60.657,60.678,122000000,1
1299058200000,1299058259000,60.677,60.718,60.667,60.707,208000000,1
1299058260000,1299058319000,60.707,60.728,60.706,60.721,138000000,1
1299058320000,1299058379000,60.732,60.737,60.717,60.727,53000000,1
1299058380000,1299058439000,60.727,60.734,60.717,60.726,55000000,1
1299058440000,1299058499000,60.726,60.728,60.707,60.727,57000000,1
1299058500000,1299058559000,60.727,60.738,60.717,60.727,84000000,1
1299058560000,1299058619000,60.728,60.748,60.727,60.748,88000000,1
1299058620000,1299058679000,60.747,60.747,60.727,60.73,39000000,1
1299058680000,1299058739000,60.738,60.738,60.727,60.728,23000000,1
1299058740000,1299058799000,60.728,60.728,60.708,60.719,39000000,1
1299058800000,1299058859000,60.722,60.748,60.722,60.728,48000000,1
1299058860000,1299058919000,60.727,60.73,60.698,60.706,86000000,1
1299058920000,1299058979000,60.707,60.707,60.697,60.697,24000000,1
1299058980000,1299059039000,60.701,60.707,60.682,60.696,83000000,1
1299059040000,1299059099000,60.687,60.697,60.674,60.687,79000000,1
1299059100000,1299059159000,60.687,60.708,60.686,60.688,73000000,1
1299059160000,1299059219000,60.687,60.698,60.686,60.698,73000000,1
1299059220000,1299059279000,60.698,60.708,60.696,60.708,76000000,1
1299059280000,1299059339000,60.708,60.708,60.697,60.708,53000000,1
1299059340000,1299059399000,60.708,60.708,60.697,60.707,25000000,1
1299059400000,1299059459000,60.707,60.707,60.707,60.707,7000000,1
1299059460000,1299059519000,60.707,60.708,60.707,60.708,42000000,1
1299059520000,1299059579000,60.707,60.728,60.707,60.727,42000000,1
1299059580000,1299059639000,60.727,60.728,60.717,60.717,29000000,1
1299059640000,1299059699000,60.727,60.728,60.717,60.719,106000000,1
1299059700000,1299059759000,60.723,60.728,60.716,60.728,69000000,1
1299059760000,1299059819000,60.728,60.728,60.717,60.723,48000000,1
1299059820000,1299059879000,60.723,60.758,60.718,60.749,121000000,1
1299059880000,1299059939000,60.758,60.758,60.737,60.738,64000000,1
1299059940000,1299059999000,60.738,60.756,60.728,60.728,127000000,1
1299060000000,1299060059000,60.737,60.749,60.717,60.728,219000000,1
1299060060000,1299060119000,60.727,60.74,60.727,60.727,158000000,1
1299060120000,1299060179000,60.732,60.737,60.727,60.736,82000000,1
1299060180000,1299060239000,60.736,60.751,60.728,60.738,134000000,1
1299060240000,1299060299000,60.738,60.758,60.737,60.748,106000000,1
1299060300000,1299060359000,60.757,60.757,60.74,60.748,49000000,1
1299060360000,1299060419000,60.748,60.768,60.747,60.758,48000000,1
1299060420000,1299060479000,60.758,60.768,60.748,60.768,39000000,1
1299060480000,1299060539000,60.768,60.768,60.767,60.767,52000000,1
1299060540000,1299060599000,60.767,60.768,60.767,60.767,41000000,1
1299060600000,1299060659000,60.767,60.778,60.767,60.767,63000000,1
1299060660000,1299060719000,60.767,60.787,60.767,60.778,67000000,1
1299060720000,1299060779000,60.778,60.778,60.767,60.769,141000000,1
1299060780000,1299060839000,60.767,60.777,60.767,60.768,64000000,1
1299060840000,1299060899000,60.768,60.768,60.768,60.768,20000000,1
1299060900000,1299060959000,60.777,60.788,60.777,60.788,71000000,1
1299060960000,1299061019000,60.788,60.798,60.787,60.789,79000000,1
1299061020000,1299061079000,60.789,60.797,60.787,60.797,138000000,1
1299061080000,1299061139000,60.797,60.818,60.797,60.818,60000000,1
1299061140000,1299061199000,60.822,60.837,60.818,60.828,74000000,1
1299061200000,1299061259000,60.828,60.828,60.817,60.817,31000000,1
1299061260000,1299061319000,60.817,60.83,60.817,60.828,143000000,1
1299061320000,1299061379000,60.828,60.838,60.828,60.831,77000000,1
1299061380000,1299061439000,60.829,60.829,60.807,60.818,56000000,1
1299061440000,1299061499000,60.818,60.828,60.817,60.82,100000000,1
1299061500000,1299061559000,60.819,60.819,60.807,60.811,95000000,1
1299061560000,1299061619000,60.813,60.827,60.808,60.817,66000000,1
1299061620000,1299061679000,60.82,60.82,60.806,60.813,62000000,1
1299061680000,1299061739000,60.813,60.827,60.812,60.812,62000000,1
1299061740000,1299061799000,60.809,60.818,60.806,60.807,54000000,1
1299061800000,1299061859000,60.807,60.837,60.807,60.827,125000000,1
1299061860000,1299061919000,60.827,60.828,60.816,60.824,83000000,1
1299061920000,1299061979000,60.82,60.826,60.817,60.817,37000000,1
1299061980000,1299062039000,60.817,60.827,60.809,60.817,47000000,1
1299062040000,1299062099000,60.818,60.818,60.792,60.792,45000000,1
1299062100000,1299062159000,60.797,60.797,60.789,60.79,74000000,1
1299062160000,1299062219000,60.791,60.798,60.787,60.794,61000000,1
1299062220000,1299062279000,60.794,60.8,60.787,60.797,141000000,1
1299062280000,1299062339000,60.796,60.807,60.788,60.798,37000000,1
1299062340000,1299062399000,60.798,60.798,60.791,60.797,34000000,1
1299062400000,1299062459000,60.797,60.807,60.797,60.807,26000000,1
1299062460000,1299062519000,60.807,60.817,60.798,60.816,131000000,1
1299062520000,1299062579000,60.808,60.819,60.806,60.817,125000000,1
1299062580000,1299062639000,60.814,60.817,60.806,60.807,68000000,1
1299062640000,1299062699000,60.806,60.826,60.806,60.818,93000000,1
1299062700000,1299062759000,60.818,60.847,60.811,60.837,122000000,1
1299062760000,1299062819000,60.837,60.858,60.831,60.847,128000000,1
1299062820000,1299062879000,60.847,60.848,60.827,60.827,182000000,1
1299062880000,1299062939000,60.827,60.858,60.826,60.837,183000000,1
1299062940000,1299062999000,60.837,60.848,60.817,60.817,102000000,1
1299063000000,1299063059000,60.817,60.817,60.817,60.817,16000000,1
1299063060000,1299063119000,60.817,60.817,60.797,60.797,82000000,1
1299063120000,1299063179000,60.797,60.808,60.797,60.808,37000000,1
1299063180000,1299063239000,60.808,60.808,60.797,60.798,86000000,1
1299063240000,1299063299000,60.799,60.799,60.781,60.787,59000000,1
1299063300000,1299063359000,60.777,60.786,60.761,60.777,87000000,1
1299063360000,1299063419000,60.777,60.778,60.741,60.747,107000000,1
1299063420000,1299063479000,60.747,60.758,60.747,60.748,120000000,1
1299063480000,1299063539000,60.748,60.748,60.737,60.747,38000000,1
1299063540000,1299063599000,60.747,60.788,60.747,60.786,156000000,1
1299063600000,1299063659000,60.787,60.788,60.776,60.787,42000000,1
1299063660000,1299063719000,60.787,60.807,60.787,60.807,53000000,1
1299063720000,1299063779000,60.807,60.807,60.777,60.778,88000000,1
1299063780000,1299063839000,60.78,60.788,60.78,60.787,43000000,1
1299063840000,1299063899000,60.788,60.798,60.787,60.787,44000000,1
1299063900000,1299063959000,60.796,60.798,60.787,60.797,54000000,1
1299063960000,1299064019000,60.798,60.808,60.786,60.786,50000000,1
1299064020000,1299064079000,60.778,60.798,60.776,60.788,74000000,1
1299064080000,1299064139000,60.786,60.807,60.786,60.788,84000000,1
1299064140000,1299064199000,60.788,60.788,60.778,60.787,21000000,1
1299064200000,1299064259000,60.787,60.797,60.777,60.788,73000000,1
1299064260000,1299064319000,60.787,60.788,60.787,60.788,14000000,1
1299064320000,1299064379000,60.797,60.797,60.785,60.785,24000000,1
1299064380000,1299064439000,60.789,60.797,60.777,60.779,56000000,1
1299064440000,1299064499000,60.778,60.797,60.778,60.797,89000000,1
1299064500000,1299064559000,60.789,60.799,60.787,60.793,60000000,1
1299064560000,1299064619000,60.794,60.798,60.793,60.797,76000000,1
1299064620000,1299064679000,60.794,60.797,60.793,60.794,18000000,1
1299064680000,1299064739000,60.793,60.807,60.793,60.797,93000000,1
1299064740000,1299064799000,60.796,60.797,60.796,60.797,16000000,1
1299064800000,1299064859000,60.796,60.807,60.796,60.797,64000000,1
1299064860000,1299064919000,60.797,60.808,60.796,60.808,54000000,1
1299064920000,1299064979000,60.808,60.808,60.796,60.807,51000000,1
1299064980000,1299065039000,60.813,60.818,60.797,60.814,77000000,1
1299065040000,1299065099000,60.814,60.814,60.796,60.807,97000000,1
1299065100000,1299065159000,60.806,60.806,60.798,60.806,18000000,1
1299065160000,1299065219000,60.806,60.808,60.806,60.807,22000000,1
1299065220000,1299065279000,60.807,60.807,60.806,60.806,9000000,1
1299065280000,1299065339000,60.807,60.807,60.797,60.806,30000000,1
1299065340000,1299065399000,60.807,60.807,60.806,60.806,14000000,1
1299065400000,1299065459000,60.807,60.829,60.807,60.828,76000000,1
1299065460000,1299065519000,60.828,60.828,60.818,60.818,38000000,1
1299065520000,1299065579000,60.818,60.818,60.817,60.817,23000000,1
1299065580000,1299065639000,60.817,60.817,60.802,60.808,26000000,1
1299065640000,1299065699000,60.809,60.816,60.809,60.816,6000000,1
1299065700000,1299065759000,60.817,60.817,60.808,60.817,12000000,1
1299065760000,1299065819000,60.818,60.818,60.808,60.817,29000000,1
1299065820000,1299065879000,60.816,60.818,60.816,60.817,8000000,1
1299065880000,1299065939000,60.816,60.816,60.816,60.816,2000000,1
1299065940000,1299065999000,60.816,60.816,60.808,60.808,8000000,1
1299066000000,1299066059000,60.808,60.827,60.808,60.821,39000000,1
1299066060000,1299066119000,60.817,60.821,60.816,60.819,46000000,1
1299066120000,1299066179000,60.819,60.828,60.819,60.819,15000000,1
1299066180000,1299066239000,60.819,60.828,60.817,60.828,48000000,1
1299066240000,1299066299000,60.836,60.837,60.827,60.827,8000000,1
1299066300000,1299066359000,60.828,60.837,60.827,60.827,14000000,1
1299066360000,1299066419000,60.827,60.838,60.827,60.836,36000000,1
1299066420000,1299066479000,60.836,60.848,60.83,60.83,74000000,1
1299066480000,1299066539000,60.829,60.837,60.821,60.827,62000000,1
1299066540000,1299066599000,60.828,60.837,60.818,60.826,20000000,1
1299066600000,1299066659000,60.827,60.829,60.82,60.827,23000000,1
1299066660000,1299066719000,60.827,60.827,60.819,60.82,10000000,1
1299066720000,1299066779000,60.827,60.827,60.816,60.818,23000000,1
1299066780000,1299066839000,60.818,60.828,60.816,60.816,42000000,1
1299066840000,1299066899000,60.817,60.817,60.791,60.798,52000000,1
1299066900000,1299066959000,60.805,60.807,60.796,60.797,40000000,1
1299066960000,1299067019000,60.796,60.799,60.788,60.788,42000000,1
1299067020000,1299067079000,60.788,60.788,60.756,60.767,69000000,1
1299067080000,1299067139000,60.767,60.776,60.756,60.776,62000000,1
1299067140000,1299067199000,60.776,60.796,60.776,60.796,44000000,1
1299067200000,1299067259000,60.788,60.788,60.767,60.776,92000000,1
1299067260000,1299067319000,60.776,60.778,60.756,60.766,146000000,1
1299067320000,1299067379000,60.766,60.768,60.757,60.767,61000000,1
1299067380000,1299067439000,60.766,60.802,60.766,60.802,33000000,1
1299067440000,1299067499000,60.806,60.806,60.796,60.798,108000000,1
1299067500000,1299067559000,60.798,60.807,60.798,60.806,51000000,1
1299067560000,1299067619000,60.807,60.827,60.806,60.817,54000000,1
1299067620000,1299067679000,60.816,60.827,60.816,60.818,62000000,1
1299067680000,1299067739000,60.818,60.826,60.818,60.818,42000000,1
1299067740000,1299067799000,60.819,60.82,60.818,60.818,65000000,1
1299067800000,1299067859000,60.818,60.818,60.806,60.808,61000000,1
1299067860000,1299067919000,60.808,60.817,60.808,60.816,36000000,1
1299067920000,1299067979000,60.816,60.817,60.816,60.817,68000000,1
1299067980000,1299068039000,60.816,60.817,60.816,60.816,44000000,1
1299068040000,1299068099000,60.817,60.827,60.816,60.816,46000000,1
1299068100000,1299068159000,60.816,60.827,60.796,60.808,117000000,1
1299068160000,1299068219000,60.808,60.811,60.797,60.806,181000000,1
1299068220000,1299068279000,60.806,60.818,60.788,60.807,121000000,1
1299068280000,1299068339000,60.807,60.807,60.797,60.807,30000000,1
1299068340000,1299068399000,60.798,60.798,60.792,60.798,21000000,1
1299068400000,1299068459000,60.798,60.806,60.792,60.806,63000000,1
1299068460000,1299068519000,60.808,60.808,60.797,60.797,58000000,1
1299068520000,1299068579000,60.797,60.798,60.788,60.797,62000000,1
1299068580000,1299068639000,60.797,60.816,60.786,60.816,106000000,1
1299068640000,1299068699000,60.816,60.826,60.816,60.816,21000000,1
1299068700000,1299068759000,60.816,60.818,60.806,60.806,39000000,1
1299068760000,1299068819000,60.807,60.817,60.799,60.81,51000000,1
1299068820000,1299068879000,60.807,60.816,60.798,60.808,50000000,1
1299068880000,1299068939000,60.811,60.82,60.806,60.817,73000000,1
1299068940000,1299068999000,60.809,60.816,60.788,60.788,82000000,1
1299069000000,1299069059000,60.788,60.817,60.788,60.817,55000000,1
1299069060000,1299069119000,60.817,60.817,60.807,60.816,30000000,1
1299069120000,1299069179000,60.816,60.817,60.806,60.807,39000000,1
1299069180000,1299069239000,60.807,60.807,60.797,60.807,16000000,1
1299069240000,1299069299000,60.807,60.807,60.787,60.797,29000000,1
1299069300000,1299069359000,60.804,60.827,60.796,60.827,122000000,1
1299069360000,1299069419000,60.828,60.828,60.807,60.817,95000000,1
1299069420000,1299069479000,60.817,60.827,60.807,60.818,68000000,1
1299069480000,1299069539000,60.819,60.819,60.808,60.808,52000000,1
1299069540000,1299069599000,60.808,60.817,60.808,60.817,42000000,1
1299069600000,1299069659000,60.817,60.818,60.807,60.818,21000000,1
1299069660000,1299069719000,60.816,60.816,60.798,60.801,38000000,1
1299069720000,1299069779000,60.8,60.807,60.798,60.807,19000000,1
1299069780000,1299069839000,60.807,60.807,60.789,60.796,24000000,1
1299069840000,1299069899000,60.796,60.796,60.778,60.778,26000000,1
1299069900000,1299069959000,60.779,60.782,60.768,60.77,32000000,1
1299069960000,1299070019000,60.767,60.767,60.736,60.736,134000000,1
1299070020000,1299070079000,60.738,60.742,60.726,60.741,115000000,1
1299070080000,1299070139000,60.745,60.748,60.737,60.746,59000000,1
1299070140000,1299070199000,60.746,60.756,60.742,60.747,38000000,1
1299070200000,1299070259000,60.747,60.767,60.747,60.756,60000000,1
1299070260000,1299070319000,60.756,60.777,60.756,60.776,103000000,1
1299070320000,1299070379000,60.771,60.777,60.746,60.746,63000000,1
1299070380000,1299070439000,60.746,60.749,60.736,60.748,112000000,1
1299070440000,1299070499000,60.748,60.761,60.747,60.757,57000000,1
1299070500000,1299070559000,60.756,60.756,60.729,60.739,103000000,1
1299070560000,1299070619000,60.739,60.756,60.739,60.756,43000000,1
1299070620000,1299070679000,60.757,60.761,60.746,60.761,35000000,1
1299070680000,1299070739000,60.766,60.767,60.756,60.756,84000000,1
1299070740000,1299070799000,60.756,60.777,60.756,60.767,94000000,1
1299070800000,1299070859000,60.767,60.786,60.757,60.773,75000000,1
1299070860000,1299070919000,60.776,60.778,60.756,60.757,43000000,1
1299070920000,1299070979000,60.757,60.757,60.73,60.756,100000000,1
1299070980000,1299071039000,60.751,60.751,60.706,60.727,146000000,1
1299071040000,1299071099000,60.727,60.736,60.72,60.736,57000000,1
1299071100000,1299071159000,60.736,60.736,60.708,60.716,61000000,1
1299071160000,1299071219000,60.716,60.758,60.716,60.751,116000000,1
1299071220000,1299071279000,60.757,60.766,60.747,60.758,88000000,1
1299071280000,1299071339000,60.758,60.758,60.742,60.747,42000000,1
1299071340000,1299071399000,60.747,60.758,60.747,60.757,39000000,1
1299071400000,1299071459000,60.757,60.777,60.756,60.758,92000000,1
1299071460000,1299071519000,60.758,60.783,60.749,60.783,89000000,1
1299071520000,1299071579000,60.786,60.787,60.769,60.777,55000000,1
1299071580000,1299071639000,60.768,60.798,60.767,60.798,153000000,1
1299071640000,1299071699000,60.798,60.798,60.742,60.747,132000000,1
1299071700000,1299071759000,60.752,60.829,60.752,60.798,205000000,1
1299071760000,1299071819000,60.792,60.797,60.777,60.788,139000000,1
1299071820000,1299071879000,60.788,60.788,60.757,60.766,156000000,1
1299071880000,1299071939000,60.766,60.807,60.749,60.788,105000000,1
1299071940000,1299071999000,60.787,60.798,60.771,60.771,55000000,1
1299072000000,1299072059000,60.771,60.803,60.756,60.758,118000000,1
1299072060000,1299072119000,60.758,60.758,60.752,60.758,37000000,1
1299072120000,1299072179000,60.758,60.782,60.754,60.777,87000000,1
1299072180000,1299072239000,60.777,60.788,60.777,60.788,78000000,1
1299072240000,1299072299000,60.789,60.798,60.76,60.76,131000000,1
1299072300000,1299072359000,60.76,60.772,60.75,60.77,59000000,1
1299072360000,1299072419000,60.766,60.767,60.757,60.757,23000000,1
1299072420000,1299072479000,60.758,60.758,60.738,60.745,124000000,1
1299072480000,1299072539000,60.744,60.744,60.692,60.697,145000000,1
1299072540000,1299072599000,60.697,60.7,60.677,60.691,147000000,1
1299072600000,1299072659000,60.688,60.688,60.668,60.674,136000000,1
1299072660000,1299072719000,60.677,60.688,60.677,60.686,120000000,1
1299072720000,1299072779000,60.686,60.697,60.646,60.647,119000000,1
1299072780000,1299072839000,60.647,60.661,60.636,60.646,98000000,1
1299072840000,1299072899000,60.64,60.656,60.627,60.654,165000000,1
1299072900000,1299072959000,60.659,60.67,60.649,60.654,128000000,1
1299072960000,1299073019000,60.655,60.684,60.649,60.66,116000000,1
1299073020000,1299073079000,60.663,60.668,60.653,60.658,85000000,1
1299073080000,1299073139000,60.658,60.666,60.65,60.651,69000000,1
1299073140000,1299073199000,60.65,60.658,60.642,60.65,85000000,1
1299073200000,1299073259000,60.65,60.65,60.639,60.642,66000000,1
1299073260000,1299073319000,60.641,60.658,60.638,60.638,52000000,1
1299073320000,1299073379000,60.638,60.662,60.629,60.65,172000000,1
1299073380000,1299073439000,60.649,60.671,60.642,60.667,140000000,1
1299073440000,1299073499000,60.667,60.671,60.647,60.659,159000000,1
1299073500000,1299073559000,60.659,60.698,60.657,60.677,198000000,1
1299073560000,1299073619000,60.677,60.708,60.677,60.708,191000000,1
1299073620000,1299073679000,60.708,60.747,60.708,60.716,167000000,1
1299073680000,1299073739000,60.716,60.738,60.708,60.71,187000000,1
1299073740000,1299073799000,60.708,60.728,60.672,60.677,210000000,1
1299073800000,1299073859000,60.677,60.698,60.677,60.687,143000000,1
1299073860000,1299073919000,60.688,60.709,60.684,60.689,230000000,1
1299073920000,1299073979000,60.691,60.693,60.678,60.689,131000000,1
1299073980000,1299074039000,60.689,60.722,60.689,60.718,98000000,1
1299074040000,1299074099000,60.718,60.72,60.698,60.7,131000000,1
1299074100000,1299074159000,60.701,60.721,60.701,60.718,79000000,1
1299074160000,1299074219000,60.71,60.718,60.698,60.709,139000000,1
1299074220000,1299074279000,60.709,60.709,60.696,60.708,70000000,1
1299074280000,1299074339000,60.701,60.718,60.697,60.707,140000000,1
1299074340000,1299074399000,60.707,60.717,60.7,60.708,109000000,1
1299074400000,1299074459000,60.708,60.757,60.707,60.747,207000000,1
1299074460000,1299074519000,60.747,60.762,60.743,60.746,211000000,1
1299074520000,1299074579000,60.747,60.758,60.737,60.745,122000000,1
1299074580000,1299074639000,60.745,60.751,60.738,60.738,77000000,1
1299074640000,1299074699000,60.739,60.739,60.732,60.733,54000000,1
1299074700000,1299074759000,60.733,60.744,60.733,60.735,88000000,1
1299074760000,1299074819000,60.736,60.74,60.73,60.735,75000000,1
1299074820000,1299074879000,60.734,60.747,60.728,60.747,71000000,1
1299074880000,1299074939000,60.741,60.768,60.737,60.76,112000000,1
1299074940000,1299074999000,60.761,60.768,60.741,60.752,129000000,1
1299075000000,1299075059000,60.751,60.758,60.744,60.755,89000000,1
1299075060000,1299075119000,60.754,60.757,60.73,60.733,134000000,1
1299075120000,1299075179000,60.736,60.751,60.724,60.743,150000000,1
1299075180000,1299075239000,60.738,60.741,60.727,60.737,138000000,1
1299075240000,1299075299000,60.737,60.739,60.729,60.73,58000000,1
1299075300000,1299075359000,60.73,60.741,60.73,60.738,65000000,1
1299075360000,1299075419000,60.737,60.753,60.719,60.738,209000000,1
1299075420000,1299075479000,60.737,60.758,60.737,60.738,130000000,1
1299075480000,1299075539000,60.738,60.817,60.738,60.798,199000000,1
1299075540000,1299075599000,60.799,60.829,60.79,60.809,186000000,1
1299075600000,1299075659000,60.809,60.864,60.799,60.849,281000000,1
1299075660000,1299075719000,60.847,60.847,60.807,60.809,122000000,1
1299075720000,1299075779000,60.809,60.809,60.787,60.79,101000000,1
1299075780000,1299075839000,60.792,60.797,60.778,60.792,74000000,1
1299075840000,1299075899000,60.791,60.804,60.763,60.767,134000000,1
1299075900000,1299075959000,60.767,60.767,60.726,60.727,221000000,1
1299075960000,1299076019000,60.727,60.743,60.718,60.728,98000000,1
1299076020000,1299076079000,60.728,60.728,60.669,60.71,226000000,1
1299076080000,1299076139000,60.709,60.709,60.677,60.679,117000000,1
1299076140000,1299076199000,60.677,60.684,60.656,60.656,150000000,1
1299076200000,1299076259000,60.657,60.68,60.639,60.668,253000000,1
1299076260000,1299076319000,60.667,60.696,60.651,60.669,302000000,1
1299076320000,1299076379000,60.669,60.697,60.647,60.688,186000000,1
1299076380000,1299076439000,60.687,60.687,60.627,60.627,159000000,1
1299076440000,1299076499000,60.627,60.627,60.592,60.598,238000000,1
1299076500000,1299076559000,60.598,60.627,60.598,60.627,208000000,1
1299076560000,1299076619000,60.627,60.648,60.626,60.647,238000000,1
1299076620000,1299076679000,60.647,60.68,60.647,60.678,196000000,1
1299076680000,1299076739000,60.678,60.687,60.657,60.662,116000000,1
1299076740000,1299076799000,60.667,60.667,60.637,60.662,160000000,1
1299076800000,1299076859000,60.667,60.71,60.667,60.706,228000000,1
1299076860000,1299076919000,60.704,60.731,60.69,60.72,202000000,1
1299076920000,1299076979000,60.719,60.727,60.717,60.717,68000000,1
1299076980000,1299077039000,60.711,60.729,60.697,60.711,204000000,1
1299077040000,1299077099000,60.708,60.71,60.69,60.69,180000000,1
1299077100000,1299077159000,60.694,60.697,60.658,60.663,203000000,1
1299077160000,1299077219000,60.664,60.697,60.661,60.688,163000000,1
1299077220000,1299077279000,60.688,60.688,60.659,60.668,124000000,1
1299077280000,1299077339000,60.668,60.668,60.607,60.63,108000000,1
1299077340000,1299077399000,60.632,60.668,60.628,60.667,158000000,1
1299077400000,1299077459000,60.658,60.667,60.656,60.666,123000000,1
1299077460000,1299077519000,60.666,60.682,60.657,60.666,102000000,1
1299077520000,1299077579000,60.666,60.675,60.648,60.674,61000000,1
1299077580000,1299077639000,60.672,60.673,60.66,60.669,93000000,1
1299077640000,1299077699000,60.667,60.678,60.638,60.646,180000000,1
1299077700000,1299077759000,60.65,60.658,60.638,60.648,156000000,1
1299077760000,1299077819000,60.648,60.648,60.623,60.627,132000000,1
1299077820000,1299077879000,60.627,60.638,60.625,60.627,175000000,1
1299077880000,1299077939000,60.627,60.659,60.619,60.648,173000000,1
1299077940000,1299077999000,60.657,60.659,60.637,60.643,208000000,1
1299078000000,1299078059000,60.639,60.662,60.637,60.649,117000000,1
1299078060000,1299078119000,60.648,60.677,60.648,60.666,109000000,1
1299078120000,1299078179000,60.667,60.667,60.659,60.667,102000000,1
1299078180000,1299078239000,60.667,60.668,60.649,60.657,128000000,1
1299078240000,1299078299000,60.65,60.658,60.637,60.658,190000000,1
1299078300000,1299078359000,60.657,60.68,60.647,60.68,207000000,1
1299078360000,1299078419000,60.678,60.708,60.658,60.677,219000000,1
1299078420000,1299078479000,60.677,60.677,60.627,60.627,206000000,1
1299078480000,1299078539000,60.627,60.631,60.597,60.6,161000000,1
1299078540000,1299078599000,60.597,60.627,60.597,60.626,160000000,1
1299078600000,1299078659000,60.62,60.632,60.618,60.628,83000000,1
1299078660000,1299078719000,60.628,60.64,60.599,60.629,121000000,1
1299078720000,1299078779000,60.629,60.649,60.617,60.637,149000000,1
1299078780000,1299078839000,60.637,60.647,60.637,60.647,134000000,1
1299078840000,1299078899000,60.647,60.647,60.636,60.646,88000000,1
1299078900000,1299078959000,60.647,60.65,60.625,60.647,137000000,1
1299078960000,1299079019000,60.647,60.658,60.626,60.646,261000000,1
1299079020000,1299079079000,60.648,60.66,60.634,60.659,169000000,1
1299079080000,1299079139000,60.657,60.669,60.639,60.668,262000000,1
1299079140000,1299079199000,60.666,60.699,60.666,60.693,150000000,1
1299079200000,1299079259000,60.692,60.711,60.687,60.7,126000000,1
1299079260000,1299079319000,60.701,60.703,60.678,60.687,129000000,1
1299079320000,1299079379000,60.687,60.735,60.67,60.727,225000000,1
1299079380000,1299079439000,60.726,60.738,60.686,60.694,181000000,1
1299079440000,1299079499000,60.691,60.695,60.678,60.687,107000000,1
1299079500000,1299079559000,60.682,60.707,60.682,60.69,176000000,1
1299079560000,1299079619000,60.688,60.699,60.686,60.699,48000000,1
1299079620000,1299079679000,60.698,60.698,60.677,60.688,129000000,1
1299079680000,1299079739000,60.69,60.707,60.68,60.707,131000000,1
1299079740000,1299079799000,60.704,60.718,60.682,60.682,158000000,1
1299079800000,1299079859000,60.683,60.683,60.648,60.658,129000000,1
1299079860000,1299079919000,60.658,60.668,60.651,60.667,88000000,1
1299079920000,1299079979000,60.667,60.677,60.646,60.658,123000000,1
1299079980000,1299080039000,60.659,60.66,60.652,60.658,85000000,1
1299080040000,1299080099000,60.66,60.678,60.656,60.657,126000000,1
1299080100000,1299080159000,60.654,60.702,60.654,60.696,113000000,1
1299080160000,1299080219000,60.698,60.708,60.689,60.701,68000000,1
1299080220000,1299080279000,60.698,60.714,60.689,60.689,122000000,1
1299080280000,1299080339000,60.689,60.737,60.688,60.732,121000000,1
1299080340000,1299080399000,60.738,60.738,60.674,60.683,173000000,1
1299080400000,1299080459000,60.686,60.702,60.651,60.676,247000000,1
1299080460000,1299080519000,60.677,60.688,60.67,60.688,116000000,1
1299080520000,1299080579000,60.688,60.688,60.658,60.661,123000000,1
1299080580000,1299080639000,60.666,60.679,60.66,60.677,113000000,1
1299080640000,1299080699000,60.677,60.682,60.669,60.678,82000000,1
1299080700000,1299080759000,60.679,60.708,60.677,60.708,115000000,1
1299080760000,1299080819000,60.697,60.737,60.697,60.722,107000000,1
1299080820000,1299080879000,60.72,60.72,60.687,60.692,110000000,1
1299080880000,1299080939000,60.692,60.701,60.662,60.701,140000000,1
1299080940000,1299080999000,60.701,60.717,60.698,60.717,65000000,1
1299081000000,1299081059000,60.719,60.733,60.701,60.708,139000000,1
1299081060000,1299081119000,60.706,60.729,60.706,60.728,126000000,1
1299081120000,1299081179000,60.727,60.728,60.718,60.728,20000000,1
1299081180000,1299081239000,60.728,60.775,60.727,60.758,117000000,1
1299081240000,1299081299000,60.758,60.758,60.727,60.736,139000000,1
1299081300000,1299081359000,60.736,60.736,60.707,60.727,141000000,1
1299081360000,1299081419000,60.729,60.729,60.712,60.72,115000000,1
1299081420000,1299081479000,60.725,60.729,60.717,60.726,101000000,1
1299081480000,1299081539000,60.723,60.726,60.703,60.707,49000000,1
1299081540000,1299081599000,60.708,60.717,60.668,60.671,215000000,1
1299081600000,1299081659000,60.67,60.716,60.67,60.711,227000000,1
1299081660000,1299081719000,60.716,60.718,60.701,60.714,85000000,1
1299081720000,1299081779000,60.714,60.747,60.712,60.736,126000000,1
1299081780000,1299081839000,60.736,60.736,60.707,60.707,74000000,1
1299081840000,1299081899000,60.707,60.739,60.707,60.737,101000000,1
1299081900000,1299081959000,60.738,60.747,60.687,60.697,139000000,1
1299081960000,1299082019000,60.696,60.7,60.676,60.677,109000000,1
1299082020000,1299082079000,60.678,60.692,60.674,60.687,158000000,1
1299082080000,1299082139000,60.687,60.707,60.679,60.698,153000000,1
1299082140000,1299082199000,60.691,60.698,60.686,60.686,87000000,1
1299082200000,1299082259000,60.677,60.707,60.658,60.678,187000000,1
1299082260000,1299082319000,60.678,60.697,60.668,60.668,48000000,1
1299082320000,1299082379000,60.67,60.677,60.657,60.66,156000000,1
1299082380000,1299082439000,60.66,60.668,60.657,60.657,107000000,1
1299082440000,1299082499000,60.657,60.668,60.656,60.658,96000000,1
1299082500000,1299082559000,60.657,60.668,60.656,60.668,36000000,1
1299082560000,1299082619000,60.668,60.668,60.658,60.668,69000000,1
1299082620000,1299082679000,60.668,60.688,60.659,60.687,74000000,1
1299082680000,1299082739000,60.687,60.698,60.678,60.688,77000000,1
1299082740000,1299082799000,60.687,60.691,60.677,60.687,63000000,1
1299082800000,1299082859000,60.679,60.688,60.677,60.677,67000000,1
1299082860000,1299082919000,60.677,60.678,60.667,60.669,63000000,1
1299082920000,1299082979000,60.668,60.678,60.668,60.677,51000000,1
1299082980000,1299083039000,60.677,60.687,60.674,60.677,50000000,1
1299083040000,1299083099000,60.677,60.677,60.657,60.677,71000000,1
1299083100000,1299083159000,60.677,60.69,60.666,60.687,84000000,1
1299083160000,1299083219000,60.687,60.698,60.686,60.688,88000000,1
1299083220000,1299083279000,60.688,60.689,60.678,60.679,58000000,1
1299083280000,1299083339000,60.687,60.698,60.687,60.688,70000000,1
1299083340000,1299083399000,60.691,60.698,60.669,60.697,100000000,1
1299083400000,1299083459000,60.687,60.689,60.674,60.682,108000000,1
1299083460000,1299083519000,60.681,60.688,60.667,60.677,88000000,1
1299083520000,1299083579000,60.677,60.686,60.666,60.686,27000000,1
1299083580000,1299083639000,60.681,60.687,60.671,60.686,45000000,1
1299083640000,1299083699000,60.686,60.688,60.673,60.677,58000000,1
1299083700000,1299083759000,60.678,60.686,60.667,60.667,59000000,1
1299083760000,1299083819000,60.666,60.675,60.657,60.667,62000000,1
1299083820000,1299083879000,60.667,60.668,60.647,60.647,56000000,1
1299083880000,1299083939000,60.647,60.656,60.639,60.656,110000000,1
1299083940000,1299083999000,60.656,60.658,60.648,60.657,44000000,1
1299084000000,1299084059000,60.657,60.662,60.648,60.656,71000000,1
1299084060000,1299084119000,60.656,60.657,60.647,60.65,26000000,1
1299084120000,1299084179000,60.649,60.649,60.637,60.646,65000000,1
1299084180000,1299084239000,60.646,60.651,60.637,60.646,70000000,1
1299084240000,1299084299000,60.646,60.647,60.617,60.627,123000000,1
1299084300000,1299084359000,60.627,60.627,60.599,60.617,66000000,1
1299084360000,1299084419000,60.617,60.617,60.597,60.608,150000000,1
1299084420000,1299084479000,60.608,60.613,60.587,60.587,138000000,1
1299084480000,1299084539000,60.588,60.599,60.581,60.598,61000000,1
1299084540000,1299084599000,60.597,60.599,60.586,60.587,130000000,1
1299084600000,1299084659000,60.593,60.609,60.588,60.589,92000000,1
1299084660000,1299084719000,60.592,60.598,60.578,60.587,60000000,1
1299084720000,1299084779000,60.587,60.597,60.577,60.587,70000000,1
1299084780000,1299084839000,60.587,60.597,60.576,60.596,92000000,1
1299084840000,1299084899000,60.596,60.607,60.596,60.597,43000000,1
1299084900000,1299084959000,60.597,60.607,60.589,60.597,102000000,1
1299084960000,1299085019000,60.597,60.597,60.567,60.576,105000000,1
1299085020000,1299085079000,60.576,60.577,60.568,60.568,17000000,1
1299085080000,1299085139000,60.568,60.578,60.567,60.576,42000000,1
1299085140000,1299085199000,60.576,60.576,60.547,60.566,61000000,1
1299085200000,1299085259000,60.566,60.566,60.546,60.556,30000000,1
1299085260000,1299085319000,60.557,60.559,60.547,60.557,40000000,1
1299085320000,1299085379000,60.556,60.57,60.546,60.57,38000000,1
1299085380000,1299085439000,60.576,60.577,60.558,60.566,83000000,1
1299085440000,1299085499000,60.566,60.578,60.566,60.576,74000000,1
1299085500000,1299085559000,60.576,60.589,60.568,60.588,110000000,1
1299085560000,1299085619000,60.592,60.599,60.589,60.598,69000000,1
1299085620000,1299085679000,60.598,60.604,60.597,60.601,22000000,1
1299085680000,1299085739000,60.6,60.608,60.597,60.603,32000000,1
1299085740000,1299085799000,60.601,60.62,60.596,60.617,71000000,1
1299085800000,1299085859000,60.61,60.618,60.606,60.607,37000000,1
1299085860000,1299085919000,60.608,60.628,60.607,60.628,55000000,1
1299085920000,1299085979000,60.628,60.637,60.626,60.627,63000000,1
1299085980000,1299086039000,60.627,60.628,60.598,60.598,50000000,1
1299086040000,1299086099000,60.599,60.617,60.598,60.599,101000000,1
1299086100000,1299086159000,60.602,60.608,60.602,60.606,22000000,1
1299086160000,1299086219000,60.607,60.617,60.596,60.598,73000000,1
1299086220000,1299086279000,60.602,60.608,60.602,60.608,16000000,1
1299086280000,1299086339000,60.608,60.611,60.597,60.597,70000000,1
1299086340000,1299086399000,60.597,60.628,60.597,60.618,57000000,1
1299086400000,1299086459000,60.618,60.648,60.609,60.648,62000000,1
1299086460000,1299086519000,60.65,60.65,60.627,60.638,35000000,1
1299086520000,1299086579000,60.636,60.647,60.636,60.641,36000000,1
1299086580000,1299086639000,60.638,60.646,60.628,60.637,51000000,1
1299086640000,1299086699000,60.637,60.638,60.637,60.638,9000000,1
1299086700000,1299086759000,60.638,60.638,60.632,60.638,21000000,1
1299086760000,1299086819000,60.636,60.636,60.627,60.627,30000000,1
1299086820000,1299086879000,60.627,60.646,60.627,60.646,28000000,1
1299086880000,1299086939000,60.646,60.647,60.636,60.636,17000000,1
1299086940000,1299086999000,60.636,60.647,60.636,60.647,16000000,1
1299087000000,1299087059000,60.647,60.663,60.642,60.656,50000000,1
1299087060000,1299087119000,60.656,60.679,60.647,60.679,72000000,1
1299087120000,1299087179000,60.687,60.687,60.676,60.677,42000000,1
1299087180000,1299087239000,60.677,60.696,60.677,60.686,44000000,1
1299087240000,1299087299000,60.686,60.686,60.664,60.686,64000000,1
1299087300000,1299087359000,60.686,60.688,60.686,60.688,26000000,1
1299087360000,1299087419000,60.686,60.686,60.686,60.686,16000000,1
1299087420000,1299087479000,60.686,60.696,60.678,60.678,51000000,1
1299087480000,1299087539000,60.679,60.697,60.678,60.697,51000000,1
1299087540000,1299087599000,60.697,60.697,60.69,60.696,35000000,1
1299087600000,1299087659000,60.696,60.717,60.696,60.717,80000000,1
1299087660000,1299087719000,60.717,60.717,60.716,60.717,9000000,1
1299087720000,1299087779000,60.716,60.727,60.707,60.716,73000000,1
1299087780000,1299087839000,60.716,60.718,60.707,60.717,39000000,1
1299087840000,1299087899000,60.719,60.728,60.707,60.707,43000000,1
1299087900000,1299087959000,60.707,60.707,60.677,60.677,46000000,1
1299087960000,1299088019000,60.687,60.716,60.687,60.707,40000000,1
1299088020000,1299088079000,60.707,60.707,60.693,60.697,17000000,1
1299088080000,1299088139000,60.697,60.697,60.687,60.688,18000000,1
1299088140000,1299088199000,60.686,60.7,60.686,60.698,51000000,1
1299088200000,1299088259000,60.697,60.707,60.696,60.707,55000000,1
1299088260000,1299088319000,60.707,60.733,60.706,60.726,58000000,1
1299088320000,1299088379000,60.726,60.729,60.716,60.727,52000000,1
1299088380000,1299088439000,60.727,60.727,60.722,60.723,23000000,1
1299088440000,1299088499000,60.723,60.724,60.719,60.72,22000000,1
1299088500000,1299088559000,60.72,60.721,60.702,60.709,42000000,1
1299088560000,1299088619000,60.713,60.726,60.71,60.719,36000000,1
1299088620000,1299088679000,60.718,60.718,60.706,60.709,42000000,1
1299088680000,1299088739000,60.709,60.72,60.709,60.717,26000000,1
1299088740000,1299088799000,60.716,60.717,60.709,60.716,9000000,1
1299088800000,1299088859000,60.727,60.736,60.711,60.717,22000000,1
1299088860000,1299088919000,60.717,60.717,60.707,60.711,43000000,1
1299088920000,1299088979000,60.716,60.716,60.716,60.716,54000000,1
1299088980000,1299089039000,60.716,60.727,60.716,60.727,37000000,1
1299089040000,1299089099000,60.727,60.727,60.706,60.716,65000000,1
1299089100000,1299089159000,60.72,60.727,60.717,60.727,27000000,1
1299089160000,1299089219000,60.727,60.727,60.726,60.726,14000000,1
1299089220000,1299089279000,60.728,60.728,60.706,60.706,52000000,1
1299089280000,1299089339000,60.706,60.717,60.696,60.716,36000000,1
1299089340000,1299089399000,60.717,60.717,60.707,60.707,13000000,1
1299089400000,1299089459000,60.706,60.706,60.693,60.697,35000000,1
1299089460000,1299089519000,60.694,60.694,60.678,60.686,26000000,1
1299089520000,1299089579000,60.687,60.697,60.682,60.697,61000000,1
1299089580000,1299089639000,60.697,60.723,60.69,60.717,51000000,1
1299089640000,1299089699000,60.712,60.728,60.711,60.728,50000000,1
1299089700000,1299089759000,60.728,60.737,60.716,60.716,54000000,1
1299089760000,1299089819000,60.716,60.737,60.716,60.737,53000000,1
1299089820000,1299089879000,60.733,60.733,60.722,60.727,34000000,1
1299089880000,1299089939000,60.718,60.742,60.718,60.737,57000000,1
1299089940000,1299089999000,60.737,60.798,60.737,60.777,100000000,1
1299090000000,1299090059000,60.777,60.78,60.776,60.778,30000000,1
1299090060000,1299090119000,60.778,60.779,60.766,60.779,56000000,1
1299090120000,1299090179000,60.782,60.788,60.782,60.787,22000000,1
1299090180000,1299090239000,60.786,60.807,60.786,60.807,49000000,1
1299090240000,1299090299000,60.807,60.827,60.806,60.817,64000000,1
1299090300000,1299090359000,60.817,60.817,60.804,60.817,38000000,1
1299090360000,1299090419000,60.816,60.816,60.796,60.801,36000000,1
1299090420000,1299090479000,60.801,60.822,60.801,60.816,67000000,1
1299090480000,1299090539000,60.816,60.828,60.807,60.808,56000000,1
1299090540000,1299090599000,60.808,60.808,60.782,60.787,87000000,1
1299090600000,1299090659000,60.783,60.798,60.78,60.796,74000000,1
1299090660000,1299090719000,60.798,60.807,60.796,60.806,41000000,1
1299090720000,1299090779000,60.807,60.809,60.782,60.797,37000000,1
1299090780000,1299090839000,60.797,60.797,60.796,60.796,18000000,1
1299090840000,1299090899000,60.796,60.796,60.786,60.786,24000000,1
1299090900000,1299090959000,60.786,60.79,60.777,60.777,49000000,1
1299090960000,1299091019000,60.776,60.777,60.776,60.776,9000000,1
1299091020000,1299091079000,60.772,60.777,60.762,60.766,62000000,1
1299091080000,1299091139000,60.758,60.767,60.749,60.749,46000000,1
1299091140000,1299091199000,60.749,60.749,60.747,60.747,12000000,1
1299091200000,1299091259000,60.745,60.747,60.74,60.747,17000000,1
1299091260000,1299091319000,60.747,60.749,60.736,60.736,49000000,1
1299091320000,1299091379000,60.736,60.736,60.73,60.73,14000000,1
1299091380000,1299091439000,60.729,60.729,60.717,60.726,46000000,1
1299091440000,1299091499000,60.726,60.727,60.716,60.716,30000000,1
1299091500000,1299091559000,60.716,60.717,60.696,60.696,38000000,1
1299091560000,1299091619000,60.696,60.704,60.694,60.704,25000000,1
1299091620000,1299091679000,60.704,60.707,60.697,60.697,27000000,1
1299091680000,1299091739000,60.697,60.697,60.696,60.696,18000000,1
1299091740000,1299091799000,60.696,60.699,60.696,60.697,51000000,1
1299091800000,1299091859000,60.699,60.708,60.699,60.703,13000000,1
1299091860000,1299091919000,60.703,60.726,60.703,60.719,38000000,1
1299091920000,1299091979000,60.719,60.74,60.717,60.739,61000000,1
1299091980000,1299092039000,60.737,60.74,60.727,60.727,36000000,1
1299092040000,1299092099000,60.726,60.737,60.726,60.727,25000000,1
1299092100000,1299092159000,60.726,60.727,60.716,60.717,44000000,1
1299092160000,1299092219000,60.717,60.717,60.709,60.71,16000000,1
1299092220000,1299092279000,60.711,60.717,60.697,60.704,46000000,1
1299092280000,1299092339000,60.701,60.708,60.69,60.708,61000000,1
1299092340000,1299092399000,60.713,60.728,60.711,60.727,80000000,1
1299092400000,1299092459000,60.726,60.736,60.72,60.726,39000000,1
1299092460000,1299092519000,60.727,60.75,60.727,60.746,50000000,1
1299092520000,1299092579000,60.747,60.762,60.746,60.759,54000000,1
1299092580000,1299092639000,60.767,60.787,60.747,60.748,67000000,1
1299092640000,1299092699000,60.746,60.746,60.727,60.738,42000000,1
1299092700000,1299092759000,60.746,60.756,60.737,60.737,73000000,1
1299092760000,1299092819000,60.738,60.797,60.738,60.797,85000000,1
1299092820000,1299092879000,60.786,60.797,60.766,60.776,42000000,1
1299092880000,1299092939000,60.776,60.787,60.776,60.786,43000000,1
1299092940000,1299092999000,60.786,60.806,60.783,60.791,48000000,1
1299093000000,1299093059000,60.787,60.846,60.787,60.836,123000000,1
1299093060000,1299093119000,60.837,60.867,60.806,60.867,100000000,1
1299093120000,1299093179000,60.866,60.906,60.866,60.906,84000000,1
1299093180000,1299093239000,60.906,60.917,60.886,60.886,88000000,1
1299093240000,1299093299000,60.886,60.907,60.886,60.896,67000000,1
1299093300000,1299093359000,60.897,60.917,60.891,60.898,113000000,1
1299093360000,1299093419000,60.898,60.907,60.866,60.866,103000000,1
1299093420000,1299093479000,60.858,60.867,60.847,60.856,65000000,1
1299093480000,1299093539000,60.848,60.857,60.818,60.848,109000000,1
1299093540000,1299093599000,60.849,60.867,60.849,60.856,102000000,1
1299093600000,1299093659000,60.856,60.89,60.847,60.89,99000000,1
1299093660000,1299093719000,60.905,60.918,60.896,60.906,94000000,1
1299093720000,1299093779000,60.897,60.897,60.886,60.886,15000000,1
1299093780000,1299093839000,60.888,60.896,60.856,60.856,131000000,1
1299093840000,1299093899000,60.856,60.858,60.828,60.849,136000000,1
1299093900000,1299093959000,60.847,60.85,60.83,60.839,108000000,1
1299093960000,1299094019000,60.841,60.858,60.839,60.856,71000000,1
1299094020000,1299094079000,60.856,60.857,60.847,60.847,36000000,1
1299094080000,1299094139000,60.842,60.847,60.823,60.823,52000000,1
1299094140000,1299094199000,60.823,60.824,60.823,60.823,27000000,1
1299094200000,1299094259000,60.824,60.837,60.808,60.837,88000000,1
1299094260000,1299094319000,60.836,60.847,60.836,60.847,14000000,1
1299094320000,1299094379000,60.847,60.857,60.836,60.848,27000000,1
1299094380000,1299094439000,60.848,60.868,60.847,60.868,48000000,1
1299094440000,1299094499000,60.868,60.868,60.837,60.846,81000000,1
1299094500000,1299094559000,60.846,60.867,60.846,60.857,72000000,1
1299094560000,1299094619000,60.852,60.867,60.846,60.867,66000000,1
1299094620000,1299094679000,60.857,60.877,60.846,60.868,70000000,1
1299094680000,1299094739000,60.868,60.886,60.838,60.847,85000000,1
1299094740000,1299094799000,60.846,60.858,60.842,60.858,42000000,1
1299094800000,1299094859000,60.856,60.878,60.856,60.878,66000000,1
1299094860000,1299094919000,60.878,60.878,60.866,60.877,51000000,1
1299094920000,1299094979000,60.877,60.878,60.874,60.878,33000000,1
1299094980000,1299095039000,60.878,60.887,60.867,60.887,41000000,1
1299095040000,1299095099000,60.888,60.898,60.887,60.887,40000000,1
1299095100000,1299095159000,60.896,60.908,60.887,60.907,36000000,1
1299095160000,1299095219000,60.907,60.907,60.888,60.897,82000000,1
1299095220000,1299095279000,60.89,60.898,60.886,60.896,42000000,1
1299095280000,1299095339000,60.896,60.896,60.866,60.868,59000000,1
1299095340000,1299095399000,60.868,60.877,60.856,60.856,127000000,1
1299095400000,1299095459000,60.858,60.885,60.858,60.877,55000000,1
1299095460000,1299095519000,60.877,60.887,60.866,60.887,36000000,1
1299095520000,1299095579000,60.887,60.888,60.869,60.877,58000000,1
1299095580000,1299095639000,60.876,60.888,60.868,60.876,73000000,1
1299095640000,1299095699000,60.876,60.877,60.867,60.867,14000000,1
1299095700000,1299095759000,60.867,60.867,60.856,60.866,39000000,1
1299095760000,1299095819000,60.866,60.877,60.866,60.877,35000000,1
1299095820000,1299095879000,60.877,60.896,60.877,60.886,60000000,1
1299095880000,1299095939000,60.886,60.887,60.867,60.867,17000000,1
1299095940000,1299095999000,60.866,60.889,60.864,60.876,112000000,1
1299096000000,1299096059000,60.876,60.897,60.876,60.897,79000000,1
1299096060000,1299096119000,60.896,60.917,60.887,60.907,94000000,1
1299096120000,1299096179000,60.907,60.907,60.878,60.887,95000000,1
1299096180000,1299096239000,60.887,60.896,60.881,60.892,78000000,1
1299096240000,1299096299000,60.892,60.897,60.877,60.896,45000000,1
1299096300000,1299096359000,60.896,60.898,60.886,60.893,51000000,1
1299096360000,1299096419000,60.888,60.907,60.888,60.896,69000000,1
1299096420000,1299096479000,60.897,60.917,60.886,60.888,75000000,1
1299096480000,1299096539000,60.9,60.908,60.887,60.906,103000000,1
1299096540000,1299096599000,60.906,60.917,60.897,60.909,87000000,1
1299096600000,1299096659000,60.916,60.927,60.909,60.909,44000000,1
1299096660000,1299096719000,60.909,60.916,60.907,60.908,80000000,1
1299096720000,1299096779000,60.908,60.917,60.908,60.917,30000000,1
1299096780000,1299096839000,60.91,60.918,60.907,60.907,28000000,1
1299096840000,1299096899000,60.906,60.908,60.887,60.897,65000000,1
1299096900000,1299096959000,60.896,60.896,60.876,60.887,43000000,1
1299096960000,1299097019000,60.887,60.907,60.886,60.907,77000000,1
1299097020000,1299097079000,60.907,60.907,60.897,60.897,15000000,1
1299097080000,1299097139000,60.897,60.897,60.896,60.897,14000000,1
1299097140000,1299097199000,60.897,60.899,60.887,60.897,68000000,1
1299097200000,1299097259000,60.897,60.907,60.888,60.896,66000000,1
1299097260000,1299097319000,60.897,60.897,60.887,60.887,32000000,1
1299097320000,1299097379000,60.878,60.887,60.876,60.887,17000000,1
1299097380000,1299097439000,60.887,60.887,60.876,60.876,41000000,1
1299097440000,1299097499000,60.876,60.877,60.876,60.877,39000000,1
1299097500000,1299097559000,60.877,60.877,60.873,60.877,26000000,1
1299097560000,1299097619000,60.876,60.877,60.873,60.876,63000000,1
1299097620000,1299097679000,60.876,60.877,60.868,60.868,33000000,1
1299097680000,1299097739000,60.867,60.867,60.867,60.867,6000000,1
1299097740000,1299097799000,60.867,60.877,60.866,60.866,56000000,1
1299097800000,1299097859000,60.866,60.876,60.866,60.866,60000000,1
1299097860000,1299097919000,60.867,60.877,60.866,60.877,23000000,1
1299097920000,1299097979000,60.877,60.877,60.866,60.866,12000000,1
1299097980000,1299098039000,60.871,60.877,60.867,60.876,31000000,1
1299098040000,1299098099000,60.876,60.876,60.866,60.868,25000000,1
1299098100000,1299098159000,60.867,60.867,60.866,60.866,25000000,1
1299098160000,1299098219000,60.866,60.867,60.866,60.867,14000000,1
1299098220000,1299098279000,60.866,60.866,60.856,60.857,27000000,1
1299098280000,1299098339000,60.856,60.857,60.847,60.857,12000000,1
1299098340000,1299098399000,60.847,60.857,60.846,60.846,23000000,1
1299098400000,1299098459000,60.846,60.857,60.846,60.856,32000000,1
1299098460000,1299098519000,60.856,60.867,60.846,60.847,33000000,1
1299098520000,1299098579000,60.856,60.856,60.846,60.847,11000000,1
1299098580000,1299098639000,60.846,60.867,60.837,60.866,58000000,1
1299098640000,1299098699000,60.867,60.867,60.847,60.856,41000000,1
1299098700000,1299098759000,60.857,60.867,60.856,60.867,36000000,1
1299098760000,1299098819000,60.86,60.867,60.86,60.867,13000000,1
1299098820000,1299098879000,60.868,60.877,60.866,60.867,10000000,1
1299098880000,1299098939000,60.867,60.867,60.866,60.867,52000000,1
1299098940000,1299098999000,60.867,60.877,60.856,60.866,50000000,1
1299099000000,1299099059000,60.867,60.877,60.859,60.866,108000000,1
1299099060000,1299099119000,60.866,60.877,60.856,60.857,70000000,1
1299099120000,1299099179000,60.857,60.868,60.857,60.866,28000000,1
1299099180000,1299099239000,60.856,60.857,60.846,60.852,25000000,1
1299099240000,1299099299000,60.856,60.867,60.856,60.867,30000000,1
1299099300000,1299099359000,60.867,60.877,60.863,60.864,107000000,1
1299099360000,1299099419000,60.867,60.877,60.859,60.877,99000000,1
1299099420000,1299099479000,60.877,60.877,60.846,60.847,56000000,1
1299099480000,1299099539000,60.847,60.847,60.846,60.847,34000000,1
1299099540000,1299099599000,60.846,60.847,60.838,60.847,47000000,1
1299099600000,1299099659000,60.847,60.848,60.841,60.847,41000000,1
1299099660000,1299099719000,60.846,60.857,60.846,60.857,23000000,1
1299099720000,1299099779000,60.847,60.867,60.846,60.856,27000000,1
1299099780000,1299099839000,60.856,60.867,60.846,60.856,48000000,1
1299099840000,1299099899000,60.857,60.867,60.856,60.856,23000000,1
1299099900000,1299099959000,60.856,60.856,60.856,60.856,3000000,1
1299099960000,1299100019000,60.857,60.866,60.856,60.866,8000000,1
1299100020000,1299100079000,60.866,60.867,60.846,60.857,23000000,1
1299100080000,1299100139000,60.856,60.856,60.856,60.856,5000000,1
1299100140000,1299100199000,60.856,60.856,60.856,60.856,2000000,1
1299100200000,1299100259000,60.856,60.856,60.856,60.856,2000000,1
1299100260000,1299100319000,60.857,60.857,60.857,60.857,11000000,1
1299100320000,1299100379000,60.857,60.857,60.846,60.856,23000000,1
1299100380000,1299100439000,60.856,60.867,60.856,60.867,27000000,1
1299100440000,1299100499000,60.867,60.867,60.858,60.866,17000000,1
1299100500000,1299100559000,60.866,60.877,60.866,60.867,37000000,1
1299100560000,1299100619000,60.866,60.877,60.866,60.876,14000000,1
1299100620000,1299100679000,60.877,60.877,60.876,60.876,4000000,1
1299100680000,1299100739000,60.877,60.877,60.877,60.877,4000000,1
1299100740000,1299100799000,60.876,60.877,60.866,60.866,13000000,1
1299100800000,1299100859000,60.867,60.867,60.866,60.867,6000000,1
1299100860000,1299100919000,60.866,60.867,60.866,60.867,4000000,1
1299100920000,1299100979000,60.866,60.876,60.866,60.876,11000000,1
1299100980000,1299101039000,60.866,60.877,60.863,60.868,20000000,1
1299101040000,1299101099000,60.866,60.867,60.866,60.867,6000000,1
1299101100000,1299101159000,60.867,60.877,60.866,60.877,14000000,1
1299101160000,1299101219000,60.867,60.867,60.866,60.866,21000000,1
1299101220000,1299101279000,60.866,60.867,60.866,60.866,7000000,1
1299101280000,1299101339000,60.867,60.876,60.866,60.866,15000000,1
1299101340000,1299101399000,60.866,60.868,60.866,60.868,7000000,1
1299101400000,1299101459000,60.867,60.867,60.836,60.836,31000000,1
1299101460000,1299101519000,60.836,60.857,60.836,60.857,10000000,1
1299101520000,1299101579000,60.856,60.867,60.856,60.856,24000000,1
1299101580000,1299101639000,60.856,60.867,60.856,60.867,18000000,1
1299101640000,1299101699000,60.867,60.867,60.846,60.846,16000000,1
1299101700000,1299101759000,60.847,60.847,60.846,60.846,14000000,1
1299101760000,1299101819000,60.846,60.847,60.836,60.836,19000000,1
1299101820000,1299101879000,60.838,60.847,60.836,60.837,11000000,1
1299101880000,1299101939000,60.836,60.837,60.836,60.837,8000000,1
1299101940000,1299101999000,60.827,60.827,60.826,60.826,8000000,1
1299102000000,1299102059000,60.826,60.837,60.826,60.837,28000000,1
1299102060000,1299102119000,60.836,60.837,60.816,60.819,49000000,1
1299102120000,1299102179000,60.826,60.827,60.826,60.826,14000000,1
1299102180000,1299102239000,60.818,60.827,60.818,60.826,6000000,1
1299102240000,1299102299000,60.828,60.837,60.827,60.827,18000000,1
1299102300000,1299102359000,60.827,60.837,60.826,60.827,32000000,1
1299102360000,1299102419000,60.827,60.837,60.826,60.826,21000000,1
1299102420000,1299102479000,60.827,60.827,60.826,60.826,11000000,1
1299102480000,1299102539000,60.827,60.827,60.826,60.826,6000000,1
1299102540000,1299102599000,60.827,60.827,60.826,60.826,9000000,1
1299102600000,1299102659000,60.826,60.826,60.826,60.826,5000000,1
1299102660000,1299102719000,60.826,60.837,60.818,60.837,41000000,1
1299102720000,1299102779000,60.827,60.836,60.826,60.826,25000000,1
1299102780000,1299102839000,60.827,60.836,60.818,60.827,27000000,1
1299102840000,1299102899000,60.826,60.837,60.816,60.816,20000000,1
1299102900000,1299102959000,60.821,60.837,60.821,60.826,40000000,1
1299102960000,1299103019000,60.837,60.837,60.826,60.826,4000000,1
1299103020000,1299103079000,60.827,60.828,60.826,60.827,10000000,1
1299103080000,1299103139000,60.826,60.827,60.826,60.827,16000000,1
1299103140000,1299103199000,60.827,60.837,60.826,60.837,37000000,1
1299103200000,1299103259000,60.837,60.837,60.783,60.783,34000000,1
1299103260000,1299103319000,60.783,60.803,60.778,60.782,14000000,1
1299103320000,1299103379000,60.787,60.808,60.787,60.807,48000000,1
1299103380000,1299103439000,60.807,60.807,60.797,60.797,27000000,1
1299103440000,1299103499000,60.797,60.807,60.758,60.797,52000000,1
1299103500000,1299103559000,60.797,60.798,60.757,60.768,101000000,1
1299103560000,1299103619000,60.768,60.789,60.758,60.782,130000000,1
1299103620000,1299103679000,60.782,60.788,60.777,60.777,35000000,1
1299103680000,1299103739000,60.777,60.797,60.777,60.788,67000000,1
1299103740000,1299103799000,60.788,60.788,60.757,60.788,64000000,1
1299103800000,1299103859000,60.788,60.788,60.768,60.768,79000000,1
1299103860000,1299103919000,60.768,60.797,60.768,60.797,35000000,1
1299103920000,1299103979000,60.797,60.807,60.747,60.747,78000000,1
1299103980000,1299104039000,60.747,60.767,60.747,60.767,31000000,1
1299104040000,1299104099000,60.767,60.768,60.761,60.768,13000000,1
1299104100000,1299104159000,60.768,60.787,60.768,60.786,38000000,1
1299104160000,1299104219000,60.776,60.787,60.776,60.786,23000000,1
1299104220000,1299104279000,60.786,60.786,60.766,60.776,64000000,1
1299104280000,1299104339000,60.776,60.776,60.766,60.767,21000000,1
1299104340000,1299104399000,60.767,60.787,60.766,60.787,15000000,1
1299104400000,1299104459000,60.787,60.787,60.776,60.776,28000000,1
1299104460000,1299104519000,60.776,60.777,60.776,60.777,18000000,1
1299104520000,1299104579000,60.777,60.777,60.766,60.766,26000000,1
1299104580000,1299104639000,60.766,60.766,60.736,60.756,44000000,1
1299104640000,1299104699000,60.746,60.757,60.746,60.746,93000000,1
1299104700000,1299104759000,60.747,60.757,60.747,60.756,28000000,1
1299104760000,1299104819000,60.756,60.766,60.75,60.757,15000000,1
1299104820000,1299104879000,60.756,60.767,60.75,60.767,20000000,1
1299104880000,1299104939000,60.767,60.777,60.766,60.766,30000000,1
1299104940000,1299104999000,60.767,60.767,60.766,60.766,12000000,1
1299105000000,1299105059000,60.766,60.777,60.766,60.777,33000000,1
1299105060000,1299105119000,60.776,60.787,60.766,60.766,42000000,1
1299105120000,1299105179000,60.76,60.768,60.76,60.767,37000000,1
1299105180000,1299105239000,60.766,60.767,60.746,60.747,45000000,1
1299105240000,1299105299000,60.747,60.757,60.746,60.756,11000000,1
1299105300000,1299105359000,60.756,60.757,60.747,60.747,10000000,1
1299105360000,1299105419000,60.746,60.747,60.737,60.746,25000000,1
1299105420000,1299105479000,60.746,60.756,60.746,60.746,44000000,1
1299105480000,1299105539000,60.746,60.756,60.737,60.747,31000000,1
1299105540000,1299105599000,60.747,60.757,60.737,60.737,33000000,1
1299105600000,1299105659000,60.727,60.736,60.72,60.726,28000000,1
1299105660000,1299105719000,60.718,60.737,60.717,60.727,18000000,1
1299105720000,1299105779000,60.726,60.747,60.726,60.737,13000000,1
1299105780000,1299105839000,60.737,60.737,60.726,60.726,6000000,1
1299105840000,1299105899000,60.726,60.737,60.726,60.736,20000000,1
1299105900000,1299105959000,60.737,60.737,60.726,60.736,13000000,1
1299105960000,1299106019000,60.736,60.737,60.716,60.737,59000000,1
1299106020000,1299106079000,60.737,60.737,60.718,60.727,48000000,1
1299106080000,1299106139000,60.728,60.737,60.726,60.737,36000000,1
1299106140000,1299106199000,60.737,60.737,60.737,60.737,2000000,1
1299106200000,1299106259000,60.737,60.737,60.718,60.718,22000000,1
1299106260000,1299106319000,60.718,60.718,60.706,60.717,73000000,1
1299106320000,1299106379000,60.717,60.727,60.716,60.727,17000000,1
1299106380000,1299106439000,60.727,60.736,60.717,60.736,14000000,1
1299106440000,1299106499000,60.727,60.727,60.72,60.726,25000000,1
1299106500000,1299106559000,60.726,60.727,60.716,60.717,23000000,1
1299106560000,1299106619000,60.726,60.727,60.726,60.726,23000000,1
1299106620000,1299106679000,60.726,60.727,60.726,60.726,6000000,1
1299106680000,1299106739000,60.726,60.727,60.726,60.726,8000000,1
1299106740000,1299106799000,60.727,60.736,60.727,60.736,11000000,1
1299106800000,1299106859000,60.737,60.756,60.736,60.756,23000000,1
1299106860000,1299106919000,60.756,60.757,60.746,60.746,34000000,1
1299106920000,1299106979000,60.746,60.747,60.737,60.747,8000000,1
1299106980000,1299107039000,60.747,60.747,60.738,60.747,10000000,1
1299107040000,1299107099000,60.747,60.747,60.736,60.746,23000000,1
1299107100000,1299107159000,60.746,60.747,60.746,60.747,7000000,1
1299107160000,1299107219000,60.747,60.747,60.736,60.747,20000000,1
1299107220000,1299107279000,60.747,60.747,60.746,60.746,11000000,1
1299107280000,1299107339000,60.746,60.757,60.746,60.757,33000000,1
1299107340000,1299107399000,60.757,60.767,60.756,60.756,40000000,1
1299107400000,1299107459000,60.757,60.766,60.754,60.766,18000000,1
1299107460000,1299107519000,60.766,60.776,60.766,60.767,24000000,1
1299107520000,1299107579000,60.767,60.767,60.756,60.756,28000000,1
1299107580000,1299107639000,60.757,60.757,60.746,60.746,6000000,1
1299107640000,1299107699000,60.757,60.757,60.747,60.747,6000000,1
1299107700000,1299107759000,60.746,60.747,60.746,60.747,4000000,1
1299107760000,1299107819000,60.747,60.767,60.747,60.767,17000000,1
1299107820000,1299107879000,60.767,60.767,60.766,60.766,6000000,1
1299107880000,1299107939000,60.766,60.767,60.756,60.757,19000000,1
1299107940000,1299107999000,60.757,60.757,60.746,60.746,10000000,1
1299108000000,1299108059000,60.746,60.757,60.746,60.756,6000000,1
1299108060000,1299108119000,60.756,60.769,60.756,60.768,33000000,1
1299108120000,1299108179000,60.768,60.769,60.756,60.767,50000000,1
1299108180000,1299108239000,60.767,60.767,60.756,60.756,8000000,1
1299108240000,1299108299000,60.757,60.777,60.757,60.777,28000000,1
1299108300000,1299108359000,60.776,60.776,60.769,60.769,5000000,1
1299108360000,1299108419000,60.767,60.768,60.757,60.766,50000000,1
1299108420000,1299108479000,60.767,60.776,60.767,60.776,13000000,1
1299108480000,1299108539000,60.776,60.778,60.758,60.778,44000000,1
1299108540000,1299108599000,60.778,60.778,60.768,60.768,9000000,1
1299108600000,1299108659000,60.768,60.777,60.768,60.776,13000000,1
1299108660000,1299108719000,60.776,60.777,60.776,60.777,7000000,1
1299108720000,1299108779000,60.776,60.778,60.767,60.767,31000000,1
1299108780000,1299108839000,60.768,60.777,60.768,60.768,13000000,1
1299108840000,1299108899000,60.77,60.809,60.77,60.809,74000000,1
1299108900000,1299108959000,60.817,60.817,60.806,60.806,11000000,1
1299108960000,1299109019000,60.807,60.807,60.797,60.807,13000000,1
1299109020000,1299109079000,60.807,60.828,60.806,60.819,65000000,1
1299109080000,1299109139000,60.826,60.827,60.808,60.817,22000000,1
1299109140000,1299109199000,60.817,60.817,60.817,60.817,4000000,1
1299109200000,1299109259000,60.817,60.828,60.816,60.827,50000000,1
1299109260000,1299109319000,60.827,60.827,60.816,60.827,19000000,1
1299109320000,1299109379000,60.82,60.827,60.817,60.827,24000000,1
1299109380000,1299109439000,60.827,60.827,60.816,60.827,15000000,1
1299109440000,1299109499000,60.827,60.827,60.807,60.807,15000000,1
1299109500000,1299109559000,60.806,60.819,60.797,60.817,54000000,1
1299109560000,1299109619000,60.816,60.826,60.806,60.806,29000000,1
1299109620000,1299109679000,60.807,60.817,60.806,60.817,7000000,1
1299109680000,1299109739000,60.808,60.817,60.806,60.806,13000000,1
1299109740000,1299109799000,60.807,60.807,60.798,60.8,16000000,1
1299109800000,1299109859000,60.793,60.807,60.793,60.806,24000000,1
1299109860000,1299109919000,60.806,60.807,60.796,60.796,11000000,1
1299109920000,1299109979000,60.797,60.797,60.787,60.787,11000000,1
1299109980000,1299110039000,60.787,60.794,60.772,60.778,48000000,1
1299110040000,1299110099000,60.778,60.792,60.774,60.78,31000000,1
1299110100000,1299110159000,60.776,60.776,60.772,60.772,6000000,1
1299110160000,1299110219000,60.768,60.785,60.768,60.778,23000000,1
1299110220000,1299110279000,60.777,60.787,60.777,60.785,31000000,1
1299110280000,1299110339000,60.791,60.793,60.78,60.78,22000000,1
1299110340000,1299110399000,60.78,60.785,60.78,60.78,10000000,1
1299110400000,1299110459000,60.779,60.781,60.762,60.767,51000000,1
1299110460000,1299110519000,60.767,60.773,60.767,60.769,15000000,1
1299110520000,1299110579000,60.767,60.767,60.756,60.756,16000000,1
1299110580000,1299110639000,60.747,60.757,60.747,60.757,10000000,1
1299110640000,1299110699000,60.757,60.781,60.757,60.781,53000000,1
1299110700000,1299110759000,60.781,60.787,60.776,60.787,15000000,1
1299110760000,1299110819000,60.786,60.788,60.779,60.783,21000000,1
1299110820000,1299110879000,60.786,60.786,60.776,60.776,21000000,1
1299110880000,1299110939000,60.776,60.777,60.77,60.777,15000000,1
1299110940000,1299110999000,60.777,60.777,60.767,60.767,69000000,1
1299111000000,1299111059000,60.767,60.778,60.766,60.776,58000000,1
1299111060000,1299111119000,60.778,60.806,60.777,60.797,64000000,1
1299111120000,1299111179000,60.8,60.8,60.786,60.788,61000000,1
1299111180000,1299111239000,60.788,60.79,60.788,60.789,18000000,1
1299111240000,1299111299000,60.789,60.798,60.786,60.786,15000000,1
1299111300000,1299111359000,60.786,60.788,60.786,60.788,18000000,1
1299111360000,1299111419000,60.788,60.808,60.788,60.807,50000000,1
1299111420000,1299111479000,60.806,60.806,60.788,60.788,80000000,1
1299111480000,1299111539000,60.787,60.797,60.786,60.797,12000000,1
1299111540000,1299111599000,60.797,60.797,60.787,60.789,17000000,1
1299111600000,1299111659000,60.789,60.789,60.788,60.788,23000000,1
1299111660000,1299111719000,60.788,60.798,60.788,60.788,12000000,1
1299111720000,1299111779000,60.788,60.807,60.787,60.807,28000000,1
1299111780000,1299111839000,60.807,60.827,60.806,60.827,25000000,1
1299111840000,1299111899000,60.827,60.827,60.807,60.818,90000000,1
1299111900000,1299111959000,60.818,60.818,60.807,60.816,26000000,1
1299111960000,1299112019000,60.816,60.817,60.8,60.808,41000000,1
1299112020000,1299112079000,60.808,60.826,60.808,60.821,79000000,1
1299112080000,1299112139000,60.826,60.837,60.817,60.827,65000000,1
1299112140000,1299112199000,60.827,60.847,60.779,60.781,141000000,1
1299112200000,1299112259000,60.786,60.808,60.758,60.796,152000000,1
1299112260000,1299112319000,60.803,60.827,60.787,60.817,88000000,1
1299112320000,1299112379000,60.816,60.816,60.806,60.806,29000000,1
1299112380000,1299112439000,60.806,60.806,60.787,60.787,14000000,1
1299112440000,1299112499000,60.787,60.787,60.767,60.772,64000000,1
1299112500000,1299112559000,60.776,60.786,60.776,60.786,25000000,1
1299112560000,1299112619000,60.777,60.777,60.777,60.777,11000000,1
1299112620000,1299112679000,60.777,60.778,60.772,60.778,14000000,1
1299112680000,1299112739000,60.778,60.778,60.772,60.777,18000000,1
1299112740000,1299112799000,60.777,60.777,60.74,60.74,55000000,1
1299112800000,1299112859000,60.737,60.758,60.736,60.747,66000000,1
1299112860000,1299112919000,60.746,60.766,60.746,60.766,54000000,1
1299112920000,1299112979000,60.766,60.767,60.757,60.757,42000000,1
1299112980000,1299113039000,60.758,60.765,60.746,60.751,103000000,1
1299113040000,1299113099000,60.751,60.768,60.747,60.768,34000000,1
1299113100000,1299113159000,60.768,60.77,60.767,60.769,31000000,1
1299113160000,1299113219000,60.769,60.778,60.768,60.768,37000000,1
1299113220000,1299113279000,60.768,60.771,60.766,60.767,41000000,1
1299113280000,1299113339000,60.767,60.783,60.767,60.767,30000000,1
1299113340000,1299113399000,60.767,60.767,60.746,60.757,73000000,1
1299113400000,1299113459000,60.747,60.757,60.747,60.757,12000000,1
1299113460000,1299113519000,60.756,60.756,60.747,60.756,26000000,1
1299113520000,1299113579000,60.756,60.757,60.747,60.756,49000000,1
1299113580000,1299113639000,60.756,60.767,60.748,60.758,58000000,1
1299113640000,1299113699000,60.758,60.778,60.755,60.769,118000000,1
1299113700000,1299113759000,60.769,60.777,60.767,60.776,91000000,1
1299113760000,1299113819000,60.776,60.788,60.776,60.788,94000000,1
1299113820000,1299113879000,60.788,60.788,60.779,60.788,34000000,1
1299113880000,1299113939000,60.787,60.787,60.778,60.778,52000000,1
1299113940000,1299113999000,60.778,60.798,60.778,60.787,107000000,1
1299114000000,1299114059000,60.787,60.798,60.787,60.796,206000000,1
1299114060000,1299114119000,60.796,60.799,60.792,60.797,213000000,1
1299114120000,1299114179000,60.788,60.806,60.788,60.798,98000000,1
1299114180000,1299114239000,60.798,60.808,60.798,60.807,110000000,1
1299114240000,1299114299000,60.807,60.817,60.807,60.816,42000000,1
1299114300000,1299114359000,60.816,60.818,60.787,60.787,120000000,1
1299114360000,1299114419000,60.787,60.789,60.783,60.788,53000000,1
1299114420000,1299114479000,60.788,60.788,60.781,60.787,67000000,1
1299114480000,1299114539000,60.787,60.789,60.782,60.782,260000000,1
1299114540000,1299114599000,60.787,60.797,60.777,60.788,136000000,1
1299114600000,1299114659000,60.787,60.792,60.779,60.787,81000000,1
1299114660000,1299114719000,60.787,60.797,60.783,60.786,42000000,1
1299114720000,1299114779000,60.786,60.787,60.781,60.781,17000000,1
1299114780000,1299114839000,60.781,60.787,60.78,60.78,10000000,1
1299114840000,1299114899000,60.778,60.788,60.778,60.787,43000000,1
1299114900000,1299114959000,60.787,60.788,60.786,60.787,74000000,1
1299114960000,1299115019000,60.787,60.796,60.786,60.786,49000000,1
1299115020000,1299115079000,60.786,60.789,60.786,60.787,65000000,1
1299115080000,1299115139000,60.787,60.789,60.787,60.787,28000000,1
1299115140000,1299115199000,60.787,60.789,60.787,60.789,104000000,1
1299115200000,1299115259000,60.789,60.797,60.789,60.79,28000000,1
1299115260000,1299115319000,60.787,60.802,60.787,60.802,90000000,1
1299115320000,1299115379000,60.802,60.802,60.79,60.796,21000000,1
1299115380000,1299115439000,60.797,60.797,60.787,60.787,242000000,1
1299115440000,1299115499000,60.787,60.797,60.787,60.796,87000000,1
1299115500000,1299115559000,60.797,60.798,60.796,60.796,100000000,1
1299115560000,1299115619000,60.796,60.818,60.796,60.807,120000000,1
1299115620000,1299115679000,60.807,60.808,60.807,60.808,47000000,1
1299115680000,1299115739000,60.807,60.807,60.806,60.806,14000000,1
1299115740000,1299115799000,60.806,60.808,60.792,60.798,113000000,1
1299115800000,1299115859000,60.798,60.817,60.798,60.806,55000000,1
1299115860000,1299115919000,60.806,60.817,60.797,60.817,48000000,1
1299115920000,1299115979000,60.817,60.826,60.817,60.826,26000000,1
1299115980000,1299116039000,60.827,60.827,60.82,60.824,17000000,1
1299116040000,1299116099000,60.826,60.827,60.818,60.819,30000000,1
1299116100000,1299116159000,60.819,60.826,60.818,60.818,15000000,1
1299116160000,1299116219000,60.818,60.836,60.818,60.827,76000000,1
1299116220000,1299116279000,60.827,60.837,60.827,60.827,28000000,1
1299116280000,1299116339000,60.827,60.828,60.827,60.828,8000000,1
1299116340000,1299116399000,60.828,60.828,60.828,60.828,19000000,1
1299116400000,1299116459000,60.828,60.837,60.827,60.828,23000000,1
1299116460000,1299116519000,60.828,60.837,60.827,60.837,24000000,1
1299116520000,1299116579000,60.841,60.841,60.828,60.833,24000000,1
1299116580000,1299116639000,60.836,60.837,60.828,60.828,70000000,1
1299116640000,1299116699000,60.828,60.838,60.828,60.838,39000000,1
1299116700000,1299116759000,60.837,60.837,60.829,60.831,32000000,1
1299116760000,1299116819000,60.831,60.838,60.827,60.837,54000000,1
1299116820000,1299116879000,60.837,60.838,60.837,60.837,18000000,1
1299116880000,1299116939000,60.837,60.837,60.837,60.837,4000000,1
1299116940000,1299116999000,60.837,60.847,60.837,60.847,34000000,1
1299117000000,1299117059000,60.847,60.856,60.847,60.856,16000000,1
1299117060000,1299117119000,60.857,60.857,60.848,60.848,24000000,1
1299117120000,1299117179000,60.848,60.857,60.847,60.848,49000000,1
1299117180000,1299117239000,60.848,60.857,60.848,60.857,29000000,1
1299117240000,1299117299000,60.858,60.858,60.858,60.858,9000000,1
1299117300000,1299117359000,60.858,60.858,60.858,60.858,7000000,1
1299117360000,1299117419000,60.858,60.858,60.858,60.858,11000000,1
1299117420000,1299117479000,60.858,60.858,60.856,60.857,9000000,1
1299117480000,1299117539000,60.856,60.857,60.848,60.848,8000000,1
1299117540000,1299117599000,60.848,60.848,60.848,60.848,13000000,1
1299117600000,1299117659000,60.848,60.858,60.848,60.857,18000000,1
1299117660000,1299117719000,60.857,60.857,60.848,60.857,15000000,1
1299117720000,1299117779000,60.848,60.857,60.828,60.83,35000000,1
1299117780000,1299117839000,60.83,60.83,60.828,60.828,8000000,1
1299117840000,1299117899000,60.828,60.828,60.828,60.828,6000000,1
1299117900000,1299117959000,60.828,60.828,60.828,60.828,9000000,1
1299117960000,1299118019000,60.835,60.847,60.835,60.846,24000000,1
1299118020000,1299118079000,60.846,60.846,60.84,60.84,10000000,1
1299118080000,1299118139000,60.838,60.838,60.82,60.821,35000000,1
1299118140000,1299118199000,60.827,60.827,60.816,60.823,16000000,1
1299118200000,1299118259000,60.825,60.827,60.82,60.822,15000000,1
1299118260000,1299118319000,60.819,60.823,60.817,60.823,30000000,1
1299118320000,1299118379000,60.829,60.829,60.829,60.829,1000000,1
1299118380000,1299118439000,60.827,60.827,60.827,60.827,15000000,1
1299118440000,1299118499000,60.827,60.827,60.827,60.827,2000000,1
1299118500000,1299118559000,60.828,60.828,60.818,60.827,18000000,1
1299118560000,1299118619000,60.826,60.827,60.826,60.826,7000000,1
1299118620000,1299118679000,60.827,60.829,60.827,60.829,3000000,1
1299118680000,1299118739000,60.827,60.828,60.827,60.827,9000000,1
1299118740000,1299118799000,60.826,60.827,60.807,60.808,20000000,1
1299118800000,1299118859000,60.808,60.808,60.808,60.808,3000000,1
1299118860000,1299118919000,60.808,60.813,60.798,60.798,43000000,1
1299118920000,1299118979000,60.797,60.797,60.791,60.797,23000000,1
1299118980000,1299119039000,60.797,60.797,60.79,60.794,6000000,1
1299119040000,1299119099000,60.79,60.797,60.782,60.782,19000000,1
1299119100000,1299119159000,60.782,60.788,60.777,60.787,37000000,1
1299119160000,1299119219000,60.787,60.789,60.786,60.788,108000000,1
1299119220000,1299119279000,60.788,60.788,60.778,60.786,47000000,1
1299119280000,1299119339000,60.786,60.787,60.776,60.777,84000000,1
1299119340000,1299119399000,60.78,60.787,60.776,60.778,45000000,1
1299119400000,1299119459000,60.777,60.782,60.777,60.777,11000000,1
1299119460000,1299119519000,60.776,60.778,60.776,60.776,22000000,1
1299119520000,1299119579000,60.779,60.779,60.779,60.779,1000000,1
1299119580000,1299119639000,60.778,60.778,60.777,60.777,6000000,1
1299119640000,1299119699000,60.778,60.793,60.778,60.793,41000000,1
1299119700000,1299119759000,60.797,60.816,60.797,60.808,44000000,1
1299119760000,1299119819000,60.808,60.811,60.806,60.806,31000000,1
1299119820000,1299119879000,60.809,60.809,60.808,60.808,5000000,1
1299119880000,1299119939000,60.808,60.82,60.805,60.82,20000000,1
1299119940000,1299119999000,60.82,60.82,60.808,60.812,28000000,1
1299120000000,1299120059000,60.812,60.828,60.812,60.818,52000000,1
1299120060000,1299120119000,60.819,60.828,60.812,60.812,24000000,1
1299120120000,1299120179000,60.815,60.819,60.81,60.811,21000000,1
1299120180000,1299120239000,60.811,60.817,60.801,60.801,36000000,1
1299120240000,1299120299000,60.801,60.81,60.798,60.803,104000000,1
1299120300000,1299120359000,60.798,60.809,60.798,60.809,15000000,1
1299120360000,1299120419000,60.809,60.81,60.808,60.808,33000000,1
1299120420000,1299120479000,60.807,60.808,60.807,60.808,10000000,1
1299120480000,1299120539000,60.808,60.821,60.798,60.818,44000000,1
1299120540000,1299120599000,60.818,60.818,60.807,60.808,35000000,1
1299120600000,1299120659000,60.808,60.818,60.807,60.818,64000000,1
1299120660000,1299120719000,60.818,60.837,60.818,60.837,28000000,1
1299120720000,1299120779000,60.827,60.836,60.827,60.836,34000000,1
1299120780000,1299120839000,60.836,60.85,60.836,60.846,72000000,1
1299120840000,1299120899000,60.846,60.887,60.846,60.887,78000000,1
1299120900000,1299120959000,60.887,60.907,60.876,60.897,76000000,1
1299120960000,1299121019000,60.897,60.897,60.857,60.861,56000000,1
1299121020000,1299121079000,60.867,60.887,60.861,60.868,68000000,1
1299121080000,1299121139000,60.872,60.874,60.848,60.856,62000000,1
1299121140000,1299121199000,60.857,60.857,60.849,60.849,9000000,1
1299121200000,1299121259000,60.848,60.848,60.848,60.848,22000000,1
1299121260000,1299121319000,60.848,60.868,60.848,60.856,42000000,1
1299121320000,1299121379000,60.856,60.857,60.856,60.857,50000000,1
1299121380000,1299121439000,60.857,60.857,60.856,60.857,20000000,1
1299121440000,1299121499000,60.857,60.867,60.857,60.857,31000000,1
1299121500000,1299121559000,60.857,60.857,60.856,60.857,19000000,1
1299121560000,1299121619000,60.857,60.857,60.856,60.856,22000000,1
1299121620000,1299121679000,60.857,60.86,60.85,60.86,64000000,1
1299121680000,1299121739000,60.86,60.866,60.858,60.863,24000000,1
1299121740000,1299121799000,60.867,60.871,60.867,60.867,31000000,1
1299121800000,1299121859000,60.867,60.867,60.867,60.867,2000000,1
1299121860000,1299121919000,60.866,60.868,60.851,60.851,33000000,1
1299121920000,1299121979000,60.851,60.851,60.837,60.837,38000000,1
1299121980000,1299122039000,60.836,60.841,60.836,60.841,13000000,1
1299122040000,1299122099000,60.847,60.847,60.832,60.837,35000000,1
1299122100000,1299122159000,60.832,60.837,60.826,60.827,29000000,1
1299122160000,1299122219000,60.827,60.837,60.827,60.837,22000000,1
1299122220000,1299122279000,60.837,60.838,60.827,60.827,53000000,1
1299122280000,1299122339000,60.829,60.829,60.827,60.827,3000000,1
1299122340000,1299122399000,60.829,60.829,60.826,60.826,4000000,1
1299122400000,1299122459000,60.827,60.83,60.816,60.816,26000000,1
1299122460000,1299122519000,60.816,60.817,60.806,60.806,19000000,1
1299122520000,1299122579000,60.807,60.816,60.807,60.814,9000000,1
1299122580000,1299122639000,60.816,60.827,60.816,60.826,26000000,1
1299122640000,1299122699000,60.818,60.827,60.817,60.817,23000000,1
1299122700000,1299122759000,60.817,60.826,60.817,60.819,13000000,1
1299122760000,1299122819000,60.817,60.817,60.817,60.817,2000000,1
1299122820000,1299122879000,60.819,60.821,60.802,60.811,10000000,1
1299122880000,1299122939000,60.78,60.822,60.78,60.819,18000000,1
1299122940000,1299122999000,60.816,60.827,60.816,60.827,8000000,1
1299123000000,1299123059000,60.831,60.847,60.831,60.838,42000000,1
1299123060000,1299123119000,60.838,60.84,60.837,60.84,14000000,1
1299123120000,1299123179000,60.836,60.839,60.836,60.837,27000000,1
1299123180000,1299123239000,60.836,60.837,60.836,60.837,4000000,1
1299123240000,1299123299000,60.836,60.837,60.827,60.836,45000000,1
1299123300000,1299123359000,60.838,60.847,60.836,60.839,72000000,1
1299123360000,1299123419000,60.842,60.868,60.842,60.867,64000000,1
1299123420000,1299123479000,60.867,60.88,60.85,60.857,79000000,1
1299123480000,1299123539000,60.857,60.867,60.85,60.862,53000000,1
1299123540000,1299123599000,60.857,60.868,60.857,60.868,44000000,1
1299123600000,1299123659000,60.868,60.868,60.868,60.868,2000000,1
1299123660000,1299123719000,60.868,60.868,60.867,60.867,8000000,1
1299123720000,1299123779000,60.866,60.878,60.866,60.878,31000000,1
1299123780000,1299123839000,60.882,60.891,60.882,60.887,32000000,1
1299123840000,1299123899000,60.891,60.896,60.887,60.888,22000000,1
1299123900000,1299123959000,60.888,60.9,60.888,60.892,40000000,1
1299123960000,1299124019000,60.888,60.896,60.878,60.887,73000000,1
1299124020000,1299124079000,60.887,60.887,60.868,60.878,84000000,1
1299124080000,1299124139000,60.878,60.883,60.872,60.883,25000000,1
1299124140000,1299124199000,60.878,60.878,60.878,60.878,14000000,1
1299124200000,1299124259000,60.878,60.878,60.878,60.878,2000000,1
1299124260000,1299124319000,60.878,60.878,60.878,60.878,2000000,1
1299124320000,1299124379000,60.878,60.878,60.876,60.876,62000000,1
1299124380000,1299124439000,60.877,60.897,60.868,60.892,43000000,1
1299124440000,1299124499000,60.895,60.899,60.887,60.887,27000000,1
1299124500000,1299124559000,60.887,60.887,60.876,60.881,47000000,1
1299124560000,1299124619000,60.881,60.883,60.881,60.883,18000000,1
1299124620000,1299124679000,60.882,60.918,60.882,60.908,97000000,1
1299124680000,1299124739000,60.907,60.91,60.898,60.903,43000000,1
1299124740000,1299124799000,60.903,60.908,60.893,60.898,68000000,1
1299124800000,1299124859000,60.898,60.918,60.898,60.909,44000000,1
1299124860000,1299124919000,60.922,60.928,60.907,60.907,40000000,1
1299124920000,1299124979000,60.909,60.91,60.897,60.907,46000000,1
1299124980000,1299125039000,60.907,60.907,60.89,60.894,20000000,1
1299125040000,1299125099000,60.898,60.898,60.883,60.887,74000000,1
1299125100000,1299125159000,60.889,60.91,60.889,60.91,37000000,1
1299125160000,1299125219000,60.91,60.931,60.907,60.927,41000000,1
1299125220000,1299125279000,60.93,60.93,60.916,60.917,67000000,1
1299125280000,1299125339000,60.907,60.918,60.907,60.917,57000000,1
1299125340000,1299125399000,60.918,60.927,60.916,60.927,31000000,1
1299125400000,1299125459000,60.927,60.927,60.917,60.927,41000000,1
1299125460000,1299125519000,60.924,60.928,60.917,60.927,67000000,1
1299125520000,1299125579000,60.927,60.928,60.909,60.927,70000000,1
1299125580000,1299125639000,60.927,60.927,60.918,60.921,49000000,1
1299125640000,1299125699000,60.918,60.923,60.91,60.917,69000000,1
1299125700000,1299125759000,60.917,60.92,60.917,60.918,37000000,1
1299125760000,1299125819000,60.918,60.918,60.918,60.918,2000000,1
1299125820000,1299125879000,60.918,60.918,60.9,60.9,19000000,1
1299125880000,1299125939000,60.918,60.918,60.918,60.918,4000000,1
1299125940000,1299125999000,60.918,60.92,60.917,60.917,23000000,1
1299126000000,1299126059000,60.92,60.927,60.918,60.921,34000000,1
1299126060000,1299126119000,60.918,60.928,60.918,60.92,35000000,1
1299126120000,1299126179000,60.924,60.928,60.924,60.928,21000000,1
1299126180000,1299126239000,60.928,60.928,60.927,60.927,8000000,1
1299126240000,1299126299000,60.926,60.928,60.926,60.928,23000000,1
1299126300000,1299126359000,60.928,60.936,60.926,60.926,45000000,1
1299126360000,1299126419000,60.926,60.927,60.916,60.918,38000000,1
1299126420000,1299126479000,60.917,60.923,60.917,60.919,9000000,1
1299126480000,1299126539000,60.917,60.938,60.908,60.926,38000000,1
1299126540000,1299126599000,60.927,60.927,60.908,60.917,38000000,1
1299126600000,1299126659000,60.917,60.92,60.916,60.917,29000000,1
1299126660000,1299126719000,60.917,60.919,60.917,60.917,27000000,1
1299126720000,1299126779000,60.917,60.919,60.907,60.908,49000000,1
1299126780000,1299126839000,60.908,60.917,60.898,60.907,60000000,1
1299126840000,1299126899000,60.908,60.908,60.9,60.9,49000000,1
1299126900000,1299126959000,60.903,60.92,60.898,60.917,67000000,1
1299126960000,1299127019000,60.917,60.928,60.917,60.918,27000000,1
1299127020000,1299127079000,60.918,60.918,60.911,60.916,19000000,1
1299127080000,1299127139000,60.916,60.918,60.907,60.913,34000000,1
1299127140000,1299127199000,60.916,60.947,60.916,60.941,36000000,1
1299127200000,1299127259000,60.946,60.95,60.94,60.945,47000000,1
1299127260000,1299127319000,60.945,60.949,60.932,60.938,35000000,1
1299127320000,1299127379000,60.94,60.948,60.94,60.944,20000000,1
1299127380000,1299127439000,60.946,60.947,60.928,60.931,31000000,1
1299127440000,1299127499000,60.93,60.939,60.93,60.937,45000000,1
1299127500000,1299127559000,60.937,60.937,60.916,60.92,59000000,1
1299127560000,1299127619000,60.918,60.921,60.898,60.921,100000000,1
1299127620000,1299127679000,60.925,60.928,60.916,60.917,25000000,1
1299127680000,1299127739000,60.92,60.92,60.88,60.894,92000000,1
1299127740000,1299127799000,60.897,60.908,60.894,60.907,56000000,1
1299127800000,1299127859000,60.907,60.918,60.902,60.917,47000000,1
1299127860000,1299127919000,60.916,60.921,60.907,60.918,52000000,1
1299127920000,1299127979000,60.913,60.917,60.907,60.91,23000000,1
1299127980000,1299128039000,60.913,60.914,60.898,60.898,39000000,1
1299128040000,1299128099000,60.897,60.899,60.89,60.896,26000000,1
1299128100000,1299128159000,60.896,60.902,60.888,60.893,49000000,1
1299128160000,1299128219000,60.896,60.896,60.87,60.87,65000000,1
1299128220000,1299128279000,60.867,60.876,60.858,60.866,56000000,1
1299128280000,1299128339000,60.867,60.87,60.846,60.869,99000000,1
1299128340000,1299128399000,60.872,60.897,60.866,60.89,51000000,1
1299128400000,1299128459000,60.89,60.892,60.885,60.891,21000000,1
1299128460000,1299128519000,60.891,60.897,60.887,60.897,50000000,1
1299128520000,1299128579000,60.897,60.897,60.886,60.887,51000000,1
1299128580000,1299128639000,60.887,60.887,60.887,60.887,6000000,1
1299128640000,1299128699000,60.886,60.887,60.882,60.882,11000000,1
1299128700000,1299128759000,60.882,60.888,60.882,60.888,5000000,1
1299128760000,1299128819000,60.888,60.888,60.888,60.888,2000000,1
1299128820000,1299128879000,60.888,60.89,60.877,60.886,51000000,1
1299128880000,1299128939000,60.886,60.888,60.877,60.879,41000000,1
1299128940000,1299128999000,60.882,60.891,60.877,60.888,58000000,1
1299129000000,1299129059000,60.891,60.897,60.888,60.888,15000000,1
1299129060000,1299129119000,60.893,60.902,60.893,60.902,9000000,1
1299129120000,1299129179000,60.902,60.907,60.897,60.906,31000000,1
1299129180000,1299129239000,60.906,60.928,60.906,60.917,33000000,1
1299129240000,1299129299000,60.917,60.919,60.917,60.918,14000000,1
1299129300000,1299129359000,60.918,60.918,60.918,60.918,5000000,1
1299129360000,1299129419000,60.917,60.938,60.908,60.926,48000000,1
1299129420000,1299129479000,60.926,60.929,60.917,60.929,27000000,1
1299129480000,1299129539000,60.929,60.929,60.927,60.927,23000000,1
1299129540000,1299129599000,60.928,60.938,60.928,60.936,60000000,1
1299129600000,1299129659000,60.937,60.937,60.937,60.937,39000000,1
1299129660000,1299129719000,60.937,60.937,60.937,60.937,174000000,1
1299129720000,1299129779000,60.937,60.948,60.937,60.948,76000000,1
1299129780000,1299129839000,60.948,60.948,60.937,60.937,42000000,1
1299129840000,1299129899000,60.937,60.946,60.937,60.938,17000000,1
1299129900000,1299129959000,60.938,60.938,60.937,60.937,13000000,1
1299129960000,1299130019000,60.937,60.938,60.937,60.937,35000000,1
1299130020000,1299130079000,60.937,60.947,60.937,60.946,22000000,1
1299130080000,1299130139000,60.946,60.998,60.946,60.987,152000000,1
1299130140000,1299130199000,60.982,60.982,60.958,60.961,31000000,1
1299130200000,1299130259000,60.975,60.978,60.973,60.977,23000000,1
1299130260000,1299130319000,60.977,60.982,60.972,60.977,18000000,1
1299130320000,1299130379000,60.967,60.969,60.957,60.958,27000000,1
1299130380000,1299130439000,60.958,60.958,60.938,60.938,26000000,1
1299130440000,1299130499000,60.937,60.942,60.928,60.937,111000000,1
1299130500000,1299130559000,60.936,60.938,60.927,60.93,33000000,1
1299130560000,1299130619000,60.931,60.947,60.931,60.939,18000000,1
1299130620000,1299130679000,60.936,60.94,60.927,60.937,60000000,1
1299130680000,1299130739000,60.937,60.937,60.937,60.937,49000000,1
1299130740000,1299130799000,60.945,60.967,60.945,60.967,26000000,1
1299130800000,1299130859000,60.973,60.978,60.968,60.978,64000000,1
1299130860000,1299130919000,60.981,60.988,60.978,60.988,18000000,1
1299130920000,1299130979000,60.988,60.998,60.987,60.998,37000000,1
1299130980000,1299131039000,60.999,61.007,60.998,61.005,12000000,1
1299131040000,1299131099000,61.006,61.018,60.999,61.017,41000000,1
1299131100000,1299131159000,61.018,61.042,61.018,61.036,153000000,1
1299131160000,1299131219000,61.036,61.053,61.026,61.037,106000000,1
1299131220000,1299131279000,61.037,61.051,61.037,61.039,86000000,1
1299131280000,1299131339000,61.038,61.06,61.037,61.047,70000000,1
1299131340000,1299131399000,61.047,61.061,61.037,61.052,89000000,1
1299131400000,1299131459000,61.052,61.066,61.048,61.056,66000000,1
1299131460000,1299131519000,61.056,61.061,61.049,61.056,62000000,1
1299131520000,1299131579000,61.056,61.086,61.056,61.081,51000000,1
1299131580000,1299131639000,61.084,61.097,61.076,61.087,68000000,1
1299131640000,1299131699000,61.087,61.087,61.066,61.077,75000000,1
1299131700000,1299131759000,61.077,61.078,61.056,61.056,61000000,1
1299131760000,1299131819000,61.056,61.059,61.047,61.056,89000000,1
1299131820000,1299131879000,61.052,61.056,61.048,61.056,19000000,1
1299131880000,1299131939000,61.056,61.056,61.027,61.028,49000000,1
1299131940000,1299131999000,61.03,61.048,61.03,61.04,40000000,1
1299132000000,1299132059000,61.047,61.051,61.037,61.051,57000000,1
1299132060000,1299132119000,61.048,61.059,61.037,61.046,89000000,1
1299132120000,1299132179000,61.046,61.047,61.029,61.031,51000000,1
1299132180000,1299132239000,61.031,61.049,61.03,61.047,99000000,1
1299132240000,1299132299000,61.049,61.061,61.046,61.059,119000000,1
1299132300000,1299132359000,61.056,61.069,61.049,61.061,80000000,1
1299132360000,1299132419000,61.057,61.076,61.057,61.076,40000000,1
1299132420000,1299132479000,61.07,61.088,61.068,61.076,78000000,1
1299132480000,1299132539000,61.076,61.076,61.067,61.071,10000000,1
1299132540000,1299132599000,61.068,61.068,61.052,61.052,41000000,1
1299132600000,1299132659000,61.061,61.061,61.056,61.056,22000000,1
1299132660000,1299132719000,61.057,61.068,61.038,61.057,75000000,1
1299132720000,1299132779000,61.059,61.068,61.056,61.06,66000000,1
1299132780000,1299132839000,61.06,61.069,61.048,61.067,119000000,1
1299132840000,1299132899000,61.068,61.072,61.046,61.046,98000000,1
1299132900000,1299132959000,61.046,61.058,61.037,61.038,86000000,1
1299132960000,1299133019000,61.038,61.048,61.038,61.046,18000000,1
1299133020000,1299133079000,61.046,61.048,61.036,61.047,32000000,1
1299133080000,1299133139000,61.047,61.048,61.037,61.038,49000000,1
1299133140000,1299133199000,61.038,61.048,61.037,61.039,38000000,1
1299133200000,1299133259000,61.039,61.048,61.037,61.046,24000000,1
1299133260000,1299133319000,61.048,61.058,61.038,61.048,45000000,1
1299133320000,1299133379000,61.055,61.066,61.047,61.058,86000000,1
1299133380000,1299133439000,61.066,61.066,60.997,61.007,113000000,1
1299133440000,1299133499000,61.007,61.009,60.987,61.006,132000000,1
1299133500000,1299133559000,61.006,61.018,60.997,61.01,39000000,1
1299133560000,1299133619000,61.012,61.018,61.009,61.014,22000000,1
1299133620000,1299133679000,61.016,61.017,60.997,60.998,35000000,1
1299133680000,1299133739000,60.998,61.007,60.99,60.998,21000000,1
1299133740000,1299133799000,61.007,61.007,61.007,61.007,5000000,1
1299133800000,1299133859000,61.007,61.01,60.997,61.01,37000000,1
1299133860000,1299133919000,61.01,61.018,61.007,61.007,29000000,1
1299133920000,1299133979000,61.007,61.008,60.998,61.007,59000000,1
1299133980000,1299134039000,61.007,61.028,60.997,61.026,45000000,1
1299134040000,1299134099000,61.026,61.027,61.026,61.027,8000000,1
1299134100000,1299134159000,61.018,61.02,61.016,61.017,79000000,1
1299134160000,1299134219000,61.017,61.021,61.017,61.021,11000000,1
1299134220000,1299134279000,61.026,61.028,61.026,61.028,7000000,1
1299134280000,1299134339000,61.028,61.028,61.022,61.022,12000000,1
1299134340000,1299134399000,61.027,61.028,61.026,61.028,15000000,1
1299134400000,1299134459000,61.028,61.028,61.017,61.027,59000000,1
1299134460000,1299134519000,61.027,61.027,61.018,61.027,27000000,1
1299134520000,1299134579000,61.027,61.027,61.01,61.016,45000000,1
1299134580000,1299134639000,61.016,61.037,61.006,61.008,102000000,1
1299134640000,1299134699000,61.008,61.017,60.988,61.012,86000000,1
1299134700000,1299134759000,61.008,61.032,61.008,61.026,95000000,1
1299134760000,1299134819000,61.026,61.037,61.017,61.036,93000000,1
1299134820000,1299134879000,61.038,61.058,61.027,61.027,145000000,1
1299134880000,1299134939000,61.035,61.038,61.026,61.027,69000000,1
1299134940000,1299134999000,61.027,61.038,61.023,61.026,114000000,1
1299135000000,1299135059000,61.026,61.029,61.006,61.006,80000000,1
1299135060000,1299135119000,61.006,61.017,60.981,60.997,77000000,1
1299135120000,1299135179000,60.997,61.005,60.992,61.0,29000000,1
1299135180000,1299135239000,60.997,61.026,60.997,61.017,83000000,1
1299135240000,1299135299000,61.017,61.026,61.017,61.026,55000000,1
1299135300000,1299135359000,61.026,61.038,61.017,61.038,65000000,1
1299135360000,1299135419000,61.038,61.038,61.038,61.038,30000000,1
1299135420000,1299135479000,61.038,61.038,61.018,61.018,63000000,1
1299135480000,1299135539000,61.026,61.038,61.026,61.037,53000000,1
1299135540000,1299135599000,61.037,61.038,61.027,61.027,36000000,1
1299135600000,1299135659000,61.026,61.054,61.018,61.054,70000000,1
1299135660000,1299135719000,61.056,61.057,61.041,61.041,66000000,1
1299135720000,1299135779000,61.046,61.057,61.038,61.038,38000000,1
1299135780000,1299135839000,61.038,61.047,61.031,61.047,35000000,1
1299135840000,1299135899000,61.047,61.047,61.047,61.047,8000000,1
1299135900000,1299135959000,61.041,61.047,61.04,61.04,48000000,1
1299135960000,1299136019000,61.039,61.039,61.027,61.037,32000000,1
1299136020000,1299136079000,61.037,61.048,61.037,61.048,16000000,1
1299136080000,1299136139000,61.048,61.048,61.037,61.038,30000000,1
1299136140000,1299136199000,61.042,61.057,61.038,61.048,71000000,1
1299136200000,1299136259000,61.051,61.068,61.047,61.058,87000000,1
1299136260000,1299136319000,61.058,61.06,61.058,61.06,6000000,1
1299136320000,1299136379000,61.06,61.06,61.056,61.056,33000000,1
1299136380000,1299136439000,61.057,61.057,61.043,61.048,48000000,1
1299136440000,1299136499000,61.048,61.067,61.048,61.06,59000000,1
1299136500000,1299136559000,61.06,61.085,61.059,61.078,56000000,1
1299136560000,1299136619000,61.078,61.086,61.068,61.077,90000000,1
1299136620000,1299136679000,61.077,61.08,61.067,61.077,77000000,1
1299136680000,1299136739000,61.077,61.083,61.077,61.082,34000000,1
1299136740000,1299136799000,61.079,61.079,61.047,61.048,78000000,1
1299136800000,1299136859000,61.05,61.059,61.048,61.058,28000000,1
1299136860000,1299136919000,61.058,61.058,61.038,61.038,36000000,1
1299136920000,1299136979000,61.038,61.038,61.027,61.038,30000000,1
1299136980000,1299137039000,61.038,61.043,61.037,61.043,84000000,1
1299137040000,1299137099000,61.043,61.048,61.037,61.048,67000000,1
1299137100000,1299137159000,61.048,61.048,61.037,61.038,62000000,1
1299137160000,1299137219000,61.038,61.038,61.027,61.031,41000000,1
1299137220000,1299137279000,61.031,61.032,60.99,60.999,72000000,1
1299137280000,1299137339000,60.998,61.002,60.998,61.002,6000000,1
1299137340000,1299137399000,61.007,61.01,61.002,61.007,60000000,1
1299137400000,1299137459000,61.004,61.009,60.993,61.009,96000000,1
1299137460000,1299137519000,61.009,61.009,61.003,61.003,19000000,1
1299137520000,1299137579000,61.004,61.009,61.002,61.008,31000000,1
1299137580000,1299137639000,61.008,61.008,60.997,61.007,57000000,1
1299137640000,1299137699000,61.007,61.007,60.986,60.986,67000000,1
1299137700000,1299137759000,60.986,60.989,60.985,60.988,43000000,1
1299137760000,1299137819000,60.988,60.988,60.908,60.934,175000000,1
1299137820000,1299137879000,60.934,60.948,60.934,60.946,39000000,1
1299137880000,1299137939000,60.961,60.961,60.938,60.938,48000000,1
1299137940000,1299137999000,60.944,60.949,60.903,60.907,89000000,1
1299138000000,1299138059000,60.907,60.917,60.898,60.908,104000000,1
1299138060000,1299138119000,60.912,60.918,60.911,60.911,23000000,1
1299138120000,1299138179000,60.911,60.928,60.908,60.928,52000000,1
1299138180000,1299138239000,60.927,60.948,60.927,60.939,35000000,1
1299138240000,1299138299000,60.94,60.958,60.939,60.947,56000000,1
1299138300000,1299138359000,60.947,60.957,60.94,60.957,30000000,1
1299138360000,1299138419000,60.947,60.958,60.936,60.948,161000000,1
1299138420000,1299138479000,60.948,60.958,60.943,60.957,107000000,1
1299138480000,1299138539000,60.957,60.969,60.947,60.952,131000000,1
1299138540000,1299138599000,60.958,60.958,60.945,60.946,52000000,1
1299138600000,1299138659000,60.946,60.948,60.921,60.941,56000000,1
1299138660000,1299138719000,60.946,60.946,60.946,60.946,7000000,1
1299138720000,1299138779000,60.946,60.947,60.946,60.946,7000000,1
1299138780000,1299138839000,60.946,60.947,60.938,60.946,37000000,1
1299138840000,1299138899000,60.946,60.948,60.946,60.947,13000000,1
1299138900000,1299138959000,60.948,60.948,60.938,60.948,18000000,1
1299138960000,1299139019000,60.948,60.968,60.948,60.957,77000000,1
1299139020000,1299139079000,60.957,60.967,60.957,60.967,30000000,1
1299139080000,1299139139000,60.967,60.967,60.958,60.959,28000000,1
1299139140000,1299139199000,60.96,60.977,60.96,60.969,29000000,1
1299139200000,1299139259000,60.976,60.978,60.967,60.968,89000000,1
1299139260000,1299139319000,60.968,60.977,60.961,60.977,44000000,1
1299139320000,1299139379000,60.977,60.978,60.967,60.967,72000000,1
1299139380000,1299139439000,60.969,60.978,60.961,60.961,51000000,1
1299139440000,1299139499000,60.966,60.969,60.962,60.967,15000000,1
1299139500000,1299139559000,60.967,60.967,60.967,60.967,4000000,1
1299139560000,1299139619000,60.972,60.98,60.972,60.978,23000000,1
1299139620000,1299139679000,60.978,60.987,60.97,60.97,31000000,1
1299139680000,1299139739000,60.982,60.998,60.977,60.998,22000000,1
1299139740000,1299139799000,60.998,61.007,60.987,60.991,43000000,1
1299139800000,1299139859000,60.994,61.02,60.994,61.008,250000000,1
1299139860000,1299139919000,61.008,61.008,60.997,60.997,60000000,1
1299139920000,1299139979000,60.997,60.997,60.978,60.978,32000000,1
1299139980000,1299140039000,60.983,60.988,60.953,60.953,79000000,1
1299140040000,1299140099000,60.953,60.967,60.953,60.956,31000000,1
1299140100000,1299140159000,60.957,60.958,60.947,60.947,77000000,1
1299140160000,1299140219000,60.947,60.958,60.947,60.958,30000000,1
1299140220000,1299140279000,60.96,60.96,60.948,60.948,45000000,1
1299140280000,1299140339000,60.948,60.953,60.927,60.953,46000000,1
1299140340000,1299140399000,60.954,60.976,60.954,60.967,58000000,1
1299140400000,1299140459000,60.968,60.979,60.966,60.979,65000000,1
1299140460000,1299140519000,60.979,60.988,60.976,60.976,23000000,1
1299140520000,1299140579000,60.97,60.971,60.966,60.967,40000000,1
1299140580000,1299140639000,60.966,60.973,60.957,60.967,139000000,1
1299140640000,1299140699000,60.957,60.959,60.947,60.948,55000000,1
1299140700000,1299140759000,60.948,60.948,60.924,60.927,119000000,1
1299140760000,1299140819000,60.928,60.928,60.908,60.917,58000000,1
1299140820000,1299140879000,60.917,60.917,60.896,60.897,33000000,1
1299140880000,1299140939000,60.897,60.918,60.891,60.908,68000000,1
1299140940000,1299140999000,60.908,60.91,60.907,60.91,25000000,1
1299141000000,1299141059000,60.908,60.908,60.907,60.908,41000000,1
1299141060000,1299141119000,60.908,60.917,60.907,60.911,41000000,1
1299141120000,1299141179000,60.911,60.927,60.908,60.927,22000000,1
1299141180000,1299141239000,60.923,60.923,60.917,60.918,28000000,1
1299141240000,1299141299000,60.918,60.918,60.901,60.907,14000000,1
1299141300000,1299141359000,60.907,60.938,60.906,60.938,106000000,1
1299141360000,1299141419000,60.938,60.968,60.918,60.946,160000000,1
1299141420000,1299141479000,60.937,60.997,60.937,60.987,130000000,1
1299141480000,1299141539000,60.987,61.028,60.977,61.018,170000000,1
1299141540000,1299141599000,61.018,61.018,60.981,60.987,139000000,1
1299141600000,1299141659000,60.98,61.008,60.977,61.0,104000000,1
1299141660000,1299141719000,61.0,61.028,60.999,61.016,125000000,1
1299141720000,1299141779000,61.016,61.019,60.98,60.997,106000000,1
1299141780000,1299141839000,60.997,61.009,60.977,60.977,92000000,1
1299141840000,1299141899000,60.983,60.996,60.968,60.976,46000000,1
1299141900000,1299141959000,60.971,60.987,60.971,60.972,73000000,1
1299141960000,1299142019000,60.976,60.983,60.97,60.976,30000000,1
1299142020000,1299142079000,60.971,60.984,60.971,60.979,27000000,1
1299142080000,1299142139000,60.976,60.976,60.956,60.962,87000000,1
1299142140000,1299142199000,60.962,60.971,60.961,60.967,55000000,1
1299142200000,1299142259000,60.967,60.997,60.957,60.99,137000000,1
1299142260000,1299142319000,60.99,60.997,60.982,60.983,33000000,1
1299142320000,1299142379000,60.984,60.988,60.977,60.988,64000000,1
1299142380000,1299142439000,60.988,60.988,60.982,60.987,36000000,1
1299142440000,1299142499000,60.987,60.998,60.978,60.981,84000000,1
1299142500000,1299142559000,60.981,60.991,60.977,60.988,25000000,1
1299142560000,1299142619000,60.988,60.988,60.962,60.967,49000000,1
1299142620000,1299142679000,60.967,60.968,60.947,60.947,99000000,1
1299142680000,1299142739000,60.948,60.951,60.938,60.951,81000000,1
1299142740000,1299142799000,60.947,60.95,60.907,60.907,132000000,1
1299142800000,1299142859000,60.907,60.937,60.901,60.928,196000000,1
1299142860000,1299142919000,60.935,60.949,60.93,60.94,102000000,1
1299142920000,1299142979000,60.947,60.949,60.933,60.937,88000000,1
1299142980000,1299143039000,60.937,60.937,60.927,60.929,85000000,1
1299143040000,1299143099000,60.932,60.947,60.931,60.947,88000000,1
1299143100000,1299143159000,60.952,60.961,60.95,60.961,12000000,1
1299143160000,1299143219000,60.958,60.958,60.938,60.958,49000000,1
1299143220000,1299143279000,60.959,60.976,60.954,60.976,53000000,1
1299143280000,1299143339000,60.977,60.998,60.977,60.979,55000000,1
1299143340000,1299143399000,60.978,60.989,60.978,60.988,49000000,1
1299143400000,1299143459000,60.988,60.988,60.987,60.987,19000000,1
1299143460000,1299143519000,60.992,60.998,60.987,60.987,66000000,1
1299143520000,1299143579000,60.998,60.998,60.977,60.981,111000000,1
1299143580000,1299143639000,60.981,60.981,60.977,60.977,27000000,1
1299143640000,1299143699000,60.977,60.977,60.967,60.967,39000000,1
1299143700000,1299143759000,60.966,60.966,60.958,60.959,26000000,1
1299143760000,1299143819000,60.958,60.978,60.958,60.977,72000000,1
1299143820000,1299143879000,60.968,60.998,60.957,60.991,124000000,1
1299143880000,1299143939000,60.99,61.008,60.987,61.007,92000000,1
1299143940000,1299143999000,61.007,61.013,61.007,61.008,94000000,1
1299144000000,1299144059000,61.008,61.013,61.008,61.009,36000000,1
1299144060000,1299144119000,61.008,61.018,61.008,61.009,51000000,1
1299144120000,1299144179000,61.009,61.019,61.007,61.018,46000000,1
1299144180000,1299144239000,61.018,61.022,61.009,61.022,99000000,1
1299144240000,1299144299000,61.02,61.027,61.007,61.008,74000000,1
1299144300000,1299144359000,61.006,61.028,61.006,61.026,62000000,1
1299144360000,1299144419000,61.018,61.028,61.018,61.021,69000000,1
1299144420000,1299144479000,61.018,61.022,60.997,60.997,80000000,1
1299144480000,1299144539000,60.997,60.998,60.978,60.987,110000000,1
1299144540000,1299144599000,60.978,60.997,60.977,60.997,78000000,1
1299144600000,1299144659000,60.997,61.008,60.997,60.998,125000000,1
1299144660000,1299144719000,60.997,60.998,60.976,60.978,90000000,1
1299144720000,1299144779000,60.978,60.978,60.934,60.939,91000000,1
1299144780000,1299144839000,60.937,60.958,60.937,60.946,214000000,1
1299144840000,1299144899000,60.947,60.948,60.938,60.947,78000000,1
1299144900000,1299144959000,60.948,60.957,60.937,60.948,101000000,1
1299144960000,1299145019000,60.957,60.978,60.947,60.978,114000000,1
1299145020000,1299145079000,60.977,60.988,60.977,60.977,100000000,1
1299145080000,1299145139000,60.977,60.978,60.977,60.978,42000000,1
1299145140000,1299145199000,60.988,60.988,60.977,60.986,58000000,1
1299145200000,1299145259000,60.986,61.008,60.986,61.008,99000000,1
1299145260000,1299145319000,61.008,61.018,60.986,60.989,74000000,1
1299145320000,1299145379000,60.987,60.997,60.986,60.987,49000000,1
1299145380000,1299145439000,60.987,60.997,60.977,60.988,101000000,1
1299145440000,1299145499000,60.997,61.007,60.987,61.007,92000000,1
1299145500000,1299145559000,61.001,61.001,60.982,60.982,66000000,1
1299145560000,1299145619000,60.992,61.008,60.987,61.008,55000000,1
1299145620000,1299145679000,61.006,61.019,60.989,61.017,65000000,1
1299145680000,1299145739000,61.017,61.031,61.007,61.028,128000000,1
1299145740000,1299145799000,61.028,61.031,61.017,61.031,35000000,1
1299145800000,1299145859000,61.028,61.029,61.002,61.015,91000000,1
1299145860000,1299145919000,61.015,61.022,60.999,61.022,129000000,1
1299145920000,1299145979000,61.022,61.024,61.017,61.023,63000000,1
1299145980000,1299146039000,61.024,61.031,61.024,61.028,29000000,1
1299146040000,1299146099000,61.028,61.058,61.023,61.057,137000000,1
1299146100000,1299146159000,61.057,61.07,61.057,61.067,100000000,1
1299146160000,1299146219000,61.069,61.088,61.069,61.077,204000000,1
1299146220000,1299146279000,61.077,61.077,61.046,61.049,95000000,1
1299146280000,1299146339000,61.049,61.058,61.034,61.037,106000000,1
1299146340000,1299146399000,61.04,61.057,61.018,61.018,149000000,1
1299146400000,1299146459000,61.018,61.038,61.007,61.027,105000000,1
1299146460000,1299146519000,61.027,61.058,61.027,61.051,132000000,1
1299146520000,1299146579000,61.057,61.067,61.057,61.057,47000000,1
1299146580000,1299146639000,61.057,61.057,61.047,61.056,16000000,1
1299146640000,1299146699000,61.057,61.057,61.047,61.047,19000000,1
1299146700000,1299146759000,61.047,61.047,61.037,61.04,45000000,1
1299146760000,1299146819000,61.038,61.038,61.03,61.037,46000000,1
1299146820000,1299146879000,61.036,61.038,61.007,61.012,103000000,1
1299146880000,1299146939000,61.012,61.027,61.007,61.018,182000000,1
1299146940000,1299146999000,61.028,61.058,61.027,61.047,111000000,1
1299147000000,1299147059000,61.047,61.065,61.047,61.065,73000000,1
1299147060000,1299147119000,61.061,61.068,61.047,61.057,55000000,1
1299147120000,1299147179000,61.058,61.088,61.058,61.076,97000000,1
1299147180000,1299147239000,61.076,61.077,61.066,61.066,40000000,1
1299147240000,1299147299000,61.069,61.088,61.059,61.076,61000000,1
1299147300000,1299147359000,61.071,61.087,61.041,61.05,91000000,1
1299147360000,1299147419000,61.047,61.051,61.043,61.043,45000000,1
1299147420000,1299147479000,61.043,61.058,61.043,61.047,48000000,1
1299147480000,1299147539000,61.048,61.071,61.048,61.071,47000000,1
1299147540000,1299147599000,61.071,61.078,61.07,61.073,51000000,1
1299147600000,1299147659000,61.072,61.09,61.057,61.067,93000000,1
1299147660000,1299147719000,61.067,61.067,61.026,61.027,56000000,1
1299147720000,1299147779000,61.027,61.027,60.987,60.997,106000000,1
1299147780000,1299147839000,60.997,61.016,60.988,60.988,83000000,1
1299147840000,1299147899000,60.993,61.048,60.993,61.028,151000000,1
1299147900000,1299147959000,61.027,61.032,61.017,61.018,69000000,1
1299147960000,1299148019000,61.026,61.038,61.016,61.036,109000000,1
1299148020000,1299148079000,61.032,61.039,61.031,61.037,40000000,1
1299148080000,1299148139000,61.037,61.04,61.028,61.028,63000000,1
1299148140000,1299148199000,61.019,61.048,61.019,61.033,102000000,1
1299148200000,1299148259000,61.032,61.038,61.028,61.031,60000000,1
1299148260000,1299148319000,61.034,61.038,61.028,61.032,55000000,1
1299148320000,1299148379000,61.033,61.037,61.028,61.028,25000000,1
1299148380000,1299148439000,61.027,61.038,61.023,61.036,31000000,1
1299148440000,1299148499000,61.033,61.037,61.033,61.034,11000000,1
1299148500000,1299148559000,61.037,61.048,61.037,61.038,19000000,1
1299148560000,1299148619000,61.038,61.038,61.038,61.038,16000000,1
1299148620000,1299148679000,61.037,61.037,61.037,61.037,16000000,1
1299148680000,1299148739000,61.047,61.047,61.038,61.038,24000000,1
1299148740000,1299148799000,61.038,61.047,61.038,61.038,21000000,1
1299148800000,1299148859000,61.047,61.048,61.037,61.047,38000000,1
1299148860000,1299148919000,61.047,61.068,61.044,61.047,73000000,1
1299148920000,1299148979000,61.048,61.068,61.048,61.067,100000000,1
1299148980000,1299149039000,61.067,61.127,61.067,61.108,127000000,1
1299149040000,1299149099000,61.111,61.119,61.11,61.11,80000000,1
1299149100000,1299149159000,61.107,61.121,61.097,61.098,91000000,1
1299149160000,1299149219000,61.098,61.114,61.083,61.09,77000000,1
1299149220000,1299149279000,61.088,61.099,61.077,61.087,68000000,1
1299149280000,1299149339000,61.087,61.09,61.08,61.087,26000000,1
1299149340000,1299149399000,61.088,61.093,61.078,61.088,55000000,1
1299149400000,1299149459000,61.088,61.1,61.088,61.1,36000000,1
1299149460000,1299149519000,61.1,61.118,61.091,61.091,77000000,1
1299149520000,1299149579000,61.099,61.102,61.07,61.07,67000000,1
1299149580000,1299149639000,61.067,61.069,61.037,61.038,56000000,1
1299149640000,1299149699000,61.038,61.065,61.027,61.059,71000000,1
1299149700000,1299149759000,61.059,61.068,61.059,61.067,31000000,1
1299149760000,1299149819000,61.067,61.067,61.067,61.067,17000000,1
1299149820000,1299149879000,61.067,61.077,61.067,61.077,33000000,1
1299149880000,1299149939000,61.077,61.108,61.077,61.099,52000000,1
1299149940000,1299149999000,61.097,61.097,61.084,61.086,54000000,1
1299150000000,1299150059000,61.086,61.087,61.086,61.087,17000000,1
1299150060000,1299150119000,61.087,61.099,61.077,61.08,75000000,1
1299150120000,1299150179000,61.081,61.098,61.081,61.091,65000000,1
1299150180000,1299150239000,61.091,61.093,61.066,61.067,71000000,1
1299150240000,1299150299000,61.058,61.066,61.043,61.047,69000000,1
1299150300000,1299150359000,61.043,61.047,61.043,61.043,40000000,1
1299150360000,1299150419000,61.043,61.044,61.043,61.043,47000000,1
1299150420000,1299150479000,61.043,61.047,61.043,61.047,53000000,1
1299150480000,1299150539000,61.043,61.057,61.043,61.057,47000000,1
1299150540000,1299150599000,61.046,61.047,61.046,61.047,13000000,1
1299150600000,1299150659000,61.046,61.047,61.043,61.043,16000000,1
1299150660000,1299150719000,61.043,61.051,61.043,61.043,72000000,1
1299150720000,1299150779000,61.043,61.051,61.043,61.046,60000000,1
1299150780000,1299150839000,61.046,61.047,61.016,61.033,121000000,1
1299150840000,1299150899000,61.033,61.043,61.019,61.027,98000000,1
1299150900000,1299150959000,61.027,61.028,61.017,61.019,53000000,1
1299150960000,1299151019000,61.018,61.037,61.018,61.036,53000000,1
1299151020000,1299151079000,61.036,61.037,61.026,61.026,77000000,1
1299151080000,1299151139000,61.026,61.047,61.026,61.047,12000000,1
1299151140000,1299151199000,61.047,61.048,61.037,61.037,27000000,1
1299151200000,1299151259000,61.037,61.048,61.036,61.036,41000000,1
1299151260000,1299151319000,61.037,61.037,61.026,61.027,40000000,1
1299151320000,1299151379000,61.027,61.027,61.026,61.026,33000000,1
1299151380000,1299151439000,61.026,61.026,61.006,61.006,27000000,1
1299151440000,1299151499000,61.006,61.016,61.006,61.007,38000000,1
1299151500000,1299151559000,61.007,61.007,60.998,61.007,37000000,1
1299151560000,1299151619000,61.007,61.018,60.998,61.018,34000000,1
1299151620000,1299151679000,61.018,61.032,61.017,61.032,33000000,1
1299151680000,1299151739000,61.036,61.038,61.036,61.037,17000000,1
1299151740000,1299151799000,61.04,61.057,61.04,61.057,23000000,1
1299151800000,1299151859000,61.057,61.057,61.051,61.052,17000000,1
1299151860000,1299151919000,61.051,61.078,61.048,61.078,41000000,1
1299151920000,1299151979000,61.078,61.086,61.067,61.077,123000000,1
1299151980000,1299152039000,61.077,61.078,61.036,61.057,120000000,1
1299152040000,1299152099000,61.056,61.056,61.037,61.037,72000000,1
1299152100000,1299152159000,61.038,61.048,61.037,61.045,35000000,1
1299152160000,1299152219000,61.044,61.047,61.04,61.041,20000000,1
1299152220000,1299152279000,61.046,61.047,61.038,61.047,13000000,1
1299152280000,1299152339000,61.047,61.067,61.037,61.057,94000000,1
1299152340000,1299152399000,61.057,61.057,61.047,61.053,58000000,1
1299152400000,1299152459000,61.053,61.054,61.039,61.051,65000000,1
1299152460000,1299152519000,61.051,61.059,61.047,61.048,52000000,1
1299152520000,1299152579000,61.05,61.056,61.036,61.036,119000000,1
1299152580000,1299152639000,61.036,61.036,61.006,61.027,182000000,1
1299152640000,1299152699000,61.026,61.027,61.021,61.027,23000000,1
1299152700000,1299152759000,61.028,61.037,61.016,61.016,28000000,1
1299152760000,1299152819000,61.016,61.028,61.016,61.026,28000000,1
1299152820000,1299152879000,61.027,61.028,61.018,61.019,47000000,1
1299152880000,1299152939000,61.018,61.021,61.017,61.021,28000000,1
1299152940000,1299152999000,61.02,61.027,61.02,61.026,51000000,1
1299153000000,1299153059000,61.026,61.029,61.023,61.023,50000000,1
1299153060000,1299153119000,61.024,61.027,61.017,61.017,23000000,1
1299153120000,1299153179000,61.016,61.018,61.016,61.017,13000000,1
1299153180000,1299153239000,61.016,61.016,61.002,61.01,173000000,1
1299153240000,1299153299000,61.008,61.017,61.006,61.01,171000000,1
1299153300000,1299153359000,61.013,61.027,61.013,61.024,19000000,1
1299153360000,1299153419000,61.024,61.027,61.017,61.02,88000000,1
1299153420000,1299153479000,61.017,61.018,61.007,61.013,71000000,1
1299153480000,1299153539000,61.013,61.018,61.007,61.017,37000000,1
1299153540000,1299153599000,61.011,61.018,61.002,61.002,17000000,1
1299153600000,1299153659000,60.998,61.006,60.998,61.0,28000000,1
1299153660000,1299153719000,60.997,61.008,60.997,61.007,42000000,1
1299153720000,1299153779000,61.007,61.007,61.0,61.006,19000000,1
1299153780000,1299153839000,61.006,61.017,61.006,61.017,36000000,1
1299153840000,1299153899000,61.022,61.027,61.017,61.027,13000000,1
1299153900000,1299153959000,61.026,61.048,61.026,61.037,122000000,1
1299153960000,1299154019000,61.037,61.048,61.03,61.048,73000000,1
1299154020000,1299154079000,61.048,61.052,61.046,61.048,59000000,1
1299154080000,1299154139000,61.048,61.048,61.037,61.037,55000000,1
1299154140000,1299154199000,61.037,61.038,61.037,61.038,17000000,1
1299154200000,1299154259000,61.045,61.056,61.043,61.043,43000000,1
1299154260000,1299154319000,61.048,61.048,61.048,61.048,5000000,1
1299154320000,1299154379000,61.048,61.048,61.048,61.048,7000000,1
1299154380000,1299154439000,61.041,61.048,61.017,61.017,86000000,1
1299154440000,1299154499000,61.017,61.048,61.016,61.028,96000000,1
1299154500000,1299154559000,61.028,61.038,61.026,61.026,46000000,1
1299154560000,1299154619000,61.027,61.027,61.007,61.017,30000000,1
1299154620000,1299154679000,61.016,61.016,61.01,61.016,17000000,1
1299154680000,1299154739000,61.017,61.017,61.01,61.01,30000000,1
1299154740000,1299154799000,61.012,61.012,60.998,60.998,61000000,1
1299154800000,1299154859000,60.998,61.011,60.992,60.997,83000000,1
1299154860000,1299154919000,60.999,61.008,60.99,60.998,72000000,1
1299154920000,1299154979000,60.998,61.008,60.997,60.997,15000000,1
1299154980000,1299155039000,60.998,61.007,60.997,60.997,34000000,1
1299155040000,1299155099000,60.997,60.997,60.979,60.987,59000000,1
1299155100000,1299155159000,60.987,60.997,60.987,60.988,13000000,1
1299155160000,1299155219000,60.987,60.997,60.987,60.997,30000000,1
1299155220000,1299155279000,60.988,60.996,60.986,60.996,38000000,1
1299155280000,1299155339000,60.996,61.003,60.996,61.003,16000000,1
1299155340000,1299155399000,61.001,61.008,60.999,61.008,26000000,1
1299155400000,1299155459000,61.008,61.018,61.007,61.008,57000000,1
1299155460000,1299155519000,61.008,61.028,61.007,61.028,25000000,1
1299155520000,1299155579000,61.028,61.028,61.027,61.027,41000000,1
1299155580000,1299155639000,61.027,61.039,61.023,61.038,30000000,1
1299155640000,1299155699000,61.044,61.048,61.037,61.04,65000000,1
1299155700000,1299155759000,61.038,61.041,61.031,61.038,37000000,1
1299155760000,1299155819000,61.038,61.038,61.027,61.028,39000000,1
1299155820000,1299155879000,61.028,61.028,61.02,61.02,41000000,1
1299155880000,1299155939000,61.02,61.027,61.017,61.017,28000000,1
1299155940000,1299155999000,61.017,61.028,61.017,61.027,25000000,1
1299156000000,1299156059000,61.027,61.04,61.018,61.037,40000000,1
1299156060000,1299156119000,61.036,61.048,61.034,61.036,34000000,1
1299156120000,1299156179000,61.031,61.04,61.029,61.037,29000000,1
1299156180000,1299156239000,61.037,61.058,61.03,61.048,67000000,1
1299156240000,1299156299000,61.05,61.058,61.047,61.047,38000000,1
1299156300000,1299156359000,61.057,61.057,61.037,61.037,40000000,1
1299156360000,1299156419000,61.037,61.037,61.016,61.017,100000000,1
1299156420000,1299156479000,61.017,61.035,61.007,61.015,114000000,1
1299156480000,1299156539000,61.017,61.029,61.017,61.028,24000000,1
1299156540000,1299156599000,61.028,61.036,61.017,61.017,54000000,1
1299156600000,1299156659000,61.013,61.04,61.01,61.031,99000000,1
1299156660000,1299156719000,61.029,61.037,61.008,61.017,66000000,1
1299156720000,1299156779000,61.017,61.039,61.017,61.037,44000000,1
1299156780000,1299156839000,61.036,61.047,61.036,61.041,18000000,1
1299156840000,1299156899000,61.04,61.047,61.037,61.047,29000000,1
1299156900000,1299156959000,61.044,61.058,61.044,61.057,61000000,1
1299156960000,1299157019000,61.056,61.058,61.038,61.048,67000000,1
1299157020000,1299157079000,61.048,61.048,61.037,61.04,37000000,1
1299157080000,1299157139000,61.042,61.058,61.042,61.047,36000000,1
1299157140000,1299157199000,61.047,61.055,61.038,61.04,110000000,1
1299157200000,1299157259000,61.04,61.058,61.04,61.04,84000000,1
1299157260000,1299157319000,61.038,61.058,61.031,61.058,82000000,1
1299157320000,1299157379000,61.057,61.068,61.056,61.06,57000000,1
1299157380000,1299157439000,61.068,61.068,61.043,61.057,74000000,1
1299157440000,1299157499000,61.057,61.058,61.048,61.049,20000000,1
1299157500000,1299157559000,61.048,61.048,61.038,61.038,53000000,1
1299157560000,1299157619000,61.038,61.04,61.006,61.006,56000000,1
1299157620000,1299157679000,61.006,61.019,61.004,61.006,62000000,1
1299157680000,1299157739000,61.002,61.007,60.988,60.991,67000000,1
1299157740000,1299157799000,60.987,61.013,60.97,61.013,99000000,1
1299157800000,1299157859000,61.008,61.018,61.008,61.011,80000000,1
1299157860000,1299157919000,61.009,61.047,61.009,61.037,70000000,1
1299157920000,1299157979000,61.037,61.047,61.029,61.047,66000000,1
1299157980000,1299158039000,61.049,61.057,61.041,61.041,53000000,1
1299158040000,1299158099000,61.038,61.039,61.027,61.028,76000000,1
1299158100000,1299158159000,61.028,61.028,61.008,61.016,143000000,1
1299158160000,1299158219000,61.01,61.018,61.008,61.017,84000000,1
1299158220000,1299158279000,61.017,61.031,61.009,61.029,89000000,1
1299158280000,1299158339000,61.029,61.039,61.028,61.031,62000000,1
1299158340000,1299158399000,61.028,61.068,61.028,61.057,107000000,1
1299158400000,1299158459000,61.057,61.067,61.031,61.037,89000000,1
1299158460000,1299158519000,61.037,61.041,61.032,61.033,29000000,1
1299158520000,1299158579000,61.029,61.029,61.027,61.028,21000000,1
1299158580000,1299158639000,61.024,61.024,61.012,61.021,33000000,1
1299158640000,1299158699000,61.028,61.028,61.01,61.018,57000000,1
1299158700000,1299158759000,61.027,61.038,61.027,61.029,86000000,1
1299158760000,1299158819000,61.029,61.029,61.028,61.029,24000000,1
1299158820000,1299158879000,61.029,61.05,61.028,61.048,55000000,1
1299158880000,1299158939000,61.048,61.048,61.017,61.017,91000000,1
1299158940000,1299158999000,61.017,61.017,60.958,60.959,169000000,1
1299159000000,1299159059000,60.973,61.121,60.973,61.108,271000000,1
1299159060000,1299159119000,61.098,61.118,61.067,61.098,287000000,1
1299159120000,1299159179000,61.097,61.128,61.058,61.127,418000000,1
1299159180000,1299159239000,61.127,61.127,61.08,61.08,401000000,1
1299159240000,1299159299000,61.088,61.09,61.046,61.076,318000000,1
1299159300000,1299159359000,61.079,61.108,61.067,61.106,231000000,1
1299159360000,1299159419000,61.106,61.128,61.106,61.127,271000000,1
1299159420000,1299159479000,61.127,61.148,61.108,61.127,301000000,1
1299159480000,1299159539000,61.127,61.127,61.087,61.097,293000000,1
1299159540000,1299159599000,61.097,61.098,61.077,61.097,235000000,1
1299159600000,1299159659000,61.098,61.118,61.067,61.068,323000000,1
1299159660000,1299159719000,61.068,61.078,61.037,61.068,384000000,1
1299159720000,1299159779000,61.068,61.098,61.054,61.087,283000000,1
1299159780000,1299159839000,61.087,61.098,61.056,61.087,334000000,1
1299159840000,1299159899000,61.098,61.118,61.088,61.108,231000000,1
1299159900000,1299159959000,61.106,61.148,61.106,61.137,258000000,1
1299159960000,1299160019000,61.136,61.187,61.127,61.167,334000000,1
1299160020000,1299160079000,61.167,61.168,61.144,61.158,289000000,1
1299160080000,1299160139000,61.158,61.187,61.149,61.177,353000000,1
1299160140000,1299160199000,61.169,61.198,61.168,61.192,434000000,1
1299160200000,1299160259000,61.194,61.198,61.147,61.162,436000000,1
1299160260000,1299160319000,61.167,61.172,61.089,61.112,337000000,1
1299160320000,1299160379000,61.108,61.128,61.087,61.118,301000000,1
1299160380000,1299160439000,61.118,61.127,61.097,61.117,236000000,1
1299160440000,1299160499000,61.118,61.128,61.098,61.128,247000000,1
1299160500000,1299160559000,61.117,61.137,61.087,61.137,276000000,1
1299160560000,1299160619000,61.137,61.148,61.112,61.128,205000000,1
1299160620000,1299160679000,61.128,61.148,61.107,61.138,164000000,1
1299160680000,1299160739000,61.138,61.148,61.077,61.078,193000000,1
1299160740000,1299160799000,61.078,61.128,61.054,61.118,241000000,1
1299160800000,1299160859000,61.118,61.138,61.107,61.128,207000000,1
1299160860000,1299160919000,61.128,61.137,61.107,61.108,192000000,1
1299160920000,1299160979000,61.108,61.139,61.098,61.118,115000000,1
1299160980000,1299161039000,61.118,61.148,61.117,61.138,137000000,1
1299161040000,1299161099000,61.138,61.144,61.117,61.137,146000000,1
1299161100000,1299161159000,61.138,61.147,61.108,61.118,115000000,1
1299161160000,1299161219000,61.118,61.127,61.1,61.107,140000000,1
1299161220000,1299161279000,61.098,61.121,61.096,61.105,167000000,1
1299161280000,1299161339000,61.105,61.132,61.087,61.127,167000000,1
1299161340000,1299161399000,61.123,61.13,61.098,61.117,173000000,1
1299161400000,1299161459000,61.117,61.119,61.105,61.119,113000000,1
1299161460000,1299161519000,61.119,61.138,61.117,61.117,80000000,1
1299161520000,1299161579000,61.117,61.128,61.081,61.092,125000000,1
1299161580000,1299161639000,61.092,61.108,61.081,61.082,110000000,1
1299161640000,1299161699000,61.082,61.088,61.063,61.08,78000000,1
1299161700000,1299161759000,61.081,61.107,61.081,61.098,106000000,1
1299161760000,1299161819000,61.098,61.127,61.088,61.118,157000000,1
1299161820000,1299161879000,61.118,61.122,61.106,61.108,113000000,1
1299161880000,1299161939000,61.107,61.108,61.087,61.097,73000000,1
1299161940000,1299161999000,61.098,61.126,61.058,61.096,275000000,1
1299162000000,1299162059000,61.096,61.117,61.086,61.097,182000000,1
1299162060000,1299162119000,61.097,61.097,61.077,61.088,183000000,1
1299162120000,1299162179000,61.091,61.092,61.066,61.067,139000000,1
1299162180000,1299162239000,61.067,61.067,61.066,61.067,30000000,1
1299162240000,1299162299000,61.059,61.084,61.056,61.057,103000000,1
1299162300000,1299162359000,61.057,61.07,61.052,61.067,119000000,1
1299162360000,1299162419000,61.068,61.088,61.067,61.087,181000000,1
1299162420000,1299162479000,61.088,61.096,61.068,61.088,164000000,1
1299162480000,1299162539000,61.086,61.111,61.077,61.084,107000000,1
1299162540000,1299162599000,61.088,61.108,61.087,61.097,147000000,1
1299162600000,1299162659000,61.097,61.108,61.086,61.097,162000000,1
1299162660000,1299162719000,61.09,61.13,61.089,61.119,135000000,1
1299162720000,1299162779000,61.127,61.141,61.117,61.137,162000000,1
1299162780000,1299162839000,61.137,61.16,61.117,61.157,182000000,1
1299162840000,1299162899000,61.165,61.169,61.156,61.159,173000000,1
1299162900000,1299162959000,61.159,61.167,61.138,61.146,124000000,1
1299162960000,1299163019000,61.147,61.16,61.118,61.128,176000000,1
1299163020000,1299163079000,61.135,61.15,61.116,61.139,187000000,1
1299163080000,1299163139000,61.137,61.148,61.128,61.137,89000000,1
1299163140000,1299163199000,61.137,61.167,61.128,61.158,132000000,1
1299163200000,1299163259000,61.156,61.166,61.137,61.157,105000000,1
1299163260000,1299163319000,61.154,61.167,61.136,61.167,60000000,1
1299163320000,1299163379000,61.167,61.171,61.146,61.147,88000000,1
1299163380000,1299163439000,61.147,61.148,61.128,61.137,95000000,1
1299163440000,1299163499000,61.137,61.148,61.126,61.137,170000000,1
1299163500000,1299163559000,61.138,61.166,61.137,61.146,165000000,1
1299163560000,1299163619000,61.146,61.147,61.127,61.129,80000000,1
1299163620000,1299163679000,61.133,61.158,61.127,61.158,132000000,1
1299163680000,1299163739000,61.152,61.157,61.139,61.152,69000000,1
1299163740000,1299163799000,61.166,61.179,61.147,61.17,149000000,1
1299163800000,1299163859000,61.173,61.18,61.159,61.176,83000000,1
1299163860000,1299163919000,61.176,61.177,61.157,61.157,93000000,1
1299163920000,1299163979000,61.158,61.16,61.142,61.157,106000000,1
1299163980000,1299164039000,61.16,61.179,61.157,61.168,76000000,1
1299164040000,1299164099000,61.167,61.167,61.146,61.146,45000000,1
1299164100000,1299164159000,61.137,61.138,61.132,61.132,60000000,1
1299164160000,1299164219000,61.123,61.123,61.077,61.106,188000000,1
1299164220000,1299164279000,61.106,61.137,61.096,61.118,175000000,1
1299164280000,1299164339000,61.118,61.137,61.108,61.108,102000000,1
1299164340000,1299164399000,61.107,61.107,61.077,61.088,190000000,1
1299164400000,1299164459000,61.077,61.131,61.077,61.127,197000000,1
1299164460000,1299164519000,61.126,61.159,61.122,61.158,141000000,1
1299164520000,1299164579000,61.158,61.158,61.073,61.078,166000000,1
1299164580000,1299164639000,61.078,61.097,61.067,61.09,229000000,1
1299164640000,1299164699000,61.091,61.092,61.06,61.068,263000000,1
1299164700000,1299164759000,61.068,61.08,61.059,61.066,185000000,1
1299164760000,1299164819000,61.074,61.078,61.037,61.038,188000000,1
1299164820000,1299164879000,61.038,61.051,61.027,61.046,126000000,1
1299164880000,1299164939000,61.047,61.057,61.043,61.05,104000000,1
1299164940000,1299164999000,61.051,61.068,61.046,61.066,108000000,1
1299165000000,1299165059000,61.067,61.077,61.059,61.072,90000000,1
1299165060000,1299165119000,61.068,61.082,61.063,61.076,145000000,1
1299165120000,1299165179000,61.078,61.097,61.077,61.09,184000000,1
1299165180000,1299165239000,61.09,61.09,61.067,61.075,167000000,1
1299165240000,1299165299000,61.075,61.087,61.068,61.082,109000000,1
1299165300000,1299165359000,61.08,61.085,61.069,61.076,130000000,1
1299165360000,1299165419000,61.077,61.079,61.05,61.07,160000000,1
1299165420000,1299165479000,61.068,61.077,61.056,61.077,109000000,1
1299165480000,1299165539000,61.077,61.077,61.058,61.067,148000000,1
1299165540000,1299165599000,61.067,61.079,61.057,61.079,81000000,1
1299165600000,1299165659000,61.079,61.079,61.056,61.068,223000000,1
1299165660000,1299165719000,61.067,61.087,61.064,61.067,62000000,1
1299165720000,1299165779000,61.067,61.076,61.039,61.046,114000000,1
1299165780000,1299165839000,61.049,61.057,61.031,61.047,74000000,1
1299165840000,1299165899000,61.047,61.051,61.031,61.047,79000000,1
1299165900000,1299165959000,61.047,61.056,61.037,61.047,135000000,1
1299165960000,1299166019000,61.047,61.047,61.031,61.037,110000000,1
1299166020000,1299166079000,61.037,61.047,61.036,61.046,160000000,1
1299166080000,1299166139000,61.047,61.053,61.002,61.006,71000000,1
1299166140000,1299166199000,61.006,61.007,60.981,60.984,189000000,1
1299166200000,1299166259000,60.986,60.992,60.947,60.968,238000000,1
1299166260000,1299166319000,60.965,60.98,60.957,60.977,102000000,1
1299166320000,1299166379000,60.977,61.008,60.977,60.997,156000000,1
1299166380000,1299166439000,60.997,60.997,60.967,60.976,113000000,1
1299166440000,1299166499000,60.976,60.976,60.946,60.956,93000000,1
1299166500000,1299166559000,60.958,60.967,60.94,60.957,93000000,1
1299166560000,1299166619000,60.957,60.978,60.957,60.977,55000000,1
1299166620000,1299166679000,60.977,60.986,60.967,60.968,124000000,1
1299166680000,1299166739000,60.968,60.988,60.958,60.986,149000000,1
1299166740000,1299166799000,60.976,60.988,60.964,60.974,111000000,1
1299166800000,1299166859000,60.977,61.008,60.974,61.007,159000000,1
1299166860000,1299166919000,61.007,61.057,61.007,61.048,182000000,1
1299166920000,1299166979000,61.052,61.057,61.036,61.036,207000000,1
1299166980000,1299167039000,61.037,61.048,61.027,61.028,105000000,1
1299167040000,1299167099000,61.029,61.037,61.018,61.026,83000000,1
1299167100000,1299167159000,61.023,61.038,61.023,61.038,56000000,1
1299167160000,1299167219000,61.04,61.058,61.04,61.047,141000000,1
1299167220000,1299167279000,61.047,61.068,61.039,61.057,210000000,1
1299167280000,1299167339000,61.048,61.051,61.036,61.047,112000000,1
1299167340000,1299167399000,61.047,61.047,61.028,61.038,129000000,1
1299167400000,1299167459000,61.038,61.047,61.027,61.038,112000000,1
1299167460000,1299167519000,61.038,61.057,61.037,61.055,168000000,1
1299167520000,1299167579000,61.055,61.055,61.027,61.038,55000000,1
1299167580000,1299167639000,61.048,61.058,61.036,61.046,92000000,1
1299167640000,1299167699000,61.056,61.057,61.046,61.047,84000000,1
1299167700000,1299167759000,61.047,61.047,61.028,61.028,82000000,1
1299167760000,1299167819000,61.028,61.041,61.028,61.036,54000000,1
1299167820000,1299167879000,61.037,61.056,61.037,61.056,76000000,1
1299167880000,1299167939000,61.058,61.077,61.047,61.047,125000000,1
1299167940000,1299167999000,61.047,61.087,61.046,61.086,175000000,1
1299168000000,1299168059000,61.083,61.116,61.067,61.076,171000000,1
1299168060000,1299168119000,61.079,61.09,61.067,61.09,118000000,1
1299168120000,1299168179000,61.09,61.1,61.084,61.087,102000000,1
1299168180000,1299168239000,61.077,61.091,61.076,61.076,60000000,1
1299168240000,1299168299000,61.077,61.077,61.037,61.04,45000000,1
1299168300000,1299168359000,61.041,61.047,61.017,61.03,132000000,1
1299168360000,1299168419000,61.028,61.028,61.016,61.017,36000000,1
1299168420000,1299168479000,61.009,61.027,61.003,61.027,104000000,1
1299168480000,1299168539000,61.027,61.027,61.017,61.026,92000000,1
1299168540000,1299168599000,61.018,61.027,61.018,61.026,43000000,1
1299168600000,1299168659000,61.028,61.047,61.027,61.036,106000000,1
1299168660000,1299168719000,61.036,61.038,61.029,61.037,136000000,1
1299168720000,1299168779000,61.037,61.051,61.036,61.047,37000000,1
1299168780000,1299168839000,61.047,61.049,61.019,61.038,137000000,1
1299168840000,1299168899000,61.038,61.047,61.018,61.037,140000000,1
1299168900000,1299168959000,61.037,61.037,61.027,61.037,76000000,1
1299168960000,1299169019000,61.028,61.038,61.022,61.028,115000000,1
1299169020000,1299169079000,61.028,61.038,60.988,61.007,127000000,1
1299169080000,1299169139000,61.009,61.028,61.007,61.026,96000000,1
1299169140000,1299169199000,61.028,61.038,61.018,61.021,117000000,1
1299169200000,1299169259000,61.019,61.037,61.017,61.019,71000000,1
1299169260000,1299169319000,61.017,61.028,61.006,61.017,139000000,1
1299169320000,1299169379000,61.017,61.057,61.0,61.047,126000000,1
1299169380000,1299169439000,61.048,61.101,61.047,61.097,259000000,1
1299169440000,1299169499000,61.097,61.126,61.096,61.102,186000000,1
1299169500000,1299169559000,61.099,61.124,61.088,61.096,156000000,1
1299169560000,1299169619000,61.096,61.097,61.077,61.077,108000000,1
1299169620000,1299169679000,61.077,61.077,61.046,61.047,56000000,1
1299169680000,1299169739000,61.041,61.047,61.018,61.027,112000000,1
1299169740000,1299169799000,61.027,61.036,61.017,61.027,114000000,1
1299169800000,1299169859000,61.027,61.047,61.026,61.046,115000000,1
1299169860000,1299169919000,61.044,61.057,61.044,61.057,84000000,1
1299169920000,1299169979000,61.057,61.057,61.046,61.047,84000000,1
1299169980000,1299170039000,61.046,61.046,61.037,61.046,26000000,1
1299170040000,1299170099000,61.039,61.039,61.027,61.036,32000000,1
1299170100000,1299170159000,61.036,61.046,61.017,61.027,63000000,1
1299170160000,1299170219000,61.027,61.047,61.017,61.027,126000000,1
1299170220000,1299170279000,61.028,61.056,61.028,61.046,91000000,1
1299170280000,1299170339000,61.046,61.058,61.046,61.047,68000000,1
1299170340000,1299170399000,61.047,61.057,61.037,61.037,72000000,1
1299170400000,1299170459000,61.037,61.038,61.031,61.037,67000000,1
1299170460000,1299170519000,61.037,61.037,61.022,61.027,64000000,1
1299170520000,1299170579000,61.027,61.03,61.017,61.03,50000000,1
1299170580000,1299170639000,61.036,61.037,61.026,61.037,38000000,1
1299170640000,1299170699000,61.037,61.046,61.028,61.028,67000000,1
1299170700000,1299170759000,61.028,61.037,61.016,61.016,43000000,1
1299170760000,1299170819000,61.016,61.037,61.016,61.028,58000000,1
1299170820000,1299170879000,61.028,61.028,61.017,61.017,31000000,1
1299170880000,1299170939000,61.016,61.016,60.996,61.007,50000000,1
1299170940000,1299170999000,61.007,61.007,60.986,60.986,20000000,1
1299171000000,1299171059000,60.986,60.987,60.956,60.977,131000000,1
1299171060000,1299171119000,60.976,60.996,60.96,60.986,108000000,1
1299171120000,1299171179000,60.986,60.997,60.986,60.986,79000000,1
1299171180000,1299171239000,60.986,60.997,60.965,60.967,119000000,1
1299171240000,1299171299000,60.968,60.986,60.959,60.977,123000000,1
1299171300000,1299171359000,60.977,60.978,60.962,60.976,100000000,1
1299171360000,1299171419000,60.976,60.979,60.966,60.977,49000000,1
1299171420000,1299171479000,60.978,61.008,60.978,61.008,144000000,1
1299171480000,1299171539000,61.011,61.018,60.997,61.008,182000000,1
1299171540000,1299171599000,61.008,61.008,60.989,60.996,138000000,1
1299171600000,1299171659000,60.996,61.006,60.987,61.006,125000000,1
1299171660000,1299171719000,60.997,61.006,60.987,60.996,79000000,1
1299171720000,1299171779000,60.996,60.997,60.987,60.989,74000000,1
1299171780000,1299171839000,60.987,60.996,60.983,60.996,61000000,1
1299171840000,1299171899000,60.996,61.007,60.996,60.996,98000000,1
1299171900000,1299171959000,60.996,61.008,60.986,60.998,121000000,1
1299171960000,1299172019000,60.998,61.008,60.996,60.998,132000000,1
1299172020000,1299172079000,60.998,60.999,60.973,60.99,216000000,1
1299172080000,1299172139000,60.992,61.007,60.981,60.997,89000000,1
1299172140000,1299172199000,60.999,61.018,60.999,61.007,66000000,1
1299172200000,1299172259000,61.009,61.018,60.988,60.998,177000000,1
1299172260000,1299172319000,60.998,61.008,60.985,60.987,94000000,1
1299172320000,1299172379000,60.987,61.0,60.979,61.0,110000000,1
1299172380000,1299172439000,61.004,61.006,60.957,60.967,206000000,1
1299172440000,1299172499000,60.967,60.972,60.956,60.968,116000000,1
1299172500000,1299172559000,60.968,60.978,60.967,60.968,98000000,1
1299172560000,1299172619000,60.966,60.988,60.966,60.977,125000000,1
1299172620000,1299172679000,60.977,60.987,60.977,60.987,122000000,1
1299172680000,1299172739000,60.987,60.998,60.987,60.988,165000000,1
1299172740000,1299172799000,60.989,60.998,60.986,60.989,113000000,1
1299172800000,1299172859000,60.99,60.997,60.96,60.967,177000000,1
1299172860000,1299172919000,60.967,60.969,60.949,60.957,139000000,1
1299172920000,1299172979000,60.957,60.983,60.957,60.976,104000000,1
1299172980000,1299173039000,60.977,60.997,60.977,60.997,78000000,1
1299173040000,1299173099000,60.996,61.007,60.996,61.006,73000000,1
1299173100000,1299173159000,61.006,61.026,60.987,61.001,170000000,1
1299173160000,1299173219000,60.999,61.001,60.977,60.978,130000000,1
1299173220000,1299173279000,60.977,60.986,60.973,60.976,82000000,1
1299173280000,1299173339000,60.971,60.996,60.965,60.996,88000000,1
1299173340000,1299173399000,60.996,60.996,60.967,60.976,111000000,1
1299173400000,1299173459000,60.977,60.978,60.95,60.956,134000000,1
1299173460000,1299173519000,60.956,60.958,60.934,60.946,150000000,1
1299173520000,1299173579000,60.946,60.946,60.916,60.928,121000000,1
1299173580000,1299173639000,60.936,60.937,60.926,60.937,62000000,1
1299173640000,1299173699000,60.93,60.937,60.927,60.937,70000000,1
1299173700000,1299173759000,60.937,60.956,60.927,60.947,229000000,1
1299173760000,1299173819000,60.947,60.977,60.947,60.959,90000000,1
1299173820000,1299173879000,60.96,60.968,60.958,60.967,85000000,1
1299173880000,1299173939000,60.967,60.968,60.957,60.957,138000000,1
1299173940000,1299173999000,60.959,60.977,60.957,60.976,61000000,1
1299174000000,1299174059000,60.967,60.987,60.967,60.978,105000000,1
1299174060000,1299174119000,60.984,61.006,60.979,60.997,107000000,1
1299174120000,1299174179000,60.997,61.007,60.991,61.001,52000000,1
1299174180000,1299174239000,61.001,61.007,60.99,60.997,31000000,1
1299174240000,1299174299000,60.997,60.999,60.996,60.997,41000000,1
1299174300000,1299174359000,60.996,61.003,60.988,60.996,48000000,1
1299174360000,1299174419000,60.996,61.001,60.987,60.989,93000000,1
1299174420000,1299174479000,60.994,61.007,60.991,60.997,90000000,1
1299174480000,1299174539000,60.998,61.002,60.989,60.991,55000000,1
1299174540000,1299174599000,60.996,61.017,60.988,61.016,79000000,1
1299174600000,1299174659000,61.016,61.021,61.012,61.017,37000000,1
1299174660000,1299174719000,61.017,61.017,61.008,61.01,46000000,1
1299174720000,1299174779000,61.011,61.027,61.008,61.018,58000000,1
1299174780000,1299174839000,61.017,61.027,61.016,61.018,68000000,1
1299174840000,1299174899000,61.016,61.038,61.016,61.038,74000000,1
1299174900000,1299174959000,61.037,61.037,61.026,61.037,75000000,1
1299174960000,1299175019000,61.037,61.037,61.027,61.027,21000000,1
1299175020000,1299175079000,61.027,61.048,61.026,61.036,74000000,1
1299175080000,1299175139000,61.037,61.05,61.007,61.016,84000000,1
1299175140000,1299175199000,61.016,61.017,60.967,60.967,217000000,1
1299175200000,1299175259000,60.967,60.978,60.967,60.978,81000000,1
1299175260000,1299175319000,60.987,60.987,60.971,60.987,87000000,1
1299175320000,1299175379000,60.987,60.998,60.986,60.996,32000000,1
1299175380000,1299175439000,60.987,60.987,60.966,60.967,112000000,1
1299175440000,1299175499000,60.97,60.977,60.97,60.977,16000000,1
1299175500000,1299175559000,60.978,60.986,60.968,60.977,31000000,1
1299175560000,1299175619000,60.977,60.987,60.977,60.987,18000000,1
1299175620000,1299175679000,60.987,60.997,60.986,60.996,22000000,1
1299175680000,1299175739000,60.996,60.997,60.976,60.976,38000000,1
1299175740000,1299175799000,60.977,60.986,60.977,60.986,22000000,1
1299175800000,1299175859000,60.987,60.988,60.966,60.967,58000000,1
1299175860000,1299175919000,60.967,60.977,60.966,60.977,38000000,1
1299175920000,1299175979000,60.969,60.977,60.968,60.976,39000000,1
1299175980000,1299176039000,60.977,60.998,60.976,60.997,34000000,1
1299176040000,1299176099000,60.996,60.997,60.987,60.987,31000000,1
1299176100000,1299176159000,60.987,61.006,60.987,60.998,28000000,1
1299176160000,1299176219000,60.998,61.008,60.996,61.007,58000000,1
1299176220000,1299176279000,61.007,61.018,61.007,61.018,56000000,1
1299176280000,1299176339000,61.011,61.018,61.008,61.016,45000000,1
1299176340000,1299176399000,61.016,61.016,61.006,61.007,19000000,1
1299176400000,1299176459000,61.008,61.008,60.996,60.996,10000000,1
1299176460000,1299176519000,60.997,61.014,60.989,61.007,65000000,1
1299176520000,1299176579000,61.008,61.017,60.986,60.987,189000000,1
1299176580000,1299176639000,60.987,60.998,60.983,60.987,63000000,1
1299176640000,1299176699000,60.987,60.998,60.977,60.998,84000000,1
1299176700000,1299176759000,60.989,61.008,60.988,61.007,65000000,1
1299176760000,1299176819000,61.007,61.017,60.997,61.006,95000000,1
1299176820000,1299176879000,61.006,61.006,60.996,60.996,22000000,1
1299176880000,1299176939000,60.996,60.997,60.976,60.977,39000000,1
1299176940000,1299176999000,60.976,60.977,60.968,60.968,33000000,1
1299177000000,1299177059000,60.968,60.977,60.966,60.966,34000000,1
1299177060000,1299177119000,60.966,60.983,60.966,60.98,52000000,1
1299177120000,1299177179000,60.986,60.989,60.986,60.988,12000000,1
1299177180000,1299177239000,60.988,60.997,60.986,60.987,67000000,1
1299177240000,1299177299000,60.986,61.007,60.986,61.007,75000000,1
1299177300000,1299177359000,61.007,61.027,61.007,61.027,23000000,1
1299177360000,1299177419000,61.018,61.027,61.017,61.027,15000000,1
1299177420000,1299177479000,61.017,61.029,61.016,61.016,49000000,1
1299177480000,1299177539000,61.009,61.026,60.999,61.026,68000000,1
1299177540000,1299177599000,61.027,61.027,61.016,61.016,20000000,1
1299177600000,1299177659000,61.017,61.027,61.007,61.018,75000000,1
1299177660000,1299177719000,61.023,61.027,61.009,61.018,99000000,1
1299177720000,1299177779000,61.018,61.027,61.016,61.016,62000000,1
1299177780000,1299177839000,61.008,61.016,61.002,61.008,32000000,1
1299177840000,1299177899000,61.008,61.016,61.006,61.006,17000000,1
1299177900000,1299177959000,61.006,61.007,61.006,61.007,15000000,1
1299177960000,1299178019000,61.007,61.007,61.007,61.007,11000000,1
1299178020000,1299178079000,61.007,61.007,60.988,60.99,25000000,1
1299178080000,1299178139000,60.99,60.998,60.98,60.986,136000000,1
1299178140000,1299178199000,60.986,60.991,60.976,60.986,83000000,1
1299178200000,1299178259000,60.988,60.988,60.978,60.978,27000000,1
1299178260000,1299178319000,60.978,60.978,60.978,60.978,6000000,1
1299178320000,1299178379000,60.978,60.978,60.976,60.976,7000000,1
1299178380000,1299178439000,60.977,60.977,60.966,60.966,39000000,1
1299178440000,1299178499000,60.967,60.967,60.958,60.958,29000000,1
1299178500000,1299178559000,60.958,60.988,60.958,60.988,49000000,1
1299178560000,1299178619000,60.988,60.988,60.988,60.988,4000000,1
1299178620000,1299178679000,60.987,60.998,60.987,60.998,28000000,1
1299178680000,1299178739000,60.998,61.006,60.978,60.987,56000000,1
1299178740000,1299178799000,60.987,60.997,60.987,60.989,34000000,1
1299178800000,1299178859000,60.997,60.997,60.968,60.977,177000000,1
1299178860000,1299178919000,60.977,61.017,60.977,61.008,176000000,1
1299178920000,1299178979000,61.008,61.027,61.008,61.027,28000000,1
1299178980000,1299179039000,61.019,61.019,60.996,61.008,53000000,1
1299179040000,1299179099000,61.008,61.016,60.998,61.008,80000000,1
1299179100000,1299179159000,61.007,61.007,60.996,60.998,46000000,1
1299179160000,1299179219000,60.998,60.998,60.988,60.996,50000000,1
1299179220000,1299179279000,60.997,61.008,60.997,60.999,150000000,1
1299179280000,1299179339000,60.999,61.007,60.996,61.007,65000000,1
1299179340000,1299179399000,61.006,61.006,60.996,60.996,18000000,1
1299179400000,1299179459000,60.996,60.998,60.996,60.997,57000000,1
1299179460000,1299179519000,60.997,60.997,60.997,60.997,88000000,1
1299179520000,1299179579000,60.997,60.999,60.997,60.998,33000000,1
1299179580000,1299179639000,60.998,61.028,60.998,61.016,98000000,1
1299179640000,1299179699000,61.016,61.017,61.016,61.017,15000000,1
1299179700000,1299179759000,61.017,61.036,61.016,61.027,35000000,1
1299179760000,1299179819000,61.026,61.027,61.026,61.027,16000000,1
1299179820000,1299179879000,61.017,61.027,61.016,61.027,46000000,1
1299179880000,1299179939000,61.027,61.027,61.017,61.027,38000000,1
1299179940000,1299179999000,61.027,61.028,61.006,61.007,79000000,1
1299180000000,1299180059000,61.007,61.007,61.006,61.007,20000000,1
1299180060000,1299180119000,61.006,61.006,60.977,60.986,36000000,1
1299180120000,1299180179000,60.988,60.997,60.986,60.996,25000000,1
1299180180000,1299180239000,60.996,60.998,60.987,60.996,64000000,1
1299180240000,1299180299000,60.997,60.997,60.988,60.996,16000000,1
1299180300000,1299180359000,60.987,60.997,60.987,60.997,48000000,1
1299180360000,1299180419000,60.997,61.006,60.996,61.006,33000000,1
1299180420000,1299180479000,61.007,61.007,60.999,61.007,15000000,1
1299180480000,1299180539000,61.007,61.016,60.996,61.006,50000000,1
1299180540000,1299180599000,61.006,61.007,60.996,61.006,29000000,1
1299180600000,1299180659000,61.006,61.006,61.006,61.006,27000000,1
1299180660000,1299180719000,61.006,61.007,60.996,60.997,25000000,1
1299180720000,1299180779000,60.997,60.997,60.976,60.986,42000000,1
1299180780000,1299180839000,60.976,60.987,60.976,60.986,63000000,1
1299180840000,1299180899000,60.986,60.987,60.98,60.987,24000000,1
1299180900000,1299180959000,60.987,60.99,60.986,60.99,19000000,1
1299180960000,1299181019000,60.992,60.997,60.992,60.997,45000000,1
1299181020000,1299181079000,60.996,60.997,60.996,60.997,51000000,1
1299181080000,1299181139000,60.997,61.007,60.997,61.007,39000000,1
1299181140000,1299181199000,60.997,60.997,60.976,60.976,54000000,1
1299181200000,1299181259000,60.976,60.976,60.947,60.966,78000000,1
1299181260000,1299181319000,60.967,60.976,60.956,60.967,52000000,1
1299181320000,1299181379000,60.967,60.967,60.926,60.926,54000000,1
1299181380000,1299181439000,60.926,60.936,60.918,60.927,31000000,1
1299181440000,1299181499000,60.927,60.927,60.916,60.917,27000000,1
1299181500000,1299181559000,60.916,60.957,60.916,60.937,78000000,1
1299181560000,1299181619000,60.937,60.947,60.926,60.946,43000000,1
1299181620000,1299181679000,60.946,60.977,60.946,60.967,59000000,1
1299181680000,1299181739000,60.956,60.977,60.956,60.976,49000000,1
1299181740000,1299181799000,60.976,60.977,60.957,60.967,26000000,1
1299181800000,1299181859000,60.967,60.967,60.956,60.967,29000000,1
1299181860000,1299181919000,60.967,60.967,60.966,60.966,45000000,1
1299181920000,1299181979000,60.966,60.967,60.946,60.947,37000000,1
1299181980000,1299182039000,60.947,60.956,60.926,60.926,45000000,1
1299182040000,1299182099000,60.926,60.946,60.917,60.936,94000000,1
1299182100000,1299182159000,60.936,60.937,60.936,60.936,36000000,1
1299182160000,1299182219000,60.937,60.937,60.926,60.926,29000000,1
1299182220000,1299182279000,60.926,60.947,60.917,60.946,89000000,1
1299182280000,1299182339000,60.946,60.958,60.937,60.946,91000000,1
1299182340000,1299182399000,60.946,60.967,60.946,60.958,135000000,1
1299182400000,1299182459000,60.956,60.967,60.926,60.946,111000000,1
1299182460000,1299182519000,60.947,60.967,60.936,60.936,76000000,1
1299182520000,1299182579000,60.936,60.946,60.926,60.936,52000000,1
1299182580000,1299182639000,60.936,60.947,60.936,60.946,12000000,1
1299182640000,1299182699000,60.936,60.967,60.936,60.957,38000000,1
1299182700000,1299182759000,60.957,60.976,60.956,60.967,58000000,1
1299182760000,1299182819000,60.976,60.977,60.966,60.977,17000000,1
1299182820000,1299182879000,60.977,60.996,60.966,60.977,50000000,1
1299182880000,1299182939000,60.978,60.996,60.976,60.986,51000000,1
1299182940000,1299182999000,60.987,60.987,60.976,60.977,10000000,1
1299183000000,1299183059000,60.987,60.991,60.977,60.986,73000000,1
1299183060000,1299183119000,60.986,60.997,60.986,60.996,70000000,1
1299183120000,1299183179000,60.996,61.007,60.976,60.986,28000000,1
1299183180000,1299183239000,60.977,60.987,60.977,60.977,7000000,1
1299183240000,1299183299000,60.976,60.977,60.951,60.967,43000000,1
1299183300000,1299183359000,60.967,60.967,60.967,60.967,18000000,1
1299183360000,1299183419000,60.967,61.008,60.967,61.007,108000000,1
1299183420000,1299183479000,61.007,61.02,60.997,61.018,34000000,1
1299183480000,1299183539000,61.026,61.037,60.997,61.016,98000000,1
1299183540000,1299183599000,61.008,61.017,60.996,61.007,29000000,1
1299183600000,1299183659000,61.006,61.016,61.006,61.007,15000000,1
1299183660000,1299183719000,61.006,61.007,60.996,61.007,18000000,1
1299183720000,1299183779000,61.006,61.018,61.006,61.016,42000000,1
1299183780000,1299183839000,61.017,61.017,61.017,61.017,4000000,1
1299183840000,1299183899000,61.016,61.017,60.997,61.002,51000000,1
1299183900000,1299183959000,61.006,61.007,61.006,61.007,14000000,1
1299183960000,1299184019000,60.998,61.007,60.996,61.006,30000000,1
1299184020000,1299184079000,60.997,60.997,60.996,60.997,15000000,1
1299184080000,1299184139000,60.996,60.997,60.996,60.996,8000000,1
1299184140000,1299184199000,60.997,61.001,60.996,60.997,26000000,1
1299184200000,1299184259000,60.986,61.018,60.98,61.007,57000000,1
1299184260000,1299184319000,61.007,61.017,61.001,61.007,31000000,1
1299184320000,1299184379000,61.02,61.02,60.986,60.986,93000000,1
1299184380000,1299184439000,60.987,61.006,60.987,61.006,63000000,1
1299184440000,1299184499000,61.006,61.007,61.006,61.007,6000000,1
1299184500000,1299184559000,61.006,61.007,60.983,61.007,78000000,1
1299184560000,1299184619000,61.007,61.017,60.996,61.016,85000000,1
1299184620000,1299184679000,61.016,61.073,61.016,61.036,82000000,1
1299184680000,1299184739000,61.036,61.046,61.036,61.046,49000000,1
1299184740000,1299184799000,61.046,61.086,61.046,61.076,118000000,1
1299184800000,1299184859000,61.076,61.106,61.072,61.106,56000000,1
1299184860000,1299184919000,61.098,61.098,61.067,61.077,86000000,1
1299184920000,1299184979000,61.077,61.088,61.076,61.087,50000000,1
1299184980000,1299185039000,61.087,61.088,61.084,61.088,46000000,1
1299185040000,1299185099000,61.096,61.108,61.09,61.097,63000000,1
1299185100000,1299185159000,61.092,61.108,61.087,61.096,112000000,1
1299185160000,1299185219000,61.096,61.107,61.078,61.107,47000000,1
1299185220000,1299185279000,61.097,61.097,61.086,61.097,23000000,1
1299185280000,1299185339000,61.097,61.097,61.097,61.097,23000000,1
1299185340000,1299185399000,61.097,61.097,61.097,61.097,4000000,1
1299185400000,1299185459000,61.087,61.097,61.087,61.097,28000000,1
1299185460000,1299185519000,61.088,61.107,61.087,61.097,46000000,1
1299185520000,1299185579000,61.096,61.097,61.086,61.088,41000000,1
1299185580000,1299185639000,61.086,61.096,61.086,61.096,6000000,1
1299185640000,1299185699000,61.097,61.097,61.067,61.077,56000000,1
1299185700000,1299185759000,61.076,61.076,61.048,61.057,91000000,1
1299185760000,1299185819000,61.067,61.067,61.037,61.056,65000000,1
1299185820000,1299185879000,61.05,61.078,61.048,61.057,55000000,1
1299185880000,1299185939000,61.056,61.087,61.056,61.077,52000000,1
1299185940000,1299185999000,61.066,61.07,61.056,61.056,108000000,1
1299186000000,1299186059000,61.057,61.066,61.056,61.066,30000000,1
1299186060000,1299186119000,61.067,61.077,61.046,61.046,49000000,1
1299186120000,1299186179000,61.046,61.047,61.046,61.047,9000000,1
1299186180000,1299186239000,61.046,61.047,60.996,61.016,48000000,1
1299186240000,1299186299000,61.016,61.027,61.006,61.006,29000000,1
1299186300000,1299186359000,61.006,61.007,60.986,61.006,33000000,1
1299186360000,1299186419000,60.998,61.007,60.987,61.007,46000000,1
1299186420000,1299186479000,61.006,61.007,60.996,61.006,25000000,1
1299186480000,1299186539000,61.006,61.017,60.996,61.008,58000000,1
1299186540000,1299186599000,61.017,61.036,61.016,61.036,9000000,1
1299186600000,1299186659000,61.037,61.037,61.036,61.037,12000000,1
1299186660000,1299186719000,61.036,61.056,61.028,61.038,54000000,1
1299186720000,1299186779000,61.038,61.057,61.038,61.047,32000000,1
1299186780000,1299186839000,61.046,61.057,61.046,61.046,25000000,1
1299186840000,1299186899000,61.047,61.067,61.046,61.057,52000000,1
1299186900000,1299186959000,61.056,61.056,61.037,61.047,20000000,1
1299186960000,1299187019000,61.047,61.047,61.046,61.046,10000000,1
1299187020000,1299187079000,61.046,61.057,61.046,61.046,20000000,1
1299187080000,1299187139000,61.046,61.047,61.037,61.037,21000000,1
1299187140000,1299187199000,61.038,61.057,61.037,61.047,28000000,1
1299187200000,1299187259000,61.046,61.047,61.036,61.047,51000000,1
1299187260000,1299187319000,61.047,61.057,61.046,61.056,24000000,1
1299187320000,1299187379000,61.047,61.058,61.047,61.057,28000000,1
1299187380000,1299187439000,61.057,61.067,61.048,61.057,40000000,1
1299187440000,1299187499000,61.057,61.057,61.038,61.057,25000000,1
1299187500000,1299187559000,61.057,61.057,61.026,61.037,32000000,1
1299187560000,1299187619000,61.036,61.046,61.026,61.036,38000000,1
1299187620000,1299187679000,61.026,61.037,61.026,61.036,59000000,1
1299187680000,1299187739000,61.036,61.036,61.017,61.028,79000000,1
1299187740000,1299187799000,61.028,61.036,61.018,61.036,25000000,1
1299187800000,1299187859000,61.036,61.047,61.026,61.037,39000000,1
1299187860000,1299187919000,61.037,61.048,61.028,61.037,78000000,1
1299187920000,1299187979000,61.047,61.078,61.047,61.066,73000000,1
1299187980000,1299188039000,61.057,61.066,61.046,61.056,35000000,1
1299188040000,1299188099000,61.056,61.068,61.046,61.057,56000000,1
1299188100000,1299188159000,61.047,61.056,61.037,61.047,21000000,1
1299188160000,1299188219000,61.046,61.047,61.038,61.047,9000000,1
1299188220000,1299188279000,61.046,61.057,61.046,61.046,10000000,1
1299188280000,1299188339000,61.038,61.038,61.006,61.016,65000000,1
1299188340000,1299188399000,61.016,61.027,60.996,61.016,117000000,1
1299188400000,1299188459000,61.017,61.036,60.996,61.026,68000000,1
1299188460000,1299188519000,61.026,61.036,61.006,61.017,23000000,1
1299188520000,1299188579000,61.017,61.036,61.006,61.006,73000000,1
1299188580000,1299188639000,61.006,61.027,61.006,61.027,30000000,1
1299188640000,1299188699000,61.026,61.037,61.016,61.037,70000000,1
1299188700000,1299188759000,61.037,61.046,61.026,61.046,69000000,1
1299188760000,1299188819000,61.048,61.077,61.038,61.057,83000000,1
1299188820000,1299188879000,61.057,61.077,61.056,61.067,35000000,1
1299188880000,1299188939000,61.067,61.067,61.056,61.067,26000000,1
1299188940000,1299188999000,61.067,61.067,61.046,61.057,25000000,1
1299189000000,1299189059000,61.056,61.057,61.056,61.056,20000000,1
1299189060000,1299189119000,61.057,61.057,61.026,61.036,27000000,1
1299189120000,1299189179000,61.036,61.067,61.036,61.057,19000000,1
1299189180000,1299189239000,61.056,61.056,61.046,61.056,16000000,1
1299189240000,1299189299000,61.056,61.076,61.056,61.066,16000000,1
1299189300000,1299189359000,61.067,61.077,61.056,61.066,21000000,1
1299189360000,1299189419000,61.066,61.067,61.056,61.056,18000000,1
1299189420000,1299189479000,61.057,61.067,61.056,61.067,24000000,1
1299189480000,1299189539000,61.066,61.077,61.066,61.077,9000000,1
1299189540000,1299189599000,61.076,61.077,61.076,61.077,4000000,1
1299189600000,1299189659000,61.017,61.06,61.017,61.04,116000000,1
1299189660000,1299189719000,61.044,61.048,61.012,61.047,90000000,1
1299189720000,1299189779000,61.042,61.048,61.027,61.027,107000000,1
1299189780000,1299189839000,61.027,61.028,61.007,61.007,75000000,1
1299189840000,1299189899000,61.007,61.018,61.007,61.008,51000000,1
1299189900000,1299189959000,61.008,61.018,61.007,61.007,24000000,1
1299189960000,1299190019000,61.007,61.008,60.968,60.977,81000000,1
1299190020000,1299190079000,60.977,60.997,60.977,60.988,21000000,1
1299190080000,1299190139000,60.978,60.998,60.968,60.968,62000000,1
1299190140000,1299190199000,60.988,60.988,60.967,60.978,30000000,1
1299190200000,1299190259000,60.968,60.999,60.968,60.999,64000000,1
1299190260000,1299190319000,60.998,60.998,60.977,60.978,24000000,1
1299190320000,1299190379000,60.978,60.998,60.957,60.977,155000000,1
1299190380000,1299190439000,60.977,60.977,60.947,60.967,147000000,1
1299190440000,1299190499000,60.967,60.978,60.957,60.967,115000000,1
1299190500000,1299190559000,60.967,60.997,60.957,60.997,83000000,1
1299190560000,1299190619000,60.996,61.007,60.996,61.006,43000000,1
1299190620000,1299190679000,61.007,61.017,61.006,61.006,36000000,1
1299190680000,1299190739000,61.006,61.017,61.006,61.017,27000000,1
1299190740000,1299190799000,61.017,61.017,60.997,61.006,16000000,1
1299190800000,1299190859000,61.006,61.007,60.997,61.007,10000000,1
1299190860000,1299190919000,61.007,61.007,60.996,60.996,10000000,1
1299190920000,1299190979000,61.007,61.007,60.996,60.996,17000000,1
1299190980000,1299191039000,60.997,60.997,60.996,60.997,9000000,1
1299191040000,1299191099000,60.996,60.997,60.996,60.997,4000000,1
1299191100000,1299191159000,60.996,61.007,60.986,60.996,37000000,1
1299191160000,1299191219000,60.997,61.006,60.996,60.996,8000000,1
1299191220000,1299191279000,60.998,61.007,60.997,61.007,8000000,1
1299191280000,1299191339000,60.996,60.997,60.996,60.997,26000000,1
1299191340000,1299191399000,60.997,60.997,60.986,60.996,31000000,1
1299191400000,1299191459000,60.996,61.007,60.996,61.007,25000000,1
1299191460000,1299191519000,61.006,61.016,61.006,61.007,33000000,1
1299191520000,1299191579000,61.007,61.027,61.006,61.027,27000000,1
1299191580000,1299191639000,61.026,61.026,61.026,61.026,5000000,1
1299191640000,1299191699000,61.027,61.027,60.996,61.007,48000000,1
1299191700000,1299191759000,61.007,61.017,61.007,61.017,56000000,1
1299191760000,1299191819000,61.016,61.017,61.016,61.017,6000000,1
1299191820000,1299191879000,61.016,61.016,61.016,61.016,2000000,1
1299191880000,1299191939000,61.017,61.017,61.007,61.016,14000000,1
1299191940000,1299191999000,61.016,61.016,61.006,61.006,10000000,1
1299192000000,1299192059000,61.007,61.007,60.996,61.007,51000000,1
1299192060000,1299192119000,61.007,61.007,60.996,60.997,18000000,1
1299192120000,1299192179000,60.996,60.996,60.977,60.987,21000000,1
1299192180000,1299192239000,60.986,60.987,60.966,60.967,39000000,1
1299192240000,1299192299000,60.976,60.977,60.946,60.957,56000000,1
1299192300000,1299192359000,60.947,60.957,60.936,60.946,49000000,1
1299192360000,1299192419000,60.927,60.936,60.916,60.926,45000000,1
1299192420000,1299192479000,60.927,60.927,60.896,60.896,49000000,1
1299192480000,1299192539000,60.896,60.916,60.896,60.916,25000000,1
1299192540000,1299192599000,60.926,60.927,60.917,60.927,9000000,1
1299192600000,1299192659000,60.926,60.937,60.916,60.926,29000000,1
1299192660000,1299192719000,60.916,60.916,60.897,60.906,35000000,1
1299192720000,1299192779000,60.907,60.947,60.906,60.937,38000000,1
1299192780000,1299192839000,60.936,60.957,60.927,60.936,40000000,1
1299192840000,1299192899000,60.936,60.947,60.936,60.936,14000000,1
1299192900000,1299192959000,60.936,60.956,60.936,60.956,28000000,1
1299192960000,1299193019000,60.957,61.007,60.946,60.987,27000000,1
1299193020000,1299193079000,60.997,61.007,60.986,61.007,55000000,1
1299193080000,1299193139000,60.996,61.007,60.986,61.007,45000000,1
1299193140000,1299193199000,60.996,60.997,60.976,60.976,15000000,1
1299193200000,1299193259000,60.976,60.987,60.946,60.966,83000000,1
1299193260000,1299193319000,60.966,60.967,60.956,60.967,38000000,1
1299193320000,1299193379000,60.967,60.967,60.956,60.967,11000000,1
1299193380000,1299193439000,60.966,60.967,60.966,60.967,12000000,1
1299193440000,1299193499000,60.967,60.967,60.957,60.967,25000000,1
1299193500000,1299193559000,60.966,60.977,60.966,60.976,25000000,1
1299193560000,1299193619000,60.977,60.977,60.966,60.967,16000000,1
1299193620000,1299193679000,60.966,60.967,60.956,60.956,14000000,1
1299193680000,1299193739000,60.946,60.956,60.936,60.946,22000000,1
1299193740000,1299193799000,60.946,60.947,60.936,60.937,20000000,1
1299193800000,1299193859000,60.936,60.947,60.926,60.936,25000000,1
1299193860000,1299193919000,60.937,60.937,60.936,60.936,9000000,1
1299193920000,1299193979000,60.936,60.947,60.936,60.947,25000000,1
1299193980000,1299194039000,60.937,60.947,60.936,60.937,20000000,1
1299194040000,1299194099000,60.947,60.947,60.916,60.916,23000000,1
1299194100000,1299194159000,60.916,60.916,60.906,60.906,18000000,1
1299194160000,1299194219000,60.906,60.946,60.906,60.926,46000000,1
1299194220000,1299194279000,60.926,60.936,60.917,60.926,25000000,1
1299194280000,1299194339000,60.918,60.927,60.909,60.926,58000000,1
1299194340000,1299194399000,60.927,60.937,60.926,60.927,19000000,1
1299194400000,1299194459000,60.926,60.967,60.926,60.967,36000000,1
1299194460000,1299194519000,60.958,60.966,60.956,60.958,68000000,1
1299194520000,1299194579000,60.958,60.958,60.956,60.956,17000000,1
1299194580000,1299194639000,60.957,60.957,60.956,60.956,4000000,1
1299194640000,1299194699000,60.957,60.957,60.957,60.957,2000000,1
1299194700000,1299194759000,60.957,60.967,60.948,60.966,26000000,1
1299194760000,1299194819000,60.966,60.971,60.958,60.967,50000000,1
1299194820000,1299194879000,60.968,60.977,60.968,60.976,19000000,1
1299194880000,1299194939000,60.976,60.977,60.976,60.976,9000000,1
1299194940000,1299194999000,60.976,60.976,60.967,60.967,14000000,1
1299195000000,1299195059000,60.968,60.969,60.968,60.969,7000000,1
1299195060000,1299195119000,60.969,60.978,60.969,60.977,25000000,1
1299195120000,1299195179000,60.977,60.979,60.977,60.977,33000000,1
1299195180000,1299195239000,60.977,60.987,60.976,60.979,42000000,1
1299195240000,1299195299000,60.987,60.997,60.986,60.997,19000000,1
1299195300000,1299195359000,60.997,60.998,60.996,60.997,21000000,1
1299195360000,1299195419000,60.997,61.008,60.996,61.005,51000000,1
1299195420000,1299195479000,61.0,61.0,60.996,60.998,14000000,1
1299195480000,1299195539000,60.998,61.007,60.997,61.007,23000000,1
1299195540000,1299195599000,61.006,61.007,60.996,60.997,20000000,1
1299195600000,1299195659000,60.997,61.016,60.997,61.016,13000000,1
1299195660000,1299195719000,61.017,61.018,61.006,61.006,50000000,1
1299195720000,1299195779000,61.006,61.009,60.996,60.996,33000000,1
1299195780000,1299195839000,60.997,61.008,60.997,61.007,25000000,1
1299195840000,1299195899000,61.007,61.008,60.977,60.996,96000000,1
1299195900000,1299195959000,60.986,61.007,60.986,61.007,34000000,1
1299195960000,1299196019000,61.007,61.017,61.007,61.007,56000000,1
1299196020000,1299196079000,61.007,61.007,61.007,61.007,25000000,1
1299196080000,1299196139000,61.007,61.016,60.99,60.996,38000000,1
1299196140000,1299196199000,60.996,61.006,60.956,60.967,74000000,1
1299196200000,1299196259000,60.967,60.977,60.956,60.956,61000000,1
1299196260000,1299196319000,60.947,60.967,60.927,60.956,60000000,1
1299196320000,1299196379000,60.956,60.968,60.954,60.956,39000000,1
1299196380000,1299196439000,60.956,60.957,60.947,60.957,64000000,1
1299196440000,1299196499000,60.957,60.957,60.926,60.936,80000000,1
1299196500000,1299196559000,60.937,60.937,60.927,60.937,31000000,1
1299196560000,1299196619000,60.937,60.938,60.928,60.937,29000000,1
1299196620000,1299196679000,60.937,60.938,60.936,60.937,25000000,1
1299196680000,1299196739000,60.929,60.931,60.919,60.927,22000000,1
1299196740000,1299196799000,60.926,60.938,60.917,60.917,83000000,1
1299196800000,1299196859000,60.916,60.916,60.906,60.906,17070000,1
1299196860000,1299196919000,60.906,60.917,60.897,60.916,61850000,1
1299196920000,1299196979000,60.916,60.927,60.909,60.926,66810000,1
1299196980000,1299197039000,60.926,60.927,60.917,60.917,28710000,1
1299197040000,1299197099000,60.927,60.927,60.908,60.916,44760000,1
1299197100000,1299197159000,60.919,60.919,60.911,60.917,19930000,1
1299197160000,1299197219000,60.917,60.917,60.9,60.905,25440000,1
1299197220000,1299197279000,60.906,60.917,60.901,60.917,70540000,1
1299197280000,1299197339000,60.917,60.917,60.906,60.917,40400000,1
1299197340000,1299197399000,60.907,60.916,60.907,60.916,22520000,1
1299197400000,1299197459000,60.916,60.918,60.906,60.906,38450000,1
1299197460000,1299197519000,60.917,60.927,60.906,60.906,66710000,1
1299197520000,1299197579000,60.908,60.917,60.906,60.907,41380000,1
1299197580000,1299197639000,60.906,60.917,60.906,60.917,45930000,1
1299197640000,1299197699000,60.917,60.917,60.916,60.917,36920000,1
1299197700000,1299197759000,60.917,60.917,60.906,60.906,10500000,1
1299197760000,1299197819000,60.906,60.917,60.906,60.917,6580000,1
1299197820000,1299197879000,60.917,60.917,60.906,60.906,39170000,1
1299197880000,1299197939000,60.906,60.907,60.892,60.897,40190000,1
1299197940000,1299197999000,60.897,60.897,60.896,60.896,24380000,1
1299198000000,1299198059000,60.887,60.896,60.886,60.887,38360000,1
1299198060000,1299198119000,60.887,60.897,60.877,60.897,61700000,1
1299198120000,1299198179000,60.897,60.906,60.888,60.888,52650000,1
1299198180000,1299198239000,60.888,60.896,60.874,60.887,94230000,1
1299198240000,1299198299000,60.886,60.886,60.866,60.867,53050000,1
1299198300000,1299198359000,60.867,60.867,60.857,60.867,52210000,1
1299198360000,1299198419000,60.857,60.877,60.857,60.877,75460000,1
1299198420000,1299198479000,60.877,60.877,60.858,60.867,79500000,1
1299198480000,1299198539000,60.867,60.867,60.838,60.847,44790000,1
1299198540000,1299198599000,60.847,60.856,60.836,60.848,142880000,1
1299198600000,1299198659000,60.848,60.857,60.837,60.857,76920000,1
1299198660000,1299198719000,60.866,60.866,60.838,60.848,65070000,1
1299198720000,1299198779000,60.848,60.867,60.848,60.867,98400000,1
1299198780000,1299198839000,60.857,60.867,60.848,60.848,30980000,1
1299198840000,1299198899000,60.848,60.849,60.848,60.848,58580000,1
1299198900000,1299198959000,60.848,60.857,60.848,60.848,33500000,1
1299198960000,1299199019000,60.848,60.858,60.848,60.857,30980000,1
1299199020000,1299199079000,60.858,60.867,60.856,60.857,18080000,1
1299199080000,1299199139000,60.857,60.867,60.857,60.866,15940000,1
1299199140000,1299199199000,60.867,60.877,60.856,60.87,71470000,1
1299199200000,1299199259000,60.874,60.878,60.874,60.877,10710000,1
1299199260000,1299199319000,60.876,60.887,60.867,60.887,55150000,1
1299199320000,1299199379000,60.887,60.897,60.886,60.896,29620000,1
1299199380000,1299199439000,60.897,60.898,60.889,60.897,51790000,1
1299199440000,1299199499000,60.897,60.907,60.897,60.897,47130000,1
1299199500000,1299199559000,60.897,60.907,60.887,60.907,79040000,1
1299199560000,1299199619000,60.907,60.907,60.886,60.887,25510000,1
1299199620000,1299199679000,60.888,60.898,60.887,60.896,32390000,1
1299199680000,1299199739000,60.896,60.898,60.887,60.898,34610000,1
1299199740000,1299199799000,60.898,60.898,60.887,60.898,12730000,1
1299199800000,1299199859000,60.898,60.907,60.897,60.907,31610000,1
1299199860000,1299199919000,60.907,60.907,60.897,60.897,40610000,1
1299199920000,1299199979000,60.899,60.907,60.887,60.897,120180000,1
1299199980000,1299200039000,60.897,60.907,60.896,60.907,33980000,1
1299200040000,1299200099000,60.907,60.907,60.896,60.898,112830000,1
1299200100000,1299200159000,60.898,60.917,60.898,60.908,48890000,1
1299200160000,1299200219000,60.906,60.908,60.9,60.907,59480000,1
1299200220000,1299200279000,60.907,60.907,60.878,60.887,88840000,1
1299200280000,1299200339000,60.887,60.887,60.866,60.868,98710000,1
1299200340000,1299200399000,60.87,60.888,60.858,60.888,103620000,1
1299200400000,1299200459000,60.888,60.891,60.873,60.882,86440000,1
1299200460000,1299200519000,60.878,60.887,60.877,60.878,25720000,1
1299200520000,1299200579000,60.881,60.898,60.881,60.893,20380000,1
1299200580000,1299200639000,60.889,60.901,60.887,60.901,34390000,1
1299200640000,1299200699000,60.898,60.906,60.898,60.906,24210000,1
1299200700000,1299200759000,60.906,60.907,60.87,60.87,81880000,1
1299200760000,1299200819000,60.868,60.877,60.847,60.873,81310000,1
1299200820000,1299200879000,60.876,60.878,60.867,60.877,56900000,1
1299200880000,1299200939000,60.877,60.879,60.869,60.869,16330000,1
1299200940000,1299200999000,60.87,60.878,60.87,60.878,12770000,1
1299201000000,1299201059000,60.877,60.896,60.877,60.886,30740000,1
1299201060000,1299201119000,60.886,60.91,60.886,60.896,68040000,1
1299201120000,1299201179000,60.897,60.918,60.897,60.917,79840000,1
1299201180000,1299201239000,60.917,60.928,60.896,60.906,100700000,1
1299201240000,1299201299000,60.907,60.922,60.907,60.922,24220000,1
1299201300000,1299201359000,60.922,60.948,60.922,60.947,58560000,1
1299201360000,1299201419000,60.947,60.947,60.926,60.926,63990000,1
1299201420000,1299201479000,60.926,60.937,60.908,60.916,31380000,1
1299201480000,1299201539000,60.916,60.918,60.907,60.916,30170000,1
1299201540000,1299201599000,60.916,60.916,60.897,60.897,43170000,1
1299201600000,1299201659000,60.896,60.897,60.886,60.886,48010000,1
1299201660000,1299201719000,60.886,60.887,60.876,60.887,64410000,1
1299201720000,1299201779000,60.886,60.888,60.881,60.887,92020000,1
1299201780000,1299201839000,60.89,60.906,60.887,60.897,73400000,1
1299201840000,1299201899000,60.897,60.907,60.882,60.896,59880000,1
1299201900000,1299201959000,60.896,60.898,60.889,60.896,39420000,1
1299201960000,1299202019000,60.896,60.898,60.887,60.897,54790000,1
1299202020000,1299202079000,60.897,60.898,60.896,60.897,38300000,1
1299202080000,1299202139000,60.896,60.896,60.886,60.886,14420000,1
1299202140000,1299202199000,60.891,60.891,60.886,60.886,8830000,1
1299202200000,1299202259000,60.89,60.89,60.887,60.887,9770000,1
1299202260000,1299202319000,60.89,60.898,60.888,60.898,51650000,1
1299202320000,1299202379000,60.898,60.898,60.897,60.897,15010000,1
1299202380000,1299202439000,60.897,60.907,60.897,60.898,41570000,1
1299202440000,1299202499000,60.901,60.901,60.897,60.897,36110000,1
1299202500000,1299202559000,60.898,60.901,60.897,60.901,13330000,1
1299202560000,1299202619000,60.901,60.907,60.901,60.901,18990000,1
1299202620000,1299202679000,60.901,60.927,60.896,60.898,82020000,1
1299202680000,1299202739000,60.898,60.908,60.897,60.898,79050000,1
1299202740000,1299202799000,60.899,60.899,60.888,60.888,10700000,1
1299202800000,1299202859000,60.888,60.89,60.888,60.888,9010000,1
1299202860000,1299202919000,60.893,60.898,60.889,60.896,24620000,1
1299202920000,1299202979000,60.896,60.896,60.877,60.888,34370000,1
1299202980000,1299203039000,60.888,60.898,60.877,60.887,83380000,1
1299203040000,1299203099000,60.887,60.897,60.877,60.897,74480000,1
1299203100000,1299203159000,60.888,60.928,60.888,60.918,83980000,1
1299203160000,1299203219000,60.918,60.927,60.917,60.918,43690000,1
1299203220000,1299203279000,60.917,60.928,60.917,60.928,85390000,1
1299203280000,1299203339000,60.928,60.928,60.928,60.928,4500000,1
1299203340000,1299203399000,60.928,60.948,60.928,60.948,21620000,1
1299203400000,1299203459000,60.947,60.948,60.937,60.939,41950000,1
1299203460000,1299203519000,60.938,60.946,60.916,60.918,56770000,1
1299203520000,1299203579000,60.918,60.921,60.907,60.907,95450000,1
1299203580000,1299203639000,60.907,60.917,60.906,60.91,23830000,1
1299203640000,1299203699000,60.91,60.917,60.897,60.908,35130000,1
1299203700000,1299203759000,60.908,60.908,60.886,60.897,75680000,1
1299203760000,1299203819000,60.897,60.897,60.879,60.887,44110000,1
1299203820000,1299203879000,60.887,60.89,60.878,60.878,24790000,1
1299203880000,1299203939000,60.882,60.888,60.879,60.887,51640000,1
1299203940000,1299203999000,60.881,60.897,60.866,60.878,56340000,1
1299204000000,1299204059000,60.881,60.887,60.877,60.878,53130000,1
1299204060000,1299204119000,60.877,60.877,60.866,60.876,39400000,1
1299204120000,1299204179000,60.876,60.881,60.866,60.867,53960000,1
1299204180000,1299204239000,60.867,60.867,60.857,60.861,34330000,1
1299204240000,1299204299000,60.866,60.877,60.866,60.877,37220000,1
1299204300000,1299204359000,60.877,60.877,60.877,60.877,12460000,1
1299204360000,1299204419000,60.877,60.877,60.857,60.857,35170000,1
1299204420000,1299204479000,60.857,60.867,60.857,60.859,17700000,1
1299204480000,1299204539000,60.861,60.868,60.858,60.858,51260000,1
1299204540000,1299204599000,60.858,60.858,60.847,60.847,99890000,1
1299204600000,1299204659000,60.848,60.848,60.767,60.836,178460000,1
1299204660000,1299204719000,60.836,60.837,60.819,60.827,39160000,1
1299204720000,1299204779000,60.827,60.827,60.818,60.827,11630000,1
1299204780000,1299204839000,60.817,60.827,60.757,60.798,205100000,1
1299204840000,1299204899000,60.806,60.816,60.797,60.816,76640000,1
1299204900000,1299204959000,60.816,60.817,60.808,60.816,40680000,1
1299204960000,1299205019000,60.81,60.827,60.81,60.827,42130000,1
1299205020000,1299205079000,60.827,60.836,60.817,60.826,101360000,1
1299205080000,1299205139000,60.826,60.827,60.816,60.827,88590000,1
1299205140000,1299205199000,60.818,60.818,60.766,60.777,101720000,1
1299205200000,1299205259000,60.776,60.777,60.747,60.748,109820000,1
1299205260000,1299205319000,60.752,60.758,60.733,60.742,47450000,1
1299205320000,1299205379000,60.747,60.798,60.747,60.787,91630000,1
1299205380000,1299205439000,60.788,60.788,60.777,60.787,92930000,1
1299205440000,1299205499000,60.787,60.798,60.777,60.786,83120000,1
1299205500000,1299205559000,60.786,60.786,60.718,60.727,152730000,1
1299205560000,1299205619000,60.727,60.73,60.707,60.728,108850000,1
1299205620000,1299205679000,60.726,60.748,60.726,60.748,27680000,1
1299205680000,1299205739000,60.748,60.766,60.737,60.756,72560000,1
1299205740000,1299205799000,60.756,60.768,60.756,60.757,33020000,1
1299205800000,1299205859000,60.757,60.778,60.752,60.778,59470000,1
1299205860000,1299205919000,60.778,60.807,60.747,60.798,117950000,1
1299205920000,1299205979000,60.807,60.808,60.796,60.797,14260000,1
1299205980000,1299206039000,60.797,60.807,60.768,60.787,64850000,1
1299206040000,1299206099000,60.787,60.788,60.786,60.788,38190000,1
1299206100000,1299206159000,60.788,60.797,60.788,60.788,33380000,1
1299206160000,1299206219000,60.792,60.807,60.788,60.797,51670000,1
1299206220000,1299206279000,60.797,60.807,60.787,60.788,52010000,1
1299206280000,1299206339000,60.788,60.788,60.777,60.777,46170000,1
1299206340000,1299206399000,60.777,60.779,60.777,60.777,26290000,1
1299206400000,1299206459000,60.778,60.778,60.758,60.758,44470000,1
1299206460000,1299206519000,60.759,60.768,60.757,60.757,20140000,1
1299206520000,1299206579000,60.76,60.776,60.757,60.768,68630000,1
1299206580000,1299206639000,60.767,60.767,60.767,60.767,10510000,1
1299206640000,1299206699000,60.72,60.752,60.72,60.752,23420000,1
1299206700000,1299206759000,60.767,60.768,60.767,60.768,6010000,1
1299206760000,1299206819000,60.767,60.768,60.73,60.737,41490000,1
1299206820000,1299206879000,60.737,60.748,60.737,60.748,16190000,1
1299206880000,1299206939000,60.748,60.751,60.747,60.747,77380000,1
1299206940000,1299206999000,60.747,60.768,60.747,60.766,32360000,1
1299207000000,1299207059000,60.757,60.767,60.756,60.758,52970000,1
1299207060000,1299207119000,60.758,60.758,60.755,60.757,45600000,1
1299207120000,1299207179000,60.757,60.757,60.747,60.747,11630000,1
1299207180000,1299207239000,60.747,60.748,60.727,60.727,81270000,1
1299207240000,1299207299000,60.731,60.738,60.731,60.738,11210000,1
1299207300000,1299207359000,60.738,60.738,60.728,60.737,30980000,1
1299207360000,1299207419000,60.736,60.737,60.728,60.728,12190000,1
1299207420000,1299207479000,60.73,60.738,60.727,60.727,61960000,1
1299207480000,1299207539000,60.728,60.729,60.727,60.728,38100000,1
1299207540000,1299207599000,60.727,60.727,60.717,60.717,33970000,1
1299207600000,1299207659000,60.717,60.726,60.717,60.718,26280000,1
1299207660000,1299207719000,60.724,60.728,60.723,60.723,27400000,1
1299207720000,1299207779000,60.717,60.718,60.708,60.712,36050000,1
1299207780000,1299207839000,60.717,60.718,60.716,60.717,20640000,1
1299207840000,1299207899000,60.71,60.717,60.706,60.707,112460000,1
1299207900000,1299207959000,60.707,60.707,60.698,60.707,29980000,1
1299207960000,1299208019000,60.707,60.707,60.706,60.706,6000000,1
1299208020000,1299208079000,60.706,60.708,60.681,60.687,224870000,1
1299208080000,1299208139000,60.687,60.689,60.679,60.687,35460000,1
1299208140000,1299208199000,60.697,60.698,60.673,60.676,107760000,1
1299208200000,1299208259000,60.676,60.678,60.667,60.677,48440000,1
1299208260000,1299208319000,60.678,60.697,60.677,60.697,23900000,1
1299208320000,1299208379000,60.697,60.697,60.688,60.689,14270000,1
1299208380000,1299208439000,60.688,60.688,60.677,60.686,71090000,1
1299208440000,1299208499000,60.677,60.708,60.677,60.707,80370000,1
1299208500000,1299208559000,60.702,60.727,60.702,60.727,127030000,1
1299208560000,1299208619000,60.727,60.728,60.719,60.727,22320000,1
1299208620000,1299208679000,60.727,60.75,60.727,60.747,56650000,1
1299208680000,1299208739000,60.747,60.751,60.727,60.746,70050000,1
1299208740000,1299208799000,60.736,60.737,60.736,60.737,12300000,1
1299208800000,1299208859000,60.736,60.738,60.736,60.738,6010000,1
1299208860000,1299208919000,60.744,60.746,60.736,60.745,7330000,1
1299208920000,1299208979000,60.748,60.748,60.737,60.738,28520000,1
1299208980000,1299209039000,60.738,60.758,60.737,60.758,27250000,1
1299209040000,1299209099000,60.758,60.758,60.748,60.757,15610000,1
1299209100000,1299209159000,60.756,60.756,60.756,60.756,3000000,1
1299209160000,1299209219000,60.757,60.757,60.747,60.749,24620000,1
1299209220000,1299209279000,60.749,60.807,60.749,60.801,137750000,1
1299209280000,1299209339000,60.806,60.827,60.796,60.827,69720000,1
1299209340000,1299209399000,60.827,60.827,60.797,60.797,56870000,1
1299209400000,1299209459000,60.797,60.812,60.797,60.807,55900000,1
1299209460000,1299209519000,60.808,60.808,60.797,60.797,31720000,1
1299209520000,1299209579000,60.798,60.798,60.796,60.796,10320000,1
1299209580000,1299209639000,60.796,60.797,60.796,60.797,12950000,1
1299209640000,1299209699000,60.807,60.813,60.807,60.813,26120000,1
1299209700000,1299209759000,60.809,60.809,60.799,60.8,20670000,1
1299209760000,1299209819000,60.8,60.803,60.796,60.798,30660000,1
1299209820000,1299209879000,60.797,60.8,60.789,60.799,50040000,1
1299209880000,1299209939000,60.798,60.798,60.787,60.797,46730000,1
1299209940000,1299209999000,60.797,60.798,60.787,60.79,32240000,1
1299210000000,1299210059000,60.79,60.798,60.79,60.798,15970000,1
1299210060000,1299210119000,60.798,60.798,60.798,60.798,2440000,1
1299210120000,1299210179000,60.798,60.798,60.796,60.796,6750000,1
1299210180000,1299210239000,60.796,60.798,60.796,60.798,20460000,1
1299210240000,1299210299000,60.798,60.798,60.778,60.788,50050000,1
1299210300000,1299210359000,60.787,60.787,60.78,60.78,8450000,1
1299210360000,1299210419000,60.777,60.777,60.777,60.777,4280000,1
1299210420000,1299210479000,60.777,60.777,60.777,60.777,10890000,1
1299210480000,1299210539000,60.777,60.781,60.777,60.781,14660000,1
1299210540000,1299210599000,60.777,60.778,60.77,60.778,17270000,1
1299210600000,1299210659000,60.778,60.787,60.757,60.766,41860000,1
1299210660000,1299210719000,60.766,60.772,60.748,60.761,72500000,1
1299210720000,1299210779000,60.761,60.768,60.756,60.767,33600000,1
1299210780000,1299210839000,60.767,60.768,60.759,60.759,16610000,1
1299210840000,1299210899000,60.759,60.768,60.757,60.757,33390000,1
1299210900000,1299210959000,60.758,60.766,60.757,60.763,18990000,1
1299210960000,1299211019000,60.767,60.771,60.767,60.767,6020000,1
1299211020000,1299211079000,60.767,60.767,60.751,60.756,17660000,1
1299211080000,1299211139000,60.756,60.759,60.75,60.756,22260000,1
1299211140000,1299211199000,60.756,60.779,60.747,60.779,22750000,1
1299211200000,1299211259000,60.777,60.787,60.772,60.776,19900000,1
1299211260000,1299211319000,60.776,60.777,60.768,60.777,43940000,1
1299211320000,1299211379000,60.777,60.786,60.777,60.786,58000000,1
1299211380000,1299211439000,60.786,60.798,60.778,60.778,39220000,1
1299211440000,1299211499000,60.778,60.778,60.776,60.777,8250000,1
1299211500000,1299211559000,60.777,60.777,60.776,60.777,11250000,1
1299211560000,1299211619000,60.776,60.787,60.776,60.786,26860000,1
1299211620000,1299211679000,60.786,60.797,60.786,60.788,18570000,1
1299211680000,1299211739000,60.787,60.787,60.776,60.787,46250000,1
1299211740000,1299211799000,60.786,60.788,60.786,60.786,18010000,1
1299211800000,1299211859000,60.786,60.798,60.778,60.797,34350000,1
1299211860000,1299211919000,60.796,60.797,60.786,60.795,27880000,1
1299211920000,1299211979000,60.797,60.798,60.786,60.787,18770000,1
1299211980000,1299212039000,60.787,60.797,60.787,60.791,12780000,1
1299212040000,1299212099000,60.787,60.787,60.787,60.787,5710000,1
1299212100000,1299212159000,60.787,60.798,60.787,60.788,43250000,1
1299212160000,1299212219000,60.788,60.788,60.778,60.786,35130000,1
1299212220000,1299212279000,60.786,60.787,60.777,60.786,23070000,1
1299212280000,1299212339000,60.788,60.788,60.746,60.746,51120000,1
1299212340000,1299212399000,60.746,60.748,60.733,60.746,49190000,1
1299212400000,1299212459000,60.746,60.756,60.746,60.756,20260000,1
1299212460000,1299212519000,60.756,60.757,60.756,60.757,10690000,1
1299212520000,1299212579000,60.757,60.757,60.748,60.757,17260000,1
1299212580000,1299212639000,60.758,60.758,60.748,60.757,9220000,1
1299212640000,1299212699000,60.756,60.757,60.748,60.748,5820000,1
1299212700000,1299212759000,60.748,60.753,60.747,60.747,53710000,1
1299212760000,1299212819000,60.746,60.747,60.738,60.747,5890000,1
1299212820000,1299212879000,60.747,60.751,60.742,60.748,52400000,1
1299212880000,1299212939000,60.748,60.757,60.747,60.757,103020000,1
1299212940000,1299212999000,60.757,60.777,60.757,60.767,128270000,1
1299213000000,1299213059000,60.767,60.777,60.757,60.766,69980000,1
1299213060000,1299213119000,60.767,60.778,60.767,60.778,23540000,1
1299213120000,1299213179000,60.786,60.788,60.77,60.778,58070000,1
1299213180000,1299213239000,60.777,60.777,60.768,60.77,38890000,1
1299213240000,1299213299000,60.77,60.77,60.757,60.761,60570000,1
1299213300000,1299213359000,60.757,60.769,60.757,60.762,41380000,1
1299213360000,1299213419000,60.758,60.768,60.758,60.767,44240000,1
1299213420000,1299213479000,60.766,60.767,60.758,60.766,15290000,1
1299213480000,1299213539000,60.767,60.77,60.757,60.767,31190000,1
1299213540000,1299213599000,60.769,60.778,60.767,60.778,70950000,1
1299213600000,1299213659000,60.778,60.78,60.778,60.778,47890000,1
1299213660000,1299213719000,60.777,60.777,60.768,60.777,35310000,1
1299213720000,1299213779000,60.777,60.777,60.777,60.777,1500000,1
1299213780000,1299213839000,60.777,60.777,60.777,60.777,3750000,1
1299213840000,1299213899000,60.761,60.762,60.749,60.762,61060000,1
1299213900000,1299213959000,60.777,60.787,60.777,60.786,47300000,1
1299213960000,1299214019000,60.786,60.787,60.776,60.778,39970000,1
1299214020000,1299214079000,60.778,60.778,60.777,60.777,13510000,1
1299214080000,1299214139000,60.777,60.778,60.777,60.778,7700000,1
1299214140000,1299214199000,60.778,60.778,60.777,60.777,13510000,1
1299214200000,1299214259000,60.777,60.777,60.777,60.777,4500000,1
1299214260000,1299214319000,60.777,60.777,60.777,60.777,23830000,1
1299214320000,1299214379000,60.777,60.777,60.777,60.777,2250000,1
1299214380000,1299214439000,60.755,60.763,60.747,60.763,78350000,1
1299214440000,1299214499000,60.777,60.777,60.776,60.776,23250000,1
1299214500000,1299214559000,60.776,60.777,60.776,60.777,6000000,1
1299214560000,1299214619000,60.777,60.777,60.776,60.776,10500000,1
1299214620000,1299214679000,60.776,60.776,60.776,60.776,9240000,1
1299214680000,1299214739000,60.776,60.788,60.776,60.787,30740000,1
1299214740000,1299214799000,60.787,60.816,60.787,60.796,98050000,1
1299214800000,1299214859000,60.797,60.797,60.777,60.777,49410000,1
1299214860000,1299214919000,60.777,60.788,60.777,60.784,19920000,1
1299214920000,1299214979000,60.788,60.788,60.777,60.777,13510000,1
1299214980000,1299215039000,60.777,60.788,60.777,60.786,47690000,1
1299215040000,1299215099000,60.787,60.787,60.778,60.778,11640000,1
1299215100000,1299215159000,60.781,60.787,60.776,60.777,24740000,1
1299215160000,1299215219000,60.777,60.779,60.77,60.779,48120000,1
1299215220000,1299215279000,60.778,60.778,60.778,60.778,3640000,1
1299215280000,1299215339000,60.781,60.788,60.78,60.788,15400000,1
1299215340000,1299215399000,60.788,60.788,60.788,60.788,2250000,1
1299215400000,1299215459000,60.788,60.798,60.778,60.797,60230000,1
1299215460000,1299215519000,60.797,60.803,60.787,60.787,32500000,1
1299215520000,1299215579000,60.788,60.798,60.777,60.777,70070000,1
1299215580000,1299215639000,60.777,60.797,60.777,60.797,39430000,1
1299215640000,1299215699000,60.796,60.796,60.796,60.796,1880000,1
1299215700000,1299215759000,60.791,60.791,60.791,60.791,5280000,1
1299215760000,1299215819000,60.787,60.798,60.787,60.798,24490000,1
1299215820000,1299215879000,60.796,60.803,60.792,60.798,56210000,1
1299215880000,1299215939000,60.798,60.806,60.797,60.806,8080000,1
1299215940000,1299215999000,60.806,60.809,60.801,60.807,19360000,1
1299216000000,1299216059000,60.806,60.816,60.806,60.809,52050000,1
1299216060000,1299216119000,60.809,60.812,60.807,60.807,18220000,1
1299216120000,1299216179000,60.807,60.807,60.807,60.807,2630000,1
1299216180000,1299216239000,60.807,60.807,60.8,60.807,15550000,1
1299216240000,1299216299000,60.808,60.811,60.807,60.81,12220000,1
1299216300000,1299216359000,60.816,60.816,60.807,60.808,13600000,1
1299216360000,1299216419000,60.808,60.826,60.808,60.826,28170000,1
1299216420000,1299216479000,60.826,60.83,60.826,60.828,37780000,1
1299216480000,1299216539000,60.829,60.829,60.829,60.829,3960000,1
1299216540000,1299216599000,60.828,60.828,60.828,60.828,7890000,1
1299216600000,1299216659000,60.821,60.821,60.806,60.807,19310000,1
1299216660000,1299216719000,60.807,60.809,60.806,60.806,9770000,1
1299216720000,1299216779000,60.808,60.816,60.798,60.807,29450000,1
1299216780000,1299216839000,60.807,60.807,60.777,60.788,67470000,1
1299216840000,1299216899000,60.792,60.796,60.792,60.796,4140000,1
1299216900000,1299216959000,60.797,60.798,60.788,60.788,32280000,1
1299216960000,1299217019000,60.788,60.797,60.788,60.797,28440000,1
1299217020000,1299217079000,60.787,60.789,60.785,60.787,27160000,1
1299217080000,1299217139000,60.787,60.796,60.787,60.787,18220000,1
1299217140000,1299217199000,60.787,60.787,60.787,60.787,9380000,1
1299217200000,1299217259000,60.787,60.79,60.787,60.79,13520000,1
1299217260000,1299217319000,60.797,60.797,60.762,60.768,67510000,1
1299217320000,1299217379000,60.768,60.768,60.768,60.768,2250000,1
1299217380000,1299217439000,60.768,60.768,60.759,60.762,18800000,1
1299217440000,1299217499000,60.758,60.768,60.758,60.767,38920000,1
1299217500000,1299217559000,60.767,60.767,60.767,60.767,2820000,1
1299217560000,1299217619000,60.767,60.767,60.747,60.766,17270000,1
1299217620000,1299217679000,60.766,60.777,60.766,60.776,35480000,1
1299217680000,1299217739000,60.777,60.787,60.776,60.777,35220000,1
1299217740000,1299217799000,60.777,60.787,60.776,60.787,10320000,1
1299217800000,1299217859000,60.787,60.788,60.767,60.767,32830000,1
1299217860000,1299217919000,60.767,60.777,60.758,60.777,45270000,1
1299217920000,1299217979000,60.768,60.776,60.768,60.776,6380000,1
1299217980000,1299218039000,60.776,60.788,60.776,60.788,48400000,1
1299218040000,1299218099000,60.787,60.787,60.776,60.777,24060000,1
1299218100000,1299218159000,60.777,60.786,60.777,60.786,19610000,1
1299218160000,1299218219000,60.786,60.798,60.786,60.788,39950000,1
1299218220000,1299218279000,60.788,60.798,60.787,60.798,47240000,1
1299218280000,1299218339000,60.788,60.788,60.776,60.786,35430000,1
1299218340000,1299218399000,60.787,60.787,60.767,60.767,32320000,1
1299218400000,1299218459000,60.767,60.798,60.767,60.797,95920000,1
1299218460000,1299218519000,60.788,60.797,60.787,60.787,45790000,1
1299218520000,1299218579000,60.787,60.798,60.787,60.788,55540000,1
1299218580000,1299218639000,60.791,60.797,60.787,60.787,45260000,1
1299218640000,1299218699000,60.787,60.79,60.78,60.782,31940000,1
1299218700000,1299218759000,60.786,60.798,60.786,60.798,11260000,1
1299218760000,1299218819000,60.798,60.798,60.798,60.798,4500000,1
1299218820000,1299218879000,60.798,60.798,60.787,60.787,40570000,1
1299218880000,1299218939000,60.787,60.808,60.787,60.798,57210000,1
1299218940000,1299218999000,60.798,60.798,60.798,60.798,30040000,1
1299219000000,1299219059000,60.798,60.798,60.787,60.797,40830000,1
1299219060000,1299219119000,60.787,60.798,60.778,60.787,24580000,1
1299219120000,1299219179000,60.787,60.797,60.778,60.778,29270000,1
1299219180000,1299219239000,60.778,60.808,60.778,60.797,52820000,1
1299219240000,1299219299000,60.797,60.798,60.788,60.788,30590000,1
1299219300000,1299219359000,60.789,60.808,60.788,60.808,68700000,1
1299219360000,1299219419000,60.808,60.818,60.806,60.817,99590000,1
1299219420000,1299219479000,60.806,60.817,60.791,60.808,72700000,1
1299219480000,1299219539000,60.808,60.808,60.799,60.808,61430000,1
1299219540000,1299219599000,60.808,60.808,60.8,60.8,29520000,1
1299219600000,1299219659000,60.805,60.808,60.799,60.808,14980000,1
1299219660000,1299219719000,60.808,60.808,60.801,60.804,10640000,1
1299219720000,1299219779000,60.804,60.808,60.804,60.806,18300000,1
1299219780000,1299219839000,60.806,60.812,60.798,60.808,65190000,1
1299219840000,1299219899000,60.812,60.812,60.807,60.808,40890000,1
1299219900000,1299219959000,60.806,60.823,60.806,60.817,67370000,1
1299219960000,1299220019000,60.817,60.818,60.807,60.807,64780000,1
1299220020000,1299220079000,60.807,60.819,60.807,60.817,46500000,1
1299220080000,1299220139000,60.816,60.819,60.816,60.819,15950000,1
1299220140000,1299220199000,60.819,60.82,60.818,60.819,12000000,1
1299220200000,1299220259000,60.82,60.828,60.81,60.828,38300000,1
1299220260000,1299220319000,60.827,60.828,60.82,60.828,37980000,1
1299220320000,1299220379000,60.828,60.832,60.828,60.832,14130000,1
1299220380000,1299220439000,60.832,60.832,60.827,60.827,19260000,1
1299220440000,1299220499000,60.827,60.837,60.827,60.832,15750000,1
1299220500000,1299220559000,60.829,60.833,60.826,60.827,11950000,1
1299220560000,1299220619000,60.828,60.828,60.826,60.826,15090000,1
1299220620000,1299220679000,60.826,60.844,60.826,60.841,14610000,1
1299220680000,1299220739000,60.845,60.848,60.828,60.836,28940000,1
1299220740000,1299220799000,60.836,60.839,60.828,60.835,51720000,1
1299220800000,1299220859000,60.836,60.836,60.836,60.836,6010000,1
1299220860000,1299220919000,60.837,60.837,60.837,60.837,22630000,1
1299220920000,1299220979000,60.837,60.847,60.836,60.837,14260000,1
1299220980000,1299221039000,60.837,60.853,60.836,60.846,34900000,1
1299221040000,1299221099000,60.84,60.844,60.838,60.838,9790000,1
1299221100000,1299221159000,60.841,60.841,60.837,60.84,5830000,1
1299221160000,1299221219000,60.837,60.846,60.837,60.846,7140000,1
1299221220000,1299221279000,60.846,60.848,60.831,60.831,33090000,1
1299221280000,1299221339000,60.835,60.839,60.827,60.839,15880000,1
1299221340000,1299221399000,60.837,60.837,60.837,60.837,21160000,1
1299221400000,1299221459000,60.856,60.859,60.837,60.859,88910000,1
1299221460000,1299221519000,60.858,60.858,60.847,60.857,23110000,1
1299221520000,1299221579000,60.856,60.856,60.846,60.847,27250000,1
1299221580000,1299221639000,60.847,60.85,60.837,60.842,31010000,1
1299221640000,1299221699000,60.837,60.837,60.837,60.837,2700000,1
1299221700000,1299221759000,60.837,60.837,60.837,60.837,20120000,1
1299221760000,1299221819000,60.837,60.848,60.836,60.836,40050000,1
1299221820000,1299221879000,60.836,60.836,60.802,60.802,72390000,1
1299221880000,1299221939000,60.808,60.808,60.787,60.788,58040000,1
1299221940000,1299221999000,60.787,60.818,60.787,60.818,62860000,1
1299222000000,1299222059000,60.819,60.84,60.807,60.817,80770000,1
1299222060000,1299222119000,60.817,60.819,60.807,60.81,36620000,1
1299222120000,1299222179000,60.81,60.81,60.786,60.809,39290000,1
1299222180000,1299222239000,60.807,60.81,60.8,60.806,47410000,1
1299222240000,1299222299000,60.814,60.817,60.807,60.809,40010000,1
1299222300000,1299222359000,60.812,60.821,60.811,60.813,53480000,1
1299222360000,1299222419000,60.816,60.823,60.81,60.823,46310000,1
1299222420000,1299222479000,60.818,60.822,60.796,60.797,51770000,1
1299222480000,1299222539000,60.793,60.804,60.769,60.777,70310000,1
1299222540000,1299222599000,60.778,60.787,60.767,60.767,15800000,1
1299222600000,1299222659000,60.768,60.768,60.749,60.749,52580000,1
1299222660000,1299222719000,60.753,60.758,60.742,60.746,23320000,1
1299222720000,1299222779000,60.738,60.768,60.738,60.76,65030000,1
1299222780000,1299222839000,60.758,60.778,60.755,60.777,65570000,1
1299222840000,1299222899000,60.776,60.792,60.767,60.767,85340000,1
1299222900000,1299222959000,60.768,60.778,60.768,60.776,23100000,1
1299222960000,1299223019000,60.776,60.781,60.761,60.766,60110000,1
1299223020000,1299223079000,60.767,60.776,60.736,60.736,56330000,1
1299223080000,1299223139000,60.736,60.748,60.726,60.747,40780000,1
1299223140000,1299223199000,60.747,60.757,60.737,60.746,55210000,1
1299223200000,1299223259000,60.738,60.747,60.728,60.739,50080000,1
1299223260000,1299223319000,60.736,60.744,60.732,60.74,33080000,1
1299223320000,1299223379000,60.741,60.748,60.739,60.746,35740000,1
1299223380000,1299223439000,60.739,60.747,60.738,60.743,57910000,1
1299223440000,1299223499000,60.743,60.748,60.738,60.748,58830000,1
1299223500000,1299223559000,60.748,60.767,60.738,60.756,46190000,1
1299223560000,1299223619000,60.756,60.768,60.75,60.768,54480000,1
1299223620000,1299223679000,60.768,60.811,60.766,60.807,95550000,1
1299223680000,1299223739000,60.807,60.808,60.788,60.808,81150000,1
1299223740000,1299223799000,60.808,60.847,60.803,60.837,112370000,1
1299223800000,1299223859000,60.838,60.868,60.837,60.856,156290000,1
1299223860000,1299223919000,60.856,60.866,60.849,60.857,99480000,1
1299223920000,1299223979000,60.858,60.858,60.827,60.827,110970000,1
1299223980000,1299224039000,60.827,60.827,60.796,60.807,71860000,1
1299224040000,1299224099000,60.799,60.806,60.797,60.797,22670000,1
1299224100000,1299224159000,60.797,60.798,60.786,60.786,41490000,1
1299224160000,1299224219000,60.786,60.806,60.766,60.766,119260000,1
1299224220000,1299224279000,60.768,60.768,60.757,60.767,20940000,1
1299224280000,1299224339000,60.767,60.767,60.757,60.757,31350000,1
1299224340000,1299224399000,60.757,60.769,60.757,60.768,41510000,1
1299224400000,1299224459000,60.768,60.772,60.767,60.772,28780000,1
1299224460000,1299224519000,60.779,60.786,60.778,60.778,13160000,1
1299224520000,1299224579000,60.778,60.818,60.778,60.818,50140000,1
1299224580000,1299224639000,60.818,60.818,60.807,60.817,43930000,1
1299224640000,1299224699000,60.817,60.828,60.816,60.828,33790000,1
1299224700000,1299224759000,60.819,60.827,60.819,60.827,39230000,1
1299224760000,1299224819000,60.827,60.827,60.806,60.808,17650000,1
1299224820000,1299224879000,60.811,60.82,60.808,60.817,24030000,1
1299224880000,1299224939000,60.817,60.818,60.807,60.818,52190000,1
1299224940000,1299224999000,60.818,60.818,60.807,60.807,42390000,1
1299225000000,1299225059000,60.807,60.828,60.798,60.807,161320000,1
1299225060000,1299225119000,60.807,60.808,60.759,60.769,156770000,1
1299225120000,1299225179000,60.775,60.777,60.757,60.76,37400000,1
1299225180000,1299225239000,60.757,60.757,60.702,60.722,94880000,1
1299225240000,1299225299000,60.718,60.718,60.687,60.708,154370000,1
1299225300000,1299225359000,60.708,60.738,60.708,60.718,108950000,1
1299225360000,1299225419000,60.718,60.737,60.708,60.708,67360000,1
1299225420000,1299225479000,60.711,60.719,60.711,60.719,62510000,1
1299225480000,1299225539000,60.719,60.72,60.697,60.708,68380000,1
1299225540000,1299225599000,60.708,60.728,60.707,60.728,50070000,1
1299225600000,1299225659000,60.728,60.738,60.717,60.737,115230000,1
1299225660000,1299225719000,60.737,60.777,60.737,60.777,166800000,1
1299225720000,1299225779000,60.777,60.777,60.757,60.767,91540000,1
1299225780000,1299225839000,60.768,60.788,60.767,60.787,83600000,1
1299225840000,1299225899000,60.787,60.798,60.777,60.786,97920000,1
1299225900000,1299225959000,60.786,60.788,60.757,60.757,175140000,1
1299225960000,1299226019000,60.758,60.767,60.741,60.746,114820000,1
1299226020000,1299226079000,60.746,60.758,60.739,60.748,51090000,1
1299226080000,1299226139000,60.75,60.768,60.748,60.767,23630000,1
1299226140000,1299226199000,60.767,60.777,60.767,60.777,54230000,1
1299226200000,1299226259000,60.777,60.787,60.777,60.778,64470000,1
1299226260000,1299226319000,60.778,60.797,60.77,60.797,65450000,1
1299226320000,1299226379000,60.796,60.798,60.767,60.776,96140000,1
1299226380000,1299226439000,60.776,60.778,60.766,60.768,60110000,1
1299226440000,1299226499000,60.766,60.778,60.758,60.767,84990000,1
1299226500000,1299226559000,60.769,60.777,60.767,60.768,96630000,1
1299226560000,1299226619000,60.767,60.778,60.767,60.768,32640000,1
1299226620000,1299226679000,60.768,60.778,60.768,60.768,20260000,1
1299226680000,1299226739000,60.768,60.768,60.76,60.767,24590000,1
1299226740000,1299226799000,60.767,60.788,60.763,60.777,53570000,1
1299226800000,1299226859000,60.777,60.802,60.777,60.802,69990000,1
1299226860000,1299226919000,60.798,60.798,60.788,60.797,65320000,1
1299226920000,1299226979000,60.797,60.808,60.797,60.807,33770000,1
1299226980000,1299227039000,60.809,60.818,60.807,60.811,40200000,1
1299227040000,1299227099000,60.807,60.818,60.807,60.818,99930000,1
1299227100000,1299227159000,60.818,60.838,60.797,60.797,115620000,1
1299227160000,1299227219000,60.797,60.797,60.797,60.797,11250000,1
1299227220000,1299227279000,60.797,60.798,60.778,60.778,63540000,1
1299227280000,1299227339000,60.778,60.787,60.778,60.778,70970000,1
1299227340000,1299227399000,60.778,60.778,60.757,60.758,62150000,1
1299227400000,1299227459000,60.758,60.758,60.758,60.758,5820000,1
1299227460000,1299227519000,60.762,60.776,60.762,60.774,25540000,1
1299227520000,1299227579000,60.777,60.777,60.777,60.777,30160000,1
1299227580000,1299227639000,60.778,60.788,60.777,60.778,41860000,1
1299227640000,1299227699000,60.777,60.778,60.768,60.777,29310000,1
1299227700000,1299227759000,60.777,60.778,60.747,60.747,99060000,1
1299227760000,1299227819000,60.747,60.748,60.727,60.748,109350000,1
1299227820000,1299227879000,60.748,60.767,60.748,60.756,84470000,1
1299227880000,1299227939000,60.748,60.776,60.736,60.768,99180000,1
1299227940000,1299227999000,60.768,60.786,60.767,60.778,88000000,1
1299228000000,1299228059000,60.778,60.788,60.77,60.778,119380000,1
1299228060000,1299228119000,60.778,60.778,60.766,60.767,82570000,1
1299228120000,1299228179000,60.767,60.768,60.748,60.767,74850000,1
1299228180000,1299228239000,60.767,60.776,60.767,60.776,30000000,1
1299228240000,1299228299000,60.777,60.777,60.767,60.768,27000000,1
1299228300000,1299228359000,60.777,60.798,60.776,60.797,112750000,1
1299228360000,1299228419000,60.797,60.806,60.797,60.797,155630000,1
1299228420000,1299228479000,60.797,60.797,60.797,60.797,82500000,1
1299228480000,1299228539000,60.796,60.797,60.796,60.797,64500000,1
1299228540000,1299228599000,60.797,60.807,60.777,60.778,131570000,1
1299228600000,1299228659000,60.778,60.806,60.777,60.797,111340000,1
1299228660000,1299228719000,60.798,60.806,60.786,60.787,49500000,1
1299228720000,1299228779000,60.792,60.817,60.788,60.81,64570000,1
1299228780000,1299228839000,60.817,60.818,60.798,60.806,93830000,1
1299228840000,1299228899000,60.806,60.808,60.796,60.808,47640000,1
1299228900000,1299228959000,60.808,60.817,60.808,60.816,18920000,1
1299228960000,1299229019000,60.817,60.817,60.817,60.817,28380000,1
1299229020000,1299229079000,60.817,60.827,60.817,60.827,26450000,1
1299229080000,1299229139000,60.817,60.817,60.807,60.809,40080000,1
1299229140000,1299229199000,60.808,60.808,60.806,60.807,59120000,1
1299229200000,1299229259000,60.807,60.808,60.776,60.797,76570000,1
1299229260000,1299229319000,60.797,60.817,60.787,60.806,27200000,1
1299229320000,1299229379000,60.796,60.807,60.796,60.796,10880000,1
1299229380000,1299229439000,60.796,60.798,60.787,60.797,46900000,1
1299229440000,1299229499000,60.797,60.797,60.768,60.777,52720000,1
1299229500000,1299229559000,60.777,60.777,60.768,60.777,38890000,1
1299229560000,1299229619000,60.776,60.787,60.768,60.777,74910000,1
1299229620000,1299229679000,60.787,60.817,60.777,60.788,96650000,1
1299229680000,1299229739000,60.788,60.807,60.777,60.798,126030000,1
1299229740000,1299229799000,60.798,60.818,60.797,60.798,94720000,1
1299229800000,1299229859000,60.798,60.798,60.796,60.797,16500000,1
1299229860000,1299229919000,60.797,60.798,60.787,60.788,34890000,1
1299229920000,1299229979000,60.797,60.808,60.797,60.807,49910000,1
1299229980000,1299230039000,60.806,60.808,60.796,60.797,44450000,1
1299230040000,1299230099000,60.796,60.798,60.796,60.797,48750000,1
1299230100000,1299230159000,60.798,60.807,60.797,60.797,19690000,1
1299230160000,1299230219000,60.797,60.797,60.786,60.787,78620000,1
1299230220000,1299230279000,60.787,60.788,60.778,60.778,68250000,1
1299230280000,1299230339000,60.778,60.788,60.777,60.788,44110000,1
1299230340000,1299230399000,60.788,60.797,60.787,60.796,25340000,1
1299230400000,1299230459000,60.796,60.798,60.788,60.797,19530000,1
1299230460000,1299230519000,60.796,60.797,60.788,60.796,39220000,1
1299230520000,1299230579000,60.796,60.797,60.786,60.786,7500000,1
1299230580000,1299230639000,60.787,60.787,60.786,60.786,7400000,1
1299230640000,1299230699000,60.786,60.806,60.786,60.806,16000000,1
1299230700000,1299230759000,60.806,60.807,60.786,60.787,30650000,1
1299230760000,1299230819000,60.789,60.795,60.786,60.786,9610000,1
1299230820000,1299230879000,60.787,60.787,60.777,60.777,17100000,1
1299230880000,1299230939000,60.783,60.787,60.778,60.778,9920000,1
1299230940000,1299230999000,60.778,60.778,60.776,60.776,5220000,1
1299231000000,1299231059000,60.776,60.787,60.776,60.787,37750000,1
1299231060000,1299231119000,60.787,60.791,60.777,60.777,22180000,1
1299231120000,1299231179000,60.776,60.776,60.746,60.746,24050000,1
1299231180000,1299231239000,60.747,60.756,60.737,60.756,13980000,1
1299231240000,1299231299000,60.757,60.757,60.746,60.747,12950000,1
1299231300000,1299231359000,60.747,60.747,60.737,60.737,19370000,1
1299231360000,1299231419000,60.736,60.736,60.696,60.717,53740000,1
1299231420000,1299231479000,60.715,60.716,60.696,60.716,43990000,1
1299231480000,1299231539000,60.716,60.72,60.706,60.706,59200000,1
1299231540000,1299231599000,60.706,60.72,60.706,60.716,46550000,1
1299231600000,1299231659000,60.716,60.726,60.716,60.726,61270000,1
1299231660000,1299231719000,60.726,60.737,60.712,60.737,39640000,1
1299231720000,1299231779000,60.736,60.747,60.736,60.746,52960000,1
1299231780000,1299231839000,60.746,60.747,60.736,60.737,67570000,1
1299231840000,1299231899000,60.737,60.747,60.737,60.746,17850000,1
1299231900000,1299231959000,60.747,60.756,60.736,60.756,68460000,1
1299231960000,1299232019000,60.746,60.757,60.736,60.755,79520000,1
1299232020000,1299232079000,60.758,60.767,60.756,60.767,44510000,1
1299232080000,1299232139000,60.766,60.766,60.757,60.765,25090000,1
1299232140000,1299232199000,60.767,60.777,60.758,60.767,36320000,1
1299232200000,1299232259000,60.766,60.777,60.766,60.766,37730000,1
1299232260000,1299232319000,60.767,60.776,60.766,60.766,16340000,1
1299232320000,1299232379000,60.766,60.777,60.766,60.767,12940000,1
1299232380000,1299232439000,60.767,60.777,60.766,60.767,14450000,1
1299232440000,1299232499000,60.766,60.767,60.746,60.756,29250000,1
1299232500000,1299232559000,60.757,60.766,60.756,60.756,17830000,1
1299232560000,1299232619000,60.756,60.757,60.756,60.756,13510000,1
1299232620000,1299232679000,60.756,60.757,60.752,60.756,28910000,1
1299232680000,1299232739000,60.756,60.766,60.756,60.766,35130000,1
1299232740000,1299232799000,60.767,60.767,60.737,60.757,53370000,1
1299232800000,1299232859000,60.757,60.759,60.737,60.756,49340000,1
1299232860000,1299232919000,60.756,60.767,60.737,60.746,114980000,1
1299232920000,1299232979000,60.746,60.756,60.736,60.747,109330000,1
1299232980000,1299233039000,60.747,60.747,60.729,60.737,142470000,1
1299233040000,1299233099000,60.737,60.74,60.736,60.737,76440000,1
1299233100000,1299233159000,60.737,60.739,60.726,60.737,54750000,1
1299233160000,1299233219000,60.736,60.737,60.728,60.736,23200000,1
1299233220000,1299233279000,60.736,60.736,60.73,60.733,11010000,1
1299233280000,1299233339000,60.735,60.738,60.729,60.737,36910000,1
1299233340000,1299233399000,60.737,60.749,60.732,60.736,39740000,1
1299233400000,1299233459000,60.736,60.737,60.716,60.723,101010000,1
1299233460000,1299233519000,60.725,60.737,60.717,60.737,81170000,1
1299233520000,1299233579000,60.737,60.757,60.736,60.757,27540000,1
1299233580000,1299233639000,60.757,60.767,60.755,60.767,35500000,1
1299233640000,1299233699000,60.767,60.776,60.766,60.776,20160000,1
1299233700000,1299233759000,60.776,60.796,60.776,60.796,37930000,1
1299233760000,1299233819000,60.8,60.808,60.792,60.808,64390000,1
1299233820000,1299233879000,60.809,60.816,60.786,60.786,120110000,1
1299233880000,1299233939000,60.786,60.787,60.766,60.777,90020000,1
1299233940000,1299233999000,60.777,60.787,60.777,60.787,32560000,1
1299234000000,1299234059000,60.787,60.787,60.777,60.786,47580000,1
1299234060000,1299234119000,60.794,60.796,60.786,60.786,17680000,1
1299234120000,1299234179000,60.79,60.796,60.787,60.79,15990000,1
1299234180000,1299234239000,60.786,60.786,60.766,60.768,59420000,1
1299234240000,1299234299000,60.769,60.777,60.769,60.777,12310000,1
1299234300000,1299234359000,60.776,60.777,60.769,60.777,24430000,1
1299234360000,1299234419000,60.777,60.796,60.776,60.776,60570000,1
1299234420000,1299234479000,60.776,60.776,60.766,60.767,48450000,1
1299234480000,1299234539000,60.766,60.767,60.759,60.759,10540000,1
1299234540000,1299234599000,60.759,60.766,60.753,60.753,23450000,1
1299234600000,1299234659000,60.756,60.76,60.751,60.751,13370000,1
1299234660000,1299234719000,60.748,60.754,60.746,60.749,43930000,1
1299234720000,1299234779000,60.749,60.76,60.749,60.756,10950000,1
1299234780000,1299234839000,60.756,60.757,60.747,60.756,64490000,1
1299234840000,1299234899000,60.756,60.781,60.756,60.778,22550000,1
1299234900000,1299234959000,60.779,60.798,60.776,60.787,75480000,1
1299234960000,1299235019000,60.787,60.805,60.776,60.801,54400000,1
1299235020000,1299235079000,60.794,60.807,60.794,60.807,79970000,1
1299235080000,1299235139000,60.807,60.807,60.796,60.798,9780000,1
1299235140000,1299235199000,60.797,60.797,60.796,60.796,3760000,1
1299235200000,1299235259000,60.798,60.807,60.796,60.807,18440000,1
1299235260000,1299235319000,60.807,60.826,60.806,60.826,38960000,1
1299235320000,1299235379000,60.827,60.829,60.818,60.827,47510000,1
1299235380000,1299235439000,60.826,60.828,60.816,60.817,27880000,1
1299235440000,1299235499000,60.816,60.82,60.816,60.816,14270000,1
1299235500000,1299235559000,60.817,60.817,60.8,60.803,18600000,1
1299235560000,1299235619000,60.806,60.807,60.789,60.796,40420000,1
1299235620000,1299235679000,60.804,60.817,60.804,60.816,19170000,1
1299235680000,1299235739000,60.817,60.817,60.807,60.807,8640000,1
1299235740000,1299235799000,60.806,60.807,60.806,60.806,27890000,1
1299235800000,1299235859000,60.808,60.818,60.807,60.817,28380000,1
1299235860000,1299235919000,60.818,60.826,60.807,60.817,47020000,1
1299235920000,1299235979000,60.817,60.817,60.815,60.816,23270000,1
1299235980000,1299236039000,60.817,60.837,60.816,60.827,43870000,1
1299236040000,1299236099000,60.836,60.857,60.836,60.847,85000000,1
1299236100000,1299236159000,60.847,60.856,60.836,60.856,49410000,1
1299236160000,1299236219000,60.857,60.857,60.847,60.856,17460000,1
1299236220000,1299236279000,60.856,60.857,60.837,60.857,51960000,1
1299236280000,1299236339000,60.856,60.857,60.847,60.847,9760000,1
1299236340000,1299236399000,60.837,60.837,60.834,60.837,9770000,1
1299236400000,1299236459000,60.837,60.847,60.836,60.846,23520000,1
1299236460000,1299236519000,60.847,60.856,60.846,60.847,30970000,1
1299236520000,1299236579000,60.847,60.857,60.847,60.847,13330000,1
1299236580000,1299236639000,60.846,60.847,60.846,60.847,6380000,1
1299236640000,1299236699000,60.847,60.857,60.846,60.856,28540000,1
1299236700000,1299236759000,60.856,60.857,60.846,60.857,24300000,1
1299236760000,1299236819000,60.857,60.866,60.857,60.866,13740000,1
1299236820000,1299236879000,60.867,60.876,60.866,60.866,42200000,1
1299236880000,1299236939000,60.867,60.887,60.867,60.886,27980000,1
1299236940000,1299236999000,60.887,60.887,60.876,60.876,8630000,1
1299237000000,1299237059000,60.877,60.887,60.867,60.877,33230000,1
1299237060000,1299237119000,60.877,60.887,60.868,60.872,18040000,1
1299237120000,1299237179000,60.876,60.877,60.869,60.876,11820000,1
1299237180000,1299237239000,60.873,60.877,60.873,60.876,4510000,1
1299237240000,1299237299000,60.877,60.877,60.866,60.877,15580000,1
1299237300000,1299237359000,60.876,60.877,60.857,60.867,18960000,1
1299237360000,1299237419000,60.867,60.867,60.857,60.866,19150000,1
1299237420000,1299237479000,60.867,60.867,60.856,60.866,20450000,1
1299237480000,1299237539000,60.866,60.866,60.826,60.836,45610000,1
1299237540000,1299237599000,60.836,60.847,60.836,60.836,20080000,1
1299237600000,1299237659000,60.832,60.837,60.816,60.816,24210000,1
1299237660000,1299237719000,60.817,60.827,60.808,60.827,21590000,1
1299237720000,1299237779000,60.827,60.837,60.817,60.826,22140000,1
1299237780000,1299237839000,60.826,60.826,60.807,60.816,20820000,1
1299237840000,1299237899000,60.806,60.807,60.806,60.806,4500000,1
1299237900000,1299237959000,60.806,60.827,60.806,60.827,11850000,1
1299237960000,1299238019000,60.827,60.836,60.826,60.827,23080000,1
1299238020000,1299238079000,60.827,60.827,60.816,60.816,14640000,1
1299238080000,1299238139000,60.817,60.817,60.806,60.806,10880000,1
1299238140000,1299238199000,60.806,60.817,60.806,60.806,23450000,1
1299238200000,1299238259000,60.807,60.817,60.806,60.806,16880000,1
1299238260000,1299238319000,60.806,60.816,60.806,60.807,17630000,1
1299238320000,1299238379000,60.807,60.817,60.806,60.816,29640000,1
1299238380000,1299238439000,60.816,60.826,60.816,60.816,21950000,1
1299238440000,1299238499000,60.816,60.817,60.797,60.817,38730000,1
1299238500000,1299238559000,60.816,60.817,60.806,60.817,26090000,1
1299238560000,1299238619000,60.817,60.817,60.806,60.817,42070000,1
1299238620000,1299238679000,60.812,60.817,60.806,60.816,45980000,1
1299238680000,1299238739000,60.816,60.827,60.816,60.816,24410000,1
1299238740000,1299238799000,60.807,60.827,60.806,60.806,40590000,1
1299238800000,1299238859000,60.806,60.816,60.793,60.797,56180000,1
1299238860000,1299238919000,60.802,60.802,60.779,60.787,39270000,1
1299238920000,1299238979000,60.787,60.787,60.776,60.776,35130000,1
1299238980000,1299239039000,60.777,60.787,60.777,60.786,19540000,1
1299239040000,1299239099000,60.786,60.806,60.778,60.806,127950000,1
1299239100000,1299239159000,60.806,60.807,60.796,60.797,16890000,1
1299239160000,1299239219000,60.796,60.816,60.796,60.816,16720000,1
1299239220000,1299239279000,60.817,60.826,60.816,60.817,27210000,1
1299239280000,1299239339000,60.817,60.817,60.806,60.807,27200000,1
1299239340000,1299239399000,60.807,60.817,60.807,60.817,27990000,1
1299239400000,1299239459000,60.817,60.839,60.817,60.837,57490000,1
1299239460000,1299239519000,60.827,60.837,60.826,60.837,41470000,1
1299239520000,1299239579000,60.836,60.837,60.836,60.836,6190000,1
1299239580000,1299239639000,60.836,60.837,60.836,60.837,8630000,1
1299239640000,1299239699000,60.837,60.846,60.827,60.836,41970000,1
1299239700000,1299239759000,60.836,60.847,60.836,60.847,15780000,1
1299239760000,1299239819000,60.847,60.847,60.837,60.837,18030000,1
1299239820000,1299239879000,60.837,60.846,60.836,60.836,20050000,1
1299239880000,1299239939000,60.837,60.837,60.827,60.836,8820000,1
1299239940000,1299239999000,60.836,60.837,60.836,60.837,16060000,1
1299240000000,1299240059000,60.836,60.837,60.826,60.836,34740000,1
1299240060000,1299240119000,60.835,60.847,60.818,60.839,41300000,1
1299240120000,1299240179000,60.839,60.846,60.834,60.836,49450000,1
1299240180000,1299240239000,60.836,60.847,60.836,60.846,17280000,1
1299240240000,1299240299000,60.846,60.856,60.836,60.856,33060000,1
1299240300000,1299240359000,60.847,60.87,60.846,60.867,78520000,1
1299240360000,1299240419000,60.867,60.877,60.866,60.877,56690000,1
1299240420000,1299240479000,60.877,60.877,60.857,60.867,59730000,1
1299240480000,1299240539000,60.867,60.877,60.867,60.876,29540000,1
1299240540000,1299240599000,60.876,60.887,60.876,60.876,63830000,1
1299240600000,1299240659000,60.876,60.878,60.869,60.874,26690000,1
1299240660000,1299240719000,60.877,60.877,60.876,60.876,63760000,1
1299240720000,1299240779000,60.877,60.887,60.867,60.867,36500000,1
1299240780000,1299240839000,60.868,60.868,60.857,60.857,25470000,1
1299240840000,1299240899000,60.856,60.886,60.856,60.886,52480000,1
1299240900000,1299240959000,60.887,60.89,60.886,60.89,30810000,1
1299240960000,1299241019000,60.89,60.907,60.889,60.889,35550000,1
1299241020000,1299241079000,60.889,60.907,60.889,60.907,61500000,1
1299241080000,1299241139000,60.907,60.907,60.896,60.896,42380000,1
1299241140000,1299241199000,60.896,60.907,60.887,60.896,85330000,1
1299241200000,1299241259000,60.897,60.897,60.897,60.897,6000000,1
1299241260000,1299241319000,60.897,60.919,60.897,60.916,35880000,1
1299241320000,1299241379000,60.916,60.948,60.916,60.936,93600000,1
1299241380000,1299241439000,60.936,60.95,60.936,60.938,76930000,1
1299241440000,1299241499000,60.936,60.937,60.934,60.937,23670000,1
1299241500000,1299241559000,60.937,60.947,60.935,60.938,48320000,1
1299241560000,1299241619000,60.937,60.937,60.931,60.931,28650000,1
1299241620000,1299241679000,60.931,60.937,60.926,60.937,72680000,1
1299241680000,1299241739000,60.937,60.937,60.928,60.928,45000000,1
1299241740000,1299241799000,60.928,60.946,60.927,60.946,68020000,1
1299241800000,1299241859000,60.939,60.947,60.929,60.938,96740000,1
1299241860000,1299241919000,60.946,60.946,60.919,60.927,37930000,1
1299241920000,1299241979000,60.932,60.932,60.916,60.929,27610000,1
1299241980000,1299242039000,60.936,60.937,60.926,60.936,37380000,1
1299242040000,1299242099000,60.938,60.944,60.926,60.936,57030000,1
1299242100000,1299242159000,60.936,60.936,60.923,60.927,36550000,1
1299242160000,1299242219000,60.927,60.936,60.926,60.928,66560000,1
1299242220000,1299242279000,60.928,60.942,60.926,60.936,91960000,1
1299242280000,1299242339000,60.936,60.941,60.936,60.937,48850000,1
1299242340000,1299242399000,60.937,60.937,60.926,60.937,41870000,1
1299242400000,1299242459000,60.927,60.927,60.917,60.917,89760000,1
1299242460000,1299242519000,60.917,60.938,60.917,60.926,59290000,1
1299242520000,1299242579000,60.926,60.939,60.926,60.939,45810000,1
1299242580000,1299242639000,60.937,60.958,60.936,60.958,49280000,1
1299242640000,1299242699000,60.958,60.958,60.938,60.947,51660000,1
1299242700000,1299242759000,60.947,60.948,60.916,60.916,50510000,1
1299242760000,1299242819000,60.916,60.917,60.887,60.896,76910000,1
1299242820000,1299242879000,60.901,60.907,60.888,60.897,78460000,1
1299242880000,1299242939000,60.897,60.897,60.876,60.891,36820000,1
1299242940000,1299242999000,60.891,60.891,60.869,60.877,24400000,1
1299243000000,1299243059000,60.877,60.887,60.869,60.887,63590000,1
1299243060000,1299243119000,60.887,60.898,60.877,60.898,46530000,1
1299243120000,1299243179000,60.898,60.922,60.897,60.916,101690000,1
1299243180000,1299243239000,60.917,60.942,60.917,60.928,107440000,1
1299243240000,1299243299000,60.926,60.958,60.926,60.956,65050000,1
1299243300000,1299243359000,60.956,60.967,60.939,60.946,112430000,1
1299243360000,1299243419000,60.936,60.947,60.936,60.946,13510000,1
1299243420000,1299243479000,60.946,60.947,60.926,60.937,54680000,1
1299243480000,1299243539000,60.937,60.967,60.926,60.967,102130000,1
1299243540000,1299243599000,60.967,60.968,60.946,60.956,115160000,1
1299243600000,1299243659000,60.956,60.968,60.948,60.958,54310000,1
1299243660000,1299243719000,60.962,60.967,60.947,60.958,74210000,1
1299243720000,1299243779000,60.958,60.958,60.936,60.948,47090000,1
1299243780000,1299243839000,60.948,60.948,60.93,60.932,38490000,1
1299243840000,1299243899000,60.929,60.951,60.929,60.947,64460000,1
1299243900000,1299243959000,60.947,60.951,60.926,60.929,54490000,1
1299243960000,1299244019000,60.929,60.956,60.929,60.948,54620000,1
1299244020000,1299244079000,60.948,60.966,60.946,60.958,86980000,1
1299244080000,1299244139000,60.958,60.958,60.936,60.956,161510000,1
1299244140000,1299244199000,60.947,60.958,60.946,60.946,48950000,1
1299244200000,1299244259000,60.936,60.947,60.927,60.927,52750000,1
1299244260000,1299244319000,60.927,60.947,60.926,60.927,61020000,1
1299244320000,1299244379000,60.93,60.947,60.928,60.947,39990000,1
1299244380000,1299244439000,60.947,60.947,60.936,60.94,57450000,1
1299244440000,1299244499000,60.942,60.977,60.936,60.968,69310000,1
1299244500000,1299244559000,60.968,60.968,60.946,60.957,60490000,1
1299244560000,1299244619000,60.957,60.957,60.939,60.943,76280000,1
1299244620000,1299244679000,60.946,60.957,60.941,60.951,59930000,1
1299244680000,1299244739000,60.947,60.958,60.94,60.946,100720000,1
1299244740000,1299244799000,60.946,60.957,60.926,60.928,104730000,1
1299244800000,1299244859000,60.926,60.948,60.908,60.917,88840000,1
1299244860000,1299244919000,60.918,60.928,60.907,60.917,81300000,1
1299244920000,1299244979000,60.917,60.928,60.897,60.917,126720000,1
1299244980000,1299245039000,60.917,60.928,60.906,60.927,93900000,1
1299245040000,1299245099000,60.927,60.927,60.89,60.917,151010000,1
1299245100000,1299245159000,60.917,60.934,60.899,60.934,99570000,1
1299245160000,1299245219000,60.941,60.941,60.921,60.926,161040000,1
1299245220000,1299245279000,60.926,60.936,60.916,60.918,105870000,1
1299245280000,1299245339000,60.918,60.947,60.897,60.947,137470000,1
1299245340000,1299245399000,60.937,60.947,60.865,60.932,146600000,1
1299245400000,1299245459000,60.844,61.074,60.844,60.997,371220000,1
1299245460000,1299245519000,60.998,61.047,60.946,60.946,259980000,1
1299245520000,1299245579000,60.946,60.987,60.907,60.927,320870000,1
1299245580000,1299245639000,60.928,60.948,60.836,60.867,331960000,1
1299245640000,1299245699000,60.868,60.967,60.868,60.957,256210000,1
1299245700000,1299245759000,60.957,60.966,60.866,60.905,295580000,1
1299245760000,1299245819000,60.906,60.927,60.867,60.906,289210000,1
1299245820000,1299245879000,60.906,60.947,60.896,60.898,259730000,1
1299245880000,1299245939000,60.897,60.917,60.879,60.879,233300000,1
1299245940000,1299245999000,60.878,60.899,60.857,60.857,247430000,1
1299246000000,1299246059000,60.857,60.896,60.847,60.857,291320000,1
1299246060000,1299246119000,60.857,60.867,60.773,60.781,222390000,1
1299246120000,1299246179000,60.777,60.848,60.777,60.833,205790000,1
1299246180000,1299246239000,60.847,60.868,60.827,60.868,246520000,1
1299246240000,1299246299000,60.868,60.897,60.836,60.846,217280000,1
1299246300000,1299246359000,60.847,60.868,60.827,60.828,167130000,1
1299246360000,1299246419000,60.828,60.857,60.822,60.829,138000000,1
1299246420000,1299246479000,60.829,60.873,60.829,60.842,220630000,1
1299246480000,1299246539000,60.838,60.869,60.827,60.868,150640000,1
1299246540000,1299246599000,60.868,60.883,60.857,60.859,105960000,1
1299246600000,1299246659000,60.862,60.887,60.808,60.808,167820000,1
1299246660000,1299246719000,60.806,60.847,60.806,60.822,157220000,1
1299246720000,1299246779000,60.823,60.868,60.823,60.847,143770000,1
1299246780000,1299246839000,60.846,60.848,60.816,60.848,185450000,1
1299246840000,1299246899000,60.848,60.867,60.838,60.858,178410000,1
1299246900000,1299246959000,60.867,60.868,60.806,60.817,176580000,1
1299246960000,1299247019000,60.817,60.818,60.758,60.768,247880000,1
1299247020000,1299247079000,60.768,60.787,60.756,60.786,91160000,1
1299247080000,1299247139000,60.786,60.797,60.746,60.787,201040000,1
1299247140000,1299247199000,60.787,60.836,60.776,60.817,192340000,1
1299247200000,1299247259000,60.826,60.857,60.807,60.857,175090000,1
1299247260000,1299247319000,60.857,60.888,60.856,60.886,157580000,1
1299247320000,1299247379000,60.877,60.887,60.866,60.876,139980000,1
1299247380000,1299247439000,60.872,60.887,60.867,60.885,66560000,1
1299247440000,1299247499000,60.886,60.898,60.867,60.886,102190000,1
1299247500000,1299247559000,60.886,60.906,60.868,60.876,162260000,1
1299247560000,1299247619000,60.868,60.878,60.866,60.868,177930000,1
1299247620000,1299247679000,60.866,60.867,60.812,60.827,129850000,1
1299247680000,1299247739000,60.827,60.827,60.768,60.776,108750000,1
1299247740000,1299247799000,60.776,60.778,60.758,60.777,106330000,1
1299247800000,1299247859000,60.777,60.818,60.766,60.806,147030000,1
1299247860000,1299247919000,60.806,60.817,60.799,60.817,100560000,1
1299247920000,1299247979000,60.817,60.817,60.798,60.817,68610000,1
1299247980000,1299248039000,60.817,60.838,60.817,60.818,81210000,1
1299248040000,1299248099000,60.818,60.826,60.807,60.826,62170000,1
1299248100000,1299248159000,60.819,60.84,60.812,60.834,45370000,1
1299248160000,1299248219000,60.837,60.863,60.836,60.845,102040000,1
1299248220000,1299248279000,60.845,60.857,60.837,60.856,83970000,1
1299248280000,1299248339000,60.848,60.857,60.837,60.837,68740000,1
1299248340000,1299248399000,60.842,60.859,60.836,60.856,88510000,1
1299248400000,1299248459000,60.857,60.867,60.848,60.857,64340000,1
1299248460000,1299248519000,60.857,60.873,60.853,60.86,76330000,1
1299248520000,1299248579000,60.856,60.856,60.83,60.852,68440000,1
1299248580000,1299248639000,60.864,60.864,60.838,60.859,131520000,1
1299248640000,1299248699000,60.856,60.859,60.838,60.838,73170000,1
1299248700000,1299248759000,60.838,60.839,60.821,60.825,71610000,1
1299248760000,1299248819000,60.822,60.828,60.799,60.799,65270000,1
1299248820000,1299248879000,60.798,60.807,60.787,60.798,57110000,1
1299248880000,1299248939000,60.797,60.797,60.776,60.78,85530000,1
1299248940000,1299248999000,60.777,60.787,60.758,60.777,154790000,1
1299249000000,1299249059000,60.777,60.777,60.746,60.767,186740000,1
1299249060000,1299249119000,60.767,60.771,60.728,60.74,154290000,1
1299249120000,1299249179000,60.744,60.757,60.728,60.736,124740000,1
1299249180000,1299249239000,60.736,60.767,60.727,60.757,78490000,1
1299249240000,1299249299000,60.753,60.757,60.736,60.753,95760000,1
1299249300000,1299249359000,60.748,60.757,60.707,60.716,169390000,1
1299249360000,1299249419000,60.71,60.727,60.702,60.707,117220000,1
1299249420000,1299249479000,60.707,60.717,60.697,60.697,97000000,1
1299249480000,1299249539000,60.696,60.727,60.696,60.718,164580000,1
1299249540000,1299249599000,60.711,60.757,60.711,60.756,151520000,1
1299249600000,1299249659000,60.757,60.788,60.747,60.787,111600000,1
1299249660000,1299249719000,60.787,60.787,60.767,60.777,108470000,1
1299249720000,1299249779000,60.777,60.777,60.747,60.757,78310000,1
1299249780000,1299249839000,60.766,60.766,60.706,60.709,202340000,1
1299249840000,1299249899000,60.706,60.712,60.656,60.667,203820000,1
1299249900000,1299249959000,60.667,60.679,60.635,60.654,228300000,1
1299249960000,1299250019000,60.658,60.686,60.656,60.686,125090000,1
1299250020000,1299250079000,60.686,60.72,60.686,60.712,177550000,1
1299250080000,1299250139000,60.716,60.716,60.686,60.707,164880000,1
1299250140000,1299250199000,60.707,60.73,60.706,60.727,93100000,1
1299250200000,1299250259000,60.727,60.727,60.686,60.688,140800000,1
1299250260000,1299250319000,60.687,60.687,60.666,60.676,91910000,1
1299250320000,1299250379000,60.676,60.688,60.668,60.677,116740000,1
1299250380000,1299250439000,60.677,60.717,60.676,60.708,189410000,1
1299250440000,1299250499000,60.7,60.705,60.678,60.68,69810000,1
1299250500000,1299250559000,60.677,60.707,60.666,60.666,138620000,1
1299250560000,1299250619000,60.665,60.686,60.649,60.686,147890000,1
1299250620000,1299250679000,60.686,60.727,60.676,60.716,145840000,1
1299250680000,1299250739000,60.716,60.726,60.696,60.707,110870000,1
1299250740000,1299250799000,60.707,60.728,60.707,60.727,139130000,1
1299250800000,1299250859000,60.727,60.757,60.727,60.757,146760000,1
1299250860000,1299250919000,60.757,60.757,60.691,60.717,147260000,1
1299250920000,1299250979000,60.709,60.737,60.697,60.736,119930000,1
1299250980000,1299251039000,60.736,60.736,60.708,60.717,96690000,1
1299251040000,1299251099000,60.717,60.717,60.706,60.717,71820000,1
1299251100000,1299251159000,60.717,60.719,60.697,60.697,96730000,1
1299251160000,1299251219000,60.696,60.696,60.645,60.645,106130000,1
1299251220000,1299251279000,60.648,60.658,60.616,60.658,231170000,1
1299251280000,1299251339000,60.658,60.667,60.637,60.645,118420000,1
1299251340000,1299251399000,60.647,60.648,60.616,60.617,123370000,1
1299251400000,1299251459000,60.617,60.618,60.586,60.597,179300000,1
1299251460000,1299251519000,60.596,60.617,60.589,60.599,138140000,1
1299251520000,1299251579000,60.602,60.608,60.568,60.587,208550000,1
1299251580000,1299251639000,60.587,60.606,60.563,60.567,239760000,1
1299251640000,1299251699000,60.567,60.607,60.554,60.607,253400000,1
1299251700000,1299251759000,60.607,60.607,60.586,60.607,102150000,1
1299251760000,1299251819000,60.609,60.636,60.606,60.636,91850000,1
1299251820000,1299251879000,60.636,60.647,60.626,60.626,42970000,1
1299251880000,1299251939000,60.626,60.626,60.596,60.606,95100000,1
1299251940000,1299251999000,60.597,60.607,60.586,60.587,86820000,1
1299252000000,1299252059000,60.589,60.597,60.573,60.573,111440000,1
1299252060000,1299252119000,60.574,60.612,60.574,60.592,121070000,1
1299252120000,1299252179000,60.597,60.657,60.597,60.657,113240000,1
1299252180000,1299252239000,60.657,60.657,60.626,60.647,87860000,1
1299252240000,1299252299000,60.647,60.657,60.636,60.657,88490000,1
1299252300000,1299252359000,60.646,60.654,60.602,60.619,165590000,1
1299252360000,1299252419000,60.623,60.656,60.622,60.647,68020000,1
1299252420000,1299252479000,60.647,60.666,60.637,60.658,123380000,1
1299252480000,1299252539000,60.659,60.678,60.658,60.676,65610000,1
1299252540000,1299252599000,60.666,60.668,60.658,60.667,49500000,1
1299252600000,1299252659000,60.667,60.667,60.648,60.657,42980000,1
1299252660000,1299252719000,60.656,60.658,60.636,60.647,102000000,1
1299252720000,1299252779000,60.647,60.669,60.647,60.666,74050000,1
1299252780000,1299252839000,60.667,60.686,60.666,60.666,65330000,1
1299252840000,1299252899000,60.656,60.704,60.656,60.704,132420000,1
1299252900000,1299252959000,60.707,60.717,60.697,60.717,68290000,1
1299252960000,1299253019000,60.717,60.746,60.717,60.726,86740000,1
1299253020000,1299253079000,60.726,60.726,60.693,60.698,129320000,1
1299253080000,1299253139000,60.707,60.708,60.678,60.698,114680000,1
1299253140000,1299253199000,60.698,60.732,60.698,60.728,126110000,1
1299253200000,1299253259000,60.726,60.737,60.717,60.727,66720000,1
1299253260000,1299253319000,60.727,60.768,60.726,60.758,65680000,1
1299253320000,1299253379000,60.767,60.777,60.757,60.766,67310000,1
1299253380000,1299253439000,60.766,60.777,60.756,60.777,86400000,1
1299253440000,1299253499000,60.777,60.788,60.768,60.777,68710000,1
1299253500000,1299253559000,60.777,60.778,60.756,60.767,78860000,1
1299253560000,1299253619000,60.756,60.768,60.756,60.767,112900000,1
1299253620000,1299253679000,60.767,60.768,60.746,60.747,74810000,1
1299253680000,1299253739000,60.747,60.747,60.717,60.737,127260000,1
1299253740000,1299253799000,60.737,60.738,60.717,60.727,116170000,1
1299253800000,1299253859000,60.728,60.738,60.706,60.713,110020000,1
1299253860000,1299253919000,60.708,60.71,60.679,60.707,161980000,1
1299253920000,1299253979000,60.707,60.738,60.697,60.737,100030000,1
1299253980000,1299254039000,60.736,60.737,60.717,60.736,93820000,1
1299254040000,1299254099000,60.736,60.747,60.72,60.737,94880000,1
1299254100000,1299254159000,60.737,60.756,60.726,60.727,100350000,1
1299254160000,1299254219000,60.727,60.738,60.716,60.738,45710000,1
1299254220000,1299254279000,60.737,60.738,60.707,60.707,153730000,1
1299254280000,1299254339000,60.707,60.728,60.706,60.706,91110000,1
1299254340000,1299254399000,60.707,60.709,60.666,60.697,245530000,1
1299254400000,1299254459000,60.697,60.77,60.696,60.747,237600000,1
1299254460000,1299254519000,60.749,60.758,60.736,60.736,124560000,1
1299254520000,1299254579000,60.741,60.747,60.736,60.737,97670000,1
1299254580000,1299254639000,60.737,60.747,60.731,60.739,77070000,1
1299254640000,1299254699000,60.738,60.757,60.738,60.757,115530000,1
1299254700000,1299254759000,60.757,60.757,60.747,60.757,61740000,1
1299254760000,1299254819000,60.757,60.757,60.722,60.728,133060000,1
1299254820000,1299254879000,60.728,60.728,60.707,60.708,77140000,1
1299254880000,1299254939000,60.716,60.748,60.711,60.747,142850000,1
1299254940000,1299254999000,60.746,60.777,60.736,60.76,124050000,1
1299255000000,1299255059000,60.757,60.771,60.709,60.727,178510000,1
1299255060000,1299255119000,60.727,60.752,60.707,60.708,167520000,1
1299255120000,1299255179000,60.708,60.711,60.686,60.708,125850000,1
1299255180000,1299255239000,60.708,60.716,60.706,60.706,55870000,1
1299255240000,1299255299000,60.706,60.749,60.706,60.748,92450000,1
1299255300000,1299255359000,60.75,60.756,60.727,60.736,45830000,1
1299255360000,1299255419000,60.736,60.754,60.736,60.754,49300000,1
1299255420000,1299255479000,60.754,60.787,60.754,60.785,82150000,1
1299255480000,1299255539000,60.785,60.797,60.737,60.752,147400000,1
1299255540000,1299255599000,60.752,60.766,60.737,60.757,97960000,1
1299255600000,1299255659000,60.757,60.759,60.749,60.759,57790000,1
1299255660000,1299255719000,60.759,60.774,60.758,60.768,110350000,1
1299255720000,1299255779000,60.768,60.78,60.758,60.778,119690000,1
1299255780000,1299255839000,60.779,60.788,60.777,60.778,117980000,1
1299255840000,1299255899000,60.767,60.78,60.756,60.757,121900000,1
1299255900000,1299255959000,60.757,60.768,60.746,60.767,205650000,1
1299255960000,1299256019000,60.767,60.778,60.75,60.757,148920000,1
1299256020000,1299256079000,60.757,60.77,60.737,60.747,131330000,1
1299256080000,1299256139000,60.747,60.758,60.727,60.736,138040000,1
1299256140000,1299256199000,60.736,60.736,60.709,60.727,101720000,1
1299256200000,1299256259000,60.721,60.778,60.717,60.778,139600000,1
1299256260000,1299256319000,60.777,60.778,60.724,60.728,182950000,1
1299256320000,1299256379000,60.728,60.728,60.701,60.727,91220000,1
1299256380000,1299256439000,60.727,60.767,60.716,60.736,149180000,1
1299256440000,1299256499000,60.736,60.767,60.736,60.767,122580000,1
1299256500000,1299256559000,60.767,60.767,60.746,60.75,160650000,1
1299256560000,1299256619000,60.757,60.777,60.747,60.768,81080000,1
1299256620000,1299256679000,60.769,60.778,60.756,60.756,96930000,1
1299256680000,1299256739000,60.756,60.767,60.747,60.747,108280000,1
1299256740000,1299256799000,60.747,60.787,60.747,60.787,65710000,1
1299256800000,1299256859000,60.78,60.796,60.758,60.766,84810000,1
1299256860000,1299256919000,60.767,60.767,60.746,60.767,39410000,1
1299256920000,1299256979000,60.767,60.767,60.747,60.756,36590000,1
1299256980000,1299257039000,60.746,60.747,60.717,60.717,80440000,1
1299257040000,1299257099000,60.718,60.727,60.717,60.727,45040000,1
1299257100000,1299257159000,60.727,60.728,60.717,60.717,46630000,1
1299257160000,1299257219000,60.717,60.727,60.717,60.726,124760000,1
1299257220000,1299257279000,60.726,60.727,60.717,60.717,76090000,1
1299257280000,1299257339000,60.717,60.728,60.71,60.726,47230000,1
1299257340000,1299257399000,60.726,60.728,60.719,60.727,37700000,1
1299257400000,1299257459000,60.727,60.727,60.706,60.706,38840000,1
1299257460000,1299257519000,60.707,60.708,60.697,60.697,34510000,1
1299257520000,1299257579000,60.696,60.697,60.689,60.697,24210000,1
1299257580000,1299257639000,60.697,60.726,60.697,60.726,63610000,1
1299257640000,1299257699000,60.726,60.726,60.706,60.706,40910000,1
1299257700000,1299257759000,60.706,60.707,60.676,60.678,105420000,1
1299257760000,1299257819000,60.678,60.688,60.676,60.688,47530000,1
1299257820000,1299257879000,60.688,60.688,60.667,60.667,30410000,1
1299257880000,1299257939000,60.667,60.688,60.667,60.667,72050000,1
1299257940000,1299257999000,60.667,60.667,60.648,60.656,78710000,1
1299258000000,1299258059000,60.656,60.668,60.638,60.668,55780000,1
1299258060000,1299258119000,60.668,60.677,60.658,60.677,46820000,1
1299258120000,1299258179000,60.677,60.677,60.666,60.667,45220000,1
1299258180000,1299258239000,60.667,60.667,60.638,60.638,26630000,1
1299258240000,1299258299000,60.638,60.647,60.626,60.646,75870000,1
1299258300000,1299258359000,60.647,60.667,60.627,60.656,99490000,1
1299258360000,1299258419000,60.657,60.658,60.628,60.629,81790000,1
1299258420000,1299258479000,60.637,60.648,60.626,60.646,63640000,1
1299258480000,1299258539000,60.646,60.648,60.637,60.647,31020000,1
1299258540000,1299258599000,60.653,60.657,60.652,60.657,15000000,1
1299258600000,1299258659000,60.648,60.667,60.636,60.637,87510000,1
1299258660000,1299258719000,60.637,60.647,60.627,60.647,34710000,1
1299258720000,1299258779000,60.647,60.666,60.637,60.657,76230000,1
1299258780000,1299258839000,60.658,60.658,60.628,60.628,43620000,1
1299258840000,1299258899000,60.637,60.648,60.618,60.627,92510000,1
1299258900000,1299258959000,60.626,60.638,60.614,60.617,91070000,1
1299258960000,1299259019000,60.617,60.646,60.617,60.646,75210000,1
1299259020000,1299259079000,60.646,60.667,60.638,60.658,91440000,1
1299259080000,1299259139000,60.659,60.661,60.649,60.657,45480000,1
1299259140000,1299259199000,60.657,60.657,60.637,60.637,62410000,1
1299259200000,1299259259000,60.637,60.647,60.627,60.647,77550000,1
1299259260000,1299259319000,60.647,60.672,60.646,60.657,116540000,1
1299259320000,1299259379000,60.657,60.657,60.627,60.627,74900000,1
1299259380000,1299259439000,60.619,60.638,60.616,60.638,81070000,1
1299259440000,1299259499000,60.638,60.658,60.638,60.647,55960000,1
1299259500000,1299259559000,60.647,60.648,60.642,60.646,28720000,1
1299259560000,1299259619000,60.646,60.658,60.637,60.657,47120000,1
1299259620000,1299259679000,60.657,60.657,60.637,60.637,41630000,1
1299259680000,1299259739000,60.637,60.667,60.627,60.667,112760000,1
1299259740000,1299259799000,60.666,60.668,60.657,60.667,50080000,1
1299259800000,1299259859000,60.667,60.677,60.667,60.677,35480000,1
1299259860000,1299259919000,60.677,60.677,60.658,60.668,42710000,1
1299259920000,1299259979000,60.668,60.668,60.646,60.648,97310000,1
1299259980000,1299260039000,60.648,60.651,60.619,60.636,113590000,1
1299260040000,1299260099000,60.636,60.657,60.626,60.637,144630000,1
1299260100000,1299260159000,60.637,60.666,60.627,60.627,160720000,1
1299260160000,1299260219000,60.627,60.647,60.623,60.637,132420000,1
1299260220000,1299260279000,60.639,60.64,60.628,60.638,50340000,1
1299260280000,1299260339000,60.647,60.657,60.627,60.656,84780000,1
1299260340000,1299260399000,60.657,60.677,60.657,60.667,35570000,1
1299260400000,1299260459000,60.667,60.687,60.667,60.686,41250000,1
1299260460000,1299260519000,60.677,60.687,60.656,60.658,41790000,1
1299260520000,1299260579000,60.658,60.686,60.657,60.686,61200000,1
1299260580000,1299260639000,60.688,60.701,60.668,60.677,120530000,1
1299260640000,1299260699000,60.677,60.697,60.666,60.688,135150000,1
1299260700000,1299260759000,60.687,60.716,60.687,60.707,64010000,1
1299260760000,1299260819000,60.709,60.709,60.692,60.706,63500000,1
1299260820000,1299260879000,60.707,60.707,60.696,60.696,36510000,1
1299260880000,1299260939000,60.697,60.718,60.695,60.717,132190000,1
1299260940000,1299260999000,60.717,60.717,60.687,60.7,126190000,1
1299261000000,1299261059000,60.707,60.707,60.687,60.693,177190000,1
1299261060000,1299261119000,60.69,60.697,60.669,60.678,171410000,1
1299261120000,1299261179000,60.686,60.688,60.667,60.678,151100000,1
1299261180000,1299261239000,60.676,60.688,60.667,60.676,140550000,1
1299261240000,1299261299000,60.678,60.688,60.667,60.677,120710000,1
1299261300000,1299261359000,60.668,60.677,60.647,60.667,127170000,1
1299261360000,1299261419000,60.667,60.677,60.648,60.676,175020000,1
1299261420000,1299261479000,60.676,60.678,60.652,60.662,98760000,1
1299261480000,1299261539000,60.666,60.666,60.647,60.666,77120000,1
1299261540000,1299261599000,60.671,60.696,60.666,60.679,55700000,1
1299261600000,1299261659000,60.677,60.708,60.677,60.707,84920000,1
1299261660000,1299261719000,60.708,60.708,60.696,60.699,53890000,1
1299261720000,1299261779000,60.698,60.698,60.676,60.698,71200000,1
1299261780000,1299261839000,60.698,60.709,60.696,60.697,68550000,1
1299261840000,1299261899000,60.697,60.698,60.696,60.698,16050000,1
1299261900000,1299261959000,60.697,60.707,60.697,60.697,29500000,1
1299261960000,1299262019000,60.697,60.712,60.697,60.708,70120000,1
1299262020000,1299262079000,60.708,60.716,60.707,60.707,63540000,1
1299262080000,1299262139000,60.707,60.711,60.707,60.708,28250000,1
1299262140000,1299262199000,60.708,60.708,60.708,60.708,48840000,1
1299262200000,1299262259000,60.708,60.708,60.708,60.708,14260000,1
1299262260000,1299262319000,60.708,60.708,60.708,60.708,38050000,1
1299262320000,1299262379000,60.708,60.717,60.667,60.667,34150000,1
1299262380000,1299262439000,60.667,60.678,60.658,60.667,84880000,1
1299262440000,1299262499000,60.667,60.668,60.656,60.658,56010000,1
1299262500000,1299262559000,60.658,60.688,60.658,60.686,60370000,1
1299262560000,1299262619000,60.687,60.687,60.657,60.669,98360000,1
1299262620000,1299262679000,60.669,60.687,60.667,60.687,42010000,1
1299262680000,1299262739000,60.686,60.687,60.668,60.677,46180000,1
1299262740000,1299262799000,60.677,60.687,60.677,60.686,30750000,1
1299262800000,1299262859000,60.686,60.686,60.677,60.677,41330000,1
1299262860000,1299262919000,60.677,60.689,60.677,60.689,46310000,1
1299262920000,1299262979000,60.687,60.708,60.687,60.696,103110000,1
1299262980000,1299263039000,60.696,60.696,60.696,60.696,6160000,1
1299263040000,1299263099000,60.698,60.698,60.698,60.698,55630000,1
1299263100000,1299263159000,60.698,60.708,60.698,60.698,108380000,1
1299263160000,1299263219000,60.698,60.708,60.698,60.707,30510000,1
1299263220000,1299263279000,60.706,60.708,60.706,60.706,16500000,1
1299263280000,1299263339000,60.701,60.706,60.696,60.696,109440000,1
1299263340000,1299263399000,60.696,60.708,60.696,60.697,106030000,1
1299263400000,1299263459000,60.697,60.698,60.668,60.687,135050000,1
1299263460000,1299263519000,60.688,60.688,60.677,60.687,93630000,1
1299263520000,1299263579000,60.687,60.697,60.686,60.697,19520000,1
1299263580000,1299263639000,60.697,60.707,60.696,60.707,51560000,1
1299263640000,1299263699000,60.707,60.717,60.707,60.716,60390000,1
1299263700000,1299263759000,60.717,60.726,60.708,60.708,42260000,1
1299263760000,1299263819000,60.708,60.726,60.708,60.726,50390000,1
1299263820000,1299263879000,60.726,60.727,60.726,60.727,12080000,1
1299263880000,1299263939000,60.719,60.728,60.716,60.727,41080000,1
1299263940000,1299263999000,60.727,60.727,60.727,60.727,11440000,1
1299264000000,1299264059000,60.727,60.727,60.706,60.706,31130000,1
1299264060000,1299264119000,60.707,60.707,60.706,60.707,32870000,1
1299264120000,1299264179000,60.707,60.707,60.707,60.707,12080000,1
1299264180000,1299264239000,60.707,60.707,60.707,60.707,12240000,1
1299264240000,1299264299000,60.706,60.717,60.706,60.717,20440000,1
1299264300000,1299264359000,60.717,60.717,60.697,60.706,52090000,1
1299264360000,1299264419000,60.707,60.707,60.702,60.706,20310000,1
1299264420000,1299264479000,60.706,60.707,60.706,60.707,7500000,1
1299264480000,1299264539000,60.706,60.714,60.706,60.714,10600000,1
1299264540000,1299264599000,60.713,60.714,60.706,60.706,26250000,1
1299264600000,1299264659000,60.706,60.707,60.706,60.706,18000000,1
1299264660000,1299264719000,60.706,60.706,60.696,60.696,12000000,1
1299264720000,1299264779000,60.697,60.697,60.696,60.697,4500000,1
1299264780000,1299264839000,60.697,60.697,60.687,60.687,6000000,1
1299264840000,1299264899000,60.686,60.696,60.686,60.688,63790000,1
1299264900000,1299264959000,60.688,60.688,60.678,60.687,66120000,1
1299264960000,1299265019000,60.687,60.687,60.677,60.677,65680000,1
1299265020000,1299265079000,60.678,60.686,60.678,60.686,12200000,1
1299265080000,1299265139000,60.688,60.697,60.688,60.697,61820000,1
1299265140000,1299265199000,60.697,60.698,60.695,60.698,69310000,1
1299265200000,1299265259000,60.698,60.698,60.692,60.697,47640000,1
1299265260000,1299265319000,60.697,60.698,60.687,60.696,41660000,1
1299265320000,1299265379000,60.697,60.698,60.696,60.697,27190000,1
1299265380000,1299265439000,60.697,60.718,60.697,60.706,75610000,1
1299265440000,1299265499000,60.706,60.706,60.686,60.686,19130000,1
1299265500000,1299265559000,60.687,60.687,60.678,60.686,10320000,1
1299265560000,1299265619000,60.687,60.708,60.686,60.696,86680000,1
1299265620000,1299265679000,60.696,60.697,60.686,60.692,193020000,1
1299265680000,1299265739000,60.692,60.694,60.677,60.678,105330000,1
1299265740000,1299265799000,60.678,60.689,60.677,60.687,59400000,1
1299265800000,1299265859000,60.687,60.687,60.687,60.687,6000000,1
1299265860000,1299265919000,60.683,60.718,60.683,60.718,83140000,1
1299265920000,1299265979000,60.718,60.737,60.707,60.736,80730000,1
1299265980000,1299266039000,60.736,60.738,60.717,60.727,99240000,1
1299266040000,1299266099000,60.729,60.747,60.728,60.739,60770000,1
1299266100000,1299266159000,60.739,60.747,60.738,60.747,15450000,1
1299266160000,1299266219000,60.74,60.747,60.726,60.726,9900000,1
1299266220000,1299266279000,60.726,60.726,60.716,60.719,42540000,1
1299266280000,1299266339000,60.719,60.719,60.717,60.717,14560000,1
1299266340000,1299266399000,60.718,60.727,60.718,60.721,64710000,1
1299266400000,1299266459000,60.721,60.721,60.718,60.718,25700000,1
1299266460000,1299266519000,60.719,60.719,60.707,60.708,47910000,1
1299266520000,1299266579000,60.708,60.729,60.708,60.729,16410000,1
1299266580000,1299266639000,60.727,60.757,60.727,60.737,58630000,1
1299266640000,1299266699000,60.737,60.748,60.727,60.727,60280000,1
1299266700000,1299266759000,60.727,60.727,60.727,60.727,7170000,1
1299266760000,1299266819000,60.727,60.737,60.727,60.736,16280000,1
1299266820000,1299266879000,60.737,60.747,60.737,60.747,17220000,1
1299266880000,1299266939000,60.746,60.746,60.738,60.738,7840000,1
1299266940000,1299266999000,60.739,60.739,60.737,60.737,16990000,1
1299267000000,1299267059000,60.737,60.738,60.736,60.738,16230000,1
1299267060000,1299267119000,60.738,60.738,60.738,60.738,21700000,1
1299267120000,1299267179000,60.738,60.738,60.737,60.737,53540000,1
1299267180000,1299267239000,60.737,60.737,60.726,60.726,19390000,1
1299267240000,1299267299000,60.727,60.727,60.716,60.716,12300000,1
1299267300000,1299267359000,60.716,60.717,60.707,60.716,30620000,1
1299267360000,1299267419000,60.716,60.717,60.706,60.707,48000000,1
1299267420000,1299267479000,60.707,60.707,60.703,60.706,167940000,1
1299267480000,1299267539000,60.706,60.707,60.697,60.698,79740000,1
1299267540000,1299267599000,60.706,60.717,60.706,60.717,24380000,1
1299267600000,1299267659000,60.717,60.717,60.706,60.708,74320000,1
1299267660000,1299267719000,60.708,60.737,60.707,60.737,40970000,1
1299267720000,1299267779000,60.736,60.737,60.718,60.726,31630000,1
1299267780000,1299267839000,60.726,60.727,60.716,60.726,16060000,1
1299267840000,1299267899000,60.726,60.727,60.716,60.717,41170000,1
1299267900000,1299267959000,60.717,60.727,60.716,60.717,21560000,1
1299267960000,1299268019000,60.726,60.726,60.726,60.726,6000000,1
1299268020000,1299268079000,60.727,60.727,60.716,60.726,20330000,1
1299268080000,1299268139000,60.726,60.726,60.717,60.717,8250000,1
1299268140000,1299268199000,60.716,60.716,60.698,60.706,31330000,1
1299268200000,1299268259000,60.707,60.707,60.697,60.707,34520000,1
1299268260000,1299268319000,60.698,60.706,60.687,60.687,41460000,1
1299268320000,1299268379000,60.687,60.707,60.687,60.697,37700000,1
1299268380000,1299268439000,60.697,60.697,60.676,60.686,41250000,1
1299268440000,1299268499000,60.686,60.687,60.686,60.687,18000000,1
1299268500000,1299268559000,60.687,60.687,60.686,60.687,18000000,1
1299268560000,1299268619000,60.686,60.687,60.677,60.687,40150000,1
1299268620000,1299268679000,60.687,60.688,60.677,60.687,71260000,1
1299268680000,1299268739000,60.687,60.688,60.686,60.687,54770000,1
1299268740000,1299268799000,60.686,60.717,60.686,60.717,67350000,1
1299268800000,1299268859000,60.717,60.717,60.706,60.717,84960000,1
1299268860000,1299268919000,60.717,60.737,60.716,60.736,19150000,1
1299268920000,1299268979000,60.736,60.737,60.727,60.727,29900000,1
1299268980000,1299269039000,60.727,60.737,60.707,60.737,39460000,1
1299269040000,1299269099000,60.737,60.737,60.716,60.727,36940000,1
1299269100000,1299269159000,60.726,60.727,60.726,60.726,4500000,1
1299269160000,1299269219000,60.727,60.727,60.72,60.72,14070000,1
1299269220000,1299269279000,60.736,60.737,60.736,60.736,12570000,1
1299269280000,1299269339000,60.736,60.746,60.736,60.737,34690000,1
1299269340000,1299269399000,60.737,60.747,60.736,60.737,36010000,1
1299269400000,1299269459000,60.736,60.737,60.726,60.726,10500000,1
1299269460000,1299269519000,60.727,60.757,60.727,60.737,30610000,1
1299269520000,1299269579000,60.736,60.756,60.736,60.756,30410000,1
1299269580000,1299269639000,60.756,60.757,60.746,60.747,19900000,1
1299269640000,1299269699000,60.748,60.757,60.747,60.747,15940000,1
1299269700000,1299269759000,60.736,60.737,60.726,60.727,34690000,1
1299269760000,1299269819000,60.727,60.727,60.707,60.726,34960000,1
1299269820000,1299269879000,60.726,60.728,60.718,60.727,10500000,1
1299269880000,1299269939000,60.717,60.726,60.717,60.726,31240000,1
1299269940000,1299269999000,60.727,60.727,60.726,60.727,4500000,1
1299270000000,1299270059000,60.727,60.737,60.727,60.737,5820000,1
1299270060000,1299270119000,60.737,60.747,60.736,60.746,21210000,1
1299270120000,1299270179000,60.747,60.747,60.726,60.727,28100000,1
1299270180000,1299270239000,60.737,60.737,60.717,60.727,27520000,1
1299270240000,1299270299000,60.727,60.727,60.717,60.727,14070000,1
1299270300000,1299270359000,60.727,60.727,60.717,60.717,22500000,1
1299270360000,1299270419000,60.717,60.737,60.717,60.737,46770000,1
1299270420000,1299270479000,60.736,60.747,60.736,60.747,16500000,1
1299270480000,1299270539000,60.747,60.747,60.737,60.747,20250000,1
1299270540000,1299270599000,60.746,60.747,60.746,60.747,16500000,1
1299270600000,1299270659000,60.746,60.748,60.736,60.746,41440000,1
1299270660000,1299270719000,60.746,60.746,60.746,60.746,15000000,1
1299270720000,1299270779000,60.746,60.746,60.736,60.737,17630000,1
1299270780000,1299270839000,60.737,60.738,60.727,60.727,36170000,1
1299270840000,1299270899000,60.727,60.737,60.727,60.737,14900000,1
1299270900000,1299270959000,60.738,60.746,60.736,60.736,29070000,1
1299270960000,1299271019000,60.737,60.737,60.737,60.737,4500000,1
1299271020000,1299271079000,60.737,60.737,60.736,60.736,6000000,1
1299271080000,1299271139000,60.737,60.737,60.736,60.736,9000000,1
1299271140000,1299271199000,60.737,60.738,60.736,60.737,20250000,1
1299271200000,1299271259000,60.747,60.747,60.727,60.727,21830000,1
1299271260000,1299271319000,60.727,60.737,60.727,60.737,15190000,1
1299271320000,1299271379000,60.736,60.736,60.726,60.727,27260000,1
1299271380000,1299271439000,60.727,60.737,60.72,60.737,57980000,1
1299271440000,1299271499000,60.736,60.758,60.736,60.747,30970000,1
1299271500000,1299271559000,60.737,60.738,60.727,60.738,70400000,1
1299271560000,1299271619000,60.737,60.737,60.718,60.726,46940000,1
1299271620000,1299271679000,60.726,60.738,60.726,60.737,45210000,1
1299271680000,1299271739000,60.737,60.737,60.727,60.736,26640000,1
1299271740000,1299271799000,60.728,60.728,60.697,60.707,59860000,1
1299271800000,1299271859000,60.708,60.726,60.706,60.726,35840000,1
1299271860000,1299271919000,60.726,60.726,60.716,60.716,3190000,1
1299271920000,1299271979000,60.717,60.717,60.708,60.717,15020000,1
1299271980000,1299272039000,60.717,60.727,60.717,60.727,34750000,1
1299272040000,1299272099000,60.726,60.726,60.726,60.726,5440000,1
1299272100000,1299272159000,60.736,60.737,60.726,60.726,9000000,1
1299272160000,1299272219000,60.726,60.758,60.726,60.757,19120000,1
1299272220000,1299272279000,60.757,60.788,60.757,60.767,67450000,1
1299272280000,1299272339000,60.766,60.768,60.758,60.767,21200000,1
1299272340000,1299272399000,60.766,60.767,60.756,60.758,31200000,1
1299272400000,1299272459000,60.757,60.767,60.756,60.767,16340000,1
1299272460000,1299272519000,60.767,60.777,60.766,60.766,12380000,1
1299272520000,1299272579000,60.777,60.777,60.767,60.767,9000000,1
1299272580000,1299272639000,60.766,60.767,60.766,60.767,14110000,1
1299272640000,1299272699000,60.777,60.777,60.758,60.758,9940000,1
1299272700000,1299272759000,60.756,60.767,60.756,60.766,15690000,1
1299272760000,1299272819000,60.766,60.766,60.757,60.757,8630000,1
1299272820000,1299272879000,60.756,60.766,60.756,60.756,19140000,1
1299272880000,1299272939000,60.756,60.756,60.748,60.756,6190000,1
1299272940000,1299272999000,60.749,60.757,60.747,60.747,21390000,1
1299273000000,1299273059000,60.756,60.757,60.756,60.756,6000000,1
1299273060000,1299273119000,60.756,60.767,60.747,60.767,11790000,1
1299273120000,1299273179000,60.766,60.766,60.766,60.766,1500000,1
1299273180000,1299273239000,60.767,60.767,60.766,60.766,3000000,1
1299273240000,1299273299000,60.767,60.767,60.766,60.766,3000000,1
1299273300000,1299273359000,60.767,60.777,60.766,60.777,9190000,1
1299273360000,1299273419000,60.776,60.777,60.766,60.777,7770000,1
1299273420000,1299273479000,60.776,60.777,60.766,60.766,10500000,1
1299273480000,1299273539000,60.757,60.766,60.756,60.766,12000000,1
1299273540000,1299273599000,60.756,60.777,60.756,60.777,17110000,1
1299273600000,1299273659000,60.767,60.776,60.747,60.747,14440000,1
1299273660000,1299273719000,60.756,60.777,60.756,60.767,19500000,1
1299273720000,1299273779000,60.767,60.767,60.756,60.757,6000000,1
1299273780000,1299273839000,60.756,60.767,60.756,60.767,4500000,1
1299273840000,1299273899000,60.766,60.767,60.766,60.767,9000000,1
1299273900000,1299273959000,60.766,60.767,60.756,60.756,9000000,1
1299273960000,1299274019000,60.766,60.767,60.756,60.766,41620000,1
1299274020000,1299274079000,60.767,60.777,60.766,60.777,16480000,1
1299274080000,1299274139000,60.777,60.777,60.767,60.767,7650000,1
1299274140000,1299274199000,60.767,60.777,60.766,60.767,22620000,1
1299274200000,1299274259000,60.757,60.767,60.756,60.766,14440000,1
1299274260000,1299274319000,60.767,60.776,60.766,60.766,6000000,1
1299274320000,1299274379000,60.777,60.777,60.757,60.757,14590000,1
1299274380000,1299274439000,60.766,60.767,60.747,60.756,17860000,1
1299274440000,1299274499000,60.756,60.756,60.746,60.747,4690000,1
1299274500000,1299274559000,60.746,60.766,60.746,60.766,15010000,1
1299274560000,1299274619000,60.766,60.766,60.756,60.757,12000000,1
1299274620000,1299274679000,60.756,60.756,60.756,60.756,1500000,1
1299274680000,1299274739000,60.756,60.757,60.746,60.747,16500000,1
1299274740000,1299274799000,60.746,60.757,60.736,60.736,16500000,1
1299274800000,1299274859000,60.736,60.736,60.706,60.717,15750000,1
1299274860000,1299274919000,60.716,60.717,60.716,60.717,3000000,1
1299274920000,1299274979000,60.706,60.717,60.706,60.716,7500000,1
1299274980000,1299275039000,60.717,60.717,60.716,60.716,3000000,1
1299275040000,1299275099000,60.717,60.717,60.716,60.717,4500000,1
1299275100000,1299275159000,60.716,60.717,60.716,60.717,3000000,1
1299275160000,1299275219000,60.717,60.727,60.716,60.716,12000000,1
1299275220000,1299275279000,60.716,60.717,60.706,60.716,10500000,1
1299275280000,1299275339000,60.717,60.737,60.717,60.737,14250000,1
1299275340000,1299275399000,60.737,60.746,60.736,60.746,9000000,1
1299275400000,1299275459000,60.737,60.756,60.737,60.756,10500000,1
1299275460000,1299275519000,60.756,60.756,60.747,60.756,9000000,1
1299275520000,1299275579000,60.756,60.767,60.746,60.767,16500000,1
1299275580000,1299275639000,60.766,60.786,60.766,60.776,12000000,1
1299275640000,1299275699000,60.787,60.787,60.786,60.786,3000000,1
1299275700000,1299275759000,60.787,60.796,60.786,60.796,6000000,1
1299275760000,1299275819000,60.787,60.797,60.786,60.796,10500000,1
1299275820000,1299275879000,60.797,60.817,60.786,60.817,9000000,1
1299275880000,1299275939000,60.806,60.817,60.786,60.806,16500000,1
1299275940000,1299275999000,60.796,60.807,60.736,60.736,18000000,1
1299276000000,1299276059000,60.736,60.736,60.736,60.736,0,1
1299276060000,1299276119000,60.736,60.736,60.736,60.736,0,1
1299276120000,1299276179000,60.736,60.736,60.736,60.736,0,1
1299276180000,1299276239000,60.736,60.736,60.736,60.736,0,1
1299276240000,1299276299000,60.736,60.736,60.736,60.736,0,1
1299276300000,1299276359000,60.736,60.736,60.736,60.736,0,1
1299276360000,1299276419000,60.736,60.736,60.736,60.736,0,1
1299276420000,1299276479000,60.736,60.736,60.736,60.736,0,1
1299276480000,1299276539000,60.736,60.736,60.736,60.736,0,1
1299276540000,1299276599000,60.736,60.736,60.736,60.736,0,1
1299276600000,1299276659000,60.736,60.736,60.736,60.736,0,1
1299276660000,1299276719000,60.736,60.736,60.736,60.736,0,1
1299276720000,1299276779000,60.736,60.736,60.736,60.736,0,1
1299276780000,1299276839000,60.736,60.736,60.736,60.736,0,1
1299276840000,1299276899000,60.736,60.736,60.736,60.736,0,1
1299276900000,1299276959000,60.736,60.736,60.736,60.736,0,1
1299276960000,1299277019000,60.736,60.736,60.736,60.736,0,1
1299277020000,1299277079000,60.736,60.736,60.736,60.736,0,1
1299277080000,1299277139000,60.736,60.736,60.736,60.736,0,1
1299277140000,1299277199000,60.736,60.736,60.736,60.736,0,1
1299277200000,1299277259000,60.736,60.736,60.736,60.736,0,1
1299277260000,1299277319000,60.736,60.736,60.736,60.736,0,1
1299277320000,1299277379000,60.736,60.736,60.736,60.736,0,1
1299277380000,1299277439000,60.736,60.736,60.736,60.736,0,1
1299277440000,1299277499000,60.736,60.736,60.736,60.736,0,1
1299277500000,1299277559000,60.736,60.736,60.736,60.736,0,1
1299277560000,1299277619000,60.736,60.736,60.736,60.736,0,1
1299277620000,1299277679000,60.736,60.736,60.736,60.736,0,1
1299277680000,1299277739000,60.736,60.736,60.736,60.736,0,1
1299277740000,1299277799000,60.736,60.736,60.736,60.736,0,1
1299277800000,1299277859000,60.736,60.736,60.736,60.736,0,1
1299277860000,1299277919000,60.736,60.736,60.736,60.736,0,1
1299277920000,1299277979000,60.736,60.736,60.736,60.736,0,1
1299277980000,1299278039000,60.736,60.736,60.736,60.736,0,1
1299278040000,1299278099000,60.736,60.736,60.736,60.736,0,1
1299278100000,1299278159000,60.736,60.736,60.736,60.736,0,1
1299278160000,1299278219000,60.736,60.736,60.736,60.736,0,1
1299278220000,1299278279000,60.736,60.736,60.736,60.736,0,1
1299278280000,1299278339000,60.736,60.736,60.736,60.736,0,1
1299278340000,1299278399000,60.736,60.736,60.736,60.736,0,1
1299278400000,1299278459000,60.736,60.736,60.736,60.736,0,1
1299278460000,1299278519000,60.736,60.736,60.736,60.736,0,1
1299278520000,1299278579000,60.736,60.736,60.736,60.736,0,1
1299278580000,1299278639000,60.736,60.736,60.736,60.736,0,1
1299278640000,1299278699000,60.736,60.736,60.736,60.736,0,1
1299278700000,1299278759000,60.736,60.736,60.736,60.736,0,1
1299278760000,1299278819000,60.736,60.736,60.736,60.736,0,1
1299278820000,1299278879000,60.736,60.736,60.736,60.736,0,1
1299278880000,1299278939000,60.736,60.736,60.736,60.736,0,1
1299278940000,1299278999000,60.736,60.736,60.736,60.736,0,1
1299279000000,1299279059000,60.736,60.736,60.736,60.736,0,1
1299279060000,1299279119000,60.736,60.736,60.736,60.736,0,1
1299279120000,1299279179000,60.736,60.736,60.736,60.736,0,1
1299279180000,1299279239000,60.736,60.736,60.736,60.736,0,1
1299279240000,1299279299000,60.736,60.736,60.736,60.736,0,1
1299279300000,1299279359000,60.736,60.736,60.736,60.736,0,1
1299279360000,1299279419000,60.736,60.736,60.736,60.736,0,1
1299279420000,1299279479000,60.736,60.736,60.736,60.736,0,1
1299279480000,1299279539000,60.736,60.736,60.736,60.736,0,1
1299279540000,1299279599000,60.736,60.736,60.736,60.736,0,1
1299279600000,1299279659000,60.736,60.736,60.736,60.736,0,1
1299279660000,1299279719000,60.736,60.736,60.736,60.736,0,1
1299279720000,1299279779000,60.736,60.736,60.736,60.736,0,1
1299279780000,1299279839000,60.736,60.736,60.736,60.736,0,1
1299279840000,1299279899000,60.736,60.736,60.736,60.736,0,1
1299279900000,1299279959000,60.736,60.736,60.736,60.736,0,1
1299279960000,1299280019000,60.736,60.736,60.736,60.736,0,1
1299280020000,1299280079000,60.736,60.736,60.736,60.736,0,1
1299280080000,1299280139000,60.736,60.736,60.736,60.736,0,1
1299280140000,1299280199000,60.736,60.736,60.736,60.736,0,1
1299280200000,1299280259000,60.736,60.736,60.736,60.736,0,1
1299280260000,1299280319000,60.736,60.736,60.736,60.736,0,1
1299280320000,1299280379000,60.736,60.736,60.736,60.736,0,1
1299280380000,1299280439000,60.736,60.736,60.736,60.736,0,1
1299280440000,1299280499000,60.736,60.736,60.736,60.736,0,1
1299280500000,1299280559000,60.736,60.736,60.736,60.736,0,1
1299280560000,1299280619000,60.736,60.736,60.736,60.736,0,1
1299280620000,1299280679000,60.736,60.736,60.736,60.736,0,1
1299280680000,1299280739000,60.736,60.736,60.736,60.736,0,1
1299280740000,1299280799000,60.736,60.736,60.736,60.736,0,1
1299280800000,1299280859000,60.736,60.736,60.736,60.736,0,1
1299280860000,1299280919000,60.736,60.736,60.736,60.736,0,1
1299280920000,1299280979000,60.736,60.736,60.736,60.736,0,1
1299280980000,1299281039000,60.736,60.736,60.736,60.736,0,1
1299281040000,1299281099000,60.736,60.736,60.736,60.736,0,1
1299281100000,1299281159000,60.736,60.736,60.736,60.736,0,1
1299281160000,1299281219000,60.736,60.736,60.736,60.736,0,1
1299281220000,1299281279000,60.736,60.736,60.736,60.736,0,1
1299281280000,1299281339000,60.736,60.736,60.736,60.736,0,1
1299281340000,1299281399000,60.736,60.736,60.736,60.736,0,1
1299281400000,1299281459000,60.736,60.736,60.736,60.736,0,1
1299281460000,1299281519000,60.736,60.736,60.736,60.736,0,1
1299281520000,1299281579000,60.736,60.736,60.736,60.736,0,1
1299281580000,1299281639000,60.736,60.736,60.736,60.736,0,1
1299281640000,1299281699000,60.736,60.736,60.736,60.736,0,1
1299281700000,1299281759000,60.736,60.736,60.736,60.736,0,1
1299281760000,1299281819000,60.736,60.736,60.736,60.736,0,1
1299281820000,1299281879000,60.736,60.736,60.736,60.736,0,1
1299281880000,1299281939000,60.736,60.736,60.736,60.736,0,1
1299281940000,1299281999000,60.736,60.736,60.736,60.736,0,1
1299282000000,1299282059000,60.736,60.736,60.736,60.736,0,1
1299282060000,1299282119000,60.736,60.736,60.736,60.736,0,1
1299282120000,1299282179000,60.736,60.736,60.736,60.736,0,1
1299282180000,1299282239000,60.736,60.736,60.736,60.736,0,1
1299282240000,1299282299000,60.736,60.736,60.736,60.736,0,1
1299282300000,1299282359000,60.736,60.736,60.736,60.736,0,1
1299282360000,1299282419000,60.736,60.736,60.736,60.736,0,1
1299282420000,1299282479000,60.736,60.736,60.736,60.736,0,1
1299282480000,1299282539000,60.736,60.736,60.736,60.736,0,1
1299282540000,1299282599000,60.736,60.736,60.736,60.736,0,1
1299282600000,1299282659000,60.736,60.736,60.736,60.736,0,1
1299282660000,1299282719000,60.736,60.736,60.736,60.736,0,1
1299282720000,1299282779000,60.736,60.736,60.736,60.736,0,1
1299282780000,1299282839000,60.736,60.736,60.736,60.736,0,1
1299282840000,1299282899000,60.736,60.736,60.736,60.736,0,1
1299282900000,1299282959000,60.736,60.736,60.736,60.736,0,1
1299282960000,1299283019000,60.736,60.736,60.736,60.736,0,1
1299283020000,1299283079000,60.736,60.736,60.736,60.736,0,1
1299283080000,1299283139000,60.736,60.736,60.736,60.736,0,1
1299283140000,1299283199000,60.736,60.736,60.736,60.736,0,1
1299448800000,1299448859000,60.643,60.659,60.603,60.609,67280000,1
1299448860000,1299448919000,60.609,60.668,60.596,60.655,73770000,1
1299448920000,1299448979000,60.655,60.678,60.637,60.637,77260000,1
1299448980000,1299449039000,60.637,60.658,60.637,60.658,73740000,1
1299449040000,1299449099000,60.658,60.667,60.648,60.667,49880000,1
1299449100000,1299449159000,60.667,60.678,60.647,60.647,99900000,1
1299449160000,1299449219000,60.647,60.658,60.617,60.658,55440000,1
1299449220000,1299449279000,60.659,60.659,60.633,60.633,37690000,1
1299449280000,1299449339000,60.633,60.651,60.633,60.648,18550000,1
1299449340000,1299449399000,60.648,60.672,60.648,60.656,27430000,1
1299449400000,1299449459000,60.656,60.657,60.638,60.638,41610000,1
1299449460000,1299449519000,60.644,60.658,60.64,60.652,19520000,1
1299449520000,1299449579000,60.656,60.658,60.632,60.642,13870000,1
1299449580000,1299449639000,60.643,60.643,60.63,60.63,18300000,1
1299449640000,1299449699000,60.63,60.631,60.615,60.619,24210000,1
1299449700000,1299449759000,60.631,60.657,60.616,60.657,13540000,1
1299449760000,1299449819000,60.647,60.657,60.646,60.657,7650000,1
1299449820000,1299449879000,60.657,60.677,60.657,60.676,14070000,1
1299449880000,1299449939000,60.667,60.667,60.666,60.667,7500000,1
1299449940000,1299449999000,60.666,60.666,60.666,60.666,1500000,1
1299450000000,1299450059000,60.657,60.657,60.646,60.646,6000000,1
1299450060000,1299450119000,60.646,60.647,60.626,60.637,21990000,1
1299450120000,1299450179000,60.627,60.627,60.617,60.627,9340000,1
1299450180000,1299450239000,60.626,60.627,60.626,60.626,4500000,1
1299450240000,1299450299000,60.627,60.637,60.616,60.637,38500000,1
1299450300000,1299450359000,60.636,60.647,60.636,60.636,22730000,1
1299450360000,1299450419000,60.637,60.637,60.636,60.636,3000000,1
1299450420000,1299450479000,60.637,60.637,60.626,60.636,13500000,1
1299450480000,1299450539000,60.636,60.637,60.626,60.627,15000000,1
1299450540000,1299450599000,60.626,60.637,60.626,60.636,10210000,1
1299450600000,1299450659000,60.627,60.637,60.562,60.616,59360000,1
1299450660000,1299450719000,60.616,60.677,60.585,60.677,79720000,1
1299450720000,1299450779000,60.667,60.676,60.667,60.676,43880000,1
1299450780000,1299450839000,60.667,60.677,60.667,60.676,17260000,1
1299450840000,1299450899000,60.676,60.687,60.637,60.637,30000000,1
1299450900000,1299450959000,60.637,60.637,60.636,60.637,6000000,1
1299450960000,1299451019000,60.636,60.637,60.636,60.637,3000000,1
1299451020000,1299451079000,60.637,60.637,60.636,60.636,3000000,1
1299451080000,1299451139000,60.637,60.637,60.616,60.616,12000000,1
1299451140000,1299451199000,60.617,60.636,60.617,60.627,12000000,1
1299451200000,1299451259000,60.636,60.637,60.626,60.636,22690000,1
1299451260000,1299451319000,60.637,60.637,60.626,60.626,13690000,1
1299451320000,1299451379000,60.637,60.637,60.618,60.637,35210000,1
1299451380000,1299451439000,60.636,60.647,60.636,60.647,9390000,1
1299451440000,1299451499000,60.646,60.647,60.637,60.646,24720000,1
1299451500000,1299451559000,60.637,60.647,60.636,60.646,27440000,1
1299451560000,1299451619000,60.647,60.647,60.626,60.647,45970000,1
1299451620000,1299451679000,60.637,60.647,60.636,60.646,25530000,1
1299451680000,1299451739000,60.646,60.647,60.636,60.636,29240000,1
1299451740000,1299451799000,60.637,60.637,60.627,60.627,7020000,1
1299451800000,1299451859000,60.636,60.646,60.636,60.637,16440000,1
1299451860000,1299451919000,60.637,60.647,60.636,60.636,10320000,1
1299451920000,1299451979000,60.627,60.637,60.618,60.636,23240000,1
1299451980000,1299452039000,60.637,60.637,60.636,60.636,4500000,1
1299452040000,1299452099000,60.637,60.637,60.636,60.636,4500000,1
1299452100000,1299452159000,60.637,60.637,60.616,60.626,21850000,1
1299452160000,1299452219000,60.636,60.636,60.626,60.626,3000000,1
1299452220000,1299452279000,60.627,60.627,60.626,60.626,3000000,1
1299452280000,1299452339000,60.627,60.627,60.606,60.606,9190000,1
1299452340000,1299452399000,60.606,60.617,60.596,60.607,30220000,1
1299452400000,1299452459000,60.617,60.617,60.586,60.607,51420000,1
1299452460000,1299452519000,60.607,60.627,60.598,60.617,43160000,1
1299452520000,1299452579000,60.617,60.636,60.606,60.606,48280000,1
1299452580000,1299452639000,60.607,60.607,60.603,60.607,5250000,1
1299452640000,1299452699000,60.606,60.636,60.606,60.627,51820000,1
1299452700000,1299452759000,60.62,60.627,60.617,60.626,11070000,1
1299452760000,1299452819000,60.627,60.627,60.626,60.627,6000000,1
1299452820000,1299452879000,60.626,60.636,60.616,60.627,35830000,1
1299452880000,1299452939000,60.627,60.637,60.626,60.626,25520000,1
1299452940000,1299452999000,60.627,60.627,60.627,60.627,1500000,1
1299453000000,1299453059000,60.626,60.626,60.626,60.626,1500000,1
1299453060000,1299453119000,60.627,60.657,60.627,60.636,52340000,1
1299453120000,1299453179000,60.637,60.637,60.627,60.628,18760000,1
1299453180000,1299453239000,60.636,60.656,60.636,60.647,22330000,1
1299453240000,1299453299000,60.647,60.657,60.646,60.657,22140000,1
1299453300000,1299453359000,60.656,60.657,60.648,60.648,10130000,1
1299453360000,1299453419000,60.657,60.666,60.657,60.666,7880000,1
1299453420000,1299453479000,60.667,60.688,60.667,60.688,49730000,1
1299453480000,1299453539000,60.688,60.698,60.687,60.698,63590000,1
1299453540000,1299453599000,60.698,60.708,60.697,60.707,35500000,1
1299453600000,1299453659000,60.707,60.718,60.697,60.717,70360000,1
1299453660000,1299453719000,60.717,60.727,60.717,60.726,13690000,1
1299453720000,1299453779000,60.727,60.727,60.717,60.717,9940000,1
1299453780000,1299453839000,60.717,60.717,60.717,60.717,3750000,1
1299453840000,1299453899000,60.717,60.728,60.71,60.717,37710000,1
1299453900000,1299453959000,60.717,60.717,60.717,60.717,2250000,1
1299454080000,1299454139000,60.718,60.747,60.707,60.726,68630000,1
1299454140000,1299454199000,60.717,60.726,60.707,60.707,10880000,1
1299454200000,1299454259000,60.706,60.717,60.706,60.717,8440000,1
1299454260000,1299454319000,60.716,60.718,60.707,60.718,17820000,1
1299454320000,1299454379000,60.718,60.728,60.717,60.726,23070000,1
1299454380000,1299454439000,60.726,60.726,60.726,60.726,1500000,1
1299454440000,1299454499000,60.727,60.727,60.707,60.717,27750000,1
1299454500000,1299454559000,60.716,60.717,60.687,60.687,55170000,1
1299454560000,1299454619000,60.697,60.708,60.688,60.708,40620000,1
1299454620000,1299454679000,60.707,60.707,60.707,60.707,1500000,1
1299454680000,1299454739000,60.707,60.708,60.687,60.707,48730000,1
1299454740000,1299454799000,60.707,60.717,60.698,60.717,23090000,1
1299454800000,1299454859000,60.717,60.718,60.707,60.717,23840000,1
1299454860000,1299454919000,60.717,60.718,60.708,60.708,32640000,1
1299454920000,1299454979000,60.708,60.708,60.708,60.708,3190000,1
1299454980000,1299455039000,60.707,60.727,60.707,60.718,26840000,1
1299455040000,1299455099000,60.718,60.728,60.718,60.727,15200000,1
1299455100000,1299455159000,60.727,60.727,60.718,60.718,21920000,1
1299455160000,1299455219000,60.718,60.727,60.718,60.727,5640000,1
1299455220000,1299455279000,60.726,60.728,60.726,60.727,10320000,1
1299455280000,1299455339000,60.72,60.72,60.717,60.718,20110000,1
1299455340000,1299455399000,60.727,60.741,60.727,60.737,25190000,1
1299455400000,1299455459000,60.737,60.737,60.718,60.718,20460000,1
1299455460000,1299455519000,60.726,60.726,60.707,60.707,28360000,1
1299455520000,1299455579000,60.707,60.719,60.707,60.719,25270000,1
1299455580000,1299455639000,60.717,60.728,60.708,60.728,31740000,1
1299455640000,1299455699000,60.728,60.728,60.718,60.728,19530000,1
1299455700000,1299455759000,60.728,60.738,60.728,60.738,13710000,1
1299455760000,1299455819000,60.738,60.738,60.727,60.727,26870000,1
1299455820000,1299455879000,60.727,60.738,60.727,60.733,28590000,1
1299455880000,1299455939000,60.733,60.75,60.724,60.733,75160000,1
1299455940000,1299455999000,60.735,60.735,60.688,60.698,41730000,1
1299456000000,1299456059000,60.698,60.708,60.697,60.701,85000000,1
1299456060000,1299456119000,60.697,60.698,60.66,60.671,68000000,1
1299456120000,1299456179000,60.674,60.688,60.674,60.688,52000000,1
1299456180000,1299456239000,60.688,60.688,60.664,60.669,104000000,1
1299456240000,1299456299000,60.669,60.686,60.663,60.683,71000000,1
1299456300000,1299456359000,60.684,60.686,60.654,60.661,78000000,1
1299456360000,1299456419000,60.661,60.667,60.658,60.658,21000000,1
1299456420000,1299456479000,60.657,60.662,60.656,60.658,45000000,1
1299456480000,1299456539000,60.658,60.672,60.657,60.666,28000000,1
1299456540000,1299456599000,60.656,60.667,60.651,60.654,19000000,1
1299456600000,1299456659000,60.651,60.662,60.651,60.657,46000000,1
1299456660000,1299456719000,60.652,60.668,60.649,60.662,68000000,1
1299456720000,1299456779000,60.662,60.668,60.656,60.668,31000000,1
1299456780000,1299456839000,60.689,60.693,60.687,60.687,33000000,1
1299456840000,1299456899000,60.686,60.687,60.676,60.686,32000000,1
1299456900000,1299456959000,60.686,60.686,60.676,60.676,18000000,1
1299456960000,1299457019000,60.677,60.687,60.676,60.686,10000000,1
1299457020000,1299457079000,60.687,60.703,60.686,60.696,33000000,1
1299457080000,1299457139000,60.696,60.697,60.688,60.688,13000000,1
1299457140000,1299457199000,60.688,60.688,60.688,60.688,4000000,1
1299457200000,1299457259000,60.686,60.697,60.686,60.687,14000000,1
1299457260000,1299457319000,60.687,60.687,60.687,60.687,6000000,1
1299457320000,1299457379000,60.687,60.687,60.687,60.687,2000000,1
1299457380000,1299457439000,60.687,60.687,60.687,60.687,2000000,1
1299457440000,1299457499000,60.686,60.686,60.686,60.686,4000000,1
1299457500000,1299457559000,60.698,60.699,60.697,60.698,15000000,1
1299457560000,1299457619000,60.699,60.699,60.69,60.69,15000000,1
1299457620000,1299457679000,60.688,60.717,60.666,60.706,70000000,1
1299457680000,1299457739000,60.706,60.717,60.681,60.707,105000000,1
1299457740000,1299457799000,60.707,60.707,60.696,60.696,35000000,1
1299457800000,1299457859000,60.696,60.727,60.696,60.706,41000000,1
1299457860000,1299457919000,60.697,60.697,60.679,60.694,36000000,1
1299457920000,1299457979000,60.704,60.704,60.703,60.704,41000000,1
1299457980000,1299458039000,60.707,60.728,60.707,60.721,70000000,1
1299458040000,1299458099000,60.726,60.747,60.718,60.737,44000000,1
1299458100000,1299458159000,60.736,60.748,60.736,60.737,72000000,1
1299458160000,1299458219000,60.737,60.737,60.736,60.736,14000000,1
1299458220000,1299458279000,60.736,60.738,60.736,60.738,49000000,1
1299458280000,1299458339000,60.737,60.748,60.737,60.747,31000000,1
1299458340000,1299458399000,60.746,60.777,60.746,60.768,42000000,1
1299458400000,1299458459000,60.768,60.788,60.768,60.788,84000000,1
1299458460000,1299458519000,60.788,60.798,60.778,60.778,44000000,1
1299458520000,1299458579000,60.778,60.787,60.778,60.787,10000000,1
1299458580000,1299458639000,60.787,60.787,60.777,60.777,17000000,1
1299458640000,1299458699000,60.777,60.778,60.777,60.778,25000000,1
1299458700000,1299458759000,60.778,60.778,60.777,60.778,46000000,1
1299458760000,1299458819000,60.778,60.778,60.768,60.777,29000000,1
1299458820000,1299458879000,60.777,60.788,60.774,60.777,76000000,1
1299458880000,1299458939000,60.777,60.798,60.776,60.786,51000000,1
1299458940000,1299458999000,60.786,60.786,60.776,60.776,12000000,1
1299459000000,1299459059000,60.767,60.808,60.767,60.788,85000000,1
1299459060000,1299459119000,60.788,60.797,60.787,60.797,45000000,1
1299459120000,1299459179000,60.797,60.798,60.787,60.787,45000000,1
1299459180000,1299459239000,60.787,60.791,60.766,60.768,38000000,1
1299459240000,1299459299000,60.768,60.769,60.728,60.737,59000000,1
1299459300000,1299459359000,60.738,60.738,60.727,60.736,67000000,1
1299459360000,1299459419000,60.736,60.738,60.736,60.737,14000000,1
1299459420000,1299459479000,60.738,60.739,60.728,60.731,51000000,1
1299459480000,1299459539000,60.731,60.738,60.728,60.736,42000000,1
1299459540000,1299459599000,60.73,60.738,60.712,60.738,63000000,1
1299459600000,1299459659000,60.738,60.738,60.728,60.728,18000000,1
1299459660000,1299459719000,60.728,60.728,60.707,60.727,68000000,1
1299459720000,1299459779000,60.717,60.738,60.716,60.738,152000000,1
1299459780000,1299459839000,60.729,60.747,60.728,60.728,107000000,1
1299459840000,1299459899000,60.728,60.737,60.717,60.728,103000000,1
1299459900000,1299459959000,60.731,60.747,60.726,60.738,62000000,1
1299459960000,1299460019000,60.738,60.74,60.727,60.737,119000000,1
1299460020000,1299460079000,60.737,60.747,60.737,60.747,40000000,1
1299460080000,1299460139000,60.758,60.767,60.757,60.767,37000000,1
1299460140000,1299460199000,60.759,60.768,60.747,60.758,32000000,1
1299460200000,1299460259000,60.758,60.758,60.758,60.758,9000000,1
1299460260000,1299460319000,60.758,60.767,60.758,60.767,26000000,1
1299460320000,1299460379000,60.767,60.778,60.767,60.768,26000000,1
1299460380000,1299460439000,60.768,60.768,60.757,60.757,36000000,1
1299460440000,1299460499000,60.757,60.757,60.757,60.757,7000000,1
1299460500000,1299460559000,60.758,60.758,60.748,60.748,15000000,1
1299460560000,1299460619000,60.748,60.749,60.739,60.748,54000000,1
1299460620000,1299460679000,60.753,60.758,60.738,60.757,76000000,1
1299460680000,1299460739000,60.757,60.759,60.739,60.747,122000000,1
1299460740000,1299460799000,60.747,60.748,60.739,60.747,17000000,1
1299460800000,1299460859000,60.747,60.747,60.737,60.747,26000000,1
1299460860000,1299460919000,60.737,60.738,60.737,60.738,23000000,1
1299460920000,1299460979000,60.738,60.739,60.717,60.726,79000000,1
1299460980000,1299461039000,60.717,60.728,60.714,60.724,32000000,1
1299461040000,1299461099000,60.727,60.727,60.719,60.727,14000000,1
1299461100000,1299461159000,60.727,60.728,60.718,60.728,34000000,1
1299461160000,1299461219000,60.728,60.738,60.728,60.738,23000000,1
1299461220000,1299461279000,60.736,60.746,60.736,60.739,20000000,1
1299461280000,1299461339000,60.736,60.748,60.736,60.748,33000000,1
1299461340000,1299461399000,60.748,60.748,60.746,60.746,14000000,1
1299461400000,1299461459000,60.746,60.749,60.74,60.748,38000000,1
1299461460000,1299461519000,60.748,60.748,60.717,60.723,60000000,1
1299461520000,1299461579000,60.72,60.728,60.719,60.727,26000000,1
1299461580000,1299461639000,60.727,60.727,60.727,60.727,19000000,1
1299461640000,1299461699000,60.727,60.737,60.727,60.737,24000000,1
1299461700000,1299461759000,60.737,60.738,60.729,60.729,41000000,1
1299461760000,1299461819000,60.729,60.741,60.729,60.738,70000000,1
1299461820000,1299461879000,60.738,60.749,60.736,60.737,61000000,1
1299461880000,1299461939000,60.741,60.741,60.738,60.739,24000000,1
1299461940000,1299461999000,60.74,60.748,60.74,60.747,18000000,1
1299462000000,1299462059000,60.746,60.747,60.739,60.747,30000000,1
1299462060000,1299462119000,60.747,60.747,60.727,60.738,53000000,1
1299462120000,1299462179000,60.738,60.738,60.728,60.738,99000000,1
1299462180000,1299462239000,60.738,60.748,60.728,60.737,66000000,1
1299462240000,1299462299000,60.737,60.738,60.728,60.737,35000000,1
1299462300000,1299462359000,60.732,60.738,60.727,60.738,39000000,1
1299462360000,1299462419000,60.738,60.758,60.729,60.748,35000000,1
1299462420000,1299462479000,60.747,60.778,60.747,60.767,73000000,1
1299462480000,1299462539000,60.757,60.759,60.757,60.758,14000000,1
1299462540000,1299462599000,60.758,60.771,60.758,60.767,57000000,1
1299462600000,1299462659000,60.762,60.768,60.761,60.767,36000000,1
1299462660000,1299462719000,60.767,60.768,60.756,60.757,58000000,1
1299462720000,1299462779000,60.763,60.768,60.757,60.758,49000000,1
1299462780000,1299462839000,60.757,60.758,60.747,60.757,45000000,1
1299462840000,1299462899000,60.757,60.757,60.756,60.756,25000000,1
1299462900000,1299462959000,60.747,60.757,60.747,60.756,13000000,1
1299462960000,1299463019000,60.757,60.757,60.748,60.748,18000000,1
1299463020000,1299463079000,60.748,60.757,60.748,60.757,12000000,1
1299463080000,1299463139000,60.757,60.757,60.748,60.748,14000000,1
1299463140000,1299463199000,60.748,60.748,60.746,60.747,30000000,1
1299463200000,1299463259000,60.746,60.746,60.746,60.746,2000000,1
1299463260000,1299463319000,60.746,60.746,60.728,60.737,16000000,1
1299463320000,1299463379000,60.737,60.748,60.737,60.747,48000000,1
1299463380000,1299463439000,60.747,60.768,60.747,60.768,24000000,1
1299463440000,1299463499000,60.768,60.768,60.767,60.767,37000000,1
1299463500000,1299463559000,60.767,60.768,60.767,60.767,26000000,1
1299463560000,1299463619000,60.767,60.768,60.759,60.768,29000000,1
1299463620000,1299463679000,60.767,60.768,60.757,60.758,70000000,1
1299463680000,1299463739000,60.757,60.767,60.757,60.757,117000000,1
1299463740000,1299463799000,60.758,60.76,60.758,60.76,5000000,1
1299463800000,1299463859000,60.758,60.768,60.758,60.758,44000000,1
1299463860000,1299463919000,60.76,60.767,60.758,60.759,26000000,1
1299463920000,1299463979000,60.758,60.758,60.758,60.758,6000000,1
1299463980000,1299464039000,60.758,60.762,60.756,60.756,15000000,1
1299464040000,1299464099000,60.756,60.761,60.748,60.757,36000000,1
1299464100000,1299464159000,60.758,60.768,60.758,60.768,23000000,1
1299464160000,1299464219000,60.771,60.778,60.767,60.767,23000000,1
1299464220000,1299464279000,60.767,60.767,60.767,60.767,4000000,1
1299464280000,1299464339000,60.767,60.768,60.766,60.766,19000000,1
1299464340000,1299464399000,60.767,60.767,60.757,60.758,22000000,1
1299464400000,1299464459000,60.757,60.757,60.757,60.757,12000000,1
1299464460000,1299464519000,60.757,60.759,60.757,60.759,9000000,1
1299464520000,1299464579000,60.757,60.77,60.757,60.767,34000000,1
1299464580000,1299464639000,60.767,60.768,60.767,60.768,22000000,1
1299464640000,1299464699000,60.768,60.787,60.767,60.767,63000000,1
1299464700000,1299464759000,60.767,60.768,60.767,60.768,16000000,1
1299464760000,1299464819000,60.768,60.77,60.767,60.769,50000000,1
1299464820000,1299464879000,60.77,60.779,60.767,60.768,32000000,1
1299464880000,1299464939000,60.768,60.788,60.767,60.787,65000000,1
1299464940000,1299464999000,60.787,60.807,60.778,60.807,59000000,1
1299465000000,1299465059000,60.807,60.807,60.797,60.797,16000000,1
1299465060000,1299465119000,60.797,60.797,60.797,60.797,16000000,1
1299465120000,1299465179000,60.797,60.807,60.797,60.807,14000000,1
1299465180000,1299465239000,60.807,60.807,60.797,60.797,13000000,1
1299465240000,1299465299000,60.797,60.797,60.797,60.797,6000000,1
1299465300000,1299465359000,60.797,60.798,60.796,60.796,13000000,1
1299465360000,1299465419000,60.796,60.797,60.787,60.787,32000000,1
1299465420000,1299465479000,60.787,60.788,60.778,60.787,38000000,1
1299465480000,1299465539000,60.778,60.778,60.768,60.777,25000000,1
1299465540000,1299465599000,60.776,60.776,60.767,60.767,14000000,1
1299465600000,1299465659000,60.767,60.767,60.758,60.758,9000000,1
1299465660000,1299465719000,60.757,60.757,60.747,60.748,48000000,1
1299465720000,1299465779000,60.757,60.757,60.757,60.757,2000000,1
1299465780000,1299465839000,60.757,60.757,60.738,60.746,26000000,1
1299465840000,1299465899000,60.746,60.747,60.746,60.747,7000000,1
1299465900000,1299465959000,60.747,60.748,60.737,60.737,19000000,1
1299465960000,1299466019000,60.748,60.75,60.747,60.75,14000000,1
1299466020000,1299466079000,60.75,60.75,60.737,60.737,47000000,1
1299466080000,1299466139000,60.737,60.74,60.736,60.74,10000000,1
1299466140000,1299466199000,60.738,60.738,60.737,60.737,3000000,1
1299466200000,1299466259000,60.736,60.738,60.727,60.727,46000000,1
1299466260000,1299466319000,60.726,60.728,60.704,60.707,60000000,1
1299466320000,1299466379000,60.709,60.717,60.706,60.717,47000000,1
1299466380000,1299466439000,60.717,60.718,60.706,60.716,52000000,1
1299466440000,1299466499000,60.718,60.726,60.716,60.718,61000000,1
1299466500000,1299466559000,60.717,60.725,60.717,60.725,32000000,1
1299466560000,1299466619000,60.727,60.746,60.727,60.739,130000000,1
1299466620000,1299466679000,60.739,60.743,60.728,60.738,76000000,1
1299466680000,1299466739000,60.738,60.742,60.726,60.726,54000000,1
1299466740000,1299466799000,60.726,60.726,60.703,60.703,64000000,1
1299466800000,1299466859000,60.703,60.704,60.703,60.703,53000000,1
1299466860000,1299466919000,60.703,60.704,60.686,60.697,31000000,1
1299466920000,1299466979000,60.686,60.747,60.686,60.722,97000000,1
1299466980000,1299467039000,60.722,60.774,60.722,60.77,44000000,1
1299467040000,1299467099000,60.767,60.776,60.747,60.767,60000000,1
1299467100000,1299467159000,60.767,60.767,60.756,60.759,22000000,1
1299467160000,1299467219000,60.762,60.762,60.758,60.758,8000000,1
1299467220000,1299467279000,60.758,60.778,60.743,60.743,60000000,1
1299467280000,1299467339000,60.743,60.75,60.726,60.73,58000000,1
1299467340000,1299467399000,60.728,60.728,60.71,60.718,70000000,1
1299467400000,1299467459000,60.718,60.718,60.71,60.71,29000000,1
1299467460000,1299467519000,60.709,60.718,60.709,60.718,6000000,1
1299467520000,1299467579000,60.717,60.717,60.698,60.698,45000000,1
1299467580000,1299467639000,60.698,60.708,60.696,60.698,37000000,1
1299467640000,1299467699000,60.698,60.698,60.686,60.687,24000000,1
1299467700000,1299467759000,60.687,60.687,60.68,60.686,9000000,1
1299467760000,1299467819000,60.687,60.687,60.668,60.672,20000000,1
1299467820000,1299467879000,60.678,60.679,60.677,60.679,47000000,1
1299467880000,1299467939000,60.678,60.686,60.677,60.686,20000000,1
1299467940000,1299467999000,60.687,60.687,60.677,60.687,13000000,1
1299468000000,1299468059000,60.683,60.695,60.678,60.686,41000000,1
1299468060000,1299468119000,60.687,60.693,60.686,60.691,30000000,1
1299468120000,1299468179000,60.697,60.697,60.677,60.688,37000000,1
1299468180000,1299468239000,60.688,60.688,60.678,60.686,26000000,1
1299468240000,1299468299000,60.686,60.689,60.686,60.687,10000000,1
1299468300000,1299468359000,60.68,60.687,60.68,60.687,13000000,1
1299468360000,1299468419000,60.687,60.688,60.686,60.688,20000000,1
1299468420000,1299468479000,60.687,60.687,60.678,60.687,30000000,1
1299468480000,1299468539000,60.687,60.698,60.679,60.687,105000000,1
1299468540000,1299468599000,60.687,60.697,60.686,60.689,65000000,1
1299468600000,1299468659000,60.691,60.697,60.676,60.676,38000000,1
1299468660000,1299468719000,60.678,60.686,60.676,60.678,41000000,1
1299468720000,1299468779000,60.679,60.687,60.679,60.687,6000000,1
1299468780000,1299468839000,60.686,60.686,60.676,60.686,37000000,1
1299468840000,1299468899000,60.686,60.687,60.676,60.687,29000000,1
1299468900000,1299468959000,60.688,60.688,60.668,60.668,31000000,1
1299468960000,1299469019000,60.668,60.668,60.657,60.658,50000000,1
1299469020000,1299469079000,60.657,60.667,60.657,60.667,16000000,1
1299469080000,1299469139000,60.667,60.667,60.657,60.657,32000000,1
1299469140000,1299469199000,60.657,60.657,60.64,60.64,79000000,1
1299469200000,1299469259000,60.64,60.656,60.64,60.656,21000000,1
1299469260000,1299469319000,60.656,60.657,60.648,60.656,13000000,1
1299469320000,1299469379000,60.657,60.658,60.646,60.657,79000000,1
1299469380000,1299469439000,60.657,60.657,60.647,60.65,93000000,1
1299469440000,1299469499000,60.657,60.657,60.617,60.617,134000000,1
1299469500000,1299469559000,60.622,60.628,60.617,60.628,54000000,1
1299469560000,1299469619000,60.628,60.628,60.618,60.627,185000000,1
1299469620000,1299469679000,60.626,60.627,60.618,60.626,36000000,1
1299469680000,1299469739000,60.627,60.628,60.616,60.617,121000000,1
1299469740000,1299469799000,60.617,60.617,60.607,60.61,18000000,1
1299469800000,1299469859000,60.617,60.618,60.607,60.617,130000000,1
1299469860000,1299469919000,60.617,60.627,60.607,60.618,101000000,1
1299469920000,1299469979000,60.618,60.628,60.618,60.627,73000000,1
1299469980000,1299470039000,60.627,60.628,60.626,60.628,55000000,1
1299470040000,1299470099000,60.628,60.638,60.627,60.628,52000000,1
1299470100000,1299470159000,60.627,60.628,60.627,60.627,36000000,1
1299470160000,1299470219000,60.627,60.628,60.626,60.628,50000000,1
1299470220000,1299470279000,60.628,60.628,60.627,60.628,24000000,1
1299470280000,1299470339000,60.628,60.628,60.627,60.628,16000000,1
1299470340000,1299470399000,60.628,60.628,60.617,60.617,19000000,1
1299470400000,1299470459000,60.617,60.627,60.617,60.627,114000000,1
1299470460000,1299470519000,60.618,60.628,60.618,60.627,115000000,1
1299470520000,1299470579000,60.627,60.636,60.619,60.624,45000000,1
1299470580000,1299470639000,60.627,60.627,60.597,60.597,36000000,1
1299470640000,1299470699000,60.602,60.617,60.597,60.598,62000000,1
1299470700000,1299470759000,60.597,60.607,60.597,60.607,11000000,1
1299470760000,1299470819000,60.597,60.598,60.597,60.597,42000000,1
1299470820000,1299470879000,60.598,60.608,60.598,60.608,8000000,1
1299470880000,1299470939000,60.608,60.608,60.606,60.608,35000000,1
1299470940000,1299470999000,60.608,60.608,60.597,60.599,28000000,1
1299471000000,1299471059000,60.607,60.607,60.589,60.589,57000000,1
1299471060000,1299471119000,60.59,60.591,60.588,60.59,33000000,1
1299471120000,1299471179000,60.589,60.59,60.581,60.581,30000000,1
1299471180000,1299471239000,60.578,60.578,60.577,60.577,26000000,1
1299471240000,1299471299000,60.577,60.584,60.577,60.584,16000000,1
1299471300000,1299471359000,60.587,60.588,60.577,60.578,35000000,1
1299471360000,1299471419000,60.578,60.588,60.578,60.587,90000000,1
1299471420000,1299471479000,60.587,60.587,60.587,60.587,2000000,1
1299471480000,1299471539000,60.587,60.587,60.578,60.587,19000000,1
1299471540000,1299471599000,60.587,60.587,60.587,60.587,7000000,1
1299471600000,1299471659000,60.587,60.599,60.587,60.599,32000000,1
1299471660000,1299471719000,60.599,60.601,60.59,60.598,65000000,1
1299471720000,1299471779000,60.603,60.608,60.598,60.608,31000000,1
1299471780000,1299471839000,60.608,60.608,60.608,60.608,2000000,1
1299471840000,1299471899000,60.608,60.608,60.608,60.608,3000000,1
1299471900000,1299471959000,60.608,60.608,60.597,60.608,16000000,1
1299471960000,1299472019000,60.597,60.598,60.597,60.598,23000000,1
1299472020000,1299472079000,60.598,60.61,60.598,60.608,28000000,1
1299472080000,1299472139000,60.608,60.618,60.607,60.616,49000000,1
1299472140000,1299472199000,60.616,60.618,60.607,60.609,27000000,1
1299472200000,1299472259000,60.613,60.618,60.607,60.618,38000000,1
1299472260000,1299472319000,60.618,60.627,60.618,60.627,10000000,1
1299472320000,1299472379000,60.627,60.651,60.627,60.649,39000000,1
1299472380000,1299472439000,60.65,60.659,60.648,60.658,44000000,1
1299472440000,1299472499000,60.659,60.667,60.658,60.667,33000000,1
1299472500000,1299472559000,60.667,60.667,60.654,60.658,49000000,1
1299472560000,1299472619000,60.658,60.658,60.658,60.658,11000000,1
1299472620000,1299472679000,60.658,60.678,60.657,60.658,42000000,1
1299472680000,1299472739000,60.657,60.658,60.656,60.658,34000000,1
1299472740000,1299472799000,60.658,60.678,60.657,60.678,81000000,1
1299472800000,1299472859000,60.678,60.678,60.667,60.668,64000000,1
1299472860000,1299472919000,60.668,60.668,60.667,60.668,27000000,1
1299472920000,1299472979000,60.668,60.668,60.667,60.668,12000000,1
1299472980000,1299473039000,60.667,60.677,60.667,60.677,22000000,1
1299473040000,1299473099000,60.677,60.677,60.668,60.677,15000000,1
1299473100000,1299473159000,60.677,60.677,60.667,60.667,35000000,1
1299473160000,1299473219000,60.667,60.667,60.667,60.667,12000000,1
1299473220000,1299473279000,60.667,60.667,60.657,60.658,13000000,1
1299473280000,1299473339000,60.656,60.657,60.647,60.649,22000000,1
1299473340000,1299473399000,60.649,60.657,60.649,60.649,14000000,1
1299473400000,1299473459000,60.647,60.657,60.647,60.648,31000000,1
1299473460000,1299473519000,60.648,60.657,60.648,60.657,26000000,1
1299473520000,1299473579000,60.656,60.657,60.656,60.657,22000000,1
1299473580000,1299473639000,60.657,60.657,60.647,60.647,16000000,1
1299473640000,1299473699000,60.647,60.647,60.637,60.637,20000000,1
1299473700000,1299473759000,60.637,60.647,60.637,60.647,14000000,1
1299473760000,1299473819000,60.647,60.668,60.647,60.667,157000000,1
1299473820000,1299473879000,60.667,60.668,60.657,60.668,31000000,1
1299473880000,1299473939000,60.668,60.678,60.667,60.677,67000000,1
1299473940000,1299473999000,60.677,60.698,60.667,60.69,47000000,1
1299474000000,1299474059000,60.688,60.698,60.684,60.689,75000000,1
1299474060000,1299474119000,60.69,60.699,60.688,60.696,45000000,1
1299474120000,1299474179000,60.689,60.697,60.688,60.697,15000000,1
1299474180000,1299474239000,60.697,60.697,60.697,60.697,17000000,1
1299474240000,1299474299000,60.697,60.697,60.697,60.697,18000000,1
1299474300000,1299474359000,60.699,60.707,60.697,60.706,25000000,1
1299474360000,1299474419000,60.706,60.707,60.696,60.707,21000000,1
1299474420000,1299474479000,60.696,60.706,60.696,60.698,27000000,1
1299474480000,1299474539000,60.698,60.698,60.693,60.696,13000000,1
1299474540000,1299474599000,60.696,60.697,60.696,60.697,5000000,1
1299474600000,1299474659000,60.696,60.696,60.677,60.687,76000000,1
1299474660000,1299474719000,60.687,60.687,60.667,60.667,28000000,1
1299474720000,1299474779000,60.667,60.668,60.667,60.668,9000000,1
1299474780000,1299474839000,60.668,60.668,60.668,60.668,7000000,1
1299474840000,1299474899000,60.668,60.668,60.657,60.657,10000000,1
1299474900000,1299474959000,60.657,60.657,60.64,60.64,34000000,1
1299474960000,1299475019000,60.639,60.64,60.62,60.628,102000000,1
1299475020000,1299475079000,60.628,60.631,60.621,60.63,22000000,1
1299475080000,1299475139000,60.63,60.63,60.616,60.617,17000000,1
1299475140000,1299475199000,60.616,60.62,60.599,60.606,45000000,1
1299475200000,1299475259000,60.606,60.627,60.606,60.626,29000000,1
1299475260000,1299475319000,60.63,60.636,60.63,60.636,6000000,1
1299475320000,1299475379000,60.636,60.636,60.617,60.626,32000000,1
1299475380000,1299475439000,60.621,60.627,60.616,60.616,33000000,1
1299475440000,1299475499000,60.616,60.616,60.598,60.607,63000000,1
1299475500000,1299475559000,60.607,60.608,60.598,60.601,15000000,1
1299475560000,1299475619000,60.601,60.618,60.598,60.618,44000000,1
1299475620000,1299475679000,60.62,60.62,60.618,60.618,2000000,1
1299475680000,1299475739000,60.617,60.628,60.617,60.628,65000000,1
1299475740000,1299475799000,60.637,60.637,60.633,60.637,7000000,1
1299475800000,1299475859000,60.636,60.637,60.626,60.626,19000000,1
1299475860000,1299475919000,60.627,60.627,60.617,60.617,38000000,1
1299475920000,1299475979000,60.618,60.647,60.618,60.647,32000000,1
1299475980000,1299476039000,60.647,60.647,60.647,60.647,67000000,1
1299476040000,1299476099000,60.647,60.647,60.647,60.647,46000000,1
1299476100000,1299476159000,60.647,60.648,60.647,60.647,29000000,1
1299476160000,1299476219000,60.647,60.647,60.647,60.647,11000000,1
1299476220000,1299476279000,60.647,60.658,60.647,60.657,30000000,1
1299476280000,1299476339000,60.657,60.657,60.646,60.647,23000000,1
1299476340000,1299476399000,60.646,60.647,60.646,60.647,5000000,1
1299476400000,1299476459000,60.646,60.647,60.646,60.647,8000000,1
1299476460000,1299476519000,60.646,60.647,60.646,60.646,6000000,1
1299476520000,1299476579000,60.647,60.647,60.638,60.647,6000000,1
1299476580000,1299476639000,60.647,60.647,60.638,60.647,10000000,1
1299476640000,1299476699000,60.647,60.647,60.647,60.647,4000000,1
1299476700000,1299476759000,60.646,60.647,60.646,60.647,4000000,1
1299476760000,1299476819000,60.646,60.646,60.646,60.646,2000000,1
1299476820000,1299476879000,60.646,60.647,60.637,60.638,22000000,1
1299476880000,1299476939000,60.638,60.638,60.626,60.626,22000000,1
1299476940000,1299476999000,60.627,60.627,60.626,60.626,35000000,1
1299477000000,1299477059000,60.626,60.627,60.626,60.626,34000000,1
1299477060000,1299477119000,60.627,60.627,60.626,60.626,7000000,1
1299477120000,1299477179000,60.626,60.637,60.626,60.637,46000000,1
1299477180000,1299477239000,60.637,60.647,60.637,60.647,41000000,1
1299477240000,1299477299000,60.65,60.658,60.65,60.657,29000000,1
1299477300000,1299477359000,60.657,60.659,60.657,60.659,19000000,1
1299477360000,1299477419000,60.657,60.668,60.657,60.658,54000000,1
1299477420000,1299477479000,60.658,60.667,60.656,60.667,26000000,1
1299477480000,1299477539000,60.657,60.657,60.657,60.657,32000000,1
1299477540000,1299477599000,60.657,60.662,60.637,60.649,47000000,1
1299477600000,1299477659000,60.648,60.648,60.587,60.612,128000000,1
1299477660000,1299477719000,60.607,60.617,60.607,60.617,22000000,1
1299477720000,1299477779000,60.617,60.618,60.606,60.616,77000000,1
1299477780000,1299477839000,60.616,60.617,60.616,60.616,24000000,1
1299477840000,1299477899000,60.616,60.616,60.616,60.616,17000000,1
1299477900000,1299477959000,60.616,60.617,60.616,60.616,11000000,1
1299477960000,1299478019000,60.617,60.628,60.616,60.627,82000000,1
1299478020000,1299478079000,60.628,60.628,60.626,60.628,45000000,1
1299478080000,1299478139000,60.628,60.628,60.616,60.626,51000000,1
1299478140000,1299478199000,60.627,60.627,60.627,60.627,6000000,1
1299478200000,1299478259000,60.628,60.637,60.626,60.626,48000000,1
1299478260000,1299478319000,60.626,60.627,60.626,60.626,80000000,1
1299478320000,1299478379000,60.622,60.628,60.619,60.628,36000000,1
1299478380000,1299478439000,60.628,60.628,60.627,60.627,12000000,1
1299478440000,1299478499000,60.626,60.627,60.626,60.627,5000000,1
1299478500000,1299478559000,60.627,60.628,60.618,60.626,33000000,1
1299478560000,1299478619000,60.627,60.628,60.627,60.628,34000000,1
1299478620000,1299478679000,60.628,60.638,60.628,60.629,122000000,1
1299478680000,1299478739000,60.628,60.647,60.628,60.64,102000000,1
1299478740000,1299478799000,60.637,60.647,60.628,60.632,100000000,1
1299478800000,1299478859000,60.632,60.638,60.627,60.638,75000000,1
1299478860000,1299478919000,60.638,60.638,60.627,60.627,12000000,1
1299478920000,1299478979000,60.63,60.637,60.626,60.637,167000000,1
1299478980000,1299479039000,60.637,60.637,60.637,60.637,2000000,1
1299479040000,1299479099000,60.637,60.637,60.627,60.628,55000000,1
1299479100000,1299479159000,60.628,60.629,60.628,60.628,109000000,1
1299479160000,1299479219000,60.628,60.628,60.62,60.628,69000000,1
1299479220000,1299479279000,60.628,60.628,60.622,60.628,30000000,1
1299479280000,1299479339000,60.628,60.628,60.626,60.626,93000000,1
1299479340000,1299479399000,60.627,60.627,60.617,60.622,59000000,1
1299479400000,1299479459000,60.622,60.627,60.617,60.617,113000000,1
1299479460000,1299479519000,60.617,60.617,60.617,60.617,28000000,1
1299479520000,1299479579000,60.618,60.618,60.607,60.616,59000000,1
1299479580000,1299479639000,60.617,60.619,60.607,60.61,50000000,1
1299479640000,1299479699000,60.612,60.618,60.607,60.607,73000000,1
1299479700000,1299479759000,60.607,60.616,60.607,60.616,33000000,1
1299479760000,1299479819000,60.616,60.618,60.614,60.618,14000000,1
1299479820000,1299479879000,60.618,60.621,60.613,60.621,23000000,1
1299479880000,1299479939000,60.624,60.627,60.613,60.613,47000000,1
1299479940000,1299479999000,60.613,60.614,60.613,60.613,57000000,1
1299480000000,1299480059000,60.613,60.614,60.613,60.614,27000000,1
1299480060000,1299480119000,60.613,60.617,60.613,60.613,34000000,1
1299480120000,1299480179000,60.613,60.617,60.613,60.613,25000000,1
1299480180000,1299480239000,60.614,60.617,60.613,60.613,28000000,1
1299480240000,1299480299000,60.613,60.614,60.613,60.613,30000000,1
1299480300000,1299480359000,60.613,60.618,60.613,60.613,63000000,1
1299480360000,1299480419000,60.613,60.618,60.601,60.607,69000000,1
1299480420000,1299480479000,60.607,60.608,60.599,60.602,88000000,1
1299480480000,1299480539000,60.602,60.607,60.599,60.6,46000000,1
1299480540000,1299480599000,60.601,60.611,60.601,60.609,10000000,1
1299480600000,1299480659000,60.608,60.608,60.608,60.608,6000000,1
1299480660000,1299480719000,60.608,60.612,60.608,60.612,14000000,1
1299480720000,1299480779000,60.609,60.618,60.609,60.618,9000000,1
1299480780000,1299480839000,60.618,60.618,60.618,60.618,19000000,1
1299480840000,1299480899000,60.618,60.628,60.618,60.628,37000000,1
1299480900000,1299480959000,60.628,60.628,60.617,60.617,7000000,1
1299480960000,1299481019000,60.627,60.627,60.617,60.618,12000000,1
1299481020000,1299481079000,60.628,60.637,60.627,60.637,20000000,1
1299481080000,1299481139000,60.636,60.637,60.636,60.637,6000000,1
1299481140000,1299481199000,60.636,60.646,60.636,60.637,28000000,1
1299481200000,1299481259000,60.647,60.678,60.637,60.677,40000000,1
1299481260000,1299481319000,60.677,60.697,60.668,60.687,142000000,1
1299481320000,1299481379000,60.687,60.698,60.687,60.698,50000000,1
1299481380000,1299481439000,60.698,60.702,60.687,60.697,56000000,1
1299481440000,1299481499000,60.697,60.697,60.689,60.689,22000000,1
1299481500000,1299481559000,60.69,60.7,60.69,60.7,22000000,1
1299481560000,1299481619000,60.702,60.708,60.697,60.701,42000000,1
1299481620000,1299481679000,60.701,60.701,60.69,60.69,18000000,1
1299481680000,1299481739000,60.692,60.692,60.687,60.688,41000000,1
1299481740000,1299481799000,60.688,60.697,60.673,60.678,102000000,1
1299481800000,1299481859000,60.678,60.687,60.677,60.686,35000000,1
1299481860000,1299481919000,60.686,60.687,60.686,60.686,15000000,1
1299481920000,1299481979000,60.686,60.687,60.676,60.679,24000000,1
1299481980000,1299482039000,60.679,60.686,60.677,60.678,53000000,1
1299482040000,1299482099000,60.686,60.686,60.666,60.667,120000000,1
1299482100000,1299482159000,60.667,60.688,60.667,60.676,88000000,1
1299482160000,1299482219000,60.677,60.687,60.667,60.681,19000000,1
1299482220000,1299482279000,60.68,60.688,60.68,60.688,14000000,1
1299482280000,1299482339000,60.688,60.688,60.676,60.676,70000000,1
1299482340000,1299482399000,60.676,60.678,60.667,60.668,98000000,1
1299482400000,1299482459000,60.668,60.677,60.668,60.676,32000000,1
1299482460000,1299482519000,60.676,60.678,60.674,60.676,31000000,1
1299482520000,1299482579000,60.677,60.678,60.671,60.677,23000000,1
1299482580000,1299482639000,60.676,60.688,60.667,60.688,55000000,1
1299482640000,1299482699000,60.688,60.688,60.64,60.648,87000000,1
1299482700000,1299482759000,60.648,60.648,60.637,60.647,63000000,1
1299482760000,1299482819000,60.647,60.649,60.637,60.638,62000000,1
1299482820000,1299482879000,60.637,60.648,60.637,60.647,75000000,1
1299482880000,1299482939000,60.638,60.648,60.633,60.638,42000000,1
1299482940000,1299482999000,60.638,60.657,60.632,60.657,47000000,1
1299483000000,1299483059000,60.653,60.658,60.653,60.658,44000000,1
1299483060000,1299483119000,60.658,60.668,60.657,60.668,61000000,1
1299483120000,1299483179000,60.668,60.678,60.668,60.668,26000000,1
1299483180000,1299483239000,60.669,60.678,60.657,60.657,76000000,1
1299483240000,1299483299000,60.657,60.677,60.657,60.668,41000000,1
1299483300000,1299483359000,60.669,60.678,60.657,60.657,55000000,1
1299483360000,1299483419000,60.657,60.688,60.657,60.678,77000000,1
1299483420000,1299483479000,60.676,60.678,60.66,60.665,65000000,1
1299483480000,1299483539000,60.666,60.678,60.666,60.678,26000000,1
1299483540000,1299483599000,60.678,60.689,60.617,60.627,145000000,1
1299483600000,1299483659000,60.637,60.667,60.626,60.647,135000000,1
1299483660000,1299483719000,60.647,60.652,60.636,60.638,187000000,1
1299483720000,1299483779000,60.636,60.648,60.636,60.638,190000000,1
1299483780000,1299483839000,60.638,60.638,60.627,60.637,77000000,1
1299483840000,1299483899000,60.637,60.638,60.626,60.637,122000000,1
1299483900000,1299483959000,60.638,60.638,60.637,60.638,115000000,1
1299483960000,1299484019000,60.638,60.638,60.607,60.616,126000000,1
1299484020000,1299484079000,60.618,60.618,60.597,60.607,106000000,1
1299484080000,1299484139000,60.607,60.608,60.601,60.606,19000000,1
1299484140000,1299484199000,60.606,60.618,60.601,60.618,84000000,1
1299484200000,1299484259000,60.618,60.621,60.606,60.606,66000000,1
1299484260000,1299484319000,60.598,60.598,60.586,60.587,84000000,1
1299484320000,1299484379000,60.587,60.588,60.573,60.585,96000000,1
1299484380000,1299484439000,60.588,60.598,60.557,60.578,179000000,1
1299484440000,1299484499000,60.578,60.598,60.573,60.578,104000000,1
1299484500000,1299484559000,60.578,60.579,60.574,60.577,97000000,1
1299484560000,1299484619000,60.577,60.578,60.576,60.577,81000000,1
1299484620000,1299484679000,60.577,60.577,60.547,60.568,230000000,1
1299484680000,1299484739000,60.567,60.568,60.548,60.548,95000000,1
1299484740000,1299484799000,60.548,60.558,60.527,60.528,331000000,1
1299484800000,1299484859000,60.528,60.548,60.518,60.547,99000000,1
1299484860000,1299484919000,60.54,60.547,60.517,60.528,114000000,1
1299484920000,1299484979000,60.529,60.538,60.528,60.538,36000000,1
1299484980000,1299485039000,60.538,60.538,60.527,60.528,100000000,1
1299485040000,1299485099000,60.528,60.548,60.517,60.537,178000000,1
1299485100000,1299485159000,60.537,60.537,60.527,60.537,57000000,1
1299485160000,1299485219000,60.537,60.547,60.528,60.532,74000000,1
1299485220000,1299485279000,60.537,60.538,60.527,60.528,109000000,1
1299485280000,1299485339000,60.527,60.528,60.527,60.528,9000000,1
1299485340000,1299485399000,60.528,60.528,60.508,60.508,54000000,1
1299485400000,1299485459000,60.508,60.508,60.496,60.499,66000000,1
1299485460000,1299485519000,60.498,60.501,60.489,60.5,42000000,1
1299485520000,1299485579000,60.498,60.498,60.487,60.487,34000000,1
1299485580000,1299485639000,60.487,60.488,60.479,60.488,17000000,1
1299485640000,1299485699000,60.488,60.491,60.477,60.487,68000000,1
1299485700000,1299485759000,60.477,60.497,60.477,60.49,117000000,1
1299485760000,1299485819000,60.488,60.491,60.477,60.478,121000000,1
1299485820000,1299485879000,60.48,60.48,60.468,60.468,42000000,1
1299485880000,1299485939000,60.469,60.477,60.457,60.457,127000000,1
1299485940000,1299485999000,60.457,60.467,60.427,60.438,189000000,1
1299486000000,1299486059000,60.438,60.457,60.429,60.447,171000000,1
1299486060000,1299486119000,60.447,60.45,60.407,60.407,243000000,1
1299486120000,1299486179000,60.414,60.418,60.407,60.418,161000000,1
1299486180000,1299486239000,60.418,60.428,60.416,60.418,175000000,1
1299486240000,1299486299000,60.417,60.417,60.387,60.397,207000000,1
1299486300000,1299486359000,60.397,60.398,60.376,60.377,177000000,1
1299486360000,1299486419000,60.377,60.397,60.377,60.386,149000000,1
1299486420000,1299486479000,60.388,60.417,60.388,60.407,210000000,1
1299486480000,1299486539000,60.407,60.417,60.398,60.407,107000000,1
1299486540000,1299486599000,60.407,60.41,60.407,60.407,113000000,1
1299486600000,1299486659000,60.407,60.427,60.407,60.418,131000000,1
1299486660000,1299486719000,60.418,60.429,60.418,60.429,76000000,1
1299486720000,1299486779000,60.428,60.429,60.408,60.417,98000000,1
1299486780000,1299486839000,60.417,60.418,60.388,60.408,169000000,1
1299486840000,1299486899000,60.406,60.408,60.397,60.406,109000000,1
1299486900000,1299486959000,60.407,60.408,60.377,60.378,153000000,1
1299486960000,1299487019000,60.385,60.392,60.378,60.386,64000000,1
1299487020000,1299487079000,60.382,60.388,60.357,60.357,98000000,1
1299487080000,1299487139000,60.357,60.368,60.347,60.356,119000000,1
1299487140000,1299487199000,60.347,60.358,60.337,60.358,115000000,1
1299487200000,1299487259000,60.356,60.357,60.356,60.357,16000000,1
1299487260000,1299487319000,60.357,60.376,60.357,60.366,115000000,1
1299487320000,1299487379000,60.367,60.367,60.337,60.337,73000000,1
1299487380000,1299487439000,60.337,60.348,60.337,60.348,119000000,1
1299487440000,1299487499000,60.348,60.358,60.347,60.356,56000000,1
1299487500000,1299487559000,60.356,60.356,60.336,60.346,114000000,1
1299487560000,1299487619000,60.338,60.357,60.338,60.338,118000000,1
1299487620000,1299487679000,60.341,60.357,60.336,60.357,60000000,1
1299487680000,1299487739000,60.357,60.378,60.348,60.376,56000000,1
1299487740000,1299487799000,60.376,60.407,60.376,60.389,109000000,1
1299487800000,1299487859000,60.394,60.42,60.379,60.417,188000000,1
1299487860000,1299487919000,60.412,60.423,60.397,60.417,92000000,1
1299487920000,1299487979000,60.41,60.438,60.41,60.428,167000000,1
1299487980000,1299488039000,60.427,60.448,60.427,60.437,132000000,1
1299488040000,1299488099000,60.438,60.448,60.437,60.448,68000000,1
1299488100000,1299488159000,60.448,60.448,60.437,60.447,63000000,1
1299488160000,1299488219000,60.447,60.457,60.437,60.447,40000000,1
1299488220000,1299488279000,60.447,60.477,60.447,60.477,57000000,1
1299488280000,1299488339000,60.468,60.479,60.457,60.476,56000000,1
1299488340000,1299488399000,60.476,60.507,60.476,60.498,58000000,1
1299488400000,1299488459000,60.5,60.508,60.497,60.497,69000000,1
1299488460000,1299488519000,60.497,60.497,60.487,60.497,39000000,1
1299488520000,1299488579000,60.497,60.508,60.487,60.487,126000000,1
1299488580000,1299488639000,60.487,60.487,60.468,60.471,97000000,1
1299488640000,1299488699000,60.47,60.478,60.458,60.458,59000000,1
1299488700000,1299488759000,60.458,60.467,60.446,60.457,58000000,1
1299488760000,1299488819000,60.456,60.457,60.437,60.437,25000000,1
1299488820000,1299488879000,60.437,60.447,60.436,60.437,109000000,1
1299488880000,1299488939000,60.438,60.47,60.428,60.467,147000000,1
1299488940000,1299488999000,60.466,60.511,60.46,60.509,240000000,1
1299489000000,1299489059000,60.509,60.518,60.499,60.5,73000000,1
1299489060000,1299489119000,60.503,60.527,60.5,60.507,80000000,1
1299489120000,1299489179000,60.507,60.507,60.477,60.488,33000000,1
1299489180000,1299489239000,60.488,60.491,60.488,60.49,39000000,1
1299489240000,1299489299000,60.488,60.498,60.483,60.488,37000000,1
1299489300000,1299489359000,60.49,60.511,60.49,60.508,99000000,1
1299489360000,1299489419000,60.512,60.533,60.512,60.533,76000000,1
1299489420000,1299489479000,60.532,60.546,60.532,60.546,50000000,1
1299489480000,1299489539000,60.541,60.557,60.541,60.557,21000000,1
1299489540000,1299489599000,60.556,60.572,60.547,60.567,99000000,1
1299489600000,1299489659000,60.567,60.588,60.556,60.588,88000000,1
1299489660000,1299489719000,60.586,60.588,60.557,60.567,84000000,1
1299489720000,1299489779000,60.576,60.578,60.567,60.569,37000000,1
1299489780000,1299489839000,60.577,60.597,60.577,60.596,17000000,1
1299489840000,1299489899000,60.596,60.596,60.577,60.587,169000000,1
1299489900000,1299489959000,60.587,60.588,60.567,60.567,170000000,1
1299489960000,1299490019000,60.56,60.56,60.537,60.538,53000000,1
1299490020000,1299490079000,60.538,60.538,60.528,60.53,85000000,1
1299490080000,1299490139000,60.53,60.571,60.528,60.571,109000000,1
1299490140000,1299490199000,60.571,60.578,60.568,60.568,39000000,1
1299490200000,1299490259000,60.567,60.587,60.567,60.587,77000000,1
1299490260000,1299490319000,60.582,60.589,60.578,60.578,163000000,1
1299490320000,1299490379000,60.578,60.578,60.577,60.578,49000000,1
1299490380000,1299490439000,60.578,60.581,60.577,60.577,15000000,1
1299490440000,1299490499000,60.577,60.598,60.577,60.587,205000000,1
1299490500000,1299490559000,60.587,60.608,60.587,60.597,136000000,1
1299490560000,1299490619000,60.597,60.627,60.597,60.627,59000000,1
1299490620000,1299490679000,60.627,60.627,60.619,60.627,31000000,1
1299490680000,1299490739000,60.62,60.638,60.62,60.638,43000000,1
1299490740000,1299490799000,60.638,60.638,60.622,60.629,23000000,1
1299490800000,1299490859000,60.629,60.631,60.626,60.628,52000000,1
1299490860000,1299490919000,60.628,60.637,60.611,60.626,75000000,1
1299490920000,1299490979000,60.62,60.628,60.618,60.627,56000000,1
1299490980000,1299491039000,60.627,60.627,60.627,60.627,12000000,1
1299491040000,1299491099000,60.627,60.65,60.621,60.628,155000000,1
1299491100000,1299491159000,60.628,60.628,60.62,60.627,85000000,1
1299491160000,1299491219000,60.627,60.627,60.607,60.607,129000000,1
1299491220000,1299491279000,60.607,60.608,60.588,60.596,95000000,1
1299491280000,1299491339000,60.592,60.618,60.587,60.617,106000000,1
1299491340000,1299491399000,60.617,60.628,60.589,60.617,135000000,1
1299491400000,1299491459000,60.618,60.628,60.581,60.587,143000000,1
1299491460000,1299491519000,60.587,60.587,60.557,60.568,143000000,1
1299491520000,1299491579000,60.568,60.588,60.568,60.578,122000000,1
1299491580000,1299491639000,60.578,60.606,60.577,60.596,255000000,1
1299491640000,1299491699000,60.587,60.608,60.587,60.608,165000000,1
1299491700000,1299491759000,60.608,60.617,60.607,60.607,42000000,1
1299491760000,1299491819000,60.607,60.607,60.597,60.607,42000000,1
1299491820000,1299491879000,60.607,60.608,60.607,60.608,50000000,1
1299491880000,1299491939000,60.608,60.608,60.601,60.608,39000000,1
1299491940000,1299491999000,60.608,60.61,60.598,60.608,41000000,1
1299492000000,1299492059000,60.611,60.611,60.598,60.599,58000000,1
1299492060000,1299492119000,60.599,60.607,60.587,60.587,137000000,1
1299492120000,1299492179000,60.587,60.607,60.578,60.597,85000000,1
1299492180000,1299492239000,60.588,60.59,60.578,60.589,51000000,1
1299492240000,1299492299000,60.588,60.588,60.577,60.586,18000000,1
1299492300000,1299492359000,60.586,60.593,60.585,60.593,67000000,1
1299492360000,1299492419000,60.597,60.597,60.576,60.577,28000000,1
1299492420000,1299492479000,60.568,60.588,60.568,60.587,27000000,1
1299492480000,1299492539000,60.588,60.588,60.577,60.577,21000000,1
1299492540000,1299492599000,60.577,60.577,60.577,60.577,109000000,1
1299492600000,1299492659000,60.577,60.581,60.573,60.578,59000000,1
1299492660000,1299492719000,60.578,60.581,60.568,60.581,31000000,1
1299492720000,1299492779000,60.583,60.583,60.581,60.581,8000000,1
1299492780000,1299492839000,60.58,60.581,60.58,60.581,6000000,1
1299492840000,1299492899000,60.578,60.59,60.57,60.582,43000000,1
1299492900000,1299492959000,60.582,60.582,60.576,60.576,90000000,1
1299492960000,1299493019000,60.576,60.581,60.573,60.576,26000000,1
1299493020000,1299493079000,60.572,60.577,60.568,60.577,22000000,1
1299493080000,1299493139000,60.577,60.578,60.577,60.577,17000000,1
1299493140000,1299493199000,60.577,60.58,60.572,60.575,67000000,1
1299493200000,1299493259000,60.572,60.592,60.568,60.587,76000000,1
1299493260000,1299493319000,60.588,60.601,60.577,60.577,101000000,1
1299493320000,1299493379000,60.577,60.588,60.567,60.577,75000000,1
1299493380000,1299493439000,60.577,60.578,60.576,60.578,18000000,1
1299493440000,1299493499000,60.578,60.588,60.578,60.588,7000000,1
1299493500000,1299493559000,60.588,60.59,60.586,60.59,16000000,1
1299493560000,1299493619000,60.597,60.597,60.587,60.587,33000000,1
1299493620000,1299493679000,60.587,60.609,60.587,60.598,82000000,1
1299493680000,1299493739000,60.598,60.609,60.598,60.607,77000000,1
1299493740000,1299493799000,60.607,60.609,60.606,60.609,29000000,1
1299493800000,1299493859000,60.611,60.613,60.587,60.588,67000000,1
1299493860000,1299493919000,60.589,60.593,60.587,60.59,44000000,1
1299493920000,1299493979000,60.588,60.588,60.578,60.579,46000000,1
1299493980000,1299494039000,60.578,60.598,60.578,60.588,64000000,1
1299494040000,1299494099000,60.589,60.597,60.578,60.597,44000000,1
1299494100000,1299494159000,60.596,60.607,60.596,60.607,38000000,1
1299494160000,1299494219000,60.607,60.607,60.597,60.597,33000000,1
1299494220000,1299494279000,60.597,60.606,60.597,60.602,25000000,1
1299494280000,1299494339000,60.601,60.601,60.59,60.591,63000000,1
1299494340000,1299494399000,60.59,60.598,60.59,60.59,30000000,1
1299494400000,1299494459000,60.594,60.609,60.594,60.608,71000000,1
1299494460000,1299494519000,60.608,60.61,60.6,60.6,91000000,1
1299494520000,1299494579000,60.6,60.6,60.597,60.598,59000000,1
1299494580000,1299494639000,60.598,60.598,60.598,60.598,52000000,1
1299494640000,1299494699000,60.598,60.598,60.597,60.597,58000000,1
1299494700000,1299494759000,60.597,60.597,60.587,60.587,70000000,1
1299494760000,1299494819000,60.587,60.587,60.547,60.547,134000000,1
1299494820000,1299494879000,60.547,60.566,60.526,60.526,170000000,1
1299494880000,1299494939000,60.526,60.538,60.526,60.538,84000000,1
1299494940000,1299494999000,60.538,60.548,60.537,60.537,91000000,1
1299495000000,1299495059000,60.539,60.57,60.537,60.562,88000000,1
1299495060000,1299495119000,60.558,60.558,60.544,60.547,35000000,1
1299495120000,1299495179000,60.547,60.548,60.546,60.546,15000000,1
1299495180000,1299495239000,60.547,60.56,60.547,60.56,35000000,1
1299495240000,1299495299000,60.563,60.578,60.561,60.578,27000000,1
1299495300000,1299495359000,60.588,60.599,60.581,60.599,28000000,1
1299495360000,1299495419000,60.598,60.607,60.598,60.598,28000000,1
1299495420000,1299495479000,60.596,60.597,60.596,60.597,12000000,1
1299495480000,1299495539000,60.597,60.607,60.597,60.606,10000000,1
1299495540000,1299495599000,60.606,60.612,60.606,60.612,30000000,1
1299495600000,1299495659000,60.61,60.618,60.601,60.603,65000000,1
1299495660000,1299495719000,60.608,60.609,60.6,60.6,40000000,1
1299495720000,1299495779000,60.6,60.601,60.598,60.599,13000000,1
1299495780000,1299495839000,60.598,60.598,60.573,60.578,73000000,1
1299495840000,1299495899000,60.581,60.588,60.577,60.577,51000000,1
1299495900000,1299495959000,60.577,60.597,60.577,60.597,21000000,1
1299495960000,1299496019000,60.597,60.597,60.586,60.586,81000000,1
1299496020000,1299496079000,60.586,60.588,60.586,60.587,85000000,1
1299496080000,1299496139000,60.587,60.597,60.586,60.587,90000000,1
1299496140000,1299496199000,60.588,60.589,60.58,60.586,27000000,1
1299496200000,1299496259000,60.586,60.588,60.579,60.587,49000000,1
1299496260000,1299496319000,60.587,60.587,60.586,60.587,40000000,1
1299496320000,1299496379000,60.578,60.588,60.577,60.588,78000000,1
1299496380000,1299496439000,60.587,60.61,60.587,60.61,117000000,1
1299496440000,1299496499000,60.608,60.608,60.601,60.606,17000000,1
1299496500000,1299496559000,60.608,60.609,60.598,60.598,33000000,1
1299496560000,1299496619000,60.598,60.598,60.598,60.598,14000000,1
1299496620000,1299496679000,60.596,60.597,60.596,60.597,18000000,1
1299496680000,1299496739000,60.597,60.597,60.596,60.597,23000000,1
1299496740000,1299496799000,60.597,60.598,60.586,60.593,33000000,1
1299496800000,1299496859000,60.597,60.598,60.568,60.568,113000000,1
1299496860000,1299496919000,60.568,60.57,60.542,60.544,66000000,1
1299496920000,1299496979000,60.539,60.555,60.539,60.546,82000000,1
1299496980000,1299497039000,60.54,60.548,60.507,60.517,230000000,1
1299497040000,1299497099000,60.516,60.537,60.511,60.517,163000000,1
1299497100000,1299497159000,60.517,60.521,60.508,60.517,116000000,1
1299497160000,1299497219000,60.518,60.519,60.517,60.518,66000000,1
1299497220000,1299497279000,60.518,60.548,60.507,60.539,231000000,1
1299497280000,1299497339000,60.538,60.538,60.517,60.517,176000000,1
1299497340000,1299497399000,60.517,60.527,60.517,60.527,76000000,1
1299497400000,1299497459000,60.527,60.528,60.517,60.519,140000000,1
1299497460000,1299497519000,60.527,60.528,60.518,60.527,77000000,1
1299497520000,1299497579000,60.527,60.527,60.517,60.517,29000000,1
1299497580000,1299497639000,60.517,60.528,60.517,60.528,50000000,1
1299497640000,1299497699000,60.528,60.532,60.52,60.529,93000000,1
1299497700000,1299497759000,60.537,60.59,60.535,60.586,232000000,1
1299497760000,1299497819000,60.586,60.599,60.586,60.599,70000000,1
1299497820000,1299497879000,60.601,60.608,60.598,60.608,18000000,1
1299497880000,1299497939000,60.608,60.638,60.606,60.62,111000000,1
1299497940000,1299497999000,60.621,60.678,60.621,60.667,158000000,1
1299498000000,1299498059000,60.667,60.667,60.656,60.657,86000000,1
1299498060000,1299498119000,60.657,60.658,60.647,60.647,73000000,1
1299498120000,1299498179000,60.648,60.657,60.646,60.647,35000000,1
1299498180000,1299498239000,60.647,60.651,60.647,60.651,129000000,1
1299498240000,1299498299000,60.649,60.658,60.647,60.648,111000000,1
1299498300000,1299498359000,60.648,60.648,60.636,60.636,20000000,1
1299498360000,1299498419000,60.637,60.638,60.627,60.629,28000000,1
1299498420000,1299498479000,60.629,60.629,60.598,60.612,62000000,1
1299498480000,1299498539000,60.618,60.618,60.603,60.607,78000000,1
1299498540000,1299498599000,60.608,60.618,60.607,60.617,30000000,1
1299498600000,1299498659000,60.616,60.617,60.599,60.599,23000000,1
1299498660000,1299498719000,60.608,60.608,60.588,60.588,32000000,1
1299498720000,1299498779000,60.588,60.599,60.584,60.587,69000000,1
1299498780000,1299498839000,60.587,60.599,60.568,60.577,175000000,1
1299498840000,1299498899000,60.577,60.587,60.568,60.578,48000000,1
1299498900000,1299498959000,60.578,60.578,60.57,60.578,33000000,1
1299498960000,1299499019000,60.578,60.578,60.577,60.578,246000000,1
1299499020000,1299499079000,60.578,60.589,60.576,60.587,112000000,1
1299499080000,1299499139000,60.587,60.607,60.587,60.588,149000000,1
1299499140000,1299499199000,60.588,60.59,60.587,60.587,100000000,1
1299499200000,1299499259000,60.587,60.598,60.587,60.588,41000000,1
1299499260000,1299499319000,60.589,60.598,60.586,60.586,55000000,1
1299499320000,1299499379000,60.587,60.608,60.587,60.59,106000000,1
1299499380000,1299499439000,60.59,60.618,60.59,60.607,96000000,1
1299499440000,1299499499000,60.607,60.608,60.6,60.6,40000000,1
1299499500000,1299499559000,60.601,60.618,60.601,60.618,69000000,1
1299499560000,1299499619000,60.618,60.618,60.607,60.609,33000000,1
1299499620000,1299499679000,60.611,60.611,60.599,60.608,73000000,1
1299499680000,1299499739000,60.614,60.618,60.608,60.608,15000000,1
1299499740000,1299499799000,60.601,60.608,60.597,60.598,257000000,1
1299499800000,1299499859000,60.598,60.608,60.598,60.607,34000000,1
1299499860000,1299499919000,60.598,60.598,60.598,60.598,8000000,1
1299499920000,1299499979000,60.598,60.608,60.597,60.608,37000000,1
1299499980000,1299500039000,60.611,60.628,60.611,60.626,40000000,1
1299500040000,1299500099000,60.627,60.627,60.618,60.618,9000000,1
1299500100000,1299500159000,60.618,60.643,60.617,60.638,74000000,1
1299500160000,1299500219000,60.637,60.646,60.637,60.639,24000000,1
1299500220000,1299500279000,60.638,60.638,60.637,60.638,57000000,1
1299500280000,1299500339000,60.638,60.658,60.617,60.628,169000000,1
1299500340000,1299500399000,60.627,60.632,60.626,60.628,130000000,1
1299500400000,1299500459000,60.627,60.628,60.607,60.627,79000000,1
1299500460000,1299500519000,60.628,60.647,60.609,60.637,71000000,1
1299500520000,1299500579000,60.637,60.638,60.626,60.638,58000000,1
1299500580000,1299500639000,60.638,60.638,60.627,60.628,32000000,1
1299500640000,1299500699000,60.628,60.628,60.626,60.627,12000000,1
1299500700000,1299500759000,60.627,60.627,60.606,60.607,55000000,1
1299500760000,1299500819000,60.607,60.608,60.597,60.606,40000000,1
1299500820000,1299500879000,60.606,60.609,60.606,60.607,35000000,1
1299500880000,1299500939000,60.607,60.609,60.607,60.607,30000000,1
1299500940000,1299500999000,60.608,60.608,60.598,60.607,30000000,1
1299501000000,1299501059000,60.608,60.608,60.588,60.588,79000000,1
1299501060000,1299501119000,60.59,60.597,60.589,60.589,29000000,1
1299501120000,1299501179000,60.588,60.588,60.588,60.588,3000000,1
1299501180000,1299501239000,60.597,60.602,60.597,60.602,6000000,1
1299501240000,1299501299000,60.606,60.627,60.606,60.627,81000000,1
1299501300000,1299501359000,60.627,60.628,60.616,60.616,34000000,1
1299501360000,1299501419000,60.617,60.618,60.616,60.617,23000000,1
1299501420000,1299501479000,60.617,60.618,60.608,60.608,78000000,1
1299501480000,1299501539000,60.608,60.618,60.607,60.608,65000000,1
1299501540000,1299501599000,60.608,60.608,60.597,60.606,23000000,1
1299501600000,1299501659000,60.606,60.606,60.587,60.588,60000000,1
1299501660000,1299501719000,60.588,60.607,60.586,60.598,48000000,1
1299501720000,1299501779000,60.602,60.608,60.597,60.608,33000000,1
1299501780000,1299501839000,60.608,60.608,60.598,60.607,72000000,1
1299501840000,1299501899000,60.607,60.608,60.598,60.608,31000000,1
1299501900000,1299501959000,60.608,60.608,60.596,60.596,36000000,1
1299501960000,1299502019000,60.589,60.592,60.587,60.592,17000000,1
1299502020000,1299502079000,60.596,60.596,60.568,60.578,52000000,1
1299502080000,1299502139000,60.578,60.578,60.578,60.578,4000000,1
1299502140000,1299502199000,60.57,60.57,60.567,60.568,24000000,1
1299502200000,1299502259000,60.567,60.567,60.567,60.567,21000000,1
1299502260000,1299502319000,60.567,60.568,60.559,60.559,19000000,1
1299502320000,1299502379000,60.567,60.569,60.548,60.569,56000000,1
1299502380000,1299502439000,60.568,60.578,60.568,60.578,59000000,1
1299502440000,1299502499000,60.578,60.578,60.557,60.559,59000000,1
1299502500000,1299502559000,60.557,60.558,60.547,60.558,47000000,1
1299502560000,1299502619000,60.558,60.558,60.547,60.547,44000000,1
1299502620000,1299502679000,60.546,60.548,60.537,60.548,71000000,1
1299502680000,1299502739000,60.548,60.558,60.547,60.547,62000000,1
1299502740000,1299502799000,60.548,60.558,60.547,60.557,52000000,1
1299502800000,1299502859000,60.557,60.588,60.557,60.588,165000000,1
1299502860000,1299502919000,60.588,60.597,60.577,60.587,174000000,1
1299502920000,1299502979000,60.587,60.596,60.578,60.578,97000000,1
1299502980000,1299503039000,60.578,60.601,60.576,60.597,71000000,1
1299503040000,1299503099000,60.588,60.598,60.577,60.588,76000000,1
1299503100000,1299503159000,60.588,60.588,60.576,60.578,50000000,1
1299503160000,1299503219000,60.578,60.579,60.567,60.568,80000000,1
1299503220000,1299503279000,60.568,60.568,60.548,60.558,87000000,1
1299503280000,1299503339000,60.558,60.568,60.558,60.567,57000000,1
1299503340000,1299503399000,60.567,60.586,60.567,60.578,75000000,1
1299503400000,1299503459000,60.578,60.589,60.578,60.588,28000000,1
1299503460000,1299503519000,60.591,60.623,60.586,60.623,65000000,1
1299503520000,1299503579000,60.617,60.637,60.608,60.637,52000000,1
1299503580000,1299503639000,60.637,60.648,60.627,60.641,45000000,1
1299503640000,1299503699000,60.647,60.648,60.627,60.627,110000000,1
1299503700000,1299503759000,60.628,60.649,60.628,60.647,79000000,1
1299503760000,1299503819000,60.652,60.658,60.641,60.648,60000000,1
1299503820000,1299503879000,60.65,60.658,60.648,60.653,39000000,1
1299503880000,1299503939000,60.648,60.653,60.647,60.648,17000000,1
1299503940000,1299503999000,60.648,60.658,60.648,60.658,31000000,1
1299504000000,1299504059000,60.66,60.67,60.655,60.658,96000000,1
1299504060000,1299504119000,60.658,60.677,60.658,60.671,65000000,1
1299504120000,1299504179000,60.671,60.673,60.664,60.673,83000000,1
1299504180000,1299504239000,60.673,60.678,60.658,60.659,128000000,1
1299504240000,1299504299000,60.658,60.66,60.651,60.657,80000000,1
1299504300000,1299504359000,60.658,60.668,60.65,60.667,147000000,1
1299504360000,1299504419000,60.667,60.669,60.658,60.667,103000000,1
1299504420000,1299504479000,60.667,60.67,60.651,60.67,48000000,1
1299504480000,1299504539000,60.678,60.686,60.66,60.677,123000000,1
1299504540000,1299504599000,60.672,60.672,60.647,60.647,107000000,1
1299504600000,1299504659000,60.647,60.647,60.628,60.628,157000000,1
1299504660000,1299504719000,60.628,60.638,60.617,60.617,103000000,1
1299504720000,1299504779000,60.617,60.634,60.612,60.634,112000000,1
1299504780000,1299504839000,60.637,60.637,60.618,60.618,47000000,1
1299504840000,1299504899000,60.618,60.618,60.616,60.618,13000000,1
1299504900000,1299504959000,60.618,60.627,60.606,60.613,101000000,1
1299504960000,1299505019000,60.611,60.626,60.607,60.618,73000000,1
1299505020000,1299505079000,60.616,60.62,60.602,60.608,76000000,1
1299505080000,1299505139000,60.603,60.627,60.599,60.627,72000000,1
1299505140000,1299505199000,60.619,60.637,60.617,60.637,57000000,1
1299505200000,1299505259000,60.637,60.638,60.628,60.637,66000000,1
1299505260000,1299505319000,60.637,60.637,60.617,60.617,51000000,1
1299505320000,1299505379000,60.61,60.628,60.61,60.628,36000000,1
1299505380000,1299505439000,60.628,60.628,60.602,60.606,119000000,1
1299505440000,1299505499000,60.606,60.606,60.578,60.588,73000000,1
1299505500000,1299505559000,60.587,60.597,60.587,60.597,69000000,1
1299505560000,1299505619000,60.597,60.597,60.576,60.586,54000000,1
1299505620000,1299505679000,60.586,60.589,60.578,60.579,33000000,1
1299505680000,1299505739000,60.579,60.6,60.579,60.587,73000000,1
1299505740000,1299505799000,60.587,60.607,60.586,60.587,76000000,1
1299505800000,1299505859000,60.587,60.597,60.586,60.596,75000000,1
1299505860000,1299505919000,60.597,60.607,60.586,60.607,58000000,1
1299505920000,1299505979000,60.607,60.617,60.607,60.617,61000000,1
1299505980000,1299506039000,60.617,60.617,60.586,60.597,46000000,1
1299506040000,1299506099000,60.597,60.597,60.571,60.587,62000000,1
1299506100000,1299506159000,60.578,60.587,60.576,60.587,45000000,1
1299506160000,1299506219000,60.587,60.596,60.586,60.586,34000000,1
1299506220000,1299506279000,60.577,60.606,60.577,60.597,75000000,1
1299506280000,1299506339000,60.597,60.607,60.587,60.597,98000000,1
1299506340000,1299506399000,60.597,60.597,60.567,60.577,82000000,1
1299506400000,1299506459000,60.577,60.578,60.568,60.578,72000000,1
1299506460000,1299506519000,60.578,60.587,60.572,60.581,81000000,1
1299506520000,1299506579000,60.586,60.587,60.586,60.587,22000000,1
1299506580000,1299506639000,60.578,60.587,60.576,60.587,47000000,1
1299506640000,1299506699000,60.587,60.606,60.579,60.606,130000000,1
1299506700000,1299506759000,60.606,60.617,60.606,60.606,27000000,1
1299506760000,1299506819000,60.606,60.617,60.586,60.616,95000000,1
1299506820000,1299506879000,60.606,60.616,60.596,60.606,49000000,1
1299506880000,1299506939000,60.596,60.607,60.586,60.586,77000000,1
1299506940000,1299506999000,60.586,60.588,60.579,60.588,31000000,1
1299507000000,1299507059000,60.588,60.598,60.588,60.598,56000000,1
1299507060000,1299507119000,60.597,60.608,60.596,60.597,169000000,1
1299507120000,1299507179000,60.598,60.607,60.589,60.589,35000000,1
1299507180000,1299507239000,60.597,60.617,60.596,60.617,70000000,1
1299507240000,1299507299000,60.607,60.607,60.596,60.598,73000000,1
1299507300000,1299507359000,60.598,60.618,60.597,60.618,113000000,1
1299507360000,1299507419000,60.608,60.617,60.607,60.607,16000000,1
1299507420000,1299507479000,60.607,60.618,60.597,60.608,85000000,1
1299507480000,1299507539000,60.618,60.618,60.597,60.606,73000000,1
1299507540000,1299507599000,60.608,60.618,60.587,60.597,152000000,1
1299507600000,1299507659000,60.597,60.608,60.597,60.608,49000000,1
1299507660000,1299507719000,60.608,60.618,60.597,60.606,73000000,1
1299507720000,1299507779000,60.606,60.617,60.596,60.606,62000000,1
1299507780000,1299507839000,60.599,60.607,60.597,60.598,84000000,1
1299507840000,1299507899000,60.606,60.606,60.596,60.597,70000000,1
1299507900000,1299507959000,60.597,60.608,60.596,60.607,35000000,1
1299507960000,1299508019000,60.607,60.608,60.577,60.597,77000000,1
1299508020000,1299508079000,60.597,60.608,60.587,60.597,78000000,1
1299508080000,1299508139000,60.598,60.607,60.577,60.587,90000000,1
1299508140000,1299508199000,60.596,60.598,60.567,60.567,139000000,1
1299508200000,1299508259000,60.567,60.608,60.567,60.598,151000000,1
1299508260000,1299508319000,60.598,60.617,60.598,60.606,36000000,1
1299508320000,1299508379000,60.606,60.607,60.588,60.607,59000000,1
1299508380000,1299508439000,60.607,60.617,60.598,60.616,79000000,1
1299508440000,1299508499000,60.616,60.618,60.616,60.617,12000000,1
1299508500000,1299508559000,60.617,60.617,60.588,60.597,104000000,1
1299508560000,1299508619000,60.588,60.608,60.587,60.608,84000000,1
1299508620000,1299508679000,60.608,60.647,60.608,60.637,95000000,1
1299508680000,1299508739000,60.637,60.648,60.626,60.638,137000000,1
1299508740000,1299508799000,60.636,60.638,60.627,60.638,113000000,1
1299508800000,1299508859000,60.638,60.657,60.627,60.656,162000000,1
1299508860000,1299508919000,60.658,60.658,60.647,60.657,80000000,1
1299508920000,1299508979000,60.656,60.658,60.647,60.656,95000000,1
1299508980000,1299509039000,60.656,60.668,60.656,60.668,119000000,1
1299509040000,1299509099000,60.677,60.677,60.657,60.658,75000000,1
1299509100000,1299509159000,60.657,60.658,60.648,60.648,57000000,1
1299509160000,1299509219000,60.648,60.658,60.646,60.648,120000000,1
1299509220000,1299509279000,60.648,60.648,60.617,60.619,115000000,1
1299509280000,1299509339000,60.627,60.638,60.626,60.637,123000000,1
1299509340000,1299509399000,60.637,60.637,60.617,60.617,84000000,1
1299509400000,1299509459000,60.617,60.658,60.617,60.647,177000000,1
1299509460000,1299509519000,60.646,60.648,60.627,60.628,161000000,1
1299509520000,1299509579000,60.627,60.638,60.607,60.608,187000000,1
1299509580000,1299509639000,60.608,60.608,60.577,60.598,120000000,1
1299509640000,1299509699000,60.596,60.598,60.548,60.557,77000000,1
1299509700000,1299509759000,60.557,60.568,60.557,60.567,50000000,1
1299509760000,1299509819000,60.567,60.607,60.567,60.607,89000000,1
1299509820000,1299509879000,60.608,60.608,60.588,60.588,36000000,1
1299509880000,1299509939000,60.588,60.588,60.577,60.577,53000000,1
1299509940000,1299509999000,60.577,60.588,60.567,60.567,114000000,1
1299510000000,1299510059000,60.578,60.578,60.547,60.567,116000000,1
1299510060000,1299510119000,60.567,60.608,60.567,60.597,85000000,1
1299510120000,1299510179000,60.607,60.608,60.586,60.587,80000000,1
1299510180000,1299510239000,60.586,60.597,60.557,60.558,147000000,1
1299510240000,1299510299000,60.558,60.567,60.537,60.556,119000000,1
1299510300000,1299510359000,60.556,60.567,60.54,60.567,109000000,1
1299510360000,1299510419000,60.552,60.552,60.517,60.517,145000000,1
1299510420000,1299510479000,60.517,60.528,60.506,60.513,114000000,1
1299510480000,1299510539000,60.517,60.518,60.506,60.517,98000000,1
1299510540000,1299510599000,60.507,60.518,60.507,60.507,105000000,1
1299510600000,1299510659000,60.507,60.528,60.507,60.526,61000000,1
1299510660000,1299510719000,60.528,60.538,60.527,60.537,77000000,1
1299510720000,1299510779000,60.537,60.537,60.506,60.507,78000000,1
1299510780000,1299510839000,60.507,60.507,60.497,60.497,61000000,1
1299510840000,1299510899000,60.497,60.508,60.487,60.508,69000000,1
1299510900000,1299510959000,60.508,60.508,60.487,60.498,98000000,1
1299510960000,1299511019000,60.497,60.506,60.488,60.506,14000000,1
1299511020000,1299511079000,60.507,60.528,60.498,60.528,97000000,1
1299511080000,1299511139000,60.528,60.528,60.497,60.507,100000000,1
1299511140000,1299511199000,60.499,60.518,60.497,60.508,68000000,1
1299511200000,1299511259000,60.508,60.508,60.478,60.497,144000000,1
1299511260000,1299511319000,60.497,60.518,60.487,60.508,117000000,1
1299511320000,1299511379000,60.509,60.528,60.508,60.526,89000000,1
1299511380000,1299511439000,60.527,60.528,60.517,60.528,76000000,1
1299511440000,1299511499000,60.528,60.538,60.527,60.537,89000000,1
1299511500000,1299511559000,60.537,60.557,60.537,60.557,100000000,1
1299511560000,1299511619000,60.557,60.557,60.547,60.547,71000000,1
1299511620000,1299511679000,60.547,60.576,60.547,60.568,66000000,1
1299511680000,1299511739000,60.568,60.578,60.567,60.567,158000000,1
1299511740000,1299511799000,60.568,60.586,60.558,60.558,123000000,1
1299511800000,1299511859000,60.557,60.567,60.537,60.546,79000000,1
1299511860000,1299511919000,60.546,60.547,60.529,60.537,72000000,1
1299511920000,1299511979000,60.537,60.537,60.509,60.517,116000000,1
1299511980000,1299512039000,60.517,60.545,60.508,60.537,114000000,1
1299512040000,1299512099000,60.537,60.537,60.507,60.508,92000000,1
1299512100000,1299512159000,60.509,60.531,60.509,60.527,166000000,1
1299512160000,1299512219000,60.52,60.528,60.516,60.526,69000000,1
1299512220000,1299512279000,60.53,60.532,60.507,60.517,125000000,1
1299512280000,1299512339000,60.517,60.518,60.477,60.477,111000000,1
1299512340000,1299512399000,60.485,60.498,60.467,60.467,120000000,1
1299512400000,1299512459000,60.469,60.477,60.442,60.447,198000000,1
1299512460000,1299512519000,60.446,60.446,60.416,60.416,224000000,1
1299512520000,1299512579000,60.416,60.418,60.407,60.411,153000000,1
1299512580000,1299512639000,60.417,60.417,60.376,60.377,157000000,1
1299512640000,1299512699000,60.378,60.398,60.373,60.382,128000000,1
1299512700000,1299512759000,60.382,60.382,60.361,60.367,106000000,1
1299512760000,1299512819000,60.367,60.397,60.362,60.388,126000000,1
1299512820000,1299512879000,60.387,60.428,60.386,60.426,67000000,1
1299512880000,1299512939000,60.426,60.427,60.416,60.418,79000000,1
1299512940000,1299512999000,60.418,60.428,60.416,60.417,100000000,1
1299513000000,1299513059000,60.417,60.459,60.417,60.459,141000000,1
1299513060000,1299513119000,60.458,60.459,60.448,60.456,65000000,1
1299513120000,1299513179000,60.456,60.469,60.437,60.447,158000000,1
1299513180000,1299513239000,60.447,60.457,60.433,60.433,63000000,1
1299513240000,1299513299000,60.435,60.448,60.419,60.442,121000000,1
1299513300000,1299513359000,60.438,60.468,60.43,60.468,94000000,1
1299513360000,1299513419000,60.472,60.493,60.46,60.492,137000000,1
1299513420000,1299513479000,60.492,60.507,60.475,60.477,122000000,1
1299513480000,1299513539000,60.476,60.476,60.428,60.457,141000000,1
1299513540000,1299513599000,60.457,60.496,60.398,60.458,291000000,1
1299513600000,1299513659000,60.458,60.462,60.42,60.447,250000000,1
1299513660000,1299513719000,60.448,60.448,60.408,60.418,115000000,1
1299513720000,1299513779000,60.411,60.419,60.397,60.407,227000000,1
1299513780000,1299513839000,60.407,60.427,60.407,60.407,131000000,1
1299513840000,1299513899000,60.407,60.418,60.377,60.396,193000000,1
1299513900000,1299513959000,60.396,60.408,60.378,60.386,160000000,1
1299513960000,1299514019000,60.386,60.407,60.386,60.397,149000000,1
1299514020000,1299514079000,60.397,60.398,60.387,60.398,64000000,1
1299514080000,1299514139000,60.397,60.398,60.387,60.389,84000000,1
1299514140000,1299514199000,60.398,60.408,60.39,60.408,126000000,1
1299514200000,1299514259000,60.408,60.427,60.407,60.416,131000000,1
1299514260000,1299514319000,60.416,60.428,60.407,60.427,65000000,1
1299514320000,1299514379000,60.427,60.437,60.426,60.428,66000000,1
1299514380000,1299514439000,60.428,60.428,60.387,60.396,94000000,1
1299514440000,1299514499000,60.396,60.407,60.386,60.407,61000000,1
1299514500000,1299514559000,60.407,60.417,60.397,60.406,103000000,1
1299514560000,1299514619000,60.398,60.408,60.387,60.407,127000000,1
1299514620000,1299514679000,60.407,60.428,60.401,60.428,136000000,1
1299514680000,1299514739000,60.428,60.458,60.427,60.456,120000000,1
1299514740000,1299514799000,60.458,60.461,60.447,60.447,146000000,1
1299514800000,1299514859000,60.448,60.457,60.428,60.437,122000000,1
1299514860000,1299514919000,60.437,60.437,60.411,60.415,132000000,1
1299514920000,1299514979000,60.427,60.428,60.415,60.426,76000000,1
1299514980000,1299515039000,60.427,60.427,60.407,60.417,122000000,1
1299515040000,1299515099000,60.407,60.417,60.387,60.397,110000000,1
1299515100000,1299515159000,60.396,60.416,60.396,60.407,57000000,1
1299515160000,1299515219000,60.407,60.418,60.4,60.418,80000000,1
1299515220000,1299515279000,60.418,60.442,60.417,60.432,114000000,1
1299515280000,1299515339000,60.428,60.428,60.396,60.396,66000000,1
1299515340000,1299515399000,60.397,60.416,60.397,60.416,71000000,1
1299515400000,1299515459000,60.416,60.427,60.416,60.419,72000000,1
1299515460000,1299515519000,60.419,60.419,60.401,60.407,78000000,1
1299515520000,1299515579000,60.407,60.42,60.406,60.406,91000000,1
1299515580000,1299515639000,60.406,60.407,60.387,60.387,76000000,1
1299515640000,1299515699000,60.386,60.398,60.378,60.387,100000000,1
1299515700000,1299515759000,60.387,60.407,60.384,60.4,174000000,1
1299515760000,1299515819000,60.4,60.407,60.369,60.386,103000000,1
1299515820000,1299515879000,60.377,60.397,60.368,60.396,127000000,1
1299515880000,1299515939000,60.396,60.427,60.386,60.419,196000000,1
1299515940000,1299515999000,60.419,60.428,60.416,60.428,82000000,1
1299516000000,1299516059000,60.427,60.437,60.417,60.43,101000000,1
1299516060000,1299516119000,60.437,60.448,60.427,60.437,91000000,1
1299516120000,1299516179000,60.427,60.427,60.412,60.416,50000000,1
1299516180000,1299516239000,60.416,60.428,60.416,60.427,53000000,1
1299516240000,1299516299000,60.427,60.431,60.406,60.406,107000000,1
1299516300000,1299516359000,60.406,60.41,60.396,60.396,74000000,1
1299516360000,1299516419000,60.397,60.406,60.377,60.387,96000000,1
1299516420000,1299516479000,60.387,60.387,60.357,60.358,106000000,1
1299516480000,1299516539000,60.366,60.371,60.348,60.357,122000000,1
1299516540000,1299516599000,60.357,60.367,60.346,60.359,158000000,1
1299516600000,1299516659000,60.359,60.387,60.359,60.378,90000000,1
1299516660000,1299516719000,60.378,60.378,60.357,60.368,125000000,1
1299516720000,1299516779000,60.368,60.377,60.357,60.369,137000000,1
1299516780000,1299516839000,60.376,60.427,60.368,60.427,235000000,1
1299516840000,1299516899000,60.427,60.427,60.407,60.407,133000000,1
1299516900000,1299516959000,60.407,60.433,60.398,60.41,123000000,1
1299516960000,1299517019000,60.41,60.423,60.41,60.417,49000000,1
1299517020000,1299517079000,60.408,60.408,60.378,60.398,146000000,1
1299517080000,1299517139000,60.398,60.439,60.398,60.429,168000000,1
1299517140000,1299517199000,60.428,60.452,60.427,60.448,97000000,1
1299517200000,1299517259000,60.448,60.458,60.437,60.456,93000000,1
1299517260000,1299517319000,60.457,60.499,60.449,60.496,160000000,1
1299517320000,1299517379000,60.496,60.496,60.459,60.477,101000000,1
1299517380000,1299517439000,60.467,60.477,60.448,60.46,171000000,1
1299517440000,1299517499000,60.457,60.467,60.449,60.457,72000000,1
1299517500000,1299517559000,60.459,60.468,60.427,60.427,82000000,1
1299517560000,1299517619000,60.437,60.49,60.432,60.486,134000000,1
1299517620000,1299517679000,60.477,60.488,60.477,60.488,64000000,1
1299517680000,1299517739000,60.488,60.509,60.486,60.509,69000000,1
1299517740000,1299517799000,60.507,60.548,60.498,60.546,123000000,1
1299517800000,1299517859000,60.538,60.548,60.527,60.547,83000000,1
1299517860000,1299517919000,60.538,60.547,60.526,60.547,108000000,1
1299517920000,1299517979000,60.538,60.547,60.518,60.526,113000000,1
1299517980000,1299518039000,60.526,60.537,60.508,60.516,81000000,1
1299518040000,1299518099000,60.512,60.546,60.508,60.541,150000000,1
1299518100000,1299518159000,60.538,60.547,60.527,60.527,81000000,1
1299518160000,1299518219000,60.527,60.527,60.507,60.508,84000000,1
1299518220000,1299518279000,60.508,60.508,60.507,60.508,57000000,1
1299518280000,1299518339000,60.508,60.516,60.506,60.508,70000000,1
1299518340000,1299518399000,60.508,60.517,60.507,60.517,97000000,1
1299518400000,1299518459000,60.517,60.517,60.496,60.498,122000000,1
1299518460000,1299518519000,60.499,60.508,60.498,60.506,79000000,1
1299518520000,1299518579000,60.506,60.507,60.487,60.496,158000000,1
1299518580000,1299518639000,60.496,60.496,60.486,60.488,64000000,1
1299518640000,1299518699000,60.488,60.496,60.477,60.48,63000000,1
1299518700000,1299518759000,60.478,60.498,60.478,60.497,63000000,1
1299518760000,1299518819000,60.488,60.497,60.487,60.489,84000000,1
1299518820000,1299518879000,60.489,60.507,60.478,60.487,103000000,1
1299518880000,1299518939000,60.487,60.488,60.477,60.487,110000000,1
1299518940000,1299518999000,60.487,60.488,60.478,60.487,58000000,1
1299519000000,1299519059000,60.487,60.488,60.477,60.482,106000000,1
1299519060000,1299519119000,60.479,60.488,60.479,60.488,40000000,1
1299519120000,1299519179000,60.482,60.503,60.48,60.5,94000000,1
1299519180000,1299519239000,60.499,60.507,60.498,60.498,46000000,1
1299519240000,1299519299000,60.498,60.508,60.496,60.507,98000000,1
1299519300000,1299519359000,60.507,60.508,60.497,60.507,80000000,1
1299519360000,1299519419000,60.511,60.538,60.507,60.528,138000000,1
1299519420000,1299519479000,60.537,60.537,60.516,60.518,66000000,1
1299519480000,1299519539000,60.518,60.518,60.517,60.517,46000000,1
1299519540000,1299519599000,60.517,60.518,60.508,60.518,51000000,1
1299519600000,1299519659000,60.517,60.527,60.517,60.518,74000000,1
1299519660000,1299519719000,60.518,60.518,60.511,60.518,96000000,1
1299519720000,1299519779000,60.518,60.538,60.517,60.528,66000000,1
1299519780000,1299519839000,60.528,60.528,60.527,60.528,67000000,1
1299519840000,1299519899000,60.528,60.528,60.526,60.527,61000000,1
1299519900000,1299519959000,60.518,60.518,60.506,60.508,109000000,1
1299519960000,1299520019000,60.507,60.508,60.498,60.508,59000000,1
1299520020000,1299520079000,60.508,60.508,60.499,60.499,12000000,1
1299520080000,1299520139000,60.499,60.518,60.498,60.518,46000000,1
1299520140000,1299520199000,60.518,60.527,60.497,60.497,129000000,1
1299520200000,1299520259000,60.497,60.507,60.487,60.487,52000000,1
1299520260000,1299520319000,60.487,60.497,60.487,60.496,39000000,1
1299520320000,1299520379000,60.488,60.489,60.488,60.489,22000000,1
1299520380000,1299520439000,60.489,60.489,60.457,60.47,87000000,1
1299520440000,1299520499000,60.47,60.478,60.47,60.478,6000000,1
1299520500000,1299520559000,60.478,60.478,60.466,60.47,57000000,1
1299520560000,1299520619000,60.469,60.478,60.468,60.478,33000000,1
1299520620000,1299520679000,60.478,60.498,60.478,60.497,65000000,1
1299520680000,1299520739000,60.497,60.507,60.49,60.49,64000000,1
1299520740000,1299520799000,60.487,60.488,60.467,60.471,101000000,1
1299520800000,1299520859000,60.471,60.497,60.471,60.487,60000000,1
1299520860000,1299520919000,60.487,60.488,60.457,60.457,57000000,1
1299520920000,1299520979000,60.457,60.477,60.457,60.477,57000000,1
1299520980000,1299521039000,60.477,60.488,60.467,60.467,50000000,1
1299521040000,1299521099000,60.467,60.467,60.446,60.446,26000000,1
1299521100000,1299521159000,60.447,60.457,60.447,60.456,30000000,1
1299521160000,1299521219000,60.457,60.457,60.446,60.447,55000000,1
1299521220000,1299521279000,60.447,60.448,60.446,60.446,21000000,1
1299521280000,1299521339000,60.446,60.457,60.446,60.457,16000000,1
1299521340000,1299521399000,60.457,60.468,60.447,60.448,146000000,1
1299521400000,1299521459000,60.449,60.457,60.429,60.447,57000000,1
1299521460000,1299521519000,60.446,60.457,60.446,60.457,12000000,1
1299521520000,1299521579000,60.457,60.467,60.457,60.458,47000000,1
1299521580000,1299521639000,60.457,60.457,60.446,60.447,20000000,1
1299521640000,1299521699000,60.446,60.467,60.446,60.467,29000000,1
1299521700000,1299521759000,60.467,60.509,60.467,60.506,47000000,1
1299521760000,1299521819000,60.507,60.518,60.507,60.516,50000000,1
1299521820000,1299521879000,60.517,60.547,60.517,60.537,65000000,1
1299521880000,1299521939000,60.537,60.547,60.527,60.538,60000000,1
1299521940000,1299521999000,60.539,60.547,60.536,60.546,63000000,1
1299522000000,1299522059000,60.546,60.546,60.529,60.536,70000000,1
1299522060000,1299522119000,60.536,60.547,60.536,60.537,38000000,1
1299522120000,1299522179000,60.537,60.537,60.536,60.537,13000000,1
1299522180000,1299522239000,60.536,60.536,60.536,60.536,2000000,1
1299522240000,1299522299000,60.536,60.538,60.516,60.538,60000000,1
1299522300000,1299522359000,60.537,60.538,60.506,60.517,51000000,1
1299522360000,1299522419000,60.509,60.537,60.509,60.527,34000000,1
1299522420000,1299522479000,60.528,60.537,60.526,60.527,49000000,1
1299522480000,1299522539000,60.526,60.526,60.517,60.517,13000000,1
1299522540000,1299522599000,60.516,60.526,60.506,60.506,79000000,1
1299522600000,1299522659000,60.507,60.508,60.497,60.497,51000000,1
1299522660000,1299522719000,60.498,60.498,60.496,60.496,18000000,1
1299522720000,1299522779000,60.496,60.497,60.489,60.496,16000000,1
1299522780000,1299522839000,60.497,60.517,60.497,60.517,30000000,1
1299522840000,1299522899000,60.516,60.517,60.516,60.517,11000000,1
1299522900000,1299522959000,60.517,60.527,60.517,60.527,29000000,1
1299522960000,1299523019000,60.526,60.528,60.526,60.528,6000000,1
1299523020000,1299523079000,60.526,60.528,60.526,60.528,22000000,1
1299523080000,1299523139000,60.527,60.527,60.527,60.527,2000000,1
1299523140000,1299523199000,60.527,60.548,60.527,60.538,39000000,1
1299523200000,1299523259000,60.535,60.547,60.535,60.547,19000000,1
1299523260000,1299523319000,60.546,60.546,60.532,60.533,37000000,1
1299523320000,1299523379000,60.532,60.539,60.525,60.525,89000000,1
1299523380000,1299523439000,60.526,60.531,60.525,60.531,40000000,1
1299523440000,1299523499000,60.53,60.536,60.529,60.529,44000000,1
1299523500000,1299523559000,60.53,60.53,60.523,60.527,46000000,1
1299523560000,1299523619000,60.528,60.529,60.511,60.524,69000000,1
1299523620000,1299523679000,60.522,60.529,60.522,60.528,156000000,1
1299523680000,1299523739000,60.527,60.528,60.514,60.518,39000000,1
1299523740000,1299523799000,60.519,60.527,60.516,60.527,118000000,1
1299523800000,1299523859000,60.525,60.552,60.525,60.549,52000000,1
1299523860000,1299523919000,60.549,60.55,60.542,60.545,76000000,1
1299523920000,1299523979000,60.544,60.544,60.528,60.528,116000000,1
1299523980000,1299524039000,60.528,60.553,60.528,60.545,103000000,1
1299524040000,1299524099000,60.544,60.557,60.539,60.555,150000000,1
1299524100000,1299524159000,60.557,60.571,60.55,60.559,103000000,1
1299524160000,1299524219000,60.559,60.567,60.548,60.567,71000000,1
1299524220000,1299524279000,60.567,60.572,60.567,60.571,22000000,1
1299524280000,1299524339000,60.572,60.572,60.561,60.565,25000000,1
1299524340000,1299524399000,60.566,60.566,60.542,60.548,52000000,1
1299524400000,1299524459000,60.549,60.572,60.547,60.571,72000000,1
1299524460000,1299524519000,60.572,60.574,60.569,60.572,36000000,1
1299524520000,1299524579000,60.573,60.578,60.573,60.577,36000000,1
1299524580000,1299524639000,60.577,60.588,60.575,60.585,109000000,1
1299524640000,1299524699000,60.586,60.586,60.571,60.583,49000000,1
1299524700000,1299524759000,60.585,60.596,60.582,60.591,66000000,1
1299524760000,1299524819000,60.592,60.608,60.59,60.602,89000000,1
1299524820000,1299524879000,60.602,60.602,60.595,60.595,41000000,1
1299524880000,1299524939000,60.597,60.597,60.586,60.586,23000000,1
1299524940000,1299524999000,60.587,60.588,60.581,60.587,23000000,1
1299525000000,1299525059000,60.586,60.587,60.581,60.586,20000000,1
1299525060000,1299525119000,60.587,60.587,60.546,60.547,51000000,1
1299525120000,1299525179000,60.536,60.539,60.526,60.536,57000000,1
1299525180000,1299525239000,60.537,60.537,60.536,60.536,13000000,1
1299525240000,1299525299000,60.536,60.537,60.526,60.527,58000000,1
1299525300000,1299525359000,60.526,60.528,60.524,60.527,33000000,1
1299525360000,1299525419000,60.528,60.528,60.526,60.526,33000000,1
1299525420000,1299525479000,60.527,60.537,60.527,60.537,59000000,1
1299525480000,1299525539000,60.537,60.566,60.536,60.557,70000000,1
1299525540000,1299525599000,60.558,60.602,60.558,60.598,46000000,1
1299525600000,1299525659000,60.6,60.607,60.596,60.596,31000000,1
1299525660000,1299525719000,60.597,60.618,60.596,60.618,26000000,1
1299525720000,1299525779000,60.62,60.637,60.616,60.616,57000000,1
1299525780000,1299525839000,60.616,60.618,60.606,60.616,29000000,1
1299525840000,1299525899000,60.616,60.616,60.576,60.577,53000000,1
1299525900000,1299525959000,60.577,60.596,60.567,60.576,114000000,1
1299525960000,1299526019000,60.576,60.577,60.576,60.576,23000000,1
1299526020000,1299526079000,60.576,60.578,60.552,60.578,89000000,1
1299526080000,1299526139000,60.578,60.588,60.576,60.577,61000000,1
1299526140000,1299526199000,60.578,60.578,60.567,60.577,42000000,1
1299526200000,1299526259000,60.577,60.597,60.567,60.587,70000000,1
1299526260000,1299526319000,60.587,60.598,60.572,60.596,57000000,1
1299526320000,1299526379000,60.596,60.597,60.596,60.597,25000000,1
1299526380000,1299526439000,60.597,60.597,60.576,60.587,34000000,1
1299526440000,1299526499000,60.587,60.587,60.577,60.587,49000000,1
1299526500000,1299526559000,60.587,60.587,60.587,60.587,9000000,1
1299526560000,1299526619000,60.586,60.597,60.586,60.596,14000000,1
1299526620000,1299526679000,60.597,60.597,60.597,60.597,5000000,1
1299526680000,1299526739000,60.597,60.597,60.586,60.596,66000000,1
1299526740000,1299526799000,60.596,60.596,60.576,60.586,38000000,1
1299526800000,1299526859000,60.586,60.587,60.576,60.576,16000000,1
1299526860000,1299526919000,60.577,60.578,60.567,60.577,125000000,1
1299526920000,1299526979000,60.578,60.588,60.578,60.586,15000000,1
1299526980000,1299527039000,60.587,60.587,60.577,60.577,13000000,1
1299527040000,1299527099000,60.576,60.577,60.567,60.576,40000000,1
1299527100000,1299527159000,60.576,60.58,60.571,60.579,21000000,1
1299527160000,1299527219000,60.579,60.586,60.576,60.586,34000000,1
1299527220000,1299527279000,60.587,60.587,60.577,60.587,36000000,1
1299527280000,1299527339000,60.587,60.587,60.578,60.586,29000000,1
1299527340000,1299527399000,60.586,60.59,60.567,60.577,87000000,1
1299527400000,1299527459000,60.577,60.578,60.556,60.558,122000000,1
1299527460000,1299527519000,60.558,60.568,60.556,60.558,57000000,1
1299527520000,1299527579000,60.558,60.567,60.549,60.556,73000000,1
1299527580000,1299527639000,60.556,60.577,60.546,60.547,139000000,1
1299527640000,1299527699000,60.547,60.579,60.547,60.579,51000000,1
1299527700000,1299527759000,60.58,60.598,60.556,60.566,118000000,1
1299527760000,1299527819000,60.566,60.579,60.557,60.578,144000000,1
1299527820000,1299527879000,60.577,60.582,60.559,60.58,143000000,1
1299527880000,1299527939000,60.58,60.587,60.576,60.578,104000000,1
1299527940000,1299527999000,60.577,60.598,60.577,60.581,110000000,1
1299528000000,1299528059000,60.58,60.588,60.567,60.587,98000000,1
1299528060000,1299528119000,60.587,60.587,60.571,60.577,25000000,1
1299528120000,1299528179000,60.576,60.581,60.573,60.577,30000000,1
1299528180000,1299528239000,60.575,60.577,60.568,60.576,26000000,1
1299528240000,1299528299000,60.574,60.574,60.557,60.568,52000000,1
1299528300000,1299528359000,60.568,60.577,60.568,60.577,11000000,1
1299528360000,1299528419000,60.577,60.577,60.564,60.567,28000000,1
1299528420000,1299528479000,60.567,60.597,60.567,60.587,90000000,1
1299528480000,1299528539000,60.588,60.597,60.588,60.597,14000000,1
1299528540000,1299528599000,60.597,60.597,60.587,60.587,11000000,1
1299528600000,1299528659000,60.586,60.587,60.576,60.576,27000000,1
1299528660000,1299528719000,60.577,60.587,60.577,60.578,45000000,1
1299528720000,1299528779000,60.578,60.587,60.577,60.58,20000000,1
1299528780000,1299528839000,60.581,60.587,60.578,60.587,17000000,1
1299528840000,1299528899000,60.55,60.59,60.55,60.569,74000000,1
1299528900000,1299528959000,60.584,60.587,60.584,60.586,9000000,1
1299528960000,1299529019000,60.587,60.587,60.586,60.586,4000000,1
1299529020000,1299529079000,60.586,60.587,60.586,60.587,5000000,1
1299529080000,1299529139000,60.586,60.597,60.586,60.597,18000000,1
1299529140000,1299529199000,60.597,60.597,60.578,60.587,46000000,1
1299529200000,1299529259000,60.58,60.597,60.576,60.597,71000000,1
1299529260000,1299529319000,60.592,60.598,60.592,60.597,12000000,1
1299529320000,1299529379000,60.596,60.598,60.587,60.587,48000000,1
1299529380000,1299529439000,60.587,60.587,60.586,60.586,7000000,1
1299529440000,1299529499000,60.587,60.597,60.587,60.59,31000000,1
1299529500000,1299529559000,60.589,60.597,60.589,60.597,6000000,1
1299529560000,1299529619000,60.597,60.597,60.597,60.597,5000000,1
1299529620000,1299529679000,60.597,60.606,60.596,60.598,57000000,1
1299529680000,1299529739000,60.598,60.598,60.597,60.598,16000000,1
1299529740000,1299529799000,60.598,60.598,60.596,60.596,25000000,1
1299529800000,1299529859000,60.598,60.598,60.596,60.597,18000000,1
1299529860000,1299529919000,60.596,60.598,60.596,60.598,6000000,1
1299529920000,1299529979000,60.597,60.597,60.596,60.596,16000000,1
1299529980000,1299530039000,60.596,60.597,60.596,60.596,24000000,1
1299530040000,1299530099000,60.597,60.597,60.596,60.596,8000000,1
1299530100000,1299530159000,60.596,60.62,60.596,60.62,70000000,1
1299530160000,1299530219000,60.618,60.627,60.617,60.619,60000000,1
1299530220000,1299530279000,60.618,60.636,60.618,60.627,40000000,1
1299530280000,1299530339000,60.626,60.628,60.626,60.628,11000000,1
1299530340000,1299530399000,60.627,60.637,60.626,60.637,58000000,1
1299530400000,1299530459000,60.637,60.638,60.627,60.638,63000000,1
1299530460000,1299530519000,60.638,60.638,60.627,60.628,17000000,1
1299530520000,1299530579000,60.628,60.638,60.628,60.638,73000000,1
1299530580000,1299530639000,60.637,60.637,60.628,60.628,19000000,1
1299530640000,1299530699000,60.628,60.638,60.628,60.638,40000000,1
1299530700000,1299530759000,60.638,60.638,60.627,60.627,45000000,1
1299530760000,1299530819000,60.628,60.639,60.627,60.638,68000000,1
1299530820000,1299530879000,60.637,60.639,60.636,60.637,47000000,1
1299530880000,1299530939000,60.637,60.642,60.636,60.636,35000000,1
1299530940000,1299530999000,60.637,60.637,60.624,60.629,49000000,1
1299531000000,1299531059000,60.625,60.639,60.613,60.617,88000000,1
1299531060000,1299531119000,60.609,60.617,60.603,60.61,69000000,1
1299531120000,1299531179000,60.61,60.61,60.588,60.597,56000000,1
1299531180000,1299531239000,60.596,60.597,60.596,60.597,13000000,1
1299531240000,1299531299000,60.596,60.602,60.588,60.598,45000000,1
1299531300000,1299531359000,60.596,60.599,60.596,60.598,37000000,1
1299531360000,1299531419000,60.598,60.598,60.586,60.59,49000000,1
1299531420000,1299531479000,60.592,60.597,60.588,60.588,28000000,1
1299531480000,1299531539000,60.591,60.597,60.589,60.597,15000000,1
1299531540000,1299531599000,60.596,60.596,60.586,60.587,48000000,1
1299531600000,1299531659000,60.587,60.588,60.586,60.588,31000000,1
1299531660000,1299531719000,60.586,60.588,60.586,60.588,33000000,1
1299531720000,1299531779000,60.587,60.597,60.584,60.586,61000000,1
1299531780000,1299531839000,60.579,60.596,60.579,60.587,17000000,1
1299531840000,1299531899000,60.588,60.588,60.566,60.577,39000000,1
1299531900000,1299531959000,60.576,60.578,60.576,60.576,14000000,1
1299531960000,1299532019000,60.577,60.577,60.576,60.576,7000000,1
1299532020000,1299532079000,60.577,60.586,60.556,60.567,40000000,1
1299532080000,1299532139000,60.568,60.576,60.557,60.563,46000000,1
1299532140000,1299532199000,60.563,60.567,60.556,60.566,43000000,1
1299532200000,1299532259000,60.567,60.577,60.567,60.577,7000000,1
1299532260000,1299532319000,60.567,60.587,60.566,60.587,29000000,1
1299532320000,1299532379000,60.587,60.597,60.581,60.587,36000000,1
1299532380000,1299532439000,60.587,60.597,60.587,60.597,38000000,1
1299532440000,1299532499000,60.597,60.598,60.587,60.588,51000000,1
1299532500000,1299532559000,60.588,60.608,60.588,60.607,92000000,1
1299532560000,1299532619000,60.608,60.616,60.587,60.587,55000000,1
1299532620000,1299532679000,60.587,60.587,60.576,60.576,28000000,1
1299532680000,1299532739000,60.576,60.607,60.576,60.588,45000000,1
1299532740000,1299532799000,60.588,60.588,60.578,60.588,16000000,1
1299532800000,1299532859000,60.588,60.597,60.567,60.578,78000000,1
1299532860000,1299532919000,60.578,60.578,60.568,60.568,31000000,1
1299532920000,1299532979000,60.568,60.568,60.568,60.568,9000000,1
1299532980000,1299533039000,60.568,60.568,60.567,60.567,21000000,1
1299533040000,1299533099000,60.567,60.568,60.567,60.568,8000000,1
1299533100000,1299533159000,60.568,60.568,60.568,60.568,8000000,1
1299533160000,1299533219000,60.568,60.578,60.567,60.576,24000000,1
1299533220000,1299533279000,60.576,60.578,60.566,60.567,55000000,1
1299533280000,1299533339000,60.577,60.577,60.568,60.576,15000000,1
1299533340000,1299533399000,60.577,60.577,60.576,60.576,5000000,1
1299533400000,1299533459000,60.576,60.577,60.576,60.577,28000000,1
1299533460000,1299533519000,60.576,60.587,60.576,60.587,15000000,1
1299533520000,1299533579000,60.577,60.587,60.576,60.586,18000000,1
1299533580000,1299533639000,60.586,60.587,60.586,60.587,10000000,1
1299533640000,1299533699000,60.586,60.597,60.586,60.596,15000000,1
1299533700000,1299533759000,60.597,60.597,60.596,60.596,4000000,1
1299533760000,1299533819000,60.596,60.596,60.577,60.577,39000000,1
1299533820000,1299533879000,60.586,60.597,60.586,60.597,24000000,1
1299533880000,1299533939000,60.597,60.597,60.596,60.597,14000000,1
1299533940000,1299533999000,60.596,60.597,60.596,60.597,8000000,1
1299534000000,1299534059000,60.597,60.597,60.587,60.596,19000000,1
1299534060000,1299534119000,60.596,60.598,60.586,60.597,31000000,1
1299534120000,1299534179000,60.597,60.597,60.587,60.596,21000000,1
1299534180000,1299534239000,60.596,60.597,60.587,60.596,28000000,1
1299534240000,1299534299000,60.596,60.597,60.586,60.586,24000000,1
1299534300000,1299534359000,60.586,60.588,60.577,60.588,36000000,1
1299534360000,1299534419000,60.588,60.588,60.586,60.587,15000000,1
1299534420000,1299534479000,60.587,60.587,60.557,60.576,40000000,1
1299534480000,1299534539000,60.567,60.577,60.567,60.576,22000000,1
1299534540000,1299534599000,60.576,60.578,60.557,60.567,14000000,1
1299534600000,1299534659000,60.566,60.567,60.566,60.567,5000000,1
1299534660000,1299534719000,60.566,60.567,60.557,60.557,20000000,1
1299534720000,1299534779000,60.557,60.577,60.557,60.566,38000000,1
1299534780000,1299534839000,60.566,60.576,60.566,60.566,25000000,1
1299534840000,1299534899000,60.566,60.577,60.557,60.577,37000000,1
1299534900000,1299534959000,60.577,60.617,60.576,60.586,54000000,1
1299534960000,1299535019000,60.586,60.587,60.556,60.556,106000000,1
1299535020000,1299535079000,60.556,60.577,60.546,60.577,57000000,1
1299535080000,1299535139000,60.578,60.578,60.557,60.567,31000000,1
1299535140000,1299535199000,60.567,60.587,60.567,60.587,31000000,1
1299535200000,1299535259000,60.587,60.587,60.537,60.573,18000000,1
1299535260000,1299535319000,60.553,60.553,60.553,60.553,2000000,1
1299535320000,1299535379000,60.552,60.597,60.552,60.597,73000000,1
1299535380000,1299535439000,60.597,60.598,60.578,60.578,33000000,1
1299535440000,1299535499000,60.578,60.597,60.573,60.597,14000000,1
1299535500000,1299535559000,60.607,60.627,60.564,60.577,47000000,1
1299535560000,1299535619000,60.577,60.589,60.559,60.564,43000000,1
1299535620000,1299535679000,60.564,60.638,60.564,60.617,52000000,1
1299535680000,1299535739000,60.617,60.627,60.607,60.627,23000000,1
1299535740000,1299535799000,60.627,60.637,60.62,60.62,18000000,1
1299535800000,1299535859000,60.62,60.628,60.62,60.62,15000000,1
1299535860000,1299535919000,60.618,60.627,60.617,60.617,14000000,1
1299535920000,1299535979000,60.617,60.617,60.597,60.597,44000000,1
1299535980000,1299536039000,60.597,60.598,60.588,60.598,29000000,1
1299536040000,1299536099000,60.598,60.618,60.587,60.587,75000000,1
1299536100000,1299536159000,60.59,60.637,60.59,60.637,51000000,1
1299536160000,1299536219000,60.636,60.667,60.6,60.617,46000000,1
1299536220000,1299536279000,60.627,60.627,60.606,60.617,34000000,1
1299536280000,1299536339000,60.616,60.627,60.596,60.616,71000000,1
1299536340000,1299536399000,60.616,60.626,60.606,60.616,17000000,1
1299536400000,1299536459000,60.608,60.626,60.606,60.626,18000000,1
1299536460000,1299536519000,60.627,60.646,60.626,60.636,40000000,1
1299536520000,1299536579000,60.636,60.646,60.626,60.646,44000000,1
1299536580000,1299536639000,60.646,60.647,60.616,60.616,30000000,1
1299536640000,1299536699000,60.617,60.627,60.617,60.626,5000000,1
1299536700000,1299536759000,60.627,60.637,60.626,60.637,12000000,1
1299536760000,1299536819000,60.637,60.637,60.636,60.637,8000000,1
1299536820000,1299536879000,60.636,60.647,60.636,60.647,5000000,1
1299536880000,1299536939000,60.646,60.647,60.646,60.647,4000000,1
1299536940000,1299536999000,60.636,60.637,60.636,60.637,4000000,1
1299537000000,1299537059000,60.636,60.636,60.626,60.626,10000000,1
1299537060000,1299537119000,60.627,60.627,60.606,60.617,14000000,1
1299537120000,1299537179000,60.616,60.637,60.616,60.626,11000000,1
1299537180000,1299537239000,60.626,60.637,60.626,60.627,9000000,1
1299537240000,1299537299000,60.626,60.627,60.626,60.626,6000000,1
1299537300000,1299537359000,60.626,60.626,60.626,60.626,17000000,1
1299537360000,1299537419000,60.626,60.637,60.626,60.627,20000000,1
1299537420000,1299537479000,60.627,60.637,60.616,60.626,41000000,1
1299537480000,1299537539000,60.628,60.656,60.626,60.647,31000000,1
1299537540000,1299537599000,60.657,60.676,60.656,60.666,46000000,1
1299537600000,1299537659000,60.667,60.686,60.666,60.666,19000000,1
1299537660000,1299537719000,60.667,60.677,60.646,60.677,84000000,1
1299537720000,1299537779000,60.677,60.697,60.666,60.687,62000000,1
1299537780000,1299537839000,60.696,60.696,60.676,60.687,65000000,1
1299537840000,1299537899000,60.686,60.687,60.677,60.677,22000000,1
1299537900000,1299537959000,60.676,60.676,60.656,60.666,35000000,1
1299537960000,1299538019000,60.667,60.667,60.657,60.667,16000000,1
1299538020000,1299538079000,60.657,60.717,60.657,60.716,64000000,1
1299538080000,1299538139000,60.716,60.716,60.667,60.706,107000000,1
1299538140000,1299538199000,60.706,60.707,60.663,60.687,66000000,1
1299538200000,1299538259000,60.687,60.687,60.686,60.687,59000000,1
1299538260000,1299538319000,60.687,60.687,60.676,60.686,21000000,1
1299538320000,1299538379000,60.687,60.687,60.676,60.677,47000000,1
1299538380000,1299538439000,60.677,60.677,60.666,60.666,43000000,1
1299538440000,1299538499000,60.666,60.677,60.666,60.677,72000000,1
1299538500000,1299538559000,60.666,60.677,60.666,60.677,29000000,1
1299538560000,1299538619000,60.677,60.686,60.657,60.666,49000000,1
1299538620000,1299538679000,60.666,60.666,60.666,60.666,5000000,1
1299538680000,1299538739000,60.666,60.667,60.656,60.656,21000000,1
1299538740000,1299538799000,60.656,60.657,60.656,60.656,161000000,1
1299538800000,1299538859000,60.656,60.657,60.656,60.657,24000000,1
1299538860000,1299538919000,60.657,60.666,60.656,60.666,14000000,1
1299538920000,1299538979000,60.666,60.667,60.656,60.657,60000000,1
1299538980000,1299539039000,60.656,60.676,60.656,60.676,70000000,1
1299539040000,1299539099000,60.676,60.677,60.676,60.677,12000000,1
1299539100000,1299539159000,60.677,60.677,60.676,60.676,11000000,1
1299539160000,1299539219000,60.677,60.677,60.666,60.667,6000000,1
1299539220000,1299539279000,60.667,60.667,60.666,60.667,16000000,1
1299539280000,1299539339000,60.666,60.667,60.648,60.65,46000000,1
1299539340000,1299539399000,60.656,60.657,60.64,60.64,65000000,1
1299539400000,1299539459000,60.642,60.647,60.636,60.646,62000000,1
1299539460000,1299539519000,60.646,60.647,60.646,60.647,13000000,1
1299539520000,1299539579000,60.647,60.647,60.647,60.647,6000000,1
1299539580000,1299539639000,60.646,60.646,60.646,60.646,12000000,1
1299539640000,1299539699000,60.647,60.647,60.636,60.637,18000000,1
1299539700000,1299539759000,60.637,60.637,60.637,60.637,5000000,1
1299539760000,1299539819000,60.636,60.639,60.636,60.639,14000000,1
1299539820000,1299539879000,60.639,60.647,60.637,60.647,33000000,1
1299539880000,1299539939000,60.647,60.656,60.646,60.654,28000000,1
1299539940000,1299539999000,60.656,60.656,60.65,60.656,24000000,1
1299540000000,1299540059000,60.657,60.657,60.639,60.639,30000000,1
1299540060000,1299540119000,60.639,60.648,60.636,60.636,26000000,1
1299540120000,1299540179000,60.627,60.627,60.627,60.627,25000000,1
1299540180000,1299540239000,60.627,60.648,60.627,60.637,56000000,1
1299540240000,1299540299000,60.637,60.64,60.633,60.639,42000000,1
1299540300000,1299540359000,60.637,60.642,60.634,60.642,27000000,1
1299540360000,1299540419000,60.641,60.646,60.64,60.641,13000000,1
1299540420000,1299540479000,60.639,60.64,60.636,60.636,16000000,1
1299540480000,1299540539000,60.636,60.637,60.636,60.637,61000000,1
1299540540000,1299540599000,60.636,60.636,60.623,60.634,26000000,1
1299540600000,1299540659000,60.637,60.642,60.636,60.638,25000000,1
1299540660000,1299540719000,60.637,60.637,60.637,60.637,2000000,1
1299540720000,1299540779000,60.636,60.638,60.636,60.638,8000000,1
1299540780000,1299540839000,60.629,60.629,60.622,60.622,19000000,1
1299540840000,1299540899000,60.62,60.627,60.618,60.627,14000000,1
1299540900000,1299540959000,60.627,60.629,60.609,60.61,31000000,1
1299540960000,1299541019000,60.61,60.61,60.602,60.608,27000000,1
1299541020000,1299541079000,60.607,60.607,60.607,60.607,4000000,1
1299541080000,1299541139000,60.607,60.617,60.604,60.608,32000000,1
1299541140000,1299541199000,60.608,60.608,60.6,60.608,9000000,1
1299541200000,1299541259000,60.608,60.617,60.608,60.616,16000000,1
1299541260000,1299541319000,60.617,60.627,60.617,60.618,34000000,1
1299541320000,1299541379000,60.62,60.63,60.617,60.629,21000000,1
1299541380000,1299541439000,60.629,60.638,60.628,60.638,45000000,1
1299541440000,1299541499000,60.638,60.648,60.618,60.627,61000000,1
1299541500000,1299541559000,60.627,60.638,60.626,60.632,38000000,1
1299541560000,1299541619000,60.637,60.638,60.632,60.637,29000000,1
1299541620000,1299541679000,60.637,60.637,60.637,60.637,4000000,1
1299541680000,1299541739000,60.642,60.647,60.627,60.637,51000000,1
1299541740000,1299541799000,60.637,60.648,60.626,60.637,88000000,1
1299541800000,1299541859000,60.637,60.648,60.626,60.648,36000000,1
1299541860000,1299541919000,60.648,60.648,60.637,60.638,108000000,1
1299541920000,1299541979000,60.638,60.648,60.638,60.647,44000000,1
1299541980000,1299542039000,60.652,60.658,60.647,60.657,32000000,1
1299542040000,1299542099000,60.658,60.668,60.657,60.668,11000000,1
1299542100000,1299542159000,60.668,60.668,60.657,60.657,38000000,1
1299542160000,1299542219000,60.657,60.657,60.649,60.657,42000000,1
1299542220000,1299542279000,60.657,60.667,60.657,60.657,20000000,1
1299542280000,1299542339000,60.66,60.677,60.646,60.647,87000000,1
1299542340000,1299542399000,60.658,60.66,60.651,60.658,43000000,1
1299542400000,1299542459000,60.66,60.67,60.652,60.67,119000000,1
1299542460000,1299542519000,60.67,60.687,60.67,60.677,122000000,1
1299542520000,1299542579000,60.678,60.678,60.676,60.676,24000000,1
1299542580000,1299542639000,60.676,60.678,60.673,60.677,69000000,1
1299542640000,1299542699000,60.677,60.677,60.671,60.671,55000000,1
1299542700000,1299542759000,60.668,60.677,60.657,60.673,44000000,1
1299542760000,1299542819000,60.674,60.678,60.672,60.677,30000000,1
1299542820000,1299542879000,60.677,60.678,60.665,60.673,42000000,1
1299542880000,1299542939000,60.678,60.681,60.678,60.678,37000000,1
1299542940000,1299542999000,60.678,60.678,60.668,60.671,46000000,1
1299543000000,1299543059000,60.668,60.678,60.668,60.671,51000000,1
1299543060000,1299543119000,60.674,60.688,60.671,60.677,64000000,1
1299543120000,1299543179000,60.677,60.678,60.676,60.678,41000000,1
1299543180000,1299543239000,60.673,60.682,60.671,60.679,45000000,1
1299543240000,1299543299000,60.678,60.679,60.67,60.677,50000000,1
1299543300000,1299543359000,60.676,60.676,60.668,60.668,38000000,1
1299543360000,1299543419000,60.667,60.679,60.667,60.672,63000000,1
1299543420000,1299543479000,60.671,60.677,60.668,60.677,71000000,1
1299543480000,1299543539000,60.677,60.677,60.669,60.669,29000000,1
1299543540000,1299543599000,60.671,60.676,60.657,60.658,74000000,1
1299543600000,1299543659000,60.658,60.672,60.641,60.669,181000000,1
1299543660000,1299543719000,60.667,60.678,60.667,60.673,51000000,1
1299543720000,1299543779000,60.672,60.688,60.669,60.688,61000000,1
1299543780000,1299543839000,60.686,60.688,60.672,60.678,87000000,1
1299543840000,1299543899000,60.678,60.678,60.67,60.678,28000000,1
1299543900000,1299543959000,60.678,60.678,60.668,60.668,45000000,1
1299543960000,1299544019000,60.67,60.678,60.667,60.67,40000000,1
1299544020000,1299544079000,60.672,60.678,60.658,60.667,99000000,1
1299544080000,1299544139000,60.667,60.671,60.667,60.667,32000000,1
1299544140000,1299544199000,60.668,60.679,60.66,60.676,135000000,1
1299544200000,1299544259000,60.676,60.682,60.669,60.669,41000000,1
1299544260000,1299544319000,60.673,60.68,60.669,60.677,62000000,1
1299544320000,1299544379000,60.676,60.682,60.676,60.676,27000000,1
1299544380000,1299544439000,60.676,60.687,60.669,60.678,105000000,1
1299544440000,1299544499000,60.677,60.678,60.671,60.676,110000000,1
1299544500000,1299544559000,60.676,60.678,60.671,60.672,33000000,1
1299544560000,1299544619000,60.669,60.669,60.669,60.669,1000000,1
1299544620000,1299544679000,60.667,60.675,60.667,60.675,62000000,1
1299544680000,1299544739000,60.677,60.693,60.677,60.685,71000000,1
1299544740000,1299544799000,60.687,60.688,60.676,60.687,62000000,1
1299544800000,1299544859000,60.687,60.687,60.686,60.686,5000000,1
1299544860000,1299544919000,60.687,60.687,60.666,60.666,23000000,1
1299544920000,1299544979000,60.666,60.672,60.66,60.671,43000000,1
1299544980000,1299545039000,60.667,60.67,60.658,60.666,107000000,1
1299545040000,1299545099000,60.661,60.671,60.646,60.671,106000000,1
1299545100000,1299545159000,60.672,60.678,60.657,60.657,35000000,1
1299545160000,1299545219000,60.662,60.667,60.657,60.661,57000000,1
1299545220000,1299545279000,60.661,60.669,60.659,60.669,37000000,1
1299545280000,1299545339000,60.669,60.678,60.666,60.667,74000000,1
1299545340000,1299545399000,60.667,60.668,60.661,60.668,27000000,1
1299545400000,1299545459000,60.668,60.668,60.655,60.663,52000000,1
1299545460000,1299545519000,60.66,60.663,60.652,60.657,62000000,1
1299545520000,1299545579000,60.656,60.657,60.647,60.647,30000000,1
1299545580000,1299545639000,60.647,60.648,60.638,60.638,62000000,1
1299545640000,1299545699000,60.638,60.644,60.632,60.639,77000000,1
1299545700000,1299545759000,60.645,60.652,60.644,60.644,60000000,1
1299545760000,1299545819000,60.646,60.652,60.646,60.647,66000000,1
1299545820000,1299545879000,60.647,60.65,60.646,60.648,29000000,1
1299545880000,1299545939000,60.65,60.652,60.644,60.652,36000000,1
1299545940000,1299545999000,60.652,60.657,60.652,60.653,17000000,1
1299546000000,1299546059000,60.655,60.658,60.655,60.657,52000000,1
1299546060000,1299546119000,60.657,60.669,60.657,60.667,43000000,1
1299546120000,1299546179000,60.668,60.673,60.662,60.667,169000000,1
1299546180000,1299546239000,60.668,60.668,60.657,60.662,191000000,1
1299546240000,1299546299000,60.662,60.662,60.652,60.658,44000000,1
1299546300000,1299546359000,60.658,60.678,60.658,60.678,76000000,1
1299546360000,1299546419000,60.678,60.678,60.677,60.678,16000000,1
1299546420000,1299546479000,60.677,60.681,60.66,60.666,35000000,1
1299546480000,1299546539000,60.666,60.668,60.657,60.668,63000000,1
1299546540000,1299546599000,60.67,60.672,60.668,60.672,13000000,1
1299546600000,1299546659000,60.668,60.672,60.668,60.669,45000000,1
1299546660000,1299546719000,60.671,60.679,60.671,60.677,30000000,1
1299546720000,1299546779000,60.677,60.679,60.677,60.679,6000000,1
1299546780000,1299546839000,60.677,60.68,60.677,60.68,13000000,1
1299546840000,1299546899000,60.684,60.697,60.684,60.688,23000000,1
1299546900000,1299546959000,60.689,60.698,60.689,60.69,30000000,1
1299546960000,1299547019000,60.697,60.711,60.697,60.704,59000000,1
1299547020000,1299547079000,60.706,60.706,60.696,60.698,28000000,1
1299547080000,1299547139000,60.698,60.698,60.678,60.678,46000000,1
1299547140000,1299547199000,60.678,60.678,60.678,60.678,6000000,1
1299547200000,1299547259000,60.679,60.697,60.679,60.688,33000000,1
1299547260000,1299547319000,60.688,60.688,60.683,60.687,26000000,1
1299547320000,1299547379000,60.687,60.688,60.687,60.687,39000000,1
1299547380000,1299547439000,60.689,60.689,60.687,60.688,16000000,1
1299547440000,1299547499000,60.688,60.69,60.688,60.688,7000000,1
1299547500000,1299547559000,60.688,60.688,60.688,60.688,5000000,1
1299547560000,1299547619000,60.687,60.698,60.687,60.689,41000000,1
1299547620000,1299547679000,60.689,60.693,60.67,60.684,49000000,1
1299547680000,1299547739000,60.683,60.683,60.679,60.681,5000000,1
1299547740000,1299547799000,60.681,60.697,60.681,60.693,55000000,1
1299547800000,1299547859000,60.693,60.694,60.68,60.68,23000000,1
1299547860000,1299547919000,60.683,60.688,60.667,60.668,63000000,1
1299547920000,1299547979000,60.668,60.678,60.668,60.678,14000000,1
1299547980000,1299548039000,60.678,60.678,60.669,60.678,26000000,1
1299548040000,1299548099000,60.678,60.678,60.666,60.666,55000000,1
1299548100000,1299548159000,60.663,60.665,60.661,60.663,8000000,1
1299548160000,1299548219000,60.661,60.678,60.661,60.678,7000000,1
1299548220000,1299548279000,60.677,60.677,60.677,60.677,6000000,1
1299548280000,1299548339000,60.677,60.678,60.666,60.666,57000000,1
1299548340000,1299548399000,60.668,60.668,60.657,60.657,34000000,1
1299548400000,1299548459000,60.657,60.658,60.648,60.65,21000000,1
1299548460000,1299548519000,60.653,60.657,60.628,60.638,52000000,1
1299548520000,1299548579000,60.638,60.641,60.627,60.627,82000000,1
1299548580000,1299548639000,60.63,60.637,60.627,60.627,54000000,1
1299548640000,1299548699000,60.617,60.638,60.617,60.628,55000000,1
1299548700000,1299548759000,60.627,60.627,60.627,60.627,2000000,1
1299548760000,1299548819000,60.626,60.64,60.626,60.629,36000000,1
1299548820000,1299548879000,60.629,60.639,60.629,60.638,51000000,1
1299548880000,1299548939000,60.638,60.638,60.638,60.638,2000000,1
1299548940000,1299548999000,60.638,60.638,60.62,60.628,40000000,1
1299549000000,1299549059000,60.628,60.63,60.618,60.626,50000000,1
1299549060000,1299549119000,60.628,60.647,60.619,60.637,87000000,1
1299549120000,1299549179000,60.637,60.641,60.627,60.627,68000000,1
1299549180000,1299549239000,60.627,60.629,60.627,60.628,17000000,1
1299549240000,1299549299000,60.628,60.628,60.617,60.627,34000000,1
1299549300000,1299549359000,60.627,60.637,60.627,60.629,36000000,1
1299549360000,1299549419000,60.628,60.628,60.617,60.627,103000000,1
1299549420000,1299549479000,60.626,60.629,60.624,60.628,48000000,1
1299549480000,1299549539000,60.629,60.641,60.626,60.641,56000000,1
1299549540000,1299549599000,60.641,60.641,60.638,60.638,5000000,1
1299549600000,1299549659000,60.64,60.648,60.637,60.648,67000000,1
1299549660000,1299549719000,60.648,60.648,60.637,60.638,28000000,1
1299549720000,1299549779000,60.638,60.638,60.636,60.637,11000000,1
1299549780000,1299549839000,60.639,60.639,60.63,60.636,36000000,1
1299549840000,1299549899000,60.637,60.638,60.627,60.636,41000000,1
1299549900000,1299549959000,60.636,60.638,60.63,60.636,40000000,1
1299549960000,1299550019000,60.637,60.637,60.627,60.637,29000000,1
1299550020000,1299550079000,60.636,60.636,60.597,60.606,108000000,1
1299550080000,1299550139000,60.606,60.618,60.597,60.613,39000000,1
1299550140000,1299550199000,60.613,60.617,60.607,60.617,14000000,1
1299550200000,1299550259000,60.612,60.624,60.612,60.617,11000000,1
1299550260000,1299550319000,60.623,60.628,60.618,60.62,15000000,1
1299550320000,1299550379000,60.618,60.618,60.617,60.618,20000000,1
1299550380000,1299550439000,60.618,60.638,60.618,60.628,74000000,1
1299550440000,1299550499000,60.629,60.629,60.629,60.629,1000000,1
1299550500000,1299550559000,60.633,60.638,60.629,60.638,19000000,1
1299550560000,1299550619000,60.637,60.649,60.637,60.648,51000000,1
1299550620000,1299550679000,60.648,60.657,60.648,60.65,48000000,1
1299550680000,1299550739000,60.648,60.652,60.647,60.648,22000000,1
1299550740000,1299550799000,60.653,60.658,60.648,60.648,23000000,1
1299550800000,1299550859000,60.647,60.647,60.647,60.647,3000000,1
1299550860000,1299550919000,60.648,60.648,60.647,60.647,86000000,1
1299550920000,1299550979000,60.647,60.657,60.647,60.648,50000000,1
1299550980000,1299551039000,60.648,60.662,60.648,60.658,36000000,1
1299551040000,1299551099000,60.658,60.658,60.63,60.635,77000000,1
1299551100000,1299551159000,60.638,60.638,60.598,60.598,45000000,1
1299551160000,1299551219000,60.598,60.607,60.591,60.597,128000000,1
1299551220000,1299551279000,60.597,60.627,60.597,60.627,71000000,1
1299551280000,1299551339000,60.631,60.637,60.618,60.628,102000000,1
1299551340000,1299551399000,60.627,60.629,60.627,60.629,15000000,1
1299551400000,1299551459000,60.629,60.643,60.628,60.643,37000000,1
1299551460000,1299551519000,60.643,60.657,60.637,60.647,31000000,1
1299551520000,1299551579000,60.647,60.658,60.647,60.658,42000000,1
1299551580000,1299551639000,60.658,60.659,60.657,60.657,27000000,1
1299551640000,1299551699000,60.657,60.667,60.657,60.667,34000000,1
1299551700000,1299551759000,60.657,60.658,60.656,60.658,52000000,1
1299551760000,1299551819000,60.659,60.668,60.657,60.658,33000000,1
1299551820000,1299551879000,60.658,60.658,60.658,60.658,9000000,1
1299551880000,1299551939000,60.658,60.661,60.658,60.661,4000000,1
1299551940000,1299551999000,60.666,60.667,60.657,60.657,29000000,1
1299552000000,1299552059000,60.658,60.686,60.658,60.686,53000000,1
1299552060000,1299552119000,60.686,60.698,60.686,60.687,29000000,1
1299552120000,1299552179000,60.687,60.688,60.687,60.687,11000000,1
1299552180000,1299552239000,60.687,60.687,60.687,60.687,8000000,1
1299552240000,1299552299000,60.686,60.687,60.668,60.676,36000000,1
1299552300000,1299552359000,60.676,60.677,60.667,60.676,22000000,1
1299552360000,1299552419000,60.677,60.677,60.657,60.675,39000000,1
1299552420000,1299552479000,60.671,60.677,60.658,60.677,62000000,1
1299552480000,1299552539000,60.677,60.677,60.669,60.669,7000000,1
1299552540000,1299552599000,60.667,60.677,60.667,60.677,51000000,1
1299552600000,1299552659000,60.677,60.677,60.667,60.667,14000000,1
1299552660000,1299552719000,60.667,60.667,60.667,60.667,10000000,1
1299552720000,1299552779000,60.667,60.668,60.658,60.658,24000000,1
1299552780000,1299552839000,60.658,60.668,60.658,60.658,45000000,1
1299552840000,1299552899000,60.658,60.672,60.657,60.666,58000000,1
1299552900000,1299552959000,60.666,60.67,60.662,60.667,30000000,1
1299552960000,1299553019000,60.667,60.678,60.667,60.67,116000000,1
1299553020000,1299553079000,60.67,60.678,60.668,60.668,48000000,1
1299553080000,1299553139000,60.667,60.669,60.664,60.667,31000000,1
1299553140000,1299553199000,60.667,60.667,60.667,60.667,7000000,1
1299553200000,1299553259000,60.667,60.678,60.661,60.678,30000000,1
1299553260000,1299553319000,60.678,60.678,60.676,60.676,5000000,1
1299553320000,1299553379000,60.677,60.686,60.672,60.676,28000000,1
1299553380000,1299553439000,60.678,60.68,60.676,60.677,37000000,1
1299553440000,1299553499000,60.677,60.677,60.677,60.677,7000000,1
1299553500000,1299553559000,60.677,60.677,60.677,60.677,20000000,1
1299553560000,1299553619000,60.676,60.677,60.666,60.677,43000000,1
1299553620000,1299553679000,60.677,60.678,60.677,60.678,48000000,1
1299553680000,1299553739000,60.677,60.678,60.676,60.678,47000000,1
1299553740000,1299553799000,60.678,60.678,60.676,60.676,11000000,1
1299553800000,1299553859000,60.666,60.666,60.656,60.657,23000000,1
1299553860000,1299553919000,60.657,60.657,60.648,60.648,55000000,1
1299553920000,1299553979000,60.649,60.657,60.647,60.657,57000000,1
1299553980000,1299554039000,60.648,60.648,60.648,60.648,7000000,1
1299554040000,1299554099000,60.648,60.648,60.648,60.648,10000000,1
1299554100000,1299554159000,60.648,60.648,60.646,60.647,9000000,1
1299554160000,1299554219000,60.647,60.649,60.647,60.649,7000000,1
1299554220000,1299554279000,60.647,60.647,60.636,60.636,22000000,1
1299554280000,1299554339000,60.636,60.637,60.636,60.637,5000000,1
1299554340000,1299554399000,60.644,60.647,60.644,60.647,9000000,1
1299554400000,1299554459000,60.646,60.65,60.642,60.649,16000000,1
1299554460000,1299554519000,60.649,60.649,60.647,60.649,8000000,1
1299554520000,1299554579000,60.648,60.648,60.647,60.648,10000000,1
1299554580000,1299554639000,60.648,60.648,60.648,60.648,23000000,1
1299554640000,1299554699000,60.647,60.647,60.647,60.647,4000000,1
1299554700000,1299554759000,60.65,60.667,60.65,60.667,56000000,1
1299554760000,1299554819000,60.666,60.668,60.646,60.646,27000000,1
1299554820000,1299554879000,60.646,60.647,60.638,60.639,30000000,1
1299554880000,1299554939000,60.646,60.646,60.646,60.646,47000000,1
1299554940000,1299554999000,60.647,60.647,60.646,60.647,11000000,1
1299555000000,1299555059000,60.646,60.652,60.646,60.652,65000000,1
1299555060000,1299555119000,60.656,60.657,60.649,60.65,65000000,1
1299555120000,1299555179000,60.65,60.65,60.647,60.647,9000000,1
1299555180000,1299555239000,60.647,60.657,60.647,60.657,17000000,1
1299555240000,1299555299000,60.656,60.657,60.647,60.647,7000000,1
1299555300000,1299555359000,60.649,60.649,60.647,60.647,8000000,1
1299555360000,1299555419000,60.655,60.658,60.655,60.658,24000000,1
1299555420000,1299555479000,60.66,60.667,60.658,60.658,14000000,1
1299555480000,1299555539000,60.658,60.667,60.658,60.667,5000000,1
1299555540000,1299555599000,60.658,60.658,60.656,60.656,6000000,1
1299555600000,1299555659000,60.657,60.658,60.656,60.658,18000000,1
1299555660000,1299555719000,60.657,60.657,60.657,60.657,18000000,1
1299555720000,1299555779000,60.656,60.657,60.656,60.656,14000000,1
1299555780000,1299555839000,60.657,60.658,60.656,60.657,11000000,1
1299555840000,1299555899000,60.657,60.658,60.657,60.658,12000000,1
1299555900000,1299555959000,60.658,60.667,60.656,60.667,15000000,1
1299555960000,1299556019000,60.667,60.667,60.657,60.657,20000000,1
1299556020000,1299556079000,60.658,60.687,60.646,60.677,125000000,1
1299556080000,1299556139000,60.677,60.686,60.667,60.667,69000000,1
1299556140000,1299556199000,60.657,60.667,60.627,60.637,88000000,1
1299556200000,1299556259000,60.637,60.638,60.631,60.637,12000000,1
1299556260000,1299556319000,60.637,60.647,60.626,60.628,62000000,1
1299556320000,1299556379000,60.628,60.647,60.628,60.647,37000000,1
1299556380000,1299556439000,60.647,60.647,60.637,60.646,24000000,1
1299556440000,1299556499000,60.638,60.647,60.638,60.638,26000000,1
1299556500000,1299556559000,60.638,60.658,60.638,60.647,48000000,1
1299556560000,1299556619000,60.647,60.657,60.647,60.657,18000000,1
1299556620000,1299556679000,60.657,60.658,60.657,60.657,65000000,1
1299556680000,1299556739000,60.658,60.668,60.657,60.667,30000000,1
1299556740000,1299556799000,60.666,60.666,60.658,60.658,8000000,1
1299556800000,1299556859000,60.658,60.677,60.658,60.667,95000000,1
1299556860000,1299556919000,60.667,60.678,60.667,60.667,254000000,1
1299556920000,1299556979000,60.668,60.678,60.667,60.676,80000000,1
1299556980000,1299557039000,60.677,60.677,60.667,60.668,97000000,1
1299557040000,1299557099000,60.667,60.688,60.667,60.687,78000000,1
1299557100000,1299557159000,60.687,60.707,60.687,60.697,44000000,1
1299557160000,1299557219000,60.687,60.688,60.687,60.688,18000000,1
1299557220000,1299557279000,60.688,60.698,60.682,60.686,23000000,1
1299557280000,1299557339000,60.687,60.688,60.686,60.687,97000000,1
1299557340000,1299557399000,60.686,60.697,60.677,60.697,43000000,1
1299557400000,1299557459000,60.697,60.708,60.697,60.698,43000000,1
1299557460000,1299557519000,60.698,60.698,60.698,60.698,16000000,1
1299557520000,1299557579000,60.7,60.728,60.7,60.728,79000000,1
1299557580000,1299557639000,60.728,60.728,60.717,60.717,28000000,1
1299557640000,1299557699000,60.718,60.718,60.708,60.708,18000000,1
1299557700000,1299557759000,60.708,60.708,60.707,60.708,14000000,1
1299557760000,1299557819000,60.708,60.708,60.697,60.697,53000000,1
1299557820000,1299557879000,60.697,60.697,60.687,60.687,55000000,1
1299557880000,1299557939000,60.687,60.688,60.687,60.688,16000000,1
1299557940000,1299557999000,60.688,60.688,60.688,60.688,4000000,1
1299558000000,1299558059000,60.65,60.688,60.65,60.678,40000000,1
1299558060000,1299558119000,60.687,60.687,60.687,60.687,2000000,1
1299558120000,1299558179000,60.687,60.688,60.677,60.677,33000000,1
1299558180000,1299558239000,60.679,60.688,60.677,60.678,19000000,1
1299558240000,1299558299000,60.678,60.678,60.659,60.668,36000000,1
1299558300000,1299558359000,60.668,60.668,60.667,60.667,9000000,1
1299558360000,1299558419000,60.666,60.669,60.666,60.666,22000000,1
1299558420000,1299558479000,60.667,60.667,60.666,60.667,17000000,1
1299558480000,1299558539000,60.658,60.678,60.658,60.667,48000000,1
1299558540000,1299558599000,60.667,60.677,60.647,60.677,67000000,1
1299558600000,1299558659000,60.677,60.697,60.672,60.686,131000000,1
1299558660000,1299558719000,60.686,60.686,60.677,60.678,69000000,1
1299558720000,1299558779000,60.677,60.688,60.677,60.687,34000000,1
1299558780000,1299558839000,60.687,60.703,60.673,60.697,39000000,1
1299558840000,1299558899000,60.696,60.708,60.695,60.707,39000000,1
1299558900000,1299558959000,60.7,60.709,60.697,60.707,54000000,1
1299558960000,1299559019000,60.707,60.708,60.697,60.702,35000000,1
1299559020000,1299559079000,60.706,60.718,60.706,60.718,21000000,1
1299559080000,1299559139000,60.719,60.719,60.703,60.708,33000000,1
1299559140000,1299559199000,60.706,60.708,60.706,60.708,21000000,1
1299559200000,1299559259000,60.708,60.71,60.697,60.703,89000000,1
1299559260000,1299559319000,60.708,60.708,60.693,60.697,23000000,1
1299559320000,1299559379000,60.698,60.708,60.698,60.708,27000000,1
1299559380000,1299559439000,60.708,60.743,60.707,60.738,71000000,1
1299559440000,1299559499000,60.743,60.763,60.737,60.758,111000000,1
1299559500000,1299559559000,60.76,60.768,60.76,60.761,29000000,1
1299559560000,1299559619000,60.761,60.776,60.76,60.776,72000000,1
1299559620000,1299559679000,60.777,60.788,60.768,60.779,52000000,1
1299559680000,1299559739000,60.787,60.787,60.758,60.758,48000000,1
1299559740000,1299559799000,60.758,60.774,60.757,60.771,70000000,1
1299559800000,1299559859000,60.767,60.769,60.767,60.768,46000000,1
1299559860000,1299559919000,60.767,60.777,60.767,60.776,23000000,1
1299559920000,1299559979000,60.776,60.778,60.776,60.778,44000000,1
1299559980000,1299560039000,60.777,60.78,60.777,60.778,35000000,1
1299560040000,1299560099000,60.777,60.808,60.777,60.808,84000000,1
1299560100000,1299560159000,60.808,60.808,60.798,60.807,112000000,1
1299560160000,1299560219000,60.807,60.807,60.797,60.797,84000000,1
1299560220000,1299560279000,60.796,60.802,60.796,60.797,49000000,1
1299560280000,1299560339000,60.788,60.788,60.787,60.787,18000000,1
1299560340000,1299560399000,60.787,60.788,60.787,60.787,52000000,1
1299560400000,1299560459000,60.787,60.79,60.787,60.789,86000000,1
1299560460000,1299560519000,60.793,60.818,60.788,60.817,91000000,1
1299560520000,1299560579000,60.818,60.818,60.798,60.808,139000000,1
1299560580000,1299560639000,60.808,60.809,60.797,60.797,70000000,1
1299560640000,1299560699000,60.797,60.806,60.793,60.806,47000000,1
1299560700000,1299560759000,60.806,60.818,60.805,60.808,171000000,1
1299560760000,1299560819000,60.808,60.817,60.807,60.817,83000000,1
1299560820000,1299560879000,60.817,60.817,60.811,60.811,5000000,1
1299560880000,1299560939000,60.818,60.827,60.818,60.818,36000000,1
1299560940000,1299560999000,60.818,60.819,60.809,60.819,34000000,1
1299561000000,1299561059000,60.817,60.818,60.807,60.818,144000000,1
1299561060000,1299561119000,60.818,60.818,60.799,60.806,63000000,1
1299561120000,1299561179000,60.808,60.808,60.799,60.799,83000000,1
1299561180000,1299561239000,60.798,60.803,60.791,60.791,42000000,1
1299561240000,1299561299000,60.789,60.791,60.788,60.788,17000000,1
1299561300000,1299561359000,60.789,60.807,60.787,60.797,99000000,1
1299561360000,1299561419000,60.797,60.807,60.797,60.797,77000000,1
1299561420000,1299561479000,60.797,60.807,60.797,60.807,332000000,1
1299561480000,1299561539000,60.807,60.808,60.8,60.802,25000000,1
1299561540000,1299561599000,60.799,60.8,60.799,60.8,4000000,1
1299561600000,1299561659000,60.811,60.813,60.809,60.812,24000000,1
1299561660000,1299561719000,60.821,60.829,60.813,60.828,41000000,1
1299561720000,1299561779000,60.828,60.828,60.827,60.827,22000000,1
1299561780000,1299561839000,60.822,60.822,60.819,60.819,5000000,1
1299561840000,1299561899000,60.817,60.832,60.817,60.826,29000000,1
1299561900000,1299561959000,60.827,60.847,60.827,60.847,50000000,1
1299561960000,1299562019000,60.847,60.858,60.842,60.85,57000000,1
1299562020000,1299562079000,60.852,60.864,60.849,60.859,31000000,1
1299562080000,1299562139000,60.857,60.864,60.857,60.86,59000000,1
1299562140000,1299562199000,60.86,60.86,60.847,60.847,65000000,1
1299562200000,1299562259000,60.847,60.858,60.847,60.858,36000000,1
1299562260000,1299562319000,60.858,60.858,60.84,60.842,45000000,1
1299562320000,1299562379000,60.843,60.85,60.826,60.838,65000000,1
1299562380000,1299562439000,60.837,60.837,60.819,60.827,82000000,1
1299562440000,1299562499000,60.827,60.84,60.827,60.828,111000000,1
1299562500000,1299562559000,60.829,60.837,60.828,60.836,18000000,1
1299562560000,1299562619000,60.827,60.827,60.827,60.827,11000000,1
1299562620000,1299562679000,60.827,60.859,60.827,60.846,330000000,1
1299562680000,1299562739000,60.837,60.858,60.837,60.858,108000000,1
1299562740000,1299562799000,60.858,60.86,60.847,60.858,54000000,1
1299562800000,1299562859000,60.858,60.868,60.857,60.86,164000000,1
1299562860000,1299562919000,60.868,60.868,60.86,60.86,197000000,1
1299562920000,1299562979000,60.858,60.882,60.848,60.867,91000000,1
1299562980000,1299563039000,60.858,60.86,60.847,60.857,62000000,1
1299563040000,1299563099000,60.857,60.857,60.841,60.846,72000000,1
1299563100000,1299563159000,60.848,60.861,60.827,60.837,124000000,1
1299563160000,1299563219000,60.838,60.848,60.83,60.836,101000000,1
1299563220000,1299563279000,60.838,60.85,60.838,60.85,25000000,1
1299563280000,1299563339000,60.85,60.858,60.841,60.853,35000000,1
1299563340000,1299563399000,60.857,60.857,60.849,60.849,10000000,1
1299563400000,1299563459000,60.858,60.867,60.85,60.867,21000000,1
1299563460000,1299563519000,60.867,60.87,60.866,60.87,17000000,1
1299563520000,1299563579000,60.871,60.887,60.867,60.886,74000000,1
1299563580000,1299563639000,60.886,60.886,60.877,60.877,24000000,1
1299563640000,1299563699000,60.882,60.908,60.878,60.907,73000000,1
1299563700000,1299563759000,60.906,60.944,60.906,60.944,115000000,1
1299563760000,1299563819000,60.939,60.939,60.916,60.916,62000000,1
1299563820000,1299563879000,60.908,60.917,60.908,60.909,34000000,1
1299563880000,1299563939000,60.91,60.916,60.907,60.907,59000000,1
1299563940000,1299563999000,60.906,60.947,60.906,60.947,102000000,1
1299564000000,1299564059000,60.947,60.968,60.938,60.947,203000000,1
1299564060000,1299564119000,60.947,60.948,60.928,60.948,128000000,1
1299564120000,1299564179000,60.948,60.96,60.941,60.959,80000000,1
1299564180000,1299564239000,60.959,60.961,60.946,60.956,87000000,1
1299564240000,1299564299000,60.953,60.958,60.946,60.948,75000000,1
1299564300000,1299564359000,60.95,60.959,60.938,60.952,159000000,1
1299564360000,1299564419000,60.951,60.951,60.936,60.939,78000000,1
1299564420000,1299564479000,60.937,60.948,60.926,60.926,147000000,1
1299564480000,1299564539000,60.926,60.929,60.913,60.913,169000000,1
1299564540000,1299564599000,60.917,60.917,60.898,60.904,90000000,1
1299564600000,1299564659000,60.907,60.907,60.896,60.897,39000000,1
1299564660000,1299564719000,60.896,60.907,60.892,60.906,63000000,1
1299564720000,1299564779000,60.897,60.907,60.897,60.907,91000000,1
1299564780000,1299564839000,60.899,60.899,60.886,60.886,69000000,1
1299564840000,1299564899000,60.886,60.908,60.856,60.907,117000000,1
1299564900000,1299564959000,60.908,60.921,60.898,60.921,88000000,1
1299564960000,1299565019000,60.921,60.928,60.906,60.927,83000000,1
1299565020000,1299565079000,60.927,60.951,60.918,60.947,136000000,1
1299565080000,1299565139000,60.946,60.957,60.94,60.957,238000000,1
1299565140000,1299565199000,60.957,60.968,60.948,60.966,105000000,1
1299565200000,1299565259000,60.966,60.977,60.966,60.968,131000000,1
1299565260000,1299565319000,60.968,60.988,60.968,60.987,172000000,1
1299565320000,1299565379000,60.987,61.017,60.987,60.998,153000000,1
1299565380000,1299565439000,60.997,61.0,60.987,60.994,149000000,1
1299565440000,1299565499000,60.99,60.998,60.988,60.988,91000000,1
1299565500000,1299565559000,60.989,60.997,60.979,60.991,87000000,1
1299565560000,1299565619000,60.991,61.021,60.99,61.008,140000000,1
1299565620000,1299565679000,61.008,61.008,60.989,60.989,52000000,1
1299565680000,1299565739000,60.987,60.998,60.987,60.997,72000000,1
1299565740000,1299565799000,60.997,60.997,60.987,60.991,116000000,1
1299565800000,1299565859000,60.992,60.995,60.988,60.995,51000000,1
1299565860000,1299565919000,60.993,60.998,60.988,60.997,27000000,1
1299565920000,1299565979000,60.997,61.007,60.997,60.999,37000000,1
1299565980000,1299566039000,61.0,61.018,60.998,61.008,87000000,1
1299566040000,1299566099000,61.011,61.011,61.006,61.007,54000000,1
1299566100000,1299566159000,61.006,61.007,61.003,61.005,69000000,1
1299566160000,1299566219000,61.006,61.009,60.997,61.004,123000000,1
1299566220000,1299566279000,61.008,61.008,61.002,61.002,56000000,1
1299566280000,1299566339000,61.003,61.003,60.987,60.993,98000000,1
1299566340000,1299566399000,60.992,60.992,60.987,60.99,30000000,1
1299566400000,1299566459000,60.989,60.998,60.97,60.977,69000000,1
1299566460000,1299566519000,60.978,60.978,60.957,60.966,64000000,1
1299566520000,1299566579000,60.966,60.987,60.962,60.987,52000000,1
1299566580000,1299566639000,60.987,60.987,60.968,60.968,56000000,1
1299566640000,1299566699000,60.968,61.008,60.968,61.003,91000000,1
1299566700000,1299566759000,61.008,61.008,60.977,60.977,158000000,1
1299566760000,1299566819000,60.977,60.978,60.977,60.978,46000000,1
1299566820000,1299566879000,60.978,60.978,60.959,60.959,36000000,1
1299566880000,1299566939000,60.963,60.968,60.957,60.957,75000000,1
1299566940000,1299566999000,60.957,60.978,60.957,60.977,60000000,1
1299567000000,1299567059000,60.978,60.978,60.967,60.969,29000000,1
1299567060000,1299567119000,60.967,60.988,60.967,60.978,95000000,1
1299567120000,1299567179000,60.979,60.988,60.967,60.978,115000000,1
1299567180000,1299567239000,60.978,60.998,60.977,60.987,123000000,1
1299567240000,1299567299000,60.987,61.007,60.967,60.976,193000000,1
1299567300000,1299567359000,60.976,60.978,60.957,60.957,74000000,1
1299567360000,1299567419000,60.957,60.98,60.957,60.98,90000000,1
1299567420000,1299567479000,60.98,61.001,60.967,60.997,240000000,1
1299567480000,1299567539000,60.997,61.038,60.986,61.03,302000000,1
1299567540000,1299567599000,61.028,61.064,61.027,61.057,192000000,1
1299567600000,1299567659000,61.057,61.077,61.033,61.045,159000000,1
1299567660000,1299567719000,61.044,61.078,61.038,61.066,111000000,1
1299567720000,1299567779000,61.066,61.067,61.038,61.04,47000000,1
1299567780000,1299567839000,61.04,61.068,61.04,61.058,53000000,1
1299567840000,1299567899000,61.058,61.068,61.057,61.058,70000000,1
1299567900000,1299567959000,61.05,61.073,61.05,61.058,76000000,1
1299567960000,1299568019000,61.056,61.068,61.049,61.068,98000000,1
1299568020000,1299568079000,61.068,61.078,61.058,61.058,63000000,1
1299568080000,1299568139000,61.06,61.075,61.058,61.075,114000000,1
1299568140000,1299568199000,61.073,61.073,61.049,61.056,77000000,1
1299568200000,1299568259000,61.056,61.058,61.039,61.048,89000000,1
1299568260000,1299568319000,61.048,61.048,61.026,61.027,88000000,1
1299568320000,1299568379000,61.027,61.028,61.016,61.018,52000000,1
1299568380000,1299568439000,61.016,61.036,61.012,61.027,64000000,1
1299568440000,1299568499000,61.027,61.039,61.017,61.017,123000000,1
1299568500000,1299568559000,61.017,61.018,60.991,61.008,113000000,1
1299568560000,1299568619000,61.007,61.007,60.988,60.997,50000000,1
1299568620000,1299568679000,60.997,61.001,60.996,60.998,41000000,1
1299568680000,1299568739000,60.998,61.008,60.996,61.008,36000000,1
1299568740000,1299568799000,61.008,61.008,60.997,61.005,32000000,1
1299568800000,1299568859000,61.004,61.023,60.997,61.008,148000000,1
1299568860000,1299568919000,61.007,61.02,60.998,61.009,62000000,1
1299568920000,1299568979000,61.008,61.027,61.0,61.026,68000000,1
1299568980000,1299569039000,61.033,61.037,61.018,61.027,110000000,1
1299569040000,1299569099000,61.027,61.029,61.026,61.026,120000000,1
1299569100000,1299569159000,61.027,61.038,61.018,61.037,70000000,1
1299569160000,1299569219000,61.036,61.047,61.036,61.046,82000000,1
1299569220000,1299569279000,61.048,61.067,61.046,61.067,67000000,1
1299569280000,1299569339000,61.067,61.087,61.066,61.087,95000000,1
1299569340000,1299569399000,61.086,61.091,61.076,61.083,89000000,1
1299569400000,1299569459000,61.083,61.089,61.078,61.078,85000000,1
1299569460000,1299569519000,61.078,61.086,61.06,61.067,60000000,1
1299569520000,1299569579000,61.067,61.077,61.057,61.07,84000000,1
1299569580000,1299569639000,61.072,61.077,61.058,61.073,91000000,1
1299569640000,1299569699000,61.068,61.082,61.058,61.058,87000000,1
1299569700000,1299569759000,61.061,61.061,61.055,61.06,19000000,1
1299569760000,1299569819000,61.061,61.078,61.057,61.069,92000000,1
1299569820000,1299569879000,61.069,61.098,61.067,61.077,206000000,1
1299569880000,1299569939000,61.077,61.087,61.06,61.06,145000000,1
1299569940000,1299569999000,61.057,61.057,61.036,61.037,79000000,1
1299570000000,1299570059000,61.037,61.058,61.037,61.055,64000000,1
1299570060000,1299570119000,61.057,61.087,61.048,61.052,88000000,1
1299570120000,1299570179000,61.047,61.056,61.006,61.008,162000000,1
1299570180000,1299570239000,61.01,61.042,61.008,61.036,124000000,1
1299570240000,1299570299000,61.032,61.038,61.032,61.038,14000000,1
1299570300000,1299570359000,61.037,61.038,61.026,61.027,62000000,1
1299570360000,1299570419000,61.027,61.037,60.998,61.017,196000000,1
1299570420000,1299570479000,61.017,61.046,60.999,61.046,150000000,1
1299570480000,1299570539000,61.046,61.063,61.046,61.047,133000000,1
1299570540000,1299570599000,61.048,61.058,61.037,61.037,208000000,1
1299570600000,1299570659000,61.037,61.046,61.006,61.006,76000000,1
1299570660000,1299570719000,61.007,61.007,60.977,60.989,73000000,1
1299570720000,1299570779000,60.991,61.028,60.986,61.028,133000000,1
1299570780000,1299570839000,61.027,61.029,61.014,61.018,95000000,1
1299570840000,1299570899000,61.018,61.024,60.997,61.018,53000000,1
1299570900000,1299570959000,61.024,61.024,61.024,61.024,4000000,1
1299570960000,1299571019000,61.018,61.031,61.016,61.026,55000000,1
1299571020000,1299571079000,61.026,61.032,61.02,61.027,43000000,1
1299571080000,1299571139000,61.021,61.027,61.017,61.022,30000000,1
1299571140000,1299571199000,61.021,61.038,61.009,61.038,101000000,1
1299571200000,1299571259000,61.038,61.039,61.029,61.029,76000000,1
1299571260000,1299571319000,61.028,61.03,61.02,61.027,43000000,1
1299571320000,1299571379000,61.027,61.058,61.021,61.056,94000000,1
1299571380000,1299571439000,61.056,61.083,61.052,61.066,80000000,1
1299571440000,1299571499000,61.066,61.078,61.058,61.066,68000000,1
1299571500000,1299571559000,61.066,61.09,61.066,61.081,62000000,1
1299571560000,1299571619000,61.081,61.107,61.08,61.097,108000000,1
1299571620000,1299571679000,61.087,61.098,61.061,61.066,83000000,1
1299571680000,1299571739000,61.066,61.069,61.047,61.061,81000000,1
1299571740000,1299571799000,61.067,61.067,61.049,61.057,25000000,1
1299571800000,1299571859000,61.048,61.067,61.036,61.066,101000000,1
1299571860000,1299571919000,61.067,61.068,61.056,61.058,84000000,1
1299571920000,1299571979000,61.057,61.057,61.036,61.046,117000000,1
1299571980000,1299572039000,61.046,61.057,61.042,61.047,54000000,1
1299572040000,1299572099000,61.047,61.059,61.046,61.057,62000000,1
1299572100000,1299572159000,61.057,61.074,61.054,61.066,117000000,1
1299572160000,1299572219000,61.066,61.066,61.05,61.056,66000000,1
1299572220000,1299572279000,61.056,61.056,61.056,61.056,2000000,1
1299572280000,1299572339000,61.056,61.066,61.056,61.058,60000000,1
1299572340000,1299572399000,61.057,61.057,61.037,61.057,43000000,1
1299572400000,1299572459000,61.057,61.067,61.038,61.056,95000000,1
1299572460000,1299572519000,61.056,61.078,61.056,61.057,77000000,1
1299572520000,1299572579000,61.057,61.066,61.046,61.046,79000000,1
1299572580000,1299572639000,61.047,61.059,61.037,61.059,66000000,1
1299572640000,1299572699000,61.059,61.068,61.056,61.057,70000000,1
1299572700000,1299572759000,61.057,61.069,61.046,61.059,78000000,1
1299572760000,1299572819000,61.059,61.069,61.037,61.046,94000000,1
1299572820000,1299572879000,61.037,61.038,61.017,61.036,62000000,1
1299572880000,1299572939000,61.036,61.057,61.036,61.057,60000000,1
1299572940000,1299572999000,61.056,61.067,61.048,61.057,105000000,1
1299573000000,1299573059000,61.047,61.057,61.046,61.047,122000000,1
1299573060000,1299573119000,61.047,61.047,61.03,61.037,62000000,1
1299573120000,1299573179000,61.037,61.047,61.027,61.027,77000000,1
1299573180000,1299573239000,61.027,61.037,61.027,61.028,39000000,1
1299573240000,1299573299000,61.028,61.029,61.007,61.024,131000000,1
1299573300000,1299573359000,61.024,61.027,60.976,60.984,124000000,1
1299573360000,1299573419000,60.986,61.0,60.978,60.986,105000000,1
1299573420000,1299573479000,60.977,60.987,60.951,60.957,132000000,1
1299573480000,1299573539000,60.957,60.983,60.957,60.977,118000000,1
1299573540000,1299573599000,60.967,60.978,60.957,60.975,70000000,1
1299573600000,1299573659000,60.976,60.976,60.956,60.967,106000000,1
1299573660000,1299573719000,60.967,60.982,60.967,60.979,31000000,1
1299573720000,1299573779000,60.981,60.996,60.981,60.986,36000000,1
1299573780000,1299573839000,60.991,60.997,60.986,60.987,76000000,1
1299573840000,1299573899000,60.982,60.987,60.976,60.986,105000000,1
1299573900000,1299573959000,60.986,60.997,60.966,60.966,95000000,1
1299573960000,1299574019000,60.966,60.967,60.952,60.955,79000000,1
1299574020000,1299574079000,60.951,60.951,60.936,60.947,40000000,1
1299574080000,1299574139000,60.955,60.976,60.95,60.967,37000000,1
1299574140000,1299574199000,60.967,60.977,60.966,60.977,67000000,1
1299574200000,1299574259000,60.976,61.007,60.976,61.006,97000000,1
1299574260000,1299574319000,61.006,61.034,61.006,61.026,44000000,1
1299574320000,1299574379000,61.026,61.037,61.017,61.037,65000000,1
1299574380000,1299574439000,61.027,61.037,61.026,61.027,37000000,1
1299574440000,1299574499000,61.027,61.037,61.027,61.027,17000000,1
1299574500000,1299574559000,61.036,61.046,61.03,61.037,33000000,1
1299574560000,1299574619000,61.036,61.046,60.996,61.026,125000000,1
1299574620000,1299574679000,61.026,61.047,61.026,61.039,34000000,1
1299574680000,1299574739000,61.038,61.048,61.037,61.037,101000000,1
1299574740000,1299574799000,61.037,61.037,61.02,61.031,77000000,1
1299574800000,1299574859000,61.029,61.031,61.026,61.026,42000000,1
1299574860000,1299574919000,61.026,61.027,61.019,61.027,30000000,1
1299574920000,1299574979000,61.017,61.047,61.016,61.036,37000000,1
1299574980000,1299575039000,61.036,61.048,61.017,61.036,87000000,1
1299575040000,1299575099000,61.036,61.04,61.006,61.006,42000000,1
1299575100000,1299575159000,61.008,61.008,60.996,60.997,24000000,1
1299575160000,1299575219000,60.997,60.997,60.976,60.976,70000000,1
1299575220000,1299575279000,60.978,60.997,60.978,60.996,51000000,1
1299575280000,1299575339000,60.997,60.997,60.982,60.986,34000000,1
1299575340000,1299575399000,60.986,60.987,60.986,60.987,6000000,1
1299575400000,1299575459000,60.986,61.007,60.978,60.998,49000000,1
1299575460000,1299575519000,61.0,61.007,60.977,60.999,56000000,1
1299575520000,1299575579000,60.997,61.007,60.997,61.007,19000000,1
1299575580000,1299575639000,61.007,61.007,61.001,61.007,9000000,1
1299575640000,1299575699000,61.007,61.007,61.0,61.0,35000000,1
1299575700000,1299575759000,61.0,61.009,61.0,61.007,37000000,1
1299575760000,1299575819000,61.006,61.016,60.996,61.003,67000000,1
1299575820000,1299575879000,61.006,61.007,60.996,61.007,40000000,1
1299575880000,1299575939000,61.007,61.007,60.998,61.007,65000000,1
1299575940000,1299575999000,61.007,61.016,61.003,61.016,22000000,1
1299576000000,1299576059000,61.016,61.02,61.016,61.016,30000000,1
1299576060000,1299576119000,61.016,61.031,61.016,61.031,42000000,1
1299576120000,1299576179000,61.028,61.028,61.02,61.022,12000000,1
1299576180000,1299576239000,61.026,61.027,61.017,61.027,24000000,1
1299576240000,1299576299000,61.023,61.047,61.021,61.036,110000000,1
1299576300000,1299576359000,61.037,61.037,61.016,61.017,60000000,1
1299576360000,1299576419000,61.017,61.017,60.978,60.987,61000000,1
1299576420000,1299576479000,60.988,60.992,60.976,60.979,78000000,1
1299576480000,1299576539000,60.979,60.986,60.966,60.986,87000000,1
1299576540000,1299576599000,60.986,60.986,60.976,60.978,20000000,1
1299576600000,1299576659000,60.978,60.988,60.977,60.977,68000000,1
1299576660000,1299576719000,60.976,60.987,60.976,60.987,40000000,1
1299576720000,1299576779000,60.987,61.001,60.978,61.001,50000000,1
1299576780000,1299576839000,61.001,61.044,60.999,61.038,144000000,1
1299576840000,1299576899000,61.038,61.05,61.028,61.036,118000000,1
1299576900000,1299576959000,61.038,61.062,61.038,61.047,87000000,1
1299576960000,1299577019000,61.046,61.046,61.029,61.036,50000000,1
1299577020000,1299577079000,61.036,61.043,61.036,61.042,17000000,1
1299577080000,1299577139000,61.038,61.038,61.029,61.034,55000000,1
1299577140000,1299577199000,61.034,61.047,61.027,61.037,45000000,1
1299577200000,1299577259000,61.037,61.041,61.027,61.037,196000000,1
1299577260000,1299577319000,61.041,61.056,61.038,61.056,24000000,1
1299577320000,1299577379000,61.056,61.056,61.044,61.048,74000000,1
1299577380000,1299577439000,61.048,61.048,61.046,61.046,32000000,1
1299577440000,1299577499000,61.046,61.052,61.046,61.052,48000000,1
1299577500000,1299577559000,61.052,61.053,61.048,61.052,11000000,1
1299577560000,1299577619000,61.052,61.052,61.041,61.044,58000000,1
1299577620000,1299577679000,61.053,61.053,61.031,61.037,58000000,1
1299577680000,1299577739000,61.041,61.047,61.03,61.037,43000000,1
1299577740000,1299577799000,61.036,61.037,61.029,61.029,13000000,1
1299577800000,1299577859000,61.029,61.04,61.029,61.04,21000000,1
1299577860000,1299577919000,61.045,61.047,61.043,61.047,25000000,1
1299577920000,1299577979000,61.042,61.063,61.038,61.063,87000000,1
1299577980000,1299578039000,61.066,61.067,61.059,61.059,20000000,1
1299578040000,1299578099000,61.058,61.073,61.053,61.071,86000000,1
1299578100000,1299578159000,61.069,61.07,61.057,61.067,181000000,1
1299578160000,1299578219000,61.066,61.143,61.066,61.067,81000000,1
1299578220000,1299578279000,61.061,61.067,61.057,61.067,23000000,1
1299578280000,1299578339000,61.064,61.064,61.027,61.027,58000000,1
1299578340000,1299578399000,61.027,61.033,61.024,61.026,74000000,1
1299578400000,1299578459000,61.026,61.027,61.01,61.013,55000000,1
1299578460000,1299578519000,61.015,61.017,61.002,61.008,59000000,1
1299578520000,1299578579000,61.008,61.028,61.008,61.028,88000000,1
1299578580000,1299578639000,61.028,61.048,61.028,61.047,63000000,1
1299578640000,1299578699000,61.052,61.07,61.05,61.06,67000000,1
1299578700000,1299578759000,61.063,61.081,61.036,61.049,84000000,1
1299578760000,1299578819000,61.046,61.049,61.036,61.041,47000000,1
1299578820000,1299578879000,61.041,61.056,61.037,61.056,39000000,1
1299578880000,1299578939000,61.057,61.057,61.039,61.047,37000000,1
1299578940000,1299578999000,61.047,61.056,61.006,61.008,89000000,1
1299579000000,1299579059000,61.009,61.022,61.006,61.021,71000000,1
1299579060000,1299579119000,61.017,61.026,61.017,61.021,57000000,1
1299579120000,1299579179000,61.024,61.027,61.023,61.026,22000000,1
1299579180000,1299579239000,61.026,61.037,61.026,61.036,53000000,1
1299579240000,1299579299000,61.036,61.037,61.017,61.017,60000000,1
1299579300000,1299579359000,61.017,61.026,61.006,61.026,57000000,1
1299579360000,1299579419000,61.027,61.033,61.02,61.02,46000000,1
1299579420000,1299579479000,61.02,61.027,61.006,61.006,58000000,1
1299579480000,1299579539000,61.007,61.028,61.006,61.022,74000000,1
1299579540000,1299579599000,61.022,61.026,61.012,61.012,50000000,1
1299579600000,1299579659000,61.013,61.044,61.009,61.044,55000000,1
1299579660000,1299579719000,61.04,61.048,61.026,61.037,53000000,1
1299579720000,1299579779000,61.031,61.036,61.017,61.017,41000000,1
1299579780000,1299579839000,61.017,61.021,61.003,61.003,39000000,1
1299579840000,1299579899000,61.004,61.007,61.001,61.007,15000000,1
1299579900000,1299579959000,61.008,61.012,61.003,61.006,45000000,1
1299579960000,1299580019000,61.007,61.018,61.006,61.018,33000000,1
1299580020000,1299580079000,61.018,61.029,61.016,61.027,71000000,1
1299580080000,1299580139000,61.027,61.047,61.022,61.045,47000000,1
1299580140000,1299580199000,61.047,61.054,61.036,61.036,46000000,1
1299580200000,1299580259000,61.037,61.038,61.031,61.031,33000000,1
1299580260000,1299580319000,61.029,61.029,61.024,61.026,28000000,1
1299580320000,1299580379000,61.026,61.03,61.019,61.027,93000000,1
1299580380000,1299580439000,61.027,61.027,61.02,61.02,8000000,1
1299580440000,1299580499000,61.02,61.026,61.017,61.022,24000000,1
1299580500000,1299580559000,61.022,61.022,61.008,61.016,31000000,1
1299580560000,1299580619000,61.016,61.017,61.003,61.003,53000000,1
1299580620000,1299580679000,61.003,61.008,61.003,61.007,27000000,1
1299580680000,1299580739000,61.006,61.014,60.998,61.012,60000000,1
1299580740000,1299580799000,61.012,61.015,60.997,61.001,43000000,1
1299580800000,1299580859000,60.999,61.006,60.997,60.999,15000000,1
1299580860000,1299580919000,60.997,61.007,60.997,60.998,109000000,1
1299580920000,1299580979000,60.998,61.008,60.989,60.991,87000000,1
1299580980000,1299581039000,60.991,61.01,60.991,61.01,16000000,1
1299581040000,1299581099000,61.01,61.026,61.01,61.026,35000000,1
1299581100000,1299581159000,61.027,61.027,61.017,61.018,21000000,1
1299581160000,1299581219000,61.018,61.026,61.009,61.009,22000000,1
1299581220000,1299581279000,61.009,61.016,61.009,61.011,11000000,1
1299581280000,1299581339000,61.012,61.018,61.011,61.011,12000000,1
1299581340000,1299581399000,61.015,61.049,61.008,61.046,44000000,1
1299581400000,1299581459000,61.046,61.047,61.038,61.047,37000000,1
1299581460000,1299581519000,61.047,61.047,61.039,61.039,18000000,1
1299581520000,1299581579000,61.047,61.048,61.046,61.047,36000000,1
1299581580000,1299581639000,61.047,61.067,61.047,61.058,58000000,1
1299581640000,1299581699000,61.058,61.06,61.049,61.049,28000000,1
1299581700000,1299581759000,61.046,61.067,61.041,61.061,39000000,1
1299581760000,1299581819000,61.061,61.061,61.042,61.042,28000000,1
1299581820000,1299581879000,61.044,61.047,61.036,61.036,37000000,1
1299581880000,1299581939000,61.036,61.036,61.002,61.007,73000000,1
1299581940000,1299581999000,61.007,61.018,61.007,61.018,39000000,1
1299582000000,1299582059000,61.018,61.033,61.018,61.031,41000000,1
1299582060000,1299582119000,61.029,61.031,61.024,61.027,33000000,1
1299582120000,1299582179000,61.027,61.034,61.01,61.016,70000000,1
1299582180000,1299582239000,61.017,61.04,61.017,61.039,39000000,1
1299582240000,1299582299000,61.036,61.08,61.036,61.077,62000000,1
1299582300000,1299582359000,61.071,61.086,61.046,61.046,128000000,1
1299582360000,1299582419000,61.046,61.081,61.046,61.081,57000000,1
1299582420000,1299582479000,61.091,61.098,61.061,61.096,133000000,1
1299582480000,1299582539000,61.096,61.1,61.057,61.067,104000000,1
1299582540000,1299582599000,61.068,61.087,61.068,61.087,44000000,1
1299582600000,1299582659000,61.087,61.091,61.061,61.09,49000000,1
1299582660000,1299582719000,61.096,61.097,61.086,61.097,51000000,1
1299582720000,1299582779000,61.087,61.087,61.087,61.087,11000000,1
1299582780000,1299582839000,61.087,61.127,61.086,61.126,77000000,1
1299582840000,1299582899000,61.123,61.156,61.116,61.154,152000000,1
1299582900000,1299582959000,61.151,61.163,61.142,61.156,93000000,1
1299582960000,1299583019000,61.157,61.167,61.156,61.166,80000000,1
1299583020000,1299583079000,61.166,61.167,61.156,61.157,87000000,1
1299583080000,1299583139000,61.157,61.167,61.147,61.149,66000000,1
1299583140000,1299583199000,61.149,61.149,61.132,61.143,62000000,1
1299583200000,1299583259000,61.144,61.16,61.131,61.159,76000000,1
1299583260000,1299583319000,61.158,61.186,61.158,61.181,53000000,1
1299583320000,1299583379000,61.177,61.181,61.167,61.172,104000000,1
1299583380000,1299583439000,61.173,61.173,61.167,61.171,22000000,1
1299583440000,1299583499000,61.171,61.182,61.166,61.166,85000000,1
1299583500000,1299583559000,61.167,61.194,61.167,61.183,31000000,1
1299583560000,1299583619000,61.177,61.181,61.173,61.173,56000000,1
1299583620000,1299583679000,61.173,61.196,61.173,61.192,50000000,1
1299583680000,1299583739000,61.194,61.194,61.173,61.174,59000000,1
1299583740000,1299583799000,61.169,61.182,61.169,61.181,24000000,1
1299583800000,1299583859000,61.182,61.188,61.179,61.187,24000000,1
1299583860000,1299583919000,61.187,61.187,61.184,61.186,33000000,1
1299583920000,1299583979000,61.186,61.187,61.186,61.186,13000000,1
1299583980000,1299584039000,61.186,61.187,61.186,61.186,43000000,1
1299584040000,1299584099000,61.187,61.187,61.182,61.186,42000000,1
1299584100000,1299584159000,61.186,61.186,61.172,61.178,87000000,1
1299584160000,1299584219000,61.181,61.187,61.178,61.186,19000000,1
1299584220000,1299584279000,61.187,61.187,61.165,61.165,76000000,1
1299584280000,1299584339000,61.165,61.177,61.16,61.174,46000000,1
1299584340000,1299584399000,61.171,61.187,61.166,61.176,66000000,1
1299584400000,1299584459000,61.176,61.177,61.168,61.175,41000000,1
1299584460000,1299584519000,61.176,61.176,61.153,61.158,105000000,1
1299584520000,1299584579000,61.159,61.166,61.157,61.159,76000000,1
1299584580000,1299584639000,61.158,61.164,61.147,61.151,34000000,1
1299584640000,1299584699000,61.15,61.165,61.149,61.161,64000000,1
1299584700000,1299584759000,61.161,61.169,61.153,61.163,43000000,1
1299584760000,1299584819000,61.162,61.167,61.151,61.156,67000000,1
1299584820000,1299584879000,61.156,61.169,61.146,61.157,107000000,1
1299584880000,1299584939000,61.157,61.171,61.154,61.167,92000000,1
1299584940000,1299584999000,61.167,61.182,61.144,61.179,83000000,1
1299585000000,1299585059000,61.182,61.188,61.153,61.153,71000000,1
1299585060000,1299585119000,61.16,61.165,61.16,61.165,5000000,1
1299585120000,1299585179000,61.166,61.169,61.148,61.162,58000000,1
1299585180000,1299585239000,61.162,61.163,61.136,61.136,69000000,1
1299585240000,1299585299000,61.136,61.156,61.136,61.156,53000000,1
1299585300000,1299585359000,61.157,61.167,61.157,61.158,52000000,1
1299585360000,1299585419000,61.157,61.16,61.157,61.16,9000000,1
1299585420000,1299585479000,61.16,61.161,61.155,61.157,300000000,1
1299585480000,1299585539000,61.156,61.156,61.138,61.152,162000000,1
1299585540000,1299585599000,61.157,61.157,61.148,61.151,37000000,1
1299585600000,1299585659000,61.15,61.157,61.15,61.157,22000000,1
1299585660000,1299585719000,61.157,61.167,61.152,61.156,20000000,1
1299585720000,1299585779000,61.152,61.155,61.139,61.154,58000000,1
1299585780000,1299585839000,61.156,61.159,61.132,61.137,91000000,1
1299585840000,1299585899000,61.137,61.147,61.133,61.137,87000000,1
1299585900000,1299585959000,61.131,61.146,61.131,61.137,52000000,1
1299585960000,1299586019000,61.138,61.138,61.12,61.126,86000000,1
1299586020000,1299586079000,61.126,61.127,61.106,61.121,60000000,1
1299586080000,1299586139000,61.127,61.136,61.122,61.127,46000000,1
1299586140000,1299586199000,61.127,61.129,61.089,61.09,68000000,1
1299586200000,1299586259000,61.088,61.098,61.086,61.089,80000000,1
1299586260000,1299586319000,61.09,61.104,61.073,61.079,94000000,1
1299586320000,1299586379000,61.088,61.088,61.065,61.065,76000000,1
1299586380000,1299586439000,61.066,61.077,61.057,61.068,82000000,1
1299586440000,1299586499000,61.068,61.105,61.068,61.105,48000000,1
1299586500000,1299586559000,61.106,61.141,61.096,61.127,74000000,1
1299586560000,1299586619000,61.127,61.137,61.118,61.128,94000000,1
1299586620000,1299586679000,61.127,61.136,61.107,61.116,38000000,1
1299586680000,1299586739000,61.116,61.127,61.108,61.117,55000000,1
1299586740000,1299586799000,61.116,61.117,61.099,61.099,69000000,1
1299586800000,1299586859000,61.098,61.098,61.076,61.086,108000000,1
1299586860000,1299586919000,61.077,61.087,61.077,61.079,59000000,1
1299586920000,1299586979000,61.079,61.086,61.067,61.072,63000000,1
1299586980000,1299587039000,61.076,61.083,61.072,61.083,54000000,1
1299587040000,1299587099000,61.089,61.09,61.086,61.088,48000000,1
1299587100000,1299587159000,61.088,61.092,61.067,61.067,84000000,1
1299587160000,1299587219000,61.067,61.067,61.057,61.059,20000000,1
1299587220000,1299587279000,61.059,61.076,61.059,61.059,41000000,1
1299587280000,1299587339000,61.059,61.067,61.056,61.058,44000000,1
1299587340000,1299587399000,61.058,61.078,61.058,61.078,47000000,1
1299587400000,1299587459000,61.077,61.086,61.076,61.077,110000000,1
1299587460000,1299587519000,61.076,61.079,61.066,61.066,172000000,1
1299587520000,1299587579000,61.066,61.066,61.041,61.041,131000000,1
1299587580000,1299587639000,61.043,61.047,61.026,61.036,169000000,1
1299587640000,1299587699000,61.037,61.063,61.036,61.061,95000000,1
1299587700000,1299587759000,61.068,61.097,61.066,61.087,123000000,1
1299587760000,1299587819000,61.087,61.098,61.077,61.077,118000000,1
1299587820000,1299587879000,61.077,61.106,61.077,61.106,105000000,1
1299587880000,1299587939000,61.106,61.117,61.086,61.086,132000000,1
1299587940000,1299587999000,61.088,61.096,61.078,61.087,73000000,1
1299588000000,1299588059000,61.087,61.122,61.087,61.117,126000000,1
1299588060000,1299588119000,61.11,61.117,61.106,61.106,75000000,1
1299588120000,1299588179000,61.106,61.108,61.096,61.096,58000000,1
1299588180000,1299588239000,61.096,61.096,61.086,61.088,73000000,1
1299588240000,1299588299000,61.088,61.108,61.087,61.107,74000000,1
1299588300000,1299588359000,61.106,61.117,61.093,61.108,57000000,1
1299588360000,1299588419000,61.108,61.109,61.108,61.109,21000000,1
1299588420000,1299588479000,61.128,61.129,61.118,61.127,43000000,1
1299588480000,1299588539000,61.128,61.139,61.127,61.128,56000000,1
1299588540000,1299588599000,61.128,61.148,61.127,61.148,75000000,1
1299588600000,1299588659000,61.148,61.168,61.147,61.168,155000000,1
1299588660000,1299588719000,61.168,61.178,61.147,61.147,120000000,1
1299588720000,1299588779000,61.151,61.157,61.137,61.148,113000000,1
1299588780000,1299588839000,61.148,61.148,61.127,61.128,58000000,1
1299588840000,1299588899000,61.128,61.13,61.098,61.1,116000000,1
1299588900000,1299588959000,61.1,61.108,61.07,61.076,110000000,1
1299588960000,1299589019000,61.07,61.078,61.057,61.067,99000000,1
1299589020000,1299589079000,61.067,61.069,61.057,61.066,88000000,1
1299589080000,1299589139000,61.058,61.058,61.036,61.036,47000000,1
1299589140000,1299589199000,61.036,61.05,61.028,61.037,106000000,1
1299589200000,1299589259000,61.037,61.137,61.027,61.132,206000000,1
1299589260000,1299589319000,61.128,61.128,61.096,61.096,124000000,1
1299589320000,1299589379000,61.097,61.106,61.068,61.076,94000000,1
1299589380000,1299589439000,61.076,61.078,61.036,61.036,138000000,1
1299589440000,1299589499000,61.036,61.037,61.006,61.02,135000000,1
1299589500000,1299589559000,61.019,61.027,60.998,61.027,99000000,1
1299589560000,1299589619000,61.027,61.028,60.997,60.997,116000000,1
1299589620000,1299589679000,60.996,61.028,60.991,61.008,219000000,1
1299589680000,1299589739000,61.008,61.019,61.007,61.016,106000000,1
1299589740000,1299589799000,61.017,61.047,61.008,61.037,148000000,1
1299589800000,1299589859000,61.037,61.038,61.009,61.027,131000000,1
1299589860000,1299589919000,61.027,61.028,61.0,61.007,168000000,1
1299589920000,1299589979000,61.01,61.015,60.988,60.989,66000000,1
1299589980000,1299590039000,60.99,61.007,60.986,61.007,50000000,1
1299590040000,1299590099000,61.007,61.007,60.986,60.986,62000000,1
1299590100000,1299590159000,60.988,60.997,60.976,60.977,115000000,1
1299590160000,1299590219000,60.977,61.057,60.977,61.047,178000000,1
1299590220000,1299590279000,61.048,61.086,61.046,61.079,174000000,1
1299590280000,1299590339000,61.087,61.099,61.048,61.058,128000000,1
1299590340000,1299590399000,61.057,61.058,61.036,61.038,129000000,1
1299590400000,1299590459000,61.043,61.062,61.037,61.047,139000000,1
1299590460000,1299590519000,61.047,61.058,61.032,61.051,75000000,1
1299590520000,1299590579000,61.057,61.057,61.027,61.037,150000000,1
1299590580000,1299590639000,61.037,61.051,61.036,61.046,119000000,1
1299590640000,1299590699000,61.037,61.048,61.027,61.027,96000000,1
1299590700000,1299590759000,61.027,61.046,61.027,61.028,76000000,1
1299590760000,1299590819000,61.028,61.036,61.009,61.013,107000000,1
1299590820000,1299590879000,61.007,61.018,60.998,61.002,99000000,1
1299590880000,1299590939000,61.0,61.018,60.988,61.008,169000000,1
1299590940000,1299590999000,61.008,61.018,60.997,61.008,145000000,1
1299591000000,1299591059000,61.007,61.028,61.007,61.007,185000000,1
1299591060000,1299591119000,61.008,61.028,60.997,61.008,145000000,1
1299591120000,1299591179000,61.007,61.048,61.007,61.038,222000000,1
1299591180000,1299591239000,61.038,61.077,61.037,61.068,139000000,1
1299591240000,1299591299000,61.067,61.067,61.037,61.037,88000000,1
1299591300000,1299591359000,61.037,61.071,61.037,61.069,110000000,1
1299591360000,1299591419000,61.077,61.078,61.057,61.067,97000000,1
1299591420000,1299591479000,61.067,61.067,61.037,61.038,85000000,1
1299591480000,1299591539000,61.046,61.048,61.027,61.037,123000000,1
1299591540000,1299591599000,61.037,61.037,61.007,61.007,95000000,1
1299591600000,1299591659000,61.011,61.051,61.008,61.049,144000000,1
1299591660000,1299591719000,61.049,61.059,61.047,61.047,107000000,1
1299591720000,1299591779000,61.047,61.068,61.038,61.068,89000000,1
1299591780000,1299591839000,61.068,61.068,61.049,61.049,54000000,1
1299591840000,1299591899000,61.048,61.048,61.037,61.048,85000000,1
1299591900000,1299591959000,61.048,61.056,61.047,61.047,40000000,1
1299591960000,1299592019000,61.046,61.048,61.037,61.048,77000000,1
1299592020000,1299592079000,61.049,61.058,61.049,61.057,49000000,1
1299592080000,1299592139000,61.061,61.07,61.057,61.07,15000000,1
1299592140000,1299592199000,61.07,61.087,61.07,61.083,71000000,1
1299592200000,1299592259000,61.085,61.108,61.085,61.093,76000000,1
1299592260000,1299592319000,61.098,61.107,61.086,61.087,54000000,1
1299592320000,1299592379000,61.087,61.087,61.046,61.057,101000000,1
1299592380000,1299592439000,61.057,61.057,61.019,61.028,165000000,1
1299592440000,1299592499000,61.027,61.058,61.027,61.056,94000000,1
1299592500000,1299592559000,61.056,61.056,61.036,61.048,123000000,1
1299592560000,1299592619000,61.048,61.05,61.011,61.011,84000000,1
1299592620000,1299592679000,61.013,61.038,61.013,61.037,70000000,1
1299592680000,1299592739000,61.03,61.057,61.03,61.057,92000000,1
1299592740000,1299592799000,61.057,61.057,61.036,61.037,70000000,1
1299592800000,1299592859000,61.037,61.047,61.037,61.046,73000000,1
1299592860000,1299592919000,61.046,61.079,61.046,61.069,124000000,1
1299592920000,1299592979000,61.069,61.086,61.066,61.077,77000000,1
1299592980000,1299593039000,61.077,61.088,61.076,61.088,77000000,1
1299593040000,1299593099000,61.087,61.116,61.086,61.092,166000000,1
1299593100000,1299593159000,61.089,61.127,61.087,61.107,215000000,1
1299593160000,1299593219000,61.107,61.138,61.106,61.132,228000000,1
1299593220000,1299593279000,61.136,61.14,61.123,61.128,214000000,1
1299593280000,1299593339000,61.127,61.127,61.047,61.069,255000000,1
1299593340000,1299593399000,61.069,61.078,61.042,61.057,138000000,1
1299593400000,1299593459000,61.058,61.067,61.049,61.061,146000000,1
1299593460000,1299593519000,61.061,61.07,61.056,61.06,73000000,1
1299593520000,1299593579000,61.061,61.077,61.037,61.043,123000000,1
1299593580000,1299593639000,61.046,61.077,61.04,61.053,160000000,1
1299593640000,1299593699000,61.057,61.067,61.049,61.066,87000000,1
1299593700000,1299593759000,61.068,61.097,61.067,61.086,119000000,1
1299593760000,1299593819000,61.086,61.106,61.084,61.084,109000000,1
1299593820000,1299593879000,61.088,61.088,61.058,61.059,126000000,1
1299593880000,1299593939000,61.059,61.092,61.053,61.087,145000000,1
1299593940000,1299593999000,61.087,61.088,61.057,61.057,151000000,1
1299594000000,1299594059000,61.057,61.076,61.047,61.047,97000000,1
1299594060000,1299594119000,61.047,61.077,61.047,61.067,124000000,1
1299594120000,1299594179000,61.067,61.078,61.047,61.048,170000000,1
1299594180000,1299594239000,61.049,61.066,61.047,61.057,197000000,1
1299594240000,1299594299000,61.057,61.066,61.046,61.057,153000000,1
1299594300000,1299594359000,61.057,61.057,61.027,61.04,124000000,1
1299594360000,1299594419000,61.047,61.057,61.037,61.037,59000000,1
1299594420000,1299594479000,61.038,61.038,61.026,61.036,74000000,1
1299594480000,1299594539000,61.037,61.067,61.027,61.067,111000000,1
1299594540000,1299594599000,61.058,61.068,61.037,61.038,176000000,1
1299594600000,1299594659000,61.04,61.059,61.04,61.057,98000000,1
1299594660000,1299594719000,61.058,61.089,61.057,61.089,96000000,1
1299594720000,1299594779000,61.088,61.098,61.086,61.098,136000000,1
1299594780000,1299594839000,61.098,61.118,61.088,61.107,178000000,1
1299594840000,1299594899000,61.099,61.118,61.08,61.087,190000000,1
1299594900000,1299594959000,61.087,61.096,61.057,61.058,147000000,1
1299594960000,1299595019000,61.062,61.098,61.057,61.087,177000000,1
1299595020000,1299595079000,61.087,61.088,61.057,61.076,147000000,1
1299595080000,1299595139000,61.068,61.068,61.056,61.058,183000000,1
1299595140000,1299595199000,61.062,61.066,61.038,61.061,135000000,1
1299595200000,1299595259000,61.066,61.068,61.036,61.048,146000000,1
1299595260000,1299595319000,61.05,61.09,61.05,61.077,133000000,1
1299595320000,1299595379000,61.077,61.078,61.056,61.078,204000000,1
1299595380000,1299595439000,61.071,61.071,61.046,61.062,83000000,1
1299595440000,1299595499000,61.059,61.087,61.057,61.058,127000000,1
1299595500000,1299595559000,61.058,61.058,61.037,61.038,126000000,1
1299595560000,1299595619000,61.038,61.047,61.027,61.047,159000000,1
1299595620000,1299595679000,61.038,61.038,61.002,61.018,179000000,1
1299595680000,1299595739000,61.018,61.028,61.007,61.02,173000000,1
1299595740000,1299595799000,61.02,61.028,61.008,61.026,166000000,1
1299595800000,1299595859000,61.026,61.048,61.017,61.042,259000000,1
1299595860000,1299595919000,61.042,61.067,61.027,61.067,122000000,1
1299595920000,1299595979000,61.067,61.097,61.067,61.08,214000000,1
1299595980000,1299596039000,61.078,61.088,61.068,61.078,145000000,1
1299596040000,1299596099000,61.077,61.081,61.057,61.058,116000000,1
1299596100000,1299596159000,61.058,61.078,61.058,61.07,147000000,1
1299596160000,1299596219000,61.07,61.097,61.068,61.097,92000000,1
1299596220000,1299596279000,61.097,61.102,61.086,61.091,71000000,1
1299596280000,1299596339000,61.091,61.098,61.087,61.09,114000000,1
1299596340000,1299596399000,61.093,61.118,61.087,61.097,243000000,1
1299596400000,1299596459000,61.097,61.118,61.087,61.118,117000000,1
1299596460000,1299596519000,61.127,61.147,61.117,61.137,175000000,1
1299596520000,1299596579000,61.137,61.158,61.136,61.148,133000000,1
1299596580000,1299596639000,61.148,61.158,61.137,61.141,215000000,1
1299596640000,1299596699000,61.139,61.14,61.101,61.101,146000000,1
1299596700000,1299596759000,61.105,61.108,61.085,61.085,146000000,1
1299596760000,1299596819000,61.086,61.093,61.076,61.086,98000000,1
1299596820000,1299596879000,61.089,61.1,61.078,61.1,101000000,1
1299596880000,1299596939000,61.098,61.098,61.077,61.087,76000000,1
1299596940000,1299596999000,61.087,61.098,61.078,61.097,73000000,1
1299597000000,1299597059000,61.098,61.119,61.088,61.109,202000000,1
1299597060000,1299597119000,61.109,61.118,61.092,61.096,124000000,1
1299597120000,1299597179000,61.097,61.117,61.09,61.097,81000000,1
1299597180000,1299597239000,61.097,61.117,61.096,61.117,124000000,1
1299597240000,1299597299000,61.117,61.118,61.097,61.108,109000000,1
1299597300000,1299597359000,61.108,61.16,61.108,61.159,222000000,1
1299597360000,1299597419000,61.167,61.178,61.157,61.177,146000000,1
1299597420000,1299597479000,61.177,61.188,61.167,61.167,163000000,1
1299597480000,1299597539000,61.169,61.169,61.149,61.157,154000000,1
1299597540000,1299597599000,61.158,61.177,61.156,61.166,76000000,1
1299597600000,1299597659000,61.166,61.198,61.158,61.188,98000000,1
1299597660000,1299597719000,61.187,61.197,61.177,61.178,185000000,1
1299597720000,1299597779000,61.176,61.176,61.158,61.158,39000000,1
1299597780000,1299597839000,61.167,61.167,61.146,61.147,114000000,1
1299597840000,1299597899000,61.147,61.147,61.135,61.137,89000000,1
1299597900000,1299597959000,61.136,61.147,61.127,61.147,86000000,1
1299597960000,1299598019000,61.143,61.147,61.136,61.136,35000000,1
1299598020000,1299598079000,61.136,61.152,61.136,61.149,91000000,1
1299598080000,1299598139000,61.149,61.167,61.143,61.167,88000000,1
1299598140000,1299598199000,61.168,61.188,61.168,61.188,121000000,1
1299598200000,1299598259000,61.189,61.201,61.177,61.178,135000000,1
1299598260000,1299598319000,61.178,61.178,61.158,61.178,156000000,1
1299598320000,1299598379000,61.177,61.187,61.169,61.178,157000000,1
1299598380000,1299598439000,61.177,61.198,61.177,61.196,135000000,1
1299598440000,1299598499000,61.197,61.208,61.197,61.207,60000000,1
1299598500000,1299598559000,61.208,61.227,61.201,61.218,87000000,1
1299598560000,1299598619000,61.218,61.228,61.208,61.226,58000000,1
1299598620000,1299598679000,61.226,61.226,61.196,61.197,88000000,1
1299598680000,1299598739000,61.197,61.208,61.197,61.204,103000000,1
1299598740000,1299598799000,61.207,61.208,61.201,61.208,45000000,1
1299598800000,1299598859000,61.209,61.23,61.201,61.201,120000000,1
1299598860000,1299598919000,61.201,61.208,61.179,61.179,112000000,1
1299598920000,1299598979000,61.187,61.189,61.178,61.181,122000000,1
1299598980000,1299599039000,61.178,61.198,61.159,61.168,148000000,1
1299599040000,1299599099000,61.168,61.198,61.167,61.19,103000000,1
1299599100000,1299599159000,61.19,61.198,61.177,61.198,129000000,1
1299599160000,1299599219000,61.188,61.198,61.187,61.195,42000000,1
1299599220000,1299599279000,61.198,61.218,61.191,61.198,129000000,1
1299599280000,1299599339000,61.198,61.198,61.177,61.178,49000000,1
1299599340000,1299599399000,61.178,61.189,61.178,61.187,28000000,1
1299599400000,1299599459000,61.189,61.189,61.177,61.177,43000000,1
1299599460000,1299599519000,61.177,61.188,61.168,61.18,67000000,1
1299599520000,1299599579000,61.18,61.188,61.177,61.182,103000000,1
1299599580000,1299599639000,61.181,61.218,61.181,61.217,152000000,1
1299599640000,1299599699000,61.218,61.228,61.216,61.228,66000000,1
1299599700000,1299599759000,61.228,61.228,61.207,61.207,83000000,1
1299599760000,1299599819000,61.207,61.218,61.198,61.21,176000000,1
1299599820000,1299599879000,61.218,61.22,61.197,61.199,113000000,1
1299599880000,1299599939000,61.197,61.208,61.188,61.207,137000000,1
1299599940000,1299599999000,61.207,61.228,61.197,61.198,266000000,1
1299600000000,1299600059000,61.198,61.198,61.178,61.196,210000000,1
1299600060000,1299600119000,61.196,61.198,61.177,61.198,88000000,1
1299600120000,1299600179000,61.198,61.198,61.168,61.197,72000000,1
1299600180000,1299600239000,61.197,61.197,61.182,61.187,71000000,1
1299600240000,1299600299000,61.187,61.198,61.187,61.19,82000000,1
1299600300000,1299600359000,61.188,61.209,61.179,61.199,120000000,1
1299600360000,1299600419000,61.198,61.208,61.197,61.199,87000000,1
1299600420000,1299600479000,61.199,61.2,61.187,61.19,73000000,1
1299600480000,1299600539000,61.196,61.201,61.179,61.188,195000000,1
1299600540000,1299600599000,61.188,61.208,61.188,61.197,138000000,1
1299600600000,1299600659000,61.197,61.239,61.197,61.239,98000000,1
1299600660000,1299600719000,61.238,61.238,61.177,61.187,152000000,1
1299600720000,1299600779000,61.187,61.19,61.171,61.182,131000000,1
1299600780000,1299600839000,61.188,61.209,61.181,61.198,121000000,1
1299600840000,1299600899000,61.199,61.218,61.199,61.216,100000000,1
1299600900000,1299600959000,61.218,61.221,61.177,61.177,142000000,1
1299600960000,1299601019000,61.177,61.2,61.166,61.176,132000000,1
1299601020000,1299601079000,61.176,61.187,61.168,61.176,75000000,1
1299601080000,1299601139000,61.176,61.197,61.17,61.188,136000000,1
1299601140000,1299601199000,61.188,61.207,61.177,61.197,156000000,1
1299601200000,1299601259000,61.197,61.207,61.188,61.207,101000000,1
1299601260000,1299601319000,61.206,61.208,61.197,61.208,83000000,1
1299601320000,1299601379000,61.207,61.21,61.199,61.208,87000000,1
1299601380000,1299601439000,61.208,61.208,61.166,61.179,150000000,1
1299601440000,1299601499000,61.177,61.208,61.177,61.189,107000000,1
1299601500000,1299601559000,61.189,61.209,61.177,61.184,125000000,1
1299601560000,1299601619000,61.19,61.192,61.177,61.186,102000000,1
1299601620000,1299601679000,61.187,61.188,61.176,61.177,67000000,1
1299601680000,1299601739000,61.177,61.196,61.177,61.187,73000000,1
1299601740000,1299601799000,61.187,61.211,61.187,61.197,111000000,1
1299601800000,1299601859000,61.197,61.208,61.187,61.198,96000000,1
1299601860000,1299601919000,61.198,61.207,61.196,61.197,45000000,1
1299601920000,1299601979000,61.197,61.218,61.197,61.218,120000000,1
1299601980000,1299602039000,61.211,61.227,61.207,61.218,140000000,1
1299602040000,1299602099000,61.218,61.228,61.207,61.207,113000000,1
1299602100000,1299602159000,61.207,61.228,61.207,61.228,150000000,1
1299602160000,1299602219000,61.227,61.238,61.227,61.237,103000000,1
1299602220000,1299602279000,61.237,61.238,61.237,61.237,102000000,1
1299602280000,1299602339000,61.237,61.258,61.228,61.237,143000000,1
1299602340000,1299602399000,61.237,61.247,61.217,61.218,136000000,1
1299602400000,1299602459000,61.218,61.218,61.197,61.197,105000000,1
1299602460000,1299602519000,61.198,61.198,61.164,61.167,75000000,1
1299602520000,1299602579000,61.168,61.177,61.161,61.169,61000000,1
1299602580000,1299602639000,61.168,61.198,61.168,61.197,74000000,1
1299602640000,1299602699000,61.199,61.208,61.197,61.208,72000000,1
1299602700000,1299602759000,61.208,61.228,61.197,61.227,150000000,1
1299602760000,1299602819000,61.227,61.237,61.208,61.227,90000000,1
1299602820000,1299602879000,61.227,61.237,61.218,61.218,47000000,1
1299602880000,1299602939000,61.218,61.228,61.217,61.217,70000000,1
1299602940000,1299602999000,61.218,61.218,61.217,61.217,119000000,1
1299603000000,1299603059000,61.218,61.228,61.217,61.221,60000000,1
1299603060000,1299603119000,61.22,61.228,61.219,61.228,33000000,1
1299603120000,1299603179000,61.227,61.237,61.227,61.236,28000000,1
1299603180000,1299603239000,61.236,61.237,61.227,61.228,38000000,1
1299603240000,1299603299000,61.228,61.23,61.218,61.228,55000000,1
1299603300000,1299603359000,61.226,61.228,61.217,61.217,54000000,1
1299603360000,1299603419000,61.216,61.231,61.207,61.221,75000000,1
1299603420000,1299603479000,61.222,61.238,61.221,61.232,98000000,1
1299603480000,1299603539000,61.231,61.238,61.218,61.238,124000000,1
1299603540000,1299603599000,61.237,61.257,61.228,61.246,102000000,1
1299603600000,1299603659000,61.248,61.278,61.248,61.263,117000000,1
1299603660000,1299603719000,61.267,61.278,61.248,61.267,65000000,1
1299603720000,1299603779000,61.268,61.268,61.256,61.256,97000000,1
1299603780000,1299603839000,61.256,61.256,61.228,61.237,161000000,1
1299603840000,1299603899000,61.242,61.25,61.226,61.23,53000000,1
1299603900000,1299603959000,61.234,61.248,61.218,61.239,59000000,1
1299603960000,1299604019000,61.239,61.247,61.229,61.237,44000000,1
1299604020000,1299604079000,61.237,61.248,61.236,61.237,33000000,1
1299604080000,1299604139000,61.236,61.236,61.217,61.227,65000000,1
1299604140000,1299604199000,61.227,61.237,61.227,61.237,16000000,1
1299604200000,1299604259000,61.226,61.226,61.216,61.216,30000000,1
1299604260000,1299604319000,61.217,61.227,61.214,61.227,50000000,1
1299604320000,1299604379000,61.226,61.247,61.226,61.247,23000000,1
1299604380000,1299604439000,61.247,61.247,61.23,61.237,25000000,1
1299604440000,1299604499000,61.236,61.237,61.196,61.206,59000000,1
1299604500000,1299604559000,61.206,61.207,61.196,61.207,24000000,1
1299604560000,1299604619000,61.206,61.216,61.206,61.216,38000000,1
1299604620000,1299604679000,61.217,61.217,61.197,61.207,29000000,1
1299604680000,1299604739000,61.206,61.207,61.196,61.196,39000000,1
1299604740000,1299604799000,61.196,61.207,61.196,61.206,31000000,1
1299604800000,1299604859000,61.206,61.218,61.206,61.217,39000000,1
1299604860000,1299604919000,61.217,61.217,61.206,61.216,19000000,1
1299604920000,1299604979000,61.216,61.237,61.216,61.237,41000000,1
1299604980000,1299605039000,61.236,61.236,61.226,61.226,26000000,1
1299605040000,1299605099000,61.218,61.247,61.218,61.238,100000000,1
1299605100000,1299605159000,61.237,61.238,61.227,61.237,39000000,1
1299605160000,1299605219000,61.237,61.258,61.237,61.25,65000000,1
1299605220000,1299605279000,61.249,61.249,61.226,61.228,37000000,1
1299605280000,1299605339000,61.228,61.248,61.228,61.248,20000000,1
1299605340000,1299605399000,61.248,61.248,61.237,61.237,18000000,1
1299605400000,1299605459000,61.237,61.246,61.228,61.228,28000000,1
1299605460000,1299605519000,61.233,61.248,61.233,61.238,47000000,1
1299605520000,1299605579000,61.237,61.256,61.236,61.247,46000000,1
1299605580000,1299605639000,61.247,61.257,61.247,61.257,40000000,1
1299605640000,1299605699000,61.256,61.258,61.246,61.257,133000000,1
1299605700000,1299605759000,61.257,61.258,61.236,61.236,73000000,1
1299605760000,1299605819000,61.237,61.239,61.226,61.237,74000000,1
1299605820000,1299605879000,61.237,61.247,61.236,61.246,25000000,1
1299605880000,1299605939000,61.247,61.257,61.243,61.257,40000000,1
1299605940000,1299605999000,61.256,61.256,61.228,61.236,54000000,1
1299606000000,1299606059000,61.236,61.257,61.227,61.257,47000000,1
1299606060000,1299606119000,61.257,61.257,61.237,61.238,48000000,1
1299606120000,1299606179000,61.238,61.257,61.238,61.248,54000000,1
1299606180000,1299606239000,61.247,61.247,61.236,61.237,32000000,1
1299606240000,1299606299000,61.236,61.236,61.226,61.226,17000000,1
1299606300000,1299606359000,61.227,61.227,61.226,61.227,9000000,1
1299606360000,1299606419000,61.226,61.231,61.217,61.227,71000000,1
1299606420000,1299606479000,61.226,61.226,61.206,61.206,30000000,1
1299606480000,1299606539000,61.196,61.208,61.196,61.208,29000000,1
1299606540000,1299606599000,61.208,61.208,61.207,61.208,47000000,1
1299606600000,1299606659000,61.208,61.218,61.197,61.218,66000000,1
1299606660000,1299606719000,61.217,61.218,61.207,61.218,57000000,1
1299606720000,1299606779000,61.217,61.217,61.207,61.208,23000000,1
1299606780000,1299606839000,61.207,61.207,61.206,61.206,13000000,1
1299606840000,1299606899000,61.206,61.208,61.186,61.187,38000000,1
1299606900000,1299606959000,61.188,61.197,61.187,61.197,13000000,1
1299606960000,1299607019000,61.198,61.207,61.196,61.197,11000000,1
1299607020000,1299607079000,61.198,61.198,61.187,61.187,19000000,1
1299607080000,1299607139000,61.188,61.188,61.187,61.187,21000000,1
1299607140000,1299607199000,61.186,61.188,61.184,61.187,30000000,1
1299607200000,1299607259000,61.187,61.187,61.176,61.186,31000000,1
1299607260000,1299607319000,61.187,61.211,61.187,61.207,96000000,1
1299607320000,1299607379000,61.207,61.227,61.207,61.227,78000000,1
1299607380000,1299607439000,61.227,61.227,61.207,61.208,49000000,1
1299607440000,1299607499000,61.208,61.217,61.208,61.217,10000000,1
1299607500000,1299607559000,61.216,61.218,61.176,61.186,42000000,1
1299607560000,1299607619000,61.176,61.196,61.176,61.196,33000000,1
1299607620000,1299607679000,61.187,61.187,61.176,61.187,17000000,1
1299607680000,1299607739000,61.186,61.208,61.186,61.207,62000000,1
1299607740000,1299607799000,61.206,61.209,61.177,61.187,90000000,1
1299607800000,1299607859000,61.177,61.178,61.176,61.177,17000000,1
1299607860000,1299607919000,61.176,61.187,61.176,61.187,22000000,1
1299607920000,1299607979000,61.177,61.187,61.177,61.177,26000000,1
1299607980000,1299608039000,61.187,61.197,61.17,61.177,89000000,1
1299608040000,1299608099000,61.177,61.187,61.167,61.177,63000000,1
1299608100000,1299608159000,61.176,61.176,61.157,61.167,84000000,1
1299608160000,1299608219000,61.167,61.176,61.146,61.156,47000000,1
1299608220000,1299608279000,61.146,61.157,61.146,61.156,66000000,1
1299608280000,1299608339000,61.156,61.167,61.156,61.167,11000000,1
1299608340000,1299608399000,61.167,61.167,61.147,61.147,72000000,1
1299608400000,1299608459000,61.147,61.147,61.136,61.147,37000000,1
1299608460000,1299608519000,61.147,61.147,61.136,61.136,48000000,1
1299608520000,1299608579000,61.137,61.167,61.136,61.167,84000000,1
1299608580000,1299608639000,61.166,61.186,61.166,61.176,55000000,1
1299608640000,1299608699000,61.176,61.186,61.168,61.186,64000000,1
1299608700000,1299608759000,61.186,61.187,61.186,61.187,9000000,1
1299608760000,1299608819000,61.177,61.178,61.176,61.177,41000000,1
1299608820000,1299608879000,61.176,61.187,61.176,61.187,22000000,1
1299608880000,1299608939000,61.186,61.187,61.186,61.187,4000000,1
1299608940000,1299608999000,61.187,61.188,61.187,61.187,13000000,1
1299609000000,1299609059000,61.186,61.217,61.186,61.207,86000000,1
1299609060000,1299609119000,61.207,61.207,61.186,61.197,33000000,1
1299609120000,1299609179000,61.197,61.217,61.197,61.206,49000000,1
1299609180000,1299609239000,61.217,61.217,61.196,61.197,47000000,1
1299609240000,1299609299000,61.196,61.226,61.196,61.226,59000000,1
1299609300000,1299609359000,61.226,61.227,61.216,61.217,46000000,1
1299609360000,1299609419000,61.217,61.237,61.216,61.237,54000000,1
1299609420000,1299609479000,61.237,61.248,61.237,61.247,43000000,1
1299609480000,1299609539000,61.246,61.248,61.221,61.226,125000000,1
1299609540000,1299609599000,61.227,61.228,61.222,61.226,18000000,1
1299609600000,1299609659000,61.226,61.228,61.216,61.227,51000000,1
1299609660000,1299609719000,61.227,61.227,61.211,61.224,137000000,1
1299609720000,1299609779000,61.222,61.222,61.21,61.211,95000000,1
1299609780000,1299609839000,61.213,61.216,61.201,61.216,116000000,1
1299609840000,1299609899000,61.215,61.217,61.192,61.196,94000000,1
1299609900000,1299609959000,61.197,61.198,61.187,61.187,42000000,1
1299609960000,1299610019000,61.19,61.19,61.166,61.177,166000000,1
1299610020000,1299610079000,61.177,61.196,61.174,61.189,95000000,1
1299610080000,1299610139000,61.189,61.189,61.186,61.187,51000000,1
1299610140000,1299610199000,61.187,61.206,61.187,61.206,35000000,1
1299610200000,1299610259000,61.206,61.207,61.206,61.207,4000000,1
1299610260000,1299610319000,61.207,61.207,61.196,61.197,132000000,1
1299610320000,1299610379000,61.197,61.197,61.196,61.197,20000000,1
1299610380000,1299610439000,61.197,61.207,61.197,61.197,23000000,1
1299610440000,1299610499000,61.197,61.208,61.179,61.19,108000000,1
1299610500000,1299610559000,61.192,61.197,61.192,61.196,9000000,1
1299610560000,1299610619000,61.197,61.198,61.196,61.197,43000000,1
1299610620000,1299610679000,61.198,61.228,61.198,61.217,65000000,1
1299610680000,1299610739000,61.217,61.217,61.199,61.207,21000000,1
1299610740000,1299610799000,61.206,61.218,61.198,61.218,43000000,1
1299610800000,1299610859000,61.217,61.218,61.197,61.207,134000000,1
1299610860000,1299610919000,61.206,61.207,61.196,61.197,36000000,1
1299610920000,1299610979000,61.197,61.197,61.186,61.187,43000000,1
1299610980000,1299611039000,61.187,61.187,61.167,61.176,35000000,1
1299611040000,1299611099000,61.167,61.187,61.166,61.169,67000000,1
1299611100000,1299611159000,61.167,61.167,61.156,61.157,56000000,1
1299611160000,1299611219000,61.158,61.167,61.148,61.157,48000000,1
1299611220000,1299611279000,61.156,61.157,61.137,61.157,74000000,1
1299611280000,1299611339000,61.157,61.167,61.157,61.166,22000000,1
1299611340000,1299611399000,61.167,61.168,61.158,61.166,23000000,1
1299611400000,1299611459000,61.166,61.166,61.127,61.127,75000000,1
1299611460000,1299611519000,61.127,61.127,61.127,61.127,12000000,1
1299611520000,1299611579000,61.126,61.148,61.121,61.137,94000000,1
1299611580000,1299611639000,61.137,61.138,61.107,61.118,92000000,1
1299611640000,1299611699000,61.117,61.127,61.117,61.126,25000000,1
1299611700000,1299611759000,61.118,61.118,61.106,61.117,40000000,1
1299611760000,1299611819000,61.117,61.117,61.088,61.106,74000000,1
1299611820000,1299611879000,61.107,61.117,61.097,61.107,76000000,1
1299611880000,1299611939000,61.107,61.117,61.1,61.117,29000000,1
1299611940000,1299611999000,61.116,61.14,61.116,61.14,48000000,1
1299612000000,1299612059000,61.147,61.147,61.146,61.147,6000000,1
1299612060000,1299612119000,61.146,61.147,61.136,61.137,17000000,1
1299612120000,1299612179000,61.136,61.138,61.136,61.136,9000000,1
1299612180000,1299612239000,61.137,61.156,61.133,61.147,25000000,1
1299612240000,1299612299000,61.148,61.148,61.146,61.147,23000000,1
1299612300000,1299612359000,61.146,61.147,61.138,61.147,14000000,1
1299612360000,1299612419000,61.146,61.157,61.146,61.157,60000000,1
1299612420000,1299612479000,61.156,61.157,61.156,61.157,7000000,1
1299612480000,1299612539000,61.156,61.156,61.146,61.147,21000000,1
1299612540000,1299612599000,61.147,61.157,61.146,61.156,19000000,1
1299612600000,1299612659000,61.156,61.167,61.156,61.157,26000000,1
1299612660000,1299612719000,61.157,61.157,61.146,61.147,8000000,1
1299612720000,1299612779000,61.146,61.146,61.119,61.127,36000000,1
1299612780000,1299612839000,61.126,61.126,61.106,61.108,24000000,1
1299612840000,1299612899000,61.108,61.116,61.106,61.107,16000000,1
1299612900000,1299612959000,61.096,61.107,61.096,61.107,37000000,1
1299612960000,1299613019000,61.107,61.107,61.106,61.106,50000000,1
1299613020000,1299613079000,61.106,61.106,61.088,61.098,42000000,1
1299613080000,1299613139000,61.097,61.106,61.096,61.106,17000000,1
1299613140000,1299613199000,61.107,61.107,61.106,61.106,6000000,1
1299613200000,1299613259000,61.107,61.117,61.107,61.107,28000000,1
1299613260000,1299613319000,61.116,61.117,61.116,61.117,20000000,1
1299613320000,1299613379000,61.116,61.127,61.116,61.127,7000000,1
1299613380000,1299613439000,61.126,61.148,61.126,61.146,55000000,1
1299613440000,1299613499000,61.147,61.159,61.146,61.156,33000000,1
1299613500000,1299613559000,61.156,61.156,61.136,61.137,34000000,1
1299613560000,1299613619000,61.137,61.147,61.137,61.138,36000000,1
1299613620000,1299613679000,61.141,61.148,61.137,61.146,33000000,1
1299613680000,1299613739000,61.147,61.168,61.136,61.167,55000000,1
1299613740000,1299613799000,61.167,61.167,61.152,61.157,100000000,1
1299613800000,1299613859000,61.158,61.166,61.156,61.156,15000000,1
1299613860000,1299613919000,61.156,61.156,61.146,61.146,26000000,1
1299613920000,1299613979000,61.142,61.147,61.126,61.136,120000000,1
1299613980000,1299614039000,61.128,61.146,61.126,61.137,111000000,1
1299614040000,1299614099000,61.137,61.147,61.127,61.138,87000000,1
1299614100000,1299614159000,61.137,61.138,61.126,61.136,46000000,1
1299614160000,1299614219000,61.136,61.138,61.136,61.137,14000000,1
1299614220000,1299614279000,61.137,61.137,61.126,61.127,47000000,1
1299614280000,1299614339000,61.127,61.127,61.116,61.116,53000000,1
1299614340000,1299614399000,61.116,61.137,61.108,61.118,104000000,1
1299614400000,1299614459000,61.126,61.126,61.116,61.117,39000000,1
1299614460000,1299614519000,61.116,61.117,61.116,61.116,34000000,1
1299614520000,1299614579000,61.116,61.116,61.076,61.086,45000000,1
1299614580000,1299614639000,61.086,61.087,61.076,61.086,41000000,1
1299614640000,1299614699000,61.087,61.087,61.086,61.087,12000000,1
1299614700000,1299614759000,61.086,61.086,61.086,61.086,5000000,1
1299614760000,1299614819000,61.087,61.097,61.087,61.096,31000000,1
1299614820000,1299614879000,61.097,61.097,61.086,61.086,60000000,1
1299614880000,1299614939000,61.086,61.097,61.077,61.097,33000000,1
1299614940000,1299614999000,61.097,61.107,61.096,61.107,25000000,1
1299615000000,1299615059000,61.107,61.117,61.106,61.117,27000000,1
1299615060000,1299615119000,61.117,61.117,61.116,61.117,53000000,1
1299615120000,1299615179000,61.117,61.127,61.106,61.106,65000000,1
1299615180000,1299615239000,61.107,61.107,61.106,61.106,4000000,1
1299615240000,1299615299000,61.107,61.107,61.096,61.107,95000000,1
1299615300000,1299615359000,61.107,61.109,61.097,61.107,43000000,1
1299615360000,1299615419000,61.107,61.116,61.106,61.106,27000000,1
1299615420000,1299615479000,61.107,61.107,61.096,61.107,42000000,1
1299615480000,1299615539000,61.107,61.107,61.096,61.097,30000000,1
1299615540000,1299615599000,61.096,61.107,61.096,61.097,35000000,1
1299615600000,1299615659000,61.097,61.097,61.086,61.097,26000000,1
1299615660000,1299615719000,61.097,61.097,61.088,61.096,26000000,1
1299615720000,1299615779000,61.097,61.117,61.096,61.117,53000000,1
1299615780000,1299615839000,61.116,61.117,61.116,61.117,8000000,1
1299615840000,1299615899000,61.116,61.126,61.116,61.126,9000000,1
1299615900000,1299615959000,61.117,61.117,61.116,61.117,24000000,1
1299615960000,1299616019000,61.117,61.117,61.116,61.116,21000000,1
1299616020000,1299616079000,61.116,61.117,61.106,61.106,28000000,1
1299616080000,1299616139000,61.106,61.106,61.096,61.096,22000000,1
1299616140000,1299616199000,61.106,61.106,61.096,61.097,12000000,1
1299616200000,1299616259000,61.107,61.107,61.106,61.106,27000000,1
1299616260000,1299616319000,61.107,61.107,61.096,61.096,31000000,1
1299616320000,1299616379000,61.096,61.097,61.096,61.096,19000000,1
1299616380000,1299616439000,61.097,61.097,61.096,61.096,4000000,1
1299616440000,1299616499000,61.097,61.097,61.086,61.086,17000000,1
1299616500000,1299616559000,61.086,61.097,61.076,61.087,54000000,1
1299616560000,1299616619000,61.087,61.087,61.076,61.087,26000000,1
1299616620000,1299616679000,61.087,61.107,61.076,61.076,55000000,1
1299616680000,1299616739000,61.076,61.097,61.076,61.086,42000000,1
1299616740000,1299616799000,61.086,61.089,61.086,61.087,36000000,1
1299616800000,1299616859000,61.096,61.097,61.086,61.086,52000000,1
1299616860000,1299616919000,61.086,61.097,61.086,61.097,34000000,1
1299616920000,1299616979000,61.097,61.097,61.087,61.096,40000000,1
1299616980000,1299617039000,61.096,61.097,61.096,61.097,19000000,1
1299617040000,1299617099000,61.096,61.097,61.096,61.097,25000000,1
1299617100000,1299617159000,61.097,61.107,61.096,61.107,59000000,1
1299617160000,1299617219000,61.107,61.107,61.096,61.096,15000000,1
1299617220000,1299617279000,61.096,61.117,61.096,61.108,56000000,1
1299617280000,1299617339000,61.116,61.116,61.106,61.116,19000000,1
1299617340000,1299617399000,61.117,61.117,61.117,61.117,7000000,1
1299617400000,1299617459000,61.116,61.117,61.116,61.117,19000000,1
1299617460000,1299617519000,61.116,61.136,61.116,61.126,153000000,1
1299617520000,1299617579000,61.124,61.127,61.118,61.126,31000000,1
1299617580000,1299617639000,61.126,61.127,61.108,61.116,40000000,1
1299617640000,1299617699000,61.116,61.117,61.112,61.117,25000000,1
1299617700000,1299617759000,61.122,61.127,61.116,61.116,60000000,1
1299617760000,1299617819000,61.117,61.12,61.117,61.117,34000000,1
1299617820000,1299617879000,61.117,61.127,61.116,61.117,32000000,1
1299617880000,1299617939000,61.117,61.126,61.112,61.117,37000000,1
1299617940000,1299617999000,61.116,61.127,61.096,61.097,56000000,1
1299618000000,1299618059000,61.097,61.097,61.096,61.096,16000000,1
1299618060000,1299618119000,61.097,61.097,61.096,61.097,16000000,1
1299618120000,1299618179000,61.106,61.107,61.096,61.107,14000000,1
1299618180000,1299618239000,61.107,61.107,61.096,61.106,27000000,1
1299618240000,1299618299000,61.107,61.107,61.096,61.106,11000000,1
1299618300000,1299618359000,61.097,61.107,61.096,61.096,13000000,1
1299618360000,1299618419000,61.097,61.097,61.086,61.086,16000000,1
1299618420000,1299618479000,61.086,61.097,61.086,61.096,26000000,1
1299618480000,1299618539000,61.096,61.097,61.086,61.097,38000000,1
1299618540000,1299618599000,61.097,61.097,61.086,61.087,22000000,1
1299618600000,1299618659000,61.086,61.087,61.086,61.087,4000000,1
1299618660000,1299618719000,61.086,61.106,61.086,61.106,15000000,1
1299618720000,1299618779000,61.106,61.106,61.096,61.097,7000000,1
1299618780000,1299618839000,61.096,61.097,61.076,61.078,55000000,1
1299618840000,1299618899000,61.076,61.077,61.076,61.077,13000000,1
1299618900000,1299618959000,61.077,61.077,61.057,61.066,34000000,1
1299618960000,1299619019000,61.066,61.066,61.066,61.066,3000000,1
1299619020000,1299619079000,61.067,61.067,61.066,61.067,7000000,1
1299619080000,1299619139000,61.066,61.067,61.047,61.056,24000000,1
1299619140000,1299619199000,61.057,61.057,61.057,61.057,2000000,1
1299619200000,1299619259000,61.058,61.067,61.058,61.066,6000000,1
1299619260000,1299619319000,61.067,61.087,61.066,61.086,23000000,1
1299619320000,1299619379000,61.086,61.086,61.076,61.077,7000000,1
1299619380000,1299619439000,61.076,61.077,61.076,61.076,12000000,1
1299619440000,1299619499000,61.076,61.087,61.076,61.087,16000000,1
1299619500000,1299619559000,61.087,61.137,61.086,61.137,50000000,1
1299619560000,1299619619000,61.136,61.137,61.127,61.127,7000000,1
1299619620000,1299619679000,61.126,61.137,61.116,61.116,38000000,1
1299619680000,1299619739000,61.116,61.117,61.116,61.116,10000000,1
1299619740000,1299619799000,61.107,61.116,61.087,61.106,38000000,1
1299619800000,1299619859000,61.106,61.117,61.098,61.106,37000000,1
1299619860000,1299619919000,61.107,61.107,61.107,61.107,4000000,1
1299619920000,1299619979000,61.107,61.107,61.106,61.107,13000000,1
1299619980000,1299620039000,61.107,61.117,61.106,61.117,16000000,1
1299620040000,1299620099000,61.116,61.117,61.116,61.117,20000000,1
1299620100000,1299620159000,61.116,61.117,61.106,61.106,21000000,1
1299620160000,1299620219000,61.096,61.127,61.096,61.126,29000000,1
1299620220000,1299620279000,61.137,61.137,61.126,61.127,18000000,1
1299620280000,1299620339000,61.126,61.127,61.126,61.126,6000000,1
1299620340000,1299620399000,61.127,61.127,61.118,61.126,14000000,1
1299620400000,1299620459000,61.126,61.127,61.117,61.126,16000000,1
1299620460000,1299620519000,61.117,61.127,61.116,61.126,10000000,1
1299620520000,1299620579000,61.127,61.127,61.126,61.126,4000000,1
1299620580000,1299620639000,61.127,61.136,61.122,61.127,36000000,1
1299620640000,1299620699000,61.126,61.137,61.126,61.137,44000000,1
1299620700000,1299620759000,61.137,61.137,61.126,61.126,29000000,1
1299620760000,1299620819000,61.126,61.137,61.126,61.127,18000000,1
1299620820000,1299620879000,61.126,61.136,61.126,61.126,9000000,1
1299620880000,1299620939000,61.127,61.146,61.126,61.126,28000000,1
1299620940000,1299620999000,61.127,61.127,61.117,61.126,14000000,1
1299621000000,1299621059000,61.127,61.136,61.126,61.136,15000000,1
1299621060000,1299621119000,61.136,61.136,61.117,61.126,30000000,1
1299621120000,1299621179000,61.127,61.127,61.126,61.127,17000000,1
1299621180000,1299621239000,61.126,61.137,61.126,61.127,19000000,1
1299621240000,1299621299000,61.127,61.137,61.116,61.116,65000000,1
1299621300000,1299621359000,61.126,61.127,61.116,61.127,14000000,1
1299621360000,1299621419000,61.127,61.137,61.116,61.126,31000000,1
1299621420000,1299621479000,61.137,61.137,61.127,61.127,28000000,1
1299621480000,1299621539000,61.126,61.136,61.116,61.117,18000000,1
1299621540000,1299621599000,61.116,61.136,61.116,61.126,37000000,1
1299621600000,1299621659000,61.126,61.126,61.066,61.107,51000000,1
1299621660000,1299621719000,61.107,61.108,61.097,61.102,5000000,1
1299621720000,1299621779000,61.102,61.108,61.102,61.107,17000000,1
1299621780000,1299621839000,61.107,61.117,61.107,61.107,13000000,1
1299621840000,1299621899000,61.117,61.128,61.107,61.118,51000000,1
1299621900000,1299621959000,61.118,61.128,61.117,61.118,46000000,1
1299621960000,1299622019000,61.117,61.137,61.107,61.117,70000000,1
1299622020000,1299622079000,61.118,61.118,61.117,61.118,24000000,1
1299622080000,1299622139000,61.117,61.138,61.108,61.127,37000000,1
1299622140000,1299622199000,61.127,61.127,61.118,61.118,25000000,1
1299622200000,1299622259000,61.118,61.118,61.107,61.107,35000000,1
1299622260000,1299622319000,61.107,61.108,61.092,61.092,22000000,1
1299622320000,1299622379000,61.092,61.108,61.092,61.108,31000000,1
1299622380000,1299622439000,61.107,61.127,61.103,61.108,73000000,1
1299622440000,1299622499000,61.097,61.147,61.097,61.118,116000000,1
1299622500000,1299622559000,61.118,61.127,61.088,61.116,74000000,1
1299622560000,1299622619000,61.116,61.117,61.067,61.087,26000000,1
1299622620000,1299622679000,61.087,61.087,61.057,61.077,67000000,1
1299622680000,1299622739000,61.076,61.088,61.067,61.088,53000000,1
1299622740000,1299622799000,61.088,61.088,61.077,61.086,22000000,1
1299622800000,1299622859000,61.096,61.097,61.086,61.087,16000000,1
1299622860000,1299622919000,61.086,61.086,61.086,61.086,2000000,1
1299622920000,1299622979000,61.087,61.087,61.086,61.086,14000000,1
1299622980000,1299623039000,61.086,61.106,61.086,61.097,67000000,1
1299623040000,1299623099000,61.096,61.117,61.096,61.107,49000000,1
1299623100000,1299623159000,61.107,61.127,61.107,61.127,56000000,1
1299623160000,1299623219000,61.126,61.136,61.126,61.127,12000000,1
1299623220000,1299623279000,61.127,61.128,61.116,61.127,29000000,1
1299623280000,1299623339000,61.136,61.137,61.126,61.137,16000000,1
1299623340000,1299623399000,61.136,61.137,61.126,61.137,11000000,1
1299623400000,1299623459000,61.136,61.137,61.126,61.136,11000000,1
1299623460000,1299623519000,61.137,61.137,61.126,61.127,9000000,1
1299623520000,1299623579000,61.126,61.136,61.126,61.136,43000000,1
1299623580000,1299623639000,61.136,61.137,61.126,61.136,14000000,1
1299623640000,1299623699000,61.137,61.137,61.136,61.136,7000000,1
1299623700000,1299623759000,61.137,61.147,61.136,61.147,27000000,1
1299623760000,1299623819000,61.146,61.157,61.146,61.146,18000000,1
1299623820000,1299623879000,61.147,61.147,61.136,61.137,17000000,1
1299623880000,1299623939000,61.136,61.147,61.136,61.136,16000000,1
1299623940000,1299623999000,61.13,61.138,61.115,61.133,36000000,1
1299624000000,1299624059000,61.137,61.137,61.126,61.137,6000000,1
1299624060000,1299624119000,61.136,61.137,61.127,61.137,10000000,1
1299624120000,1299624179000,61.136,61.136,61.136,61.136,2000000,1
1299624180000,1299624239000,61.137,61.146,61.126,61.146,20000000,1
1299624240000,1299624299000,61.146,61.147,61.136,61.142,27000000,1
1299624300000,1299624359000,61.147,61.157,61.136,61.136,13000000,1
1299624360000,1299624419000,61.137,61.137,61.136,61.136,8000000,1
1299624420000,1299624479000,61.136,61.138,61.136,61.137,11000000,1
1299624480000,1299624539000,61.136,61.137,61.136,61.137,5000000,1
1299624540000,1299624599000,61.137,61.147,61.136,61.146,15000000,1
1299624600000,1299624659000,61.146,61.147,61.136,61.147,25000000,1
1299624660000,1299624719000,61.147,61.157,61.146,61.157,17000000,1
1299624720000,1299624779000,61.156,61.156,61.156,61.156,2000000,1
1299624780000,1299624839000,61.157,61.157,61.156,61.156,4000000,1
1299624840000,1299624899000,61.157,61.157,61.157,61.157,2000000,1
1299624900000,1299624959000,61.148,61.148,61.147,61.147,12000000,1
1299624960000,1299625019000,61.146,61.146,61.136,61.138,17000000,1
1299625020000,1299625079000,61.137,61.137,61.136,61.136,14000000,1
1299625080000,1299625139000,61.136,61.137,61.136,61.136,10000000,1
1299625140000,1299625199000,61.137,61.137,61.136,61.137,12000000,1
1299625200000,1299625259000,61.137,61.157,61.137,61.147,23000000,1
1299625260000,1299625319000,61.146,61.147,61.146,61.147,4000000,1
1299625320000,1299625379000,61.146,61.146,61.136,61.137,9000000,1
1299625380000,1299625439000,61.138,61.146,61.136,61.136,10000000,1
1299625440000,1299625499000,61.137,61.146,61.137,61.146,10000000,1
1299625500000,1299625559000,61.147,61.177,61.146,61.177,47000000,1
1299625560000,1299625619000,61.186,61.196,61.176,61.186,25000000,1
1299625620000,1299625679000,61.186,61.187,61.176,61.186,44000000,1
1299625680000,1299625739000,61.187,61.188,61.171,61.18,125000000,1
1299625740000,1299625799000,61.18,61.187,61.179,61.186,66000000,1
1299625800000,1299625859000,61.187,61.187,61.171,61.171,18000000,1
1299625860000,1299625919000,61.171,61.182,61.171,61.182,29000000,1
1299625920000,1299625979000,61.182,61.182,61.178,61.178,3000000,1
1299625980000,1299626039000,61.179,61.211,61.179,61.21,63000000,1
1299626040000,1299626099000,61.216,61.218,61.208,61.211,26000000,1
1299626100000,1299626159000,61.21,61.217,61.209,61.217,21000000,1
1299626160000,1299626219000,61.234,61.234,61.227,61.229,20000000,1
1299626220000,1299626279000,61.229,61.258,61.228,61.247,66000000,1
1299626280000,1299626339000,61.237,61.249,61.236,61.238,82000000,1
1299626340000,1299626399000,61.238,61.238,61.227,61.238,70000000,1
1299626400000,1299626459000,61.236,61.249,61.23,61.249,29000000,1
1299626460000,1299626519000,61.248,61.261,61.248,61.256,84000000,1
1299626520000,1299626579000,61.256,61.259,61.256,61.259,94000000,1
1299626580000,1299626639000,61.257,61.268,61.243,61.267,53000000,1
1299626640000,1299626699000,61.267,61.287,61.266,61.287,56000000,1
1299626700000,1299626759000,61.287,61.289,61.257,61.258,33000000,1
1299626760000,1299626819000,61.267,61.277,61.266,61.271,21000000,1
1299626820000,1299626879000,61.271,61.271,61.256,61.258,26000000,1
1299626880000,1299626939000,61.258,61.258,61.239,61.239,63000000,1
1299626940000,1299626999000,61.241,61.247,61.241,61.247,23000000,1
1299627000000,1299627059000,61.247,61.267,61.237,61.266,70000000,1
1299627060000,1299627119000,61.265,61.265,61.256,61.257,25000000,1
1299627120000,1299627179000,61.25,61.258,61.249,61.249,41000000,1
1299627180000,1299627239000,61.247,61.262,61.246,61.262,29000000,1
1299627240000,1299627299000,61.26,61.269,61.258,61.269,27000000,1
1299627300000,1299627359000,61.269,61.276,61.267,61.267,8000000,1
1299627360000,1299627419000,61.267,61.269,61.262,61.268,39000000,1
1299627420000,1299627479000,61.268,61.268,61.243,61.246,49000000,1
1299627480000,1299627539000,61.242,61.273,61.242,61.257,77000000,1
1299627540000,1299627599000,61.248,61.257,61.243,61.248,36000000,1
1299627600000,1299627659000,61.248,61.248,61.238,61.238,16000000,1
1299627660000,1299627719000,61.238,61.247,61.236,61.237,26000000,1
1299627720000,1299627779000,61.236,61.247,61.228,61.24,40000000,1
1299627780000,1299627839000,61.242,61.257,61.242,61.257,24000000,1
1299627840000,1299627899000,61.248,61.252,61.248,61.252,13000000,1
1299627900000,1299627959000,61.257,61.268,61.257,61.268,40000000,1
1299627960000,1299628019000,61.268,61.268,61.248,61.262,61000000,1
1299628020000,1299628079000,61.263,61.264,61.256,61.257,47000000,1
1299628080000,1299628139000,61.258,61.271,61.258,61.268,37000000,1
1299628140000,1299628199000,61.268,61.278,61.268,61.277,38000000,1
1299628200000,1299628259000,61.278,61.298,61.277,61.288,96000000,1
1299628260000,1299628319000,61.287,61.292,61.287,61.288,16000000,1
1299628320000,1299628379000,61.292,61.3,61.292,61.297,54000000,1
1299628380000,1299628439000,61.297,61.318,61.286,61.296,83000000,1
1299628440000,1299628499000,61.297,61.298,61.278,61.287,54000000,1
1299628500000,1299628559000,61.288,61.289,61.287,61.287,13000000,1
1299628560000,1299628619000,61.287,61.29,61.267,61.276,53000000,1
1299628620000,1299628679000,61.276,61.278,61.272,61.277,31000000,1
1299628680000,1299628739000,61.277,61.287,61.236,61.277,206000000,1
1299628740000,1299628799000,61.277,61.286,61.262,61.266,82000000,1
1299628800000,1299628859000,61.266,61.267,61.247,61.248,86000000,1
1299628860000,1299628919000,61.248,61.288,61.248,61.266,116000000,1
1299628920000,1299628979000,61.266,61.268,61.257,61.266,60000000,1
1299628980000,1299629039000,61.268,61.288,61.268,61.288,55000000,1
1299629040000,1299629099000,61.288,61.302,61.286,61.302,130000000,1
1299629100000,1299629159000,61.308,61.308,61.278,61.289,148000000,1
1299629160000,1299629219000,61.289,61.3,61.289,61.298,86000000,1
1299629220000,1299629279000,61.3,61.308,61.287,61.307,111000000,1
1299629280000,1299629339000,61.307,61.307,61.297,61.297,52000000,1
1299629340000,1299629399000,61.297,61.298,61.277,61.278,56000000,1
1299629400000,1299629459000,61.278,61.288,61.277,61.286,70000000,1
1299629460000,1299629519000,61.286,61.288,61.278,61.288,43000000,1
1299629520000,1299629579000,61.288,61.288,61.267,61.268,35000000,1
1299629580000,1299629639000,61.268,61.268,61.266,61.267,7000000,1
1299629640000,1299629699000,61.266,61.267,61.259,61.266,36000000,1
1299629700000,1299629759000,61.267,61.277,61.267,61.269,26000000,1
1299629760000,1299629819000,61.267,61.267,61.266,61.267,35000000,1
1299629820000,1299629879000,61.268,61.287,61.26,61.267,80000000,1
1299629880000,1299629939000,61.26,61.27,61.26,61.269,36000000,1
1299629940000,1299629999000,61.269,61.269,61.267,61.268,9000000,1
1299630000000,1299630059000,61.268,61.277,61.268,61.269,11000000,1
1299630060000,1299630119000,61.277,61.277,61.268,61.268,6000000,1
1299630120000,1299630179000,61.268,61.268,61.268,61.268,2000000,1
1299630180000,1299630239000,61.267,61.267,61.266,61.266,15000000,1
1299630240000,1299630299000,61.268,61.287,61.268,61.287,14000000,1
1299630300000,1299630359000,61.287,61.287,61.267,61.267,34000000,1
1299630360000,1299630419000,61.266,61.267,61.257,61.267,27000000,1
1299630420000,1299630479000,61.266,61.266,61.247,61.253,33000000,1
1299630480000,1299630539000,61.258,61.258,61.228,61.23,35000000,1
1299630540000,1299630599000,61.231,61.248,61.229,61.243,36000000,1
1299630600000,1299630659000,61.243,61.247,61.237,61.238,20000000,1
1299630660000,1299630719000,61.238,61.247,61.206,61.215,58000000,1
1299630720000,1299630779000,61.216,61.216,61.207,61.209,40000000,1
1299630780000,1299630839000,61.218,61.237,61.218,61.236,48000000,1
1299630840000,1299630899000,61.237,61.237,61.223,61.227,45000000,1
1299630900000,1299630959000,61.227,61.227,61.197,61.207,56000000,1
1299630960000,1299631019000,61.208,61.211,61.201,61.208,17000000,1
1299631020000,1299631079000,61.208,61.23,61.207,61.23,42000000,1
1299631080000,1299631139000,61.228,61.228,61.226,61.226,19000000,1
1299631140000,1299631199000,61.227,61.228,61.226,61.226,21000000,1
1299631200000,1299631259000,61.228,61.237,61.226,61.23,49000000,1
1299631260000,1299631319000,61.228,61.23,61.226,61.226,14000000,1
1299631320000,1299631379000,61.226,61.227,61.217,61.219,32000000,1
1299631380000,1299631439000,61.216,61.218,61.179,61.188,43000000,1
1299631440000,1299631499000,61.187,61.206,61.169,61.199,89000000,1
1299631500000,1299631559000,61.198,61.21,61.197,61.207,103000000,1
1299631560000,1299631619000,61.206,61.207,61.206,61.206,9000000,1
1299631620000,1299631679000,61.207,61.215,61.206,61.215,16000000,1
1299631680000,1299631739000,61.217,61.226,61.217,61.226,17000000,1
1299631740000,1299631799000,61.217,61.227,61.217,61.227,22000000,1
1299631800000,1299631859000,61.226,61.237,61.218,61.237,73000000,1
1299631860000,1299631919000,61.237,61.239,61.226,61.237,45000000,1
1299631920000,1299631979000,61.237,61.257,61.237,61.257,40000000,1
1299631980000,1299632039000,61.257,61.267,61.256,61.267,77000000,1
1299632040000,1299632099000,61.266,61.266,61.251,61.253,32000000,1
1299632100000,1299632159000,61.255,61.26,61.238,61.257,84000000,1
1299632160000,1299632219000,61.256,61.256,61.242,61.243,30000000,1
1299632220000,1299632279000,61.246,61.248,61.239,61.246,60000000,1
1299632280000,1299632339000,61.242,61.248,61.238,61.24,54000000,1
1299632340000,1299632399000,61.24,61.24,61.223,61.233,40000000,1
1299632400000,1299632459000,61.234,61.234,61.198,61.198,34000000,1
1299632460000,1299632519000,61.197,61.219,61.197,61.217,78000000,1
1299632520000,1299632579000,61.217,61.217,61.198,61.202,63000000,1
1299632580000,1299632639000,61.202,61.22,61.202,61.22,24000000,1
1299632640000,1299632699000,61.217,61.234,61.217,61.234,21000000,1
1299632700000,1299632759000,61.238,61.238,61.226,61.231,70000000,1
1299632760000,1299632819000,61.233,61.24,61.232,61.238,27000000,1
1299632820000,1299632879000,61.238,61.242,61.228,61.228,49000000,1
1299632880000,1299632939000,61.228,61.231,61.216,61.216,41000000,1
1299632940000,1299632999000,61.217,61.218,61.217,61.218,18000000,1
1299633000000,1299633059000,61.218,61.218,61.218,61.218,2000000,1
1299633060000,1299633119000,61.217,61.226,61.216,61.217,104000000,1
1299633120000,1299633179000,61.211,61.23,61.211,61.227,21000000,1
1299633180000,1299633239000,61.227,61.227,61.217,61.219,42000000,1
1299633240000,1299633299000,61.218,61.227,61.218,61.227,39000000,1
1299633300000,1299633359000,61.228,61.24,61.226,61.228,35000000,1
1299633360000,1299633419000,61.227,61.227,61.209,61.22,36000000,1
1299633420000,1299633479000,61.224,61.23,61.216,61.217,42000000,1
1299633480000,1299633539000,61.222,61.227,61.207,61.207,41000000,1
1299633540000,1299633599000,61.209,61.227,61.206,61.22,66000000,1
1299633600000,1299633659000,61.22,61.228,61.218,61.218,26000000,1
1299633660000,1299633719000,61.222,61.227,61.208,61.208,24000000,1
1299633720000,1299633779000,61.207,61.242,61.207,61.239,88000000,1
1299633780000,1299633839000,61.238,61.243,61.223,61.226,77000000,1
1299633840000,1299633899000,61.226,61.231,61.22,61.229,38000000,1
1299633900000,1299633959000,61.231,61.277,61.231,61.277,91000000,1
1299633960000,1299634019000,61.277,61.296,61.272,61.296,105000000,1
1299634020000,1299634079000,61.297,61.314,61.296,61.297,58000000,1
1299634080000,1299634139000,61.297,61.297,61.288,61.297,53000000,1
1299634140000,1299634199000,61.298,61.308,61.298,61.308,22000000,1
1299634200000,1299634259000,61.314,61.32,61.307,61.318,85000000,1
1299634260000,1299634319000,61.318,61.357,61.318,61.347,47000000,1
1299634320000,1299634379000,61.347,61.357,61.347,61.348,56000000,1
1299634380000,1299634439000,61.348,61.355,61.338,61.355,76000000,1
1299634440000,1299634499000,61.357,61.358,61.346,61.346,31000000,1
1299634500000,1299634559000,61.347,61.352,61.344,61.347,56000000,1
1299634560000,1299634619000,61.347,61.348,61.328,61.337,52000000,1
1299634620000,1299634679000,61.337,61.34,61.328,61.34,11000000,1
1299634680000,1299634739000,61.338,61.338,61.328,61.337,49000000,1
1299634740000,1299634799000,61.337,61.346,61.337,61.346,66000000,1
1299634800000,1299634859000,61.346,61.36,61.341,61.36,18000000,1
1299634860000,1299634919000,61.349,61.358,61.349,61.357,38000000,1
1299634920000,1299634979000,61.356,61.357,61.356,61.357,9000000,1
1299634980000,1299635039000,61.357,61.387,61.357,61.371,63000000,1
1299635040000,1299635099000,61.37,61.394,61.366,61.39,69000000,1
1299635100000,1299635159000,61.39,61.399,61.368,61.399,72000000,1
1299635160000,1299635219000,61.399,61.416,61.397,61.408,112000000,1
1299635220000,1299635279000,61.407,61.411,61.396,61.397,46000000,1
1299635280000,1299635339000,61.397,61.408,61.396,61.401,123000000,1
1299635340000,1299635399000,61.402,61.402,61.378,61.387,62000000,1
1299635400000,1299635459000,61.387,61.39,61.382,61.39,29000000,1
1299635460000,1299635519000,61.39,61.397,61.387,61.387,13000000,1
1299635520000,1299635579000,61.387,61.391,61.386,61.386,17000000,1
1299635580000,1299635639000,61.386,61.387,61.376,61.387,67000000,1
1299635640000,1299635699000,61.387,61.387,61.373,61.376,44000000,1
1299635700000,1299635759000,61.377,61.38,61.373,61.376,36000000,1
1299635760000,1299635819000,61.378,61.388,61.376,61.388,32000000,1
1299635820000,1299635879000,61.388,61.388,61.386,61.386,10000000,1
1299635880000,1299635939000,61.38,61.386,61.377,61.385,30000000,1
1299635940000,1299635999000,61.385,61.396,61.376,61.392,54000000,1
1299636000000,1299636059000,61.392,61.392,61.388,61.39,18000000,1
1299636060000,1299636119000,61.388,61.39,61.382,61.389,66000000,1
1299636120000,1299636179000,61.386,61.392,61.376,61.389,55000000,1
1299636180000,1299636239000,61.386,61.387,61.382,61.382,32000000,1
1299636240000,1299636299000,61.383,61.384,61.382,61.384,14000000,1
1299636300000,1299636359000,61.381,61.381,61.381,61.381,6000000,1
1299636360000,1299636419000,61.377,61.387,61.377,61.378,24000000,1
1299636420000,1299636479000,61.377,61.377,61.377,61.377,2000000,1
1299636480000,1299636539000,61.376,61.38,61.376,61.38,37000000,1
1299636540000,1299636599000,61.377,61.387,61.377,61.377,15000000,1
1299636600000,1299636659000,61.381,61.387,61.377,61.377,11000000,1
1299636660000,1299636719000,61.378,61.378,61.377,61.377,16000000,1
1299636720000,1299636779000,61.377,61.386,61.377,61.381,31000000,1
1299636780000,1299636839000,61.382,61.382,61.358,61.361,49000000,1
1299636840000,1299636899000,61.361,61.361,61.348,61.352,68000000,1
1299636900000,1299636959000,61.353,61.353,61.339,61.347,40000000,1
1299636960000,1299637019000,61.347,61.353,61.339,61.35,30000000,1
1299637020000,1299637079000,61.349,61.361,61.349,61.361,42000000,1
1299637080000,1299637139000,61.364,61.365,61.362,61.362,9000000,1
1299637140000,1299637199000,61.365,61.366,61.358,61.366,42000000,1
1299637200000,1299637259000,61.366,61.369,61.359,61.367,20000000,1
1299637260000,1299637319000,61.363,61.378,61.363,61.374,44000000,1
1299637320000,1299637379000,61.371,61.372,61.359,61.371,34000000,1
1299637380000,1299637439000,61.372,61.374,61.344,61.344,75000000,1
1299637440000,1299637499000,61.353,61.364,61.342,61.348,66000000,1
1299637500000,1299637559000,61.346,61.352,61.338,61.346,52000000,1
1299637560000,1299637619000,61.347,61.347,61.339,61.339,20000000,1
1299637620000,1299637679000,61.338,61.343,61.336,61.338,15000000,1
1299637680000,1299637739000,61.343,61.344,61.343,61.344,6000000,1
1299637740000,1299637799000,61.344,61.344,61.344,61.344,9000000,1
1299637800000,1299637859000,61.344,61.347,61.327,61.327,32000000,1
1299637860000,1299637919000,61.327,61.327,61.311,61.311,70000000,1
1299637920000,1299637979000,61.313,61.313,61.277,61.284,88000000,1
1299637980000,1299638039000,61.289,61.297,61.289,61.297,19000000,1
1299638040000,1299638099000,61.297,61.299,61.287,61.292,30000000,1
1299638100000,1299638159000,61.296,61.3,61.295,61.3,16000000,1
1299638160000,1299638219000,61.298,61.311,61.293,61.297,45000000,1
1299638220000,1299638279000,61.297,61.298,61.297,61.298,31000000,1
1299638280000,1299638339000,61.298,61.301,61.29,61.296,31000000,1
1299638340000,1299638399000,61.297,61.308,61.297,61.306,17000000,1
1299638400000,1299638459000,61.306,61.307,61.3,61.306,20000000,1
1299638460000,1299638519000,61.306,61.307,61.298,61.299,24000000,1
1299638520000,1299638579000,61.298,61.302,61.297,61.297,11000000,1
1299638580000,1299638639000,61.297,61.297,61.216,61.226,120000000,1
1299638640000,1299638699000,61.226,61.237,61.221,61.237,43000000,1
1299638700000,1299638759000,61.236,61.238,61.216,61.221,52000000,1
1299638760000,1299638819000,61.223,61.227,61.22,61.227,10000000,1
1299638820000,1299638879000,61.228,61.228,61.201,61.22,55000000,1
1299638880000,1299638939000,61.221,61.232,61.218,61.228,39000000,1
1299638940000,1299638999000,61.232,61.241,61.232,61.239,34000000,1
1299639000000,1299639059000,61.241,61.265,61.241,61.263,60000000,1
1299639060000,1299639119000,61.264,61.27,61.263,61.263,48000000,1
1299639120000,1299639179000,61.262,61.262,61.24,61.247,50000000,1
1299639180000,1299639239000,61.246,61.267,61.246,61.246,34000000,1
1299639240000,1299639299000,61.247,61.257,61.246,61.256,29000000,1
1299639300000,1299639359000,61.258,61.258,61.248,61.248,44000000,1
1299639360000,1299639419000,61.248,61.257,61.238,61.247,25000000,1
1299639420000,1299639479000,61.247,61.247,61.237,61.246,25000000,1
1299639480000,1299639539000,61.248,61.248,61.237,61.237,19000000,1
1299639540000,1299639599000,61.247,61.257,61.236,61.251,49000000,1
1299639600000,1299639659000,61.252,61.252,61.237,61.237,41000000,1
1299639660000,1299639719000,61.236,61.236,61.227,61.236,24000000,1
1299639720000,1299639779000,61.237,61.241,61.237,61.238,12000000,1
1299639780000,1299639839000,61.238,61.247,61.236,61.239,47000000,1
1299639840000,1299639899000,61.238,61.238,61.226,61.228,51000000,1
1299639900000,1299639959000,61.228,61.238,61.227,61.227,69000000,1
1299639960000,1299640019000,61.229,61.237,61.227,61.237,61000000,1
1299640020000,1299640079000,61.237,61.237,61.219,61.228,71000000,1
1299640080000,1299640139000,61.228,61.25,61.217,61.241,78000000,1
1299640140000,1299640199000,61.239,61.24,61.236,61.238,28000000,1
1299640200000,1299640259000,61.238,61.253,61.231,61.251,43000000,1
1299640260000,1299640319000,61.245,61.248,61.245,61.248,111000000,1
1299640320000,1299640379000,61.248,61.248,61.248,61.248,13000000,1
1299640380000,1299640439000,61.248,61.257,61.248,61.257,33000000,1
1299640440000,1299640499000,61.251,61.253,61.249,61.249,6000000,1
1299640500000,1299640559000,61.251,61.251,61.248,61.251,5000000,1
1299640560000,1299640619000,61.25,61.25,61.247,61.249,19000000,1
1299640620000,1299640679000,61.25,61.257,61.247,61.257,12000000,1
1299640680000,1299640739000,61.257,61.258,61.25,61.25,11000000,1
1299640740000,1299640799000,61.25,61.258,61.248,61.257,14000000,1
1299640800000,1299640859000,61.256,61.259,61.25,61.257,38000000,1
1299640860000,1299640919000,61.256,61.257,61.256,61.256,8000000,1
1299640920000,1299640979000,61.256,61.268,61.256,61.268,31000000,1
1299640980000,1299641039000,61.268,61.268,61.268,61.268,18000000,1
1299641040000,1299641099000,61.268,61.268,61.268,61.268,31000000,1
1299641100000,1299641159000,61.268,61.268,61.267,61.267,49000000,1
1299641160000,1299641219000,61.268,61.268,61.267,61.268,34000000,1
1299641220000,1299641279000,61.268,61.268,61.268,61.268,9000000,1
1299641280000,1299641339000,61.267,61.267,61.267,61.267,14000000,1
1299641340000,1299641399000,61.267,61.277,61.267,61.277,25000000,1
1299641400000,1299641459000,61.276,61.277,61.268,61.27,14000000,1
1299641460000,1299641519000,61.266,61.266,61.257,61.266,13000000,1
1299641520000,1299641579000,61.267,61.267,61.258,61.258,31000000,1
1299641580000,1299641639000,61.258,61.258,61.248,61.258,42000000,1
1299641640000,1299641699000,61.258,61.258,61.258,61.258,16000000,1
1299641700000,1299641759000,61.26,61.262,61.26,61.261,6000000,1
1299641760000,1299641819000,61.261,61.261,61.258,61.258,19000000,1
1299641820000,1299641879000,61.258,61.258,61.257,61.258,19000000,1
1299641880000,1299641939000,61.258,61.258,61.227,61.237,86000000,1
1299641940000,1299641999000,61.238,61.247,61.238,61.238,17000000,1
1299642000000,1299642059000,61.238,61.248,61.237,61.242,26000000,1
1299642060000,1299642119000,61.245,61.245,61.237,61.238,118000000,1
1299642120000,1299642179000,61.243,61.248,61.241,61.248,19000000,1
1299642180000,1299642239000,61.246,61.249,61.246,61.248,6000000,1
1299642240000,1299642299000,61.248,61.255,61.248,61.254,17000000,1
1299642300000,1299642359000,61.254,61.255,61.253,61.254,15000000,1
1299642360000,1299642419000,61.254,61.255,61.25,61.251,25000000,1
1299642420000,1299642479000,61.251,61.251,61.245,61.248,20000000,1
1299642480000,1299642539000,61.249,61.252,61.247,61.247,10000000,1
1299642540000,1299642599000,61.251,61.251,61.247,61.25,6000000,1
1299642600000,1299642659000,61.247,61.248,61.236,61.238,39000000,1
1299642660000,1299642719000,61.238,61.238,61.236,61.238,63000000,1
1299642720000,1299642779000,61.238,61.242,61.236,61.237,41000000,1
1299642780000,1299642839000,61.237,61.238,61.237,61.238,40000000,1
1299642840000,1299642899000,61.238,61.238,61.231,61.237,16000000,1
1299642900000,1299642959000,61.231,61.238,61.231,61.232,21000000,1
1299642960000,1299643019000,61.237,61.237,61.236,61.236,7000000,1
1299643020000,1299643079000,61.237,61.237,61.206,61.223,102000000,1
1299643080000,1299643139000,61.217,61.217,61.206,61.217,38000000,1
1299643140000,1299643199000,61.217,61.217,61.207,61.209,25000000,1
1299643200000,1299643259000,61.208,61.209,61.198,61.198,29000000,1
1299643260000,1299643319000,61.2,61.2,61.196,61.197,14000000,1
1299643320000,1299643379000,61.198,61.208,61.198,61.208,32000000,1
1299643380000,1299643439000,61.208,61.218,61.208,61.214,34000000,1
1299643440000,1299643499000,61.214,61.217,61.207,61.211,26000000,1
1299643500000,1299643559000,61.207,61.208,61.206,61.208,14000000,1
1299643560000,1299643619000,61.208,61.208,61.208,61.208,11000000,1
1299643620000,1299643679000,61.208,61.208,61.207,61.208,53000000,1
1299643680000,1299643739000,61.208,61.211,61.207,61.208,19000000,1
1299643740000,1299643799000,61.207,61.212,61.207,61.212,21000000,1
1299643800000,1299643859000,61.208,61.217,61.208,61.216,50000000,1
1299643860000,1299643919000,61.216,61.216,61.196,61.214,37000000,1
1299643920000,1299643979000,61.217,61.218,61.216,61.218,37000000,1
1299643980000,1299644039000,61.218,61.236,61.218,61.231,20000000,1
1299644040000,1299644099000,61.231,61.237,61.222,61.226,56000000,1
1299644100000,1299644159000,61.222,61.227,61.222,61.227,12000000,1
1299644160000,1299644219000,61.226,61.227,61.217,61.217,16000000,1
1299644220000,1299644279000,61.216,61.221,61.211,61.22,35000000,1
1299644280000,1299644339000,61.226,61.229,61.216,61.216,17000000,1
1299644340000,1299644399000,61.212,61.217,61.212,61.217,28000000,1
1299644400000,1299644459000,61.217,61.226,61.21,61.22,54000000,1
1299644460000,1299644519000,61.224,61.224,61.217,61.221,18000000,1
1299644520000,1299644579000,61.221,61.226,61.22,61.22,10000000,1
1299644580000,1299644639000,61.218,61.23,61.218,61.222,28000000,1
1299644640000,1299644699000,61.222,61.229,61.221,61.222,26000000,1
1299644700000,1299644759000,61.223,61.226,61.218,61.226,11000000,1
1299644760000,1299644819000,61.227,61.227,61.226,61.227,29000000,1
1299644820000,1299644879000,61.227,61.227,61.226,61.227,48000000,1
1299644880000,1299644939000,61.227,61.227,61.218,61.218,14000000,1
1299644940000,1299644999000,61.219,61.226,61.217,61.226,26000000,1
1299645000000,1299645059000,61.226,61.23,61.226,61.227,42000000,1
1299645060000,1299645119000,61.227,61.237,61.227,61.231,61000000,1
1299645120000,1299645179000,61.231,61.233,61.23,61.232,30000000,1
1299645180000,1299645239000,61.232,61.232,61.227,61.231,20000000,1
1299645240000,1299645299000,61.231,61.231,61.227,61.227,18000000,1
1299645300000,1299645359000,61.227,61.227,61.226,61.226,6000000,1
1299645360000,1299645419000,61.226,61.226,61.22,61.224,37000000,1
1299645420000,1299645479000,61.22,61.227,61.217,61.217,29000000,1
1299645480000,1299645539000,61.217,61.219,61.216,61.217,175000000,1
1299645540000,1299645599000,61.218,61.226,61.215,61.226,55000000,1
1299645600000,1299645659000,61.227,61.227,61.208,61.227,67000000,1
1299645660000,1299645719000,61.226,61.227,61.226,61.227,21000000,1
1299645720000,1299645779000,61.226,61.231,61.226,61.231,38000000,1
1299645780000,1299645839000,61.231,61.231,61.228,61.228,76000000,1
1299645840000,1299645899000,61.228,61.233,61.228,61.233,93000000,1
1299645900000,1299645959000,61.233,61.233,61.211,61.211,36000000,1
1299645960000,1299646019000,61.215,61.217,61.207,61.217,35000000,1
1299646020000,1299646079000,61.216,61.218,61.207,61.217,34000000,1
1299646080000,1299646139000,61.218,61.223,61.218,61.223,7000000,1
1299646140000,1299646199000,61.223,61.223,61.213,61.216,68000000,1
1299646200000,1299646259000,61.211,61.216,61.211,61.216,3000000,1
1299646260000,1299646319000,61.216,61.217,61.211,61.217,12000000,1
1299646320000,1299646379000,61.21,61.211,61.209,61.211,7000000,1
1299646380000,1299646439000,61.211,61.222,61.211,61.219,16000000,1
1299646440000,1299646499000,61.219,61.221,61.207,61.207,27000000,1
1299646500000,1299646559000,61.207,61.207,61.126,61.171,235000000,1
1299646560000,1299646619000,61.172,61.194,61.158,61.167,119000000,1
1299646620000,1299646679000,61.159,61.191,61.159,61.17,59000000,1
1299646680000,1299646739000,61.168,61.168,61.166,61.166,5000000,1
1299646740000,1299646799000,61.163,61.178,61.158,61.168,67000000,1
1299646800000,1299646859000,61.168,61.177,61.168,61.176,15000000,1
1299646860000,1299646919000,61.178,61.178,61.168,61.168,34000000,1
1299646920000,1299646979000,61.17,61.18,61.167,61.177,48000000,1
1299646980000,1299647039000,61.176,61.198,61.176,61.189,137000000,1
1299647040000,1299647099000,61.189,61.198,61.189,61.198,51000000,1
1299647100000,1299647159000,61.2,61.201,61.197,61.198,48000000,1
1299647160000,1299647219000,61.2,61.208,61.198,61.202,49000000,1
1299647220000,1299647279000,61.202,61.205,61.19,61.203,88000000,1
1299647280000,1299647339000,61.203,61.208,61.203,61.206,37000000,1
1299647340000,1299647399000,61.206,61.206,61.195,61.206,51000000,1
1299647400000,1299647459000,61.199,61.201,61.19,61.196,44000000,1
1299647460000,1299647519000,61.196,61.197,61.19,61.196,58000000,1
1299647520000,1299647579000,61.198,61.199,61.192,61.197,132000000,1
1299647580000,1299647639000,61.197,61.198,61.187,61.189,35000000,1
1299647640000,1299647699000,61.192,61.192,61.187,61.188,16000000,1
1299647700000,1299647759000,61.191,61.197,61.187,61.191,51000000,1
1299647760000,1299647819000,61.192,61.193,61.186,61.187,20000000,1
1299647820000,1299647879000,61.191,61.191,61.189,61.191,10000000,1
1299647880000,1299647939000,61.192,61.203,61.192,61.202,91000000,1
1299647940000,1299647999000,61.206,61.208,61.196,61.206,77000000,1
1299648000000,1299648059000,61.206,61.207,61.197,61.2,37000000,1
1299648060000,1299648119000,61.199,61.207,61.198,61.199,16000000,1
1299648120000,1299648179000,61.202,61.217,61.202,61.209,79000000,1
1299648180000,1299648239000,61.213,61.237,61.213,61.237,38000000,1
1299648240000,1299648299000,61.237,61.238,61.227,61.23,31000000,1
1299648300000,1299648359000,61.238,61.24,61.231,61.237,33000000,1
1299648360000,1299648419000,61.236,61.239,61.227,61.237,44000000,1
1299648420000,1299648479000,61.237,61.24,61.227,61.238,38000000,1
1299648480000,1299648539000,61.238,61.241,61.237,61.237,21000000,1
1299648540000,1299648599000,61.238,61.238,61.236,61.236,12000000,1
1299648600000,1299648659000,61.236,61.236,61.226,61.227,22000000,1
1299648660000,1299648719000,61.227,61.227,61.216,61.217,31000000,1
1299648720000,1299648779000,61.216,61.216,61.197,61.206,80000000,1
1299648780000,1299648839000,61.208,61.217,61.206,61.217,27000000,1
1299648840000,1299648899000,61.217,61.228,61.217,61.218,35000000,1
1299648900000,1299648959000,61.218,61.218,61.206,61.207,41000000,1
1299648960000,1299649019000,61.207,61.208,61.206,61.207,82000000,1
1299649020000,1299649079000,61.207,61.207,61.207,61.207,33000000,1
1299649080000,1299649139000,61.208,61.208,61.197,61.207,23000000,1
1299649140000,1299649199000,61.207,61.217,61.207,61.217,91000000,1
1299649200000,1299649259000,61.217,61.248,61.217,61.229,112000000,1
1299649260000,1299649319000,61.23,61.247,61.227,61.247,53000000,1
1299649320000,1299649379000,61.246,61.251,61.238,61.238,65000000,1
1299649380000,1299649439000,61.238,61.247,61.237,61.247,45000000,1
1299649440000,1299649499000,61.247,61.256,61.241,61.247,68000000,1
1299649500000,1299649559000,61.247,61.248,61.247,61.247,128000000,1
1299649560000,1299649619000,61.247,61.247,61.237,61.247,36000000,1
1299649620000,1299649679000,61.247,61.258,61.229,61.238,142000000,1
1299649680000,1299649739000,61.238,61.238,61.232,61.236,82000000,1
1299649740000,1299649799000,61.238,61.238,61.228,61.234,34000000,1
1299649800000,1299649859000,61.236,61.257,61.23,61.257,51000000,1
1299649860000,1299649919000,61.253,61.258,61.246,61.251,52000000,1
1299649920000,1299649979000,61.251,61.251,61.247,61.248,17000000,1
1299649980000,1299650039000,61.248,61.248,61.246,61.246,44000000,1
1299650040000,1299650099000,61.247,61.248,61.246,61.246,109000000,1
1299650100000,1299650159000,61.246,61.248,61.236,61.237,62000000,1
1299650160000,1299650219000,61.237,61.237,61.236,61.237,42000000,1
1299650220000,1299650279000,61.231,61.231,61.22,61.22,33000000,1
1299650280000,1299650339000,61.217,61.227,61.216,61.227,35000000,1
1299650340000,1299650399000,61.227,61.228,61.223,61.227,25000000,1
1299650400000,1299650459000,61.227,61.227,61.198,61.208,58000000,1
1299650460000,1299650519000,61.208,61.225,61.19,61.219,68000000,1
1299650520000,1299650579000,61.218,61.231,61.206,61.207,63000000,1
1299650580000,1299650639000,61.207,61.217,61.207,61.217,35000000,1
1299650640000,1299650699000,61.217,61.221,61.208,61.218,52000000,1
1299650700000,1299650759000,61.218,61.218,61.197,61.197,64000000,1
1299650760000,1299650819000,61.197,61.208,61.197,61.208,140000000,1
1299650820000,1299650879000,61.209,61.227,61.209,61.217,28000000,1
1299650880000,1299650939000,61.23,61.241,61.226,61.237,44000000,1
1299650940000,1299650999000,61.239,61.239,61.216,61.227,38000000,1
1299651000000,1299651059000,61.227,61.229,61.219,61.229,57000000,1
1299651060000,1299651119000,61.223,61.233,61.219,61.219,34000000,1
1299651120000,1299651179000,61.222,61.228,61.216,61.223,46000000,1
1299651180000,1299651239000,61.227,61.227,61.216,61.216,24000000,1
1299651240000,1299651299000,61.216,61.217,61.208,61.217,44000000,1
1299651300000,1299651359000,61.217,61.217,61.216,61.217,10000000,1
1299651360000,1299651419000,61.217,61.226,61.216,61.226,24000000,1
1299651420000,1299651479000,61.226,61.238,61.224,61.227,70000000,1
1299651480000,1299651539000,61.226,61.23,61.226,61.228,56000000,1
1299651540000,1299651599000,61.228,61.228,61.222,61.227,40000000,1
1299651600000,1299651659000,61.227,61.228,61.217,61.218,85000000,1
1299651660000,1299651719000,61.218,61.218,61.216,61.218,15000000,1
1299651720000,1299651779000,61.219,61.219,61.217,61.217,20000000,1
1299651780000,1299651839000,61.217,61.217,61.208,61.216,15000000,1
1299651840000,1299651899000,61.217,61.217,61.217,61.217,6000000,1
1299651900000,1299651959000,61.216,61.216,61.208,61.21,15000000,1
1299651960000,1299652019000,61.21,61.22,61.21,61.218,24000000,1
1299652020000,1299652079000,61.216,61.237,61.216,61.237,43000000,1
1299652080000,1299652139000,61.236,61.248,61.236,61.247,25000000,1
1299652140000,1299652199000,61.247,61.247,61.246,61.246,15000000,1
1299652200000,1299652259000,61.247,61.247,61.246,61.247,13000000,1
1299652260000,1299652319000,61.247,61.247,61.238,61.239,14000000,1
1299652320000,1299652379000,61.237,61.243,61.237,61.243,24000000,1
1299652380000,1299652439000,61.243,61.25,61.239,61.249,16000000,1
1299652440000,1299652499000,61.247,61.258,61.237,61.256,102000000,1
1299652500000,1299652559000,61.256,61.267,61.256,61.267,35000000,1
1299652560000,1299652619000,61.257,61.26,61.246,61.247,35000000,1
1299652620000,1299652679000,61.247,61.248,61.242,61.247,24000000,1
1299652680000,1299652739000,61.246,61.25,61.246,61.25,13000000,1
1299652740000,1299652799000,61.249,61.254,61.249,61.254,7000000,1
1299652800000,1299652859000,61.256,61.256,61.236,61.236,29000000,1
1299652860000,1299652919000,61.237,61.238,61.237,61.237,14000000,1
1299652920000,1299652979000,61.246,61.247,61.238,61.246,16000000,1
1299652980000,1299653039000,61.246,61.247,61.246,61.247,41000000,1
1299653040000,1299653099000,61.247,61.248,61.239,61.248,52000000,1
1299653100000,1299653159000,61.248,61.248,61.237,61.243,30000000,1
1299653160000,1299653219000,61.244,61.244,61.243,61.243,45000000,1
1299653220000,1299653279000,61.243,61.243,61.217,61.217,27000000,1
1299653280000,1299653339000,61.217,61.228,61.207,61.217,49000000,1
1299653340000,1299653399000,61.217,61.228,61.207,61.207,40000000,1
1299653400000,1299653459000,61.207,61.218,61.199,61.209,38000000,1
1299653460000,1299653519000,61.209,61.209,61.208,61.209,19000000,1
1299653520000,1299653579000,61.213,61.214,61.178,61.178,41000000,1
1299653580000,1299653639000,61.178,61.178,61.168,61.168,16000000,1
1299653640000,1299653699000,61.169,61.169,61.168,61.169,26000000,1
1299653700000,1299653759000,61.169,61.208,61.168,61.208,54000000,1
1299653760000,1299653819000,61.208,61.224,61.208,61.224,40000000,1
1299653820000,1299653879000,61.224,61.224,61.168,61.189,63000000,1
1299653880000,1299653939000,61.189,61.189,61.179,61.179,15000000,1
1299653940000,1299653999000,61.184,61.204,61.184,61.204,49000000,1
1299654000000,1299654059000,61.204,61.257,61.204,61.247,76000000,1
1299654060000,1299654119000,61.247,61.248,61.228,61.237,51000000,1
1299654120000,1299654179000,61.238,61.238,61.237,61.237,5000000,1
1299654180000,1299654239000,61.247,61.288,61.237,61.267,98000000,1
1299654240000,1299654299000,61.267,61.298,61.258,61.297,59000000,1
1299654300000,1299654359000,61.297,61.298,61.288,61.297,26000000,1
1299654360000,1299654419000,61.297,61.303,61.297,61.297,23000000,1
1299654420000,1299654479000,61.287,61.288,61.247,61.247,84000000,1
1299654480000,1299654539000,61.247,61.258,61.247,61.257,45000000,1
1299654540000,1299654599000,61.248,61.258,61.247,61.247,10000000,1
1299654600000,1299654659000,61.258,61.258,61.247,61.247,30000000,1
1299654660000,1299654719000,61.248,61.258,61.247,61.247,10000000,1
1299654720000,1299654779000,61.237,61.258,61.237,61.247,19000000,1
1299654780000,1299654839000,61.247,61.248,61.247,61.248,9000000,1
1299654840000,1299654899000,61.257,61.268,61.257,61.257,23000000,1
1299654900000,1299654959000,61.257,61.288,61.257,61.287,52000000,1
1299654960000,1299655019000,61.287,61.287,61.234,61.258,140000000,1
1299655020000,1299655079000,61.258,61.258,61.238,61.247,20000000,1
1299655080000,1299655139000,61.248,61.248,61.237,61.237,11000000,1
1299655140000,1299655199000,61.237,61.238,61.218,61.237,44000000,1
1299655200000,1299655259000,61.238,61.248,61.237,61.238,41000000,1
1299655260000,1299655319000,61.238,61.238,61.227,61.238,14000000,1
1299655320000,1299655379000,61.237,61.238,61.227,61.227,36000000,1
1299655380000,1299655439000,61.227,61.238,61.227,61.228,44000000,1
1299655440000,1299655499000,61.228,61.228,61.228,61.228,22000000,1
1299655500000,1299655559000,61.228,61.238,61.228,61.237,21000000,1
1299655560000,1299655619000,61.237,61.288,61.237,61.288,72000000,1
1299655620000,1299655679000,61.278,61.288,61.277,61.288,23000000,1
1299655680000,1299655739000,61.288,61.288,61.287,61.288,19000000,1
1299655740000,1299655799000,61.288,61.288,61.277,61.278,56000000,1
1299655800000,1299655859000,61.267,61.278,61.267,61.278,14000000,1
1299655860000,1299655919000,61.278,61.278,61.248,61.258,29000000,1
1299655920000,1299655979000,61.248,61.248,61.214,61.223,58000000,1
1299655980000,1299656039000,61.217,61.238,61.214,61.238,41000000,1
1299656040000,1299656099000,61.238,61.238,61.188,61.238,113000000,1
1299656100000,1299656159000,61.238,61.268,61.207,61.247,51000000,1
1299656160000,1299656219000,61.247,61.248,61.247,61.248,24000000,1
1299656220000,1299656279000,61.248,61.248,61.247,61.247,18000000,1
1299656280000,1299656339000,61.247,61.247,61.247,61.247,7000000,1
1299656340000,1299656399000,61.257,61.257,61.238,61.238,38000000,1
1299656400000,1299656459000,61.238,61.239,61.238,61.238,40000000,1
1299656460000,1299656519000,61.238,61.238,61.238,61.238,39000000,1
1299656520000,1299656579000,61.238,61.239,61.238,61.239,23000000,1
1299656580000,1299656639000,61.238,61.238,61.238,61.238,18000000,1
1299656640000,1299656699000,61.238,61.247,61.238,61.247,14000000,1
1299656700000,1299656759000,61.247,61.248,61.247,61.247,37000000,1
1299656760000,1299656819000,61.247,61.248,61.238,61.239,67000000,1
1299656820000,1299656879000,61.244,61.247,61.244,61.244,23000000,1
1299656880000,1299656939000,61.244,61.248,61.238,61.238,62000000,1
1299656940000,1299656999000,61.238,61.248,61.238,61.243,56000000,1
1299657000000,1299657059000,61.238,61.239,61.218,61.238,117000000,1
1299657060000,1299657119000,61.238,61.258,61.238,61.258,15000000,1
1299657120000,1299657179000,61.258,61.277,61.232,61.232,64000000,1
1299657180000,1299657239000,61.237,61.257,61.217,61.257,84000000,1
1299657240000,1299657299000,61.267,61.268,61.248,61.258,23000000,1
1299657300000,1299657359000,61.258,61.258,61.198,61.218,107000000,1
1299657360000,1299657419000,61.218,61.237,61.217,61.237,88000000,1
1299657420000,1299657479000,61.248,61.257,61.247,61.247,23000000,1
1299657480000,1299657539000,61.247,61.247,61.207,61.207,56000000,1
1299657540000,1299657599000,61.207,61.207,61.207,61.207,60000000,1
1299657600000,1299657659000,61.207,61.207,61.207,61.207,7000000,1
1299657660000,1299657719000,61.218,61.218,61.189,61.189,49000000,1
1299657720000,1299657779000,61.189,61.217,61.188,61.198,40000000,1
1299657780000,1299657839000,61.198,61.198,61.187,61.187,47000000,1
1299657840000,1299657899000,61.187,61.194,61.178,61.193,102000000,1
1299657900000,1299657959000,61.193,61.208,61.193,61.197,129000000,1
1299657960000,1299658019000,61.197,61.199,61.177,61.187,127000000,1
1299658020000,1299658079000,61.187,61.198,61.187,61.197,66000000,1
1299658080000,1299658139000,61.197,61.198,61.167,61.188,75000000,1
1299658140000,1299658199000,61.177,61.177,61.127,61.127,53000000,1
1299658200000,1299658259000,61.127,61.138,61.127,61.137,91000000,1
1299658260000,1299658319000,61.128,61.139,61.127,61.139,76000000,1
1299658320000,1299658379000,61.139,61.139,61.138,61.138,16000000,1
1299658380000,1299658439000,61.138,61.139,61.138,61.139,46000000,1
1299658440000,1299658499000,61.139,61.144,61.104,61.119,89000000,1
1299658500000,1299658559000,61.119,61.123,61.114,61.114,32000000,1
1299658560000,1299658619000,61.114,61.124,61.114,61.123,39000000,1
1299658620000,1299658679000,61.132,61.133,61.123,61.128,34000000,1
1299658680000,1299658739000,61.128,61.133,61.103,61.133,46000000,1
1299658740000,1299658799000,61.133,61.148,61.133,61.148,76000000,1
1299658800000,1299658859000,61.148,61.159,61.13,61.154,65000000,1
1299658860000,1299658919000,61.154,61.159,61.149,61.154,55000000,1
1299658920000,1299658979000,61.154,61.169,61.153,61.168,77000000,1
1299658980000,1299659039000,61.168,61.168,61.158,61.167,48000000,1
1299659040000,1299659099000,61.168,61.197,61.168,61.187,32000000,1
1299659100000,1299659159000,61.187,61.188,61.177,61.188,71000000,1
1299659160000,1299659219000,61.188,61.188,61.177,61.187,87000000,1
1299659220000,1299659279000,61.187,61.188,61.177,61.177,72000000,1
1299659280000,1299659339000,61.185,61.193,61.175,61.187,38000000,1
1299659340000,1299659399000,61.178,61.194,61.178,61.194,47000000,1
1299659400000,1299659459000,61.194,61.199,61.189,61.189,65000000,1
1299659460000,1299659519000,61.189,61.198,61.177,61.198,46000000,1
1299659520000,1299659579000,61.198,61.199,61.198,61.199,43000000,1
1299659580000,1299659639000,61.199,61.207,61.178,61.183,123000000,1
1299659640000,1299659699000,61.183,61.187,61.162,61.162,108000000,1
1299659700000,1299659759000,61.16,61.168,61.143,61.147,80000000,1
1299659760000,1299659819000,61.154,61.184,61.15,61.183,99000000,1
1299659820000,1299659879000,61.183,61.208,61.183,61.207,106000000,1
1299659880000,1299659939000,61.208,61.237,61.199,61.237,38000000,1
1299659940000,1299659999000,61.237,61.238,61.228,61.238,32000000,1
1299660000000,1299660059000,61.238,61.248,61.237,61.247,68000000,1
1299660060000,1299660119000,61.247,61.258,61.237,61.258,77000000,1
1299660120000,1299660179000,61.258,61.267,61.237,61.258,142000000,1
1299660180000,1299660239000,61.248,61.258,61.238,61.247,104000000,1
1299660240000,1299660299000,61.238,61.267,61.238,61.257,127000000,1
1299660300000,1299660359000,61.268,61.268,61.233,61.243,117000000,1
1299660360000,1299660419000,61.243,61.244,61.218,61.238,57000000,1
1299660420000,1299660479000,61.238,61.259,61.228,61.249,101000000,1
1299660480000,1299660539000,61.249,61.254,61.219,61.219,67000000,1
1299660540000,1299660599000,61.224,61.224,61.203,61.209,78000000,1
1299660600000,1299660659000,61.213,61.224,61.213,61.224,108000000,1
1299660660000,1299660719000,61.224,61.239,61.218,61.218,85000000,1
1299660720000,1299660779000,61.218,61.219,61.213,61.219,46000000,1
1299660780000,1299660839000,61.214,61.244,61.214,61.238,31000000,1
1299660840000,1299660899000,61.238,61.244,61.238,61.244,15000000,1
1299660900000,1299660959000,61.243,61.249,61.238,61.249,47000000,1
1299660960000,1299661019000,61.249,61.249,61.233,61.242,22000000,1
1299661020000,1299661079000,61.239,61.254,61.228,61.229,27000000,1
1299661080000,1299661139000,61.242,61.246,61.237,61.244,52000000,1
1299661140000,1299661199000,61.245,61.256,61.24,61.256,48000000,1
1299661200000,1299661259000,61.256,61.285,61.254,61.275,78000000,1
1299661260000,1299661319000,61.271,61.271,61.249,61.249,23000000,1
1299661320000,1299661379000,61.251,61.257,61.243,61.249,19000000,1
1299661380000,1299661439000,61.247,61.252,61.246,61.252,16000000,1
1299661440000,1299661499000,61.252,61.264,61.224,61.224,24000000,1
1299661500000,1299661559000,61.223,61.247,61.223,61.241,23000000,1
1299661560000,1299661619000,61.241,61.242,61.234,61.242,10000000,1
1299661620000,1299661679000,61.244,61.294,61.24,61.24,87000000,1
1299661680000,1299661739000,61.24,61.254,61.24,61.253,64000000,1
1299661740000,1299661799000,61.253,61.273,61.253,61.264,19000000,1
1299661800000,1299661859000,61.264,61.294,61.257,61.273,63000000,1
1299661860000,1299661919000,61.274,61.274,61.268,61.268,31000000,1
1299661920000,1299661979000,61.264,61.302,61.262,61.289,19000000,1
1299661980000,1299662039000,61.293,61.304,61.269,61.271,67000000,1
1299662040000,1299662099000,61.278,61.309,61.275,61.288,75000000,1
1299662100000,1299662159000,61.288,61.299,61.273,61.289,61000000,1
1299662160000,1299662219000,61.294,61.294,61.283,61.283,21000000,1
1299662220000,1299662279000,61.283,61.283,61.279,61.279,18000000,1
1299662280000,1299662339000,61.279,61.284,61.279,61.284,22000000,1
1299662340000,1299662399000,61.288,61.288,61.279,61.284,24000000,1
1299662400000,1299662459000,61.279,61.279,61.279,61.279,7000000,1
1299662460000,1299662519000,61.279,61.294,61.279,61.287,44000000,1
1299662520000,1299662579000,61.287,61.298,61.287,61.297,17000000,1
1299662580000,1299662639000,61.297,61.308,61.297,61.3,25000000,1
1299662640000,1299662699000,61.303,61.304,61.297,61.3,45000000,1
1299662700000,1299662759000,61.304,61.312,61.304,61.309,42000000,1
1299662760000,1299662819000,61.309,61.309,61.307,61.307,15000000,1
1299662820000,1299662879000,61.308,61.318,61.308,61.318,19000000,1
1299662880000,1299662939000,61.317,61.327,61.317,61.327,16000000,1
1299662940000,1299662999000,61.328,61.328,61.307,61.317,89000000,1
1299663000000,1299663059000,61.317,61.358,61.31,61.347,65000000,1
1299663060000,1299663119000,61.347,61.388,61.347,61.368,101000000,1
1299663120000,1299663179000,61.368,61.368,61.358,61.358,6000000,1
1299663180000,1299663239000,61.358,61.358,61.349,61.358,16000000,1
1299663240000,1299663299000,61.349,61.374,61.347,61.367,87000000,1
1299663300000,1299663359000,61.367,61.368,61.352,61.358,94000000,1
1299663360000,1299663419000,61.358,61.358,61.35,61.351,63000000,1
1299663420000,1299663479000,61.348,61.348,61.337,61.338,55000000,1
1299663480000,1299663539000,61.338,61.347,61.337,61.337,78000000,1
1299663540000,1299663599000,61.337,61.348,61.328,61.329,70000000,1
1299663600000,1299663659000,61.327,61.328,61.275,61.292,41000000,1
1299663660000,1299663719000,61.289,61.32,61.289,61.315,27000000,1
1299663720000,1299663779000,61.314,61.314,61.274,61.274,17000000,1
1299663780000,1299663839000,61.273,61.273,61.244,61.249,26000000,1
1299663840000,1299663899000,61.259,61.259,61.254,61.254,19000000,1
1299663900000,1299663959000,61.254,61.283,61.253,61.273,50000000,1
1299663960000,1299664019000,61.273,61.273,61.273,61.273,19000000,1
1299664020000,1299664079000,61.273,61.284,61.273,61.283,24000000,1
1299664080000,1299664139000,61.283,61.303,61.283,61.293,14000000,1
1299664140000,1299664199000,61.303,61.303,61.294,61.303,6000000,1
1299664200000,1299664259000,61.303,61.304,61.278,61.278,40000000,1
1299664260000,1299664319000,61.278,61.291,61.278,61.291,27000000,1
1299664320000,1299664379000,61.291,61.291,61.284,61.284,6000000,1
1299664380000,1299664439000,61.284,61.29,61.284,61.288,50000000,1
1299664440000,1299664499000,61.288,61.295,61.285,61.286,35000000,1
1299664500000,1299664559000,61.286,61.29,61.281,61.287,21000000,1
1299664560000,1299664619000,61.287,61.306,61.287,61.306,51000000,1
1299664620000,1299664679000,61.307,61.327,61.306,61.319,67000000,1
1299664680000,1299664739000,61.326,61.327,61.317,61.327,20000000,1
1299664740000,1299664799000,61.327,61.337,61.287,61.287,60000000,1
1299664800000,1299664859000,61.287,61.307,61.287,61.307,17000000,1
1299664860000,1299664919000,61.297,61.307,61.286,61.286,34000000,1
1299664920000,1299664979000,61.278,61.306,61.278,61.297,19000000,1
1299664980000,1299665039000,61.297,61.297,61.287,61.293,11000000,1
1299665040000,1299665099000,61.294,61.294,61.283,61.284,24000000,1
1299665100000,1299665159000,61.283,61.289,61.283,61.289,18000000,1
1299665160000,1299665219000,61.299,61.304,61.299,61.304,7000000,1
1299665220000,1299665279000,61.304,61.319,61.296,61.296,36000000,1
1299665280000,1299665339000,61.296,61.296,61.286,61.29,44000000,1
1299665340000,1299665399000,61.292,61.297,61.287,61.297,30000000,1
1299665400000,1299665459000,61.296,61.3,61.287,61.297,26000000,1
1299665460000,1299665519000,61.297,61.297,61.297,61.297,6000000,1
1299665520000,1299665579000,61.297,61.307,61.296,61.297,28000000,1
1299665580000,1299665639000,61.307,61.307,61.297,61.297,33000000,1
1299665640000,1299665699000,61.297,61.297,61.297,61.297,13000000,1
1299665700000,1299665759000,61.297,61.297,61.291,61.292,31000000,1
1299665760000,1299665819000,61.292,61.297,61.292,61.294,21000000,1
1299665820000,1299665879000,61.289,61.289,61.283,61.284,22000000,1
1299665880000,1299665939000,61.277,61.279,61.273,61.279,29000000,1
1299665940000,1299665999000,61.287,61.297,61.287,61.297,23000000,1
1299666000000,1299666059000,61.297,61.307,61.286,61.307,28000000,1
1299666060000,1299666119000,61.317,61.317,61.303,61.311,50000000,1
1299666120000,1299666179000,61.311,61.32,61.307,61.307,36000000,1
1299666180000,1299666239000,61.307,61.307,61.293,61.293,45000000,1
1299666240000,1299666299000,61.293,61.298,61.293,61.294,15000000,1
1299666300000,1299666359000,61.294,61.294,61.293,61.293,25000000,1
1299666360000,1299666419000,61.293,61.299,61.293,61.298,49000000,1
1299666420000,1299666479000,61.298,61.309,61.298,61.309,30000000,1
1299666480000,1299666539000,61.308,61.309,61.298,61.299,14000000,1
1299666540000,1299666599000,61.298,61.304,61.298,61.303,24000000,1
1299666600000,1299666659000,61.303,61.309,61.303,61.308,67000000,1
1299666660000,1299666719000,61.309,61.321,61.309,61.321,14000000,1
1299666720000,1299666779000,61.321,61.321,61.314,61.314,32000000,1
1299666780000,1299666839000,61.314,61.314,61.301,61.307,95000000,1
1299666840000,1299666899000,61.307,61.312,61.296,61.297,75000000,1
1299666900000,1299666959000,61.297,61.298,61.296,61.298,29000000,1
1299666960000,1299667019000,61.298,61.304,61.298,61.304,40000000,1
1299667020000,1299667079000,61.297,61.299,61.297,61.298,68000000,1
1299667080000,1299667139000,61.292,61.299,61.288,61.299,37000000,1
1299667140000,1299667199000,61.299,61.308,61.298,61.307,44000000,1
1299667200000,1299667259000,61.306,61.307,61.297,61.307,66000000,1
1299667260000,1299667319000,61.307,61.309,61.307,61.307,26000000,1
1299667320000,1299667379000,61.307,61.317,61.306,61.316,66000000,1
1299667380000,1299667439000,61.316,61.326,61.316,61.316,23000000,1
1299667440000,1299667499000,61.316,61.326,61.304,61.316,77000000,1
1299667500000,1299667559000,61.316,61.318,61.298,61.308,48000000,1
1299667560000,1299667619000,61.307,61.307,61.296,61.296,23000000,1
1299667620000,1299667679000,61.297,61.297,61.286,61.287,54000000,1
1299667680000,1299667739000,61.287,61.287,61.28,61.283,43000000,1
1299667740000,1299667799000,61.283,61.294,61.268,61.293,48000000,1
1299667800000,1299667859000,61.296,61.317,61.246,61.246,125000000,1
1299667860000,1299667919000,61.246,61.274,61.246,61.266,65000000,1
1299667920000,1299667979000,61.266,61.267,61.194,61.224,143000000,1
1299667980000,1299668039000,61.217,61.244,61.193,61.243,127000000,1
1299668040000,1299668099000,61.244,61.274,61.238,61.239,106000000,1
1299668100000,1299668159000,61.239,61.253,61.233,61.253,77000000,1
1299668160000,1299668219000,61.253,61.257,61.246,61.248,63000000,1
1299668220000,1299668279000,61.248,61.259,61.246,61.247,41000000,1
1299668280000,1299668339000,61.247,61.248,61.247,61.247,48000000,1
1299668340000,1299668399000,61.247,61.257,61.247,61.248,56000000,1
1299668400000,1299668459000,61.257,61.257,61.247,61.248,23000000,1
1299668460000,1299668519000,61.246,61.258,61.237,61.258,43000000,1
1299668520000,1299668579000,61.258,61.258,61.248,61.257,17000000,1
1299668580000,1299668639000,61.256,61.258,61.248,61.248,9000000,1
1299668640000,1299668699000,61.248,61.267,61.248,61.267,42000000,1
1299668700000,1299668759000,61.267,61.267,61.267,61.267,16000000,1
1299668760000,1299668819000,61.267,61.267,61.267,61.267,35000000,1
1299668820000,1299668879000,61.267,61.287,61.267,61.273,27000000,1
1299668880000,1299668939000,61.275,61.279,61.267,61.267,24000000,1
1299668940000,1299668999000,61.267,61.268,61.257,61.257,96000000,1
1299669000000,1299669059000,61.257,61.268,61.248,61.257,83000000,1
1299669060000,1299669119000,61.258,61.268,61.257,61.258,108000000,1
1299669120000,1299669179000,61.267,61.288,61.267,61.277,61000000,1
1299669180000,1299669239000,61.276,61.277,61.266,61.267,12000000,1
1299669240000,1299669299000,61.266,61.268,61.266,61.267,16000000,1
1299669300000,1299669359000,61.267,61.278,61.267,61.267,18000000,1
1299669360000,1299669419000,61.267,61.267,61.257,61.258,27000000,1
1299669420000,1299669479000,61.258,61.258,61.247,61.247,52000000,1
1299669480000,1299669539000,61.248,61.248,61.247,61.247,53000000,1
1299669540000,1299669599000,61.248,61.268,61.247,61.266,82000000,1
1299669600000,1299669659000,61.257,61.276,61.254,61.276,138000000,1
1299669660000,1299669719000,61.276,61.288,61.266,61.288,30000000,1
1299669720000,1299669779000,61.296,61.296,61.287,61.29,32000000,1
1299669780000,1299669839000,61.297,61.307,61.286,61.288,89000000,1
1299669840000,1299669899000,61.287,61.288,61.277,61.287,91000000,1
1299669900000,1299669959000,61.286,61.288,61.277,61.278,55000000,1
1299669960000,1299670019000,61.277,61.278,61.267,61.269,96000000,1
1299670020000,1299670079000,61.269,61.276,61.263,61.271,53000000,1
1299670080000,1299670139000,61.276,61.288,61.268,61.287,69000000,1
1299670140000,1299670199000,61.286,61.297,61.284,61.297,39000000,1
1299670200000,1299670259000,61.297,61.298,61.287,61.298,65000000,1
1299670260000,1299670319000,61.306,61.308,61.297,61.298,71000000,1
1299670320000,1299670379000,61.298,61.299,61.287,61.299,100000000,1
1299670380000,1299670439000,61.299,61.308,61.287,61.287,89000000,1
1299670440000,1299670499000,61.288,61.298,61.278,61.288,71000000,1
1299670500000,1299670559000,61.288,61.288,61.267,61.278,80000000,1
1299670560000,1299670619000,61.287,61.298,61.287,61.296,101000000,1
1299670620000,1299670679000,61.296,61.308,61.278,61.297,117000000,1
1299670680000,1299670739000,61.297,61.298,61.297,61.298,47000000,1
1299670740000,1299670799000,61.298,61.298,61.298,61.298,35000000,1
1299670800000,1299670859000,61.298,61.298,61.231,61.248,122000000,1
1299670860000,1299670919000,61.248,61.298,61.247,61.298,147000000,1
1299670920000,1299670979000,61.298,61.318,61.297,61.306,55000000,1
1299670980000,1299671039000,61.306,61.308,61.288,61.288,184000000,1
1299671040000,1299671099000,61.288,61.297,61.271,61.287,47000000,1
1299671100000,1299671159000,61.287,61.298,61.268,61.268,123000000,1
1299671160000,1299671219000,61.268,61.277,61.267,61.267,77000000,1
1299671220000,1299671279000,61.257,61.258,61.246,61.257,67000000,1
1299671280000,1299671339000,61.257,61.277,61.247,61.267,116000000,1
1299671340000,1299671399000,61.259,61.277,61.237,61.247,107000000,1
1299671400000,1299671459000,61.247,61.257,61.236,61.257,89000000,1
1299671460000,1299671519000,61.257,61.258,61.237,61.238,68000000,1
1299671520000,1299671579000,61.238,61.238,61.227,61.237,87000000,1
1299671580000,1299671639000,61.237,61.258,61.236,61.258,72000000,1
1299671640000,1299671699000,61.258,61.258,61.247,61.256,127000000,1
1299671700000,1299671759000,61.266,61.267,61.258,61.266,31000000,1
1299671760000,1299671819000,61.266,61.267,61.247,61.258,59000000,1
1299671820000,1299671879000,61.259,61.259,61.238,61.247,116000000,1
1299671880000,1299671939000,61.247,61.256,61.237,61.237,65000000,1
1299671940000,1299671999000,61.237,61.237,61.213,61.227,104000000,1
1299672000000,1299672059000,61.227,61.248,61.226,61.246,63000000,1
1299672060000,1299672119000,61.246,61.248,61.227,61.236,39000000,1
1299672120000,1299672179000,61.237,61.238,61.236,61.238,29000000,1
1299672180000,1299672239000,61.238,61.247,61.227,61.246,48000000,1
1299672240000,1299672299000,61.247,61.247,61.246,61.246,5000000,1
1299672300000,1299672359000,61.246,61.268,61.246,61.268,66000000,1
1299672360000,1299672419000,61.277,61.278,61.258,61.277,64000000,1
1299672420000,1299672479000,61.278,61.278,61.269,61.277,107000000,1
1299672480000,1299672539000,61.278,61.287,61.276,61.276,116000000,1
1299672540000,1299672599000,61.277,61.278,61.276,61.278,64000000,1
1299672600000,1299672659000,61.278,61.278,61.278,61.278,21000000,1
1299672660000,1299672719000,61.278,61.288,61.278,61.287,127000000,1
1299672720000,1299672779000,61.287,61.288,61.278,61.288,51000000,1
1299672780000,1299672839000,61.288,61.297,61.28,61.289,95000000,1
1299672840000,1299672899000,61.288,61.298,61.278,61.287,135000000,1
1299672900000,1299672959000,61.288,61.311,61.287,61.308,115000000,1
1299672960000,1299673019000,61.308,61.308,61.287,61.296,45000000,1
1299673020000,1299673079000,61.296,61.318,61.296,61.317,100000000,1
1299673080000,1299673139000,61.317,61.317,61.297,61.297,149000000,1
1299673140000,1299673199000,61.297,61.308,61.297,61.306,200000000,1
1299673200000,1299673259000,61.306,61.306,61.276,61.288,91000000,1
1299673260000,1299673319000,61.288,61.288,61.268,61.268,44000000,1
1299673320000,1299673379000,61.268,61.278,61.268,61.277,39000000,1
1299673380000,1299673439000,61.277,61.28,61.267,61.28,40000000,1
1299673440000,1299673499000,61.279,61.29,61.277,61.277,94000000,1
1299673500000,1299673559000,61.276,61.277,61.267,61.268,31000000,1
1299673560000,1299673619000,61.268,61.277,61.218,61.232,90000000,1
1299673620000,1299673679000,61.232,61.238,61.21,61.216,140000000,1
1299673680000,1299673739000,61.218,61.228,61.208,61.227,99000000,1
1299673740000,1299673799000,61.227,61.25,61.227,61.236,126000000,1
1299673800000,1299673859000,61.236,61.239,61.228,61.236,97000000,1
1299673860000,1299673919000,61.231,61.231,61.22,61.228,77000000,1
1299673920000,1299673979000,61.227,61.231,61.197,61.197,75000000,1
1299673980000,1299674039000,61.204,61.216,61.187,61.197,75000000,1
1299674040000,1299674099000,61.197,61.212,61.197,61.207,99000000,1
1299674100000,1299674159000,61.208,61.208,61.197,61.202,40000000,1
1299674160000,1299674219000,61.206,61.227,61.196,61.218,113000000,1
1299674220000,1299674279000,61.218,61.241,61.216,61.238,89000000,1
1299674280000,1299674339000,61.238,61.25,61.238,61.247,68000000,1
1299674340000,1299674399000,61.248,61.248,61.217,61.226,85000000,1
1299674400000,1299674459000,61.227,61.228,61.217,61.217,95000000,1
1299674460000,1299674519000,61.218,61.237,61.208,61.237,85000000,1
1299674520000,1299674579000,61.237,61.251,61.227,61.248,135000000,1
1299674580000,1299674639000,61.248,61.259,61.238,61.256,76000000,1
1299674640000,1299674699000,61.256,61.257,61.236,61.246,46000000,1
1299674700000,1299674759000,61.246,61.257,61.246,61.257,42000000,1
1299674760000,1299674819000,61.257,61.258,61.247,61.247,51000000,1
1299674820000,1299674879000,61.247,61.267,61.247,61.267,63000000,1
1299674880000,1299674939000,61.258,61.26,61.258,61.26,24000000,1
1299674940000,1299674999000,61.26,61.268,61.257,61.257,47000000,1
1299675000000,1299675059000,61.257,61.266,61.257,61.258,102000000,1
1299675060000,1299675119000,61.258,61.258,61.25,61.258,38000000,1
1299675120000,1299675179000,61.257,61.258,61.256,61.257,65000000,1
1299675180000,1299675239000,61.257,61.267,61.248,61.249,148000000,1
1299675240000,1299675299000,61.248,61.27,61.248,61.27,56000000,1
1299675300000,1299675359000,61.267,61.272,61.257,61.257,29000000,1
1299675360000,1299675419000,61.258,61.267,61.258,61.263,21000000,1
1299675420000,1299675479000,61.26,61.277,61.26,61.276,23000000,1
1299675480000,1299675539000,61.277,61.289,61.276,61.289,20000000,1
1299675540000,1299675599000,61.288,61.307,61.286,61.296,110000000,1
1299675600000,1299675659000,61.296,61.296,61.276,61.276,88000000,1
1299675660000,1299675719000,61.276,61.278,61.256,61.257,67000000,1
1299675720000,1299675779000,61.257,61.257,61.238,61.246,91000000,1
1299675780000,1299675839000,61.246,61.248,61.237,61.237,32000000,1
1299675840000,1299675899000,61.233,61.233,61.219,61.227,26000000,1
1299675900000,1299675959000,61.227,61.228,61.22,61.228,51000000,1
1299675960000,1299676019000,61.227,61.243,61.218,61.219,135000000,1
1299676020000,1299676079000,61.218,61.219,61.207,61.217,107000000,1
1299676080000,1299676139000,61.217,61.218,61.207,61.216,124000000,1
1299676140000,1299676199000,61.218,61.227,61.217,61.227,42000000,1
1299676200000,1299676259000,61.226,61.228,61.206,61.206,30000000,1
1299676260000,1299676319000,61.206,61.227,61.206,61.22,87000000,1
1299676320000,1299676379000,61.218,61.22,61.212,61.217,34000000,1
1299676380000,1299676439000,61.226,61.228,61.212,61.217,70000000,1
1299676440000,1299676499000,61.216,61.22,61.206,61.207,42000000,1
1299676500000,1299676559000,61.207,61.218,61.207,61.21,74000000,1
1299676560000,1299676619000,61.21,61.228,61.208,61.228,50000000,1
1299676620000,1299676679000,61.228,61.228,61.196,61.196,38000000,1
1299676680000,1299676739000,61.198,61.217,61.196,61.207,67000000,1
1299676740000,1299676799000,61.207,61.226,61.187,61.196,96000000,1
1299676800000,1299676859000,61.196,61.208,61.193,61.197,170000000,1
1299676860000,1299676919000,61.196,61.202,61.188,61.202,91000000,1
1299676920000,1299676979000,61.201,61.201,61.174,61.178,142000000,1
1299676980000,1299677039000,61.177,61.187,61.167,61.176,93000000,1
1299677040000,1299677099000,61.177,61.188,61.177,61.187,51000000,1
1299677100000,1299677159000,61.177,61.188,61.168,61.177,129000000,1
1299677160000,1299677219000,61.176,61.191,61.168,61.191,58000000,1
1299677220000,1299677279000,61.196,61.197,61.178,61.179,60000000,1
1299677280000,1299677339000,61.178,61.188,61.169,61.188,66000000,1
1299677340000,1299677399000,61.188,61.198,61.178,61.196,108000000,1
1299677400000,1299677459000,61.196,61.208,61.177,61.206,168000000,1
1299677460000,1299677519000,61.206,61.207,61.176,61.176,97000000,1
1299677520000,1299677579000,61.176,61.179,61.167,61.167,80000000,1
1299677580000,1299677639000,61.167,61.181,61.156,61.177,120000000,1
1299677640000,1299677699000,61.177,61.187,61.172,61.187,72000000,1
1299677700000,1299677759000,61.187,61.198,61.177,61.186,86000000,1
1299677760000,1299677819000,61.186,61.189,61.186,61.187,19000000,1
1299677820000,1299677879000,61.19,61.197,61.166,61.176,62000000,1
1299677880000,1299677939000,61.177,61.177,61.166,61.166,32000000,1
1299677940000,1299677999000,61.166,61.167,61.146,61.146,112000000,1
1299678000000,1299678059000,61.139,61.147,61.116,61.116,60000000,1
1299678060000,1299678119000,61.116,61.117,61.057,61.069,96000000,1
1299678120000,1299678179000,61.068,61.068,61.046,61.056,104000000,1
1299678180000,1299678239000,61.058,61.097,61.057,61.086,135000000,1
1299678240000,1299678299000,61.088,61.113,61.088,61.106,97000000,1
1299678300000,1299678359000,61.108,61.142,61.108,61.12,142000000,1
1299678360000,1299678419000,61.118,61.152,61.118,61.152,138000000,1
1299678420000,1299678479000,61.148,61.158,61.118,61.132,135000000,1
1299678480000,1299678539000,61.129,61.129,61.097,61.114,118000000,1
1299678540000,1299678599000,61.118,61.128,61.096,61.097,91000000,1
1299678600000,1299678659000,61.09,61.098,61.087,61.097,114000000,1
1299678660000,1299678719000,61.097,61.128,61.096,61.128,149000000,1
1299678720000,1299678779000,61.128,61.128,61.107,61.128,153000000,1
1299678780000,1299678839000,61.128,61.128,61.108,61.118,105000000,1
1299678840000,1299678899000,61.118,61.118,61.096,61.098,102000000,1
1299678900000,1299678959000,61.098,61.1,61.096,61.097,97000000,1
1299678960000,1299679019000,61.097,61.1,61.087,61.098,58000000,1
1299679020000,1299679079000,61.098,61.118,61.092,61.097,102000000,1
1299679080000,1299679139000,61.09,61.099,61.067,61.077,130000000,1
1299679140000,1299679199000,61.081,61.097,61.078,61.097,40000000,1
1299679200000,1299679259000,61.097,61.108,61.086,61.108,58000000,1
1299679260000,1299679319000,61.108,61.108,61.086,61.087,68000000,1
1299679320000,1299679379000,61.087,61.116,61.087,61.098,85000000,1
1299679380000,1299679439000,61.099,61.127,61.098,61.108,77000000,1
1299679440000,1299679499000,61.117,61.138,61.117,61.137,94000000,1
1299679500000,1299679559000,61.128,61.128,61.11,61.117,105000000,1
1299679560000,1299679619000,61.117,61.118,61.107,61.107,91000000,1
1299679620000,1299679679000,61.107,61.118,61.088,61.118,108000000,1
1299679680000,1299679739000,61.118,61.128,61.117,61.127,83000000,1
1299679740000,1299679799000,61.127,61.137,61.117,61.137,99000000,1
1299679800000,1299679859000,61.137,61.138,61.129,61.137,76000000,1
1299679860000,1299679919000,61.137,61.137,61.116,61.116,59000000,1
1299679920000,1299679979000,61.116,61.117,61.098,61.098,106000000,1
1299679980000,1299680039000,61.1,61.146,61.1,61.146,92000000,1
1299680040000,1299680099000,61.148,61.148,61.126,61.138,112000000,1
1299680100000,1299680159000,61.137,61.147,61.137,61.147,56000000,1
1299680160000,1299680219000,61.148,61.168,61.148,61.158,100000000,1
1299680220000,1299680279000,61.157,61.159,61.146,61.159,39000000,1
1299680280000,1299680339000,61.159,61.167,61.139,61.166,52000000,1
1299680340000,1299680399000,61.166,61.167,61.127,61.137,84000000,1
1299680400000,1299680459000,61.138,61.138,61.116,61.117,60000000,1
1299680460000,1299680519000,61.118,61.129,61.118,61.128,36000000,1
1299680520000,1299680579000,61.13,61.137,61.116,61.126,97000000,1
1299680580000,1299680639000,61.126,61.147,61.126,61.13,86000000,1
1299680640000,1299680699000,61.13,61.13,61.126,61.127,28000000,1
1299680700000,1299680759000,61.127,61.157,61.127,61.157,83000000,1
1299680760000,1299680819000,61.157,61.158,61.156,61.156,63000000,1
1299680820000,1299680879000,61.162,61.162,61.128,61.137,64000000,1
1299680880000,1299680939000,61.137,61.157,61.136,61.147,44000000,1
1299680940000,1299680999000,61.147,61.167,61.147,61.166,71000000,1
1299681000000,1299681059000,61.166,61.197,61.156,61.186,184000000,1
1299681060000,1299681119000,61.186,61.188,61.169,61.177,82000000,1
1299681120000,1299681179000,61.171,61.193,61.152,61.186,180000000,1
1299681180000,1299681239000,61.19,61.19,61.175,61.176,174000000,1
1299681240000,1299681299000,61.177,61.198,61.146,61.147,154000000,1
1299681300000,1299681359000,61.147,61.164,61.135,61.146,165000000,1
1299681360000,1299681419000,61.146,61.158,61.137,61.157,156000000,1
1299681420000,1299681479000,61.157,61.158,61.107,61.107,111000000,1
1299681480000,1299681539000,61.107,61.107,61.077,61.077,107000000,1
1299681540000,1299681599000,61.077,61.091,61.064,61.087,157000000,1
1299681600000,1299681659000,61.078,61.096,61.073,61.087,64000000,1
1299681660000,1299681719000,61.087,61.09,61.07,61.077,111000000,1
1299681720000,1299681779000,61.077,61.107,61.068,61.107,84000000,1
1299681780000,1299681839000,61.107,61.117,61.097,61.116,59000000,1
1299681840000,1299681899000,61.116,61.126,61.106,61.116,109000000,1
1299681900000,1299681959000,61.116,61.116,61.087,61.107,115000000,1
1299681960000,1299682019000,61.108,61.108,61.076,61.097,123000000,1
1299682020000,1299682079000,61.108,61.137,61.106,61.126,146000000,1
1299682080000,1299682139000,61.126,61.127,61.107,61.108,67000000,1
1299682140000,1299682199000,61.106,61.127,61.106,61.118,116000000,1
1299682200000,1299682259000,61.117,61.126,61.097,61.106,97000000,1
1299682260000,1299682319000,61.106,61.118,61.097,61.116,130000000,1
1299682320000,1299682379000,61.116,61.136,61.106,61.126,111000000,1
1299682380000,1299682439000,61.118,61.132,61.116,61.126,80000000,1
1299682440000,1299682499000,61.128,61.137,61.126,61.126,107000000,1
1299682500000,1299682559000,61.126,61.147,61.117,61.126,96000000,1
1299682560000,1299682619000,61.126,61.128,61.102,61.117,101000000,1
1299682620000,1299682679000,61.115,61.117,61.091,61.107,61000000,1
1299682680000,1299682739000,61.107,61.117,61.097,61.107,45000000,1
1299682740000,1299682799000,61.107,61.117,61.107,61.117,73000000,1
1299682800000,1299682859000,61.112,61.159,61.112,61.159,159000000,1
1299682860000,1299682919000,61.157,61.177,61.15,61.159,133000000,1
1299682920000,1299682979000,61.159,61.174,61.146,61.147,65000000,1
1299682980000,1299683039000,61.147,61.147,61.116,61.116,89000000,1
1299683040000,1299683099000,61.118,61.167,61.118,61.156,126000000,1
1299683100000,1299683159000,61.148,61.184,61.146,61.167,137000000,1
1299683160000,1299683219000,61.167,61.187,61.166,61.174,132000000,1
1299683220000,1299683279000,61.176,61.197,61.17,61.197,66000000,1
1299683280000,1299683339000,61.191,61.197,61.186,61.197,66000000,1
1299683340000,1299683399000,61.197,61.197,61.155,61.167,95000000,1
1299683400000,1299683459000,61.154,61.157,61.108,61.116,126000000,1
1299683460000,1299683519000,61.116,61.146,61.116,61.127,59000000,1
1299683520000,1299683579000,61.127,61.148,61.126,61.148,61000000,1
1299683580000,1299683639000,61.151,61.157,61.146,61.146,77000000,1
1299683640000,1299683699000,61.148,61.148,61.108,61.117,101000000,1
1299683700000,1299683759000,61.117,61.147,61.117,61.147,68000000,1
1299683760000,1299683819000,61.147,61.158,61.146,61.156,170000000,1
1299683820000,1299683879000,61.156,61.167,61.154,61.157,75000000,1
1299683880000,1299683939000,61.157,61.177,61.149,61.177,101000000,1
1299683940000,1299683999000,61.177,61.178,61.168,61.176,42000000,1
1299684000000,1299684059000,61.167,61.177,61.167,61.167,29000000,1
1299684060000,1299684119000,61.159,61.187,61.159,61.187,107000000,1
1299684120000,1299684179000,61.18,61.186,61.166,61.166,59000000,1
1299684180000,1299684239000,61.166,61.178,61.158,61.166,85000000,1
1299684240000,1299684299000,61.167,61.198,61.167,61.197,73000000,1
1299684300000,1299684359000,61.197,61.216,61.178,61.187,129000000,1
1299684360000,1299684419000,61.187,61.199,61.177,61.198,116000000,1
1299684420000,1299684479000,61.201,61.212,61.189,61.198,103000000,1
1299684480000,1299684539000,61.198,61.198,61.197,61.197,67000000,1
1299684540000,1299684599000,61.197,61.197,61.176,61.186,86000000,1
1299684600000,1299684659000,61.186,61.207,61.186,61.207,54000000,1
1299684660000,1299684719000,61.207,61.207,61.157,61.158,107000000,1
1299684720000,1299684779000,61.156,61.158,61.136,61.156,97000000,1
1299684780000,1299684839000,61.156,61.168,61.136,61.147,124000000,1
1299684840000,1299684899000,61.146,61.17,61.139,61.167,99000000,1
1299684900000,1299684959000,61.169,61.192,61.136,61.147,169000000,1
1299684960000,1299685019000,61.147,61.15,61.118,61.137,153000000,1
1299685020000,1299685079000,61.137,61.148,61.126,61.127,124000000,1
1299685080000,1299685139000,61.118,61.157,61.118,61.126,153000000,1
1299685140000,1299685199000,61.128,61.128,61.107,61.109,135000000,1
1299685200000,1299685259000,61.108,61.117,61.106,61.106,54000000,1
1299685260000,1299685319000,61.107,61.147,61.106,61.147,102000000,1
1299685320000,1299685379000,61.147,61.156,61.136,61.138,146000000,1
1299685380000,1299685439000,61.138,61.166,61.138,61.149,126000000,1
1299685440000,1299685499000,61.147,61.157,61.128,61.137,113000000,1
1299685500000,1299685559000,61.138,61.138,61.109,61.117,110000000,1
1299685560000,1299685619000,61.117,61.138,61.107,61.137,69000000,1
1299685620000,1299685679000,61.137,61.157,61.136,61.157,84000000,1
1299685680000,1299685739000,61.158,61.158,61.138,61.156,63000000,1
1299685740000,1299685799000,61.156,61.157,61.146,61.157,49000000,1
1299685800000,1299685859000,61.157,61.157,61.117,61.117,74000000,1
1299685860000,1299685919000,61.117,61.148,61.108,61.137,121000000,1
1299685920000,1299685979000,61.136,61.138,61.117,61.117,142000000,1
1299685980000,1299686039000,61.117,61.136,61.117,61.127,89000000,1
1299686040000,1299686099000,61.127,61.127,61.108,61.118,56000000,1
1299686100000,1299686159000,61.118,61.148,61.107,61.139,102000000,1
1299686160000,1299686219000,61.138,61.151,61.138,61.151,31000000,1
1299686220000,1299686279000,61.147,61.147,61.11,61.127,102000000,1
1299686280000,1299686339000,61.12,61.13,61.116,61.128,77000000,1
1299686340000,1299686399000,61.129,61.148,61.128,61.13,129000000,1
1299686400000,1299686459000,61.137,61.138,61.091,61.097,157000000,1
1299686460000,1299686519000,61.097,61.109,61.097,61.103,86000000,1
1299686520000,1299686579000,61.097,61.117,61.087,61.116,94000000,1
1299686580000,1299686639000,61.118,61.138,61.118,61.138,100000000,1
1299686640000,1299686699000,61.137,61.137,61.126,61.128,92000000,1
1299686700000,1299686759000,61.128,61.128,61.107,61.118,75000000,1
1299686760000,1299686819000,61.117,61.117,61.107,61.116,50000000,1
1299686820000,1299686879000,61.116,61.127,61.107,61.118,84000000,1
1299686880000,1299686939000,61.118,61.118,61.092,61.097,87000000,1
1299686940000,1299686999000,61.093,61.097,61.077,61.087,45000000,1
1299687000000,1299687059000,61.084,61.098,61.078,61.098,97000000,1
1299687060000,1299687119000,61.097,61.129,61.097,61.129,136000000,1
1299687120000,1299687179000,61.128,61.137,61.107,61.107,135000000,1
1299687180000,1299687239000,61.107,61.107,61.087,61.087,62000000,1
1299687240000,1299687299000,61.088,61.127,61.087,61.116,169000000,1
1299687300000,1299687359000,61.116,61.138,61.116,61.127,82000000,1
1299687360000,1299687419000,61.127,61.137,61.117,61.118,115000000,1
1299687420000,1299687479000,61.118,61.127,61.108,61.126,70000000,1
1299687480000,1299687539000,61.126,61.128,61.118,61.118,92000000,1
1299687540000,1299687599000,61.119,61.14,61.118,61.137,74000000,1
1299687600000,1299687659000,61.137,61.148,61.118,61.12,192000000,1
1299687660000,1299687719000,61.12,61.127,61.108,61.108,75000000,1
1299687720000,1299687779000,61.108,61.118,61.108,61.117,52000000,1
1299687780000,1299687839000,61.117,61.138,61.107,61.127,124000000,1
1299687840000,1299687899000,61.127,61.127,61.107,61.117,96000000,1
1299687900000,1299687959000,61.117,61.137,61.117,61.137,108000000,1
1299687960000,1299688019000,61.137,61.148,61.136,61.138,113000000,1
1299688020000,1299688079000,61.138,61.138,61.108,61.116,112000000,1
1299688080000,1299688139000,61.116,61.118,61.108,61.118,59000000,1
1299688140000,1299688199000,61.118,61.128,61.107,61.117,117000000,1
1299688200000,1299688259000,61.117,61.127,61.108,61.118,73000000,1
1299688260000,1299688319000,61.117,61.117,61.087,61.087,68000000,1
1299688320000,1299688379000,61.087,61.089,61.087,61.087,78000000,1
1299688380000,1299688439000,61.087,61.097,61.07,61.078,158000000,1
1299688440000,1299688499000,61.078,61.108,61.076,61.106,99000000,1
1299688500000,1299688559000,61.106,61.108,61.078,61.106,100000000,1
1299688560000,1299688619000,61.106,61.118,61.097,61.118,122000000,1
1299688620000,1299688679000,61.118,61.158,61.118,61.136,136000000,1
1299688680000,1299688739000,61.136,61.157,61.136,61.146,190000000,1
1299688740000,1299688799000,61.146,61.157,61.136,61.148,121000000,1
1299688800000,1299688859000,61.148,61.178,61.148,61.169,167000000,1
1299688860000,1299688919000,61.171,61.197,61.157,61.197,146000000,1
1299688920000,1299688979000,61.197,61.198,61.187,61.187,94000000,1
1299688980000,1299689039000,61.187,61.187,61.176,61.176,68000000,1
1299689040000,1299689099000,61.176,61.186,61.167,61.186,82000000,1
1299689100000,1299689159000,61.186,61.187,61.17,61.176,83000000,1
1299689160000,1299689219000,61.176,61.176,61.157,61.168,92000000,1
1299689220000,1299689279000,61.168,61.188,61.166,61.188,92000000,1
1299689280000,1299689339000,61.188,61.197,61.178,61.188,83000000,1
1299689340000,1299689399000,61.188,61.188,61.167,61.167,68000000,1
1299689400000,1299689459000,61.167,61.177,61.157,61.177,160000000,1
1299689460000,1299689519000,61.177,61.178,61.167,61.178,72000000,1
1299689520000,1299689579000,61.177,61.186,61.166,61.168,46000000,1
1299689580000,1299689639000,61.168,61.168,61.167,61.167,13000000,1
1299689640000,1299689699000,61.167,61.188,61.166,61.177,72000000,1
1299689700000,1299689759000,61.177,61.178,61.177,61.178,96000000,1
1299689760000,1299689819000,61.177,61.217,61.167,61.208,107000000,1
1299689820000,1299689879000,61.216,61.228,61.216,61.226,41000000,1
1299689880000,1299689939000,61.226,61.231,61.226,61.227,104000000,1
1299689940000,1299689999000,61.226,61.227,61.217,61.217,55000000,1
1299690000000,1299690059000,61.218,61.228,61.208,61.217,153000000,1
1299690060000,1299690119000,61.217,61.243,61.209,61.237,130000000,1
1299690120000,1299690179000,61.237,61.258,61.237,61.237,94000000,1
1299690180000,1299690239000,61.236,61.247,61.226,61.247,107000000,1
1299690240000,1299690299000,61.247,61.248,61.218,61.227,101000000,1
1299690300000,1299690359000,61.227,61.246,61.224,61.238,75000000,1
1299690360000,1299690419000,61.238,61.247,61.236,61.237,43000000,1
1299690420000,1299690479000,61.237,61.247,61.237,61.247,41000000,1
1299690480000,1299690539000,61.246,61.246,61.217,61.217,93000000,1
1299690540000,1299690599000,61.217,61.217,61.191,61.196,49000000,1
1299690600000,1299690659000,61.197,61.197,61.176,61.187,86000000,1
1299690660000,1299690719000,61.187,61.188,61.179,61.187,83000000,1
1299690720000,1299690779000,61.187,61.197,61.178,61.187,103000000,1
1299690780000,1299690839000,61.188,61.197,61.187,61.188,63000000,1
1299690840000,1299690899000,61.188,61.208,61.188,61.207,86000000,1
1299690900000,1299690959000,61.208,61.208,61.198,61.198,15000000,1
1299690960000,1299691019000,61.198,61.198,61.192,61.196,21000000,1
1299691020000,1299691079000,61.197,61.198,61.196,61.196,33000000,1
1299691080000,1299691139000,61.196,61.197,61.196,61.196,20000000,1
1299691140000,1299691199000,61.196,61.199,61.187,61.199,98000000,1
1299691200000,1299691259000,61.199,61.211,61.197,61.208,64000000,1
1299691260000,1299691319000,61.208,61.208,61.197,61.207,43000000,1
1299691320000,1299691379000,61.206,61.218,61.202,61.217,38000000,1
1299691380000,1299691439000,61.209,61.217,61.206,61.217,78000000,1
1299691440000,1299691499000,61.217,61.218,61.208,61.217,47000000,1
1299691500000,1299691559000,61.218,61.228,61.186,61.186,90000000,1
1299691560000,1299691619000,61.188,61.19,61.157,61.167,158000000,1
1299691620000,1299691679000,61.167,61.176,61.149,61.167,129000000,1
1299691680000,1299691739000,61.167,61.17,61.146,61.17,110000000,1
1299691740000,1299691799000,61.17,61.176,61.135,61.157,106000000,1
1299691800000,1299691859000,61.157,61.157,61.146,61.147,101000000,1
1299691860000,1299691919000,61.147,61.148,61.138,61.147,93000000,1
1299691920000,1299691979000,61.147,61.147,61.108,61.116,101000000,1
1299691980000,1299692039000,61.116,61.117,61.106,61.107,67000000,1
1299692040000,1299692099000,61.107,61.107,61.106,61.106,47000000,1
1299692100000,1299692159000,61.106,61.116,61.106,61.107,61000000,1
1299692160000,1299692219000,61.107,61.137,61.107,61.137,56000000,1
1299692220000,1299692279000,61.137,61.147,61.136,61.146,81000000,1
1299692280000,1299692339000,61.146,61.149,61.136,61.149,78000000,1
1299692340000,1299692399000,61.149,61.166,61.149,61.157,52000000,1
1299692400000,1299692459000,61.157,61.177,61.156,61.176,99000000,1
1299692460000,1299692519000,61.176,61.177,61.148,61.166,61000000,1
1299692520000,1299692579000,61.166,61.168,61.157,61.157,41000000,1
1299692580000,1299692639000,61.156,61.157,61.146,61.146,48000000,1
1299692640000,1299692699000,61.146,61.147,61.139,61.147,62000000,1
1299692700000,1299692759000,61.147,61.167,61.147,61.167,68000000,1
1299692760000,1299692819000,61.167,61.177,61.158,61.177,46000000,1
1299692820000,1299692879000,61.177,61.177,61.167,61.177,51000000,1
1299692880000,1299692939000,61.177,61.207,61.176,61.197,40000000,1
1299692940000,1299692999000,61.197,61.198,61.187,61.187,40000000,1
1299693000000,1299693059000,61.187,61.209,61.187,61.187,88000000,1
1299693060000,1299693119000,61.187,61.197,61.186,61.197,42000000,1
1299693120000,1299693179000,61.197,61.206,61.186,61.197,94000000,1
1299693180000,1299693239000,61.197,61.197,61.166,61.176,49000000,1
1299693240000,1299693299000,61.176,61.196,61.169,61.169,84000000,1
1299693300000,1299693359000,61.177,61.177,61.173,61.176,64000000,1
1299693360000,1299693419000,61.176,61.186,61.166,61.177,93000000,1
1299693420000,1299693479000,61.177,61.187,61.166,61.176,91000000,1
1299693480000,1299693539000,61.167,61.177,61.166,61.167,67000000,1
1299693540000,1299693599000,61.166,61.176,61.166,61.167,38000000,1
1299693600000,1299693659000,61.167,61.196,61.147,61.157,92000000,1
1299693660000,1299693719000,61.149,61.177,61.116,61.127,107000000,1
1299693720000,1299693779000,61.127,61.146,61.117,61.146,83000000,1
1299693780000,1299693839000,61.146,61.146,61.108,61.116,39000000,1
1299693840000,1299693899000,61.116,61.127,61.1,61.127,40000000,1
1299693900000,1299693959000,61.127,61.129,61.117,61.127,33000000,1
1299693960000,1299694019000,61.116,61.117,61.106,61.109,57000000,1
1299694020000,1299694079000,61.106,61.127,61.106,61.127,42000000,1
1299694080000,1299694139000,61.127,61.127,61.126,61.126,11000000,1
1299694140000,1299694199000,61.127,61.157,61.127,61.157,46000000,1
1299694200000,1299694259000,61.156,61.167,61.156,61.167,23000000,1
1299694260000,1299694319000,61.166,61.166,61.158,61.166,7000000,1
1299694320000,1299694379000,61.166,61.167,61.147,61.167,36000000,1
1299694380000,1299694439000,61.158,61.167,61.156,61.158,20000000,1
1299694440000,1299694499000,61.157,61.167,61.156,61.157,21000000,1
1299694500000,1299694559000,61.157,61.157,61.127,61.127,33000000,1
1299694560000,1299694619000,61.127,61.141,61.116,61.137,28000000,1
1299694620000,1299694679000,61.136,61.157,61.136,61.157,35000000,1
1299694680000,1299694739000,61.156,61.157,61.146,61.147,37000000,1
1299694740000,1299694799000,61.146,61.147,61.146,61.146,16000000,1
1299694800000,1299694859000,61.146,61.147,61.126,61.127,18000000,1
1299694860000,1299694919000,61.127,61.146,61.127,61.137,12000000,1
1299694920000,1299694979000,61.136,61.147,61.136,61.147,12000000,1
1299694980000,1299695039000,61.146,61.187,61.146,61.157,61000000,1
1299695040000,1299695099000,61.157,61.157,61.136,61.137,42000000,1
1299695100000,1299695159000,61.137,61.157,61.137,61.146,23000000,1
1299695160000,1299695219000,61.146,61.147,61.137,61.147,34000000,1
1299695220000,1299695279000,61.146,61.147,61.126,61.146,46000000,1
1299695280000,1299695339000,61.136,61.156,61.136,61.147,37000000,1
1299695340000,1299695399000,61.147,61.147,61.116,61.117,23000000,1
1299695400000,1299695459000,61.117,61.127,61.116,61.117,28000000,1
1299695460000,1299695519000,61.116,61.127,61.116,61.127,22000000,1
1299695520000,1299695579000,61.126,61.138,61.126,61.127,31000000,1
1299695580000,1299695639000,61.128,61.137,61.126,61.127,28000000,1
1299695640000,1299695699000,61.127,61.137,61.118,61.137,24000000,1
1299695700000,1299695759000,61.137,61.138,61.126,61.137,53000000,1
1299695760000,1299695819000,61.137,61.137,61.126,61.126,20000000,1
1299695820000,1299695879000,61.126,61.127,61.126,61.126,8000000,1
1299695880000,1299695939000,61.127,61.127,61.106,61.107,119000000,1
1299695940000,1299695999000,61.106,61.107,61.096,61.097,42000000,1
1299696000000,1299696059000,61.107,61.107,61.096,61.107,21000000,1
1299696060000,1299696119000,61.106,61.117,61.106,61.117,15000000,1
1299696120000,1299696179000,61.117,61.131,61.116,61.127,33000000,1
1299696180000,1299696239000,61.127,61.127,61.097,61.106,40000000,1
1299696240000,1299696299000,61.097,61.108,61.097,61.106,32000000,1
1299696300000,1299696359000,61.106,61.127,61.106,61.117,46000000,1
1299696360000,1299696419000,61.126,61.127,61.116,61.116,33000000,1
1299696420000,1299696479000,61.117,61.127,61.116,61.127,15000000,1
1299696480000,1299696539000,61.127,61.127,61.116,61.127,32000000,1
1299696540000,1299696599000,61.126,61.126,61.117,61.117,14000000,1
1299696600000,1299696659000,61.116,61.126,61.106,61.116,43000000,1
1299696660000,1299696719000,61.116,61.116,61.096,61.106,43000000,1
1299696720000,1299696779000,61.098,61.107,61.087,61.107,53000000,1
1299696780000,1299696839000,61.107,61.117,61.106,61.116,32000000,1
1299696840000,1299696899000,61.116,61.117,61.099,61.117,76000000,1
1299696900000,1299696959000,61.117,61.117,61.086,61.096,66000000,1
1299696960000,1299697019000,61.096,61.107,61.091,61.107,29000000,1
1299697020000,1299697079000,61.107,61.107,61.106,61.106,18000000,1
1299697080000,1299697139000,61.106,61.106,61.096,61.106,43000000,1
1299697140000,1299697199000,61.107,61.107,61.097,61.106,22000000,1
1299697200000,1299697259000,61.106,61.118,61.106,61.118,44000000,1
1299697260000,1299697319000,61.126,61.146,61.118,61.146,52000000,1
1299697320000,1299697379000,61.146,61.157,61.146,61.147,43000000,1
1299697380000,1299697439000,61.157,61.157,61.129,61.136,34000000,1
1299697440000,1299697499000,61.136,61.136,61.126,61.127,12000000,1
1299697500000,1299697559000,61.127,61.127,61.106,61.107,37000000,1
1299697560000,1299697619000,61.107,61.107,61.106,61.106,34000000,1
1299697620000,1299697679000,61.106,61.127,61.106,61.127,49000000,1
1299697680000,1299697739000,61.127,61.127,61.116,61.116,37000000,1
1299697740000,1299697799000,61.119,61.127,61.117,61.127,30000000,1
1299697800000,1299697859000,61.126,61.126,61.116,61.117,16000000,1
1299697860000,1299697919000,61.116,61.127,61.096,61.097,66000000,1
1299697920000,1299697979000,61.1,61.117,61.086,61.096,44000000,1
1299697980000,1299698039000,61.096,61.107,61.086,61.097,48000000,1
1299698040000,1299698099000,61.096,61.107,61.096,61.106,16000000,1
1299698100000,1299698159000,61.107,61.107,61.087,61.088,62000000,1
1299698160000,1299698219000,61.087,61.096,61.086,61.086,46000000,1
1299698220000,1299698279000,61.087,61.099,61.087,61.097,43000000,1
1299698280000,1299698339000,61.098,61.117,61.097,61.108,43000000,1
1299698340000,1299698399000,61.12,61.12,61.106,61.106,34000000,1
1299698400000,1299698459000,61.11,61.11,61.097,61.097,68000000,1
1299698460000,1299698519000,61.098,61.107,61.072,61.078,129000000,1
1299698520000,1299698579000,61.086,61.086,61.076,61.076,77000000,1
1299698580000,1299698639000,61.076,61.077,61.066,61.067,69000000,1
1299698640000,1299698699000,61.066,61.086,61.06,61.076,48000000,1
1299698700000,1299698759000,61.076,61.076,61.066,61.066,20000000,1
1299698760000,1299698819000,61.067,61.067,61.047,61.047,24000000,1
1299698820000,1299698879000,61.048,61.058,61.046,61.057,49000000,1
1299698880000,1299698939000,61.047,61.047,61.036,61.036,17000000,1
1299698940000,1299698999000,61.026,61.027,61.026,61.026,22000000,1
1299699000000,1299699059000,61.027,61.037,61.017,61.037,46000000,1
1299699060000,1299699119000,61.036,61.037,61.036,61.036,11000000,1
1299699120000,1299699179000,61.036,61.046,61.03,61.036,21000000,1
1299699180000,1299699239000,61.036,61.057,61.026,61.057,50000000,1
1299699240000,1299699299000,61.057,61.057,61.046,61.047,40000000,1
1299699300000,1299699359000,61.047,61.049,61.027,61.037,83000000,1
1299699360000,1299699419000,61.037,61.047,61.006,61.036,116000000,1
1299699420000,1299699479000,61.037,61.046,61.026,61.036,39000000,1
1299699480000,1299699539000,61.036,61.047,61.029,61.047,43000000,1
1299699540000,1299699599000,61.047,61.047,61.036,61.036,46000000,1
1299699600000,1299699659000,61.03,61.036,61.028,61.036,39000000,1
1299699660000,1299699719000,61.037,61.057,61.037,61.057,36000000,1
1299699720000,1299699779000,61.057,61.067,61.041,61.057,43000000,1
1299699780000,1299699839000,61.057,61.077,61.057,61.067,37000000,1
1299699840000,1299699899000,61.067,61.077,61.066,61.077,50000000,1
1299699900000,1299699959000,61.068,61.077,61.056,61.066,46000000,1
1299699960000,1299700019000,61.066,61.067,61.056,61.056,28000000,1
1299700020000,1299700079000,61.056,61.069,61.046,61.047,40000000,1
1299700080000,1299700139000,61.046,61.088,61.046,61.077,106000000,1
1299700140000,1299700199000,61.088,61.097,61.064,61.067,45000000,1
1299700200000,1299700259000,61.067,61.069,61.039,61.052,155000000,1
1299700260000,1299700319000,61.052,61.066,61.048,61.057,51000000,1
1299700320000,1299700379000,61.062,61.066,61.031,61.046,121000000,1
1299700380000,1299700439000,61.046,61.06,61.046,61.047,93000000,1
1299700440000,1299700499000,61.047,61.048,61.036,61.037,47000000,1
1299700500000,1299700559000,61.028,61.048,61.022,61.036,88000000,1
1299700560000,1299700619000,61.036,61.096,61.026,61.087,124000000,1
1299700620000,1299700679000,61.087,61.136,61.087,61.128,146000000,1
1299700680000,1299700739000,61.128,61.138,61.017,61.022,107000000,1
1299700740000,1299700799000,61.026,61.124,60.959,60.978,128000000,1
1299700800000,1299700859000,60.978,60.979,60.494,60.778,329000000,1
1299700860000,1299700919000,60.778,60.967,60.767,60.95,320000000,1
1299700920000,1299700979000,60.95,61.154,60.95,61.106,279000000,1
1299700980000,1299701039000,61.106,61.129,61.069,61.12,198000000,1
1299701040000,1299701099000,61.116,61.117,61.019,61.023,328000000,1
1299701100000,1299701159000,61.021,61.021,60.927,60.952,208000000,1
1299701160000,1299701219000,60.952,60.952,60.869,60.916,208000000,1
1299701220000,1299701279000,60.912,60.912,60.847,60.86,92000000,1
1299701280000,1299701339000,60.867,60.887,60.817,60.837,210000000,1
1299701340000,1299701399000,60.846,60.911,60.834,60.911,125000000,1
1299701400000,1299701459000,60.916,60.956,60.908,60.947,117000000,1
1299701460000,1299701519000,60.937,60.997,60.926,60.997,113000000,1
1299701520000,1299701579000,60.996,61.02,60.996,61.006,86000000,1
1299701580000,1299701639000,60.996,61.007,60.996,61.006,63000000,1
1299701640000,1299701699000,60.997,61.017,60.996,61.007,59000000,1
1299701700000,1299701759000,61.006,61.006,60.976,60.981,49000000,1
1299701760000,1299701819000,60.977,60.977,60.959,60.964,43000000,1
1299701820000,1299701879000,60.968,60.986,60.966,60.977,49000000,1
1299701880000,1299701939000,60.976,60.976,60.921,60.937,84000000,1
1299701940000,1299701999000,60.937,60.947,60.927,60.942,84000000,1
1299702000000,1299702059000,60.947,60.957,60.936,60.936,76000000,1
1299702060000,1299702119000,60.937,60.951,60.936,60.946,23000000,1
1299702120000,1299702179000,60.946,60.967,60.945,60.956,42000000,1
1299702180000,1299702239000,60.957,60.965,60.937,60.939,40000000,1
1299702240000,1299702299000,60.947,60.947,60.936,60.946,46000000,1
1299702300000,1299702359000,60.952,60.967,60.946,60.966,63000000,1
1299702360000,1299702419000,60.966,60.966,60.946,60.959,49000000,1
1299702420000,1299702479000,60.958,60.966,60.957,60.957,26000000,1
1299702480000,1299702539000,60.956,60.966,60.947,60.957,32000000,1
1299702540000,1299702599000,60.962,60.976,60.935,60.966,72000000,1
1299702600000,1299702659000,60.966,60.976,60.956,60.976,54000000,1
1299702660000,1299702719000,60.967,60.977,60.956,60.967,47000000,1
1299702720000,1299702779000,60.967,60.967,60.956,60.958,28000000,1
1299702780000,1299702839000,60.957,60.958,60.957,60.958,8000000,1
1299702840000,1299702899000,60.957,60.957,60.947,60.948,25000000,1
1299702900000,1299702959000,60.949,60.957,60.936,60.936,49000000,1
1299702960000,1299703019000,60.936,60.936,60.926,60.926,30000000,1
1299703020000,1299703079000,60.926,60.937,60.926,60.936,40000000,1
1299703080000,1299703139000,60.936,60.937,60.916,60.936,35000000,1
1299703140000,1299703199000,60.927,60.927,60.906,60.927,31000000,1
1299703200000,1299703259000,60.927,60.946,60.927,60.946,19000000,1
1299703260000,1299703319000,60.937,60.947,60.927,60.937,63000000,1
1299703320000,1299703379000,60.937,60.947,60.927,60.936,45000000,1
1299703380000,1299703439000,60.936,60.947,60.936,60.936,17000000,1
1299703440000,1299703499000,60.937,60.958,60.936,60.957,35000000,1
1299703500000,1299703559000,60.957,60.957,60.946,60.948,38000000,1
1299703560000,1299703619000,60.956,60.956,60.946,60.947,39000000,1
1299703620000,1299703679000,60.947,60.947,60.939,60.939,15000000,1
1299703680000,1299703739000,60.94,60.947,60.94,60.946,17000000,1
1299703740000,1299703799000,60.946,60.948,60.946,60.948,29000000,1
1299703800000,1299703859000,60.946,60.947,60.946,60.946,19000000,1
1299703860000,1299703919000,60.946,60.957,60.946,60.957,12000000,1
1299703920000,1299703979000,60.957,60.988,60.957,60.988,31000000,1
1299703980000,1299704039000,60.988,61.009,60.986,60.996,54000000,1
1299704040000,1299704099000,60.997,61.007,60.986,60.986,16000000,1
1299704100000,1299704159000,60.987,60.996,60.976,60.978,35000000,1
1299704160000,1299704219000,60.987,61.01,60.977,61.008,40000000,1
1299704220000,1299704279000,61.008,61.026,61.006,61.017,70000000,1
1299704280000,1299704339000,61.007,61.016,60.99,61.007,61000000,1
1299704340000,1299704399000,61.007,61.014,60.996,60.996,59000000,1
1299704400000,1299704459000,60.996,61.018,60.996,61.016,72000000,1
1299704460000,1299704519000,61.016,61.018,61.007,61.017,24000000,1
1299704520000,1299704579000,61.017,61.017,60.987,60.996,24000000,1
1299704580000,1299704639000,60.997,60.997,60.987,60.987,13000000,1
1299704640000,1299704699000,60.977,60.977,60.966,60.967,24000000,1
1299704700000,1299704759000,60.967,60.977,60.966,60.967,22000000,1
1299704760000,1299704819000,60.967,60.977,60.956,60.967,68000000,1
1299704820000,1299704879000,60.967,60.987,60.966,60.987,34000000,1
1299704880000,1299704939000,60.987,60.987,60.947,60.947,54000000,1
1299704940000,1299704999000,60.946,60.957,60.946,60.957,22000000,1
1299705000000,1299705059000,60.956,60.957,60.956,60.957,8000000,1
1299705060000,1299705119000,60.956,60.968,60.946,60.967,52000000,1
1299705120000,1299705179000,60.967,60.969,60.966,60.966,54000000,1
1299705180000,1299705239000,60.966,60.967,60.966,60.967,12000000,1
1299705240000,1299705299000,60.967,60.977,60.966,60.976,16000000,1
1299705300000,1299705359000,60.976,60.976,60.946,60.957,72000000,1
1299705360000,1299705419000,60.957,60.967,60.957,60.967,58000000,1
1299705420000,1299705479000,60.966,60.967,60.966,60.967,22000000,1
1299705480000,1299705539000,60.957,60.957,60.926,60.936,51000000,1
1299705540000,1299705599000,60.926,60.937,60.926,60.936,15000000,1
1299705600000,1299705659000,60.927,60.956,60.926,60.956,38000000,1
1299705660000,1299705719000,60.956,60.966,60.926,60.937,60000000,1
1299705720000,1299705779000,60.937,60.958,60.937,60.937,49000000,1
1299705780000,1299705839000,60.928,60.947,60.913,60.947,69000000,1
1299705840000,1299705899000,60.946,60.947,60.946,60.946,6000000,1
1299705900000,1299705959000,60.947,60.947,60.936,60.936,22000000,1
1299705960000,1299706019000,60.937,60.957,60.936,60.947,52000000,1
1299706020000,1299706079000,60.946,60.958,60.946,60.958,36000000,1
1299706080000,1299706139000,60.958,60.968,60.957,60.967,60000000,1
1299706140000,1299706199000,60.978,60.988,60.968,60.977,99000000,1
1299706200000,1299706259000,60.977,61.007,60.977,61.007,47000000,1
1299706260000,1299706319000,61.007,61.007,60.987,60.987,53000000,1
1299706320000,1299706379000,60.977,60.987,60.967,60.986,36000000,1
1299706380000,1299706439000,60.986,60.986,60.968,60.968,29000000,1
1299706440000,1299706499000,60.968,60.968,60.965,60.965,10000000,1
1299706500000,1299706559000,60.966,60.969,60.956,60.957,27000000,1
1299706560000,1299706619000,60.957,60.957,60.956,60.957,14000000,1
1299706620000,1299706679000,60.956,60.958,60.956,60.958,16000000,1
1299706680000,1299706739000,60.958,60.967,60.958,60.967,8000000,1
1299706740000,1299706799000,60.966,60.967,60.966,60.967,5000000,1
1299706800000,1299706859000,60.957,60.967,60.947,60.947,21000000,1
1299706860000,1299706919000,60.947,60.956,60.947,60.947,13000000,1
1299706920000,1299706979000,60.956,60.967,60.947,60.956,32000000,1
1299706980000,1299707039000,60.957,60.958,60.956,60.957,20000000,1
1299707040000,1299707099000,60.956,60.956,60.946,60.946,37000000,1
1299707100000,1299707159000,60.946,60.946,60.937,60.946,25000000,1
1299707160000,1299707219000,60.927,60.927,60.906,60.916,68000000,1
1299707220000,1299707279000,60.916,60.946,60.916,60.917,47000000,1
1299707280000,1299707339000,60.917,60.927,60.917,60.927,39000000,1
1299707340000,1299707399000,60.927,60.948,60.927,60.937,32000000,1
1299707400000,1299707459000,60.937,60.957,60.937,60.937,40000000,1
1299707460000,1299707519000,60.937,60.948,60.937,60.947,39000000,1
1299707520000,1299707579000,60.938,60.948,60.937,60.948,15000000,1
1299707580000,1299707639000,60.934,60.956,60.926,60.936,49000000,1
1299707640000,1299707699000,60.936,60.948,60.936,60.948,13000000,1
1299707700000,1299707759000,60.957,60.957,60.937,60.946,23000000,1
1299707760000,1299707819000,60.946,60.947,60.938,60.946,8000000,1
1299707820000,1299707879000,60.947,60.948,60.937,60.938,21000000,1
1299707880000,1299707939000,60.938,60.946,60.936,60.946,12000000,1
1299707940000,1299707999000,60.938,60.947,60.928,60.937,45000000,1
1299708000000,1299708059000,60.937,60.937,60.875,60.902,69000000,1
1299708060000,1299708119000,60.911,60.961,60.91,60.916,23000000,1
1299708120000,1299708179000,60.937,60.938,60.937,60.938,17000000,1
1299708180000,1299708239000,60.938,60.958,60.937,60.938,72000000,1
1299708240000,1299708299000,60.938,60.947,60.917,60.928,112000000,1
1299708300000,1299708359000,60.928,60.938,60.927,60.928,36000000,1
1299708360000,1299708419000,60.928,60.928,60.917,60.918,25000000,1
1299708420000,1299708479000,60.918,60.921,60.918,60.921,28000000,1
1299708480000,1299708539000,60.921,60.942,60.921,60.929,41000000,1
1299708540000,1299708599000,60.929,60.941,60.893,60.893,44000000,1
1299708600000,1299708659000,60.902,60.906,60.856,60.856,27000000,1
1299708660000,1299708719000,60.856,60.872,60.829,60.857,47000000,1
1299708720000,1299708779000,60.852,60.857,60.837,60.844,24000000,1
1299708780000,1299708839000,60.844,60.852,60.836,60.845,26000000,1
1299708840000,1299708899000,60.845,60.854,60.845,60.849,9000000,1
1299708900000,1299708959000,60.847,60.857,60.836,60.847,28000000,1
1299708960000,1299709019000,60.846,60.867,60.846,60.857,31000000,1
1299709020000,1299709079000,60.856,60.867,60.836,60.847,35000000,1
1299709080000,1299709139000,60.846,60.856,60.846,60.856,14000000,1
1299709140000,1299709199000,60.856,60.857,60.836,60.847,20000000,1
1299709200000,1299709259000,60.857,60.857,60.836,60.836,14000000,1
1299709260000,1299709319000,60.836,60.847,60.836,60.836,31000000,1
1299709320000,1299709379000,60.827,60.837,60.786,60.826,78000000,1
1299709380000,1299709439000,60.826,60.846,60.826,60.837,26000000,1
1299709440000,1299709499000,60.827,60.837,60.826,60.836,29000000,1
1299709500000,1299709559000,60.827,60.837,60.816,60.836,38000000,1
1299709560000,1299709619000,60.847,60.847,60.836,60.836,14000000,1
1299709620000,1299709679000,60.836,60.866,60.836,60.856,33000000,1
1299709680000,1299709739000,60.866,60.866,60.846,60.847,11000000,1
1299709740000,1299709799000,60.846,60.867,60.826,60.867,40000000,1
1299709800000,1299709859000,60.867,60.907,60.866,60.897,55000000,1
1299709860000,1299709919000,60.876,60.917,60.876,60.917,39000000,1
1299709920000,1299709979000,60.916,60.957,60.916,60.956,29000000,1
1299709980000,1299710039000,60.966,60.966,60.926,60.946,57000000,1
1299710040000,1299710099000,60.937,60.937,60.926,60.937,35000000,1
1299710100000,1299710159000,60.936,60.936,60.926,60.926,4000000,1
1299710160000,1299710219000,60.937,60.946,60.906,60.917,39000000,1
1299710220000,1299710279000,60.916,60.917,60.916,60.917,7000000,1
1299710280000,1299710339000,60.916,60.926,60.916,60.917,8000000,1
1299710340000,1299710399000,60.907,60.936,60.907,60.936,33000000,1
1299710400000,1299710459000,60.937,60.937,60.886,60.886,62000000,1
1299710460000,1299710519000,60.886,60.906,60.886,60.906,25000000,1
1299710520000,1299710579000,60.907,60.907,60.896,60.907,15000000,1
1299710580000,1299710639000,60.906,60.907,60.892,60.897,20000000,1
1299710640000,1299710699000,60.897,60.907,60.89,60.897,16000000,1
1299710700000,1299710759000,60.898,60.906,60.896,60.897,33000000,1
1299710760000,1299710819000,60.896,60.906,60.887,60.906,27000000,1
1299710820000,1299710879000,60.907,60.923,60.896,60.916,52000000,1
1299710880000,1299710939000,60.917,60.927,60.916,60.927,18000000,1
1299710940000,1299710999000,60.927,60.937,60.916,60.926,37000000,1
1299711000000,1299711059000,60.926,60.946,60.92,60.946,45000000,1
1299711060000,1299711119000,60.946,60.947,60.936,60.947,34000000,1
1299711120000,1299711179000,60.951,60.951,60.936,60.947,28000000,1
1299711180000,1299711239000,60.947,60.967,60.947,60.966,70000000,1
1299711240000,1299711299000,60.967,60.967,60.966,60.966,13000000,1
1299711300000,1299711359000,60.966,60.967,60.966,60.967,9000000,1
1299711360000,1299711419000,60.967,60.967,60.936,60.936,29000000,1
1299711420000,1299711479000,60.936,60.947,60.926,60.946,37000000,1
1299711480000,1299711539000,60.957,60.957,60.946,60.946,20000000,1
1299711540000,1299711599000,60.936,60.946,60.936,60.946,16000000,1
1299711600000,1299711659000,60.946,60.947,60.936,60.947,13000000,1
1299711660000,1299711719000,60.947,60.957,60.929,60.946,37000000,1
1299711720000,1299711779000,60.946,60.946,60.928,60.937,31000000,1
1299711780000,1299711839000,60.936,60.938,60.936,60.938,14000000,1
1299711840000,1299711899000,60.947,60.947,60.927,60.927,33000000,1
1299711900000,1299711959000,60.926,60.927,60.917,60.919,16000000,1
1299711960000,1299712019000,60.919,60.927,60.919,60.927,9000000,1
1299712020000,1299712079000,60.927,60.927,60.907,60.91,20000000,1
1299712080000,1299712139000,60.907,60.907,60.906,60.907,11000000,1
1299712140000,1299712199000,60.907,60.907,60.907,60.907,11000000,1
1299712200000,1299712259000,60.907,60.907,60.878,60.878,54000000,1
1299712260000,1299712319000,60.878,60.896,60.878,60.887,34000000,1
1299712320000,1299712379000,60.887,60.897,60.886,60.896,45000000,1
1299712380000,1299712439000,60.896,60.907,60.896,60.903,43000000,1
1299712440000,1299712499000,60.903,60.92,60.896,60.907,71000000,1
1299712500000,1299712559000,60.907,60.907,60.907,60.907,13000000,1
1299712560000,1299712619000,60.907,60.91,60.906,60.906,49000000,1
1299712620000,1299712679000,60.906,60.907,60.896,60.897,42000000,1
1299712680000,1299712739000,60.897,60.897,60.886,60.886,41000000,1
1299712740000,1299712799000,60.886,60.886,60.877,60.882,35000000,1
1299712800000,1299712859000,60.878,60.878,60.868,60.868,36000000,1
1299712860000,1299712919000,60.868,60.889,60.866,60.888,79000000,1
1299712920000,1299712979000,60.886,60.886,60.857,60.861,57000000,1
1299712980000,1299713039000,60.857,60.876,60.857,60.867,40000000,1
1299713040000,1299713099000,60.867,60.902,60.866,60.902,97000000,1
1299713100000,1299713159000,60.898,60.907,60.896,60.896,34000000,1
1299713160000,1299713219000,60.898,60.908,60.896,60.908,27000000,1
1299713220000,1299713279000,60.908,60.91,60.896,60.897,114000000,1
1299713280000,1299713339000,60.896,60.908,60.896,60.908,63000000,1
1299713340000,1299713399000,60.908,60.917,60.897,60.917,74000000,1
1299713400000,1299713459000,60.917,60.917,60.905,60.906,85000000,1
1299713460000,1299713519000,60.907,60.917,60.907,60.909,37000000,1
1299713520000,1299713579000,60.908,60.938,60.908,60.936,56000000,1
1299713580000,1299713639000,60.936,60.947,60.927,60.937,54000000,1
1299713640000,1299713699000,60.937,60.937,60.936,60.936,4000000,1
1299713700000,1299713759000,60.936,60.956,60.936,60.956,41000000,1
1299713760000,1299713819000,60.956,60.967,60.949,60.966,68000000,1
1299713820000,1299713879000,60.966,60.977,60.957,60.957,51000000,1
1299713880000,1299713939000,60.959,60.962,60.956,60.957,39000000,1
1299713940000,1299713999000,60.957,60.961,60.956,60.958,36000000,1
1299714000000,1299714059000,60.957,60.958,60.954,60.958,19000000,1
1299714060000,1299714119000,60.958,60.961,60.949,60.957,61000000,1
1299714120000,1299714179000,60.956,60.967,60.956,60.96,30000000,1
1299714180000,1299714239000,60.964,60.966,60.942,60.946,37000000,1
1299714240000,1299714299000,60.947,60.947,60.936,60.94,27000000,1
1299714300000,1299714359000,60.94,60.963,60.94,60.957,130000000,1
1299714360000,1299714419000,60.956,60.986,60.956,60.96,98000000,1
1299714420000,1299714479000,60.957,60.968,60.957,60.967,81000000,1
1299714480000,1299714539000,60.967,60.967,60.957,60.967,49000000,1
1299714540000,1299714599000,60.966,60.968,60.957,60.957,22000000,1
1299714600000,1299714659000,60.958,60.974,60.952,60.974,45000000,1
1299714660000,1299714719000,60.974,60.976,60.968,60.976,23000000,1
1299714720000,1299714779000,60.966,60.978,60.956,60.956,164000000,1
1299714780000,1299714839000,60.957,60.957,60.947,60.947,21000000,1
1299714840000,1299714899000,60.946,60.967,60.946,60.957,81000000,1
1299714900000,1299714959000,60.957,60.966,60.936,60.947,223000000,1
1299714960000,1299715019000,60.947,60.968,60.946,60.968,54000000,1
1299715020000,1299715079000,60.968,60.968,60.948,60.958,59000000,1
1299715080000,1299715139000,60.958,60.967,60.947,60.957,102000000,1
1299715140000,1299715199000,60.957,60.967,60.948,60.967,63000000,1
1299715200000,1299715259000,60.967,60.967,60.957,60.958,41000000,1
1299715260000,1299715319000,60.957,60.976,60.95,60.976,34000000,1
1299715320000,1299715379000,60.976,60.998,60.976,60.997,143000000,1
1299715380000,1299715439000,60.997,60.998,60.988,60.996,76000000,1
1299715440000,1299715499000,60.996,60.996,60.976,60.976,52000000,1
1299715500000,1299715559000,60.976,60.978,60.969,60.969,39000000,1
1299715560000,1299715619000,60.969,60.977,60.963,60.973,36000000,1
1299715620000,1299715679000,60.977,60.99,60.977,60.987,32000000,1
1299715680000,1299715739000,60.988,60.99,60.986,60.986,16000000,1
1299715740000,1299715799000,60.986,60.986,60.976,60.979,31000000,1
1299715800000,1299715859000,60.978,60.979,60.971,60.971,7000000,1
1299715860000,1299715919000,60.974,60.977,60.974,60.977,5000000,1
1299715920000,1299715979000,60.976,60.979,60.976,60.979,6000000,1
1299715980000,1299716039000,60.979,60.987,60.972,60.979,59000000,1
1299716040000,1299716099000,60.979,60.986,60.974,60.974,19000000,1
1299716100000,1299716159000,60.974,60.977,60.97,60.976,27000000,1
1299716160000,1299716219000,60.977,60.997,60.977,60.986,37000000,1
1299716220000,1299716279000,60.986,60.987,60.968,60.968,64000000,1
1299716280000,1299716339000,60.973,60.983,60.966,60.97,55000000,1
1299716340000,1299716399000,60.972,60.972,60.961,60.961,20000000,1
1299716400000,1299716459000,60.96,60.973,60.956,60.971,48000000,1
1299716460000,1299716519000,60.971,60.977,60.961,60.966,67000000,1
1299716520000,1299716579000,60.966,60.967,60.95,60.966,65000000,1
1299716580000,1299716639000,60.966,60.977,60.962,60.968,39000000,1
1299716640000,1299716699000,60.976,61.004,60.967,61.004,61000000,1
1299716700000,1299716759000,61.008,61.031,61.003,61.027,107000000,1
1299716760000,1299716819000,61.031,61.041,61.026,61.034,106000000,1
1299716820000,1299716879000,61.034,61.047,61.034,61.047,53000000,1
1299716880000,1299716939000,61.047,61.059,61.039,61.057,66000000,1
1299716940000,1299716999000,61.057,61.061,61.003,61.02,89000000,1
1299717000000,1299717059000,61.016,61.041,60.919,61.036,297000000,1
1299717060000,1299717119000,61.036,61.073,61.017,61.028,126000000,1
1299717120000,1299717179000,61.028,61.087,61.028,61.086,105000000,1
1299717180000,1299717239000,61.078,61.078,61.039,61.042,75000000,1
1299717240000,1299717299000,61.039,61.057,60.986,60.986,114000000,1
1299717300000,1299717359000,60.986,61.034,60.979,60.993,197000000,1
1299717360000,1299717419000,60.997,61.031,60.997,61.027,331000000,1
1299717420000,1299717479000,61.031,61.069,61.031,61.047,63000000,1
1299717480000,1299717539000,61.047,61.057,61.028,61.038,104000000,1
1299717540000,1299717599000,61.038,61.038,61.009,61.016,73000000,1
1299717600000,1299717659000,61.016,61.021,61.012,61.019,65000000,1
1299717660000,1299717719000,61.019,61.042,61.019,61.042,57000000,1
1299717720000,1299717779000,61.042,61.047,61.027,61.027,37000000,1
1299717780000,1299717839000,61.027,61.027,61.027,61.027,2000000,1
1299717840000,1299717899000,61.027,61.027,61.019,61.023,26000000,1
1299717900000,1299717959000,61.021,61.036,61.012,61.017,67000000,1
1299717960000,1299718019000,61.01,61.027,60.988,60.988,89000000,1
1299718020000,1299718079000,60.987,60.988,60.955,60.967,123000000,1
1299718080000,1299718139000,60.97,61.011,60.967,61.011,82000000,1
1299718140000,1299718199000,61.012,61.033,61.007,61.011,129000000,1
1299718200000,1299718259000,61.004,61.008,60.997,60.999,90000000,1
1299718260000,1299718319000,60.999,61.001,60.979,61.0,61000000,1
1299718320000,1299718379000,61.0,61.017,60.987,61.017,82000000,1
1299718380000,1299718439000,61.009,61.009,60.991,61.002,75000000,1
1299718440000,1299718499000,61.007,61.007,60.997,61.004,53000000,1
1299718500000,1299718559000,61.006,61.03,60.997,61.028,87000000,1
1299718560000,1299718619000,61.029,61.037,61.028,61.03,52000000,1
1299718620000,1299718679000,61.028,61.028,61.018,61.028,120000000,1
1299718680000,1299718739000,61.027,61.038,61.018,61.018,89000000,1
1299718740000,1299718799000,61.017,61.018,60.999,61.006,189000000,1
1299718800000,1299718859000,61.007,61.007,60.994,60.998,66000000,1
1299718860000,1299718919000,60.997,60.997,60.987,60.988,46000000,1
1299718920000,1299718979000,60.99,61.008,60.978,60.986,120000000,1
1299718980000,1299719039000,60.986,60.996,60.98,60.996,95000000,1
1299719040000,1299719099000,60.995,61.008,60.995,60.998,66000000,1
1299719100000,1299719159000,61.001,61.012,60.998,61.007,83000000,1
1299719160000,1299719219000,61.007,61.012,60.996,60.996,60000000,1
1299719220000,1299719279000,61.0,61.006,60.997,61.003,28000000,1
1299719280000,1299719339000,61.001,61.007,60.997,61.001,51000000,1
1299719340000,1299719399000,61.008,61.008,60.992,60.997,44000000,1
1299719400000,1299719459000,60.997,61.017,60.977,61.007,72000000,1
1299719460000,1299719519000,61.007,61.008,60.996,61.006,40000000,1
1299719520000,1299719579000,61.006,61.007,61.006,61.007,17000000,1
1299719580000,1299719639000,61.016,61.017,61.007,61.008,26000000,1
1299719640000,1299719699000,61.016,61.037,61.014,61.014,76000000,1
1299719700000,1299719759000,61.009,61.017,61.008,61.017,26000000,1
1299719760000,1299719819000,61.017,61.017,60.998,60.998,49000000,1
1299719820000,1299719879000,61.004,61.019,60.997,60.997,73000000,1
1299719880000,1299719939000,61.007,61.01,60.997,61.007,61000000,1
1299719940000,1299719999000,61.012,61.012,61.007,61.007,29000000,1
1299720000000,1299720059000,61.007,61.007,60.996,60.998,49000000,1
1299720060000,1299720119000,60.998,61.007,60.987,60.989,59000000,1
1299720120000,1299720179000,60.989,60.989,60.977,60.982,36000000,1
1299720180000,1299720239000,60.981,60.987,60.97,60.977,87000000,1
1299720240000,1299720299000,60.978,60.978,60.968,60.977,40000000,1
1299720300000,1299720359000,60.976,60.988,60.958,60.967,63000000,1
1299720360000,1299720419000,60.967,60.968,60.966,60.967,63000000,1
1299720420000,1299720479000,60.966,60.972,60.956,60.967,59000000,1
1299720480000,1299720539000,60.962,60.969,60.962,60.967,58000000,1
1299720540000,1299720599000,60.966,60.967,60.961,60.967,36000000,1
1299720600000,1299720659000,60.969,60.978,60.968,60.973,46000000,1
1299720660000,1299720719000,60.968,60.988,60.968,60.976,56000000,1
1299720720000,1299720779000,60.977,60.986,60.972,60.977,35000000,1
1299720780000,1299720839000,60.972,60.978,60.967,60.967,86000000,1
1299720840000,1299720899000,60.967,60.967,60.917,60.93,85000000,1
1299720900000,1299720959000,60.931,60.941,60.917,60.934,72000000,1
1299720960000,1299721019000,60.928,60.934,60.916,60.916,35000000,1
1299721020000,1299721079000,60.921,60.927,60.916,60.927,38000000,1
1299721080000,1299721139000,60.927,60.937,60.916,60.937,40000000,1
1299721140000,1299721199000,60.928,60.937,60.918,60.927,62000000,1
1299721200000,1299721259000,60.927,60.938,60.927,60.937,40000000,1
1299721260000,1299721319000,60.937,60.937,60.926,60.926,21000000,1
1299721320000,1299721379000,60.926,60.937,60.926,60.929,24000000,1
1299721380000,1299721439000,60.927,60.927,60.907,60.908,56000000,1
1299721440000,1299721499000,60.911,60.917,60.897,60.906,32000000,1
1299721500000,1299721559000,60.906,60.917,60.887,60.897,64000000,1
1299721560000,1299721619000,60.898,60.907,60.879,60.907,63000000,1
1299721620000,1299721679000,60.907,60.908,60.887,60.896,72000000,1
1299721680000,1299721739000,60.909,60.941,60.908,60.941,95000000,1
1299721740000,1299721799000,60.947,60.947,60.937,60.937,14000000,1
1299721800000,1299721859000,60.937,60.937,60.918,60.926,41000000,1
1299721860000,1299721919000,60.927,60.94,60.926,60.937,24000000,1
1299721920000,1299721979000,60.938,60.938,60.907,60.907,29000000,1
1299721980000,1299722039000,60.907,60.937,60.907,60.917,48000000,1
1299722040000,1299722099000,60.918,60.918,60.897,60.908,58000000,1
1299722100000,1299722159000,60.908,60.926,60.908,60.926,79000000,1
1299722160000,1299722219000,60.927,60.927,60.917,60.917,18000000,1
1299722220000,1299722279000,60.918,60.937,60.918,60.928,30000000,1
1299722280000,1299722339000,60.928,60.938,60.926,60.927,58000000,1
1299722340000,1299722399000,60.928,60.958,60.918,60.956,82000000,1
1299722400000,1299722459000,60.948,60.948,60.927,60.937,57000000,1
1299722460000,1299722519000,60.937,60.947,60.928,60.946,32000000,1
1299722520000,1299722579000,60.946,61.018,60.946,60.967,133000000,1
1299722580000,1299722639000,60.967,60.988,60.966,60.987,110000000,1
1299722640000,1299722699000,60.987,60.998,60.979,60.988,46000000,1
1299722700000,1299722759000,60.988,60.988,60.977,60.988,18000000,1
1299722760000,1299722819000,60.986,60.988,60.977,60.988,25000000,1
1299722820000,1299722879000,60.986,60.987,60.977,60.986,43000000,1
1299722880000,1299722939000,60.978,60.978,60.967,60.968,44000000,1
1299722940000,1299722999000,60.967,60.977,60.967,60.977,40000000,1
1299723000000,1299723059000,60.977,60.977,60.968,60.977,27000000,1
1299723060000,1299723119000,60.977,60.977,60.967,60.967,54000000,1
1299723120000,1299723179000,60.968,60.976,60.967,60.976,42000000,1
1299723180000,1299723239000,60.977,60.977,60.966,60.966,25000000,1
1299723240000,1299723299000,60.966,60.967,60.966,60.966,14000000,1
1299723300000,1299723359000,60.967,60.977,60.966,60.977,23000000,1
1299723360000,1299723419000,60.977,60.978,60.976,60.978,29000000,1
1299723420000,1299723479000,60.977,60.987,60.977,60.987,33000000,1
1299723480000,1299723539000,60.987,60.997,60.987,60.996,54000000,1
1299723540000,1299723599000,60.987,60.996,60.987,60.987,88000000,1
1299723600000,1299723659000,60.987,61.008,60.987,61.007,107000000,1
1299723660000,1299723719000,61.009,61.013,61.003,61.012,66000000,1
1299723720000,1299723779000,61.01,61.025,61.01,61.017,44000000,1
1299723780000,1299723839000,61.017,61.017,61.011,61.011,23000000,1
1299723840000,1299723899000,61.016,61.02,61.005,61.02,43000000,1
1299723900000,1299723959000,61.017,61.028,61.017,61.028,9000000,1
1299723960000,1299724019000,61.027,61.028,61.018,61.018,18000000,1
1299724020000,1299724079000,61.011,61.013,61.007,61.01,15000000,1
1299724080000,1299724139000,61.01,61.01,61.006,61.006,14000000,1
1299724140000,1299724199000,61.0,61.007,60.986,61.007,138000000,1
1299724200000,1299724259000,61.007,61.01,60.996,61.008,82000000,1
1299724260000,1299724319000,61.007,61.011,61.007,61.011,13000000,1
1299724320000,1299724379000,61.007,61.008,60.997,61.008,32000000,1
1299724380000,1299724439000,61.008,61.008,61.004,61.008,35000000,1
1299724440000,1299724499000,61.008,61.008,61.007,61.008,21000000,1
1299724500000,1299724559000,61.008,61.011,61.0,61.011,44000000,1
1299724560000,1299724619000,61.011,61.026,61.009,61.02,34000000,1
1299724620000,1299724679000,61.017,61.023,61.009,61.019,47000000,1
1299724680000,1299724739000,61.019,61.019,61.018,61.019,12000000,1
1299724740000,1299724799000,61.019,61.021,61.007,61.007,41000000,1
1299724800000,1299724859000,61.009,61.01,60.997,60.997,37000000,1
1299724860000,1299724919000,60.997,61.0,60.997,60.999,7000000,1
1299724920000,1299724979000,61.006,61.007,61.006,61.007,7000000,1
1299724980000,1299725039000,61.007,61.007,61.007,61.007,2000000,1
1299725040000,1299725099000,61.007,61.007,61.006,61.007,11000000,1
1299725100000,1299725159000,61.006,61.007,60.998,60.998,18000000,1
1299725160000,1299725219000,60.998,60.998,60.993,60.996,31000000,1
1299725220000,1299725279000,60.997,60.998,60.989,60.997,18000000,1
1299725280000,1299725339000,60.996,60.997,60.987,60.989,23000000,1
1299725340000,1299725399000,60.991,60.998,60.988,60.989,15000000,1
1299725400000,1299725459000,60.987,60.988,60.977,60.986,35000000,1
1299725460000,1299725519000,60.987,60.987,60.976,60.977,10000000,1
1299725520000,1299725579000,60.978,60.978,60.968,60.974,23000000,1
1299725580000,1299725639000,60.976,60.978,60.976,60.977,7000000,1
1299725640000,1299725699000,60.976,60.977,60.971,60.977,21000000,1
1299725700000,1299725759000,60.976,60.977,60.976,60.977,7000000,1
1299725760000,1299725819000,60.977,60.977,60.969,60.971,13000000,1
1299725820000,1299725879000,60.975,60.976,60.968,60.971,25000000,1
1299725880000,1299725939000,60.977,60.988,60.968,60.969,54000000,1
1299725940000,1299725999000,60.968,60.968,60.947,60.966,97000000,1
1299726000000,1299726059000,60.966,60.968,60.937,60.966,102000000,1
1299726060000,1299726119000,60.957,60.957,60.928,60.947,91000000,1
1299726120000,1299726179000,60.937,60.963,60.937,60.963,63000000,1
1299726180000,1299726239000,60.96,60.988,60.957,60.977,125000000,1
1299726240000,1299726299000,60.977,60.978,60.969,60.978,45000000,1
1299726300000,1299726359000,60.978,60.978,60.976,60.978,58000000,1
1299726360000,1299726419000,60.978,60.978,60.97,60.97,10000000,1
1299726420000,1299726479000,60.97,60.972,60.957,60.958,36000000,1
1299726480000,1299726539000,60.958,60.968,60.951,60.957,80000000,1
1299726540000,1299726599000,60.958,60.968,60.957,60.966,98000000,1
1299726600000,1299726659000,60.966,60.978,60.957,60.959,165000000,1
1299726660000,1299726719000,60.96,60.962,60.936,60.949,153000000,1
1299726720000,1299726779000,60.947,60.95,60.946,60.95,24000000,1
1299726780000,1299726839000,60.948,60.967,60.947,60.967,97000000,1
1299726840000,1299726899000,60.967,60.968,60.947,60.954,47000000,1
1299726900000,1299726959000,60.95,60.968,60.95,60.967,35000000,1
1299726960000,1299727019000,60.967,60.967,60.957,60.957,8000000,1
1299727020000,1299727079000,60.958,60.968,60.936,60.957,90000000,1
1299727080000,1299727139000,60.959,60.974,60.957,60.968,70000000,1
1299727140000,1299727199000,60.968,60.976,60.958,60.966,40000000,1
1299727200000,1299727259000,60.966,60.966,60.947,60.948,34000000,1
1299727260000,1299727319000,60.951,60.957,60.946,60.948,39000000,1
1299727320000,1299727379000,60.948,60.948,60.947,60.947,10000000,1
1299727380000,1299727439000,60.947,60.949,60.938,60.939,54000000,1
1299727440000,1299727499000,60.946,60.957,60.946,60.957,23000000,1
1299727500000,1299727559000,60.95,60.952,60.946,60.946,19000000,1
1299727560000,1299727619000,60.94,60.95,60.937,60.937,30000000,1
1299727620000,1299727679000,60.944,60.944,60.917,60.918,85000000,1
1299727680000,1299727739000,60.922,60.937,60.916,60.937,62000000,1
1299727740000,1299727799000,60.937,60.947,60.926,60.936,77000000,1
1299727800000,1299727859000,60.936,60.937,60.927,60.928,13000000,1
1299727860000,1299727919000,60.933,60.94,60.93,60.94,49000000,1
1299727920000,1299727979000,60.943,60.948,60.94,60.948,30000000,1
1299727980000,1299728039000,60.948,60.949,60.941,60.949,32000000,1
1299728040000,1299728099000,60.952,60.957,60.952,60.957,10000000,1
1299728100000,1299728159000,60.957,60.957,60.938,60.948,55000000,1
1299728160000,1299728219000,60.948,60.958,60.948,60.958,55000000,1
1299728220000,1299728279000,60.957,60.978,60.957,60.978,60000000,1
1299728280000,1299728339000,60.978,60.978,60.967,60.973,60000000,1
1299728340000,1299728399000,60.984,60.984,60.97,60.978,90000000,1
1299728400000,1299728459000,60.978,60.978,60.957,60.959,142000000,1
1299728460000,1299728519000,60.959,60.959,60.951,60.959,38000000,1
1299728520000,1299728579000,60.958,60.96,60.947,60.947,58000000,1
1299728580000,1299728639000,60.947,60.951,60.947,60.95,27000000,1
1299728640000,1299728699000,60.947,60.947,60.927,60.937,71000000,1
1299728700000,1299728759000,60.933,60.937,60.916,60.93,78000000,1
1299728760000,1299728819000,60.927,60.934,60.913,60.917,95000000,1
1299728820000,1299728879000,60.92,60.921,60.91,60.921,39000000,1
1299728880000,1299728939000,60.921,60.927,60.908,60.916,45000000,1
1299728940000,1299728999000,60.916,60.93,60.909,60.92,76000000,1
1299729000000,1299729059000,60.918,60.927,60.916,60.918,79000000,1
1299729060000,1299729119000,60.919,60.938,60.919,60.928,37000000,1
1299729120000,1299729179000,60.928,60.928,60.917,60.918,36000000,1
1299729180000,1299729239000,60.918,60.918,60.904,60.904,51000000,1
1299729240000,1299729299000,60.908,60.932,60.908,60.926,49000000,1
1299729300000,1299729359000,60.926,60.928,60.919,60.928,22000000,1
1299729360000,1299729419000,60.928,60.932,60.918,60.92,23000000,1
1299729420000,1299729479000,60.919,60.938,60.918,60.929,51000000,1
1299729480000,1299729539000,60.941,60.998,60.941,60.986,131000000,1
1299729540000,1299729599000,60.986,60.997,60.956,60.958,103000000,1
1299729600000,1299729659000,60.962,60.978,60.947,60.952,126000000,1
1299729660000,1299729719000,60.95,60.957,60.939,60.946,97000000,1
1299729720000,1299729779000,60.937,60.938,60.917,60.918,84000000,1
1299729780000,1299729839000,60.917,60.928,60.907,60.917,121000000,1
1299729840000,1299729899000,60.917,60.949,60.897,60.946,118000000,1
1299729900000,1299729959000,60.939,60.949,60.917,60.937,95000000,1
1299729960000,1299730019000,60.937,60.957,60.928,60.947,110000000,1
1299730020000,1299730079000,60.947,60.969,60.947,60.966,58000000,1
1299730080000,1299730139000,60.966,60.966,60.925,60.932,63000000,1
1299730140000,1299730199000,60.935,60.956,60.927,60.947,73000000,1
1299730200000,1299730259000,60.944,60.957,60.919,60.92,105000000,1
1299730260000,1299730319000,60.918,60.918,60.908,60.911,97000000,1
1299730320000,1299730379000,60.908,60.932,60.908,60.926,68000000,1
1299730380000,1299730439000,60.926,60.928,60.904,60.906,58000000,1
1299730440000,1299730499000,60.908,60.917,60.908,60.916,15000000,1
1299730500000,1299730559000,60.916,60.921,60.897,60.916,68000000,1
1299730560000,1299730619000,60.916,60.916,60.897,60.907,31000000,1
1299730620000,1299730679000,60.906,60.907,60.906,60.906,21000000,1
1299730680000,1299730739000,60.906,60.929,60.906,60.927,30000000,1
1299730740000,1299730799000,60.926,60.927,60.921,60.927,8000000,1
1299730800000,1299730859000,60.926,60.946,60.922,60.939,63000000,1
1299730860000,1299730919000,60.941,60.948,60.938,60.938,20000000,1
1299730920000,1299730979000,60.938,60.947,60.937,60.939,22000000,1
1299730980000,1299731039000,60.937,60.937,60.937,60.937,8000000,1
1299731040000,1299731099000,60.937,60.948,60.929,60.937,41000000,1
1299731100000,1299731159000,60.937,60.956,60.937,60.956,46000000,1
1299731160000,1299731219000,60.958,60.958,60.927,60.93,57000000,1
1299731220000,1299731279000,60.927,60.958,60.925,60.958,37000000,1
1299731280000,1299731339000,60.958,60.958,60.938,60.938,46000000,1
1299731340000,1299731399000,60.939,60.939,60.936,60.937,25000000,1
1299731400000,1299731459000,60.937,60.937,60.893,60.896,143000000,1
1299731460000,1299731519000,60.896,60.908,60.896,60.907,79000000,1
1299731520000,1299731579000,60.907,60.907,60.887,60.896,67000000,1
1299731580000,1299731639000,60.896,60.897,60.888,60.897,36000000,1
1299731640000,1299731699000,60.897,60.908,60.885,60.908,60000000,1
1299731700000,1299731759000,60.908,60.913,60.906,60.908,25000000,1
1299731760000,1299731819000,60.911,60.912,60.911,60.912,5000000,1
1299731820000,1299731879000,60.907,60.92,60.907,60.92,23000000,1
1299731880000,1299731939000,60.92,60.926,60.917,60.926,13000000,1
1299731940000,1299731999000,60.927,60.942,60.926,60.938,18000000,1
1299732000000,1299732059000,60.937,60.937,60.926,60.928,25000000,1
1299732060000,1299732119000,60.927,60.94,60.927,60.931,121000000,1
1299732120000,1299732179000,60.929,60.929,60.926,60.929,19000000,1
1299732180000,1299732239000,60.929,60.936,60.929,60.936,10000000,1
1299732240000,1299732299000,60.938,60.947,60.938,60.947,16000000,1
1299732300000,1299732359000,60.947,60.947,60.927,60.937,82000000,1
1299732360000,1299732419000,60.937,60.939,60.927,60.927,86000000,1
1299732420000,1299732479000,60.927,60.93,60.926,60.928,55000000,1
1299732480000,1299732539000,60.928,60.93,60.911,60.916,50000000,1
1299732540000,1299732599000,60.917,60.937,60.917,60.919,34000000,1
1299732600000,1299732659000,60.919,60.928,60.897,60.917,66000000,1
1299732660000,1299732719000,60.921,60.921,60.907,60.917,74000000,1
1299732720000,1299732779000,60.917,60.919,60.906,60.906,72000000,1
1299732780000,1299732839000,60.907,60.917,60.903,60.907,51000000,1
1299732840000,1299732899000,60.917,60.917,60.906,60.908,31000000,1
1299732900000,1299732959000,60.908,60.917,60.907,60.912,17000000,1
1299732960000,1299733019000,60.916,60.917,60.906,60.909,14000000,1
1299733020000,1299733079000,60.908,60.917,60.906,60.916,31000000,1
1299733080000,1299733139000,60.917,60.917,60.907,60.908,46000000,1
1299733140000,1299733199000,60.908,60.916,60.908,60.916,43000000,1
1299733200000,1299733259000,60.916,60.917,60.912,60.917,14000000,1
1299733260000,1299733319000,60.916,60.926,60.916,60.916,37000000,1
1299733320000,1299733379000,60.916,60.918,60.907,60.916,60000000,1
1299733380000,1299733439000,60.916,60.927,60.916,60.916,78000000,1
1299733440000,1299733499000,60.916,60.916,60.906,60.907,36000000,1
1299733500000,1299733559000,60.907,60.911,60.907,60.908,23000000,1
1299733560000,1299733619000,60.907,60.917,60.906,60.917,37000000,1
1299733620000,1299733679000,60.917,60.917,60.907,60.908,22000000,1
1299733680000,1299733739000,60.906,60.917,60.906,60.907,32000000,1
1299733740000,1299733799000,60.91,60.917,60.907,60.917,13000000,1
1299733800000,1299733859000,60.916,60.917,60.907,60.907,23000000,1
1299733860000,1299733919000,60.906,60.907,60.906,60.906,10000000,1
1299733920000,1299733979000,60.907,60.907,60.887,60.897,99000000,1
1299733980000,1299734039000,60.897,60.897,60.877,60.877,69000000,1
1299734040000,1299734099000,60.877,60.887,60.876,60.876,59000000,1
1299734100000,1299734159000,60.876,60.886,60.851,60.858,88000000,1
1299734160000,1299734219000,60.858,60.867,60.849,60.867,78000000,1
1299734220000,1299734279000,60.867,60.878,60.867,60.878,56000000,1
1299734280000,1299734339000,60.878,60.889,60.877,60.886,51000000,1
1299734340000,1299734399000,60.887,60.887,60.886,60.887,8000000,1
1299734400000,1299734459000,60.887,60.887,60.886,60.887,8000000,1
1299734460000,1299734519000,60.886,60.888,60.886,60.886,12000000,1
1299734520000,1299734579000,60.887,60.888,60.886,60.888,14000000,1
1299734580000,1299734639000,60.888,60.91,60.888,60.906,68000000,1
1299734640000,1299734699000,60.907,60.907,60.889,60.889,46000000,1
1299734700000,1299734759000,60.89,60.89,60.879,60.886,39000000,1
1299734760000,1299734819000,60.887,60.896,60.886,60.896,23000000,1
1299734820000,1299734879000,60.897,60.897,60.89,60.891,15000000,1
1299734880000,1299734939000,60.888,60.896,60.887,60.894,24000000,1
1299734940000,1299734999000,60.892,60.892,60.888,60.888,5000000,1
1299735000000,1299735059000,60.888,60.888,60.888,60.888,6000000,1
1299735060000,1299735119000,60.891,60.898,60.891,60.897,19000000,1
1299735120000,1299735179000,60.897,60.918,60.897,60.918,42000000,1
1299735180000,1299735239000,60.918,60.918,60.908,60.908,36000000,1
1299735240000,1299735299000,60.908,60.927,60.908,60.917,71000000,1
1299735300000,1299735359000,60.918,60.927,60.916,60.917,53000000,1
1299735360000,1299735419000,60.917,60.918,60.916,60.918,18000000,1
1299735420000,1299735479000,60.927,60.927,60.926,60.927,14000000,1
1299735480000,1299735539000,60.927,60.947,60.927,60.947,40000000,1
1299735540000,1299735599000,60.947,60.947,60.93,60.937,42000000,1
1299735600000,1299735659000,60.938,60.96,60.928,60.957,60000000,1
1299735660000,1299735719000,60.947,60.987,60.947,60.971,70000000,1
1299735720000,1299735779000,60.971,60.988,60.971,60.986,55000000,1
1299735780000,1299735839000,60.979,60.979,60.966,60.974,37000000,1
1299735840000,1299735899000,60.978,60.991,60.977,60.987,41000000,1
1299735900000,1299735959000,60.987,60.99,60.977,60.986,99000000,1
1299735960000,1299736019000,60.98,60.981,60.976,60.981,7000000,1
1299736020000,1299736079000,60.977,60.98,60.972,60.976,39000000,1
1299736080000,1299736139000,60.977,60.979,60.966,60.977,45000000,1
1299736140000,1299736199000,60.977,60.977,60.968,60.968,25000000,1
1299736200000,1299736259000,60.968,60.968,60.957,60.963,31000000,1
1299736260000,1299736319000,60.963,60.975,60.963,60.966,15000000,1
1299736320000,1299736379000,60.967,60.967,60.957,60.957,10000000,1
1299736380000,1299736439000,60.958,60.958,60.936,60.936,82000000,1
1299736440000,1299736499000,60.937,60.943,60.926,60.929,42000000,1
1299736500000,1299736559000,60.937,60.942,60.937,60.942,21000000,1
1299736560000,1299736619000,60.939,60.957,60.937,60.948,35000000,1
1299736620000,1299736679000,60.948,60.948,60.942,60.942,15000000,1
1299736680000,1299736739000,60.946,60.947,60.939,60.939,13000000,1
1299736740000,1299736799000,60.939,60.947,60.939,60.947,4000000,1
1299736800000,1299736859000,60.947,60.948,60.942,60.947,93000000,1
1299736860000,1299736919000,60.947,60.947,60.946,60.946,11000000,1
1299736920000,1299736979000,60.947,60.947,60.941,60.946,11000000,1
1299736980000,1299737039000,60.946,60.946,60.946,60.946,8000000,1
1299737040000,1299737099000,60.946,60.946,60.926,60.926,30000000,1
1299737100000,1299737159000,60.927,60.928,60.926,60.928,9000000,1
1299737160000,1299737219000,60.928,60.928,60.916,60.916,34000000,1
1299737220000,1299737279000,60.917,60.918,60.917,60.918,23000000,1
1299737280000,1299737339000,60.918,60.918,60.908,60.917,30000000,1
1299737340000,1299737399000,60.917,60.918,60.917,60.918,10000000,1
1299737400000,1299737459000,60.917,60.927,60.916,60.927,26000000,1
1299737460000,1299737519000,60.927,60.938,60.926,60.937,46000000,1
1299737520000,1299737579000,60.937,60.947,60.937,60.946,41000000,1
1299737580000,1299737639000,60.947,60.947,60.947,60.947,21000000,1
1299737640000,1299737699000,60.946,60.948,60.927,60.938,40000000,1
1299737700000,1299737759000,60.936,60.937,60.927,60.937,21000000,1
1299737760000,1299737819000,60.936,60.939,60.936,60.938,21000000,1
1299737820000,1299737879000,60.938,60.938,60.926,60.926,27000000,1
1299737880000,1299737939000,60.927,60.937,60.919,60.919,28000000,1
1299737940000,1299737999000,60.926,60.927,60.926,60.926,7000000,1
1299738000000,1299738059000,60.927,60.927,60.926,60.927,10000000,1
1299738060000,1299738119000,60.927,60.927,60.918,60.918,21000000,1
1299738120000,1299738179000,60.918,60.927,60.918,60.927,54000000,1
1299738180000,1299738239000,60.927,60.927,60.917,60.917,50000000,1
1299738240000,1299738299000,60.908,60.919,60.899,60.908,73000000,1
1299738300000,1299738359000,60.901,60.938,60.896,60.927,112000000,1
1299738360000,1299738419000,60.927,60.939,60.927,60.937,73000000,1
1299738420000,1299738479000,60.937,60.937,60.927,60.927,6000000,1
1299738480000,1299738539000,60.927,60.937,60.917,60.917,33000000,1
1299738540000,1299738599000,60.918,60.938,60.907,60.938,56000000,1
1299738600000,1299738659000,60.938,60.939,60.927,60.927,82000000,1
1299738660000,1299738719000,60.927,60.928,60.92,60.926,20000000,1
1299738720000,1299738779000,60.926,60.927,60.921,60.921,7000000,1
1299738780000,1299738839000,60.921,60.938,60.917,60.928,43000000,1
1299738840000,1299738899000,60.926,60.928,60.922,60.928,26000000,1
1299738900000,1299738959000,60.932,60.938,60.927,60.938,27000000,1
1299738960000,1299739019000,60.945,60.947,60.922,60.928,31000000,1
1299739020000,1299739079000,60.928,60.947,60.928,60.947,29000000,1
1299739080000,1299739139000,60.947,60.948,60.93,60.939,95000000,1
1299739140000,1299739199000,60.944,60.947,60.936,60.94,39000000,1
1299739200000,1299739259000,60.94,60.942,60.93,60.938,48000000,1
1299739260000,1299739319000,60.938,60.938,60.93,60.937,28000000,1
1299739320000,1299739379000,60.937,60.946,60.925,60.929,43000000,1
1299739380000,1299739439000,60.932,60.948,60.932,60.94,44000000,1
1299739440000,1299739499000,60.942,60.947,60.93,60.938,65000000,1
1299739500000,1299739559000,60.937,60.948,60.937,60.947,25000000,1
1299739560000,1299739619000,60.947,60.978,60.947,60.971,55000000,1
1299739620000,1299739679000,60.967,60.988,60.967,60.987,47000000,1
1299739680000,1299739739000,60.987,60.988,60.978,60.987,61000000,1
1299739740000,1299739799000,60.987,60.987,60.987,60.987,6000000,1
1299739800000,1299739859000,60.987,60.987,60.967,60.967,41000000,1
1299739860000,1299739919000,60.967,60.968,60.946,60.957,122000000,1
1299739920000,1299739979000,60.957,60.957,60.947,60.956,50000000,1
1299739980000,1299740039000,60.947,60.957,60.946,60.947,33000000,1
1299740040000,1299740099000,60.946,60.948,60.938,60.938,38000000,1
1299740100000,1299740159000,60.94,60.948,60.937,60.947,111000000,1
1299740160000,1299740219000,60.947,60.959,60.946,60.958,45000000,1
1299740220000,1299740279000,60.958,60.977,60.957,60.967,51000000,1
1299740280000,1299740339000,60.968,60.987,60.967,60.987,113000000,1
1299740340000,1299740399000,60.987,60.988,60.967,60.971,88000000,1
1299740400000,1299740459000,60.967,60.977,60.957,60.968,64000000,1
1299740460000,1299740519000,60.968,60.968,60.947,60.956,96000000,1
1299740520000,1299740579000,60.956,61.003,60.956,60.981,144000000,1
1299740580000,1299740639000,60.978,60.98,60.967,60.967,89000000,1
1299740640000,1299740699000,60.968,60.968,60.938,60.948,116000000,1
1299740700000,1299740759000,60.95,60.956,60.928,60.937,58000000,1
1299740760000,1299740819000,60.937,60.937,60.916,60.926,75000000,1
1299740820000,1299740879000,60.927,60.958,60.926,60.957,54000000,1
1299740880000,1299740939000,60.952,60.977,60.946,60.977,155000000,1
1299740940000,1299740999000,60.968,60.968,60.946,60.947,158000000,1
1299741000000,1299741059000,60.959,60.969,60.947,60.966,81000000,1
1299741060000,1299741119000,60.966,60.968,60.957,60.967,90000000,1
1299741120000,1299741179000,60.967,60.996,60.967,60.996,69000000,1
1299741180000,1299741239000,60.996,60.997,60.957,60.957,36000000,1
1299741240000,1299741299000,60.969,60.997,60.933,60.936,148000000,1
1299741300000,1299741359000,60.942,60.956,60.901,60.916,211000000,1
1299741360000,1299741419000,60.911,60.938,60.896,60.927,171000000,1
1299741420000,1299741479000,60.927,60.927,60.906,60.927,69000000,1
1299741480000,1299741539000,60.927,60.927,60.906,60.907,158000000,1
1299741540000,1299741599000,60.907,60.921,60.907,60.916,30000000,1
1299741600000,1299741659000,60.916,60.977,60.906,60.977,169000000,1
1299741660000,1299741719000,60.977,60.981,60.935,60.957,234000000,1
1299741720000,1299741779000,60.957,60.991,60.952,60.976,127000000,1
1299741780000,1299741839000,60.975,60.99,60.956,60.976,96000000,1
1299741840000,1299741899000,60.976,60.988,60.967,60.979,77000000,1
1299741900000,1299741959000,60.977,60.977,60.958,60.965,26000000,1
1299741960000,1299742019000,60.966,60.99,60.956,60.956,71000000,1
1299742020000,1299742079000,60.956,60.963,60.896,60.903,180000000,1
1299742080000,1299742139000,60.903,60.919,60.886,60.897,189000000,1
1299742140000,1299742199000,60.898,60.917,60.878,60.887,135000000,1
1299742200000,1299742259000,60.887,60.889,60.866,60.866,130000000,1
1299742260000,1299742319000,60.866,60.89,60.849,60.856,154000000,1
1299742320000,1299742379000,60.857,60.867,60.833,60.837,154000000,1
1299742380000,1299742439000,60.833,60.861,60.831,60.858,143000000,1
1299742440000,1299742499000,60.858,60.858,60.828,60.837,90000000,1
1299742500000,1299742559000,60.837,60.859,60.837,60.858,74000000,1
1299742560000,1299742619000,60.858,60.867,60.82,60.847,154000000,1
1299742620000,1299742679000,60.847,60.86,60.839,60.858,89000000,1
1299742680000,1299742739000,60.858,60.877,60.85,60.872,84000000,1
1299742740000,1299742799000,60.876,60.89,60.847,60.847,77000000,1
1299742800000,1299742859000,60.847,60.867,60.838,60.856,110000000,1
1299742860000,1299742919000,60.856,60.867,60.847,60.856,62000000,1
1299742920000,1299742979000,60.856,60.857,60.842,60.851,43000000,1
1299742980000,1299743039000,60.857,60.869,60.857,60.869,13000000,1
1299743040000,1299743099000,60.867,60.867,60.847,60.85,65000000,1
1299743100000,1299743159000,60.846,60.856,60.827,60.827,153000000,1
1299743160000,1299743219000,60.818,60.825,60.807,60.816,119000000,1
1299743220000,1299743279000,60.817,60.817,60.786,60.797,61000000,1
1299743280000,1299743339000,60.796,60.816,60.794,60.81,50000000,1
1299743340000,1299743399000,60.81,60.837,60.809,60.826,98000000,1
1299743400000,1299743459000,60.826,60.832,60.826,60.828,26000000,1
1299743460000,1299743519000,60.827,60.847,60.826,60.846,114000000,1
1299743520000,1299743579000,60.842,60.848,60.837,60.847,93000000,1
1299743580000,1299743639000,60.84,60.847,60.827,60.827,99000000,1
1299743640000,1299743699000,60.827,60.848,60.827,60.846,41000000,1
1299743700000,1299743759000,60.846,60.857,60.827,60.848,79000000,1
1299743760000,1299743819000,60.848,60.848,60.827,60.827,37000000,1
1299743820000,1299743879000,60.827,60.857,60.827,60.836,65000000,1
1299743880000,1299743939000,60.838,60.856,60.836,60.856,47000000,1
1299743940000,1299743999000,60.857,60.887,60.856,60.887,152000000,1
1299744000000,1299744059000,60.887,60.887,60.846,60.867,129000000,1
1299744060000,1299744119000,60.87,60.903,60.869,60.878,87000000,1
1299744120000,1299744179000,60.88,60.924,60.878,60.924,63000000,1
1299744180000,1299744239000,60.922,60.922,60.868,60.879,150000000,1
1299744240000,1299744299000,60.878,60.888,60.868,60.887,52000000,1
1299744300000,1299744359000,60.887,60.906,60.886,60.89,84000000,1
1299744360000,1299744419000,60.897,60.916,60.896,60.897,109000000,1
1299744420000,1299744479000,60.897,60.911,60.892,60.906,91000000,1
1299744480000,1299744539000,60.904,60.909,60.892,60.892,52000000,1
1299744540000,1299744599000,60.895,60.897,60.868,60.875,67000000,1
1299744600000,1299744659000,60.877,60.886,60.87,60.877,78000000,1
1299744660000,1299744719000,60.877,60.888,60.876,60.886,115000000,1
1299744720000,1299744779000,60.886,60.888,60.876,60.888,47000000,1
1299744780000,1299744839000,60.892,60.906,60.886,60.906,70000000,1
1299744840000,1299744899000,60.906,60.907,60.888,60.888,89000000,1
1299744900000,1299744959000,60.891,60.893,60.886,60.887,22000000,1
1299744960000,1299745019000,60.887,60.887,60.873,60.886,37000000,1
1299745020000,1299745079000,60.888,60.888,60.858,60.866,75000000,1
1299745080000,1299745139000,60.866,60.867,60.836,60.839,133000000,1
1299745140000,1299745199000,60.837,60.837,60.818,60.82,52000000,1
1299745200000,1299745259000,60.82,60.836,60.817,60.817,56000000,1
1299745260000,1299745319000,60.817,60.818,60.798,60.803,100000000,1
1299745320000,1299745379000,60.802,60.812,60.801,60.809,64000000,1
1299745380000,1299745439000,60.808,60.847,60.803,60.847,131000000,1
1299745440000,1299745499000,60.847,60.847,60.809,60.816,121000000,1
1299745500000,1299745559000,60.818,60.826,60.792,60.826,158000000,1
1299745560000,1299745619000,60.826,60.827,60.798,60.798,113000000,1
1299745620000,1299745679000,60.798,60.806,60.791,60.797,61000000,1
1299745680000,1299745739000,60.797,60.824,60.797,60.816,85000000,1
1299745740000,1299745799000,60.817,60.828,60.816,60.817,103000000,1
1299745800000,1299745859000,60.826,60.827,60.806,60.809,86000000,1
1299745860000,1299745919000,60.813,60.814,60.788,60.797,99000000,1
1299745920000,1299745979000,60.793,60.796,60.777,60.793,135000000,1
1299745980000,1299746039000,60.795,60.826,60.795,60.821,87000000,1
1299746040000,1299746099000,60.827,60.827,60.796,60.822,103000000,1
1299746100000,1299746159000,60.826,60.852,60.817,60.837,134000000,1
1299746160000,1299746219000,60.842,60.846,60.816,60.816,77000000,1
1299746220000,1299746279000,60.817,60.838,60.808,60.838,55000000,1
1299746280000,1299746339000,60.837,60.867,60.837,60.867,131000000,1
1299746340000,1299746399000,60.867,60.886,60.857,60.858,77000000,1
1299746400000,1299746459000,60.863,60.877,60.863,60.877,42000000,1
1299746460000,1299746519000,60.877,60.887,60.874,60.887,38000000,1
1299746520000,1299746579000,60.886,60.894,60.877,60.887,109000000,1
1299746580000,1299746639000,60.887,60.888,60.867,60.877,98000000,1
1299746640000,1299746699000,60.877,60.886,60.877,60.886,57000000,1
1299746700000,1299746759000,60.886,60.895,60.886,60.886,54000000,1
1299746760000,1299746819000,60.886,60.897,60.886,60.887,103000000,1
1299746820000,1299746879000,60.887,60.899,60.887,60.897,25000000,1
1299746880000,1299746939000,60.903,60.907,60.897,60.897,43000000,1
1299746940000,1299746999000,60.898,60.907,60.898,60.907,8000000,1
1299747000000,1299747059000,60.908,60.927,60.908,60.926,43000000,1
1299747060000,1299747119000,60.928,60.928,60.918,60.918,50000000,1
1299747120000,1299747179000,60.92,60.924,60.891,60.905,76000000,1
1299747180000,1299747239000,60.908,60.937,60.907,60.927,83000000,1
1299747240000,1299747299000,60.936,60.956,60.929,60.956,71000000,1
1299747300000,1299747359000,60.956,60.956,60.906,60.917,125000000,1
1299747360000,1299747419000,60.917,60.947,60.906,60.929,85000000,1
1299747420000,1299747479000,60.934,60.948,60.926,60.937,70000000,1
1299747480000,1299747539000,60.936,60.937,60.927,60.936,78000000,1
1299747540000,1299747599000,60.937,60.937,60.926,60.927,30000000,1
1299747600000,1299747659000,60.926,60.948,60.926,60.929,134000000,1
1299747660000,1299747719000,60.929,60.971,60.929,60.966,107000000,1
1299747720000,1299747779000,60.966,60.966,60.953,60.965,45000000,1
1299747780000,1299747839000,60.965,60.984,60.965,60.977,54000000,1
1299747840000,1299747899000,60.976,60.981,60.976,60.979,51000000,1
1299747900000,1299747959000,60.983,60.986,60.95,60.957,124000000,1
1299747960000,1299748019000,60.957,60.957,60.937,60.947,40000000,1
1299748020000,1299748079000,60.944,60.947,60.934,60.947,92000000,1
1299748080000,1299748139000,60.947,60.947,60.93,60.941,50000000,1
1299748140000,1299748199000,60.938,60.941,60.936,60.938,29000000,1
1299748200000,1299748259000,60.939,60.947,60.936,60.939,50000000,1
1299748260000,1299748319000,60.94,60.951,60.938,60.951,25000000,1
1299748320000,1299748379000,60.948,60.958,60.938,60.957,84000000,1
1299748380000,1299748439000,60.957,60.957,60.932,60.941,61000000,1
1299748440000,1299748499000,60.941,60.945,60.928,60.941,40000000,1
1299748500000,1299748559000,60.942,60.947,60.937,60.937,27000000,1
1299748560000,1299748619000,60.936,60.944,60.936,60.944,43000000,1
1299748620000,1299748679000,60.944,60.945,60.92,60.925,59000000,1
1299748680000,1299748739000,60.927,60.927,60.907,60.918,90000000,1
1299748740000,1299748799000,60.919,60.928,60.918,60.923,36000000,1
1299748800000,1299748859000,60.917,60.918,60.911,60.916,29000000,1
1299748860000,1299748919000,60.917,60.92,60.91,60.91,14000000,1
1299748920000,1299748979000,60.912,60.926,60.908,60.922,40000000,1
1299748980000,1299749039000,60.922,60.927,60.921,60.921,21000000,1
1299749040000,1299749099000,60.926,60.947,60.926,60.947,47000000,1
1299749100000,1299749159000,60.947,60.947,60.926,60.946,71000000,1
1299749160000,1299749219000,60.946,60.952,60.928,60.945,139000000,1
1299749220000,1299749279000,60.949,60.949,60.927,60.927,44000000,1
1299749280000,1299749339000,60.927,60.927,60.916,60.927,36000000,1
1299749340000,1299749399000,60.917,60.927,60.897,60.917,110000000,1
1299749400000,1299749459000,60.917,60.939,60.907,60.931,152000000,1
1299749460000,1299749519000,60.932,60.939,60.927,60.927,22000000,1
1299749520000,1299749579000,60.93,60.947,60.93,60.932,32000000,1
1299749580000,1299749639000,60.927,60.947,60.926,60.937,68000000,1
1299749640000,1299749699000,60.937,60.967,60.937,60.956,73000000,1
1299749700000,1299749759000,60.956,60.98,60.956,60.968,95000000,1
1299749760000,1299749819000,60.968,60.982,60.968,60.978,124000000,1
1299749820000,1299749879000,60.977,60.979,60.971,60.975,121000000,1
1299749880000,1299749939000,60.973,60.976,60.973,60.976,20000000,1
1299749940000,1299749999000,60.977,60.982,60.976,60.977,119000000,1
1299750000000,1299750059000,60.988,61.0,60.98,60.988,202000000,1
1299750060000,1299750119000,60.988,60.991,60.978,60.983,66000000,1
1299750120000,1299750179000,60.984,60.996,60.984,60.988,62000000,1
1299750180000,1299750239000,60.984,60.985,60.968,60.972,42000000,1
1299750240000,1299750299000,60.973,60.979,60.971,60.979,26000000,1
1299750300000,1299750359000,60.979,60.985,60.978,60.982,25000000,1
1299750360000,1299750419000,60.983,60.998,60.976,60.987,56000000,1
1299750420000,1299750479000,60.984,60.997,60.984,60.993,67000000,1
1299750480000,1299750539000,60.996,61.021,60.992,61.021,71000000,1
1299750540000,1299750599000,61.022,61.023,61.009,61.011,45000000,1
1299750600000,1299750659000,61.01,61.01,60.988,61.001,91000000,1
1299750660000,1299750719000,61.003,61.007,61.0,61.007,44000000,1
1299750720000,1299750779000,61.007,61.007,61.0,61.007,43000000,1
1299750780000,1299750839000,61.009,61.009,60.997,61.0,54000000,1
1299750840000,1299750899000,60.999,60.999,60.988,60.989,50000000,1
1299750900000,1299750959000,60.991,60.997,60.986,60.997,43000000,1
1299750960000,1299751019000,60.997,60.997,60.991,60.996,26000000,1
1299751020000,1299751079000,60.997,60.999,60.988,60.997,80000000,1
1299751080000,1299751139000,60.996,60.998,60.986,60.986,62000000,1
1299751140000,1299751199000,60.979,60.979,60.977,60.979,15000000,1
1299751200000,1299751259000,60.976,60.976,60.96,60.966,24000000,1
1299751260000,1299751319000,60.966,60.966,60.948,60.966,44000000,1
1299751320000,1299751379000,60.966,60.967,60.966,60.967,10000000,1
1299751380000,1299751439000,60.967,60.98,60.963,60.98,87000000,1
1299751440000,1299751499000,60.981,60.986,60.977,60.978,21000000,1
1299751500000,1299751559000,60.977,60.981,60.968,60.981,35000000,1
1299751560000,1299751619000,60.984,60.988,60.977,60.988,37000000,1
1299751620000,1299751679000,60.987,61.0,60.979,60.984,51000000,1
1299751680000,1299751739000,60.984,60.987,60.964,60.971,61000000,1
1299751740000,1299751799000,60.971,60.977,60.966,60.977,60000000,1
1299751800000,1299751859000,60.979,60.986,60.967,60.976,72000000,1
1299751860000,1299751919000,60.97,60.971,60.955,60.967,71000000,1
1299751920000,1299751979000,60.967,60.967,60.956,60.966,47000000,1
1299751980000,1299752039000,60.967,60.972,60.957,60.957,37000000,1
1299752040000,1299752099000,60.957,60.958,60.947,60.957,67000000,1
1299752100000,1299752159000,60.956,60.962,60.947,60.958,82000000,1
1299752160000,1299752219000,60.958,60.967,60.958,60.967,5000000,1
1299752220000,1299752279000,60.967,60.968,60.956,60.968,35000000,1
1299752280000,1299752339000,60.968,60.983,60.968,60.976,37000000,1
1299752340000,1299752399000,60.976,60.976,60.958,60.966,40000000,1
1299752400000,1299752459000,60.969,60.97,60.969,60.97,3000000,1
1299752460000,1299752519000,60.971,60.977,60.969,60.97,17000000,1
1299752520000,1299752579000,60.97,60.982,60.968,60.977,50000000,1
1299752580000,1299752639000,60.977,60.987,60.971,60.977,30000000,1
1299752640000,1299752699000,60.978,60.982,60.978,60.982,16000000,1
1299752700000,1299752759000,60.982,60.983,60.978,60.978,6000000,1
1299752760000,1299752819000,60.978,60.985,60.966,60.966,46000000,1
1299752820000,1299752879000,60.97,60.976,60.97,60.971,40000000,1
1299752880000,1299752939000,60.977,60.977,60.967,60.967,16000000,1
1299752940000,1299752999000,60.967,60.973,60.964,60.973,40000000,1
1299753000000,1299753059000,60.973,60.973,60.967,60.968,10000000,1
1299753060000,1299753119000,60.969,60.97,60.968,60.97,8000000,1
1299753120000,1299753179000,60.968,60.978,60.967,60.969,101000000,1
1299753180000,1299753239000,60.97,60.972,60.968,60.968,44000000,1
1299753240000,1299753299000,60.968,60.988,60.968,60.986,105000000,1
1299753300000,1299753359000,60.987,60.987,60.98,60.987,12000000,1
1299753360000,1299753419000,60.987,61.0,60.984,60.996,27000000,1
1299753420000,1299753479000,60.998,60.999,60.996,60.996,52000000,1
1299753480000,1299753539000,60.996,60.997,60.987,60.987,116000000,1
1299753540000,1299753599000,60.988,60.993,60.983,60.99,32000000,1
1299753600000,1299753659000,60.987,60.987,60.956,60.956,41000000,1
1299753660000,1299753719000,60.958,60.958,60.948,60.957,34000000,1
1299753720000,1299753779000,60.957,60.957,60.956,60.956,6000000,1
1299753780000,1299753839000,60.957,60.957,60.948,60.952,82000000,1
1299753840000,1299753899000,60.952,60.957,60.948,60.957,62000000,1
1299753900000,1299753959000,60.956,60.964,60.95,60.955,61000000,1
1299753960000,1299754019000,60.951,60.957,60.941,60.95,37000000,1
1299754020000,1299754079000,60.949,60.951,60.926,60.927,94000000,1
1299754080000,1299754139000,60.926,60.928,60.922,60.927,34000000,1
1299754140000,1299754199000,60.926,60.927,60.926,60.927,42000000,1
1299754200000,1299754259000,60.926,60.937,60.926,60.936,38000000,1
1299754260000,1299754319000,60.936,60.937,60.926,60.926,62000000,1
1299754320000,1299754379000,60.928,60.942,60.907,60.917,136000000,1
1299754380000,1299754439000,60.915,60.927,60.915,60.926,39000000,1
1299754440000,1299754499000,60.927,60.927,60.917,60.917,18000000,1
1299754500000,1299754559000,60.916,60.927,60.906,60.906,107000000,1
1299754560000,1299754619000,60.906,60.916,60.906,60.907,18000000,1
1299754620000,1299754679000,60.907,60.916,60.906,60.906,16000000,1
1299754680000,1299754739000,60.906,60.917,60.906,60.917,42000000,1
1299754740000,1299754799000,60.917,60.918,60.907,60.917,40000000,1
1299754800000,1299754859000,60.917,60.917,60.906,60.908,26000000,1
1299754860000,1299754919000,60.907,60.926,60.906,60.916,81000000,1
1299754920000,1299754979000,60.916,60.927,60.916,60.918,74000000,1
1299754980000,1299755039000,60.917,60.918,60.916,60.917,19000000,1
1299755040000,1299755099000,60.917,60.917,60.906,60.907,63000000,1
1299755100000,1299755159000,60.907,60.907,60.899,60.902,28000000,1
1299755160000,1299755219000,60.907,60.917,60.906,60.906,27000000,1
1299755220000,1299755279000,60.907,60.907,60.891,60.891,22000000,1
1299755280000,1299755339000,60.895,60.907,60.895,60.904,26000000,1
1299755340000,1299755399000,60.907,60.907,60.9,60.906,39000000,1
1299755400000,1299755459000,60.906,60.907,60.897,60.907,51000000,1
1299755460000,1299755519000,60.906,60.907,60.886,60.896,89000000,1
1299755520000,1299755579000,60.896,60.896,60.886,60.887,23000000,1
1299755580000,1299755639000,60.887,60.897,60.877,60.886,39000000,1
1299755640000,1299755699000,60.888,60.897,60.888,60.896,20000000,1
1299755700000,1299755759000,60.897,60.897,60.887,60.897,29000000,1
1299755760000,1299755819000,60.897,60.906,60.896,60.896,25000000,1
1299755820000,1299755879000,60.896,60.907,60.896,60.907,20000000,1
1299755880000,1299755939000,60.907,60.907,60.887,60.897,33000000,1
1299755940000,1299755999000,60.897,60.906,60.887,60.897,51000000,1
1299756000000,1299756059000,60.896,60.896,60.896,60.896,5000000,1
1299756060000,1299756119000,60.896,60.897,60.887,60.887,29000000,1
1299756120000,1299756179000,60.887,60.896,60.886,60.896,52000000,1
1299756180000,1299756239000,60.896,60.897,60.888,60.896,86000000,1
1299756240000,1299756299000,60.897,60.907,60.896,60.9,49000000,1
1299756300000,1299756359000,60.9,60.901,60.897,60.897,26000000,1
1299756360000,1299756419000,60.899,60.901,60.891,60.897,26000000,1
1299756420000,1299756479000,60.892,60.892,60.88,60.88,24000000,1
1299756480000,1299756539000,60.878,60.888,60.878,60.883,21000000,1
1299756540000,1299756599000,60.886,60.887,60.873,60.886,59000000,1
1299756600000,1299756659000,60.886,60.889,60.88,60.887,56000000,1
1299756660000,1299756719000,60.886,60.887,60.876,60.877,21000000,1
1299756720000,1299756779000,60.878,60.888,60.87,60.887,46000000,1
1299756780000,1299756839000,60.887,60.887,60.886,60.886,35000000,1
1299756840000,1299756899000,60.887,60.897,60.882,60.897,32000000,1
1299756900000,1299756959000,60.887,60.887,60.887,60.887,11000000,1
1299756960000,1299757019000,60.887,60.887,60.886,60.886,50000000,1
1299757020000,1299757079000,60.886,60.887,60.886,60.887,34000000,1
1299757080000,1299757139000,60.887,60.888,60.877,60.887,42000000,1
1299757140000,1299757199000,60.886,60.887,60.876,60.881,31000000,1
1299757200000,1299757259000,60.876,60.888,60.876,60.887,42000000,1
1299757260000,1299757319000,60.887,60.896,60.867,60.87,58000000,1
1299757320000,1299757379000,60.87,60.874,60.852,60.867,136000000,1
1299757380000,1299757439000,60.87,60.878,60.866,60.877,67000000,1
1299757440000,1299757499000,60.877,60.881,60.875,60.877,34000000,1
1299757500000,1299757559000,60.871,60.885,60.86,60.866,51000000,1
1299757560000,1299757619000,60.866,60.871,60.857,60.867,29000000,1
1299757620000,1299757679000,60.867,60.877,60.867,60.877,20000000,1
1299757680000,1299757739000,60.876,60.907,60.874,60.906,56000000,1
1299757740000,1299757799000,60.907,60.917,60.907,60.908,46000000,1
1299757800000,1299757859000,60.908,60.946,60.907,60.946,96000000,1
1299757860000,1299757919000,60.947,60.954,60.946,60.951,86000000,1
1299757920000,1299757979000,60.949,60.949,60.93,60.939,59000000,1
1299757980000,1299758039000,60.939,60.939,60.921,60.932,102000000,1
1299758040000,1299758099000,60.93,60.932,60.916,60.919,73000000,1
1299758100000,1299758159000,60.917,60.92,60.907,60.914,67000000,1
1299758160000,1299758219000,60.91,60.915,60.881,60.881,132000000,1
1299758220000,1299758279000,60.883,60.887,60.877,60.878,122000000,1
1299758280000,1299758339000,60.88,60.896,60.866,60.887,114000000,1
1299758340000,1299758399000,60.897,60.897,60.886,60.886,59000000,1
1299758400000,1299758459000,60.886,60.906,60.886,60.898,61000000,1
1299758460000,1299758519000,60.906,60.908,60.886,60.897,102000000,1
1299758520000,1299758579000,60.897,60.917,60.895,60.906,71000000,1
1299758580000,1299758639000,60.906,60.919,60.906,60.907,72000000,1
1299758640000,1299758699000,60.907,60.907,60.897,60.897,35000000,1
1299758700000,1299758759000,60.897,60.907,60.897,60.907,9000000,1
1299758760000,1299758819000,60.907,60.936,60.907,60.926,51000000,1
1299758820000,1299758879000,60.926,60.927,60.923,60.926,32000000,1
1299758880000,1299758939000,60.926,60.939,60.907,60.939,86000000,1
1299758940000,1299758999000,60.939,60.939,60.935,60.936,18000000,1
1299759000000,1299759059000,60.936,60.947,60.928,60.947,81000000,1
1299759060000,1299759119000,60.947,60.972,60.945,60.956,66000000,1
1299759120000,1299759179000,60.956,60.971,60.947,60.969,60000000,1
1299759180000,1299759239000,60.97,60.98,60.966,60.98,47000000,1
1299759240000,1299759299000,60.981,60.981,60.966,60.976,58000000,1
1299759300000,1299759359000,60.976,60.976,60.959,60.967,41000000,1
1299759360000,1299759419000,60.966,60.966,60.956,60.958,45000000,1
1299759420000,1299759479000,60.957,60.967,60.957,60.957,27000000,1
1299759480000,1299759539000,60.958,60.967,60.957,60.959,47000000,1
1299759540000,1299759599000,60.962,60.981,60.957,60.976,90000000,1
1299759600000,1299759659000,60.971,61.015,60.969,61.009,87000000,1
1299759660000,1299759719000,61.008,61.018,61.006,61.011,73000000,1
1299759720000,1299759779000,61.011,61.011,60.989,60.989,179000000,1
1299759780000,1299759839000,60.99,60.997,60.986,60.997,43000000,1
1299759840000,1299759899000,61.0,61.007,60.996,61.007,81000000,1
1299759900000,1299759959000,61.006,61.016,60.996,61.006,62000000,1
1299759960000,1299760019000,61.001,61.016,60.998,61.008,63000000,1
1299760020000,1299760079000,61.009,61.017,61.006,61.008,89000000,1
1299760080000,1299760139000,61.006,61.009,61.002,61.007,154000000,1
1299760140000,1299760199000,61.007,61.007,60.997,60.997,29000000,1
1299760200000,1299760259000,60.996,60.999,60.987,60.998,53000000,1
1299760260000,1299760319000,60.997,60.999,60.996,60.999,33000000,1
1299760320000,1299760379000,60.997,61.017,60.997,61.008,49000000,1
1299760380000,1299760439000,61.008,61.008,60.946,60.946,81000000,1
1299760440000,1299760499000,60.944,60.956,60.944,60.948,84000000,1
1299760500000,1299760559000,60.948,60.948,60.917,60.917,104000000,1
1299760560000,1299760619000,60.917,60.927,60.907,60.91,117000000,1
1299760620000,1299760679000,60.912,60.947,60.912,60.946,63000000,1
1299760680000,1299760739000,60.947,60.958,60.926,60.926,99000000,1
1299760740000,1299760799000,60.926,60.947,60.926,60.94,44000000,1
1299760800000,1299760859000,60.945,60.958,60.945,60.956,34000000,1
1299760860000,1299760919000,60.957,60.967,60.957,60.967,62000000,1
1299760920000,1299760979000,60.977,60.977,60.957,60.967,74000000,1
1299760980000,1299761039000,60.967,60.967,60.958,60.967,14000000,1
1299761040000,1299761099000,60.967,60.979,60.967,60.976,83000000,1
1299761100000,1299761159000,60.976,61.017,60.976,60.996,99000000,1
1299761160000,1299761219000,60.998,61.027,60.997,61.017,194000000,1
1299761220000,1299761279000,61.017,61.018,60.998,61.007,47000000,1
1299761280000,1299761339000,61.007,61.008,60.977,60.998,96000000,1
1299761340000,1299761399000,60.999,61.002,60.978,60.987,59000000,1
1299761400000,1299761459000,60.987,60.999,60.981,60.987,65000000,1
1299761460000,1299761519000,60.988,60.998,60.977,60.981,125000000,1
1299761520000,1299761579000,60.978,60.979,60.966,60.968,90000000,1
1299761580000,1299761639000,60.968,60.987,60.948,60.987,160000000,1
1299761640000,1299761699000,60.997,60.997,60.984,60.996,43000000,1
1299761700000,1299761759000,60.998,61.007,60.99,60.996,68000000,1
1299761760000,1299761819000,60.996,60.997,60.987,60.997,60000000,1
1299761820000,1299761879000,60.997,61.008,60.996,61.007,25000000,1
1299761880000,1299761939000,61.007,61.018,60.996,60.997,191000000,1
1299761940000,1299761999000,60.99,61.027,60.986,61.017,193000000,1
1299762000000,1299762059000,61.016,61.027,61.008,61.018,67000000,1
1299762060000,1299762119000,61.022,61.033,61.008,61.027,122000000,1
1299762120000,1299762179000,61.035,61.043,61.007,61.037,112000000,1
1299762180000,1299762239000,61.037,61.037,61.008,61.018,86000000,1
1299762240000,1299762299000,61.02,61.026,61.009,61.024,52000000,1
1299762300000,1299762359000,61.023,61.023,61.007,61.013,58000000,1
1299762360000,1299762419000,61.013,61.058,61.013,61.052,111000000,1
1299762420000,1299762479000,61.057,61.064,61.051,61.057,47000000,1
1299762480000,1299762539000,61.053,61.066,61.044,61.066,37000000,1
1299762540000,1299762599000,61.066,61.1,61.066,61.092,185000000,1
1299762600000,1299762659000,61.096,61.096,61.073,61.085,123000000,1
1299762660000,1299762719000,61.086,61.091,61.077,61.087,134000000,1
1299762720000,1299762779000,61.087,61.09,61.07,61.088,143000000,1
1299762780000,1299762839000,61.086,61.086,61.049,61.05,106000000,1
1299762840000,1299762899000,61.049,61.061,61.047,61.049,135000000,1
1299762900000,1299762959000,61.054,61.069,61.054,61.061,53000000,1
1299762960000,1299763019000,61.061,61.078,61.061,61.067,57000000,1
1299763020000,1299763079000,61.068,61.077,61.066,61.068,86000000,1
1299763080000,1299763139000,61.068,61.072,61.051,61.055,64000000,1
1299763140000,1299763199000,61.056,61.067,61.056,61.067,70000000,1
1299763200000,1299763259000,61.067,61.078,61.056,61.062,188000000,1
1299763260000,1299763319000,61.066,61.068,61.04,61.059,125000000,1
1299763320000,1299763379000,61.062,61.076,61.062,61.068,47000000,1
1299763380000,1299763439000,61.07,61.08,61.07,61.075,129000000,1
1299763440000,1299763499000,61.075,61.078,61.058,61.066,101000000,1
1299763500000,1299763559000,61.067,61.077,61.067,61.067,118000000,1
1299763560000,1299763619000,61.067,61.09,61.067,61.089,57000000,1
1299763620000,1299763679000,61.088,61.092,61.088,61.09,35000000,1
1299763680000,1299763739000,61.091,61.091,61.072,61.078,101000000,1
1299763740000,1299763799000,61.078,61.078,61.043,61.043,166000000,1
1299763800000,1299763859000,61.047,61.047,60.99,61.007,378000000,1
1299763860000,1299763919000,61.007,61.03,60.996,61.018,221000000,1
1299763920000,1299763979000,61.02,61.028,60.999,61.016,237000000,1
1299763980000,1299764039000,61.016,61.037,61.006,61.024,126000000,1
1299764040000,1299764099000,61.026,61.037,61.006,61.008,200000000,1
1299764100000,1299764159000,61.01,61.037,61.007,61.037,223000000,1
1299764160000,1299764219000,61.039,61.058,61.006,61.017,161000000,1
1299764220000,1299764279000,61.017,61.036,60.997,61.002,234000000,1
1299764280000,1299764339000,61.003,61.006,60.986,61.006,150000000,1
1299764340000,1299764399000,61.006,61.027,60.986,60.987,177000000,1
1299764400000,1299764459000,60.987,60.997,60.987,60.997,104000000,1
1299764460000,1299764519000,60.996,61.008,60.987,61.005,162000000,1
1299764520000,1299764579000,61.007,61.01,60.987,61.0,121000000,1
1299764580000,1299764639000,61.002,61.032,61.002,61.02,130000000,1
1299764640000,1299764699000,61.019,61.027,61.008,61.017,132000000,1
1299764700000,1299764759000,61.019,61.019,60.982,61.003,194000000,1
1299764760000,1299764819000,61.001,61.007,60.996,61.002,108000000,1
1299764820000,1299764879000,60.999,61.007,60.997,61.001,88000000,1
1299764880000,1299764939000,61.001,61.001,60.992,60.994,55000000,1
1299764940000,1299764999000,60.994,61.0,60.984,60.991,118000000,1
1299765000000,1299765059000,60.992,61.008,60.991,60.999,121000000,1
1299765060000,1299765119000,60.998,60.998,60.988,60.994,144000000,1
1299765120000,1299765179000,60.992,61.018,60.992,61.016,108000000,1
1299765180000,1299765239000,61.016,61.026,61.007,61.016,111000000,1
1299765240000,1299765299000,61.017,61.025,61.016,61.018,54000000,1
1299765300000,1299765359000,61.018,61.019,60.99,60.997,119000000,1
1299765360000,1299765419000,60.991,61.007,60.99,61.003,119000000,1
1299765420000,1299765479000,61.007,61.021,61.005,61.021,75000000,1
1299765480000,1299765539000,61.022,61.028,61.013,61.025,96000000,1
1299765540000,1299765599000,61.028,61.032,61.013,61.03,124000000,1
1299765600000,1299765659000,61.032,61.032,61.007,61.011,187000000,1
1299765660000,1299765719000,61.011,61.028,61.003,61.018,169000000,1
1299765720000,1299765779000,61.018,61.028,60.997,60.999,131000000,1
1299765780000,1299765839000,60.999,61.014,60.999,61.013,102000000,1
1299765840000,1299765899000,61.014,61.039,61.014,61.038,88000000,1
1299765900000,1299765959000,61.041,61.047,61.021,61.021,101000000,1
1299765960000,1299766019000,61.022,61.023,60.997,61.01,147000000,1
1299766020000,1299766079000,61.009,61.018,60.988,60.997,128000000,1
1299766080000,1299766139000,60.997,60.997,60.967,60.981,87000000,1
1299766140000,1299766199000,60.981,60.998,60.977,60.987,127000000,1
1299766200000,1299766259000,60.987,60.991,60.976,60.987,176000000,1
1299766260000,1299766319000,60.989,60.993,60.98,60.981,51000000,1
1299766320000,1299766379000,60.983,60.987,60.976,60.976,66000000,1
1299766380000,1299766439000,60.977,60.989,60.973,60.98,134000000,1
1299766440000,1299766499000,60.979,60.997,60.968,60.986,114000000,1
1299766500000,1299766559000,60.986,60.996,60.986,60.99,189000000,1
1299766560000,1299766619000,60.992,60.998,60.99,60.996,62000000,1
1299766620000,1299766679000,60.998,61.008,60.992,61.003,87000000,1
1299766680000,1299766739000,61.007,61.01,60.978,60.978,118000000,1
1299766740000,1299766799000,60.978,60.988,60.974,60.98,84000000,1
1299766800000,1299766859000,60.987,61.006,60.987,60.994,133000000,1
1299766860000,1299766919000,60.997,61.024,60.987,60.997,180000000,1
1299766920000,1299766979000,61.0,61.008,60.981,60.997,119000000,1
1299766980000,1299767039000,60.997,61.018,60.997,61.018,114000000,1
1299767040000,1299767099000,61.016,61.033,61.007,61.026,131000000,1
1299767100000,1299767159000,61.026,61.027,60.992,61.002,168000000,1
1299767160000,1299767219000,61.007,61.012,60.997,61.002,67000000,1
1299767220000,1299767279000,61.001,61.008,60.981,60.994,91000000,1
1299767280000,1299767339000,60.992,61.014,60.988,61.01,112000000,1
1299767340000,1299767399000,61.012,61.021,60.995,60.997,114000000,1
1299767400000,1299767459000,60.997,61.002,60.976,60.978,130000000,1
1299767460000,1299767519000,60.977,60.978,60.942,60.942,149000000,1
1299767520000,1299767579000,60.946,60.946,60.909,60.932,168000000,1
1299767580000,1299767639000,60.931,60.954,60.929,60.94,180000000,1
1299767640000,1299767699000,60.939,60.958,60.919,60.95,193000000,1
1299767700000,1299767759000,60.951,60.955,60.912,60.918,194000000,1
1299767760000,1299767819000,60.919,60.922,60.875,60.884,206000000,1
1299767820000,1299767879000,60.886,60.898,60.876,60.887,184000000,1
1299767880000,1299767939000,60.887,60.907,60.882,60.906,128000000,1
1299767940000,1299767999000,60.908,60.921,60.898,60.916,143000000,1
1299768000000,1299768059000,60.916,60.918,60.893,60.916,214000000,1
1299768060000,1299768119000,60.916,60.919,60.891,60.893,155000000,1
1299768120000,1299768179000,60.894,60.912,60.887,60.9,206000000,1
1299768180000,1299768239000,60.9,60.906,60.889,60.891,176000000,1
1299768240000,1299768299000,60.892,60.899,60.88,60.896,121000000,1
1299768300000,1299768359000,60.896,60.897,60.878,60.879,147000000,1
1299768360000,1299768419000,60.887,60.897,60.886,60.897,106000000,1
1299768420000,1299768479000,60.896,60.923,60.889,60.923,139000000,1
1299768480000,1299768539000,60.925,60.982,60.923,60.973,199000000,1
1299768540000,1299768599000,60.971,60.971,60.946,60.947,157000000,1
1299768600000,1299768659000,60.947,60.95,60.938,60.939,179000000,1
1299768660000,1299768719000,60.939,60.995,60.936,60.947,193000000,1
1299768720000,1299768779000,60.948,60.967,60.933,60.956,127000000,1
1299768780000,1299768839000,60.956,60.957,60.92,60.92,153000000,1
1299768840000,1299768899000,60.921,60.939,60.917,60.926,117000000,1
1299768900000,1299768959000,60.926,60.929,60.916,60.927,191000000,1
1299768960000,1299769019000,60.927,60.927,60.909,60.916,111000000,1
1299769020000,1299769079000,60.916,60.926,60.916,60.919,127000000,1
1299769080000,1299769139000,60.919,60.929,60.917,60.926,82000000,1
1299769140000,1299769199000,60.926,60.928,60.913,60.923,156000000,1
1299769200000,1299769259000,60.909,60.919,60.896,60.917,171000000,1
1299769260000,1299769319000,60.92,60.922,60.894,60.896,137000000,1
1299769320000,1299769379000,60.897,60.903,60.893,60.895,133000000,1
1299769380000,1299769439000,60.894,60.908,60.893,60.904,77000000,1
1299769440000,1299769499000,60.903,60.909,60.896,60.906,128000000,1
1299769500000,1299769559000,60.901,60.909,60.894,60.894,75000000,1
1299769560000,1299769619000,60.895,60.9,60.893,60.897,94000000,1
1299769620000,1299769679000,60.897,60.897,60.879,60.882,142000000,1
1299769680000,1299769739000,60.878,60.887,60.867,60.869,182000000,1
1299769740000,1299769799000,60.87,60.884,60.864,60.864,207000000,1
1299769800000,1299769859000,60.864,60.867,60.847,60.847,119000000,1
1299769860000,1299769919000,60.847,60.882,60.845,60.88,118000000,1
1299769920000,1299769979000,60.881,60.886,60.87,60.872,108000000,1
1299769980000,1299770039000,60.869,60.878,60.868,60.874,98000000,1
1299770040000,1299770099000,60.875,60.89,60.869,60.89,129000000,1
1299770100000,1299770159000,60.888,60.896,60.874,60.883,141000000,1
1299770160000,1299770219000,60.887,60.891,60.86,60.862,139000000,1
1299770220000,1299770279000,60.863,60.879,60.855,60.869,114000000,1
1299770280000,1299770339000,60.868,60.898,60.867,60.891,155000000,1
1299770340000,1299770399000,60.89,60.908,60.89,60.905,63000000,1
1299770400000,1299770459000,60.906,60.915,60.87,60.88,195000000,1
1299770460000,1299770519000,60.882,60.9,60.877,60.9,168000000,1
1299770520000,1299770579000,60.904,60.918,60.894,60.907,236000000,1
1299770580000,1299770639000,60.907,60.931,60.887,60.887,159000000,1
1299770640000,1299770699000,60.887,60.907,60.887,60.9,126000000,1
1299770700000,1299770759000,60.9,60.927,60.899,60.927,144000000,1
1299770760000,1299770819000,60.927,60.928,60.911,60.928,123000000,1
1299770820000,1299770879000,60.927,60.934,60.898,60.898,132000000,1
1299770880000,1299770939000,60.898,60.9,60.87,60.877,109000000,1
1299770940000,1299770999000,60.876,60.88,60.855,60.875,150000000,1
1299771000000,1299771059000,60.877,60.878,60.844,60.853,173000000,1
1299771060000,1299771119000,60.853,60.857,60.834,60.857,201000000,1
1299771120000,1299771179000,60.857,60.857,60.834,60.856,145000000,1
1299771180000,1299771239000,60.856,60.866,60.844,60.858,154000000,1
1299771240000,1299771299000,60.858,60.877,60.856,60.86,176000000,1
1299771300000,1299771359000,60.859,60.873,60.854,60.86,116000000,1
1299771360000,1299771419000,60.861,60.867,60.834,60.836,117000000,1
1299771420000,1299771479000,60.834,60.841,60.822,60.822,178000000,1
1299771480000,1299771539000,60.819,60.847,60.816,60.837,140000000,1
1299771540000,1299771599000,60.837,60.843,60.813,60.814,137000000,1
1299771600000,1299771659000,60.814,60.826,60.777,60.786,201000000,1
1299771660000,1299771719000,60.786,60.817,60.786,60.817,118000000,1
1299771720000,1299771779000,60.817,60.826,60.807,60.817,104000000,1
1299771780000,1299771839000,60.819,60.828,60.779,60.799,190000000,1
1299771840000,1299771899000,60.799,60.829,60.797,60.816,131000000,1
1299771900000,1299771959000,60.807,60.82,60.796,60.82,173000000,1
1299771960000,1299772019000,60.818,60.847,60.809,60.826,120000000,1
1299772020000,1299772079000,60.826,60.837,60.801,60.822,177000000,1
1299772080000,1299772139000,60.822,60.84,60.797,60.839,247000000,1
1299772140000,1299772199000,60.838,60.838,60.808,60.82,180000000,1
1299772200000,1299772259000,60.821,60.841,60.817,60.827,198000000,1
1299772260000,1299772319000,60.827,60.861,60.824,60.861,156000000,1
1299772320000,1299772379000,60.861,60.88,60.846,60.867,170000000,1
1299772380000,1299772439000,60.867,60.882,60.864,60.869,203000000,1
1299772440000,1299772499000,60.87,60.876,60.856,60.859,109000000,1
1299772500000,1299772559000,60.86,60.912,60.86,60.899,173000000,1
1299772560000,1299772619000,60.899,60.933,60.899,60.925,250000000,1
1299772620000,1299772679000,60.925,60.943,60.916,60.921,169000000,1
1299772680000,1299772739000,60.921,60.937,60.903,60.925,183000000,1
1299772740000,1299772799000,60.924,60.937,60.91,60.922,328000000,1
1299772800000,1299772859000,60.92,60.937,60.881,60.897,216000000,1
1299772860000,1299772919000,60.896,60.901,60.876,60.881,134000000,1
1299772920000,1299772979000,60.877,60.898,60.858,60.896,207000000,1
1299772980000,1299773039000,60.894,60.906,60.888,60.888,111000000,1
1299773040000,1299773099000,60.89,60.89,60.869,60.874,113000000,1
1299773100000,1299773159000,60.872,60.879,60.854,60.857,202000000,1
1299773160000,1299773219000,60.856,60.859,60.846,60.856,130000000,1
1299773220000,1299773279000,60.856,60.877,60.856,60.877,153000000,1
1299773280000,1299773339000,60.877,60.889,60.877,60.879,101000000,1
1299773340000,1299773399000,60.877,60.895,60.868,60.889,150000000,1
1299773400000,1299773459000,60.891,60.891,60.866,60.877,107000000,1
1299773460000,1299773519000,60.877,60.891,60.859,60.867,199000000,1
1299773520000,1299773579000,60.867,60.867,60.846,60.859,208000000,1
1299773580000,1299773639000,60.86,60.866,60.833,60.837,102000000,1
1299773640000,1299773699000,60.837,60.867,60.837,60.861,83000000,1
1299773700000,1299773759000,60.861,60.89,60.86,60.887,111000000,1
1299773760000,1299773819000,60.887,60.907,60.886,60.897,107000000,1
1299773820000,1299773879000,60.898,60.937,60.898,60.936,139000000,1
1299773880000,1299773939000,60.936,60.937,60.894,60.9,187000000,1
1299773940000,1299773999000,60.9,60.913,60.899,60.908,136000000,1
1299774000000,1299774059000,60.909,60.912,60.892,60.905,138000000,1
1299774060000,1299774119000,60.904,60.907,60.901,60.907,89000000,1
1299774120000,1299774179000,60.907,60.907,60.887,60.906,82000000,1
1299774180000,1299774239000,60.9,60.915,60.897,60.914,130000000,1
1299774240000,1299774299000,60.915,60.935,60.913,60.935,103000000,1
1299774300000,1299774359000,60.934,60.951,60.932,60.941,108000000,1
1299774360000,1299774419000,60.942,60.961,60.94,60.947,158000000,1
1299774420000,1299774479000,60.946,60.947,60.927,60.932,61000000,1
1299774480000,1299774539000,60.932,60.939,60.929,60.932,99000000,1
1299774540000,1299774599000,60.933,60.933,60.904,60.907,125000000,1
1299774600000,1299774659000,60.907,60.923,60.895,60.919,160000000,1
1299774660000,1299774719000,60.92,60.923,60.907,60.907,115000000,1
1299774720000,1299774779000,60.908,60.927,60.906,60.922,77000000,1
1299774780000,1299774839000,60.927,60.936,60.92,60.933,100000000,1
1299774840000,1299774899000,60.932,60.932,60.926,60.926,56000000,1
1299774900000,1299774959000,60.926,60.947,60.92,60.941,89000000,1
1299774960000,1299775019000,60.94,60.943,60.927,60.929,107000000,1
1299775020000,1299775079000,60.928,60.939,60.926,60.937,119000000,1
1299775080000,1299775139000,60.938,60.953,60.937,60.952,69000000,1
1299775140000,1299775199000,60.953,60.961,60.948,60.956,103000000,1
1299775200000,1299775259000,60.957,61.016,60.957,60.997,133000000,1
1299775260000,1299775319000,60.997,61.01,60.991,61.006,105000000,1
1299775320000,1299775379000,61.006,61.007,61.003,61.007,57000000,1
1299775380000,1299775439000,61.006,61.014,61.006,61.011,69000000,1
1299775440000,1299775499000,61.012,61.015,60.993,60.994,102000000,1
1299775500000,1299775559000,60.995,60.999,60.989,60.999,76000000,1
1299775560000,1299775619000,60.997,61.017,60.997,61.01,118000000,1
1299775620000,1299775679000,61.012,61.042,61.01,61.042,56000000,1
1299775680000,1299775739000,61.041,61.042,61.018,61.018,103000000,1
1299775740000,1299775799000,61.018,61.019,61.006,61.007,117000000,1
1299775800000,1299775859000,61.007,61.026,61.006,61.016,152000000,1
1299775860000,1299775919000,61.016,61.027,61.005,61.027,129000000,1
1299775920000,1299775979000,61.027,61.041,61.025,61.038,91000000,1
1299775980000,1299776039000,61.037,61.038,61.016,61.02,127000000,1
1299776040000,1299776099000,61.02,61.047,61.02,61.047,146000000,1
1299776100000,1299776159000,61.048,61.076,61.046,61.073,89000000,1
1299776160000,1299776219000,61.071,61.072,61.037,61.038,115000000,1
1299776220000,1299776279000,61.04,61.042,61.026,61.026,87000000,1
1299776280000,1299776339000,61.027,61.041,61.027,61.039,109000000,1
1299776340000,1299776399000,61.038,61.05,61.036,61.037,87000000,1
1299776400000,1299776459000,61.037,61.037,60.997,61.006,122000000,1
1299776460000,1299776519000,61.006,61.027,61.005,61.026,194000000,1
1299776520000,1299776579000,61.026,61.037,61.017,61.026,173000000,1
1299776580000,1299776639000,61.026,61.037,61.013,61.017,74000000,1
1299776640000,1299776699000,61.02,61.02,61.006,61.008,45000000,1
1299776700000,1299776759000,61.011,61.014,60.987,60.987,72000000,1
1299776760000,1299776819000,60.988,60.997,60.986,60.986,86000000,1
1299776820000,1299776879000,60.986,60.987,60.964,60.968,96000000,1
1299776880000,1299776939000,60.968,60.968,60.956,60.958,48000000,1
1299776940000,1299776999000,60.958,60.961,60.958,60.96,45000000,1
1299777000000,1299777059000,60.959,60.999,60.958,60.979,115000000,1
1299777060000,1299777119000,60.979,60.982,60.971,60.972,90000000,1
1299777120000,1299777179000,60.972,60.993,60.967,60.981,108000000,1
1299777180000,1299777239000,60.98,60.988,60.971,60.977,84000000,1
1299777240000,1299777299000,60.977,60.991,60.967,60.988,92000000,1
1299777300000,1299777359000,60.988,60.998,60.987,60.992,61000000,1
1299777360000,1299777419000,60.991,60.993,60.978,60.988,142000000,1
1299777420000,1299777479000,60.988,60.988,60.967,60.967,73000000,1
1299777480000,1299777539000,60.964,60.967,60.958,60.958,56000000,1
1299777540000,1299777599000,60.958,60.958,60.936,60.947,138000000,1
1299777600000,1299777659000,60.95,60.968,60.94,60.968,109000000,1
1299777660000,1299777719000,60.968,60.969,60.956,60.962,92000000,1
1299777720000,1299777779000,60.96,60.987,60.958,60.977,156000000,1
1299777780000,1299777839000,60.978,60.998,60.978,60.998,127000000,1
1299777840000,1299777899000,60.998,61.003,60.996,61.001,93000000,1
1299777900000,1299777959000,61.001,61.007,60.998,61.007,38000000,1
1299777960000,1299778019000,61.006,61.008,60.977,60.996,121000000,1
1299778020000,1299778079000,60.996,60.996,60.967,60.976,112000000,1
1299778080000,1299778139000,60.976,60.977,60.971,60.976,47000000,1
1299778140000,1299778199000,60.976,60.992,60.973,60.988,68000000,1
1299778200000,1299778259000,60.988,61.027,60.988,61.007,112000000,1
1299778260000,1299778319000,61.007,61.008,60.997,61.007,79000000,1
1299778320000,1299778379000,61.006,61.006,60.981,60.987,68000000,1
1299778380000,1299778439000,60.987,60.988,60.978,60.988,82000000,1
1299778440000,1299778499000,60.988,61.002,60.988,60.996,37000000,1
1299778500000,1299778559000,60.997,61.028,60.997,61.016,78000000,1
1299778560000,1299778619000,61.016,61.019,60.997,61.011,108000000,1
1299778620000,1299778679000,61.011,61.016,60.998,60.999,47000000,1
1299778680000,1299778739000,61.001,61.013,61.0,61.007,80000000,1
1299778740000,1299778799000,61.007,61.017,61.006,61.017,40000000,1
1299778800000,1299778859000,61.017,61.02,61.008,61.016,82000000,1
1299778860000,1299778919000,61.016,61.019,61.003,61.011,29000000,1
1299778920000,1299778979000,61.008,61.017,61.007,61.007,52000000,1
1299778980000,1299779039000,61.007,61.017,61.007,61.007,46000000,1
1299779040000,1299779099000,61.007,61.017,61.006,61.007,71000000,1
1299779100000,1299779159000,61.008,61.027,61.008,61.018,75000000,1
1299779160000,1299779219000,61.018,61.028,61.017,61.019,87000000,1
1299779220000,1299779279000,61.018,61.018,61.013,61.013,9000000,1
1299779280000,1299779339000,61.009,61.013,61.007,61.01,70000000,1
1299779340000,1299779399000,61.01,61.018,61.007,61.007,35000000,1
1299779400000,1299779459000,61.007,61.008,61.001,61.007,51000000,1
1299779460000,1299779519000,61.007,61.007,61.007,61.007,28000000,1
1299779520000,1299779579000,61.007,61.026,61.007,61.026,120000000,1
1299779580000,1299779639000,61.026,61.047,61.026,61.038,170000000,1
1299779640000,1299779699000,61.038,61.048,61.038,61.039,81000000,1
1299779700000,1299779759000,61.048,61.051,61.039,61.047,64000000,1
1299779760000,1299779819000,61.049,61.05,61.037,61.037,52000000,1
1299779820000,1299779879000,61.044,61.048,61.041,61.047,35000000,1
1299779880000,1299779939000,61.047,61.047,61.027,61.028,81000000,1
1299779940000,1299779999000,61.028,61.038,61.027,61.037,73000000,1
1299780000000,1299780059000,61.037,61.077,61.037,61.067,130000000,1
1299780060000,1299780119000,61.067,61.068,61.015,61.03,150000000,1
1299780120000,1299780179000,61.032,61.038,61.02,61.022,104000000,1
1299780180000,1299780239000,61.026,61.057,61.026,61.047,168000000,1
1299780240000,1299780299000,61.036,61.047,61.007,61.017,132000000,1
1299780300000,1299780359000,61.017,61.048,61.017,61.037,87000000,1
1299780360000,1299780419000,61.036,61.038,60.998,60.998,143000000,1
1299780420000,1299780479000,60.997,61.031,60.997,61.028,68000000,1
1299780480000,1299780539000,61.028,61.05,61.028,61.048,85000000,1
1299780540000,1299780599000,61.046,61.048,61.029,61.048,64000000,1
1299780600000,1299780659000,61.048,61.05,61.046,61.05,14000000,1
1299780660000,1299780719000,61.048,61.06,61.047,61.058,120000000,1
1299780720000,1299780779000,61.056,61.068,61.056,61.068,28000000,1
1299780780000,1299780839000,61.067,61.067,61.046,61.048,34000000,1
1299780840000,1299780899000,61.048,61.068,61.048,61.057,98000000,1
1299780900000,1299780959000,61.057,61.078,61.057,61.078,54000000,1
1299780960000,1299781019000,61.077,61.078,61.067,61.068,103000000,1
1299781020000,1299781079000,61.068,61.068,61.058,61.06,36000000,1
1299781080000,1299781139000,61.059,61.07,61.047,61.057,157000000,1
1299781140000,1299781199000,61.057,61.067,61.057,61.057,48000000,1
1299781200000,1299781259000,61.057,61.067,61.022,61.047,98000000,1
1299781260000,1299781319000,61.047,61.058,61.039,61.057,120000000,1
1299781320000,1299781379000,61.057,61.066,61.039,61.043,108000000,1
1299781380000,1299781439000,61.041,61.047,61.037,61.037,59000000,1
1299781440000,1299781499000,61.03,61.037,61.009,61.016,67000000,1
1299781500000,1299781559000,61.011,61.013,60.997,60.998,94000000,1
1299781560000,1299781619000,60.997,61.0,60.973,60.987,106000000,1
1299781620000,1299781679000,60.987,60.989,60.93,60.931,157000000,1
1299781680000,1299781739000,60.937,60.988,60.937,60.986,128000000,1
1299781740000,1299781799000,60.986,61.008,60.986,60.988,153000000,1
1299781800000,1299781859000,60.988,60.988,60.966,60.979,166000000,1
1299781860000,1299781919000,60.978,60.998,60.927,60.947,275000000,1
1299781920000,1299781979000,60.947,60.996,60.927,60.96,273000000,1
1299781980000,1299782039000,60.96,60.976,60.937,60.937,133000000,1
1299782040000,1299782099000,60.937,60.938,60.917,60.925,218000000,1
1299782100000,1299782159000,60.923,60.928,60.877,60.879,191000000,1
1299782160000,1299782219000,60.887,60.928,60.877,60.917,213000000,1
1299782220000,1299782279000,60.917,60.927,60.887,60.892,167000000,1
1299782280000,1299782339000,60.894,60.918,60.887,60.887,251000000,1
1299782340000,1299782399000,60.888,60.927,60.876,60.877,252000000,1
1299782400000,1299782459000,60.886,60.898,60.867,60.897,133000000,1
1299782460000,1299782519000,60.887,60.927,60.883,60.906,147000000,1
1299782520000,1299782579000,60.904,60.918,60.874,60.917,206000000,1
1299782580000,1299782639000,60.918,60.926,60.896,60.926,99000000,1
1299782640000,1299782699000,60.926,60.937,60.908,60.908,149000000,1
1299782700000,1299782759000,60.906,60.917,60.896,60.901,87000000,1
1299782760000,1299782819000,60.901,60.928,60.897,60.908,111000000,1
1299782820000,1299782879000,60.909,60.927,60.906,60.927,70000000,1
1299782880000,1299782939000,60.929,60.957,60.929,60.937,97000000,1
1299782940000,1299782999000,60.928,60.96,60.882,60.907,165000000,1
1299783000000,1299783059000,60.897,60.907,60.857,60.868,187000000,1
1299783060000,1299783119000,60.868,60.917,60.866,60.917,119000000,1
1299783120000,1299783179000,60.919,60.928,60.886,60.887,113000000,1
1299783180000,1299783239000,60.887,60.901,60.876,60.887,139000000,1
1299783240000,1299783299000,60.887,60.887,60.867,60.88,117000000,1
1299783300000,1299783359000,60.882,60.898,60.877,60.89,123000000,1
1299783360000,1299783419000,60.89,60.907,60.876,60.877,74000000,1
1299783420000,1299783479000,60.881,60.898,60.881,60.889,182000000,1
1299783480000,1299783539000,60.886,60.89,60.868,60.877,71000000,1
1299783540000,1299783599000,60.877,60.881,60.871,60.877,49000000,1
1299783600000,1299783659000,60.877,60.896,60.876,60.887,50000000,1
1299783660000,1299783719000,60.887,60.887,60.863,60.877,87000000,1
1299783720000,1299783779000,60.878,60.881,60.846,60.877,125000000,1
1299783780000,1299783839000,60.879,60.906,60.877,60.901,96000000,1
1299783840000,1299783899000,60.899,60.91,60.89,60.898,90000000,1
1299783900000,1299783959000,60.899,60.909,60.867,60.867,109000000,1
1299783960000,1299784019000,60.868,60.886,60.864,60.879,81000000,1
1299784020000,1299784079000,60.875,60.9,60.858,60.9,71000000,1
1299784080000,1299784139000,60.899,60.917,60.896,60.917,43000000,1
1299784140000,1299784199000,60.911,60.918,60.911,60.917,12000000,1
1299784200000,1299784259000,60.94,60.947,60.896,60.896,67000000,1
1299784260000,1299784319000,60.896,60.897,60.866,60.866,29000000,1
1299784320000,1299784379000,60.866,60.872,60.857,60.872,33000000,1
1299784380000,1299784439000,60.873,60.887,60.857,60.866,75000000,1
1299784440000,1299784499000,60.867,60.867,60.856,60.867,47000000,1
1299784500000,1299784559000,60.87,60.876,60.856,60.856,36000000,1
1299784560000,1299784619000,60.857,60.888,60.857,60.888,53000000,1
1299784620000,1299784679000,60.886,60.897,60.886,60.889,20000000,1
1299784680000,1299784739000,60.887,60.908,60.887,60.899,92000000,1
1299784740000,1299784799000,60.897,60.907,60.897,60.907,51000000,1
1299784800000,1299784859000,60.907,60.908,60.898,60.907,18000000,1
1299784860000,1299784919000,60.907,60.917,60.888,60.888,56000000,1
1299784920000,1299784979000,60.887,60.897,60.879,60.89,97000000,1
1299784980000,1299785039000,60.89,60.898,60.887,60.898,76000000,1
1299785040000,1299785099000,60.899,60.907,60.89,60.896,55000000,1
1299785100000,1299785159000,60.895,60.907,60.895,60.907,107000000,1
1299785160000,1299785219000,60.908,60.938,60.908,60.926,69000000,1
1299785220000,1299785279000,60.926,60.926,60.917,60.918,34000000,1
1299785280000,1299785339000,60.918,60.918,60.917,60.918,24000000,1
1299785340000,1299785399000,60.918,60.918,60.898,60.898,118000000,1
1299785400000,1299785459000,60.898,60.907,60.898,60.907,28000000,1
1299785460000,1299785519000,60.904,60.907,60.897,60.907,171000000,1
1299785520000,1299785579000,60.906,60.91,60.902,60.907,98000000,1
1299785580000,1299785639000,60.906,60.91,60.906,60.91,86000000,1
1299785640000,1299785699000,60.91,60.91,60.907,60.908,43000000,1
1299785700000,1299785759000,60.907,60.927,60.907,60.927,44000000,1
1299785760000,1299785819000,60.927,60.95,60.927,60.947,83000000,1
1299785820000,1299785879000,60.937,60.947,60.937,60.947,32000000,1
1299785880000,1299785939000,60.947,60.948,60.937,60.947,27000000,1
1299785940000,1299785999000,60.947,60.957,60.947,60.957,59000000,1
1299786000000,1299786059000,60.957,60.968,60.957,60.958,57000000,1
1299786060000,1299786119000,60.957,60.959,60.94,60.94,57000000,1
1299786120000,1299786179000,60.94,60.951,60.938,60.948,51000000,1
1299786180000,1299786239000,60.948,60.948,60.927,60.937,43000000,1
1299786240000,1299786299000,60.932,60.941,60.927,60.927,85000000,1
1299786300000,1299786359000,60.924,60.933,60.924,60.929,63000000,1
1299786360000,1299786419000,60.931,60.938,60.93,60.937,34000000,1
1299786420000,1299786479000,60.937,60.948,60.937,60.938,9000000,1
1299786480000,1299786539000,60.938,60.938,60.938,60.938,4000000,1
1299786540000,1299786599000,60.938,60.938,60.938,60.938,4000000,1
1299786600000,1299786659000,60.938,60.938,60.928,60.93,37000000,1
1299786660000,1299786719000,60.932,60.932,60.928,60.929,88000000,1
1299786720000,1299786779000,60.929,60.929,60.928,60.928,20000000,1
1299786780000,1299786839000,60.928,60.928,60.889,60.895,46000000,1
1299786840000,1299786899000,60.894,60.9,60.893,60.9,66000000,1
1299786900000,1299786959000,60.899,60.901,60.899,60.901,28000000,1
1299786960000,1299787019000,60.899,60.94,60.898,60.94,82000000,1
1299787020000,1299787079000,60.938,60.948,60.938,60.947,32000000,1
1299787080000,1299787139000,60.948,60.948,60.927,60.929,84000000,1
1299787140000,1299787199000,60.93,60.947,60.907,60.907,90000000,1
1299787200000,1299787259000,60.899,60.918,60.876,60.886,156000000,1
1299787260000,1299787319000,60.888,60.897,60.887,60.887,47000000,1
1299787320000,1299787379000,60.887,60.89,60.868,60.877,77000000,1
1299787380000,1299787439000,60.872,60.888,60.867,60.886,85000000,1
1299787440000,1299787499000,60.887,60.918,60.881,60.898,90000000,1
1299787500000,1299787559000,60.898,60.92,60.897,60.92,73000000,1
1299787560000,1299787619000,60.921,60.926,60.908,60.918,128000000,1
1299787620000,1299787679000,60.917,60.917,60.888,60.902,106000000,1
1299787680000,1299787739000,60.901,60.917,60.897,60.906,62000000,1
1299787740000,1299787799000,60.9,60.907,60.896,60.901,26000000,1
1299787800000,1299787859000,60.905,60.907,60.888,60.899,91000000,1
1299787860000,1299787919000,60.898,60.906,60.886,60.89,99000000,1
1299787920000,1299787979000,60.888,60.898,60.884,60.897,83000000,1
1299787980000,1299788039000,60.897,60.907,60.87,60.906,71000000,1
1299788040000,1299788099000,60.906,60.906,60.886,60.886,47000000,1
1299788100000,1299788159000,60.886,60.886,60.867,60.886,53000000,1
1299788160000,1299788219000,60.887,60.887,60.876,60.876,15000000,1
1299788220000,1299788279000,60.877,60.877,60.867,60.876,17000000,1
1299788280000,1299788339000,60.877,60.887,60.877,60.886,28000000,1
1299788340000,1299788399000,60.886,60.886,60.83,60.837,111000000,1
1299788400000,1299788459000,60.837,60.847,60.818,60.827,77000000,1
1299788460000,1299788519000,60.827,60.857,60.817,60.856,76000000,1
1299788520000,1299788579000,60.858,60.876,60.856,60.876,46000000,1
1299788580000,1299788639000,60.876,60.877,60.876,60.876,28000000,1
1299788640000,1299788699000,60.877,60.877,60.873,60.877,15000000,1
1299788700000,1299788759000,60.872,60.873,60.86,60.861,28000000,1
1299788760000,1299788819000,60.863,60.863,60.861,60.862,21000000,1
1299788820000,1299788879000,60.861,60.877,60.845,60.877,75000000,1
1299788880000,1299788939000,60.877,60.877,60.856,60.856,45000000,1
1299788940000,1299788999000,60.857,60.867,60.856,60.856,41000000,1
1299789000000,1299789059000,60.856,60.877,60.856,60.866,38000000,1
1299789060000,1299789119000,60.866,60.866,60.856,60.86,40000000,1
1299789120000,1299789179000,60.859,60.859,60.847,60.847,38000000,1
1299789180000,1299789239000,60.846,60.848,60.841,60.844,26000000,1
1299789240000,1299789299000,60.848,60.856,60.846,60.847,59000000,1
1299789300000,1299789359000,60.847,60.867,60.826,60.836,72000000,1
1299789360000,1299789419000,60.83,60.83,60.819,60.827,71000000,1
1299789420000,1299789479000,60.828,60.847,60.828,60.846,90000000,1
1299789480000,1299789539000,60.847,60.869,60.847,60.869,109000000,1
1299789540000,1299789599000,60.869,60.887,60.866,60.887,33000000,1
1299789600000,1299789659000,60.886,60.886,60.886,60.886,10000000,1
1299789660000,1299789719000,60.888,60.908,60.883,60.906,116000000,1
1299789720000,1299789779000,60.907,60.927,60.907,60.919,50000000,1
1299789780000,1299789839000,60.917,60.927,60.909,60.917,58000000,1
1299789840000,1299789899000,60.907,60.917,60.906,60.907,27000000,1
1299789900000,1299789959000,60.902,60.912,60.896,60.906,82000000,1
1299789960000,1299790019000,60.906,60.906,60.896,60.898,31000000,1
1299790020000,1299790079000,60.891,60.911,60.891,60.897,112000000,1
1299790080000,1299790139000,60.897,60.92,60.896,60.916,47000000,1
1299790140000,1299790199000,60.917,60.93,60.917,60.927,140000000,1
1299790200000,1299790259000,60.927,60.937,60.927,60.936,167000000,1
1299790260000,1299790319000,60.936,60.936,60.907,60.916,92000000,1
1299790320000,1299790379000,60.916,60.917,60.912,60.916,38000000,1
1299790380000,1299790439000,60.916,60.917,60.908,60.917,39000000,1
1299790440000,1299790499000,60.917,60.917,60.917,60.917,18000000,1
1299790500000,1299790559000,60.909,60.917,60.886,60.907,41000000,1
1299790560000,1299790619000,60.897,60.9,60.876,60.886,49000000,1
1299790620000,1299790679000,60.887,60.887,60.877,60.877,23000000,1
1299790680000,1299790739000,60.877,60.896,60.877,60.896,63000000,1
1299790740000,1299790799000,60.897,60.908,60.897,60.908,54000000,1
1299790800000,1299790859000,60.908,60.917,60.908,60.917,14000000,1
1299790860000,1299790919000,60.916,60.918,60.907,60.918,17000000,1
1299790920000,1299790979000,60.918,60.927,60.916,60.917,46000000,1
1299790980000,1299791039000,60.917,60.928,60.917,60.926,116000000,1
1299791040000,1299791099000,60.927,60.927,60.918,60.918,10000000,1
1299791100000,1299791159000,60.918,60.918,60.918,60.918,5000000,1
1299791160000,1299791219000,60.918,60.918,60.916,60.916,24000000,1
1299791220000,1299791279000,60.918,60.918,60.908,60.908,29000000,1
1299791280000,1299791339000,60.88,60.918,60.88,60.918,45000000,1
1299791340000,1299791399000,60.908,60.908,60.897,60.897,40000000,1
1299791400000,1299791459000,60.897,60.898,60.887,60.887,25000000,1
1299791460000,1299791519000,60.887,60.897,60.877,60.897,35000000,1
1299791520000,1299791579000,60.897,60.908,60.897,60.907,176000000,1
1299791580000,1299791639000,60.907,60.918,60.897,60.907,177000000,1
1299791640000,1299791699000,60.906,60.908,60.906,60.907,77000000,1
1299791700000,1299791759000,60.907,60.907,60.907,60.907,52000000,1
1299791760000,1299791819000,60.907,60.918,60.907,60.918,258000000,1
1299791820000,1299791879000,60.918,60.923,60.918,60.918,112000000,1
1299791880000,1299791939000,60.918,60.918,60.898,60.901,99000000,1
1299791940000,1299791999000,60.898,60.908,60.898,60.898,182000000,1
1299792000000,1299792059000,60.898,60.898,60.898,60.898,17000000,1
1299792060000,1299792119000,60.898,60.898,60.898,60.898,8000000,1
1299792120000,1299792179000,60.898,60.909,60.897,60.897,45000000,1
1299792180000,1299792239000,60.897,60.907,60.896,60.907,67000000,1
1299792240000,1299792299000,60.907,60.918,60.907,60.916,19000000,1
1299792300000,1299792359000,60.916,60.918,60.897,60.917,77000000,1
1299792360000,1299792419000,60.908,60.908,60.906,60.906,18000000,1
1299792420000,1299792479000,60.907,60.907,60.907,60.907,22000000,1
1299792480000,1299792539000,60.907,60.908,60.896,60.896,54000000,1
1299792540000,1299792599000,60.887,60.891,60.878,60.878,104000000,1
1299792600000,1299792659000,60.878,60.886,60.878,60.886,19000000,1
1299792660000,1299792719000,60.888,60.897,60.887,60.897,45000000,1
1299792720000,1299792779000,60.897,60.909,60.897,60.906,48000000,1
1299792780000,1299792839000,60.906,60.908,60.898,60.908,19000000,1
1299792840000,1299792899000,60.908,60.908,60.887,60.902,72000000,1
1299792900000,1299792959000,60.9,60.9,60.9,60.9,6000000,1
1299792960000,1299793019000,60.904,60.918,60.902,60.902,105000000,1
1299793020000,1299793079000,60.906,60.908,60.906,60.907,24000000,1
1299793080000,1299793139000,60.906,60.908,60.902,60.902,13000000,1
1299793140000,1299793199000,60.906,60.91,60.898,60.908,31000000,1
1299793200000,1299793259000,60.907,60.908,60.907,60.908,9000000,1
1299793260000,1299793319000,60.918,60.918,60.908,60.908,8000000,1
1299793320000,1299793379000,60.908,60.917,60.908,60.908,9000000,1
1299793380000,1299793439000,60.907,60.91,60.907,60.908,17000000,1
1299793440000,1299793499000,60.907,60.918,60.907,60.917,33000000,1
1299793500000,1299793559000,60.917,60.936,60.917,60.927,31000000,1
1299793560000,1299793619000,60.927,60.977,60.924,60.956,88000000,1
1299793620000,1299793679000,60.96,60.96,60.927,60.927,89000000,1
1299793680000,1299793739000,60.927,60.937,60.917,60.926,32000000,1
1299793740000,1299793799000,60.927,60.927,60.926,60.927,12000000,1
1299793800000,1299793859000,60.927,60.927,60.927,60.927,28000000,1
1299793860000,1299793919000,60.927,60.928,60.926,60.928,36000000,1
1299793920000,1299793979000,60.937,60.938,60.936,60.936,34000000,1
1299793980000,1299794039000,60.936,60.957,60.936,60.948,46000000,1
1299794040000,1299794099000,60.948,60.978,60.948,60.967,123000000,1
1299794100000,1299794159000,60.978,60.987,60.966,60.987,55000000,1
1299794160000,1299794219000,60.986,61.006,60.986,60.986,13000000,1
1299794220000,1299794279000,60.987,60.997,60.976,60.987,22000000,1
1299794280000,1299794339000,60.986,61.027,60.986,61.027,33000000,1
1299794340000,1299794399000,61.018,61.018,61.006,61.006,16000000,1
1299794400000,1299794459000,61.002,61.008,60.996,61.006,6000000,1
1299794460000,1299794519000,60.996,61.001,60.987,61.001,3000000,1
1299794520000,1299794579000,60.996,61.007,60.992,60.996,6000000,1
1299794580000,1299794639000,60.996,61.001,60.987,60.992,16000000,1
1299794640000,1299794699000,60.992,60.997,60.971,60.988,32000000,1
1299794700000,1299794759000,60.999,60.999,60.981,60.991,9000000,1
1299794760000,1299794819000,60.992,60.992,60.987,60.991,0,1
1299794820000,1299794879000,60.996,61.003,60.978,60.978,7000000,1
1299794880000,1299794939000,60.982,60.982,60.966,60.971,3000000,1
1299794940000,1299794999000,60.966,60.966,60.966,60.966,1000000,1
1299795000000,1299795059000,60.992,60.992,60.966,60.981,3000000,1
1299795060000,1299795119000,60.977,60.977,60.971,60.976,0,1
1299795120000,1299795179000,60.977,60.982,60.971,60.977,2000000,1
1299795180000,1299795239000,60.982,60.984,60.971,60.971,6000000,1
1299795240000,1299795299000,60.972,60.991,60.972,60.972,2000000,1
1299795300000,1299795359000,60.975,60.997,60.975,60.996,10000000,1
1299795360000,1299795419000,60.987,60.987,60.986,60.986,4000000,1
1299795420000,1299795479000,60.986,60.997,60.981,60.997,16000000,1
1299795480000,1299795539000,60.997,61.007,60.996,60.997,45000000,1
1299795540000,1299795599000,60.997,60.997,60.986,60.987,52000000,1
1299795600000,1299795659000,60.986,60.997,60.986,60.986,32000000,1
1299795660000,1299795719000,60.986,60.987,60.976,60.976,16000000,1
1299795720000,1299795779000,60.987,60.987,60.976,60.976,5000000,1
1299795780000,1299795839000,60.977,60.977,60.966,60.976,18000000,1
1299795840000,1299795899000,60.977,60.977,60.966,60.967,12000000,1
1299795900000,1299795959000,60.967,60.967,60.962,60.967,28000000,1
1299795960000,1299796019000,60.966,60.967,60.957,60.967,5000000,1
1299796020000,1299796079000,60.966,60.967,60.966,60.967,8000000,1
1299796080000,1299796139000,60.976,60.977,60.961,60.966,21000000,1
1299796140000,1299796199000,60.966,60.986,60.966,60.976,14000000,1
1299796200000,1299796259000,60.976,60.977,60.966,60.966,12000000,1
1299796260000,1299796319000,60.967,60.996,60.967,60.987,39000000,1
1299796320000,1299796379000,60.987,60.987,60.976,60.976,5000000,1
1299796380000,1299796439000,60.977,60.987,60.976,60.977,24000000,1
1299796440000,1299796499000,60.977,60.977,60.976,60.977,7000000,1
1299796500000,1299796559000,60.976,60.976,60.966,60.976,7000000,1
1299796560000,1299796619000,60.967,60.967,60.957,60.966,19000000,1
1299796620000,1299796679000,60.966,60.972,60.961,60.966,19000000,1
1299796680000,1299796739000,60.966,60.967,60.966,60.967,11000000,1
1299796740000,1299796799000,60.966,60.967,60.956,60.967,17000000,1
1299796800000,1299796859000,60.966,60.977,60.966,60.977,8000000,1
1299796860000,1299796919000,60.976,60.977,60.976,60.976,6000000,1
1299796920000,1299796979000,60.976,60.977,60.976,60.977,5000000,1
1299796980000,1299797039000,60.976,60.986,60.976,60.986,9000000,1
1299797040000,1299797099000,60.987,60.987,60.987,60.987,4000000,1
1299797100000,1299797159000,60.977,60.977,60.966,60.977,16000000,1
1299797160000,1299797219000,60.967,60.977,60.956,60.967,17000000,1
1299797220000,1299797279000,60.966,60.966,60.956,60.966,23000000,1
1299797280000,1299797339000,60.966,60.966,60.953,60.956,11000000,1
1299797340000,1299797399000,60.957,60.966,60.952,60.956,15000000,1
1299797400000,1299797459000,60.957,60.967,60.957,60.967,6000000,1
1299797460000,1299797519000,60.96,60.967,60.936,60.946,22000000,1
1299797520000,1299797579000,60.937,60.946,60.936,60.942,18000000,1
1299797580000,1299797639000,60.942,60.956,60.936,60.947,20000000,1
1299797640000,1299797699000,60.946,60.957,60.926,60.93,21000000,1
1299797700000,1299797759000,60.918,60.918,60.876,60.916,45000000,1
1299797760000,1299797819000,60.916,60.917,60.906,60.917,34000000,1
1299797820000,1299797879000,60.917,60.927,60.906,60.927,31000000,1
1299797880000,1299797939000,60.926,60.957,60.919,60.956,42000000,1
1299797940000,1299797999000,60.956,60.957,60.938,60.946,56000000,1
1299798000000,1299798059000,60.946,60.957,60.946,60.947,15000000,1
1299798060000,1299798119000,60.946,60.946,60.926,60.936,30000000,1
1299798120000,1299798179000,60.936,60.936,60.926,60.926,29000000,1
1299798180000,1299798239000,60.926,60.926,60.896,60.906,13000000,1
1299798240000,1299798299000,60.907,60.917,60.876,60.879,46000000,1
1299798300000,1299798359000,60.887,60.897,60.887,60.896,8000000,1
1299798360000,1299798419000,60.896,60.897,60.847,60.858,73000000,1
1299798420000,1299798479000,60.866,60.868,60.847,60.866,35000000,1
1299798480000,1299798539000,60.866,60.907,60.866,60.896,59000000,1
1299798540000,1299798599000,60.896,60.896,60.886,60.896,14000000,1
1299798600000,1299798659000,60.888,60.897,60.887,60.897,21000000,1
1299798660000,1299798719000,60.896,60.9,60.892,60.897,12000000,1
1299798720000,1299798779000,60.897,60.897,60.886,60.897,33000000,1
1299798780000,1299798839000,60.897,60.918,60.897,60.917,41000000,1
1299798840000,1299798899000,60.906,60.947,60.906,60.947,35000000,1
1299798900000,1299798959000,60.946,60.947,60.936,60.937,38000000,1
1299798960000,1299799019000,60.937,60.937,60.926,60.928,39000000,1
1299799020000,1299799079000,60.928,60.947,60.928,60.937,31000000,1
1299799080000,1299799139000,60.928,60.928,60.918,60.928,24000000,1
1299799140000,1299799199000,60.928,60.928,60.927,60.927,9000000,1
1299799200000,1299799259000,60.927,60.927,60.896,60.896,33000000,1
1299799260000,1299799319000,60.896,60.907,60.887,60.907,47000000,1
1299799320000,1299799379000,60.907,60.937,60.907,60.927,78000000,1
1299799380000,1299799439000,60.927,60.927,60.916,60.917,64000000,1
1299799440000,1299799499000,60.907,60.907,60.867,60.877,95000000,1
1299799500000,1299799559000,60.877,60.896,60.877,60.887,40000000,1
1299799560000,1299799619000,60.887,60.887,60.886,60.887,12000000,1
1299799620000,1299799679000,60.877,60.898,60.877,60.898,21000000,1
1299799680000,1299799739000,60.898,60.898,60.887,60.897,26000000,1
1299799740000,1299799799000,60.896,60.898,60.887,60.898,8000000,1
1299799800000,1299799859000,60.907,60.907,60.897,60.897,33000000,1
1299799860000,1299799919000,60.897,60.897,60.881,60.886,42000000,1
1299799920000,1299799979000,60.886,60.917,60.886,60.907,46000000,1
1299799980000,1299800039000,60.907,60.916,60.9,60.906,53000000,1
1299800040000,1299800099000,60.896,60.897,60.877,60.897,37000000,1
1299800100000,1299800159000,60.897,60.907,60.897,60.907,27000000,1
1299800160000,1299800219000,60.907,60.918,60.903,60.908,56000000,1
1299800220000,1299800279000,60.907,60.908,60.907,60.908,5000000,1
1299800280000,1299800339000,60.908,60.917,60.908,60.917,24000000,1
1299800340000,1299800399000,60.917,60.929,60.908,60.921,79000000,1
1299800400000,1299800459000,60.926,60.929,60.906,60.917,62000000,1
1299800460000,1299800519000,60.91,60.917,60.897,60.907,46000000,1
1299800520000,1299800579000,60.907,60.907,60.894,60.907,34000000,1
1299800580000,1299800639000,60.897,60.916,60.896,60.903,59000000,1
1299800640000,1299800699000,60.898,60.927,60.898,60.927,78000000,1
1299800700000,1299800759000,60.927,60.927,60.909,60.916,52000000,1
1299800760000,1299800819000,60.915,60.927,60.89,60.898,53000000,1
1299800820000,1299800879000,60.897,60.897,60.888,60.897,20000000,1
1299800880000,1299800939000,60.907,60.907,60.891,60.897,55000000,1
1299800940000,1299800999000,60.897,60.906,60.888,60.906,53000000,1
1299801000000,1299801059000,60.906,60.921,60.906,60.908,89000000,1
1299801060000,1299801119000,60.907,60.933,60.907,60.916,89000000,1
1299801120000,1299801179000,60.916,60.917,60.906,60.906,14000000,1
1299801180000,1299801239000,60.907,60.907,60.906,60.906,8000000,1
1299801240000,1299801299000,60.906,60.911,60.89,60.908,65000000,1
1299801300000,1299801359000,60.908,60.908,60.897,60.907,59000000,1
1299801360000,1299801419000,60.907,60.908,60.897,60.906,44000000,1
1299801420000,1299801479000,60.906,60.906,60.888,60.898,26000000,1
1299801480000,1299801539000,60.898,60.898,60.897,60.897,18000000,1
1299801540000,1299801599000,60.897,60.897,60.887,60.888,23000000,1
1299801600000,1299801659000,60.888,60.918,60.877,60.917,114280000,1
1299801660000,1299801719000,60.917,60.929,60.91,60.929,55950000,1
1299801720000,1299801779000,60.937,60.958,60.937,60.956,86040000,1
1299801780000,1299801839000,60.956,60.958,60.949,60.958,36240000,1
1299801840000,1299801899000,60.958,60.968,60.958,60.968,36080000,1
1299801900000,1299801959000,60.968,60.978,60.958,60.959,77120000,1
1299801960000,1299802019000,60.959,60.968,60.948,60.952,106640000,1
1299802020000,1299802079000,60.951,60.958,60.946,60.947,29680000,1
1299802080000,1299802139000,60.948,60.967,60.946,60.958,57850000,1
1299802140000,1299802199000,60.958,60.958,60.958,60.958,22330000,1
1299802200000,1299802259000,60.958,60.966,60.937,60.942,65690000,1
1299802260000,1299802319000,60.948,60.948,60.928,60.928,22530000,1
1299802320000,1299802379000,60.928,60.928,60.928,60.928,12200000,1
1299802380000,1299802439000,60.928,60.929,60.917,60.928,25140000,1
1299802440000,1299802499000,60.928,60.928,60.928,60.928,40280000,1
1299802500000,1299802559000,60.928,60.938,60.928,60.937,26460000,1
1299802560000,1299802619000,60.928,60.928,60.928,60.928,80250000,1
1299802620000,1299802679000,60.928,60.928,60.928,60.928,68250000,1
1299802680000,1299802739000,60.928,60.936,60.928,60.928,58500000,1
1299802740000,1299802799000,60.928,60.947,60.927,60.938,39850000,1
1299802800000,1299802859000,60.937,60.947,60.937,60.938,46960000,1
1299802860000,1299802919000,60.938,60.958,60.938,60.947,60280000,1
1299802920000,1299802979000,60.94,60.958,60.937,60.953,58880000,1
1299802980000,1299803039000,60.948,60.959,60.948,60.959,18050000,1
1299803040000,1299803099000,60.958,60.995,60.958,60.967,77970000,1
1299803100000,1299803159000,60.967,60.977,60.967,60.972,44270000,1
1299803160000,1299803219000,60.972,60.972,60.967,60.968,25780000,1
1299803220000,1299803279000,60.968,60.971,60.956,60.967,52800000,1
1299803280000,1299803339000,60.97,60.97,60.957,60.958,32880000,1
1299803340000,1299803399000,60.962,60.968,60.962,60.967,36240000,1
1299803400000,1299803459000,60.959,60.959,60.958,60.958,6960000,1
1299803460000,1299803519000,60.958,60.958,60.957,60.957,14910000,1
1299803520000,1299803579000,60.957,60.968,60.957,60.966,60470000,1
1299803580000,1299803639000,60.966,60.968,60.959,60.959,32710000,1
1299803640000,1299803699000,60.959,60.968,60.957,60.968,28400000,1
1299803700000,1299803759000,60.968,60.968,60.958,60.958,20130000,1
1299803760000,1299803819000,60.959,60.967,60.959,60.961,13370000,1
1299803820000,1299803879000,60.961,60.961,60.958,60.958,26900000,1
1299803880000,1299803939000,60.958,60.958,60.947,60.947,32600000,1
1299803940000,1299803999000,60.947,60.948,60.941,60.941,18610000,1
1299804000000,1299804059000,60.941,60.947,60.938,60.938,27640000,1
1299804060000,1299804119000,60.938,60.938,60.927,60.931,62980000,1
1299804120000,1299804179000,60.931,60.938,60.916,60.916,43400000,1
1299804180000,1299804239000,60.907,60.919,60.897,60.919,51360000,1
1299804240000,1299804299000,60.919,60.929,60.919,60.929,23550000,1
1299804300000,1299804359000,60.929,60.939,60.929,60.936,21080000,1
1299804360000,1299804419000,60.932,60.936,60.928,60.936,11350000,1
1299804420000,1299804479000,60.938,60.947,60.936,60.947,32710000,1
1299804480000,1299804539000,60.947,60.963,60.941,60.948,67100000,1
1299804540000,1299804599000,60.948,60.957,60.948,60.952,27630000,1
1299804600000,1299804659000,60.957,60.96,60.956,60.959,44600000,1
1299804660000,1299804719000,60.959,60.962,60.957,60.962,29330000,1
1299804720000,1299804779000,60.962,60.962,60.956,60.958,14820000,1
1299804780000,1299804839000,60.956,60.956,60.931,60.94,31140000,1
1299804840000,1299804899000,60.94,60.948,60.927,60.947,77410000,1
1299804900000,1299804959000,60.947,60.957,60.937,60.957,56050000,1
1299804960000,1299805019000,60.957,60.957,60.947,60.95,44560000,1
1299805020000,1299805079000,60.949,60.949,60.948,60.948,6960000,1
1299805080000,1299805139000,60.948,60.95,60.947,60.948,19610000,1
1299805140000,1299805199000,60.947,60.947,60.946,60.946,6380000,1
1299805200000,1299805259000,60.946,60.946,60.936,60.936,41200000,1
1299805260000,1299805319000,60.936,60.957,60.933,60.957,121260000,1
1299805320000,1299805379000,60.957,60.962,60.948,60.962,23880000,1
1299805380000,1299805439000,60.962,60.962,60.956,60.96,22670000,1
1299805440000,1299805499000,60.956,60.956,60.936,60.94,77570000,1
1299805500000,1299805559000,60.94,60.951,60.92,60.927,104190000,1
1299805560000,1299805619000,60.937,60.938,60.928,60.928,64970000,1
1299805620000,1299805679000,60.928,60.938,60.926,60.927,60640000,1
1299805680000,1299805739000,60.928,60.937,60.908,60.908,111000000,1
1299805740000,1299805799000,60.907,60.917,60.907,60.916,53610000,1
1299805800000,1299805859000,60.907,60.909,60.907,60.907,60340000,1
1299805860000,1299805919000,60.907,60.908,60.887,60.896,84310000,1
1299805920000,1299805979000,60.896,60.896,60.868,60.87,122520000,1
1299805980000,1299806039000,60.875,60.908,60.875,60.903,117850000,1
1299806040000,1299806099000,60.9,60.907,60.898,60.906,20450000,1
1299806100000,1299806159000,60.907,60.918,60.906,60.918,45710000,1
1299806160000,1299806219000,60.918,60.927,60.908,60.921,42650000,1
1299806220000,1299806279000,60.926,60.928,60.918,60.928,55080000,1
1299806280000,1299806339000,60.928,60.928,60.917,60.918,34020000,1
1299806340000,1299806399000,60.918,60.928,60.917,60.928,51890000,1
1299806400000,1299806459000,60.926,60.927,60.926,60.926,11450000,1
1299806460000,1299806519000,60.933,60.933,60.918,60.926,24450000,1
1299806520000,1299806579000,60.927,60.941,60.927,60.938,45160000,1
1299806580000,1299806639000,60.938,60.949,60.92,60.928,78580000,1
1299806640000,1299806699000,60.936,60.938,60.936,60.938,73790000,1
1299806700000,1299806759000,60.938,60.947,60.931,60.931,43580000,1
1299806760000,1299806819000,60.933,60.938,60.915,60.927,79350000,1
1299806820000,1299806879000,60.93,60.931,60.917,60.917,50190000,1
1299806880000,1299806939000,60.913,60.938,60.913,60.931,34600000,1
1299806940000,1299806999000,60.932,60.94,60.926,60.939,50530000,1
1299807000000,1299807059000,60.939,60.953,60.936,60.937,116230000,1
1299807060000,1299807119000,60.937,60.937,60.92,60.92,91040000,1
1299807120000,1299807179000,60.918,60.928,60.917,60.928,73260000,1
1299807180000,1299807239000,60.928,60.937,60.918,60.937,81910000,1
1299807240000,1299807299000,60.937,60.938,60.937,60.938,39700000,1
1299807300000,1299807359000,60.938,60.941,60.937,60.937,31040000,1
1299807360000,1299807419000,60.937,60.937,60.937,60.937,15780000,1
1299807420000,1299807479000,60.937,60.948,60.928,60.928,47590000,1
1299807480000,1299807539000,60.928,60.928,60.899,60.908,72260000,1
1299807540000,1299807599000,60.901,60.908,60.901,60.908,7210000,1
1299807600000,1299807659000,60.908,60.908,60.908,60.908,9210000,1
1299807660000,1299807719000,60.908,60.921,60.908,60.916,20820000,1
1299807720000,1299807779000,60.917,60.917,60.916,60.916,12000000,1
1299807780000,1299807839000,60.916,60.928,60.907,60.928,66620000,1
1299807840000,1299807899000,60.92,60.928,60.917,60.918,98690000,1
1299807900000,1299807959000,60.917,60.928,60.917,60.926,70920000,1
1299807960000,1299808019000,60.927,60.928,60.917,60.923,62740000,1
1299808020000,1299808079000,60.918,60.921,60.908,60.908,49970000,1
1299808080000,1299808139000,60.908,60.918,60.908,60.918,55110000,1
1299808140000,1299808199000,60.918,60.928,60.912,60.928,47110000,1
1299808200000,1299808259000,60.928,60.928,60.918,60.927,57300000,1
1299808260000,1299808319000,60.927,60.928,60.918,60.928,46460000,1
1299808320000,1299808379000,60.928,60.928,60.927,60.928,13330000,1
1299808380000,1299808439000,60.928,60.928,60.928,60.928,2250000,1
1299808440000,1299808499000,60.927,60.938,60.927,60.929,38860000,1
1299808500000,1299808559000,60.929,60.929,60.918,60.918,18400000,1
1299808560000,1299808619000,60.92,60.928,60.918,60.928,25000000,1
1299808620000,1299808679000,60.928,60.938,60.928,60.928,26850000,1
1299808680000,1299808739000,60.927,60.938,60.926,60.926,62350000,1
1299808740000,1299808799000,60.927,60.927,60.907,60.907,39070000,1
1299808800000,1299808859000,60.907,60.907,60.886,60.903,101550000,1
1299808860000,1299808919000,60.897,60.908,60.896,60.908,63620000,1
1299808920000,1299808979000,60.908,60.928,60.898,60.919,94780000,1
1299808980000,1299809039000,60.917,60.918,60.907,60.918,121890000,1
1299809040000,1299809099000,60.91,60.931,60.897,60.927,75120000,1
1299809100000,1299809159000,60.927,60.938,60.927,60.928,112040000,1
1299809160000,1299809219000,60.928,60.928,60.916,60.917,43540000,1
1299809220000,1299809279000,60.917,60.917,60.917,60.917,2630000,1
1299809280000,1299809339000,60.917,60.949,60.917,60.938,73800000,1
1299809340000,1299809399000,60.948,60.948,60.93,60.938,37200000,1
1299809400000,1299809459000,60.938,60.951,60.937,60.947,85790000,1
1299809460000,1299809519000,60.947,60.948,60.928,60.938,56310000,1
1299809520000,1299809579000,60.938,60.941,60.935,60.941,22560000,1
1299809580000,1299809639000,60.941,60.941,60.927,60.93,58430000,1
1299809640000,1299809699000,60.93,60.93,60.913,60.928,60260000,1
1299809700000,1299809759000,60.928,60.93,60.921,60.927,49900000,1
1299809760000,1299809819000,60.927,60.927,60.887,60.887,67080000,1
1299809820000,1299809879000,60.896,60.912,60.887,60.906,63830000,1
1299809880000,1299809939000,60.908,60.908,60.889,60.9,67860000,1
1299809940000,1299809999000,60.9,60.92,60.9,60.918,67880000,1
1299810000000,1299810059000,60.918,60.928,60.916,60.928,28540000,1
1299810060000,1299810119000,60.928,60.928,60.928,60.928,13150000,1
1299810120000,1299810179000,60.928,60.937,60.926,60.926,27590000,1
1299810180000,1299810239000,60.917,60.918,60.908,60.917,63990000,1
1299810240000,1299810299000,60.917,60.917,60.897,60.909,48580000,1
1299810300000,1299810359000,60.909,60.918,60.908,60.916,40240000,1
1299810360000,1299810419000,60.916,60.917,60.896,60.906,48610000,1
1299810420000,1299810479000,60.9,60.907,60.888,60.897,66340000,1
1299810480000,1299810539000,60.897,60.897,60.875,60.878,47310000,1
1299810540000,1299810599000,60.882,60.888,60.863,60.879,109870000,1
1299810600000,1299810659000,60.879,60.89,60.877,60.89,63060000,1
1299810660000,1299810719000,60.89,60.898,60.89,60.897,14270000,1
1299810720000,1299810779000,60.897,60.898,60.869,60.877,86240000,1
1299810780000,1299810839000,60.877,60.891,60.874,60.891,14870000,1
1299810840000,1299810899000,60.887,60.897,60.886,60.886,26440000,1
1299810900000,1299810959000,60.887,60.898,60.887,60.898,16540000,1
1299810960000,1299811019000,60.899,60.907,60.897,60.897,43000000,1
1299811020000,1299811079000,60.897,60.897,60.888,60.897,25350000,1
1299811080000,1299811139000,60.888,60.888,60.886,60.887,16520000,1
1299811140000,1299811199000,60.888,60.889,60.879,60.889,28730000,1
1299811200000,1299811259000,60.889,60.907,60.889,60.907,17490000,1
1299811260000,1299811319000,60.907,60.908,60.906,60.906,6750000,1
1299811320000,1299811379000,60.902,60.924,60.902,60.917,44520000,1
1299811380000,1299811439000,60.917,60.919,60.917,60.917,15590000,1
1299811440000,1299811499000,60.917,60.917,60.896,60.907,57640000,1
1299811500000,1299811559000,60.897,60.917,60.897,60.907,31460000,1
1299811560000,1299811619000,60.907,60.917,60.907,60.908,12780000,1
1299811620000,1299811679000,60.907,60.907,60.901,60.906,11150000,1
1299811680000,1299811739000,60.907,60.91,60.906,60.91,9770000,1
1299811740000,1299811799000,60.91,60.916,60.908,60.908,24840000,1
1299811800000,1299811859000,60.907,60.917,60.907,60.907,19970000,1
1299811860000,1299811919000,60.907,60.91,60.906,60.906,28650000,1
1299811920000,1299811979000,60.906,60.918,60.899,60.916,29280000,1
1299811980000,1299812039000,60.917,60.928,60.91,60.918,44450000,1
1299812040000,1299812099000,60.918,60.927,60.917,60.918,36080000,1
1299812100000,1299812159000,60.918,60.918,60.911,60.917,13340000,1
1299812160000,1299812219000,60.916,60.916,60.908,60.908,17290000,1
1299812220000,1299812279000,60.907,60.907,60.901,60.901,9210000,1
1299812280000,1299812339000,60.902,60.908,60.891,60.898,42100000,1
1299812340000,1299812399000,60.893,60.893,60.889,60.889,9240000,1
1299812400000,1299812459000,60.889,60.889,60.887,60.887,13970000,1
1299812460000,1299812519000,60.887,60.887,60.88,60.887,55260000,1
1299812520000,1299812579000,60.842,60.875,60.842,60.875,31500000,1
1299812580000,1299812639000,60.887,60.887,60.878,60.887,30550000,1
1299812640000,1299812699000,60.887,60.887,60.887,60.887,7690000,1
1299812700000,1299812759000,60.888,60.898,60.888,60.898,16730000,1
1299812760000,1299812819000,60.898,60.898,60.898,60.898,4690000,1
1299812820000,1299812879000,60.897,60.898,60.889,60.897,19700000,1
1299812880000,1299812939000,60.896,60.898,60.896,60.897,7500000,1
1299812940000,1299812999000,60.898,60.898,60.898,60.898,2250000,1
1299813000000,1299813059000,60.896,60.907,60.896,60.907,11650000,1
1299813060000,1299813119000,60.907,60.907,60.906,60.907,4690000,1
1299813120000,1299813179000,60.907,60.907,60.907,60.907,2250000,1
1299813180000,1299813239000,60.907,60.907,60.907,60.907,7500000,1
1299813240000,1299813299000,60.907,60.908,60.887,60.889,66810000,1
1299813300000,1299813359000,60.886,60.886,60.877,60.877,13140000,1
1299813360000,1299813419000,60.877,60.877,60.867,60.868,17470000,1
1299813420000,1299813479000,60.867,60.867,60.857,60.857,49910000,1
1299813480000,1299813539000,60.857,60.878,60.857,60.878,68970000,1
1299813540000,1299813599000,60.878,60.887,60.877,60.887,75730000,1
1299813600000,1299813659000,60.887,60.887,60.867,60.876,55130000,1
1299813660000,1299813719000,60.877,60.88,60.87,60.878,26220000,1
1299813720000,1299813779000,60.877,60.897,60.877,60.889,58410000,1
1299813780000,1299813839000,60.887,60.898,60.887,60.891,30080000,1
1299813840000,1299813899000,60.896,60.898,60.869,60.878,106400000,1
1299813900000,1299813959000,60.878,60.887,60.857,60.866,100500000,1
1299813960000,1299814019000,60.866,60.87,60.861,60.87,19540000,1
1299814020000,1299814079000,60.87,60.872,60.868,60.868,9220000,1
1299814080000,1299814139000,60.868,60.868,60.868,60.868,9760000,1
1299814140000,1299814199000,60.868,60.877,60.868,60.877,18500000,1
1299814200000,1299814259000,60.877,60.887,60.877,60.887,24740000,1
1299814260000,1299814319000,60.887,60.887,60.887,60.887,2250000,1
1299814320000,1299814379000,60.886,60.887,60.886,60.887,9610000,1
1299814380000,1299814439000,60.887,60.898,60.887,60.897,49070000,1
1299814440000,1299814499000,60.898,60.901,60.894,60.897,48650000,1
1299814500000,1299814559000,60.897,60.897,60.897,60.897,22160000,1
1299814560000,1299814619000,60.897,60.898,60.897,60.897,42660000,1
1299814620000,1299814679000,60.897,60.9,60.89,60.898,33550000,1
1299814680000,1299814739000,60.898,60.898,60.898,60.898,2250000,1
1299814740000,1299814799000,60.898,60.898,60.878,60.887,76610000,1
1299814800000,1299814859000,60.887,60.888,60.857,60.867,70990000,1
1299814860000,1299814919000,60.866,60.869,60.853,60.857,131630000,1
1299814920000,1299814979000,60.857,60.858,60.856,60.858,39200000,1
1299814980000,1299815039000,60.857,60.858,60.848,60.857,57830000,1
1299815040000,1299815099000,60.857,60.868,60.857,60.858,48880000,1
1299815100000,1299815159000,60.858,60.887,60.848,60.878,75870000,1
1299815160000,1299815219000,60.878,60.878,60.863,60.878,66890000,1
1299815220000,1299815279000,60.878,60.878,60.877,60.877,14080000,1
1299815280000,1299815339000,60.877,60.879,60.877,60.878,15600000,1
1299815340000,1299815399000,60.878,60.887,60.878,60.887,29770000,1
1299815400000,1299815459000,60.887,60.887,60.887,60.887,37470000,1
1299815460000,1299815519000,60.887,60.887,60.887,60.887,7130000,1
1299815520000,1299815579000,60.887,60.887,60.887,60.887,4130000,1
1299815580000,1299815639000,60.887,60.887,60.887,60.887,4880000,1
1299815640000,1299815699000,60.886,60.892,60.886,60.887,18120000,1
1299815700000,1299815759000,60.887,60.905,60.887,60.897,48830000,1
1299815760000,1299815819000,60.897,60.897,60.887,60.888,33420000,1
1299815820000,1299815879000,60.887,60.887,60.887,60.887,4880000,1
1299815880000,1299815939000,60.886,60.898,60.88,60.898,40220000,1
1299815940000,1299815999000,60.896,60.897,60.888,60.896,10520000,1
1299816000000,1299816059000,60.896,60.908,60.887,60.898,73680000,1
1299816060000,1299816119000,60.898,60.912,60.898,60.912,37790000,1
1299816120000,1299816179000,60.908,60.918,60.908,60.917,24630000,1
1299816180000,1299816239000,60.916,60.917,60.907,60.911,13710000,1
1299816240000,1299816299000,60.917,60.927,60.912,60.927,26140000,1
1299816300000,1299816359000,60.927,60.937,60.927,60.937,23480000,1
1299816360000,1299816419000,60.927,60.927,60.918,60.918,20820000,1
1299816420000,1299816479000,60.916,60.917,60.906,60.917,21400000,1
1299816480000,1299816539000,60.916,60.917,60.91,60.917,10140000,1
1299816540000,1299816599000,60.917,60.937,60.917,60.937,27110000,1
1299816600000,1299816659000,60.936,60.936,60.936,60.936,1500000,1
1299816660000,1299816719000,60.936,60.937,60.936,60.937,6000000,1
1299816720000,1299816779000,60.936,60.937,60.936,60.936,6000000,1
1299816780000,1299816839000,60.937,60.937,60.926,60.937,16900000,1
1299816840000,1299816899000,60.937,60.937,60.927,60.936,26660000,1
1299816900000,1299816959000,60.937,60.937,60.916,60.916,32650000,1
1299816960000,1299817019000,60.916,60.928,60.916,60.928,39440000,1
1299817020000,1299817079000,60.928,60.928,60.928,60.928,10130000,1
1299817080000,1299817139000,60.928,60.937,60.928,60.936,24400000,1
1299817140000,1299817199000,60.936,60.937,60.926,60.928,78280000,1
1299817200000,1299817259000,60.927,60.937,60.927,60.936,46280000,1
1299817260000,1299817319000,60.936,60.941,60.936,60.937,12960000,1
1299817320000,1299817379000,60.937,60.939,60.937,60.937,16170000,1
1299817380000,1299817439000,60.938,60.942,60.936,60.938,27450000,1
1299817440000,1299817499000,60.938,60.948,60.936,60.943,14490000,1
1299817500000,1299817559000,60.937,60.948,60.927,60.936,49450000,1
1299817560000,1299817619000,60.943,60.948,60.937,60.937,28190000,1
1299817620000,1299817679000,60.937,60.937,60.937,60.937,3750000,1
1299817680000,1299817739000,60.94,60.94,60.937,60.939,12410000,1
1299817740000,1299817799000,60.939,60.946,60.937,60.937,13730000,1
1299817800000,1299817859000,60.937,60.939,60.937,60.939,31180000,1
1299817860000,1299817919000,60.938,60.939,60.937,60.938,17270000,1
1299817920000,1299817979000,60.937,60.937,60.936,60.936,3000000,1
1299817980000,1299818039000,60.937,60.938,60.936,60.938,13140000,1
1299818040000,1299818099000,60.938,60.938,60.936,60.938,15400000,1
1299818100000,1299818159000,60.941,60.956,60.941,60.956,22910000,1
1299818160000,1299818219000,60.956,60.957,60.956,60.957,8070000,1
1299818220000,1299818279000,60.956,60.956,60.929,60.929,37200000,1
1299818280000,1299818339000,60.929,60.929,60.917,60.917,37550000,1
1299818340000,1299818399000,60.916,60.927,60.916,60.927,10700000,1
1299818400000,1299818459000,60.927,60.928,60.909,60.909,17680000,1
1299818460000,1299818519000,60.908,60.908,60.906,60.907,7500000,1
1299818520000,1299818579000,60.906,60.908,60.887,60.898,37980000,1
1299818580000,1299818639000,60.898,60.906,60.898,60.898,15600000,1
1299818640000,1299818699000,60.898,60.898,60.897,60.897,21400000,1
1299818700000,1299818759000,60.897,60.897,60.897,60.897,7500000,1
1299818760000,1299818819000,60.897,60.897,60.887,60.897,21390000,1
1299818820000,1299818879000,60.897,60.897,60.887,60.887,41110000,1
1299818880000,1299818939000,60.887,60.888,60.887,60.888,37870000,1
1299818940000,1299818999000,60.888,60.897,60.887,60.896,29860000,1
1299819000000,1299819059000,60.896,60.898,60.877,60.877,64970000,1
1299819060000,1299819119000,60.877,60.878,60.867,60.878,42440000,1
1299819120000,1299819179000,60.878,60.887,60.877,60.878,31170000,1
1299819180000,1299819239000,60.878,60.902,60.878,60.878,42610000,1
1299819240000,1299819299000,60.887,60.897,60.867,60.896,97810000,1
1299819300000,1299819359000,60.897,60.897,60.878,60.878,37340000,1
1299819360000,1299819419000,60.878,60.887,60.876,60.876,25330000,1
1299819420000,1299819479000,60.88,60.886,60.876,60.876,34150000,1
1299819480000,1299819539000,60.876,60.877,60.866,60.877,26440000,1
1299819540000,1299819599000,60.865,60.871,60.854,60.863,123160000,1
1299819600000,1299819659000,60.877,60.892,60.877,60.887,22160000,1
1299819660000,1299819719000,60.887,60.887,60.878,60.878,6190000,1
1299819720000,1299819779000,60.877,60.878,60.868,60.877,29120000,1
1299819780000,1299819839000,60.877,60.878,60.877,60.878,4700000,1
1299819840000,1299819899000,60.878,60.878,60.877,60.878,26850000,1
1299819900000,1299819959000,60.878,60.878,60.867,60.878,37790000,1
1299819960000,1299820019000,60.868,60.868,60.858,60.866,15950000,1
1299820020000,1299820079000,60.858,60.868,60.858,60.868,8760000,1
1299820080000,1299820139000,60.87,60.877,60.857,60.868,22150000,1
1299820140000,1299820199000,60.86,60.873,60.86,60.868,48550000,1
1299820200000,1299820259000,60.868,60.878,60.867,60.877,47020000,1
1299820260000,1299820319000,60.877,60.897,60.877,60.887,82560000,1
1299820320000,1299820379000,60.887,60.891,60.887,60.888,56690000,1
1299820380000,1299820439000,60.888,60.888,60.867,60.878,85650000,1
1299820440000,1299820499000,60.87,60.878,60.87,60.877,12460000,1
1299820500000,1299820559000,60.876,60.877,60.867,60.868,45030000,1
1299820560000,1299820619000,60.871,60.871,60.867,60.868,22290000,1
1299820620000,1299820679000,60.868,60.868,60.862,60.868,36030000,1
1299820680000,1299820739000,60.868,60.868,60.868,60.868,4690000,1
1299820740000,1299820799000,60.868,60.868,60.868,60.868,2250000,1
1299820800000,1299820859000,60.868,60.877,60.867,60.868,32690000,1
1299820860000,1299820919000,60.868,60.878,60.862,60.868,115260000,1
1299820920000,1299820979000,60.868,60.878,60.867,60.878,80720000,1
1299820980000,1299821039000,60.877,60.881,60.877,60.877,36200000,1
1299821040000,1299821099000,60.877,60.877,60.877,60.877,17260000,1
1299821100000,1299821159000,60.878,60.888,60.877,60.879,25720000,1
1299821160000,1299821219000,60.878,60.879,60.878,60.879,3960000,1
1299821220000,1299821279000,60.879,60.879,60.877,60.877,5450000,1
1299821280000,1299821339000,60.877,60.877,60.877,60.877,8110000,1
1299821340000,1299821399000,60.877,60.887,60.877,60.88,44040000,1
1299821400000,1299821459000,60.877,60.878,60.867,60.872,25830000,1
1299821460000,1299821519000,60.87,60.878,60.869,60.877,22500000,1
1299821520000,1299821579000,60.878,60.878,60.878,60.878,2250000,1
1299821580000,1299821639000,60.878,60.878,60.876,60.878,12570000,1
1299821640000,1299821699000,60.878,60.881,60.876,60.877,49530000,1
1299821700000,1299821759000,60.877,60.877,60.877,60.877,17190000,1
1299821760000,1299821819000,60.877,60.877,60.877,60.877,16500000,1
1299821820000,1299821879000,60.877,60.898,60.877,60.896,18580000,1
1299821880000,1299821939000,60.891,60.891,60.888,60.888,15930000,1
1299821940000,1299821999000,60.891,60.898,60.887,60.888,30610000,1
1299822000000,1299822059000,60.888,60.888,60.869,60.869,40450000,1
1299822060000,1299822119000,60.869,60.886,60.869,60.878,72990000,1
1299822120000,1299822179000,60.878,60.879,60.872,60.878,41660000,1
1299822180000,1299822239000,60.878,60.888,60.877,60.887,57790000,1
1299822240000,1299822299000,60.887,60.887,60.871,60.878,39070000,1
1299822300000,1299822359000,60.877,60.88,60.877,60.878,31030000,1
1299822360000,1299822419000,60.878,60.878,60.867,60.876,24410000,1
1299822420000,1299822479000,60.877,60.878,60.867,60.877,61570000,1
1299822480000,1299822539000,60.868,60.921,60.868,60.898,148900000,1
1299822540000,1299822599000,60.902,60.996,60.902,60.985,152720000,1
1299822600000,1299822659000,60.987,61.037,60.926,60.936,326030000,1
1299822660000,1299822719000,60.937,60.978,60.913,60.947,198390000,1
1299822720000,1299822779000,60.947,60.957,60.917,60.927,126150000,1
1299822780000,1299822839000,60.926,60.926,60.877,60.898,137300000,1
1299822840000,1299822899000,60.896,60.918,60.896,60.916,67160000,1
1299822900000,1299822959000,60.916,60.967,60.916,60.948,154140000,1
1299822960000,1299823019000,60.948,60.977,60.947,60.958,126650000,1
1299823020000,1299823079000,60.958,60.968,60.95,60.968,125360000,1
1299823080000,1299823139000,60.96,60.96,60.921,60.928,133860000,1
1299823140000,1299823199000,60.928,60.957,60.918,60.946,186710000,1
1299823200000,1299823259000,60.946,60.966,60.908,60.966,199460000,1
1299823260000,1299823319000,60.966,60.966,60.926,60.927,180380000,1
1299823320000,1299823379000,60.927,60.958,60.927,60.949,160640000,1
1299823380000,1299823439000,60.949,60.975,60.949,60.958,75830000,1
1299823440000,1299823499000,60.959,60.969,60.959,60.967,91180000,1
1299823500000,1299823559000,60.967,61.007,60.967,60.996,134180000,1
1299823560000,1299823619000,60.998,61.049,60.997,61.049,87020000,1
1299823620000,1299823679000,61.054,61.057,61.026,61.026,169010000,1
1299823680000,1299823739000,61.026,61.028,61.0,61.0,101950000,1
1299823740000,1299823799000,61.0,61.009,60.998,61.009,47190000,1
1299823800000,1299823859000,61.009,61.028,60.996,61.007,179260000,1
1299823860000,1299823919000,61.016,61.058,61.007,61.058,118190000,1
1299823920000,1299823979000,61.058,61.098,61.047,61.098,414980000,1
1299823980000,1299824039000,61.098,61.128,61.087,61.128,247540000,1
1299824040000,1299824099000,61.128,61.128,61.058,61.064,181330000,1
1299824100000,1299824159000,61.067,61.098,61.067,61.077,132260000,1
1299824160000,1299824219000,61.078,61.107,61.066,61.067,167820000,1
1299824220000,1299824279000,61.067,61.098,61.057,61.098,197450000,1
1299824280000,1299824339000,61.098,61.136,61.076,61.127,200000000,1
1299824340000,1299824399000,61.129,61.147,61.097,61.108,163620000,1
1299824400000,1299824459000,61.108,61.138,61.097,61.138,152760000,1
1299824460000,1299824519000,61.136,61.138,61.096,61.096,89490000,1
1299824520000,1299824579000,61.087,61.097,61.062,61.077,129610000,1
1299824580000,1299824639000,61.077,61.077,60.988,60.997,124060000,1
1299824640000,1299824699000,60.997,61.047,60.978,61.046,157380000,1
1299824700000,1299824759000,61.046,61.087,61.008,61.071,129850000,1
1299824760000,1299824819000,61.076,61.097,61.057,61.066,234680000,1
1299824820000,1299824879000,61.066,61.097,61.066,61.077,145140000,1
1299824880000,1299824939000,61.078,61.097,61.067,61.067,133710000,1
1299824940000,1299824999000,61.066,61.087,61.046,61.087,127030000,1
1299825000000,1299825059000,61.097,61.157,61.088,61.157,135250000,1
1299825060000,1299825119000,61.157,61.157,61.116,61.118,102260000,1
1299825120000,1299825179000,61.116,61.136,61.086,61.086,112930000,1
1299825180000,1299825239000,61.086,61.097,61.048,61.066,104920000,1
1299825240000,1299825299000,61.077,61.077,61.047,61.057,35070000,1
1299825300000,1299825359000,61.066,61.077,61.046,61.046,100050000,1
1299825360000,1299825419000,61.041,61.052,61.037,61.047,113020000,1
1299825420000,1299825479000,61.056,61.107,61.056,61.086,121070000,1
1299825480000,1299825539000,61.086,61.086,61.057,61.077,76770000,1
1299825540000,1299825599000,61.072,61.096,61.072,61.077,59510000,1
1299825600000,1299825659000,61.077,61.107,61.063,61.097,103970000,1
1299825660000,1299825719000,61.097,61.121,61.076,61.107,126140000,1
1299825720000,1299825779000,61.098,61.107,61.091,61.091,46530000,1
1299825780000,1299825839000,61.088,61.098,61.062,61.076,108140000,1
1299825840000,1299825899000,61.076,61.087,61.076,61.087,64930000,1
1299825900000,1299825959000,61.087,61.117,61.086,61.106,120400000,1
1299825960000,1299826019000,61.106,61.107,61.086,61.088,61750000,1
1299826020000,1299826079000,61.088,61.088,61.047,61.048,99920000,1
1299826080000,1299826139000,61.048,61.078,61.039,61.078,119650000,1
1299826140000,1299826199000,61.076,61.078,61.057,61.076,67020000,1
1299826200000,1299826259000,61.067,61.107,61.048,61.051,189790000,1
1299826260000,1299826319000,61.049,61.068,61.049,61.06,41930000,1
1299826320000,1299826379000,61.067,61.08,61.067,61.077,50520000,1
1299826380000,1299826439000,61.076,61.087,61.057,61.058,139170000,1
1299826440000,1299826499000,61.057,61.072,61.05,61.067,50540000,1
1299826500000,1299826559000,61.066,61.078,61.066,61.067,88560000,1
1299826560000,1299826619000,61.066,61.08,61.056,61.066,91420000,1
1299826620000,1299826679000,61.066,61.097,61.05,61.087,115410000,1
1299826680000,1299826739000,61.086,61.107,61.077,61.096,172970000,1
1299826740000,1299826799000,61.096,61.138,61.087,61.087,229690000,1
1299826800000,1299826859000,61.087,61.127,61.086,61.127,152690000,1
1299826860000,1299826919000,61.118,61.139,61.117,61.127,104260000,1
1299826920000,1299826979000,61.126,61.137,61.086,61.086,73530000,1
1299826980000,1299827039000,61.086,61.096,61.056,61.077,151580000,1
1299827040000,1299827099000,61.069,61.078,61.027,61.036,127450000,1
1299827100000,1299827159000,61.036,61.047,61.017,61.036,126410000,1
1299827160000,1299827219000,61.036,61.036,60.988,61.007,146140000,1
1299827220000,1299827279000,61.007,61.017,60.997,61.017,107800000,1
1299827280000,1299827339000,61.017,61.027,60.987,60.996,124290000,1
1299827340000,1299827399000,60.997,61.007,60.987,60.998,73370000,1
1299827400000,1299827459000,61.006,61.017,60.997,61.006,111670000,1
1299827460000,1299827519000,61.007,61.028,61.007,61.017,80580000,1
1299827520000,1299827579000,61.016,61.037,61.016,61.028,159010000,1
1299827580000,1299827639000,61.027,61.044,61.008,61.037,118820000,1
1299827640000,1299827699000,61.028,61.038,61.017,61.036,182100000,1
1299827700000,1299827759000,61.036,61.036,60.997,61.007,207480000,1
1299827760000,1299827819000,61.007,61.007,60.987,60.997,130020000,1
1299827820000,1299827879000,60.997,61.029,60.967,61.029,131400000,1
1299827880000,1299827939000,61.035,61.037,60.966,60.986,143580000,1
1299827940000,1299827999000,60.986,60.991,60.927,60.956,179070000,1
1299828000000,1299828059000,60.957,60.997,60.902,60.907,207160000,1
1299828060000,1299828119000,60.908,61.016,60.898,60.997,270470000,1
1299828120000,1299828179000,60.997,61.037,60.976,61.037,147560000,1
1299828180000,1299828239000,61.037,61.037,60.976,60.978,117040000,1
1299828240000,1299828299000,60.978,60.988,60.959,60.987,119880000,1
1299828300000,1299828359000,60.987,60.988,60.966,60.976,120410000,1
1299828360000,1299828419000,60.977,60.977,60.946,60.947,51430000,1
1299828420000,1299828479000,60.947,60.959,60.936,60.946,128460000,1
1299828480000,1299828539000,60.94,60.947,60.887,60.887,145420000,1
1299828540000,1299828599000,60.887,60.887,60.867,60.884,116190000,1
1299828600000,1299828659000,60.887,60.897,60.878,60.886,99330000,1
1299828660000,1299828719000,60.886,60.887,60.867,60.876,46020000,1
1299828720000,1299828779000,60.876,60.886,60.863,60.866,79300000,1
1299828780000,1299828839000,60.866,60.877,60.856,60.877,91820000,1
1299828840000,1299828899000,60.877,60.897,60.876,60.886,108460000,1
1299828900000,1299828959000,60.886,60.886,60.828,60.857,143430000,1
1299828960000,1299829019000,60.85,60.858,60.827,60.837,77760000,1
1299829020000,1299829079000,60.846,60.846,60.809,60.837,106230000,1
1299829080000,1299829139000,60.837,60.837,60.797,60.836,137850000,1
1299829140000,1299829199000,60.836,60.836,60.806,60.807,50470000,1
1299829200000,1299829259000,60.799,60.818,60.786,60.786,69860000,1
1299829260000,1299829319000,60.787,60.828,60.787,60.806,144860000,1
1299829320000,1299829379000,60.808,60.847,60.766,60.828,197090000,1
1299829380000,1299829439000,60.836,60.857,60.826,60.856,89090000,1
1299829440000,1299829499000,60.856,60.857,60.816,60.817,72830000,1
1299829500000,1299829559000,60.817,60.826,60.806,60.807,42570000,1
1299829560000,1299829619000,60.807,60.817,60.788,60.801,120960000,1
1299829620000,1299829679000,60.801,60.846,60.796,60.827,93130000,1
1299829680000,1299829739000,60.837,60.856,60.836,60.856,89620000,1
1299829740000,1299829799000,60.851,60.877,60.851,60.866,97190000,1
1299829800000,1299829859000,60.867,60.887,60.837,60.846,112180000,1
1299829860000,1299829919000,60.846,60.867,60.837,60.867,80590000,1
1299829920000,1299829979000,60.867,60.867,60.837,60.837,93510000,1
1299829980000,1299830039000,60.836,60.836,60.746,60.766,220250000,1
1299830040000,1299830099000,60.766,60.788,60.736,60.747,197840000,1
1299830100000,1299830159000,60.748,60.767,60.723,60.727,187970000,1
1299830160000,1299830219000,60.729,60.766,60.727,60.747,157980000,1
1299830220000,1299830279000,60.747,60.777,60.747,60.776,123990000,1
1299830280000,1299830339000,60.776,60.78,60.766,60.777,66480000,1
1299830340000,1299830399000,60.777,60.786,60.766,60.786,104920000,1
1299830400000,1299830459000,60.786,60.797,60.766,60.767,62860000,1
1299830460000,1299830519000,60.767,60.767,60.757,60.757,41090000,1
1299830520000,1299830579000,60.757,60.757,60.737,60.747,92610000,1
1299830580000,1299830639000,60.737,60.767,60.737,60.767,46630000,1
1299830640000,1299830699000,60.767,60.797,60.766,60.776,131440000,1
1299830700000,1299830759000,60.776,60.797,60.766,60.797,103220000,1
1299830760000,1299830819000,60.807,60.827,60.796,60.816,109910000,1
1299830820000,1299830879000,60.816,60.816,60.797,60.807,82450000,1
1299830880000,1299830939000,60.807,60.829,60.806,60.826,81250000,1
1299830940000,1299830999000,60.826,60.846,60.806,60.826,62860000,1
1299831000000,1299831059000,60.826,60.836,60.806,60.807,47150000,1
1299831060000,1299831119000,60.81,60.856,60.808,60.848,103930000,1
1299831120000,1299831179000,60.848,60.859,60.846,60.847,100320000,1
1299831180000,1299831239000,60.847,60.868,60.847,60.859,75250000,1
1299831240000,1299831299000,60.859,60.898,60.859,60.893,88740000,1
1299831300000,1299831359000,60.896,60.901,60.892,60.899,67120000,1
1299831360000,1299831419000,60.9,60.909,60.887,60.89,81780000,1
1299831420000,1299831479000,60.89,60.891,60.886,60.887,29710000,1
1299831480000,1299831539000,60.888,60.888,60.852,60.868,79080000,1
1299831540000,1299831599000,60.869,60.889,60.867,60.883,99970000,1
1299831600000,1299831659000,60.878,60.888,60.858,60.888,117630000,1
1299831660000,1299831719000,60.888,60.888,60.873,60.873,73070000,1
1299831720000,1299831779000,60.876,60.897,60.876,60.897,83830000,1
1299831780000,1299831839000,60.897,60.918,60.89,60.897,98640000,1
1299831840000,1299831899000,60.897,60.9,60.861,60.869,126690000,1
1299831900000,1299831959000,60.865,60.868,60.831,60.848,85770000,1
1299831960000,1299832019000,60.848,60.859,60.838,60.851,54190000,1
1299832020000,1299832079000,60.849,60.85,60.832,60.835,88260000,1
1299832080000,1299832139000,60.835,60.843,60.815,60.818,72240000,1
1299832140000,1299832199000,60.811,60.828,60.808,60.822,105950000,1
1299832200000,1299832259000,60.828,60.837,60.818,60.83,103280000,1
1299832260000,1299832319000,60.827,60.828,60.797,60.798,68640000,1
1299832320000,1299832379000,60.798,60.818,60.79,60.815,63780000,1
1299832380000,1299832439000,60.813,60.818,60.788,60.791,52100000,1
1299832440000,1299832499000,60.797,60.817,60.789,60.813,62600000,1
1299832500000,1299832559000,60.809,60.827,60.743,60.788,197860000,1
1299832560000,1299832619000,60.788,60.798,60.757,60.793,172070000,1
1299832620000,1299832679000,60.79,60.794,60.782,60.787,78090000,1
1299832680000,1299832739000,60.788,60.795,60.778,60.791,65330000,1
1299832740000,1299832799000,60.791,60.791,60.772,60.778,73510000,1
1299832800000,1299832859000,60.778,60.807,60.776,60.807,110970000,1
1299832860000,1299832919000,60.807,60.83,60.807,60.827,95130000,1
1299832920000,1299832979000,60.827,60.828,60.787,60.826,117180000,1
1299832980000,1299833039000,60.826,60.826,60.787,60.787,98450000,1
1299833040000,1299833099000,60.787,60.787,60.769,60.769,44480000,1
1299833100000,1299833159000,60.768,60.768,60.756,60.768,92640000,1
1299833160000,1299833219000,60.766,60.768,60.746,60.768,68320000,1
1299833220000,1299833279000,60.781,60.788,60.777,60.786,86990000,1
1299833280000,1299833339000,60.786,60.788,60.776,60.776,33250000,1
1299833340000,1299833399000,60.777,60.777,60.766,60.777,37270000,1
1299833400000,1299833459000,60.777,60.79,60.75,60.786,67660000,1
1299833460000,1299833519000,60.786,60.797,60.777,60.797,45450000,1
1299833520000,1299833579000,60.792,60.825,60.792,60.816,85090000,1
1299833580000,1299833639000,60.817,60.817,60.807,60.807,42810000,1
1299833640000,1299833699000,60.808,60.819,60.808,60.816,63860000,1
1299833700000,1299833759000,60.811,60.815,60.796,60.815,74960000,1
1299833760000,1299833819000,60.816,60.833,60.816,60.83,22610000,1
1299833820000,1299833879000,60.827,60.829,60.822,60.827,27600000,1
1299833880000,1299833939000,60.827,60.828,60.807,60.808,52760000,1
1299833940000,1299833999000,60.798,60.807,60.781,60.807,95140000,1
1299834000000,1299834059000,60.807,60.807,60.786,60.797,128260000,1
1299834060000,1299834119000,60.797,60.811,60.774,60.788,140630000,1
1299834120000,1299834179000,60.788,60.807,60.779,60.787,100360000,1
1299834180000,1299834239000,60.787,60.788,60.77,60.787,74030000,1
1299834240000,1299834299000,60.786,60.797,60.781,60.788,56460000,1
1299834300000,1299834359000,60.786,60.806,60.786,60.787,66030000,1
1299834360000,1299834419000,60.786,60.797,60.786,60.797,23980000,1
1299834420000,1299834479000,60.799,60.807,60.788,60.788,35190000,1
1299834480000,1299834539000,60.797,60.797,60.789,60.789,16530000,1
1299834540000,1299834599000,60.787,60.797,60.787,60.797,44690000,1
1299834600000,1299834659000,60.797,60.809,60.797,60.807,46950000,1
1299834660000,1299834719000,60.807,60.817,60.802,60.817,25930000,1
1299834720000,1299834779000,60.817,60.82,60.796,60.807,49730000,1
1299834780000,1299834839000,60.807,60.816,60.806,60.806,68680000,1
1299834840000,1299834899000,60.806,60.807,60.796,60.796,25350000,1
1299834900000,1299834959000,60.807,60.827,60.806,60.817,27960000,1
1299834960000,1299835019000,60.817,60.817,60.776,60.777,53090000,1
1299835020000,1299835079000,60.777,60.787,60.767,60.777,59160000,1
1299835080000,1299835139000,60.777,60.787,60.777,60.777,40700000,1
1299835140000,1299835199000,60.777,60.787,60.776,60.787,40560000,1
1299835200000,1299835259000,60.787,60.836,60.776,60.836,123860000,1
1299835260000,1299835319000,60.836,60.838,60.827,60.828,74170000,1
1299835320000,1299835379000,60.828,60.828,60.797,60.797,74210000,1
1299835380000,1299835439000,60.797,60.816,60.797,60.816,44350000,1
1299835440000,1299835499000,60.816,60.816,60.786,60.797,94790000,1
1299835500000,1299835559000,60.788,60.797,60.778,60.797,54720000,1
1299835560000,1299835619000,60.788,60.797,60.788,60.797,30810000,1
1299835620000,1299835679000,60.797,60.837,60.796,60.826,50520000,1
1299835680000,1299835739000,60.822,60.828,60.817,60.817,64060000,1
1299835740000,1299835799000,60.817,60.817,60.787,60.808,99770000,1
1299835800000,1299835859000,60.809,60.817,60.798,60.806,90770000,1
1299835860000,1299835919000,60.807,60.817,60.797,60.817,83500000,1
1299835920000,1299835979000,60.817,60.836,60.816,60.819,105500000,1
1299835980000,1299836039000,60.819,60.868,60.819,60.848,140620000,1
1299836040000,1299836099000,60.842,60.867,60.837,60.857,97150000,1
1299836100000,1299836159000,60.857,60.862,60.839,60.856,154170000,1
1299836160000,1299836219000,60.856,60.888,60.856,60.877,119600000,1
1299836220000,1299836279000,60.878,60.888,60.867,60.888,104090000,1
1299836280000,1299836339000,60.888,60.898,60.883,60.888,60250000,1
1299836340000,1299836399000,60.888,60.888,60.865,60.868,147440000,1
1299836400000,1299836459000,60.868,60.878,60.866,60.867,84690000,1
1299836460000,1299836519000,60.866,60.866,60.838,60.849,70170000,1
1299836520000,1299836579000,60.848,60.853,60.837,60.846,82270000,1
1299836580000,1299836639000,60.842,60.852,60.842,60.852,50340000,1
1299836640000,1299836699000,60.856,60.858,60.831,60.837,27200000,1
1299836700000,1299836759000,60.84,60.866,60.84,60.85,89120000,1
1299836760000,1299836819000,60.856,60.857,60.846,60.847,70930000,1
1299836820000,1299836879000,60.847,60.858,60.837,60.846,107860000,1
1299836880000,1299836939000,60.846,60.856,60.839,60.846,73200000,1
1299836940000,1299836999000,60.847,60.849,60.811,60.812,102700000,1
1299837000000,1299837059000,60.807,60.817,60.797,60.811,53450000,1
1299837060000,1299837119000,60.817,60.827,60.79,60.801,106270000,1
1299837120000,1299837179000,60.8,60.82,60.796,60.806,64640000,1
1299837180000,1299837239000,60.81,60.818,60.786,60.797,87850000,1
1299837240000,1299837299000,60.797,60.797,60.746,60.746,158280000,1
1299837300000,1299837359000,60.74,60.74,60.682,60.736,315580000,1
1299837360000,1299837419000,60.728,60.736,60.711,60.716,181420000,1
1299837420000,1299837479000,60.716,60.726,60.708,60.726,101670000,1
1299837480000,1299837539000,60.726,60.737,60.716,60.726,102960000,1
1299837540000,1299837599000,60.726,60.737,60.716,60.723,136270000,1
1299837600000,1299837659000,60.721,60.737,60.701,60.708,137510000,1
1299837660000,1299837719000,60.716,60.716,60.686,60.69,160390000,1
1299837720000,1299837779000,60.686,60.69,60.61,60.616,236680000,1
1299837780000,1299837839000,60.617,60.627,60.574,60.587,244790000,1
1299837840000,1299837899000,60.588,60.612,60.527,60.527,275910000,1
1299837900000,1299837959000,60.527,60.537,60.476,60.476,211470000,1
1299837960000,1299838019000,60.476,60.538,60.476,60.526,271370000,1
1299838020000,1299838079000,60.526,60.527,60.498,60.508,165440000,1
1299838080000,1299838139000,60.506,60.506,60.477,60.506,154530000,1
1299838140000,1299838199000,60.497,60.527,60.497,60.506,173730000,1
1299838200000,1299838259000,60.506,60.506,60.437,60.437,188760000,1
1299838260000,1299838319000,60.437,60.445,60.386,60.398,250400000,1
1299838320000,1299838379000,60.398,60.427,60.375,60.377,223370000,1
1299838380000,1299838439000,60.378,60.387,60.327,60.386,219370000,1
1299838440000,1299838499000,60.387,60.397,60.356,60.378,158360000,1
1299838500000,1299838559000,60.378,60.427,60.358,60.427,234420000,1
1299838560000,1299838619000,60.427,60.461,60.427,60.457,266410000,1
1299838620000,1299838679000,60.457,60.498,60.446,60.477,295480000,1
1299838680000,1299838739000,60.472,60.481,60.449,60.458,177580000,1
1299838740000,1299838799000,60.458,60.46,60.44,60.457,106240000,1
1299838800000,1299838859000,60.457,60.459,60.436,60.437,47290000,1
1299838860000,1299838919000,60.438,60.448,60.426,60.438,114650000,1
1299838920000,1299838979000,60.438,60.457,60.436,60.446,114840000,1
1299838980000,1299839039000,60.436,60.448,60.408,60.426,186350000,1
1299839040000,1299839099000,60.426,60.437,60.395,60.406,142850000,1
1299839100000,1299839159000,60.406,60.406,60.386,60.386,91020000,1
1299839160000,1299839219000,60.386,60.422,60.386,60.407,136430000,1
1299839220000,1299839279000,60.411,60.423,60.396,60.416,111080000,1
1299839280000,1299839339000,60.416,60.416,60.396,60.407,132050000,1
1299839340000,1299839399000,60.41,60.413,60.383,60.396,111640000,1
1299839400000,1299839459000,60.396,60.397,60.386,60.396,80290000,1
1299839460000,1299839519000,60.396,60.406,60.377,60.386,121540000,1
1299839520000,1299839579000,60.386,60.396,60.367,60.377,175970000,1
1299839580000,1299839639000,60.378,60.378,60.327,60.337,145770000,1
1299839640000,1299839699000,60.33,60.338,60.306,60.306,228360000,1
1299839700000,1299839759000,60.307,60.327,60.278,60.327,262950000,1
1299839760000,1299839819000,60.334,60.338,60.311,60.326,257910000,1
1299839820000,1299839879000,60.326,60.408,60.326,60.397,148210000,1
1299839880000,1299839939000,60.396,60.396,60.359,60.378,97930000,1
1299839940000,1299839999000,60.379,60.408,60.379,60.397,61790000,1
1299840000000,1299840059000,60.399,60.408,60.397,60.407,60210000,1
1299840060000,1299840119000,60.407,60.408,60.386,60.399,88680000,1
1299840120000,1299840179000,60.398,60.416,60.396,60.406,101660000,1
1299840180000,1299840239000,60.407,60.438,60.407,60.428,63250000,1
1299840240000,1299840299000,60.428,60.453,60.428,60.448,89020000,1
1299840300000,1299840359000,60.448,60.468,60.447,60.461,81340000,1
1299840360000,1299840419000,60.46,60.48,60.458,60.476,177010000,1
1299840420000,1299840479000,60.476,60.484,60.461,60.477,105220000,1
1299840480000,1299840539000,60.477,60.508,60.476,60.506,144550000,1
1299840540000,1299840599000,60.506,60.527,60.486,60.527,129220000,1
1299840600000,1299840659000,60.527,60.537,60.498,60.517,133660000,1
1299840660000,1299840719000,60.506,60.507,60.496,60.506,53150000,1
1299840720000,1299840779000,60.506,60.517,60.476,60.496,133430000,1
1299840780000,1299840839000,60.497,60.525,60.496,60.517,141850000,1
1299840840000,1299840899000,60.507,60.538,60.487,60.536,97310000,1
1299840900000,1299840959000,60.536,60.548,60.498,60.517,131010000,1
1299840960000,1299841019000,60.517,60.537,60.517,60.531,80480000,1
1299841020000,1299841079000,60.531,60.569,60.531,60.567,129610000,1
1299841080000,1299841139000,60.567,60.587,60.556,60.576,117680000,1
1299841140000,1299841199000,60.578,60.592,60.577,60.585,60530000,1
1299841200000,1299841259000,60.587,60.587,60.556,60.567,101820000,1
1299841260000,1299841319000,60.568,60.581,60.566,60.566,62740000,1
1299841320000,1299841379000,60.567,60.568,60.548,60.557,44380000,1
1299841380000,1299841439000,60.557,60.557,60.527,60.527,48020000,1
1299841440000,1299841499000,60.527,60.527,60.507,60.508,84140000,1
1299841500000,1299841559000,60.511,60.528,60.511,60.527,68080000,1
1299841560000,1299841619000,60.529,60.536,60.508,60.521,72350000,1
1299841620000,1299841679000,60.509,60.518,60.496,60.517,98010000,1
1299841680000,1299841739000,60.517,60.517,60.471,60.478,140660000,1
1299841740000,1299841799000,60.478,60.497,60.476,60.487,87220000,1
1299841800000,1299841859000,60.487,60.487,60.476,60.487,67580000,1
1299841860000,1299841919000,60.487,60.497,60.462,60.47,93440000,1
1299841920000,1299841979000,60.478,60.487,60.437,60.438,170970000,1
1299841980000,1299842039000,60.441,60.446,60.417,60.42,209250000,1
1299842040000,1299842099000,60.42,60.45,60.402,60.407,164090000,1
1299842100000,1299842159000,60.407,60.417,60.396,60.397,90090000,1
1299842160000,1299842219000,60.398,60.437,60.358,60.358,209780000,1
1299842220000,1299842279000,60.357,60.417,60.328,60.417,294480000,1
1299842280000,1299842339000,60.412,60.458,60.412,60.416,163310000,1
1299842340000,1299842399000,60.417,60.427,60.406,60.42,57840000,1
1299842400000,1299842459000,60.42,60.426,60.407,60.407,63070000,1
1299842460000,1299842519000,60.407,60.427,60.406,60.416,100990000,1
1299842520000,1299842579000,60.418,60.427,60.407,60.417,109330000,1
1299842580000,1299842639000,60.417,60.417,60.407,60.417,27960000,1
1299842640000,1299842699000,60.417,60.419,60.416,60.416,19690000,1
1299842700000,1299842759000,60.423,60.44,60.421,60.436,93560000,1
1299842760000,1299842819000,60.436,60.439,60.427,60.436,42170000,1
1299842820000,1299842879000,60.437,60.437,60.397,60.418,145590000,1
1299842880000,1299842939000,60.418,60.427,60.416,60.426,79590000,1
1299842940000,1299842999000,60.418,60.427,60.398,60.416,138320000,1
1299843000000,1299843059000,60.416,60.427,60.408,60.41,58470000,1
1299843060000,1299843119000,60.41,60.426,60.387,60.389,133610000,1
1299843120000,1299843179000,60.391,60.417,60.386,60.417,42940000,1
1299843180000,1299843239000,60.409,60.429,60.409,60.427,66180000,1
1299843240000,1299843299000,60.427,60.437,60.427,60.437,57210000,1
1299843300000,1299843359000,60.436,60.438,60.417,60.427,84540000,1
1299843360000,1299843419000,60.428,60.436,60.416,60.427,55940000,1
1299843420000,1299843479000,60.427,60.427,60.408,60.416,44330000,1
1299843480000,1299843539000,60.416,60.427,60.408,60.416,37110000,1
1299843540000,1299843599000,60.409,60.417,60.402,60.408,47910000,1
1299843600000,1299843659000,60.412,60.438,60.407,60.438,77190000,1
1299843660000,1299843719000,60.441,60.446,60.428,60.428,57280000,1
1299843720000,1299843779000,60.428,60.456,60.428,60.456,82550000,1
1299843780000,1299843839000,60.456,60.456,60.431,60.437,103440000,1
1299843840000,1299843899000,60.437,60.448,60.429,60.439,27600000,1
1299843900000,1299843959000,60.438,60.458,60.437,60.458,52770000,1
1299843960000,1299844019000,60.458,60.501,60.458,60.498,139570000,1
1299844020000,1299844079000,60.498,60.518,60.497,60.51,84540000,1
1299844080000,1299844139000,60.508,60.517,60.507,60.507,49230000,1
1299844140000,1299844199000,60.507,60.508,60.49,60.496,93660000,1
1299844200000,1299844259000,60.496,60.497,60.487,60.487,55740000,1
1299844260000,1299844319000,60.487,60.503,60.477,60.502,102890000,1
1299844320000,1299844379000,60.504,60.517,60.497,60.507,105290000,1
1299844380000,1299844439000,60.507,60.508,60.496,60.497,77760000,1
1299844440000,1299844499000,60.497,60.5,60.458,60.462,137130000,1
1299844500000,1299844559000,60.459,60.467,60.451,60.466,66520000,1
1299844560000,1299844619000,60.472,60.512,60.472,60.507,96950000,1
1299844620000,1299844679000,60.507,60.516,60.497,60.497,50560000,1
1299844680000,1299844739000,60.498,60.507,60.496,60.496,80700000,1
1299844740000,1299844799000,60.496,60.498,60.49,60.498,51150000,1
1299844800000,1299844859000,60.498,60.52,60.487,60.516,132500000,1
1299844860000,1299844919000,60.508,60.517,60.495,60.495,59040000,1
1299844920000,1299844979000,60.497,60.52,60.495,60.517,43250000,1
1299844980000,1299845039000,60.513,60.534,60.506,60.528,125390000,1
1299845040000,1299845099000,60.528,60.528,60.505,60.514,34610000,1
1299845100000,1299845159000,60.514,60.529,60.504,60.513,70950000,1
1299845160000,1299845219000,60.516,60.53,60.509,60.525,82520000,1
1299845220000,1299845279000,60.526,60.54,60.525,60.538,60590000,1
1299845280000,1299845339000,60.542,60.548,60.528,60.528,65950000,1
1299845340000,1299845399000,60.528,60.541,60.527,60.541,53390000,1
1299845400000,1299845459000,60.54,60.548,60.538,60.543,34070000,1
1299845460000,1299845519000,60.543,60.554,60.541,60.554,25810000,1
1299845520000,1299845579000,60.55,60.55,60.546,60.547,17300000,1
1299845580000,1299845639000,60.55,60.559,60.55,60.559,5280000,1
1299845640000,1299845699000,60.557,60.562,60.555,60.562,33270000,1
1299845700000,1299845759000,60.559,60.579,60.559,60.577,67880000,1
1299845760000,1299845819000,60.571,60.588,60.57,60.588,47000000,1
1299845820000,1299845879000,60.591,60.626,60.591,60.616,87310000,1
1299845880000,1299845939000,60.608,60.638,60.608,60.637,91990000,1
1299845940000,1299845999000,60.637,60.668,60.627,60.627,167230000,1
1299846000000,1299846059000,60.629,60.629,60.621,60.624,50010000,1
1299846060000,1299846119000,60.625,60.637,60.608,60.608,107540000,1
1299846120000,1299846179000,60.608,60.627,60.576,60.606,161940000,1
1299846180000,1299846239000,60.606,60.661,60.606,60.661,139130000,1
1299846240000,1299846299000,60.667,60.704,60.647,60.694,119930000,1
1299846300000,1299846359000,60.697,60.699,60.658,60.667,135340000,1
1299846360000,1299846419000,60.658,60.678,60.658,60.658,63150000,1
1299846420000,1299846479000,60.66,60.666,60.646,60.658,127390000,1
1299846480000,1299846539000,60.658,60.673,60.657,60.668,91030000,1
1299846540000,1299846599000,60.668,60.669,60.666,60.667,17140000,1
1299846600000,1299846659000,60.667,60.679,60.66,60.667,80800000,1
1299846660000,1299846719000,60.667,60.672,60.667,60.667,25740000,1
1299846720000,1299846779000,60.664,60.672,60.664,60.668,26920000,1
1299846780000,1299846839000,60.672,60.678,60.668,60.673,63510000,1
1299846840000,1299846899000,60.672,60.698,60.667,60.696,63090000,1
1299846900000,1299846959000,60.696,60.719,60.69,60.717,72880000,1
1299846960000,1299847019000,60.717,60.727,60.71,60.716,71810000,1
1299847020000,1299847079000,60.716,60.717,60.696,60.697,62400000,1
1299847080000,1299847139000,60.696,60.708,60.689,60.698,57790000,1
1299847140000,1299847199000,60.698,60.718,60.697,60.718,37760000,1
1299847200000,1299847259000,60.718,60.718,60.707,60.708,28950000,1
1299847260000,1299847319000,60.707,60.708,60.691,60.691,35310000,1
1299847320000,1299847379000,60.698,60.701,60.687,60.698,46650000,1
1299847380000,1299847439000,60.698,60.707,60.691,60.705,56420000,1
1299847440000,1299847499000,60.708,60.708,60.697,60.699,37030000,1
1299847500000,1299847559000,60.699,60.706,60.696,60.702,26660000,1
1299847560000,1299847619000,60.701,60.712,60.698,60.698,68680000,1
1299847620000,1299847679000,60.698,60.701,60.692,60.692,24830000,1
1299847680000,1299847739000,60.693,60.693,60.682,60.688,37990000,1
1299847740000,1299847799000,60.688,60.698,60.688,60.693,43860000,1
1299847800000,1299847859000,60.693,60.711,60.693,60.708,71470000,1
1299847860000,1299847919000,60.707,60.737,60.707,60.727,53800000,1
1299847920000,1299847979000,60.727,60.737,60.707,60.718,75340000,1
1299847980000,1299848039000,60.718,60.741,60.718,60.737,74960000,1
1299848040000,1299848099000,60.737,60.737,60.699,60.699,140100000,1
1299848100000,1299848159000,60.697,60.697,60.678,60.692,89810000,1
1299848160000,1299848219000,60.69,60.698,60.67,60.673,108610000,1
1299848220000,1299848279000,60.67,60.68,60.653,60.656,94660000,1
1299848280000,1299848339000,60.656,60.667,60.65,60.658,80530000,1
1299848340000,1299848399000,60.658,60.687,60.658,60.678,144280000,1
1299848400000,1299848459000,60.684,60.688,60.668,60.669,77210000,1
1299848460000,1299848519000,60.668,60.668,60.658,60.668,42220000,1
1299848520000,1299848579000,60.668,60.678,60.65,60.67,61750000,1
1299848580000,1299848639000,60.668,60.688,60.647,60.656,233600000,1
1299848640000,1299848699000,60.656,60.668,60.638,60.651,108490000,1
1299848700000,1299848759000,60.648,60.659,60.64,60.647,55140000,1
1299848760000,1299848819000,60.646,60.653,60.638,60.64,67200000,1
1299848820000,1299848879000,60.64,60.657,60.632,60.635,56510000,1
1299848880000,1299848939000,60.635,60.64,60.621,60.632,79850000,1
1299848940000,1299848999000,60.628,60.634,60.611,60.616,83720000,1
1299849000000,1299849059000,60.613,60.625,60.607,60.611,118950000,1
1299849060000,1299849119000,60.613,60.619,60.607,60.607,58030000,1
1299849120000,1299849179000,60.607,60.608,60.592,60.602,59660000,1
1299849180000,1299849239000,60.607,60.64,60.607,60.627,57150000,1
1299849240000,1299849299000,60.627,60.628,60.617,60.617,73720000,1
1299849300000,1299849359000,60.617,60.628,60.612,60.628,89210000,1
1299849360000,1299849419000,60.628,60.632,60.617,60.618,51670000,1
1299849420000,1299849479000,60.623,60.647,60.617,60.647,72180000,1
1299849480000,1299849539000,60.647,60.651,60.627,60.638,109500000,1
1299849540000,1299849599000,60.638,60.652,60.628,60.65,115970000,1
1299849600000,1299849659000,60.647,60.657,60.628,60.638,157980000,1
1299849660000,1299849719000,60.631,60.65,60.631,60.647,113820000,1
1299849720000,1299849779000,60.647,60.648,60.639,60.648,71170000,1
1299849780000,1299849839000,60.647,60.658,60.642,60.658,89430000,1
1299849840000,1299849899000,60.658,60.658,60.64,60.658,114970000,1
1299849900000,1299849959000,60.658,60.658,60.637,60.646,153780000,1
1299849960000,1299850019000,60.648,60.648,60.627,60.628,93280000,1
1299850020000,1299850079000,60.628,60.628,60.617,60.617,57700000,1
1299850080000,1299850139000,60.617,60.628,60.607,60.628,101790000,1
1299850140000,1299850199000,60.627,60.638,60.587,60.587,108560000,1
1299850200000,1299850259000,60.586,60.653,60.586,60.614,241940000,1
1299850260000,1299850319000,60.616,60.651,60.609,60.648,231210000,1
1299850320000,1299850379000,60.65,60.669,60.642,60.658,180250000,1
1299850380000,1299850439000,60.658,60.71,60.651,60.707,254790000,1
1299850440000,1299850499000,60.707,60.753,60.707,60.737,293250000,1
1299850500000,1299850559000,60.737,60.758,60.73,60.748,209550000,1
1299850560000,1299850619000,60.741,60.741,60.719,60.728,148860000,1
1299850620000,1299850679000,60.731,60.747,60.726,60.728,141160000,1
1299850680000,1299850739000,60.728,60.789,60.726,60.767,234030000,1
1299850740000,1299850799000,60.768,60.79,60.758,60.761,160590000,1
1299850800000,1299850859000,60.759,60.761,60.746,60.746,106430000,1
1299850860000,1299850919000,60.746,60.746,60.729,60.737,163240000,1
1299850920000,1299850979000,60.736,60.743,60.71,60.719,176660000,1
1299850980000,1299851039000,60.722,60.731,60.708,60.731,105340000,1
1299851040000,1299851099000,60.733,60.737,60.707,60.707,178020000,1
1299851100000,1299851159000,60.707,60.709,60.697,60.707,137910000,1
1299851160000,1299851219000,60.709,60.709,60.678,60.682,206440000,1
1299851220000,1299851279000,60.686,60.687,60.666,60.668,122900000,1
1299851280000,1299851339000,60.668,60.673,60.657,60.667,174070000,1
1299851340000,1299851399000,60.667,60.678,60.628,60.646,189540000,1
1299851400000,1299851459000,60.647,60.679,60.64,60.678,228770000,1
1299851460000,1299851519000,60.678,60.687,60.657,60.657,199300000,1
1299851520000,1299851579000,60.657,60.665,60.639,60.662,171250000,1
1299851580000,1299851639000,60.66,60.661,60.647,60.649,154980000,1
1299851640000,1299851699000,60.647,60.677,60.638,60.657,194620000,1
1299851700000,1299851759000,60.657,60.698,60.657,60.68,172490000,1
1299851760000,1299851819000,60.677,60.701,60.677,60.698,190120000,1
1299851820000,1299851879000,60.698,60.736,60.698,60.727,208320000,1
1299851880000,1299851939000,60.727,60.742,60.659,60.66,210110000,1
1299851940000,1299851999000,60.668,60.697,60.668,60.681,144360000,1
1299852000000,1299852059000,60.678,60.685,60.667,60.668,149080000,1
1299852060000,1299852119000,60.668,60.68,60.637,60.67,223640000,1
1299852120000,1299852179000,60.667,60.7,60.651,60.658,273920000,1
1299852180000,1299852239000,60.658,60.658,60.627,60.648,229180000,1
1299852240000,1299852299000,60.654,60.668,60.632,60.667,177150000,1
1299852300000,1299852359000,60.667,60.698,60.667,60.687,212380000,1
1299852360000,1299852419000,60.687,60.711,60.687,60.688,200630000,1
1299852420000,1299852479000,60.689,60.689,60.676,60.686,129920000,1
1299852480000,1299852539000,60.677,60.683,60.647,60.649,189860000,1
1299852540000,1299852599000,60.648,60.649,60.616,60.627,134290000,1
1299852600000,1299852659000,60.627,60.688,60.627,60.668,219870000,1
1299852660000,1299852719000,60.668,60.688,60.666,60.667,193550000,1
1299852720000,1299852779000,60.667,60.667,60.637,60.637,186300000,1
1299852780000,1299852839000,60.638,60.651,60.637,60.648,193720000,1
1299852840000,1299852899000,60.648,60.65,60.648,60.65,31170000,1
1299852900000,1299852959000,60.658,60.659,60.649,60.651,68750000,1
1299852960000,1299853019000,60.648,60.667,60.648,60.657,105860000,1
1299853020000,1299853079000,60.657,60.657,60.617,60.617,243020000,1
1299853080000,1299853139000,60.617,60.617,60.603,60.609,122590000,1
1299853140000,1299853199000,60.609,60.61,60.57,60.58,184990000,1
1299853200000,1299853259000,60.58,60.598,60.566,60.576,229940000,1
1299853260000,1299853319000,60.572,60.6,60.572,60.599,159060000,1
1299853320000,1299853379000,60.6,60.609,60.596,60.609,77040000,1
1299853380000,1299853439000,60.609,60.618,60.602,60.618,97230000,1
1299853440000,1299853499000,60.618,60.648,60.618,60.648,92990000,1
1299853500000,1299853559000,60.647,60.65,60.632,60.65,129060000,1
1299853560000,1299853619000,60.651,60.655,60.647,60.649,74460000,1
1299853620000,1299853679000,60.647,60.699,60.647,60.696,164630000,1
1299853680000,1299853739000,60.704,60.718,60.653,60.69,313990000,1
1299853740000,1299853799000,60.695,60.698,60.682,60.682,137120000,1
1299853800000,1299853859000,60.683,60.718,60.682,60.714,222650000,1
1299853860000,1299853919000,60.711,60.711,60.676,60.68,145070000,1
1299853920000,1299853979000,60.681,60.698,60.668,60.687,173470000,1
1299853980000,1299854039000,60.691,60.717,60.67,60.67,202320000,1
1299854040000,1299854099000,60.668,60.718,60.661,60.709,148290000,1
1299854100000,1299854159000,60.709,60.761,60.7,60.737,212940000,1
1299854160000,1299854219000,60.737,60.746,60.717,60.717,176260000,1
1299854220000,1299854279000,60.717,60.728,60.703,60.717,148360000,1
1299854280000,1299854339000,60.717,60.758,60.717,60.758,180960000,1
1299854340000,1299854399000,60.759,60.829,60.759,60.801,245830000,1
1299854400000,1299854459000,60.802,60.848,60.798,60.804,294130000,1
1299854460000,1299854519000,60.805,60.805,60.778,60.782,209290000,1
1299854520000,1299854579000,60.78,60.809,60.771,60.778,215100000,1
1299854580000,1299854639000,60.777,60.831,60.777,60.813,304910000,1
1299854640000,1299854699000,60.835,60.852,60.812,60.829,237880000,1
1299854700000,1299854759000,60.831,60.853,60.816,60.826,213710000,1
1299854760000,1299854819000,60.828,60.861,60.827,60.854,182500000,1
1299854820000,1299854879000,60.853,60.858,60.84,60.84,156440000,1
1299854880000,1299854939000,60.84,60.84,60.794,60.796,187850000,1
1299854940000,1299854999000,60.792,60.792,60.766,60.769,105290000,1
1299855000000,1299855059000,60.767,60.777,60.758,60.777,171510000,1
1299855060000,1299855119000,60.777,60.777,60.744,60.755,154980000,1
1299855120000,1299855179000,60.757,60.788,60.747,60.778,120870000,1
1299855180000,1299855239000,60.78,60.807,60.756,60.787,163440000,1
1299855240000,1299855299000,60.786,60.818,60.729,60.729,140480000,1
1299855300000,1299855359000,60.738,60.752,60.673,60.688,297080000,1
1299855360000,1299855419000,60.688,60.736,60.67,60.717,271790000,1
1299855420000,1299855479000,60.717,60.778,60.688,60.778,142120000,1
1299855480000,1299855539000,60.786,60.788,60.746,60.769,180440000,1
1299855540000,1299855599000,60.771,60.778,60.747,60.768,140040000,1
1299855600000,1299855659000,60.768,60.768,60.728,60.753,202340000,1
1299855660000,1299855719000,60.748,60.767,60.737,60.737,181080000,1
1299855720000,1299855779000,60.737,60.749,60.718,60.736,211090000,1
1299855780000,1299855839000,60.74,60.74,60.714,60.723,190240000,1
1299855840000,1299855899000,60.723,60.758,60.717,60.747,104860000,1
1299855900000,1299855959000,60.747,60.757,60.721,60.739,211760000,1
1299855960000,1299856019000,60.746,60.746,60.71,60.737,201780000,1
1299856020000,1299856079000,60.737,60.757,60.737,60.737,96690000,1
1299856080000,1299856139000,60.75,60.758,60.747,60.747,75030000,1
1299856140000,1299856199000,60.752,60.758,60.749,60.757,39400000,1
1299856200000,1299856259000,60.756,60.776,60.752,60.776,92680000,1
1299856260000,1299856319000,60.776,60.777,60.756,60.757,70320000,1
1299856320000,1299856379000,60.756,60.768,60.739,60.739,118000000,1
1299856380000,1299856439000,60.727,60.727,60.696,60.706,157090000,1
1299856440000,1299856499000,60.706,60.706,60.646,60.679,197920000,1
1299856500000,1299856559000,60.687,60.719,60.686,60.719,172000000,1
1299856560000,1299856619000,60.722,60.756,60.718,60.747,126460000,1
1299856620000,1299856679000,60.747,60.787,60.736,60.778,157400000,1
1299856680000,1299856739000,60.777,60.865,60.777,60.841,194200000,1
1299856740000,1299856799000,60.837,60.837,60.778,60.826,260320000,1
1299856800000,1299856859000,60.837,60.853,60.837,60.847,178050000,1
1299856860000,1299856919000,60.847,60.847,60.796,60.798,254870000,1
1299856920000,1299856979000,60.798,60.818,60.792,60.8,189540000,1
1299856980000,1299857039000,60.8,60.811,60.788,60.801,108040000,1
1299857040000,1299857099000,60.796,60.796,60.763,60.772,118860000,1
1299857100000,1299857159000,60.768,60.804,60.766,60.798,153880000,1
1299857160000,1299857219000,60.796,60.8,60.787,60.8,113540000,1
1299857220000,1299857279000,60.801,60.817,60.778,60.778,148950000,1
1299857280000,1299857339000,60.778,60.786,60.758,60.768,107530000,1
1299857340000,1299857399000,60.767,60.799,60.767,60.797,101210000,1
1299857400000,1299857459000,60.797,60.842,60.796,60.828,138350000,1
1299857460000,1299857519000,60.828,60.838,60.818,60.819,146400000,1
1299857520000,1299857579000,60.818,60.827,60.801,60.808,143040000,1
1299857580000,1299857639000,60.803,60.803,60.729,60.747,241830000,1
1299857640000,1299857699000,60.747,60.776,60.737,60.748,178340000,1
1299857700000,1299857759000,60.751,60.797,60.751,60.759,202680000,1
1299857760000,1299857819000,60.76,60.76,60.738,60.757,159200000,1
1299857820000,1299857879000,60.757,60.768,60.751,60.767,108440000,1
1299857880000,1299857939000,60.757,60.789,60.749,60.789,157520000,1
1299857940000,1299857999000,60.792,60.797,60.777,60.777,151430000,1
1299858000000,1299858059000,60.777,60.782,60.761,60.779,90430000,1
1299858060000,1299858119000,60.777,60.788,60.737,60.768,146730000,1
1299858120000,1299858179000,60.768,60.769,60.737,60.737,70650000,1
1299858180000,1299858239000,60.738,60.738,60.722,60.728,49300000,1
1299858240000,1299858299000,60.728,60.749,60.728,60.748,78770000,1
1299858300000,1299858359000,60.748,60.758,60.73,60.74,146480000,1
1299858360000,1299858419000,60.746,60.748,60.717,60.728,192900000,1
1299858420000,1299858479000,60.727,60.747,60.707,60.729,163240000,1
1299858480000,1299858539000,60.731,60.732,60.697,60.704,139760000,1
1299858540000,1299858599000,60.704,60.731,60.704,60.727,161360000,1
1299858600000,1299858659000,60.727,60.738,60.716,60.716,169350000,1
1299858660000,1299858719000,60.716,60.716,60.697,60.697,109040000,1
1299858720000,1299858779000,60.697,60.707,60.691,60.693,125220000,1
1299858780000,1299858839000,60.696,60.727,60.687,60.727,80140000,1
1299858840000,1299858899000,60.727,60.737,60.706,60.706,148020000,1
1299858900000,1299858959000,60.7,60.707,60.657,60.667,104920000,1
1299858960000,1299859019000,60.667,60.667,60.628,60.642,173170000,1
1299859020000,1299859079000,60.642,60.676,60.636,60.675,138220000,1
1299859080000,1299859139000,60.669,60.682,60.638,60.642,185290000,1
1299859140000,1299859199000,60.644,60.657,60.547,60.552,255580000,1
1299859200000,1299859259000,60.551,60.577,60.527,60.556,224950000,1
1299859260000,1299859319000,60.556,60.586,60.535,60.586,189760000,1
1299859320000,1299859379000,60.581,60.587,60.537,60.547,164980000,1
1299859380000,1299859439000,60.547,60.557,60.527,60.547,117540000,1
1299859440000,1299859499000,60.547,60.547,60.506,60.522,151580000,1
1299859500000,1299859559000,60.517,60.533,60.506,60.531,71590000,1
1299859560000,1299859619000,60.537,60.537,60.516,60.526,124530000,1
1299859620000,1299859679000,60.526,60.537,60.52,60.527,97080000,1
1299859680000,1299859739000,60.527,60.537,60.515,60.515,137170000,1
1299859740000,1299859799000,60.513,60.527,60.468,60.508,216130000,1
1299859800000,1299859859000,60.509,60.517,60.487,60.489,119290000,1
1299859860000,1299859919000,60.489,60.498,60.488,60.488,85830000,1
1299859920000,1299859979000,60.487,60.506,60.446,60.497,247110000,1
1299859980000,1299860039000,60.497,60.497,60.447,60.448,149840000,1
1299860040000,1299860099000,60.453,60.467,60.447,60.456,100120000,1
1299860100000,1299860159000,60.456,60.477,60.448,60.467,184090000,1
1299860160000,1299860219000,60.468,60.476,60.447,60.468,168860000,1
1299860220000,1299860279000,60.467,60.516,60.467,60.508,193940000,1
1299860280000,1299860339000,60.508,60.529,60.504,60.524,203560000,1
1299860340000,1299860399000,60.525,60.555,60.517,60.533,137100000,1
1299860400000,1299860459000,60.532,60.551,60.526,60.551,122490000,1
1299860460000,1299860519000,60.551,60.567,60.546,60.567,143640000,1
1299860520000,1299860579000,60.567,60.572,60.561,60.566,56830000,1
1299860580000,1299860639000,60.566,60.608,60.566,60.607,141650000,1
1299860640000,1299860699000,60.607,60.622,60.606,60.613,156990000,1
1299860700000,1299860759000,60.611,60.628,60.606,60.628,143330000,1
1299860760000,1299860819000,60.627,60.635,60.616,60.624,131450000,1
1299860820000,1299860879000,60.623,60.629,60.607,60.607,97880000,1
1299860880000,1299860939000,60.607,60.607,60.597,60.606,74920000,1
1299860940000,1299860999000,60.6,60.607,60.597,60.607,50270000,1
1299861000000,1299861059000,60.607,60.608,60.597,60.597,59100000,1
1299861060000,1299861119000,60.597,60.608,60.597,60.598,152560000,1
1299861120000,1299861179000,60.597,60.625,60.588,60.622,155910000,1
1299861180000,1299861239000,60.624,60.647,60.621,60.641,123420000,1
1299861240000,1299861299000,60.639,60.649,60.604,60.608,153670000,1
1299861300000,1299861359000,60.607,60.638,60.596,60.627,187730000,1
1299861360000,1299861419000,60.627,60.679,60.622,60.677,144450000,1
1299861420000,1299861479000,60.677,60.677,60.658,60.671,146330000,1
1299861480000,1299861539000,60.669,60.697,60.669,60.688,141470000,1
1299861540000,1299861599000,60.688,60.706,60.682,60.699,95110000,1
1299861600000,1299861659000,60.697,60.698,60.696,60.697,83270000,1
1299861660000,1299861719000,60.698,60.701,60.687,60.7,168130000,1
1299861720000,1299861779000,60.7,60.707,60.687,60.7,166420000,1
1299861780000,1299861839000,60.703,60.713,60.696,60.712,155420000,1
1299861840000,1299861899000,60.71,60.758,60.71,60.749,169310000,1
1299861900000,1299861959000,60.749,60.764,60.738,60.759,146710000,1
1299861960000,1299862019000,60.764,60.78,60.758,60.779,164790000,1
1299862020000,1299862079000,60.779,60.794,60.772,60.777,221970000,1
1299862080000,1299862139000,60.778,60.778,60.768,60.773,124380000,1
1299862140000,1299862199000,60.769,60.778,60.752,60.752,175410000,1
1299862200000,1299862259000,60.75,60.75,60.727,60.727,146820000,1
1299862260000,1299862319000,60.727,60.75,60.717,60.72,227420000,1
1299862320000,1299862379000,60.72,60.832,60.707,60.822,212380000,1
1299862380000,1299862439000,60.823,60.85,60.799,60.804,236630000,1
1299862440000,1299862499000,60.799,60.825,60.798,60.825,223380000,1
1299862500000,1299862559000,60.827,60.901,60.827,60.877,254420000,1
1299862560000,1299862619000,60.877,60.887,60.868,60.873,168440000,1
1299862620000,1299862679000,60.874,60.912,60.87,60.912,182660000,1
1299862680000,1299862739000,60.914,60.915,60.877,60.882,123690000,1
1299862740000,1299862799000,60.879,60.907,60.871,60.893,227170000,1
1299862800000,1299862859000,60.894,60.948,60.884,60.927,232570000,1
1299862860000,1299862919000,60.928,60.929,60.917,60.918,152500000,1
1299862920000,1299862979000,60.919,60.919,60.858,60.858,206510000,1
1299862980000,1299863039000,60.863,60.9,60.859,60.892,150900000,1
1299863040000,1299863099000,60.892,60.897,60.882,60.886,131810000,1
1299863100000,1299863159000,60.887,60.887,60.851,60.858,130500000,1
1299863160000,1299863219000,60.858,60.932,60.856,60.932,184480000,1
1299863220000,1299863279000,60.928,60.973,60.928,60.97,195200000,1
1299863280000,1299863339000,60.968,60.978,60.927,60.927,166730000,1
1299863340000,1299863399000,60.929,60.961,60.929,60.946,98790000,1
1299863400000,1299863459000,60.948,60.948,60.938,60.942,96600000,1
1299863460000,1299863519000,60.942,60.942,60.908,60.922,103210000,1
1299863520000,1299863579000,60.922,60.928,60.902,60.918,185480000,1
1299863580000,1299863639000,60.925,60.94,60.92,60.94,165140000,1
1299863640000,1299863699000,60.937,60.957,60.908,60.957,223840000,1
1299863700000,1299863759000,60.957,60.961,60.926,60.957,232040000,1
1299863760000,1299863819000,60.957,60.988,60.957,60.986,178920000,1
1299863820000,1299863879000,60.985,60.987,60.943,60.946,102440000,1
1299863880000,1299863939000,60.946,60.946,60.918,60.927,101510000,1
1299863940000,1299863999000,60.926,60.928,60.901,60.908,109670000,1
1299864000000,1299864059000,60.917,60.937,60.908,60.908,114900000,1
1299864060000,1299864119000,60.907,60.917,60.887,60.897,83980000,1
1299864120000,1299864179000,60.897,60.93,60.889,60.927,150060000,1
1299864180000,1299864239000,60.927,60.929,60.916,60.926,72580000,1
1299864240000,1299864299000,60.917,60.936,60.917,60.927,69570000,1
1299864300000,1299864359000,60.927,60.937,60.916,60.917,81630000,1
1299864360000,1299864419000,60.916,60.917,60.896,60.917,59130000,1
1299864420000,1299864479000,60.917,60.92,60.906,60.906,77690000,1
1299864480000,1299864539000,60.906,60.94,60.9,60.917,152870000,1
1299864540000,1299864599000,60.917,60.918,60.906,60.917,95140000,1
1299864600000,1299864659000,60.908,60.908,60.897,60.898,82200000,1
1299864660000,1299864719000,60.898,60.908,60.886,60.887,111770000,1
1299864720000,1299864779000,60.887,60.916,60.887,60.897,114750000,1
1299864780000,1299864839000,60.897,60.897,60.888,60.888,77780000,1
1299864840000,1299864899000,60.889,60.898,60.888,60.898,40930000,1
1299864900000,1299864959000,60.901,60.91,60.897,60.909,35540000,1
1299864960000,1299865019000,60.916,60.937,60.906,60.937,98010000,1
1299865020000,1299865079000,60.937,60.938,60.927,60.927,74520000,1
1299865080000,1299865139000,60.927,60.937,60.917,60.926,78070000,1
1299865140000,1299865199000,60.926,60.933,60.909,60.91,71670000,1
1299865200000,1299865259000,60.909,60.912,60.887,60.908,129230000,1
1299865260000,1299865319000,60.907,60.917,60.906,60.917,69040000,1
1299865320000,1299865379000,60.917,60.917,60.908,60.916,86330000,1
1299865380000,1299865439000,60.916,60.916,60.906,60.909,52710000,1
1299865440000,1299865499000,60.909,60.909,60.897,60.907,35460000,1
1299865500000,1299865559000,60.906,60.907,60.906,60.907,10500000,1
1299865560000,1299865619000,60.906,60.917,60.906,60.908,75780000,1
1299865620000,1299865679000,60.908,60.908,60.887,60.887,78880000,1
1299865680000,1299865739000,60.886,60.908,60.886,60.907,39440000,1
1299865740000,1299865799000,60.907,60.907,60.897,60.907,72050000,1
1299865800000,1299865859000,60.907,60.907,60.896,60.897,28140000,1
1299865860000,1299865919000,60.896,60.901,60.896,60.899,28530000,1
1299865920000,1299865979000,60.9,60.901,60.896,60.896,53870000,1
1299865980000,1299866039000,60.897,60.916,60.896,60.916,49140000,1
1299866040000,1299866099000,60.916,60.917,60.916,60.917,27000000,1
1299866100000,1299866159000,60.916,60.917,60.897,60.917,68890000,1
1299866160000,1299866219000,60.917,60.917,60.845,60.847,68840000,1
1299866220000,1299866279000,60.847,60.847,60.816,60.817,81140000,1
1299866280000,1299866339000,60.817,60.837,60.816,60.828,39940000,1
1299866340000,1299866399000,60.828,60.837,60.828,60.837,14450000,1
1299866400000,1299866459000,60.837,60.856,60.829,60.847,49510000,1
1299866460000,1299866519000,60.846,60.857,60.837,60.847,59830000,1
1299866520000,1299866579000,60.856,60.856,60.846,60.847,36010000,1
1299866580000,1299866639000,60.846,60.852,60.846,60.847,27570000,1
1299866640000,1299866699000,60.847,60.857,60.847,60.857,45400000,1
1299866700000,1299866759000,60.847,60.847,60.836,60.847,49710000,1
1299866760000,1299866819000,60.838,60.848,60.837,60.837,25140000,1
1299866820000,1299866879000,60.848,60.848,60.848,60.848,6750000,1
1299866880000,1299866939000,60.839,60.841,60.837,60.838,75610000,1
1299866940000,1299866999000,60.838,60.848,60.837,60.848,57200000,1
1299867000000,1299867059000,60.848,60.867,60.83,60.867,96660000,1
1299867060000,1299867119000,60.867,60.868,60.843,60.843,45030000,1
1299867120000,1299867179000,60.842,60.848,60.831,60.831,69820000,1
1299867180000,1299867239000,60.831,60.831,60.817,60.821,41830000,1
1299867240000,1299867299000,60.821,60.821,60.806,60.806,104190000,1
1299867300000,1299867359000,60.806,60.808,60.788,60.792,88410000,1
1299867360000,1299867419000,60.792,60.792,60.778,60.778,69690000,1
1299867420000,1299867479000,60.779,60.786,60.778,60.786,35670000,1
1299867480000,1299867539000,60.788,60.799,60.787,60.787,62320000,1
1299867540000,1299867599000,60.781,60.788,60.776,60.786,51250000,1
1299867600000,1299867659000,60.781,60.787,60.777,60.777,34540000,1
1299867660000,1299867719000,60.777,60.778,60.77,60.778,14260000,1
1299867720000,1299867779000,60.778,60.78,60.762,60.776,65310000,1
1299867780000,1299867839000,60.783,60.789,60.78,60.78,34900000,1
1299867840000,1299867899000,60.781,60.788,60.777,60.781,45060000,1
1299867900000,1299867959000,60.786,60.803,60.782,60.8,69770000,1
1299867960000,1299868019000,60.797,60.8,60.79,60.8,22160000,1
1299868020000,1299868079000,60.805,60.809,60.799,60.806,22350000,1
1299868080000,1299868139000,60.798,60.807,60.798,60.806,41110000,1
1299868140000,1299868199000,60.808,60.816,60.807,60.816,94050000,1
1299868200000,1299868259000,60.814,60.827,60.806,60.806,83130000,1
1299868260000,1299868319000,60.806,60.806,60.778,60.778,59460000,1
1299868320000,1299868379000,60.782,60.787,60.778,60.783,46920000,1
1299868380000,1299868439000,60.788,60.788,60.78,60.787,32830000,1
1299868440000,1299868499000,60.787,60.788,60.779,60.779,30570000,1
1299868500000,1299868559000,60.78,60.78,60.778,60.778,14250000,1
1299868560000,1299868619000,60.778,60.8,60.778,60.8,51810000,1
1299868620000,1299868679000,60.798,60.803,60.797,60.797,20700000,1
1299868680000,1299868739000,60.804,60.807,60.804,60.807,8640000,1
1299868740000,1299868799000,60.806,60.808,60.796,60.796,33410000,1
1299868800000,1299868859000,60.796,60.796,60.788,60.791,52730000,1
1299868860000,1299868919000,60.796,60.821,60.796,60.818,144250000,1
1299868920000,1299868979000,60.818,60.818,60.816,60.817,52350000,1
1299868980000,1299869039000,60.817,60.818,60.817,60.818,18000000,1
1299869040000,1299869099000,60.818,60.833,60.818,60.833,37180000,1
1299869100000,1299869159000,60.829,60.839,60.829,60.837,13510000,1
1299869160000,1299869219000,60.837,60.849,60.828,60.828,80610000,1
1299869220000,1299869279000,60.837,60.84,60.837,60.84,46530000,1
1299869280000,1299869339000,60.839,60.839,60.838,60.838,38780000,1
1299869340000,1299869399000,60.847,60.848,60.839,60.839,14640000,1
1299869400000,1299869459000,60.837,60.838,60.837,60.838,15200000,1
1299869460000,1299869519000,60.84,60.84,60.836,60.838,35630000,1
1299869520000,1299869579000,60.839,60.84,60.836,60.839,26520000,1
1299869580000,1299869639000,60.84,60.848,60.836,60.838,20660000,1
1299869640000,1299869699000,60.837,60.84,60.836,60.838,35670000,1
1299869700000,1299869759000,60.839,60.854,60.839,60.849,43170000,1
1299869760000,1299869819000,60.848,60.868,60.848,60.858,56670000,1
1299869820000,1299869879000,60.857,60.867,60.837,60.837,95850000,1
1299869880000,1299869939000,60.837,60.838,60.826,60.836,46900000,1
1299869940000,1299869999000,60.838,60.84,60.838,60.838,36640000,1
1299870000000,1299870059000,60.838,60.838,60.808,60.817,122220000,1
1299870060000,1299870119000,60.816,60.818,60.816,60.818,6000000,1
1299870120000,1299870179000,60.818,60.829,60.817,60.828,82570000,1
1299870180000,1299870239000,60.828,60.828,60.826,60.828,30570000,1
1299870240000,1299870299000,60.828,60.828,60.816,60.816,76530000,1
1299870300000,1299870359000,60.816,60.818,60.807,60.817,65160000,1
1299870360000,1299870419000,60.806,60.806,60.797,60.797,15650000,1
1299870420000,1299870479000,60.797,60.812,60.797,60.812,20130000,1
1299870480000,1299870539000,60.811,60.818,60.809,60.818,51130000,1
1299870540000,1299870599000,60.818,60.818,60.806,60.806,41270000,1
1299870600000,1299870659000,60.806,60.828,60.806,60.828,50230000,1
1299870660000,1299870719000,60.828,60.828,60.817,60.817,18200000,1
1299870720000,1299870779000,60.817,60.827,60.816,60.816,72800000,1
1299870780000,1299870839000,60.816,60.817,60.807,60.817,99210000,1
1299870840000,1299870899000,60.827,60.838,60.817,60.828,113230000,1
1299870900000,1299870959000,60.828,60.832,60.828,60.83,41910000,1
1299870960000,1299871019000,60.828,60.848,60.828,60.848,135840000,1
1299871020000,1299871079000,60.848,60.878,60.847,60.878,124060000,1
1299871080000,1299871139000,60.878,60.888,60.868,60.887,103890000,1
1299871140000,1299871199000,60.886,60.891,60.878,60.889,61500000,1
1299871200000,1299871259000,60.888,60.889,60.877,60.887,139190000,1
1299871260000,1299871319000,60.887,60.887,60.876,60.878,98490000,1
1299871320000,1299871379000,60.878,60.908,60.878,60.907,58320000,1
1299871380000,1299871439000,60.907,60.907,60.896,60.907,57030000,1
1299871440000,1299871499000,60.907,60.93,60.896,60.918,165460000,1
1299871500000,1299871559000,60.918,60.928,60.91,60.918,56350000,1
1299871560000,1299871619000,60.918,60.928,60.918,60.918,23470000,1
1299871620000,1299871679000,60.918,60.918,60.91,60.918,37290000,1
1299871680000,1299871739000,60.918,60.919,60.907,60.919,213690000,1
1299871740000,1299871799000,60.918,60.923,60.907,60.923,235100000,1
1299871800000,1299871859000,60.918,60.924,60.917,60.92,134070000,1
1299871860000,1299871919000,60.924,60.933,60.918,60.933,123230000,1
1299871920000,1299871979000,60.932,60.938,60.927,60.927,66240000,1
1299871980000,1299872039000,60.926,60.926,60.918,60.919,58500000,1
1299872040000,1299872099000,60.919,60.928,60.916,60.926,137450000,1
1299872100000,1299872159000,60.918,60.928,60.907,60.928,134860000,1
1299872160000,1299872219000,60.928,60.928,60.916,60.917,37330000,1
1299872220000,1299872279000,60.917,60.922,60.916,60.917,73110000,1
1299872280000,1299872339000,60.917,60.938,60.906,60.928,128250000,1
1299872340000,1299872399000,60.936,60.948,60.927,60.948,88780000,1
1299872400000,1299872459000,60.948,60.948,60.936,60.936,65760000,1
1299872460000,1299872519000,60.936,60.949,60.936,60.949,53440000,1
1299872520000,1299872579000,60.952,60.957,60.952,60.956,25580000,1
1299872580000,1299872639000,60.956,60.962,60.956,60.959,136690000,1
1299872640000,1299872699000,60.957,60.961,60.957,60.958,63350000,1
1299872700000,1299872759000,60.959,60.967,60.957,60.966,30960000,1
1299872760000,1299872819000,60.966,60.966,60.948,60.957,86830000,1
1299872820000,1299872879000,60.957,60.957,60.938,60.939,32830000,1
1299872880000,1299872939000,60.94,60.946,60.937,60.94,55380000,1
1299872940000,1299872999000,60.939,60.939,60.928,60.938,75010000,1
1299873000000,1299873059000,60.938,60.959,60.938,60.958,158880000,1
1299873060000,1299873119000,60.958,60.958,60.938,60.938,90460000,1
1299873120000,1299873179000,60.939,60.958,60.936,60.936,98540000,1
1299873180000,1299873239000,60.937,60.948,60.928,60.947,121570000,1
1299873240000,1299873299000,60.947,60.947,60.928,60.931,32180000,1
1299873300000,1299873359000,60.928,60.938,60.917,60.938,101330000,1
1299873360000,1299873419000,60.928,60.938,60.907,60.908,109770000,1
1299873420000,1299873479000,60.907,60.908,60.89,60.898,108590000,1
1299873480000,1299873539000,60.898,60.928,60.897,60.917,173820000,1
1299873540000,1299873599000,60.917,60.919,60.877,60.878,208660000,1
1299873600000,1299873659000,60.878,60.887,60.872,60.877,125350000,1
1299873660000,1299873719000,60.876,60.907,60.876,60.907,42260000,1
1299873720000,1299873779000,60.907,60.907,60.87,60.886,83320000,1
1299873780000,1299873839000,60.886,60.886,60.866,60.866,56110000,1
1299873840000,1299873899000,60.867,60.887,60.859,60.876,62550000,1
1299873900000,1299873959000,60.877,60.901,60.877,60.901,55950000,1
1299873960000,1299874019000,60.907,60.947,60.907,60.916,69440000,1
1299874020000,1299874079000,60.916,60.937,60.908,60.937,45020000,1
1299874080000,1299874139000,60.926,60.926,60.916,60.916,24980000,1
1299874140000,1299874199000,60.916,60.917,60.907,60.907,29880000,1
1299874200000,1299874259000,60.907,60.907,60.901,60.906,35070000,1
1299874260000,1299874319000,60.907,60.907,60.844,60.886,138240000,1
1299874320000,1299874379000,60.886,60.887,60.877,60.877,44730000,1
1299874380000,1299874439000,60.877,60.877,60.856,60.856,32820000,1
1299874440000,1299874499000,60.856,60.857,60.846,60.846,33400000,1
1299874500000,1299874559000,60.848,60.856,60.846,60.856,26540000,1
1299874560000,1299874619000,60.856,60.878,60.856,60.878,70900000,1
1299874620000,1299874679000,60.877,60.887,60.857,60.867,65190000,1
1299874680000,1299874739000,60.867,60.867,60.867,60.867,1500000,1
1299874740000,1299874799000,60.866,60.867,60.858,60.858,12190000,1
1299874800000,1299874859000,60.858,60.877,60.858,60.877,22880000,1
1299874860000,1299874919000,60.877,60.877,60.856,60.856,28890000,1
1299874920000,1299874979000,60.856,60.877,60.856,60.877,44890000,1
1299874980000,1299875039000,60.877,60.877,60.876,60.876,11820000,1
1299875040000,1299875099000,60.877,60.897,60.877,60.887,26080000,1
1299875100000,1299875159000,60.887,60.896,60.876,60.886,16400000,1
1299875160000,1299875219000,60.886,60.908,60.886,60.887,59480000,1
1299875220000,1299875279000,60.887,60.887,60.876,60.876,8330000,1
1299875280000,1299875339000,60.876,60.877,60.876,60.877,21000000,1
1299875340000,1299875399000,60.876,60.886,60.876,60.877,16800000,1
1299875400000,1299875459000,60.877,60.896,60.877,60.896,43840000,1
1299875460000,1299875519000,60.896,60.897,60.896,60.897,15170000,1
1299875520000,1299875579000,60.898,60.898,60.886,60.887,14820000,1
1299875580000,1299875639000,60.887,60.898,60.886,60.886,32040000,1
1299875640000,1299875699000,60.887,60.887,60.868,60.868,21200000,1
1299875700000,1299875759000,60.868,60.877,60.868,60.877,11150000,1
1299875760000,1299875819000,60.886,60.887,60.88,60.886,12390000,1
1299875820000,1299875879000,60.887,60.888,60.877,60.888,24230000,1
1299875880000,1299875939000,60.888,60.888,60.887,60.887,11250000,1
1299875940000,1299875999000,60.887,60.888,60.877,60.877,24720000,1
1299876000000,1299876059000,60.877,60.888,60.877,60.888,44190000,1
1299876060000,1299876119000,60.888,60.888,60.886,60.888,18000000,1
1299876120000,1299876179000,60.888,60.888,60.878,60.878,31690000,1
1299876180000,1299876239000,60.877,60.877,60.877,60.877,23220000,1
1299876240000,1299876299000,60.877,60.887,60.877,60.887,20260000,1
1299876300000,1299876359000,60.886,60.886,60.877,60.878,31420000,1
1299876360000,1299876419000,60.878,60.888,60.877,60.886,23720000,1
1299876420000,1299876479000,60.887,60.887,60.857,60.866,69990000,1
1299876480000,1299876539000,60.867,60.877,60.867,60.868,45640000,1
1299876540000,1299876599000,60.868,60.877,60.867,60.867,25180000,1
1299876600000,1299876659000,60.868,60.898,60.867,60.887,57780000,1
1299876660000,1299876719000,60.887,60.896,60.881,60.887,32610000,1
1299876720000,1299876779000,60.887,60.898,60.887,60.897,33730000,1
1299876780000,1299876839000,60.896,60.907,60.896,60.898,32270000,1
1299876840000,1299876899000,60.898,60.898,60.896,60.896,37080000,1
1299876900000,1299876959000,60.896,60.897,60.877,60.887,32950000,1
1299876960000,1299877019000,60.876,60.887,60.876,60.878,34880000,1
1299877020000,1299877079000,60.887,60.896,60.866,60.876,34230000,1
1299877080000,1299877139000,60.876,60.878,60.867,60.878,29740000,1
1299877140000,1299877199000,60.878,60.888,60.877,60.877,51470000,1
1299877200000,1299877259000,60.877,60.897,60.877,60.887,17680000,1
1299877260000,1299877319000,60.887,60.897,60.876,60.886,16120000,1
1299877320000,1299877379000,60.877,60.886,60.877,60.886,19770000,1
1299877380000,1299877439000,60.886,60.897,60.886,60.896,12840000,1
1299877440000,1299877499000,60.896,60.896,60.876,60.877,35460000,1
1299877500000,1299877559000,60.887,60.887,60.866,60.877,23950000,1
1299877560000,1299877619000,60.876,60.887,60.876,60.877,11440000,1
1299877620000,1299877679000,60.876,60.886,60.856,60.856,21770000,1
1299877680000,1299877739000,60.857,60.877,60.857,60.877,22830000,1
1299877740000,1299877799000,60.876,60.877,60.876,60.877,4500000,1
1299877800000,1299877859000,60.876,60.877,60.866,60.867,57800000,1
1299877860000,1299877919000,60.867,60.867,60.837,60.837,36860000,1
1299877920000,1299877979000,60.837,60.846,60.836,60.846,23520000,1
1299877980000,1299878039000,60.846,60.847,60.836,60.836,22330000,1
1299878040000,1299878099000,60.836,60.837,60.836,60.837,10630000,1
1299878100000,1299878159000,60.836,60.847,60.836,60.847,41320000,1
1299878160000,1299878219000,60.847,60.847,60.828,60.836,14640000,1
1299878220000,1299878279000,60.837,60.837,60.827,60.829,15360000,1
1299878280000,1299878339000,60.829,60.857,60.829,60.849,54710000,1
1299878340000,1299878399000,60.847,60.851,60.847,60.847,28620000,1
1299878400000,1299878459000,60.847,60.867,60.846,60.857,39170000,1
1299878460000,1299878519000,60.857,60.857,60.847,60.856,13960000,1
1299878520000,1299878579000,60.856,60.877,60.856,60.876,54730000,1
1299878580000,1299878639000,60.887,60.887,60.866,60.876,21000000,1
1299878640000,1299878699000,60.867,60.887,60.866,60.877,29120000,1
1299878700000,1299878759000,60.876,60.877,60.876,60.877,33780000,1
1299878760000,1299878819000,60.877,60.886,60.866,60.886,26240000,1
1299878820000,1299878879000,60.883,60.887,60.876,60.887,21590000,1
1299878880000,1299878939000,60.887,60.887,60.876,60.887,48280000,1
1299878940000,1299878999000,60.887,60.887,60.876,60.876,28840000,1
1299879000000,1299879059000,60.876,60.906,60.876,60.887,57910000,1
1299879060000,1299879119000,60.886,60.887,60.876,60.877,12380000,1
1299879120000,1299879179000,60.876,60.876,60.866,60.867,19380000,1
1299879180000,1299879239000,60.867,60.868,60.816,60.827,59970000,1
1299879240000,1299879299000,60.827,60.846,60.816,60.827,41440000,1
1299879300000,1299879359000,60.827,60.866,60.827,60.866,59250000,1
1299879360000,1299879419000,60.866,60.877,60.866,60.866,27000000,1
1299879420000,1299879479000,60.857,60.867,60.856,60.867,36750000,1
1299879480000,1299879539000,60.867,60.867,60.816,60.828,51750000,1
1299879540000,1299879599000,60.828,60.877,60.828,60.877,66000000,1
1299879600000,1299879659000,60.877,60.877,60.857,60.866,47250000,1
1299879660000,1299879719000,60.866,60.876,60.857,60.876,43500000,1
1299879720000,1299879779000,60.877,60.877,60.826,60.826,37130000,1
1299879780000,1299879839000,60.836,60.846,60.826,60.826,30010000,1
1299879840000,1299879899000,60.827,60.827,60.806,60.827,29830000,1
1299879900000,1299879959000,60.816,60.836,60.793,60.797,54360000,1
1299879960000,1299880019000,60.796,60.857,60.796,60.857,61010000,1
1299880020000,1299880079000,60.847,60.847,60.816,60.827,24750000,1
1299880080000,1299880139000,60.836,60.847,60.836,60.847,9750000,1
1299880140000,1299880199000,60.846,60.856,60.846,60.847,17330000,1
1299880200000,1299880259000,60.856,60.856,60.817,60.826,12000000,1
1299880260000,1299880319000,60.827,60.847,60.787,60.797,31290000,1
1299880320000,1299880379000,60.797,60.807,60.769,60.797,47330000,1
1299880380000,1299880439000,60.787,60.787,60.786,60.786,4500000,1
1299880440000,1299880499000,60.787,60.787,60.776,60.776,9000000,1
1299880500000,1299880559000,60.776,60.777,60.714,60.766,16430000,1
1299880560000,1299880619000,60.776,60.777,60.766,60.766,34500000,1
1299880620000,1299880679000,60.777,60.777,60.747,60.757,43500000,1
1299880680000,1299880739000,60.767,60.777,60.746,60.777,16650000,1
1299880740000,1299880799000,60.776,60.776,60.718,60.731,30510000,1
1299880800000,1299880859000,60.731,60.731,60.731,60.731,0,1
1299880860000,1299880919000,60.731,60.731,60.731,60.731,0,1
1299880920000,1299880979000,60.731,60.731,60.731,60.731,0,1
1299880980000,1299881039000,60.731,60.731,60.731,60.731,0,1
1299881040000,1299881099000,60.731,60.731,60.731,60.731,0,1
1299881100000,1299881159000,60.731,60.731,60.731,60.731,0,1
1299881160000,1299881219000,60.731,60.731,60.731,60.731,0,1
1299881220000,1299881279000,60.731,60.731,60.731,60.731,0,1
1299881280000,1299881339000,60.731,60.731,60.731,60.731,0,1
1299881340000,1299881399000,60.731,60.731,60.731,60.731,0,1
1299881400000,1299881459000,60.731,60.731,60.731,60.731,0,1
1299881460000,1299881519000,60.731,60.731,60.731,60.731,0,1
1299881520000,1299881579000,60.731,60.731,60.731,60.731,0,1
1299881580000,1299881639000,60.731,60.731,60.731,60.731,0,1
1299881640000,1299881699000,60.731,60.731,60.731,60.731,0,1
1299881700000,1299881759000,60.731,60.731,60.731,60.731,0,1
1299881760000,1299881819000,60.731,60.731,60.731,60.731,0,1
1299881820000,1299881879000,60.731,60.731,60.731,60.731,0,1
1299881880000,1299881939000,60.731,60.731,60.731,60.731,0,1
1299881940000,1299881999000,60.731,60.731,60.731,60.731,0,1
1299882000000,1299882059000,60.731,60.731,60.731,60.731,0,1
1299882060000,1299882119000,60.731,60.731,60.731,60.731,0,1
1299882120000,1299882179000,60.731,60.731,60.731,60.731,0,1
1299882180000,1299882239000,60.731,60.731,60.731,60.731,0,1
1299882240000,1299882299000,60.731,60.731,60.731,60.731,0,1
1299882300000,1299882359000,60.731,60.731,60.731,60.731,0,1
1299882360000,1299882419000,60.731,60.731,60.731,60.731,0,1
1299882420000,1299882479000,60.731,60.731,60.731,60.731,0,1
1299882480000,1299882539000,60.731,60.731,60.731,60.731,0,1
1299882540000,1299882599000,60.731,60.731,60.731,60.731,0,1
1299882600000,1299882659000,60.731,60.731,60.731,60.731,0,1
1299882660000,1299882719000,60.731,60.731,60.731,60.731,0,1
1299882720000,1299882779000,60.731,60.731,60.731,60.731,0,1
1299882780000,1299882839000,60.731,60.731,60.731,60.731,0,1
1299882840000,1299882899000,60.731,60.731,60.731,60.731,0,1
1299882900000,1299882959000,60.731,60.731,60.731,60.731,0,1
1299882960000,1299883019000,60.731,60.731,60.731,60.731,0,1
1299883020000,1299883079000,60.731,60.731,60.731,60.731,0,1
1299883080000,1299883139000,60.731,60.731,60.731,60.731,0,1
1299883140000,1299883199000,60.731,60.731,60.731,60.731,0,1
1299883200000,1299883259000,60.731,60.731,60.731,60.731,0,1
1299883260000,1299883319000,60.731,60.731,60.731,60.731,0,1
1299883320000,1299883379000,60.731,60.731,60.731,60.731,0,1
1299883380000,1299883439000,60.731,60.731,60.731,60.731,0,1
1299883440000,1299883499000,60.731,60.731,60.731,60.731,0,1
1299883500000,1299883559000,60.731,60.731,60.731,60.731,0,1
1299883560000,1299883619000,60.731,60.731,60.731,60.731,0,1
1299883620000,1299883679000,60.731,60.731,60.731,60.731,0,1
1299883680000,1299883739000,60.731,60.731,60.731,60.731,0,1
1299883740000,1299883799000,60.731,60.731,60.731,60.731,0,1
1299883800000,1299883859000,60.731,60.731,60.731,60.731,0,1
1299883860000,1299883919000,60.731,60.731,60.731,60.731,0,1
1299883920000,1299883979000,60.731,60.731,60.731,60.731,0,1
1299883980000,1299884039000,60.731,60.731,60.731,60.731,0,1
1299884040000,1299884099000,60.731,60.731,60.731,60.731,0,1
1299884100000,1299884159000,60.731,60.731,60.731,60.731,0,1
1299884160000,1299884219000,60.731,60.731,60.731,60.731,0,1
1299884220000,1299884279000,60.731,60.731,60.731,60.731,0,1
1299884280000,1299884339000,60.731,60.731,60.731,60.731,0,1
1299884340000,1299884399000,60.731,60.731,60.731,60.731,0,1
1299884400000,1299884459000,60.731,60.731,60.731,60.731,0,1
1299884460000,1299884519000,60.731,60.731,60.731,60.731,0,1
1299884520000,1299884579000,60.731,60.731,60.731,60.731,0,1
1299884580000,1299884639000,60.731,60.731,60.731,60.731,0,1
1299884640000,1299884699000,60.731,60.731,60.731,60.731,0,1
1299884700000,1299884759000,60.731,60.731,60.731,60.731,0,1
1299884760000,1299884819000,60.731,60.731,60.731,60.731,0,1
1299884820000,1299884879000,60.731,60.731,60.731,60.731,0,1
1299884880000,1299884939000,60.731,60.731,60.731,60.731,0,1
1299884940000,1299884999000,60.731,60.731,60.731,60.731,0,1
1299885000000,1299885059000,60.731,60.731,60.731,60.731,0,1
1299885060000,1299885119000,60.731,60.731,60.731,60.731,0,1
1299885120000,1299885179000,60.731,60.731,60.731,60.731,0,1
1299885180000,1299885239000,60.731,60.731,60.731,60.731,0,1
1299885240000,1299885299000,60.731,60.731,60.731,60.731,0,1
1299885300000,1299885359000,60.731,60.731,60.731,60.731,0,1
1299885360000,1299885419000,60.731,60.731,60.731,60.731,0,1
1299885420000,1299885479000,60.731,60.731,60.731,60.731,0,1
1299885480000,1299885539000,60.731,60.731,60.731,60.731,0,1
1299885540000,1299885599000,60.731,60.731,60.731,60.731,0,1
1299885600000,1299885659000,60.731,60.731,60.731,60.731,0,1
1299885660000,1299885719000,60.731,60.731,60.731,60.731,0,1
1299885720000,1299885779000,60.731,60.731,60.731,60.731,0,1
1299885780000,1299885839000,60.731,60.731,60.731,60.731,0,1
1299885840000,1299885899000,60.731,60.731,60.731,60.731,0,1
1299885900000,1299885959000,60.731,60.731,60.731,60.731,0,1
1299885960000,1299886019000,60.731,60.731,60.731,60.731,0,1
1299886020000,1299886079000,60.731,60.731,60.731,60.731,0,1
1299886080000,1299886139000,60.731,60.731,60.731,60.731,0,1
1299886140000,1299886199000,60.731,60.731,60.731,60.731,0,1
1299886200000,1299886259000,60.731,60.731,60.731,60.731,0,1
1299886260000,1299886319000,60.731,60.731,60.731,60.731,0,1
1299886320000,1299886379000,60.731,60.731,60.731,60.731,0,1
1299886380000,1299886439000,60.731,60.731,60.731,60.731,0,1
1299886440000,1299886499000,60.731,60.731,60.731,60.731,0,1
1299886500000,1299886559000,60.731,60.731,60.731,60.731,0,1
1299886560000,1299886619000,60.731,60.731,60.731,60.731,0,1
1299886620000,1299886679000,60.731,60.731,60.731,60.731,0,1
1299886680000,1299886739000,60.731,60.731,60.731,60.731,0,1
1299886740000,1299886799000,60.731,60.731,60.731,60.731,0,1
1299886800000,1299886859000,60.731,60.731,60.731,60.731,0,1
1299886860000,1299886919000,60.731,60.731,60.731,60.731,0,1
1299886920000,1299886979000,60.731,60.731,60.731,60.731,0,1
1299886980000,1299887039000,60.731,60.731,60.731,60.731,0,1
1299887040000,1299887099000,60.731,60.731,60.731,60.731,0,1
1299887100000,1299887159000,60.731,60.731,60.731,60.731,0,1
1299887160000,1299887219000,60.731,60.731,60.731,60.731,0,1
1299887220000,1299887279000,60.731,60.731,60.731,60.731,0,1
1299887280000,1299887339000,60.731,60.731,60.731,60.731,0,1
1299887340000,1299887399000,60.731,60.731,60.731,60.731,0,1
1299887400000,1299887459000,60.731,60.731,60.731,60.731,0,1
1299887460000,1299887519000,60.731,60.731,60.731,60.731,0,1
1299887520000,1299887579000,60.731,60.731,60.731,60.731,0,1
1299887580000,1299887639000,60.731,60.731,60.731,60.731,0,1
1299887640000,1299887699000,60.731,60.731,60.731,60.731,0,1
1299887700000,1299887759000,60.731,60.731,60.731,60.731,0,1
1299887760000,1299887819000,60.731,60.731,60.731,60.731,0,1
1299887820000,1299887879000,60.731,60.731,60.731,60.731,0,1
1299887880000,1299887939000,60.731,60.731,60.731,60.731,0,1
1299887940000,1299887999000,60.731,60.731,60.731,60.731,0,1
1300053600000,1300053659000,60.533,60.557,60.498,60.537,85510000,1
1300053660000,1300053719000,60.527,60.557,60.526,60.557,55690000,1
1300053720000,1300053779000,60.556,60.557,60.546,60.557,27000000,1
1300053780000,1300053839000,60.546,60.577,60.516,60.517,46500000,1
1300053840000,1300053899000,60.517,60.536,60.453,60.507,35630000,1
1300053900000,1300053959000,60.507,60.527,60.506,60.517,24000000,1
1300053960000,1300054019000,60.507,60.517,60.486,60.486,39940000,1
1300054020000,1300054079000,60.487,60.497,60.446,60.446,36000000,1
1300054080000,1300054139000,60.447,60.447,60.359,60.386,52520000,1
1300054140000,1300054199000,60.377,60.377,60.349,60.351,48390000,1
1300054200000,1300054259000,60.367,60.367,60.216,60.216,156100000,1
1300054260000,1300054319000,60.228,60.249,59.933,59.934,276130000,1
1300054320000,1300054379000,59.934,59.977,59.604,59.698,436430000,1
1300054380000,1300054439000,59.699,59.817,59.674,59.786,265060000,1
1300054440000,1300054499000,59.767,59.767,59.483,59.608,234400000,1
1300054500000,1300054559000,59.607,59.717,59.564,59.716,258750000,1
1300054560000,1300054619000,59.707,59.797,59.669,59.714,239440000,1
1300054620000,1300054679000,59.748,59.936,59.693,59.917,299700000,1
1300054680000,1300054739000,59.926,60.047,59.899,59.996,284760000,1
1300054740000,1300054799000,59.987,60.016,59.799,59.896,231350000,1
1300054800000,1300054859000,59.907,59.947,59.866,59.896,111420000,1
1300054860000,1300054919000,59.907,60.017,59.899,60.017,147490000,1
1300054920000,1300054979000,60.027,60.037,59.938,60.006,108190000,1
1300054980000,1300055039000,59.997,60.036,59.986,60.017,69300000,1
1300055040000,1300055099000,60.017,60.037,59.996,60.017,59890000,1
1300055100000,1300055159000,60.009,60.009,59.928,59.986,105480000,1
1300055160000,1300055219000,59.977,59.987,59.722,59.797,302720000,1
1300055220000,1300055279000,59.786,59.877,59.743,59.817,166360000,1
1300055280000,1300055339000,59.806,60.006,59.797,59.987,192850000,1
1300055340000,1300055399000,59.999,60.047,59.869,59.919,160450000,1
1300055400000,1300055459000,59.926,60.027,59.859,59.937,231320000,1
1300055460000,1300055519000,59.936,59.966,59.878,59.947,33300000,1
1300055520000,1300055579000,59.967,59.996,59.966,59.987,15750000,1
1300055580000,1300055639000,59.997,59.997,59.976,59.986,36000000,1
1300055640000,1300055699000,59.986,60.007,59.977,60.007,40290000,1
1300055700000,1300055759000,59.998,60.037,59.988,60.026,74490000,1
1300056360000,1300056419000,60.316,60.316,60.276,60.286,21750000,1
1300056420000,1300056479000,60.276,60.296,60.237,60.237,40650000,1
1300056480000,1300056539000,60.226,60.266,60.216,60.236,94820000,1
1300056540000,1300056599000,60.246,60.307,60.246,60.307,45720000,1
1300056600000,1300056659000,60.297,60.317,60.258,60.267,40880000,1
1300056660000,1300056719000,60.267,60.267,60.237,60.246,46320000,1
1300056720000,1300056779000,60.246,60.247,60.207,60.217,81980000,1
1300056780000,1300056839000,60.216,60.217,60.186,60.196,110880000,1
1300056840000,1300056899000,60.196,60.227,60.196,60.216,58160000,1
1300056900000,1300056959000,60.207,60.207,60.166,60.187,82900000,1
1300056960000,1300057019000,60.177,60.197,60.127,60.156,97700000,1
1300057020000,1300057079000,60.156,60.197,60.156,60.177,73140000,1
1300057080000,1300057139000,60.186,60.246,60.177,60.246,45020000,1
1300057140000,1300057199000,60.257,60.267,60.211,60.257,141260000,1
1300057200000,1300057259000,60.257,60.257,60.084,60.187,215780000,1
1300057260000,1300057319000,60.198,60.227,60.177,60.216,176240000,1
1300057320000,1300057379000,60.216,60.227,60.206,60.226,46160000,1
1300057380000,1300057439000,60.226,60.247,60.216,60.237,121020000,1
1300057440000,1300057499000,60.227,60.237,60.227,60.237,9000000,1
1300057500000,1300057559000,60.237,60.247,60.226,60.226,56460000,1
1300057560000,1300057619000,60.227,60.267,60.227,60.256,64890000,1
1300057620000,1300057679000,60.246,60.277,60.246,60.246,79660000,1
1300057680000,1300057739000,60.257,60.257,60.236,60.247,23630000,1
1300057740000,1300057799000,60.247,60.257,60.227,60.256,41080000,1
1300057800000,1300057859000,60.247,60.257,60.226,60.246,43680000,1
1300057860000,1300057919000,60.247,60.287,60.246,60.257,117060000,1
1300057920000,1300057979000,60.266,60.297,60.266,60.297,30380000,1
1300057980000,1300058039000,60.286,60.308,60.266,60.266,79770000,1
1300058040000,1300058099000,60.296,60.317,60.277,60.287,16500000,1
1300058100000,1300058159000,60.297,60.317,60.277,60.296,51310000,1
1300058160000,1300058219000,60.286,60.306,60.267,60.276,53250000,1
1300058220000,1300058279000,60.276,60.277,60.237,60.266,58200000,1
1300058280000,1300058339000,60.266,60.276,60.227,60.237,61550000,1
1300058340000,1300058399000,60.228,60.237,60.206,60.217,75750000,1
1300058400000,1300058459000,60.227,60.238,60.218,60.238,30940000,1
1300058460000,1300058519000,60.247,60.247,60.236,60.247,18000000,1
1300058520000,1300058579000,60.247,60.257,60.246,60.257,20250000,1
1300058580000,1300058639000,60.248,60.257,60.246,60.257,15190000,1
1300058640000,1300058699000,60.247,60.247,60.186,60.196,33830000,1
1300058700000,1300058759000,60.206,60.237,60.206,60.237,12000000,1
1300058760000,1300058819000,60.247,60.247,60.236,60.236,13500000,1
1300058820000,1300058879000,60.237,60.258,60.236,60.248,57760000,1
1300058880000,1300058939000,60.258,60.268,60.247,60.257,33010000,1
1300058940000,1300058999000,60.268,60.268,60.247,60.266,84950000,1
1300059000000,1300059059000,60.257,60.276,60.257,60.267,87420000,1
1300059060000,1300059119000,60.266,60.286,60.266,60.267,53450000,1
1300059120000,1300059179000,60.258,60.267,60.236,60.236,27000000,1
1300059180000,1300059239000,60.236,60.247,60.226,60.236,25500000,1
1300059240000,1300059299000,60.237,60.237,60.227,60.236,8260000,1
1300059300000,1300059359000,60.236,60.247,60.227,60.237,55190000,1
1300059360000,1300059419000,60.237,60.237,60.186,60.186,22500000,1
1300059420000,1300059479000,60.187,60.197,60.166,60.168,58750000,1
1300059480000,1300059539000,60.167,60.177,60.138,60.146,70490000,1
1300059540000,1300059599000,60.136,60.156,60.077,60.087,111150000,1
1300059600000,1300059659000,60.087,60.097,60.067,60.077,25700000,1
1300059660000,1300059719000,60.077,60.097,60.066,60.097,36570000,1
1300059720000,1300059779000,60.097,60.117,60.087,60.117,60600000,1
1300059780000,1300059839000,60.117,60.177,60.117,60.177,76450000,1
1300059840000,1300059899000,60.177,60.177,60.157,60.158,35440000,1
1300059900000,1300059959000,60.158,60.158,60.107,60.117,123870000,1
1300059960000,1300060019000,60.117,60.147,60.096,60.117,128240000,1
1300060020000,1300060079000,60.127,60.217,60.117,60.207,210110000,1
1300060080000,1300060139000,60.207,60.227,60.167,60.206,136070000,1
1300060140000,1300060199000,60.207,60.256,60.187,60.217,68450000,1
1300060200000,1300060259000,60.217,60.217,60.176,60.207,68260000,1
1300060260000,1300060319000,60.206,60.207,60.196,60.196,10500000,1
1300060320000,1300060379000,60.197,60.197,60.176,60.187,39400000,1
1300060380000,1300060439000,60.197,60.197,60.166,60.187,55530000,1
1300060440000,1300060499000,60.187,60.197,60.166,60.167,69820000,1
1300060500000,1300060559000,60.157,60.177,60.156,60.166,66830000,1
1300060560000,1300060619000,60.166,60.207,60.166,60.196,73130000,1
1300060620000,1300060679000,60.186,60.196,60.147,60.166,77630000,1
1300060680000,1300060739000,60.156,60.167,60.146,60.146,39000000,1
1300060740000,1300060799000,60.147,60.157,60.106,60.106,69750000,1
1300060800000,1300060859000,60.097,60.117,60.086,60.107,167000000,1
1300060860000,1300060919000,60.108,60.128,60.106,60.107,308000000,1
1300060920000,1300060979000,60.107,60.187,60.107,60.176,176000000,1
1300060980000,1300061039000,60.187,60.207,60.176,60.196,87000000,1
1300061040000,1300061099000,60.196,60.198,60.166,60.196,85000000,1
1300061100000,1300061159000,60.197,60.256,60.186,60.256,105000000,1
1300061160000,1300061219000,60.256,60.277,60.246,60.266,158000000,1
1300061220000,1300061279000,60.266,60.337,60.266,60.296,114000000,1
1300061280000,1300061339000,60.296,60.297,60.256,60.267,82000000,1
1300061340000,1300061399000,60.267,60.316,60.267,60.306,68000000,1
1300061400000,1300061459000,60.317,60.337,60.308,60.327,63000000,1
1300061460000,1300061519000,60.327,60.327,60.217,60.277,130000000,1
1300061520000,1300061579000,60.277,60.278,60.226,60.227,166000000,1
1300061580000,1300061639000,60.227,60.236,60.188,60.236,72000000,1
1300061640000,1300061699000,60.237,60.257,60.207,60.257,41000000,1
1300061700000,1300061759000,60.257,60.277,60.247,60.247,87000000,1
1300061760000,1300061819000,60.247,60.257,60.227,60.257,180000000,1
1300061820000,1300061879000,60.247,60.287,60.247,60.287,111000000,1
1300061880000,1300061939000,60.287,60.287,60.277,60.286,28000000,1
1300061940000,1300061999000,60.286,60.307,60.286,60.306,51000000,1
1300062000000,1300062059000,60.297,60.297,60.286,60.287,50000000,1
1300062060000,1300062119000,60.287,60.307,60.287,60.298,63000000,1
1300062120000,1300062179000,60.298,60.347,60.298,60.347,72000000,1
1300062180000,1300062239000,60.347,60.377,60.308,60.308,151000000,1
1300062240000,1300062299000,60.308,60.308,60.287,60.288,80000000,1
1300062300000,1300062359000,60.288,60.288,60.238,60.256,97000000,1
1300062360000,1300062419000,60.266,60.266,60.246,60.266,43000000,1
1300062420000,1300062479000,60.267,60.267,60.256,60.267,15000000,1
1300062480000,1300062539000,60.258,60.267,60.237,60.267,43000000,1
1300062540000,1300062599000,60.267,60.296,60.266,60.296,73000000,1
1300062600000,1300062659000,60.296,60.317,60.296,60.297,64000000,1
1300062660000,1300062719000,60.297,60.297,60.276,60.286,30000000,1
1300062720000,1300062779000,60.286,60.307,60.286,60.307,21000000,1
1300062780000,1300062839000,60.307,60.337,60.287,60.337,81000000,1
1300062840000,1300062899000,60.337,60.358,60.337,60.357,47000000,1
1300062900000,1300062959000,60.356,60.397,60.356,60.396,106000000,1
1300062960000,1300063019000,60.396,60.396,60.347,60.368,96000000,1
1300063020000,1300063079000,60.368,60.397,60.358,60.397,100000000,1
1300063080000,1300063139000,60.397,60.426,60.377,60.377,147000000,1
1300063140000,1300063199000,60.377,60.387,60.357,60.367,84000000,1
1300063200000,1300063259000,60.367,60.367,60.346,60.366,62000000,1
1300063260000,1300063319000,60.367,60.407,60.367,60.396,88000000,1
1300063320000,1300063379000,60.407,60.447,60.386,60.446,81000000,1
1300063380000,1300063439000,60.446,60.447,60.417,60.446,63000000,1
1300063440000,1300063499000,60.447,60.457,60.416,60.437,114000000,1
1300063500000,1300063559000,60.437,60.439,60.418,60.439,85000000,1
1300063560000,1300063619000,60.439,60.476,60.437,60.476,91000000,1
1300063620000,1300063679000,60.476,60.567,60.476,60.567,184000000,1
1300063680000,1300063739000,60.568,60.586,60.556,60.556,134000000,1
1300063740000,1300063799000,60.567,60.597,60.556,60.597,133000000,1
1300063800000,1300063859000,60.597,60.657,60.586,60.657,104000000,1
1300063860000,1300063919000,60.657,60.717,60.656,60.706,128000000,1
1300063920000,1300063979000,60.717,60.747,60.706,60.746,116000000,1
1300063980000,1300064039000,60.737,60.807,60.736,60.796,138000000,1
1300064040000,1300064099000,60.787,60.797,60.746,60.751,96000000,1
1300064100000,1300064159000,60.757,60.766,60.646,60.656,97000000,1
1300064160000,1300064219000,60.646,60.656,60.616,60.656,80000000,1
1300064220000,1300064279000,60.647,60.707,60.646,60.697,93000000,1
1300064280000,1300064339000,60.687,60.787,60.687,60.786,116000000,1
1300064340000,1300064399000,60.786,60.796,60.727,60.737,59000000,1
1300064400000,1300064459000,60.737,60.756,60.67,60.756,107000000,1
1300064460000,1300064519000,60.753,60.807,60.734,60.786,244000000,1
1300064520000,1300064579000,60.786,60.806,60.776,60.786,129000000,1
1300064580000,1300064639000,60.786,60.967,60.786,60.957,243000000,1
1300064640000,1300064699000,60.958,60.967,60.826,60.837,211000000,1
1300064700000,1300064759000,60.837,60.837,60.746,60.746,215000000,1
1300064760000,1300064819000,60.746,60.776,60.726,60.737,152000000,1
1300064820000,1300064879000,60.736,60.777,60.706,60.776,143000000,1
1300064880000,1300064939000,60.777,60.817,60.777,60.806,62000000,1
1300064940000,1300064999000,60.807,60.827,60.806,60.817,57000000,1
1300065000000,1300065059000,60.817,60.817,60.756,60.768,118000000,1
1300065060000,1300065119000,60.776,60.826,60.766,60.826,65000000,1
1300065120000,1300065179000,60.817,60.837,60.806,60.807,34000000,1
1300065180000,1300065239000,60.796,60.796,60.776,60.787,18000000,1
1300065240000,1300065299000,60.797,60.797,60.776,60.776,45000000,1
1300065300000,1300065359000,60.776,60.817,60.776,60.787,86000000,1
1300065360000,1300065419000,60.777,60.787,60.716,60.726,129000000,1
1300065420000,1300065479000,60.717,60.726,60.696,60.706,98000000,1
1300065480000,1300065539000,60.717,60.717,60.697,60.706,34000000,1
1300065540000,1300065599000,60.696,60.727,60.696,60.717,57000000,1
1300065600000,1300065659000,60.716,60.736,60.707,60.727,60000000,1
1300065660000,1300065719000,60.727,60.746,60.717,60.726,56000000,1
1300065720000,1300065779000,60.736,60.747,60.706,60.716,55000000,1
1300065780000,1300065839000,60.706,60.717,60.667,60.686,80000000,1
1300065840000,1300065899000,60.687,60.746,60.686,60.736,92000000,1
1300065900000,1300065959000,60.736,60.796,60.736,60.777,75000000,1
1300065960000,1300066019000,60.777,60.777,60.746,60.746,68000000,1
1300066020000,1300066079000,60.746,60.777,60.746,60.776,42000000,1
1300066080000,1300066139000,60.778,60.797,60.778,60.797,22000000,1
1300066140000,1300066199000,60.797,60.857,60.786,60.846,108000000,1
1300066200000,1300066259000,60.846,60.886,60.826,60.826,152000000,1
1300066260000,1300066319000,60.837,60.837,60.806,60.816,31000000,1
1300066320000,1300066379000,60.818,60.837,60.801,60.817,151000000,1
1300066380000,1300066439000,60.827,60.837,60.816,60.827,120000000,1
1300066440000,1300066499000,60.817,60.817,60.776,60.787,85000000,1
1300066500000,1300066559000,60.776,60.787,60.767,60.787,76000000,1
1300066560000,1300066619000,60.786,60.826,60.786,60.816,110000000,1
1300066620000,1300066679000,60.816,60.827,60.76,60.776,221000000,1
1300066680000,1300066739000,60.767,60.794,60.746,60.767,113000000,1
1300066740000,1300066799000,60.767,60.777,60.747,60.766,88000000,1
1300066800000,1300066859000,60.767,60.767,60.747,60.747,12000000,1
1300066860000,1300066919000,60.756,60.794,60.748,60.794,73000000,1
1300066920000,1300066979000,60.793,60.794,60.776,60.793,91000000,1
1300066980000,1300067039000,60.793,60.797,60.793,60.793,80000000,1
1300067040000,1300067099000,60.793,60.808,60.793,60.794,145000000,1
1300067100000,1300067159000,60.793,60.798,60.787,60.793,111000000,1
1300067160000,1300067219000,60.794,60.794,60.793,60.794,94000000,1
1300067220000,1300067279000,60.794,60.797,60.793,60.793,85000000,1
1300067280000,1300067339000,60.793,60.794,60.748,60.748,73000000,1
1300067340000,1300067399000,60.746,60.747,60.737,60.746,14000000,1
1300067400000,1300067459000,60.747,60.747,60.746,60.747,7000000,1
1300067460000,1300067519000,60.747,60.787,60.746,60.767,114000000,1
1300067520000,1300067579000,60.767,60.787,60.756,60.786,63000000,1
1300067580000,1300067639000,60.786,60.786,60.766,60.768,47000000,1
1300067640000,1300067699000,60.779,60.779,60.746,60.748,39000000,1
1300067700000,1300067759000,60.748,60.757,60.727,60.737,72000000,1
1300067760000,1300067819000,60.737,60.768,60.726,60.766,93000000,1
1300067820000,1300067879000,60.762,60.777,60.756,60.767,86000000,1
1300067880000,1300067939000,60.766,60.777,60.766,60.767,58000000,1
1300067940000,1300067999000,60.767,60.767,60.746,60.767,45000000,1
1300068000000,1300068059000,60.767,60.787,60.756,60.787,38000000,1
1300068060000,1300068119000,60.777,60.796,60.766,60.777,49000000,1
1300068120000,1300068179000,60.777,60.799,60.756,60.756,106000000,1
1300068180000,1300068239000,60.756,60.767,60.736,60.747,56000000,1
1300068240000,1300068299000,60.747,60.747,60.707,60.708,59000000,1
1300068300000,1300068359000,60.707,60.726,60.706,60.726,75000000,1
1300068360000,1300068419000,60.726,60.737,60.708,60.736,54000000,1
1300068420000,1300068479000,60.736,60.738,60.736,60.738,9000000,1
1300068480000,1300068539000,60.738,60.748,60.737,60.748,25000000,1
1300068540000,1300068599000,60.748,60.758,60.727,60.737,95000000,1
1300068600000,1300068659000,60.737,60.748,60.717,60.717,39000000,1
1300068660000,1300068719000,60.708,60.708,60.657,60.697,126000000,1
1300068720000,1300068779000,60.697,60.708,60.666,60.708,122000000,1
1300068780000,1300068839000,60.706,60.727,60.706,60.718,49000000,1
1300068840000,1300068899000,60.726,60.738,60.716,60.717,63000000,1
1300068900000,1300068959000,60.717,60.738,60.716,60.717,92000000,1
1300068960000,1300069019000,60.708,60.737,60.696,60.697,79000000,1
1300069020000,1300069079000,60.687,60.697,60.636,60.647,174000000,1
1300069080000,1300069139000,60.647,60.656,60.636,60.637,80000000,1
1300069140000,1300069199000,60.637,60.647,60.606,60.647,75000000,1
1300069200000,1300069259000,60.647,60.647,60.616,60.647,97000000,1
1300069260000,1300069319000,60.647,60.658,60.646,60.648,29000000,1
1300069320000,1300069379000,60.651,60.67,60.648,60.658,86000000,1
1300069380000,1300069439000,60.659,60.659,60.637,60.648,28000000,1
1300069440000,1300069499000,60.648,60.711,60.648,60.708,105000000,1
1300069500000,1300069559000,60.699,60.708,60.696,60.706,87000000,1
1300069560000,1300069619000,60.697,60.698,60.687,60.688,23000000,1
1300069620000,1300069679000,60.687,60.696,60.658,60.659,46000000,1
1300069680000,1300069739000,60.668,60.696,60.667,60.696,39000000,1
1300069740000,1300069799000,60.688,60.718,60.688,60.707,42000000,1
1300069800000,1300069859000,60.697,60.727,60.689,60.727,46000000,1
1300069860000,1300069919000,60.727,60.727,60.718,60.726,32000000,1
1300069920000,1300069979000,60.726,60.737,60.708,60.737,65000000,1
1300069980000,1300070039000,60.736,60.746,60.736,60.736,22000000,1
1300070040000,1300070099000,60.737,60.738,60.727,60.738,52000000,1
1300070100000,1300070159000,60.736,60.737,60.717,60.718,40000000,1
1300070160000,1300070219000,60.718,60.727,60.716,60.716,48000000,1
1300070220000,1300070279000,60.708,60.727,60.707,60.718,54000000,1
1300070280000,1300070339000,60.727,60.738,60.722,60.726,44000000,1
1300070340000,1300070399000,60.727,60.736,60.716,60.736,60000000,1
1300070400000,1300070459000,60.736,60.746,60.736,60.746,16000000,1
1300070460000,1300070519000,60.747,60.747,60.737,60.746,36000000,1
1300070520000,1300070579000,60.746,60.767,60.746,60.767,69000000,1
1300070580000,1300070639000,60.767,60.777,60.762,60.767,40000000,1
1300070640000,1300070699000,60.767,60.767,60.757,60.766,39000000,1
1300070700000,1300070759000,60.766,60.767,60.756,60.757,25000000,1
1300070760000,1300070819000,60.757,60.757,60.756,60.757,30000000,1
1300070820000,1300070879000,60.757,60.758,60.757,60.757,31000000,1
1300070880000,1300070939000,60.757,60.757,60.756,60.757,10000000,1
1300070940000,1300070999000,60.756,60.757,60.756,60.757,5000000,1
1300071000000,1300071059000,60.748,60.757,60.746,60.747,26000000,1
1300071060000,1300071119000,60.746,60.757,60.746,60.746,23000000,1
1300071120000,1300071179000,60.746,60.747,60.738,60.738,17000000,1
1300071180000,1300071239000,60.738,60.738,60.727,60.737,67000000,1
1300071240000,1300071299000,60.737,60.737,60.726,60.726,23000000,1
1300071300000,1300071359000,60.726,60.727,60.716,60.727,48000000,1
1300071360000,1300071419000,60.727,60.727,60.718,60.727,38000000,1
1300071420000,1300071479000,60.727,60.748,60.727,60.747,133000000,1
1300071480000,1300071539000,60.747,60.748,60.736,60.746,37000000,1
1300071540000,1300071599000,60.747,60.757,60.747,60.756,53000000,1
1300071600000,1300071659000,60.756,60.767,60.756,60.756,38000000,1
1300071660000,1300071719000,60.756,60.756,60.737,60.738,14000000,1
1300071720000,1300071779000,60.743,60.746,60.743,60.746,10000000,1
1300071780000,1300071839000,60.747,60.756,60.736,60.738,32000000,1
1300071840000,1300071899000,60.739,60.777,60.739,60.776,34000000,1
1300071900000,1300071959000,60.777,60.803,60.776,60.787,50000000,1
1300071960000,1300072019000,60.787,60.787,60.786,60.786,23000000,1
1300072020000,1300072079000,60.786,60.786,60.768,60.776,30000000,1
1300072080000,1300072139000,60.777,60.788,60.776,60.787,49000000,1
1300072140000,1300072199000,60.787,60.787,60.766,60.766,64000000,1
1300072200000,1300072259000,60.757,60.757,60.746,60.747,45000000,1
1300072260000,1300072319000,60.747,60.747,60.746,60.746,14000000,1
1300072320000,1300072379000,60.748,60.777,60.746,60.777,44000000,1
1300072380000,1300072439000,60.776,60.776,60.766,60.766,35000000,1
1300072440000,1300072499000,60.766,60.768,60.747,60.747,40000000,1
1300072500000,1300072559000,60.746,60.747,60.736,60.737,45000000,1
1300072560000,1300072619000,60.736,60.738,60.736,60.737,14000000,1
1300072620000,1300072679000,60.737,60.747,60.736,60.738,43000000,1
1300072680000,1300072739000,60.738,60.738,60.736,60.736,7000000,1
1300072740000,1300072799000,60.728,60.747,60.728,60.737,21000000,1
1300072800000,1300072859000,60.746,60.747,60.746,60.746,13000000,1
1300072860000,1300072919000,60.746,60.746,60.736,60.736,11000000,1
1300072920000,1300072979000,60.737,60.737,60.736,60.737,8000000,1
1300072980000,1300073039000,60.736,60.738,60.736,60.736,17000000,1
1300073040000,1300073099000,60.737,60.737,60.736,60.736,6000000,1
1300073100000,1300073159000,60.736,60.737,60.697,60.716,63000000,1
1300073160000,1300073219000,60.716,60.718,60.707,60.707,92000000,1
1300073220000,1300073279000,60.707,60.707,60.696,60.698,61000000,1
1300073280000,1300073339000,60.697,60.707,60.693,60.698,48000000,1
1300073340000,1300073399000,60.698,60.706,60.666,60.678,86000000,1
1300073400000,1300073459000,60.678,60.697,60.659,60.676,187000000,1
1300073460000,1300073519000,60.676,60.681,60.66,60.676,45000000,1
1300073520000,1300073579000,60.677,60.677,60.676,60.676,12000000,1
1300073580000,1300073639000,60.676,60.687,60.666,60.686,75000000,1
1300073640000,1300073699000,60.686,60.686,60.667,60.667,27000000,1
1300073700000,1300073759000,60.667,60.687,60.666,60.687,52000000,1
1300073760000,1300073819000,60.687,60.687,60.686,60.686,20000000,1
1300073820000,1300073879000,60.686,60.697,60.686,60.697,25000000,1
1300073880000,1300073939000,60.706,60.716,60.696,60.706,35000000,1
1300073940000,1300073999000,60.696,60.696,60.676,60.677,59000000,1
1300074000000,1300074059000,60.677,60.698,60.676,60.696,54000000,1
1300074060000,1300074119000,60.696,60.706,60.677,60.687,80000000,1
1300074120000,1300074179000,60.687,60.697,60.667,60.697,61000000,1
1300074180000,1300074239000,60.697,60.697,60.676,60.696,54000000,1
1300074240000,1300074299000,60.697,60.717,60.696,60.716,77000000,1
1300074300000,1300074359000,60.716,60.717,60.707,60.707,43000000,1
1300074360000,1300074419000,60.707,60.726,60.704,60.716,60000000,1
1300074420000,1300074479000,60.716,60.738,60.716,60.736,29000000,1
1300074480000,1300074539000,60.736,60.738,60.736,60.737,25000000,1
1300074540000,1300074599000,60.737,60.738,60.736,60.737,14000000,1
1300074600000,1300074659000,60.737,60.748,60.736,60.748,26000000,1
1300074660000,1300074719000,60.748,60.748,60.746,60.747,13000000,1
1300074720000,1300074779000,60.746,60.746,60.686,60.696,59000000,1
1300074780000,1300074839000,60.696,60.696,60.656,60.657,89000000,1
1300074840000,1300074899000,60.657,60.667,60.656,60.657,33000000,1
1300074900000,1300074959000,60.657,60.667,60.656,60.657,30000000,1
1300074960000,1300075019000,60.657,60.668,60.657,60.666,25000000,1
1300075020000,1300075079000,60.667,60.667,60.666,60.667,14000000,1
1300075080000,1300075139000,60.668,60.668,60.657,60.657,26000000,1
1300075140000,1300075199000,60.657,60.657,60.646,60.646,61000000,1
1300075200000,1300075259000,60.646,60.667,60.646,60.667,57000000,1
1300075260000,1300075319000,60.667,60.677,60.656,60.666,64000000,1
1300075320000,1300075379000,60.666,60.667,60.657,60.658,57000000,1
1300075380000,1300075439000,60.658,60.658,60.646,60.646,29000000,1
1300075440000,1300075499000,60.646,60.648,60.637,60.646,50000000,1
1300075500000,1300075559000,60.647,60.647,60.636,60.647,35000000,1
1300075560000,1300075619000,60.647,60.647,60.627,60.636,54000000,1
1300075620000,1300075679000,60.636,60.648,60.627,60.646,91000000,1
1300075680000,1300075739000,60.646,60.647,60.636,60.636,44000000,1
1300075740000,1300075799000,60.626,60.636,60.618,60.618,16000000,1
1300075800000,1300075859000,60.626,60.637,60.618,60.637,25000000,1
1300075860000,1300075919000,60.637,60.646,60.626,60.646,43000000,1
1300075920000,1300075979000,60.638,60.638,60.618,60.626,94000000,1
1300075980000,1300076039000,60.618,60.621,60.616,60.617,28000000,1
1300076040000,1300076099000,60.616,60.617,60.616,60.616,9000000,1
1300076100000,1300076159000,60.616,60.627,60.616,60.627,28000000,1
1300076160000,1300076219000,60.627,60.627,60.597,60.606,32000000,1
1300076220000,1300076279000,60.606,60.617,60.596,60.617,85000000,1
1300076280000,1300076339000,60.616,60.616,60.607,60.607,22000000,1
1300076340000,1300076399000,60.607,60.617,60.606,60.606,36000000,1
1300076400000,1300076459000,60.607,60.607,60.606,60.606,25000000,1
1300076460000,1300076519000,60.606,60.607,60.597,60.607,18000000,1
1300076520000,1300076579000,60.607,60.636,60.607,60.636,52000000,1
1300076580000,1300076639000,60.637,60.647,60.636,60.647,20000000,1
1300076640000,1300076699000,60.651,60.687,60.651,60.686,61000000,1
1300076700000,1300076759000,60.687,60.697,60.686,60.697,41000000,1
1300076760000,1300076819000,60.697,60.697,60.696,60.697,103000000,1
1300076820000,1300076879000,60.697,60.697,60.686,60.687,103000000,1
1300076880000,1300076939000,60.678,60.706,60.678,60.697,50000000,1
1300076940000,1300076999000,60.697,60.698,60.696,60.696,11000000,1
1300077000000,1300077059000,60.696,60.717,60.696,60.707,33000000,1
1300077060000,1300077119000,60.697,60.717,60.697,60.708,20000000,1
1300077120000,1300077179000,60.707,60.716,60.706,60.706,13000000,1
1300077180000,1300077239000,60.708,60.716,60.706,60.706,30000000,1
1300077240000,1300077299000,60.706,60.717,60.706,60.706,29000000,1
1300077300000,1300077359000,60.698,60.706,60.696,60.697,34000000,1
1300077360000,1300077419000,60.697,60.707,60.666,60.676,135000000,1
1300077420000,1300077479000,60.676,60.676,60.666,60.666,218000000,1
1300077480000,1300077539000,60.666,60.676,60.656,60.658,95000000,1
1300077540000,1300077599000,60.666,60.677,60.666,60.677,56000000,1
1300077600000,1300077659000,60.677,60.686,60.667,60.686,44000000,1
1300077660000,1300077719000,60.686,60.707,60.686,60.707,52000000,1
1300077720000,1300077779000,60.707,60.707,60.687,60.687,48000000,1
1300077780000,1300077839000,60.687,60.698,60.687,60.688,38000000,1
1300077840000,1300077899000,60.687,60.688,60.686,60.687,15000000,1
1300077900000,1300077959000,60.678,60.688,60.678,60.687,53000000,1
1300077960000,1300078019000,60.686,60.686,60.677,60.678,43000000,1
1300078020000,1300078079000,60.678,60.707,60.678,60.706,55000000,1
1300078080000,1300078139000,60.706,60.706,60.686,60.697,48000000,1
1300078140000,1300078199000,60.697,60.697,60.667,60.677,37000000,1
1300078200000,1300078259000,60.677,60.677,60.677,60.677,6000000,1
1300078260000,1300078319000,60.677,60.688,60.669,60.687,46000000,1
1300078320000,1300078379000,60.687,60.697,60.687,60.696,14000000,1
1300078380000,1300078439000,60.696,60.699,60.696,60.697,11000000,1
1300078440000,1300078499000,60.697,60.697,60.69,60.697,30000000,1
1300078500000,1300078559000,60.696,60.698,60.696,60.696,13000000,1
1300078560000,1300078619000,60.696,60.707,60.677,60.706,72000000,1
1300078620000,1300078679000,60.706,60.706,60.697,60.698,41000000,1
1300078680000,1300078739000,60.696,60.697,60.686,60.697,31000000,1
1300078740000,1300078799000,60.698,60.716,60.697,60.71,98000000,1
1300078800000,1300078859000,60.707,60.737,60.688,60.737,99000000,1
1300078860000,1300078919000,60.728,60.737,60.727,60.737,72000000,1
1300078920000,1300078979000,60.737,60.737,60.727,60.736,38000000,1
1300078980000,1300079039000,60.736,60.736,60.726,60.736,44000000,1
1300079040000,1300079099000,60.736,60.737,60.726,60.737,37000000,1
1300079100000,1300079159000,60.727,60.737,60.727,60.727,25000000,1
1300079160000,1300079219000,60.726,60.737,60.717,60.717,28000000,1
1300079220000,1300079279000,60.718,60.738,60.707,60.709,95000000,1
1300079280000,1300079339000,60.709,60.738,60.696,60.727,104000000,1
1300079340000,1300079399000,60.727,60.728,60.708,60.708,40000000,1
1300079400000,1300079459000,60.706,60.708,60.706,60.708,47000000,1
1300079460000,1300079519000,60.717,60.732,60.707,60.729,52000000,1
1300079520000,1300079579000,60.728,60.729,60.727,60.727,14000000,1
1300079580000,1300079639000,60.727,60.738,60.727,60.728,43000000,1
1300079640000,1300079699000,60.728,60.741,60.728,60.741,52000000,1
1300079700000,1300079759000,60.741,60.747,60.741,60.746,13000000,1
1300079760000,1300079819000,60.746,60.746,60.738,60.746,12000000,1
1300079820000,1300079879000,60.74,60.747,60.737,60.747,193000000,1
1300079880000,1300079939000,60.747,60.747,60.746,60.747,198000000,1
1300079940000,1300079999000,60.747,60.751,60.738,60.747,85000000,1
1300080000000,1300080059000,60.738,60.748,60.738,60.748,29000000,1
1300080060000,1300080119000,60.748,60.749,60.748,60.748,60000000,1
1300080120000,1300080179000,60.748,60.756,60.746,60.753,118000000,1
1300080180000,1300080239000,60.757,60.758,60.747,60.757,93000000,1
1300080240000,1300080299000,60.756,60.758,60.746,60.746,39000000,1
1300080300000,1300080359000,60.746,60.767,60.746,60.757,62000000,1
1300080360000,1300080419000,60.757,60.778,60.746,60.777,88000000,1
1300080420000,1300080479000,60.777,60.777,60.776,60.777,31000000,1
1300080480000,1300080539000,60.777,60.787,60.777,60.778,28000000,1
1300080540000,1300080599000,60.778,60.778,60.737,60.737,81000000,1
1300080600000,1300080659000,60.737,60.756,60.737,60.737,51000000,1
1300080660000,1300080719000,60.737,60.737,60.727,60.737,44000000,1
1300080720000,1300080779000,60.737,60.767,60.737,60.767,77000000,1
1300080780000,1300080839000,60.766,60.768,60.757,60.757,34000000,1
1300080840000,1300080899000,60.766,60.778,60.766,60.767,67000000,1
1300080900000,1300080959000,60.767,60.777,60.767,60.767,35000000,1
1300080960000,1300081019000,60.767,60.777,60.767,60.767,62000000,1
1300081020000,1300081079000,60.767,60.777,60.767,60.777,22000000,1
1300081080000,1300081139000,60.777,60.778,60.772,60.777,37000000,1
1300081140000,1300081199000,60.785,60.787,60.768,60.78,66000000,1
1300081200000,1300081259000,60.779,60.787,60.777,60.786,21000000,1
1300081260000,1300081319000,60.788,60.797,60.788,60.797,10000000,1
1300081320000,1300081379000,60.788,60.797,60.788,60.797,13000000,1
1300081380000,1300081439000,60.797,60.797,60.788,60.788,17000000,1
1300081440000,1300081499000,60.788,60.789,60.788,60.788,15000000,1
1300081500000,1300081559000,60.788,60.788,60.777,60.779,44000000,1
1300081560000,1300081619000,60.781,60.806,60.781,60.806,70000000,1
1300081620000,1300081679000,60.798,60.8,60.798,60.798,36000000,1
1300081680000,1300081739000,60.798,60.828,60.796,60.826,90000000,1
1300081740000,1300081799000,60.818,60.846,60.808,60.838,80000000,1
1300081800000,1300081859000,60.838,60.838,60.797,60.801,74000000,1
1300081860000,1300081919000,60.798,60.798,60.776,60.787,95000000,1
1300081920000,1300081979000,60.778,60.787,60.777,60.787,30000000,1
1300081980000,1300082039000,60.787,60.787,60.777,60.778,33000000,1
1300082040000,1300082099000,60.786,60.786,60.776,60.777,22000000,1
1300082100000,1300082159000,60.777,60.788,60.777,60.787,29000000,1
1300082160000,1300082219000,60.788,60.798,60.786,60.797,79000000,1
1300082220000,1300082279000,60.797,60.806,60.797,60.806,29000000,1
1300082280000,1300082339000,60.807,60.814,60.797,60.807,77000000,1
1300082340000,1300082399000,60.813,60.826,60.806,60.816,71000000,1
1300082400000,1300082459000,60.806,60.817,60.786,60.79,80000000,1
1300082460000,1300082519000,60.796,60.796,60.728,60.737,142000000,1
1300082520000,1300082579000,60.737,60.747,60.707,60.738,142000000,1
1300082580000,1300082639000,60.738,60.747,60.727,60.736,41000000,1
1300082640000,1300082699000,60.747,60.747,60.726,60.746,70000000,1
1300082700000,1300082759000,60.746,60.747,60.726,60.747,50000000,1
1300082760000,1300082819000,60.737,60.758,60.718,60.728,120000000,1
1300082820000,1300082879000,60.737,60.737,60.698,60.698,91000000,1
1300082880000,1300082939000,60.698,60.698,60.698,60.698,7000000,1
1300082940000,1300082999000,60.698,60.707,60.697,60.701,45000000,1
1300083000000,1300083059000,60.697,60.717,60.697,60.709,85000000,1
1300083060000,1300083119000,60.717,60.717,60.707,60.711,11000000,1
1300083120000,1300083179000,60.717,60.728,60.717,60.727,72000000,1
1300083180000,1300083239000,60.727,60.738,60.727,60.738,38000000,1
1300083240000,1300083299000,60.738,60.767,60.738,60.747,79000000,1
1300083300000,1300083359000,60.747,60.758,60.738,60.751,74000000,1
1300083360000,1300083419000,60.757,60.757,60.737,60.748,54000000,1
1300083420000,1300083479000,60.748,60.748,60.727,60.738,61000000,1
1300083480000,1300083539000,60.738,60.738,60.707,60.707,99000000,1
1300083540000,1300083599000,60.707,60.727,60.697,60.716,69000000,1
1300083600000,1300083659000,60.716,60.737,60.716,60.736,105000000,1
1300083660000,1300083719000,60.736,60.757,60.736,60.748,61000000,1
1300083720000,1300083779000,60.75,60.757,60.736,60.736,42000000,1
1300083780000,1300083839000,60.737,60.737,60.706,60.707,71000000,1
1300083840000,1300083899000,60.717,60.719,60.706,60.706,61000000,1
1300083900000,1300083959000,60.706,60.708,60.696,60.697,30000000,1
1300083960000,1300084019000,60.698,60.707,60.696,60.706,61000000,1
1300084020000,1300084079000,60.706,60.709,60.706,60.708,43000000,1
1300084080000,1300084139000,60.708,60.709,60.696,60.708,57000000,1
1300084140000,1300084199000,60.708,60.717,60.697,60.707,47000000,1
1300084200000,1300084259000,60.707,60.707,60.704,60.706,26000000,1
1300084260000,1300084319000,60.707,60.719,60.706,60.719,63000000,1
1300084320000,1300084379000,60.718,60.719,60.706,60.718,70000000,1
1300084380000,1300084439000,60.719,60.719,60.696,60.696,24000000,1
1300084440000,1300084499000,60.696,60.717,60.682,60.717,76000000,1
1300084500000,1300084559000,60.717,60.717,60.686,60.687,69000000,1
1300084560000,1300084619000,60.686,60.706,60.686,60.697,63000000,1
1300084620000,1300084679000,60.697,60.709,60.697,60.707,24000000,1
1300084680000,1300084739000,60.713,60.727,60.713,60.727,26000000,1
1300084740000,1300084799000,60.727,60.736,60.727,60.728,33000000,1
1300084800000,1300084859000,60.736,60.736,60.726,60.727,15000000,1
1300084860000,1300084919000,60.727,60.727,60.716,60.716,41000000,1
1300084920000,1300084979000,60.716,60.718,60.716,60.718,6000000,1
1300084980000,1300085039000,60.718,60.727,60.718,60.726,32000000,1
1300085040000,1300085099000,60.726,60.727,60.726,60.726,26000000,1
1300085100000,1300085159000,60.726,60.727,60.716,60.727,20000000,1
1300085160000,1300085219000,60.726,60.727,60.718,60.727,15000000,1
1300085220000,1300085279000,60.727,60.727,60.717,60.717,11000000,1
1300085280000,1300085339000,60.718,60.727,60.717,60.717,53000000,1
1300085340000,1300085399000,60.717,60.727,60.717,60.727,21000000,1
1300085400000,1300085459000,60.727,60.727,60.726,60.726,4000000,1
1300085460000,1300085519000,60.72,60.728,60.72,60.728,52000000,1
1300085520000,1300085579000,60.728,60.737,60.727,60.736,57000000,1
1300085580000,1300085639000,60.736,60.738,60.726,60.738,45000000,1
1300085640000,1300085699000,60.737,60.746,60.726,60.737,60000000,1
1300085700000,1300085759000,60.737,60.737,60.717,60.727,43000000,1
1300085760000,1300085819000,60.727,60.727,60.718,60.727,36000000,1
1300085820000,1300085879000,60.728,60.737,60.726,60.736,47000000,1
1300085880000,1300085939000,60.736,60.737,60.706,60.707,50000000,1
1300085940000,1300085999000,60.698,60.718,60.69,60.718,138000000,1
1300086000000,1300086059000,60.717,60.749,60.717,60.749,91000000,1
1300086060000,1300086119000,60.748,60.758,60.738,60.738,84000000,1
1300086120000,1300086179000,60.738,60.748,60.737,60.738,72000000,1
1300086180000,1300086239000,60.737,60.747,60.727,60.745,63000000,1
1300086240000,1300086299000,60.747,60.752,60.726,60.726,93000000,1
1300086300000,1300086359000,60.718,60.747,60.718,60.728,106000000,1
1300086360000,1300086419000,60.727,60.749,60.727,60.746,64000000,1
1300086420000,1300086479000,60.744,60.749,60.737,60.737,76000000,1
1300086480000,1300086539000,60.737,60.758,60.737,60.742,78000000,1
1300086540000,1300086599000,60.748,60.749,60.742,60.747,33000000,1
1300086600000,1300086659000,60.747,60.748,60.738,60.738,70000000,1
1300086660000,1300086719000,60.737,60.746,60.73,60.744,37000000,1
1300086720000,1300086779000,60.74,60.748,60.728,60.732,60000000,1
1300086780000,1300086839000,60.728,60.748,60.728,60.748,48000000,1
1300086840000,1300086899000,60.751,60.757,60.741,60.75,107000000,1
1300086900000,1300086959000,60.749,60.758,60.746,60.757,53000000,1
1300086960000,1300087019000,60.757,60.759,60.749,60.759,36000000,1
1300087020000,1300087079000,60.759,60.759,60.748,60.749,53000000,1
1300087080000,1300087139000,60.747,60.749,60.736,60.738,49000000,1
1300087140000,1300087199000,60.736,60.736,60.713,60.726,64000000,1
1300087200000,1300087259000,60.729,60.737,60.696,60.696,82000000,1
1300087260000,1300087319000,60.693,60.693,60.659,60.666,70000000,1
1300087320000,1300087379000,60.666,60.667,60.658,60.666,35000000,1
1300087380000,1300087439000,60.666,60.676,60.659,60.672,46000000,1
1300087440000,1300087499000,60.671,60.688,60.671,60.688,43000000,1
1300087500000,1300087559000,60.686,60.688,60.657,60.668,94000000,1
1300087560000,1300087619000,60.668,60.677,60.668,60.676,17000000,1
1300087620000,1300087679000,60.676,60.686,60.666,60.666,59000000,1
1300087680000,1300087739000,60.666,60.677,60.666,60.677,57000000,1
1300087740000,1300087799000,60.677,60.686,60.659,60.677,78000000,1
1300087800000,1300087859000,60.677,60.698,60.677,60.697,82000000,1
1300087860000,1300087919000,60.696,60.696,60.666,60.688,86000000,1
1300087920000,1300087979000,60.688,60.697,60.68,60.688,67000000,1
1300087980000,1300088039000,60.69,60.698,60.667,60.696,89000000,1
1300088040000,1300088099000,60.696,60.696,60.668,60.686,78000000,1
1300088100000,1300088159000,60.686,60.686,60.659,60.659,35000000,1
1300088160000,1300088219000,60.658,60.667,60.647,60.648,79000000,1
1300088220000,1300088279000,60.646,60.708,60.636,60.707,94000000,1
1300088280000,1300088339000,60.707,60.717,60.686,60.687,94000000,1
1300088340000,1300088399000,60.687,60.688,60.668,60.687,76000000,1
1300088400000,1300088459000,60.687,60.707,60.678,60.697,90000000,1
1300088460000,1300088519000,60.7,60.727,60.697,60.727,104000000,1
1300088520000,1300088579000,60.737,60.76,60.737,60.757,103000000,1
1300088580000,1300088639000,60.756,60.758,60.756,60.758,42000000,1
1300088640000,1300088699000,60.758,60.766,60.723,60.727,138000000,1
1300088700000,1300088759000,60.727,60.727,60.708,60.717,57000000,1
1300088760000,1300088819000,60.717,60.737,60.717,60.737,35000000,1
1300088820000,1300088879000,60.737,60.757,60.737,60.737,132000000,1
1300088880000,1300088939000,60.737,60.737,60.707,60.714,88000000,1
1300088940000,1300088999000,60.71,60.717,60.707,60.708,50000000,1
1300089000000,1300089059000,60.711,60.718,60.698,60.698,145000000,1
1300089060000,1300089119000,60.697,60.708,60.679,60.694,145000000,1
1300089120000,1300089179000,60.692,60.737,60.69,60.706,127000000,1
1300089180000,1300089239000,60.706,60.718,60.681,60.687,46000000,1
1300089240000,1300089299000,60.677,60.688,60.677,60.682,67000000,1
1300089300000,1300089359000,60.679,60.681,60.671,60.671,48000000,1
1300089360000,1300089419000,60.671,60.687,60.658,60.661,77000000,1
1300089420000,1300089479000,60.67,60.671,60.646,60.646,48000000,1
1300089480000,1300089539000,60.638,60.644,60.631,60.643,80000000,1
1300089540000,1300089599000,60.643,60.644,60.616,60.627,112000000,1
1300089600000,1300089659000,60.626,60.626,60.596,60.609,104000000,1
1300089660000,1300089719000,60.609,60.653,60.609,60.634,148000000,1
1300089720000,1300089779000,60.63,60.647,60.624,60.644,86000000,1
1300089780000,1300089839000,60.643,60.667,60.643,60.666,113000000,1
1300089840000,1300089899000,60.666,60.667,60.647,60.667,94000000,1
1300089900000,1300089959000,60.667,60.667,60.643,60.643,109000000,1
1300089960000,1300090019000,60.643,60.657,60.643,60.644,81000000,1
1300090020000,1300090079000,60.643,60.644,60.643,60.644,117000000,1
1300090080000,1300090139000,60.644,60.648,60.627,60.647,117000000,1
1300090140000,1300090199000,60.647,60.647,60.581,60.597,150000000,1
1300090200000,1300090259000,60.6,60.618,60.597,60.598,105000000,1
1300090260000,1300090319000,60.598,60.636,60.598,60.617,132000000,1
1300090320000,1300090379000,60.624,60.637,60.617,60.637,70000000,1
1300090380000,1300090439000,60.637,60.637,60.626,60.626,52000000,1
1300090440000,1300090499000,60.626,60.627,60.606,60.608,83000000,1
1300090500000,1300090559000,60.611,60.618,60.602,60.609,87000000,1
1300090560000,1300090619000,60.608,60.609,60.593,60.597,125000000,1
1300090620000,1300090679000,60.596,60.617,60.596,60.609,69000000,1
1300090680000,1300090739000,60.606,60.608,60.596,60.606,81000000,1
1300090740000,1300090799000,60.606,60.606,60.596,60.598,50000000,1
1300090800000,1300090859000,60.597,60.616,60.596,60.607,74000000,1
1300090860000,1300090919000,60.607,60.607,60.586,60.59,61000000,1
1300090920000,1300090979000,60.588,60.588,60.568,60.576,73000000,1
1300090980000,1300091039000,60.576,60.576,60.49,60.497,129000000,1
1300091040000,1300091099000,60.502,60.534,60.502,60.517,145000000,1
1300091100000,1300091159000,60.518,60.527,60.516,60.516,60000000,1
1300091160000,1300091219000,60.516,60.517,60.497,60.497,52000000,1
1300091220000,1300091279000,60.501,60.508,60.467,60.476,133000000,1
1300091280000,1300091339000,60.476,60.476,60.417,60.417,202000000,1
1300091340000,1300091399000,60.419,60.458,60.406,60.457,131000000,1
1300091400000,1300091459000,60.457,60.468,60.446,60.447,52000000,1
1300091460000,1300091519000,60.447,60.447,60.398,60.398,169000000,1
1300091520000,1300091579000,60.396,60.408,60.376,60.406,142000000,1
1300091580000,1300091639000,60.406,60.426,60.38,60.396,100000000,1
1300091640000,1300091699000,60.396,60.407,60.396,60.402,57000000,1
1300091700000,1300091759000,60.4,60.437,60.397,60.427,91000000,1
1300091760000,1300091819000,60.427,60.437,60.406,60.431,57000000,1
1300091820000,1300091879000,60.428,60.441,60.406,60.441,112000000,1
1300091880000,1300091939000,60.438,60.456,60.438,60.45,55000000,1
1300091940000,1300091999000,60.448,60.448,60.413,60.418,79000000,1
1300092000000,1300092059000,60.418,60.418,60.406,60.406,50000000,1
1300092060000,1300092119000,60.406,60.412,60.381,60.387,74000000,1
1300092120000,1300092179000,60.387,60.387,60.376,60.378,64000000,1
1300092180000,1300092239000,60.376,60.402,60.376,60.397,92000000,1
1300092240000,1300092299000,60.397,60.407,60.387,60.407,67000000,1
1300092300000,1300092359000,60.407,60.417,60.406,60.407,52000000,1
1300092360000,1300092419000,60.417,60.438,60.406,60.43,113000000,1
1300092420000,1300092479000,60.429,60.447,60.418,60.438,135000000,1
1300092480000,1300092539000,60.437,60.448,60.437,60.438,90000000,1
1300092540000,1300092599000,60.437,60.448,60.428,60.437,96000000,1
1300092600000,1300092659000,60.436,60.479,60.436,60.476,68000000,1
1300092660000,1300092719000,60.468,60.468,60.438,60.447,95000000,1
1300092720000,1300092779000,60.441,60.448,60.438,60.447,61000000,1
1300092780000,1300092839000,60.437,60.448,60.436,60.448,53000000,1
1300092840000,1300092899000,60.448,60.467,60.443,60.467,68000000,1
1300092900000,1300092959000,60.467,60.479,60.457,60.478,57000000,1
1300092960000,1300093019000,60.476,60.51,60.468,60.496,157000000,1
1300093020000,1300093079000,60.488,60.507,60.478,60.507,104000000,1
1300093080000,1300093139000,60.507,60.517,60.507,60.507,74000000,1
1300093140000,1300093199000,60.507,60.558,60.507,60.547,261000000,1
1300093200000,1300093259000,60.548,60.57,60.547,60.566,141000000,1
1300093260000,1300093319000,60.568,60.607,60.566,60.567,170000000,1
1300093320000,1300093379000,60.567,60.567,60.527,60.529,84000000,1
1300093380000,1300093439000,60.528,60.538,60.525,60.536,42000000,1
1300093440000,1300093499000,60.536,60.546,60.506,60.506,103000000,1
1300093500000,1300093559000,60.506,60.506,60.457,60.457,78000000,1
1300093560000,1300093619000,60.458,60.477,60.458,60.467,61000000,1
1300093620000,1300093679000,60.467,60.468,60.456,60.457,53000000,1
1300093680000,1300093739000,60.457,60.477,60.457,60.467,51000000,1
1300093740000,1300093799000,60.467,60.467,60.436,60.448,48000000,1
1300093800000,1300093859000,60.447,60.457,60.447,60.447,60000000,1
1300093860000,1300093919000,60.45,60.467,60.448,60.467,25000000,1
1300093920000,1300093979000,60.467,60.496,60.467,60.476,89000000,1
1300093980000,1300094039000,60.476,60.486,60.458,60.48,41000000,1
1300094040000,1300094099000,60.478,60.516,60.469,60.516,100000000,1
1300094100000,1300094159000,60.516,60.538,60.516,60.518,86000000,1
1300094160000,1300094219000,60.518,60.537,60.507,60.537,92000000,1
1300094220000,1300094279000,60.537,60.548,60.534,60.547,64000000,1
1300094280000,1300094339000,60.547,60.547,60.506,60.507,52000000,1
1300094340000,1300094399000,60.507,60.517,60.506,60.517,24000000,1
1300094400000,1300094459000,60.517,60.528,60.516,60.528,109000000,1
1300094460000,1300094519000,60.524,60.524,60.507,60.517,51000000,1
1300094520000,1300094579000,60.517,60.528,60.517,60.526,45000000,1
1300094580000,1300094639000,60.527,60.537,60.527,60.528,10000000,1
1300094640000,1300094699000,60.528,60.528,60.523,60.526,24000000,1
1300094700000,1300094759000,60.526,60.539,60.517,60.539,90000000,1
1300094760000,1300094819000,60.539,60.558,60.536,60.547,63000000,1
1300094820000,1300094879000,60.547,60.567,60.547,60.558,82000000,1
1300094880000,1300094939000,60.557,60.567,60.546,60.547,72000000,1
1300094940000,1300094999000,60.537,60.577,60.52,60.526,137000000,1
1300095000000,1300095059000,60.517,60.547,60.516,60.546,100000000,1
1300095060000,1300095119000,60.536,60.537,60.527,60.537,40000000,1
1300095120000,1300095179000,60.537,60.539,60.526,60.539,49000000,1
1300095180000,1300095239000,60.542,60.542,60.506,60.506,73000000,1
1300095240000,1300095299000,60.506,60.507,60.446,60.47,143000000,1
1300095300000,1300095359000,60.477,60.497,60.457,60.497,95000000,1
1300095360000,1300095419000,60.497,60.526,60.486,60.487,81000000,1
1300095420000,1300095479000,60.487,60.487,60.466,60.484,61000000,1
1300095480000,1300095539000,60.486,60.497,60.466,60.468,104000000,1
1300095540000,1300095599000,60.467,60.467,60.447,60.447,168000000,1
1300095600000,1300095659000,60.447,60.457,60.426,60.447,74000000,1
1300095660000,1300095719000,60.448,60.458,60.432,60.453,138000000,1
1300095720000,1300095779000,60.457,60.457,60.437,60.448,145000000,1
1300095780000,1300095839000,60.447,60.456,60.437,60.447,92000000,1
1300095840000,1300095899000,60.447,60.457,60.446,60.449,66000000,1
1300095900000,1300095959000,60.452,60.458,60.436,60.436,52000000,1
1300095960000,1300096019000,60.435,60.466,60.428,60.466,71000000,1
1300096020000,1300096079000,60.466,60.467,60.426,60.426,44000000,1
1300096080000,1300096139000,60.426,60.457,60.426,60.447,94000000,1
1300096140000,1300096199000,60.447,60.467,60.43,60.432,100000000,1
1300096200000,1300096259000,60.431,60.447,60.431,60.437,57000000,1
1300096260000,1300096319000,60.446,60.458,60.438,60.458,94000000,1
1300096320000,1300096379000,60.459,60.477,60.458,60.477,23000000,1
1300096380000,1300096439000,60.477,60.477,60.456,60.456,20000000,1
1300096440000,1300096499000,60.456,60.467,60.446,60.446,29000000,1
1300096500000,1300096559000,60.446,60.452,60.436,60.438,66000000,1
1300096560000,1300096619000,60.446,60.458,60.443,60.457,55000000,1
1300096620000,1300096679000,60.457,60.457,60.446,60.446,22000000,1
1300096680000,1300096739000,60.437,60.438,60.436,60.437,26000000,1
1300096740000,1300096799000,60.437,60.457,60.437,60.457,53000000,1
1300096800000,1300096859000,60.457,60.477,60.457,60.468,54000000,1
1300096860000,1300096919000,60.471,60.488,60.467,60.476,71000000,1
1300096920000,1300096979000,60.476,60.487,60.47,60.477,47000000,1
1300096980000,1300097039000,60.477,60.477,60.457,60.467,47000000,1
1300097040000,1300097099000,60.466,60.468,60.438,60.438,191000000,1
1300097100000,1300097159000,60.438,60.458,60.436,60.458,61000000,1
1300097160000,1300097219000,60.458,60.478,60.457,60.477,41000000,1
1300097220000,1300097279000,60.476,60.488,60.457,60.457,57000000,1
1300097280000,1300097339000,60.457,60.467,60.446,60.466,82000000,1
1300097340000,1300097399000,60.466,60.466,60.456,60.46,31000000,1
1300097400000,1300097459000,60.467,60.478,60.467,60.476,38000000,1
1300097460000,1300097519000,60.486,60.488,60.476,60.476,37000000,1
1300097520000,1300097579000,60.484,60.487,60.478,60.487,43000000,1
1300097580000,1300097639000,60.487,60.487,60.468,60.478,48000000,1
1300097640000,1300097699000,60.478,60.496,60.469,60.496,54000000,1
1300097700000,1300097759000,60.496,60.518,60.496,60.507,100000000,1
1300097760000,1300097819000,60.507,60.51,60.498,60.498,69000000,1
1300097820000,1300097879000,60.498,60.498,60.493,60.496,6000000,1
1300097880000,1300097939000,60.496,60.497,60.482,60.497,45000000,1
1300097940000,1300097999000,60.497,60.522,60.496,60.522,52000000,1
1300098000000,1300098059000,60.522,60.547,60.518,60.547,49000000,1
1300098060000,1300098119000,60.547,60.556,60.539,60.548,43000000,1
1300098120000,1300098179000,60.549,60.55,60.537,60.547,98000000,1
1300098180000,1300098239000,60.548,60.558,60.537,60.557,65000000,1
1300098240000,1300098299000,60.556,60.577,60.556,60.558,64000000,1
1300098300000,1300098359000,60.557,60.557,60.546,60.548,52000000,1
1300098360000,1300098419000,60.546,60.547,60.496,60.507,118000000,1
1300098420000,1300098479000,60.507,60.511,60.486,60.508,89000000,1
1300098480000,1300098539000,60.507,60.546,60.506,60.546,56000000,1
1300098540000,1300098599000,60.546,60.557,60.546,60.548,36000000,1
1300098600000,1300098659000,60.548,60.548,60.546,60.547,20000000,1
1300098660000,1300098719000,60.547,60.547,60.506,60.516,85000000,1
1300098720000,1300098779000,60.516,60.516,60.491,60.491,25000000,1
1300098780000,1300098839000,60.489,60.496,60.486,60.486,26000000,1
1300098840000,1300098899000,60.486,60.508,60.486,60.497,60000000,1
1300098900000,1300098959000,60.497,60.527,60.497,60.527,28000000,1
1300098960000,1300099019000,60.527,60.527,60.507,60.507,20000000,1
1300099020000,1300099079000,60.507,60.516,60.506,60.506,41000000,1
1300099080000,1300099139000,60.516,60.527,60.516,60.526,12000000,1
1300099140000,1300099199000,60.526,60.536,60.517,60.527,53000000,1
1300099200000,1300099259000,60.527,60.527,60.496,60.497,93000000,1
1300099260000,1300099319000,60.497,60.518,60.488,60.515,33000000,1
1300099320000,1300099379000,60.517,60.517,60.506,60.516,54000000,1
1300099380000,1300099439000,60.516,60.517,60.506,60.507,36000000,1
1300099440000,1300099499000,60.507,60.507,60.486,60.486,108000000,1
1300099500000,1300099559000,60.487,60.487,60.467,60.487,43000000,1
1300099560000,1300099619000,60.487,60.487,60.468,60.468,40000000,1
1300099620000,1300099679000,60.469,60.469,60.456,60.456,24000000,1
1300099680000,1300099739000,60.456,60.466,60.447,60.448,55000000,1
1300099740000,1300099799000,60.456,60.456,60.426,60.426,65000000,1
1300099800000,1300099859000,60.426,60.467,60.426,60.441,174000000,1
1300099860000,1300099919000,60.447,60.477,60.437,60.476,96000000,1
1300099920000,1300099979000,60.476,60.477,60.46,60.476,67000000,1
1300099980000,1300100039000,60.476,60.476,60.456,60.458,66000000,1
1300100040000,1300100099000,60.458,60.546,60.458,60.546,139000000,1
1300100100000,1300100159000,60.546,60.56,60.53,60.536,155000000,1
1300100160000,1300100219000,60.536,60.547,60.526,60.526,123000000,1
1300100220000,1300100279000,60.526,60.526,60.505,60.516,111000000,1
1300100280000,1300100339000,60.516,60.546,60.516,60.546,41000000,1
1300100340000,1300100399000,60.547,60.547,60.546,60.546,21000000,1
1300100400000,1300100459000,60.546,60.547,60.536,60.546,63000000,1
1300100460000,1300100519000,60.546,60.556,60.536,60.536,70000000,1
1300100520000,1300100579000,60.536,60.557,60.536,60.547,62000000,1
1300100580000,1300100639000,60.547,60.557,60.546,60.546,69000000,1
1300100640000,1300100699000,60.546,60.556,60.528,60.537,95000000,1
1300100700000,1300100759000,60.537,60.537,60.528,60.529,13000000,1
1300100760000,1300100819000,60.527,60.537,60.526,60.528,60000000,1
1300100820000,1300100879000,60.528,60.528,60.507,60.508,29000000,1
1300100880000,1300100939000,60.507,60.517,60.497,60.506,61000000,1
1300100940000,1300100999000,60.506,60.546,60.506,60.537,106000000,1
1300101000000,1300101059000,60.537,60.537,60.516,60.527,66000000,1
1300101060000,1300101119000,60.527,60.537,60.516,60.516,59000000,1
1300101120000,1300101179000,60.516,60.527,60.516,60.526,57000000,1
1300101180000,1300101239000,60.526,60.527,60.517,60.527,31000000,1
1300101240000,1300101299000,60.527,60.527,60.516,60.517,72000000,1
1300101300000,1300101359000,60.517,60.518,60.508,60.508,27000000,1
1300101360000,1300101419000,60.508,60.528,60.498,60.527,94000000,1
1300101420000,1300101479000,60.522,60.53,60.506,60.51,57000000,1
1300101480000,1300101539000,60.516,60.516,60.458,60.476,97000000,1
1300101540000,1300101599000,60.476,60.476,60.448,60.456,80000000,1
1300101600000,1300101659000,60.46,60.516,60.46,60.497,104000000,1
1300101660000,1300101719000,60.497,60.497,60.486,60.491,61000000,1
1300101720000,1300101779000,60.49,60.509,60.487,60.487,71000000,1
1300101780000,1300101839000,60.487,60.5,60.457,60.486,109000000,1
1300101840000,1300101899000,60.486,60.487,60.466,60.477,55000000,1
1300101900000,1300101959000,60.466,60.467,60.451,60.467,56000000,1
1300101960000,1300102019000,60.467,60.467,60.466,60.467,29000000,1
1300102020000,1300102079000,60.471,60.486,60.468,60.486,34000000,1
1300102080000,1300102139000,60.486,60.517,60.486,60.506,52000000,1
1300102140000,1300102199000,60.506,60.517,60.496,60.496,17000000,1
1300102200000,1300102259000,60.496,60.497,60.491,60.491,20000000,1
1300102260000,1300102319000,60.49,60.506,60.487,60.506,80000000,1
1300102320000,1300102379000,60.506,60.508,60.496,60.496,50000000,1
1300102380000,1300102439000,60.496,60.508,60.496,60.5,42000000,1
1300102440000,1300102499000,60.506,60.508,60.5,60.506,15000000,1
1300102500000,1300102559000,60.507,60.508,60.506,60.506,30000000,1
1300102560000,1300102619000,60.506,60.507,60.496,60.496,45000000,1
1300102620000,1300102679000,60.497,60.497,60.496,60.496,17000000,1
1300102680000,1300102739000,60.496,60.497,60.489,60.489,18000000,1
1300102740000,1300102799000,60.497,60.498,60.487,60.496,57000000,1
1300102800000,1300102859000,60.496,60.498,60.487,60.497,41000000,1
1300102860000,1300102919000,60.496,60.499,60.481,60.486,33000000,1
1300102920000,1300102979000,60.487,60.506,60.477,60.506,59000000,1
1300102980000,1300103039000,60.506,60.507,60.477,60.486,36000000,1
1300103040000,1300103099000,60.477,60.477,60.457,60.477,56000000,1
1300103100000,1300103159000,60.478,60.487,60.467,60.477,54000000,1
1300103160000,1300103219000,60.477,60.478,60.467,60.478,55000000,1
1300103220000,1300103279000,60.477,60.477,60.448,60.467,78000000,1
1300103280000,1300103339000,60.467,60.467,60.456,60.456,39000000,1
1300103340000,1300103399000,60.457,60.467,60.427,60.427,85000000,1
1300103400000,1300103459000,60.427,60.446,60.417,60.428,91000000,1
1300103460000,1300103519000,60.427,60.437,60.408,60.408,56000000,1
1300103520000,1300103579000,60.408,60.426,60.398,60.418,97000000,1
1300103580000,1300103639000,60.417,60.418,60.386,60.386,134000000,1
1300103640000,1300103699000,60.386,60.399,60.367,60.398,124000000,1
1300103700000,1300103759000,60.397,60.399,60.366,60.368,134000000,1
1300103760000,1300103819000,60.368,60.388,60.368,60.378,136000000,1
1300103820000,1300103879000,60.377,60.407,60.376,60.397,150000000,1
1300103880000,1300103939000,60.398,60.407,60.387,60.387,136000000,1
1300103940000,1300103999000,60.387,60.414,60.38,60.398,84000000,1
1300104000000,1300104059000,60.4,60.408,60.398,60.406,68000000,1
1300104060000,1300104119000,60.406,60.408,60.386,60.386,59000000,1
1300104120000,1300104179000,60.386,60.388,60.358,60.368,113000000,1
1300104180000,1300104239000,60.367,60.367,60.356,60.356,28000000,1
1300104240000,1300104299000,60.356,60.358,60.337,60.337,42000000,1
1300104300000,1300104359000,60.337,60.356,60.317,60.331,98000000,1
1300104360000,1300104419000,60.332,60.368,60.327,60.367,96000000,1
1300104420000,1300104479000,60.367,60.407,60.367,60.387,168000000,1
1300104480000,1300104539000,60.387,60.387,60.367,60.386,54000000,1
1300104540000,1300104599000,60.386,60.386,60.357,60.367,70000000,1
1300104600000,1300104659000,60.358,60.368,60.357,60.367,32000000,1
1300104660000,1300104719000,60.366,60.367,60.346,60.356,95000000,1
1300104720000,1300104779000,60.356,60.368,60.342,60.357,116000000,1
1300104780000,1300104839000,60.357,60.359,60.356,60.358,56000000,1
1300104840000,1300104899000,60.359,60.366,60.357,60.366,48000000,1
1300104900000,1300104959000,60.367,60.397,60.367,60.386,76000000,1
1300104960000,1300105019000,60.388,60.407,60.386,60.396,119000000,1
1300105020000,1300105079000,60.387,60.397,60.38,60.396,175000000,1
1300105080000,1300105139000,60.396,60.417,60.387,60.41,144000000,1
1300105140000,1300105199000,60.407,60.418,60.401,60.408,79000000,1
1300105200000,1300105259000,60.408,60.411,60.396,60.399,103000000,1
1300105260000,1300105319000,60.398,60.398,60.357,60.357,120000000,1
1300105320000,1300105379000,60.357,60.386,60.357,60.386,127000000,1
1300105380000,1300105439000,60.386,60.386,60.347,60.347,147000000,1
1300105440000,1300105499000,60.347,60.386,60.347,60.367,70000000,1
1300105500000,1300105559000,60.367,60.376,60.357,60.368,91000000,1
1300105560000,1300105619000,60.367,60.368,60.357,60.367,48000000,1
1300105620000,1300105679000,60.367,60.378,60.357,60.377,85000000,1
1300105680000,1300105739000,60.377,60.396,60.376,60.388,91000000,1
1300105740000,1300105799000,60.387,60.417,60.366,60.377,107000000,1
1300105800000,1300105859000,60.377,60.377,60.359,60.359,59000000,1
1300105860000,1300105919000,60.36,60.387,60.353,60.376,96000000,1
1300105920000,1300105979000,60.367,60.376,60.348,60.358,108000000,1
1300105980000,1300106039000,60.358,60.366,60.33,60.348,120000000,1
1300106040000,1300106099000,60.347,60.366,60.316,60.318,155000000,1
1300106100000,1300106159000,60.318,60.35,60.318,60.347,97000000,1
1300106160000,1300106219000,60.361,60.387,60.347,60.35,124000000,1
1300106220000,1300106279000,60.347,60.357,60.347,60.348,72000000,1
1300106280000,1300106339000,60.347,60.349,60.322,60.326,89000000,1
1300106340000,1300106399000,60.326,60.328,60.307,60.309,68000000,1
1300106400000,1300106459000,60.317,60.331,60.309,60.327,52000000,1
1300106460000,1300106519000,60.327,60.338,60.327,60.338,19000000,1
1300106520000,1300106579000,60.337,60.358,60.328,60.337,74000000,1
1300106580000,1300106639000,60.336,60.338,60.327,60.329,65000000,1
1300106640000,1300106699000,60.331,60.363,60.326,60.348,126000000,1
1300106700000,1300106759000,60.349,60.399,60.346,60.396,97000000,1
1300106760000,1300106819000,60.396,60.396,60.358,60.387,151000000,1
1300106820000,1300106879000,60.387,60.387,60.346,60.368,53000000,1
1300106880000,1300106939000,60.368,60.388,60.368,60.378,75000000,1
1300106940000,1300106999000,60.378,60.387,60.367,60.377,44000000,1
1300107000000,1300107059000,60.377,60.377,60.357,60.368,77000000,1
1300107060000,1300107119000,60.368,60.378,60.366,60.377,57000000,1
1300107120000,1300107179000,60.377,60.377,60.346,60.356,51000000,1
1300107180000,1300107239000,60.356,60.356,60.33,60.337,94000000,1
1300107240000,1300107299000,60.338,60.349,60.326,60.349,150000000,1
1300107300000,1300107359000,60.349,60.378,60.347,60.348,77000000,1
1300107360000,1300107419000,60.348,60.358,60.347,60.348,66000000,1
1300107420000,1300107479000,60.348,60.348,60.32,60.332,51000000,1
1300107480000,1300107539000,60.332,60.337,60.297,60.317,129000000,1
1300107540000,1300107599000,60.326,60.337,60.297,60.297,160000000,1
1300107600000,1300107659000,60.297,60.308,60.287,60.297,89000000,1
1300107660000,1300107719000,60.297,60.316,60.297,60.307,60000000,1
1300107720000,1300107779000,60.307,60.328,60.307,60.318,98000000,1
1300107780000,1300107839000,60.321,60.332,60.307,60.307,93000000,1
1300107840000,1300107899000,60.307,60.338,60.306,60.328,113000000,1
1300107900000,1300107959000,60.326,60.327,60.297,60.306,89000000,1
1300107960000,1300108019000,60.306,60.318,60.296,60.306,85000000,1
1300108020000,1300108079000,60.308,60.318,60.306,60.318,128000000,1
1300108080000,1300108139000,60.318,60.318,60.299,60.301,99000000,1
1300108140000,1300108199000,60.298,60.308,60.298,60.307,31000000,1
1300108200000,1300108259000,60.308,60.308,60.298,60.307,52000000,1
1300108260000,1300108319000,60.299,60.318,60.298,60.318,60000000,1
1300108320000,1300108379000,60.319,60.338,60.317,60.317,100000000,1
1300108380000,1300108439000,60.321,60.338,60.312,60.317,110000000,1
1300108440000,1300108499000,60.317,60.346,60.317,60.346,65000000,1
1300108500000,1300108559000,60.346,60.347,60.327,60.347,103000000,1
1300108560000,1300108619000,60.347,60.358,60.347,60.356,54000000,1
1300108620000,1300108679000,60.357,60.375,60.356,60.366,70000000,1
1300108680000,1300108739000,60.366,60.387,60.358,60.368,107000000,1
1300108740000,1300108799000,60.367,60.367,60.347,60.348,76000000,1
1300108800000,1300108859000,60.348,60.348,60.337,60.337,109000000,1
1300108860000,1300108919000,60.337,60.337,60.328,60.337,32000000,1
1300108920000,1300108979000,60.337,60.348,60.336,60.337,67000000,1
1300108980000,1300109039000,60.337,60.338,60.327,60.328,85000000,1
1300109040000,1300109099000,60.328,60.337,60.321,60.327,57000000,1
1300109100000,1300109159000,60.327,60.328,60.319,60.328,44000000,1
1300109160000,1300109219000,60.327,60.337,60.327,60.337,70000000,1
1300109220000,1300109279000,60.337,60.348,60.337,60.348,68000000,1
1300109280000,1300109339000,60.348,60.348,60.336,60.337,34000000,1
1300109340000,1300109399000,60.337,60.338,60.336,60.338,60000000,1
1300109400000,1300109459000,60.339,60.358,60.337,60.347,98000000,1
1300109460000,1300109519000,60.347,60.348,60.337,60.348,66000000,1
1300109520000,1300109579000,60.347,60.367,60.347,60.357,55000000,1
1300109580000,1300109639000,60.357,60.368,60.356,60.357,49000000,1
1300109640000,1300109699000,60.357,60.381,60.357,60.377,57000000,1
1300109700000,1300109759000,60.377,60.407,60.369,60.396,117000000,1
1300109760000,1300109819000,60.398,60.428,60.386,60.426,108000000,1
1300109820000,1300109879000,60.427,60.448,60.427,60.427,146000000,1
1300109880000,1300109939000,60.427,60.427,60.407,60.418,173000000,1
1300109940000,1300109999000,60.418,60.428,60.387,60.387,116000000,1
1300110000000,1300110059000,60.387,60.418,60.387,60.397,131000000,1
1300110060000,1300110119000,60.397,60.397,60.337,60.346,89000000,1
1300110120000,1300110179000,60.346,60.367,60.338,60.367,102000000,1
1300110180000,1300110239000,60.368,60.377,60.328,60.328,87000000,1
1300110240000,1300110299000,60.327,60.328,60.31,60.317,79000000,1
1300110300000,1300110359000,60.32,60.338,60.307,60.327,138000000,1
1300110360000,1300110419000,60.327,60.37,60.317,60.369,132000000,1
1300110420000,1300110479000,60.368,60.368,60.346,60.346,74000000,1
1300110480000,1300110539000,60.346,60.366,60.336,60.336,100000000,1
1300110540000,1300110599000,60.336,60.346,60.317,60.328,86000000,1
1300110600000,1300110659000,60.326,60.338,60.317,60.337,87000000,1
1300110660000,1300110719000,60.338,60.368,60.327,60.366,141000000,1
1300110720000,1300110779000,60.366,60.366,60.336,60.357,90000000,1
1300110780000,1300110839000,60.357,60.368,60.336,60.367,111000000,1
1300110840000,1300110899000,60.367,60.367,60.338,60.349,108000000,1
1300110900000,1300110959000,60.356,60.357,60.326,60.348,100000000,1
1300110960000,1300111019000,60.348,60.368,60.348,60.367,50000000,1
1300111020000,1300111079000,60.357,60.376,60.357,60.367,71000000,1
1300111080000,1300111139000,60.366,60.377,60.347,60.377,102000000,1
1300111140000,1300111199000,60.378,60.38,60.35,60.358,116000000,1
1300111200000,1300111259000,60.358,60.358,60.296,60.318,204000000,1
1300111260000,1300111319000,60.318,60.328,60.308,60.327,120000000,1
1300111320000,1300111379000,60.327,60.348,60.31,60.338,101000000,1
1300111380000,1300111439000,60.338,60.358,60.338,60.347,57000000,1
1300111440000,1300111499000,60.342,60.348,60.338,60.338,29000000,1
1300111500000,1300111559000,60.338,60.338,60.306,60.306,91000000,1
1300111560000,1300111619000,60.308,60.318,60.306,60.317,57000000,1
1300111620000,1300111679000,60.319,60.319,60.297,60.297,72000000,1
1300111680000,1300111739000,60.296,60.347,60.296,60.347,93000000,1
1300111740000,1300111799000,60.343,60.358,60.342,60.354,120000000,1
1300111800000,1300111859000,60.353,60.353,60.336,60.338,95000000,1
1300111860000,1300111919000,60.338,60.36,60.331,60.36,72000000,1
1300111920000,1300111979000,60.358,60.38,60.347,60.363,149000000,1
1300111980000,1300112039000,60.362,60.368,60.338,60.357,142000000,1
1300112040000,1300112099000,60.357,60.368,60.347,60.357,91000000,1
1300112100000,1300112159000,60.357,60.358,60.346,60.348,66000000,1
1300112160000,1300112219000,60.35,60.367,60.342,60.367,63000000,1
1300112220000,1300112279000,60.367,60.368,60.347,60.358,91000000,1
1300112280000,1300112339000,60.36,60.368,60.357,60.358,27000000,1
1300112340000,1300112399000,60.358,60.358,60.317,60.321,87000000,1
1300112400000,1300112459000,60.324,60.337,60.32,60.329,101000000,1
1300112460000,1300112519000,60.338,60.347,60.318,60.339,98000000,1
1300112520000,1300112579000,60.337,60.34,60.318,60.338,137000000,1
1300112580000,1300112639000,60.337,60.338,60.308,60.337,98000000,1
1300112640000,1300112699000,60.337,60.338,60.328,60.328,88000000,1
1300112700000,1300112759000,60.328,60.357,60.327,60.357,49000000,1
1300112760000,1300112819000,60.357,60.379,60.357,60.377,56000000,1
1300112820000,1300112879000,60.376,60.378,60.368,60.369,35000000,1
1300112880000,1300112939000,60.369,60.38,60.36,60.378,65000000,1
1300112940000,1300112999000,60.378,60.388,60.378,60.387,22000000,1
1300113000000,1300113059000,60.386,60.388,60.376,60.378,49000000,1
1300113060000,1300113119000,60.378,60.378,60.358,60.367,89000000,1
1300113120000,1300113179000,60.366,60.368,60.351,60.358,79000000,1
1300113180000,1300113239000,60.358,60.358,60.331,60.341,62000000,1
1300113240000,1300113299000,60.342,60.342,60.307,60.317,97000000,1
1300113300000,1300113359000,60.318,60.347,60.291,60.346,106000000,1
1300113360000,1300113419000,60.348,60.348,60.331,60.331,31000000,1
1300113420000,1300113479000,60.331,60.358,60.331,60.352,82000000,1
1300113480000,1300113539000,60.35,60.358,60.347,60.349,59000000,1
1300113540000,1300113599000,60.348,60.363,60.348,60.359,105000000,1
1300113600000,1300113659000,60.358,60.37,60.356,60.357,85000000,1
1300113660000,1300113719000,60.357,60.358,60.347,60.357,71000000,1
1300113720000,1300113779000,60.355,60.368,60.348,60.362,92000000,1
1300113780000,1300113839000,60.363,60.371,60.358,60.371,41000000,1
1300113840000,1300113899000,60.368,60.368,60.36,60.367,49000000,1
1300113900000,1300113959000,60.368,60.371,60.366,60.367,50000000,1
1300113960000,1300114019000,60.367,60.378,60.366,60.376,63000000,1
1300114020000,1300114079000,60.378,60.387,60.378,60.386,64000000,1
1300114080000,1300114139000,60.386,60.397,60.377,60.387,71000000,1
1300114140000,1300114199000,60.387,60.417,60.387,60.399,119000000,1
1300114200000,1300114259000,60.407,60.408,60.39,60.398,76000000,1
1300114260000,1300114319000,60.397,60.398,60.387,60.39,61000000,1
1300114320000,1300114379000,60.393,60.398,60.39,60.39,23000000,1
1300114380000,1300114439000,60.389,60.407,60.389,60.397,76000000,1
1300114440000,1300114499000,60.398,60.398,60.384,60.387,76000000,1
1300114500000,1300114559000,60.38,60.388,60.38,60.388,55000000,1
1300114560000,1300114619000,60.398,60.408,60.379,60.379,93000000,1
1300114620000,1300114679000,60.379,60.379,60.348,60.356,105000000,1
1300114680000,1300114739000,60.352,60.358,60.347,60.348,142000000,1
1300114740000,1300114799000,60.347,60.348,60.32,60.328,111000000,1
1300114800000,1300114859000,60.326,60.338,60.317,60.336,101000000,1
1300114860000,1300114919000,60.336,60.336,60.307,60.318,73000000,1
1300114920000,1300114979000,60.319,60.327,60.306,60.317,93000000,1
1300114980000,1300115039000,60.32,60.328,60.317,60.32,63000000,1
1300115040000,1300115099000,60.318,60.368,60.318,60.368,111000000,1
1300115100000,1300115159000,60.367,60.37,60.339,60.348,133000000,1
1300115160000,1300115219000,60.35,60.35,60.328,60.337,49000000,1
1300115220000,1300115279000,60.336,60.338,60.325,60.331,78000000,1
1300115280000,1300115339000,60.336,60.336,60.307,60.307,84000000,1
1300115340000,1300115399000,60.308,60.327,60.307,60.316,69000000,1
1300115400000,1300115459000,60.316,60.327,60.312,60.318,66000000,1
1300115460000,1300115519000,60.318,60.318,60.293,60.3,127000000,1
1300115520000,1300115579000,60.301,60.307,60.287,60.297,74000000,1
1300115580000,1300115639000,60.297,60.298,60.277,60.287,119000000,1
1300115640000,1300115699000,60.286,60.287,60.267,60.277,79000000,1
1300115700000,1300115759000,60.278,60.278,60.228,60.237,138000000,1
1300115760000,1300115819000,60.237,60.258,60.237,60.247,100000000,1
1300115820000,1300115879000,60.247,60.247,60.226,60.246,100000000,1
1300115880000,1300115939000,60.246,60.248,60.218,60.218,53000000,1
1300115940000,1300115999000,60.218,60.248,60.217,60.246,99000000,1
1300116000000,1300116059000,60.246,60.271,60.246,60.268,48000000,1
1300116060000,1300116119000,60.268,60.286,60.247,60.277,99000000,1
1300116120000,1300116179000,60.27,60.315,60.27,60.31,97000000,1
1300116180000,1300116239000,60.325,60.338,60.299,60.308,186000000,1
1300116240000,1300116299000,60.308,60.31,60.282,60.31,115000000,1
1300116300000,1300116359000,60.308,60.328,60.302,60.327,79000000,1
1300116360000,1300116419000,60.318,60.325,60.306,60.306,74000000,1
1300116420000,1300116479000,60.307,60.319,60.307,60.316,64000000,1
1300116480000,1300116539000,60.316,60.328,60.306,60.316,49000000,1
1300116540000,1300116599000,60.31,60.348,60.306,60.337,77000000,1
1300116600000,1300116659000,60.337,60.337,60.299,60.299,87000000,1
1300116660000,1300116719000,60.304,60.308,60.296,60.299,69000000,1
1300116720000,1300116779000,60.299,60.309,60.293,60.308,102000000,1
1300116780000,1300116839000,60.307,60.307,60.288,60.306,132000000,1
1300116840000,1300116899000,60.305,60.318,60.289,60.289,132000000,1
1300116900000,1300116959000,60.287,60.3,60.273,60.293,146000000,1
1300116960000,1300117019000,60.293,60.298,60.277,60.287,81000000,1
1300117020000,1300117079000,60.286,60.308,60.286,60.306,51000000,1
1300117080000,1300117139000,60.307,60.321,60.291,60.321,124000000,1
1300117140000,1300117199000,60.325,60.338,60.317,60.318,113000000,1
1300117200000,1300117259000,60.319,60.327,60.299,60.307,79000000,1
1300117260000,1300117319000,60.307,60.322,60.299,60.3,77000000,1
1300117320000,1300117379000,60.297,60.311,60.286,60.306,112000000,1
1300117380000,1300117439000,60.306,60.31,60.281,60.288,139000000,1
1300117440000,1300117499000,60.287,60.301,60.287,60.301,58000000,1
1300117500000,1300117559000,60.301,60.308,60.297,60.306,57000000,1
1300117560000,1300117619000,60.306,60.306,60.281,60.298,49000000,1
1300117620000,1300117679000,60.298,60.3,60.268,60.278,78000000,1
1300117680000,1300117739000,60.277,60.28,60.269,60.272,64000000,1
1300117740000,1300117799000,60.273,60.287,60.266,60.268,79000000,1
1300117800000,1300117859000,60.266,60.267,60.257,60.257,55000000,1
1300117860000,1300117919000,60.258,60.262,60.237,60.237,81000000,1
1300117920000,1300117979000,60.237,60.246,60.226,60.227,44000000,1
1300117980000,1300118039000,60.228,60.237,60.226,60.227,44000000,1
1300118040000,1300118099000,60.236,60.247,60.226,60.24,58000000,1
1300118100000,1300118159000,60.239,60.248,60.239,60.247,36000000,1
1300118160000,1300118219000,60.247,60.247,60.226,60.227,57000000,1
1300118220000,1300118279000,60.227,60.237,60.217,60.227,74000000,1
1300118280000,1300118339000,60.227,60.227,60.204,60.217,115000000,1
1300118340000,1300118399000,60.213,60.219,60.176,60.207,228000000,1
1300118400000,1300118459000,60.207,60.222,60.176,60.222,172000000,1
1300118460000,1300118519000,60.227,60.227,60.208,60.217,117000000,1
1300118520000,1300118579000,60.217,60.237,60.209,60.237,67000000,1
1300118580000,1300118639000,60.227,60.259,60.224,60.256,101000000,1
1300118640000,1300118699000,60.256,60.256,60.242,60.25,67000000,1
1300118700000,1300118759000,60.257,60.268,60.248,60.267,82000000,1
1300118760000,1300118819000,60.267,60.294,60.254,60.291,93000000,1
1300118820000,1300118879000,60.291,60.3,60.278,60.287,108000000,1
1300118880000,1300118939000,60.282,60.29,60.279,60.286,90000000,1
1300118940000,1300118999000,60.29,60.316,60.287,60.306,109000000,1
1300119000000,1300119059000,60.306,60.306,60.268,60.296,73000000,1
1300119060000,1300119119000,60.296,60.297,60.286,60.286,41000000,1
1300119120000,1300119179000,60.286,60.287,60.267,60.269,41000000,1
1300119180000,1300119239000,60.266,60.267,60.247,60.256,41000000,1
1300119240000,1300119299000,60.256,60.256,60.237,60.237,37000000,1
1300119300000,1300119359000,60.227,60.227,60.197,60.206,104000000,1
1300119360000,1300119419000,60.206,60.207,60.188,60.207,60000000,1
1300119420000,1300119479000,60.217,60.217,60.206,60.216,68000000,1
1300119480000,1300119539000,60.216,60.227,60.207,60.226,91000000,1
1300119540000,1300119599000,60.227,60.247,60.226,60.237,89000000,1
1300119600000,1300119659000,60.237,60.247,60.222,60.247,41000000,1
1300119660000,1300119719000,60.245,60.246,60.236,60.237,44000000,1
1300119720000,1300119779000,60.237,60.247,60.236,60.236,91000000,1
1300119780000,1300119839000,60.238,60.247,60.226,60.246,72000000,1
1300119840000,1300119899000,60.246,60.246,60.226,60.228,61000000,1
1300119900000,1300119959000,60.236,60.236,60.217,60.226,36000000,1
1300119960000,1300120019000,60.226,60.237,60.226,60.237,27000000,1
1300120020000,1300120079000,60.236,60.237,60.226,60.237,34000000,1
1300120080000,1300120139000,60.237,60.247,60.236,60.247,21000000,1
1300120140000,1300120199000,60.246,60.267,60.246,60.256,51000000,1
1300120200000,1300120259000,60.256,60.257,60.246,60.257,38000000,1
1300120260000,1300120319000,60.257,60.257,60.247,60.257,37000000,1
1300120320000,1300120379000,60.256,60.258,60.236,60.236,78000000,1
1300120380000,1300120439000,60.227,60.261,60.227,60.261,41000000,1
1300120440000,1300120499000,60.268,60.268,60.26,60.267,47000000,1
1300120500000,1300120559000,60.267,60.267,60.256,60.257,30000000,1
1300120560000,1300120619000,60.257,60.268,60.256,60.267,58000000,1
1300120620000,1300120679000,60.277,60.277,60.257,60.258,23000000,1
1300120680000,1300120739000,60.258,60.258,60.246,60.256,131000000,1
1300120740000,1300120799000,60.256,60.256,60.237,60.237,63000000,1
1300120800000,1300120859000,60.237,60.253,60.232,60.253,38000000,1
1300120860000,1300120919000,60.253,60.26,60.248,60.256,82000000,1
1300120920000,1300120979000,60.256,60.267,60.238,60.258,64000000,1
1300120980000,1300121039000,60.258,60.259,60.254,60.257,51000000,1
1300121040000,1300121099000,60.25,60.257,60.25,60.257,15000000,1
1300121100000,1300121159000,60.257,60.278,60.257,60.276,66000000,1
1300121160000,1300121219000,60.276,60.279,60.276,60.277,58000000,1
1300121220000,1300121279000,60.277,60.277,60.267,60.268,28000000,1
1300121280000,1300121339000,60.268,60.287,60.268,60.287,56000000,1
1300121340000,1300121399000,60.286,60.288,60.278,60.278,76000000,1
1300121400000,1300121459000,60.278,60.288,60.278,60.288,42000000,1
1300121460000,1300121519000,60.286,60.288,60.268,60.277,77000000,1
1300121520000,1300121579000,60.277,60.277,60.236,60.247,47000000,1
1300121580000,1300121639000,60.247,60.257,60.247,60.248,43000000,1
1300121640000,1300121699000,60.257,60.258,60.256,60.257,16000000,1
1300121700000,1300121759000,60.257,60.257,60.247,60.256,31000000,1
1300121760000,1300121819000,60.256,60.258,60.256,60.257,59000000,1
1300121820000,1300121879000,60.257,60.257,60.257,60.257,10000000,1
1300121880000,1300121939000,60.257,60.27,60.257,60.27,69000000,1
1300121940000,1300121999000,60.276,60.288,60.276,60.286,46000000,1
1300122000000,1300122059000,60.286,60.296,60.286,60.296,52000000,1
1300122060000,1300122119000,60.296,60.316,60.291,60.316,69000000,1
1300122120000,1300122179000,60.306,60.316,60.258,60.267,144000000,1
1300122180000,1300122239000,60.268,60.316,60.261,60.297,103000000,1
1300122240000,1300122299000,60.3,60.308,60.282,60.288,67000000,1
1300122300000,1300122359000,60.278,60.278,60.267,60.267,34000000,1
1300122360000,1300122419000,60.267,60.278,60.258,60.277,65000000,1
1300122420000,1300122479000,60.278,60.307,60.278,60.298,47000000,1
1300122480000,1300122539000,60.297,60.358,60.287,60.337,87000000,1
1300122540000,1300122599000,60.338,60.348,60.326,60.326,122000000,1
1300122600000,1300122659000,60.327,60.347,60.317,60.338,74000000,1
1300122660000,1300122719000,60.338,60.356,60.338,60.35,51000000,1
1300122720000,1300122779000,60.348,60.37,60.348,60.364,69000000,1
1300122780000,1300122839000,60.364,60.378,60.356,60.367,47000000,1
1300122840000,1300122899000,60.362,60.362,60.347,60.358,82000000,1
1300122900000,1300122959000,60.358,60.358,60.356,60.356,8000000,1
1300122960000,1300123019000,60.356,60.356,60.347,60.347,12000000,1
1300123020000,1300123079000,60.347,60.347,60.338,60.347,34000000,1
1300123080000,1300123139000,60.347,60.347,60.346,60.347,8000000,1
1300123140000,1300123199000,60.348,60.367,60.347,60.367,36000000,1
1300123200000,1300123259000,60.366,60.367,60.357,60.366,29000000,1
1300123260000,1300123319000,60.36,60.398,60.348,60.397,68000000,1
1300123320000,1300123379000,60.397,60.398,60.366,60.366,81000000,1
1300123380000,1300123439000,60.367,60.367,60.337,60.347,76000000,1
1300123440000,1300123499000,60.347,60.347,60.317,60.327,58000000,1
1300123500000,1300123559000,60.317,60.318,60.298,60.308,45000000,1
1300123560000,1300123619000,60.308,60.328,60.308,60.328,39000000,1
1300123620000,1300123679000,60.326,60.328,60.317,60.326,36000000,1
1300123680000,1300123739000,60.326,60.337,60.317,60.337,31000000,1
1300123740000,1300123799000,60.336,60.369,60.336,60.368,125000000,1
1300123800000,1300123859000,60.369,60.383,60.367,60.376,51000000,1
1300123860000,1300123919000,60.377,60.379,60.366,60.367,29000000,1
1300123920000,1300123979000,60.367,60.369,60.356,60.357,57000000,1
1300123980000,1300124039000,60.358,60.366,60.348,60.349,66000000,1
1300124040000,1300124099000,60.349,60.349,60.348,60.349,8000000,1
1300124100000,1300124159000,60.349,60.358,60.349,60.358,23000000,1
1300124160000,1300124219000,60.358,60.358,60.357,60.358,16000000,1
1300124220000,1300124279000,60.357,60.357,60.317,60.317,35000000,1
1300124280000,1300124339000,60.32,60.328,60.307,60.307,68000000,1
1300124340000,1300124399000,60.307,60.316,60.307,60.308,48000000,1
1300124400000,1300124459000,60.309,60.316,60.307,60.31,56000000,1
1300124460000,1300124519000,60.308,60.309,60.266,60.297,94000000,1
1300124520000,1300124579000,60.296,60.297,60.296,60.296,10000000,1
1300124580000,1300124639000,60.296,60.318,60.288,60.317,44000000,1
1300124640000,1300124699000,60.317,60.336,60.317,60.336,32000000,1
1300124700000,1300124759000,60.336,60.358,60.326,60.346,62000000,1
1300124760000,1300124819000,60.339,60.368,60.337,60.347,51000000,1
1300124820000,1300124879000,60.347,60.347,60.346,60.346,3000000,1
1300124880000,1300124939000,60.347,60.347,60.317,60.317,32000000,1
1300124940000,1300124999000,60.317,60.327,60.316,60.326,12000000,1
1300125000000,1300125059000,60.318,60.328,60.307,60.328,47000000,1
1300125060000,1300125119000,60.328,60.357,60.328,60.348,23000000,1
1300125120000,1300125179000,60.348,60.358,60.348,60.358,14000000,1
1300125180000,1300125239000,60.358,60.359,60.358,60.359,20000000,1
1300125240000,1300125299000,60.359,60.361,60.359,60.361,9000000,1
1300125300000,1300125359000,60.36,60.36,60.348,60.349,31000000,1
1300125360000,1300125419000,60.35,60.353,60.341,60.349,33000000,1
1300125420000,1300125479000,60.348,60.358,60.347,60.358,32000000,1
1300125480000,1300125539000,60.353,60.353,60.346,60.346,10000000,1
1300125540000,1300125599000,60.346,60.346,60.326,60.326,28000000,1
1300125600000,1300125659000,60.326,60.347,60.32,60.337,66000000,1
1300125660000,1300125719000,60.338,60.338,60.338,60.338,2000000,1
1300125720000,1300125779000,60.338,60.358,60.337,60.357,63000000,1
1300125780000,1300125839000,60.357,60.357,60.337,60.346,24000000,1
1300125840000,1300125899000,60.347,60.358,60.338,60.358,28000000,1
1300125900000,1300125959000,60.357,60.367,60.346,60.346,31000000,1
1300125960000,1300126019000,60.347,60.348,60.337,60.339,25000000,1
1300126020000,1300126079000,60.348,60.348,60.336,60.337,27000000,1
1300126080000,1300126139000,60.329,60.368,60.329,60.358,86000000,1
1300126140000,1300126199000,60.36,60.366,60.356,60.357,17000000,1
1300126200000,1300126259000,60.357,60.367,60.357,60.367,36000000,1
1300126260000,1300126319000,60.367,60.377,60.356,60.356,42000000,1
1300126320000,1300126379000,60.356,60.357,60.346,60.347,28000000,1
1300126380000,1300126439000,60.346,60.391,60.337,60.377,111000000,1
1300126440000,1300126499000,60.368,60.377,60.366,60.366,62000000,1
1300126500000,1300126559000,60.366,60.367,60.356,60.366,28000000,1
1300126560000,1300126619000,60.366,60.386,60.359,60.386,108000000,1
1300126620000,1300126679000,60.386,60.406,60.377,60.406,115000000,1
1300126680000,1300126739000,60.406,60.407,60.386,60.387,96000000,1
1300126740000,1300126799000,60.387,60.407,60.387,60.407,74000000,1
1300126800000,1300126859000,60.407,60.417,60.397,60.417,62000000,1
1300126860000,1300126919000,60.417,60.426,60.407,60.426,39000000,1
1300126920000,1300126979000,60.426,60.458,60.418,60.431,100000000,1
1300126980000,1300127039000,60.436,60.436,60.418,60.426,80000000,1
1300127040000,1300127099000,60.426,60.427,60.422,60.426,27000000,1
1300127100000,1300127159000,60.426,60.426,60.41,60.417,53000000,1
1300127160000,1300127219000,60.419,60.436,60.41,60.423,77000000,1
1300127220000,1300127279000,60.427,60.446,60.419,60.438,29000000,1
1300127280000,1300127339000,60.438,60.457,60.437,60.456,24000000,1
1300127340000,1300127399000,60.457,60.459,60.449,60.456,37000000,1
1300127400000,1300127459000,60.449,60.468,60.448,60.461,105000000,1
1300127460000,1300127519000,60.459,60.486,60.456,60.467,99000000,1
1300127520000,1300127579000,60.467,60.47,60.459,60.466,40000000,1
1300127580000,1300127639000,60.467,60.473,60.457,60.457,35000000,1
1300127640000,1300127699000,60.457,60.468,60.456,60.458,50000000,1
1300127700000,1300127759000,60.463,60.478,60.463,60.478,15000000,1
1300127760000,1300127819000,60.478,60.478,60.476,60.476,31000000,1
1300127820000,1300127879000,60.476,60.489,60.467,60.489,62000000,1
1300127880000,1300127939000,60.493,60.504,60.489,60.493,80000000,1
1300127940000,1300127999000,60.487,60.487,60.476,60.477,20000000,1
1300128000000,1300128059000,60.478,60.481,60.46,60.462,125000000,1
1300128060000,1300128119000,60.466,60.466,60.446,60.446,22000000,1
1300128120000,1300128179000,60.447,60.457,60.427,60.437,34000000,1
1300128180000,1300128239000,60.428,60.436,60.428,60.436,25000000,1
1300128240000,1300128299000,60.437,60.437,60.436,60.437,6000000,1
1300128300000,1300128359000,60.437,60.437,60.427,60.437,48000000,1
1300128360000,1300128419000,60.436,60.436,60.436,60.436,6000000,1
1300128420000,1300128479000,60.437,60.447,60.436,60.437,38000000,1
1300128480000,1300128539000,60.437,60.437,60.436,60.436,4000000,1
1300128540000,1300128599000,60.432,60.432,60.432,60.432,9000000,1
1300128600000,1300128659000,60.433,60.447,60.433,60.442,20000000,1
1300128660000,1300128719000,60.441,60.447,60.417,60.425,80000000,1
1300128720000,1300128779000,60.428,60.449,60.426,60.429,61000000,1
1300128780000,1300128839000,60.426,60.429,60.419,60.427,27000000,1
1300128840000,1300128899000,60.427,60.427,60.398,60.398,98000000,1
1300128900000,1300128959000,60.398,60.417,60.398,60.417,50000000,1
1300128960000,1300129019000,60.416,60.42,60.416,60.417,17000000,1
1300129020000,1300129079000,60.417,60.419,60.406,60.408,66000000,1
1300129080000,1300129139000,60.407,60.407,60.386,60.389,80000000,1
1300129140000,1300129199000,60.386,60.386,60.366,60.376,77000000,1
1300129200000,1300129259000,60.369,60.399,60.369,60.394,78000000,1
1300129260000,1300129319000,60.397,60.416,60.386,60.416,40000000,1
1300129320000,1300129379000,60.411,60.421,60.397,60.408,66000000,1
1300129380000,1300129439000,60.406,60.407,60.398,60.398,13000000,1
1300129440000,1300129499000,60.397,60.397,60.39,60.397,33000000,1
1300129500000,1300129559000,60.397,60.416,60.397,60.413,50000000,1
1300129560000,1300129619000,60.416,60.42,60.411,60.419,26000000,1
1300129620000,1300129679000,60.427,60.448,60.427,60.437,61000000,1
1300129680000,1300129739000,60.439,60.48,60.439,60.467,117000000,1
1300129740000,1300129799000,60.466,60.466,60.448,60.456,35000000,1
1300129800000,1300129859000,60.457,60.469,60.457,60.467,29000000,1
1300129860000,1300129919000,60.467,60.467,60.467,60.467,5000000,1
1300129920000,1300129979000,60.466,60.477,60.466,60.477,29000000,1
1300129980000,1300130039000,60.477,60.486,60.476,60.486,22000000,1
1300130040000,1300130099000,60.487,60.508,60.486,60.508,51000000,1
1300130100000,1300130159000,60.501,60.507,60.476,60.477,40000000,1
1300130160000,1300130219000,60.477,60.477,60.467,60.467,33000000,1
1300130220000,1300130279000,60.468,60.468,60.465,60.467,16000000,1
1300130280000,1300130339000,60.467,60.481,60.466,60.481,25000000,1
1300130340000,1300130399000,60.487,60.489,60.487,60.489,14000000,1
1300130400000,1300130459000,60.491,60.505,60.486,60.486,44000000,1
1300130460000,1300130519000,60.487,60.51,60.479,60.507,88000000,1
1300130520000,1300130579000,60.507,60.507,60.488,60.497,84000000,1
1300130580000,1300130639000,60.497,60.497,60.487,60.487,69000000,1
1300130640000,1300130699000,60.487,60.498,60.486,60.498,84000000,1
1300130700000,1300130759000,60.497,60.501,60.487,60.497,36000000,1
1300130760000,1300130819000,60.489,60.496,60.476,60.477,30000000,1
1300130820000,1300130879000,60.477,60.486,60.456,60.467,47000000,1
1300130880000,1300130939000,60.467,60.476,60.456,60.476,53000000,1
1300130940000,1300130999000,60.476,60.497,60.476,60.497,21000000,1
1300131000000,1300131059000,60.496,60.497,60.496,60.497,14000000,1
1300131060000,1300131119000,60.496,60.497,60.496,60.496,6000000,1
1300131120000,1300131179000,60.497,60.498,60.497,60.498,19000000,1
1300131180000,1300131239000,60.498,60.498,60.498,60.498,2000000,1
1300131240000,1300131299000,60.499,60.507,60.496,60.496,20000000,1
1300131300000,1300131359000,60.496,60.497,60.487,60.487,20000000,1
1300131360000,1300131419000,60.487,60.487,60.486,60.486,14000000,1
1300131420000,1300131479000,60.487,60.487,60.486,60.486,4000000,1
1300131480000,1300131539000,60.487,60.487,60.486,60.486,5000000,1
1300131540000,1300131599000,60.486,60.497,60.486,60.496,11000000,1
1300131600000,1300131659000,60.497,60.497,60.496,60.496,5000000,1
1300131660000,1300131719000,60.497,60.497,60.497,60.497,8000000,1
1300131720000,1300131779000,60.501,60.529,60.501,60.526,37000000,1
1300131780000,1300131839000,60.528,60.534,60.52,60.527,32000000,1
1300131840000,1300131899000,60.529,60.534,60.519,60.522,46000000,1
1300131900000,1300131959000,60.526,60.526,60.516,60.517,27000000,1
1300131960000,1300132019000,60.518,60.526,60.517,60.526,25000000,1
1300132020000,1300132079000,60.526,60.531,60.517,60.517,48000000,1
1300132080000,1300132139000,60.518,60.518,60.509,60.517,32000000,1
1300132140000,1300132199000,60.518,60.522,60.511,60.516,41000000,1
1300132200000,1300132259000,60.516,60.526,60.511,60.516,39000000,1
1300132260000,1300132319000,60.517,60.536,60.517,60.527,31000000,1
1300132320000,1300132379000,60.526,60.527,60.526,60.526,12000000,1
1300132380000,1300132439000,60.526,60.528,60.526,60.527,16000000,1
1300132440000,1300132499000,60.528,60.528,60.526,60.527,20000000,1
1300132500000,1300132559000,60.527,60.528,60.526,60.528,12000000,1
1300132560000,1300132619000,60.528,60.528,60.528,60.528,11000000,1
1300132620000,1300132679000,60.528,60.538,60.528,60.528,28000000,1
1300132680000,1300132739000,60.527,60.527,60.52,60.52,13000000,1
1300132740000,1300132799000,60.521,60.521,60.507,60.508,59000000,1
1300132800000,1300132859000,60.507,60.519,60.506,60.517,52000000,1
1300132860000,1300132919000,60.518,60.568,60.518,60.558,64000000,1
1300132920000,1300132979000,60.558,60.558,60.547,60.547,51000000,1
1300132980000,1300133039000,60.547,60.566,60.547,60.549,48000000,1
1300133040000,1300133099000,60.556,60.56,60.536,60.557,95000000,1
1300133100000,1300133159000,60.557,60.557,60.546,60.548,33000000,1
1300133160000,1300133219000,60.547,60.567,60.547,60.556,33000000,1
1300133220000,1300133279000,60.556,60.557,60.526,60.526,46000000,1
1300133280000,1300133339000,60.518,60.527,60.518,60.527,20000000,1
1300133340000,1300133399000,60.527,60.527,60.517,60.517,20000000,1
1300133400000,1300133459000,60.521,60.528,60.518,60.528,12000000,1
1300133460000,1300133519000,60.528,60.53,60.526,60.527,23000000,1
1300133520000,1300133579000,60.526,60.526,60.506,60.506,27000000,1
1300133580000,1300133639000,60.507,60.507,60.506,60.506,9000000,1
1300133640000,1300133699000,60.507,60.51,60.506,60.506,11000000,1
1300133700000,1300133759000,60.507,60.507,60.506,60.506,15000000,1
1300133760000,1300133819000,60.507,60.507,60.506,60.506,6000000,1
1300133820000,1300133879000,60.498,60.498,60.476,60.476,20000000,1
1300133880000,1300133939000,60.468,60.468,60.456,60.468,17000000,1
1300133940000,1300133999000,60.467,60.467,60.467,60.467,28000000,1
1300134000000,1300134059000,60.467,60.476,60.467,60.468,23000000,1
1300134060000,1300134119000,60.468,60.477,60.468,60.477,21000000,1
1300134120000,1300134179000,60.477,60.477,60.477,60.477,3000000,1
1300134180000,1300134239000,60.476,60.477,60.476,60.477,4000000,1
1300134240000,1300134299000,60.44,60.478,60.44,60.478,35000000,1
1300134300000,1300134359000,60.477,60.478,60.477,60.477,19000000,1
1300134360000,1300134419000,60.477,60.477,60.446,60.447,28000000,1
1300134420000,1300134479000,60.438,60.457,60.436,60.456,34000000,1
1300134480000,1300134539000,60.456,60.456,60.447,60.447,11000000,1
1300134540000,1300134599000,60.447,60.448,60.417,60.417,42000000,1
1300134600000,1300134659000,60.406,60.416,60.387,60.406,66000000,1
1300134660000,1300134719000,60.406,60.426,60.406,60.406,56000000,1
1300134720000,1300134779000,60.406,60.417,60.397,60.417,42000000,1
1300134780000,1300134839000,60.416,60.426,60.416,60.416,29000000,1
1300134840000,1300134899000,60.417,60.427,60.416,60.417,15000000,1
1300134900000,1300134959000,60.427,60.427,60.407,60.416,15000000,1
1300134960000,1300135019000,60.426,60.427,60.416,60.417,10000000,1
1300135020000,1300135079000,60.427,60.427,60.426,60.426,5000000,1
1300135080000,1300135139000,60.426,60.427,60.417,60.427,11000000,1
1300135140000,1300135199000,60.427,60.427,60.416,60.416,17000000,1
1300135200000,1300135259000,60.417,60.417,60.408,60.417,9000000,1
1300135260000,1300135319000,60.407,60.417,60.407,60.417,14000000,1
1300135320000,1300135379000,60.417,60.417,60.407,60.407,17000000,1
1300135380000,1300135439000,60.407,60.417,60.396,60.407,60000000,1
1300135440000,1300135499000,60.398,60.398,60.386,60.386,48000000,1
1300135500000,1300135559000,60.387,60.387,60.386,60.387,11000000,1
1300135560000,1300135619000,60.386,60.387,60.297,60.297,42000000,1
1300135620000,1300135679000,60.336,60.346,60.326,60.326,36000000,1
1300135680000,1300135739000,60.327,60.337,60.326,60.326,17000000,1
1300135740000,1300135799000,60.327,60.367,60.316,60.347,68000000,1
1300135800000,1300135859000,60.338,60.347,60.336,60.336,48000000,1
1300135860000,1300135919000,60.326,60.347,60.326,60.336,22000000,1
1300135920000,1300135979000,60.337,60.356,60.327,60.348,35000000,1
1300135980000,1300136039000,60.347,60.357,60.336,60.336,32000000,1
1300136040000,1300136099000,60.336,60.337,60.326,60.326,41000000,1
1300136100000,1300136159000,60.327,60.357,60.327,60.356,30000000,1
1300136160000,1300136219000,60.347,60.357,60.336,60.337,21000000,1
1300136220000,1300136279000,60.336,60.337,60.327,60.336,26000000,1
1300136280000,1300136339000,60.336,60.337,60.317,60.336,27000000,1
1300136340000,1300136399000,60.326,60.346,60.326,60.336,24000000,1
1300136400000,1300136459000,60.281,60.292,60.281,60.285,24000000,1
1300136460000,1300136519000,60.289,60.289,60.281,60.282,18000000,1
1300136520000,1300136579000,60.282,60.328,60.282,60.327,12000000,1
1300136580000,1300136639000,60.327,60.337,60.307,60.308,39000000,1
1300136640000,1300136699000,60.308,60.308,60.308,60.308,25000000,1
1300136700000,1300136759000,60.308,60.328,60.307,60.307,19000000,1
1300136760000,1300136819000,60.297,60.297,60.297,60.297,2000000,1
1300136820000,1300136879000,60.297,60.297,60.297,60.297,2000000,1
1300136880000,1300136939000,60.297,60.34,60.297,60.31,24000000,1
1300136940000,1300136999000,60.313,60.313,60.301,60.302,8000000,1
1300137000000,1300137059000,60.306,60.308,60.306,60.308,16000000,1
1300137060000,1300137119000,60.308,60.332,60.298,60.312,32000000,1
1300137120000,1300137179000,60.306,60.317,60.297,60.306,38000000,1
1300137180000,1300137239000,60.306,60.312,60.304,60.304,13000000,1
1300137240000,1300137299000,60.304,60.304,60.298,60.298,14000000,1
1300137300000,1300137359000,60.288,60.316,60.288,60.316,8000000,1
1300137360000,1300137419000,60.306,60.317,60.306,60.316,17000000,1
1300137420000,1300137479000,60.316,60.316,60.296,60.306,20000000,1
1300137480000,1300137539000,60.296,60.307,60.296,60.307,5000000,1
1300137540000,1300137599000,60.305,60.308,60.27,60.27,21000000,1
1300137600000,1300137659000,60.307,60.317,60.306,60.316,16000000,1
1300137660000,1300137719000,60.316,60.326,60.316,60.316,6000000,1
1300137720000,1300137779000,60.317,60.317,60.317,60.317,2000000,1
1300137780000,1300137839000,60.306,60.317,60.306,60.317,5000000,1
1300137840000,1300137899000,60.316,60.316,60.316,60.316,2000000,1
1300137900000,1300137959000,60.317,60.317,60.316,60.317,7000000,1
1300137960000,1300138019000,60.316,60.317,60.316,60.316,6000000,1
1300138020000,1300138079000,60.317,60.317,60.317,60.317,2000000,1
1300138080000,1300138139000,60.327,60.327,60.316,60.316,7000000,1
1300138140000,1300138199000,60.317,60.317,60.307,60.317,6000000,1
1300138200000,1300138259000,60.306,60.337,60.306,60.336,15000000,1
1300138260000,1300138319000,60.337,60.337,60.326,60.326,7000000,1
1300138320000,1300138379000,60.326,60.337,60.316,60.326,15000000,1
1300138380000,1300138439000,60.316,60.349,60.315,60.346,35000000,1
1300138440000,1300138499000,60.357,60.376,60.356,60.356,34000000,1
1300138500000,1300138559000,60.367,60.367,60.367,60.367,2000000,1
1300138560000,1300138619000,60.366,60.367,60.357,60.357,9000000,1
1300138620000,1300138679000,60.346,60.347,60.336,60.337,6000000,1
1300138680000,1300138739000,60.326,60.337,60.326,60.336,8000000,1
1300138740000,1300138799000,60.326,60.337,60.326,60.336,9000000,1
1300138800000,1300138859000,60.337,60.346,60.336,60.346,5000000,1
1300138860000,1300138919000,60.347,60.357,60.346,60.357,7000000,1
1300138920000,1300138979000,60.346,60.347,60.346,60.347,4000000,1
1300138980000,1300139039000,60.346,60.347,60.346,60.347,4000000,1
1300139040000,1300139099000,60.346,60.347,60.327,60.337,22000000,1
1300139100000,1300139159000,60.336,60.337,60.336,60.337,4000000,1
1300139160000,1300139219000,60.339,60.347,60.339,60.347,6000000,1
1300139220000,1300139279000,60.348,60.353,60.34,60.351,14000000,1
1300139280000,1300139339000,60.347,60.357,60.347,60.357,7000000,1
1300139340000,1300139399000,60.347,60.356,60.347,60.356,6000000,1
1300139400000,1300139459000,60.367,60.367,60.366,60.366,4000000,1
1300139460000,1300139519000,60.367,60.367,60.366,60.367,6000000,1
1300139520000,1300139579000,60.366,60.377,60.356,60.377,19000000,1
1300139580000,1300139639000,60.376,60.376,60.376,60.376,4000000,1
1300139640000,1300139699000,60.377,60.377,60.376,60.377,6000000,1
1300139700000,1300139759000,60.376,60.377,60.376,60.377,4000000,1
1300139760000,1300139819000,60.376,60.387,60.376,60.387,11000000,1
1300139820000,1300139879000,60.386,60.396,60.386,60.396,18000000,1
1300139880000,1300139939000,60.397,60.397,60.366,60.367,11000000,1
1300139940000,1300139999000,60.366,60.376,60.366,60.376,6000000,1
1300140000000,1300140059000,60.377,60.377,60.366,60.367,20000000,1
1300140060000,1300140119000,60.366,60.377,60.366,60.377,13000000,1
1300140120000,1300140179000,60.376,60.377,60.376,60.376,10000000,1
1300140180000,1300140239000,60.377,60.377,60.367,60.377,24000000,1
1300140240000,1300140299000,60.377,60.377,60.367,60.367,13000000,1
1300140300000,1300140359000,60.367,60.377,60.366,60.366,16000000,1
1300140360000,1300140419000,60.367,60.376,60.366,60.376,13000000,1
1300140420000,1300140479000,60.376,60.396,60.366,60.396,31000000,1
1300140480000,1300140539000,60.387,60.407,60.386,60.407,33000000,1
1300140540000,1300140599000,60.406,60.426,60.386,60.397,32000000,1
1300140600000,1300140659000,60.396,60.407,60.396,60.396,13000000,1
1300140660000,1300140719000,60.396,60.427,60.396,60.416,30000000,1
1300140720000,1300140779000,60.416,60.447,60.416,60.436,29000000,1
1300140780000,1300140839000,60.426,60.437,60.426,60.437,14000000,1
1300140840000,1300140899000,60.426,60.437,60.426,60.437,13000000,1
1300140900000,1300140959000,60.436,60.437,60.436,60.436,6000000,1
1300140960000,1300141019000,60.427,60.427,60.426,60.426,7000000,1
1300141020000,1300141079000,60.436,60.446,60.427,60.446,14000000,1
1300141080000,1300141139000,60.437,60.447,60.436,60.447,11000000,1
1300141140000,1300141199000,60.446,60.446,60.427,60.436,13000000,1
1300141200000,1300141259000,60.437,60.437,60.426,60.426,4000000,1
1300141260000,1300141319000,60.427,60.427,60.426,60.426,8000000,1
1300141320000,1300141379000,60.437,60.437,60.436,60.436,4000000,1
1300141380000,1300141439000,60.436,60.437,60.436,60.437,4000000,1
1300141440000,1300141499000,60.436,60.437,60.436,60.437,4000000,1
1300141500000,1300141559000,60.436,60.446,60.436,60.446,9000000,1
1300141560000,1300141619000,60.446,60.446,60.438,60.446,9000000,1
1300141620000,1300141679000,60.447,60.447,60.446,60.447,6000000,1
1300141680000,1300141739000,60.458,60.458,60.448,60.457,10000000,1
1300141740000,1300141799000,60.456,60.457,60.446,60.447,8000000,1
1300141800000,1300141859000,60.447,60.477,60.447,60.477,22000000,1
1300141860000,1300141919000,60.477,60.477,60.466,60.476,16000000,1
1300141920000,1300141979000,60.477,60.477,60.466,60.467,35000000,1
1300141980000,1300142039000,60.458,60.467,60.446,60.467,37000000,1
1300142040000,1300142099000,60.476,60.477,60.476,60.477,16000000,1
1300142100000,1300142159000,60.471,60.477,60.467,60.476,9000000,1
1300142160000,1300142219000,60.476,60.496,60.444,60.461,90000000,1
1300142220000,1300142279000,60.466,60.496,60.446,60.446,60000000,1
1300142280000,1300142339000,60.446,60.447,60.416,60.417,22000000,1
1300142340000,1300142399000,60.417,60.427,60.417,60.426,9000000,1
1300142400000,1300142459000,60.427,60.427,60.387,60.387,44000000,1
1300142460000,1300142519000,60.387,60.387,60.376,60.386,35000000,1
1300142520000,1300142579000,60.386,60.387,60.386,60.386,8000000,1
1300142580000,1300142639000,60.387,60.387,60.376,60.377,16000000,1
1300142640000,1300142699000,60.377,60.387,60.377,60.386,14000000,1
1300142700000,1300142759000,60.386,60.387,60.377,60.387,13000000,1
1300142760000,1300142819000,60.396,60.396,60.386,60.386,7000000,1
1300142820000,1300142879000,60.387,60.387,60.386,60.386,5000000,1
1300142880000,1300142939000,60.387,60.387,60.386,60.386,9000000,1
1300142940000,1300142999000,60.386,60.387,60.386,60.386,5000000,1
1300143000000,1300143059000,60.386,60.387,60.386,60.386,5000000,1
1300143060000,1300143119000,60.387,60.396,60.386,60.396,11000000,1
1300143120000,1300143179000,60.396,60.407,60.396,60.406,19000000,1
1300143180000,1300143239000,60.407,60.407,60.406,60.407,6000000,1
1300143240000,1300143299000,60.407,60.407,60.396,60.407,25000000,1
1300143300000,1300143359000,60.406,60.406,60.396,60.406,19000000,1
1300143360000,1300143419000,60.407,60.407,60.396,60.396,9000000,1
1300143420000,1300143479000,60.396,60.397,60.396,60.396,8000000,1
1300143480000,1300143539000,60.397,60.397,60.376,60.376,51000000,1
1300143540000,1300143599000,60.376,60.387,60.376,60.376,14000000,1
1300143600000,1300143659000,60.376,60.386,60.376,60.386,14000000,1
1300143660000,1300143719000,60.386,60.397,60.377,60.377,58000000,1
1300143720000,1300143779000,60.368,60.368,60.337,60.348,80000000,1
1300143780000,1300143839000,60.358,60.376,60.356,60.366,82000000,1
1300143840000,1300143899000,60.366,60.367,60.356,60.356,45000000,1
1300143900000,1300143959000,60.356,60.357,60.347,60.347,8000000,1
1300143960000,1300144019000,60.347,60.367,60.347,60.367,33000000,1
1300144020000,1300144079000,60.367,60.379,60.366,60.376,30000000,1
1300144080000,1300144139000,60.376,60.387,60.376,60.387,25000000,1
1300144140000,1300144199000,60.386,60.397,60.366,60.376,36000000,1
1300144200000,1300144259000,60.376,60.392,60.376,60.387,27000000,1
1300144260000,1300144319000,60.387,60.397,60.386,60.397,11000000,1
1300144320000,1300144379000,60.397,60.397,60.376,60.377,24000000,1
1300144380000,1300144439000,60.377,60.377,60.337,60.346,40000000,1
1300144440000,1300144499000,60.356,60.356,60.336,60.336,21000000,1
1300144500000,1300144559000,60.338,60.338,60.337,60.337,6000000,1
1300144560000,1300144619000,60.343,60.347,60.337,60.338,22000000,1
1300144620000,1300144679000,60.347,60.347,60.338,60.346,14000000,1
1300144680000,1300144739000,60.347,60.347,60.338,60.346,7000000,1
1300144740000,1300144799000,60.346,60.348,60.319,60.332,156000000,1
1300144800000,1300144859000,60.337,60.337,60.326,60.336,62000000,1
1300144860000,1300144919000,60.337,60.337,60.301,60.303,44000000,1
1300144920000,1300144979000,60.303,60.307,60.276,60.277,62000000,1
1300144980000,1300145039000,60.277,60.317,60.272,60.317,84000000,1
1300145040000,1300145099000,60.313,60.337,60.313,60.328,41000000,1
1300145100000,1300145159000,60.332,60.348,60.332,60.347,47000000,1
1300145160000,1300145219000,60.347,60.385,60.346,60.367,63000000,1
1300145220000,1300145279000,60.36,60.376,60.358,60.368,28000000,1
1300145280000,1300145339000,60.368,60.368,60.337,60.346,27000000,1
1300145340000,1300145399000,60.337,60.338,60.316,60.338,28000000,1
1300145400000,1300145459000,60.338,60.348,60.338,60.348,22000000,1
1300145460000,1300145519000,60.356,60.358,60.348,60.357,39000000,1
1300145520000,1300145579000,60.357,60.358,60.336,60.336,22000000,1
1300145580000,1300145639000,60.327,60.33,60.326,60.327,12000000,1
1300145640000,1300145699000,60.326,60.328,60.326,60.327,8000000,1
1300145700000,1300145759000,60.326,60.326,60.308,60.308,40000000,1
1300145760000,1300145819000,60.308,60.318,60.298,60.318,57000000,1
1300145820000,1300145879000,60.318,60.348,60.317,60.338,94000000,1
1300145880000,1300145939000,60.338,60.358,60.337,60.357,53000000,1
1300145940000,1300145999000,60.357,60.367,60.357,60.357,15000000,1
1300146000000,1300146059000,60.357,60.378,60.357,60.378,53000000,1
1300146060000,1300146119000,60.378,60.379,60.37,60.372,47000000,1
1300146120000,1300146179000,60.372,60.391,60.37,60.387,49000000,1
1300146180000,1300146239000,60.387,60.408,60.378,60.408,60000000,1
1300146240000,1300146299000,60.409,60.437,60.409,60.437,29000000,1
1300146300000,1300146359000,60.428,60.468,60.427,60.468,102000000,1
1300146360000,1300146419000,60.473,60.479,60.457,60.457,58000000,1
1300146420000,1300146479000,60.457,60.458,60.416,60.421,97000000,1
1300146480000,1300146539000,60.422,60.426,60.406,60.426,55000000,1
1300146540000,1300146599000,60.426,60.426,60.407,60.426,119000000,1
1300146600000,1300146659000,60.426,60.428,60.418,60.419,42000000,1
1300146660000,1300146719000,60.427,60.446,60.418,60.418,40000000,1
1300146720000,1300146779000,60.418,60.427,60.417,60.417,55000000,1
1300146780000,1300146839000,60.417,60.423,60.411,60.423,44000000,1
1300146840000,1300146899000,60.424,60.424,60.417,60.42,29000000,1
1300146900000,1300146959000,60.42,60.442,60.412,60.442,85000000,1
1300146960000,1300147019000,60.446,60.448,60.428,60.438,55000000,1
1300147020000,1300147079000,60.444,60.457,60.437,60.457,44000000,1
1300147080000,1300147139000,60.457,60.457,60.417,60.427,129000000,1
1300147140000,1300147199000,60.427,60.457,60.427,60.451,62000000,1
1300147200000,1300147259000,60.452,60.461,60.444,60.448,86000000,1
1300147260000,1300147319000,60.447,60.457,60.436,60.44,82000000,1
1300147320000,1300147379000,60.446,60.454,60.436,60.449,77000000,1
1300147380000,1300147439000,60.457,60.467,60.437,60.437,64000000,1
1300147440000,1300147499000,60.437,60.449,60.437,60.447,59000000,1
1300147500000,1300147559000,60.447,60.447,60.437,60.446,68000000,1
1300147560000,1300147619000,60.446,60.477,60.446,60.477,70000000,1
1300147620000,1300147679000,60.477,60.478,60.446,60.446,42000000,1
1300147680000,1300147739000,60.446,60.448,60.427,60.448,48000000,1
1300147740000,1300147799000,60.448,60.486,60.447,60.467,85000000,1
1300147800000,1300147859000,60.467,60.486,60.467,60.477,78000000,1
1300147860000,1300147919000,60.477,60.477,60.436,60.436,89000000,1
1300147920000,1300147979000,60.438,60.448,60.427,60.448,71000000,1
1300147980000,1300148039000,60.448,60.477,60.447,60.476,103000000,1
1300148040000,1300148099000,60.478,60.493,60.466,60.488,79000000,1
1300148100000,1300148159000,60.489,60.511,60.489,60.501,100000000,1
1300148160000,1300148219000,60.501,60.506,60.459,60.471,78000000,1
1300148220000,1300148279000,60.471,60.475,60.45,60.45,39000000,1
1300148280000,1300148339000,60.446,60.467,60.446,60.462,30000000,1
1300148340000,1300148399000,60.466,60.468,60.456,60.456,31000000,1
1300148400000,1300148459000,60.457,60.458,60.457,60.458,15000000,1
1300148460000,1300148519000,60.457,60.458,60.456,60.457,35000000,1
1300148520000,1300148579000,60.457,60.467,60.457,60.467,23000000,1
1300148580000,1300148639000,60.467,60.507,60.467,60.497,42000000,1
1300148640000,1300148699000,60.488,60.497,60.47,60.486,53000000,1
1300148700000,1300148759000,60.487,60.495,60.477,60.486,43000000,1
1300148760000,1300148819000,60.486,60.49,60.472,60.478,31000000,1
1300148820000,1300148879000,60.478,60.5,60.478,60.493,48000000,1
1300148880000,1300148939000,60.49,60.493,60.457,60.458,76000000,1
1300148940000,1300148999000,60.458,60.478,60.448,60.466,103000000,1
1300149000000,1300149059000,60.466,60.508,60.466,60.478,188000000,1
1300149060000,1300149119000,60.487,60.498,60.478,60.488,85000000,1
1300149120000,1300149179000,60.488,60.499,60.488,60.488,37000000,1
1300149180000,1300149239000,60.493,60.499,60.486,60.486,62000000,1
1300149240000,1300149299000,60.482,60.497,60.479,60.487,77000000,1
1300149300000,1300149359000,60.483,60.508,60.478,60.508,59000000,1
1300149360000,1300149419000,60.508,60.508,60.487,60.497,41000000,1
1300149420000,1300149479000,60.497,60.508,60.497,60.499,86000000,1
1300149480000,1300149539000,60.498,60.499,60.478,60.499,84000000,1
1300149540000,1300149599000,60.502,60.502,60.487,60.487,53000000,1
1300149600000,1300149659000,60.487,60.488,60.486,60.486,31000000,1
1300149660000,1300149719000,60.487,60.487,60.457,60.458,68000000,1
1300149720000,1300149779000,60.458,60.458,60.442,60.442,34000000,1
1300149780000,1300149839000,60.44,60.448,60.437,60.437,42000000,1
1300149840000,1300149899000,60.437,60.438,60.418,60.418,49000000,1
1300149900000,1300149959000,60.418,60.42,60.402,60.418,96000000,1
1300149960000,1300150019000,60.418,60.418,60.387,60.388,81000000,1
1300150020000,1300150079000,60.387,60.392,60.372,60.377,131000000,1
1300150080000,1300150139000,60.381,60.388,60.376,60.386,67000000,1
1300150140000,1300150199000,60.386,60.398,60.377,60.389,40000000,1
1300150200000,1300150259000,60.397,60.397,60.368,60.369,63000000,1
1300150260000,1300150319000,60.368,60.398,60.358,60.398,132000000,1
1300150320000,1300150379000,60.398,60.437,60.398,60.429,99000000,1
1300150380000,1300150439000,60.429,60.429,60.416,60.416,124000000,1
1300150440000,1300150499000,60.416,60.418,60.401,60.416,157000000,1
1300150500000,1300150559000,60.416,60.427,60.407,60.41,221000000,1
1300150560000,1300150619000,60.409,60.417,60.407,60.41,63000000,1
1300150620000,1300150679000,60.413,60.417,60.406,60.406,75000000,1
1300150680000,1300150739000,60.406,60.407,60.386,60.396,108000000,1
1300150740000,1300150799000,60.398,60.407,60.396,60.407,48000000,1
1300150800000,1300150859000,60.407,60.407,60.378,60.388,46000000,1
1300150860000,1300150919000,60.388,60.397,60.387,60.387,73000000,1
1300150920000,1300150979000,60.387,60.389,60.386,60.387,15000000,1
1300150980000,1300151039000,60.386,60.41,60.373,60.408,61000000,1
1300151040000,1300151099000,60.407,60.408,60.396,60.398,34000000,1
1300151100000,1300151159000,60.396,60.41,60.396,60.406,44000000,1
1300151160000,1300151219000,60.399,60.408,60.387,60.397,70000000,1
1300151220000,1300151279000,60.396,60.397,60.388,60.396,16000000,1
1300151280000,1300151339000,60.396,60.408,60.386,60.388,140000000,1
1300151340000,1300151399000,60.388,60.397,60.379,60.379,62000000,1
1300151400000,1300151459000,60.378,60.378,60.365,60.377,116000000,1
1300151460000,1300151519000,60.378,60.378,60.358,60.358,49000000,1
1300151520000,1300151579000,60.358,60.367,60.346,60.348,36000000,1
1300151580000,1300151639000,60.348,60.376,60.346,60.376,67000000,1
1300151640000,1300151699000,60.376,60.386,60.368,60.368,47000000,1
1300151700000,1300151759000,60.368,60.368,60.347,60.347,88000000,1
1300151760000,1300151819000,60.347,60.353,60.328,60.348,149000000,1
1300151820000,1300151879000,60.348,60.358,60.336,60.346,78000000,1
1300151880000,1300151939000,60.346,60.347,60.326,60.328,52000000,1
1300151940000,1300151999000,60.328,60.357,60.318,60.347,95000000,1
1300152000000,1300152059000,60.347,60.348,60.327,60.346,96000000,1
1300152060000,1300152119000,60.346,60.377,60.316,60.361,146000000,1
1300152120000,1300152179000,60.358,60.388,60.357,60.358,162000000,1
1300152180000,1300152239000,60.358,60.369,60.317,60.326,149000000,1
1300152240000,1300152299000,60.326,60.339,60.318,60.339,58000000,1
1300152300000,1300152359000,60.338,60.369,60.338,60.369,23000000,1
1300152360000,1300152419000,60.367,60.388,60.366,60.366,90000000,1
1300152420000,1300152479000,60.367,60.367,60.359,60.366,57000000,1
1300152480000,1300152539000,60.367,60.368,60.367,60.368,10000000,1
1300152540000,1300152599000,60.368,60.368,60.337,60.347,95000000,1
1300152600000,1300152659000,60.337,60.37,60.336,60.367,70000000,1
1300152660000,1300152719000,60.367,60.377,60.357,60.368,66000000,1
1300152720000,1300152779000,60.368,60.369,60.347,60.347,47000000,1
1300152780000,1300152839000,60.338,60.347,60.337,60.337,23000000,1
1300152840000,1300152899000,60.337,60.337,60.316,60.327,37000000,1
1300152900000,1300152959000,60.327,60.336,60.326,60.327,42000000,1
1300152960000,1300153019000,60.328,60.338,60.328,60.336,15000000,1
1300153020000,1300153079000,60.336,60.336,60.336,60.336,5000000,1
1300153080000,1300153139000,60.336,60.336,60.306,60.318,56000000,1
1300153140000,1300153199000,60.319,60.327,60.316,60.327,25000000,1
1300153200000,1300153259000,60.327,60.327,60.317,60.318,17000000,1
1300153260000,1300153319000,60.319,60.327,60.318,60.327,24000000,1
1300153320000,1300153379000,60.327,60.327,60.288,60.297,27000000,1
1300153380000,1300153439000,60.297,60.297,60.264,60.268,74000000,1
1300153440000,1300153499000,60.268,60.278,60.247,60.257,158000000,1
1300153500000,1300153559000,60.257,60.266,60.246,60.256,95000000,1
1300153560000,1300153619000,60.256,60.259,60.247,60.259,85000000,1
1300153620000,1300153679000,60.267,60.297,60.266,60.297,59000000,1
1300153680000,1300153739000,60.297,60.297,60.287,60.297,19000000,1
1300153740000,1300153799000,60.29,60.296,60.277,60.286,40000000,1
1300153800000,1300153859000,60.286,60.288,60.277,60.287,67000000,1
1300153860000,1300153919000,60.287,60.287,60.286,60.287,20000000,1
1300153920000,1300153979000,60.287,60.288,60.267,60.288,61000000,1
1300153980000,1300154039000,60.288,60.297,60.267,60.267,72000000,1
1300154040000,1300154099000,60.267,60.277,60.242,60.246,96000000,1
1300154100000,1300154159000,60.247,60.256,60.238,60.256,51000000,1
1300154160000,1300154219000,60.248,60.267,60.231,60.258,119000000,1
1300154220000,1300154279000,60.257,60.257,60.217,60.218,88000000,1
1300154280000,1300154339000,60.219,60.219,60.186,60.217,103000000,1
1300154340000,1300154399000,60.218,60.229,60.216,60.227,60000000,1
1300154400000,1300154459000,60.227,60.228,60.207,60.216,80000000,1
1300154460000,1300154519000,60.216,60.216,60.175,60.177,140000000,1
1300154520000,1300154579000,60.177,60.178,60.1,60.157,157000000,1
1300154580000,1300154639000,60.157,60.167,60.127,60.133,169000000,1
1300154640000,1300154699000,60.128,60.138,60.117,60.127,142000000,1
1300154700000,1300154759000,60.119,60.119,60.077,60.088,138000000,1
1300154760000,1300154819000,60.09,60.096,60.028,60.076,113000000,1
1300154820000,1300154879000,60.076,60.087,60.057,60.066,74000000,1
1300154880000,1300154939000,60.066,60.066,59.976,59.986,128000000,1
1300154940000,1300154999000,59.996,60.038,59.986,60.036,118000000,1
1300155000000,1300155059000,60.036,60.048,60.027,60.047,69000000,1
1300155060000,1300155119000,60.047,60.069,60.047,60.049,95000000,1
1300155120000,1300155179000,60.055,60.069,60.055,60.058,61000000,1
1300155180000,1300155239000,60.059,60.066,60.043,60.056,98000000,1
1300155240000,1300155299000,60.056,60.109,60.047,60.098,166000000,1
1300155300000,1300155359000,60.108,60.108,60.087,60.107,106000000,1
1300155360000,1300155419000,60.107,60.128,60.107,60.128,102000000,1
1300155420000,1300155479000,60.128,60.148,60.127,60.137,87000000,1
1300155480000,1300155539000,60.137,60.148,60.128,60.128,57000000,1
1300155540000,1300155599000,60.128,60.128,60.088,60.116,92000000,1
1300155600000,1300155659000,60.117,60.146,60.116,60.146,43000000,1
1300155660000,1300155719000,60.146,60.177,60.136,60.147,124000000,1
1300155720000,1300155779000,60.147,60.148,60.126,60.127,96000000,1
1300155780000,1300155839000,60.127,60.127,60.088,60.106,117000000,1
1300155840000,1300155899000,60.106,60.117,60.066,60.067,118000000,1
1300155900000,1300155959000,60.067,60.079,60.061,60.067,47000000,1
1300155960000,1300156019000,60.072,60.078,60.047,60.077,80000000,1
1300156020000,1300156079000,60.077,60.079,60.066,60.067,67000000,1
1300156080000,1300156139000,60.067,60.067,59.954,59.964,198000000,1
1300156140000,1300156199000,59.964,59.999,59.963,59.963,234000000,1
1300156200000,1300156259000,59.964,59.964,59.897,59.927,286000000,1
1300156260000,1300156319000,59.927,59.975,59.916,59.975,229000000,1
1300156320000,1300156379000,59.978,59.997,59.966,59.996,224000000,1
1300156380000,1300156439000,59.992,59.998,59.978,59.987,67000000,1
1300156440000,1300156499000,59.987,59.999,59.967,59.986,160000000,1
1300156500000,1300156559000,59.996,59.998,59.957,59.957,74000000,1
1300156560000,1300156619000,59.958,59.967,59.897,59.907,183000000,1
1300156620000,1300156679000,59.907,59.907,59.866,59.866,142000000,1
1300156680000,1300156739000,59.866,59.866,59.79,59.808,267000000,1
1300156740000,1300156799000,59.806,59.806,59.756,59.796,169000000,1
1300156800000,1300156859000,59.802,59.828,59.786,59.828,250000000,1
1300156860000,1300156919000,59.828,59.887,59.828,59.877,115000000,1
1300156920000,1300156979000,59.877,59.888,59.866,59.887,103000000,1
1300156980000,1300157039000,59.89,59.906,59.877,59.877,95000000,1
1300157040000,1300157099000,59.886,59.887,59.817,59.837,141000000,1
1300157100000,1300157159000,59.837,59.857,59.826,59.847,128000000,1
1300157160000,1300157219000,59.847,59.88,59.847,59.876,139000000,1
1300157220000,1300157279000,59.876,59.876,59.823,59.836,179000000,1
1300157280000,1300157339000,59.826,59.837,59.806,59.806,103000000,1
1300157340000,1300157399000,59.806,59.816,59.746,59.746,145000000,1
1300157400000,1300157459000,59.749,59.758,59.627,59.644,339000000,1
1300157460000,1300157519000,59.642,59.648,59.437,59.478,306000000,1
1300157520000,1300157579000,59.477,59.536,59.466,59.536,258000000,1
1300157580000,1300157639000,59.536,60.037,59.536,60.036,349000000,1
1300157640000,1300157699000,60.037,60.143,59.703,59.807,357000000,1
1300157700000,1300157759000,59.807,59.933,59.796,59.807,401000000,1
1300157760000,1300157819000,59.808,59.838,59.69,59.767,344000000,1
1300157820000,1300157879000,59.757,59.957,59.757,59.887,299000000,1
1300157880000,1300157939000,59.887,59.969,59.866,59.876,207000000,1
1300157940000,1300157999000,59.867,59.867,59.797,59.806,190000000,1
1300158000000,1300158059000,59.806,59.826,59.736,59.787,191000000,1
1300158060000,1300158119000,59.787,59.818,59.677,59.797,309000000,1
1300158120000,1300158179000,59.797,59.818,59.777,59.797,141000000,1
1300158180000,1300158239000,59.807,59.917,59.797,59.897,216000000,1
1300158240000,1300158299000,59.898,59.908,59.867,59.908,79000000,1
1300158300000,1300158359000,59.908,59.947,59.876,59.946,222000000,1
1300158360000,1300158419000,59.937,59.948,59.917,59.946,45000000,1
1300158420000,1300158479000,59.946,59.977,59.946,59.967,67000000,1
1300158480000,1300158539000,59.957,59.997,59.937,59.947,118000000,1
1300158540000,1300158599000,59.947,59.978,59.947,59.972,170000000,1
1300158600000,1300158659000,59.967,59.977,59.917,59.94,188000000,1
1300158660000,1300158719000,59.94,59.978,59.94,59.949,165000000,1
1300158720000,1300158779000,59.949,60.018,59.949,60.017,247000000,1
1300158780000,1300158839000,60.008,60.036,59.987,60.017,156000000,1
1300158840000,1300158899000,60.007,60.028,59.98,59.987,113000000,1
1300158900000,1300158959000,59.987,60.027,59.956,60.027,126000000,1
1300158960000,1300159019000,60.026,60.026,59.917,59.949,248000000,1
1300159020000,1300159079000,59.951,59.968,59.94,59.957,89000000,1
1300159080000,1300159139000,59.967,59.998,59.918,59.966,203000000,1
1300159140000,1300159199000,59.966,59.987,59.958,59.967,110000000,1
1300159200000,1300159259000,59.967,60.01,59.957,59.997,154000000,1
1300159260000,1300159319000,59.987,60.008,59.967,60.008,165000000,1
1300159320000,1300159379000,60.008,60.028,59.998,60.006,149000000,1
1300159380000,1300159439000,60.006,60.046,59.996,60.031,128000000,1
1300159440000,1300159499000,60.03,60.037,59.978,59.978,135000000,1
1300159500000,1300159559000,59.986,59.988,59.946,59.947,112000000,1
1300159560000,1300159619000,59.946,59.977,59.927,59.977,153000000,1
1300159620000,1300159679000,59.977,59.977,59.957,59.957,68000000,1
1300159680000,1300159739000,59.967,59.968,59.918,59.918,66000000,1
1300159740000,1300159799000,59.918,59.918,59.847,59.847,144000000,1
1300159800000,1300159859000,59.85,59.877,59.836,59.837,197000000,1
1300159860000,1300159919000,59.837,59.85,59.817,59.847,189000000,1
1300159920000,1300159979000,59.847,59.877,59.84,59.857,83000000,1
1300159980000,1300160039000,59.847,59.858,59.831,59.847,101000000,1
1300160040000,1300160099000,59.849,59.888,59.838,59.866,109000000,1
1300160100000,1300160159000,59.858,59.858,59.836,59.858,166000000,1
1300160160000,1300160219000,59.858,59.877,59.808,59.808,203000000,1
1300160220000,1300160279000,59.808,59.818,59.746,59.756,243000000,1
1300160280000,1300160339000,59.748,59.807,59.728,59.807,137000000,1
1300160340000,1300160399000,59.808,59.848,59.768,59.778,206000000,1
1300160400000,1300160459000,59.778,59.779,59.728,59.748,183000000,1
1300160460000,1300160519000,59.748,59.778,59.697,59.697,220000000,1
1300160520000,1300160579000,59.703,59.703,59.616,59.616,229000000,1
1300160580000,1300160639000,59.616,59.616,59.476,59.543,228000000,1
1300160640000,1300160699000,59.548,59.597,59.527,59.578,139000000,1
1300160700000,1300160759000,59.567,59.597,59.546,59.557,188000000,1
1300160760000,1300160819000,59.558,59.608,59.558,59.597,89000000,1
1300160820000,1300160879000,59.596,59.607,59.567,59.606,135000000,1
1300160880000,1300160939000,59.598,59.607,59.586,59.606,112000000,1
1300160940000,1300160999000,59.606,59.678,59.606,59.668,186000000,1
1300161000000,1300161059000,59.677,59.678,59.596,59.606,127000000,1
1300161060000,1300161119000,59.606,59.607,59.546,59.567,230000000,1
1300161120000,1300161179000,59.567,59.628,59.556,59.628,232000000,1
1300161180000,1300161239000,59.638,59.66,59.628,59.637,162000000,1
1300161240000,1300161299000,59.627,59.647,59.588,59.597,95000000,1
1300161300000,1300161359000,59.597,59.597,59.573,59.576,51000000,1
1300161360000,1300161419000,59.568,59.596,59.546,59.577,133000000,1
1300161420000,1300161479000,59.577,59.626,59.566,59.626,179000000,1
1300161480000,1300161539000,59.626,59.626,59.568,59.587,176000000,1
1300161540000,1300161599000,59.587,59.587,59.556,59.567,123000000,1
1300161600000,1300161659000,59.566,59.587,59.558,59.558,158000000,1
1300161660000,1300161719000,59.557,59.558,59.518,59.527,217000000,1
1300161720000,1300161779000,59.517,59.536,59.476,59.507,174000000,1
1300161780000,1300161839000,59.507,59.537,59.507,59.516,89000000,1
1300161840000,1300161899000,59.518,59.532,59.482,59.499,340000000,1
1300161900000,1300161959000,59.508,59.509,59.477,59.494,173000000,1
1300161960000,1300162019000,59.492,59.536,59.474,59.497,203000000,1
1300162020000,1300162079000,59.497,59.527,59.467,59.498,164000000,1
1300162080000,1300162139000,59.498,59.537,59.492,59.537,145000000,1
1300162140000,1300162199000,59.537,59.537,59.507,59.527,168000000,1
1300162200000,1300162259000,59.518,59.527,59.487,59.517,127000000,1
1300162260000,1300162319000,59.527,59.547,59.506,59.519,162000000,1
1300162320000,1300162379000,59.52,59.52,59.488,59.517,121000000,1
1300162380000,1300162439000,59.512,59.568,59.507,59.516,192000000,1
1300162440000,1300162499000,59.516,59.586,59.506,59.577,149000000,1
1300162500000,1300162559000,59.577,59.608,59.576,59.596,136000000,1
1300162560000,1300162619000,59.596,59.627,59.588,59.596,97000000,1
1300162620000,1300162679000,59.596,59.659,59.577,59.626,129000000,1
1300162680000,1300162739000,59.626,59.647,59.616,59.647,150000000,1
1300162740000,1300162799000,59.634,59.647,59.616,59.636,124000000,1
1300162800000,1300162859000,59.636,59.658,59.627,59.657,96000000,1
1300162860000,1300162919000,59.657,59.699,59.646,59.698,87000000,1
1300162920000,1300162979000,59.696,59.757,59.696,59.747,130000000,1
1300162980000,1300163039000,59.747,59.747,59.696,59.697,71000000,1
1300163040000,1300163099000,59.697,59.737,59.686,59.716,76000000,1
1300163100000,1300163159000,59.716,59.726,59.706,59.707,24000000,1
1300163160000,1300163219000,59.706,59.718,59.677,59.677,56000000,1
1300163220000,1300163279000,59.677,59.686,59.656,59.666,70000000,1
1300163280000,1300163339000,59.666,59.666,59.656,59.656,27000000,1
1300163340000,1300163399000,59.656,59.676,59.656,59.667,40000000,1
1300163400000,1300163459000,59.666,59.697,59.666,59.686,91000000,1
1300163460000,1300163519000,59.688,59.697,59.666,59.667,105000000,1
1300163520000,1300163579000,59.667,59.667,59.637,59.646,67000000,1
1300163580000,1300163639000,59.646,59.647,59.616,59.616,79000000,1
1300163640000,1300163699000,59.616,59.627,59.586,59.587,82000000,1
1300163700000,1300163759000,59.587,59.627,59.587,59.618,64000000,1
1300163760000,1300163819000,59.618,59.647,59.616,59.647,89000000,1
1300163820000,1300163879000,59.649,59.687,59.648,59.677,65000000,1
1300163880000,1300163939000,59.677,59.696,59.646,59.657,80000000,1
1300163940000,1300163999000,59.657,59.657,59.626,59.636,67000000,1
1300164000000,1300164059000,59.636,59.647,59.616,59.637,97000000,1
1300164060000,1300164119000,59.636,59.647,59.636,59.636,77000000,1
1300164120000,1300164179000,59.638,59.666,59.628,59.647,152000000,1
1300164180000,1300164239000,59.647,59.658,59.638,59.645,65000000,1
1300164240000,1300164299000,59.648,59.708,59.648,59.699,97000000,1
1300164300000,1300164359000,59.706,59.727,59.699,59.726,67000000,1
1300164360000,1300164419000,59.717,59.717,59.696,59.706,24000000,1
1300164420000,1300164479000,59.697,59.738,59.686,59.717,129000000,1
1300164480000,1300164539000,59.717,59.748,59.716,59.746,115000000,1
1300164540000,1300164599000,59.747,59.758,59.746,59.757,110000000,1
1300164600000,1300164659000,59.758,59.758,59.739,59.739,46000000,1
1300164660000,1300164719000,59.739,59.756,59.736,59.737,106000000,1
1300164720000,1300164779000,59.737,59.748,59.687,59.687,140000000,1
1300164780000,1300164839000,59.677,59.698,59.658,59.677,64000000,1
1300164840000,1300164899000,59.677,59.688,59.659,59.688,46000000,1
1300164900000,1300164959000,59.688,59.697,59.686,59.687,34000000,1
1300164960000,1300165019000,59.688,59.697,59.677,59.678,58000000,1
1300165020000,1300165079000,59.676,59.696,59.657,59.687,59000000,1
1300165080000,1300165139000,59.687,59.727,59.687,59.727,105000000,1
1300165140000,1300165199000,59.728,59.757,59.728,59.756,58000000,1
1300165200000,1300165259000,59.757,59.757,59.696,59.717,67000000,1
1300165260000,1300165319000,59.707,59.717,59.706,59.707,21000000,1
1300165320000,1300165379000,59.706,59.706,59.676,59.676,16000000,1
1300165380000,1300165439000,59.686,59.707,59.686,59.697,16000000,1
1300165440000,1300165499000,59.696,59.718,59.696,59.717,67000000,1
1300165500000,1300165559000,59.717,59.748,59.706,59.748,70000000,1
1300165560000,1300165619000,59.751,59.777,59.751,59.776,52000000,1
1300165620000,1300165679000,59.776,59.777,59.757,59.767,89000000,1
1300165680000,1300165739000,59.758,59.788,59.743,59.786,120000000,1
1300165740000,1300165799000,59.786,59.807,59.776,59.806,71000000,1
1300165800000,1300165859000,59.807,59.808,59.796,59.806,53000000,1
1300165860000,1300165919000,59.796,59.807,59.786,59.786,108000000,1
1300165920000,1300165979000,59.786,59.807,59.756,59.782,102000000,1
1300165980000,1300166039000,59.776,59.797,59.766,59.766,76000000,1
1300166040000,1300166099000,59.767,59.786,59.757,59.767,53000000,1
1300166100000,1300166159000,59.767,59.768,59.746,59.747,53000000,1
1300166160000,1300166219000,59.738,59.768,59.737,59.768,49000000,1
1300166220000,1300166279000,59.759,59.777,59.758,59.767,107000000,1
1300166280000,1300166339000,59.767,59.78,59.766,59.769,105000000,1
1300166340000,1300166399000,59.777,59.778,59.759,59.777,165000000,1
1300166400000,1300166459000,59.777,59.787,59.747,59.767,101000000,1
1300166460000,1300166519000,59.756,59.778,59.756,59.757,101000000,1
1300166520000,1300166579000,59.758,59.777,59.756,59.766,98000000,1
1300166580000,1300166639000,59.768,59.787,59.757,59.767,52000000,1
1300166640000,1300166699000,59.757,59.807,59.756,59.807,69000000,1
1300166700000,1300166759000,59.807,59.807,59.763,59.778,64000000,1
1300166760000,1300166819000,59.778,59.798,59.777,59.797,77000000,1
1300166820000,1300166879000,59.797,59.837,59.796,59.827,55000000,1
1300166880000,1300166939000,59.826,59.887,59.826,59.887,103000000,1
1300166940000,1300166999000,59.887,59.927,59.876,59.916,122000000,1
1300167000000,1300167059000,59.906,59.937,59.877,59.937,165000000,1
1300167060000,1300167119000,59.937,59.968,59.936,59.957,129000000,1
1300167120000,1300167179000,59.957,59.968,59.947,59.947,105000000,1
1300167180000,1300167239000,59.948,59.948,59.896,59.917,45000000,1
1300167240000,1300167299000,59.907,59.927,59.886,59.907,76000000,1
1300167300000,1300167359000,59.907,59.936,59.906,59.936,62000000,1
1300167360000,1300167419000,59.937,59.937,59.916,59.926,56000000,1
1300167420000,1300167479000,59.927,59.927,59.917,59.926,70000000,1
1300167480000,1300167539000,59.918,59.927,59.917,59.927,51000000,1
1300167540000,1300167599000,59.927,59.937,59.927,59.937,9000000,1
1300167600000,1300167659000,59.927,59.927,59.926,59.927,6000000,1
1300167660000,1300167719000,59.926,59.936,59.918,59.936,17000000,1
1300167720000,1300167779000,59.937,59.937,59.918,59.918,13000000,1
1300167780000,1300167839000,59.918,59.918,59.897,59.906,65000000,1
1300167840000,1300167899000,59.908,59.927,59.896,59.927,128000000,1
1300167900000,1300167959000,59.916,59.918,59.896,59.896,63000000,1
1300167960000,1300168019000,59.896,59.928,59.896,59.917,81000000,1
1300168020000,1300168079000,59.917,59.925,59.899,59.907,80000000,1
1300168080000,1300168139000,59.898,59.907,59.868,59.868,71000000,1
1300168140000,1300168199000,59.867,59.867,59.809,59.818,127000000,1
1300168200000,1300168259000,59.818,59.856,59.807,59.856,110000000,1
1300168260000,1300168319000,59.858,59.908,59.858,59.877,61000000,1
1300168320000,1300168379000,59.877,59.887,59.857,59.858,67000000,1
1300168380000,1300168439000,59.857,59.866,59.837,59.846,87000000,1
1300168440000,1300168499000,59.838,59.867,59.838,59.848,96000000,1
1300168500000,1300168559000,59.848,59.867,59.846,59.867,59000000,1
1300168560000,1300168619000,59.866,59.896,59.847,59.872,180000000,1
1300168620000,1300168679000,59.872,59.878,59.866,59.877,92000000,1
1300168680000,1300168739000,59.877,59.899,59.877,59.896,148000000,1
1300168740000,1300168799000,59.896,59.896,59.86,59.869,94000000,1
1300168800000,1300168859000,59.868,59.904,59.866,59.902,148000000,1
1300168860000,1300168919000,59.902,59.916,59.885,59.906,104000000,1
1300168920000,1300168979000,59.901,59.906,59.876,59.876,47000000,1
1300168980000,1300169039000,59.876,59.897,59.876,59.876,98000000,1
1300169040000,1300169099000,59.876,59.888,59.867,59.867,100000000,1
1300169100000,1300169159000,59.863,59.897,59.856,59.887,32000000,1
1300169160000,1300169219000,59.89,59.897,59.887,59.889,24000000,1
1300169220000,1300169279000,59.897,59.937,59.897,59.917,68000000,1
1300169280000,1300169339000,59.917,59.946,59.916,59.936,93000000,1
1300169340000,1300169399000,59.936,59.947,59.927,59.937,79000000,1
1300169400000,1300169459000,59.937,59.967,59.937,59.957,199000000,1
1300169460000,1300169519000,59.957,59.967,59.927,59.927,102000000,1
1300169520000,1300169579000,59.927,59.927,59.896,59.917,93000000,1
1300169580000,1300169639000,59.917,59.917,59.897,59.907,40000000,1
1300169640000,1300169699000,59.917,59.966,59.917,59.947,99000000,1
1300169700000,1300169759000,59.947,59.976,59.927,59.976,166000000,1
1300169760000,1300169819000,59.968,59.977,59.947,59.967,145000000,1
1300169820000,1300169879000,59.967,59.991,59.956,59.982,145000000,1
1300169880000,1300169939000,59.978,59.99,59.966,59.99,133000000,1
1300169940000,1300169999000,59.995,60.008,59.988,60.007,70000000,1
1300170000000,1300170059000,60.007,60.017,59.978,59.988,144000000,1
1300170060000,1300170119000,59.989,60.021,59.989,60.017,52000000,1
1300170120000,1300170179000,60.017,60.017,59.976,59.997,60000000,1
1300170180000,1300170239000,59.987,59.997,59.977,59.988,29000000,1
1300170240000,1300170299000,59.987,59.987,59.967,59.976,63000000,1
1300170300000,1300170359000,59.978,59.997,59.976,59.987,46000000,1
1300170360000,1300170419000,59.991,60.006,59.977,59.998,173000000,1
1300170420000,1300170479000,59.996,60.017,59.967,59.978,197000000,1
1300170480000,1300170539000,59.976,59.979,59.947,59.979,145000000,1
1300170540000,1300170599000,59.98,60.018,59.98,59.997,123000000,1
1300170600000,1300170659000,59.997,59.997,59.946,59.948,55000000,1
1300170660000,1300170719000,59.958,59.966,59.936,59.956,83000000,1
1300170720000,1300170779000,59.958,59.958,59.917,59.917,27000000,1
1300170780000,1300170839000,59.917,59.918,59.916,59.917,20000000,1
1300170840000,1300170899000,59.916,59.937,59.916,59.927,49000000,1
1300170900000,1300170959000,59.927,59.927,59.897,59.897,68000000,1
1300170960000,1300171019000,59.897,59.908,59.886,59.886,125000000,1
1300171020000,1300171079000,59.886,59.888,59.876,59.878,66000000,1
1300171080000,1300171139000,59.878,59.897,59.878,59.897,83000000,1
1300171140000,1300171199000,59.897,59.921,59.877,59.92,137000000,1
1300171200000,1300171259000,59.927,59.938,59.926,59.926,54000000,1
1300171260000,1300171319000,59.93,59.949,59.93,59.949,37000000,1
1300171320000,1300171379000,59.956,59.958,59.941,59.957,40000000,1
1300171380000,1300171439000,59.957,59.968,59.956,59.966,63000000,1
1300171440000,1300171499000,59.966,59.988,59.956,59.988,46000000,1
1300171500000,1300171559000,59.988,59.997,59.976,59.986,62000000,1
1300171560000,1300171619000,59.978,59.987,59.958,59.968,40000000,1
1300171620000,1300171679000,59.976,59.977,59.967,59.976,14000000,1
1300171680000,1300171739000,59.976,59.977,59.946,59.967,58000000,1
1300171740000,1300171799000,59.967,59.967,59.956,59.967,59000000,1
1300171800000,1300171859000,59.958,59.966,59.937,59.937,24000000,1
1300171860000,1300171919000,59.937,59.957,59.937,59.947,55000000,1
1300171920000,1300171979000,59.947,59.966,59.937,59.966,70000000,1
1300171980000,1300172039000,59.966,59.966,59.95,59.956,56000000,1
1300172040000,1300172099000,59.965,59.988,59.956,59.966,165000000,1
1300172100000,1300172159000,59.966,59.966,59.936,59.947,78000000,1
1300172160000,1300172219000,59.947,59.958,59.94,59.946,92000000,1
1300172220000,1300172279000,59.946,59.967,59.937,59.949,60000000,1
1300172280000,1300172339000,59.949,59.967,59.949,59.959,36000000,1
1300172340000,1300172399000,59.957,59.957,59.948,59.957,11000000,1
1300172400000,1300172459000,59.948,59.957,59.886,59.916,172000000,1
1300172460000,1300172519000,59.917,59.917,59.876,59.876,111000000,1
1300172520000,1300172579000,59.876,59.876,59.849,59.856,107000000,1
1300172580000,1300172639000,59.856,59.857,59.816,59.816,86000000,1
1300172640000,1300172699000,59.827,59.836,59.806,59.836,49000000,1
1300172700000,1300172759000,59.836,59.836,59.776,59.797,108000000,1
1300172760000,1300172819000,59.797,59.806,59.786,59.788,87000000,1
1300172820000,1300172879000,59.786,59.788,59.778,59.788,32000000,1
1300172880000,1300172939000,59.787,59.788,59.766,59.767,82000000,1
1300172940000,1300172999000,59.767,59.767,59.729,59.737,110000000,1
1300173000000,1300173059000,59.737,59.748,59.737,59.746,82000000,1
1300173060000,1300173119000,59.746,59.747,59.736,59.738,70000000,1
1300173120000,1300173179000,59.738,59.757,59.736,59.747,42000000,1
1300173180000,1300173239000,59.757,59.769,59.746,59.766,63000000,1
1300173240000,1300173299000,59.766,59.787,59.766,59.786,46000000,1
1300173300000,1300173359000,59.786,59.796,59.776,59.778,78000000,1
1300173360000,1300173419000,59.787,59.787,59.766,59.776,29000000,1
1300173420000,1300173479000,59.776,59.797,59.776,59.778,65000000,1
1300173480000,1300173539000,59.787,59.807,59.787,59.807,102000000,1
1300173540000,1300173599000,59.807,59.837,59.806,59.828,90000000,1
1300173600000,1300173659000,59.828,59.888,59.827,59.887,164000000,1
1300173660000,1300173719000,59.877,59.896,59.868,59.877,72000000,1
1300173720000,1300173779000,59.876,59.877,59.857,59.858,35000000,1
1300173780000,1300173839000,59.859,59.877,59.857,59.867,110000000,1
1300173840000,1300173899000,59.867,59.87,59.838,59.857,94000000,1
1300173900000,1300173959000,59.857,59.857,59.809,59.828,110000000,1
1300173960000,1300174019000,59.828,59.828,59.797,59.809,160000000,1
1300174020000,1300174079000,59.817,59.817,59.66,59.798,256000000,1
1300174080000,1300174139000,59.798,59.799,59.737,59.737,226000000,1
1300174140000,1300174199000,59.739,59.74,59.684,59.734,293000000,1
1300174200000,1300174259000,59.735,59.83,59.733,59.807,168000000,1
1300174260000,1300174319000,59.807,59.817,59.741,59.792,182000000,1
1300174320000,1300174379000,59.79,59.827,59.766,59.797,229000000,1
1300174380000,1300174439000,59.789,59.802,59.756,59.767,142000000,1
1300174440000,1300174499000,59.757,59.808,59.737,59.808,139000000,1
1300174500000,1300174559000,59.81,59.827,59.796,59.797,98000000,1
1300174560000,1300174619000,59.802,59.806,59.786,59.788,34000000,1
1300174620000,1300174679000,59.788,59.797,59.787,59.79,38000000,1
1300174680000,1300174739000,59.789,59.809,59.778,59.786,105000000,1
1300174740000,1300174799000,59.786,59.817,59.777,59.807,139000000,1
1300174800000,1300174859000,59.807,59.807,59.786,59.786,69000000,1
1300174860000,1300174919000,59.786,59.787,59.769,59.786,73000000,1
1300174920000,1300174979000,59.791,59.807,59.791,59.797,77000000,1
1300174980000,1300175039000,59.797,59.809,59.796,59.807,41000000,1
1300175040000,1300175099000,59.8,59.817,59.794,59.806,51000000,1
1300175100000,1300175159000,59.806,59.809,59.806,59.806,24000000,1
1300175160000,1300175219000,59.806,59.817,59.806,59.817,49000000,1
1300175220000,1300175279000,59.817,59.836,59.817,59.836,25000000,1
1300175280000,1300175339000,59.836,59.836,59.777,59.807,120000000,1
1300175340000,1300175399000,59.814,59.831,59.777,59.787,66000000,1
1300175400000,1300175459000,59.776,59.787,59.748,59.756,152000000,1
1300175460000,1300175519000,59.758,59.787,59.756,59.767,110000000,1
1300175520000,1300175579000,59.757,59.799,59.757,59.799,102000000,1
1300175580000,1300175639000,59.798,59.808,59.786,59.789,58000000,1
1300175640000,1300175699000,59.787,59.787,59.767,59.769,30000000,1
1300175700000,1300175759000,59.77,59.777,59.737,59.749,86000000,1
1300175760000,1300175819000,59.747,59.749,59.736,59.736,86000000,1
1300175820000,1300175879000,59.736,59.766,59.736,59.757,90000000,1
1300175880000,1300175939000,59.749,59.756,59.746,59.751,44000000,1
1300175940000,1300175999000,59.748,59.757,59.746,59.756,49000000,1
1300176000000,1300176059000,59.756,59.759,59.721,59.727,137000000,1
1300176060000,1300176119000,59.727,59.737,59.706,59.711,177000000,1
1300176120000,1300176179000,59.707,59.756,59.706,59.746,145000000,1
1300176180000,1300176239000,59.74,59.747,59.686,59.697,112000000,1
1300176240000,1300176299000,59.697,59.706,59.676,59.697,111000000,1
1300176300000,1300176359000,59.697,59.713,59.674,59.713,173000000,1
1300176360000,1300176419000,59.714,59.727,59.711,59.727,28000000,1
1300176420000,1300176479000,59.723,59.747,59.714,59.747,59000000,1
1300176480000,1300176539000,59.741,59.747,59.728,59.736,61000000,1
1300176540000,1300176599000,59.736,59.796,59.736,59.747,114000000,1
1300176600000,1300176659000,59.747,59.747,59.733,59.737,80000000,1
1300176660000,1300176719000,59.737,59.747,59.732,59.746,60000000,1
1300176720000,1300176779000,59.746,59.768,59.736,59.757,127000000,1
1300176780000,1300176839000,59.76,59.772,59.756,59.769,92000000,1
1300176840000,1300176899000,59.767,59.778,59.733,59.743,121000000,1
1300176900000,1300176959000,59.742,59.752,59.737,59.747,73000000,1
1300176960000,1300177019000,59.743,59.765,59.743,59.756,50000000,1
1300177020000,1300177079000,59.755,59.757,59.746,59.749,53000000,1
1300177080000,1300177139000,59.748,59.75,59.711,59.732,118000000,1
1300177140000,1300177199000,59.737,59.776,59.737,59.766,124000000,1
1300177200000,1300177259000,59.766,59.777,59.766,59.776,23000000,1
1300177260000,1300177319000,59.776,59.797,59.766,59.797,51000000,1
1300177320000,1300177379000,59.797,59.825,59.786,59.824,55000000,1
1300177380000,1300177439000,59.824,59.847,59.822,59.827,66000000,1
1300177440000,1300177499000,59.826,59.826,59.777,59.796,123000000,1
1300177500000,1300177559000,59.796,59.797,59.754,59.767,70000000,1
1300177560000,1300177619000,59.767,59.796,59.757,59.796,83000000,1
1300177620000,1300177679000,59.796,59.796,59.773,59.779,67000000,1
1300177680000,1300177739000,59.781,59.829,59.78,59.806,84000000,1
1300177740000,1300177799000,59.797,59.817,59.786,59.794,95000000,1
1300177800000,1300177859000,59.793,59.804,59.786,59.802,77000000,1
1300177860000,1300177919000,59.804,59.82,59.804,59.819,75000000,1
1300177920000,1300177979000,59.822,59.858,59.822,59.851,102000000,1
1300177980000,1300178039000,59.853,59.857,59.838,59.843,76000000,1
1300178040000,1300178099000,59.841,59.841,59.816,59.834,173000000,1
1300178100000,1300178159000,59.832,59.858,59.824,59.827,151000000,1
1300178160000,1300178219000,59.827,59.828,59.805,59.805,96000000,1
1300178220000,1300178279000,59.806,59.806,59.786,59.786,116000000,1
1300178280000,1300178339000,59.787,59.817,59.787,59.808,129000000,1
1300178340000,1300178399000,59.807,59.829,59.807,59.81,159000000,1
1300178400000,1300178459000,59.81,59.826,59.795,59.797,135000000,1
1300178460000,1300178519000,59.797,59.818,59.788,59.807,56000000,1
1300178520000,1300178579000,59.816,59.817,59.807,59.811,74000000,1
1300178580000,1300178639000,59.814,59.904,59.807,59.867,200000000,1
1300178640000,1300178699000,59.867,59.867,59.811,59.827,138000000,1
1300178700000,1300178759000,59.827,59.83,59.776,59.778,126000000,1
1300178760000,1300178819000,59.78,59.788,59.758,59.772,79000000,1
1300178820000,1300178879000,59.777,59.794,59.764,59.786,118000000,1
1300178880000,1300178939000,59.786,59.788,59.766,59.787,90000000,1
1300178940000,1300178999000,59.789,59.792,59.747,59.757,92000000,1
1300179000000,1300179059000,59.759,59.778,59.757,59.757,46000000,1
1300179060000,1300179119000,59.758,59.767,59.757,59.758,21000000,1
1300179120000,1300179179000,59.76,59.76,59.737,59.75,89000000,1
1300179180000,1300179239000,59.747,59.747,59.718,59.722,67000000,1
1300179240000,1300179299000,59.719,59.728,59.706,59.718,101000000,1
1300179300000,1300179359000,59.72,59.727,59.714,59.717,27000000,1
1300179360000,1300179419000,59.721,59.721,59.646,59.648,125000000,1
1300179420000,1300179479000,59.648,59.667,59.62,59.656,190000000,1
1300179480000,1300179539000,59.657,59.666,59.636,59.666,67000000,1
1300179540000,1300179599000,59.666,59.736,59.666,59.727,118000000,1
1300179600000,1300179659000,59.727,59.727,59.707,59.717,20000000,1
1300179660000,1300179719000,59.706,59.706,59.646,59.657,112000000,1
1300179720000,1300179779000,59.657,59.666,59.596,59.646,195000000,1
1300179780000,1300179839000,59.646,59.65,59.589,59.65,154000000,1
1300179840000,1300179899000,59.648,59.657,59.636,59.649,93000000,1
1300179900000,1300179959000,59.648,59.668,59.631,59.667,155000000,1
1300179960000,1300180019000,59.676,59.677,59.637,59.642,117000000,1
1300180020000,1300180079000,59.638,59.648,59.613,59.626,123000000,1
1300180080000,1300180139000,59.615,59.622,59.602,59.606,263000000,1
1300180140000,1300180199000,59.607,59.618,59.596,59.596,179000000,1
1300180200000,1300180259000,59.597,59.599,59.566,59.567,81000000,1
1300180260000,1300180319000,59.567,59.587,59.563,59.577,66000000,1
1300180320000,1300180379000,59.586,59.607,59.576,59.607,49000000,1
1300180380000,1300180439000,59.606,59.627,59.606,59.616,34000000,1
1300180440000,1300180499000,59.616,59.616,59.566,59.576,126000000,1
1300180500000,1300180559000,59.576,59.596,59.561,59.596,177000000,1
1300180560000,1300180619000,59.588,59.606,59.576,59.579,101000000,1
1300180620000,1300180679000,59.579,59.597,59.579,59.597,32000000,1
1300180680000,1300180739000,59.587,59.587,59.567,59.568,100000000,1
1300180740000,1300180799000,59.568,59.568,59.546,59.546,63000000,1
1300180800000,1300180859000,59.55,59.557,59.531,59.535,114000000,1
1300180860000,1300180919000,59.535,59.537,59.507,59.507,175000000,1
1300180920000,1300180979000,59.507,59.515,59.472,59.472,190000000,1
1300180980000,1300181039000,59.476,59.492,59.467,59.479,150000000,1
1300181040000,1300181099000,59.482,59.527,59.481,59.522,141000000,1
1300181100000,1300181159000,59.522,59.538,59.522,59.537,119000000,1
1300181160000,1300181219000,59.537,59.539,59.482,59.487,130000000,1
1300181220000,1300181279000,59.485,59.496,59.424,59.427,200000000,1
1300181280000,1300181339000,59.428,59.453,59.406,59.416,204000000,1
1300181340000,1300181399000,59.416,59.447,59.408,59.419,189000000,1
1300181400000,1300181459000,59.423,59.453,59.423,59.451,126000000,1
1300181460000,1300181519000,59.45,59.507,59.45,59.507,128000000,1
1300181520000,1300181579000,59.499,59.507,59.478,59.488,98000000,1
1300181580000,1300181639000,59.491,59.498,59.47,59.477,198000000,1
1300181640000,1300181699000,59.475,59.475,59.447,59.468,210000000,1
1300181700000,1300181759000,59.467,59.477,59.434,59.459,211000000,1
1300181760000,1300181819000,59.46,59.466,59.436,59.442,158000000,1
1300181820000,1300181879000,59.44,59.488,59.44,59.478,132000000,1
1300181880000,1300181939000,59.484,59.496,59.438,59.453,158000000,1
1300181940000,1300181999000,59.458,59.496,59.456,59.484,156000000,1
1300182000000,1300182059000,59.487,59.517,59.486,59.517,91000000,1
1300182060000,1300182119000,59.516,59.528,59.492,59.492,98000000,1
1300182120000,1300182179000,59.487,59.528,59.477,59.528,90000000,1
1300182180000,1300182239000,59.537,59.551,59.526,59.547,123000000,1
1300182240000,1300182299000,59.547,59.547,59.497,59.498,57000000,1
1300182300000,1300182359000,59.501,59.506,59.487,59.498,107000000,1
1300182360000,1300182419000,59.498,59.499,59.468,59.468,130000000,1
1300182420000,1300182479000,59.471,59.491,59.446,59.481,145000000,1
1300182480000,1300182539000,59.478,59.493,59.421,59.426,117000000,1
1300182540000,1300182599000,59.426,59.459,59.406,59.446,138000000,1
1300182600000,1300182659000,59.447,59.518,59.446,59.479,161000000,1
1300182660000,1300182719000,59.478,59.511,59.478,59.506,135000000,1
1300182720000,1300182779000,59.506,59.546,59.489,59.489,163000000,1
1300182780000,1300182839000,59.49,59.507,59.477,59.482,171000000,1
1300182840000,1300182899000,59.477,59.477,59.448,59.472,167000000,1
1300182900000,1300182959000,59.477,59.484,59.426,59.426,177000000,1
1300182960000,1300183019000,59.427,59.437,59.346,59.358,285000000,1
1300183020000,1300183079000,59.359,59.387,59.341,59.387,180000000,1
1300183080000,1300183139000,59.387,59.387,59.358,59.362,118000000,1
1300183140000,1300183199000,59.367,59.397,59.366,59.386,153000000,1
1300183200000,1300183259000,59.386,59.406,59.386,59.403,144000000,1
1300183260000,1300183319000,59.407,59.426,59.4,59.426,183000000,1
1300183320000,1300183379000,59.426,59.438,59.406,59.43,128000000,1
1300183380000,1300183439000,59.437,59.438,59.397,59.398,98000000,1
1300183440000,1300183499000,59.402,59.414,59.378,59.406,103000000,1
1300183500000,1300183559000,59.404,59.414,59.377,59.398,184000000,1
1300183560000,1300183619000,59.398,59.431,59.398,59.428,98000000,1
1300183620000,1300183679000,59.435,59.447,59.429,59.437,51000000,1
1300183680000,1300183739000,59.436,59.436,59.397,59.411,144000000,1
1300183740000,1300183799000,59.408,59.422,59.398,59.417,133000000,1
1300183800000,1300183859000,59.42,59.453,59.416,59.453,63000000,1
1300183860000,1300183919000,59.452,59.457,59.436,59.456,89000000,1
1300183920000,1300183979000,59.457,59.461,59.408,59.417,92000000,1
1300183980000,1300184039000,59.417,59.459,59.407,59.457,178000000,1
1300184040000,1300184099000,59.457,59.462,59.436,59.448,82000000,1
1300184100000,1300184159000,59.448,59.481,59.446,59.447,131000000,1
1300184160000,1300184219000,59.448,59.487,59.437,59.458,204000000,1
1300184220000,1300184279000,59.457,59.489,59.449,59.472,145000000,1
1300184280000,1300184339000,59.471,59.476,59.409,59.417,157000000,1
1300184340000,1300184399000,59.417,59.436,59.407,59.436,108000000,1
1300184400000,1300184459000,59.436,59.436,59.397,59.408,80000000,1
1300184460000,1300184519000,59.406,59.44,59.403,59.439,79000000,1
1300184520000,1300184579000,59.443,59.457,59.417,59.427,124000000,1
1300184580000,1300184639000,59.427,59.438,59.417,59.437,91000000,1
1300184640000,1300184699000,59.437,59.437,59.387,59.387,87000000,1
1300184700000,1300184759000,59.387,59.402,59.33,59.336,185000000,1
1300184760000,1300184819000,59.333,59.358,59.301,59.307,210000000,1
1300184820000,1300184879000,59.307,59.307,59.268,59.275,232000000,1
1300184880000,1300184939000,59.274,59.274,59.247,59.255,84000000,1
1300184940000,1300184999000,59.257,59.344,59.257,59.338,212000000,1
1300185000000,1300185059000,59.338,59.347,59.309,59.31,124000000,1
1300185060000,1300185119000,59.31,59.344,59.298,59.326,175000000,1
1300185120000,1300185179000,59.326,59.372,59.326,59.351,113000000,1
1300185180000,1300185239000,59.351,59.351,59.313,59.313,104000000,1
1300185240000,1300185299000,59.318,59.373,59.318,59.366,138000000,1
1300185300000,1300185359000,59.366,59.373,59.349,59.373,92000000,1
1300185360000,1300185419000,59.378,59.386,59.367,59.378,99000000,1
1300185420000,1300185479000,59.378,59.39,59.349,59.349,191000000,1
1300185480000,1300185539000,59.357,59.365,59.286,59.309,173000000,1
1300185540000,1300185599000,59.311,59.318,59.297,59.306,123000000,1
1300185600000,1300185659000,59.3,59.323,59.3,59.304,186000000,1
1300185660000,1300185719000,59.304,59.308,59.277,59.289,209000000,1
1300185720000,1300185779000,59.287,59.298,59.277,59.289,167000000,1
1300185780000,1300185839000,59.288,59.349,59.276,59.343,190000000,1
1300185840000,1300185899000,59.344,59.353,59.305,59.308,83000000,1
1300185900000,1300185959000,59.307,59.307,59.29,59.307,80000000,1
1300185960000,1300186019000,59.302,59.32,59.3,59.307,120000000,1
1300186020000,1300186079000,59.309,59.317,59.289,59.294,122000000,1
1300186080000,1300186139000,59.294,59.328,59.277,59.328,224000000,1
1300186140000,1300186199000,59.33,59.338,59.317,59.319,145000000,1
1300186200000,1300186259000,59.319,59.331,59.306,59.329,178000000,1
1300186260000,1300186319000,59.328,59.328,59.307,59.307,141000000,1
1300186320000,1300186379000,59.307,59.32,59.306,59.307,141000000,1
1300186380000,1300186439000,59.307,59.328,59.306,59.327,65000000,1
1300186440000,1300186499000,59.328,59.357,59.32,59.356,68000000,1
1300186500000,1300186559000,59.356,59.388,59.353,59.382,112000000,1
1300186560000,1300186619000,59.387,59.42,59.387,59.413,118000000,1
1300186620000,1300186679000,59.413,59.43,59.413,59.421,60000000,1
1300186680000,1300186739000,59.426,59.458,59.421,59.458,109000000,1
1300186740000,1300186799000,59.458,59.483,59.457,59.464,202000000,1
1300186800000,1300186859000,59.468,59.473,59.436,59.454,253000000,1
1300186860000,1300186919000,59.454,59.461,59.442,59.458,99000000,1
1300186920000,1300186979000,59.459,59.465,59.451,59.456,105000000,1
1300186980000,1300187039000,59.456,59.487,59.453,59.479,71000000,1
1300187040000,1300187099000,59.479,59.497,59.466,59.487,192000000,1
1300187100000,1300187159000,59.487,59.505,59.486,59.497,108000000,1
1300187160000,1300187219000,59.497,59.518,59.476,59.518,91000000,1
1300187220000,1300187279000,59.517,59.517,59.508,59.517,44000000,1
1300187280000,1300187339000,59.516,59.516,59.49,59.497,99000000,1
1300187340000,1300187399000,59.497,59.497,59.476,59.484,105000000,1
1300187400000,1300187459000,59.486,59.488,59.452,59.461,121000000,1
1300187460000,1300187519000,59.46,59.47,59.438,59.438,170000000,1
1300187520000,1300187579000,59.44,59.447,59.427,59.431,61000000,1
1300187580000,1300187639000,59.428,59.431,59.41,59.41,112000000,1
1300187640000,1300187699000,59.412,59.417,59.386,59.4,128000000,1
1300187700000,1300187759000,59.407,59.408,59.377,59.388,121000000,1
1300187760000,1300187819000,59.387,59.389,59.382,59.388,46000000,1
1300187820000,1300187879000,59.387,59.407,59.377,59.381,162000000,1
1300187880000,1300187939000,59.379,59.399,59.369,59.38,126000000,1
1300187940000,1300187999000,59.377,59.386,59.358,59.377,110000000,1
1300188000000,1300188059000,59.379,59.388,59.366,59.367,82000000,1
1300188060000,1300188119000,59.366,59.371,59.326,59.337,108000000,1
1300188120000,1300188179000,59.337,59.337,59.317,59.328,125000000,1
1300188180000,1300188239000,59.328,59.329,59.317,59.319,90000000,1
1300188240000,1300188299000,59.32,59.327,59.307,59.31,106000000,1
1300188300000,1300188359000,59.31,59.31,59.287,59.296,113000000,1
1300188360000,1300188419000,59.297,59.306,59.258,59.278,110000000,1
1300188420000,1300188479000,59.282,59.298,59.276,59.289,126000000,1
1300188480000,1300188539000,59.29,59.303,59.257,59.276,188000000,1
1300188540000,1300188599000,59.276,59.308,59.266,59.308,183000000,1
1300188600000,1300188659000,59.308,59.328,59.308,59.318,166000000,1
1300188660000,1300188719000,59.318,59.327,59.308,59.308,121000000,1
1300188720000,1300188779000,59.307,59.313,59.283,59.3,127000000,1
1300188780000,1300188839000,59.3,59.301,59.27,59.278,117000000,1
1300188840000,1300188899000,59.277,59.308,59.27,59.308,139000000,1
1300188900000,1300188959000,59.307,59.347,59.303,59.327,121000000,1
1300188960000,1300189019000,59.328,59.331,59.309,59.31,78000000,1
1300189020000,1300189079000,59.307,59.336,59.3,59.336,185000000,1
1300189080000,1300189139000,59.327,59.348,59.32,59.32,113000000,1
1300189140000,1300189199000,59.32,59.32,59.309,59.317,78000000,1
1300189200000,1300189259000,59.317,59.32,59.297,59.3,132000000,1
1300189260000,1300189319000,59.3,59.305,59.286,59.297,136000000,1
1300189320000,1300189379000,59.297,59.298,59.277,59.278,258000000,1
1300189380000,1300189439000,59.278,59.341,59.268,59.341,215000000,1
1300189440000,1300189499000,59.337,59.348,59.287,59.297,204000000,1
1300189500000,1300189559000,59.297,59.356,59.296,59.356,175000000,1
1300189560000,1300189619000,59.352,59.36,59.337,59.358,144000000,1
1300189620000,1300189679000,59.363,59.378,59.358,59.378,55000000,1
1300189680000,1300189739000,59.378,59.378,59.367,59.377,62000000,1
1300189740000,1300189799000,59.377,59.411,59.367,59.398,131000000,1
1300189800000,1300189859000,59.398,59.408,59.378,59.398,115000000,1
1300189860000,1300189919000,59.397,59.398,59.321,59.321,199000000,1
1300189920000,1300189979000,59.318,59.338,59.307,59.307,252000000,1
1300189980000,1300190039000,59.307,59.324,59.297,59.297,176000000,1
1300190040000,1300190099000,59.297,59.298,59.248,59.248,191000000,1
1300190100000,1300190159000,59.247,59.267,59.227,59.267,222000000,1
1300190160000,1300190219000,59.268,59.27,59.257,59.268,178000000,1
1300190220000,1300190279000,59.268,59.278,59.25,59.25,132000000,1
1300190280000,1300190339000,59.249,59.271,59.237,59.24,236000000,1
1300190340000,1300190399000,59.238,59.309,59.229,59.277,268000000,1
1300190400000,1300190459000,59.299,59.306,59.237,59.287,288000000,1
1300190460000,1300190519000,59.287,59.308,59.256,59.308,238000000,1
1300190520000,1300190579000,59.306,59.341,59.296,59.34,272000000,1
1300190580000,1300190639000,59.34,59.361,59.337,59.351,136000000,1
1300190640000,1300190699000,59.354,59.368,59.321,59.347,143000000,1
1300190700000,1300190759000,59.338,59.348,59.327,59.347,141000000,1
1300190760000,1300190819000,59.347,59.369,59.341,59.359,199000000,1
1300190820000,1300190879000,59.356,59.36,59.281,59.298,211000000,1
1300190880000,1300190939000,59.298,59.309,59.283,59.288,193000000,1
1300190940000,1300190999000,59.288,59.318,59.287,59.299,192000000,1
1300191000000,1300191059000,59.298,59.329,59.287,59.307,183000000,1
1300191060000,1300191119000,59.308,59.328,59.287,59.328,152000000,1
1300191120000,1300191179000,59.328,59.354,59.317,59.327,167000000,1
1300191180000,1300191239000,59.327,59.359,59.322,59.347,147000000,1
1300191240000,1300191299000,59.348,59.381,59.347,59.348,179000000,1
1300191300000,1300191359000,59.349,59.349,59.267,59.291,255000000,1
1300191360000,1300191419000,59.303,59.318,59.278,59.286,159000000,1
1300191420000,1300191479000,59.285,59.288,59.206,59.211,169000000,1
1300191480000,1300191539000,59.211,59.22,59.168,59.173,203000000,1
1300191540000,1300191599000,59.177,59.177,59.113,59.115,137000000,1
1300191600000,1300191659000,59.117,59.123,59.077,59.081,280000000,1
1300191660000,1300191719000,59.081,59.093,58.948,58.951,357000000,1
1300191720000,1300191779000,58.948,58.95,58.834,58.863,314000000,1
1300191780000,1300191839000,58.858,58.877,58.846,58.848,231000000,1
1300191840000,1300191899000,58.846,58.978,58.843,58.957,277000000,1
1300191900000,1300191959000,58.957,58.967,58.924,58.945,235000000,1
1300191960000,1300192019000,58.945,58.967,58.929,58.967,194000000,1
1300192020000,1300192079000,58.959,59.008,58.947,58.977,255000000,1
1300192080000,1300192139000,58.977,59.05,58.967,59.047,280000000,1
1300192140000,1300192199000,59.047,59.05,58.927,58.929,325000000,1
1300192200000,1300192259000,58.938,58.99,58.91,58.959,230000000,1
1300192260000,1300192319000,58.96,58.965,58.905,58.965,266000000,1
1300192320000,1300192379000,58.965,58.965,58.881,58.884,232000000,1
1300192380000,1300192439000,58.884,58.886,58.858,58.861,250000000,1
1300192440000,1300192499000,58.861,58.869,58.79,58.8,202000000,1
1300192500000,1300192559000,58.802,58.802,58.75,58.754,263000000,1
1300192560000,1300192619000,58.752,58.752,58.687,58.696,165000000,1
1300192620000,1300192679000,58.695,58.733,58.688,58.727,204000000,1
1300192680000,1300192739000,58.727,58.727,58.681,58.71,217000000,1
1300192740000,1300192799000,58.708,58.791,58.708,58.791,276000000,1
1300192800000,1300192859000,58.791,58.791,58.759,58.767,184000000,1
1300192860000,1300192919000,58.768,58.787,58.746,58.777,269000000,1
1300192920000,1300192979000,58.777,58.796,58.75,58.777,257000000,1
1300192980000,1300193039000,58.774,58.813,58.766,58.807,243000000,1
1300193040000,1300193099000,58.808,58.828,58.788,58.808,279000000,1
1300193100000,1300193159000,58.808,58.838,58.761,58.833,187000000,1
1300193160000,1300193219000,58.828,58.888,58.827,58.857,247000000,1
1300193220000,1300193279000,58.858,58.898,58.847,58.868,204000000,1
1300193280000,1300193339000,58.869,58.869,58.828,58.851,207000000,1
1300193340000,1300193399000,58.858,58.878,58.829,58.868,165000000,1
1300193400000,1300193459000,58.858,58.868,58.827,58.859,172000000,1
1300193460000,1300193519000,58.859,58.883,58.829,58.849,183000000,1
1300193520000,1300193579000,58.849,58.849,58.802,58.806,110000000,1
1300193580000,1300193639000,58.806,58.823,58.787,58.798,245000000,1
1300193640000,1300193699000,58.801,58.83,58.786,58.788,176000000,1
1300193700000,1300193759000,58.788,58.828,58.78,58.802,161000000,1
1300193760000,1300193819000,58.807,58.838,58.798,58.833,72000000,1
1300193820000,1300193879000,58.828,58.848,58.817,58.827,154000000,1
1300193880000,1300193939000,58.827,58.848,58.824,58.828,133000000,1
1300193940000,1300193999000,58.828,58.853,58.801,58.833,154000000,1
1300194000000,1300194059000,58.833,58.861,58.827,58.858,146000000,1
1300194060000,1300194119000,58.857,58.878,58.85,58.877,152000000,1
1300194120000,1300194179000,58.886,59.058,58.883,59.031,281000000,1
1300194180000,1300194239000,59.03,59.092,59.027,59.057,281000000,1
1300194240000,1300194299000,59.058,59.132,59.058,59.106,227000000,1
1300194300000,1300194359000,59.099,59.099,59.048,59.067,207000000,1
1300194360000,1300194419000,59.067,59.067,58.971,58.981,186000000,1
1300194420000,1300194479000,58.982,58.995,58.91,58.914,136000000,1
1300194480000,1300194539000,58.908,59.005,58.908,58.94,189000000,1
1300194540000,1300194599000,58.942,58.979,58.937,58.967,200000000,1
1300194600000,1300194659000,58.967,58.983,58.943,58.947,151000000,1
1300194660000,1300194719000,58.943,58.963,58.927,58.938,172000000,1
1300194720000,1300194779000,58.938,58.938,58.915,58.92,214000000,1
1300194780000,1300194839000,58.918,58.935,58.907,58.911,150000000,1
1300194840000,1300194899000,58.911,58.917,58.862,58.862,266000000,1
1300194900000,1300194959000,58.861,58.951,58.847,58.949,201000000,1
1300194960000,1300195019000,58.947,58.968,58.937,58.949,264000000,1
1300195020000,1300195079000,58.95,59.001,58.95,59.001,210000000,1
1300195080000,1300195139000,59.004,59.008,58.977,58.991,109000000,1
1300195140000,1300195199000,58.991,58.997,58.973,58.977,192000000,1
1300195200000,1300195259000,58.982,58.988,58.938,58.946,149000000,1
1300195260000,1300195319000,58.938,58.959,58.936,58.938,108000000,1
1300195320000,1300195379000,58.937,58.938,58.908,58.917,93000000,1
1300195380000,1300195439000,58.917,58.938,58.917,58.928,53000000,1
1300195440000,1300195499000,58.928,58.93,58.896,58.897,114000000,1
1300195500000,1300195559000,58.897,58.927,58.886,58.908,168000000,1
1300195560000,1300195619000,58.907,58.928,58.907,58.917,135000000,1
1300195620000,1300195679000,58.917,58.928,58.907,58.918,81000000,1
1300195680000,1300195739000,58.919,58.962,58.917,58.947,287000000,1
1300195740000,1300195799000,58.947,58.948,58.935,58.948,150000000,1
1300195800000,1300195859000,58.947,58.972,58.927,58.967,202000000,1
1300195860000,1300195919000,58.96,59.009,58.958,58.977,134000000,1
1300195920000,1300195979000,58.977,58.987,58.928,58.95,138000000,1
1300195980000,1300196039000,58.958,59.001,58.948,58.978,233000000,1
1300196040000,1300196099000,58.981,58.981,58.877,58.877,200000000,1
1300196100000,1300196159000,58.881,58.906,58.83,58.857,215000000,1
1300196160000,1300196219000,58.857,58.888,58.848,58.878,110000000,1
1300196220000,1300196279000,58.876,58.887,58.849,58.852,149000000,1
1300196280000,1300196339000,58.856,58.928,58.853,58.928,107000000,1
1300196340000,1300196399000,58.939,58.976,58.908,58.938,257000000,1
1300196400000,1300196459000,58.937,58.965,58.905,58.953,232000000,1
1300196460000,1300196519000,58.952,58.955,58.923,58.927,172000000,1
1300196520000,1300196579000,58.927,58.928,58.897,58.921,148000000,1
1300196580000,1300196639000,58.917,58.95,58.912,58.948,120000000,1
1300196640000,1300196699000,58.948,58.971,58.938,58.961,213000000,1
1300196700000,1300196759000,58.961,58.987,58.947,58.974,199000000,1
1300196760000,1300196819000,58.972,59.011,58.957,58.978,169000000,1
1300196820000,1300196879000,58.98,59.014,58.978,59.007,168000000,1
1300196880000,1300196939000,59.007,59.007,58.971,58.977,159000000,1
1300196940000,1300196999000,58.971,58.974,58.94,58.95,176000000,1
1300197000000,1300197059000,58.95,58.979,58.924,58.956,217000000,1
1300197060000,1300197119000,58.953,58.978,58.933,58.946,161000000,1
1300197120000,1300197179000,58.947,58.951,58.926,58.946,170000000,1
1300197180000,1300197239000,58.941,58.992,58.937,58.987,147000000,1
1300197240000,1300197299000,58.987,58.998,58.953,58.958,172000000,1
1300197300000,1300197359000,58.96,58.96,58.913,58.933,127000000,1
1300197360000,1300197419000,58.935,58.948,58.926,58.928,105000000,1
1300197420000,1300197479000,58.93,58.938,58.898,58.9,200000000,1
1300197480000,1300197539000,58.9,58.913,58.884,58.899,182000000,1
1300197540000,1300197599000,58.899,58.927,58.892,58.916,167000000,1
1300197600000,1300197659000,58.919,58.971,58.886,58.943,235000000,1
1300197660000,1300197719000,58.942,58.97,58.942,58.948,216000000,1
1300197720000,1300197779000,58.952,58.99,58.952,58.968,193000000,1
1300197780000,1300197839000,58.968,58.989,58.937,58.959,216000000,1
1300197840000,1300197899000,58.958,58.988,58.941,58.985,148000000,1
1300197900000,1300197959000,58.987,59.018,58.985,59.007,157000000,1
1300197960000,1300198019000,59.009,59.064,59.009,59.029,267000000,1
1300198020000,1300198079000,59.026,59.037,59.01,59.022,216000000,1
1300198080000,1300198139000,59.028,59.077,59.007,59.008,212000000,1
1300198140000,1300198199000,59.007,59.063,59.001,59.051,195000000,1
1300198200000,1300198259000,59.052,59.081,59.037,59.077,201000000,1
1300198260000,1300198319000,59.077,59.12,59.077,59.104,251000000,1
1300198320000,1300198379000,59.114,59.137,59.098,59.12,210000000,1
1300198380000,1300198439000,59.128,59.161,59.124,59.138,230000000,1
1300198440000,1300198499000,59.138,59.159,59.131,59.148,259000000,1
1300198500000,1300198559000,59.148,59.191,59.145,59.157,200000000,1
1300198560000,1300198619000,59.157,59.183,59.146,59.148,232000000,1
1300198620000,1300198679000,59.148,59.163,59.13,59.152,134000000,1
1300198680000,1300198739000,59.148,59.169,59.139,59.162,174000000,1
1300198740000,1300198799000,59.163,59.176,59.157,59.168,111000000,1
1300198800000,1300198859000,59.168,59.168,59.139,59.16,92000000,1
1300198860000,1300198919000,59.16,59.168,59.148,59.164,101000000,1
1300198920000,1300198979000,59.165,59.2,59.164,59.194,131000000,1
1300198980000,1300199039000,59.194,59.221,59.191,59.22,167000000,1
1300199040000,1300199099000,59.219,59.253,59.219,59.242,185000000,1
1300199100000,1300199159000,59.242,59.269,59.227,59.229,186000000,1
1300199160000,1300199219000,59.224,59.238,59.213,59.222,185000000,1
1300199220000,1300199279000,59.222,59.226,59.207,59.221,130000000,1
1300199280000,1300199339000,59.218,59.222,59.182,59.184,152000000,1
1300199340000,1300199399000,59.182,59.239,59.182,59.238,179000000,1
1300199400000,1300199459000,59.238,59.248,59.227,59.238,265000000,1
1300199460000,1300199519000,59.238,59.259,59.226,59.226,177000000,1
1300199520000,1300199579000,59.223,59.224,59.164,59.167,232000000,1
1300199580000,1300199639000,59.167,59.168,59.094,59.094,151000000,1
1300199640000,1300199699000,59.096,59.112,59.087,59.11,215000000,1
1300199700000,1300199759000,59.109,59.109,59.007,59.017,243000000,1
1300199760000,1300199819000,59.021,59.061,59.021,59.06,245000000,1
1300199820000,1300199879000,59.059,59.093,59.037,59.078,185000000,1
1300199880000,1300199939000,59.078,59.144,59.075,59.127,251000000,1
1300199940000,1300199999000,59.127,59.13,59.11,59.117,108000000,1
1300200000000,1300200059000,59.118,59.158,59.116,59.157,138000000,1
1300200060000,1300200119000,59.157,59.167,59.127,59.157,176000000,1
1300200120000,1300200179000,59.147,59.213,59.147,59.213,281000000,1
1300200180000,1300200239000,59.213,59.222,59.193,59.193,201000000,1
1300200240000,1300200299000,59.194,59.205,59.168,59.197,230000000,1
1300200300000,1300200359000,59.193,59.21,59.182,59.182,165000000,1
1300200360000,1300200419000,59.18,59.18,59.146,59.152,161000000,1
1300200420000,1300200479000,59.153,59.191,59.14,59.191,185000000,1
1300200480000,1300200539000,59.187,59.187,59.157,59.162,151000000,1
1300200540000,1300200599000,59.162,59.233,59.153,59.206,199000000,1
1300200600000,1300200659000,59.205,59.212,59.177,59.206,181000000,1
1300200660000,1300200719000,59.209,59.226,59.184,59.217,203000000,1
1300200720000,1300200779000,59.209,59.239,59.204,59.207,260000000,1
1300200780000,1300200839000,59.207,59.221,59.197,59.204,205000000,1
1300200840000,1300200899000,59.205,59.209,59.196,59.198,166000000,1
1300200900000,1300200959000,59.196,59.206,59.188,59.197,124000000,1
1300200960000,1300201019000,59.199,59.21,59.188,59.201,87000000,1
1300201020000,1300201079000,59.2,59.206,59.17,59.181,141000000,1
1300201080000,1300201139000,59.179,59.192,59.171,59.184,136000000,1
1300201140000,1300201199000,59.187,59.196,59.168,59.196,153000000,1
1300201200000,1300201259000,59.196,59.197,59.162,59.162,167000000,1
1300201260000,1300201319000,59.161,59.161,59.131,59.135,122000000,1
1300201320000,1300201379000,59.138,59.146,59.12,59.127,143000000,1
1300201380000,1300201439000,59.126,59.148,59.113,59.136,130000000,1
1300201440000,1300201499000,59.136,59.15,59.111,59.123,137000000,1
1300201500000,1300201559000,59.126,59.126,59.093,59.094,96000000,1
1300201560000,1300201619000,59.096,59.104,59.076,59.086,112000000,1
1300201620000,1300201679000,59.085,59.1,59.084,59.086,63000000,1
1300201680000,1300201739000,59.084,59.085,59.059,59.073,135000000,1
1300201740000,1300201799000,59.07,59.08,59.051,59.052,101000000,1
1300201800000,1300201859000,59.048,59.048,59.021,59.021,108000000,1
1300201860000,1300201919000,59.02,59.035,59.007,59.029,179000000,1
1300201920000,1300201979000,59.026,59.041,59.018,59.032,117000000,1
1300201980000,1300202039000,59.034,59.086,59.034,59.086,196000000,1
1300202040000,1300202099000,59.083,59.112,59.082,59.1,117000000,1
1300202100000,1300202159000,59.1,59.107,59.082,59.091,178000000,1
1300202160000,1300202219000,59.091,59.104,59.072,59.072,144000000,1
1300202220000,1300202279000,59.074,59.125,59.072,59.122,156000000,1
1300202280000,1300202339000,59.123,59.132,59.088,59.092,167000000,1
1300202340000,1300202399000,59.089,59.09,59.081,59.084,110000000,1
1300202400000,1300202459000,59.085,59.102,59.08,59.092,183000000,1
1300202460000,1300202519000,59.091,59.118,59.091,59.109,161000000,1
1300202520000,1300202579000,59.107,59.143,59.085,59.137,219000000,1
1300202580000,1300202639000,59.137,59.159,59.127,59.148,202000000,1
1300202640000,1300202699000,59.148,59.153,59.128,59.145,140000000,1
1300202700000,1300202759000,59.145,59.154,59.115,59.15,176000000,1
1300202760000,1300202819000,59.15,59.158,59.147,59.153,66000000,1
1300202820000,1300202879000,59.154,59.158,59.134,59.15,98000000,1
1300202880000,1300202939000,59.15,59.165,59.147,59.158,174000000,1
1300202940000,1300202999000,59.158,59.218,59.151,59.218,212000000,1
1300203000000,1300203059000,59.216,59.216,59.187,59.187,158000000,1
1300203060000,1300203119000,59.187,59.202,59.183,59.192,129000000,1
1300203120000,1300203179000,59.193,59.201,59.164,59.168,142000000,1
1300203180000,1300203239000,59.167,59.167,59.129,59.139,156000000,1
1300203240000,1300203299000,59.14,59.167,59.14,59.158,158000000,1
1300203300000,1300203359000,59.159,59.168,59.138,59.158,159000000,1
1300203360000,1300203419000,59.159,59.167,59.138,59.142,172000000,1
1300203420000,1300203479000,59.145,59.199,59.127,59.195,238000000,1
1300203480000,1300203539000,59.195,59.224,59.193,59.218,217000000,1
1300203540000,1300203599000,59.218,59.219,59.198,59.208,210000000,1
1300203600000,1300203659000,59.208,59.232,59.208,59.212,218000000,1
1300203660000,1300203719000,59.22,59.227,59.179,59.195,166000000,1
1300203720000,1300203779000,59.201,59.201,59.172,59.18,74000000,1
1300203780000,1300203839000,59.18,59.183,59.174,59.179,114000000,1
1300203840000,1300203899000,59.177,59.227,59.171,59.215,172000000,1
1300203900000,1300203959000,59.215,59.215,59.188,59.19,188000000,1
1300203960000,1300204019000,59.188,59.229,59.188,59.21,106000000,1
1300204020000,1300204079000,59.212,59.216,59.199,59.216,60000000,1
1300204080000,1300204139000,59.216,59.234,59.216,59.225,152000000,1
1300204140000,1300204199000,59.225,59.234,59.202,59.212,129000000,1
1300204200000,1300204259000,59.212,59.212,59.143,59.158,125000000,1
1300204260000,1300204319000,59.157,59.164,59.143,59.155,84000000,1
1300204320000,1300204379000,59.147,59.192,59.143,59.187,151000000,1
1300204380000,1300204439000,59.187,59.218,59.187,59.212,96000000,1
1300204440000,1300204499000,59.212,59.212,59.142,59.146,171000000,1
1300204500000,1300204559000,59.146,59.157,59.128,59.136,113000000,1
1300204560000,1300204619000,59.138,59.175,59.124,59.175,119000000,1
1300204620000,1300204679000,59.177,59.177,59.114,59.126,155000000,1
1300204680000,1300204739000,59.126,59.128,59.086,59.09,155000000,1
1300204740000,1300204799000,59.088,59.091,58.992,59.003,310000000,1
1300204800000,1300204859000,59.0,59.05,58.987,59.044,330000000,1
1300204860000,1300204919000,59.044,59.067,59.027,59.06,181000000,1
1300204920000,1300204979000,59.058,59.091,59.058,59.081,162000000,1
1300204980000,1300205039000,59.081,59.081,59.052,59.073,178000000,1
1300205040000,1300205099000,59.073,59.117,59.069,59.079,208000000,1
1300205100000,1300205159000,59.08,59.088,59.071,59.088,140000000,1
1300205160000,1300205219000,59.088,59.128,59.077,59.128,137000000,1
1300205220000,1300205279000,59.128,59.128,59.113,59.116,130000000,1
1300205280000,1300205339000,59.116,59.148,59.101,59.148,150000000,1
1300205340000,1300205399000,59.148,59.181,59.138,59.168,152000000,1
1300205400000,1300205459000,59.168,59.168,59.146,59.157,132000000,1
1300205460000,1300205519000,59.156,59.156,59.122,59.129,105000000,1
1300205520000,1300205579000,59.129,59.129,59.085,59.097,83000000,1
1300205580000,1300205639000,59.097,59.122,59.097,59.116,115000000,1
1300205640000,1300205699000,59.117,59.128,59.09,59.095,161000000,1
1300205700000,1300205759000,59.087,59.105,59.07,59.073,87000000,1
1300205760000,1300205819000,59.073,59.118,59.071,59.117,125000000,1
1300205820000,1300205879000,59.117,59.117,59.086,59.087,177000000,1
1300205880000,1300205939000,59.087,59.093,59.077,59.081,155000000,1
1300205940000,1300205999000,59.078,59.099,59.078,59.098,140000000,1
1300206000000,1300206059000,59.098,59.126,59.092,59.126,152000000,1
1300206060000,1300206119000,59.126,59.138,59.117,59.127,166000000,1
1300206120000,1300206179000,59.127,59.152,59.126,59.148,123000000,1
1300206180000,1300206239000,59.148,59.148,59.127,59.143,121000000,1
1300206240000,1300206299000,59.144,59.146,59.131,59.141,76000000,1
1300206300000,1300206359000,59.143,59.147,59.131,59.145,130000000,1
1300206360000,1300206419000,59.143,59.154,59.141,59.151,113000000,1
1300206420000,1300206479000,59.159,59.203,59.151,59.185,167000000,1
1300206480000,1300206539000,59.185,59.193,59.158,59.178,119000000,1
1300206540000,1300206599000,59.177,59.177,59.165,59.165,23000000,1
1300206600000,1300206659000,59.17,59.182,59.154,59.167,100000000,1
1300206660000,1300206719000,59.169,59.175,59.141,59.148,135000000,1
1300206720000,1300206779000,59.154,59.171,59.14,59.148,127000000,1
1300206780000,1300206839000,59.154,59.169,59.136,59.168,123000000,1
1300206840000,1300206899000,59.167,59.168,59.156,59.159,138000000,1
1300206900000,1300206959000,59.156,59.168,59.147,59.158,226000000,1
1300206960000,1300207019000,59.158,59.158,59.139,59.144,125000000,1
1300207020000,1300207079000,59.142,59.163,59.137,59.148,174000000,1
1300207080000,1300207139000,59.148,59.158,59.136,59.141,138000000,1
1300207140000,1300207199000,59.141,59.148,59.127,59.127,159000000,1
1300207200000,1300207259000,59.128,59.136,59.088,59.116,230000000,1
1300207260000,1300207319000,59.119,59.119,59.049,59.079,245000000,1
1300207320000,1300207379000,59.08,59.083,59.013,59.019,207000000,1
1300207380000,1300207439000,59.017,59.022,58.967,58.997,208000000,1
1300207440000,1300207499000,58.997,59.017,58.987,58.987,203000000,1
1300207500000,1300207559000,58.987,59.002,58.934,58.938,137000000,1
1300207560000,1300207619000,58.943,58.99,58.942,58.961,174000000,1
1300207620000,1300207679000,58.962,58.972,58.926,58.928,183000000,1
1300207680000,1300207739000,58.928,58.956,58.928,58.948,119000000,1
1300207740000,1300207799000,58.956,58.977,58.947,58.977,98000000,1
1300207800000,1300207859000,58.977,58.977,58.966,58.973,59000000,1
1300207860000,1300207919000,58.974,58.994,58.972,58.985,83000000,1
1300207920000,1300207979000,58.986,58.986,58.971,58.975,65000000,1
1300207980000,1300208039000,58.975,58.978,58.974,58.978,46000000,1
1300208040000,1300208099000,58.977,59.004,58.973,58.989,90000000,1
1300208100000,1300208159000,58.99,58.993,58.976,58.976,50000000,1
1300208160000,1300208219000,58.977,58.994,58.976,58.993,49000000,1
1300208220000,1300208279000,58.994,58.998,58.978,58.98,96000000,1
1300208280000,1300208339000,58.984,58.984,58.966,58.966,56000000,1
1300208340000,1300208399000,58.967,58.982,58.967,58.977,70000000,1
1300208400000,1300208459000,58.977,59.012,58.977,59.001,97000000,1
1300208460000,1300208519000,59.003,59.026,59.0,59.002,131000000,1
1300208520000,1300208579000,58.998,59.013,58.988,58.988,127000000,1
1300208580000,1300208639000,58.987,59.026,58.987,59.02,70000000,1
1300208640000,1300208699000,59.018,59.028,59.003,59.003,91000000,1
1300208700000,1300208759000,59.002,59.021,59.002,59.017,91000000,1
1300208760000,1300208819000,59.017,59.027,59.004,59.016,87000000,1
1300208820000,1300208879000,59.017,59.018,58.996,58.998,58000000,1
1300208880000,1300208939000,58.996,59.018,58.996,59.017,107000000,1
1300208940000,1300208999000,59.023,59.342,59.023,59.137,464000000,1
1300209000000,1300209059000,59.139,59.162,59.053,59.106,286000000,1
1300209060000,1300209119000,59.101,59.157,59.097,59.146,169000000,1
1300209120000,1300209179000,59.146,59.147,59.076,59.12,162000000,1
1300209180000,1300209239000,59.12,59.137,59.098,59.127,179000000,1
1300209240000,1300209299000,59.123,59.123,59.098,59.098,88000000,1
1300209300000,1300209359000,59.096,59.099,59.049,59.086,123000000,1
1300209360000,1300209419000,59.086,59.104,59.077,59.097,74000000,1
1300209420000,1300209479000,59.096,59.1,59.087,59.1,45000000,1
1300209480000,1300209539000,59.101,59.101,59.057,59.06,48000000,1
1300209540000,1300209599000,59.061,59.063,59.057,59.063,21000000,1
1300209600000,1300209659000,59.063,59.077,59.057,59.057,53000000,1
1300209660000,1300209719000,59.059,59.074,59.049,59.049,71000000,1
1300209720000,1300209779000,59.049,59.054,59.007,59.011,261000000,1
1300209780000,1300209839000,59.013,59.051,59.003,59.051,123000000,1
1300209840000,1300209899000,59.052,59.066,59.037,59.037,72000000,1
1300209900000,1300209959000,59.037,59.067,59.016,59.064,121000000,1
1300209960000,1300210019000,59.061,59.095,59.037,59.037,148000000,1
1300210020000,1300210079000,59.032,59.042,59.016,59.022,96000000,1
1300210080000,1300210139000,59.022,59.043,59.018,59.021,54000000,1
1300210140000,1300210199000,59.016,59.058,59.016,59.044,96000000,1
1300210200000,1300210259000,59.045,59.066,59.041,59.06,80000000,1
1300210260000,1300210319000,59.057,59.128,59.053,59.116,110000000,1
1300210320000,1300210379000,59.116,59.116,59.095,59.098,53000000,1
1300210380000,1300210439000,59.099,59.132,59.097,59.118,64000000,1
1300210440000,1300210499000,59.12,59.158,59.118,59.158,70000000,1
1300210500000,1300210559000,59.158,59.158,59.127,59.127,126000000,1
1300210560000,1300210619000,59.128,59.13,59.071,59.072,85000000,1
1300210620000,1300210679000,59.073,59.084,59.064,59.076,97000000,1
1300210680000,1300210739000,59.076,59.118,59.071,59.115,75000000,1
1300210740000,1300210799000,59.111,59.111,59.091,59.104,31000000,1
1300210800000,1300210859000,59.104,59.122,59.083,59.122,112000000,1
1300210860000,1300210919000,59.121,59.143,59.105,59.107,113000000,1
1300210920000,1300210979000,59.106,59.106,59.052,59.052,83000000,1
1300210980000,1300211039000,59.058,59.087,59.057,59.065,105000000,1
1300211040000,1300211099000,59.076,59.098,59.054,59.063,99000000,1
1300211100000,1300211159000,59.064,59.085,59.063,59.077,55000000,1
1300211160000,1300211219000,59.077,59.103,59.076,59.1,67000000,1
1300211220000,1300211279000,59.102,59.102,59.077,59.081,91000000,1
1300211280000,1300211339000,59.079,59.086,59.06,59.072,69000000,1
1300211340000,1300211399000,59.069,59.098,59.069,59.096,69000000,1
1300211400000,1300211459000,59.101,59.108,59.093,59.095,76000000,1
1300211460000,1300211519000,59.096,59.111,59.093,59.093,90000000,1
1300211520000,1300211579000,59.095,59.095,59.083,59.083,38000000,1
1300211580000,1300211639000,59.083,59.084,59.056,59.065,71000000,1
1300211640000,1300211699000,59.065,59.071,59.056,59.07,52000000,1
1300211700000,1300211759000,59.07,59.098,59.07,59.086,90000000,1
1300211760000,1300211819000,59.086,59.14,59.086,59.138,125000000,1
1300211820000,1300211879000,59.139,59.139,59.117,59.127,61000000,1
1300211880000,1300211939000,59.127,59.139,59.116,59.122,107000000,1
1300211940000,1300211999000,59.127,59.151,59.126,59.147,103000000,1
1300212000000,1300212059000,59.147,59.147,59.116,59.131,169000000,1
1300212060000,1300212119000,59.131,59.148,59.122,59.127,132000000,1
1300212120000,1300212179000,59.121,59.151,59.111,59.147,128000000,1
1300212180000,1300212239000,59.147,59.162,59.146,59.156,51000000,1
1300212240000,1300212299000,59.156,59.197,59.156,59.176,65000000,1
1300212300000,1300212359000,59.176,59.211,59.167,59.21,113000000,1
1300212360000,1300212419000,59.209,59.226,59.209,59.217,66000000,1
1300212420000,1300212479000,59.217,59.217,59.207,59.216,32000000,1
1300212480000,1300212539000,59.216,59.228,59.175,59.175,441000000,1
1300212540000,1300212599000,59.175,59.182,59.157,59.177,93000000,1
1300212600000,1300212659000,59.177,59.186,59.161,59.166,84000000,1
1300212660000,1300212719000,59.166,59.166,59.143,59.155,89000000,1
1300212720000,1300212779000,59.157,59.17,59.149,59.162,97000000,1
1300212780000,1300212839000,59.162,59.203,59.115,59.115,156000000,1
1300212840000,1300212899000,59.115,59.211,59.104,59.211,348000000,1
1300212900000,1300212959000,59.211,59.264,59.194,59.228,307000000,1
1300212960000,1300213019000,59.228,59.269,59.182,59.194,365000000,1
1300213020000,1300213079000,59.194,59.194,59.099,59.102,226000000,1
1300213080000,1300213139000,59.09,59.122,59.067,59.091,238000000,1
1300213140000,1300213199000,59.09,59.092,59.077,59.084,151000000,1
1300213200000,1300213259000,59.084,59.11,59.072,59.108,112000000,1
1300213260000,1300213319000,59.108,59.121,59.104,59.117,123000000,1
1300213320000,1300213379000,59.114,59.117,59.081,59.083,138000000,1
1300213380000,1300213439000,59.083,59.087,59.057,59.086,95000000,1
1300213440000,1300213499000,59.086,59.127,59.077,59.087,228000000,1
1300213500000,1300213559000,59.087,59.127,59.077,59.116,116000000,1
1300213560000,1300213619000,59.116,59.127,59.087,59.127,139000000,1
1300213620000,1300213679000,59.127,59.184,59.127,59.18,135000000,1
1300213680000,1300213739000,59.18,59.224,59.169,59.214,171000000,1
1300213740000,1300213799000,59.213,59.252,59.202,59.25,160000000,1
1300213800000,1300213859000,59.246,59.256,59.221,59.243,144000000,1
1300213860000,1300213919000,59.244,59.245,59.196,59.221,96000000,1
1300213920000,1300213979000,59.221,59.222,59.181,59.211,109000000,1
1300213980000,1300214039000,59.21,59.225,59.181,59.182,106000000,1
1300214040000,1300214099000,59.184,59.192,59.168,59.182,92000000,1
1300214100000,1300214159000,59.183,59.188,59.088,59.09,90000000,1
1300214160000,1300214219000,59.098,59.12,59.092,59.103,152000000,1
1300214220000,1300214279000,59.102,59.13,59.09,59.119,117000000,1
1300214280000,1300214339000,59.12,59.133,59.105,59.117,114000000,1
1300214340000,1300214399000,59.117,59.119,59.089,59.09,70000000,1
1300214400000,1300214459000,59.099,59.104,59.081,59.089,71000000,1
1300214460000,1300214519000,59.093,59.111,59.088,59.096,72000000,1
1300214520000,1300214579000,59.101,59.101,59.096,59.096,26000000,1
1300214580000,1300214639000,59.092,59.098,59.08,59.089,105000000,1
1300214640000,1300214699000,59.086,59.099,59.08,59.086,112000000,1
1300214700000,1300214759000,59.088,59.097,59.065,59.09,188000000,1
1300214760000,1300214819000,59.092,59.094,59.046,59.064,145000000,1
1300214820000,1300214879000,59.063,59.129,59.063,59.125,141000000,1
1300214880000,1300214939000,59.126,59.136,59.121,59.125,73000000,1
1300214940000,1300214999000,59.126,59.132,59.107,59.12,102000000,1
1300215000000,1300215059000,59.121,59.125,59.114,59.118,69000000,1
1300215060000,1300215119000,59.116,59.137,59.066,59.077,151000000,1
1300215120000,1300215179000,59.077,59.077,59.049,59.049,136000000,1
1300215180000,1300215239000,59.049,59.061,59.049,59.057,87000000,1
1300215240000,1300215299000,59.057,59.057,59.019,59.019,125000000,1
1300215300000,1300215359000,59.018,59.057,59.009,59.057,159000000,1
1300215360000,1300215419000,59.057,59.06,59.036,59.043,74000000,1
1300215420000,1300215479000,59.047,59.077,59.047,59.076,103000000,1
1300215480000,1300215539000,59.076,59.097,59.076,59.089,63000000,1
1300215540000,1300215599000,59.087,59.087,58.991,58.998,127000000,1
1300215600000,1300215659000,58.998,59.053,58.996,58.998,141000000,1
1300215660000,1300215719000,58.998,59.026,58.987,59.017,55000000,1
1300215720000,1300215779000,59.016,59.029,59.01,59.027,54000000,1
1300215780000,1300215839000,59.027,59.067,59.027,59.056,64000000,1
1300215840000,1300215899000,59.057,59.077,59.057,59.067,34000000,1
1300215900000,1300215959000,59.067,59.067,59.056,59.066,38000000,1
1300215960000,1300216019000,59.066,59.076,59.066,59.076,59000000,1
1300216020000,1300216079000,59.076,59.087,59.066,59.066,50000000,1
1300216080000,1300216139000,59.066,59.09,59.059,59.07,67000000,1
1300216140000,1300216199000,59.076,59.077,59.071,59.077,13000000,1
1300216200000,1300216259000,59.077,59.077,59.076,59.077,28000000,1
1300216260000,1300216319000,59.077,59.089,59.077,59.086,72000000,1
1300216320000,1300216379000,59.086,59.097,59.086,59.086,92000000,1
1300216380000,1300216439000,59.086,59.1,59.086,59.096,58000000,1
1300216440000,1300216499000,59.096,59.111,59.096,59.096,36000000,1
1300216500000,1300216559000,59.086,59.087,59.076,59.076,39000000,1
1300216560000,1300216619000,59.076,59.087,59.076,59.087,44000000,1
1300216620000,1300216679000,59.087,59.087,59.076,59.081,48000000,1
1300216680000,1300216739000,59.081,59.117,59.081,59.116,73000000,1
1300216740000,1300216799000,59.116,59.126,59.11,59.117,69000000,1
1300216800000,1300216859000,59.117,59.128,59.108,59.116,91000000,1
1300216860000,1300216919000,59.115,59.117,59.091,59.097,51000000,1
1300216920000,1300216979000,59.096,59.125,59.096,59.115,78000000,1
1300216980000,1300217039000,59.115,59.119,59.104,59.117,77000000,1
1300217040000,1300217099000,59.117,59.16,59.116,59.149,49000000,1
1300217100000,1300217159000,59.15,59.205,59.136,59.138,120000000,1
1300217160000,1300217219000,59.138,59.14,59.131,59.131,66000000,1
1300217220000,1300217279000,59.131,59.221,59.131,59.199,98000000,1
1300217280000,1300217339000,59.199,59.204,59.187,59.187,66000000,1
1300217340000,1300217399000,59.187,59.198,59.166,59.188,71000000,1
1300217400000,1300217459000,59.189,59.197,59.177,59.187,87000000,1
1300217460000,1300217519000,59.186,59.186,59.156,59.157,70000000,1
1300217520000,1300217579000,59.157,59.157,59.149,59.15,25000000,1
1300217580000,1300217639000,59.145,59.177,59.136,59.169,85000000,1
1300217640000,1300217699000,59.176,59.187,59.157,59.158,37000000,1
1300217700000,1300217759000,59.161,59.206,59.159,59.202,58000000,1
1300217760000,1300217819000,59.202,59.207,59.196,59.197,35000000,1
1300217820000,1300217879000,59.197,59.216,59.186,59.205,62000000,1
1300217880000,1300217939000,59.209,59.245,59.206,59.245,39000000,1
1300217940000,1300217999000,59.237,59.271,59.228,59.256,64000000,1
1300218000000,1300218059000,59.257,59.293,59.236,59.289,46000000,1
1300218060000,1300218119000,59.291,59.312,59.287,59.312,97000000,1
1300218120000,1300218179000,59.3,59.328,59.3,59.326,109000000,1
1300218180000,1300218239000,59.319,59.323,59.296,59.318,71000000,1
1300218240000,1300218299000,59.319,59.319,59.316,59.317,35000000,1
1300218300000,1300218359000,59.317,59.317,59.306,59.307,58000000,1
1300218360000,1300218419000,59.312,59.317,59.288,59.303,88000000,1
1300218420000,1300218479000,59.31,59.312,59.284,59.287,80000000,1
1300218480000,1300218539000,59.286,59.294,59.272,59.276,51000000,1
1300218540000,1300218599000,59.277,59.277,59.266,59.27,42000000,1
1300218600000,1300218659000,59.27,59.272,59.26,59.261,45000000,1
1300218660000,1300218719000,59.26,59.289,59.257,59.281,36000000,1
1300218720000,1300218779000,59.273,59.28,59.265,59.279,37000000,1
1300218780000,1300218839000,59.277,59.277,59.242,59.247,112000000,1
1300218840000,1300218899000,59.245,59.276,59.236,59.261,128000000,1
1300218900000,1300218959000,59.258,59.272,59.256,59.257,80000000,1
1300218960000,1300219019000,59.257,59.257,59.219,59.244,119000000,1
1300219020000,1300219079000,59.247,59.256,59.211,59.211,70000000,1
1300219080000,1300219139000,59.213,59.248,59.211,59.248,75000000,1
1300219140000,1300219199000,59.246,59.246,59.194,59.196,78000000,1
1300219200000,1300219259000,59.191,59.192,59.167,59.169,99000000,1
1300219260000,1300219319000,59.172,59.177,59.166,59.177,39000000,1
1300219320000,1300219379000,59.167,59.167,59.157,59.167,26000000,1
1300219380000,1300219439000,59.166,59.186,59.147,59.186,46000000,1
1300219440000,1300219499000,59.186,59.186,59.166,59.186,39000000,1
1300219500000,1300219559000,59.186,59.197,59.177,59.187,44000000,1
1300219560000,1300219619000,59.177,59.177,59.146,59.166,57000000,1
1300219620000,1300219679000,59.167,59.167,59.166,59.167,9000000,1
1300219680000,1300219739000,59.167,59.167,59.126,59.129,54000000,1
1300219740000,1300219799000,59.128,59.137,59.126,59.137,36000000,1
1300219800000,1300219859000,59.137,59.147,59.136,59.136,24000000,1
1300219860000,1300219919000,59.137,59.137,59.127,59.136,11000000,1
1300219920000,1300219979000,59.137,59.157,59.136,59.146,34000000,1
1300219980000,1300220039000,59.146,59.147,59.146,59.147,7000000,1
1300220040000,1300220099000,59.146,59.147,59.137,59.146,15000000,1
1300220100000,1300220159000,59.147,59.156,59.146,59.146,12000000,1
1300220160000,1300220219000,59.156,59.156,59.146,59.146,5000000,1
1300220220000,1300220279000,59.137,59.146,59.136,59.146,23000000,1
1300220280000,1300220339000,59.156,59.167,59.147,59.167,32000000,1
1300220340000,1300220399000,59.166,59.167,59.157,59.167,9000000,1
1300220400000,1300220459000,59.157,59.167,59.156,59.156,28000000,1
1300220460000,1300220519000,59.156,59.167,59.156,59.156,9000000,1
1300220520000,1300220579000,59.166,59.167,59.156,59.156,12000000,1
1300220580000,1300220639000,59.157,59.157,59.146,59.146,11000000,1
1300220640000,1300220699000,59.147,59.157,59.146,59.146,10000000,1
1300220700000,1300220759000,59.147,59.147,59.126,59.136,16000000,1
1300220760000,1300220819000,59.137,59.147,59.127,59.147,14000000,1
1300220820000,1300220879000,59.146,59.147,59.146,59.147,4000000,1
1300220880000,1300220939000,59.136,59.137,59.126,59.126,8000000,1
1300220940000,1300220999000,59.126,59.127,59.097,59.107,26000000,1
1300221000000,1300221059000,59.107,59.117,59.106,59.117,21000000,1
1300221060000,1300221119000,59.116,59.127,59.116,59.117,38000000,1
1300221120000,1300221179000,59.116,59.127,59.106,59.127,19000000,1
1300221180000,1300221239000,59.126,59.126,59.087,59.096,54000000,1
1300221240000,1300221299000,59.107,59.107,59.076,59.076,38000000,1
1300221300000,1300221359000,59.076,59.106,59.076,59.106,42000000,1
1300221360000,1300221419000,59.106,59.107,59.106,59.107,10000000,1
1300221420000,1300221479000,59.107,59.107,59.106,59.107,7000000,1
1300221480000,1300221539000,59.107,59.107,59.096,59.106,9000000,1
1300221540000,1300221599000,59.106,59.107,59.086,59.097,48000000,1
1300221600000,1300221659000,59.096,59.107,59.066,59.067,26000000,1
1300221660000,1300221719000,59.067,59.096,59.067,59.096,17000000,1
1300221720000,1300221779000,59.096,59.107,59.096,59.097,20000000,1
1300221780000,1300221839000,59.086,59.117,59.086,59.106,43000000,1
1300221840000,1300221899000,59.106,59.136,59.106,59.136,38000000,1
1300221900000,1300221959000,59.136,59.146,59.126,59.126,22000000,1
1300221960000,1300222019000,59.116,59.127,59.096,59.107,44000000,1
1300222020000,1300222079000,59.107,59.107,59.096,59.097,43000000,1
1300222080000,1300222139000,59.096,59.097,59.086,59.096,27000000,1
1300222140000,1300222199000,59.096,59.117,59.096,59.117,33000000,1
1300222200000,1300222259000,59.102,59.117,59.096,59.117,29000000,1
1300222260000,1300222319000,59.116,59.116,59.106,59.107,11000000,1
1300222320000,1300222379000,59.096,59.107,59.096,59.106,21000000,1
1300222380000,1300222439000,59.096,59.097,59.076,59.087,62000000,1
1300222440000,1300222499000,59.087,59.087,59.046,59.047,49000000,1
1300222500000,1300222559000,59.046,59.066,59.017,59.017,46000000,1
1300222560000,1300222619000,59.017,59.067,59.017,59.047,60000000,1
1300222620000,1300222679000,59.047,59.047,59.026,59.046,25000000,1
1300222680000,1300222739000,59.057,59.057,59.016,59.016,22000000,1
1300222740000,1300222799000,59.016,59.056,58.992,59.046,47000000,1
1300222800000,1300222859000,59.046,59.046,58.917,58.95,71000000,1
1300222860000,1300222919000,58.95,58.951,58.922,58.922,52000000,1
1300222920000,1300222979000,58.919,58.998,58.907,58.997,57000000,1
1300222980000,1300223039000,58.998,59.018,58.968,58.968,51000000,1
1300223040000,1300223099000,58.969,58.969,58.958,58.958,45000000,1
1300223100000,1300223159000,58.996,59.031,58.996,59.019,30000000,1
1300223160000,1300223219000,59.019,59.026,58.968,58.976,43000000,1
1300223220000,1300223279000,58.976,58.994,58.974,58.993,59000000,1
1300223280000,1300223339000,58.997,59.022,58.997,59.012,47000000,1
1300223340000,1300223399000,59.012,59.036,59.012,59.036,27000000,1
1300223400000,1300223459000,59.017,59.017,59.017,59.017,3000000,1
1300223460000,1300223519000,59.035,59.037,59.019,59.025,16000000,1
1300223520000,1300223579000,59.026,59.036,58.983,58.983,36000000,1
1300223580000,1300223639000,58.983,58.986,58.981,58.981,22000000,1
1300223640000,1300223699000,58.981,58.981,58.952,58.952,41000000,1
1300223700000,1300223759000,58.962,58.997,58.962,58.997,7000000,1
1300223760000,1300223819000,59.007,59.017,58.996,59.017,10000000,1
1300223820000,1300223879000,59.016,59.016,58.986,58.986,44000000,1
1300223880000,1300223939000,59.006,59.006,58.977,58.977,27000000,1
1300223940000,1300223999000,58.957,58.977,58.957,58.976,18000000,1
1300224000000,1300224059000,58.977,58.997,58.977,58.986,7000000,1
1300224060000,1300224119000,58.976,58.977,58.976,58.977,6000000,1
1300224120000,1300224179000,58.976,58.976,58.976,58.976,2000000,1
1300224180000,1300224239000,58.977,59.007,58.957,59.007,19000000,1
1300224240000,1300224299000,59.007,59.017,59.006,59.007,21000000,1
1300224300000,1300224359000,59.006,59.036,58.987,59.036,33000000,1
1300224360000,1300224419000,59.046,59.067,58.989,58.995,42000000,1
1300224420000,1300224479000,58.993,59.037,58.979,59.026,25000000,1
1300224480000,1300224539000,59.027,59.037,59.016,59.037,13000000,1
1300224540000,1300224599000,59.036,59.037,58.986,59.006,54000000,1
1300224600000,1300224659000,59.016,59.017,59.016,59.017,7000000,1
1300224660000,1300224719000,59.016,59.017,58.997,59.006,29000000,1
1300224720000,1300224779000,59.016,59.017,59.006,59.017,25000000,1
1300224780000,1300224839000,59.017,59.047,59.016,59.037,26000000,1
1300224840000,1300224899000,59.046,59.077,59.036,59.066,36000000,1
1300224900000,1300224959000,59.077,59.087,59.046,59.057,31000000,1
1300224960000,1300225019000,59.046,59.097,59.021,59.036,66000000,1
1300225020000,1300225079000,59.045,59.107,59.045,59.097,55000000,1
1300225080000,1300225139000,59.087,59.116,59.026,59.033,79000000,1
1300225140000,1300225199000,59.03,59.086,59.03,59.077,14000000,1
1300225200000,1300225259000,59.086,59.107,59.049,59.097,37000000,1
1300225260000,1300225319000,59.097,59.106,59.076,59.086,37000000,1
1300225320000,1300225379000,59.076,59.087,59.067,59.077,40000000,1
1300225380000,1300225439000,59.066,59.076,59.046,59.066,38000000,1
1300225440000,1300225499000,59.067,59.067,59.056,59.056,5000000,1
1300225500000,1300225559000,59.066,59.077,59.066,59.077,10000000,1
1300225560000,1300225619000,59.067,59.077,59.057,59.077,28000000,1
1300225620000,1300225679000,59.076,59.087,59.056,59.057,15000000,1
1300225680000,1300225739000,59.058,59.077,59.046,59.047,40000000,1
1300225740000,1300225799000,59.047,59.047,59.027,59.036,27000000,1
1300225800000,1300225859000,59.036,59.046,59.016,59.046,25000000,1
1300225860000,1300225919000,59.047,59.047,59.036,59.046,10000000,1
1300225920000,1300225979000,59.033,59.056,59.033,59.056,10000000,1
1300225980000,1300226039000,59.067,59.067,59.056,59.056,6000000,1
1300226040000,1300226099000,59.046,59.056,59.046,59.056,5000000,1
1300226100000,1300226159000,59.057,59.057,59.006,59.012,12000000,1
1300226160000,1300226219000,59.014,59.047,59.011,59.012,19000000,1
1300226220000,1300226279000,59.012,59.018,59.011,59.014,17000000,1
1300226280000,1300226339000,59.012,59.046,59.004,59.046,23000000,1
1300226340000,1300226399000,59.047,59.057,59.018,59.018,16000000,1
1300226400000,1300226459000,59.023,59.068,59.018,59.024,23000000,1
1300226460000,1300226519000,59.017,59.067,59.014,59.066,48000000,1
1300226520000,1300226579000,59.066,59.076,59.066,59.076,15000000,1
1300226580000,1300226639000,59.076,59.077,59.046,59.048,34000000,1
1300226640000,1300226699000,59.048,59.057,59.038,59.046,48000000,1
1300226700000,1300226759000,59.046,59.046,59.017,59.026,47000000,1
1300226760000,1300226819000,59.026,59.037,59.026,59.037,50000000,1
1300226820000,1300226879000,59.036,59.037,59.036,59.036,6000000,1
1300226880000,1300226939000,59.037,59.037,58.975,58.983,37000000,1
1300226940000,1300226999000,58.982,59.001,58.977,58.981,189000000,1
1300227000000,1300227059000,58.979,59.017,58.978,59.007,52000000,1
1300227060000,1300227119000,59.007,59.007,58.987,58.987,49000000,1
1300227120000,1300227179000,58.987,59.017,58.987,59.006,64000000,1
1300227180000,1300227239000,59.006,59.007,58.976,58.986,59000000,1
1300227240000,1300227299000,58.987,59.007,58.987,59.007,26000000,1
1300227300000,1300227359000,59.007,59.017,58.996,59.007,25000000,1
1300227360000,1300227419000,59.006,59.017,58.996,59.006,24000000,1
1300227420000,1300227479000,59.007,59.027,59.007,59.017,29000000,1
1300227480000,1300227539000,59.016,59.016,59.006,59.016,19000000,1
1300227540000,1300227599000,59.016,59.027,59.006,59.027,32000000,1
1300227600000,1300227659000,59.027,59.027,59.007,59.017,31000000,1
1300227660000,1300227719000,59.016,59.027,59.016,59.026,16000000,1
1300227720000,1300227779000,59.027,59.057,59.026,59.047,16000000,1
1300227780000,1300227839000,59.046,59.076,59.046,59.07,48000000,1
1300227840000,1300227899000,59.071,59.087,59.066,59.067,52000000,1
1300227900000,1300227959000,59.058,59.067,59.046,59.057,24000000,1
1300227960000,1300228019000,59.047,59.047,59.036,59.037,14000000,1
1300228020000,1300228079000,59.036,59.037,59.036,59.037,5000000,1
1300228080000,1300228139000,59.027,59.027,59.017,59.027,6000000,1
1300228140000,1300228199000,59.016,59.036,59.016,59.027,46000000,1
1300228200000,1300228259000,59.017,59.027,58.976,58.987,41000000,1
1300228260000,1300228319000,58.977,58.986,58.967,58.976,67000000,1
1300228320000,1300228379000,58.969,58.987,58.969,58.987,40000000,1
1300228380000,1300228439000,58.987,58.987,58.924,58.946,56000000,1
1300228440000,1300228499000,58.937,58.947,58.927,58.927,32000000,1
1300228500000,1300228559000,58.937,58.937,58.902,58.906,61000000,1
1300228560000,1300228619000,58.898,58.917,58.897,58.916,74000000,1
1300228620000,1300228679000,58.917,58.918,58.907,58.917,33000000,1
1300228680000,1300228739000,58.916,58.937,58.906,58.917,74000000,1
1300228740000,1300228799000,58.917,58.957,58.916,58.946,111000000,1
1300228800000,1300228859000,58.947,58.958,58.936,58.947,43000000,1
1300228860000,1300228919000,58.947,58.977,58.936,58.977,78000000,1
1300228920000,1300228979000,58.977,58.997,58.956,58.956,67000000,1
1300228980000,1300229039000,58.957,58.957,58.936,58.936,26000000,1
1300229040000,1300229099000,58.937,58.947,58.926,58.926,22000000,1
1300229100000,1300229159000,58.926,58.936,58.926,58.927,12000000,1
1300229160000,1300229219000,58.927,58.956,58.927,58.956,19000000,1
1300229220000,1300229279000,58.956,58.997,58.956,58.986,27000000,1
1300229280000,1300229339000,58.967,58.987,58.966,58.977,44000000,1
1300229340000,1300229399000,58.977,58.987,58.966,58.967,18000000,1
1300229400000,1300229459000,58.967,58.967,58.956,58.957,14000000,1
1300229460000,1300229519000,58.956,58.957,58.946,58.946,21000000,1
1300229520000,1300229579000,58.946,58.947,58.936,58.937,26000000,1
1300229580000,1300229639000,58.936,58.936,58.936,58.936,4000000,1
1300229640000,1300229699000,58.937,58.937,58.926,58.926,11000000,1
1300229700000,1300229759000,58.927,58.927,58.916,58.926,9000000,1
1300229760000,1300229819000,58.927,58.927,58.916,58.916,7000000,1
1300229820000,1300229879000,58.917,58.917,58.896,58.917,35000000,1
1300229880000,1300229939000,58.917,58.947,58.916,58.946,31000000,1
1300229940000,1300229999000,58.937,58.957,58.926,58.956,66000000,1
1300230000000,1300230059000,58.959,58.977,58.946,58.946,96000000,1
1300230060000,1300230119000,58.946,58.968,58.926,58.968,153000000,1
1300230120000,1300230179000,58.968,58.977,58.966,58.977,49000000,1
1300230180000,1300230239000,58.977,58.977,58.967,58.967,24000000,1
1300230240000,1300230299000,58.977,58.998,58.968,58.998,47000000,1
1300230300000,1300230359000,58.998,59.016,58.997,59.016,65000000,1
1300230360000,1300230419000,59.017,59.017,58.997,59.017,41000000,1
1300230420000,1300230479000,59.017,59.017,59.006,59.017,28000000,1
1300230480000,1300230539000,59.016,59.018,59.007,59.018,47000000,1
1300230540000,1300230599000,59.016,59.067,59.016,59.056,137000000,1
1300230600000,1300230659000,59.056,59.057,59.027,59.038,103000000,1
1300230660000,1300230719000,59.047,59.067,59.046,59.056,41000000,1
1300230720000,1300230779000,59.056,59.077,59.056,59.076,82000000,1
1300230780000,1300230839000,59.076,59.097,59.073,59.097,86000000,1
1300230840000,1300230899000,59.096,59.097,59.076,59.076,39000000,1
1300230900000,1300230959000,59.076,59.076,59.046,59.056,71000000,1
1300230960000,1300231019000,59.056,59.097,59.047,59.096,91000000,1
1300231020000,1300231079000,59.086,59.117,59.086,59.107,68000000,1
1300231080000,1300231139000,59.106,59.108,59.098,59.107,45000000,1
1300231140000,1300231199000,59.116,59.116,59.096,59.106,32000000,1
1300231200000,1300231259000,59.108,59.117,59.108,59.108,14000000,1
1300231260000,1300231319000,59.108,59.108,59.106,59.107,25000000,1
1300231320000,1300231379000,59.117,59.158,59.117,59.158,143000000,1
1300231380000,1300231439000,59.158,59.196,59.156,59.187,112000000,1
1300231440000,1300231499000,59.187,59.207,59.177,59.197,20000000,1
1300231500000,1300231559000,59.201,59.208,59.186,59.186,57000000,1
1300231560000,1300231619000,59.186,59.187,59.176,59.187,71000000,1
1300231620000,1300231679000,59.187,59.237,59.187,59.236,126000000,1
1300231680000,1300231739000,59.236,59.246,59.207,59.226,80000000,1
1300231740000,1300231799000,59.226,59.226,59.207,59.207,52000000,1
1300231800000,1300231859000,59.217,59.217,59.197,59.197,51000000,1
1300231860000,1300231919000,59.198,59.207,59.196,59.197,28000000,1
1300231920000,1300231979000,59.197,59.206,59.188,59.206,85000000,1
1300231980000,1300232039000,59.197,59.206,59.168,59.177,74000000,1
1300232040000,1300232099000,59.177,59.177,59.167,59.177,46000000,1
1300232100000,1300232159000,59.177,59.187,59.136,59.136,53000000,1
1300232160000,1300232219000,59.137,59.137,59.106,59.106,28000000,1
1300232220000,1300232279000,59.106,59.157,59.106,59.157,65000000,1
1300232280000,1300232339000,59.147,59.176,59.147,59.176,56000000,1
1300232340000,1300232399000,59.176,59.176,59.156,59.176,74000000,1
1300232400000,1300232459000,59.176,59.177,59.176,59.177,27000000,1
1300232460000,1300232519000,59.177,59.177,59.176,59.177,16000000,1
1300232520000,1300232579000,59.177,59.187,59.176,59.187,14000000,1
1300232580000,1300232639000,59.187,59.207,59.186,59.196,57000000,1
1300232640000,1300232699000,59.2,59.236,59.187,59.219,169000000,1
1300232700000,1300232759000,59.217,59.247,59.207,59.216,101000000,1
1300232760000,1300232819000,59.207,59.226,59.186,59.196,102000000,1
1300232820000,1300232879000,59.196,59.227,59.194,59.227,44000000,1
1300232880000,1300232939000,59.226,59.286,59.226,59.286,59000000,1
1300232940000,1300232999000,59.292,59.327,59.286,59.317,55000000,1
1300233000000,1300233059000,59.316,59.337,59.306,59.327,63000000,1
1300233060000,1300233119000,59.337,59.347,59.317,59.317,97000000,1
1300233120000,1300233179000,59.317,59.338,59.316,59.333,123000000,1
1300233180000,1300233239000,59.331,59.365,59.33,59.363,51000000,1
1300233240000,1300233299000,59.362,59.367,59.357,59.366,77000000,1
1300233300000,1300233359000,59.366,59.386,59.356,59.369,150000000,1
1300233360000,1300233419000,59.367,59.367,59.356,59.356,40000000,1
1300233420000,1300233479000,59.356,59.367,59.349,59.367,89000000,1
1300233480000,1300233539000,59.367,59.367,59.327,59.336,73000000,1
1300233540000,1300233599000,59.336,59.37,59.336,59.346,89000000,1
1300233600000,1300233659000,59.346,59.346,59.297,59.297,86000000,1
1300233660000,1300233719000,59.297,59.304,59.166,59.197,188000000,1
1300233720000,1300233779000,59.197,59.217,59.166,59.176,110000000,1
1300233780000,1300233839000,59.187,59.217,59.18,59.207,114000000,1
1300233840000,1300233899000,59.202,59.217,59.187,59.217,119000000,1
1300233900000,1300233959000,59.209,59.227,59.176,59.206,128000000,1
1300233960000,1300234019000,59.206,59.237,59.206,59.237,68000000,1
1300234020000,1300234079000,59.237,59.304,59.237,59.296,110000000,1
1300234080000,1300234139000,59.296,59.307,59.266,59.267,70000000,1
1300234140000,1300234199000,59.267,59.308,59.256,59.307,103000000,1
1300234200000,1300234259000,59.307,59.367,59.306,59.366,113000000,1
1300234260000,1300234319000,59.366,59.41,59.366,59.377,154000000,1
1300234320000,1300234379000,59.377,59.387,59.356,59.376,74000000,1
1300234380000,1300234439000,59.376,59.417,59.376,59.417,81000000,1
1300234440000,1300234499000,59.417,59.456,59.416,59.456,57000000,1
1300234500000,1300234559000,59.436,59.458,59.436,59.447,85000000,1
1300234560000,1300234619000,59.453,59.469,59.437,59.437,135000000,1
1300234620000,1300234679000,59.437,59.437,59.416,59.416,62000000,1
1300234680000,1300234739000,59.416,59.437,59.397,59.436,100000000,1
1300234740000,1300234799000,59.436,59.447,59.417,59.44,113000000,1
1300234800000,1300234859000,59.441,59.466,59.426,59.426,75000000,1
1300234860000,1300234919000,59.427,59.466,59.417,59.457,93000000,1
1300234920000,1300234979000,59.448,59.467,59.436,59.437,112000000,1
1300234980000,1300235039000,59.437,59.447,59.425,59.437,74000000,1
1300235040000,1300235099000,59.437,59.437,59.416,59.426,81000000,1
1300235100000,1300235159000,59.426,59.437,59.406,59.437,86000000,1
1300235160000,1300235219000,59.437,59.466,59.437,59.44,66000000,1
1300235220000,1300235279000,59.441,59.468,59.441,59.468,113000000,1
1300235280000,1300235339000,59.472,59.472,59.456,59.456,77000000,1
1300235340000,1300235399000,59.456,59.457,59.436,59.447,42000000,1
1300235400000,1300235459000,59.446,59.484,59.426,59.446,123000000,1
1300235460000,1300235519000,59.446,59.457,59.411,59.416,135000000,1
1300235520000,1300235579000,59.416,59.416,59.376,59.386,97000000,1
1300235580000,1300235639000,59.387,59.397,59.356,59.367,132000000,1
1300235640000,1300235699000,59.358,59.383,59.345,59.369,162000000,1
1300235700000,1300235759000,59.369,59.407,59.369,59.396,63000000,1
1300235760000,1300235819000,59.387,59.387,59.371,59.376,63000000,1
1300235820000,1300235879000,59.376,59.417,59.376,59.387,74000000,1
1300235880000,1300235939000,59.387,59.387,59.358,59.358,58000000,1
1300235940000,1300235999000,59.361,59.396,59.36,59.396,62000000,1
1300236000000,1300236059000,59.396,59.404,59.369,59.369,81000000,1
1300236060000,1300236119000,59.376,59.376,59.356,59.366,46000000,1
1300236120000,1300236179000,59.366,59.388,59.366,59.371,70000000,1
1300236180000,1300236239000,59.371,59.377,59.337,59.349,53000000,1
1300236240000,1300236299000,59.347,59.363,59.346,59.363,35000000,1
1300236300000,1300236359000,59.367,59.377,59.346,59.356,85000000,1
1300236360000,1300236419000,59.356,59.357,59.326,59.347,81000000,1
1300236420000,1300236479000,59.347,59.377,59.346,59.377,58000000,1
1300236480000,1300236539000,59.377,59.387,59.377,59.387,10000000,1
1300236540000,1300236599000,59.386,59.387,59.376,59.387,51000000,1
1300236600000,1300236659000,59.387,59.426,59.386,59.426,51000000,1
1300236660000,1300236719000,59.426,59.426,59.386,59.386,65000000,1
1300236720000,1300236779000,59.387,59.396,59.366,59.377,62000000,1
1300236780000,1300236839000,59.377,59.377,59.346,59.347,63000000,1
1300236840000,1300236899000,59.347,59.357,59.326,59.326,110000000,1
1300236900000,1300236959000,59.336,59.337,59.324,59.326,37000000,1
1300236960000,1300237019000,59.326,59.337,59.313,59.326,37000000,1
1300237020000,1300237079000,59.336,59.397,59.327,59.386,68000000,1
1300237080000,1300237139000,59.386,59.387,59.376,59.387,38000000,1
1300237140000,1300237199000,59.387,59.427,59.386,59.417,28000000,1
1300237200000,1300237259000,59.407,59.416,59.396,59.416,33000000,1
1300237260000,1300237319000,59.416,59.417,59.381,59.407,45000000,1
1300237320000,1300237379000,59.407,59.407,59.356,59.356,50000000,1
1300237380000,1300237439000,59.356,59.357,59.319,59.337,74000000,1
1300237440000,1300237499000,59.337,59.337,59.266,59.266,69000000,1
1300237500000,1300237559000,59.266,59.267,59.177,59.177,149000000,1
1300237560000,1300237619000,59.177,59.246,59.167,59.227,216000000,1
1300237620000,1300237679000,59.226,59.277,59.226,59.266,160000000,1
1300237680000,1300237739000,59.266,59.286,59.256,59.257,94000000,1
1300237740000,1300237799000,59.257,59.267,59.246,59.247,77000000,1
1300237800000,1300237859000,59.247,59.256,59.237,59.246,68000000,1
1300237860000,1300237919000,59.246,59.246,59.227,59.237,76000000,1
1300237920000,1300237979000,59.237,59.249,59.228,59.237,47000000,1
1300237980000,1300238039000,59.237,59.237,59.207,59.227,33000000,1
1300238040000,1300238099000,59.226,59.236,59.217,59.217,30000000,1
1300238100000,1300238159000,59.217,59.217,59.196,59.207,54000000,1
1300238160000,1300238219000,59.206,59.207,59.187,59.187,58000000,1
1300238220000,1300238279000,59.187,59.197,59.186,59.196,40000000,1
1300238280000,1300238339000,59.196,59.207,59.196,59.196,25000000,1
1300238340000,1300238399000,59.206,59.217,59.189,59.217,47000000,1
1300238400000,1300238459000,59.226,59.247,59.226,59.247,30000000,1
1300238460000,1300238519000,59.246,59.247,59.227,59.236,71000000,1
1300238520000,1300238579000,59.236,59.257,59.226,59.247,64000000,1
1300238580000,1300238639000,59.246,59.267,59.246,59.266,29000000,1
1300238640000,1300238699000,59.266,59.287,59.266,59.287,40000000,1
1300238700000,1300238759000,59.287,59.287,59.276,59.276,20000000,1
1300238760000,1300238819000,59.276,59.287,59.276,59.287,31000000,1
1300238820000,1300238879000,59.286,59.297,59.276,59.286,44000000,1
1300238880000,1300238939000,59.287,59.287,59.286,59.286,18000000,1
1300238940000,1300238999000,59.286,59.286,59.267,59.267,23000000,1
1300239000000,1300239059000,59.267,59.277,59.266,59.267,38000000,1
1300239060000,1300239119000,59.267,59.267,59.247,59.247,26000000,1
1300239120000,1300239179000,59.247,59.267,59.247,59.267,47000000,1
1300239180000,1300239239000,59.267,59.267,59.246,59.246,21000000,1
1300239240000,1300239299000,59.237,59.247,59.236,59.236,37000000,1
1300239300000,1300239359000,59.237,59.237,59.237,59.237,4000000,1
1300239360000,1300239419000,59.237,59.256,59.237,59.256,19000000,1
1300239420000,1300239479000,59.257,59.287,59.257,59.277,66000000,1
1300239480000,1300239539000,59.266,59.277,59.266,59.276,15000000,1
1300239540000,1300239599000,59.277,59.277,59.247,59.248,40000000,1
1300239600000,1300239659000,59.257,59.261,59.228,59.228,95000000,1
1300239660000,1300239719000,59.228,59.228,59.187,59.188,109000000,1
1300239720000,1300239779000,59.186,59.197,59.167,59.197,58000000,1
1300239780000,1300239839000,59.197,59.247,59.197,59.237,133000000,1
1300239840000,1300239899000,59.238,59.248,59.238,59.248,43000000,1
1300239900000,1300239959000,59.248,59.248,59.236,59.237,52000000,1
1300239960000,1300240019000,59.237,59.256,59.228,59.256,50000000,1
1300240020000,1300240079000,59.256,59.256,59.226,59.226,63000000,1
1300240080000,1300240139000,59.226,59.226,59.197,59.206,52000000,1
1300240140000,1300240199000,59.206,59.216,59.166,59.176,63000000,1
1300240200000,1300240259000,59.176,59.186,59.158,59.158,51000000,1
1300240260000,1300240319000,59.158,59.158,59.127,59.128,54000000,1
1300240320000,1300240379000,59.136,59.193,59.132,59.193,97000000,1
1300240380000,1300240439000,59.196,59.196,59.176,59.188,69000000,1
1300240440000,1300240499000,59.188,59.217,59.188,59.217,53000000,1
1300240500000,1300240559000,59.213,59.216,59.198,59.207,54000000,1
1300240560000,1300240619000,59.207,59.208,59.197,59.207,42000000,1
1300240620000,1300240679000,59.207,59.218,59.201,59.21,58000000,1
1300240680000,1300240739000,59.207,59.219,59.203,59.208,71000000,1
1300240740000,1300240799000,59.207,59.217,59.189,59.197,68000000,1
1300240800000,1300240859000,59.197,59.197,59.167,59.168,54000000,1
1300240860000,1300240919000,59.177,59.177,59.166,59.176,33000000,1
1300240920000,1300240979000,59.176,59.188,59.176,59.187,51000000,1
1300240980000,1300241039000,59.186,59.188,59.178,59.188,30000000,1
1300241040000,1300241099000,59.186,59.187,59.157,59.158,90000000,1
1300241100000,1300241159000,59.158,59.158,59.146,59.146,36000000,1
1300241160000,1300241219000,59.148,59.156,59.136,59.156,56000000,1
1300241220000,1300241279000,59.156,59.176,59.156,59.167,139000000,1
1300241280000,1300241339000,59.167,59.172,59.156,59.167,140000000,1
1300241340000,1300241399000,59.166,59.166,59.127,59.147,141000000,1
1300241400000,1300241459000,59.147,59.147,59.122,59.127,78000000,1
1300241460000,1300241519000,59.129,59.161,59.116,59.158,100000000,1
1300241520000,1300241579000,59.158,59.158,59.136,59.138,47000000,1
1300241580000,1300241639000,59.137,59.138,59.121,59.137,59000000,1
1300241640000,1300241699000,59.137,59.14,59.131,59.14,67000000,1
1300241700000,1300241759000,59.138,59.139,59.136,59.136,37000000,1
1300241760000,1300241819000,59.127,59.151,59.127,59.148,88000000,1
1300241820000,1300241879000,59.147,59.161,59.146,59.157,83000000,1
1300241880000,1300241939000,59.148,59.157,59.138,59.14,54000000,1
1300241940000,1300241999000,59.138,59.138,59.136,59.136,23000000,1
1300242000000,1300242059000,59.136,59.148,59.116,59.148,76000000,1
1300242060000,1300242119000,59.148,59.162,59.147,59.162,50000000,1
1300242120000,1300242179000,59.164,59.168,59.157,59.16,49000000,1
1300242180000,1300242239000,59.167,59.167,59.156,59.158,35000000,1
1300242240000,1300242299000,59.158,59.167,59.157,59.166,18000000,1
1300242300000,1300242359000,59.167,59.167,59.166,59.166,5000000,1
1300242360000,1300242419000,59.166,59.178,59.166,59.178,18000000,1
1300242420000,1300242479000,59.178,59.178,59.176,59.177,71000000,1
1300242480000,1300242539000,59.18,59.186,59.176,59.177,29000000,1
1300242540000,1300242599000,59.177,59.177,59.166,59.168,49000000,1
1300242600000,1300242659000,59.168,59.177,59.156,59.156,47000000,1
1300242660000,1300242719000,59.156,59.166,59.146,59.166,44000000,1
1300242720000,1300242779000,59.168,59.168,59.16,59.166,13000000,1
1300242780000,1300242839000,59.166,59.168,59.166,59.166,15000000,1
1300242840000,1300242899000,59.166,59.166,59.156,59.156,20000000,1
1300242900000,1300242959000,59.156,59.168,59.156,59.168,34000000,1
1300242960000,1300243019000,59.167,59.186,59.163,59.177,68000000,1
1300243020000,1300243079000,59.169,59.169,59.146,59.146,71000000,1
1300243080000,1300243139000,59.146,59.146,59.107,59.118,75000000,1
1300243140000,1300243199000,59.118,59.118,59.087,59.087,94000000,1
1300243200000,1300243259000,59.087,59.088,59.068,59.078,95000000,1
1300243260000,1300243319000,59.078,59.107,59.068,59.088,149000000,1
1300243320000,1300243379000,59.088,59.116,59.087,59.097,96000000,1
1300243380000,1300243439000,59.097,59.1,59.079,59.1,125000000,1
1300243440000,1300243499000,59.107,59.127,59.107,59.126,32000000,1
1300243500000,1300243559000,59.127,59.166,59.127,59.166,70000000,1
1300243560000,1300243619000,59.168,59.177,59.166,59.166,55000000,1
1300243620000,1300243679000,59.167,59.167,59.166,59.166,10000000,1
1300243680000,1300243739000,59.166,59.177,59.156,59.176,118000000,1
1300243740000,1300243799000,59.176,59.178,59.156,59.167,107000000,1
1300243800000,1300243859000,59.167,59.168,59.157,59.167,52000000,1
1300243860000,1300243919000,59.168,59.207,59.168,59.198,97000000,1
1300243920000,1300243979000,59.197,59.206,59.196,59.206,50000000,1
1300243980000,1300244039000,59.206,59.207,59.196,59.196,26000000,1
1300244040000,1300244099000,59.197,59.197,59.186,59.196,41000000,1
1300244100000,1300244159000,59.196,59.196,59.169,59.176,112000000,1
1300244160000,1300244219000,59.176,59.177,59.135,59.148,87000000,1
1300244220000,1300244279000,59.148,59.148,59.136,59.136,42000000,1
1300244280000,1300244339000,59.136,59.146,59.117,59.138,102000000,1
1300244340000,1300244399000,59.138,59.146,59.119,59.119,53000000,1
1300244400000,1300244459000,59.118,59.127,59.107,59.127,55000000,1
1300244460000,1300244519000,59.129,59.147,59.126,59.137,41000000,1
1300244520000,1300244579000,59.128,59.138,59.126,59.137,52000000,1
1300244580000,1300244639000,59.137,59.137,59.099,59.099,66000000,1
1300244640000,1300244699000,59.099,59.103,59.077,59.087,57000000,1
1300244700000,1300244759000,59.086,59.086,59.076,59.076,29000000,1
1300244760000,1300244819000,59.077,59.087,59.068,59.077,50000000,1
1300244820000,1300244879000,59.077,59.097,59.067,59.094,64000000,1
1300244880000,1300244939000,59.097,59.107,59.097,59.107,20000000,1
1300244940000,1300244999000,59.107,59.107,59.094,59.096,53000000,1
1300245000000,1300245059000,59.086,59.086,59.066,59.077,72000000,1
1300245060000,1300245119000,59.077,59.088,59.076,59.088,28000000,1
1300245120000,1300245179000,59.088,59.097,59.088,59.097,13000000,1
1300245180000,1300245239000,59.096,59.097,59.096,59.096,7000000,1
1300245240000,1300245299000,59.096,59.097,59.077,59.077,64000000,1
1300245300000,1300245359000,59.067,59.077,59.058,59.058,67000000,1
1300245360000,1300245419000,59.067,59.067,59.046,59.047,64000000,1
1300245420000,1300245479000,59.056,59.056,59.037,59.048,67000000,1
1300245480000,1300245539000,59.048,59.068,59.027,59.067,114000000,1
1300245540000,1300245599000,59.057,59.067,59.027,59.037,115000000,1
1300245600000,1300245659000,59.036,59.066,59.036,59.066,66000000,1
1300245660000,1300245719000,59.066,59.067,59.057,59.061,56000000,1
1300245720000,1300245779000,59.061,59.067,59.061,59.067,20000000,1
1300245780000,1300245839000,59.067,59.067,59.067,59.067,13000000,1
1300245840000,1300245899000,59.067,59.078,59.067,59.077,61000000,1
1300245900000,1300245959000,59.077,59.088,59.066,59.066,115000000,1
1300245960000,1300246019000,59.066,59.067,59.018,59.067,119000000,1
1300246020000,1300246079000,59.067,59.098,59.067,59.087,74000000,1
1300246080000,1300246139000,59.087,59.087,59.057,59.057,54000000,1
1300246140000,1300246199000,59.057,59.057,59.018,59.036,89000000,1
1300246200000,1300246259000,59.027,59.087,59.02,59.087,128000000,1
1300246260000,1300246319000,59.087,59.108,59.077,59.077,108000000,1
1300246320000,1300246379000,59.077,59.087,59.058,59.068,78000000,1
1300246380000,1300246439000,59.061,59.076,59.057,59.076,39000000,1
1300246440000,1300246499000,59.076,59.098,59.076,59.097,60000000,1
1300246500000,1300246559000,59.097,59.147,59.09,59.138,109000000,1
1300246560000,1300246619000,59.148,59.148,59.13,59.138,154000000,1
1300246620000,1300246679000,59.138,59.148,59.137,59.148,77000000,1
1300246680000,1300246739000,59.147,59.15,59.128,59.148,60000000,1
1300246740000,1300246799000,59.148,59.148,59.131,59.148,57000000,1
1300246800000,1300246859000,59.148,59.148,59.137,59.141,61000000,1
1300246860000,1300246919000,59.149,59.157,59.137,59.147,43000000,1
1300246920000,1300246979000,59.146,59.157,59.138,59.157,54000000,1
1300246980000,1300247039000,59.158,59.166,59.147,59.157,57000000,1
1300247040000,1300247099000,59.156,59.159,59.156,59.157,62000000,1
1300247100000,1300247159000,59.157,59.157,59.136,59.136,49000000,1
1300247160000,1300247219000,59.136,59.156,59.131,59.139,44000000,1
1300247220000,1300247279000,59.144,59.144,59.137,59.137,28000000,1
1300247280000,1300247339000,59.14,59.141,59.136,59.138,25000000,1
1300247340000,1300247399000,59.138,59.138,59.136,59.136,18000000,1
1300247400000,1300247459000,59.137,59.146,59.127,59.136,35000000,1
1300247460000,1300247519000,59.137,59.147,59.131,59.147,48000000,1
1300247520000,1300247579000,59.146,59.168,59.137,59.148,70000000,1
1300247580000,1300247639000,59.148,59.158,59.127,59.129,84000000,1
1300247640000,1300247699000,59.135,59.16,59.127,59.159,144000000,1
1300247700000,1300247759000,59.159,59.175,59.141,59.148,134000000,1
1300247760000,1300247819000,59.148,59.173,59.146,59.168,58000000,1
1300247820000,1300247879000,59.195,59.197,59.166,59.197,118000000,1
1300247880000,1300247939000,59.197,59.224,59.186,59.216,72000000,1
1300247940000,1300247999000,59.216,59.219,59.189,59.198,72000000,1
1300248000000,1300248059000,59.197,59.198,59.179,59.185,47000000,1
1300248060000,1300248119000,59.186,59.187,59.157,59.157,56000000,1
1300248120000,1300248179000,59.157,59.176,59.157,59.167,47000000,1
1300248180000,1300248239000,59.177,59.197,59.173,59.189,82000000,1
1300248240000,1300248299000,59.188,59.196,59.177,59.177,44000000,1
1300248300000,1300248359000,59.178,59.207,59.178,59.197,91000000,1
1300248360000,1300248419000,59.197,59.228,59.192,59.226,85000000,1
1300248420000,1300248479000,59.226,59.226,59.197,59.197,53000000,1
1300248480000,1300248539000,59.208,59.208,59.186,59.203,86000000,1
1300248540000,1300248599000,59.203,59.203,59.176,59.2,34000000,1
1300248600000,1300248659000,59.196,59.216,59.193,59.207,101000000,1
1300248660000,1300248719000,59.206,59.22,59.206,59.22,28000000,1
1300248720000,1300248779000,59.22,59.227,59.22,59.227,7000000,1
1300248780000,1300248839000,59.227,59.228,59.227,59.228,12000000,1
1300248840000,1300248899000,59.228,59.246,59.228,59.237,36000000,1
1300248900000,1300248959000,59.237,59.246,59.227,59.227,90000000,1
1300248960000,1300249019000,59.227,59.227,59.208,59.217,47000000,1
1300249020000,1300249079000,59.217,59.217,59.199,59.207,59000000,1
1300249080000,1300249139000,59.206,59.231,59.206,59.226,92000000,1
1300249140000,1300249199000,59.226,59.252,59.216,59.226,70000000,1
1300249200000,1300249259000,59.226,59.234,59.216,59.217,70000000,1
1300249260000,1300249319000,59.226,59.226,59.217,59.226,42000000,1
1300249320000,1300249379000,59.226,59.237,59.222,59.237,89000000,1
1300249380000,1300249439000,59.237,59.237,59.221,59.236,123000000,1
1300249440000,1300249499000,59.236,59.236,59.22,59.224,71000000,1
1300249500000,1300249559000,59.22,59.237,59.22,59.237,47000000,1
1300249560000,1300249619000,59.237,59.247,59.237,59.241,48000000,1
1300249620000,1300249679000,59.24,59.247,59.227,59.229,47000000,1
1300249680000,1300249739000,59.229,59.237,59.229,59.237,35000000,1
1300249740000,1300249799000,59.237,59.237,59.218,59.226,59000000,1
1300249800000,1300249859000,59.221,59.227,59.213,59.226,42000000,1
1300249860000,1300249919000,59.22,59.227,59.22,59.224,28000000,1
1300249920000,1300249979000,59.227,59.227,59.216,59.218,39000000,1
1300249980000,1300250039000,59.218,59.223,59.216,59.223,35000000,1
1300250040000,1300250099000,59.223,59.237,59.208,59.208,63000000,1
1300250100000,1300250159000,59.208,59.219,59.208,59.218,45000000,1
1300250160000,1300250219000,59.218,59.228,59.206,59.228,50000000,1
1300250220000,1300250279000,59.228,59.237,59.228,59.237,19000000,1
1300250280000,1300250339000,59.237,59.257,59.237,59.247,44000000,1
1300250340000,1300250399000,59.257,59.258,59.248,59.25,41000000,1
1300250400000,1300250459000,59.253,59.288,59.248,59.277,103000000,1
1300250460000,1300250519000,59.277,59.277,59.257,59.261,93000000,1
1300250520000,1300250579000,59.267,59.279,59.267,59.27,26000000,1
1300250580000,1300250639000,59.271,59.281,59.237,59.237,122000000,1
1300250640000,1300250699000,59.237,59.247,59.237,59.247,43000000,1
1300250700000,1300250759000,59.247,59.267,59.247,59.267,82000000,1
1300250760000,1300250819000,59.268,59.268,59.266,59.267,27000000,1
1300250820000,1300250879000,59.267,59.267,59.237,59.237,77000000,1
1300250880000,1300250939000,59.237,59.237,59.227,59.236,34000000,1
1300250940000,1300250999000,59.237,59.238,59.228,59.237,25000000,1
1300251000000,1300251059000,59.237,59.266,59.227,59.249,96000000,1
1300251060000,1300251119000,59.247,59.267,59.237,59.244,72000000,1
1300251120000,1300251179000,59.246,59.247,59.226,59.226,66000000,1
1300251180000,1300251239000,59.227,59.241,59.227,59.228,76000000,1
1300251240000,1300251299000,59.228,59.231,59.228,59.228,12000000,1
1300251300000,1300251359000,59.228,59.23,59.227,59.23,19000000,1
1300251360000,1300251419000,59.23,59.246,59.23,59.246,23000000,1
1300251420000,1300251479000,59.246,59.246,59.238,59.238,21000000,1
1300251480000,1300251539000,59.238,59.247,59.206,59.216,137000000,1
1300251540000,1300251599000,59.217,59.236,59.216,59.226,70000000,1
1300251600000,1300251659000,59.226,59.226,59.208,59.216,44000000,1
1300251660000,1300251719000,59.217,59.219,59.206,59.206,39000000,1
1300251720000,1300251779000,59.206,59.22,59.206,59.208,32000000,1
1300251780000,1300251839000,59.208,59.208,59.186,59.197,61000000,1
1300251840000,1300251899000,59.197,59.209,59.191,59.207,109000000,1
1300251900000,1300251959000,59.207,59.214,59.206,59.214,74000000,1
1300251960000,1300252019000,59.217,59.217,59.2,59.208,46000000,1
1300252020000,1300252079000,59.208,59.208,59.198,59.2,30000000,1
1300252080000,1300252139000,59.198,59.198,59.192,59.198,11000000,1
1300252140000,1300252199000,59.196,59.196,59.166,59.176,46000000,1
1300252200000,1300252259000,59.176,59.18,59.161,59.177,55000000,1
1300252260000,1300252319000,59.177,59.196,59.166,59.192,74000000,1
1300252320000,1300252379000,59.195,59.198,59.195,59.196,16000000,1
1300252380000,1300252439000,59.196,59.197,59.196,59.196,25000000,1
1300252440000,1300252499000,59.197,59.197,59.186,59.189,34000000,1
1300252500000,1300252559000,59.188,59.198,59.188,59.198,55000000,1
1300252560000,1300252619000,59.197,59.198,59.196,59.196,56000000,1
1300252620000,1300252679000,59.197,59.198,59.187,59.198,73000000,1
1300252680000,1300252739000,59.198,59.217,59.198,59.207,75000000,1
1300252740000,1300252799000,59.206,59.218,59.206,59.207,26000000,1
1300252800000,1300252859000,59.207,59.209,59.206,59.207,14000000,1
1300252860000,1300252919000,59.207,59.208,59.206,59.208,26000000,1
1300252920000,1300252979000,59.207,59.218,59.207,59.216,29000000,1
1300252980000,1300253039000,59.211,59.217,59.207,59.217,16000000,1
1300253040000,1300253099000,59.217,59.217,59.207,59.208,55000000,1
1300253100000,1300253159000,59.216,59.218,59.212,59.212,24000000,1
1300253160000,1300253219000,59.217,59.217,59.186,59.187,28000000,1
1300253220000,1300253279000,59.187,59.22,59.187,59.216,117000000,1
1300253280000,1300253339000,59.212,59.227,59.207,59.227,45000000,1
1300253340000,1300253399000,59.226,59.236,59.226,59.236,32000000,1
1300253400000,1300253459000,59.236,59.248,59.236,59.247,56000000,1
1300253460000,1300253519000,59.24,59.24,59.218,59.218,109000000,1
1300253520000,1300253579000,59.218,59.228,59.208,59.217,140000000,1
1300253580000,1300253639000,59.217,59.232,59.217,59.23,52000000,1
1300253640000,1300253699000,59.23,59.238,59.217,59.226,160000000,1
1300253700000,1300253759000,59.226,59.231,59.206,59.217,67000000,1
1300253760000,1300253819000,59.215,59.217,59.207,59.207,15000000,1
1300253820000,1300253879000,59.206,59.206,59.176,59.197,139000000,1
1300253880000,1300253939000,59.202,59.237,59.196,59.228,280000000,1
1300253940000,1300253999000,59.227,59.278,59.227,59.268,169000000,1
1300254000000,1300254059000,59.268,59.268,59.246,59.256,106000000,1
1300254060000,1300254119000,59.251,59.268,59.247,59.247,92000000,1
1300254120000,1300254179000,59.247,59.26,59.241,59.247,87000000,1
1300254180000,1300254239000,59.247,59.248,59.238,59.248,17000000,1
1300254240000,1300254299000,59.251,59.253,59.246,59.251,71000000,1
1300254300000,1300254359000,59.251,59.259,59.247,59.249,99000000,1
1300254360000,1300254419000,59.25,59.27,59.237,59.268,66000000,1
1300254420000,1300254479000,59.259,59.268,59.252,59.268,57000000,1
1300254480000,1300254539000,59.258,59.277,59.258,59.277,25000000,1
1300254540000,1300254599000,59.276,59.276,59.247,59.249,48000000,1
1300254600000,1300254659000,59.252,59.259,59.248,59.257,33000000,1
1300254660000,1300254719000,59.254,59.254,59.216,59.237,54000000,1
1300254720000,1300254779000,59.236,59.236,59.236,59.236,12000000,1
1300254780000,1300254839000,59.236,59.247,59.236,59.246,21000000,1
1300254840000,1300254899000,59.237,59.257,59.236,59.246,29000000,1
1300254900000,1300254959000,59.246,59.248,59.226,59.239,73000000,1
1300254960000,1300255019000,59.246,59.248,59.236,59.246,101000000,1
1300255020000,1300255079000,59.246,59.247,59.227,59.237,71000000,1
1300255080000,1300255139000,59.237,59.258,59.237,59.258,48000000,1
1300255140000,1300255199000,59.258,59.268,59.246,59.257,86000000,1
1300255200000,1300255259000,59.256,59.267,59.238,59.267,95000000,1
1300255260000,1300255319000,59.267,59.268,59.228,59.228,77000000,1
1300255320000,1300255379000,59.228,59.238,59.206,59.212,99000000,1
1300255380000,1300255439000,59.208,59.216,59.197,59.197,40000000,1
1300255440000,1300255499000,59.197,59.208,59.181,59.198,125000000,1
1300255500000,1300255559000,59.198,59.218,59.197,59.197,97000000,1
1300255560000,1300255619000,59.197,59.198,59.187,59.193,100000000,1
1300255620000,1300255679000,59.198,59.206,59.188,59.192,135000000,1
1300255680000,1300255739000,59.197,59.207,59.196,59.197,44000000,1
1300255740000,1300255799000,59.197,59.207,59.187,59.197,85000000,1
1300255800000,1300255859000,59.197,59.216,59.188,59.216,35000000,1
1300255860000,1300255919000,59.216,59.227,59.206,59.227,65000000,1
1300255920000,1300255979000,59.233,59.237,59.208,59.208,71000000,1
1300255980000,1300256039000,59.21,59.218,59.199,59.206,69000000,1
1300256040000,1300256099000,59.206,59.217,59.197,59.207,50000000,1
1300256100000,1300256159000,59.206,59.208,59.206,59.207,20000000,1
1300256160000,1300256219000,59.207,59.207,59.176,59.178,55000000,1
1300256220000,1300256279000,59.178,59.187,59.176,59.177,53000000,1
1300256280000,1300256339000,59.169,59.206,59.169,59.197,54000000,1
1300256340000,1300256399000,59.196,59.196,59.178,59.178,40000000,1
1300256400000,1300256459000,59.178,59.187,59.177,59.182,63000000,1
1300256460000,1300256519000,59.186,59.198,59.186,59.196,68000000,1
1300256520000,1300256579000,59.196,59.201,59.187,59.198,64000000,1
1300256580000,1300256639000,59.196,59.198,59.179,59.187,42000000,1
1300256640000,1300256699000,59.187,59.188,59.158,59.188,69000000,1
1300256700000,1300256759000,59.188,59.188,59.167,59.177,54000000,1
1300256760000,1300256819000,59.177,59.181,59.177,59.181,50000000,1
1300256820000,1300256879000,59.181,59.181,59.167,59.169,63000000,1
1300256880000,1300256939000,59.173,59.173,59.157,59.167,73000000,1
1300256940000,1300256999000,59.167,59.168,59.148,59.168,70000000,1
1300257000000,1300257059000,59.167,59.17,59.157,59.168,85000000,1
1300257060000,1300257119000,59.168,59.168,59.148,59.158,47000000,1
1300257120000,1300257179000,59.158,59.158,59.147,59.152,86000000,1
1300257180000,1300257239000,59.152,59.159,59.148,59.158,83000000,1
1300257240000,1300257299000,59.158,59.168,59.157,59.168,50000000,1
1300257300000,1300257359000,59.167,59.208,59.167,59.196,110000000,1
1300257360000,1300257419000,59.196,59.202,59.172,59.2,131000000,1
1300257420000,1300257479000,59.203,59.226,59.203,59.218,56000000,1
1300257480000,1300257539000,59.216,59.218,59.206,59.208,39000000,1
1300257540000,1300257599000,59.208,59.227,59.208,59.221,38000000,1
1300257600000,1300257659000,59.221,59.236,59.22,59.227,48000000,1
1300257660000,1300257719000,59.228,59.228,59.207,59.228,51000000,1
1300257720000,1300257779000,59.228,59.23,59.227,59.228,30000000,1
1300257780000,1300257839000,59.227,59.237,59.227,59.236,22000000,1
1300257840000,1300257899000,59.226,59.238,59.226,59.237,62000000,1
1300257900000,1300257959000,59.237,59.257,59.218,59.257,74000000,1
1300257960000,1300258019000,59.246,59.296,59.246,59.296,118000000,1
1300258020000,1300258079000,59.287,59.328,59.276,59.328,75000000,1
1300258080000,1300258139000,59.328,59.338,59.317,59.317,107000000,1
1300258140000,1300258199000,59.317,59.319,59.267,59.276,120000000,1
1300258200000,1300258259000,59.277,59.277,59.247,59.248,70000000,1
1300258260000,1300258319000,59.249,59.267,59.248,59.266,95000000,1
1300258320000,1300258379000,59.266,59.277,59.266,59.277,55000000,1
1300258380000,1300258439000,59.267,59.28,59.262,59.28,58000000,1
1300258440000,1300258499000,59.28,59.306,59.28,59.296,51000000,1
1300258500000,1300258559000,59.296,59.32,59.292,59.317,117000000,1
1300258560000,1300258619000,59.32,59.32,59.297,59.308,88000000,1
1300258620000,1300258679000,59.308,59.318,59.302,59.316,58000000,1
1300258680000,1300258739000,59.317,59.328,59.307,59.318,97000000,1
1300258740000,1300258799000,59.316,59.326,59.308,59.326,58000000,1
1300258800000,1300258859000,59.326,59.337,59.297,59.328,180000000,1
1300258860000,1300258919000,59.331,59.337,59.316,59.316,32000000,1
1300258920000,1300258979000,59.317,59.328,59.297,59.328,98000000,1
1300258980000,1300259039000,59.33,59.338,59.328,59.338,26000000,1
1300259040000,1300259099000,59.338,59.347,59.322,59.347,58000000,1
1300259100000,1300259159000,59.347,59.387,59.335,59.367,158000000,1
1300259160000,1300259219000,59.367,59.367,59.356,59.361,65000000,1
1300259220000,1300259279000,59.367,59.377,59.357,59.368,94000000,1
1300259280000,1300259339000,59.368,59.408,59.367,59.407,110000000,1
1300259340000,1300259399000,59.407,59.408,59.376,59.386,82000000,1
1300259400000,1300259459000,59.377,59.397,59.366,59.386,154000000,1
1300259460000,1300259519000,59.387,59.387,59.357,59.366,61000000,1
1300259520000,1300259579000,59.366,59.367,59.356,59.357,49000000,1
1300259580000,1300259639000,59.348,59.368,59.336,59.347,61000000,1
1300259640000,1300259699000,59.348,59.358,59.337,59.356,57000000,1
1300259700000,1300259759000,59.356,59.397,59.346,59.367,82000000,1
1300259760000,1300259819000,59.368,59.368,59.348,59.356,73000000,1
1300259820000,1300259879000,59.348,59.356,59.327,59.347,75000000,1
1300259880000,1300259939000,59.357,59.367,59.346,59.347,47000000,1
1300259940000,1300259999000,59.347,59.357,59.337,59.347,59000000,1
1300260000000,1300260059000,59.347,59.377,59.347,59.36,82000000,1
1300260060000,1300260119000,59.367,59.376,59.336,59.346,155000000,1
1300260120000,1300260179000,59.348,59.348,59.316,59.326,69000000,1
1300260180000,1300260239000,59.326,59.337,59.317,59.327,49000000,1
1300260240000,1300260299000,59.337,59.348,59.316,59.348,103000000,1
1300260300000,1300260359000,59.357,59.358,59.328,59.347,67000000,1
1300260360000,1300260419000,59.347,59.367,59.347,59.367,33000000,1
1300260420000,1300260479000,59.367,59.388,59.366,59.388,52000000,1
1300260480000,1300260539000,59.387,59.417,59.387,59.408,96000000,1
1300260540000,1300260599000,59.408,59.427,59.386,59.387,136000000,1
1300260600000,1300260659000,59.388,59.426,59.386,59.426,90000000,1
1300260660000,1300260719000,59.426,59.436,59.418,59.436,47000000,1
1300260720000,1300260779000,59.436,59.446,59.428,59.436,46000000,1
1300260780000,1300260839000,59.437,59.447,59.429,59.447,29000000,1
1300260840000,1300260899000,59.447,59.466,59.447,59.456,55000000,1
1300260900000,1300260959000,59.456,59.457,59.427,59.457,80000000,1
1300260960000,1300261019000,59.457,59.467,59.426,59.427,53000000,1
1300261020000,1300261079000,59.427,59.437,59.416,59.416,40000000,1
1300261080000,1300261139000,59.417,59.427,59.406,59.407,58000000,1
1300261140000,1300261199000,59.408,59.438,59.407,59.436,111000000,1
1300261200000,1300261259000,59.437,59.448,59.427,59.437,53000000,1
1300261260000,1300261319000,59.431,59.44,59.428,59.44,49000000,1
1300261320000,1300261379000,59.438,59.498,59.417,59.487,69000000,1
1300261380000,1300261439000,59.486,59.488,59.457,59.458,92000000,1
1300261440000,1300261499000,59.458,59.466,59.456,59.456,28000000,1
1300261500000,1300261559000,59.456,59.456,59.407,59.408,53000000,1
1300261560000,1300261619000,59.407,59.418,59.406,59.418,67000000,1
1300261620000,1300261679000,59.418,59.427,59.411,59.417,41000000,1
1300261680000,1300261739000,59.417,59.428,59.396,59.428,65000000,1
1300261740000,1300261799000,59.426,59.456,59.413,59.448,90000000,1
1300261800000,1300261859000,59.448,59.448,59.386,59.397,171000000,1
1300261860000,1300261919000,59.397,59.397,59.368,59.376,194000000,1
1300261920000,1300261979000,59.378,59.387,59.367,59.367,58000000,1
1300261980000,1300262039000,59.368,59.408,59.367,59.4,116000000,1
1300262040000,1300262099000,59.408,59.416,59.396,59.406,90000000,1
1300262100000,1300262159000,59.406,59.467,59.406,59.427,203000000,1
1300262160000,1300262219000,59.427,59.457,59.427,59.448,148000000,1
1300262220000,1300262279000,59.448,59.487,59.448,59.481,142000000,1
1300262280000,1300262339000,59.488,59.488,59.449,59.457,135000000,1
1300262340000,1300262399000,59.457,59.487,59.447,59.477,145000000,1
1300262400000,1300262459000,59.477,59.477,59.437,59.437,152000000,1
1300262460000,1300262519000,59.437,59.458,59.426,59.428,114000000,1
1300262520000,1300262579000,59.436,59.447,59.428,59.428,66000000,1
1300262580000,1300262639000,59.427,59.437,59.427,59.428,70000000,1
1300262640000,1300262699000,59.436,59.456,59.417,59.447,124000000,1
1300262700000,1300262759000,59.44,59.498,59.428,59.498,114000000,1
1300262760000,1300262819000,59.501,59.55,59.501,59.53,226000000,1
1300262820000,1300262879000,59.528,59.568,59.514,59.565,199000000,1
1300262880000,1300262939000,59.568,59.568,59.507,59.522,119000000,1
1300262940000,1300262999000,59.521,59.527,59.502,59.506,184000000,1
1300263000000,1300263059000,59.506,59.517,59.481,59.481,131000000,1
1300263060000,1300263119000,59.478,59.481,59.456,59.481,77000000,1
1300263120000,1300263179000,59.481,59.498,59.477,59.497,85000000,1
1300263180000,1300263239000,59.499,59.499,59.487,59.488,47000000,1
1300263240000,1300263299000,59.488,59.496,59.477,59.48,128000000,1
1300263300000,1300263359000,59.478,59.478,59.437,59.439,95000000,1
1300263360000,1300263419000,59.446,59.448,59.442,59.448,60000000,1
1300263420000,1300263479000,59.448,59.45,59.418,59.438,83000000,1
1300263480000,1300263539000,59.439,59.447,59.409,59.417,184000000,1
1300263540000,1300263599000,59.417,59.417,59.397,59.397,130000000,1
1300263600000,1300263659000,59.397,59.418,59.397,59.418,48000000,1
1300263660000,1300263719000,59.418,59.428,59.418,59.427,31000000,1
1300263720000,1300263779000,59.427,59.427,59.406,59.41,96000000,1
1300263780000,1300263839000,59.416,59.416,59.396,59.396,64000000,1
1300263840000,1300263899000,59.396,59.408,59.396,59.4,90000000,1
1300263900000,1300263959000,59.397,59.397,59.367,59.396,91000000,1
1300263960000,1300264019000,59.396,59.396,59.356,59.357,49000000,1
1300264020000,1300264079000,59.357,59.358,59.326,59.326,77000000,1
1300264080000,1300264139000,59.318,59.358,59.292,59.358,242000000,1
1300264140000,1300264199000,59.358,59.358,59.31,59.327,122000000,1
1300264200000,1300264259000,59.327,59.357,59.327,59.337,101000000,1
1300264260000,1300264319000,59.337,59.337,59.326,59.337,57000000,1
1300264320000,1300264379000,59.337,59.337,59.317,59.327,49000000,1
1300264380000,1300264439000,59.331,59.338,59.316,59.317,37000000,1
1300264440000,1300264499000,59.317,59.317,59.306,59.306,26000000,1
1300264500000,1300264559000,59.308,59.337,59.298,59.337,97000000,1
1300264560000,1300264619000,59.337,59.347,59.332,59.332,39000000,1
1300264620000,1300264679000,59.338,59.342,59.336,59.338,29000000,1
1300264680000,1300264739000,59.338,59.348,59.328,59.347,41000000,1
1300264740000,1300264799000,59.347,59.351,59.34,59.348,46000000,1
1300264800000,1300264859000,59.348,59.356,59.337,59.339,41000000,1
1300264860000,1300264919000,59.337,59.338,59.326,59.336,89000000,1
1300264920000,1300264979000,59.336,59.347,59.326,59.327,48000000,1
1300264980000,1300265039000,59.327,59.337,59.326,59.328,43000000,1
1300265040000,1300265099000,59.327,59.358,59.326,59.357,88000000,1
1300265100000,1300265159000,59.357,59.357,59.336,59.336,91000000,1
1300265160000,1300265219000,59.336,59.337,59.327,59.327,47000000,1
1300265220000,1300265279000,59.327,59.338,59.318,59.338,75000000,1
1300265280000,1300265339000,59.338,59.358,59.338,59.347,53000000,1
1300265340000,1300265399000,59.347,59.357,59.338,59.348,84000000,1
1300265400000,1300265459000,59.356,59.356,59.336,59.348,89000000,1
1300265460000,1300265519000,59.349,59.368,59.347,59.368,38000000,1
1300265520000,1300265579000,59.368,59.37,59.358,59.358,69000000,1
1300265580000,1300265639000,59.358,59.377,59.358,59.366,46000000,1
1300265640000,1300265699000,59.367,59.367,59.356,59.357,39000000,1
1300265700000,1300265759000,59.357,59.358,59.356,59.356,16000000,1
1300265760000,1300265819000,59.356,59.356,59.327,59.327,66000000,1
1300265820000,1300265879000,59.327,59.328,59.326,59.326,31000000,1
1300265880000,1300265939000,59.327,59.337,59.326,59.327,44000000,1
1300265940000,1300265999000,59.326,59.328,59.318,59.327,72000000,1
1300266000000,1300266059000,59.326,59.328,59.317,59.327,45000000,1
1300266060000,1300266119000,59.327,59.337,59.297,59.297,71000000,1
1300266120000,1300266179000,59.297,59.307,59.297,59.297,46000000,1
1300266180000,1300266239000,59.297,59.309,59.297,59.297,81000000,1
1300266240000,1300266299000,59.297,59.298,59.276,59.286,104000000,1
1300266300000,1300266359000,59.276,59.287,59.268,59.277,79000000,1
1300266360000,1300266419000,59.277,59.308,59.271,59.298,76000000,1
1300266420000,1300266479000,59.306,59.306,59.296,59.297,36000000,1
1300266480000,1300266539000,59.297,59.328,59.297,59.326,83000000,1
1300266540000,1300266599000,59.326,59.328,59.326,59.326,24000000,1
1300266600000,1300266659000,59.327,59.337,59.326,59.326,13000000,1
1300266660000,1300266719000,59.326,59.327,59.307,59.317,48000000,1
1300266720000,1300266779000,59.311,59.317,59.308,59.316,26000000,1
1300266780000,1300266839000,59.327,59.337,59.326,59.327,23000000,1
1300266840000,1300266899000,59.326,59.337,59.326,59.326,30000000,1
1300266900000,1300266959000,59.326,59.327,59.306,59.326,89000000,1
1300266960000,1300267019000,59.326,59.326,59.296,59.316,66000000,1
1300267020000,1300267079000,59.316,59.327,59.306,59.307,81000000,1
1300267080000,1300267139000,59.306,59.307,59.296,59.296,23000000,1
1300267140000,1300267199000,59.297,59.327,59.297,59.317,47000000,1
1300267200000,1300267259000,59.317,59.337,59.317,59.317,44000000,1
1300267260000,1300267319000,59.317,59.317,59.296,59.296,56000000,1
1300267320000,1300267379000,59.296,59.296,59.267,59.267,86000000,1
1300267380000,1300267439000,59.267,59.276,59.255,59.267,91000000,1
1300267440000,1300267499000,59.267,59.267,59.227,59.237,88000000,1
1300267500000,1300267559000,59.237,59.257,59.228,59.247,71000000,1
1300267560000,1300267619000,59.247,59.247,59.217,59.238,68000000,1
1300267620000,1300267679000,59.238,59.248,59.227,59.237,65000000,1
1300267680000,1300267739000,59.237,59.237,59.208,59.217,54000000,1
1300267740000,1300267799000,59.209,59.226,59.206,59.226,57000000,1
1300267800000,1300267859000,59.226,59.247,59.216,59.228,93000000,1
1300267860000,1300267919000,59.227,59.228,59.207,59.208,44000000,1
1300267920000,1300267979000,59.209,59.218,59.187,59.196,53000000,1
1300267980000,1300268039000,59.196,59.196,59.166,59.177,96000000,1
1300268040000,1300268099000,59.177,59.186,59.137,59.147,144000000,1
1300268100000,1300268159000,59.147,59.158,59.136,59.136,156000000,1
1300268160000,1300268219000,59.136,59.147,59.136,59.147,129000000,1
1300268220000,1300268279000,59.148,59.167,59.147,59.166,98000000,1
1300268280000,1300268339000,59.166,59.167,59.146,59.146,113000000,1
1300268340000,1300268399000,59.146,59.147,59.096,59.096,66000000,1
1300268400000,1300268459000,59.098,59.137,59.098,59.118,85000000,1
1300268460000,1300268519000,59.118,59.129,59.107,59.117,111000000,1
1300268520000,1300268579000,59.118,59.147,59.118,59.121,66000000,1
1300268580000,1300268639000,59.127,59.139,59.117,59.138,78000000,1
1300268640000,1300268699000,59.138,59.166,59.138,59.166,56000000,1
1300268700000,1300268759000,59.157,59.158,59.138,59.156,112000000,1
1300268760000,1300268819000,59.156,59.156,59.126,59.127,83000000,1
1300268820000,1300268879000,59.127,59.138,59.116,59.137,86000000,1
1300268880000,1300268939000,59.137,59.148,59.118,59.127,93000000,1
1300268940000,1300268999000,59.128,59.147,59.118,59.127,153000000,1
1300269000000,1300269059000,59.127,59.167,59.126,59.147,177000000,1
1300269060000,1300269119000,59.147,59.157,59.127,59.136,102000000,1
1300269120000,1300269179000,59.136,59.147,59.117,59.127,102000000,1
1300269180000,1300269239000,59.127,59.127,59.108,59.127,47000000,1
1300269240000,1300269299000,59.127,59.127,59.116,59.116,41000000,1
1300269300000,1300269359000,59.117,59.118,59.087,59.107,121000000,1
1300269360000,1300269419000,59.098,59.147,59.087,59.137,120000000,1
1300269420000,1300269479000,59.137,59.148,59.128,59.138,121000000,1
1300269480000,1300269539000,59.138,59.138,59.088,59.088,80000000,1
1300269540000,1300269599000,59.087,59.116,59.081,59.097,126000000,1
1300269600000,1300269659000,59.097,59.11,59.087,59.107,129000000,1
1300269660000,1300269719000,59.106,59.116,59.088,59.088,59000000,1
1300269720000,1300269779000,59.089,59.099,59.055,59.099,132000000,1
1300269780000,1300269839000,59.098,59.107,59.078,59.087,98000000,1
1300269840000,1300269899000,59.088,59.088,59.046,59.058,61000000,1
1300269900000,1300269959000,59.057,59.07,59.019,59.027,166000000,1
1300269960000,1300270019000,59.019,59.049,59.019,59.047,101000000,1
1300270020000,1300270079000,59.047,59.048,59.037,59.048,35000000,1
1300270080000,1300270139000,59.048,59.057,59.042,59.047,47000000,1
1300270140000,1300270199000,59.047,59.047,59.028,59.038,42000000,1
1300270200000,1300270259000,59.046,59.047,59.037,59.038,50000000,1
1300270260000,1300270319000,59.036,59.068,59.036,59.066,69000000,1
1300270320000,1300270379000,59.066,59.067,59.026,59.026,55000000,1
1300270380000,1300270439000,59.026,59.029,59.026,59.026,59000000,1
1300270440000,1300270499000,59.027,59.03,59.016,59.03,68000000,1
1300270500000,1300270559000,59.037,59.038,59.013,59.018,72000000,1
1300270560000,1300270619000,59.018,59.026,59.016,59.016,33000000,1
1300270620000,1300270679000,59.018,59.038,59.0,59.006,63000000,1
1300270680000,1300270739000,59.006,59.018,59.0,59.007,71000000,1
1300270740000,1300270799000,59.007,59.007,58.977,59.007,126000000,1
1300270800000,1300270859000,59.008,59.018,58.996,59.007,92000000,1
1300270860000,1300270919000,58.997,59.017,58.994,59.01,137000000,1
1300270920000,1300270979000,59.011,59.048,59.011,59.038,134000000,1
1300270980000,1300271039000,59.038,59.117,59.037,59.098,137000000,1
1300271040000,1300271099000,59.106,59.108,59.098,59.098,36000000,1
1300271100000,1300271159000,59.098,59.117,59.096,59.108,49000000,1
1300271160000,1300271219000,59.109,59.118,59.106,59.108,91000000,1
1300271220000,1300271279000,59.108,59.128,59.108,59.118,56000000,1
1300271280000,1300271339000,59.117,59.117,59.096,59.106,79000000,1
1300271340000,1300271399000,59.106,59.118,59.097,59.117,68000000,1
1300271400000,1300271459000,59.117,59.117,59.103,59.117,70000000,1
1300271460000,1300271519000,59.117,59.128,59.108,59.118,74000000,1
1300271520000,1300271579000,59.118,59.127,59.106,59.109,111000000,1
1300271580000,1300271639000,59.11,59.128,59.107,59.128,70000000,1
1300271640000,1300271699000,59.128,59.148,59.128,59.148,63000000,1
1300271700000,1300271759000,59.149,59.149,59.136,59.146,62000000,1
1300271760000,1300271819000,59.146,59.188,59.14,59.188,112000000,1
1300271820000,1300271879000,59.188,59.188,59.156,59.156,65000000,1
1300271880000,1300271939000,59.156,59.156,59.138,59.138,38000000,1
1300271940000,1300271999000,59.143,59.168,59.138,59.168,90000000,1
1300272000000,1300272059000,59.167,59.197,59.166,59.186,96000000,1
1300272060000,1300272119000,59.188,59.188,59.171,59.177,71000000,1
1300272120000,1300272179000,59.177,59.187,59.157,59.157,80000000,1
1300272180000,1300272239000,59.151,59.153,59.117,59.118,86000000,1
1300272240000,1300272299000,59.118,59.126,59.095,59.101,109000000,1
1300272300000,1300272359000,59.097,59.097,59.077,59.087,65000000,1
1300272360000,1300272419000,59.087,59.087,59.068,59.068,68000000,1
1300272420000,1300272479000,59.066,59.077,59.04,59.057,150000000,1
1300272480000,1300272539000,59.057,59.087,59.057,59.087,115000000,1
1300272540000,1300272599000,59.087,59.097,59.077,59.077,103000000,1
1300272600000,1300272659000,59.077,59.098,59.068,59.077,148000000,1
1300272660000,1300272719000,59.077,59.089,59.068,59.086,213000000,1
1300272720000,1300272779000,59.086,59.107,59.063,59.099,226000000,1
1300272780000,1300272839000,59.098,59.167,59.08,59.167,120000000,1
1300272840000,1300272899000,59.167,59.178,59.156,59.178,117000000,1
1300272900000,1300272959000,59.178,59.178,59.168,59.177,50000000,1
1300272960000,1300273019000,59.177,59.178,59.157,59.177,99000000,1
1300273020000,1300273079000,59.177,59.178,59.168,59.168,54000000,1
1300273080000,1300273139000,59.173,59.178,59.167,59.176,60000000,1
1300273140000,1300273199000,59.176,59.176,59.157,59.158,98000000,1
1300273200000,1300273259000,59.158,59.158,59.107,59.146,88000000,1
1300273260000,1300273319000,59.146,59.158,59.137,59.157,51000000,1
1300273320000,1300273379000,59.158,59.167,59.106,59.107,103000000,1
1300273380000,1300273439000,59.107,59.116,59.09,59.096,79000000,1
1300273440000,1300273499000,59.096,59.127,59.096,59.117,101000000,1
1300273500000,1300273559000,59.117,59.127,59.098,59.107,74000000,1
1300273560000,1300273619000,59.107,59.109,59.097,59.109,132000000,1
1300273620000,1300273679000,59.113,59.138,59.087,59.127,153000000,1
1300273680000,1300273739000,59.127,59.14,59.109,59.118,109000000,1
1300273740000,1300273799000,59.118,59.138,59.118,59.127,82000000,1
1300273800000,1300273859000,59.127,59.127,59.119,59.127,45000000,1
1300273860000,1300273919000,59.138,59.138,59.126,59.127,38000000,1
1300273920000,1300273979000,59.127,59.128,59.116,59.118,50000000,1
1300273980000,1300274039000,59.118,59.118,59.117,59.118,37000000,1
1300274040000,1300274099000,59.118,59.137,59.117,59.137,23000000,1
1300274100000,1300274159000,59.137,59.15,59.136,59.146,61000000,1
1300274160000,1300274219000,59.146,59.147,59.137,59.138,22000000,1
1300274220000,1300274279000,59.138,59.147,59.128,59.136,41000000,1
1300274280000,1300274339000,59.137,59.137,59.111,59.117,66000000,1
1300274340000,1300274399000,59.117,59.139,59.117,59.127,146000000,1
1300274400000,1300274459000,59.127,59.167,59.127,59.157,203000000,1
1300274460000,1300274519000,59.157,59.208,59.157,59.167,149000000,1
1300274520000,1300274579000,59.167,59.182,59.158,59.177,91000000,1
1300274580000,1300274639000,59.178,59.208,59.178,59.196,124000000,1
1300274640000,1300274699000,59.196,59.211,59.193,59.199,49000000,1
1300274700000,1300274759000,59.201,59.221,59.201,59.216,61000000,1
1300274760000,1300274819000,59.21,59.246,59.208,59.227,86000000,1
1300274820000,1300274879000,59.227,59.249,59.217,59.236,117000000,1
1300274880000,1300274939000,59.236,59.246,59.227,59.227,121000000,1
1300274940000,1300274999000,59.227,59.228,59.206,59.208,107000000,1
1300275000000,1300275059000,59.208,59.227,59.208,59.227,62000000,1
1300275060000,1300275119000,59.227,59.228,59.206,59.206,56000000,1
1300275120000,1300275179000,59.207,59.227,59.206,59.227,54000000,1
1300275180000,1300275239000,59.227,59.229,59.227,59.228,40000000,1
1300275240000,1300275299000,59.228,59.231,59.218,59.228,69000000,1
1300275300000,1300275359000,59.227,59.227,59.197,59.197,78000000,1
1300275360000,1300275419000,59.197,59.219,59.197,59.208,60000000,1
1300275420000,1300275479000,59.208,59.218,59.207,59.209,34000000,1
1300275480000,1300275539000,59.207,59.219,59.187,59.187,188000000,1
1300275540000,1300275599000,59.187,59.207,59.186,59.188,104000000,1
1300275600000,1300275659000,59.188,59.188,59.167,59.177,99000000,1
1300275660000,1300275719000,59.176,59.178,59.168,59.168,37000000,1
1300275720000,1300275779000,59.169,59.187,59.168,59.187,32000000,1
1300275780000,1300275839000,59.187,59.208,59.18,59.207,68000000,1
1300275840000,1300275899000,59.208,59.208,59.206,59.207,164000000,1
1300275900000,1300275959000,59.207,59.207,59.187,59.187,227000000,1
1300275960000,1300276019000,59.187,59.2,59.179,59.196,149000000,1
1300276020000,1300276079000,59.196,59.198,59.188,59.196,51000000,1
1300276080000,1300276139000,59.196,59.197,59.167,59.178,73000000,1
1300276140000,1300276199000,59.178,59.198,59.177,59.187,72000000,1
1300276200000,1300276259000,59.187,59.188,59.167,59.188,59000000,1
1300276260000,1300276319000,59.188,59.196,59.176,59.188,85000000,1
1300276320000,1300276379000,59.177,59.188,59.176,59.178,101000000,1
1300276380000,1300276439000,59.178,59.198,59.177,59.198,99000000,1
1300276440000,1300276499000,59.188,59.208,59.188,59.208,51000000,1
1300276500000,1300276559000,59.208,59.218,59.197,59.207,61000000,1
1300276560000,1300276619000,59.207,59.227,59.198,59.227,114000000,1
1300276620000,1300276679000,59.227,59.248,59.227,59.247,118000000,1
1300276680000,1300276739000,59.24,59.258,59.24,59.247,84000000,1
1300276740000,1300276799000,59.249,59.267,59.238,59.248,87000000,1
1300276800000,1300276859000,59.248,59.286,59.242,59.278,131000000,1
1300276860000,1300276919000,59.278,59.278,59.266,59.268,97000000,1
1300276920000,1300276979000,59.268,59.288,59.256,59.277,137000000,1
1300276980000,1300277039000,59.277,59.319,59.276,59.317,151000000,1
1300277040000,1300277099000,59.316,59.331,59.307,59.308,142000000,1
1300277100000,1300277159000,59.309,59.318,59.287,59.287,113000000,1
1300277160000,1300277219000,59.288,59.288,59.276,59.276,42000000,1
1300277220000,1300277279000,59.276,59.288,59.256,59.288,87000000,1
1300277280000,1300277339000,59.288,59.288,59.272,59.286,35000000,1
1300277340000,1300277399000,59.287,59.292,59.277,59.287,115000000,1
1300277400000,1300277459000,59.286,59.298,59.268,59.268,107000000,1
1300277460000,1300277519000,59.267,59.281,59.267,59.267,34000000,1
1300277520000,1300277579000,59.267,59.278,59.267,59.267,35000000,1
1300277580000,1300277639000,59.257,59.287,59.246,59.277,126000000,1
1300277640000,1300277699000,59.277,59.286,59.277,59.278,54000000,1
1300277700000,1300277759000,59.278,59.298,59.277,59.296,129000000,1
1300277760000,1300277819000,59.296,59.319,59.296,59.319,58000000,1
1300277820000,1300277879000,59.323,59.339,59.319,59.338,41000000,1
1300277880000,1300277939000,59.338,59.349,59.338,59.346,61000000,1
1300277940000,1300277999000,59.346,59.346,59.327,59.331,69000000,1
1300278000000,1300278059000,59.331,59.338,59.317,59.327,87000000,1
1300278060000,1300278119000,59.326,59.337,59.315,59.318,73000000,1
1300278120000,1300278179000,59.318,59.348,59.318,59.348,63000000,1
1300278180000,1300278239000,59.348,59.348,59.336,59.336,55000000,1
1300278240000,1300278299000,59.336,59.349,59.336,59.343,91000000,1
1300278300000,1300278359000,59.343,59.343,59.317,59.327,115000000,1
1300278360000,1300278419000,59.327,59.328,59.297,59.301,78000000,1
1300278420000,1300278479000,59.302,59.317,59.29,59.299,108000000,1
1300278480000,1300278539000,59.299,59.299,59.288,59.298,76000000,1
1300278540000,1300278599000,59.291,59.298,59.257,59.257,72000000,1
1300278600000,1300278659000,59.257,59.258,59.198,59.247,323000000,1
1300278660000,1300278719000,59.248,59.258,59.208,59.217,125000000,1
1300278720000,1300278779000,59.213,59.26,59.213,59.258,127000000,1
1300278780000,1300278839000,59.258,59.258,59.191,59.199,185000000,1
1300278840000,1300278899000,59.212,59.251,59.21,59.251,133000000,1
1300278900000,1300278959000,59.257,59.26,59.218,59.227,149000000,1
1300278960000,1300279019000,59.222,59.232,59.161,59.178,201000000,1
1300279020000,1300279079000,59.178,59.2,59.169,59.186,159000000,1
1300279080000,1300279139000,59.178,59.201,59.141,59.19,225000000,1
1300279140000,1300279199000,59.188,59.248,59.178,59.248,239000000,1
1300279200000,1300279259000,59.248,59.252,59.208,59.246,220000000,1
1300279260000,1300279319000,59.257,59.257,59.207,59.246,149000000,1
1300279320000,1300279379000,59.246,59.268,59.24,59.25,84000000,1
1300279380000,1300279439000,59.248,59.258,59.218,59.248,175000000,1
1300279440000,1300279499000,59.247,59.247,59.156,59.198,260000000,1
1300279500000,1300279559000,59.201,59.207,59.167,59.207,258000000,1
1300279560000,1300279619000,59.212,59.246,59.199,59.2,182000000,1
1300279620000,1300279679000,59.2,59.247,59.197,59.247,121000000,1
1300279680000,1300279739000,59.247,59.247,59.217,59.228,146000000,1
1300279740000,1300279799000,59.229,59.238,59.217,59.237,117000000,1
1300279800000,1300279859000,59.237,59.246,59.226,59.246,63000000,1
1300279860000,1300279919000,59.246,59.276,59.235,59.237,126000000,1
1300279920000,1300279979000,59.237,59.258,59.236,59.248,108000000,1
1300279980000,1300280039000,59.248,59.258,59.228,59.239,144000000,1
1300280040000,1300280099000,59.237,59.249,59.236,59.238,103000000,1
1300280100000,1300280159000,59.238,59.238,59.226,59.228,97000000,1
1300280160000,1300280219000,59.228,59.237,59.207,59.213,106000000,1
1300280220000,1300280279000,59.213,59.247,59.206,59.247,87000000,1
1300280280000,1300280339000,59.247,59.256,59.237,59.256,95000000,1
1300280340000,1300280399000,59.256,59.256,59.226,59.226,82000000,1
1300280400000,1300280459000,59.227,59.245,59.208,59.245,96000000,1
1300280460000,1300280519000,59.246,59.269,59.23,59.246,89000000,1
1300280520000,1300280579000,59.247,59.247,59.237,59.237,44000000,1
1300280580000,1300280639000,59.237,59.257,59.231,59.237,145000000,1
1300280640000,1300280699000,59.232,59.248,59.228,59.242,125000000,1
1300280700000,1300280759000,59.238,59.247,59.22,59.24,82000000,1
1300280760000,1300280819000,59.242,59.263,59.222,59.262,188000000,1
1300280820000,1300280879000,59.262,59.262,59.236,59.237,109000000,1
1300280880000,1300280939000,59.237,59.257,59.237,59.246,76000000,1
1300280940000,1300280999000,59.246,59.252,59.237,59.247,102000000,1
1300281000000,1300281059000,59.25,59.252,59.212,59.22,114000000,1
1300281060000,1300281119000,59.221,59.249,59.217,59.217,150000000,1
1300281120000,1300281179000,59.213,59.227,59.206,59.209,97000000,1
1300281180000,1300281239000,59.209,59.21,59.176,59.177,105000000,1
1300281240000,1300281299000,59.178,59.195,59.165,59.187,183000000,1
1300281300000,1300281359000,59.186,59.202,59.156,59.156,147000000,1
1300281360000,1300281419000,59.156,59.188,59.156,59.175,105000000,1
1300281420000,1300281479000,59.175,59.184,59.166,59.168,119000000,1
1300281480000,1300281539000,59.173,59.2,59.173,59.19,94000000,1
1300281540000,1300281599000,59.196,59.209,59.183,59.206,114000000,1
1300281600000,1300281659000,59.206,59.207,59.186,59.187,114000000,1
1300281660000,1300281719000,59.19,59.193,59.166,59.17,161000000,1
1300281720000,1300281779000,59.171,59.189,59.167,59.177,123000000,1
1300281780000,1300281839000,59.177,59.177,59.157,59.169,99000000,1
1300281840000,1300281899000,59.169,59.169,59.146,59.148,93000000,1
1300281900000,1300281959000,59.149,59.158,59.147,59.158,42000000,1
1300281960000,1300282019000,59.157,59.166,59.146,59.15,115000000,1
1300282020000,1300282079000,59.149,59.167,59.119,59.156,152000000,1
1300282080000,1300282139000,59.156,59.166,59.128,59.134,113000000,1
1300282140000,1300282199000,59.14,59.148,59.099,59.107,143000000,1
1300282200000,1300282259000,59.106,59.118,59.078,59.1,175000000,1
1300282260000,1300282319000,59.105,59.122,59.08,59.11,173000000,1
1300282320000,1300282379000,59.111,59.167,59.107,59.149,236000000,1
1300282380000,1300282439000,59.156,59.164,59.136,59.161,151000000,1
1300282440000,1300282499000,59.161,59.167,59.149,59.167,96000000,1
1300282500000,1300282559000,59.167,59.197,59.167,59.167,137000000,1
1300282560000,1300282619000,59.17,59.17,59.111,59.111,139000000,1
1300282620000,1300282679000,59.113,59.157,59.101,59.146,149000000,1
1300282680000,1300282739000,59.143,59.187,59.143,59.183,135000000,1
1300282740000,1300282799000,59.181,59.182,59.137,59.137,158000000,1
1300282800000,1300282859000,59.136,59.155,59.117,59.142,169000000,1
1300282860000,1300282919000,59.142,59.149,59.111,59.14,142000000,1
1300282920000,1300282979000,59.142,59.173,59.119,59.158,205000000,1
1300282980000,1300283039000,59.164,59.18,59.136,59.15,236000000,1
1300283040000,1300283099000,59.158,59.2,59.153,59.187,202000000,1
1300283100000,1300283159000,59.187,59.187,59.126,59.16,143000000,1
1300283160000,1300283219000,59.158,59.193,59.158,59.164,173000000,1
1300283220000,1300283279000,59.164,59.164,59.1,59.1,173000000,1
1300283280000,1300283339000,59.096,59.108,59.001,59.107,240000000,1
1300283340000,1300283399000,59.106,59.108,59.086,59.105,147000000,1
1300283400000,1300283459000,59.098,59.108,59.07,59.108,140000000,1
1300283460000,1300283519000,59.108,59.133,59.106,59.108,126000000,1
1300283520000,1300283579000,59.109,59.126,59.106,59.123,47000000,1
1300283580000,1300283639000,59.124,59.179,59.121,59.16,161000000,1
1300283640000,1300283699000,59.161,59.166,59.147,59.16,73000000,1
1300283700000,1300283759000,59.162,59.168,59.147,59.152,101000000,1
1300283760000,1300283819000,59.15,59.163,59.131,59.145,138000000,1
1300283820000,1300283879000,59.146,59.156,59.11,59.117,141000000,1
1300283880000,1300283939000,59.116,59.147,59.11,59.129,126000000,1
1300283940000,1300283999000,59.132,59.148,59.127,59.127,92000000,1
1300284000000,1300284059000,59.12,59.134,59.104,59.128,181000000,1
1300284060000,1300284119000,59.129,59.157,59.128,59.147,140000000,1
1300284120000,1300284179000,59.147,59.153,59.116,59.118,168000000,1
1300284180000,1300284239000,59.122,59.13,59.113,59.127,198000000,1
1300284240000,1300284299000,59.127,59.149,59.106,59.106,156000000,1
1300284300000,1300284359000,59.103,59.117,59.073,59.109,184000000,1
1300284360000,1300284419000,59.11,59.154,59.107,59.152,104000000,1
1300284420000,1300284479000,59.153,59.177,59.141,59.177,168000000,1
1300284480000,1300284539000,59.177,59.177,59.136,59.14,137000000,1
1300284540000,1300284599000,59.139,59.148,59.088,59.096,102000000,1
1300284600000,1300284659000,59.101,59.126,59.098,59.117,107000000,1
1300284660000,1300284719000,59.116,59.141,59.116,59.126,132000000,1
1300284720000,1300284779000,59.126,59.165,59.122,59.147,166000000,1
1300284780000,1300284839000,59.146,59.158,59.106,59.106,125000000,1
1300284840000,1300284899000,59.106,59.106,59.077,59.087,133000000,1
1300284900000,1300284959000,59.086,59.102,59.086,59.097,91000000,1
1300284960000,1300285019000,59.097,59.098,59.057,59.062,97000000,1
1300285020000,1300285079000,59.064,59.111,59.061,59.106,124000000,1
1300285080000,1300285139000,59.097,59.104,59.089,59.093,113000000,1
1300285140000,1300285199000,59.097,59.121,59.087,59.115,84000000,1
1300285200000,1300285259000,59.114,59.116,59.087,59.097,98000000,1
1300285260000,1300285319000,59.097,59.109,59.097,59.109,87000000,1
1300285320000,1300285379000,59.108,59.109,59.063,59.07,183000000,1
1300285380000,1300285439000,59.069,59.087,59.042,59.087,158000000,1
1300285440000,1300285499000,59.087,59.093,59.06,59.083,175000000,1
1300285500000,1300285559000,59.083,59.097,59.037,59.049,154000000,1
1300285560000,1300285619000,59.05,59.057,59.017,59.026,126000000,1
1300285620000,1300285679000,59.026,59.046,59.01,59.037,140000000,1
1300285680000,1300285739000,59.032,59.059,59.032,59.058,98000000,1
1300285740000,1300285799000,59.057,59.058,59.047,59.049,70000000,1
1300285800000,1300285859000,59.05,59.059,59.038,59.057,131000000,1
1300285860000,1300285919000,59.057,59.097,59.049,59.087,146000000,1
1300285920000,1300285979000,59.087,59.087,59.057,59.068,172000000,1
1300285980000,1300286039000,59.075,59.078,59.046,59.046,104000000,1
1300286040000,1300286099000,59.046,59.047,59.018,59.047,102000000,1
1300286100000,1300286159000,59.047,59.052,59.041,59.047,85000000,1
1300286160000,1300286219000,59.048,59.05,59.018,59.018,81000000,1
1300286220000,1300286279000,59.02,59.053,59.019,59.052,95000000,1
1300286280000,1300286339000,59.056,59.087,59.037,59.086,98000000,1
1300286340000,1300286399000,59.086,59.12,59.086,59.117,127000000,1
1300286400000,1300286459000,59.117,59.13,59.107,59.127,108000000,1
1300286460000,1300286519000,59.127,59.137,59.105,59.106,113000000,1
1300286520000,1300286579000,59.106,59.108,59.068,59.095,103000000,1
1300286580000,1300286639000,59.093,59.106,59.093,59.096,88000000,1
1300286640000,1300286699000,59.095,59.101,59.077,59.077,91000000,1
1300286700000,1300286759000,59.068,59.084,59.067,59.079,111000000,1
1300286760000,1300286819000,59.076,59.077,59.066,59.071,92000000,1
1300286820000,1300286879000,59.071,59.084,59.066,59.078,100000000,1
1300286880000,1300286939000,59.08,59.11,59.08,59.11,92000000,1
1300286940000,1300286999000,59.109,59.112,59.094,59.098,83000000,1
1300287000000,1300287059000,59.097,59.11,59.094,59.096,56000000,1
1300287060000,1300287119000,59.096,59.096,59.086,59.088,45000000,1
1300287120000,1300287179000,59.088,59.099,59.077,59.087,87000000,1
1300287180000,1300287239000,59.087,59.1,59.08,59.096,51000000,1
1300287240000,1300287299000,59.093,59.097,59.076,59.087,102000000,1
1300287300000,1300287359000,59.082,59.092,59.056,59.058,122000000,1
1300287360000,1300287419000,59.06,59.067,59.017,59.038,141000000,1
1300287420000,1300287479000,59.04,59.052,59.026,59.037,148000000,1
1300287480000,1300287539000,59.036,59.037,58.997,58.998,113000000,1
1300287540000,1300287599000,58.997,59.027,58.946,58.953,249000000,1
1300287600000,1300287659000,58.954,58.957,58.867,58.867,222000000,1
1300287660000,1300287719000,58.867,58.867,58.657,58.676,344000000,1
1300287720000,1300287779000,58.676,58.837,58.666,58.837,345000000,1
1300287780000,1300287839000,58.831,58.926,58.806,58.878,249000000,1
1300287840000,1300287899000,58.876,58.887,58.787,58.787,276000000,1
1300287900000,1300287959000,58.786,58.802,58.676,58.676,219000000,1
1300287960000,1300288019000,58.671,58.738,58.635,58.724,375000000,1
1300288020000,1300288079000,58.717,58.74,58.626,58.707,307000000,1
1300288080000,1300288139000,58.698,58.798,58.696,58.79,283000000,1
1300288140000,1300288199000,58.789,58.867,58.777,58.857,247000000,1
1300288200000,1300288259000,58.851,58.883,58.827,58.877,280000000,1
1300288260000,1300288319000,58.869,58.958,58.805,58.926,361000000,1
1300288320000,1300288379000,58.923,59.045,58.888,58.992,349000000,1
1300288380000,1300288439000,58.99,59.038,58.928,58.954,303000000,1
1300288440000,1300288499000,58.954,59.019,58.945,58.974,278000000,1
1300288500000,1300288559000,58.973,58.986,58.886,58.929,284000000,1
1300288560000,1300288619000,58.93,58.957,58.901,58.92,265000000,1
1300288620000,1300288679000,58.92,58.926,58.857,58.903,344000000,1
1300288680000,1300288739000,58.903,58.969,58.857,58.948,259000000,1
1300288740000,1300288799000,58.948,58.965,58.92,58.92,234000000,1
1300288800000,1300288859000,58.923,58.928,58.863,58.88,204000000,1
1300288860000,1300288919000,58.88,58.925,58.856,58.888,219000000,1
1300288920000,1300288979000,58.885,58.89,58.864,58.872,219000000,1
1300288980000,1300289039000,58.87,58.904,58.859,58.862,185000000,1
1300289040000,1300289099000,58.863,58.881,58.863,58.866,117000000,1
1300289100000,1300289159000,58.869,58.926,58.859,58.902,222000000,1
1300289160000,1300289219000,58.9,58.914,58.859,58.859,170000000,1
1300289220000,1300289279000,58.861,58.919,58.837,58.881,255000000,1
1300289280000,1300289339000,58.882,58.901,58.859,58.888,163000000,1
1300289340000,1300289399000,58.885,58.902,58.877,58.881,148000000,1
1300289400000,1300289459000,58.88,58.918,58.874,58.907,211000000,1
1300289460000,1300289519000,58.907,58.925,58.896,58.914,152000000,1
1300289520000,1300289579000,58.915,58.917,58.881,58.898,191000000,1
1300289580000,1300289639000,58.903,58.908,58.891,58.901,164000000,1
1300289640000,1300289699000,58.903,58.922,58.897,58.906,139000000,1
1300289700000,1300289759000,58.903,58.927,58.899,58.92,157000000,1
1300289760000,1300289819000,58.92,58.928,58.868,58.879,186000000,1
1300289820000,1300289879000,58.881,58.894,58.838,58.868,223000000,1
1300289880000,1300289939000,58.868,58.871,58.819,58.858,264000000,1
1300289940000,1300289999000,58.858,58.858,58.836,58.851,188000000,1
1300290000000,1300290059000,58.852,58.877,58.838,58.87,211000000,1
1300290060000,1300290119000,58.867,58.871,58.824,58.842,208000000,1
1300290120000,1300290179000,58.839,58.843,58.796,58.828,208000000,1
1300290180000,1300290239000,58.829,58.831,58.783,58.811,173000000,1
1300290240000,1300290299000,58.808,58.831,58.753,58.761,187000000,1
1300290300000,1300290359000,58.757,58.779,58.741,58.755,257000000,1
1300290360000,1300290419000,58.757,58.783,58.752,58.763,271000000,1
1300290420000,1300290479000,58.758,58.802,58.73,58.732,281000000,1
1300290480000,1300290539000,58.73,58.732,58.662,58.715,325000000,1
1300290540000,1300290599000,58.72,58.776,58.698,58.755,315000000,1
1300290600000,1300290659000,58.752,58.784,58.72,58.765,273000000,1
1300290660000,1300290719000,58.764,58.795,58.748,58.748,217000000,1
1300290720000,1300290779000,58.754,58.778,58.739,58.775,169000000,1
1300290780000,1300290839000,58.777,58.781,58.692,58.707,189000000,1
1300290840000,1300290899000,58.71,58.733,58.688,58.698,176000000,1
1300290900000,1300290959000,58.7,58.7,58.647,58.673,202000000,1
1300290960000,1300291019000,58.673,58.726,58.652,58.697,199000000,1
1300291020000,1300291079000,58.692,58.732,58.686,58.727,195000000,1
1300291080000,1300291139000,58.73,58.736,58.622,58.655,256000000,1
1300291140000,1300291199000,58.653,58.662,58.46,58.46,355000000,1
1300291200000,1300291259000,58.461,58.517,58.455,58.478,378000000,1
1300291260000,1300291319000,58.475,58.564,58.475,58.555,376000000,1
1300291320000,1300291379000,58.554,58.584,58.53,58.539,275000000,1
1300291380000,1300291439000,58.538,58.545,58.452,58.47,276000000,1
1300291440000,1300291499000,58.466,58.509,58.465,58.494,309000000,1
1300291500000,1300291559000,58.497,58.523,58.495,58.514,259000000,1
1300291560000,1300291619000,58.514,58.539,58.512,58.514,212000000,1
1300291620000,1300291679000,58.517,58.552,58.511,58.55,198000000,1
1300291680000,1300291739000,58.548,58.548,58.493,58.493,247000000,1
1300291740000,1300291799000,58.493,58.564,58.493,58.546,251000000,1
1300291800000,1300291859000,58.547,58.569,58.521,58.535,248000000,1
1300291860000,1300291919000,58.535,58.537,58.468,58.469,219000000,1
1300291920000,1300291979000,58.474,58.489,58.453,58.47,217000000,1
1300291980000,1300292039000,58.473,58.491,58.44,58.44,266000000,1
1300292040000,1300292099000,58.439,58.47,58.439,58.457,175000000,1
1300292100000,1300292159000,58.457,58.457,58.426,58.445,120000000,1
1300292160000,1300292219000,58.448,58.463,58.399,58.408,264000000,1
1300292220000,1300292279000,58.407,58.411,58.305,58.333,276000000,1
1300292280000,1300292339000,58.339,58.488,58.339,58.457,308000000,1
1300292340000,1300292399000,58.456,58.467,58.327,58.327,312000000,1
1300292400000,1300292459000,58.327,58.436,58.317,58.418,352000000,1
1300292460000,1300292519000,58.421,58.465,58.387,58.459,362000000,1
1300292520000,1300292579000,58.462,58.528,58.448,58.501,279000000,1
1300292580000,1300292639000,58.501,58.532,58.453,58.516,242000000,1
1300292640000,1300292699000,58.515,58.569,58.511,58.548,357000000,1
1300292700000,1300292759000,58.549,58.588,58.543,58.558,324000000,1
1300292760000,1300292819000,58.558,58.566,58.525,58.566,194000000,1
1300292820000,1300292879000,58.564,58.61,58.564,58.61,130000000,1
1300292880000,1300292939000,58.609,58.653,58.609,58.612,193000000,1
1300292940000,1300292999000,58.611,58.611,58.556,58.586,170000000,1
1300293000000,1300293059000,58.587,58.612,58.552,58.578,208000000,1
1300293060000,1300293119000,58.578,58.678,58.57,58.674,309000000,1
1300293120000,1300293179000,58.677,58.677,58.594,58.605,214000000,1
1300293180000,1300293239000,58.608,58.621,58.577,58.607,152000000,1
1300293240000,1300293299000,58.61,58.613,58.582,58.582,154000000,1
1300293300000,1300293359000,58.578,58.58,58.55,58.559,134000000,1
1300293360000,1300293419000,58.559,58.565,58.524,58.529,164000000,1
1300293420000,1300293479000,58.526,58.53,58.508,58.511,142000000,1
1300293480000,1300293539000,58.508,58.531,58.5,58.531,128000000,1
1300293540000,1300293599000,58.533,58.542,58.504,58.516,128000000,1
1300293600000,1300293659000,58.516,58.531,58.509,58.528,104000000,1
1300293660000,1300293719000,58.526,58.527,58.506,58.525,117000000,1
1300293720000,1300293779000,58.525,58.539,58.508,58.538,111000000,1
1300293780000,1300293839000,58.534,58.586,58.534,58.562,207000000,1
1300293840000,1300293899000,58.563,58.564,58.502,58.505,220000000,1
1300293900000,1300293959000,58.506,58.555,58.485,58.555,269000000,1
1300293960000,1300294019000,58.554,58.6,58.552,58.586,243000000,1
1300294020000,1300294079000,58.586,58.618,58.586,58.618,132000000,1
1300294080000,1300294139000,58.62,58.62,58.576,58.578,165000000,1
1300294140000,1300294199000,58.581,58.61,58.58,58.61,103000000,1
1300294200000,1300294259000,58.61,58.628,58.6,58.627,159000000,1
1300294260000,1300294319000,58.626,58.627,58.591,58.594,94000000,1
1300294320000,1300294379000,58.591,58.591,58.549,58.553,111000000,1
1300294380000,1300294439000,58.554,58.564,58.523,58.524,142000000,1
1300294440000,1300294499000,58.525,58.547,58.52,58.524,169000000,1
1300294500000,1300294559000,58.512,58.553,58.512,58.549,150000000,1
1300294560000,1300294619000,58.548,58.573,58.548,58.568,67000000,1
1300294620000,1300294679000,58.568,58.598,58.567,58.598,97000000,1
1300294680000,1300294739000,58.601,58.62,58.597,58.606,144000000,1
1300294740000,1300294799000,58.604,58.609,58.583,58.583,108000000,1
1300294800000,1300294859000,58.584,58.606,58.583,58.588,135000000,1
1300294860000,1300294919000,58.59,58.618,58.59,58.617,253000000,1
1300294920000,1300294979000,58.617,58.621,58.597,58.597,94000000,1
1300294980000,1300295039000,58.597,58.638,58.597,58.628,162000000,1
1300295040000,1300295099000,58.627,58.627,58.598,58.598,64000000,1
1300295100000,1300295159000,58.598,58.598,58.576,58.597,140000000,1
1300295160000,1300295219000,58.597,58.597,58.556,58.559,138000000,1
1300295220000,1300295279000,58.559,58.574,58.559,58.569,81000000,1
1300295280000,1300295339000,58.567,58.567,58.528,58.528,124000000,1
1300295340000,1300295399000,58.531,58.531,58.487,58.507,126000000,1
1300295400000,1300295459000,58.508,58.511,58.481,58.487,92000000,1
1300295460000,1300295519000,58.488,58.497,58.466,58.466,113000000,1
1300295520000,1300295579000,58.468,58.494,58.447,58.477,119000000,1
1300295580000,1300295639000,58.477,58.508,58.47,58.508,107000000,1
1300295640000,1300295699000,58.507,58.521,58.507,58.518,65000000,1
1300295700000,1300295759000,58.518,58.548,58.518,58.539,111000000,1
1300295760000,1300295819000,58.537,58.55,58.537,58.538,82000000,1
1300295820000,1300295879000,58.537,58.537,58.516,58.517,75000000,1
1300295880000,1300295939000,58.517,58.517,58.487,58.508,69000000,1
1300295940000,1300295999000,58.508,58.52,58.489,58.489,68000000,1
1300296000000,1300296059000,58.489,58.5,58.486,58.486,98000000,1
1300296060000,1300296119000,58.481,58.491,58.458,58.458,77000000,1
1300296120000,1300296179000,58.468,58.481,58.468,58.476,55000000,1
1300296180000,1300296239000,58.475,58.498,58.473,58.487,93000000,1
1300296240000,1300296299000,58.487,58.498,58.467,58.467,113000000,1
1300296300000,1300296359000,58.467,58.469,58.456,58.457,111000000,1
1300296360000,1300296419000,58.457,58.462,58.427,58.462,172000000,1
1300296420000,1300296479000,58.462,58.462,58.432,58.432,156000000,1
1300296480000,1300296539000,58.431,58.451,58.431,58.451,135000000,1
1300296540000,1300296599000,58.451,58.502,58.451,58.501,58000000,1
1300296600000,1300296659000,58.498,58.5,58.448,58.451,116000000,1
1300296660000,1300296719000,58.452,58.46,58.416,58.428,107000000,1
1300296720000,1300296779000,58.428,58.428,58.403,58.418,151000000,1
1300296780000,1300296839000,58.418,58.442,58.416,58.433,92000000,1
1300296840000,1300296899000,58.436,58.45,58.427,58.427,148000000,1
1300296900000,1300296959000,58.428,58.436,58.423,58.428,77000000,1
1300296960000,1300297019000,58.429,58.442,58.427,58.438,83000000,1
1300297020000,1300297079000,58.438,58.438,58.392,58.407,168000000,1
1300297080000,1300297139000,58.407,58.417,58.397,58.41,84000000,1
1300297140000,1300297199000,58.409,58.418,58.384,58.398,117000000,1
1300297200000,1300297259000,58.398,58.435,58.388,58.392,171000000,1
1300297260000,1300297319000,58.392,58.42,58.378,58.378,200000000,1
1300297320000,1300297379000,58.381,58.414,58.38,58.414,163000000,1
1300297380000,1300297439000,58.417,58.418,58.348,58.377,161000000,1
1300297440000,1300297499000,58.379,58.398,58.366,58.386,142000000,1
1300297500000,1300297559000,58.386,58.398,58.377,58.387,118000000,1
1300297560000,1300297619000,58.387,58.391,58.366,58.388,100000000,1
1300297620000,1300297679000,58.389,58.418,58.381,58.401,161000000,1
1300297680000,1300297739000,58.401,58.402,58.366,58.377,192000000,1
1300297740000,1300297799000,58.377,58.381,58.343,58.358,140000000,1
1300297800000,1300297859000,58.359,58.409,58.35,58.407,111000000,1
1300297860000,1300297919000,58.407,58.428,58.397,58.417,140000000,1
1300297920000,1300297979000,58.418,58.421,58.4,58.407,105000000,1
1300297980000,1300298039000,58.407,58.417,58.376,58.376,106000000,1
1300298040000,1300298099000,58.376,58.379,58.362,58.376,78000000,1
1300298100000,1300298159000,58.376,58.399,58.376,58.394,97000000,1
1300298160000,1300298219000,58.391,58.394,58.376,58.376,37000000,1
1300298220000,1300298279000,58.376,58.405,58.357,58.404,125000000,1
1300298280000,1300298339000,58.402,58.416,58.376,58.392,125000000,1
1300298340000,1300298399000,58.388,58.388,58.332,58.334,114000000,1
1300298400000,1300298459000,58.334,58.334,58.306,58.312,169000000,1
1300298460000,1300298519000,58.311,58.311,58.256,58.272,195000000,1
1300298520000,1300298579000,58.272,58.278,58.26,58.272,218000000,1
1300298580000,1300298639000,58.271,58.282,58.262,58.268,125000000,1
1300298640000,1300298699000,58.265,58.276,58.228,58.238,274000000,1
1300298700000,1300298759000,58.241,58.241,58.188,58.192,250000000,1
1300298760000,1300298819000,58.193,58.199,58.176,58.191,362000000,1
1300298820000,1300298879000,58.191,58.211,58.158,58.16,376000000,1
1300298880000,1300298939000,58.16,58.167,58.146,58.147,366000000,1
1300298940000,1300298999000,58.151,58.178,58.149,58.157,310000000,1
1300299000000,1300299059000,58.159,58.159,58.114,58.117,363000000,1
1300299060000,1300299119000,58.12,58.123,57.921,57.931,514000000,1
1300299120000,1300299179000,57.93,57.997,57.93,57.936,565000000,1
1300299180000,1300299239000,57.937,57.988,57.917,57.947,439000000,1
1300299240000,1300299299000,57.947,58.048,57.947,57.989,490000000,1
1300299300000,1300299359000,57.989,57.989,57.924,57.968,523000000,1
1300299360000,1300299419000,57.97,57.99,57.938,57.987,377000000,1
1300299420000,1300299479000,57.987,57.998,57.947,57.967,334000000,1
1300299480000,1300299539000,57.967,58.027,57.967,58.007,222000000,1
1300299540000,1300299599000,58.017,58.017,57.969,57.988,299000000,1
1300299600000,1300299659000,57.982,57.998,57.973,57.983,317000000,1
1300299660000,1300299719000,57.987,58.017,57.977,57.988,212000000,1
1300299720000,1300299779000,57.987,58.017,57.986,58.016,137000000,1
1300299780000,1300299839000,58.016,58.057,57.996,58.027,184000000,1
1300299840000,1300299899000,58.027,58.057,58.027,58.057,164000000,1
1300299900000,1300299959000,58.057,58.138,58.056,58.138,261000000,1
1300299960000,1300300019000,58.137,58.226,58.137,58.197,212000000,1
1300300020000,1300300079000,58.197,58.206,58.147,58.156,166000000,1
1300300080000,1300300139000,58.156,58.176,58.136,58.166,160000000,1
1300300140000,1300300199000,58.167,58.177,58.156,58.157,104000000,1
1300300200000,1300300259000,58.158,58.168,58.156,58.157,69000000,1
1300300260000,1300300319000,58.166,58.168,58.147,58.147,80000000,1
1300300320000,1300300379000,58.158,58.197,58.158,58.197,138000000,1
1300300380000,1300300439000,58.186,58.197,58.186,58.186,89000000,1
1300300440000,1300300499000,58.186,58.186,58.146,58.177,76000000,1
1300300500000,1300300559000,58.177,58.287,58.177,58.267,145000000,1
1300300560000,1300300619000,58.267,58.366,58.246,58.366,183000000,1
1300300620000,1300300679000,58.356,58.383,58.264,58.383,454000000,1
1300300680000,1300300739000,58.387,58.47,58.376,58.447,428000000,1
1300300740000,1300300799000,58.445,58.578,58.442,58.566,623000000,1
1300300800000,1300300859000,58.569,58.569,58.514,58.519,353000000,1
1300300860000,1300300919000,58.515,58.527,58.449,58.45,444000000,1
1300300920000,1300300979000,58.451,58.451,58.351,58.369,364000000,1
1300300980000,1300301039000,58.369,58.448,58.364,58.426,365000000,1
1300301040000,1300301099000,58.42,58.449,58.347,58.436,497000000,1
1300301100000,1300301159000,58.436,58.445,58.401,58.423,438000000,1
1300301160000,1300301219000,58.425,58.428,58.358,58.366,354000000,1
1300301220000,1300301279000,58.366,58.417,58.366,58.388,359000000,1
1300301280000,1300301339000,58.39,58.466,58.388,58.456,321000000,1
1300301340000,1300301399000,58.456,58.504,58.448,58.457,170000000,1
1300301400000,1300301459000,58.457,58.457,58.427,58.437,167000000,1
1300301460000,1300301519000,58.437,58.456,58.436,58.456,100000000,1
1300301520000,1300301579000,58.456,58.456,58.426,58.43,331000000,1
1300301580000,1300301639000,58.429,58.449,58.427,58.437,191000000,1
1300301640000,1300301699000,58.437,58.437,58.356,58.406,240000000,1
1300301700000,1300301759000,58.407,58.496,58.405,58.459,363000000,1
1300301760000,1300301819000,58.459,58.46,58.387,58.435,507000000,1
1300301820000,1300301879000,58.429,58.44,58.407,58.427,367000000,1
1300301880000,1300301939000,58.421,58.438,58.378,58.397,352000000,1
1300301940000,1300301999000,58.387,58.427,58.387,58.406,468000000,1
1300302000000,1300302059000,58.408,58.418,58.386,58.407,302000000,1
1300302060000,1300302119000,58.407,58.437,58.398,58.436,188000000,1
1300302120000,1300302179000,58.436,58.437,58.407,58.407,67000000,1
1300302180000,1300302239000,58.406,58.406,58.397,58.397,66000000,1
1300302240000,1300302299000,58.396,58.418,58.388,58.399,137000000,1
1300302300000,1300302359000,58.399,58.406,58.396,58.398,123000000,1
1300302360000,1300302419000,58.399,58.428,58.386,58.416,105000000,1
1300302420000,1300302479000,58.416,58.426,58.387,58.407,75000000,1
1300302480000,1300302539000,58.407,58.416,58.406,58.416,41000000,1
1300302540000,1300302599000,58.416,58.427,58.408,58.418,68000000,1
1300302600000,1300302659000,58.418,58.428,58.406,58.417,59000000,1
1300302660000,1300302719000,58.416,58.437,58.407,58.417,110000000,1
1300302720000,1300302779000,58.417,58.427,58.407,58.417,111000000,1
1300302780000,1300302839000,58.408,58.418,58.396,58.407,156000000,1
1300302840000,1300302899000,58.401,58.407,58.361,58.362,268000000,1
1300302900000,1300302959000,58.364,58.376,58.352,58.353,269000000,1
1300302960000,1300303019000,58.353,58.353,58.323,58.323,189000000,1
1300303020000,1300303079000,58.321,58.384,58.316,58.359,549000000,1
1300303080000,1300303139000,58.359,58.378,58.357,58.378,181000000,1
1300303140000,1300303199000,58.378,58.378,58.347,58.352,119000000,1
1300303200000,1300303259000,58.356,58.366,58.347,58.358,179000000,1
1300303260000,1300303319000,58.358,58.358,58.327,58.338,254000000,1
1300303320000,1300303379000,58.338,58.358,58.337,58.347,257000000,1
1300303380000,1300303439000,58.347,58.347,58.336,58.347,115000000,1
1300303440000,1300303499000,58.347,58.347,58.337,58.346,40000000,1
1300303500000,1300303559000,58.347,58.358,58.346,58.346,122000000,1
1300303560000,1300303619000,58.346,58.357,58.306,58.306,110000000,1
1300303620000,1300303679000,58.306,58.306,58.306,58.306,3000000,1
1300303680000,1300303739000,58.307,58.307,58.163,58.188,382000000,1
1300303740000,1300303799000,58.191,58.228,58.172,58.187,238000000,1
1300303800000,1300303859000,58.187,58.187,58.119,58.146,209000000,1
1300303860000,1300303919000,58.151,58.227,58.147,58.217,319000000,1
1300303920000,1300303979000,58.217,58.229,58.146,58.146,207000000,1
1300303980000,1300304039000,58.146,58.182,58.146,58.182,191000000,1
1300304040000,1300304099000,58.181,58.186,58.107,58.126,311000000,1
1300304100000,1300304159000,58.126,58.204,58.126,58.194,350000000,1
1300304160000,1300304219000,58.193,58.209,58.193,58.198,208000000,1
1300304220000,1300304279000,58.199,58.241,58.189,58.215,246000000,1
1300304280000,1300304339000,58.215,58.216,58.196,58.208,297000000,1
1300304340000,1300304399000,58.208,58.208,58.159,58.166,271000000,1
1300304400000,1300304459000,58.164,58.164,58.083,58.09,527000000,1
1300304460000,1300304519000,58.089,58.167,58.084,58.164,571000000,1
1300304520000,1300304579000,58.167,58.211,58.163,58.186,329000000,1
1300304580000,1300304639000,58.186,58.226,58.167,58.208,255000000,1
1300304640000,1300304699000,58.208,58.217,58.188,58.217,187000000,1
1300304700000,1300304759000,58.217,58.217,58.094,58.147,433000000,1
1300304760000,1300304819000,58.147,58.196,58.127,58.186,186000000,1
1300304820000,1300304879000,58.186,58.198,58.17,58.17,113000000,1
1300304880000,1300304939000,58.167,58.197,58.127,58.138,233000000,1
1300304940000,1300304999000,58.138,58.225,58.138,58.225,334000000,1
1300305000000,1300305059000,58.227,58.227,58.209,58.213,236000000,1
1300305060000,1300305119000,58.211,58.218,58.146,58.156,225000000,1
1300305120000,1300305179000,58.156,58.194,58.156,58.176,255000000,1
1300305180000,1300305239000,58.173,58.2,58.172,58.179,368000000,1
1300305240000,1300305299000,58.181,58.194,58.157,58.178,246000000,1
1300305300000,1300305359000,58.178,58.184,58.168,58.178,177000000,1
1300305360000,1300305419000,58.177,58.19,58.176,58.177,239000000,1
1300305420000,1300305479000,58.177,58.178,58.17,58.176,62000000,1
1300305480000,1300305539000,58.176,58.177,58.086,58.098,434000000,1
1300305540000,1300305599000,58.098,58.137,58.097,58.129,622000000,1
1300305600000,1300305659000,58.128,58.138,58.097,58.097,187000000,1
1300305660000,1300305719000,58.097,58.129,58.077,58.129,188000000,1
1300305720000,1300305779000,58.129,58.146,58.104,58.146,96000000,1
1300305780000,1300305839000,58.146,58.147,58.086,58.097,57000000,1
1300305840000,1300305899000,58.078,58.127,58.078,58.108,118000000,1
1300305900000,1300305959000,58.108,58.146,58.108,58.146,84000000,1
1300305960000,1300306019000,58.137,58.157,58.136,58.136,60000000,1
1300306020000,1300306079000,58.136,58.136,58.107,58.107,64000000,1
1300306080000,1300306139000,58.106,58.168,58.106,58.156,86000000,1
1300306140000,1300306199000,58.156,58.196,58.156,58.176,118000000,1
1300306200000,1300306259000,58.176,58.186,58.167,58.186,50000000,1
1300306260000,1300306319000,58.187,58.217,58.187,58.217,72000000,1
1300306320000,1300306379000,58.217,58.217,58.138,58.196,101000000,1
1300306380000,1300306439000,58.196,58.217,58.196,58.217,48000000,1
1300306440000,1300306499000,58.206,58.206,58.097,58.116,225000000,1
1300306500000,1300306559000,58.116,58.187,58.115,58.166,102000000,1
1300306560000,1300306619000,58.166,58.167,58.137,58.157,93000000,1
1300306620000,1300306679000,58.157,58.177,58.146,58.156,50000000,1
1300306680000,1300306739000,58.156,58.166,58.126,58.137,121000000,1
1300306740000,1300306799000,58.137,58.137,58.116,58.116,149000000,1
1300306800000,1300306859000,58.127,58.166,58.117,58.166,67000000,1
1300306860000,1300306919000,58.166,58.187,58.146,58.176,73000000,1
1300306920000,1300306979000,58.176,58.176,58.146,58.157,126000000,1
1300306980000,1300307039000,58.157,58.177,58.156,58.166,59000000,1
1300307040000,1300307099000,58.166,58.167,58.156,58.156,27000000,1
1300307100000,1300307159000,58.157,58.157,58.147,58.156,79000000,1
1300307160000,1300307219000,58.156,58.167,58.156,58.156,79000000,1
1300307220000,1300307279000,58.156,58.177,58.156,58.166,51000000,1
1300307280000,1300307339000,58.166,58.167,58.156,58.167,29000000,1
1300307340000,1300307399000,58.167,58.167,58.116,58.116,89000000,1
1300307400000,1300307459000,58.116,58.117,58.097,58.107,102000000,1
1300307460000,1300307519000,58.106,58.116,58.106,58.106,44000000,1
1300307520000,1300307579000,58.106,58.107,58.067,58.096,89000000,1
1300307580000,1300307639000,58.096,58.097,58.046,58.057,55000000,1
1300307640000,1300307699000,58.057,58.107,58.056,58.106,114000000,1
1300307700000,1300307759000,58.097,58.116,58.086,58.086,94000000,1
1300307760000,1300307819000,58.086,58.097,58.046,58.046,113000000,1
1300307820000,1300307879000,58.047,58.067,58.047,58.056,100000000,1
1300307880000,1300307939000,58.056,58.077,58.056,58.067,159000000,1
1300307940000,1300307999000,58.067,58.067,58.056,58.067,82000000,1
1300308000000,1300308059000,58.066,58.067,58.066,58.067,14000000,1
1300308060000,1300308119000,58.067,58.067,58.066,58.067,55000000,1
1300308120000,1300308179000,58.076,58.096,58.076,58.096,53000000,1
1300308180000,1300308239000,58.096,58.096,58.086,58.086,34000000,1
1300308240000,1300308299000,58.087,58.098,58.066,58.098,107000000,1
1300308300000,1300308359000,58.098,58.106,58.096,58.097,36000000,1
1300308360000,1300308419000,58.097,58.107,58.096,58.096,36000000,1
1300308420000,1300308479000,58.107,58.107,58.096,58.096,7000000,1
1300308480000,1300308539000,58.096,58.097,58.086,58.096,37000000,1
1300308540000,1300308599000,58.097,58.126,58.096,58.107,83000000,1
1300308600000,1300308659000,58.107,58.107,58.096,58.106,33000000,1
1300308660000,1300308719000,58.106,58.117,58.086,58.117,76000000,1
1300308720000,1300308779000,58.117,58.117,58.097,58.107,73000000,1
1300308780000,1300308839000,58.096,58.096,58.067,58.077,79000000,1
1300308840000,1300308899000,58.077,58.077,58.076,58.077,32000000,1
1300308900000,1300308959000,58.076,58.077,57.958,57.976,68000000,1
1300308960000,1300309019000,57.976,57.987,57.844,57.897,210000000,1
1300309020000,1300309079000,57.897,57.937,57.886,57.937,148000000,1
1300309080000,1300309139000,57.937,57.937,57.917,57.927,99000000,1
1300309140000,1300309199000,57.927,57.938,57.892,57.906,85000000,1
1300309200000,1300309259000,57.906,57.906,57.686,57.721,55000000,1
1300309260000,1300309319000,57.736,57.772,57.656,57.772,18000000,1
1300309320000,1300309379000,57.776,57.776,57.561,57.636,32000000,1
1300309380000,1300309439000,57.641,57.732,57.611,57.711,10000000,1
1300309440000,1300309499000,57.701,57.716,57.628,57.707,13000000,1
1300309500000,1300309559000,57.717,57.772,57.642,57.746,37000000,1
1300309560000,1300309619000,57.747,57.756,57.687,57.698,43000000,1
1300309620000,1300309679000,57.691,57.717,57.592,57.708,50000000,1
1300309680000,1300309739000,57.698,57.708,57.662,57.687,80000000,1
1300309740000,1300309799000,57.687,57.708,57.657,57.667,52000000,1
1300309800000,1300309859000,57.678,57.678,57.561,57.588,103000000,1
1300309860000,1300309919000,57.588,57.588,57.442,57.448,64000000,1
1300309920000,1300309979000,57.456,57.46,57.056,57.056,34000000,1
1300309980000,1300310039000,57.067,57.095,56.416,56.45,25000000,1
1300310040000,1300310099000,56.412,56.452,55.895,56.019,9000000,1
1300310100000,1300310159000,56.174,56.417,56.066,56.326,5000000,1
1300310160000,1300310219000,56.326,56.406,56.187,56.296,61000000,1
1300310220000,1300310279000,56.306,56.381,56.143,56.381,25000000,1
1300310280000,1300310339000,56.146,56.146,55.86,55.86,6000000,1
1300310340000,1300310399000,55.799,55.967,55.101,55.134,3000000,1
1300310400000,1300310459000,55.101,55.166,55.101,55.16,1000000,1
1300310460000,1300310519000,54.9,55.47,54.81,55.44,49000000,1
1300310520000,1300310579000,55.33,55.797,55.33,55.731,4000000,1
1300310580000,1300310639000,55.731,55.771,55.731,55.771,0,1
1300310640000,1300310699000,55.521,55.615,55.504,55.612,1000000,1
1300310700000,1300310759000,55.432,55.526,55.387,55.526,14000000,1
1300310760000,1300310819000,55.532,55.546,55.185,55.187,41000000,1
1300310820000,1300310879000,55.192,55.311,55.192,55.311,1000000,1
1300310880000,1300310939000,55.311,55.395,55.093,55.328,11000000,1
1300310940000,1300310999000,55.328,55.554,55.313,55.465,48000000,1
1300311000000,1300311059000,55.466,55.509,55.239,55.297,98000000,1
1300311060000,1300311119000,55.262,55.396,55.128,55.247,115000000,1
1300311120000,1300311179000,55.248,55.48,55.243,55.289,112000000,1
1300311180000,1300311239000,55.289,55.436,55.289,55.383,27000000,1
1300311240000,1300311299000,55.403,55.554,55.208,55.208,46000000,1
1300311300000,1300311359000,55.208,55.272,55.174,55.214,46000000,1
1300311360000,1300311419000,55.357,55.446,55.173,55.388,122000000,1
1300311420000,1300311479000,55.385,55.506,55.2,55.506,141000000,1
1300311480000,1300311539000,55.506,55.546,55.374,55.416,58000000,1
1300311540000,1300311599000,55.368,55.389,55.19,55.222,34000000,1
1300311600000,1300311659000,55.173,55.463,55.173,55.443,30000000,1
1300311660000,1300311719000,55.443,55.507,55.324,55.324,112000000,1
1300311720000,1300311779000,55.334,55.648,55.334,55.467,154000000,1
1300311780000,1300311839000,55.467,55.622,55.467,55.558,67000000,1
1300311840000,1300311899000,55.558,55.748,55.558,55.708,153000000,1
1300311900000,1300311959000,55.708,55.797,55.545,55.556,146000000,1
1300311960000,1300312019000,55.556,55.757,55.523,55.696,67000000,1
1300312020000,1300312079000,55.696,55.758,55.545,55.747,134000000,1
1300312080000,1300312139000,55.738,55.767,55.63,55.64,103000000,1
1300312140000,1300312199000,55.648,55.862,55.566,55.862,116000000,1
1300312200000,1300312259000,55.862,55.998,55.833,55.988,84000000,1
1300312260000,1300312319000,55.998,56.124,55.859,56.097,183000000,1
1300312320000,1300312379000,55.989,56.207,55.842,55.945,201000000,1
1300312380000,1300312439000,55.915,56.036,55.864,55.978,125000000,1
1300312440000,1300312499000,56.037,56.037,55.786,55.977,146000000,1
1300312500000,1300312559000,55.967,55.967,55.174,55.224,184000000,1
1300312560000,1300312619000,55.199,55.36,55.123,55.124,161000000,1
1300312620000,1300312679000,55.127,55.198,55.001,55.1,292000000,1
1300312680000,1300312739000,55.11,55.244,55.033,55.202,222000000,1
1300312740000,1300312799000,55.174,55.195,55.043,55.044,213000000,1
1300312800000,1300312859000,55.143,55.159,54.884,55.004,226000000,1
1300312860000,1300312919000,54.964,55.197,54.963,55.054,337000000,1
1300312920000,1300312979000,55.053,55.208,54.847,55.029,320000000,1
1300312980000,1300313039000,55.028,55.373,55.028,55.347,310000000,1
1300313040000,1300313099000,55.344,55.664,55.293,55.617,273000000,1
1300313100000,1300313159000,55.607,55.827,55.563,55.684,309000000,1
1300313160000,1300313219000,55.679,55.809,55.483,55.503,315000000,1
1300313220000,1300313279000,55.484,55.757,55.449,55.718,325000000,1
1300313280000,1300313339000,55.708,55.758,55.653,55.697,192000000,1
1300313340000,1300313399000,55.687,55.813,55.687,55.713,179000000,1
1300313400000,1300313459000,55.714,55.889,55.704,55.874,219000000,1
1300313460000,1300313519000,55.938,55.938,55.798,55.798,273000000,1
1300313520000,1300313579000,55.793,56.023,55.793,56.003,244000000,1
1300313580000,1300313639000,55.993,56.049,55.908,56.024,326000000,1
1300313640000,1300313699000,56.024,56.058,55.974,56.007,297000000,1
1300313700000,1300313759000,56.007,56.037,55.978,56.036,134000000,1
1300313760000,1300313819000,56.036,56.037,55.966,55.989,272000000,1
1300313820000,1300313879000,55.993,55.999,55.854,55.854,313000000,1
1300313880000,1300313939000,55.856,55.899,55.814,55.848,276000000,1
1300313940000,1300313999000,55.843,55.979,55.837,55.893,338000000,1
1300314000000,1300314059000,55.897,55.948,55.868,55.918,325000000,1
1300314060000,1300314119000,55.918,55.928,55.876,55.897,306000000,1
1300314120000,1300314179000,55.897,55.927,55.783,55.798,292000000,1
1300314180000,1300314239000,55.807,55.808,55.773,55.788,192000000,1
1300314240000,1300314299000,55.788,55.877,55.778,55.877,189000000,1
1300314300000,1300314359000,55.877,55.898,55.847,55.878,205000000,1
1300314360000,1300314419000,55.868,55.898,55.838,55.877,217000000,1
1300314420000,1300314479000,55.877,55.918,55.867,55.898,225000000,1
1300314480000,1300314539000,55.897,55.967,55.897,55.958,154000000,1
1300314540000,1300314599000,55.958,55.988,55.956,55.967,233000000,1
1300314600000,1300314659000,55.969,56.107,55.968,56.027,400000000,1
1300314660000,1300314719000,56.028,56.098,56.012,56.077,355000000,1
1300314720000,1300314779000,56.077,56.224,56.077,56.183,269000000,1
1300314780000,1300314839000,56.183,56.217,56.16,56.187,201000000,1
1300314840000,1300314899000,56.188,56.199,56.085,56.097,227000000,1
1300314900000,1300314959000,56.097,56.097,55.966,56.093,173000000,1
1300314960000,1300315019000,56.087,56.089,56.016,56.027,223000000,1
1300315020000,1300315079000,56.027,56.028,55.996,56.017,238000000,1
1300315080000,1300315139000,56.017,56.198,55.978,56.157,344000000,1
1300315140000,1300315199000,56.157,56.248,56.157,56.238,392000000,1
1300315200000,1300315259000,56.236,56.238,56.049,56.067,226000000,1
1300315260000,1300315319000,56.067,56.147,56.058,56.107,238000000,1
1300315320000,1300315379000,56.097,56.148,56.087,56.128,210000000,1
1300315380000,1300315439000,56.127,56.228,56.126,56.218,201000000,1
1300315440000,1300315499000,56.228,56.288,56.227,56.288,196000000,1
1300315500000,1300315559000,56.273,56.298,56.239,56.276,212000000,1
1300315560000,1300315619000,56.276,56.327,56.276,56.298,187000000,1
1300315620000,1300315679000,56.288,56.338,56.286,56.328,255000000,1
1300315680000,1300315739000,56.326,56.357,56.307,56.326,152000000,1
1300315740000,1300315799000,56.327,56.367,56.317,56.367,193000000,1
1300315800000,1300315859000,56.367,56.376,56.326,56.348,301000000,1
1300315860000,1300315919000,56.347,56.347,56.274,56.274,211000000,1
1300315920000,1300315979000,56.274,56.307,56.257,56.298,206000000,1
1300315980000,1300316039000,56.298,56.346,56.297,56.318,241000000,1
1300316040000,1300316099000,56.318,56.377,56.317,56.366,127000000,1
1300316100000,1300316159000,56.366,56.433,56.347,56.427,140000000,1
1300316160000,1300316219000,56.427,56.428,56.387,56.427,181000000,1
1300316220000,1300316279000,56.416,56.437,56.364,56.417,156000000,1
1300316280000,1300316339000,56.419,56.508,56.417,56.487,174000000,1
1300316340000,1300316399000,56.477,56.477,56.384,56.448,138000000,1
1300316400000,1300316459000,56.451,56.567,56.434,56.527,251000000,1
1300316460000,1300316519000,56.527,56.589,56.507,56.589,291000000,1
1300316520000,1300316579000,56.597,56.668,56.587,56.618,209000000,1
1300316580000,1300316639000,56.626,56.658,56.587,56.618,208000000,1
1300316640000,1300316699000,56.618,56.618,56.526,56.526,114000000,1
1300316700000,1300316759000,56.526,56.647,56.526,56.647,166000000,1
1300316760000,1300316819000,56.636,56.767,56.587,56.596,231000000,1
1300316820000,1300316879000,56.606,56.627,56.536,56.542,252000000,1
1300316880000,1300316939000,56.541,56.597,56.531,56.597,100000000,1
1300316940000,1300316999000,56.597,56.657,56.556,56.649,208000000,1
1300317000000,1300317059000,56.648,56.688,56.646,56.688,147000000,1
1300317060000,1300317119000,56.687,56.7,56.616,56.642,193000000,1
1300317120000,1300317179000,56.642,56.678,56.591,56.675,115000000,1
1300317180000,1300317239000,56.676,56.691,56.628,56.658,196000000,1
1300317240000,1300317299000,56.658,56.746,56.658,56.706,187000000,1
1300317300000,1300317359000,56.706,56.726,56.687,56.687,122000000,1
1300317360000,1300317419000,56.686,56.738,56.677,56.737,68000000,1
1300317420000,1300317479000,56.727,56.728,56.677,56.677,134000000,1
1300317480000,1300317539000,56.677,56.698,56.637,56.637,209000000,1
1300317540000,1300317599000,56.638,56.648,56.617,56.647,104000000,1
1300317600000,1300317659000,56.648,56.668,56.607,56.667,129000000,1
1300317660000,1300317719000,56.667,56.708,56.636,56.667,196000000,1
1300317720000,1300317779000,56.677,56.708,56.627,56.708,241000000,1
1300317780000,1300317839000,56.718,56.738,56.657,56.718,159000000,1
1300317840000,1300317899000,56.727,56.738,56.708,56.718,112000000,1
1300317900000,1300317959000,56.718,56.738,56.698,56.698,101000000,1
1300317960000,1300318019000,56.698,56.718,56.686,56.698,83000000,1
1300318020000,1300318079000,56.697,56.788,56.697,56.768,221000000,1
1300318080000,1300318139000,56.758,56.818,56.747,56.788,161000000,1
1300318140000,1300318199000,56.797,56.878,56.787,56.847,186000000,1
1300318200000,1300318259000,56.847,56.938,56.847,56.877,174000000,1
1300318260000,1300318319000,56.877,56.887,56.807,56.807,135000000,1
1300318320000,1300318379000,56.797,56.848,56.717,56.717,386000000,1
1300318380000,1300318439000,56.727,56.798,56.707,56.798,255000000,1
1300318440000,1300318499000,56.797,56.817,56.734,56.787,300000000,1
1300318500000,1300318559000,56.787,56.816,56.778,56.807,126000000,1
1300318560000,1300318619000,56.812,56.838,56.797,56.808,118000000,1
1300318620000,1300318679000,56.808,56.828,56.787,56.828,248000000,1
1300318680000,1300318739000,56.817,56.848,56.767,56.767,237000000,1
1300318740000,1300318799000,56.767,56.788,56.726,56.726,126000000,1
1300318800000,1300318859000,56.727,56.747,56.659,56.737,233000000,1
1300318860000,1300318919000,56.737,56.737,56.676,56.737,154000000,1
1300318920000,1300318979000,56.728,56.768,56.727,56.758,101000000,1
1300318980000,1300319039000,56.758,56.958,56.757,56.958,260000000,1
1300319040000,1300319099000,56.967,56.968,56.857,56.951,278000000,1
1300319100000,1300319159000,56.955,56.988,56.907,56.948,307000000,1
1300319160000,1300319219000,56.947,56.977,56.887,56.968,333000000,1
1300319220000,1300319279000,56.96,56.978,56.958,56.977,113000000,1
1300319280000,1300319339000,56.977,57.027,56.977,56.996,166000000,1
1300319340000,1300319399000,56.996,57.018,56.967,56.978,224000000,1
1300319400000,1300319459000,56.978,57.017,56.97,57.017,191000000,1
1300319460000,1300319519000,57.017,57.148,57.017,57.137,320000000,1
1300319520000,1300319579000,57.137,57.179,57.117,57.127,247000000,1
1300319580000,1300319639000,57.127,57.176,57.118,57.137,230000000,1
1300319640000,1300319699000,57.137,57.148,57.097,57.138,286000000,1
1300319700000,1300319759000,57.138,57.157,57.097,57.138,249000000,1
1300319760000,1300319819000,57.138,57.138,57.041,57.082,344000000,1
1300319820000,1300319879000,57.091,57.158,57.06,57.137,205000000,1
1300319880000,1300319939000,57.137,57.172,57.126,57.157,168000000,1
1300319940000,1300319999000,57.157,57.157,57.116,57.116,145000000,1
1300320000000,1300320059000,57.116,57.127,57.014,57.098,269000000,1
1300320060000,1300320119000,57.098,57.168,57.097,57.167,233000000,1
1300320120000,1300320179000,57.167,57.198,57.157,57.188,177000000,1
1300320180000,1300320239000,57.188,57.189,57.117,57.124,227000000,1
1300320240000,1300320299000,57.118,57.118,57.057,57.077,237000000,1
1300320300000,1300320359000,57.078,57.197,57.078,57.197,416000000,1
1300320360000,1300320419000,57.189,57.228,57.156,57.207,326000000,1
1300320420000,1300320479000,57.206,57.288,57.196,57.277,320000000,1
1300320480000,1300320539000,57.287,57.398,57.277,57.347,305000000,1
1300320540000,1300320599000,57.348,57.368,57.196,57.248,347000000,1
1300320600000,1300320659000,57.237,57.268,57.194,57.267,172000000,1
1300320660000,1300320719000,57.267,57.318,57.267,57.307,237000000,1
1300320720000,1300320779000,57.307,57.418,57.253,57.368,299000000,1
1300320780000,1300320839000,57.368,57.448,57.347,57.398,293000000,1
1300320840000,1300320899000,57.398,57.428,57.357,57.377,334000000,1
1300320900000,1300320959000,57.368,57.399,57.307,57.318,279000000,1
1300320960000,1300321019000,57.307,57.348,57.267,57.317,345000000,1
1300321020000,1300321079000,57.327,57.338,57.297,57.327,245000000,1
1300321080000,1300321139000,57.327,57.328,57.267,57.316,218000000,1
1300321140000,1300321199000,57.308,57.406,57.306,57.406,243000000,1
1300321200000,1300321259000,57.398,57.408,57.306,57.308,175000000,1
1300321260000,1300321319000,57.306,57.306,57.095,57.114,206000000,1
1300321320000,1300321379000,57.113,57.158,57.076,57.118,283000000,1
1300321380000,1300321439000,57.118,57.119,57.077,57.117,126000000,1
1300321440000,1300321499000,57.117,57.128,57.092,57.108,166000000,1
1300321500000,1300321559000,57.108,57.134,57.108,57.109,209000000,1
1300321560000,1300321619000,57.109,57.116,57.097,57.108,187000000,1
1300321620000,1300321679000,57.108,57.128,57.086,57.121,141000000,1
1300321680000,1300321739000,57.12,57.126,57.108,57.117,133000000,1
1300321740000,1300321799000,57.117,57.117,56.867,56.867,241000000,1
1300321800000,1300321859000,56.867,56.869,56.747,56.747,188000000,1
1300321860000,1300321919000,56.747,56.747,56.628,56.698,271000000,1
1300321920000,1300321979000,56.698,56.747,56.678,56.738,292000000,1
1300321980000,1300322039000,56.746,57.093,56.746,57.083,311000000,1
1300322040000,1300322099000,57.078,57.079,56.958,56.978,382000000,1
1300322100000,1300322159000,56.976,56.988,56.933,56.987,358000000,1
1300322160000,1300322219000,56.977,57.093,56.977,57.093,262000000,1
1300322220000,1300322279000,57.087,57.087,57.019,57.048,269000000,1
1300322280000,1300322339000,57.049,57.139,57.046,57.128,208000000,1
1300322340000,1300322399000,57.128,57.138,57.086,57.117,225000000,1
1300322400000,1300322459000,57.117,57.117,57.036,57.056,158000000,1
1300322460000,1300322519000,57.056,57.107,57.056,57.086,220000000,1
1300322520000,1300322579000,57.086,57.117,57.036,57.067,184000000,1
1300322580000,1300322639000,57.076,57.076,57.008,57.034,200000000,1
1300322640000,1300322699000,57.036,57.088,57.036,57.077,155000000,1
1300322700000,1300322759000,57.078,57.127,57.074,57.116,92000000,1
1300322760000,1300322819000,57.116,57.137,57.098,57.106,112000000,1
1300322820000,1300322879000,57.106,57.184,57.097,57.138,294000000,1
1300322880000,1300322939000,57.138,57.17,57.099,57.146,219000000,1
1300322940000,1300322999000,57.146,57.177,57.146,57.157,214000000,1
1300323000000,1300323059000,57.157,57.187,57.157,57.167,200000000,1
1300323060000,1300323119000,57.167,57.167,57.126,57.136,170000000,1
1300323120000,1300323179000,57.137,57.158,57.106,57.106,179000000,1
1300323180000,1300323239000,57.107,57.159,57.092,57.159,101000000,1
1300323240000,1300323299000,57.158,57.187,57.146,57.166,150000000,1
1300323300000,1300323359000,57.176,57.208,57.157,57.207,202000000,1
1300323360000,1300323419000,57.208,57.298,57.207,57.278,250000000,1
1300323420000,1300323479000,57.278,57.378,57.248,57.362,307000000,1
1300323480000,1300323539000,57.383,57.389,57.291,57.337,345000000,1
1300323540000,1300323599000,57.337,57.358,57.308,57.317,320000000,1
1300323600000,1300323659000,57.317,57.407,57.286,57.407,317000000,1
1300323660000,1300323719000,57.418,57.428,57.357,57.407,283000000,1
1300323720000,1300323779000,57.398,57.473,57.398,57.427,289000000,1
1300323780000,1300323839000,57.427,57.478,57.407,57.408,404000000,1
1300323840000,1300323899000,57.409,57.467,57.397,57.436,342000000,1
1300323900000,1300323959000,57.447,57.448,57.417,57.428,172000000,1
1300323960000,1300324019000,57.438,57.458,57.416,57.427,158000000,1
1300324020000,1300324079000,57.427,57.508,57.426,57.497,179000000,1
1300324080000,1300324139000,57.497,57.528,57.447,57.507,245000000,1
1300324140000,1300324199000,57.507,57.518,57.466,57.507,272000000,1
1300324200000,1300324259000,57.507,57.518,57.427,57.456,191000000,1
1300324260000,1300324319000,57.456,57.508,57.447,57.478,239000000,1
1300324320000,1300324379000,57.478,57.568,57.456,57.457,226000000,1
1300324380000,1300324439000,57.457,57.523,57.452,57.496,201000000,1
1300324440000,1300324499000,57.497,57.503,57.406,57.438,230000000,1
1300324500000,1300324559000,57.438,57.458,57.378,57.387,163000000,1
1300324560000,1300324619000,57.387,57.477,57.378,57.453,263000000,1
1300324620000,1300324679000,57.454,57.517,57.426,57.488,262000000,1
1300324680000,1300324739000,57.488,57.518,57.469,57.488,93000000,1
1300324740000,1300324799000,57.488,57.498,57.418,57.429,182000000,1
1300324800000,1300324859000,57.429,57.429,57.386,57.428,198000000,1
1300324860000,1300324919000,57.427,57.438,57.399,57.399,150000000,1
1300324920000,1300324979000,57.401,57.454,57.401,57.419,149000000,1
1300324980000,1300325039000,57.418,57.426,57.407,57.407,96000000,1
1300325040000,1300325099000,57.417,57.458,57.398,57.447,206000000,1
1300325100000,1300325159000,57.447,57.469,57.428,57.428,184000000,1
1300325160000,1300325219000,57.428,57.454,57.417,57.437,264000000,1
1300325220000,1300325279000,57.438,57.488,57.438,57.477,219000000,1
1300325280000,1300325339000,57.467,57.477,57.427,57.458,206000000,1
1300325340000,1300325399000,57.458,57.468,57.387,57.413,291000000,1
1300325400000,1300325459000,57.418,57.427,57.362,57.406,212000000,1
1300325460000,1300325519000,57.406,57.477,57.406,57.458,336000000,1
1300325520000,1300325579000,57.458,57.468,57.416,57.416,180000000,1
1300325580000,1300325639000,57.416,57.447,57.356,57.357,207000000,1
1300325640000,1300325699000,57.356,57.377,57.297,57.306,176000000,1
1300325700000,1300325759000,57.306,57.306,57.207,57.207,155000000,1
1300325760000,1300325819000,57.207,57.224,57.187,57.206,274000000,1
1300325820000,1300325879000,57.216,57.328,57.214,57.268,440000000,1
1300325880000,1300325939000,57.268,57.318,57.268,57.309,274000000,1
1300325940000,1300325999000,57.309,57.368,57.278,57.329,250000000,1
1300326000000,1300326059000,57.326,57.373,57.324,57.337,111000000,1
1300326060000,1300326119000,57.337,57.347,57.316,57.317,159000000,1
1300326120000,1300326179000,57.327,57.339,57.317,57.337,165000000,1
1300326180000,1300326239000,57.337,57.353,57.337,57.34,59000000,1
1300326240000,1300326299000,57.34,57.378,57.34,57.377,123000000,1
1300326300000,1300326359000,57.378,57.448,57.371,57.448,201000000,1
1300326360000,1300326419000,57.447,57.458,57.416,57.417,154000000,1
1300326420000,1300326479000,57.416,57.438,57.416,57.418,106000000,1
1300326480000,1300326539000,57.417,57.446,57.408,57.428,79000000,1
1300326540000,1300326599000,57.427,57.436,57.396,57.396,99000000,1
1300326600000,1300326659000,57.396,57.397,57.317,57.357,145000000,1
1300326660000,1300326719000,57.357,57.378,57.347,57.377,79000000,1
1300326720000,1300326779000,57.377,57.407,57.366,57.376,174000000,1
1300326780000,1300326839000,57.376,57.417,57.354,57.408,128000000,1
1300326840000,1300326899000,57.407,57.428,57.397,57.406,99000000,1
1300326900000,1300326959000,57.398,57.417,57.377,57.408,264000000,1
1300326960000,1300327019000,57.408,57.457,57.397,57.447,280000000,1
1300327020000,1300327079000,57.447,57.448,57.426,57.428,116000000,1
1300327080000,1300327139000,57.427,57.458,57.427,57.437,159000000,1
1300327140000,1300327199000,57.437,57.448,57.437,57.448,94000000,1
1300327200000,1300327259000,57.448,57.458,57.427,57.457,122000000,1
1300327260000,1300327319000,57.457,57.477,57.446,57.457,114000000,1
1300327320000,1300327379000,57.446,57.446,57.406,57.408,73000000,1
1300327380000,1300327439000,57.408,57.418,57.398,57.407,100000000,1
1300327440000,1300327499000,57.407,57.407,57.397,57.406,78000000,1
1300327500000,1300327559000,57.397,57.407,57.397,57.407,41000000,1
1300327560000,1300327619000,57.407,57.408,57.311,57.346,167000000,1
1300327620000,1300327679000,57.346,57.387,57.337,57.373,157000000,1
1300327680000,1300327739000,57.37,57.438,57.366,57.398,122000000,1
1300327740000,1300327799000,57.408,57.443,57.397,57.436,95000000,1
1300327800000,1300327859000,57.437,57.458,57.417,57.427,114000000,1
1300327860000,1300327919000,57.428,57.438,57.353,57.387,124000000,1
1300327920000,1300327979000,57.387,57.417,57.387,57.397,147000000,1
1300327980000,1300328039000,57.397,57.427,57.397,57.407,178000000,1
1300328040000,1300328099000,57.407,57.449,57.407,57.449,126000000,1
1300328100000,1300328159000,57.449,57.458,57.447,57.447,86000000,1
1300328160000,1300328219000,57.456,57.467,57.446,57.466,150000000,1
1300328220000,1300328279000,57.467,57.467,57.437,57.437,112000000,1
1300328280000,1300328339000,57.437,57.437,57.366,57.389,122000000,1
1300328340000,1300328399000,57.387,57.398,57.337,57.347,179000000,1
1300328400000,1300328459000,57.347,57.347,57.287,57.316,116000000,1
1300328460000,1300328519000,57.316,57.348,57.287,57.326,80000000,1
1300328520000,1300328579000,57.317,57.358,57.298,57.348,135000000,1
1300328580000,1300328639000,57.348,57.388,57.348,57.377,172000000,1
1300328640000,1300328699000,57.378,57.409,57.369,57.387,152000000,1
1300328700000,1300328759000,57.387,57.398,57.336,57.337,263000000,1
1300328760000,1300328819000,57.338,57.35,57.267,57.267,86000000,1
1300328820000,1300328879000,57.257,57.298,57.257,57.297,104000000,1
1300328880000,1300328939000,57.297,57.307,57.268,57.286,124000000,1
1300328940000,1300328999000,57.286,57.299,57.267,57.297,104000000,1
1300329000000,1300329059000,57.296,57.297,57.27,57.27,96000000,1
1300329060000,1300329119000,57.278,57.306,57.258,57.306,104000000,1
1300329120000,1300329179000,57.306,57.327,57.23,57.248,169000000,1
1300329180000,1300329239000,57.257,57.257,57.226,57.226,190000000,1
1300329240000,1300329299000,57.227,57.248,57.206,57.217,158000000,1
1300329300000,1300329359000,57.217,57.217,57.177,57.197,82000000,1
1300329360000,1300329419000,57.197,57.247,57.187,57.202,137000000,1
1300329420000,1300329479000,57.206,57.217,57.139,57.161,157000000,1
1300329480000,1300329539000,57.161,57.17,57.117,57.127,121000000,1
1300329540000,1300329599000,57.118,57.128,57.108,57.108,195000000,1
1300329600000,1300329659000,57.117,57.147,57.117,57.138,104000000,1
1300329660000,1300329719000,57.138,57.191,57.138,57.183,107000000,1
1300329720000,1300329779000,57.183,57.237,57.183,57.237,72000000,1
1300329780000,1300329839000,57.228,57.278,57.227,57.277,137000000,1
1300329840000,1300329899000,57.287,57.287,57.246,57.276,130000000,1
1300329900000,1300329959000,57.276,57.277,57.247,57.267,112000000,1
1300329960000,1300330019000,57.267,57.298,57.266,57.266,87000000,1
1300330020000,1300330079000,57.266,57.266,57.246,57.247,40000000,1
1300330080000,1300330139000,57.247,57.257,57.237,57.247,73000000,1
1300330140000,1300330199000,57.247,57.247,57.158,57.198,237000000,1
1300330200000,1300330259000,57.206,57.227,57.199,57.227,114000000,1
1300330260000,1300330319000,57.227,57.227,57.206,57.206,54000000,1
1300330320000,1300330379000,57.207,57.227,57.196,57.196,179000000,1
1300330380000,1300330439000,57.192,57.228,57.187,57.201,193000000,1
1300330440000,1300330499000,57.201,57.228,57.197,57.218,226000000,1
1300330500000,1300330559000,57.218,57.228,57.209,57.224,139000000,1
1300330560000,1300330619000,57.224,57.248,57.218,57.226,172000000,1
1300330620000,1300330679000,57.226,57.247,57.226,57.247,116000000,1
1300330680000,1300330739000,57.247,57.257,57.227,57.256,99000000,1
1300330740000,1300330799000,57.256,57.257,57.237,57.237,118000000,1
1300330800000,1300330859000,57.237,57.276,57.237,57.268,148000000,1
1300330860000,1300330919000,57.268,57.278,57.256,57.256,200000000,1
1300330920000,1300330979000,57.258,57.277,57.256,57.256,123000000,1
1300330980000,1300331039000,57.256,57.259,57.177,57.207,319000000,1
1300331040000,1300331099000,57.2,57.218,57.197,57.217,236000000,1
1300331100000,1300331159000,57.211,57.228,57.206,57.227,188000000,1
1300331160000,1300331219000,57.227,57.238,57.218,57.231,80000000,1
1300331220000,1300331279000,57.228,57.237,57.208,57.227,130000000,1
1300331280000,1300331339000,57.227,57.227,57.197,57.218,236000000,1
1300331340000,1300331399000,57.218,57.248,57.216,57.248,174000000,1
1300331400000,1300331459000,57.248,57.317,57.247,57.297,106000000,1
1300331460000,1300331519000,57.297,57.297,57.277,57.277,93000000,1
1300331520000,1300331579000,57.267,57.276,57.257,57.266,159000000,1
1300331580000,1300331639000,57.266,57.267,57.227,57.228,138000000,1
1300331640000,1300331699000,57.228,57.247,57.227,57.231,102000000,1
1300331700000,1300331759000,57.231,57.231,57.206,57.217,179000000,1
1300331760000,1300331819000,57.217,57.218,57.197,57.217,164000000,1
1300331820000,1300331879000,57.216,57.227,57.178,57.178,180000000,1
1300331880000,1300331939000,57.184,57.187,57.146,57.146,156000000,1
1300331940000,1300331999000,57.146,57.157,57.136,57.137,130000000,1
1300332000000,1300332059000,57.147,57.147,57.111,57.112,94000000,1
1300332060000,1300332119000,57.111,57.118,57.086,57.096,210000000,1
1300332120000,1300332179000,57.096,57.104,57.033,57.048,196000000,1
1300332180000,1300332239000,57.048,57.088,57.013,57.087,172000000,1
1300332240000,1300332299000,57.092,57.12,57.088,57.107,136000000,1
1300332300000,1300332359000,57.107,57.107,57.048,57.061,204000000,1
1300332360000,1300332419000,57.064,57.086,57.048,57.058,195000000,1
1300332420000,1300332479000,57.058,57.059,57.05,57.058,71000000,1
1300332480000,1300332539000,57.058,57.106,57.056,57.097,109000000,1
1300332540000,1300332599000,57.097,57.127,57.086,57.118,126000000,1
1300332600000,1300332659000,57.126,57.237,57.126,57.217,266000000,1
1300332660000,1300332719000,57.216,57.227,57.172,57.186,262000000,1
1300332720000,1300332779000,57.176,57.221,57.168,57.186,232000000,1
1300332780000,1300332839000,57.193,57.223,57.19,57.208,275000000,1
1300332840000,1300332899000,57.213,57.222,57.206,57.207,348000000,1
1300332900000,1300332959000,57.207,57.234,57.196,57.226,214000000,1
1300332960000,1300333019000,57.226,57.226,57.128,57.179,233000000,1
1300333020000,1300333079000,57.179,57.219,57.146,57.187,294000000,1
1300333080000,1300333139000,57.197,57.226,57.167,57.167,153000000,1
1300333140000,1300333199000,57.167,57.178,57.157,57.157,124000000,1
1300333200000,1300333259000,57.157,57.176,57.151,57.151,81000000,1
1300333260000,1300333319000,57.151,57.178,57.147,57.166,135000000,1
1300333320000,1300333379000,57.166,57.168,57.157,57.167,68000000,1
1300333380000,1300333439000,57.161,57.195,57.126,57.187,206000000,1
1300333440000,1300333499000,57.156,57.187,57.145,57.145,147000000,1
1300333500000,1300333559000,57.142,57.194,57.142,57.147,158000000,1
1300333560000,1300333619000,57.146,57.147,57.048,57.078,272000000,1
1300333620000,1300333679000,57.08,57.108,57.026,57.032,315000000,1
1300333680000,1300333739000,57.03,57.068,57.017,57.058,270000000,1
1300333740000,1300333799000,57.058,57.098,57.037,57.076,171000000,1
1300333800000,1300333859000,57.077,57.096,57.076,57.087,222000000,1
1300333860000,1300333919000,57.087,57.167,57.087,57.137,180000000,1
1300333920000,1300333979000,57.138,57.148,57.127,57.147,123000000,1
1300333980000,1300334039000,57.147,57.167,57.087,57.106,212000000,1
1300334040000,1300334099000,57.117,57.118,57.068,57.118,147000000,1
1300334100000,1300334159000,57.118,57.138,57.048,57.066,276000000,1
1300334160000,1300334219000,57.066,57.076,57.047,57.057,151000000,1
1300334220000,1300334279000,57.067,57.086,57.027,57.056,161000000,1
1300334280000,1300334339000,57.056,57.078,57.027,57.038,157000000,1
1300334340000,1300334399000,57.038,57.071,57.038,57.057,244000000,1
1300334400000,1300334459000,57.048,57.067,57.048,57.058,81000000,1
1300334460000,1300334519000,57.059,57.097,57.058,57.097,78000000,1
1300334520000,1300334579000,57.097,57.108,57.086,57.108,124000000,1
1300334580000,1300334639000,57.112,57.117,57.038,57.066,152000000,1
1300334640000,1300334699000,57.058,57.117,57.058,57.096,261000000,1
1300334700000,1300334759000,57.107,57.115,57.096,57.107,58000000,1
1300334760000,1300334819000,57.098,57.107,57.098,57.107,33000000,1
1300334820000,1300334879000,57.107,57.118,57.107,57.117,33000000,1
1300334880000,1300334939000,57.107,57.107,57.07,57.079,113000000,1
1300334940000,1300334999000,57.079,57.087,57.057,57.068,102000000,1
1300335000000,1300335059000,57.068,57.088,57.066,57.077,79000000,1
1300335060000,1300335119000,57.077,57.097,57.067,57.078,113000000,1
1300335120000,1300335179000,57.077,57.08,57.038,57.049,125000000,1
1300335180000,1300335239000,57.058,57.067,57.046,57.046,53000000,1
1300335240000,1300335299000,57.049,57.076,57.037,57.067,72000000,1
1300335300000,1300335359000,57.067,57.068,57.046,57.058,104000000,1
1300335360000,1300335419000,57.057,57.061,57.056,57.058,31000000,1
1300335420000,1300335479000,57.047,57.058,57.027,57.058,96000000,1
1300335480000,1300335539000,57.048,57.078,57.037,57.067,138000000,1
1300335540000,1300335599000,57.058,57.068,57.037,57.056,139000000,1
1300335600000,1300335659000,57.047,57.057,57.046,57.056,53000000,1
1300335660000,1300335719000,57.056,57.067,57.046,57.067,71000000,1
1300335720000,1300335779000,57.058,57.107,57.057,57.088,143000000,1
1300335780000,1300335839000,57.086,57.107,57.07,57.088,118000000,1
1300335840000,1300335899000,57.078,57.129,57.067,57.116,187000000,1
1300335900000,1300335959000,57.116,57.157,57.107,57.128,272000000,1
1300335960000,1300336019000,57.128,57.145,57.118,57.128,144000000,1
1300336020000,1300336079000,57.128,57.128,57.086,57.108,151000000,1
1300336080000,1300336139000,57.108,57.117,57.082,57.097,103000000,1
1300336140000,1300336199000,57.097,57.108,57.087,57.098,122000000,1
1300336200000,1300336259000,57.108,57.119,57.094,57.107,106000000,1
1300336260000,1300336319000,57.107,57.118,57.106,57.108,62000000,1
1300336320000,1300336379000,57.108,57.128,57.108,57.118,47000000,1
1300336380000,1300336439000,57.118,57.136,57.118,57.128,81000000,1
1300336440000,1300336499000,57.128,57.138,57.126,57.137,135000000,1
1300336500000,1300336559000,57.137,57.141,57.136,57.141,65000000,1
1300336560000,1300336619000,57.137,57.14,57.133,57.14,18000000,1
1300336620000,1300336679000,57.149,57.182,57.14,57.182,190000000,1
1300336680000,1300336739000,57.174,57.185,57.16,57.163,85000000,1
1300336740000,1300336799000,57.161,57.164,57.14,57.142,81000000,1
1300336800000,1300336859000,57.14,57.158,57.139,57.141,73000000,1
1300336860000,1300336919000,57.139,57.148,57.137,57.137,56000000,1
1300336920000,1300336979000,57.138,57.148,57.107,57.128,107000000,1
1300336980000,1300337039000,57.122,57.128,57.107,57.108,136000000,1
1300337040000,1300337099000,57.107,57.108,57.097,57.108,52000000,1
1300337100000,1300337159000,57.108,57.12,57.107,57.108,99000000,1
1300337160000,1300337219000,57.108,57.112,57.106,57.108,45000000,1
1300337220000,1300337279000,57.111,57.111,57.1,57.107,41000000,1
1300337280000,1300337339000,57.107,57.107,57.098,57.107,34000000,1
1300337340000,1300337399000,57.107,57.107,57.096,57.097,47000000,1
1300337400000,1300337459000,57.097,57.098,57.078,57.087,52000000,1
1300337460000,1300337519000,57.087,57.098,57.086,57.088,69000000,1
1300337520000,1300337579000,57.088,57.088,57.077,57.087,51000000,1
1300337580000,1300337639000,57.087,57.096,57.086,57.086,52000000,1
1300337640000,1300337699000,57.087,57.096,57.057,57.057,35000000,1
1300337700000,1300337759000,57.047,57.057,57.047,57.056,36000000,1
1300337760000,1300337819000,57.058,57.058,57.056,57.056,25000000,1
1300337820000,1300337879000,57.057,57.062,57.057,57.062,83000000,1
1300337880000,1300337939000,57.062,57.067,57.057,57.058,49000000,1
1300337940000,1300337999000,57.058,57.058,57.037,57.057,90000000,1
1300338000000,1300338059000,57.057,57.07,57.046,57.057,116000000,1
1300338060000,1300338119000,57.058,57.058,57.037,57.047,92000000,1
1300338120000,1300338179000,57.046,57.057,57.037,57.057,66000000,1
1300338180000,1300338239000,57.057,57.071,57.055,57.071,91000000,1
1300338240000,1300338299000,57.07,57.071,57.057,57.057,94000000,1
1300338300000,1300338359000,57.057,57.099,57.056,57.096,81000000,1
1300338360000,1300338419000,57.096,57.101,57.086,57.101,59000000,1
1300338420000,1300338479000,57.103,57.123,57.096,57.116,71000000,1
1300338480000,1300338539000,57.116,57.142,57.116,57.142,59000000,1
1300338540000,1300338599000,57.129,57.152,57.107,57.11,95000000,1
1300338600000,1300338659000,57.11,57.122,57.107,57.119,26000000,1
1300338660000,1300338719000,57.119,57.154,57.117,57.154,76000000,1
1300338720000,1300338779000,57.154,57.218,57.151,57.218,203000000,1
1300338780000,1300338839000,57.217,57.218,57.187,57.192,230000000,1
1300338840000,1300338899000,57.202,57.209,57.198,57.209,33000000,1
1300338900000,1300338959000,57.211,57.23,57.211,57.218,87000000,1
1300338960000,1300339019000,57.217,57.23,57.217,57.228,55000000,1
1300339020000,1300339079000,57.228,57.228,57.216,57.227,75000000,1
1300339080000,1300339139000,57.227,57.227,57.198,57.216,84000000,1
1300339140000,1300339199000,57.217,57.237,57.198,57.236,115000000,1
1300339200000,1300339259000,57.236,57.236,57.207,57.216,166000000,1
1300339260000,1300339319000,57.216,57.216,57.206,57.207,105000000,1
1300339320000,1300339379000,57.207,57.208,57.198,57.202,79000000,1
1300339380000,1300339439000,57.206,57.256,57.206,57.237,148000000,1
1300339440000,1300339499000,57.246,57.258,57.227,57.248,104000000,1
1300339500000,1300339559000,57.257,57.318,57.257,57.316,201000000,1
1300339560000,1300339619000,57.308,57.328,57.297,57.327,156000000,1
1300339620000,1300339679000,57.328,57.468,57.328,57.466,141000000,1
1300339680000,1300339739000,57.471,57.487,57.394,57.396,251000000,1
1300339740000,1300339799000,57.396,57.427,57.388,57.397,84000000,1
1300339800000,1300339859000,57.388,57.426,57.387,57.407,146000000,1
1300339860000,1300339919000,57.407,57.407,57.36,57.367,253000000,1
1300339920000,1300339979000,57.367,57.436,57.357,57.416,188000000,1
1300339980000,1300340039000,57.416,57.436,57.377,57.397,136000000,1
1300340040000,1300340099000,57.398,57.429,57.398,57.406,165000000,1
1300340100000,1300340159000,57.406,57.41,57.391,57.401,181000000,1
1300340160000,1300340219000,57.405,57.428,57.39,57.419,139000000,1
1300340220000,1300340279000,57.421,57.449,57.411,57.447,106000000,1
1300340280000,1300340339000,57.438,57.464,57.427,57.452,188000000,1
1300340340000,1300340399000,57.448,57.448,57.416,57.423,89000000,1
1300340400000,1300340459000,57.418,57.434,57.412,57.421,90000000,1
1300340460000,1300340519000,57.427,57.524,57.409,57.418,172000000,1
1300340520000,1300340579000,57.418,57.447,57.408,57.437,173000000,1
1300340580000,1300340639000,57.427,57.428,57.385,57.388,100000000,1
1300340640000,1300340699000,57.388,57.388,57.366,57.376,51000000,1
1300340700000,1300340759000,57.377,57.398,57.338,57.346,126000000,1
1300340760000,1300340819000,57.336,57.358,57.317,57.335,155000000,1
1300340820000,1300340879000,57.335,57.342,57.317,57.317,132000000,1
1300340880000,1300340939000,57.317,57.328,57.317,57.322,17000000,1
1300340940000,1300340999000,57.318,57.318,57.267,57.268,51000000,1
1300341000000,1300341059000,57.268,57.268,57.237,57.248,160000000,1
1300341060000,1300341119000,57.248,57.317,57.247,57.316,85000000,1
1300341120000,1300341179000,57.316,57.316,57.276,57.276,147000000,1
1300341180000,1300341239000,57.276,57.282,57.268,57.282,67000000,1
1300341240000,1300341299000,57.277,57.281,57.267,57.281,89000000,1
1300341300000,1300341359000,57.281,57.347,57.278,57.328,143000000,1
1300341360000,1300341419000,57.336,57.336,57.317,57.318,94000000,1
1300341420000,1300341479000,57.32,57.337,57.306,57.328,78000000,1
1300341480000,1300341539000,57.328,57.338,57.318,57.336,192000000,1
1300341540000,1300341599000,57.336,57.358,57.327,57.347,166000000,1
1300341600000,1300341659000,57.337,57.348,57.316,57.326,108000000,1
1300341660000,1300341719000,57.326,57.338,57.326,57.327,64000000,1
1300341720000,1300341779000,57.326,57.326,57.317,57.326,32000000,1
1300341780000,1300341839000,57.319,57.326,57.299,57.299,74000000,1
1300341840000,1300341899000,57.297,57.308,57.287,57.308,69000000,1
1300341900000,1300341959000,57.309,57.347,57.307,57.307,95000000,1
1300341960000,1300342019000,57.314,57.317,57.306,57.307,36000000,1
1300342020000,1300342079000,57.307,57.337,57.304,57.337,62000000,1
1300342080000,1300342139000,57.336,57.357,57.327,57.357,73000000,1
1300342140000,1300342199000,57.361,57.388,57.356,57.367,74000000,1
1300342200000,1300342259000,57.379,57.397,57.367,57.397,74000000,1
1300342260000,1300342319000,57.407,57.412,57.397,57.407,27000000,1
1300342320000,1300342379000,57.407,57.407,57.377,57.377,42000000,1
1300342380000,1300342439000,57.377,57.378,57.357,57.357,65000000,1
1300342440000,1300342499000,57.356,57.367,57.356,57.357,54000000,1
1300342500000,1300342559000,57.357,57.357,57.337,57.348,60000000,1
1300342560000,1300342619000,57.348,57.348,57.336,57.336,47000000,1
1300342620000,1300342679000,57.336,57.337,57.326,57.326,73000000,1
1300342680000,1300342739000,57.326,57.328,57.317,57.328,54000000,1
1300342740000,1300342799000,57.33,57.336,57.328,57.336,6000000,1
1300342800000,1300342859000,57.337,57.337,57.326,57.328,49000000,1
1300342860000,1300342919000,57.328,57.351,57.328,57.347,30000000,1
1300342920000,1300342979000,57.352,57.402,57.352,57.402,91000000,1
1300342980000,1300343039000,57.406,57.416,57.406,57.41,21000000,1
1300343040000,1300343099000,57.406,57.406,57.397,57.398,21000000,1
1300343100000,1300343159000,57.397,57.398,57.397,57.397,86000000,1
1300343160000,1300343219000,57.397,57.399,57.387,57.397,32000000,1
1300343220000,1300343279000,57.398,57.4,57.377,57.387,64000000,1
1300343280000,1300343339000,57.387,57.387,57.336,57.338,57000000,1
1300343340000,1300343399000,57.336,57.337,57.306,57.306,68000000,1
1300343400000,1300343459000,57.307,57.308,57.267,57.277,64000000,1
1300343460000,1300343519000,57.279,57.29,57.277,57.282,40000000,1
1300343520000,1300343579000,57.282,57.282,57.271,57.277,30000000,1
1300343580000,1300343639000,57.278,57.309,57.278,57.286,43000000,1
1300343640000,1300343699000,57.286,57.291,57.276,57.286,402000000,1
1300343700000,1300343759000,57.286,57.299,57.286,57.298,176000000,1
1300343760000,1300343819000,57.297,57.297,57.276,57.277,267000000,1
1300343820000,1300343879000,57.277,57.277,57.22,57.227,195000000,1
1300343880000,1300343939000,57.216,57.238,57.216,57.238,109000000,1
1300343940000,1300343999000,57.238,57.239,57.197,57.197,104000000,1
1300344000000,1300344059000,57.187,57.187,57.176,57.177,66000000,1
1300344060000,1300344119000,57.188,57.188,57.168,57.171,50000000,1
1300344120000,1300344179000,57.176,57.176,57.116,57.12,118000000,1
1300344180000,1300344239000,57.127,57.128,57.086,57.087,99000000,1
1300344240000,1300344299000,57.087,57.087,57.038,57.05,192000000,1
1300344300000,1300344359000,57.05,57.078,57.047,57.057,113000000,1
1300344360000,1300344419000,57.047,57.067,57.047,57.057,20000000,1
1300344420000,1300344479000,57.057,57.071,57.057,57.058,60000000,1
1300344480000,1300344539000,57.058,57.058,56.898,56.901,204000000,1
1300344540000,1300344599000,56.897,56.909,56.876,56.908,159000000,1
1300344600000,1300344659000,56.908,56.948,56.908,56.937,97000000,1
1300344660000,1300344719000,56.928,56.928,56.727,56.727,212000000,1
1300344720000,1300344779000,56.737,56.798,56.718,56.796,331000000,1
1300344780000,1300344839000,56.796,56.828,56.787,56.828,172000000,1
1300344840000,1300344899000,56.836,56.869,56.817,56.847,177000000,1
1300344900000,1300344959000,56.847,56.848,56.816,56.839,157000000,1
1300344960000,1300345019000,56.836,56.838,56.797,56.807,171000000,1
1300345020000,1300345079000,56.797,56.808,56.755,56.757,208000000,1
1300345080000,1300345139000,56.757,56.768,56.716,56.716,230000000,1
1300345140000,1300345199000,56.717,56.798,56.716,56.788,207000000,1
1300345200000,1300345259000,56.788,56.917,56.777,56.917,315000000,1
1300345260000,1300345319000,56.917,56.948,56.907,56.926,215000000,1
1300345320000,1300345379000,56.926,56.938,56.897,56.938,146000000,1
1300345380000,1300345439000,56.936,56.992,56.936,56.982,221000000,1
1300345440000,1300345499000,56.982,56.988,56.927,56.972,271000000,1
1300345500000,1300345559000,56.972,57.008,56.953,56.998,238000000,1
1300345560000,1300345619000,56.998,56.999,56.897,56.902,259000000,1
1300345620000,1300345679000,56.902,56.918,56.878,56.898,263000000,1
1300345680000,1300345739000,56.898,56.917,56.87,56.908,188000000,1
1300345740000,1300345799000,56.907,56.928,56.886,56.918,181000000,1
1300345800000,1300345859000,56.918,56.927,56.827,56.858,314000000,1
1300345860000,1300345919000,56.857,56.87,56.791,56.87,288000000,1
1300345920000,1300345979000,56.877,56.998,56.867,56.978,299000000,1
1300345980000,1300346039000,56.98,56.997,56.947,56.957,244000000,1
1300346040000,1300346099000,56.957,56.991,56.956,56.987,193000000,1
1300346100000,1300346159000,56.987,57.028,56.907,57.018,293000000,1
1300346160000,1300346219000,57.017,57.021,56.976,56.977,231000000,1
1300346220000,1300346279000,56.977,57.008,56.966,57.008,177000000,1
1300346280000,1300346339000,57.011,57.197,57.011,57.121,356000000,1
1300346340000,1300346399000,57.121,57.121,57.044,57.047,248000000,1
1300346400000,1300346459000,57.057,57.081,57.047,57.067,114000000,1
1300346460000,1300346519000,57.067,57.077,57.038,57.047,299000000,1
1300346520000,1300346579000,57.047,57.076,57.047,57.057,102000000,1
1300346580000,1300346639000,57.057,57.079,57.036,57.037,161000000,1
1300346640000,1300346699000,57.037,57.067,57.006,57.017,143000000,1
1300346700000,1300346759000,57.018,57.098,57.017,57.097,214000000,1
1300346760000,1300346819000,57.108,57.148,57.066,57.067,239000000,1
1300346820000,1300346879000,57.067,57.088,57.047,57.056,359000000,1
1300346880000,1300346939000,57.058,57.117,57.048,57.108,322000000,1
1300346940000,1300346999000,57.108,57.148,57.097,57.116,229000000,1
1300347000000,1300347059000,57.106,57.177,57.106,57.177,250000000,1
1300347060000,1300347119000,57.177,57.237,57.166,57.207,186000000,1
1300347120000,1300347179000,57.197,57.228,57.197,57.217,248000000,1
1300347180000,1300347239000,57.227,57.227,57.147,57.147,165000000,1
1300347240000,1300347299000,57.148,57.181,57.146,57.181,116000000,1
1300347300000,1300347359000,57.186,57.187,57.117,57.117,66000000,1
1300347360000,1300347419000,57.117,57.138,57.097,57.118,199000000,1
1300347420000,1300347479000,57.118,57.147,57.117,57.126,77000000,1
1300347480000,1300347539000,57.126,57.128,57.098,57.107,200000000,1
1300347540000,1300347599000,57.108,57.128,57.097,57.097,128000000,1
1300347600000,1300347659000,57.096,57.117,57.058,57.096,206000000,1
1300347660000,1300347719000,57.096,57.108,57.077,57.098,211000000,1
1300347720000,1300347779000,57.107,57.108,57.097,57.097,159000000,1
1300347780000,1300347839000,57.097,57.138,57.097,57.117,166000000,1
1300347840000,1300347899000,57.117,57.168,57.097,57.158,159000000,1
1300347900000,1300347959000,57.157,57.197,57.136,57.197,205000000,1
1300347960000,1300348019000,57.198,57.267,57.197,57.266,231000000,1
1300348020000,1300348079000,57.266,57.266,57.197,57.236,185000000,1
1300348080000,1300348139000,57.227,57.237,57.218,57.228,98000000,1
1300348140000,1300348199000,57.228,57.228,57.188,57.207,148000000,1
1300348200000,1300348259000,57.204,57.217,57.202,57.217,94000000,1
1300348260000,1300348319000,57.217,57.237,57.216,57.237,112000000,1
1300348320000,1300348379000,57.236,57.246,57.207,57.228,126000000,1
1300348380000,1300348439000,57.228,57.248,57.228,57.248,110000000,1
1300348440000,1300348499000,57.247,57.257,57.238,57.246,136000000,1
1300348500000,1300348559000,57.246,57.246,57.207,57.226,66000000,1
1300348560000,1300348619000,57.226,57.247,57.217,57.247,56000000,1
1300348620000,1300348679000,57.246,57.286,57.237,57.286,143000000,1
1300348680000,1300348739000,57.286,57.297,57.267,57.287,66000000,1
1300348740000,1300348799000,57.278,57.297,57.256,57.256,117000000,1
1300348800000,1300348859000,57.256,57.257,57.206,57.207,101000000,1
1300348860000,1300348919000,57.206,57.237,57.187,57.187,75000000,1
1300348920000,1300348979000,57.187,57.216,57.176,57.176,129000000,1
1300348980000,1300349039000,57.177,57.246,57.176,57.246,98000000,1
1300349040000,1300349099000,57.246,57.247,57.227,57.236,37000000,1
1300349100000,1300349159000,57.238,57.247,57.219,57.226,16000000,1
1300349160000,1300349219000,57.229,57.286,57.229,57.277,64000000,1
1300349220000,1300349279000,57.277,57.278,57.266,57.268,70000000,1
1300349280000,1300349339000,57.268,57.296,57.268,57.286,162000000,1
1300349340000,1300349399000,57.288,57.326,57.277,57.277,131000000,1
1300349400000,1300349459000,57.277,57.287,57.256,57.266,106000000,1
1300349460000,1300349519000,57.266,57.276,57.256,57.276,145000000,1
1300349520000,1300349579000,57.276,57.287,57.227,57.236,83000000,1
1300349580000,1300349639000,57.23,57.247,57.216,57.226,74000000,1
1300349640000,1300349699000,57.226,57.237,57.217,57.236,37000000,1
1300349700000,1300349759000,57.236,57.247,57.236,57.247,48000000,1
1300349760000,1300349819000,57.247,57.247,57.237,57.237,40000000,1
1300349820000,1300349879000,57.237,57.237,57.207,57.216,127000000,1
1300349880000,1300349939000,57.217,57.227,57.216,57.218,52000000,1
1300349940000,1300349999000,57.218,57.218,57.216,57.216,24000000,1
1300350000000,1300350059000,57.216,57.216,57.197,57.197,24000000,1
1300350060000,1300350119000,57.197,57.224,57.187,57.187,25000000,1
1300350120000,1300350179000,57.187,57.188,57.146,57.147,75000000,1
1300350180000,1300350239000,57.146,57.148,57.036,57.036,88000000,1
1300350240000,1300350299000,57.024,57.116,57.024,57.107,139000000,1
1300350300000,1300350359000,57.116,57.147,57.107,57.127,100000000,1
1300350360000,1300350419000,57.127,57.127,57.089,57.106,143000000,1
1300350420000,1300350479000,57.106,57.157,57.106,57.146,121000000,1
1300350480000,1300350539000,57.146,57.146,57.053,57.107,132000000,1
1300350540000,1300350599000,57.097,57.158,57.097,57.157,83000000,1
1300350600000,1300350659000,57.158,57.207,57.158,57.207,81000000,1
1300350660000,1300350719000,57.207,57.207,57.176,57.178,67000000,1
1300350720000,1300350779000,57.188,57.196,57.156,57.166,174000000,1
1300350780000,1300350839000,57.166,57.188,57.148,57.188,106000000,1
1300350840000,1300350899000,57.187,57.257,57.186,57.206,121000000,1
1300350900000,1300350959000,57.206,57.207,57.156,57.156,132000000,1
1300350960000,1300351019000,57.156,57.156,57.108,57.141,150000000,1
1300351020000,1300351079000,57.148,57.198,57.146,57.186,197000000,1
1300351080000,1300351139000,57.186,57.188,57.168,57.188,73000000,1
1300351140000,1300351199000,57.188,57.188,57.107,57.116,91000000,1
1300351200000,1300351259000,57.116,57.198,57.107,57.197,159000000,1
1300351260000,1300351319000,57.197,57.208,57.177,57.186,165000000,1
1300351320000,1300351379000,57.186,57.186,57.147,57.176,139000000,1
1300351380000,1300351439000,57.176,57.176,57.136,57.158,69000000,1
1300351440000,1300351499000,57.158,57.187,57.158,57.176,143000000,1
1300351500000,1300351559000,57.176,57.197,57.158,57.186,91000000,1
1300351560000,1300351619000,57.186,57.207,57.186,57.196,71000000,1
1300351620000,1300351679000,57.196,57.229,57.186,57.217,63000000,1
1300351680000,1300351739000,57.213,57.217,57.197,57.197,62000000,1
1300351740000,1300351799000,57.197,57.236,57.197,57.21,82000000,1
1300351800000,1300351859000,57.21,57.218,57.191,57.216,132000000,1
1300351860000,1300351919000,57.209,57.227,57.209,57.217,57000000,1
1300351920000,1300351979000,57.209,57.212,57.167,57.18,105000000,1
1300351980000,1300352039000,57.186,57.212,57.186,57.206,92000000,1
1300352040000,1300352099000,57.206,57.206,57.176,57.186,67000000,1
1300352100000,1300352159000,57.18,57.18,57.146,57.148,83000000,1
1300352160000,1300352219000,57.156,57.158,57.147,57.147,94000000,1
1300352220000,1300352279000,57.137,57.137,57.117,57.127,76000000,1
1300352280000,1300352339000,57.127,57.154,57.126,57.153,71000000,1
1300352340000,1300352399000,57.153,57.187,57.153,57.177,177000000,1
1300352400000,1300352459000,57.177,57.248,57.177,57.247,197000000,1
1300352460000,1300352519000,57.246,57.257,57.216,57.249,147000000,1
1300352520000,1300352579000,57.256,57.258,57.206,57.206,152000000,1
1300352580000,1300352639000,57.206,57.221,57.187,57.198,103000000,1
1300352640000,1300352699000,57.198,57.199,57.154,57.154,96000000,1
1300352700000,1300352759000,57.154,57.174,57.146,57.152,136000000,1
1300352760000,1300352819000,57.148,57.161,57.136,57.161,97000000,1
1300352820000,1300352879000,57.161,57.188,57.143,57.147,191000000,1
1300352880000,1300352939000,57.146,57.157,57.087,57.117,139000000,1
1300352940000,1300352999000,57.118,57.168,57.117,57.167,196000000,1
1300353000000,1300353059000,57.167,57.188,57.167,57.187,159000000,1
1300353060000,1300353119000,57.186,57.187,57.127,57.127,91000000,1
1300353120000,1300353179000,57.127,57.148,57.127,57.147,117000000,1
1300353180000,1300353239000,57.147,57.148,57.137,57.139,126000000,1
1300353240000,1300353299000,57.139,57.15,57.139,57.148,79000000,1
1300353300000,1300353359000,57.148,57.158,57.144,57.144,66000000,1
1300353360000,1300353419000,57.144,57.148,57.107,57.127,233000000,1
1300353420000,1300353479000,57.127,57.127,57.097,57.108,253000000,1
1300353480000,1300353539000,57.108,57.124,57.097,57.099,282000000,1
1300353540000,1300353599000,57.108,57.13,57.097,57.127,169000000,1
1300353600000,1300353659000,57.127,57.136,57.117,57.117,183000000,1
1300353660000,1300353719000,57.117,57.138,57.106,57.119,228000000,1
1300353720000,1300353779000,57.128,57.147,57.119,57.12,134000000,1
1300353780000,1300353839000,57.121,57.129,57.077,57.078,244000000,1
1300353840000,1300353899000,57.077,57.088,57.067,57.087,191000000,1
1300353900000,1300353959000,57.08,57.088,57.057,57.061,146000000,1
1300353960000,1300354019000,57.065,57.087,57.056,57.056,187000000,1
1300354020000,1300354079000,57.049,57.068,57.048,57.057,98000000,1
1300354080000,1300354139000,57.057,57.068,57.05,57.056,110000000,1
1300354140000,1300354199000,57.058,57.068,57.048,57.061,79000000,1
1300354200000,1300354259000,57.06,57.068,57.057,57.068,102000000,1
1300354260000,1300354319000,57.077,57.078,57.067,57.077,56000000,1
1300354320000,1300354379000,57.069,57.078,57.067,57.077,69000000,1
1300354380000,1300354439000,57.077,57.077,57.067,57.067,80000000,1
1300354440000,1300354499000,57.076,57.087,57.066,57.087,79000000,1
1300354500000,1300354559000,57.087,57.087,57.047,57.056,117000000,1
1300354560000,1300354619000,57.056,57.063,57.021,57.026,96000000,1
1300354620000,1300354679000,57.026,57.027,57.015,57.02,86000000,1
1300354680000,1300354739000,57.019,57.026,57.016,57.017,70000000,1
1300354740000,1300354799000,57.012,57.037,57.01,57.026,88000000,1
1300354800000,1300354859000,57.026,57.03,57.006,57.027,103000000,1
1300354860000,1300354919000,57.027,57.038,57.024,57.027,117000000,1
1300354920000,1300354979000,57.027,57.035,56.977,56.989,157000000,1
1300354980000,1300355039000,56.988,57.016,56.987,56.997,99000000,1
1300355040000,1300355099000,56.987,56.987,56.896,56.917,256000000,1
1300355100000,1300355159000,56.917,56.986,56.917,56.936,249000000,1
1300355160000,1300355219000,56.931,56.976,56.928,56.968,145000000,1
1300355220000,1300355279000,56.967,56.986,56.958,56.958,95000000,1
1300355280000,1300355339000,56.958,56.964,56.946,56.947,132000000,1
1300355340000,1300355399000,56.947,56.998,56.947,56.998,175000000,1
1300355400000,1300355459000,57.004,57.019,56.968,56.977,254000000,1
1300355460000,1300355519000,56.977,56.987,56.957,56.978,217000000,1
1300355520000,1300355579000,56.978,56.988,56.967,56.976,108000000,1
1300355580000,1300355639000,56.976,56.978,56.957,56.957,87000000,1
1300355640000,1300355699000,56.948,56.948,56.917,56.927,152000000,1
1300355700000,1300355759000,56.928,56.928,56.867,56.867,130000000,1
1300355760000,1300355819000,56.867,56.89,56.847,56.848,240000000,1
1300355820000,1300355879000,56.847,56.868,56.796,56.807,234000000,1
1300355880000,1300355939000,56.807,56.807,56.766,56.766,184000000,1
1300355940000,1300355999000,56.766,56.767,56.719,56.719,140000000,1
1300356000000,1300356059000,56.719,56.747,56.707,56.707,165000000,1
1300356060000,1300356119000,56.707,56.81,56.707,56.797,183000000,1
1300356120000,1300356179000,56.797,56.818,56.789,56.806,187000000,1
1300356180000,1300356239000,56.806,56.806,56.771,56.796,123000000,1
1300356240000,1300356299000,56.797,56.86,56.796,56.818,219000000,1
1300356300000,1300356359000,56.817,56.817,56.726,56.727,187000000,1
1300356360000,1300356419000,56.728,56.748,56.717,56.717,104000000,1
1300356420000,1300356479000,56.717,56.789,56.717,56.727,200000000,1
1300356480000,1300356539000,56.727,56.737,56.707,56.707,172000000,1
1300356540000,1300356599000,56.707,56.748,56.688,56.748,124000000,1
1300356600000,1300356659000,56.748,56.827,56.748,56.817,156000000,1
1300356660000,1300356719000,56.818,56.828,56.751,56.777,225000000,1
1300356720000,1300356779000,56.777,56.827,56.777,56.817,211000000,1
1300356780000,1300356839000,56.817,56.856,56.817,56.847,122000000,1
1300356840000,1300356899000,56.847,56.857,56.796,56.807,106000000,1
1300356900000,1300356959000,56.807,56.857,56.807,56.857,161000000,1
1300356960000,1300357019000,56.857,56.878,56.846,56.848,161000000,1
1300357020000,1300357079000,56.846,56.864,56.806,56.827,210000000,1
1300357080000,1300357139000,56.827,56.833,56.796,56.817,214000000,1
1300357140000,1300357199000,56.817,56.827,56.808,56.818,94000000,1
1300357200000,1300357259000,56.816,56.828,56.806,56.817,144000000,1
1300357260000,1300357319000,56.818,56.838,56.816,56.818,96000000,1
1300357320000,1300357379000,56.818,56.828,56.816,56.826,47000000,1
1300357380000,1300357439000,56.826,56.837,56.796,56.796,66000000,1
1300357440000,1300357499000,56.796,56.807,56.787,56.798,64000000,1
1300357500000,1300357559000,56.798,56.836,56.796,56.836,107000000,1
1300357560000,1300357619000,56.836,56.836,56.807,56.827,92000000,1
1300357620000,1300357679000,56.828,56.847,56.826,56.826,40000000,1
1300357680000,1300357739000,56.826,56.827,56.797,56.808,87000000,1
1300357740000,1300357799000,56.807,56.816,56.797,56.808,82000000,1
1300357800000,1300357859000,56.807,56.827,56.776,56.777,129000000,1
1300357860000,1300357919000,56.787,56.787,56.717,56.718,188000000,1
1300357920000,1300357979000,56.717,56.744,56.706,56.708,77000000,1
1300357980000,1300358039000,56.708,56.708,56.637,56.688,324000000,1
1300358040000,1300358099000,56.687,56.688,56.637,56.646,146000000,1
1300358100000,1300358159000,56.646,56.668,56.616,56.616,181000000,1
1300358160000,1300358219000,56.616,56.637,56.577,56.577,193000000,1
1300358220000,1300358279000,56.577,56.597,56.556,56.578,164000000,1
1300358280000,1300358339000,56.578,56.588,56.537,56.537,110000000,1
1300358340000,1300358399000,56.547,56.557,56.537,56.556,76000000,1
1300358400000,1300358459000,56.565,56.567,56.536,56.536,135000000,1
1300358460000,1300358519000,56.537,56.588,56.516,56.516,166000000,1
1300358520000,1300358579000,56.516,56.516,56.446,56.448,238000000,1
1300358580000,1300358639000,56.447,56.453,56.427,56.427,136000000,1
1300358640000,1300358699000,56.427,56.427,56.377,56.426,236000000,1
1300358700000,1300358759000,56.426,56.628,56.426,56.566,317000000,1
1300358760000,1300358819000,56.566,56.577,56.516,56.516,228000000,1
1300358820000,1300358879000,56.516,56.516,56.457,56.467,104000000,1
1300358880000,1300358939000,56.466,56.467,56.407,56.417,106000000,1
1300358940000,1300358999000,56.417,56.467,56.417,56.467,153000000,1
1300359000000,1300359059000,56.467,56.526,56.467,56.507,101000000,1
1300359060000,1300359119000,56.507,56.516,56.506,56.507,43000000,1
1300359120000,1300359179000,56.507,56.507,56.463,56.463,77000000,1
1300359180000,1300359239000,56.463,56.476,56.463,56.466,72000000,1
1300359240000,1300359299000,56.467,56.556,56.467,56.556,123000000,1
1300359300000,1300359359000,56.556,56.616,56.556,56.567,151000000,1
1300359360000,1300359419000,56.567,56.617,56.567,56.598,120000000,1
1300359420000,1300359479000,56.607,56.657,56.597,56.626,171000000,1
1300359480000,1300359539000,56.626,56.647,56.576,56.646,126000000,1
1300359540000,1300359599000,56.646,56.646,56.586,56.637,184000000,1
1300359600000,1300359659000,56.627,56.637,56.576,56.586,135000000,1
1300359660000,1300359719000,56.586,56.617,56.586,56.607,113000000,1
1300359720000,1300359779000,56.607,56.617,56.596,56.617,95000000,1
1300359780000,1300359839000,56.617,56.627,56.506,56.506,108000000,1
1300359840000,1300359899000,56.506,56.608,56.447,56.518,337000000,1
1300359900000,1300359959000,56.518,56.538,56.487,56.526,206000000,1
1300359960000,1300360019000,56.526,56.616,56.526,56.607,120000000,1
1300360020000,1300360079000,56.617,56.617,56.557,56.558,111000000,1
1300360080000,1300360139000,56.557,56.557,56.526,56.537,61000000,1
1300360140000,1300360199000,56.537,56.557,56.527,56.547,51000000,1
1300360200000,1300360259000,56.547,56.547,56.516,56.518,73000000,1
1300360260000,1300360319000,56.517,56.538,56.516,56.536,58000000,1
1300360320000,1300360379000,56.536,56.538,56.527,56.538,64000000,1
1300360380000,1300360439000,56.538,56.546,56.517,56.536,66000000,1
1300360440000,1300360499000,56.536,56.536,56.517,56.526,48000000,1
1300360500000,1300360559000,56.526,56.546,56.526,56.537,54000000,1
1300360560000,1300360619000,56.537,56.537,56.506,56.518,88000000,1
1300360620000,1300360679000,56.518,56.547,56.518,56.526,83000000,1
1300360680000,1300360739000,56.518,56.548,56.517,56.538,129000000,1
1300360740000,1300360799000,56.547,56.578,56.547,56.558,107000000,1
1300360800000,1300360859000,56.558,56.567,56.477,56.487,196000000,1
1300360860000,1300360919000,56.487,56.488,56.427,56.427,215000000,1
1300360920000,1300360979000,56.427,56.427,56.386,56.388,90000000,1
1300360980000,1300361039000,56.397,56.397,56.317,56.328,142000000,1
1300361040000,1300361099000,56.327,56.418,56.317,56.406,205000000,1
1300361100000,1300361159000,56.407,56.447,56.406,56.447,139000000,1
1300361160000,1300361219000,56.447,56.461,56.426,56.438,128000000,1
1300361220000,1300361279000,56.438,56.448,56.427,56.437,83000000,1
1300361280000,1300361339000,56.438,56.442,56.419,56.442,111000000,1
1300361340000,1300361399000,56.448,56.538,56.447,56.537,154000000,1
1300361400000,1300361459000,56.527,56.538,56.487,56.517,248000000,1
1300361460000,1300361519000,56.517,56.547,56.497,56.537,197000000,1
1300361520000,1300361579000,56.537,56.548,56.537,56.537,121000000,1
1300361580000,1300361639000,56.537,56.548,56.518,56.548,134000000,1
1300361640000,1300361699000,56.548,56.558,56.508,56.517,167000000,1
1300361700000,1300361759000,56.517,56.581,56.498,56.576,190000000,1
1300361760000,1300361819000,56.576,56.618,56.567,56.618,166000000,1
1300361820000,1300361879000,56.618,56.647,56.606,56.638,211000000,1
1300361880000,1300361939000,56.638,56.66,56.637,56.638,199000000,1
1300361940000,1300361999000,56.638,56.648,56.587,56.607,253000000,1
1300362000000,1300362059000,56.607,56.607,56.527,56.562,259000000,1
1300362060000,1300362119000,56.562,56.578,56.536,56.549,169000000,1
1300362120000,1300362179000,56.551,56.586,56.551,56.578,133000000,1
1300362180000,1300362239000,56.576,56.588,56.538,56.548,165000000,1
1300362240000,1300362299000,56.548,56.598,56.548,56.576,95000000,1
1300362300000,1300362359000,56.568,56.578,56.547,56.557,72000000,1
1300362360000,1300362419000,56.546,56.578,56.546,56.578,95000000,1
1300362420000,1300362479000,56.578,56.578,56.547,56.547,76000000,1
1300362480000,1300362539000,56.547,56.547,56.51,56.51,163000000,1
1300362540000,1300362599000,56.507,56.548,56.507,56.548,168000000,1
1300362600000,1300362659000,56.548,56.607,56.548,56.599,154000000,1
1300362660000,1300362719000,56.6,56.636,56.555,56.557,163000000,1
1300362720000,1300362779000,56.557,56.557,56.508,56.518,123000000,1
1300362780000,1300362839000,56.517,56.548,56.477,56.497,236000000,1
1300362840000,1300362899000,56.498,56.517,56.497,56.497,149000000,1
1300362900000,1300362959000,56.497,56.51,56.493,56.508,90000000,1
1300362960000,1300363019000,56.508,56.528,56.493,56.518,116000000,1
1300363020000,1300363079000,56.517,56.528,56.498,56.517,143000000,1
1300363080000,1300363139000,56.517,56.538,56.517,56.528,121000000,1
1300363140000,1300363199000,56.528,56.577,56.527,56.558,200000000,1
1300363200000,1300363259000,56.567,56.608,56.567,56.588,147000000,1
1300363260000,1300363319000,56.587,56.588,56.552,56.557,80000000,1
1300363320000,1300363379000,56.556,56.56,56.547,56.55,52000000,1
1300363380000,1300363439000,56.558,56.568,56.557,56.568,98000000,1
1300363440000,1300363499000,56.568,56.608,56.557,56.588,64000000,1
1300363500000,1300363559000,56.587,56.628,56.587,56.608,129000000,1
1300363560000,1300363619000,56.606,56.628,56.597,56.598,162000000,1
1300363620000,1300363679000,56.608,56.608,56.587,56.587,111000000,1
1300363680000,1300363739000,56.587,56.608,56.587,56.608,109000000,1
1300363740000,1300363799000,56.608,56.658,56.607,56.639,109000000,1
1300363800000,1300363859000,56.638,56.648,56.578,56.597,169000000,1
1300363860000,1300363919000,56.587,56.587,56.528,56.538,70000000,1
1300363920000,1300363979000,56.528,56.558,56.528,56.548,47000000,1
1300363980000,1300364039000,56.547,56.618,56.547,56.618,156000000,1
1300364040000,1300364099000,56.618,56.628,56.607,56.628,81000000,1
1300364100000,1300364159000,56.628,56.678,56.617,56.637,208000000,1
1300364160000,1300364219000,56.637,56.678,56.608,56.667,241000000,1
1300364220000,1300364279000,56.667,56.698,56.618,56.643,208000000,1
1300364280000,1300364339000,56.647,56.708,56.644,56.667,232000000,1
1300364340000,1300364399000,56.667,56.678,56.643,56.658,175000000,1
1300364400000,1300364459000,56.658,56.658,56.578,56.597,298000000,1
1300364460000,1300364519000,56.607,56.658,56.597,56.648,267000000,1
1300364520000,1300364579000,56.648,56.648,56.616,56.616,290000000,1
1300364580000,1300364639000,56.616,56.629,56.602,56.603,193000000,1
1300364640000,1300364699000,56.603,56.628,56.597,56.608,188000000,1
1300364700000,1300364759000,56.608,56.608,56.578,56.587,193000000,1
1300364760000,1300364819000,56.59,56.618,56.586,56.587,162000000,1
1300364820000,1300364879000,56.587,56.648,56.578,56.641,265000000,1
1300364880000,1300364939000,56.638,56.678,56.627,56.677,233000000,1
1300364940000,1300364999000,56.668,56.687,56.549,56.561,204000000,1
1300365000000,1300365059000,56.56,56.737,56.56,56.727,338000000,1
1300365060000,1300365119000,56.718,56.718,56.648,56.657,302000000,1
1300365120000,1300365179000,56.657,56.707,56.638,56.638,229000000,1
1300365180000,1300365239000,56.638,56.678,56.61,56.658,242000000,1
1300365240000,1300365299000,56.668,56.678,56.608,56.638,169000000,1
1300365300000,1300365359000,56.638,56.677,56.627,56.657,170000000,1
1300365360000,1300365419000,56.657,56.678,56.598,56.617,211000000,1
1300365420000,1300365479000,56.628,56.647,56.588,56.627,170000000,1
1300365480000,1300365539000,56.627,56.668,56.618,56.658,176000000,1
1300365540000,1300365599000,56.658,56.668,56.61,56.627,272000000,1
1300365600000,1300365659000,56.627,56.648,56.617,56.638,208000000,1
1300365660000,1300365719000,56.648,56.738,56.637,56.737,294000000,1
1300365720000,1300365779000,56.738,56.758,56.697,56.748,257000000,1
1300365780000,1300365839000,56.747,56.768,56.716,56.728,147000000,1
1300365840000,1300365899000,56.728,56.738,56.688,56.727,206000000,1
1300365900000,1300365959000,56.727,56.787,56.727,56.778,227000000,1
1300365960000,1300366019000,56.776,56.788,56.732,56.778,215000000,1
1300366020000,1300366079000,56.778,56.818,56.767,56.818,126000000,1
1300366080000,1300366139000,56.817,56.817,56.755,56.788,135000000,1
1300366140000,1300366199000,56.788,56.808,56.788,56.797,40000000,1
1300366200000,1300366259000,56.797,56.817,56.777,56.797,90000000,1
1300366260000,1300366319000,56.797,56.818,56.797,56.808,104000000,1
1300366320000,1300366379000,56.818,56.828,56.797,56.797,131000000,1
1300366380000,1300366439000,56.806,56.808,56.779,56.787,99000000,1
1300366440000,1300366499000,56.787,56.808,56.777,56.797,133000000,1
1300366500000,1300366559000,56.797,56.807,56.787,56.797,113000000,1
1300366560000,1300366619000,56.797,56.818,56.797,56.817,150000000,1
1300366620000,1300366679000,56.808,56.868,56.803,56.848,115000000,1
1300366680000,1300366739000,56.847,56.848,56.817,56.828,107000000,1
1300366740000,1300366799000,56.827,56.828,56.807,56.817,116000000,1
1300366800000,1300366859000,56.818,56.832,56.81,56.83,78000000,1
1300366860000,1300366919000,56.827,56.848,56.827,56.84,125000000,1
1300366920000,1300366979000,56.843,56.89,56.843,56.877,178000000,1
1300366980000,1300367039000,56.877,56.91,56.867,56.904,122000000,1
1300367040000,1300367099000,56.902,56.918,56.898,56.913,127000000,1
1300367100000,1300367159000,56.913,56.938,56.905,56.928,153000000,1
1300367160000,1300367219000,56.93,56.946,56.908,56.919,204000000,1
1300367220000,1300367279000,56.919,56.937,56.898,56.898,161000000,1
1300367280000,1300367339000,56.897,56.926,56.884,56.921,163000000,1
1300367340000,1300367399000,56.928,56.944,56.917,56.923,185000000,1
1300367400000,1300367459000,56.918,56.928,56.907,56.924,89000000,1
1300367460000,1300367519000,56.921,56.947,56.903,56.947,128000000,1
1300367520000,1300367579000,56.947,56.968,56.945,56.954,179000000,1
1300367580000,1300367639000,56.952,56.965,56.927,56.946,198000000,1
1300367640000,1300367699000,56.947,56.947,56.888,56.908,201000000,1
1300367700000,1300367759000,56.907,56.941,56.887,56.94,256000000,1
1300367760000,1300367819000,56.94,56.968,56.94,56.968,214000000,1
1300367820000,1300367879000,56.968,56.968,56.897,56.916,209000000,1
1300367880000,1300367939000,56.916,56.927,56.898,56.919,101000000,1
1300367940000,1300367999000,56.919,56.928,56.886,56.9,137000000,1
1300368000000,1300368059000,56.902,56.902,56.859,56.868,110000000,1
1300368060000,1300368119000,56.868,56.878,56.837,56.839,173000000,1
1300368120000,1300368179000,56.847,56.848,56.787,56.802,264000000,1
1300368180000,1300368239000,56.808,56.828,56.798,56.818,137000000,1
1300368240000,1300368299000,56.817,56.828,56.797,56.798,137000000,1
1300368300000,1300368359000,56.798,56.808,56.778,56.8,112000000,1
1300368360000,1300368419000,56.802,56.821,56.788,56.818,66000000,1
1300368420000,1300368479000,56.821,56.839,56.821,56.829,129000000,1
1300368480000,1300368539000,56.838,56.85,56.817,56.828,147000000,1
1300368540000,1300368599000,56.828,56.828,56.763,56.763,148000000,1
1300368600000,1300368659000,56.76,56.778,56.757,56.757,149000000,1
1300368660000,1300368719000,56.757,56.768,56.747,56.758,186000000,1
1300368720000,1300368779000,56.758,56.758,56.677,56.677,187000000,1
1300368780000,1300368839000,56.679,56.698,56.678,56.697,161000000,1
1300368840000,1300368899000,56.697,56.76,56.697,56.747,227000000,1
1300368900000,1300368959000,56.747,56.747,56.693,56.738,151000000,1
1300368960000,1300369019000,56.738,56.749,56.727,56.728,112000000,1
1300369020000,1300369079000,56.728,56.738,56.717,56.727,127000000,1
1300369080000,1300369139000,56.727,56.738,56.706,56.738,207000000,1
1300369140000,1300369199000,56.738,56.838,56.738,56.827,174000000,1
1300369200000,1300369259000,56.829,56.848,56.797,56.808,163000000,1
1300369260000,1300369319000,56.808,56.808,56.767,56.771,201000000,1
1300369320000,1300369379000,56.768,56.778,56.757,56.768,113000000,1
1300369380000,1300369439000,56.768,56.798,56.768,56.77,113000000,1
1300369440000,1300369499000,56.777,56.808,56.767,56.768,159000000,1
1300369500000,1300369559000,56.767,56.767,56.737,56.748,162000000,1
1300369560000,1300369619000,56.748,56.788,56.747,56.769,163000000,1
1300369620000,1300369679000,56.768,56.768,56.743,56.743,100000000,1
1300369680000,1300369739000,56.738,56.758,56.73,56.747,159000000,1
1300369740000,1300369799000,56.741,56.759,56.727,56.757,181000000,1
1300369800000,1300369859000,56.757,56.781,56.737,56.779,154000000,1
1300369860000,1300369919000,56.788,56.788,56.756,56.777,153000000,1
1300369920000,1300369979000,56.778,56.798,56.748,56.752,159000000,1
1300369980000,1300370039000,56.757,56.757,56.717,56.717,145000000,1
1300370040000,1300370099000,56.715,56.722,56.688,56.698,139000000,1
1300370100000,1300370159000,56.688,56.71,56.659,56.71,168000000,1
1300370160000,1300370219000,56.71,56.718,56.7,56.707,110000000,1
1300370220000,1300370279000,56.707,56.718,56.672,56.677,161000000,1
1300370280000,1300370339000,56.677,56.677,56.577,56.587,262000000,1
1300370340000,1300370399000,56.582,56.621,56.568,56.577,192000000,1
1300370400000,1300370459000,56.568,56.748,56.549,56.698,303000000,1
1300370460000,1300370519000,56.697,56.733,56.667,56.676,240000000,1
1300370520000,1300370579000,56.677,56.728,56.637,56.645,285000000,1
1300370580000,1300370639000,56.641,56.718,56.641,56.708,194000000,1
1300370640000,1300370699000,56.709,56.728,56.687,56.707,185000000,1
1300370700000,1300370759000,56.701,56.727,56.697,56.727,121000000,1
1300370760000,1300370819000,56.727,56.738,56.718,56.72,124000000,1
1300370820000,1300370879000,56.72,56.758,56.72,56.748,125000000,1
1300370880000,1300370939000,56.748,56.764,56.747,56.749,113000000,1
1300370940000,1300370999000,56.758,56.778,56.757,56.759,87000000,1
1300371000000,1300371059000,56.76,56.787,56.756,56.787,106000000,1
1300371060000,1300371119000,56.782,56.817,56.771,56.814,136000000,1
1300371120000,1300371179000,56.813,56.814,56.785,56.809,91000000,1
1300371180000,1300371239000,56.808,56.832,56.801,56.808,113000000,1
1300371240000,1300371299000,56.809,56.824,56.796,56.801,117000000,1
1300371300000,1300371359000,56.797,56.808,56.788,56.798,75000000,1
1300371360000,1300371419000,56.798,56.798,56.788,56.796,47000000,1
1300371420000,1300371479000,56.807,56.846,56.799,56.844,122000000,1
1300371480000,1300371539000,56.85,56.909,56.849,56.908,120000000,1
1300371540000,1300371599000,56.907,56.948,56.907,56.933,157000000,1
1300371600000,1300371659000,56.933,56.972,56.923,56.941,161000000,1
1300371660000,1300371719000,56.939,56.944,56.908,56.943,196000000,1
1300371720000,1300371779000,56.941,56.962,56.94,56.958,104000000,1
1300371780000,1300371839000,56.949,56.962,56.938,56.948,170000000,1
1300371840000,1300371899000,56.948,56.95,56.917,56.944,192000000,1
1300371900000,1300371959000,56.941,56.987,56.941,56.987,137000000,1
1300371960000,1300372019000,56.994,57.01,56.969,56.988,139000000,1
1300372020000,1300372079000,56.988,57.008,56.971,56.977,142000000,1
1300372080000,1300372139000,56.978,56.98,56.948,56.948,119000000,1
1300372140000,1300372199000,56.95,57.008,56.95,56.99,157000000,1
1300372200000,1300372259000,56.991,56.991,56.97,56.97,73000000,1
1300372260000,1300372319000,56.967,56.977,56.957,56.964,105000000,1
1300372320000,1300372379000,56.964,57.01,56.964,56.998,166000000,1
1300372380000,1300372439000,56.998,56.998,56.954,56.981,130000000,1
1300372440000,1300372499000,56.971,56.984,56.958,56.96,152000000,1
1300372500000,1300372559000,56.958,56.997,56.958,56.993,122000000,1
1300372560000,1300372619000,56.993,57.008,56.974,57.001,184000000,1
1300372620000,1300372679000,57.003,57.008,56.987,56.987,120000000,1
1300372680000,1300372739000,56.982,56.987,56.948,56.969,111000000,1
1300372740000,1300372799000,56.972,56.989,56.972,56.98,73000000,1
1300372800000,1300372859000,57.006,57.006,56.968,56.971,134000000,1
1300372860000,1300372919000,56.968,56.978,56.958,56.967,124000000,1
1300372920000,1300372979000,56.967,56.972,56.962,56.964,56000000,1
1300372980000,1300373039000,56.963,56.964,56.908,56.909,123000000,1
1300373040000,1300373099000,56.907,56.91,56.791,56.804,251000000,1
1300373100000,1300373159000,56.805,56.829,56.777,56.777,176000000,1
1300373160000,1300373219000,56.776,56.789,56.748,56.757,203000000,1
1300373220000,1300373279000,56.757,56.757,56.671,56.672,197000000,1
1300373280000,1300373339000,56.668,56.684,56.592,56.608,184000000,1
1300373340000,1300373399000,56.607,56.667,56.597,56.66,262000000,1
1300373400000,1300373459000,56.663,56.67,56.647,56.667,122000000,1
1300373460000,1300373519000,56.658,56.72,56.658,56.7,215000000,1
1300373520000,1300373579000,56.707,56.748,56.703,56.74,117000000,1
1300373580000,1300373639000,56.744,56.744,56.678,56.699,162000000,1
1300373640000,1300373699000,56.699,56.744,56.699,56.722,144000000,1
1300373700000,1300373759000,56.722,56.728,56.693,56.706,155000000,1
1300373760000,1300373819000,56.71,56.71,56.665,56.667,73000000,1
1300373820000,1300373879000,56.668,56.668,56.572,56.611,267000000,1
1300373880000,1300373939000,56.619,56.619,56.55,56.578,242000000,1
1300373940000,1300373999000,56.58,56.642,56.572,56.598,215000000,1
1300374000000,1300374059000,56.598,56.663,56.58,56.585,197000000,1
1300374060000,1300374119000,56.588,56.62,56.578,56.618,213000000,1
1300374120000,1300374179000,56.618,56.701,56.618,56.698,154000000,1
1300374180000,1300374239000,56.693,56.698,56.65,56.658,251000000,1
1300374240000,1300374299000,56.662,56.668,56.608,56.613,235000000,1
1300374300000,1300374359000,56.612,56.658,56.592,56.607,212000000,1
1300374360000,1300374419000,56.607,56.627,56.587,56.618,247000000,1
1300374420000,1300374479000,56.618,56.628,56.607,56.608,117000000,1
1300374480000,1300374539000,56.608,56.619,56.589,56.598,107000000,1
1300374540000,1300374599000,56.597,56.607,56.557,56.567,135000000,1
1300374600000,1300374659000,56.567,56.578,56.557,56.567,101000000,1
1300374660000,1300374719000,56.571,56.571,56.517,56.52,117000000,1
1300374720000,1300374779000,56.52,56.52,56.469,56.487,162000000,1
1300374780000,1300374839000,56.487,56.497,56.443,56.448,239000000,1
1300374840000,1300374899000,56.448,56.492,56.438,56.462,232000000,1
1300374900000,1300374959000,56.462,56.468,56.403,56.448,199000000,1
1300374960000,1300375019000,56.447,56.45,56.397,56.409,174000000,1
1300375020000,1300375079000,56.409,56.427,56.378,56.418,136000000,1
1300375080000,1300375139000,56.409,56.448,56.409,56.428,167000000,1
1300375140000,1300375199000,56.428,56.48,56.428,56.467,128000000,1
1300375200000,1300375259000,56.468,56.481,56.458,56.477,194000000,1
1300375260000,1300375319000,56.471,56.471,56.418,56.448,223000000,1
1300375320000,1300375379000,56.448,56.458,56.397,56.411,179000000,1
1300375380000,1300375439000,56.418,56.528,56.418,56.44,256000000,1
1300375440000,1300375499000,56.448,56.588,56.448,56.588,259000000,1
1300375500000,1300375559000,56.591,56.792,56.591,56.658,619000000,1
1300375560000,1300375619000,56.668,56.747,56.637,56.738,508000000,1
1300375620000,1300375679000,56.738,56.738,56.666,56.708,437000000,1
1300375680000,1300375739000,56.707,56.738,56.696,56.737,408000000,1
1300375740000,1300375799000,56.737,56.781,56.737,56.758,178000000,1
1300375800000,1300375859000,56.758,56.768,56.727,56.738,233000000,1
1300375860000,1300375919000,56.737,56.737,56.638,56.687,207000000,1
1300375920000,1300375979000,56.687,56.688,56.647,56.667,138000000,1
1300375980000,1300376039000,56.673,56.708,56.658,56.699,234000000,1
1300376040000,1300376099000,56.698,56.747,56.687,56.747,191000000,1
1300376100000,1300376159000,56.742,56.782,56.721,56.757,197000000,1
1300376160000,1300376219000,56.757,56.86,56.757,56.807,342000000,1
1300376220000,1300376279000,56.801,56.808,56.767,56.778,196000000,1
1300376280000,1300376339000,56.778,56.82,56.778,56.807,120000000,1
1300376340000,1300376399000,56.807,56.848,56.807,56.844,152000000,1
1300376400000,1300376459000,56.841,56.858,56.828,56.857,111000000,1
1300376460000,1300376519000,56.857,56.871,56.857,56.867,81000000,1
1300376520000,1300376579000,56.87,56.878,56.848,56.86,82000000,1
1300376580000,1300376639000,56.858,56.858,56.814,56.815,132000000,1
1300376640000,1300376699000,56.815,56.815,56.791,56.801,153000000,1
1300376700000,1300376759000,56.807,56.838,56.796,56.804,220000000,1
1300376760000,1300376819000,56.801,56.828,56.793,56.793,117000000,1
1300376820000,1300376879000,56.792,56.802,56.778,56.778,92000000,1
1300376880000,1300376939000,56.781,56.785,56.754,56.754,141000000,1
1300376940000,1300376999000,56.758,56.772,56.758,56.763,48000000,1
1300377000000,1300377059000,56.765,56.765,56.717,56.723,84000000,1
1300377060000,1300377119000,56.719,56.729,56.706,56.718,178000000,1
1300377120000,1300377179000,56.718,56.748,56.718,56.748,107000000,1
1300377180000,1300377239000,56.744,56.77,56.743,56.77,66000000,1
1300377240000,1300377299000,56.768,56.788,56.756,56.756,160000000,1
1300377300000,1300377359000,56.757,56.757,56.734,56.742,75000000,1
1300377360000,1300377419000,56.742,56.751,56.738,56.747,41000000,1
1300377420000,1300377479000,56.747,56.747,56.705,56.722,182000000,1
1300377480000,1300377539000,56.723,56.737,56.687,56.687,152000000,1
1300377540000,1300377599000,56.683,56.741,56.648,56.738,245000000,1
1300377600000,1300377659000,56.736,56.749,56.697,56.706,211000000,1
1300377660000,1300377719000,56.706,56.732,56.697,56.732,70000000,1
1300377720000,1300377779000,56.732,56.732,56.691,56.691,196000000,1
1300377780000,1300377839000,56.688,56.722,56.688,56.709,187000000,1
1300377840000,1300377899000,56.707,56.707,56.647,56.678,226000000,1
1300377900000,1300377959000,56.677,56.697,56.676,56.678,140000000,1
1300377960000,1300378019000,56.677,56.697,56.677,56.697,42000000,1
1300378020000,1300378079000,56.697,56.697,56.646,56.657,234000000,1
1300378080000,1300378139000,56.657,56.687,56.657,56.669,167000000,1
1300378140000,1300378199000,56.677,56.688,56.659,56.659,75000000,1
1300378200000,1300378259000,56.659,56.668,56.627,56.647,153000000,1
1300378260000,1300378319000,56.647,56.647,56.597,56.639,230000000,1
1300378320000,1300378379000,56.642,56.668,56.621,56.621,241000000,1
1300378380000,1300378439000,56.623,56.648,56.607,56.638,113000000,1
1300378440000,1300378499000,56.627,56.629,56.617,56.627,55000000,1
1300378500000,1300378559000,56.627,56.668,56.627,56.667,173000000,1
1300378560000,1300378619000,56.667,56.688,56.647,56.688,140000000,1
1300378620000,1300378679000,56.688,56.708,56.677,56.688,191000000,1
1300378680000,1300378739000,56.688,56.688,56.628,56.637,146000000,1
1300378740000,1300378799000,56.637,56.648,56.616,56.639,224000000,1
1300378800000,1300378859000,56.639,56.647,56.558,56.567,237000000,1
1300378860000,1300378919000,56.567,56.598,56.559,56.588,403000000,1
1300378920000,1300378979000,56.588,56.597,56.557,56.588,172000000,1
1300378980000,1300379039000,56.588,56.618,56.588,56.588,129000000,1
1300379040000,1300379099000,56.588,56.618,56.588,56.608,263000000,1
1300379100000,1300379159000,56.608,56.638,56.607,56.638,128000000,1
1300379160000,1300379219000,56.638,56.639,56.617,56.635,225000000,1
1300379220000,1300379279000,56.635,56.668,56.627,56.668,124000000,1
1300379280000,1300379339000,56.668,56.678,56.66,56.678,180000000,1
1300379340000,1300379399000,56.666,56.668,56.628,56.628,209000000,1
1300379400000,1300379459000,56.628,56.658,56.627,56.641,298000000,1
1300379460000,1300379519000,56.638,56.648,56.608,56.622,386000000,1
1300379520000,1300379579000,56.622,56.668,56.618,56.658,235000000,1
1300379580000,1300379639000,56.658,56.678,56.647,56.667,244000000,1
1300379640000,1300379699000,56.666,56.668,56.647,56.667,225000000,1
1300379700000,1300379759000,56.667,56.707,56.667,56.689,180000000,1
1300379760000,1300379819000,56.698,56.708,56.697,56.697,139000000,1
1300379820000,1300379879000,56.697,56.699,56.677,56.687,136000000,1
1300379880000,1300379939000,56.687,56.698,56.636,56.646,223000000,1
1300379940000,1300379999000,56.639,56.667,56.628,56.646,243000000,1
1300380000000,1300380059000,56.646,56.67,56.627,56.666,198000000,1
1300380060000,1300380119000,56.662,56.678,56.648,56.658,198000000,1
1300380120000,1300380179000,56.658,56.683,56.628,56.666,238000000,1
1300380180000,1300380239000,56.666,56.696,56.666,56.69,227000000,1
1300380240000,1300380299000,56.69,56.698,56.679,56.687,159000000,1
1300380300000,1300380359000,56.687,56.687,56.648,56.653,169000000,1
1300380360000,1300380419000,56.65,56.662,56.622,56.626,207000000,1
1300380420000,1300380479000,56.621,56.649,56.617,56.648,133000000,1
1300380480000,1300380539000,56.648,56.657,56.637,56.638,291000000,1
1300380540000,1300380599000,56.637,56.646,56.617,56.626,128000000,1
1300380600000,1300380659000,56.626,56.626,56.597,56.597,168000000,1
1300380660000,1300380719000,56.597,56.628,56.596,56.598,145000000,1
1300380720000,1300380779000,56.598,56.609,56.588,56.599,168000000,1
1300380780000,1300380839000,56.597,56.628,56.597,56.628,142000000,1
1300380840000,1300380899000,56.626,56.657,56.62,56.636,229000000,1
1300380900000,1300380959000,56.639,56.64,56.619,56.619,278000000,1
1300380960000,1300381019000,56.619,56.647,56.618,56.644,201000000,1
1300381020000,1300381079000,56.644,56.644,56.606,56.606,161000000,1
1300381080000,1300381139000,56.607,56.617,56.576,56.576,191000000,1
1300381140000,1300381199000,56.576,56.589,56.576,56.587,89000000,1
1300381200000,1300381259000,56.591,56.631,56.552,56.629,219000000,1
1300381260000,1300381319000,56.631,56.642,56.601,56.609,204000000,1
1300381320000,1300381379000,56.609,56.613,56.55,56.562,198000000,1
1300381380000,1300381439000,56.561,56.638,56.551,56.628,236000000,1
1300381440000,1300381499000,56.628,56.638,56.611,56.611,85000000,1
1300381500000,1300381559000,56.608,56.64,56.607,56.64,133000000,1
1300381560000,1300381619000,56.643,56.657,56.632,56.648,170000000,1
1300381620000,1300381679000,56.648,56.665,56.639,56.658,167000000,1
1300381680000,1300381739000,56.659,56.739,56.657,56.706,281000000,1
1300381740000,1300381799000,56.7,56.767,56.69,56.767,299000000,1
1300381800000,1300381859000,56.757,56.776,56.707,56.717,450000000,1
1300381860000,1300381919000,56.718,56.758,56.711,56.747,451000000,1
1300381920000,1300381979000,56.747,56.847,56.737,56.837,349000000,1
1300381980000,1300382039000,56.837,56.838,56.788,56.837,317000000,1
1300382040000,1300382099000,56.837,56.838,56.797,56.828,344000000,1
1300382100000,1300382159000,56.828,56.877,56.828,56.835,329000000,1
1300382160000,1300382219000,56.837,56.867,56.818,56.857,342000000,1
1300382220000,1300382279000,56.849,56.858,56.837,56.858,140000000,1
1300382280000,1300382339000,56.848,56.917,56.847,56.916,181000000,1
1300382340000,1300382399000,56.907,56.917,56.857,56.859,404000000,1
1300382400000,1300382459000,56.86,56.878,56.827,56.827,249000000,1
1300382460000,1300382519000,56.828,56.828,56.799,56.799,234000000,1
1300382520000,1300382579000,56.799,56.808,56.777,56.797,217000000,1
1300382580000,1300382639000,56.797,56.808,56.778,56.798,184000000,1
1300382640000,1300382699000,56.798,56.87,56.798,56.862,314000000,1
1300382700000,1300382759000,56.862,56.878,56.857,56.859,293000000,1
1300382760000,1300382819000,56.858,56.868,56.828,56.833,254000000,1
1300382820000,1300382879000,56.833,56.833,56.799,56.8,262000000,1
1300382880000,1300382939000,56.798,56.807,56.784,56.787,242000000,1
1300382940000,1300382999000,56.787,56.799,56.786,56.788,275000000,1
1300383000000,1300383059000,56.786,56.788,56.737,56.741,254000000,1
1300383060000,1300383119000,56.741,56.747,56.691,56.691,223000000,1
1300383120000,1300383179000,56.695,56.709,56.678,56.696,190000000,1
1300383180000,1300383239000,56.697,56.698,56.641,56.648,225000000,1
1300383240000,1300383299000,56.648,56.66,56.641,56.648,206000000,1
1300383300000,1300383359000,56.648,56.667,56.647,56.664,248000000,1
1300383360000,1300383419000,56.665,56.67,56.66,56.665,136000000,1
1300383420000,1300383479000,56.664,56.7,56.664,56.679,211000000,1
1300383480000,1300383539000,56.679,56.684,56.679,56.684,50000000,1
1300383540000,1300383599000,56.684,56.709,56.679,56.703,89000000,1
1300383600000,1300383659000,56.707,56.718,56.703,56.716,69000000,1
1300383660000,1300383719000,56.716,56.724,56.716,56.719,92000000,1
1300383720000,1300383779000,56.719,56.747,56.719,56.745,78000000,1
1300383780000,1300383839000,56.746,56.749,56.706,56.716,123000000,1
1300383840000,1300383899000,56.708,56.709,56.677,56.697,100000000,1
1300383900000,1300383959000,56.697,56.698,56.617,56.617,209000000,1
1300383960000,1300384019000,56.617,56.617,56.488,56.56,689000000,1
1300384020000,1300384079000,56.56,56.614,56.555,56.611,389000000,1
1300384080000,1300384139000,56.608,56.629,56.602,56.619,301000000,1
1300384140000,1300384199000,56.621,56.663,56.621,56.648,299000000,1
1300384200000,1300384259000,56.648,56.658,56.627,56.628,410000000,1
1300384260000,1300384319000,56.628,56.639,56.621,56.628,294000000,1
1300384320000,1300384379000,56.632,56.632,56.608,56.611,230000000,1
1300384380000,1300384439000,56.611,56.624,56.574,56.583,382000000,1
1300384440000,1300384499000,56.583,56.586,56.513,56.517,537000000,1
1300384500000,1300384559000,56.506,56.552,56.506,56.551,383000000,1
1300384560000,1300384619000,56.551,56.588,56.548,56.582,331000000,1
1300384620000,1300384679000,56.583,56.663,56.583,56.632,323000000,1
1300384680000,1300384739000,56.632,56.632,56.611,56.621,140000000,1
1300384740000,1300384799000,56.621,56.668,56.621,56.668,315000000,1
1300384800000,1300384859000,56.667,56.695,56.649,56.656,204000000,1
1300384860000,1300384919000,56.66,56.663,56.635,56.635,80000000,1
1300384920000,1300384979000,56.61,56.665,56.61,56.653,102000000,1
1300384980000,1300385039000,56.653,56.658,56.635,56.657,55000000,1
1300385040000,1300385099000,56.659,56.699,56.658,56.684,100000000,1
1300385100000,1300385159000,56.684,56.684,56.664,56.673,81000000,1
1300385160000,1300385219000,56.676,56.68,56.668,56.674,59000000,1
1300385220000,1300385279000,56.673,56.694,56.669,56.675,66000000,1
1300385280000,1300385339000,56.674,56.69,56.667,56.676,113000000,1
1300385340000,1300385399000,56.677,56.689,56.674,56.68,80000000,1
1300385400000,1300385459000,56.678,56.679,56.625,56.646,121000000,1
1300385460000,1300385519000,56.661,56.661,56.637,56.642,126000000,1
1300385520000,1300385579000,56.644,56.691,56.631,56.691,105000000,1
1300385580000,1300385639000,56.691,56.713,56.686,56.69,96000000,1
1300385640000,1300385699000,56.693,56.708,56.637,56.708,171000000,1
1300385700000,1300385759000,56.709,56.714,56.673,56.714,113000000,1
1300385760000,1300385819000,56.714,56.772,56.709,56.761,146000000,1
1300385820000,1300385879000,56.76,56.784,56.752,56.763,75000000,1
1300385880000,1300385939000,56.76,56.764,56.755,56.756,61000000,1
1300385940000,1300385999000,56.758,56.771,56.74,56.743,93000000,1
1300386000000,1300386059000,56.742,56.751,56.721,56.746,124000000,1
1300386060000,1300386119000,56.746,56.768,56.734,56.759,94000000,1
1300386120000,1300386179000,56.757,56.769,56.755,56.759,49000000,1
1300386180000,1300386239000,56.76,56.77,56.758,56.77,23000000,1
1300386240000,1300386299000,56.77,56.797,56.763,56.781,44000000,1
1300386300000,1300386359000,56.781,56.797,56.78,56.791,40000000,1
1300386360000,1300386419000,56.793,56.796,56.765,56.794,103000000,1
1300386420000,1300386479000,56.794,56.823,56.794,56.806,92000000,1
1300386480000,1300386539000,56.806,56.81,56.794,56.803,66000000,1
1300386540000,1300386599000,56.808,56.812,56.78,56.794,101000000,1
1300386600000,1300386659000,56.796,56.809,56.767,56.798,59000000,1
1300386660000,1300386719000,56.798,56.808,56.766,56.784,97000000,1
1300386720000,1300386779000,56.782,56.809,56.776,56.808,60000000,1
1300386780000,1300386839000,56.808,56.811,56.788,56.8,61000000,1
1300386840000,1300386899000,56.803,56.811,56.801,56.808,38000000,1
1300386900000,1300386959000,56.803,56.822,56.797,56.814,42000000,1
1300386960000,1300387019000,56.813,56.815,56.801,56.807,60000000,1
1300387020000,1300387079000,56.809,56.809,56.796,56.804,47000000,1
1300387080000,1300387139000,56.802,56.817,56.793,56.797,56000000,1
1300387140000,1300387199000,56.803,56.816,56.788,56.788,69000000,1
1300387200000,1300387259000,56.788,56.799,56.788,56.791,40000000,1
1300387260000,1300387319000,56.792,56.8,56.77,56.772,74000000,1
1300387320000,1300387379000,56.772,56.801,56.767,56.794,48000000,1
1300387380000,1300387439000,56.796,56.809,56.796,56.802,48000000,1
1300387440000,1300387499000,56.802,56.81,56.799,56.8,41000000,1
1300387500000,1300387559000,56.799,56.799,56.783,56.789,105000000,1
1300387560000,1300387619000,56.792,56.792,56.785,56.792,40000000,1
1300387620000,1300387679000,56.79,56.808,56.79,56.806,33000000,1
1300387680000,1300387739000,56.804,56.804,56.777,56.777,19000000,1
1300387740000,1300387799000,56.777,56.803,56.777,56.787,84000000,1
1300387800000,1300387859000,56.788,56.806,56.788,56.793,52000000,1
1300387860000,1300387919000,56.791,56.791,56.769,56.769,39000000,1
1300387920000,1300387979000,56.773,56.783,56.759,56.76,67000000,1
1300387980000,1300388039000,56.762,56.775,56.759,56.775,45000000,1
1300388040000,1300388099000,56.776,56.809,56.776,56.802,40000000,1
1300388100000,1300388159000,56.802,56.808,56.787,56.798,61000000,1
1300388160000,1300388219000,56.798,56.8,56.773,56.8,43000000,1
1300388220000,1300388279000,56.802,56.808,56.797,56.798,71000000,1
1300388280000,1300388339000,56.799,56.807,56.758,56.776,99000000,1
1300388340000,1300388399000,56.775,56.782,56.748,56.767,96000000,1
1300388400000,1300388459000,56.765,56.769,56.747,56.747,49000000,1
1300388460000,1300388519000,56.747,56.748,56.73,56.743,98000000,1
1300388520000,1300388579000,56.745,56.781,56.74,56.781,61000000,1
1300388580000,1300388639000,56.782,56.795,56.782,56.794,38000000,1
1300388640000,1300388699000,56.794,56.804,56.788,56.804,36000000,1
1300388700000,1300388759000,56.803,56.805,56.794,56.799,57000000,1
1300388760000,1300388819000,56.797,56.797,56.789,56.789,20000000,1
1300388820000,1300388879000,56.791,56.791,56.754,56.755,46000000,1
1300388880000,1300388939000,56.757,56.77,56.754,56.758,24000000,1
1300388940000,1300388999000,56.76,56.769,56.752,56.767,49000000,1
1300389000000,1300389059000,56.767,56.785,56.767,56.781,35000000,1
1300389060000,1300389119000,56.785,56.795,56.781,56.781,19000000,1
1300389120000,1300389179000,56.781,56.801,56.781,56.796,64000000,1
1300389180000,1300389239000,56.8,56.81,56.8,56.808,25000000,1
1300389240000,1300389299000,56.807,56.816,56.807,56.811,49000000,1
1300389300000,1300389359000,56.811,56.814,56.799,56.811,52000000,1
1300389360000,1300389419000,56.81,56.833,56.81,56.833,44000000,1
1300389420000,1300389479000,56.828,56.84,56.828,56.84,81000000,1
1300389480000,1300389539000,56.841,56.849,56.833,56.841,59000000,1
1300389540000,1300389599000,56.839,56.846,56.834,56.835,36000000,1
1300389600000,1300389659000,56.834,56.837,56.834,56.837,6000000,1
1300389660000,1300389719000,56.835,56.835,56.834,56.834,3000000,1
1300389720000,1300389779000,56.827,56.851,56.827,56.847,31000000,1
1300389780000,1300389839000,56.851,56.866,56.848,56.857,97000000,1
1300389840000,1300389899000,56.866,56.876,56.855,56.862,124000000,1
1300389900000,1300389959000,56.86,56.863,56.846,56.856,81000000,1
1300389960000,1300390019000,56.866,56.866,56.847,56.85,128000000,1
1300390020000,1300390079000,56.848,56.858,56.842,56.857,108000000,1
1300390080000,1300390139000,56.856,56.857,56.833,56.836,193000000,1
1300390140000,1300390199000,56.836,56.843,56.825,56.833,195000000,1
1300390200000,1300390259000,56.829,56.84,56.814,56.825,272000000,1
1300390260000,1300390319000,56.825,56.84,56.819,56.84,83000000,1
1300390320000,1300390379000,56.84,56.861,56.84,56.86,42000000,1
1300390380000,1300390439000,56.86,56.86,56.849,56.849,39000000,1
1300390440000,1300390499000,56.849,56.853,56.847,56.848,38000000,1
1300390500000,1300390559000,56.848,56.867,56.848,56.859,169000000,1
1300390560000,1300390619000,56.856,56.861,56.852,56.853,79000000,1
1300390620000,1300390679000,56.853,56.854,56.844,56.847,39000000,1
1300390680000,1300390739000,56.842,56.851,56.833,56.834,71000000,1
1300390740000,1300390799000,56.832,56.832,56.818,56.818,79000000,1
1300390800000,1300390859000,56.817,56.82,56.809,56.812,107000000,1
1300390860000,1300390919000,56.814,56.82,56.81,56.81,31000000,1
1300390920000,1300390979000,56.813,56.819,56.807,56.818,74000000,1
1300390980000,1300391039000,56.818,56.82,56.812,56.818,55000000,1
1300391040000,1300391099000,56.818,56.821,56.81,56.818,27000000,1
1300391100000,1300391159000,56.818,56.818,56.797,56.818,80000000,1
1300391160000,1300391219000,56.818,56.868,56.81,56.852,86000000,1
1300391220000,1300391279000,56.857,56.881,56.828,56.862,83000000,1
1300391280000,1300391339000,56.862,56.866,56.817,56.817,59000000,1
1300391340000,1300391399000,56.818,56.824,56.802,56.816,60000000,1
1300391400000,1300391459000,56.824,56.833,56.808,56.812,71000000,1
1300391460000,1300391519000,56.812,56.82,56.806,56.819,68000000,1
1300391520000,1300391579000,56.824,56.824,56.799,56.814,106000000,1
1300391580000,1300391639000,56.814,56.839,56.801,56.839,78000000,1
1300391640000,1300391699000,56.837,56.882,56.837,56.858,170000000,1
1300391700000,1300391759000,56.86,56.876,56.837,56.856,132000000,1
1300391760000,1300391819000,56.853,56.853,56.829,56.829,128000000,1
1300391820000,1300391879000,56.828,56.829,56.682,56.7,115000000,1
1300391880000,1300391939000,56.698,56.76,56.686,56.692,171000000,1
1300391940000,1300391999000,56.691,56.789,56.674,56.681,262000000,1
1300392000000,1300392059000,56.683,56.768,56.677,56.697,276000000,1
1300392060000,1300392119000,56.697,56.731,56.656,56.667,124000000,1
1300392120000,1300392179000,56.667,56.737,56.667,56.708,153000000,1
1300392180000,1300392239000,56.714,56.742,56.704,56.739,191000000,1
1300392240000,1300392299000,56.739,56.744,56.731,56.737,139000000,1
1300392300000,1300392359000,56.737,56.746,56.732,56.746,112000000,1
1300392360000,1300392419000,56.746,56.747,56.736,56.737,22000000,1
1300392420000,1300392479000,56.746,56.748,56.736,56.736,49000000,1
1300392480000,1300392539000,56.736,56.739,56.736,56.739,9000000,1
1300392540000,1300392599000,56.739,56.747,56.739,56.747,13000000,1
1300392600000,1300392659000,56.736,56.739,56.736,56.737,22000000,1
1300392660000,1300392719000,56.728,56.728,56.676,56.696,161000000,1
1300392720000,1300392779000,56.696,56.7,56.68,56.68,80000000,1
1300392780000,1300392839000,56.68,56.683,56.636,56.647,97000000,1
1300392840000,1300392899000,56.647,56.65,56.637,56.65,121000000,1
1300392900000,1300392959000,56.652,56.652,56.636,56.65,66000000,1
1300392960000,1300393019000,56.657,56.657,56.649,56.649,15000000,1
1300393020000,1300393079000,56.647,56.648,56.617,56.617,99000000,1
1300393080000,1300393139000,56.617,56.652,56.612,56.628,169000000,1
1300393140000,1300393199000,56.628,56.628,56.617,56.618,57000000,1
1300393200000,1300393259000,56.627,56.627,56.608,56.617,33000000,1
1300393260000,1300393319000,56.616,56.618,56.607,56.607,24000000,1
1300393320000,1300393379000,56.607,56.607,56.596,56.598,65000000,1
1300393380000,1300393439000,56.598,56.627,56.577,56.59,73000000,1
1300393440000,1300393499000,56.59,56.592,56.577,56.587,81000000,1
1300393500000,1300393559000,56.587,56.588,56.578,56.587,50000000,1
1300393560000,1300393619000,56.596,56.597,56.589,56.597,5000000,1
1300393620000,1300393679000,56.598,56.598,56.586,56.586,36000000,1
1300393680000,1300393739000,56.587,56.597,56.576,56.597,81000000,1
1300393740000,1300393799000,56.597,56.607,56.576,56.598,63000000,1
1300393800000,1300393859000,56.607,56.607,56.596,56.596,24000000,1
1300393860000,1300393919000,56.607,56.616,56.586,56.597,68000000,1
1300393920000,1300393979000,56.596,56.604,56.595,56.598,46000000,1
1300393980000,1300394039000,56.6,56.607,56.598,56.598,54000000,1
1300394040000,1300394099000,56.6,56.607,56.596,56.596,28000000,1
1300394100000,1300394159000,56.597,56.606,56.592,56.596,16000000,1
1300394160000,1300394219000,56.596,56.607,56.596,56.607,29000000,1
1300394220000,1300394279000,56.607,56.612,56.599,56.599,107000000,1
1300394280000,1300394339000,56.601,56.616,56.601,56.616,26000000,1
1300394340000,1300394399000,56.617,56.617,56.616,56.616,15000000,1
1300394400000,1300394459000,56.616,56.648,56.606,56.648,80000000,1
1300394460000,1300394519000,56.647,56.656,56.636,56.637,41000000,1
1300394520000,1300394579000,56.636,56.65,56.633,56.637,37000000,1
1300394580000,1300394639000,56.636,56.642,56.607,56.617,49000000,1
1300394640000,1300394699000,56.617,56.637,56.617,56.637,39000000,1
1300394700000,1300394759000,56.637,56.637,56.586,56.636,46000000,1
1300394760000,1300394819000,56.636,56.658,56.626,56.654,117000000,1
1300394820000,1300394879000,56.657,56.668,56.616,56.624,111000000,1
1300394880000,1300394939000,56.627,56.627,56.596,56.597,33000000,1
1300394940000,1300394999000,56.596,56.617,56.586,56.587,95000000,1
1300395000000,1300395059000,56.587,56.587,56.537,56.538,47000000,1
1300395060000,1300395119000,56.547,56.585,56.538,56.577,97000000,1
1300395120000,1300395179000,56.577,56.597,56.566,56.588,85000000,1
1300395180000,1300395239000,56.588,56.614,56.567,56.612,114000000,1
1300395240000,1300395299000,56.607,56.607,56.577,56.598,83000000,1
1300395300000,1300395359000,56.607,56.617,56.576,56.606,78000000,1
1300395360000,1300395419000,56.606,56.617,56.606,56.607,15000000,1
1300395420000,1300395479000,56.616,56.618,56.616,56.616,13000000,1
1300395480000,1300395539000,56.616,56.618,56.608,56.608,18000000,1
1300395540000,1300395599000,56.607,56.607,56.597,56.606,10000000,1
1300395600000,1300395659000,56.606,56.606,56.572,56.596,7000000,1
1300395660000,1300395719000,56.607,56.618,56.602,56.617,20000000,1
1300395720000,1300395779000,56.608,56.651,56.601,56.648,40000000,1
1300395780000,1300395839000,56.648,56.648,56.637,56.637,18000000,1
1300395840000,1300395899000,56.637,56.647,56.637,56.647,15000000,1
1300395900000,1300395959000,56.642,56.647,56.628,56.628,29000000,1
1300395960000,1300396019000,56.628,56.648,56.628,56.637,39000000,1
1300396020000,1300396079000,56.637,56.647,56.618,56.637,78000000,1
1300396080000,1300396139000,56.637,56.637,56.621,56.628,23000000,1
1300396140000,1300396199000,56.628,56.632,56.586,56.627,46000000,1
1300396200000,1300396259000,56.627,56.638,56.591,56.608,76000000,1
1300396260000,1300396319000,56.607,56.646,56.607,56.628,40000000,1
1300396320000,1300396379000,56.628,56.648,56.627,56.641,55000000,1
1300396380000,1300396439000,56.656,56.672,56.651,56.651,14000000,1
1300396440000,1300396499000,56.656,56.678,56.648,56.668,31000000,1
1300396500000,1300396559000,56.668,56.702,56.668,56.684,17000000,1
1300396560000,1300396619000,56.682,56.692,56.652,56.658,64000000,1
1300396620000,1300396679000,56.658,56.698,56.641,56.688,63000000,1
1300396680000,1300396739000,56.688,56.692,56.678,56.687,27000000,1
1300396740000,1300396799000,56.688,56.697,56.687,56.687,14000000,1
1300396800000,1300396859000,56.696,56.708,56.696,56.708,26000000,1
1300396860000,1300396919000,56.708,56.737,56.656,56.677,94000000,1
1300396920000,1300396979000,56.667,56.717,56.667,56.686,62000000,1
1300396980000,1300397039000,56.686,56.707,56.677,56.707,37000000,1
1300397040000,1300397099000,56.707,56.737,56.706,56.726,85000000,1
1300397100000,1300397159000,56.717,56.737,56.707,56.727,38000000,1
1300397160000,1300397219000,56.726,56.747,56.726,56.747,21000000,1
1300397220000,1300397279000,56.746,56.756,56.746,56.746,17000000,1
1300397280000,1300397339000,56.746,56.757,56.746,56.757,5000000,1
1300397340000,1300397399000,56.746,56.767,56.746,56.757,30000000,1
1300397400000,1300397459000,56.757,56.76,56.717,56.756,75000000,1
1300397460000,1300397519000,56.756,56.778,56.756,56.757,65000000,1
1300397520000,1300397579000,56.756,56.787,56.747,56.787,76000000,1
1300397580000,1300397639000,56.787,56.797,56.786,56.786,37000000,1
1300397640000,1300397699000,56.787,56.787,56.746,56.756,33000000,1
1300397700000,1300397759000,56.756,56.757,56.718,56.726,54000000,1
1300397760000,1300397819000,56.727,56.727,56.696,56.697,27000000,1
1300397820000,1300397879000,56.687,56.687,56.686,56.687,22000000,1
1300397880000,1300397939000,56.697,56.707,56.662,56.707,37000000,1
1300397940000,1300397999000,56.697,56.707,56.696,56.706,13000000,1
1300398000000,1300398059000,56.707,56.747,56.706,56.746,39000000,1
1300398060000,1300398119000,56.747,56.757,56.747,56.757,7000000,1
1300398120000,1300398179000,56.756,56.757,56.756,56.757,4000000,1
1300398180000,1300398239000,56.756,56.757,56.756,56.756,6000000,1
1300398240000,1300398299000,56.757,56.797,56.746,56.777,45000000,1
1300398300000,1300398359000,56.767,56.776,56.746,56.767,32000000,1
1300398360000,1300398419000,56.766,56.776,56.746,56.747,25000000,1
1300398420000,1300398479000,56.757,56.757,56.756,56.756,4000000,1
1300398480000,1300398539000,56.757,56.787,56.757,56.786,35000000,1
1300398540000,1300398599000,56.787,56.827,56.787,56.796,69000000,1
1300398600000,1300398659000,56.797,56.817,56.796,56.808,45000000,1
1300398660000,1300398719000,56.808,56.877,56.806,56.857,92000000,1
1300398720000,1300398779000,56.846,56.877,56.837,56.857,42000000,1
1300398780000,1300398839000,56.866,56.877,56.847,56.867,56000000,1
1300398840000,1300398899000,56.876,56.887,56.866,56.887,37000000,1
1300398900000,1300398959000,56.886,56.897,56.876,56.897,23000000,1
1300398960000,1300399019000,56.897,56.897,56.876,56.879,48000000,1
1300399020000,1300399079000,56.886,56.889,56.827,56.887,42000000,1
1300399080000,1300399139000,56.887,56.906,56.886,56.906,30000000,1
1300399140000,1300399199000,56.906,56.907,56.886,56.887,55000000,1
1300399200000,1300399259000,56.887,56.887,56.876,56.886,11000000,1
1300399260000,1300399319000,56.886,56.897,56.877,56.887,13000000,1
1300399320000,1300399379000,56.876,56.887,56.876,56.886,8000000,1
1300399380000,1300399439000,56.887,56.909,56.887,56.907,24000000,1
1300399440000,1300399499000,56.906,56.907,56.886,56.897,26000000,1
1300399500000,1300399559000,56.897,56.909,56.876,56.902,28000000,1
1300399560000,1300399619000,56.88,56.907,56.875,56.898,64000000,1
1300399620000,1300399679000,56.896,56.906,56.882,56.882,15000000,1
1300399680000,1300399739000,56.886,56.887,56.886,56.887,8000000,1
1300399740000,1300399799000,56.886,56.917,56.886,56.917,18000000,1
1300399800000,1300399859000,56.917,56.937,56.916,56.937,25000000,1
1300399860000,1300399919000,56.947,56.987,56.947,56.986,30000000,1
1300399920000,1300399979000,56.996,57.027,56.996,57.024,36000000,1
1300399980000,1300400039000,57.017,57.021,57.004,57.017,16000000,1
1300400040000,1300400099000,57.024,57.027,57.016,57.016,14000000,1
1300400100000,1300400159000,57.016,57.017,56.987,57.011,43000000,1
1300400160000,1300400219000,57.006,57.017,56.987,57.006,57000000,1
1300400220000,1300400279000,57.006,57.007,56.976,56.986,41000000,1
1300400280000,1300400339000,56.986,57.026,56.976,57.026,33000000,1
1300400340000,1300400399000,57.027,57.047,57.027,57.046,12000000,1
1300400400000,1300400459000,57.046,57.066,57.046,57.066,24000000,1
1300400460000,1300400519000,57.066,57.096,57.066,57.096,13000000,1
1300400520000,1300400579000,57.086,57.087,57.076,57.077,25000000,1
1300400580000,1300400639000,57.077,57.096,57.076,57.087,64000000,1
1300400640000,1300400699000,57.076,57.107,57.076,57.106,30000000,1
1300400700000,1300400759000,57.096,57.117,57.096,57.112,38000000,1
1300400760000,1300400819000,57.126,57.137,57.106,57.106,36000000,1
1300400820000,1300400879000,57.106,57.107,57.049,57.056,65000000,1
1300400880000,1300400939000,57.047,57.067,57.046,57.067,61000000,1
1300400940000,1300400999000,57.066,57.067,57.056,57.066,18000000,1
1300401000000,1300401059000,57.066,57.066,56.994,56.996,117000000,1
1300401060000,1300401119000,56.996,56.996,56.896,56.976,150000000,1
1300401120000,1300401179000,56.987,56.997,56.976,56.997,36000000,1
1300401180000,1300401239000,56.996,56.997,56.977,56.996,38000000,1
1300401240000,1300401299000,56.996,56.997,56.986,56.987,36000000,1
1300401300000,1300401359000,56.987,56.997,56.967,56.997,67000000,1
1300401360000,1300401419000,56.996,56.997,56.956,56.956,75000000,1
1300401420000,1300401479000,56.956,56.956,56.916,56.916,61000000,1
1300401480000,1300401539000,56.916,56.947,56.866,56.877,118000000,1
1300401540000,1300401599000,56.877,56.886,56.826,56.836,89000000,1
1300401600000,1300401659000,56.836,56.836,56.787,56.817,66000000,1
1300401660000,1300401719000,56.817,56.867,56.817,56.866,56000000,1
1300401720000,1300401779000,56.866,56.927,56.866,56.927,77000000,1
1300401780000,1300401839000,56.927,56.927,56.906,56.907,71000000,1
1300401840000,1300401899000,56.906,56.927,56.906,56.916,44000000,1
1300401900000,1300401959000,56.916,56.997,56.916,56.977,107000000,1
1300401960000,1300402019000,56.977,56.977,56.961,56.966,50000000,1
1300402020000,1300402079000,56.957,56.966,56.947,56.956,22000000,1
1300402080000,1300402139000,56.957,56.967,56.957,56.967,28000000,1
1300402140000,1300402199000,56.956,56.967,56.956,56.967,21000000,1
1300402200000,1300402259000,56.967,56.967,56.966,56.966,12000000,1
1300402260000,1300402319000,56.967,56.977,56.967,56.977,30000000,1
1300402320000,1300402379000,56.976,56.987,56.966,56.967,22000000,1
1300402380000,1300402439000,56.966,56.977,56.966,56.967,20000000,1
1300402440000,1300402499000,56.967,56.976,56.936,56.976,106000000,1
1300402500000,1300402559000,56.976,56.977,56.956,56.967,55000000,1
1300402560000,1300402619000,56.967,56.967,56.946,56.946,32000000,1
1300402620000,1300402679000,56.946,56.946,56.896,56.906,44000000,1
1300402680000,1300402739000,56.906,56.917,56.906,56.917,24000000,1
1300402740000,1300402799000,56.911,56.926,56.896,56.926,39000000,1
1300402800000,1300402859000,56.926,56.928,56.916,56.926,38000000,1
1300402860000,1300402919000,56.926,56.927,56.908,56.927,33000000,1
1300402920000,1300402979000,56.927,56.927,56.915,56.917,34000000,1
1300402980000,1300403039000,56.917,56.947,56.917,56.947,76000000,1
1300403040000,1300403099000,56.947,56.957,56.926,56.957,49000000,1
1300403100000,1300403159000,56.947,56.957,56.947,56.956,20000000,1
1300403160000,1300403219000,56.956,56.957,56.956,56.956,15000000,1
1300403220000,1300403279000,56.957,56.957,56.908,56.916,40000000,1
1300403280000,1300403339000,56.916,56.917,56.887,56.887,43000000,1
1300403340000,1300403399000,56.887,56.887,56.867,56.876,45000000,1
1300403400000,1300403459000,56.876,56.876,56.827,56.827,38000000,1
1300403460000,1300403519000,56.827,56.827,56.796,56.809,65000000,1
1300403520000,1300403579000,56.809,56.827,56.806,56.827,54000000,1
1300403580000,1300403639000,56.827,56.857,56.827,56.857,75000000,1
1300403640000,1300403699000,56.857,56.867,56.857,56.867,22000000,1
1300403700000,1300403759000,56.867,56.881,56.866,56.877,29000000,1
1300403760000,1300403819000,56.877,56.915,56.877,56.915,72000000,1
1300403820000,1300403879000,56.912,56.923,56.897,56.911,42000000,1
1300403880000,1300403939000,56.911,56.941,56.908,56.936,62000000,1
1300403940000,1300403999000,56.936,56.95,56.918,56.941,99000000,1
1300404000000,1300404059000,56.941,56.966,56.937,56.966,29000000,1
1300404060000,1300404119000,56.966,56.97,56.966,56.968,15000000,1
1300404120000,1300404179000,56.968,56.974,56.966,56.966,28000000,1
1300404180000,1300404239000,56.966,56.966,56.958,56.966,10000000,1
1300404240000,1300404299000,56.966,57.006,56.966,56.998,89000000,1
1300404300000,1300404359000,56.997,57.013,56.986,56.993,117000000,1
1300404360000,1300404419000,56.993,56.993,56.966,56.977,55000000,1
1300404420000,1300404479000,56.977,56.988,56.967,56.967,57000000,1
1300404480000,1300404539000,56.967,56.977,56.926,56.966,147000000,1
1300404540000,1300404599000,56.957,56.958,56.936,56.947,78000000,1
1300404600000,1300404659000,56.947,56.987,56.947,56.986,110000000,1
1300404660000,1300404719000,56.986,57.006,56.986,56.986,88000000,1
1300404720000,1300404779000,56.986,57.04,56.986,57.039,152000000,1
1300404780000,1300404839000,57.038,57.079,57.038,57.077,207000000,1
1300404840000,1300404899000,57.077,57.111,57.066,57.106,158000000,1
1300404900000,1300404959000,57.106,57.107,57.038,57.038,138000000,1
1300404960000,1300405019000,57.046,57.087,57.038,57.086,100000000,1
1300405020000,1300405079000,57.086,57.118,57.086,57.087,75000000,1
1300405080000,1300405139000,57.087,57.126,57.078,57.107,162000000,1
1300405140000,1300405199000,57.108,57.128,57.097,57.098,149000000,1
1300405200000,1300405259000,57.096,57.12,57.087,57.119,106000000,1
1300405260000,1300405319000,57.118,57.119,57.11,57.112,46000000,1
1300405320000,1300405379000,57.118,57.138,57.096,57.096,109000000,1
1300405380000,1300405439000,57.087,57.097,57.067,57.068,109000000,1
1300405440000,1300405499000,57.069,57.153,57.069,57.122,189000000,1
1300405500000,1300405559000,57.118,57.136,57.097,57.127,112000000,1
1300405560000,1300405619000,57.127,57.147,57.119,57.139,123000000,1
1300405620000,1300405679000,57.148,57.177,57.147,57.148,122000000,1
1300405680000,1300405739000,57.152,57.178,57.149,57.178,59000000,1
1300405740000,1300405799000,57.178,57.201,57.147,57.197,133000000,1
1300405800000,1300405859000,57.186,57.207,57.178,57.207,137000000,1
1300405860000,1300405919000,57.207,57.278,57.207,57.268,186000000,1
1300405920000,1300405979000,57.276,57.298,57.224,57.228,178000000,1
1300405980000,1300406039000,57.229,57.298,57.229,57.286,155000000,1
1300406040000,1300406099000,57.288,57.297,57.273,57.297,102000000,1
1300406100000,1300406159000,57.297,57.318,57.287,57.317,166000000,1
1300406160000,1300406219000,57.317,57.432,57.317,57.427,213000000,1
1300406220000,1300406279000,57.436,57.467,57.407,57.407,183000000,1
1300406280000,1300406339000,57.397,57.427,57.377,57.427,204000000,1
1300406340000,1300406399000,57.427,57.456,57.406,57.406,261000000,1
1300406400000,1300406459000,57.406,57.406,57.116,57.127,391710000,1
1300406460000,1300406519000,57.127,58.029,57.116,57.919,400660000,1
1300406520000,1300406579000,57.918,58.286,57.868,58.241,440880000,1
1300406580000,1300406639000,58.256,58.368,58.113,58.197,410620000,1
1300406640000,1300406699000,58.197,58.277,58.044,58.149,294480000,1
1300406700000,1300406759000,58.177,58.457,58.177,58.367,369770000,1
1300406760000,1300406819000,58.367,58.476,58.326,58.363,319440000,1
1300406820000,1300406879000,58.207,58.317,57.901,58.127,389670000,1
1300406880000,1300406939000,58.126,58.286,58.116,58.186,291340000,1
1300406940000,1300406999000,58.186,58.301,58.134,58.301,248890000,1
1300407000000,1300407059000,58.299,58.338,58.222,58.317,240630000,1
1300407060000,1300407119000,58.327,58.397,58.279,58.357,217080000,1
1300407120000,1300407179000,58.357,58.387,58.247,58.366,260150000,1
1300407180000,1300407239000,58.366,58.377,58.318,58.337,187590000,1
1300407240000,1300407299000,58.337,58.413,58.289,58.413,190250000,1
1300407300000,1300407359000,58.427,58.457,58.297,58.386,283090000,1
1300407360000,1300407419000,58.386,58.467,58.377,58.437,204090000,1
1300407420000,1300407479000,58.427,58.467,58.416,58.467,82330000,1
1300407480000,1300407539000,58.467,58.546,58.467,58.537,216030000,1
1300407540000,1300407599000,58.537,58.566,58.506,58.536,217460000,1
1300407600000,1300407659000,58.536,58.567,58.526,58.556,165290000,1
1300407660000,1300407719000,58.546,58.637,58.546,58.637,167650000,1
1300407720000,1300407779000,58.637,58.704,58.626,58.699,214390000,1
1300407780000,1300407839000,58.699,58.896,58.699,58.891,301990000,1
1300407840000,1300407899000,58.897,59.011,58.892,59.006,350700000,1
1300407900000,1300407959000,59.007,59.057,58.977,59.017,379500000,1
1300407960000,1300408019000,59.017,59.026,58.891,58.957,283980000,1
1300408020000,1300408079000,58.957,58.957,58.817,58.826,287230000,1
1300408080000,1300408139000,58.826,58.917,58.788,58.909,330090000,1
1300408140000,1300408199000,58.913,58.977,58.867,58.974,349110000,1
1300408200000,1300408259000,58.974,59.011,58.907,58.967,290570000,1
1300408260000,1300408319000,58.967,58.967,58.846,58.847,192380000,1
1300408320000,1300408379000,58.847,58.917,58.824,58.868,247750000,1
1300408380000,1300408439000,58.868,58.927,58.868,58.896,314470000,1
1300408440000,1300408499000,58.89,58.937,58.846,58.846,233760000,1
1300408500000,1300408559000,58.856,58.907,58.836,58.876,272960000,1
1300408560000,1300408619000,58.876,58.876,58.816,58.827,199750000,1
1300408620000,1300408679000,58.827,58.897,58.826,58.826,260440000,1
1300408680000,1300408739000,58.837,58.887,58.786,58.786,267320000,1
1300408740000,1300408799000,58.797,58.836,58.766,58.801,205720000,1
1300408800000,1300408859000,58.804,58.838,58.804,58.807,205000000,1
1300408860000,1300408919000,58.798,58.808,58.746,58.757,174870000,1
1300408920000,1300408979000,58.757,58.757,58.736,58.747,141380000,1
1300408980000,1300409039000,58.747,58.777,58.668,58.712,236130000,1
1300409040000,1300409099000,58.711,58.757,58.711,58.739,200050000,1
1300409100000,1300409159000,58.737,58.767,58.724,58.757,180090000,1
1300409160000,1300409219000,58.754,58.778,58.677,58.677,192700000,1
1300409220000,1300409279000,58.686,58.696,58.666,58.687,127660000,1
1300409280000,1300409339000,58.679,58.687,58.667,58.677,75000000,1
1300409340000,1300409399000,58.671,58.677,58.636,58.646,123810000,1
1300409400000,1300409459000,58.631,58.637,58.567,58.617,81520000,1
1300409460000,1300409519000,58.617,58.647,58.604,58.646,189060000,1
1300409520000,1300409579000,58.646,58.647,58.609,58.637,144700000,1
1300409580000,1300409639000,58.647,58.657,58.637,58.656,63190000,1
1300409640000,1300409699000,58.657,58.763,58.657,58.761,221980000,1
1300409700000,1300409759000,58.783,58.808,58.716,58.746,228360000,1
1300409760000,1300409819000,58.746,58.748,58.658,58.697,169090000,1
1300409820000,1300409879000,58.698,58.736,58.666,58.707,136730000,1
1300409880000,1300409939000,58.711,58.758,58.677,58.696,184370000,1
1300409940000,1300409999000,58.686,58.748,58.686,58.717,176480000,1
1300410000000,1300410059000,58.717,58.717,58.624,58.659,188400000,1
1300410060000,1300410119000,58.659,58.667,58.596,58.65,170300000,1
1300410120000,1300410179000,58.648,58.648,58.596,58.616,189260000,1
1300410180000,1300410239000,58.607,58.637,58.576,58.577,83250000,1
1300410240000,1300410299000,58.577,58.666,58.577,58.657,167830000,1
1300410300000,1300410359000,58.657,58.677,58.631,58.667,184510000,1
1300410360000,1300410419000,58.667,58.707,58.667,58.696,137230000,1
1300410420000,1300410479000,58.696,58.708,58.666,58.698,138980000,1
1300410480000,1300410539000,58.698,58.747,58.686,58.726,126810000,1
1300410540000,1300410599000,58.736,58.747,58.696,58.727,162240000,1
1300410600000,1300410659000,58.717,58.778,58.717,58.777,166280000,1
1300410660000,1300410719000,58.778,58.838,58.758,58.806,279520000,1
1300410720000,1300410779000,58.806,58.888,58.799,58.878,226270000,1
1300410780000,1300410839000,58.882,58.898,58.877,58.877,126230000,1
1300410840000,1300410899000,58.886,58.887,58.846,58.846,134070000,1
1300410900000,1300410959000,58.846,58.85,58.817,58.843,79170000,1
1300410960000,1300411019000,58.843,58.862,58.819,58.832,86850000,1
1300411020000,1300411079000,58.832,58.844,58.816,58.817,79940000,1
1300411080000,1300411139000,58.817,58.838,58.786,58.797,120310000,1
1300411140000,1300411199000,58.797,58.817,58.786,58.796,125720000,1
1300411200000,1300411259000,58.797,58.902,58.797,58.867,177250000,1
1300411260000,1300411319000,58.857,58.889,58.812,58.886,155560000,1
1300411320000,1300411379000,58.886,58.907,58.856,58.887,173730000,1
1300411380000,1300411439000,58.887,58.927,58.866,58.897,160290000,1
1300411440000,1300411499000,58.907,58.946,58.871,58.937,157950000,1
1300411500000,1300411559000,58.937,58.937,58.826,58.837,139710000,1
1300411560000,1300411619000,58.836,58.927,58.836,58.906,196970000,1
1300411620000,1300411679000,58.906,58.906,58.886,58.887,64420000,1
1300411680000,1300411739000,58.876,58.876,58.837,58.857,71450000,1
1300411740000,1300411799000,58.857,58.877,58.847,58.877,119100000,1
1300411800000,1300411859000,58.88,58.88,58.847,58.858,66020000,1
1300411860000,1300411919000,58.858,58.877,58.847,58.868,127310000,1
1300411920000,1300411979000,58.868,58.937,58.867,58.907,111070000,1
1300411980000,1300412039000,58.907,58.937,58.897,58.907,124200000,1
1300412040000,1300412099000,58.908,58.918,58.887,58.896,93580000,1
1300412100000,1300412159000,58.888,58.956,58.887,58.936,102010000,1
1300412160000,1300412219000,58.936,59.037,58.927,59.03,236900000,1
1300412220000,1300412279000,59.031,59.088,59.016,59.088,293610000,1
1300412280000,1300412339000,59.088,59.138,59.086,59.117,213830000,1
1300412340000,1300412399000,59.117,59.136,59.107,59.107,106050000,1
1300412400000,1300412459000,59.096,59.167,59.086,59.167,197960000,1
1300412460000,1300412519000,59.167,59.186,59.099,59.186,208040000,1
1300412520000,1300412579000,59.195,59.217,59.119,59.137,207780000,1
1300412580000,1300412639000,59.137,59.157,59.116,59.147,145280000,1
1300412640000,1300412699000,59.146,59.167,59.126,59.156,93290000,1
1300412700000,1300412759000,59.157,59.177,59.147,59.167,103220000,1
1300412760000,1300412819000,59.167,59.207,59.166,59.196,121050000,1
1300412820000,1300412879000,59.197,59.224,59.186,59.187,126540000,1
1300412880000,1300412939000,59.187,59.203,59.146,59.147,154880000,1
1300412940000,1300412999000,59.136,59.157,59.116,59.147,137650000,1
1300413000000,1300413059000,59.147,59.147,59.128,59.136,81050000,1
1300413060000,1300413119000,59.136,59.167,59.136,59.136,100560000,1
1300413120000,1300413179000,59.136,59.156,59.126,59.147,89600000,1
1300413180000,1300413239000,59.136,59.137,59.108,59.116,51380000,1
1300413240000,1300413299000,59.107,59.117,59.077,59.077,73340000,1
1300413300000,1300413359000,59.077,59.088,59.026,59.026,115520000,1
1300413360000,1300413419000,59.026,59.036,59.017,59.026,133330000,1
1300413420000,1300413479000,59.026,59.057,59.026,59.047,97500000,1
1300413480000,1300413539000,59.046,59.058,59.032,59.037,77120000,1
1300413540000,1300413599000,59.037,59.037,58.987,58.987,83130000,1
1300413600000,1300413659000,58.997,59.017,58.986,58.997,70030000,1
1300413660000,1300413719000,58.997,59.017,58.987,58.997,88540000,1
1300413720000,1300413779000,58.997,59.047,58.997,59.027,80000000,1
1300413780000,1300413839000,59.027,59.037,58.986,58.997,118330000,1
1300413840000,1300413899000,58.997,59.026,58.997,59.008,144690000,1
1300413900000,1300413959000,59.008,59.038,59.006,59.037,96500000,1
1300413960000,1300414019000,59.037,59.076,59.027,59.056,111770000,1
1300414020000,1300414079000,59.051,59.088,59.051,59.086,121320000,1
1300414080000,1300414139000,59.086,59.097,59.068,59.076,96290000,1
1300414140000,1300414199000,59.076,59.097,59.067,59.096,153910000,1
1300414200000,1300414259000,59.096,59.108,59.076,59.107,94080000,1
1300414260000,1300414319000,59.107,59.177,59.106,59.157,168040000,1
1300414320000,1300414379000,59.141,59.216,59.141,59.187,116320000,1
1300414380000,1300414439000,59.187,59.207,59.186,59.197,60300000,1
1300414440000,1300414499000,59.206,59.207,59.156,59.166,78230000,1
1300414500000,1300414559000,59.157,59.177,59.116,59.157,110820000,1
1300414560000,1300414619000,59.157,59.157,59.116,59.136,76500000,1
1300414620000,1300414679000,59.136,59.136,59.124,59.127,39760000,1
1300414680000,1300414739000,59.127,59.147,59.106,59.128,159700000,1
1300414740000,1300414799000,59.128,59.178,59.127,59.176,177730000,1
1300414800000,1300414859000,59.167,59.168,59.156,59.156,52050000,1
1300414860000,1300414919000,59.156,59.186,59.137,59.186,154650000,1
1300414920000,1300414979000,59.187,59.187,59.166,59.166,72300000,1
1300414980000,1300415039000,59.166,59.166,59.146,59.146,34500000,1
1300415040000,1300415099000,59.146,59.151,59.096,59.117,134350000,1
1300415100000,1300415159000,59.117,59.127,59.096,59.097,152420000,1
1300415160000,1300415219000,59.097,59.098,59.096,59.096,76650000,1
1300415220000,1300415279000,59.096,59.098,59.096,59.097,14250000,1
1300415280000,1300415339000,59.097,59.098,59.096,59.097,45100000,1
1300415340000,1300415399000,59.089,59.11,59.086,59.088,223870000,1
1300415400000,1300415459000,59.088,59.116,59.077,59.116,135870000,1
1300415460000,1300415519000,59.116,59.126,59.104,59.126,106450000,1
1300415520000,1300415579000,59.126,59.127,59.116,59.127,35650000,1
1300415580000,1300415639000,59.126,59.127,59.107,59.107,36750000,1
1300415640000,1300415699000,59.108,59.137,59.108,59.137,36430000,1
1300415700000,1300415759000,59.127,59.127,59.118,59.126,43070000,1
1300415760000,1300415819000,59.118,59.126,59.118,59.126,36450000,1
1300415820000,1300415879000,59.127,59.127,59.126,59.126,4500000,1
1300415880000,1300415939000,59.126,59.136,59.117,59.136,83120000,1
1300415940000,1300415999000,59.137,59.147,59.127,59.137,51840000,1
1300416000000,1300416059000,59.137,59.168,59.137,59.157,148040000,1
1300416060000,1300416119000,59.157,59.24,59.157,59.227,240310000,1
1300416120000,1300416179000,59.228,59.232,59.207,59.232,78140000,1
1300416180000,1300416239000,59.236,59.248,59.227,59.237,115930000,1
1300416240000,1300416299000,59.237,59.258,59.237,59.257,68470000,1
1300416300000,1300416359000,59.248,59.249,59.218,59.218,73150000,1
1300416360000,1300416419000,59.217,59.248,59.217,59.248,109620000,1
1300416420000,1300416479000,59.248,59.25,59.248,59.248,54200000,1
1300416480000,1300416539000,59.248,59.249,59.248,59.248,43500000,1
1300416540000,1300416599000,59.237,59.277,59.237,59.267,47130000,1
1300416600000,1300416659000,59.266,59.277,59.258,59.277,48550000,1
1300416660000,1300416719000,59.269,59.297,59.257,59.288,146430000,1
1300416720000,1300416779000,59.287,59.288,59.248,59.248,104730000,1
1300416780000,1300416839000,59.249,59.287,59.249,59.277,60900000,1
1300416840000,1300416899000,59.277,59.298,59.268,59.298,57850000,1
1300416900000,1300416959000,59.298,59.347,59.297,59.326,73430000,1
1300416960000,1300417019000,59.326,59.357,59.317,59.356,93620000,1
1300417020000,1300417079000,59.357,59.357,59.337,59.347,63600000,1
1300417080000,1300417139000,59.347,59.347,59.326,59.328,35950000,1
1300417140000,1300417199000,59.328,59.336,59.327,59.336,22900000,1
1300417200000,1300417259000,59.336,59.358,59.327,59.358,62040000,1
1300417260000,1300417319000,59.357,59.361,59.347,59.357,28810000,1
1300417320000,1300417379000,59.356,59.358,59.348,59.356,35800000,1
1300417380000,1300417439000,59.356,59.368,59.356,59.368,45930000,1
1300417440000,1300417499000,59.368,59.368,59.346,59.347,20630000,1
1300417500000,1300417559000,59.338,59.347,59.332,59.337,64110000,1
1300417560000,1300417619000,59.347,59.348,59.346,59.347,40700000,1
1300417620000,1300417679000,59.347,59.348,59.337,59.347,59580000,1
1300417680000,1300417739000,59.347,59.368,59.341,59.358,75200000,1
1300417740000,1300417799000,59.359,59.388,59.359,59.377,124430000,1
1300417800000,1300417859000,59.377,59.398,59.376,59.398,117830000,1
1300417860000,1300417919000,59.398,59.398,59.367,59.377,113640000,1
1300417920000,1300417979000,59.376,59.387,59.366,59.386,60890000,1
1300417980000,1300418039000,59.376,59.387,59.376,59.377,76370000,1
1300418040000,1300418099000,59.377,59.386,59.376,59.376,105640000,1
1300418100000,1300418159000,59.376,59.392,59.376,59.387,174720000,1
1300418160000,1300418219000,59.387,59.397,59.367,59.38,181410000,1
1300418220000,1300418279000,59.38,59.428,59.38,59.418,157560000,1
1300418280000,1300418339000,59.427,59.443,59.417,59.437,158210000,1
1300418340000,1300418399000,59.437,59.457,59.436,59.447,113120000,1
1300418400000,1300418459000,59.448,59.478,59.437,59.477,144510000,1
1300418460000,1300418519000,59.477,59.518,59.467,59.497,133380000,1
1300418520000,1300418579000,59.497,59.518,59.497,59.517,92120000,1
1300418580000,1300418639000,59.517,59.528,59.507,59.518,86810000,1
1300418640000,1300418699000,59.518,59.527,59.497,59.526,78300000,1
1300418700000,1300418759000,59.528,59.538,59.516,59.537,104390000,1
1300418760000,1300418819000,59.537,59.537,59.527,59.528,50660000,1
1300418820000,1300418879000,59.528,59.598,59.528,59.591,166500000,1
1300418880000,1300418939000,59.588,59.598,59.587,59.596,145270000,1
1300418940000,1300418999000,59.59,59.597,59.587,59.593,52880000,1
1300419000000,1300419059000,59.597,59.638,59.597,59.626,38790000,1
1300419060000,1300419119000,59.626,59.656,59.626,59.646,64140000,1
1300419120000,1300419179000,59.638,59.676,59.637,59.676,96050000,1
1300419180000,1300419239000,59.676,59.68,59.666,59.677,211170000,1
1300419240000,1300419299000,59.677,59.726,59.677,59.706,148640000,1
1300419300000,1300419359000,59.706,59.706,59.666,59.667,107200000,1
1300419360000,1300419419000,59.667,59.707,59.667,59.687,147570000,1
1300419420000,1300419479000,59.687,59.698,59.677,59.687,135060000,1
1300419480000,1300419539000,59.687,59.687,59.657,59.677,100430000,1
1300419540000,1300419599000,59.678,59.678,59.676,59.677,37050000,1
1300419600000,1300419659000,59.677,59.73,59.676,59.676,93370000,1
1300419660000,1300419719000,59.677,59.677,59.646,59.647,138390000,1
1300419720000,1300419779000,59.647,59.667,59.606,59.606,310750000,1
1300419780000,1300419839000,59.606,59.637,59.598,59.618,102230000,1
1300419840000,1300419899000,59.618,59.638,59.576,59.587,171120000,1
1300419900000,1300419959000,59.586,59.588,59.547,59.576,157350000,1
1300419960000,1300420019000,59.578,59.628,59.567,59.617,124520000,1
1300420020000,1300420079000,59.618,59.648,59.607,59.627,115500000,1
1300420080000,1300420139000,59.628,59.668,59.617,59.668,33040000,1
1300420140000,1300420199000,59.676,59.708,59.666,59.707,185910000,1
1300420200000,1300420259000,59.708,59.708,59.687,59.687,73340000,1
1300420260000,1300420319000,59.678,59.678,59.667,59.669,43330000,1
1300420320000,1300420379000,59.677,59.708,59.657,59.708,153430000,1
1300420380000,1300420439000,59.708,59.708,59.686,59.687,60880000,1
1300420440000,1300420499000,59.687,59.708,59.677,59.708,100030000,1
1300420500000,1300420559000,59.717,59.726,59.702,59.726,87420000,1
1300420560000,1300420619000,59.718,59.726,59.707,59.707,45950000,1
1300420620000,1300420679000,59.707,59.718,59.707,59.718,41780000,1
1300420680000,1300420739000,59.718,59.727,59.707,59.716,25320000,1
1300420740000,1300420799000,59.716,59.728,59.707,59.728,61450000,1
1300420800000,1300420859000,59.726,59.728,59.707,59.718,77660000,1
1300420860000,1300420919000,59.718,59.728,59.718,59.727,60940000,1
1300420920000,1300420979000,59.718,59.727,59.698,59.698,135580000,1
1300420980000,1300421039000,59.688,59.698,59.687,59.696,56020000,1
1300421040000,1300421099000,59.696,59.717,59.696,59.717,63700000,1
1300421100000,1300421159000,59.716,59.718,59.707,59.707,49330000,1
1300421160000,1300421219000,59.707,59.717,59.657,59.658,87380000,1
1300421220000,1300421279000,59.658,59.677,59.647,59.657,139100000,1
1300421280000,1300421339000,59.657,59.678,59.648,59.677,73030000,1
1300421340000,1300421399000,59.677,59.677,59.647,59.657,86480000,1
1300421400000,1300421459000,59.658,59.677,59.657,59.668,85200000,1
1300421460000,1300421519000,59.658,59.658,59.656,59.656,60600000,1
1300421520000,1300421579000,59.658,59.658,59.646,59.647,22710000,1
1300421580000,1300421639000,59.648,59.648,59.598,59.617,97290000,1
1300421640000,1300421699000,59.617,59.637,59.616,59.626,137420000,1
1300421700000,1300421759000,59.626,59.656,59.626,59.647,52330000,1
1300421760000,1300421819000,59.647,59.647,59.636,59.647,69550000,1
1300421820000,1300421879000,59.647,59.648,59.638,59.647,62020000,1
1300421880000,1300421939000,59.656,59.667,59.656,59.657,26250000,1
1300421940000,1300421999000,59.657,59.657,59.656,59.656,69000000,1
1300422000000,1300422059000,59.656,59.656,59.616,59.627,68670000,1
1300422060000,1300422119000,59.627,59.667,59.627,59.636,46750000,1
1300422120000,1300422179000,59.638,59.647,59.606,59.627,59270000,1
1300422180000,1300422239000,59.618,59.628,59.607,59.617,43810000,1
1300422240000,1300422299000,59.617,59.627,59.606,59.608,48510000,1
1300422300000,1300422359000,59.607,59.632,59.594,59.597,113750000,1
1300422360000,1300422419000,59.597,59.597,59.567,59.577,51200000,1
1300422420000,1300422479000,59.567,59.568,59.548,59.556,50220000,1
1300422480000,1300422539000,59.556,59.592,59.539,59.568,104660000,1
1300422540000,1300422599000,59.568,59.607,59.566,59.597,130340000,1
1300422600000,1300422659000,59.597,59.607,59.586,59.596,96020000,1
1300422660000,1300422719000,59.597,59.606,59.576,59.596,93730000,1
1300422720000,1300422779000,59.596,59.616,59.596,59.608,52200000,1
1300422780000,1300422839000,59.607,59.617,59.596,59.606,53280000,1
1300422840000,1300422899000,59.597,59.607,59.586,59.597,43520000,1
1300422900000,1300422959000,59.596,59.597,59.576,59.587,23710000,1
1300422960000,1300423019000,59.587,59.597,59.566,59.576,68610000,1
1300423020000,1300423079000,59.576,59.577,59.546,59.546,43400000,1
1300423080000,1300423139000,59.547,59.556,59.498,59.506,147160000,1
1300423140000,1300423199000,59.506,59.507,59.492,59.498,76090000,1
1300423200000,1300423259000,59.502,59.516,59.486,59.489,113120000,1
1300423260000,1300423319000,59.49,59.516,59.486,59.496,103900000,1
1300423320000,1300423379000,59.496,59.506,59.486,59.487,37160000,1
1300423380000,1300423439000,59.486,59.487,59.468,59.477,53720000,1
1300423440000,1300423499000,59.477,59.497,59.468,59.486,127130000,1
1300423500000,1300423559000,59.486,59.488,59.477,59.477,55390000,1
1300423560000,1300423619000,59.477,59.477,59.466,59.476,48090000,1
1300423620000,1300423679000,59.467,59.477,59.457,59.466,60250000,1
1300423680000,1300423739000,59.466,59.471,59.466,59.467,30460000,1
1300423740000,1300423799000,59.467,59.477,59.457,59.458,42760000,1
1300423800000,1300423859000,59.458,59.468,59.458,59.458,50550000,1
1300423860000,1300423919000,59.458,59.458,59.456,59.457,68260000,1
1300423920000,1300423979000,59.457,59.506,59.457,59.497,187340000,1
1300423980000,1300424039000,59.497,59.516,59.487,59.516,149010000,1
1300424040000,1300424099000,59.516,59.518,59.507,59.507,141420000,1
1300424100000,1300424159000,59.508,59.546,59.507,59.546,145700000,1
1300424160000,1300424219000,59.546,59.577,59.546,59.557,97710000,1
1300424220000,1300424279000,59.567,59.567,59.556,59.557,30750000,1
1300424280000,1300424339000,59.557,59.578,59.547,59.557,124660000,1
1300424340000,1300424399000,59.557,59.577,59.547,59.567,146830000,1
1300424400000,1300424459000,59.567,59.567,59.547,59.547,32250000,1
1300424460000,1300424519000,59.547,59.568,59.546,59.546,64880000,1
1300424520000,1300424579000,59.546,59.546,59.517,59.526,102170000,1
1300424580000,1300424639000,59.527,59.527,59.516,59.518,36750000,1
1300424640000,1300424699000,59.517,59.527,59.507,59.518,70600000,1
1300424700000,1300424759000,59.518,59.518,59.506,59.508,58140000,1
1300424760000,1300424819000,59.508,59.548,59.508,59.547,69970000,1
1300424820000,1300424879000,59.547,59.577,59.53,59.537,140390000,1
1300424880000,1300424939000,59.537,59.608,59.537,59.605,192870000,1
1300424940000,1300424999000,59.599,59.617,59.598,59.598,62610000,1
1300425000000,1300425059000,59.598,59.626,59.587,59.626,83020000,1
1300425060000,1300425119000,59.626,59.629,59.616,59.616,57490000,1
1300425120000,1300425179000,59.618,59.626,59.608,59.618,72110000,1
1300425180000,1300425239000,59.618,59.627,59.608,59.616,96790000,1
1300425240000,1300425299000,59.616,59.62,59.597,59.618,76590000,1
1300425300000,1300425359000,59.618,59.628,59.607,59.616,111860000,1
1300425360000,1300425419000,59.618,59.618,59.607,59.609,95200000,1
1300425420000,1300425479000,59.607,59.608,59.567,59.578,128690000,1
1300425480000,1300425539000,59.578,59.58,59.576,59.58,17660000,1
1300425540000,1300425599000,59.58,59.581,59.571,59.58,45480000,1
1300425600000,1300425659000,59.578,59.589,59.578,59.589,17320000,1
1300425660000,1300425719000,59.587,59.608,59.581,59.589,45570000,1
1300425720000,1300425779000,59.588,59.588,59.578,59.578,58930000,1
1300425780000,1300425839000,59.592,59.618,59.586,59.607,132150000,1
1300425840000,1300425899000,59.607,59.618,59.597,59.608,104480000,1
1300425900000,1300425959000,59.608,59.627,59.607,59.617,56110000,1
1300425960000,1300426019000,59.617,59.628,59.607,59.627,104100000,1
1300426020000,1300426079000,59.627,59.658,59.626,59.627,96410000,1
1300426080000,1300426139000,59.622,59.628,59.606,59.617,76200000,1
1300426140000,1300426199000,59.608,59.616,59.577,59.577,81660000,1
1300426200000,1300426259000,59.576,59.578,59.568,59.576,68870000,1
1300426260000,1300426319000,59.57,59.578,59.567,59.567,35090000,1
1300426320000,1300426379000,59.569,59.577,59.548,59.558,72990000,1
1300426380000,1300426439000,59.558,59.569,59.558,59.558,121770000,1
1300426440000,1300426499000,59.568,59.577,59.556,59.571,131740000,1
1300426500000,1300426559000,59.571,59.578,59.557,59.557,71880000,1
1300426560000,1300426619000,59.557,59.577,59.557,59.576,106790000,1
1300426620000,1300426679000,59.576,59.576,59.546,59.547,75870000,1
1300426680000,1300426739000,59.547,59.587,59.547,59.587,163660000,1
1300426740000,1300426799000,59.579,59.579,59.568,59.576,45040000,1
1300426800000,1300426859000,59.576,59.577,59.567,59.577,36240000,1
1300426860000,1300426919000,59.577,59.577,59.556,59.567,100370000,1
1300426920000,1300426979000,59.572,59.576,59.557,59.567,63790000,1
1300426980000,1300427039000,59.567,59.567,59.558,59.558,17820000,1
1300427040000,1300427099000,59.558,59.568,59.556,59.556,51980000,1
1300427100000,1300427159000,59.557,59.568,59.548,59.548,64200000,1
1300427160000,1300427219000,59.549,59.566,59.537,59.537,92350000,1
1300427220000,1300427279000,59.536,59.567,59.527,59.558,141910000,1
1300427280000,1300427339000,59.548,59.568,59.548,59.566,42420000,1
1300427340000,1300427399000,59.561,59.568,59.557,59.557,66570000,1
1300427400000,1300427459000,59.557,59.566,59.557,59.558,70890000,1
1300427460000,1300427519000,59.558,59.567,59.557,59.557,72420000,1
1300427520000,1300427579000,59.557,59.567,59.557,59.557,43500000,1
1300427580000,1300427639000,59.558,59.568,59.55,59.55,62550000,1
1300427640000,1300427699000,59.55,59.566,59.537,59.537,97330000,1
1300427700000,1300427759000,59.537,59.558,59.527,59.557,106090000,1
1300427760000,1300427819000,59.557,59.557,59.518,59.528,107680000,1
1300427820000,1300427879000,59.528,59.548,59.526,59.529,117020000,1
1300427880000,1300427939000,59.529,59.529,59.511,59.519,192230000,1
1300427940000,1300427999000,59.519,59.519,59.478,59.488,187250000,1
1300428000000,1300428059000,59.488,59.501,59.481,59.499,145300000,1
1300428060000,1300428119000,59.499,59.507,59.482,59.487,159730000,1
1300428120000,1300428179000,59.487,59.489,59.487,59.487,32110000,1
1300428180000,1300428239000,59.487,59.518,59.487,59.501,148480000,1
1300428240000,1300428299000,59.499,59.532,59.499,59.519,149160000,1
1300428300000,1300428359000,59.518,59.528,59.51,59.52,132110000,1
1300428360000,1300428419000,59.52,59.52,59.507,59.508,71190000,1
1300428420000,1300428479000,59.508,59.508,59.478,59.488,153730000,1
1300428480000,1300428539000,59.488,59.49,59.477,59.487,81070000,1
1300428540000,1300428599000,59.487,59.498,59.477,59.478,169180000,1
1300428600000,1300428659000,59.477,59.521,59.477,59.521,126150000,1
1300428660000,1300428719000,59.516,59.518,59.498,59.498,78120000,1
1300428720000,1300428779000,59.498,59.538,59.498,59.527,153450000,1
1300428780000,1300428839000,59.527,59.551,59.52,59.551,151290000,1
1300428840000,1300428899000,59.547,59.55,59.541,59.541,89250000,1
1300428900000,1300428959000,59.538,59.542,59.536,59.538,27760000,1
1300428960000,1300429019000,59.538,59.557,59.537,59.548,99380000,1
1300429020000,1300429079000,59.54,59.547,59.536,59.54,90260000,1
1300429080000,1300429139000,59.542,59.553,59.54,59.541,51270000,1
1300429140000,1300429199000,59.541,59.541,59.517,59.527,114530000,1
1300429200000,1300429259000,59.528,59.549,59.528,59.542,40790000,1
1300429260000,1300429319000,59.543,59.56,59.543,59.551,65980000,1
1300429320000,1300429379000,59.554,59.554,59.536,59.538,87230000,1
1300429380000,1300429439000,59.536,59.539,59.473,59.478,257590000,1
1300429440000,1300429499000,59.478,59.507,59.477,59.481,152200000,1
1300429500000,1300429559000,59.481,59.502,59.467,59.493,237010000,1
1300429560000,1300429619000,59.494,59.518,59.493,59.508,100720000,1
1300429620000,1300429679000,59.508,59.51,59.487,59.487,138570000,1
1300429680000,1300429739000,59.487,59.51,59.487,59.496,162080000,1
1300429740000,1300429799000,59.497,59.508,59.486,59.497,137820000,1
1300429800000,1300429859000,59.499,59.499,59.487,59.488,55280000,1
1300429860000,1300429919000,59.489,59.506,59.477,59.477,137980000,1
1300429920000,1300429979000,59.477,59.498,59.477,59.487,97520000,1
1300429980000,1300430039000,59.487,59.488,59.465,59.467,108680000,1
1300430040000,1300430099000,59.466,59.468,59.446,59.447,147170000,1
1300430100000,1300430159000,59.447,59.457,59.426,59.441,117750000,1
1300430160000,1300430219000,59.442,59.474,59.438,59.446,147760000,1
1300430220000,1300430279000,59.446,59.456,59.446,59.452,35000000,1
1300430280000,1300430339000,59.452,59.458,59.427,59.428,106080000,1
1300430340000,1300430399000,59.428,59.441,59.397,59.398,163410000,1
1300430400000,1300430459000,59.397,59.408,59.397,59.408,120110000,1
1300430460000,1300430519000,59.408,59.438,59.407,59.427,138500000,1
1300430520000,1300430579000,59.427,59.427,59.397,59.397,81120000,1
1300430580000,1300430639000,59.397,59.398,59.387,59.398,46700000,1
1300430640000,1300430699000,59.398,59.408,59.388,59.408,38850000,1
1300430700000,1300430759000,59.408,59.428,59.398,59.417,66720000,1
1300430760000,1300430819000,59.417,59.498,59.417,59.498,186180000,1
1300430820000,1300430879000,59.498,59.517,59.498,59.517,76720000,1
1300430880000,1300430939000,59.517,59.528,59.49,59.497,147370000,1
1300430940000,1300430999000,59.497,59.498,59.487,59.497,87630000,1
1300431000000,1300431059000,59.487,59.56,59.487,59.556,256780000,1
1300431060000,1300431119000,59.556,59.568,59.547,59.567,149380000,1
1300431120000,1300431179000,59.566,59.566,59.538,59.541,134920000,1
1300431180000,1300431239000,59.547,59.578,59.527,59.578,188890000,1
1300431240000,1300431299000,59.579,59.627,59.577,59.627,165850000,1
1300431300000,1300431359000,59.627,59.678,59.627,59.657,288170000,1
1300431360000,1300431419000,59.657,59.658,59.636,59.636,154190000,1
1300431420000,1300431479000,59.636,59.637,59.587,59.588,143910000,1
1300431480000,1300431539000,59.588,59.642,59.58,59.628,219440000,1
1300431540000,1300431599000,59.628,59.648,59.628,59.638,173140000,1
1300431600000,1300431659000,59.638,59.647,59.606,59.608,193520000,1
1300431660000,1300431719000,59.612,59.618,59.586,59.586,99130000,1
1300431720000,1300431779000,59.577,59.588,59.567,59.578,126270000,1
1300431780000,1300431839000,59.578,59.606,59.577,59.598,194380000,1
1300431840000,1300431899000,59.598,59.608,59.587,59.598,78730000,1
1300431900000,1300431959000,59.597,59.607,59.557,59.559,198050000,1
1300431960000,1300432019000,59.557,59.558,59.517,59.546,185070000,1
1300432020000,1300432079000,59.546,59.548,59.502,59.537,111860000,1
1300432080000,1300432139000,59.537,59.578,59.516,59.577,217950000,1
1300432140000,1300432199000,59.582,59.597,59.558,59.558,198640000,1
1300432200000,1300432259000,59.557,59.568,59.488,59.56,270030000,1
1300432260000,1300432319000,59.556,59.587,59.536,59.568,184380000,1
1300432320000,1300432379000,59.568,59.616,59.568,59.6,149940000,1
1300432380000,1300432439000,59.598,59.607,59.577,59.587,108650000,1
1300432440000,1300432499000,59.58,59.627,59.577,59.616,218270000,1
1300432500000,1300432559000,59.616,59.635,59.616,59.617,110210000,1
1300432560000,1300432619000,59.617,59.628,59.596,59.607,117430000,1
1300432620000,1300432679000,59.608,59.608,59.577,59.589,90390000,1
1300432680000,1300432739000,59.597,59.597,59.586,59.587,55550000,1
1300432740000,1300432799000,59.588,59.596,59.567,59.578,134100000,1
1300432800000,1300432859000,59.578,59.578,59.547,59.548,86580000,1
1300432860000,1300432919000,59.548,59.558,59.537,59.556,41430000,1
1300432920000,1300432979000,59.557,59.576,59.556,59.557,76360000,1
1300432980000,1300433039000,59.557,59.558,59.537,59.546,84870000,1
1300433040000,1300433099000,59.546,59.557,59.487,59.508,153100000,1
1300433100000,1300433159000,59.507,59.518,59.501,59.518,33530000,1
1300433160000,1300433219000,59.518,59.527,59.507,59.507,93010000,1
1300433220000,1300433279000,59.511,59.538,59.49,59.497,102550000,1
1300433280000,1300433339000,59.497,59.508,59.487,59.498,86030000,1
1300433340000,1300433399000,59.496,59.507,59.462,59.478,104930000,1
1300433400000,1300433459000,59.478,59.487,59.467,59.467,74480000,1
1300433460000,1300433519000,59.471,59.478,59.447,59.449,99480000,1
1300433520000,1300433579000,59.452,59.468,59.447,59.459,81130000,1
1300433580000,1300433639000,59.467,59.478,59.458,59.476,56220000,1
1300433640000,1300433699000,59.478,59.49,59.447,59.458,80910000,1
1300433700000,1300433759000,59.458,59.458,59.437,59.438,71220000,1
1300433760000,1300433819000,59.437,59.458,59.437,59.447,40530000,1
1300433820000,1300433879000,59.438,59.447,59.428,59.428,94670000,1
1300433880000,1300433939000,59.429,59.452,59.428,59.438,112520000,1
1300433940000,1300433999000,59.437,59.454,59.427,59.446,50320000,1
1300434000000,1300434059000,59.446,59.457,59.446,59.457,47290000,1
1300434060000,1300434119000,59.457,59.468,59.447,59.447,99330000,1
1300434120000,1300434179000,59.448,59.448,59.418,59.427,56830000,1
1300434180000,1300434239000,59.427,59.448,59.419,59.447,71740000,1
1300434240000,1300434299000,59.447,59.458,59.447,59.449,40100000,1
1300434300000,1300434359000,59.447,59.458,59.427,59.437,59450000,1
1300434360000,1300434419000,59.432,59.448,59.43,59.448,25040000,1
1300434420000,1300434479000,59.448,59.449,59.408,59.413,48970000,1
1300434480000,1300434539000,59.418,59.438,59.418,59.433,110890000,1
1300434540000,1300434599000,59.436,59.436,59.404,59.408,64420000,1
1300434600000,1300434659000,59.413,59.422,59.397,59.4,73470000,1
1300434660000,1300434719000,59.409,59.441,59.402,59.438,123000000,1
1300434720000,1300434779000,59.431,59.438,59.407,59.407,35620000,1
1300434780000,1300434839000,59.399,59.418,59.399,59.411,44540000,1
1300434840000,1300434899000,59.41,59.418,59.406,59.407,41960000,1
1300434900000,1300434959000,59.402,59.408,59.351,59.368,101760000,1
1300434960000,1300435019000,59.368,59.378,59.357,59.36,54360000,1
1300435020000,1300435079000,59.357,59.369,59.318,59.319,82310000,1
1300435080000,1300435139000,59.321,59.368,59.321,59.344,77470000,1
1300435140000,1300435199000,59.35,59.368,59.344,59.348,153540000,1
1300435200000,1300435259000,59.344,59.656,59.343,59.566,279960000,1
1300435260000,1300435319000,59.575,59.596,59.488,59.507,238440000,1
1300435320000,1300435379000,59.497,59.497,59.351,59.446,314650000,1
1300435380000,1300435439000,59.446,59.467,59.401,59.457,216530000,1
1300435440000,1300435499000,59.447,59.467,59.406,59.447,148650000,1
1300435500000,1300435559000,59.447,59.456,59.404,59.416,195540000,1
1300435560000,1300435619000,59.407,59.441,59.366,59.417,224340000,1
1300435620000,1300435679000,59.421,59.478,59.411,59.458,225390000,1
1300435680000,1300435739000,59.458,59.458,59.407,59.408,249120000,1
1300435740000,1300435799000,59.398,59.408,59.377,59.387,147980000,1
1300435800000,1300435859000,59.387,59.387,59.337,59.346,120960000,1
1300435860000,1300435919000,59.348,59.477,59.348,59.388,310390000,1
1300435920000,1300435979000,59.396,59.447,59.386,59.417,154520000,1
1300435980000,1300436039000,59.417,59.458,59.398,59.458,207710000,1
1300436040000,1300436099000,59.457,59.478,59.408,59.458,161860000,1
1300436100000,1300436159000,59.457,59.458,59.436,59.438,100370000,1
1300436160000,1300436219000,59.439,59.439,59.366,59.37,222690000,1
1300436220000,1300436279000,59.37,59.396,59.364,59.377,108650000,1
1300436280000,1300436339000,59.366,59.376,59.328,59.337,96610000,1
1300436340000,1300436399000,59.336,59.337,59.311,59.317,148450000,1
1300436400000,1300436459000,59.317,59.344,59.316,59.337,179510000,1
1300436460000,1300436519000,59.337,59.365,59.315,59.317,175770000,1
1300436520000,1300436579000,59.319,59.358,59.286,59.358,143910000,1
1300436580000,1300436639000,59.357,59.361,59.328,59.328,144550000,1
1300436640000,1300436699000,59.328,59.389,59.321,59.348,166170000,1
1300436700000,1300436759000,59.347,59.347,59.319,59.319,97290000,1
1300436760000,1300436819000,59.326,59.337,59.306,59.308,91640000,1
1300436820000,1300436879000,59.308,59.317,59.277,59.297,157370000,1
1300436880000,1300436939000,59.297,59.357,59.297,59.346,123680000,1
1300436940000,1300436999000,59.348,59.367,59.348,59.358,123350000,1
1300437000000,1300437059000,59.357,59.369,59.351,59.361,97040000,1
1300437060000,1300437119000,59.362,59.369,59.308,59.327,124350000,1
1300437120000,1300437179000,59.327,59.327,59.286,59.286,108060000,1
1300437180000,1300437239000,59.286,59.293,59.272,59.287,36210000,1
1300437240000,1300437299000,59.288,59.312,59.287,59.287,54460000,1
1300437300000,1300437359000,59.287,59.318,59.284,59.307,67400000,1
1300437360000,1300437419000,59.307,59.311,59.298,59.306,49150000,1
1300437420000,1300437479000,59.306,59.308,59.288,59.308,61890000,1
1300437480000,1300437539000,59.307,59.307,59.281,59.281,49710000,1
1300437540000,1300437599000,59.281,59.281,59.271,59.281,46820000,1
1300437600000,1300437659000,59.279,59.297,59.267,59.28,122250000,1
1300437660000,1300437719000,59.278,59.278,59.237,59.237,77320000,1
1300437720000,1300437779000,59.238,59.258,59.229,59.255,79970000,1
1300437780000,1300437839000,59.256,59.257,59.197,59.197,109630000,1
1300437840000,1300437899000,59.197,59.209,59.196,59.207,68800000,1
1300437900000,1300437959000,59.204,59.205,59.121,59.145,195400000,1
1300437960000,1300438019000,59.147,59.147,59.113,59.14,166470000,1
1300438020000,1300438079000,59.136,59.137,59.077,59.086,135670000,1
1300438080000,1300438139000,59.084,59.091,58.986,58.996,190940000,1
1300438140000,1300438199000,58.993,59.028,58.987,59.017,116090000,1
1300438200000,1300438259000,59.018,59.07,59.018,59.068,130140000,1
1300438260000,1300438319000,59.072,59.072,59.037,59.039,156150000,1
1300438320000,1300438379000,59.05,59.05,59.017,59.037,113740000,1
1300438380000,1300438439000,59.028,59.057,59.023,59.053,176270000,1
1300438440000,1300438499000,59.057,59.127,59.057,59.107,249710000,1
1300438500000,1300438559000,59.107,59.113,59.058,59.058,283960000,1
1300438560000,1300438619000,59.056,59.058,59.018,59.037,167840000,1
1300438620000,1300438679000,59.037,59.048,59.029,59.037,138740000,1
1300438680000,1300438739000,59.038,59.041,59.006,59.009,198760000,1
1300438740000,1300438799000,59.009,59.018,58.917,58.947,295430000,1
1300438800000,1300438859000,58.947,58.987,58.937,58.957,311630000,1
1300438860000,1300438919000,58.95,58.958,58.897,58.958,396940000,1
1300438920000,1300438979000,58.958,59.008,58.947,58.969,321970000,1
1300438980000,1300439039000,58.969,58.987,58.957,58.958,206820000,1
1300439040000,1300439099000,58.963,58.998,58.946,58.998,268230000,1
1300439100000,1300439159000,59.007,59.058,58.998,59.049,225950000,1
1300439160000,1300439219000,59.047,59.118,59.047,59.088,279670000,1
1300439220000,1300439279000,59.088,59.091,59.017,59.038,230440000,1
1300439280000,1300439339000,59.038,59.058,59.028,59.048,143190000,1
1300439340000,1300439399000,59.048,59.058,59.037,59.048,160980000,1
1300439400000,1300439459000,59.046,59.057,59.017,59.027,98790000,1
1300439460000,1300439519000,59.027,59.028,59.006,59.007,82000000,1
1300439520000,1300439579000,59.007,59.017,58.986,59.009,103700000,1
1300439580000,1300439639000,59.007,59.058,58.997,59.006,270320000,1
1300439640000,1300439699000,59.016,59.047,59.007,59.036,135100000,1
1300439700000,1300439759000,59.036,59.048,59.018,59.037,113910000,1
1300439760000,1300439819000,59.037,59.037,58.978,58.989,116770000,1
1300439820000,1300439879000,58.997,59.016,58.939,58.956,151870000,1
1300439880000,1300439939000,58.956,59.001,58.956,58.996,138060000,1
1300439940000,1300439999000,58.996,58.999,58.968,58.98,116240000,1
1300440000000,1300440059000,58.988,59.04,58.987,59.04,149020000,1
1300440060000,1300440119000,59.037,59.049,59.026,59.047,122320000,1
1300440120000,1300440179000,59.047,59.047,58.974,59.017,165480000,1
1300440180000,1300440239000,59.018,59.019,58.937,58.977,187390000,1
1300440240000,1300440299000,58.979,59.027,58.979,59.006,169460000,1
1300440300000,1300440359000,59.006,59.007,58.986,58.997,72540000,1
1300440360000,1300440419000,58.997,59.028,58.978,59.026,134020000,1
1300440420000,1300440479000,59.017,59.017,58.986,58.997,131330000,1
1300440480000,1300440539000,58.997,59.018,58.966,58.977,99650000,1
1300440540000,1300440599000,58.977,58.998,58.977,58.997,67360000,1
1300440600000,1300440659000,58.997,58.998,58.968,58.968,96530000,1
1300440660000,1300440719000,58.968,58.996,58.946,58.996,189510000,1
1300440720000,1300440779000,58.996,59.038,58.993,59.016,200790000,1
1300440780000,1300440839000,59.017,59.026,58.987,58.988,42780000,1
1300440840000,1300440899000,58.99,59.027,58.99,59.006,62070000,1
1300440900000,1300440959000,58.997,59.057,58.997,59.048,133340000,1
1300440960000,1300441019000,59.047,59.048,58.978,58.987,157780000,1
1300441020000,1300441079000,58.986,59.007,58.967,58.976,203220000,1
1300441080000,1300441139000,58.978,58.998,58.957,58.968,175550000,1
1300441140000,1300441199000,58.968,58.988,58.967,58.978,111080000,1
1300441200000,1300441259000,58.981,58.991,58.976,58.987,111460000,1
1300441260000,1300441319000,58.987,59.022,58.987,59.008,75540000,1
1300441320000,1300441379000,59.006,59.009,59.006,59.006,32450000,1
1300441380000,1300441439000,59.006,59.01,58.996,59.003,81210000,1
1300441440000,1300441499000,59.0,59.028,58.997,59.027,77880000,1
1300441500000,1300441559000,59.027,59.077,59.027,59.058,171170000,1
1300441560000,1300441619000,59.059,59.118,59.057,59.118,217270000,1
1300441620000,1300441679000,59.118,59.118,59.049,59.06,217810000,1
1300441680000,1300441739000,59.059,59.108,59.059,59.099,223680000,1
1300441740000,1300441799000,59.099,59.13,59.096,59.128,164230000,1
1300441800000,1300441859000,59.128,59.148,59.128,59.138,137740000,1
1300441860000,1300441919000,59.138,59.168,59.13,59.158,185950000,1
1300441920000,1300441979000,59.158,59.178,59.156,59.162,146250000,1
1300441980000,1300442039000,59.18,59.18,59.146,59.148,144220000,1
1300442040000,1300442099000,59.147,59.148,59.127,59.145,164550000,1
1300442100000,1300442159000,59.145,59.148,59.116,59.126,134930000,1
1300442160000,1300442219000,59.126,59.128,59.119,59.126,47490000,1
1300442220000,1300442279000,59.126,59.128,59.107,59.11,114640000,1
1300442280000,1300442339000,59.116,59.128,59.097,59.117,107580000,1
1300442340000,1300442399000,59.117,59.147,59.117,59.146,122760000,1
1300442400000,1300442459000,59.146,59.237,59.146,59.206,193310000,1
1300442460000,1300442519000,59.206,59.231,59.193,59.21,204390000,1
1300442520000,1300442579000,59.223,59.223,59.147,59.157,214810000,1
1300442580000,1300442639000,59.158,59.177,59.147,59.157,86530000,1
1300442640000,1300442699000,59.157,59.159,59.117,59.137,129480000,1
1300442700000,1300442759000,59.137,59.155,59.117,59.155,99900000,1
1300442760000,1300442819000,59.157,59.187,59.156,59.178,90830000,1
1300442820000,1300442879000,59.179,59.21,59.176,59.197,145010000,1
1300442880000,1300442939000,59.197,59.207,59.177,59.187,95700000,1
1300442940000,1300442999000,59.188,59.196,59.176,59.188,75440000,1
1300443000000,1300443059000,59.186,59.188,59.177,59.181,76970000,1
1300443060000,1300443119000,59.181,59.191,59.179,59.188,83860000,1
1300443120000,1300443179000,59.189,59.197,59.139,59.149,140530000,1
1300443180000,1300443239000,59.156,59.176,59.138,59.166,92770000,1
1300443240000,1300443299000,59.166,59.177,59.147,59.147,145110000,1
1300443300000,1300443359000,59.147,59.159,59.129,59.159,99540000,1
1300443360000,1300443419000,59.158,59.168,59.137,59.138,80550000,1
1300443420000,1300443479000,59.136,59.167,59.136,59.158,138420000,1
1300443480000,1300443539000,59.161,59.168,59.153,59.158,90380000,1
1300443540000,1300443599000,59.157,59.159,59.139,59.139,81720000,1
1300443600000,1300443659000,59.14,59.14,59.106,59.117,159130000,1
1300443660000,1300443719000,59.117,59.117,59.086,59.097,97020000,1
1300443720000,1300443779000,59.097,59.108,59.076,59.107,140720000,1
1300443780000,1300443839000,59.107,59.107,59.076,59.097,110570000,1
1300443840000,1300443899000,59.097,59.128,59.087,59.097,143570000,1
1300443900000,1300443959000,59.097,59.128,59.078,59.126,177080000,1
1300443960000,1300444019000,59.126,59.138,59.126,59.127,73510000,1
1300444020000,1300444079000,59.127,59.157,59.109,59.147,111860000,1
1300444080000,1300444139000,59.147,59.216,59.147,59.198,133680000,1
1300444140000,1300444199000,59.198,59.206,59.196,59.197,21950000,1
1300444200000,1300444259000,59.196,59.196,59.176,59.177,42200000,1
1300444260000,1300444319000,59.177,59.177,59.166,59.17,32670000,1
1300444320000,1300444379000,59.172,59.172,59.157,59.158,43730000,1
1300444380000,1300444439000,59.152,59.188,59.152,59.186,61450000,1
1300444440000,1300444499000,59.179,59.197,59.148,59.156,90870000,1
1300444500000,1300444559000,59.156,59.178,59.136,59.177,177070000,1
1300444560000,1300444619000,59.178,59.217,59.178,59.199,133350000,1
1300444620000,1300444679000,59.199,59.208,59.187,59.188,114350000,1
1300444680000,1300444739000,59.188,59.24,59.188,59.229,80770000,1
1300444740000,1300444799000,59.228,59.228,59.196,59.198,104410000,1
1300444800000,1300444859000,59.209,59.239,59.209,59.218,66690000,1
1300444860000,1300444919000,59.218,59.238,59.218,59.238,47250000,1
1300444920000,1300444979000,59.237,59.248,59.237,59.238,36240000,1
1300444980000,1300445039000,59.238,59.267,59.238,59.248,93020000,1
1300445040000,1300445099000,59.248,59.254,59.237,59.247,79190000,1
1300445100000,1300445159000,59.247,59.267,59.237,59.267,50870000,1
1300445160000,1300445219000,59.262,59.268,59.248,59.248,74880000,1
1300445220000,1300445279000,59.249,59.269,59.248,59.248,68520000,1
1300445280000,1300445339000,59.247,59.277,59.239,59.247,107200000,1
1300445340000,1300445399000,59.247,59.258,59.246,59.257,78120000,1
1300445400000,1300445459000,59.257,59.286,59.257,59.266,199700000,1
1300445460000,1300445519000,59.26,59.278,59.26,59.268,93660000,1
1300445520000,1300445579000,59.268,59.278,59.257,59.26,83550000,1
1300445580000,1300445639000,59.258,59.26,59.246,59.257,125600000,1
1300445640000,1300445699000,59.257,59.268,59.249,59.251,64180000,1
1300445700000,1300445759000,59.251,59.292,59.248,59.281,175720000,1
1300445760000,1300445819000,59.281,59.292,59.247,59.253,228300000,1
1300445820000,1300445879000,59.249,59.257,59.23,59.23,259610000,1
1300445880000,1300445939000,59.238,59.241,59.207,59.228,169580000,1
1300445940000,1300445999000,59.228,59.257,59.218,59.247,178440000,1
1300446000000,1300446059000,59.247,59.247,59.216,59.221,119370000,1
1300446060000,1300446119000,59.219,59.22,59.215,59.22,103930000,1
1300446120000,1300446179000,59.228,59.228,59.215,59.215,55380000,1
1300446180000,1300446239000,59.221,59.257,59.221,59.257,56280000,1
1300446240000,1300446299000,59.253,59.261,59.228,59.229,72020000,1
1300446300000,1300446359000,59.227,59.247,59.209,59.209,128950000,1
1300446360000,1300446419000,59.219,59.219,59.202,59.208,87930000,1
1300446420000,1300446479000,59.211,59.216,59.198,59.198,105690000,1
1300446480000,1300446539000,59.198,59.208,59.197,59.207,43080000,1
1300446540000,1300446599000,59.203,59.203,59.157,59.162,203660000,1
1300446600000,1300446659000,59.164,59.19,59.162,59.187,145760000,1
1300446660000,1300446719000,59.187,59.198,59.167,59.167,66300000,1
1300446720000,1300446779000,59.169,59.19,59.168,59.179,141760000,1
1300446780000,1300446839000,59.176,59.197,59.176,59.197,53200000,1
1300446840000,1300446899000,59.197,59.198,59.171,59.177,84940000,1
1300446900000,1300446959000,59.177,59.188,59.168,59.188,39820000,1
1300446960000,1300447019000,59.187,59.197,59.178,59.197,107440000,1
1300447020000,1300447079000,59.197,59.208,59.191,59.199,90140000,1
1300447080000,1300447139000,59.198,59.198,59.186,59.187,42820000,1
1300447140000,1300447199000,59.186,59.201,59.178,59.197,133930000,1
1300447200000,1300447259000,59.198,59.198,59.177,59.197,97970000,1
1300447260000,1300447319000,59.192,59.213,59.189,59.209,40780000,1
1300447320000,1300447379000,59.207,59.208,59.197,59.197,73430000,1
1300447380000,1300447439000,59.197,59.197,59.141,59.157,122590000,1
1300447440000,1300447499000,59.162,59.187,59.157,59.182,108910000,1
1300447500000,1300447559000,59.188,59.2,59.187,59.198,90040000,1
1300447560000,1300447619000,59.198,59.198,59.168,59.169,78640000,1
1300447620000,1300447679000,59.17,59.197,59.17,59.197,47890000,1
1300447680000,1300447739000,59.197,59.228,59.197,59.228,93560000,1
1300447740000,1300447799000,59.22,59.228,59.177,59.177,135020000,1
1300447800000,1300447859000,59.177,59.205,59.177,59.205,66080000,1
1300447860000,1300447919000,59.208,59.214,59.19,59.198,122710000,1
1300447920000,1300447979000,59.198,59.2,59.192,59.199,63030000,1
1300447980000,1300448039000,59.199,59.208,59.187,59.207,91220000,1
1300448040000,1300448099000,59.207,59.218,59.187,59.201,150470000,1
1300448100000,1300448159000,59.198,59.218,59.198,59.208,97380000,1
1300448160000,1300448219000,59.208,59.218,59.188,59.2,62860000,1
1300448220000,1300448279000,59.208,59.208,59.197,59.2,115780000,1
1300448280000,1300448339000,59.198,59.207,59.168,59.168,88190000,1
1300448340000,1300448399000,59.168,59.184,59.168,59.173,36020000,1
1300448400000,1300448459000,59.173,59.199,59.153,59.187,69400000,1
1300448460000,1300448519000,59.188,59.188,59.168,59.177,84230000,1
1300448520000,1300448579000,59.178,59.185,59.167,59.177,91570000,1
1300448580000,1300448639000,59.177,59.22,59.16,59.22,146710000,1
1300448640000,1300448699000,59.223,59.262,59.223,59.24,163010000,1
1300448700000,1300448759000,59.24,59.278,59.24,59.254,210870000,1
1300448760000,1300448819000,59.254,59.275,59.23,59.232,186290000,1
1300448820000,1300448879000,59.237,59.24,59.228,59.228,79940000,1
1300448880000,1300448939000,59.234,59.241,59.229,59.239,27960000,1
1300448940000,1300448999000,59.24,59.281,59.235,59.276,239260000,1
1300449000000,1300449059000,59.273,59.282,59.237,59.251,157800000,1
1300449060000,1300449119000,59.249,59.278,59.249,59.262,103190000,1
1300449120000,1300449179000,59.26,59.275,59.256,59.257,135100000,1
1300449180000,1300449239000,59.258,59.259,59.237,59.246,262780000,1
1300449240000,1300449299000,59.246,59.259,59.244,59.245,97430000,1
1300449300000,1300449359000,59.242,59.258,59.24,59.258,51900000,1
1300449360000,1300449419000,59.258,59.282,59.254,59.271,81310000,1
1300449420000,1300449479000,59.273,59.291,59.257,59.278,114030000,1
1300449480000,1300449539000,59.278,59.329,59.278,59.3,209360000,1
1300449540000,1300449599000,59.297,59.358,59.296,59.344,138030000,1
1300449600000,1300449659000,59.343,59.487,59.342,59.368,492400000,1
1300449660000,1300449719000,59.368,59.438,59.318,59.338,474090000,1
1300449720000,1300449779000,59.327,59.358,59.196,59.239,306760000,1
1300449780000,1300449839000,59.247,59.258,59.148,59.198,336890000,1
1300449840000,1300449899000,59.198,59.268,59.198,59.258,276430000,1
1300449900000,1300449959000,59.258,59.268,59.147,59.154,346660000,1
1300449960000,1300450019000,59.154,59.203,59.152,59.174,267430000,1
1300450020000,1300450079000,59.166,59.168,59.127,59.138,231800000,1
1300450080000,1300450139000,59.142,59.168,59.142,59.157,182180000,1
1300450140000,1300450199000,59.157,59.157,59.071,59.077,210310000,1
1300450200000,1300450259000,59.077,59.126,59.066,59.098,280110000,1
1300450260000,1300450319000,59.097,59.11,59.092,59.109,113660000,1
1300450320000,1300450379000,59.111,59.157,59.1,59.148,153840000,1
1300450380000,1300450439000,59.157,59.239,59.085,59.194,320360000,1
1300450440000,1300450499000,59.192,59.228,59.187,59.228,225730000,1
1300450500000,1300450559000,59.228,59.228,59.163,59.177,132410000,1
1300450560000,1300450619000,59.177,59.192,59.168,59.188,207630000,1
1300450620000,1300450679000,59.178,59.273,59.178,59.241,261260000,1
1300450680000,1300450739000,59.241,59.248,59.153,59.154,177870000,1
1300450740000,1300450799000,59.148,59.161,59.129,59.157,138730000,1
1300450800000,1300450859000,59.157,59.157,59.091,59.147,282500000,1
1300450860000,1300450919000,59.147,59.15,59.119,59.137,120970000,1
1300450920000,1300450979000,59.137,59.137,59.098,59.127,171820000,1
1300450980000,1300451039000,59.127,59.148,59.127,59.137,102380000,1
1300451040000,1300451099000,59.138,59.138,59.119,59.127,72090000,1
1300451100000,1300451159000,59.128,59.147,59.126,59.147,149310000,1
1300451160000,1300451219000,59.146,59.198,59.12,59.187,190820000,1
1300451220000,1300451279000,59.187,59.187,59.109,59.128,254480000,1
1300451280000,1300451339000,59.127,59.146,59.106,59.135,109730000,1
1300451340000,1300451399000,59.138,59.138,59.088,59.108,65780000,1
1300451400000,1300451459000,59.108,59.118,59.104,59.112,76190000,1
1300451460000,1300451519000,59.112,59.147,59.108,59.147,132000000,1
1300451520000,1300451579000,59.138,59.138,59.116,59.117,85460000,1
1300451580000,1300451639000,59.117,59.127,59.086,59.088,140510000,1
1300451640000,1300451699000,59.088,59.099,59.059,59.084,217810000,1
1300451700000,1300451759000,59.089,59.11,59.087,59.09,86200000,1
1300451760000,1300451819000,59.092,59.108,59.068,59.068,113460000,1
1300451820000,1300451879000,59.067,59.092,59.067,59.083,72150000,1
1300451880000,1300451939000,59.082,59.129,59.082,59.09,224080000,1
1300451940000,1300451999000,59.092,59.139,59.092,59.139,227870000,1
1300452000000,1300452059000,59.137,59.187,59.13,59.161,270850000,1
1300452060000,1300452119000,59.17,59.181,59.127,59.157,156630000,1
1300452120000,1300452179000,59.157,59.168,59.108,59.113,131400000,1
1300452180000,1300452239000,59.111,59.162,59.086,59.156,253220000,1
1300452240000,1300452299000,59.156,59.201,59.147,59.197,216690000,1
1300452300000,1300452359000,59.192,59.207,59.166,59.179,210240000,1
1300452360000,1300452419000,59.179,59.188,59.156,59.168,117070000,1
1300452420000,1300452479000,59.167,59.199,59.167,59.186,158930000,1
1300452480000,1300452539000,59.186,59.186,59.142,59.148,169090000,1
1300452540000,1300452599000,59.151,59.208,59.146,59.208,192330000,1
1300452600000,1300452659000,59.211,59.228,59.165,59.188,227510000,1
1300452660000,1300452719000,59.192,59.209,59.174,59.179,166720000,1
1300452720000,1300452779000,59.176,59.188,59.149,59.168,167530000,1
1300452780000,1300452839000,59.168,59.173,59.15,59.156,121900000,1
1300452840000,1300452899000,59.147,59.167,59.144,59.158,119970000,1
1300452900000,1300452959000,59.158,59.159,59.105,59.107,99400000,1
1300452960000,1300453019000,59.107,59.132,59.1,59.114,178210000,1
1300453020000,1300453079000,59.111,59.148,59.11,59.148,153510000,1
1300453080000,1300453139000,59.148,59.149,59.129,59.142,138960000,1
1300453140000,1300453199000,59.142,59.151,59.126,59.149,189970000,1
1300453200000,1300453259000,59.149,59.149,59.12,59.12,106580000,1
1300453260000,1300453319000,59.118,59.119,59.099,59.117,161360000,1
1300453320000,1300453379000,59.117,59.118,59.075,59.077,84890000,1
1300453380000,1300453439000,59.07,59.07,58.967,59.013,278140000,1
1300453440000,1300453499000,59.013,59.033,58.979,58.998,238180000,1
1300453500000,1300453559000,58.998,59.028,58.992,59.027,254840000,1
1300453560000,1300453619000,59.027,59.038,59.017,59.017,160990000,1
1300453620000,1300453679000,59.017,59.057,59.017,59.032,159360000,1
1300453680000,1300453739000,59.035,59.041,59.027,59.041,88330000,1
1300453740000,1300453799000,59.038,59.042,58.998,58.998,123560000,1
1300453800000,1300453859000,58.992,59.008,58.978,59.002,210730000,1
1300453860000,1300453919000,58.998,59.018,58.99,59.003,261290000,1
1300453920000,1300453979000,58.998,59.012,58.997,59.008,134670000,1
1300453980000,1300454039000,59.007,59.028,58.987,59.017,217860000,1
1300454040000,1300454099000,59.018,59.018,58.999,59.0,91410000,1
1300454100000,1300454159000,58.998,58.999,58.978,58.997,98500000,1
1300454160000,1300454219000,58.997,59.007,58.997,59.001,41680000,1
1300454220000,1300454279000,58.998,59.018,58.987,59.007,145500000,1
1300454280000,1300454339000,59.007,59.048,59.007,59.048,123130000,1
1300454340000,1300454399000,59.048,59.048,59.017,59.017,69030000,1
1300454400000,1300454459000,59.017,59.028,59.017,59.027,36970000,1
1300454460000,1300454519000,59.027,59.038,59.018,59.028,78620000,1
1300454520000,1300454579000,59.028,59.048,59.027,59.041,136750000,1
1300454580000,1300454639000,59.042,59.087,59.033,59.078,113650000,1
1300454640000,1300454699000,59.078,59.082,59.061,59.077,84040000,1
1300454700000,1300454759000,59.081,59.098,59.069,59.088,115990000,1
1300454760000,1300454819000,59.087,59.088,59.043,59.048,109390000,1
1300454820000,1300454879000,59.047,59.065,59.04,59.056,96420000,1
1300454880000,1300454939000,59.049,59.086,59.047,59.061,117670000,1
1300454940000,1300454999000,59.061,59.095,59.032,59.034,114810000,1
1300455000000,1300455059000,59.031,59.039,59.021,59.027,168440000,1
1300455060000,1300455119000,59.027,59.037,59.016,59.021,314800000,1
1300455120000,1300455179000,59.028,59.045,59.018,59.027,160960000,1
1300455180000,1300455239000,59.027,59.039,58.954,58.976,178340000,1
1300455240000,1300455299000,58.976,58.998,58.957,58.958,176640000,1
1300455300000,1300455359000,58.959,58.998,58.957,58.978,199040000,1
1300455360000,1300455419000,58.978,58.998,58.976,58.993,175330000,1
1300455420000,1300455479000,58.993,59.017,58.988,58.988,173660000,1
1300455480000,1300455539000,58.988,59.008,58.987,58.987,122770000,1
1300455540000,1300455599000,58.987,59.007,58.976,58.977,131200000,1
1300455600000,1300455659000,58.977,58.979,58.968,58.968,138230000,1
1300455660000,1300455719000,58.968,58.968,58.929,58.939,314630000,1
1300455720000,1300455779000,58.939,58.939,58.856,58.908,395020000,1
1300455780000,1300455839000,58.904,58.923,58.765,58.784,355640000,1
1300455840000,1300455899000,58.784,58.819,58.742,58.818,441190000,1
1300455900000,1300455959000,58.823,58.901,58.823,58.898,304110000,1
1300455960000,1300456019000,58.898,58.907,58.837,58.858,239820000,1
1300456020000,1300456079000,58.859,58.878,58.827,58.837,191190000,1
1300456080000,1300456139000,58.844,58.852,58.797,58.803,208880000,1
1300456140000,1300456199000,58.799,58.822,58.797,58.81,160580000,1
1300456200000,1300456259000,58.806,58.824,58.788,58.801,149500000,1
1300456260000,1300456319000,58.802,58.821,58.791,58.821,365130000,1
1300456320000,1300456379000,58.817,58.848,58.809,58.821,295970000,1
1300456380000,1300456439000,58.821,58.853,58.815,58.832,236080000,1
1300456440000,1300456499000,58.83,58.834,58.815,58.818,154500000,1
1300456500000,1300456559000,58.818,58.848,58.809,58.809,188150000,1
1300456560000,1300456619000,58.818,58.839,58.813,58.829,250840000,1
1300456620000,1300456679000,58.83,58.846,58.821,58.838,146260000,1
1300456680000,1300456739000,58.839,58.848,58.821,58.827,222890000,1
1300456740000,1300456799000,58.831,58.865,58.831,58.857,266970000,1
1300456800000,1300456859000,58.858,58.881,58.818,58.87,285610000,1
1300456860000,1300456919000,58.868,58.882,58.832,58.875,274240000,1
1300456920000,1300456979000,58.877,58.908,58.87,58.887,208770000,1
1300456980000,1300457039000,58.887,58.905,58.868,58.868,224440000,1
1300457040000,1300457099000,58.865,58.865,58.818,58.827,211870000,1
1300457100000,1300457159000,58.823,58.828,58.791,58.804,180300000,1
1300457160000,1300457219000,58.804,58.858,58.8,58.847,289340000,1
1300457220000,1300457279000,58.848,58.888,58.812,58.881,452560000,1
1300457280000,1300457339000,58.88,58.991,58.837,58.884,456650000,1
1300457340000,1300457399000,58.884,58.912,58.847,58.886,230140000,1
1300457400000,1300457459000,58.887,58.893,58.846,58.859,176160000,1
1300457460000,1300457519000,58.859,58.91,58.859,58.877,283240000,1
1300457520000,1300457579000,58.892,58.922,58.878,58.903,213730000,1
1300457580000,1300457639000,58.903,58.951,58.892,58.9,227870000,1
1300457640000,1300457699000,58.9,58.951,58.89,58.951,172980000,1
1300457700000,1300457759000,58.948,58.978,58.928,58.978,152410000,1
1300457760000,1300457819000,58.974,59.007,58.966,58.994,188500000,1
1300457820000,1300457879000,58.994,58.994,58.956,58.968,127630000,1
1300457880000,1300457939000,58.968,59.013,58.946,59.008,160770000,1
1300457940000,1300457999000,59.011,59.011,58.977,58.997,277710000,1
1300458000000,1300458059000,59.0,59.014,58.97,58.998,166060000,1
1300458060000,1300458119000,58.994,59.007,58.978,58.998,188040000,1
1300458120000,1300458179000,58.998,59.038,58.988,59.038,161460000,1
1300458180000,1300458239000,59.037,59.045,58.998,59.018,162050000,1
1300458240000,1300458299000,59.018,59.018,58.987,59.008,122060000,1
1300458300000,1300458359000,59.008,59.042,59.007,59.04,110720000,1
1300458360000,1300458419000,59.045,59.059,59.037,59.058,99010000,1
1300458420000,1300458479000,59.058,59.072,59.018,59.018,189230000,1
1300458480000,1300458539000,59.017,59.027,58.987,58.987,160110000,1
1300458540000,1300458599000,58.988,59.011,58.977,59.008,140380000,1
1300458600000,1300458659000,59.017,59.028,58.983,58.991,146640000,1
1300458660000,1300458719000,58.991,59.0,58.977,58.977,149410000,1
1300458720000,1300458779000,58.981,58.992,58.972,58.978,119580000,1
1300458780000,1300458839000,58.978,58.978,58.935,58.958,160030000,1
1300458840000,1300458899000,58.958,58.959,58.948,58.948,32330000,1
1300458900000,1300458959000,58.948,58.95,58.937,58.942,113860000,1
1300458960000,1300459019000,58.947,58.948,58.939,58.948,52360000,1
1300459020000,1300459079000,58.947,58.947,58.907,58.925,162350000,1
1300459080000,1300459139000,58.923,58.928,58.908,58.911,106090000,1
1300459140000,1300459199000,58.911,58.941,58.908,58.938,139560000,1
1300459200000,1300459259000,58.936,58.937,58.918,58.925,114610000,1
1300459260000,1300459319000,58.921,58.94,58.917,58.919,194420000,1
1300459320000,1300459379000,58.92,58.938,58.918,58.928,81370000,1
1300459380000,1300459439000,58.928,58.948,58.927,58.947,75800000,1
1300459440000,1300459499000,58.947,58.957,58.937,58.957,75400000,1
1300459500000,1300459559000,58.966,59.09,58.966,59.09,298450000,1
1300459560000,1300459619000,59.089,59.203,59.089,59.19,374070000,1
1300459620000,1300459679000,59.199,59.248,59.199,59.217,287820000,1
1300459680000,1300459739000,59.212,59.291,59.197,59.291,271240000,1
1300459740000,1300459799000,59.291,59.319,59.268,59.303,336570000,1
1300459800000,1300459859000,59.31,59.324,59.292,59.31,327120000,1
1300459860000,1300459919000,59.306,59.336,59.297,59.336,162170000,1
1300459920000,1300459979000,59.336,59.336,59.276,59.306,230920000,1
1300459980000,1300460039000,59.307,59.332,59.291,59.304,273860000,1
1300460040000,1300460099000,59.311,59.313,59.244,59.286,214720000,1
1300460100000,1300460159000,59.284,59.309,59.258,59.26,292880000,1
1300460160000,1300460219000,59.26,59.28,59.192,59.236,414420000,1
1300460220000,1300460279000,59.236,59.242,59.173,59.192,296350000,1
1300460280000,1300460339000,59.189,59.214,59.177,59.214,262690000,1
1300460340000,1300460399000,59.215,59.256,59.205,59.244,131680000,1
1300460400000,1300460459000,59.245,59.354,59.239,59.327,317330000,1
1300460460000,1300460519000,59.331,59.347,59.293,59.317,232310000,1
1300460520000,1300460579000,59.333,59.343,59.292,59.331,245400000,1
1300460580000,1300460639000,59.331,59.336,59.306,59.306,118370000,1
1300460640000,1300460699000,59.313,59.324,59.258,59.28,296020000,1
1300460700000,1300460759000,59.286,59.3,59.268,59.274,291380000,1
1300460760000,1300460819000,59.274,59.329,59.274,59.319,278820000,1
1300460820000,1300460879000,59.321,59.328,59.296,59.308,248530000,1
1300460880000,1300460939000,59.308,59.354,59.296,59.327,253040000,1
1300460940000,1300460999000,59.324,59.348,59.309,59.344,220250000,1
1300461000000,1300461059000,59.344,59.354,59.312,59.318,170230000,1
1300461060000,1300461119000,59.318,59.345,59.314,59.314,178910000,1
1300461120000,1300461179000,59.315,59.346,59.314,59.326,249160000,1
1300461180000,1300461239000,59.322,59.34,59.318,59.321,155490000,1
1300461240000,1300461299000,59.321,59.326,59.288,59.295,156280000,1
1300461300000,1300461359000,59.298,59.337,59.292,59.332,68590000,1
1300461360000,1300461419000,59.335,59.338,59.318,59.331,75470000,1
1300461420000,1300461479000,59.328,59.329,59.308,59.313,131000000,1
1300461480000,1300461539000,59.32,59.32,59.288,59.291,121150000,1
1300461540000,1300461599000,59.296,59.3,59.286,59.286,121940000,1
1300461600000,1300461659000,59.28,59.28,59.223,59.231,249720000,1
1300461660000,1300461719000,59.231,59.245,59.218,59.22,168310000,1
1300461720000,1300461779000,59.22,59.243,59.21,59.21,72650000,1
1300461780000,1300461839000,59.212,59.212,59.173,59.197,168370000,1
1300461840000,1300461899000,59.197,59.237,59.19,59.229,154600000,1
1300461900000,1300461959000,59.231,59.249,59.219,59.227,189490000,1
1300461960000,1300462019000,59.227,59.228,59.207,59.207,134940000,1
1300462020000,1300462079000,59.207,59.208,59.17,59.178,173320000,1
1300462080000,1300462139000,59.178,59.188,59.161,59.185,173470000,1
1300462140000,1300462199000,59.187,59.197,59.122,59.122,235130000,1
1300462200000,1300462259000,59.118,59.166,59.113,59.157,127040000,1
1300462260000,1300462319000,59.157,59.177,59.137,59.177,89360000,1
1300462320000,1300462379000,59.177,59.194,59.177,59.187,88710000,1
1300462380000,1300462439000,59.18,59.185,59.147,59.167,94230000,1
1300462440000,1300462499000,59.171,59.176,59.156,59.158,47960000,1
1300462500000,1300462559000,59.159,59.168,59.158,59.16,58230000,1
1300462560000,1300462619000,59.166,59.2,59.166,59.168,258600000,1
1300462620000,1300462679000,59.168,59.219,59.168,59.209,197940000,1
1300462680000,1300462739000,59.218,59.22,59.206,59.208,51830000,1
1300462740000,1300462799000,59.207,59.217,59.197,59.207,90030000,1
1300462800000,1300462859000,59.207,59.231,59.197,59.229,107450000,1
1300462860000,1300462919000,59.229,59.229,59.198,59.207,101750000,1
1300462920000,1300462979000,59.207,59.217,59.188,59.194,99280000,1
1300462980000,1300463039000,59.194,59.194,59.176,59.176,27910000,1
1300463040000,1300463099000,59.18,59.189,59.167,59.177,65610000,1
1300463100000,1300463159000,59.177,59.186,59.167,59.177,104390000,1
1300463160000,1300463219000,59.176,59.187,59.17,59.176,164500000,1
1300463220000,1300463279000,59.17,59.17,59.122,59.137,117210000,1
1300463280000,1300463339000,59.137,59.137,59.117,59.126,112220000,1
1300463340000,1300463399000,59.127,59.137,59.117,59.127,75120000,1
1300463400000,1300463459000,59.127,59.136,59.116,59.134,100790000,1
1300463460000,1300463519000,59.138,59.148,59.128,59.147,81130000,1
1300463520000,1300463579000,59.147,59.168,59.146,59.148,126830000,1
1300463580000,1300463639000,59.152,59.167,59.147,59.162,66580000,1
1300463640000,1300463699000,59.162,59.178,59.158,59.166,129380000,1
1300463700000,1300463759000,59.166,59.184,59.158,59.158,75850000,1
1300463760000,1300463819000,59.16,59.172,59.138,59.149,210500000,1
1300463820000,1300463879000,59.153,59.179,59.147,59.178,122670000,1
1300463880000,1300463939000,59.178,59.208,59.157,59.208,184040000,1
1300463940000,1300463999000,59.208,59.228,59.171,59.188,260280000,1
1300464000000,1300464059000,59.184,59.184,59.128,59.166,361320000,1
1300464060000,1300464119000,59.166,59.172,59.147,59.162,218070000,1
1300464120000,1300464179000,59.158,59.158,59.13,59.141,69180000,1
1300464180000,1300464239000,59.14,59.145,59.123,59.127,71070000,1
1300464240000,1300464299000,59.127,59.167,59.123,59.146,102980000,1
1300464300000,1300464359000,59.146,59.156,59.138,59.156,46310000,1
1300464360000,1300464419000,59.146,59.188,59.146,59.186,111310000,1
1300464420000,1300464479000,59.187,59.207,59.187,59.207,62200000,1
1300464480000,1300464539000,59.198,59.207,59.187,59.187,78390000,1
1300464540000,1300464599000,59.187,59.187,59.168,59.18,48540000,1
1300464600000,1300464659000,59.18,59.18,59.166,59.168,76440000,1
1300464660000,1300464719000,59.168,59.199,59.167,59.177,103130000,1
1300464720000,1300464779000,59.177,59.177,59.146,59.146,53480000,1
1300464780000,1300464839000,59.146,59.178,59.146,59.178,110030000,1
1300464840000,1300464899000,59.178,59.236,59.178,59.207,129020000,1
1300464900000,1300464959000,59.207,59.217,59.197,59.207,111960000,1
1300464960000,1300465019000,59.198,59.218,59.198,59.218,64920000,1
1300465020000,1300465079000,59.217,59.237,59.207,59.227,266690000,1
1300465080000,1300465139000,59.227,59.237,59.218,59.227,143870000,1
1300465140000,1300465199000,59.227,59.227,59.216,59.217,104290000,1
1300465200000,1300465259000,59.218,59.226,59.207,59.226,94060000,1
1300465260000,1300465319000,59.221,59.235,59.221,59.235,53280000,1
1300465320000,1300465379000,59.237,59.258,59.237,59.257,86080000,1
1300465380000,1300465439000,59.257,59.277,59.257,59.267,145240000,1
1300465440000,1300465499000,59.267,59.277,59.266,59.277,42460000,1
1300465500000,1300465559000,59.276,59.287,59.247,59.257,76500000,1
1300465560000,1300465619000,59.256,59.257,59.246,59.246,106820000,1
1300465620000,1300465679000,59.246,59.256,59.226,59.236,60870000,1
1300465680000,1300465739000,59.236,59.237,59.227,59.236,65100000,1
1300465740000,1300465799000,59.236,59.242,59.219,59.242,67950000,1
1300465800000,1300465859000,59.246,59.247,59.236,59.237,59050000,1
1300465860000,1300465919000,59.237,59.237,59.216,59.222,78450000,1
1300465920000,1300465979000,59.226,59.226,59.216,59.216,48380000,1
1300465980000,1300466039000,59.216,59.237,59.216,59.237,50590000,1
1300466040000,1300466099000,59.23,59.23,59.216,59.227,53900000,1
1300466100000,1300466159000,59.218,59.218,59.206,59.216,120310000,1
1300466160000,1300466219000,59.216,59.227,59.216,59.216,136890000,1
1300466220000,1300466279000,59.216,59.216,59.207,59.208,79810000,1
1300466280000,1300466339000,59.208,59.211,59.208,59.211,19700000,1
1300466340000,1300466399000,59.208,59.208,59.199,59.208,37250000,1
1300466400000,1300466459000,59.208,59.208,59.198,59.2,41290000,1
1300466460000,1300466519000,59.2,59.207,59.186,59.187,134770000,1
1300466520000,1300466579000,59.188,59.197,59.188,59.197,22610000,1
1300466580000,1300466639000,59.197,59.197,59.188,59.196,31310000,1
1300466640000,1300466699000,59.196,59.196,59.187,59.187,73010000,1
1300466700000,1300466759000,59.187,59.187,59.157,59.167,87530000,1
1300466760000,1300466819000,59.167,59.178,59.157,59.176,96860000,1
1300466820000,1300466879000,59.177,59.178,59.176,59.176,53350000,1
1300466880000,1300466939000,59.177,59.178,59.176,59.176,64660000,1
1300466940000,1300466999000,59.177,59.187,59.176,59.187,40660000,1
1300467000000,1300467059000,59.186,59.197,59.186,59.197,21000000,1
1300467060000,1300467119000,59.197,59.208,59.197,59.197,43360000,1
1300467120000,1300467179000,59.197,59.197,59.193,59.194,24380000,1
1300467180000,1300467239000,59.196,59.197,59.177,59.177,128820000,1
1300467240000,1300467299000,59.177,59.177,59.156,59.166,47250000,1
1300467300000,1300467359000,59.157,59.158,59.156,59.157,43500000,1
1300467360000,1300467419000,59.147,59.157,59.147,59.157,49160000,1
1300467420000,1300467479000,59.158,59.207,59.158,59.198,77380000,1
1300467480000,1300467539000,59.197,59.197,59.186,59.186,15150000,1
1300467540000,1300467599000,59.186,59.188,59.178,59.188,49880000,1
1300467600000,1300467659000,59.188,59.198,59.177,59.196,88190000,1
1300467660000,1300467719000,59.196,59.211,59.187,59.207,54800000,1
1300467720000,1300467779000,59.217,59.217,59.206,59.206,54000000,1
1300467780000,1300467839000,59.207,59.207,59.196,59.196,36750000,1
1300467840000,1300467899000,59.196,59.212,59.19,59.209,62100000,1
1300467900000,1300467959000,59.208,59.214,59.199,59.201,63980000,1
1300467960000,1300468019000,59.201,59.234,59.178,59.198,160510000,1
1300468020000,1300468079000,59.198,59.203,59.172,59.183,114050000,1
1300468080000,1300468139000,59.186,59.23,59.18,59.227,111960000,1
1300468140000,1300468199000,59.219,59.227,59.21,59.217,64610000,1
1300468200000,1300468259000,59.217,59.217,59.176,59.197,119440000,1
1300468260000,1300468319000,59.197,59.197,59.196,59.196,4500000,1
1300468320000,1300468379000,59.196,59.196,59.126,59.142,228590000,1
1300468380000,1300468439000,59.147,59.196,59.14,59.196,124480000,1
1300468440000,1300468499000,59.196,59.197,59.159,59.176,134810000,1
1300468500000,1300468559000,59.176,59.187,59.167,59.186,57650000,1
1300468560000,1300468619000,59.186,59.187,59.186,59.186,26050000,1
1300468620000,1300468679000,59.187,59.2,59.176,59.186,162030000,1
1300468680000,1300468739000,59.186,59.187,59.167,59.167,57370000,1
1300468740000,1300468799000,59.167,59.186,59.156,59.186,80040000,1
1300468800000,1300468859000,59.18,59.196,59.16,59.188,75150000,1
1300468860000,1300468919000,59.189,59.207,59.176,59.177,76210000,1
1300468920000,1300468979000,59.176,59.178,59.176,59.176,13200000,1
1300468980000,1300469039000,59.176,59.187,59.176,59.186,41550000,1
1300469040000,1300469099000,59.186,59.236,59.186,59.227,53680000,1
1300469100000,1300469159000,59.227,59.228,59.227,59.227,23430000,1
1300469160000,1300469219000,59.226,59.227,59.207,59.216,68330000,1
1300469220000,1300469279000,59.216,59.218,59.206,59.208,106500000,1
1300469280000,1300469339000,59.207,59.216,59.206,59.207,42410000,1
1300469340000,1300469399000,59.206,59.216,59.196,59.216,63720000,1
1300469400000,1300469459000,59.216,59.217,59.206,59.206,24480000,1
1300469460000,1300469519000,59.206,59.206,59.176,59.176,82950000,1
1300469520000,1300469579000,59.176,59.187,59.176,59.187,30150000,1
1300469580000,1300469639000,59.187,59.197,59.186,59.197,13500000,1
1300469640000,1300469699000,59.197,59.197,59.187,59.197,27020000,1
1300469700000,1300469759000,59.197,59.197,59.196,59.196,15000000,1
1300469760000,1300469819000,59.197,59.197,59.186,59.196,57940000,1
1300469820000,1300469879000,59.196,59.207,59.196,59.207,18600000,1
1300469880000,1300469939000,59.207,59.217,59.206,59.207,27610000,1
1300469940000,1300469999000,59.207,59.207,59.196,59.196,23180000,1
1300470000000,1300470059000,59.196,59.197,59.177,59.186,52220000,1
1300470060000,1300470119000,59.186,59.196,59.178,59.196,51040000,1
1300470120000,1300470179000,59.206,59.217,59.206,59.217,28300000,1
1300470180000,1300470239000,59.216,59.216,59.186,59.196,52670000,1
1300470240000,1300470299000,59.186,59.197,59.176,59.177,38850000,1
1300470300000,1300470359000,59.177,59.187,59.176,59.187,32740000,1
1300470360000,1300470419000,59.186,59.188,59.186,59.186,34070000,1
1300470420000,1300470479000,59.186,59.186,59.177,59.186,20420000,1
1300470480000,1300470539000,59.186,59.186,59.15,59.15,40460000,1
1300470540000,1300470599000,59.15,59.15,59.136,59.137,57330000,1
1300470600000,1300470659000,59.137,59.152,59.116,59.116,93820000,1
1300470660000,1300470719000,59.116,59.137,59.116,59.137,46670000,1
1300470720000,1300470779000,59.137,59.167,59.136,59.156,87070000,1
1300470780000,1300470839000,59.156,59.177,59.156,59.177,17810000,1
1300470840000,1300470899000,59.177,59.177,59.166,59.176,31090000,1
1300470900000,1300470959000,59.176,59.177,59.166,59.176,24710000,1
1300470960000,1300471019000,59.176,59.177,59.163,59.177,35800000,1
1300471020000,1300471079000,59.167,59.177,59.166,59.176,21320000,1
1300471080000,1300471139000,59.166,59.179,59.138,59.172,153650000,1
1300471140000,1300471199000,59.171,59.186,59.117,59.117,173190000,1
1300471200000,1300471259000,59.117,59.117,59.076,59.08,135230000,1
1300471260000,1300471319000,59.087,59.098,59.065,59.098,126550000,1
1300471320000,1300471379000,59.106,59.136,59.106,59.136,48350000,1
1300471380000,1300471439000,59.136,59.152,59.127,59.152,49850000,1
1300471440000,1300471499000,59.147,59.147,59.126,59.126,87920000,1
1300471500000,1300471559000,59.127,59.127,59.078,59.087,119760000,1
1300471560000,1300471619000,59.086,59.087,59.057,59.06,68430000,1
1300471620000,1300471679000,59.059,59.06,59.041,59.056,169430000,1
1300471680000,1300471739000,59.057,59.067,59.056,59.067,59280000,1
1300471740000,1300471799000,59.068,59.077,59.056,59.058,48340000,1
1300471800000,1300471859000,59.058,59.066,59.049,59.066,69590000,1
1300471860000,1300471919000,59.058,59.067,59.046,59.056,65250000,1
1300471920000,1300471979000,59.056,59.057,59.037,59.047,41340000,1
1300471980000,1300472039000,59.046,59.067,59.037,59.063,86110000,1
1300472040000,1300472099000,59.066,59.077,59.066,59.076,25080000,1
1300472100000,1300472159000,59.077,59.077,59.056,59.056,25740000,1
1300472160000,1300472219000,59.057,59.057,59.046,59.046,45300000,1
1300472220000,1300472279000,59.056,59.057,59.046,59.046,34500000,1
1300472280000,1300472339000,59.046,59.056,59.046,59.056,52500000,1
1300472340000,1300472399000,59.056,59.057,59.026,59.04,70500000,1
1300472400000,1300472459000,59.037,59.068,59.031,59.068,181080000,1
1300472460000,1300472519000,59.068,59.069,59.017,59.028,136580000,1
1300472520000,1300472579000,59.018,59.047,59.018,59.046,124680000,1
1300472580000,1300472639000,59.052,59.086,59.051,59.076,53560000,1
1300472640000,1300472699000,59.076,59.076,59.066,59.066,30000000,1
1300472700000,1300472759000,59.066,59.077,59.066,59.077,47450000,1
1300472760000,1300472819000,59.078,59.096,59.078,59.096,99100000,1
1300472820000,1300472879000,59.086,59.116,59.086,59.096,78880000,1
1300472880000,1300472939000,59.096,59.106,59.086,59.096,37360000,1
1300472940000,1300472999000,59.097,59.107,59.096,59.107,36090000,1
1300473000000,1300473059000,59.107,59.117,59.106,59.117,33160000,1
1300473060000,1300473119000,59.117,59.137,59.117,59.126,48800000,1
1300473120000,1300473179000,59.126,59.138,59.126,59.136,44850000,1
1300473180000,1300473239000,59.137,59.147,59.136,59.147,54270000,1
1300473240000,1300473299000,59.147,59.157,59.127,59.146,59100000,1
1300473300000,1300473359000,59.146,59.159,59.146,59.159,32460000,1
1300473360000,1300473419000,59.167,59.167,59.16,59.166,15080000,1
1300473420000,1300473479000,59.166,59.177,59.166,59.177,38940000,1
1300473480000,1300473539000,59.177,59.186,59.177,59.186,36860000,1
1300473540000,1300473599000,59.187,59.207,59.186,59.196,68480000,1
1300473600000,1300473659000,59.197,59.207,59.186,59.187,82380000,1
1300473660000,1300473719000,59.187,59.207,59.187,59.197,72850000,1
1300473720000,1300473779000,59.197,59.207,59.197,59.197,76100000,1
1300473780000,1300473839000,59.197,59.208,59.197,59.208,46700000,1
1300473840000,1300473899000,59.207,59.207,59.186,59.187,18750000,1
1300473900000,1300473959000,59.187,59.187,59.176,59.176,24780000,1
1300473960000,1300474019000,59.177,59.177,59.166,59.166,14640000,1
1300474020000,1300474079000,59.167,59.187,59.167,59.186,30380000,1
1300474080000,1300474139000,59.186,59.187,59.176,59.176,50790000,1
1300474140000,1300474199000,59.178,59.187,59.176,59.186,26790000,1
1300474200000,1300474259000,59.186,59.191,59.166,59.19,79670000,1
1300474260000,1300474319000,59.19,59.227,59.19,59.227,59860000,1
1300474320000,1300474379000,59.226,59.237,59.226,59.228,53330000,1
1300474380000,1300474439000,59.227,59.227,59.206,59.227,29870000,1
1300474440000,1300474499000,59.227,59.228,59.216,59.216,41060000,1
1300474500000,1300474559000,59.216,59.228,59.216,59.226,37410000,1
1300474560000,1300474619000,59.227,59.256,59.221,59.256,58710000,1
1300474620000,1300474679000,59.249,59.249,59.209,59.218,96220000,1
1300474680000,1300474739000,59.218,59.218,59.158,59.181,140680000,1
1300474740000,1300474799000,59.178,59.229,59.169,59.216,201470000,1
1300474800000,1300474859000,59.217,59.217,59.177,59.196,121990000,1
1300474860000,1300474919000,59.196,59.206,59.196,59.206,52550000,1
1300474920000,1300474979000,59.207,59.207,59.19,59.196,87840000,1
1300474980000,1300475039000,59.19,59.197,59.177,59.178,128670000,1
1300475040000,1300475099000,59.178,59.18,59.17,59.171,65060000,1
1300475100000,1300475159000,59.171,59.171,59.157,59.171,60040000,1
1300475160000,1300475219000,59.171,59.171,59.136,59.138,30640000,1
1300475220000,1300475279000,59.138,59.138,59.116,59.117,66450000,1
1300475280000,1300475339000,59.117,59.117,59.097,59.108,121020000,1
1300475340000,1300475399000,59.108,59.128,59.107,59.116,84460000,1
1300475400000,1300475459000,59.117,59.128,59.112,59.128,40310000,1
1300475460000,1300475519000,59.128,59.138,59.117,59.126,26420000,1
1300475520000,1300475579000,59.117,59.127,59.106,59.117,51270000,1
1300475580000,1300475639000,59.117,59.138,59.117,59.13,136800000,1
1300475640000,1300475699000,59.13,59.158,59.13,59.158,113510000,1
1300475700000,1300475759000,59.158,59.176,59.157,59.158,160890000,1
1300475760000,1300475819000,59.166,59.166,59.157,59.166,181490000,1
1300475820000,1300475879000,59.166,59.167,59.141,59.156,68570000,1
1300475880000,1300475939000,59.157,59.167,59.157,59.167,6530000,1
1300475940000,1300475999000,59.166,59.178,59.146,59.167,97160000,1
1300476000000,1300476059000,59.176,59.187,59.166,59.177,43830000,1
1300476060000,1300476119000,59.166,59.166,59.146,59.157,61440000,1
1300476120000,1300476179000,59.156,59.157,59.146,59.156,20650000,1
1300476180000,1300476239000,59.157,59.157,59.127,59.136,54970000,1
1300476240000,1300476299000,59.136,59.147,59.128,59.136,23290000,1
1300476300000,1300476359000,59.127,59.127,59.126,59.126,9760000,1
1300476360000,1300476419000,59.126,59.126,59.116,59.126,35720000,1
1300476420000,1300476479000,59.126,59.126,59.106,59.106,16290000,1
1300476480000,1300476539000,59.107,59.107,59.106,59.106,7140000,1
1300476540000,1300476599000,59.098,59.098,59.076,59.076,29100000,1
1300476600000,1300476659000,59.066,59.106,59.066,59.099,53520000,1
1300476660000,1300476719000,59.099,59.107,59.087,59.106,95400000,1
1300476720000,1300476779000,59.106,59.137,59.106,59.137,46000000,1
1300476780000,1300476839000,59.127,59.146,59.126,59.126,34440000,1
1300476840000,1300476899000,59.126,59.137,59.126,59.126,18380000,1
1300476900000,1300476959000,59.127,59.147,59.126,59.136,47880000,1
1300476960000,1300477019000,59.136,59.146,59.126,59.126,51530000,1
1300477020000,1300477079000,59.128,59.129,59.096,59.116,92080000,1
1300477080000,1300477139000,59.116,59.127,59.106,59.116,124300000,1
1300477140000,1300477199000,59.118,59.138,59.118,59.136,97840000,1
1300477200000,1300477259000,59.136,59.137,59.107,59.116,46560000,1
1300477260000,1300477319000,59.108,59.117,59.106,59.117,99280000,1
1300477320000,1300477379000,59.117,59.118,59.116,59.118,100920000,1
1300477380000,1300477439000,59.117,59.126,59.116,59.118,52930000,1
1300477440000,1300477499000,59.118,59.136,59.11,59.128,36670000,1
1300477500000,1300477559000,59.128,59.147,59.126,59.126,103610000,1
1300477560000,1300477619000,59.126,59.137,59.096,59.097,178790000,1
1300477620000,1300477679000,59.097,59.117,59.086,59.087,190360000,1
1300477680000,1300477739000,59.087,59.117,59.086,59.096,198160000,1
1300477740000,1300477799000,59.096,59.106,59.076,59.086,158860000,1
1300477800000,1300477859000,59.086,59.108,59.078,59.107,132520000,1
1300477860000,1300477919000,59.107,59.117,59.076,59.077,127700000,1
1300477920000,1300477979000,59.068,59.102,59.057,59.095,95340000,1
1300477980000,1300478039000,59.102,59.108,59.086,59.086,28900000,1
1300478040000,1300478099000,59.087,59.087,59.058,59.067,63970000,1
1300478100000,1300478159000,59.059,59.068,59.048,59.057,124350000,1
1300478160000,1300478219000,59.057,59.076,59.056,59.067,122030000,1
1300478220000,1300478279000,59.073,59.087,59.068,59.087,82280000,1
1300478280000,1300478339000,59.087,59.096,58.97,58.992,177040000,1
1300478340000,1300478399000,58.986,59.052,58.966,59.032,232210000,1
1300478400000,1300478459000,59.042,59.048,59.023,59.023,149670000,1
1300478460000,1300478519000,59.027,59.027,58.936,58.948,189280000,1
1300478520000,1300478579000,58.948,58.977,58.947,58.958,106280000,1
1300478580000,1300478639000,58.967,58.997,58.957,58.987,158560000,1
1300478640000,1300478699000,58.987,58.996,58.966,58.976,75680000,1
1300478700000,1300478759000,58.976,59.007,58.976,58.986,76660000,1
1300478760000,1300478819000,58.997,58.997,58.976,58.987,47400000,1
1300478820000,1300478879000,58.986,58.997,58.986,58.997,24750000,1
1300478880000,1300478939000,58.988,58.997,58.977,58.986,47100000,1
1300478940000,1300478999000,58.986,58.987,58.977,58.987,26550000,1
1300479000000,1300479059000,58.978,58.986,58.966,58.976,34650000,1
1300479060000,1300479119000,58.977,58.977,58.976,58.977,23100000,1
1300479120000,1300479179000,58.977,59.007,58.977,58.978,74110000,1
1300479180000,1300479239000,58.978,58.978,58.898,58.907,86100000,1
1300479240000,1300479299000,58.907,58.927,58.907,58.927,27600000,1
1300479300000,1300479359000,58.927,58.927,58.908,58.916,44560000,1
1300479360000,1300479419000,58.916,58.927,58.906,58.927,42700000,1
1300479420000,1300479479000,58.926,58.927,58.923,58.923,14250000,1
1300479480000,1300479539000,58.923,58.929,58.923,58.929,94500000,1
1300479540000,1300479599000,58.918,58.919,58.913,58.913,52500000,1
1300479600000,1300479659000,58.914,58.914,58.893,58.903,40500000,1
1300479660000,1300479719000,58.903,58.909,58.898,58.899,81000000,1
1300479720000,1300479779000,58.899,58.903,58.846,58.847,57920000,1
1300479780000,1300479839000,58.846,58.849,58.814,58.849,96380000,1
1300479840000,1300479899000,58.849,58.859,58.826,58.83,86410000,1
1300479900000,1300479959000,58.827,58.847,58.827,58.846,24760000,1
1300479960000,1300480019000,58.846,58.861,58.846,58.856,33540000,1
1300480020000,1300480079000,58.856,58.867,58.856,58.857,20150000,1
1300480080000,1300480139000,58.856,58.856,58.826,58.826,15380000,1
1300480140000,1300480199000,58.821,58.826,58.794,58.801,72150000,1
1300480200000,1300480259000,58.794,58.834,58.789,58.799,124820000,1
1300480260000,1300480319000,58.789,58.819,58.789,58.806,120050000,1
1300480320000,1300480379000,58.806,58.817,58.786,58.812,57060000,1
1300480380000,1300480439000,58.827,58.847,58.812,58.847,109960000,1
1300480440000,1300480499000,58.847,58.868,58.837,58.868,87170000,1
1300480500000,1300480559000,58.868,58.887,58.864,58.864,28520000,1
1300480560000,1300480619000,58.857,58.887,58.846,58.847,51660000,1
1300480620000,1300480679000,58.847,58.886,58.847,58.886,67250000,1
1300480680000,1300480739000,58.886,58.907,58.886,58.897,39730000,1
1300480740000,1300480799000,58.896,58.926,58.896,58.917,97570000,1
1300480800000,1300480859000,58.917,58.918,58.906,58.916,27750000,1
1300480860000,1300480919000,58.926,58.937,58.909,58.936,52780000,1
1300480920000,1300480979000,58.936,58.957,58.927,58.957,51150000,1
1300480980000,1300481039000,58.967,58.987,58.956,58.978,50310000,1
1300481040000,1300481099000,58.987,58.998,58.986,58.996,38280000,1
1300481100000,1300481159000,58.996,59.008,58.967,58.987,67550000,1
1300481160000,1300481219000,58.986,58.997,58.986,58.997,5630000,1
1300481220000,1300481279000,58.987,58.987,58.947,58.947,26270000,1
1300481280000,1300481339000,58.947,58.948,58.928,58.928,56660000,1
1300481340000,1300481399000,58.938,58.967,58.938,58.967,38640000,1
1300481400000,1300481459000,58.967,58.968,58.886,58.896,82190000,1
1300481460000,1300481519000,58.907,58.907,58.876,58.896,42570000,1
1300481520000,1300481579000,58.898,58.898,58.817,58.817,64900000,1
1300481580000,1300481639000,58.817,58.917,58.815,58.837,52650000,1
1300481640000,1300481699000,58.837,58.877,58.814,58.847,101250000,1
1300481700000,1300481759000,58.847,58.867,58.802,58.827,82950000,1
1300481760000,1300481819000,58.827,58.836,58.816,58.816,37950000,1
1300481820000,1300481879000,58.826,58.864,58.814,58.864,62700000,1
1300481880000,1300481939000,58.856,58.857,58.827,58.839,65250000,1
1300481940000,1300481999000,58.846,58.877,58.826,58.837,78750000,1
1300482000000,1300482059000,58.837,58.837,58.837,58.837,0,1
1300482060000,1300482119000,58.837,58.837,58.837,58.837,0,1
1300482120000,1300482179000,58.837,58.837,58.837,58.837,0,1
1300482180000,1300482239000,58.837,58.837,58.837,58.837,0,1
1300482240000,1300482299000,58.837,58.837,58.837,58.837,0,1
1300482300000,1300482359000,58.837,58.837,58.837,58.837,0,1
1300482360000,1300482419000,58.837,58.837,58.837,58.837,0,1
1300482420000,1300482479000,58.837,58.837,58.837,58.837,0,1
1300482480000,1300482539000,58.837,58.837,58.837,58.837,0,1
1300482540000,1300482599000,58.837,58.837,58.837,58.837,0,1
1300482600000,1300482659000,58.837,58.837,58.837,58.837,0,1
1300482660000,1300482719000,58.837,58.837,58.837,58.837,0,1
1300482720000,1300482779000,58.837,58.837,58.837,58.837,0,1
1300482780000,1300482839000,58.837,58.837,58.837,58.837,0,1
1300482840000,1300482899000,58.837,58.837,58.837,58.837,0,1
1300482900000,1300482959000,58.837,58.837,58.837,58.837,0,1
1300482960000,1300483019000,58.837,58.837,58.837,58.837,0,1
1300483020000,1300483079000,58.837,58.837,58.837,58.837,0,1
1300483080000,1300483139000,58.837,58.837,58.837,58.837,0,1
1300483140000,1300483199000,58.837,58.837,58.837,58.837,0,1
1300483200000,1300483259000,58.837,58.837,58.837,58.837,0,1
1300483260000,1300483319000,58.837,58.837,58.837,58.837,0,1
1300483320000,1300483379000,58.837,58.837,58.837,58.837,0,1
1300483380000,1300483439000,58.837,58.837,58.837,58.837,0,1
1300483440000,1300483499000,58.837,58.837,58.837,58.837,0,1
1300483500000,1300483559000,58.837,58.837,58.837,58.837,0,1
1300483560000,1300483619000,58.837,58.837,58.837,58.837,0,1
1300483620000,1300483679000,58.837,58.837,58.837,58.837,0,1
1300483680000,1300483739000,58.837,58.837,58.837,58.837,0,1
1300483740000,1300483799000,58.837,58.837,58.837,58.837,0,1
1300483800000,1300483859000,58.837,58.837,58.837,58.837,0,1
1300483860000,1300483919000,58.837,58.837,58.837,58.837,0,1
1300483920000,1300483979000,58.837,58.837,58.837,58.837,0,1
1300483980000,1300484039000,58.837,58.837,58.837,58.837,0,1
1300484040000,1300484099000,58.837,58.837,58.837,58.837,0,1
1300484100000,1300484159000,58.837,58.837,58.837,58.837,0,1
1300484160000,1300484219000,58.837,58.837,58.837,58.837,0,1
1300484220000,1300484279000,58.837,58.837,58.837,58.837,0,1
1300484280000,1300484339000,58.837,58.837,58.837,58.837,0,1
1300484340000,1300484399000,58.837,58.837,58.837,58.837,0,1
1300484400000,1300484459000,58.837,58.837,58.837,58.837,0,1
1300484460000,1300484519000,58.837,58.837,58.837,58.837,0,1
1300484520000,1300484579000,58.837,58.837,58.837,58.837,0,1
1300484580000,1300484639000,58.837,58.837,58.837,58.837,0,1
1300484640000,1300484699000,58.837,58.837,58.837,58.837,0,1
1300484700000,1300484759000,58.837,58.837,58.837,58.837,0,1
1300484760000,1300484819000,58.837,58.837,58.837,58.837,0,1
1300484820000,1300484879000,58.837,58.837,58.837,58.837,0,1
1300484880000,1300484939000,58.837,58.837,58.837,58.837,0,1
1300484940000,1300484999000,58.837,58.837,58.837,58.837,0,1
1300485000000,1300485059000,58.837,58.837,58.837,58.837,0,1
1300485060000,1300485119000,58.837,58.837,58.837,58.837,0,1
1300485120000,1300485179000,58.837,58.837,58.837,58.837,0,1
1300485180000,1300485239000,58.837,58.837,58.837,58.837,0,1
1300485240000,1300485299000,58.837,58.837,58.837,58.837,0,1
1300485300000,1300485359000,58.837,58.837,58.837,58.837,0,1
1300485360000,1300485419000,58.837,58.837,58.837,58.837,0,1
1300485420000,1300485479000,58.837,58.837,58.837,58.837,0,1
1300485480000,1300485539000,58.837,58.837,58.837,58.837,0,1
1300485540000,1300485599000,58.837,58.837,58.837,58.837,0,1
1300485600000,1300485659000,58.837,58.837,58.837,58.837,0,1
1300485660000,1300485719000,58.837,58.837,58.837,58.837,0,1
1300485720000,1300485779000,58.837,58.837,58.837,58.837,0,1
1300485780000,1300485839000,58.837,58.837,58.837,58.837,0,1
1300485840000,1300485899000,58.837,58.837,58.837,58.837,0,1
1300485900000,1300485959000,58.837,58.837,58.837,58.837,0,1
1300485960000,1300486019000,58.837,58.837,58.837,58.837,0,1
1300486020000,1300486079000,58.837,58.837,58.837,58.837,0,1
1300486080000,1300486139000,58.837,58.837,58.837,58.837,0,1
1300486140000,1300486199000,58.837,58.837,58.837,58.837,0,1
1300486200000,1300486259000,58.837,58.837,58.837,58.837,0,1
1300486260000,1300486319000,58.837,58.837,58.837,58.837,0,1
1300486320000,1300486379000,58.837,58.837,58.837,58.837,0,1
1300486380000,1300486439000,58.837,58.837,58.837,58.837,0,1
1300486440000,1300486499000,58.837,58.837,58.837,58.837,0,1
1300486500000,1300486559000,58.837,58.837,58.837,58.837,0,1
1300486560000,1300486619000,58.837,58.837,58.837,58.837,0,1
1300486620000,1300486679000,58.837,58.837,58.837,58.837,0,1
1300486680000,1300486739000,58.837,58.837,58.837,58.837,0,1
1300486740000,1300486799000,58.837,58.837,58.837,58.837,0,1
1300486800000,1300486859000,58.837,58.837,58.837,58.837,0,1
1300486860000,1300486919000,58.837,58.837,58.837,58.837,0,1
1300486920000,1300486979000,58.837,58.837,58.837,58.837,0,1
1300486980000,1300487039000,58.837,58.837,58.837,58.837,0,1
1300487040000,1300487099000,58.837,58.837,58.837,58.837,0,1
1300487100000,1300487159000,58.837,58.837,58.837,58.837,0,1
1300487160000,1300487219000,58.837,58.837,58.837,58.837,0,1
1300487220000,1300487279000,58.837,58.837,58.837,58.837,0,1
1300487280000,1300487339000,58.837,58.837,58.837,58.837,0,1
1300487340000,1300487399000,58.837,58.837,58.837,58.837,0,1
1300487400000,1300487459000,58.837,58.837,58.837,58.837,0,1
1300487460000,1300487519000,58.837,58.837,58.837,58.837,0,1
1300487520000,1300487579000,58.837,58.837,58.837,58.837,0,1
1300487580000,1300487639000,58.837,58.837,58.837,58.837,0,1
1300487640000,1300487699000,58.837,58.837,58.837,58.837,0,1
1300487700000,1300487759000,58.837,58.837,58.837,58.837,0,1
1300487760000,1300487819000,58.837,58.837,58.837,58.837,0,1
1300487820000,1300487879000,58.837,58.837,58.837,58.837,0,1
1300487880000,1300487939000,58.837,58.837,58.837,58.837,0,1
1300487940000,1300487999000,58.837,58.837,58.837,58.837,0,1
1300488000000,1300488059000,58.837,58.837,58.837,58.837,0,1
1300488060000,1300488119000,58.837,58.837,58.837,58.837,0,1
1300488120000,1300488179000,58.837,58.837,58.837,58.837,0,1
1300488180000,1300488239000,58.837,58.837,58.837,58.837,0,1
1300488240000,1300488299000,58.837,58.837,58.837,58.837,0,1
1300488300000,1300488359000,58.837,58.837,58.837,58.837,0,1
1300488360000,1300488419000,58.837,58.837,58.837,58.837,0,1
1300488420000,1300488479000,58.837,58.837,58.837,58.837,0,1
1300488480000,1300488539000,58.837,58.837,58.837,58.837,0,1
1300488540000,1300488599000,58.837,58.837,58.837,58.837,0,1
1300488600000,1300488659000,58.837,58.837,58.837,58.837,0,1
1300488660000,1300488719000,58.837,58.837,58.837,58.837,0,1
1300488720000,1300488779000,58.837,58.837,58.837,58.837,0,1
1300488780000,1300488839000,58.837,58.837,58.837,58.837,0,1
1300488840000,1300488899000,58.837,58.837,58.837,58.837,0,1
1300488900000,1300488959000,58.837,58.837,58.837,58.837,0,1
1300488960000,1300489019000,58.837,58.837,58.837,58.837,0,1
1300489020000,1300489079000,58.837,58.837,58.837,58.837,0,1
1300489080000,1300489139000,58.837,58.837,58.837,58.837,0,1
1300489140000,1300489199000,58.837,58.837,58.837,58.837,0,1
1300489200000,1300489259000,58.837,58.837,58.837,58.837,0,1
1300489260000,1300489319000,58.837,58.837,58.837,58.837,0,1
1300489320000,1300489379000,58.837,58.837,58.837,58.837,0,1
1300489380000,1300489439000,58.837,58.837,58.837,58.837,0,1
1300489440000,1300489499000,58.837,58.837,58.837,58.837,0,1
1300489500000,1300489559000,58.837,58.837,58.837,58.837,0,1
1300489560000,1300489619000,58.837,58.837,58.837,58.837,0,1
1300489620000,1300489679000,58.837,58.837,58.837,58.837,0,1
1300489680000,1300489739000,58.837,58.837,58.837,58.837,0,1
1300489740000,1300489799000,58.837,58.837,58.837,58.837,0,1
1300489800000,1300489859000,58.837,58.837,58.837,58.837,0,1
1300489860000,1300489919000,58.837,58.837,58.837,58.837,0,1
1300489920000,1300489979000,58.837,58.837,58.837,58.837,0,1
1300489980000,1300490039000,58.837,58.837,58.837,58.837,0,1
1300490040000,1300490099000,58.837,58.837,58.837,58.837,0,1
1300490100000,1300490159000,58.837,58.837,58.837,58.837,0,1
1300490160000,1300490219000,58.837,58.837,58.837,58.837,0,1
1300490220000,1300490279000,58.837,58.837,58.837,58.837,0,1
1300490280000,1300490339000,58.837,58.837,58.837,58.837,0,1
1300490340000,1300490399000,58.837,58.837,58.837,58.837,0,1
1300490400000,1300490459000,58.837,58.837,58.837,58.837,0,1
1300490460000,1300490519000,58.837,58.837,58.837,58.837,0,1
1300490520000,1300490579000,58.837,58.837,58.837,58.837,0,1
1300490580000,1300490639000,58.837,58.837,58.837,58.837,0,1
1300490640000,1300490699000,58.837,58.837,58.837,58.837,0,1
1300490700000,1300490759000,58.837,58.837,58.837,58.837,0,1
1300490760000,1300490819000,58.837,58.837,58.837,58.837,0,1
1300490820000,1300490879000,58.837,58.837,58.837,58.837,0,1
1300490880000,1300490939000,58.837,58.837,58.837,58.837,0,1
1300490940000,1300490999000,58.837,58.837,58.837,58.837,0,1
1300491000000,1300491059000,58.837,58.837,58.837,58.837,0,1
1300491060000,1300491119000,58.837,58.837,58.837,58.837,0,1
1300491120000,1300491179000,58.837,58.837,58.837,58.837,0,1
1300491180000,1300491239000,58.837,58.837,58.837,58.837,0,1
1300491240000,1300491299000,58.837,58.837,58.837,58.837,0,1
1300491300000,1300491359000,58.837,58.837,58.837,58.837,0,1
1300491360000,1300491419000,58.837,58.837,58.837,58.837,0,1
1300491420000,1300491479000,58.837,58.837,58.837,58.837,0,1
1300491480000,1300491539000,58.837,58.837,58.837,58.837,0,1
1300491540000,1300491599000,58.837,58.837,58.837,58.837,0,1
1300491600000,1300491659000,58.837,58.837,58.837,58.837,0,1
1300491660000,1300491719000,58.837,58.837,58.837,58.837,0,1
1300491720000,1300491779000,58.837,58.837,58.837,58.837,0,1
1300491780000,1300491839000,58.837,58.837,58.837,58.837,0,1
1300491840000,1300491899000,58.837,58.837,58.837,58.837,0,1
1300491900000,1300491959000,58.837,58.837,58.837,58.837,0,1
1300491960000,1300492019000,58.837,58.837,58.837,58.837,0,1
1300492020000,1300492079000,58.837,58.837,58.837,58.837,0,1
1300492080000,1300492139000,58.837,58.837,58.837,58.837,0,1
1300492140000,1300492199000,58.837,58.837,58.837,58.837,0,1
1300492200000,1300492259000,58.837,58.837,58.837,58.837,0,1
1300492260000,1300492319000,58.837,58.837,58.837,58.837,0,1
1300492320000,1300492379000,58.837,58.837,58.837,58.837,0,1
1300492380000,1300492439000,58.837,58.837,58.837,58.837,0,1
1300492440000,1300492499000,58.837,58.837,58.837,58.837,0,1
1300492500000,1300492559000,58.837,58.837,58.837,58.837,0,1
1300492560000,1300492619000,58.837,58.837,58.837,58.837,0,1
1300492620000,1300492679000,58.837,58.837,58.837,58.837,0,1
1300492680000,1300492739000,58.837,58.837,58.837,58.837,0,1
1300492740000,1300492799000,58.837,58.837,58.837,58.837,0,1
1300655880000,1300655939000,58.996,58.999,58.996,58.999,7500000,1
1300655940000,1300655999000,58.999,58.999,58.98,58.98,16890000,1
1300656000000,1300656059000,58.983,58.992,58.979,58.984,23670000,1
1300656060000,1300656119000,58.977,58.977,58.902,58.904,48420000,1
1300656120000,1300656179000,58.904,58.904,58.881,58.884,31500000,1
1300656180000,1300656239000,58.878,58.885,58.871,58.871,33790000,1
1300656240000,1300656299000,58.917,58.917,58.905,58.907,10130000,1
1300656300000,1300656359000,58.907,58.971,58.897,58.971,53400000,1
1300656360000,1300656419000,58.969,58.973,58.901,58.93,44270000,1
1300656420000,1300656479000,58.934,58.939,58.922,58.93,14280000,1
1300656480000,1300656539000,58.93,58.95,58.917,58.926,39090000,1
1300656540000,1300656599000,58.917,58.917,58.908,58.908,9330000,1
1300656600000,1300656659000,58.915,58.955,58.908,58.955,18190000,1
1300656660000,1300656719000,58.955,58.966,58.925,58.925,53070000,1
1300656720000,1300656779000,58.941,58.956,58.941,58.945,14800000,1
1300656780000,1300656839000,58.945,58.945,58.909,58.911,18180000,1
1300656840000,1300656899000,58.916,58.916,58.888,58.888,4510000,1
1300656900000,1300656959000,58.918,58.918,58.887,58.887,16430000,1
1300656960000,1300657019000,58.887,58.898,58.887,58.898,11260000,1
1300657020000,1300657079000,58.898,58.898,58.898,58.898,22500000,1
1300657080000,1300657139000,58.898,58.909,58.884,58.897,51390000,1
1300657140000,1300657199000,58.897,58.91,58.897,58.91,14180000,1
1300657200000,1300657259000,58.91,58.916,58.91,58.912,5630000,1
1300657260000,1300657319000,58.928,58.928,58.896,58.91,20490000,1
1300657320000,1300657379000,58.909,58.909,58.909,58.909,1130000,1
1300657380000,1300657439000,58.909,58.909,58.895,58.901,8280000,1
1300657440000,1300657499000,58.91,58.91,58.892,58.901,5650000,1
1300657500000,1300657559000,58.902,58.916,58.901,58.914,7520000,1
1300657560000,1300657619000,58.912,58.988,58.912,58.971,46140000,1
1300657620000,1300657679000,58.973,58.973,58.907,58.907,80800000,1
1300657680000,1300657739000,58.907,58.926,58.893,58.915,14800000,1
1300657740000,1300657799000,58.912,58.935,58.905,58.909,61530000,1
1300657800000,1300657859000,58.907,58.911,58.887,58.892,38900000,1
1300657860000,1300657919000,58.892,58.916,58.887,58.916,10150000,1
1300657920000,1300657979000,58.935,58.941,58.935,58.941,3000000,1
1300657980000,1300658039000,58.942,58.979,58.942,58.969,47140000,1
1300658040000,1300658099000,58.969,58.972,58.967,58.967,6850000,1
1300658100000,1300658159000,58.964,58.999,58.964,58.999,26930000,1
1300658160000,1300658219000,58.998,59.001,58.982,58.982,18420000,1
1300658220000,1300658279000,58.985,58.994,58.967,58.978,45230000,1
1300658280000,1300658339000,58.978,58.978,58.968,58.968,23980000,1
1300658340000,1300658399000,58.968,58.978,58.964,58.976,13080000,1
1300658400000,1300658459000,58.976,58.978,58.936,58.978,57490000,1
1300658460000,1300658519000,58.987,58.987,58.976,58.977,34890000,1
1300658520000,1300658579000,58.966,58.976,58.908,58.908,171570000,1
1300658580000,1300658639000,58.908,58.956,58.9,58.926,64480000,1
1300658640000,1300658699000,58.926,58.947,58.896,58.906,34660000,1
1300658700000,1300658759000,58.896,58.917,58.896,58.906,13880000,1
1300658760000,1300658819000,58.906,58.934,58.905,58.933,56780000,1
1300658820000,1300658879000,58.933,58.947,58.901,58.926,42390000,1
1300658880000,1300658939000,58.917,58.917,58.906,58.917,10500000,1
1300658940000,1300658999000,58.916,58.927,58.908,58.927,39450000,1
1300659000000,1300659059000,58.927,58.947,58.916,58.947,43540000,1
1300659060000,1300659119000,58.946,58.957,58.937,58.954,54810000,1
1300659120000,1300659179000,58.954,58.972,58.924,58.956,69440000,1
1300659180000,1300659239000,58.963,59.024,58.956,59.024,72020000,1
1300659240000,1300659299000,59.031,59.032,59.016,59.02,37520000,1
1300659300000,1300659359000,59.026,59.057,59.026,59.046,58150000,1
1300659360000,1300659419000,59.046,59.047,59.046,59.046,15400000,1
1300659420000,1300659479000,59.046,59.057,59.046,59.057,12020000,1
1300659480000,1300659539000,59.057,59.096,59.048,59.076,39410000,1
1300659540000,1300659599000,59.079,59.087,59.057,59.076,67120000,1
1300659600000,1300659659000,59.077,59.077,59.066,59.066,23290000,1
1300659660000,1300659719000,59.056,59.056,59.046,59.047,17280000,1
1300659720000,1300659779000,59.046,59.057,59.017,59.023,60080000,1
1300659780000,1300659839000,59.025,59.047,58.997,58.997,109620000,1
1300659840000,1300659899000,58.997,59.026,58.988,59.017,72770000,1
1300659900000,1300659959000,59.017,59.038,58.993,59.037,62290000,1
1300659960000,1300660019000,59.037,59.037,59.026,59.026,22510000,1
1300660020000,1300660079000,59.036,59.036,58.997,59.017,52710000,1
1300660080000,1300660139000,59.017,59.017,59.006,59.007,28170000,1
1300660140000,1300660199000,59.01,59.017,59.006,59.006,15380000,1
1300660200000,1300660259000,58.996,59.006,58.966,58.986,37360000,1
1300660260000,1300660319000,58.997,59.017,58.986,59.016,21760000,1
1300660320000,1300660379000,59.016,59.017,59.006,59.007,13880000,1
1300660380000,1300660439000,58.996,59.007,58.996,59.007,6000000,1
1300660440000,1300660499000,58.997,59.016,58.996,58.996,7500000,1
1300660500000,1300660559000,58.997,58.997,58.996,58.996,3000000,1
1300660560000,1300660619000,59.007,59.007,58.997,58.997,6000000,1
1300660620000,1300660679000,58.987,58.997,58.981,58.997,63830000,1
1300660680000,1300660739000,58.993,59.047,58.991,59.047,84050000,1
1300660740000,1300660799000,59.036,59.046,59.036,59.036,8630000,1
1300660800000,1300660859000,59.036,59.047,59.026,59.037,30040000,1
1300660860000,1300660919000,59.026,59.047,59.026,59.046,41280000,1
1300660920000,1300660979000,59.046,59.046,59.029,59.041,39020000,1
1300660980000,1300661039000,59.046,59.047,59.03,59.036,38290000,1
1300661040000,1300661099000,59.054,59.085,59.026,59.058,57230000,1
1300661100000,1300661159000,59.056,59.056,59.041,59.041,21000000,1
1300661160000,1300661219000,59.041,59.042,59.033,59.042,36000000,1
1300661220000,1300661279000,59.042,59.053,59.038,59.038,30380000,1
1300661280000,1300661339000,59.038,59.038,59.028,59.034,37500000,1
1300661340000,1300661399000,59.034,59.054,59.034,59.039,74250000,1
1300661400000,1300661459000,59.039,59.043,59.035,59.037,24750000,1
1300661460000,1300661519000,59.037,59.049,59.026,59.037,76880000,1
1300661520000,1300661579000,59.037,59.044,59.035,59.039,57000000,1
1300661580000,1300661639000,59.039,59.039,59.028,59.028,31500000,1
1300661640000,1300661699000,59.028,59.068,59.028,59.068,63380000,1
1300661700000,1300661759000,59.068,59.084,59.068,59.084,40500000,1
1300661760000,1300661819000,59.087,59.108,59.066,59.066,45380000,1
1300661820000,1300661879000,59.056,59.107,59.056,59.107,93000000,1
1300661880000,1300661939000,59.096,59.107,59.096,59.097,16500000,1
1300661940000,1300661999000,59.097,59.107,59.047,59.057,39750000,1
1300662000000,1300662059000,59.057,59.068,59.016,59.016,65110000,1
1300662060000,1300662119000,59.017,59.027,59.016,59.017,16510000,1
1300662120000,1300662179000,59.017,59.027,59.017,59.027,17290000,1
1300662180000,1300662239000,59.027,59.047,59.027,59.028,31010000,1
1300662240000,1300662299000,59.028,59.038,59.028,59.038,21790000,1
1300662300000,1300662359000,59.038,59.038,59.028,59.028,23650000,1
1300662360000,1300662419000,59.028,59.047,59.027,59.038,113780000,1
1300662420000,1300662479000,59.038,59.058,59.038,59.058,22150000,1
1300662480000,1300662539000,59.057,59.057,59.016,59.048,51250000,1
1300662540000,1300662599000,59.048,59.048,59.048,59.048,34190000,1
1300662600000,1300662659000,59.048,59.048,59.046,59.046,31550000,1
1300662660000,1300662719000,59.046,59.046,59.027,59.027,59320000,1
1300662720000,1300662779000,59.027,59.027,58.976,58.987,78150000,1
1300662780000,1300662839000,58.977,59.037,58.977,59.036,79140000,1
1300662840000,1300662899000,59.037,59.048,59.026,59.048,58890000,1
1300662900000,1300662959000,59.048,59.068,59.048,59.058,24390000,1
1300662960000,1300663019000,59.057,59.077,59.047,59.077,61890000,1
1300663020000,1300663079000,59.077,59.087,59.069,59.069,38120000,1
1300663080000,1300663139000,59.069,59.078,59.069,59.078,15600000,1
1300663140000,1300663199000,59.078,59.078,59.027,59.056,60260000,1
1300663200000,1300663259000,59.056,59.067,59.056,59.059,51130000,1
1300663260000,1300663319000,59.059,59.078,59.057,59.078,27010000,1
1300663320000,1300663379000,59.078,59.078,59.067,59.069,37540000,1
1300663380000,1300663439000,59.077,59.077,59.076,59.077,7500000,1
1300663440000,1300663499000,59.067,59.068,59.056,59.056,29270000,1
1300663500000,1300663559000,59.05,59.077,59.05,59.076,28500000,1
1300663560000,1300663619000,59.076,59.078,59.067,59.067,41140000,1
1300663620000,1300663679000,59.067,59.082,59.06,59.068,88630000,1
1300663680000,1300663739000,59.058,59.077,59.058,59.067,39330000,1
1300663740000,1300663799000,59.068,59.078,59.068,59.076,12830000,1
1300663800000,1300663859000,59.076,59.078,59.067,59.077,64970000,1
1300663860000,1300663919000,59.076,59.077,59.067,59.067,28950000,1
1300663920000,1300663979000,59.069,59.098,59.069,59.097,41040000,1
1300663980000,1300664039000,59.097,59.117,59.097,59.106,99520000,1
1300664040000,1300664099000,59.098,59.114,59.098,59.113,24000000,1
1300664100000,1300664159000,59.114,59.206,59.113,59.175,97470000,1
1300664160000,1300664219000,59.167,59.172,59.166,59.166,20400000,1
1300664220000,1300664279000,59.158,59.18,59.157,59.166,83560000,1
1300664280000,1300664339000,59.17,59.171,59.157,59.167,64440000,1
1300664340000,1300664399000,59.166,59.177,59.166,59.177,22380000,1
1300664400000,1300664459000,59.177,59.197,59.176,59.177,29970000,1
1300664460000,1300664519000,59.178,59.178,59.168,59.178,34460000,1
1300664520000,1300664579000,59.178,59.178,59.163,59.163,30830000,1
1300664580000,1300664639000,59.159,59.161,59.138,59.147,35580000,1
1300664640000,1300664699000,59.149,59.169,59.149,59.162,33250000,1
1300664700000,1300664759000,59.158,59.168,59.158,59.167,34240000,1
1300664760000,1300664819000,59.167,59.167,59.156,59.158,32810000,1
1300664820000,1300664879000,59.157,59.162,59.157,59.157,25370000,1
1300664880000,1300664939000,59.154,59.159,59.15,59.159,17410000,1
1300664940000,1300664999000,59.162,59.162,59.161,59.161,10880000,1
1300665000000,1300665059000,59.158,59.172,59.158,59.172,19730000,1
1300665060000,1300665119000,59.172,59.187,59.172,59.187,28530000,1
1300665120000,1300665179000,59.187,59.207,59.187,59.201,71380000,1
1300665180000,1300665239000,59.2,59.209,59.196,59.209,72460000,1
1300665240000,1300665299000,59.222,59.227,59.197,59.21,109590000,1
1300665300000,1300665359000,59.216,59.218,59.216,59.218,24760000,1
1300665360000,1300665419000,59.217,59.218,59.207,59.211,76620000,1
1300665420000,1300665479000,59.218,59.238,59.216,59.238,121190000,1
1300665480000,1300665539000,59.238,59.27,59.217,59.268,254470000,1
1300665540000,1300665599000,59.268,59.3,59.257,59.296,128110000,1
1300665600000,1300665659000,59.296,59.307,59.236,59.287,261000000,1
1300665660000,1300665719000,59.287,59.287,59.247,59.247,61000000,1
1300665720000,1300665779000,59.247,59.276,59.207,59.207,151000000,1
1300665780000,1300665839000,59.207,59.237,59.199,59.229,157000000,1
1300665840000,1300665899000,59.229,59.229,59.199,59.199,80000000,1
1300665900000,1300665959000,59.206,59.228,59.178,59.197,99000000,1
1300665960000,1300666019000,59.196,59.207,59.196,59.197,31000000,1
1300666020000,1300666079000,59.198,59.218,59.198,59.218,37000000,1
1300666080000,1300666139000,59.218,59.257,59.218,59.248,93000000,1
1300666140000,1300666199000,59.248,59.258,59.248,59.258,17000000,1
1300666200000,1300666259000,59.258,59.268,59.246,59.246,125000000,1
1300666260000,1300666319000,59.246,59.247,59.236,59.237,29000000,1
1300666320000,1300666379000,59.237,59.238,59.236,59.237,34000000,1
1300666380000,1300666439000,59.237,59.237,59.177,59.19,124000000,1
1300666440000,1300666499000,59.19,59.198,59.168,59.168,95000000,1
1300666500000,1300666559000,59.168,59.168,59.128,59.148,172000000,1
1300666560000,1300666619000,59.147,59.178,59.14,59.167,81000000,1
1300666620000,1300666679000,59.167,59.168,59.166,59.167,31000000,1
1300666680000,1300666739000,59.167,59.178,59.157,59.169,56000000,1
1300666740000,1300666799000,59.169,59.178,59.167,59.168,45000000,1
1300666800000,1300666859000,59.168,59.168,59.148,59.148,50000000,1
1300666860000,1300666919000,59.148,59.168,59.137,59.168,99000000,1
1300666920000,1300666979000,59.168,59.198,59.168,59.189,95000000,1
1300666980000,1300667039000,59.189,59.198,59.178,59.181,79000000,1
1300667040000,1300667099000,59.181,59.187,59.15,59.15,58000000,1
1300667100000,1300667159000,59.15,59.17,59.15,59.17,53000000,1
1300667160000,1300667219000,59.17,59.179,59.151,59.168,50000000,1
1300667220000,1300667279000,59.17,59.198,59.17,59.198,75000000,1
1300667280000,1300667339000,59.198,59.198,59.189,59.189,46000000,1
1300667340000,1300667399000,59.188,59.188,59.167,59.168,60000000,1
1300667400000,1300667459000,59.169,59.169,59.157,59.164,38000000,1
1300667460000,1300667519000,59.167,59.167,59.158,59.161,26000000,1
1300667520000,1300667579000,59.161,59.168,59.147,59.154,40000000,1
1300667580000,1300667639000,59.154,59.174,59.148,59.174,62000000,1
1300667640000,1300667699000,59.177,59.18,59.167,59.179,60000000,1
1300667700000,1300667759000,59.18,59.185,59.153,59.158,56000000,1
1300667760000,1300667819000,59.158,59.158,59.13,59.138,58000000,1
1300667820000,1300667879000,59.143,59.16,59.137,59.153,109000000,1
1300667880000,1300667939000,59.167,59.169,59.161,59.169,19000000,1
1300667940000,1300667999000,59.167,59.167,59.157,59.158,15000000,1
1300668000000,1300668059000,59.158,59.184,59.158,59.178,57000000,1
1300668060000,1300668119000,59.178,59.179,59.175,59.179,7000000,1
1300668120000,1300668179000,59.179,59.183,59.177,59.177,49000000,1
1300668180000,1300668239000,59.173,59.174,59.151,59.168,76000000,1
1300668240000,1300668299000,59.168,59.179,59.134,59.146,85000000,1
1300668300000,1300668359000,59.146,59.151,59.129,59.139,85000000,1
1300668360000,1300668419000,59.139,59.162,59.139,59.161,45000000,1
1300668420000,1300668479000,59.161,59.203,59.155,59.187,71000000,1
1300668480000,1300668539000,59.187,59.193,59.181,59.184,49000000,1
1300668540000,1300668599000,59.184,59.197,59.184,59.184,42000000,1
1300668600000,1300668659000,59.184,59.194,59.184,59.187,37000000,1
1300668660000,1300668719000,59.187,59.192,59.183,59.183,58000000,1
1300668720000,1300668779000,59.181,59.191,59.169,59.191,69000000,1
1300668780000,1300668839000,59.191,59.193,59.187,59.192,46000000,1
1300668840000,1300668899000,59.192,59.201,59.168,59.178,93000000,1
1300668900000,1300668959000,59.178,59.185,59.172,59.177,59000000,1
1300668960000,1300669019000,59.177,59.183,59.173,59.179,57000000,1
1300669020000,1300669079000,59.179,59.179,59.178,59.178,4000000,1
1300669080000,1300669139000,59.178,59.183,59.166,59.179,56000000,1
1300669140000,1300669199000,59.181,59.19,59.181,59.183,34000000,1
1300669200000,1300669259000,59.183,59.189,59.177,59.185,45000000,1
1300669260000,1300669319000,59.184,59.189,59.184,59.187,21000000,1
1300669320000,1300669379000,59.19,59.19,59.183,59.183,18000000,1
1300669380000,1300669439000,59.182,59.184,59.175,59.176,30000000,1
1300669440000,1300669499000,59.176,59.182,59.176,59.182,12000000,1
1300669500000,1300669559000,59.182,59.202,59.182,59.197,59000000,1
1300669560000,1300669619000,59.197,59.202,59.192,59.202,41000000,1
1300669620000,1300669679000,59.201,59.201,59.184,59.201,53000000,1
1300669680000,1300669739000,59.198,59.205,59.188,59.205,77000000,1
1300669740000,1300669799000,59.203,59.208,59.203,59.208,36000000,1
1300669800000,1300669859000,59.209,59.218,59.209,59.218,32000000,1
1300669860000,1300669919000,59.218,59.218,59.207,59.216,87000000,1
1300669920000,1300669979000,59.212,59.216,59.21,59.215,151000000,1
1300669980000,1300670039000,59.217,59.218,59.199,59.199,159000000,1
1300670040000,1300670099000,59.196,59.198,59.181,59.182,42000000,1
1300670100000,1300670159000,59.177,59.179,59.162,59.178,56000000,1
1300670160000,1300670219000,59.179,59.188,59.162,59.162,48000000,1
1300670220000,1300670279000,59.161,59.188,59.16,59.183,91000000,1
1300670280000,1300670339000,59.183,59.189,59.178,59.188,88000000,1
1300670340000,1300670399000,59.184,59.189,59.182,59.187,77000000,1
1300670400000,1300670459000,59.187,59.201,59.183,59.185,131000000,1
1300670460000,1300670519000,59.188,59.221,59.188,59.208,110000000,1
1300670520000,1300670579000,59.209,59.216,59.192,59.213,63000000,1
1300670580000,1300670639000,59.213,59.245,59.203,59.245,131000000,1
1300670640000,1300670699000,59.249,59.256,59.242,59.25,56000000,1
1300670700000,1300670759000,59.246,59.26,59.243,59.244,46000000,1
1300670760000,1300670819000,59.244,59.256,59.239,59.253,46000000,1
1300670820000,1300670879000,59.253,59.27,59.244,59.258,79000000,1
1300670880000,1300670939000,59.258,59.258,59.242,59.243,20000000,1
1300670940000,1300670999000,59.243,59.256,59.24,59.256,50000000,1
1300671000000,1300671059000,59.257,59.259,59.233,59.247,68000000,1
1300671060000,1300671119000,59.247,59.252,59.235,59.247,61000000,1
1300671120000,1300671179000,59.247,59.26,59.243,59.243,51000000,1
1300671180000,1300671239000,59.243,59.243,59.237,59.24,40000000,1
1300671240000,1300671299000,59.24,59.241,59.233,59.241,74000000,1
1300671300000,1300671359000,59.242,59.247,59.239,59.247,54000000,1
1300671360000,1300671419000,59.248,59.248,59.242,59.245,11000000,1
1300671420000,1300671479000,59.237,59.245,59.237,59.24,23000000,1
1300671480000,1300671539000,59.241,59.264,59.241,59.264,37000000,1
1300671540000,1300671599000,59.264,59.272,59.258,59.259,52000000,1
1300671600000,1300671659000,59.259,59.268,59.255,59.261,31000000,1
1300671660000,1300671719000,59.263,59.267,59.25,59.252,66000000,1
1300671720000,1300671779000,59.25,59.258,59.25,59.255,27000000,1
1300671780000,1300671839000,59.254,59.263,59.25,59.263,36000000,1
1300671840000,1300671899000,59.265,59.282,59.258,59.272,102000000,1
1300671900000,1300671959000,59.272,59.278,59.264,59.268,59000000,1
1300671960000,1300672019000,59.268,59.268,59.253,59.253,21000000,1
1300672020000,1300672079000,59.251,59.255,59.238,59.243,35000000,1
1300672080000,1300672139000,59.243,59.259,59.243,59.246,51000000,1
1300672140000,1300672199000,59.249,59.254,59.247,59.247,25000000,1
1300672200000,1300672259000,59.247,59.247,59.229,59.238,37000000,1
1300672260000,1300672319000,59.237,59.237,59.201,59.227,115000000,1
1300672320000,1300672379000,59.228,59.23,59.226,59.227,17000000,1
1300672380000,1300672439000,59.221,59.222,59.221,59.221,4000000,1
1300672440000,1300672499000,59.224,59.23,59.221,59.23,21000000,1
1300672500000,1300672559000,59.23,59.242,59.23,59.235,34000000,1
1300672560000,1300672619000,59.235,59.236,59.232,59.235,19000000,1
1300672620000,1300672679000,59.235,59.235,59.229,59.232,25000000,1
1300672680000,1300672739000,59.232,59.232,59.229,59.232,13000000,1
1300672740000,1300672799000,59.232,59.236,59.225,59.234,30000000,1
1300672800000,1300672859000,59.232,59.236,59.225,59.236,20000000,1
1300672860000,1300672919000,59.237,59.248,59.237,59.248,12000000,1
1300672920000,1300672979000,59.255,59.257,59.249,59.253,24000000,1
1300672980000,1300673039000,59.252,59.264,59.252,59.262,23000000,1
1300673040000,1300673099000,59.261,59.262,59.252,59.253,20000000,1
1300673100000,1300673159000,59.253,59.26,59.25,59.256,31000000,1
1300673160000,1300673219000,59.256,59.27,59.254,59.26,62000000,1
1300673220000,1300673279000,59.263,59.286,59.255,59.28,69000000,1
1300673280000,1300673339000,59.275,59.284,59.271,59.273,64000000,1
1300673340000,1300673399000,59.273,59.279,59.263,59.273,94000000,1
1300673400000,1300673459000,59.272,59.277,59.257,59.271,72000000,1
1300673460000,1300673519000,59.271,59.285,59.268,59.283,38000000,1
1300673520000,1300673579000,59.282,59.305,59.275,59.295,76000000,1
1300673580000,1300673639000,59.295,59.296,59.287,59.287,15000000,1
1300673640000,1300673699000,59.288,59.288,59.288,59.288,16000000,1
1300673700000,1300673759000,59.287,59.289,59.26,59.273,121000000,1
1300673760000,1300673819000,59.271,59.291,59.258,59.278,80000000,1
1300673820000,1300673879000,59.283,59.287,59.274,59.28,135000000,1
1300673880000,1300673939000,59.279,59.279,59.274,59.274,7000000,1
1300673940000,1300673999000,59.274,59.291,59.274,59.29,218000000,1
1300674000000,1300674059000,59.29,59.291,59.272,59.282,81000000,1
1300674060000,1300674119000,59.284,59.285,59.265,59.267,71000000,1
1300674120000,1300674179000,59.263,59.267,59.259,59.263,24000000,1
1300674180000,1300674239000,59.263,59.263,59.244,59.246,89000000,1
1300674240000,1300674299000,59.246,59.268,59.246,59.26,31000000,1
1300674300000,1300674359000,59.26,59.268,59.26,59.267,187000000,1
1300674360000,1300674419000,59.268,59.268,59.263,59.268,202000000,1
1300674420000,1300674479000,59.267,59.293,59.259,59.293,129000000,1
1300674480000,1300674539000,59.293,59.313,59.291,59.307,136000000,1
1300674540000,1300674599000,59.307,59.315,59.303,59.303,40000000,1
1300674600000,1300674659000,59.303,59.309,59.29,59.308,91000000,1
1300674660000,1300674719000,59.313,59.313,59.278,59.278,71000000,1
1300674720000,1300674779000,59.284,59.3,59.278,59.29,66000000,1
1300674780000,1300674839000,59.287,59.287,59.282,59.283,20000000,1
1300674840000,1300674899000,59.285,59.303,59.284,59.303,13000000,1
1300674900000,1300674959000,59.303,59.303,59.286,59.286,36000000,1
1300674960000,1300675019000,59.288,59.291,59.28,59.288,63000000,1
1300675020000,1300675079000,59.288,59.304,59.28,59.3,90000000,1
1300675080000,1300675139000,59.3,59.325,59.295,59.322,120000000,1
1300675140000,1300675199000,59.323,59.339,59.317,59.322,34000000,1
1300675200000,1300675259000,59.323,59.339,59.303,59.308,83000000,1
1300675260000,1300675319000,59.308,59.309,59.301,59.301,56000000,1
1300675320000,1300675379000,59.301,59.304,59.269,59.269,67000000,1
1300675380000,1300675439000,59.288,59.288,59.279,59.279,29000000,1
1300675440000,1300675499000,59.279,59.29,59.278,59.288,31000000,1
1300675500000,1300675559000,59.288,59.288,59.228,59.237,95000000,1
1300675560000,1300675619000,59.237,59.237,59.207,59.207,164000000,1
1300675620000,1300675679000,59.208,59.232,59.202,59.228,86000000,1
1300675680000,1300675739000,59.228,59.235,59.221,59.235,50000000,1
1300675740000,1300675799000,59.235,59.242,59.229,59.232,32000000,1
1300675800000,1300675859000,59.236,59.247,59.236,59.241,68000000,1
1300675860000,1300675919000,59.244,59.258,59.241,59.251,34000000,1
1300675920000,1300675979000,59.252,59.26,59.244,59.26,101000000,1
1300675980000,1300676039000,59.26,59.264,59.244,59.263,62000000,1
1300676040000,1300676099000,59.257,59.264,59.257,59.263,12000000,1
1300676100000,1300676159000,59.264,59.296,59.262,59.296,58000000,1
1300676160000,1300676219000,59.296,59.296,59.262,59.263,64000000,1
1300676220000,1300676279000,59.267,59.287,59.267,59.27,27000000,1
1300676280000,1300676339000,59.272,59.276,59.272,59.276,5000000,1
1300676340000,1300676399000,59.276,59.284,59.275,59.279,25000000,1
1300676400000,1300676459000,59.278,59.278,59.274,59.274,8000000,1
1300676460000,1300676519000,59.274,59.285,59.268,59.276,65000000,1
1300676520000,1300676579000,59.276,59.277,59.259,59.277,44000000,1
1300676580000,1300676639000,59.277,59.279,59.272,59.275,22000000,1
1300676640000,1300676699000,59.274,59.274,59.274,59.274,2000000,1
1300676700000,1300676759000,59.269,59.274,59.269,59.274,10000000,1
1300676760000,1300676819000,59.275,59.275,59.272,59.272,14000000,1
1300676820000,1300676879000,59.274,59.295,59.274,59.295,38000000,1
1300676880000,1300676939000,59.294,59.299,59.286,59.29,39000000,1
1300676940000,1300676999000,59.292,59.292,59.277,59.278,23000000,1
1300677000000,1300677059000,59.277,59.277,59.264,59.269,51000000,1
1300677060000,1300677119000,59.269,59.298,59.269,59.295,69000000,1
1300677120000,1300677179000,59.295,59.295,59.284,59.291,24000000,1
1300677180000,1300677239000,59.292,59.292,59.267,59.267,62000000,1
1300677240000,1300677299000,59.267,59.281,59.267,59.277,73000000,1
1300677300000,1300677359000,59.277,59.277,59.254,59.258,119000000,1
1300677360000,1300677419000,59.258,59.269,59.257,59.268,103000000,1
1300677420000,1300677479000,59.269,59.269,59.256,59.265,50000000,1
1300677480000,1300677539000,59.262,59.27,59.249,59.258,74000000,1
1300677540000,1300677599000,59.258,59.267,59.253,59.267,37000000,1
1300677600000,1300677659000,59.267,59.267,59.267,59.267,3000000,1
1300677660000,1300677719000,59.267,59.275,59.267,59.272,16000000,1
1300677720000,1300677779000,59.272,59.279,59.27,59.27,24000000,1
1300677780000,1300677839000,59.268,59.276,59.268,59.276,11000000,1
1300677840000,1300677899000,59.269,59.294,59.269,59.282,47000000,1
1300677900000,1300677959000,59.282,59.294,59.267,59.277,54000000,1
1300677960000,1300678019000,59.28,59.287,59.275,59.28,20000000,1
1300678020000,1300678079000,59.281,59.289,59.28,59.281,22000000,1
1300678080000,1300678139000,59.285,59.285,59.281,59.281,18000000,1
1300678140000,1300678199000,59.281,59.285,59.28,59.283,24000000,1
1300678200000,1300678259000,59.28,59.286,59.28,59.286,22000000,1
1300678260000,1300678319000,59.286,59.29,59.28,59.289,28000000,1
1300678320000,1300678379000,59.289,59.289,59.282,59.288,14000000,1
1300678380000,1300678439000,59.288,59.288,59.282,59.284,19000000,1
1300678440000,1300678499000,59.283,59.291,59.279,59.29,35000000,1
1300678500000,1300678559000,59.291,59.307,59.288,59.295,62000000,1
1300678560000,1300678619000,59.294,59.299,59.28,59.29,66000000,1
1300678620000,1300678679000,59.291,59.301,59.276,59.284,87000000,1
1300678680000,1300678739000,59.284,59.306,59.28,59.299,124000000,1
1300678740000,1300678799000,59.299,59.312,59.291,59.312,101000000,1
1300678800000,1300678859000,59.312,59.32,59.301,59.301,101000000,1
1300678860000,1300678919000,59.301,59.309,59.299,59.308,130000000,1
1300678920000,1300678979000,59.308,59.317,59.308,59.31,44000000,1
1300678980000,1300679039000,59.309,59.317,59.305,59.31,106000000,1
1300679040000,1300679099000,59.309,59.322,59.302,59.322,89000000,1
1300679100000,1300679159000,59.322,59.326,59.309,59.319,33000000,1
1300679160000,1300679219000,59.324,59.348,59.312,59.348,86000000,1
1300679220000,1300679279000,59.349,59.355,59.329,59.344,125000000,1
1300679280000,1300679339000,59.344,59.351,59.334,59.334,122000000,1
1300679340000,1300679399000,59.335,59.346,59.309,59.314,165000000,1
1300679400000,1300679459000,59.314,59.328,59.314,59.32,75000000,1
1300679460000,1300679519000,59.32,59.328,59.315,59.318,42000000,1
1300679520000,1300679579000,59.322,59.337,59.317,59.326,146000000,1
1300679580000,1300679639000,59.327,59.333,59.308,59.328,99000000,1
1300679640000,1300679699000,59.328,59.328,59.318,59.318,43000000,1
1300679700000,1300679759000,59.318,59.332,59.318,59.318,74000000,1
1300679760000,1300679819000,59.317,59.322,59.309,59.31,73000000,1
1300679820000,1300679879000,59.31,59.319,59.309,59.31,34000000,1
1300679880000,1300679939000,59.312,59.312,59.305,59.311,32000000,1
1300679940000,1300679999000,59.311,59.327,59.308,59.308,90000000,1
1300680000000,1300680059000,59.308,59.328,59.308,59.32,46000000,1
1300680060000,1300680119000,59.317,59.328,59.309,59.328,44000000,1
1300680120000,1300680179000,59.326,59.326,59.318,59.319,19000000,1
1300680180000,1300680239000,59.32,59.323,59.311,59.322,70000000,1
1300680240000,1300680299000,59.322,59.325,59.318,59.32,50000000,1
1300680300000,1300680359000,59.32,59.324,59.304,59.318,60000000,1
1300680360000,1300680419000,59.317,59.34,59.312,59.332,95000000,1
1300680420000,1300680479000,59.333,59.338,59.327,59.332,56000000,1
1300680480000,1300680539000,59.331,59.338,59.319,59.338,74000000,1
1300680540000,1300680599000,59.337,59.338,59.331,59.338,22000000,1
1300680600000,1300680659000,59.338,59.348,59.336,59.341,52000000,1
1300680660000,1300680719000,59.341,59.341,59.333,59.336,30000000,1
1300680720000,1300680779000,59.29,59.342,59.29,59.329,13000000,1
1300680780000,1300680839000,59.328,59.341,59.328,59.339,23000000,1
1300680840000,1300680899000,59.339,59.35,59.339,59.342,34000000,1
1300680900000,1300680959000,59.341,59.344,59.339,59.344,23000000,1
1300680960000,1300681019000,59.344,59.344,59.339,59.343,8000000,1
1300681020000,1300681079000,59.343,59.344,59.341,59.343,20000000,1
1300681080000,1300681139000,59.341,59.341,59.33,59.332,36000000,1
1300681140000,1300681199000,59.328,59.329,59.327,59.328,22000000,1
1300681200000,1300681259000,59.328,59.342,59.327,59.339,32000000,1
1300681260000,1300681319000,59.342,59.342,59.328,59.331,66000000,1
1300681320000,1300681379000,59.332,59.341,59.332,59.341,48000000,1
1300681380000,1300681439000,59.343,59.353,59.337,59.353,35000000,1
1300681440000,1300681499000,59.352,59.353,59.35,59.353,14000000,1
1300681500000,1300681559000,59.344,59.35,59.338,59.343,16000000,1
1300681560000,1300681619000,59.348,59.352,59.348,59.351,10000000,1
1300681620000,1300681679000,59.348,59.352,59.348,59.352,7000000,1
1300681680000,1300681739000,59.349,59.35,59.334,59.342,27000000,1
1300681740000,1300681799000,59.342,59.347,59.342,59.346,12000000,1
1300681800000,1300681859000,59.347,59.351,59.337,59.345,39000000,1
1300681860000,1300681919000,59.337,59.35,59.337,59.35,16000000,1
1300681920000,1300681979000,59.35,59.35,59.347,59.347,10000000,1
1300681980000,1300682039000,59.347,59.347,59.34,59.341,9000000,1
1300682040000,1300682099000,59.34,59.343,59.34,59.343,15000000,1
1300682100000,1300682159000,59.344,59.344,59.34,59.34,19000000,1
1300682160000,1300682219000,59.343,59.343,59.339,59.339,15000000,1
1300682220000,1300682279000,59.339,59.35,59.337,59.35,46000000,1
1300682280000,1300682339000,59.351,59.351,59.347,59.35,33000000,1
1300682340000,1300682399000,59.35,59.35,59.344,59.344,15000000,1
1300682400000,1300682459000,59.345,59.349,59.345,59.349,10000000,1
1300682460000,1300682519000,59.347,59.365,59.347,59.357,16000000,1
1300682520000,1300682579000,59.356,59.373,59.356,59.369,52000000,1
1300682580000,1300682639000,59.369,59.369,59.364,59.364,7000000,1
1300682640000,1300682699000,59.364,59.369,59.358,59.369,27000000,1
1300682700000,1300682759000,59.369,59.389,59.365,59.382,48000000,1
1300682760000,1300682819000,59.384,59.436,59.384,59.423,100000000,1
1300682820000,1300682879000,59.422,59.425,59.412,59.417,52000000,1
1300682880000,1300682939000,59.417,59.417,59.389,59.397,47000000,1
1300682940000,1300682999000,59.395,59.395,59.388,59.391,18000000,1
1300683000000,1300683059000,59.391,59.391,59.374,59.38,27000000,1
1300683060000,1300683119000,59.38,59.385,59.38,59.385,12000000,1
1300683120000,1300683179000,59.385,59.385,59.378,59.378,13000000,1
1300683180000,1300683239000,59.376,59.378,59.376,59.378,7000000,1
1300683240000,1300683299000,59.379,59.397,59.379,59.381,44000000,1
1300683300000,1300683359000,59.379,59.379,59.367,59.367,18000000,1
1300683360000,1300683419000,59.367,59.372,59.363,59.372,15000000,1
1300683420000,1300683479000,59.374,59.375,59.374,59.375,3000000,1
1300683480000,1300683539000,59.376,59.376,59.366,59.366,20000000,1
1300683540000,1300683599000,59.369,59.383,59.352,59.383,68000000,1
1300683600000,1300683659000,59.383,59.386,59.367,59.367,55000000,1
1300683660000,1300683719000,59.367,59.385,59.367,59.381,27000000,1
1300683720000,1300683779000,59.381,59.381,59.377,59.377,14000000,1
1300683780000,1300683839000,59.377,59.382,59.371,59.372,27000000,1
1300683840000,1300683899000,59.375,59.377,59.371,59.376,17000000,1
1300683900000,1300683959000,59.376,59.378,59.376,59.377,5000000,1
1300683960000,1300684019000,59.377,59.381,59.367,59.381,13000000,1
1300684020000,1300684079000,59.378,59.378,59.377,59.377,5000000,1
1300684080000,1300684139000,59.377,59.384,59.371,59.382,35000000,1
1300684140000,1300684199000,59.382,59.386,59.382,59.385,13000000,1
1300684200000,1300684259000,59.385,59.398,59.376,59.383,60000000,1
1300684260000,1300684319000,59.383,59.384,59.379,59.383,32000000,1
1300684320000,1300684379000,59.385,59.385,59.377,59.381,43000000,1
1300684380000,1300684439000,59.384,59.385,59.378,59.378,22000000,1
1300684440000,1300684499000,59.378,59.378,59.365,59.368,16000000,1
1300684500000,1300684559000,59.368,59.392,59.368,59.392,15000000,1
1300684560000,1300684619000,59.393,59.411,59.392,59.393,39000000,1
1300684620000,1300684679000,59.389,59.392,59.387,59.387,9000000,1
1300684680000,1300684739000,59.388,59.388,59.388,59.388,4000000,1
1300684740000,1300684799000,59.388,59.393,59.388,59.39,23000000,1
1300684800000,1300684859000,59.386,59.391,59.386,59.391,8000000,1
1300684860000,1300684919000,59.387,59.389,59.387,59.389,3000000,1
1300684920000,1300684979000,59.39,59.392,59.386,59.392,18000000,1
1300684980000,1300685039000,59.391,59.403,59.381,59.4,49000000,1
1300685040000,1300685099000,59.4,59.4,59.391,59.4,31000000,1
1300685100000,1300685159000,59.402,59.402,59.397,59.398,13000000,1
1300685160000,1300685219000,59.399,59.4,59.382,59.389,81000000,1
1300685220000,1300685279000,59.389,59.391,59.374,59.384,70000000,1
1300685280000,1300685339000,59.383,59.391,59.383,59.387,53000000,1
1300685340000,1300685399000,59.385,59.408,59.384,59.394,68000000,1
1300685400000,1300685459000,59.396,59.41,59.393,59.393,44000000,1
1300685460000,1300685519000,59.394,59.402,59.392,59.392,33000000,1
1300685520000,1300685579000,59.393,59.394,59.391,59.392,38000000,1
1300685580000,1300685639000,59.391,59.395,59.371,59.371,36000000,1
1300685640000,1300685699000,59.371,59.372,59.367,59.37,22000000,1
1300685700000,1300685759000,59.37,59.374,59.365,59.367,42000000,1
1300685760000,1300685819000,59.365,59.371,59.364,59.371,47000000,1
1300685820000,1300685879000,59.371,59.372,59.367,59.368,27000000,1
1300685880000,1300685939000,59.366,59.372,59.366,59.372,18000000,1
1300685940000,1300685999000,59.373,59.379,59.37,59.377,37000000,1
1300686000000,1300686059000,59.375,59.387,59.375,59.387,19000000,1
1300686060000,1300686119000,59.387,59.39,59.385,59.386,15000000,1
1300686120000,1300686179000,59.378,59.388,59.378,59.386,9000000,1
1300686180000,1300686239000,59.388,59.388,59.382,59.382,9000000,1
1300686240000,1300686299000,59.382,59.382,59.367,59.374,19000000,1
1300686300000,1300686359000,59.369,59.4,59.369,59.4,37000000,1
1300686360000,1300686419000,59.4,59.407,59.387,59.387,62000000,1
1300686420000,1300686479000,59.388,59.394,59.383,59.383,34000000,1
1300686480000,1300686539000,59.384,59.388,59.371,59.385,126000000,1
1300686540000,1300686599000,59.384,59.396,59.378,59.388,63000000,1
1300686600000,1300686659000,59.388,59.4,59.383,59.383,32000000,1
1300686660000,1300686719000,59.383,59.387,59.378,59.38,29000000,1
1300686720000,1300686779000,59.377,59.383,59.359,59.359,48000000,1
1300686780000,1300686839000,59.357,59.363,59.356,59.362,77000000,1
1300686840000,1300686899000,59.362,59.368,59.358,59.362,34000000,1
1300686900000,1300686959000,59.362,59.364,59.35,59.354,44000000,1
1300686960000,1300687019000,59.351,59.357,59.349,59.353,32000000,1
1300687020000,1300687079000,59.353,59.39,59.353,59.38,67000000,1
1300687080000,1300687139000,59.382,59.401,59.382,59.4,37000000,1
1300687140000,1300687199000,59.402,59.406,59.36,59.368,90000000,1
1300687200000,1300687259000,59.368,59.368,59.348,59.363,125000000,1
1300687260000,1300687319000,59.364,59.372,59.346,59.355,91000000,1
1300687320000,1300687379000,59.355,59.367,59.342,59.353,56000000,1
1300687380000,1300687439000,59.352,59.368,59.348,59.362,89000000,1
1300687440000,1300687499000,59.363,59.365,59.358,59.362,33000000,1
1300687500000,1300687559000,59.362,59.38,59.362,59.372,91000000,1
1300687560000,1300687619000,59.372,59.372,59.352,59.352,32000000,1
1300687620000,1300687679000,59.352,59.367,59.349,59.363,91000000,1
1300687680000,1300687739000,59.363,59.378,59.349,59.375,64000000,1
1300687740000,1300687799000,59.375,59.385,59.368,59.372,38000000,1
1300687800000,1300687859000,59.38,59.386,59.372,59.383,32000000,1
1300687860000,1300687919000,59.383,59.386,59.377,59.385,24000000,1
1300687920000,1300687979000,59.385,59.385,59.385,59.385,3000000,1
1300687980000,1300688039000,59.385,59.386,59.371,59.371,27000000,1
1300688040000,1300688099000,59.37,59.375,59.37,59.37,19000000,1
1300688100000,1300688159000,59.37,59.373,59.368,59.371,48000000,1
1300688160000,1300688219000,59.371,59.371,59.369,59.37,13000000,1
1300688220000,1300688279000,59.371,59.371,59.37,59.371,11000000,1
1300688280000,1300688339000,59.369,59.382,59.369,59.382,17000000,1
1300688340000,1300688399000,59.382,59.382,59.377,59.377,13000000,1
1300688400000,1300688459000,59.376,59.377,59.362,59.367,41000000,1
1300688460000,1300688519000,59.367,59.374,59.367,59.368,38000000,1
1300688520000,1300688579000,59.368,59.373,59.367,59.373,31000000,1
1300688580000,1300688639000,59.371,59.371,59.366,59.37,16000000,1
1300688640000,1300688699000,59.37,59.389,59.37,59.384,33000000,1
1300688700000,1300688759000,59.384,59.384,59.372,59.372,19000000,1
1300688760000,1300688819000,59.372,59.374,59.371,59.374,9000000,1
1300688820000,1300688879000,59.374,59.375,59.367,59.372,30000000,1
1300688880000,1300688939000,59.372,59.376,59.364,59.369,20000000,1
1300688940000,1300688999000,59.37,59.399,59.37,59.388,104000000,1
1300689000000,1300689059000,59.388,59.397,59.378,59.392,45000000,1
1300689060000,1300689119000,59.392,59.392,59.375,59.375,20000000,1
1300689120000,1300689179000,59.387,59.387,59.375,59.378,8000000,1
1300689180000,1300689239000,59.377,59.382,59.366,59.366,18000000,1
1300689240000,1300689299000,59.362,59.367,59.36,59.362,30000000,1
1300689300000,1300689359000,59.377,59.388,59.37,59.372,53000000,1
1300689360000,1300689419000,59.368,59.369,59.353,59.353,23000000,1
1300689420000,1300689479000,59.354,59.377,59.35,59.377,48000000,1
1300689480000,1300689539000,59.378,59.384,59.376,59.381,36000000,1
1300689540000,1300689599000,59.381,59.387,59.38,59.387,25000000,1
1300689600000,1300689659000,59.383,59.383,59.376,59.376,31000000,1
1300689660000,1300689719000,59.376,59.379,59.366,59.366,27000000,1
1300689720000,1300689779000,59.366,59.366,59.366,59.366,4000000,1
1300689780000,1300689839000,59.367,59.367,59.363,59.365,12000000,1
1300689840000,1300689899000,59.365,59.369,59.363,59.365,22000000,1
1300689900000,1300689959000,59.367,59.369,59.365,59.369,18000000,1
1300689960000,1300690019000,59.369,59.369,59.353,59.353,28000000,1
1300690020000,1300690079000,59.353,59.355,59.337,59.343,73000000,1
1300690080000,1300690139000,59.341,59.344,59.337,59.337,18000000,1
1300690140000,1300690199000,59.337,59.372,59.337,59.351,153000000,1
1300690200000,1300690259000,59.35,59.35,59.337,59.34,46000000,1
1300690260000,1300690319000,59.337,59.337,59.275,59.282,137000000,1
1300690320000,1300690379000,59.281,59.282,59.257,59.257,93000000,1
1300690380000,1300690439000,59.258,59.258,59.25,59.253,59000000,1
1300690440000,1300690499000,59.251,59.258,59.251,59.253,76000000,1
1300690500000,1300690559000,59.256,59.284,59.256,59.28,47000000,1
1300690560000,1300690619000,59.28,59.286,59.276,59.285,46000000,1
1300690620000,1300690679000,59.288,59.335,59.288,59.335,55000000,1
1300690680000,1300690739000,59.334,59.335,59.316,59.327,148000000,1
1300690740000,1300690799000,59.327,59.353,59.32,59.346,104000000,1
1300690800000,1300690859000,59.347,59.359,59.323,59.328,74000000,1
1300690860000,1300690919000,59.331,59.348,59.329,59.342,38000000,1
1300690920000,1300690979000,59.342,59.349,59.342,59.348,32000000,1
1300690980000,1300691039000,59.348,59.348,59.337,59.338,32000000,1
1300691040000,1300691099000,59.339,59.361,59.338,59.358,99000000,1
1300691100000,1300691159000,59.358,59.366,59.357,59.366,35000000,1
1300691160000,1300691219000,59.358,59.362,59.343,59.353,110000000,1
1300691220000,1300691279000,59.355,59.366,59.343,59.343,51000000,1
1300691280000,1300691339000,59.343,59.36,59.343,59.36,46000000,1
1300691340000,1300691399000,59.36,59.372,59.356,59.364,88000000,1
1300691400000,1300691459000,59.365,59.372,59.34,59.346,95000000,1
1300691460000,1300691519000,59.346,59.346,59.318,59.326,87000000,1
1300691520000,1300691579000,59.326,59.331,59.326,59.331,20000000,1
1300691580000,1300691639000,59.328,59.335,59.306,59.319,91000000,1
1300691640000,1300691699000,59.321,59.339,59.321,59.331,68000000,1
1300691700000,1300691759000,59.34,59.344,59.331,59.337,92000000,1
1300691760000,1300691819000,59.337,59.338,59.309,59.323,67000000,1
1300691820000,1300691879000,59.323,59.327,59.32,59.323,46000000,1
1300691880000,1300691939000,59.322,59.329,59.314,59.328,66000000,1
1300691940000,1300691999000,59.326,59.337,59.326,59.329,48000000,1
1300692000000,1300692059000,59.333,59.337,59.333,59.337,8000000,1
1300692060000,1300692119000,59.337,59.337,59.326,59.326,25000000,1
1300692120000,1300692179000,59.326,59.336,59.306,59.306,65000000,1
1300692180000,1300692239000,59.306,59.339,59.306,59.336,82000000,1
1300692240000,1300692299000,59.331,59.362,59.327,59.36,59000000,1
1300692300000,1300692359000,59.358,59.371,59.339,59.366,134000000,1
1300692360000,1300692419000,59.366,59.375,59.362,59.363,74000000,1
1300692420000,1300692479000,59.363,59.38,59.357,59.375,125000000,1
1300692480000,1300692539000,59.375,59.385,59.374,59.385,55000000,1
1300692540000,1300692599000,59.385,59.389,59.373,59.383,63000000,1
1300692600000,1300692659000,59.383,59.392,59.368,59.378,70000000,1
1300692660000,1300692719000,59.379,59.396,59.366,59.373,140000000,1
1300692720000,1300692779000,59.376,59.386,59.356,59.386,115000000,1
1300692780000,1300692839000,59.386,59.399,59.379,59.386,133000000,1
1300692840000,1300692899000,59.386,59.386,59.357,59.38,178000000,1
1300692900000,1300692959000,59.378,59.389,59.358,59.377,224000000,1
1300692960000,1300693019000,59.377,59.396,59.367,59.39,219000000,1
1300693020000,1300693079000,59.393,59.407,59.39,59.398,155000000,1
1300693080000,1300693139000,59.399,59.427,59.397,59.427,174000000,1
1300693140000,1300693199000,59.428,59.447,59.428,59.438,199000000,1
1300693200000,1300693259000,59.438,59.479,59.438,59.461,173000000,1
1300693260000,1300693319000,59.458,59.468,59.449,59.464,197000000,1
1300693320000,1300693379000,59.463,59.473,59.457,59.459,94000000,1
1300693380000,1300693439000,59.465,59.468,59.448,59.46,128000000,1
1300693440000,1300693499000,59.459,59.477,59.458,59.466,211000000,1
1300693500000,1300693559000,59.466,59.478,59.459,59.476,83000000,1
1300693560000,1300693619000,59.476,59.497,59.461,59.497,96000000,1
1300693620000,1300693679000,59.497,59.543,59.497,59.527,233000000,1
1300693680000,1300693739000,59.527,59.554,59.527,59.529,229000000,1
1300693740000,1300693799000,59.528,59.547,59.528,59.547,157000000,1
1300693800000,1300693859000,59.547,59.567,59.537,59.548,175000000,1
1300693860000,1300693919000,59.548,59.548,59.534,59.537,49000000,1
1300693920000,1300693979000,59.536,59.548,59.536,59.548,50000000,1
1300693980000,1300694039000,59.544,59.554,59.544,59.551,86000000,1
1300694040000,1300694099000,59.551,59.576,59.551,59.576,112000000,1
1300694100000,1300694159000,59.576,59.577,59.557,59.577,122000000,1
1300694160000,1300694219000,59.585,59.586,59.562,59.568,127000000,1
1300694220000,1300694279000,59.566,59.566,59.546,59.546,115000000,1
1300694280000,1300694339000,59.546,59.547,59.527,59.527,128000000,1
1300694340000,1300694399000,59.527,59.527,59.491,59.492,167000000,1
1300694400000,1300694459000,59.496,59.502,59.406,59.406,185000000,1
1300694460000,1300694519000,59.407,59.427,59.391,59.395,203000000,1
1300694520000,1300694579000,59.395,59.418,59.386,59.417,192000000,1
1300694580000,1300694639000,59.417,59.417,59.397,59.397,100000000,1
1300694640000,1300694699000,59.401,59.417,59.396,59.406,82000000,1
1300694700000,1300694759000,59.407,59.407,59.386,59.386,63000000,1
1300694760000,1300694819000,59.387,59.387,59.367,59.367,153000000,1
1300694820000,1300694879000,59.367,59.367,59.347,59.348,128000000,1
1300694880000,1300694939000,59.348,59.366,59.339,59.366,100000000,1
1300694940000,1300694999000,59.367,59.428,59.367,59.428,196000000,1
1300695000000,1300695059000,59.428,59.428,59.397,59.398,100000000,1
1300695060000,1300695119000,59.398,59.417,59.398,59.41,103000000,1
1300695120000,1300695179000,59.408,59.408,59.377,59.377,74000000,1
1300695180000,1300695239000,59.377,59.388,59.377,59.388,109000000,1
1300695240000,1300695299000,59.387,59.427,59.387,59.427,61000000,1
1300695300000,1300695359000,59.427,59.462,59.416,59.457,85000000,1
1300695360000,1300695419000,59.46,59.473,59.457,59.472,57000000,1
1300695420000,1300695479000,59.47,59.493,59.47,59.493,55000000,1
1300695480000,1300695539000,59.496,59.502,59.476,59.476,110000000,1
1300695540000,1300695599000,59.476,59.484,59.454,59.473,142000000,1
1300695600000,1300695659000,59.473,59.49,59.467,59.488,124000000,1
1300695660000,1300695719000,59.487,59.498,59.486,59.496,26000000,1
1300695720000,1300695779000,59.496,59.507,59.488,59.496,101000000,1
1300695780000,1300695839000,59.501,59.517,59.497,59.51,116000000,1
1300695840000,1300695899000,59.513,59.513,59.498,59.5,97000000,1
1300695900000,1300695959000,59.502,59.52,59.499,59.519,76000000,1
1300695960000,1300696019000,59.518,59.54,59.514,59.53,120000000,1
1300696020000,1300696079000,59.529,59.551,59.52,59.536,161000000,1
1300696080000,1300696139000,59.535,59.555,59.528,59.541,279000000,1
1300696140000,1300696199000,59.541,59.572,59.535,59.562,241000000,1
1300696200000,1300696259000,59.562,59.582,59.546,59.56,325000000,1
1300696260000,1300696319000,59.561,59.575,59.547,59.557,300000000,1
1300696320000,1300696379000,59.563,59.574,59.548,59.553,284000000,1
1300696380000,1300696439000,59.553,59.553,59.529,59.529,103000000,1
1300696440000,1300696499000,59.529,59.538,59.52,59.531,63000000,1
1300696500000,1300696559000,59.531,59.532,59.488,59.488,97000000,1
1300696560000,1300696619000,59.488,59.494,59.461,59.461,124000000,1
1300696620000,1300696679000,59.461,59.461,59.44,59.44,80000000,1
1300696680000,1300696739000,59.442,59.503,59.442,59.503,102000000,1
1300696740000,1300696799000,59.5,59.5,59.497,59.498,65000000,1
1300696800000,1300696859000,59.499,59.51,59.499,59.508,51000000,1
1300696860000,1300696919000,59.508,59.509,59.506,59.509,42000000,1
1300696920000,1300696979000,59.509,59.521,59.501,59.509,103000000,1
1300696980000,1300697039000,59.511,59.53,59.509,59.526,62000000,1
1300697040000,1300697099000,59.526,59.526,59.512,59.52,51000000,1
1300697100000,1300697159000,59.518,59.519,59.508,59.512,31000000,1
1300697160000,1300697219000,59.512,59.516,59.492,59.496,81000000,1
1300697220000,1300697279000,59.497,59.526,59.497,59.525,47000000,1
1300697280000,1300697339000,59.532,59.569,59.526,59.559,236000000,1
1300697340000,1300697399000,59.559,59.579,59.547,59.566,221000000,1
1300697400000,1300697459000,59.562,59.574,59.547,59.552,142000000,1
1300697460000,1300697519000,59.552,59.557,59.547,59.557,74000000,1
1300697520000,1300697579000,59.549,59.55,59.521,59.531,123000000,1
1300697580000,1300697639000,59.531,59.535,59.52,59.528,68000000,1
1300697640000,1300697699000,59.531,59.534,59.521,59.521,49000000,1
1300697700000,1300697759000,59.523,59.531,59.517,59.523,110000000,1
1300697760000,1300697819000,59.523,59.529,59.517,59.529,43000000,1
1300697820000,1300697879000,59.529,59.529,59.512,59.52,76000000,1
1300697880000,1300697939000,59.521,59.522,59.517,59.518,58000000,1
1300697940000,1300697999000,59.516,59.516,59.51,59.511,37000000,1
1300698000000,1300698059000,59.512,59.529,59.512,59.527,75000000,1
1300698060000,1300698119000,59.526,59.527,59.522,59.527,32000000,1
1300698120000,1300698179000,59.522,59.549,59.522,59.543,93000000,1
1300698180000,1300698239000,59.544,59.544,59.532,59.537,99000000,1
1300698240000,1300698299000,59.537,59.555,59.534,59.551,59000000,1
1300698300000,1300698359000,59.551,59.551,59.538,59.551,124000000,1
1300698360000,1300698419000,59.55,59.555,59.539,59.555,113000000,1
1300698420000,1300698479000,59.552,59.565,59.542,59.558,195000000,1
1300698480000,1300698539000,59.558,59.558,59.537,59.547,147000000,1
1300698540000,1300698599000,59.548,59.548,59.536,59.538,97000000,1
1300698600000,1300698659000,59.538,59.541,59.531,59.538,59000000,1
1300698660000,1300698719000,59.536,59.536,59.527,59.527,54000000,1
1300698720000,1300698779000,59.527,59.531,59.526,59.527,69000000,1
1300698780000,1300698839000,59.527,59.532,59.526,59.532,24000000,1
1300698840000,1300698899000,59.532,59.534,59.528,59.531,42000000,1
1300698900000,1300698959000,59.53,59.538,59.53,59.531,27000000,1
1300698960000,1300699019000,59.531,59.538,59.527,59.527,65000000,1
1300699020000,1300699079000,59.527,59.527,59.497,59.506,72000000,1
1300699080000,1300699139000,59.507,59.507,59.477,59.483,85000000,1
1300699140000,1300699199000,59.48,59.481,59.458,59.477,117000000,1
1300699200000,1300699259000,59.477,59.48,59.462,59.463,92000000,1
1300699260000,1300699319000,59.463,59.486,59.46,59.486,76000000,1
1300699320000,1300699379000,59.486,59.534,59.486,59.521,118000000,1
1300699380000,1300699439000,59.521,59.522,59.507,59.507,69000000,1
1300699440000,1300699499000,59.507,59.507,59.502,59.505,34000000,1
1300699500000,1300699559000,59.505,59.508,59.498,59.502,68000000,1
1300699560000,1300699619000,59.498,59.562,59.498,59.546,118000000,1
1300699620000,1300699679000,59.537,59.553,59.528,59.542,68000000,1
1300699680000,1300699739000,59.538,59.551,59.537,59.546,190000000,1
1300699740000,1300699799000,59.546,59.583,59.546,59.578,140000000,1
1300699800000,1300699859000,59.576,59.588,59.567,59.577,121000000,1
1300699860000,1300699919000,59.586,59.627,59.586,59.627,129000000,1
1300699920000,1300699979000,59.627,59.627,59.614,59.616,132000000,1
1300699980000,1300700039000,59.617,59.627,59.588,59.593,176000000,1
1300700040000,1300700099000,59.593,59.599,59.572,59.595,161000000,1
1300700100000,1300700159000,59.598,59.626,59.587,59.592,228000000,1
1300700160000,1300700219000,59.592,59.608,59.589,59.602,95000000,1
1300700220000,1300700279000,59.599,59.634,59.588,59.63,152000000,1
1300700280000,1300700339000,59.629,59.638,59.619,59.63,93000000,1
1300700340000,1300700399000,59.63,59.638,59.615,59.617,94000000,1
1300700400000,1300700459000,59.617,59.642,59.617,59.63,53000000,1
1300700460000,1300700519000,59.63,59.63,59.597,59.597,126000000,1
1300700520000,1300700579000,59.597,59.607,59.588,59.607,57000000,1
1300700580000,1300700639000,59.608,59.62,59.608,59.617,60000000,1
1300700640000,1300700699000,59.613,59.663,59.613,59.654,135000000,1
1300700700000,1300700759000,59.663,59.699,59.653,59.657,185000000,1
1300700760000,1300700819000,59.657,59.658,59.647,59.658,55000000,1
1300700820000,1300700879000,59.658,59.67,59.647,59.649,86000000,1
1300700880000,1300700939000,59.646,59.651,59.629,59.629,90000000,1
1300700940000,1300700999000,59.629,59.641,59.614,59.627,78000000,1
1300701000000,1300701059000,59.622,59.649,59.622,59.649,82000000,1
1300701060000,1300701119000,59.649,59.649,59.637,59.648,72000000,1
1300701120000,1300701179000,59.648,59.683,59.648,59.671,103000000,1
1300701180000,1300701239000,59.671,59.677,59.66,59.669,71000000,1
1300701240000,1300701299000,59.669,59.675,59.667,59.667,80000000,1
1300701300000,1300701359000,59.667,59.678,59.641,59.647,110000000,1
1300701360000,1300701419000,59.643,59.673,59.643,59.673,90000000,1
1300701420000,1300701479000,59.673,59.694,59.668,59.677,104000000,1
1300701480000,1300701539000,59.677,59.697,59.671,59.691,147000000,1
1300701540000,1300701599000,59.688,59.701,59.655,59.701,170000000,1
1300701600000,1300701659000,59.699,59.702,59.668,59.671,149000000,1
1300701660000,1300701719000,59.67,59.69,59.668,59.687,96000000,1
1300701720000,1300701779000,59.687,59.701,59.676,59.698,99000000,1
1300701780000,1300701839000,59.697,59.705,59.691,59.703,146000000,1
1300701840000,1300701899000,59.704,59.704,59.662,59.669,125000000,1
1300701900000,1300701959000,59.669,59.678,59.669,59.678,19000000,1
1300701960000,1300702019000,59.68,59.68,59.677,59.678,43000000,1
1300702020000,1300702079000,59.678,59.685,59.677,59.681,67000000,1
1300702080000,1300702139000,59.681,59.692,59.678,59.68,51000000,1
1300702140000,1300702199000,59.684,59.684,59.667,59.667,22000000,1
1300702200000,1300702259000,59.668,59.69,59.653,59.69,117000000,1
1300702260000,1300702319000,59.69,59.702,59.676,59.685,84000000,1
1300702320000,1300702379000,59.689,59.698,59.686,59.69,19000000,1
1300702380000,1300702439000,59.693,59.693,59.678,59.68,47000000,1
1300702440000,1300702499000,59.681,59.689,59.677,59.68,42000000,1
1300702500000,1300702559000,59.68,59.684,59.68,59.684,14000000,1
1300702560000,1300702619000,59.686,59.713,59.686,59.7,50000000,1
1300702620000,1300702679000,59.698,59.707,59.687,59.687,57000000,1
1300702680000,1300702739000,59.692,59.718,59.679,59.691,117000000,1
1300702740000,1300702799000,59.694,59.728,59.694,59.717,89000000,1
1300702800000,1300702859000,59.717,59.734,59.717,59.732,65000000,1
1300702860000,1300702919000,59.73,59.749,59.727,59.747,95000000,1
1300702920000,1300702979000,59.741,59.758,59.737,59.757,74000000,1
1300702980000,1300703039000,59.757,59.771,59.752,59.763,79000000,1
1300703040000,1300703099000,59.767,59.789,59.767,59.786,69000000,1
1300703100000,1300703159000,59.787,59.795,59.783,59.788,68000000,1
1300703160000,1300703219000,59.788,59.801,59.787,59.797,88000000,1
1300703220000,1300703279000,59.794,59.794,59.757,59.759,103000000,1
1300703280000,1300703339000,59.756,59.771,59.751,59.757,146000000,1
1300703340000,1300703399000,59.758,59.77,59.757,59.758,128000000,1
1300703400000,1300703459000,59.758,59.761,59.756,59.756,82000000,1
1300703460000,1300703519000,59.757,59.759,59.747,59.751,71000000,1
1300703520000,1300703579000,59.756,59.756,59.751,59.751,36000000,1
1300703580000,1300703639000,59.751,59.751,59.737,59.745,51000000,1
1300703640000,1300703699000,59.744,59.747,59.739,59.74,27000000,1
1300703700000,1300703759000,59.74,59.757,59.74,59.748,50000000,1
1300703760000,1300703819000,59.749,59.749,59.718,59.719,113000000,1
1300703820000,1300703879000,59.722,59.73,59.722,59.727,21000000,1
1300703880000,1300703939000,59.726,59.736,59.718,59.723,45000000,1
1300703940000,1300703999000,59.727,59.728,59.72,59.721,30000000,1
1300704000000,1300704059000,59.719,59.722,59.718,59.718,30000000,1
1300704060000,1300704119000,59.718,59.723,59.718,59.718,46000000,1
1300704120000,1300704179000,59.719,59.724,59.718,59.718,57000000,1
1300704180000,1300704239000,59.718,59.727,59.718,59.721,23000000,1
1300704240000,1300704299000,59.726,59.727,59.713,59.718,61000000,1
1300704300000,1300704359000,59.716,59.716,59.702,59.702,52000000,1
1300704360000,1300704419000,59.706,59.718,59.706,59.718,50000000,1
1300704420000,1300704479000,59.718,59.724,59.712,59.72,75000000,1
1300704480000,1300704539000,59.719,59.719,59.697,59.697,52000000,1
1300704540000,1300704599000,59.697,59.707,59.693,59.706,55000000,1
1300704600000,1300704659000,59.707,59.752,59.707,59.749,125000000,1
1300704660000,1300704719000,59.747,59.757,59.73,59.73,139000000,1
1300704720000,1300704779000,59.729,59.733,59.713,59.729,86000000,1
1300704780000,1300704839000,59.737,59.737,59.733,59.733,23000000,1
1300704840000,1300704899000,59.733,59.744,59.719,59.72,109000000,1
1300704900000,1300704959000,59.721,59.721,59.717,59.717,33000000,1
1300704960000,1300705019000,59.717,59.721,59.711,59.711,48000000,1
1300705020000,1300705079000,59.711,59.711,59.701,59.709,51000000,1
1300705080000,1300705139000,59.717,59.717,59.716,59.716,25000000,1
1300705140000,1300705199000,59.716,59.722,59.703,59.703,70000000,1
1300705200000,1300705259000,59.705,59.751,59.705,59.751,98000000,1
1300705260000,1300705319000,59.751,59.775,59.751,59.769,59000000,1
1300705320000,1300705379000,59.768,59.777,59.766,59.772,61000000,1
1300705380000,1300705439000,59.776,59.786,59.769,59.778,71000000,1
1300705440000,1300705499000,59.783,59.783,59.757,59.759,76000000,1
1300705500000,1300705559000,59.765,59.787,59.762,59.787,45000000,1
1300705560000,1300705619000,59.787,59.79,59.766,59.788,154000000,1
1300705620000,1300705679000,59.79,59.808,59.786,59.803,128000000,1
1300705680000,1300705739000,59.803,59.809,59.8,59.801,45000000,1
1300705740000,1300705799000,59.801,59.807,59.797,59.801,51000000,1
1300705800000,1300705859000,59.801,59.801,59.797,59.798,49000000,1
1300705860000,1300705919000,59.798,59.8,59.798,59.8,29000000,1
1300705920000,1300705979000,59.799,59.799,59.767,59.776,85000000,1
1300705980000,1300706039000,59.775,59.777,59.766,59.771,63000000,1
1300706040000,1300706099000,59.77,59.771,59.759,59.769,123000000,1
1300706100000,1300706159000,59.77,59.774,59.761,59.768,77000000,1
1300706160000,1300706219000,59.771,59.791,59.759,59.772,123000000,1
1300706220000,1300706279000,59.772,59.787,59.772,59.778,61000000,1
1300706280000,1300706339000,59.779,59.779,59.769,59.773,44000000,1
1300706340000,1300706399000,59.769,59.772,59.761,59.761,36000000,1
1300706400000,1300706459000,59.761,59.761,59.751,59.757,55000000,1
1300706460000,1300706519000,59.756,59.762,59.751,59.762,19000000,1
1300706520000,1300706579000,59.762,59.774,59.758,59.761,87000000,1
1300706580000,1300706639000,59.762,59.763,59.742,59.742,98000000,1
1300706640000,1300706699000,59.74,59.752,59.735,59.749,82000000,1
1300706700000,1300706759000,59.748,59.751,59.747,59.751,29000000,1
1300706760000,1300706819000,59.751,59.756,59.748,59.755,23000000,1
1300706820000,1300706879000,59.755,59.768,59.755,59.768,38000000,1
1300706880000,1300706939000,59.771,59.771,59.752,59.756,65000000,1
1300706940000,1300706999000,59.758,59.759,59.751,59.751,38000000,1
1300707000000,1300707059000,59.75,59.75,59.738,59.739,24000000,1
1300707060000,1300707119000,59.739,59.748,59.739,59.741,91000000,1
1300707120000,1300707179000,59.741,59.742,59.737,59.742,102000000,1
1300707180000,1300707239000,59.742,59.753,59.715,59.726,158000000,1
1300707240000,1300707299000,59.72,59.722,59.681,59.69,286000000,1
1300707300000,1300707359000,59.69,59.728,59.688,59.718,205000000,1
1300707360000,1300707419000,59.719,59.729,59.719,59.728,66000000,1
1300707420000,1300707479000,59.728,59.73,59.717,59.717,43000000,1
1300707480000,1300707539000,59.716,59.716,59.697,59.698,75000000,1
1300707540000,1300707599000,59.698,59.7,59.691,59.694,66000000,1
1300707600000,1300707659000,59.693,59.694,59.693,59.693,85000000,1
1300707660000,1300707719000,59.693,59.701,59.693,59.699,100000000,1
1300707720000,1300707779000,59.701,59.712,59.693,59.694,83000000,1
1300707780000,1300707839000,59.693,59.703,59.693,59.7,80000000,1
1300707840000,1300707899000,59.703,59.704,59.693,59.696,31000000,1
1300707900000,1300707959000,59.696,59.718,59.695,59.707,99000000,1
1300707960000,1300708019000,59.707,59.712,59.697,59.697,92000000,1
1300708020000,1300708079000,59.697,59.698,59.693,59.694,58000000,1
1300708080000,1300708139000,59.694,59.694,59.671,59.687,144000000,1
1300708140000,1300708199000,59.687,59.698,59.687,59.698,42000000,1
1300708200000,1300708259000,59.698,59.7,59.698,59.698,17000000,1
1300708260000,1300708319000,59.698,59.7,59.668,59.67,116000000,1
1300708320000,1300708379000,59.67,59.677,59.651,59.658,69000000,1
1300708380000,1300708439000,59.658,59.658,59.628,59.647,204000000,1
1300708440000,1300708499000,59.647,59.647,59.624,59.63,70000000,1
1300708500000,1300708559000,59.627,59.643,59.622,59.642,95000000,1
1300708560000,1300708619000,59.648,59.658,59.642,59.657,74000000,1
1300708620000,1300708679000,59.657,59.669,59.657,59.669,59000000,1
1300708680000,1300708739000,59.671,59.674,59.663,59.668,49000000,1
1300708740000,1300708799000,59.668,59.688,59.664,59.688,85000000,1
1300708800000,1300708859000,59.688,59.688,59.662,59.662,67000000,1
1300708860000,1300708919000,59.667,59.688,59.658,59.686,130000000,1
1300708920000,1300708979000,59.681,59.685,59.678,59.678,53000000,1
1300708980000,1300709039000,59.678,59.678,59.651,59.652,58000000,1
1300709040000,1300709099000,59.652,59.677,59.652,59.667,90000000,1
1300709100000,1300709159000,59.668,59.682,59.668,59.678,85000000,1
1300709160000,1300709219000,59.678,59.696,59.678,59.696,52000000,1
1300709220000,1300709279000,59.697,59.708,59.693,59.697,80000000,1
1300709280000,1300709339000,59.697,59.711,59.697,59.704,78000000,1
1300709340000,1300709399000,59.708,59.728,59.698,59.718,56000000,1
1300709400000,1300709459000,59.717,59.733,59.717,59.722,97000000,1
1300709460000,1300709519000,59.721,59.722,59.708,59.72,70000000,1
1300709520000,1300709579000,59.719,59.72,59.718,59.718,23000000,1
1300709580000,1300709639000,59.718,59.736,59.718,59.718,62000000,1
1300709640000,1300709699000,59.72,59.721,59.717,59.717,32000000,1
1300709700000,1300709759000,59.717,59.728,59.717,59.727,97000000,1
1300709760000,1300709819000,59.727,59.729,59.717,59.727,83000000,1
1300709820000,1300709879000,59.727,59.728,59.726,59.726,25000000,1
1300709880000,1300709939000,59.726,59.726,59.708,59.708,69000000,1
1300709940000,1300709999000,59.699,59.701,59.669,59.669,127000000,1
1300710000000,1300710059000,59.671,59.688,59.646,59.658,239000000,1
1300710060000,1300710119000,59.658,59.689,59.65,59.688,218000000,1
1300710120000,1300710179000,59.687,59.688,59.648,59.658,158000000,1
1300710180000,1300710239000,59.657,59.658,59.64,59.652,133000000,1
1300710240000,1300710299000,59.654,59.654,59.6,59.618,237000000,1
1300710300000,1300710359000,59.618,59.658,59.6,59.652,229000000,1
1300710360000,1300710419000,59.648,59.659,59.638,59.639,138000000,1
1300710420000,1300710479000,59.637,59.638,59.617,59.628,75000000,1
1300710480000,1300710539000,59.629,59.638,59.62,59.632,55000000,1
1300710540000,1300710599000,59.632,59.653,59.628,59.653,51000000,1
1300710600000,1300710659000,59.647,59.661,59.647,59.659,53000000,1
1300710660000,1300710719000,59.66,59.66,59.605,59.623,114000000,1
1300710720000,1300710779000,59.624,59.625,59.597,59.597,117000000,1
1300710780000,1300710839000,59.598,59.6,59.582,59.598,93000000,1
1300710840000,1300710899000,59.598,59.612,59.596,59.607,94000000,1
1300710900000,1300710959000,59.609,59.622,59.605,59.606,63000000,1
1300710960000,1300711019000,59.607,59.617,59.598,59.598,55000000,1
1300711020000,1300711079000,59.603,59.619,59.599,59.619,59000000,1
1300711080000,1300711139000,59.618,59.628,59.618,59.627,36000000,1
1300711140000,1300711199000,59.624,59.632,59.606,59.606,88000000,1
1300711200000,1300711259000,59.608,59.613,59.577,59.587,204000000,1
1300711260000,1300711319000,59.587,59.587,59.547,59.57,126000000,1
1300711320000,1300711379000,59.576,59.599,59.563,59.591,119000000,1
1300711380000,1300711439000,59.59,59.601,59.583,59.601,46000000,1
1300711440000,1300711499000,59.601,59.603,59.585,59.585,47000000,1
1300711500000,1300711559000,59.586,59.592,59.576,59.582,54000000,1
1300711560000,1300711619000,59.579,59.579,59.564,59.569,44000000,1
1300711620000,1300711679000,59.572,59.572,59.536,59.559,111000000,1
1300711680000,1300711739000,59.56,59.561,59.536,59.556,97000000,1
1300711740000,1300711799000,59.556,59.556,59.507,59.518,180000000,1
1300711800000,1300711859000,59.518,59.547,59.517,59.547,85000000,1
1300711860000,1300711919000,59.549,59.569,59.548,59.548,76000000,1
1300711920000,1300711979000,59.543,59.557,59.541,59.548,48000000,1
1300711980000,1300712039000,59.547,59.548,59.537,59.547,47000000,1
1300712040000,1300712099000,59.539,59.547,59.521,59.527,55000000,1
1300712100000,1300712159000,59.527,59.528,59.527,59.527,9000000,1
1300712160000,1300712219000,59.527,59.538,59.522,59.529,56000000,1
1300712220000,1300712279000,59.537,59.537,59.529,59.531,18000000,1
1300712280000,1300712339000,59.533,59.533,59.518,59.532,60000000,1
1300712340000,1300712399000,59.531,59.548,59.529,59.547,48000000,1
1300712400000,1300712459000,59.548,59.558,59.548,59.558,54000000,1
1300712460000,1300712519000,59.557,59.568,59.547,59.548,49000000,1
1300712520000,1300712579000,59.548,59.559,59.537,59.559,123000000,1
1300712580000,1300712639000,59.556,59.574,59.556,59.574,45000000,1
1300712640000,1300712699000,59.573,59.585,59.573,59.578,52000000,1
1300712700000,1300712759000,59.579,59.588,59.564,59.575,63000000,1
1300712760000,1300712819000,59.576,59.578,59.567,59.578,64000000,1
1300712820000,1300712879000,59.574,59.578,59.565,59.568,58000000,1
1300712880000,1300712939000,59.572,59.588,59.572,59.587,43000000,1
1300712940000,1300712999000,59.59,59.593,59.587,59.593,35000000,1
1300713000000,1300713059000,59.593,59.599,59.587,59.599,85000000,1
1300713060000,1300713119000,59.599,59.599,59.588,59.588,55000000,1
1300713120000,1300713179000,59.588,59.594,59.586,59.593,74000000,1
1300713180000,1300713239000,59.592,59.598,59.587,59.587,28000000,1
1300713240000,1300713299000,59.587,59.628,59.587,59.627,135000000,1
1300713300000,1300713359000,59.626,59.648,59.617,59.648,119000000,1
1300713360000,1300713419000,59.65,59.65,59.64,59.648,96000000,1
1300713420000,1300713479000,59.646,59.652,59.636,59.639,75000000,1
1300713480000,1300713539000,59.64,59.646,59.634,59.636,65000000,1
1300713540000,1300713599000,59.634,59.641,59.617,59.628,127000000,1
1300713600000,1300713659000,59.627,59.632,59.612,59.629,77000000,1
1300713660000,1300713719000,59.628,59.629,59.62,59.627,32000000,1
1300713720000,1300713779000,59.624,59.629,59.624,59.624,37000000,1
1300713780000,1300713839000,59.627,59.638,59.624,59.638,45000000,1
1300713840000,1300713899000,59.638,59.648,59.618,59.641,64000000,1
1300713900000,1300713959000,59.646,59.648,59.627,59.648,98000000,1
1300713960000,1300714019000,59.643,59.648,59.615,59.639,122000000,1
1300714020000,1300714079000,59.644,59.648,59.633,59.639,54000000,1
1300714080000,1300714139000,59.639,59.651,59.638,59.648,65000000,1
1300714140000,1300714199000,59.644,59.653,59.626,59.643,72000000,1
1300714200000,1300714259000,59.631,59.715,59.631,59.676,303000000,1
1300714260000,1300714319000,59.67,59.727,59.658,59.69,329000000,1
1300714320000,1300714379000,59.688,59.689,59.586,59.597,307000000,1
1300714380000,1300714439000,59.598,59.676,59.598,59.668,394000000,1
1300714440000,1300714499000,59.668,59.719,59.661,59.661,291000000,1
1300714500000,1300714559000,59.658,59.7,59.656,59.671,251000000,1
1300714560000,1300714619000,59.677,59.702,59.646,59.649,191000000,1
1300714620000,1300714679000,59.657,59.677,59.648,59.667,150000000,1
1300714680000,1300714739000,59.672,59.688,59.666,59.676,175000000,1
1300714740000,1300714799000,59.677,59.71,59.662,59.701,210000000,1
1300714800000,1300714859000,59.696,59.702,59.672,59.693,169000000,1
1300714860000,1300714919000,59.688,59.727,59.686,59.7,176000000,1
1300714920000,1300714979000,59.707,59.707,59.687,59.696,98000000,1
1300714980000,1300715039000,59.696,59.721,59.686,59.707,118000000,1
1300715040000,1300715099000,59.707,59.736,59.706,59.713,166000000,1
1300715100000,1300715159000,59.715,59.747,59.715,59.747,83000000,1
1300715160000,1300715219000,59.747,59.747,59.676,59.677,97000000,1
1300715220000,1300715279000,59.679,59.726,59.679,59.717,105000000,1
1300715280000,1300715339000,59.717,59.717,59.686,59.701,63000000,1
1300715340000,1300715399000,59.707,59.72,59.707,59.717,69000000,1
1300715400000,1300715459000,59.717,59.719,59.698,59.698,115000000,1
1300715460000,1300715519000,59.703,59.718,59.696,59.696,127000000,1
1300715520000,1300715579000,59.697,59.707,59.678,59.678,82000000,1
1300715580000,1300715639000,59.678,59.686,59.673,59.676,48000000,1
1300715640000,1300715699000,59.681,59.687,59.676,59.686,45000000,1
1300715700000,1300715759000,59.678,59.697,59.678,59.697,30000000,1
1300715760000,1300715819000,59.697,59.717,59.688,59.717,68000000,1
1300715820000,1300715879000,59.717,59.721,59.708,59.717,91000000,1
1300715880000,1300715939000,59.716,59.727,59.713,59.716,62000000,1
1300715940000,1300715999000,59.722,59.726,59.708,59.726,69000000,1
1300716000000,1300716059000,59.726,59.739,59.692,59.717,231000000,1
1300716060000,1300716119000,59.717,59.72,59.687,59.698,189000000,1
1300716120000,1300716179000,59.697,59.697,59.657,59.657,101000000,1
1300716180000,1300716239000,59.656,59.728,59.656,59.728,153000000,1
1300716240000,1300716299000,59.727,59.73,59.707,59.713,110000000,1
1300716300000,1300716359000,59.715,59.727,59.699,59.723,106000000,1
1300716360000,1300716419000,59.724,59.724,59.692,59.703,97000000,1
1300716420000,1300716479000,59.703,59.729,59.7,59.708,172000000,1
1300716480000,1300716539000,59.703,59.714,59.698,59.698,102000000,1
1300716540000,1300716599000,59.698,59.708,59.648,59.648,106000000,1
1300716600000,1300716659000,59.652,59.677,59.652,59.664,126000000,1
1300716660000,1300716719000,59.664,59.699,59.663,59.688,122000000,1
1300716720000,1300716779000,59.692,59.706,59.682,59.684,125000000,1
1300716780000,1300716839000,59.685,59.688,59.673,59.675,125000000,1
1300716840000,1300716899000,59.674,59.676,59.656,59.656,61000000,1
1300716900000,1300716959000,59.657,59.661,59.627,59.651,176000000,1
1300716960000,1300717019000,59.652,59.679,59.65,59.66,88000000,1
1300717020000,1300717079000,59.658,59.667,59.643,59.664,111000000,1
1300717080000,1300717139000,59.664,59.701,59.66,59.701,114000000,1
1300717140000,1300717199000,59.697,59.707,59.676,59.678,110000000,1
1300717200000,1300717259000,59.678,59.678,59.631,59.635,106000000,1
1300717260000,1300717319000,59.642,59.659,59.634,59.636,92000000,1
1300717320000,1300717379000,59.636,59.651,59.628,59.644,100000000,1
1300717380000,1300717439000,59.647,59.658,59.637,59.637,124000000,1
1300717440000,1300717499000,59.638,59.647,59.617,59.629,141000000,1
1300717500000,1300717559000,59.627,59.627,59.62,59.622,19000000,1
1300717560000,1300717619000,59.621,59.647,59.617,59.621,227000000,1
1300717620000,1300717679000,59.621,59.637,59.603,59.61,131000000,1
1300717680000,1300717739000,59.607,59.629,59.606,59.624,77000000,1
1300717740000,1300717799000,59.624,59.662,59.622,59.662,132000000,1
1300717800000,1300717859000,59.661,59.668,59.633,59.633,144000000,1
1300717860000,1300717919000,59.636,59.643,59.627,59.629,88000000,1
1300717920000,1300717979000,59.629,59.636,59.625,59.631,74000000,1
1300717980000,1300718039000,59.628,59.633,59.616,59.62,109000000,1
1300718040000,1300718099000,59.62,59.623,59.616,59.616,66000000,1
1300718100000,1300718159000,59.619,59.639,59.619,59.638,63000000,1
1300718160000,1300718219000,59.637,59.64,59.63,59.637,46000000,1
1300718220000,1300718279000,59.637,59.637,59.606,59.606,116000000,1
1300718280000,1300718339000,59.597,59.603,59.577,59.587,159000000,1
1300718340000,1300718399000,59.587,59.593,59.577,59.584,107000000,1
1300718400000,1300718459000,59.583,59.589,59.571,59.578,104000000,1
1300718460000,1300718519000,59.578,59.58,59.558,59.58,162000000,1
1300718520000,1300718579000,59.58,59.588,59.567,59.58,108000000,1
1300718580000,1300718639000,59.583,59.584,59.568,59.57,103000000,1
1300718640000,1300718699000,59.569,59.57,59.56,59.565,78000000,1
1300718700000,1300718759000,59.566,59.574,59.566,59.568,107000000,1
1300718760000,1300718819000,59.567,59.573,59.553,59.572,148000000,1
1300718820000,1300718879000,59.572,59.573,59.56,59.561,122000000,1
1300718880000,1300718939000,59.561,59.574,59.561,59.57,65000000,1
1300718940000,1300718999000,59.57,59.578,59.566,59.569,119000000,1
1300719000000,1300719059000,59.569,59.569,59.553,59.562,82000000,1
1300719060000,1300719119000,59.562,59.568,59.557,59.566,84000000,1
1300719120000,1300719179000,59.567,59.567,59.557,59.562,99000000,1
1300719180000,1300719239000,59.562,59.571,59.561,59.563,84000000,1
1300719240000,1300719299000,59.563,59.563,59.528,59.534,116000000,1
1300719300000,1300719359000,59.535,59.54,59.525,59.537,133000000,1
1300719360000,1300719419000,59.537,59.557,59.534,59.543,145000000,1
1300719420000,1300719479000,59.544,59.55,59.508,59.509,118000000,1
1300719480000,1300719539000,59.511,59.528,59.511,59.523,80000000,1
1300719540000,1300719599000,59.523,59.551,59.517,59.529,149000000,1
1300719600000,1300719659000,59.528,59.547,59.528,59.546,168000000,1
1300719660000,1300719719000,59.546,59.567,59.545,59.561,136000000,1
1300719720000,1300719779000,59.563,59.594,59.561,59.594,124000000,1
1300719780000,1300719839000,59.584,59.594,59.574,59.586,88000000,1
1300719840000,1300719899000,59.586,59.601,59.578,59.601,96000000,1
1300719900000,1300719959000,59.6,59.625,59.596,59.619,106000000,1
1300719960000,1300720019000,59.62,59.636,59.619,59.635,74000000,1
1300720020000,1300720079000,59.631,59.64,59.631,59.634,77000000,1
1300720080000,1300720139000,59.634,59.65,59.627,59.628,166000000,1
1300720140000,1300720199000,59.628,59.631,59.617,59.629,73000000,1
1300720200000,1300720259000,59.628,59.639,59.626,59.627,83000000,1
1300720260000,1300720319000,59.627,59.627,59.607,59.611,114000000,1
1300720320000,1300720379000,59.608,59.619,59.608,59.608,52000000,1
1300720380000,1300720439000,59.606,59.606,59.596,59.596,43000000,1
1300720440000,1300720499000,59.594,59.604,59.588,59.599,134000000,1
1300720500000,1300720559000,59.6,59.604,59.585,59.598,112000000,1
1300720560000,1300720619000,59.596,59.613,59.596,59.607,145000000,1
1300720620000,1300720679000,59.608,59.609,59.59,59.597,140000000,1
1300720680000,1300720739000,59.596,59.603,59.591,59.598,85000000,1
1300720740000,1300720799000,59.597,59.609,59.59,59.602,148000000,1
1300720800000,1300720859000,59.599,59.618,59.598,59.617,150000000,1
1300720860000,1300720919000,59.617,59.617,59.552,59.552,164000000,1
1300720920000,1300720979000,59.554,59.56,59.541,59.544,114000000,1
1300720980000,1300721039000,59.543,59.543,59.515,59.534,167000000,1
1300721040000,1300721099000,59.534,59.542,59.511,59.531,171000000,1
1300721100000,1300721159000,59.534,59.549,59.527,59.529,151000000,1
1300721160000,1300721219000,59.53,59.533,59.517,59.52,112000000,1
1300721220000,1300721279000,59.519,59.538,59.519,59.533,137000000,1
1300721280000,1300721339000,59.533,59.54,59.528,59.529,108000000,1
1300721340000,1300721399000,59.528,59.532,59.517,59.517,56000000,1
1300721400000,1300721459000,59.517,59.524,59.511,59.523,106000000,1
1300721460000,1300721519000,59.522,59.552,59.518,59.537,130000000,1
1300721520000,1300721579000,59.537,59.537,59.507,59.507,108000000,1
1300721580000,1300721639000,59.508,59.519,59.504,59.513,95000000,1
1300721640000,1300721699000,59.513,59.528,59.511,59.512,39000000,1
1300721700000,1300721759000,59.511,59.516,59.507,59.507,39000000,1
1300721760000,1300721819000,59.508,59.519,59.506,59.509,58000000,1
1300721820000,1300721879000,59.506,59.518,59.494,59.518,144000000,1
1300721880000,1300721939000,59.52,59.527,59.493,59.493,174000000,1
1300721940000,1300721999000,59.494,59.495,59.478,59.487,76000000,1
1300722000000,1300722059000,59.487,59.487,59.453,59.455,103000000,1
1300722060000,1300722119000,59.457,59.493,59.456,59.491,129000000,1
1300722120000,1300722179000,59.491,59.501,59.487,59.491,124000000,1
1300722180000,1300722239000,59.491,59.492,59.486,59.486,34000000,1
1300722240000,1300722299000,59.486,59.486,59.44,59.455,171000000,1
1300722300000,1300722359000,59.456,59.461,59.408,59.427,183000000,1
1300722360000,1300722419000,59.427,59.44,59.418,59.427,143000000,1
1300722420000,1300722479000,59.428,59.437,59.426,59.436,208000000,1
1300722480000,1300722539000,59.433,59.439,59.419,59.439,127000000,1
1300722540000,1300722599000,59.437,59.447,59.433,59.444,94000000,1
1300722600000,1300722659000,59.444,59.448,59.437,59.44,149000000,1
1300722660000,1300722719000,59.44,59.454,59.44,59.442,85000000,1
1300722720000,1300722779000,59.444,59.447,59.429,59.438,94000000,1
1300722780000,1300722839000,59.438,59.445,59.436,59.445,73000000,1
1300722840000,1300722899000,59.445,59.445,59.436,59.436,74000000,1
1300722900000,1300722959000,59.438,59.438,59.417,59.424,164000000,1
1300722960000,1300723019000,59.421,59.46,59.421,59.446,149000000,1
1300723020000,1300723079000,59.45,59.473,59.437,59.452,73000000,1
1300723080000,1300723139000,59.45,59.455,59.442,59.453,88000000,1
1300723140000,1300723199000,59.448,59.468,59.419,59.419,218000000,1
1300723200000,1300723259000,59.419,59.442,59.407,59.44,344000000,1
1300723260000,1300723319000,59.443,59.448,59.437,59.447,138000000,1
1300723320000,1300723379000,59.447,59.459,59.44,59.454,120000000,1
1300723380000,1300723439000,59.456,59.471,59.448,59.471,152000000,1
1300723440000,1300723499000,59.471,59.471,59.456,59.468,101000000,1
1300723500000,1300723559000,59.47,59.47,59.458,59.46,71000000,1
1300723560000,1300723619000,59.463,59.463,59.443,59.448,96000000,1
1300723620000,1300723679000,59.448,59.455,59.441,59.443,113000000,1
1300723680000,1300723739000,59.443,59.448,59.427,59.439,82000000,1
1300723740000,1300723799000,59.437,59.458,59.437,59.451,143000000,1
1300723800000,1300723859000,59.452,59.458,59.447,59.452,68000000,1
1300723860000,1300723919000,59.453,59.46,59.45,59.459,70000000,1
1300723920000,1300723979000,59.459,59.467,59.458,59.467,38000000,1
1300723980000,1300724039000,59.467,59.469,59.452,59.457,70000000,1
1300724040000,1300724099000,59.457,59.465,59.447,59.449,69000000,1
1300724100000,1300724159000,59.45,59.458,59.449,59.457,65000000,1
1300724160000,1300724219000,59.457,59.477,59.457,59.468,75000000,1
1300724220000,1300724279000,59.466,59.477,59.451,59.457,69000000,1
1300724280000,1300724339000,59.457,59.467,59.456,59.456,181000000,1
1300724340000,1300724399000,59.456,59.457,59.446,59.446,98000000,1
1300724400000,1300724459000,59.446,59.456,59.417,59.43,159000000,1
1300724460000,1300724519000,59.43,59.438,59.417,59.42,170000000,1
1300724520000,1300724579000,59.42,59.42,59.407,59.415,65000000,1
1300724580000,1300724639000,59.414,59.422,59.387,59.392,103000000,1
1300724640000,1300724699000,59.39,59.404,59.377,59.399,190000000,1
1300724700000,1300724759000,59.396,59.396,59.367,59.376,184000000,1
1300724760000,1300724819000,59.376,59.388,59.376,59.377,114000000,1
1300724820000,1300724879000,59.377,59.396,59.377,59.383,137000000,1
1300724880000,1300724939000,59.383,59.396,59.383,59.39,56000000,1
1300724940000,1300724999000,59.39,59.394,59.368,59.369,104000000,1
1300725000000,1300725059000,59.369,59.377,59.354,59.368,147000000,1
1300725060000,1300725119000,59.367,59.375,59.351,59.368,109000000,1
1300725120000,1300725179000,59.379,59.429,59.379,59.397,135000000,1
1300725180000,1300725239000,59.401,59.438,59.399,59.427,148000000,1
1300725240000,1300725299000,59.427,59.45,59.426,59.443,225000000,1
1300725300000,1300725359000,59.443,59.472,59.438,59.456,150000000,1
1300725360000,1300725419000,59.458,59.467,59.454,59.46,83000000,1
1300725420000,1300725479000,59.46,59.467,59.451,59.459,62000000,1
1300725480000,1300725539000,59.457,59.457,59.427,59.449,131000000,1
1300725540000,1300725599000,59.448,59.453,59.439,59.451,74000000,1
1300725600000,1300725659000,59.449,59.46,59.437,59.437,99000000,1
1300725660000,1300725719000,59.437,59.449,59.421,59.449,77000000,1
1300725720000,1300725779000,59.448,59.449,59.428,59.428,88000000,1
1300725780000,1300725839000,59.428,59.431,59.407,59.407,65000000,1
1300725840000,1300725899000,59.407,59.411,59.397,59.401,62000000,1
1300725900000,1300725959000,59.401,59.407,59.389,59.402,65000000,1
1300725960000,1300726019000,59.402,59.412,59.393,59.412,97000000,1
1300726020000,1300726079000,59.411,59.418,59.402,59.41,86000000,1
1300726080000,1300726139000,59.41,59.425,59.408,59.411,144000000,1
1300726140000,1300726199000,59.411,59.413,59.404,59.408,69000000,1
1300726200000,1300726259000,59.408,59.415,59.399,59.41,50000000,1
1300726260000,1300726319000,59.411,59.413,59.41,59.411,15000000,1
1300726320000,1300726379000,59.411,59.412,59.4,59.409,56000000,1
1300726380000,1300726439000,59.408,59.41,59.401,59.408,40000000,1
1300726440000,1300726499000,59.404,59.42,59.399,59.416,21000000,1
1300726500000,1300726559000,59.404,59.43,59.404,59.407,76000000,1
1300726560000,1300726619000,59.409,59.409,59.397,59.397,72000000,1
1300726620000,1300726679000,59.407,59.408,59.397,59.402,68000000,1
1300726680000,1300726739000,59.4,59.409,59.388,59.397,59000000,1
1300726740000,1300726799000,59.397,59.417,59.388,59.399,142000000,1
1300726800000,1300726859000,59.399,59.418,59.391,59.418,85000000,1
1300726860000,1300726919000,59.417,59.428,59.417,59.427,88000000,1
1300726920000,1300726979000,59.427,59.427,59.417,59.417,77000000,1
1300726980000,1300727039000,59.417,59.428,59.407,59.408,121000000,1
1300727040000,1300727099000,59.408,59.417,59.398,59.407,94000000,1
1300727100000,1300727159000,59.407,59.417,59.407,59.417,55000000,1
1300727160000,1300727219000,59.417,59.418,59.406,59.407,76000000,1
1300727220000,1300727279000,59.407,59.407,59.39,59.397,93000000,1
1300727280000,1300727339000,59.397,59.397,59.378,59.387,89000000,1
1300727340000,1300727399000,59.379,59.388,59.378,59.378,53000000,1
1300727400000,1300727459000,59.378,59.378,59.37,59.378,29000000,1
1300727460000,1300727519000,59.378,59.388,59.377,59.377,57000000,1
1300727520000,1300727579000,59.377,59.391,59.377,59.387,104000000,1
1300727580000,1300727639000,59.387,59.398,59.387,59.388,66000000,1
1300727640000,1300727699000,59.386,59.386,59.378,59.378,80000000,1
1300727700000,1300727759000,59.378,59.387,59.367,59.367,48000000,1
1300727760000,1300727819000,59.37,59.379,59.37,59.372,27000000,1
1300727820000,1300727879000,59.371,59.371,59.36,59.367,66000000,1
1300727880000,1300727939000,59.37,59.372,59.368,59.368,37000000,1
1300727940000,1300727999000,59.368,59.371,59.358,59.358,59000000,1
1300728000000,1300728059000,59.358,59.358,59.353,59.358,55000000,1
1300728060000,1300728119000,59.358,59.368,59.358,59.368,66000000,1
1300728120000,1300728179000,59.368,59.381,59.368,59.378,43000000,1
1300728180000,1300728239000,59.378,59.411,59.378,59.408,68000000,1
1300728240000,1300728299000,59.408,59.408,59.398,59.407,34000000,1
1300728300000,1300728359000,59.407,59.413,59.399,59.4,33000000,1
1300728360000,1300728419000,59.401,59.406,59.39,59.397,37000000,1
1300728420000,1300728479000,59.398,59.399,59.356,59.358,49000000,1
1300728480000,1300728539000,59.358,59.367,59.347,59.347,72000000,1
1300728540000,1300728599000,59.347,59.367,59.347,59.367,61000000,1
1300728600000,1300728659000,59.367,59.378,59.367,59.378,36000000,1
1300728660000,1300728719000,59.378,59.378,59.368,59.368,22000000,1
1300728720000,1300728779000,59.368,59.368,59.357,59.357,48000000,1
1300728780000,1300728839000,59.357,59.358,59.35,59.35,54000000,1
1300728840000,1300728899000,59.352,59.367,59.347,59.357,55000000,1
1300728900000,1300728959000,59.357,59.368,59.357,59.358,86000000,1
1300728960000,1300729019000,59.367,59.367,59.356,59.358,37000000,1
1300729020000,1300729079000,59.356,59.367,59.348,59.367,80000000,1
1300729080000,1300729139000,59.367,59.378,59.367,59.378,107000000,1
1300729140000,1300729199000,59.378,59.387,59.378,59.387,42000000,1
1300729200000,1300729259000,59.387,59.398,59.378,59.397,39000000,1
1300729260000,1300729319000,59.397,59.408,59.397,59.407,53000000,1
1300729320000,1300729379000,59.406,59.407,59.397,59.407,35000000,1
1300729380000,1300729439000,59.407,59.407,59.407,59.407,14000000,1
1300729440000,1300729499000,59.407,59.407,59.406,59.407,8000000,1
1300729500000,1300729559000,59.407,59.418,59.407,59.418,48000000,1
1300729560000,1300729619000,59.418,59.44,59.417,59.438,57000000,1
1300729620000,1300729679000,59.438,59.47,59.438,59.47,86000000,1
1300729680000,1300729739000,59.468,59.468,59.437,59.44,78000000,1
1300729740000,1300729799000,59.44,59.449,59.437,59.449,124000000,1
1300729800000,1300729859000,59.447,59.458,59.436,59.44,126000000,1
1300729860000,1300729919000,59.437,59.447,59.437,59.447,77000000,1
1300729920000,1300729979000,59.447,59.447,59.436,59.436,46000000,1
1300729980000,1300730039000,59.436,59.437,59.416,59.418,26000000,1
1300730040000,1300730099000,59.416,59.418,59.416,59.418,102000000,1
1300730100000,1300730159000,59.418,59.437,59.418,59.436,62000000,1
1300730160000,1300730219000,59.437,59.447,59.433,59.438,89000000,1
1300730220000,1300730279000,59.438,59.438,59.427,59.427,41000000,1
1300730280000,1300730339000,59.429,59.452,59.428,59.437,89000000,1
1300730340000,1300730399000,59.437,59.438,59.428,59.438,38000000,1
1300730400000,1300730459000,59.431,59.452,59.418,59.42,128000000,1
1300730460000,1300730519000,59.422,59.427,59.407,59.411,49000000,1
1300730520000,1300730579000,59.408,59.41,59.406,59.406,12000000,1
1300730580000,1300730639000,59.418,59.418,59.418,59.418,13000000,1
1300730640000,1300730699000,59.417,59.418,59.417,59.418,29000000,1
1300730700000,1300730759000,59.418,59.418,59.408,59.408,36000000,1
1300730760000,1300730819000,59.408,59.418,59.407,59.418,63000000,1
1300730820000,1300730879000,59.418,59.438,59.418,59.428,87000000,1
1300730880000,1300730939000,59.428,59.437,59.417,59.417,57000000,1
1300730940000,1300730999000,59.417,59.417,59.416,59.417,27000000,1
1300731000000,1300731059000,59.42,59.428,59.416,59.426,39000000,1
1300731060000,1300731119000,59.427,59.428,59.417,59.426,43000000,1
1300731120000,1300731179000,59.426,59.427,59.417,59.419,53000000,1
1300731180000,1300731239000,59.419,59.429,59.413,59.427,43000000,1
1300731240000,1300731299000,59.427,59.427,59.417,59.419,30000000,1
1300731300000,1300731359000,59.419,59.419,59.398,59.407,54000000,1
1300731360000,1300731419000,59.406,59.406,59.396,59.396,23000000,1
1300731420000,1300731479000,59.397,59.402,59.397,59.398,16000000,1
1300731480000,1300731539000,59.399,59.411,59.398,59.409,41000000,1
1300731540000,1300731599000,59.409,59.409,59.406,59.407,18000000,1
1300731600000,1300731659000,59.407,59.407,59.397,59.398,34000000,1
1300731660000,1300731719000,59.398,59.398,59.398,59.398,8000000,1
1300731720000,1300731779000,59.4,59.4,59.398,59.398,16000000,1
1300731780000,1300731839000,59.398,59.404,59.388,59.404,27000000,1
1300731840000,1300731899000,59.405,59.407,59.405,59.407,9000000,1
1300731900000,1300731959000,59.407,59.407,59.396,59.407,60000000,1
1300731960000,1300732019000,59.407,59.407,59.406,59.406,14000000,1
1300732020000,1300732079000,59.408,59.408,59.396,59.396,38000000,1
1300732080000,1300732139000,59.397,59.399,59.377,59.399,81000000,1
1300732140000,1300732199000,59.399,59.399,59.387,59.394,55000000,1
1300732200000,1300732259000,59.393,59.439,59.393,59.438,87000000,1
1300732260000,1300732319000,59.444,59.447,59.427,59.446,66000000,1
1300732320000,1300732379000,59.446,59.449,59.437,59.448,41000000,1
1300732380000,1300732439000,59.448,59.452,59.436,59.436,47000000,1
1300732440000,1300732499000,59.436,59.448,59.426,59.437,56000000,1
1300732500000,1300732559000,59.427,59.437,59.426,59.426,38000000,1
1300732560000,1300732619000,59.426,59.426,59.416,59.416,39000000,1
1300732620000,1300732679000,59.416,59.432,59.416,59.43,48000000,1
1300732680000,1300732739000,59.432,59.46,59.428,59.457,47000000,1
1300732740000,1300732799000,59.457,59.467,59.448,59.467,34000000,1
1300732800000,1300732859000,59.466,59.472,59.466,59.472,11000000,1
1300732860000,1300732919000,59.471,59.471,59.447,59.456,29000000,1
1300732920000,1300732979000,59.456,59.466,59.436,59.436,56000000,1
1300732980000,1300733039000,59.432,59.432,59.426,59.428,21000000,1
1300733040000,1300733099000,59.428,59.447,59.428,59.437,58000000,1
1300733100000,1300733159000,59.437,59.481,59.437,59.481,103000000,1
1300733160000,1300733219000,59.481,59.481,59.466,59.466,47000000,1
1300733220000,1300733279000,59.466,59.493,59.466,59.466,52000000,1
1300733280000,1300733339000,59.466,59.478,59.456,59.466,79000000,1
1300733340000,1300733399000,59.459,59.477,59.459,59.477,41000000,1
1300733400000,1300733459000,59.478,59.522,59.478,59.518,258000000,1
1300733460000,1300733519000,59.517,59.521,59.508,59.514,375000000,1
1300733520000,1300733579000,59.517,59.547,59.51,59.546,137000000,1
1300733580000,1300733639000,59.542,59.557,59.526,59.547,180000000,1
1300733640000,1300733699000,59.547,59.552,59.527,59.531,135000000,1
1300733700000,1300733759000,59.533,59.541,59.527,59.528,91000000,1
1300733760000,1300733819000,59.529,59.553,59.528,59.547,121000000,1
1300733820000,1300733879000,59.547,59.563,59.54,59.549,92000000,1
1300733880000,1300733939000,59.547,59.572,59.546,59.571,110000000,1
1300733940000,1300733999000,59.57,59.572,59.529,59.537,94000000,1
1300734000000,1300734059000,59.538,59.547,59.52,59.534,95000000,1
1300734060000,1300734119000,59.534,59.534,59.507,59.507,72000000,1
1300734120000,1300734179000,59.51,59.52,59.498,59.519,69000000,1
1300734180000,1300734239000,59.517,59.531,59.517,59.528,85000000,1
1300734240000,1300734299000,59.528,59.528,59.518,59.519,32000000,1
1300734300000,1300734359000,59.518,59.524,59.517,59.519,33000000,1
1300734360000,1300734419000,59.517,59.517,59.497,59.502,48000000,1
1300734420000,1300734479000,59.502,59.505,59.501,59.501,8000000,1
1300734480000,1300734539000,59.502,59.502,59.491,59.499,20000000,1
1300734540000,1300734599000,59.498,59.508,59.496,59.498,47000000,1
1300734600000,1300734659000,59.499,59.501,59.497,59.501,57000000,1
1300734660000,1300734719000,59.501,59.519,59.501,59.511,77000000,1
1300734720000,1300734779000,59.511,59.521,59.511,59.518,52000000,1
1300734780000,1300734839000,59.518,59.543,59.518,59.528,268000000,1
1300734840000,1300734899000,59.528,59.537,59.528,59.537,24000000,1
1300734900000,1300734959000,59.537,59.537,59.536,59.536,16000000,1
1300734960000,1300735019000,59.536,59.541,59.527,59.53,248000000,1
1300735020000,1300735079000,59.527,59.535,59.527,59.535,199000000,1
1300735080000,1300735139000,59.53,59.538,59.527,59.538,92000000,1
1300735140000,1300735199000,59.539,59.539,59.526,59.528,124000000,1
1300735200000,1300735259000,59.528,59.537,59.526,59.528,196000000,1
1300735260000,1300735319000,59.53,59.535,59.527,59.532,178000000,1
1300735320000,1300735379000,59.535,59.543,59.527,59.53,168000000,1
1300735380000,1300735439000,59.531,59.533,59.507,59.512,109000000,1
1300735440000,1300735499000,59.513,59.527,59.49,59.501,193000000,1
1300735500000,1300735559000,59.499,59.506,59.496,59.497,38000000,1
1300735560000,1300735619000,59.497,59.498,59.489,59.491,36000000,1
1300735620000,1300735679000,59.491,59.494,59.488,59.488,18000000,1
1300735680000,1300735739000,59.488,59.488,59.487,59.488,20000000,1
1300735740000,1300735799000,59.488,59.488,59.463,59.466,66000000,1
1300735800000,1300735859000,59.466,59.473,59.458,59.47,96000000,1
1300735860000,1300735919000,59.472,59.486,59.472,59.484,31000000,1
1300735920000,1300735979000,59.482,59.485,59.48,59.482,17000000,1
1300735980000,1300736039000,59.481,59.487,59.479,59.487,23000000,1
1300736040000,1300736099000,59.487,59.491,59.48,59.488,32000000,1
1300736100000,1300736159000,59.491,59.508,59.491,59.505,25000000,1
1300736160000,1300736219000,59.508,59.508,59.486,59.487,29000000,1
1300736220000,1300736279000,59.487,59.501,59.476,59.497,73000000,1
1300736280000,1300736339000,59.499,59.507,59.498,59.499,42000000,1
1300736340000,1300736399000,59.499,59.502,59.498,59.498,29000000,1
1300736400000,1300736459000,59.498,59.501,59.496,59.499,21000000,1
1300736460000,1300736519000,59.499,59.499,59.486,59.486,29000000,1
1300736520000,1300736579000,59.487,59.487,59.483,59.487,14000000,1
1300736580000,1300736639000,59.487,59.487,59.477,59.48,53000000,1
1300736640000,1300736699000,59.48,59.487,59.48,59.487,20000000,1
1300736700000,1300736759000,59.487,59.487,59.479,59.479,13000000,1
1300736760000,1300736819000,59.478,59.479,59.477,59.477,7000000,1
1300736820000,1300736879000,59.481,59.491,59.481,59.486,24000000,1
1300736880000,1300736939000,59.487,59.497,59.486,59.496,105000000,1
1300736940000,1300736999000,59.496,59.496,59.491,59.492,141000000,1
1300737000000,1300737059000,59.493,59.503,59.491,59.501,92000000,1
1300737060000,1300737119000,59.501,59.503,59.497,59.498,35000000,1
1300737120000,1300737179000,59.498,59.508,59.496,59.502,26000000,1
1300737180000,1300737239000,59.506,59.507,59.497,59.507,68000000,1
1300737240000,1300737299000,59.507,59.514,59.507,59.508,30000000,1
1300737300000,1300737359000,59.508,59.51,59.506,59.509,56000000,1
1300737360000,1300737419000,59.507,59.512,59.507,59.507,41000000,1
1300737420000,1300737479000,59.507,59.507,59.507,59.507,8000000,1
1300737480000,1300737539000,59.506,59.537,59.506,59.537,70000000,1
1300737540000,1300737599000,59.536,59.548,59.517,59.527,91000000,1
1300737600000,1300737659000,59.527,59.537,59.526,59.527,43000000,1
1300737660000,1300737719000,59.526,59.526,59.517,59.517,8000000,1
1300737720000,1300737779000,59.526,59.542,59.526,59.537,25000000,1
1300737780000,1300737839000,59.547,59.547,59.536,59.536,12000000,1
1300737840000,1300737899000,59.536,59.537,59.516,59.537,47000000,1
1300737900000,1300737959000,59.537,59.539,59.526,59.526,35000000,1
1300737960000,1300738019000,59.527,59.527,59.526,59.527,6000000,1
1300738020000,1300738079000,59.527,59.537,59.517,59.537,48000000,1
1300738080000,1300738139000,59.537,59.537,59.536,59.537,20000000,1
1300738140000,1300738199000,59.537,59.55,59.537,59.549,27000000,1
1300738200000,1300738259000,59.547,59.549,59.547,59.548,14000000,1
1300738260000,1300738319000,59.547,59.548,59.546,59.548,11000000,1
1300738320000,1300738379000,59.548,59.548,59.546,59.547,11000000,1
1300738380000,1300738439000,59.547,59.548,59.546,59.546,20000000,1
1300738440000,1300738499000,59.546,59.547,59.546,59.546,8000000,1
1300738500000,1300738559000,59.547,59.547,59.546,59.547,27000000,1
1300738560000,1300738619000,59.547,59.557,59.546,59.557,27000000,1
1300738620000,1300738679000,59.556,59.557,59.556,59.557,6000000,1
1300738680000,1300738739000,59.557,59.557,59.556,59.556,7000000,1
1300738740000,1300738799000,59.557,59.557,59.556,59.557,14000000,1
1300738800000,1300738859000,59.557,59.557,59.556,59.557,11000000,1
1300738860000,1300738919000,59.557,59.559,59.557,59.558,16000000,1
1300738920000,1300738979000,59.558,59.558,59.548,59.557,25000000,1
1300738980000,1300739039000,59.557,59.557,59.548,59.556,12000000,1
1300739040000,1300739099000,59.556,59.557,59.547,59.548,22000000,1
1300739100000,1300739159000,59.546,59.547,59.546,59.547,15000000,1
1300739160000,1300739219000,59.557,59.577,59.548,59.548,42000000,1
1300739220000,1300739279000,59.548,59.555,59.546,59.55,36000000,1
1300739280000,1300739339000,59.548,59.566,59.547,59.547,66000000,1
1300739340000,1300739399000,59.556,59.556,59.537,59.547,23000000,1
1300739400000,1300739459000,59.541,59.568,59.541,59.556,31000000,1
1300739460000,1300739519000,59.558,59.567,59.557,59.557,29000000,1
1300739520000,1300739579000,59.557,59.568,59.557,59.567,62000000,1
1300739580000,1300739639000,59.567,59.567,59.548,59.567,45000000,1
1300739640000,1300739699000,59.567,59.587,59.567,59.587,20000000,1
1300739700000,1300739759000,59.586,59.586,59.571,59.571,9000000,1
1300739760000,1300739819000,59.577,59.587,59.576,59.576,21000000,1
1300739820000,1300739879000,59.576,59.579,59.576,59.579,20000000,1
1300739880000,1300739939000,59.578,59.578,59.567,59.567,15000000,1
1300739940000,1300739999000,59.567,59.577,59.567,59.577,42000000,1
1300740000000,1300740059000,59.577,59.598,59.577,59.597,49000000,1
1300740060000,1300740119000,59.587,59.597,59.543,59.586,26000000,1
1300740120000,1300740179000,59.565,59.565,59.524,59.547,36000000,1
1300740180000,1300740239000,59.547,59.567,59.524,59.556,23000000,1
1300740240000,1300740299000,59.556,59.576,59.556,59.576,13000000,1
1300740300000,1300740359000,59.576,59.586,59.576,59.586,21000000,1
1300740360000,1300740419000,59.587,59.587,59.586,59.586,4000000,1
1300740420000,1300740479000,59.587,59.587,59.586,59.586,4000000,1
1300740480000,1300740539000,59.587,59.597,59.586,59.596,21000000,1
1300740540000,1300740599000,59.596,59.596,59.586,59.586,16000000,1
1300740600000,1300740659000,59.587,59.588,59.586,59.586,23000000,1
1300740660000,1300740719000,59.587,59.597,59.586,59.597,13000000,1
1300740720000,1300740779000,59.596,59.597,59.586,59.586,17000000,1
1300740780000,1300740839000,59.586,59.596,59.577,59.578,34000000,1
1300740840000,1300740899000,59.587,59.587,59.577,59.577,5000000,1
1300740900000,1300740959000,59.577,59.587,59.576,59.576,27000000,1
1300740960000,1300741019000,59.576,59.576,59.557,59.557,13000000,1
1300741020000,1300741079000,59.556,59.577,59.556,59.577,21000000,1
1300741080000,1300741139000,59.587,59.606,59.577,59.606,22000000,1
1300741140000,1300741199000,59.606,59.606,59.568,59.587,36000000,1
1300741200000,1300741259000,59.545,59.545,59.543,59.545,27000000,1
1300741260000,1300741319000,59.545,59.549,59.545,59.549,57000000,1
1300741320000,1300741379000,59.544,59.544,59.523,59.527,30000000,1
1300741380000,1300741439000,59.527,59.527,59.527,59.527,6000000,1
1300741440000,1300741499000,59.527,59.554,59.527,59.537,64000000,1
1300741500000,1300741559000,59.538,59.548,59.538,59.547,21000000,1
1300741560000,1300741619000,59.547,59.578,59.547,59.578,42000000,1
1300741620000,1300741679000,59.578,59.578,59.567,59.568,63000000,1
1300741680000,1300741739000,59.578,59.588,59.567,59.588,40000000,1
1300741740000,1300741799000,59.588,59.637,59.588,59.628,49000000,1
1300741800000,1300741859000,59.618,59.627,59.608,59.617,54000000,1
1300741860000,1300741919000,59.611,59.628,59.611,59.628,16000000,1
1300741920000,1300741979000,59.628,59.628,59.618,59.618,30000000,1
1300741980000,1300742039000,59.618,59.628,59.617,59.628,35000000,1
1300742040000,1300742099000,59.628,59.63,59.617,59.618,59000000,1
1300742100000,1300742159000,59.63,59.646,59.63,59.646,22000000,1
1300742160000,1300742219000,59.648,59.676,59.646,59.646,46000000,1
1300742220000,1300742279000,59.646,59.667,59.646,59.657,45000000,1
1300742280000,1300742339000,59.657,59.667,59.657,59.666,25000000,1
1300742340000,1300742399000,59.657,59.666,59.646,59.656,16000000,1
1300742400000,1300742459000,59.657,59.677,59.657,59.667,25000000,1
1300742460000,1300742519000,59.668,59.668,59.646,59.666,42000000,1
1300742520000,1300742579000,59.667,59.677,59.565,59.616,92000000,1
1300742580000,1300742639000,59.617,59.617,59.606,59.606,8000000,1
1300742640000,1300742699000,59.607,59.616,59.606,59.606,7000000,1
1300742700000,1300742759000,59.616,59.627,59.606,59.607,39000000,1
1300742760000,1300742819000,59.617,59.617,59.606,59.606,5000000,1
1300742820000,1300742879000,59.597,59.607,59.553,59.607,25000000,1
1300742880000,1300742939000,59.606,59.607,59.606,59.607,4000000,1
1300742940000,1300742999000,59.606,59.607,59.606,59.606,6000000,1
1300743000000,1300743059000,59.607,59.616,59.606,59.607,12000000,1
1300743060000,1300743119000,59.606,59.616,59.606,59.607,5000000,1
1300743120000,1300743179000,59.606,59.627,59.606,59.617,13000000,1
1300743180000,1300743239000,59.616,59.616,59.606,59.606,4000000,1
1300743240000,1300743299000,59.607,59.607,59.606,59.606,4000000,1
1300743300000,1300743359000,59.607,59.607,59.606,59.606,4000000,1
1300743360000,1300743419000,59.607,59.607,59.597,59.607,16000000,1
1300743420000,1300743479000,59.606,59.607,59.606,59.607,4000000,1
1300743480000,1300743539000,59.606,59.606,59.606,59.606,2000000,1
1300743540000,1300743599000,59.607,59.607,59.597,59.597,6000000,1
1300743600000,1300743659000,59.597,59.607,59.597,59.607,7000000,1
1300743660000,1300743719000,59.606,59.607,59.606,59.607,4000000,1
1300743720000,1300743779000,59.607,59.607,59.596,59.596,12000000,1
1300743780000,1300743839000,59.596,59.597,59.596,59.597,11000000,1
1300743840000,1300743899000,59.597,59.617,59.597,59.617,33000000,1
1300743900000,1300743959000,59.616,59.617,59.616,59.616,6000000,1
1300743960000,1300744019000,59.617,59.617,59.616,59.616,4000000,1
1300744020000,1300744079000,59.617,59.627,59.616,59.626,14000000,1
1300744080000,1300744139000,59.626,59.646,59.616,59.637,22000000,1
1300744140000,1300744199000,59.627,59.627,59.626,59.626,4000000,1
1300744200000,1300744259000,59.626,59.636,59.626,59.636,14000000,1
1300744260000,1300744319000,59.636,59.647,59.626,59.626,27000000,1
1300744320000,1300744379000,59.637,59.647,59.636,59.637,32000000,1
1300744380000,1300744439000,59.637,59.637,59.636,59.637,32000000,1
1300744440000,1300744499000,59.637,59.637,59.626,59.626,12000000,1
1300744500000,1300744559000,59.626,59.627,59.626,59.627,10000000,1
1300744560000,1300744619000,59.627,59.627,59.616,59.617,14000000,1
1300744620000,1300744679000,59.616,59.617,59.616,59.616,8000000,1
1300744680000,1300744739000,59.617,59.617,59.617,59.617,2000000,1
1300744740000,1300744799000,59.616,59.627,59.616,59.627,29000000,1
1300744800000,1300744859000,59.627,59.637,59.627,59.637,16000000,1
1300744860000,1300744919000,59.637,59.646,59.636,59.636,18000000,1
1300744920000,1300744979000,59.637,59.637,59.626,59.626,9000000,1
1300744980000,1300745039000,59.627,59.627,59.626,59.627,10000000,1
1300745040000,1300745099000,59.626,59.627,59.616,59.617,16000000,1
1300745100000,1300745159000,59.617,59.627,59.617,59.627,5000000,1
1300745160000,1300745219000,59.616,59.616,59.616,59.616,2000000,1
1300745220000,1300745279000,59.616,59.626,59.616,59.626,9000000,1
1300745280000,1300745339000,59.627,59.627,59.626,59.626,6000000,1
1300745340000,1300745399000,59.626,59.627,59.616,59.616,7000000,1
1300745400000,1300745459000,59.617,59.627,59.617,59.627,4000000,1
1300745460000,1300745519000,59.626,59.627,59.626,59.627,8000000,1
1300745520000,1300745579000,59.626,59.627,59.626,59.626,10000000,1
1300745580000,1300745639000,59.627,59.627,59.626,59.626,4000000,1
1300745640000,1300745699000,59.627,59.627,59.626,59.627,6000000,1
1300745700000,1300745759000,59.626,59.626,59.616,59.617,13000000,1
1300745760000,1300745819000,59.616,59.616,59.616,59.616,2000000,1
1300745820000,1300745879000,59.617,59.626,59.616,59.616,14000000,1
1300745880000,1300745939000,59.626,59.647,59.626,59.636,15000000,1
1300745940000,1300745999000,59.644,59.647,59.636,59.637,23000000,1
1300746000000,1300746059000,59.636,59.636,59.626,59.636,17000000,1
1300746060000,1300746119000,59.637,59.638,59.636,59.638,11000000,1
1300746120000,1300746179000,59.638,59.657,59.638,59.647,24000000,1
1300746180000,1300746239000,59.647,59.657,59.637,59.657,14000000,1
1300746240000,1300746299000,59.656,59.657,59.648,59.657,9000000,1
1300746300000,1300746359000,59.656,59.657,59.646,59.647,16000000,1
1300746360000,1300746419000,59.646,59.666,59.646,59.658,13000000,1
1300746420000,1300746479000,59.657,59.657,59.646,59.656,15000000,1
1300746480000,1300746539000,59.656,59.656,59.646,59.656,20000000,1
1300746540000,1300746599000,59.646,59.656,59.646,59.656,23000000,1
1300746600000,1300746659000,59.656,59.657,59.656,59.657,6000000,1
1300746660000,1300746719000,59.657,59.657,59.647,59.647,11000000,1
1300746720000,1300746779000,59.647,59.647,59.637,59.637,22000000,1
1300746780000,1300746839000,59.637,59.656,59.637,59.656,17000000,1
1300746840000,1300746899000,59.656,59.667,59.656,59.657,30000000,1
1300746900000,1300746959000,59.657,59.657,59.636,59.648,38000000,1
1300746960000,1300747019000,59.646,59.677,59.646,59.668,40000000,1
1300747020000,1300747079000,59.668,59.688,59.666,59.666,46000000,1
1300747080000,1300747139000,59.667,59.677,59.658,59.676,32000000,1
1300747140000,1300747199000,59.676,59.678,59.676,59.678,9000000,1
1300747200000,1300747259000,59.676,59.676,59.667,59.667,16000000,1
1300747260000,1300747319000,59.677,59.687,59.676,59.687,29000000,1
1300747320000,1300747379000,59.686,59.686,59.667,59.667,12000000,1
1300747380000,1300747439000,59.668,59.678,59.668,59.676,19000000,1
1300747440000,1300747499000,59.676,59.687,59.676,59.687,19000000,1
1300747500000,1300747559000,59.677,59.677,59.671,59.676,31000000,1
1300747560000,1300747619000,59.676,59.676,59.667,59.667,16000000,1
1300747620000,1300747679000,59.667,59.677,59.667,59.676,15000000,1
1300747680000,1300747739000,59.677,59.677,59.666,59.677,17000000,1
1300747740000,1300747799000,59.677,59.677,59.677,59.677,2000000,1
1300747800000,1300747859000,59.69,59.69,59.687,59.687,10000000,1
1300747860000,1300747919000,59.687,59.687,59.687,59.687,2000000,1
1300747920000,1300747979000,59.687,59.687,59.676,59.687,26000000,1
1300747980000,1300748039000,59.686,59.687,59.686,59.687,13000000,1
1300748040000,1300748099000,59.686,59.687,59.686,59.687,8000000,1
1300748100000,1300748159000,59.687,59.687,59.686,59.687,227000000,1
1300748160000,1300748219000,59.687,59.716,59.686,59.716,339000000,1
1300748220000,1300748279000,59.716,59.727,59.716,59.726,254000000,1
1300748280000,1300748339000,59.726,59.727,59.716,59.717,351000000,1
1300748340000,1300748399000,59.717,59.728,59.716,59.728,405000000,1
1300748400000,1300748459000,59.726,59.736,59.726,59.727,132000000,1
1300748460000,1300748519000,59.727,59.737,59.726,59.728,151000000,1
1300748520000,1300748579000,59.727,59.737,59.726,59.727,165000000,1
1300748580000,1300748639000,59.728,59.737,59.726,59.727,59000000,1
1300748640000,1300748699000,59.737,59.737,59.726,59.726,7000000,1
1300748700000,1300748759000,59.726,59.726,59.707,59.707,90000000,1
1300748760000,1300748819000,59.707,59.707,59.686,59.688,32000000,1
1300748820000,1300748879000,59.697,59.707,59.697,59.699,37000000,1
1300748880000,1300748939000,59.698,59.717,59.697,59.717,23000000,1
1300748940000,1300748999000,59.712,59.718,59.711,59.718,20000000,1
1300749000000,1300749059000,59.72,59.72,59.711,59.72,54000000,1
1300749060000,1300749119000,59.72,59.738,59.72,59.736,41000000,1
1300749120000,1300749179000,59.736,59.737,59.732,59.732,27000000,1
1300749180000,1300749239000,59.727,59.738,59.727,59.736,47000000,1
1300749240000,1300749299000,59.736,59.747,59.736,59.74,53000000,1
1300749300000,1300749359000,59.748,59.748,59.737,59.738,112000000,1
1300749360000,1300749419000,59.732,59.738,59.727,59.733,37000000,1
1300749420000,1300749479000,59.728,59.738,59.715,59.727,81000000,1
1300749480000,1300749539000,59.722,59.728,59.722,59.726,20000000,1
1300749540000,1300749599000,59.726,59.738,59.717,59.737,58000000,1
1300749600000,1300749659000,59.73,59.73,59.72,59.729,31000000,1
1300749660000,1300749719000,59.735,59.737,59.728,59.728,13000000,1
1300749720000,1300749779000,59.73,59.738,59.728,59.738,51000000,1
1300749780000,1300749839000,59.737,59.752,59.737,59.747,203000000,1
1300749840000,1300749899000,59.747,59.747,59.717,59.718,117000000,1
1300749900000,1300749959000,59.719,59.728,59.719,59.726,88000000,1
1300749960000,1300750019000,59.726,59.728,59.686,59.686,274000000,1
1300750020000,1300750079000,59.686,59.686,59.676,59.677,158000000,1
1300750080000,1300750139000,59.677,59.677,59.656,59.657,165000000,1
1300750140000,1300750199000,59.657,59.658,59.656,59.658,64000000,1
1300750200000,1300750259000,59.658,59.708,59.658,59.687,99000000,1
1300750260000,1300750319000,59.687,59.701,59.687,59.699,77000000,1
1300750320000,1300750379000,59.699,59.708,59.697,59.708,46000000,1
1300750380000,1300750439000,59.708,59.708,59.698,59.698,17000000,1
1300750440000,1300750499000,59.699,59.708,59.699,59.708,8000000,1
1300750500000,1300750559000,59.708,59.718,59.708,59.718,20000000,1
1300750560000,1300750619000,59.718,59.761,59.718,59.758,70000000,1
1300750620000,1300750679000,59.757,59.759,59.732,59.748,134000000,1
1300750680000,1300750739000,59.748,59.751,59.739,59.743,68000000,1
1300750740000,1300750799000,59.743,59.753,59.741,59.752,48000000,1
1300750800000,1300750859000,59.752,59.752,59.716,59.739,56000000,1
1300750860000,1300750919000,59.739,59.757,59.737,59.747,63000000,1
1300750920000,1300750979000,59.747,59.747,59.73,59.738,35000000,1
1300750980000,1300751039000,59.738,59.748,59.728,59.738,64000000,1
1300751040000,1300751099000,59.731,59.748,59.728,59.748,37000000,1
1300751100000,1300751159000,59.748,59.748,59.748,59.748,8000000,1
1300751160000,1300751219000,59.747,59.758,59.736,59.738,52000000,1
1300751220000,1300751279000,59.737,59.737,59.737,59.737,8000000,1
1300751280000,1300751339000,59.737,59.737,59.736,59.737,41000000,1
1300751340000,1300751399000,59.737,59.739,59.737,59.738,17000000,1
1300751400000,1300751459000,59.747,59.748,59.747,59.748,14000000,1
1300751460000,1300751519000,59.747,59.748,59.738,59.748,43000000,1
1300751520000,1300751579000,59.748,59.758,59.747,59.758,111000000,1
1300751580000,1300751639000,59.758,59.758,59.749,59.758,59000000,1
1300751640000,1300751699000,59.757,59.757,59.748,59.748,49000000,1
1300751700000,1300751759000,59.748,59.748,59.748,59.748,14000000,1
1300751760000,1300751819000,59.748,59.748,59.748,59.748,28000000,1
1300751820000,1300751879000,59.748,59.752,59.738,59.741,57000000,1
1300751880000,1300751939000,59.74,59.74,59.713,59.718,64000000,1
1300751940000,1300751999000,59.718,59.734,59.716,59.733,85000000,1
1300752000000,1300752059000,59.73,59.73,59.711,59.728,126000000,1
1300752060000,1300752119000,59.728,59.747,59.709,59.717,96000000,1
1300752120000,1300752179000,59.717,59.728,59.698,59.699,114000000,1
1300752180000,1300752239000,59.698,59.703,59.668,59.672,150000000,1
1300752240000,1300752299000,59.672,59.679,59.661,59.668,118000000,1
1300752300000,1300752359000,59.663,59.668,59.648,59.658,185000000,1
1300752360000,1300752419000,59.658,59.69,59.645,59.69,102000000,1
1300752420000,1300752479000,59.69,59.717,59.684,59.717,168000000,1
1300752480000,1300752539000,59.718,59.718,59.7,59.703,52000000,1
1300752540000,1300752599000,59.703,59.712,59.691,59.691,56000000,1
1300752600000,1300752659000,59.691,59.694,59.687,59.69,27000000,1
1300752660000,1300752719000,59.688,59.707,59.688,59.707,28000000,1
1300752720000,1300752779000,59.705,59.708,59.702,59.705,37000000,1
1300752780000,1300752839000,59.708,59.708,59.701,59.707,59000000,1
1300752840000,1300752899000,59.707,59.711,59.698,59.705,241000000,1
1300752900000,1300752959000,59.703,59.71,59.7,59.707,69000000,1
1300752960000,1300753019000,59.708,59.72,59.707,59.718,81000000,1
1300753020000,1300753079000,59.719,59.719,59.703,59.707,56000000,1
1300753080000,1300753139000,59.707,59.713,59.704,59.711,62000000,1
1300753140000,1300753199000,59.708,59.728,59.708,59.72,41000000,1
1300753200000,1300753259000,59.719,59.719,59.705,59.707,27000000,1
1300753260000,1300753319000,59.709,59.717,59.708,59.71,42000000,1
1300753320000,1300753379000,59.71,59.717,59.708,59.708,35000000,1
1300753380000,1300753439000,59.708,59.711,59.698,59.707,103000000,1
1300753440000,1300753499000,59.707,59.708,59.695,59.698,101000000,1
1300753500000,1300753559000,59.699,59.702,59.678,59.678,67000000,1
1300753560000,1300753619000,59.678,59.679,59.654,59.664,165000000,1
1300753620000,1300753679000,59.667,59.667,59.659,59.663,61000000,1
1300753680000,1300753739000,59.662,59.663,59.637,59.637,79000000,1
1300753740000,1300753799000,59.637,59.66,59.637,59.647,128000000,1
1300753800000,1300753859000,59.647,59.651,59.646,59.646,34000000,1
1300753860000,1300753919000,59.646,59.646,59.619,59.619,72000000,1
1300753920000,1300753979000,59.619,59.622,59.612,59.621,30000000,1
1300753980000,1300754039000,59.621,59.621,59.605,59.607,137000000,1
1300754040000,1300754099000,59.607,59.609,59.594,59.601,78000000,1
1300754100000,1300754159000,59.598,59.61,59.557,59.591,176000000,1
1300754160000,1300754219000,59.591,59.603,59.586,59.591,125000000,1
1300754220000,1300754279000,59.591,59.596,59.59,59.596,42000000,1
1300754280000,1300754339000,59.596,59.601,59.596,59.598,31000000,1
1300754340000,1300754399000,59.598,59.598,59.55,59.563,145000000,1
1300754400000,1300754459000,59.561,59.577,59.537,59.563,190000000,1
1300754460000,1300754519000,59.565,59.567,59.528,59.537,160000000,1
1300754520000,1300754579000,59.537,59.542,59.529,59.533,68000000,1
1300754580000,1300754639000,59.533,59.538,59.526,59.534,80000000,1
1300754640000,1300754699000,59.534,59.534,59.468,59.47,163000000,1
1300754700000,1300754759000,59.47,59.501,59.467,59.483,183000000,1
1300754760000,1300754819000,59.483,59.518,59.47,59.47,147000000,1
1300754820000,1300754879000,59.472,59.489,59.471,59.473,140000000,1
1300754880000,1300754939000,59.473,59.482,59.472,59.48,45000000,1
1300754940000,1300754999000,59.483,59.496,59.472,59.48,130000000,1
1300755000000,1300755059000,59.48,59.483,59.472,59.479,70000000,1
1300755060000,1300755119000,59.481,59.521,59.481,59.521,156000000,1
1300755120000,1300755179000,59.523,59.528,59.516,59.517,127000000,1
1300755180000,1300755239000,59.517,59.523,59.516,59.521,61000000,1
1300755240000,1300755299000,59.52,59.522,59.495,59.502,140000000,1
1300755300000,1300755359000,59.506,59.514,59.498,59.507,111000000,1
1300755360000,1300755419000,59.506,59.511,59.504,59.505,36000000,1
1300755420000,1300755479000,59.508,59.51,59.502,59.506,30000000,1
1300755480000,1300755539000,59.511,59.532,59.511,59.532,64000000,1
1300755540000,1300755599000,59.532,59.544,59.529,59.532,93000000,1
1300755600000,1300755659000,59.534,59.536,59.526,59.532,86000000,1
1300755660000,1300755719000,59.532,59.535,59.532,59.535,8000000,1
1300755720000,1300755779000,59.536,59.537,59.516,59.517,72000000,1
1300755780000,1300755839000,59.517,59.517,59.488,59.488,49000000,1
1300755840000,1300755899000,59.488,59.488,59.47,59.484,48000000,1
1300755900000,1300755959000,59.484,59.484,59.472,59.474,64000000,1
1300755960000,1300756019000,59.473,59.478,59.458,59.478,77000000,1
1300756020000,1300756079000,59.478,59.478,59.472,59.477,22000000,1
1300756080000,1300756139000,59.477,59.477,59.442,59.443,83000000,1
1300756140000,1300756199000,59.448,59.464,59.443,59.464,139000000,1
1300756200000,1300756259000,59.464,59.464,59.433,59.437,47000000,1
1300756260000,1300756319000,59.44,59.445,59.423,59.423,86000000,1
1300756320000,1300756379000,59.423,59.471,59.422,59.457,150000000,1
1300756380000,1300756439000,59.449,59.451,59.438,59.447,44000000,1
1300756440000,1300756499000,59.447,59.458,59.447,59.458,39000000,1
1300756500000,1300756559000,59.459,59.463,59.453,59.462,64000000,1
1300756560000,1300756619000,59.463,59.471,59.462,59.468,17000000,1
1300756620000,1300756679000,59.468,59.479,59.467,59.478,71000000,1
1300756680000,1300756739000,59.478,59.478,59.462,59.471,104000000,1
1300756740000,1300756799000,59.468,59.506,59.468,59.496,74000000,1
1300756800000,1300756859000,59.489,59.504,59.489,59.504,40000000,1
1300756860000,1300756919000,59.506,59.51,59.498,59.506,61000000,1
1300756920000,1300756979000,59.506,59.518,59.501,59.501,97000000,1
1300756980000,1300757039000,59.518,59.533,59.516,59.52,91000000,1
1300757040000,1300757099000,59.52,59.538,59.52,59.538,78000000,1
1300757100000,1300757159000,59.538,59.553,59.538,59.55,85000000,1
1300757160000,1300757219000,59.55,59.55,59.537,59.537,48000000,1
1300757220000,1300757279000,59.537,59.537,59.526,59.532,75000000,1
1300757280000,1300757339000,59.53,59.53,59.517,59.517,63000000,1
1300757340000,1300757399000,59.517,59.518,59.514,59.515,66000000,1
1300757400000,1300757459000,59.515,59.519,59.515,59.518,11000000,1
1300757460000,1300757519000,59.519,59.523,59.515,59.517,81000000,1
1300757520000,1300757579000,59.516,59.53,59.505,59.53,57000000,1
1300757580000,1300757639000,59.53,59.541,59.521,59.528,81000000,1
1300757640000,1300757699000,59.528,59.533,59.528,59.533,16000000,1
1300757700000,1300757759000,59.534,59.538,59.533,59.537,13000000,1
1300757760000,1300757819000,59.545,59.562,59.545,59.562,58000000,1
1300757820000,1300757879000,59.562,59.588,59.562,59.572,76000000,1
1300757880000,1300757939000,59.568,59.568,59.553,59.553,48000000,1
1300757940000,1300757999000,59.553,59.57,59.553,59.57,92000000,1
1300758000000,1300758059000,59.57,59.571,59.551,59.555,58000000,1
1300758060000,1300758119000,59.559,59.56,59.557,59.557,20000000,1
1300758120000,1300758179000,59.561,59.581,59.542,59.579,103000000,1
1300758180000,1300758239000,59.58,59.609,59.578,59.607,78000000,1
1300758240000,1300758299000,59.607,59.618,59.607,59.61,29000000,1
1300758300000,1300758359000,59.611,59.611,59.599,59.599,32000000,1
1300758360000,1300758419000,59.6,59.601,59.567,59.567,131000000,1
1300758420000,1300758479000,59.577,59.584,59.57,59.572,93000000,1
1300758480000,1300758539000,59.57,59.578,59.57,59.572,46000000,1
1300758540000,1300758599000,59.575,59.591,59.575,59.588,54000000,1
1300758600000,1300758659000,59.589,59.589,59.575,59.577,40000000,1
1300758660000,1300758719000,59.577,59.591,59.577,59.591,29000000,1
1300758720000,1300758779000,59.589,59.589,59.584,59.584,19000000,1
1300758780000,1300758839000,59.584,59.617,59.584,59.612,40000000,1
1300758840000,1300758899000,59.618,59.623,59.609,59.618,27000000,1
1300758900000,1300758959000,59.618,59.627,59.611,59.623,30000000,1
1300758960000,1300759019000,59.623,59.623,59.599,59.608,58000000,1
1300759020000,1300759079000,59.599,59.618,59.599,59.618,124000000,1
1300759080000,1300759139000,59.618,59.627,59.589,59.597,79000000,1
1300759140000,1300759199000,59.597,59.598,59.587,59.596,81000000,1
1300759200000,1300759259000,59.592,59.593,59.59,59.593,19000000,1
1300759260000,1300759319000,59.594,59.594,59.578,59.58,42000000,1
1300759320000,1300759379000,59.58,59.58,59.578,59.578,15000000,1
1300759380000,1300759439000,59.578,59.582,59.578,59.58,42000000,1
1300759440000,1300759499000,59.58,59.588,59.577,59.577,57000000,1
1300759500000,1300759559000,59.577,59.587,59.572,59.578,87000000,1
1300759560000,1300759619000,59.58,59.588,59.57,59.57,68000000,1
1300759620000,1300759679000,59.572,59.581,59.571,59.579,31000000,1
1300759680000,1300759739000,59.582,59.59,59.582,59.59,34000000,1
1300759740000,1300759799000,59.593,59.593,59.588,59.593,21000000,1
1300759800000,1300759859000,59.593,59.593,59.581,59.581,40000000,1
1300759860000,1300759919000,59.577,59.588,59.577,59.588,17000000,1
1300759920000,1300759979000,59.586,59.588,59.577,59.578,41000000,1
1300759980000,1300760039000,59.578,59.58,59.578,59.579,9000000,1
1300760040000,1300760099000,59.586,59.587,59.577,59.577,37000000,1
1300760100000,1300760159000,59.577,59.588,59.577,59.587,41000000,1
1300760160000,1300760219000,59.586,59.588,59.586,59.587,32000000,1
1300760220000,1300760279000,59.587,59.599,59.579,59.588,69000000,1
1300760280000,1300760339000,59.588,59.593,59.579,59.592,36000000,1
1300760340000,1300760399000,59.593,59.593,59.589,59.59,14000000,1
1300760400000,1300760459000,59.59,59.599,59.59,59.597,41000000,1
1300760460000,1300760519000,59.597,59.6,59.591,59.597,45000000,1
1300760520000,1300760579000,59.598,59.609,59.598,59.607,51000000,1
1300760580000,1300760639000,59.607,59.609,59.599,59.607,93000000,1
1300760640000,1300760699000,59.607,59.613,59.607,59.612,58000000,1
1300760700000,1300760759000,59.613,59.622,59.607,59.614,60000000,1
1300760760000,1300760819000,59.614,59.627,59.614,59.619,19000000,1
1300760820000,1300760879000,59.619,59.64,59.619,59.627,21000000,1
1300760880000,1300760939000,59.628,59.638,59.628,59.637,28000000,1
1300760940000,1300760999000,59.637,59.637,59.637,59.637,11000000,1
1300761000000,1300761059000,59.637,59.637,59.63,59.631,8000000,1
1300761060000,1300761119000,59.633,59.638,59.633,59.638,4000000,1
1300761120000,1300761179000,59.638,59.64,59.618,59.62,33000000,1
1300761180000,1300761239000,59.62,59.633,59.616,59.632,38000000,1
1300761240000,1300761299000,59.637,59.659,59.637,59.638,83000000,1
1300761300000,1300761359000,59.656,59.656,59.63,59.638,49000000,1
1300761360000,1300761419000,59.638,59.638,59.627,59.629,32000000,1
1300761420000,1300761479000,59.631,59.638,59.627,59.628,58000000,1
1300761480000,1300761539000,59.628,59.64,59.628,59.629,96000000,1
1300761540000,1300761599000,59.63,59.638,59.617,59.617,92000000,1
1300761600000,1300761659000,59.612,59.618,59.588,59.59,127000000,1
1300761660000,1300761719000,59.589,59.589,59.568,59.573,124000000,1
1300761720000,1300761779000,59.572,59.577,59.572,59.577,31000000,1
1300761780000,1300761839000,59.577,59.583,59.577,59.579,52000000,1
1300761840000,1300761899000,59.577,59.577,59.55,59.55,118000000,1
1300761900000,1300761959000,59.549,59.558,59.549,59.553,128000000,1
1300761960000,1300762019000,59.551,59.578,59.551,59.578,87000000,1
1300762020000,1300762079000,59.58,59.581,59.551,59.563,185000000,1
1300762080000,1300762139000,59.562,59.593,59.562,59.569,88000000,1
1300762140000,1300762199000,59.567,59.593,59.567,59.582,99000000,1
1300762200000,1300762259000,59.582,59.6,59.582,59.596,36000000,1
1300762260000,1300762319000,59.594,59.616,59.59,59.613,65000000,1
1300762320000,1300762379000,59.611,59.636,59.611,59.636,82000000,1
1300762380000,1300762439000,59.637,59.686,59.637,59.67,155000000,1
1300762440000,1300762499000,59.668,59.68,59.662,59.666,151000000,1
1300762500000,1300762559000,59.664,59.669,59.664,59.667,39000000,1
1300762560000,1300762619000,59.667,59.669,59.639,59.648,143000000,1
1300762620000,1300762679000,59.647,59.668,59.647,59.648,94000000,1
1300762680000,1300762739000,59.651,59.671,59.651,59.669,112000000,1
1300762740000,1300762799000,59.667,59.667,59.657,59.66,40000000,1
1300762800000,1300762859000,59.661,59.672,59.656,59.658,80000000,1
1300762860000,1300762919000,59.658,59.668,59.658,59.668,48000000,1
1300762920000,1300762979000,59.668,59.678,59.659,59.659,81000000,1
1300762980000,1300763039000,59.657,59.661,59.637,59.64,76000000,1
1300763040000,1300763099000,59.637,59.651,59.637,59.648,59000000,1
1300763100000,1300763159000,59.648,59.648,59.642,59.648,38000000,1
1300763160000,1300763219000,59.648,59.648,59.632,59.647,82000000,1
1300763220000,1300763279000,59.642,59.642,59.638,59.638,33000000,1
1300763280000,1300763339000,59.64,59.64,59.638,59.638,13000000,1
1300763340000,1300763399000,59.638,59.638,59.598,59.601,62000000,1
1300763400000,1300763459000,59.6,59.602,59.599,59.602,15000000,1
1300763460000,1300763519000,59.602,59.603,59.602,59.603,9000000,1
1300763520000,1300763579000,59.608,59.611,59.598,59.599,59000000,1
1300763580000,1300763639000,59.602,59.602,59.599,59.601,34000000,1
1300763640000,1300763699000,59.601,59.608,59.599,59.608,41000000,1
1300763700000,1300763759000,59.608,59.637,59.608,59.633,50000000,1
1300763760000,1300763819000,59.633,59.633,59.619,59.623,40000000,1
1300763820000,1300763879000,59.623,59.623,59.622,59.622,9000000,1
1300763880000,1300763939000,59.622,59.622,59.618,59.62,14000000,1
1300763940000,1300763999000,59.618,59.632,59.618,59.628,54000000,1
1300764000000,1300764059000,59.629,59.633,59.629,59.632,27000000,1
1300764060000,1300764119000,59.636,59.64,59.636,59.638,27000000,1
1300764120000,1300764179000,59.638,59.638,59.638,59.638,9000000,1
1300764180000,1300764239000,59.639,59.664,59.639,59.659,45000000,1
1300764240000,1300764299000,59.662,59.675,59.662,59.673,36000000,1
1300764300000,1300764359000,59.673,59.687,59.673,59.68,45000000,1
1300764360000,1300764419000,59.678,59.678,59.676,59.676,17000000,1
1300764420000,1300764479000,59.678,59.688,59.678,59.688,10000000,1
1300764480000,1300764539000,59.688,59.698,59.688,59.698,44000000,1
1300764540000,1300764599000,59.698,59.702,59.687,59.687,45000000,1
1300764600000,1300764659000,59.686,59.688,59.68,59.684,61000000,1
1300764660000,1300764719000,59.683,59.694,59.679,59.689,45000000,1
1300764720000,1300764779000,59.689,59.697,59.686,59.686,76000000,1
1300764780000,1300764839000,59.686,59.687,59.677,59.677,23000000,1
1300764840000,1300764899000,59.677,59.686,59.673,59.676,39000000,1
1300764900000,1300764959000,59.679,59.69,59.661,59.672,84000000,1
1300764960000,1300765019000,59.672,59.68,59.658,59.663,71000000,1
1300765020000,1300765079000,59.66,59.666,59.659,59.66,28000000,1
1300765080000,1300765139000,59.66,59.664,59.65,59.65,22000000,1
1300765140000,1300765199000,59.65,59.65,59.638,59.638,29000000,1
1300765200000,1300765259000,59.638,59.648,59.637,59.637,57000000,1
1300765260000,1300765319000,59.637,59.639,59.629,59.631,44000000,1
1300765320000,1300765379000,59.631,59.639,59.627,59.636,62000000,1
1300765380000,1300765439000,59.636,59.647,59.636,59.642,42000000,1
1300765440000,1300765499000,59.642,59.642,59.637,59.64,44000000,1
1300765500000,1300765559000,59.639,59.656,59.639,59.639,86000000,1
1300765560000,1300765619000,59.642,59.662,59.638,59.656,51000000,1
1300765620000,1300765679000,59.651,59.651,59.648,59.648,9000000,1
1300765680000,1300765739000,59.647,59.648,59.647,59.648,13000000,1
1300765740000,1300765799000,59.649,59.654,59.637,59.65,35000000,1
1300765800000,1300765859000,59.651,59.657,59.651,59.657,12000000,1
1300765860000,1300765919000,59.656,59.657,59.643,59.651,66000000,1
1300765920000,1300765979000,59.652,59.661,59.652,59.656,33000000,1
1300765980000,1300766039000,59.656,59.658,59.647,59.647,31000000,1
1300766040000,1300766099000,59.647,59.653,59.647,59.65,27000000,1
1300766100000,1300766159000,59.651,59.659,59.643,59.646,65000000,1
1300766160000,1300766219000,59.646,59.66,59.643,59.66,69000000,1
1300766220000,1300766279000,59.658,59.677,59.657,59.677,106000000,1
1300766280000,1300766339000,59.677,59.687,59.677,59.687,34000000,1
1300766340000,1300766399000,59.691,59.706,59.691,59.7,46000000,1
1300766400000,1300766459000,59.697,59.709,59.69,59.699,58000000,1
1300766460000,1300766519000,59.7,59.709,59.681,59.69,67000000,1
1300766520000,1300766579000,59.696,59.712,59.696,59.708,46000000,1
1300766580000,1300766639000,59.707,59.707,59.697,59.698,35000000,1
1300766640000,1300766699000,59.699,59.7,59.699,59.699,17000000,1
1300766700000,1300766759000,59.699,59.718,59.699,59.717,43000000,1
1300766760000,1300766819000,59.717,59.764,59.717,59.76,99000000,1
1300766820000,1300766879000,59.757,59.757,59.741,59.741,48000000,1
1300766880000,1300766939000,59.741,59.746,59.726,59.726,49000000,1
1300766940000,1300766999000,59.726,59.726,59.717,59.717,17000000,1
1300767000000,1300767059000,59.721,59.724,59.717,59.717,22000000,1
1300767060000,1300767119000,59.72,59.721,59.709,59.709,23000000,1
1300767120000,1300767179000,59.713,59.713,59.708,59.709,10000000,1
1300767180000,1300767239000,59.706,59.707,59.706,59.707,5000000,1
1300767240000,1300767299000,59.707,59.718,59.703,59.718,45000000,1
1300767300000,1300767359000,59.717,59.717,59.71,59.71,9000000,1
1300767360000,1300767419000,59.711,59.727,59.711,59.722,29000000,1
1300767420000,1300767479000,59.726,59.726,59.719,59.719,24000000,1
1300767480000,1300767539000,59.723,59.725,59.723,59.725,6000000,1
1300767540000,1300767599000,59.725,59.747,59.725,59.747,52000000,1
1300767600000,1300767659000,59.747,59.753,59.743,59.751,40000000,1
1300767660000,1300767719000,59.753,59.753,59.749,59.749,5000000,1
1300767720000,1300767779000,59.747,59.752,59.747,59.747,21000000,1
1300767780000,1300767839000,59.747,59.749,59.739,59.746,41000000,1
1300767840000,1300767899000,59.748,59.748,59.737,59.741,25000000,1
1300767900000,1300767959000,59.742,59.742,59.717,59.717,87000000,1
1300767960000,1300768019000,59.717,59.719,59.711,59.719,37000000,1
1300768020000,1300768079000,59.721,59.726,59.691,59.708,133000000,1
1300768080000,1300768139000,59.708,59.711,59.698,59.708,67000000,1
1300768140000,1300768199000,59.708,59.718,59.706,59.717,98000000,1
1300768200000,1300768259000,59.716,59.734,59.716,59.728,86000000,1
1300768260000,1300768319000,59.728,59.728,59.719,59.722,70000000,1
1300768320000,1300768379000,59.722,59.728,59.716,59.723,48000000,1
1300768380000,1300768439000,59.723,59.752,59.719,59.733,102000000,1
1300768440000,1300768499000,59.734,59.734,59.723,59.723,19000000,1
1300768500000,1300768559000,59.723,59.723,59.715,59.72,24000000,1
1300768560000,1300768619000,59.722,59.722,59.707,59.711,30000000,1
1300768620000,1300768679000,59.711,59.739,59.711,59.732,57000000,1
1300768680000,1300768739000,59.732,59.738,59.731,59.731,31000000,1
1300768740000,1300768799000,59.732,59.744,59.732,59.743,42000000,1
1300768800000,1300768859000,59.744,59.745,59.728,59.73,49000000,1
1300768860000,1300768919000,59.733,59.77,59.728,59.764,127000000,1
1300768920000,1300768979000,59.767,59.768,59.756,59.756,56000000,1
1300768980000,1300769039000,59.753,59.762,59.753,59.761,16000000,1
1300769040000,1300769099000,59.757,59.759,59.751,59.758,43000000,1
1300769100000,1300769159000,59.758,59.773,59.758,59.773,23000000,1
1300769160000,1300769219000,59.773,59.773,59.765,59.766,62000000,1
1300769220000,1300769279000,59.768,59.77,59.761,59.765,69000000,1
1300769280000,1300769339000,59.764,59.764,59.757,59.761,28000000,1
1300769340000,1300769399000,59.761,59.761,59.755,59.755,15000000,1
1300769400000,1300769459000,59.755,59.759,59.748,59.759,10000000,1
1300769460000,1300769519000,59.76,59.763,59.754,59.754,53000000,1
1300769520000,1300769579000,59.753,59.753,59.737,59.741,47000000,1
1300769580000,1300769639000,59.744,59.744,59.738,59.741,21000000,1
1300769640000,1300769699000,59.741,59.763,59.736,59.763,47000000,1
1300769700000,1300769759000,59.763,59.78,59.762,59.78,84000000,1
1300769760000,1300769819000,59.78,59.858,59.777,59.818,214000000,1
1300769820000,1300769879000,59.818,59.831,59.806,59.806,80000000,1
1300769880000,1300769939000,59.803,59.819,59.797,59.817,104000000,1
1300769940000,1300769999000,59.81,59.819,59.81,59.815,52000000,1
1300770000000,1300770059000,59.816,59.816,59.806,59.81,25000000,1
1300770060000,1300770119000,59.81,59.813,59.792,59.792,132000000,1
1300770120000,1300770179000,59.792,59.799,59.79,59.796,45000000,1
1300770180000,1300770239000,59.795,59.809,59.795,59.796,39000000,1
1300770240000,1300770299000,59.795,59.801,59.787,59.793,58000000,1
1300770300000,1300770359000,59.789,59.796,59.78,59.79,42000000,1
1300770360000,1300770419000,59.794,59.796,59.787,59.791,20000000,1
1300770420000,1300770479000,59.79,59.792,59.779,59.788,55000000,1
1300770480000,1300770539000,59.788,59.788,59.758,59.778,122000000,1
1300770540000,1300770599000,59.778,59.778,59.757,59.757,47000000,1
1300770600000,1300770659000,59.76,59.76,59.748,59.748,30000000,1
1300770660000,1300770719000,59.748,59.761,59.748,59.759,45000000,1
1300770720000,1300770779000,59.757,59.793,59.751,59.787,206000000,1
1300770780000,1300770839000,59.787,59.789,59.783,59.783,26000000,1
1300770840000,1300770899000,59.783,59.783,59.772,59.778,33000000,1
1300770900000,1300770959000,59.778,59.781,59.754,59.754,65000000,1
1300770960000,1300771019000,59.754,59.754,59.727,59.73,59000000,1
1300771020000,1300771079000,59.731,59.75,59.731,59.742,84000000,1
1300771080000,1300771139000,59.739,59.75,59.738,59.748,59000000,1
1300771140000,1300771199000,59.748,59.76,59.747,59.758,59000000,1
1300771200000,1300771259000,59.758,59.758,59.749,59.755,33000000,1
1300771260000,1300771319000,59.751,59.751,59.739,59.745,31000000,1
1300771320000,1300771379000,59.744,59.745,59.727,59.73,62000000,1
1300771380000,1300771439000,59.73,59.734,59.726,59.729,53000000,1
1300771440000,1300771499000,59.728,59.735,59.714,59.734,90000000,1
1300771500000,1300771559000,59.734,59.768,59.734,59.768,137000000,1
1300771560000,1300771619000,59.768,59.768,59.739,59.749,85000000,1
1300771620000,1300771679000,59.748,59.75,59.74,59.747,55000000,1
1300771680000,1300771739000,59.747,59.747,59.71,59.711,65000000,1
1300771740000,1300771799000,59.713,59.73,59.711,59.719,164000000,1
1300771800000,1300771859000,59.718,59.728,59.712,59.728,167000000,1
1300771860000,1300771919000,59.728,59.738,59.728,59.733,77000000,1
1300771920000,1300771979000,59.733,59.738,59.731,59.738,38000000,1
1300771980000,1300772039000,59.738,59.738,59.73,59.731,23000000,1
1300772040000,1300772099000,59.732,59.732,59.728,59.728,14000000,1
1300772100000,1300772159000,59.729,59.741,59.727,59.738,57000000,1
1300772160000,1300772219000,59.739,59.746,59.738,59.741,48000000,1
1300772220000,1300772279000,59.742,59.75,59.738,59.747,76000000,1
1300772280000,1300772339000,59.749,59.751,59.737,59.739,68000000,1
1300772340000,1300772399000,59.738,59.752,59.737,59.738,49000000,1
1300772400000,1300772459000,59.74,59.758,59.74,59.752,44000000,1
1300772460000,1300772519000,59.754,59.757,59.753,59.757,27000000,1
1300772520000,1300772579000,59.757,59.764,59.757,59.762,41000000,1
1300772580000,1300772639000,59.761,59.761,59.748,59.748,16000000,1
1300772640000,1300772699000,59.748,59.748,59.748,59.748,3000000,1
1300772700000,1300772759000,59.748,59.755,59.748,59.754,60000000,1
1300772760000,1300772819000,59.754,59.775,59.754,59.761,74000000,1
1300772820000,1300772879000,59.762,59.77,59.762,59.768,81000000,1
1300772880000,1300772939000,59.768,59.787,59.766,59.787,87000000,1
1300772940000,1300772999000,59.788,59.818,59.788,59.807,104000000,1
1300773000000,1300773059000,59.809,59.859,59.809,59.85,132000000,1
1300773060000,1300773119000,59.852,59.854,59.801,59.808,106000000,1
1300773120000,1300773179000,59.811,59.811,59.789,59.798,73000000,1
1300773180000,1300773239000,59.797,59.797,59.777,59.784,73000000,1
1300773240000,1300773299000,59.782,59.784,59.777,59.784,25000000,1
1300773300000,1300773359000,59.784,59.786,59.772,59.778,21000000,1
1300773360000,1300773419000,59.775,59.8,59.773,59.797,138000000,1
1300773420000,1300773479000,59.796,59.81,59.79,59.803,92000000,1
1300773480000,1300773539000,59.805,59.824,59.805,59.814,72000000,1
1300773540000,1300773599000,59.818,59.818,59.817,59.818,21000000,1
1300773600000,1300773659000,59.818,59.818,59.807,59.809,70000000,1
1300773660000,1300773719000,59.811,59.811,59.792,59.801,65000000,1
1300773720000,1300773779000,59.801,59.807,59.801,59.803,55000000,1
1300773780000,1300773839000,59.803,59.809,59.79,59.793,49000000,1
1300773840000,1300773899000,59.791,59.797,59.782,59.791,134000000,1
1300773900000,1300773959000,59.791,59.794,59.778,59.794,66000000,1
1300773960000,1300774019000,59.793,59.793,59.777,59.78,93000000,1
1300774020000,1300774079000,59.783,59.798,59.778,59.778,51000000,1
1300774080000,1300774139000,59.776,59.782,59.767,59.782,132000000,1
1300774140000,1300774199000,59.781,59.794,59.771,59.787,114000000,1
1300774200000,1300774259000,59.787,59.791,59.779,59.791,104000000,1
1300774260000,1300774319000,59.791,59.799,59.787,59.798,55000000,1
1300774320000,1300774379000,59.792,59.792,59.775,59.779,68000000,1
1300774380000,1300774439000,59.778,59.781,59.778,59.781,37000000,1
1300774440000,1300774499000,59.781,59.805,59.777,59.802,67000000,1
1300774500000,1300774559000,59.801,59.807,59.789,59.798,47000000,1
1300774560000,1300774619000,59.796,59.796,59.757,59.763,107000000,1
1300774620000,1300774679000,59.763,59.768,59.757,59.761,31000000,1
1300774680000,1300774739000,59.76,59.767,59.751,59.758,43000000,1
1300774740000,1300774799000,59.76,59.801,59.76,59.801,78000000,1
1300774800000,1300774859000,59.801,59.811,59.801,59.807,59000000,1
1300774860000,1300774919000,59.807,59.822,59.803,59.822,98000000,1
1300774920000,1300774979000,59.822,59.822,59.807,59.81,141000000,1
1300774980000,1300775039000,59.807,59.829,59.807,59.829,147000000,1
1300775040000,1300775099000,59.829,59.829,59.808,59.818,95000000,1
1300775100000,1300775159000,59.818,59.838,59.806,59.828,135000000,1
1300775160000,1300775219000,59.822,59.844,59.818,59.823,146000000,1
1300775220000,1300775279000,59.819,59.828,59.818,59.819,70000000,1
1300775280000,1300775339000,59.821,59.827,59.817,59.821,105000000,1
1300775340000,1300775399000,59.821,59.822,59.797,59.797,107000000,1
1300775400000,1300775459000,59.797,59.817,59.796,59.808,168000000,1
1300775460000,1300775519000,59.807,59.818,59.787,59.802,175000000,1
1300775520000,1300775579000,59.802,59.804,59.798,59.798,68000000,1
1300775580000,1300775639000,59.796,59.815,59.796,59.808,92000000,1
1300775640000,1300775699000,59.807,59.829,59.798,59.827,186000000,1
1300775700000,1300775759000,59.827,59.828,59.797,59.808,223000000,1
1300775760000,1300775819000,59.805,59.851,59.802,59.821,242000000,1
1300775820000,1300775879000,59.826,59.878,59.826,59.877,220000000,1
1300775880000,1300775939000,59.877,59.881,59.856,59.868,217000000,1
1300775940000,1300775999000,59.868,59.878,59.857,59.867,107000000,1
1300776000000,1300776059000,59.867,59.868,59.849,59.858,197000000,1
1300776060000,1300776119000,59.859,59.868,59.859,59.868,50000000,1
1300776120000,1300776179000,59.868,59.871,59.848,59.859,147000000,1
1300776180000,1300776239000,59.858,59.868,59.847,59.868,77000000,1
1300776240000,1300776299000,59.868,59.868,59.858,59.86,96000000,1
1300776300000,1300776359000,59.86,59.87,59.856,59.857,63000000,1
1300776360000,1300776419000,59.857,59.868,59.85,59.857,93000000,1
1300776420000,1300776479000,59.858,59.898,59.837,59.868,224000000,1
1300776480000,1300776539000,59.87,59.912,59.87,59.888,155000000,1
1300776540000,1300776599000,59.888,59.898,59.878,59.892,134000000,1
1300776600000,1300776659000,59.891,59.896,59.878,59.879,237000000,1
1300776660000,1300776719000,59.879,59.881,59.868,59.878,170000000,1
1300776720000,1300776779000,59.878,59.878,59.863,59.864,117000000,1
1300776780000,1300776839000,59.864,59.865,59.858,59.859,73000000,1
1300776840000,1300776899000,59.859,59.865,59.843,59.853,95000000,1
1300776900000,1300776959000,59.853,59.856,59.846,59.849,67000000,1
1300776960000,1300777019000,59.849,59.851,59.848,59.849,79000000,1
1300777020000,1300777079000,59.851,59.856,59.849,59.85,41000000,1
1300777080000,1300777139000,59.848,59.858,59.847,59.85,92000000,1
1300777140000,1300777199000,59.848,59.848,59.838,59.847,149000000,1
1300777200000,1300777259000,59.847,59.867,59.817,59.848,203000000,1
1300777260000,1300777319000,59.846,59.87,59.843,59.87,137000000,1
1300777320000,1300777379000,59.868,59.868,59.846,59.857,115000000,1
1300777380000,1300777439000,59.857,59.868,59.838,59.84,173000000,1
1300777440000,1300777499000,59.841,59.861,59.837,59.856,106000000,1
1300777500000,1300777559000,59.857,59.859,59.837,59.853,154000000,1
1300777560000,1300777619000,59.854,59.854,59.828,59.833,120000000,1
1300777620000,1300777679000,59.831,59.847,59.822,59.828,118000000,1
1300777680000,1300777739000,59.829,59.861,59.827,59.858,149000000,1
1300777740000,1300777799000,59.858,59.862,59.847,59.861,105000000,1
1300777800000,1300777859000,59.858,59.866,59.841,59.864,133000000,1
1300777860000,1300777919000,59.86,59.868,59.842,59.858,105000000,1
1300777920000,1300777979000,59.857,59.858,59.857,59.857,60000000,1
1300777980000,1300778039000,59.858,59.858,59.847,59.848,90000000,1
1300778040000,1300778099000,59.848,59.871,59.847,59.871,130000000,1
1300778100000,1300778159000,59.871,59.908,59.862,59.899,104000000,1
1300778160000,1300778219000,59.899,59.947,59.885,59.942,352000000,1
1300778220000,1300778279000,59.94,59.983,59.921,59.958,238000000,1
1300778280000,1300778339000,59.954,59.987,59.952,59.976,248000000,1
1300778340000,1300778399000,59.976,59.983,59.934,59.938,220000000,1
1300778400000,1300778459000,59.948,59.962,59.933,59.953,110000000,1
1300778460000,1300778519000,59.947,60.008,59.947,60.008,175000000,1
1300778520000,1300778579000,60.008,60.008,59.982,59.997,207000000,1
1300778580000,1300778639000,59.991,60.029,59.979,60.017,373000000,1
1300778640000,1300778699000,60.017,60.057,59.975,59.99,315000000,1
1300778700000,1300778759000,59.99,60.001,59.987,59.987,173000000,1
1300778760000,1300778819000,59.988,59.988,59.968,59.978,81000000,1
1300778820000,1300778879000,59.978,59.978,59.948,59.964,80000000,1
1300778880000,1300778939000,59.967,59.967,59.936,59.947,102000000,1
1300778940000,1300778999000,59.946,59.96,59.938,59.938,122000000,1
1300779000000,1300779059000,59.937,59.94,59.893,59.929,173000000,1
1300779060000,1300779119000,59.931,59.942,59.928,59.932,78000000,1
1300779120000,1300779179000,59.935,59.94,59.927,59.932,78000000,1
1300779180000,1300779239000,59.932,59.932,59.927,59.93,25000000,1
1300779240000,1300779299000,59.934,59.938,59.927,59.938,45000000,1
1300779300000,1300779359000,59.938,59.958,59.937,59.951,62000000,1
1300779360000,1300779419000,59.948,59.95,59.936,59.95,76000000,1
1300779420000,1300779479000,59.954,59.958,59.9,59.909,76000000,1
1300779480000,1300779539000,59.911,59.921,59.898,59.918,144000000,1
1300779540000,1300779599000,59.916,59.919,59.907,59.914,114000000,1
1300779600000,1300779659000,59.927,59.929,59.912,59.928,54000000,1
1300779660000,1300779719000,59.929,59.967,59.928,59.967,105000000,1
1300779720000,1300779779000,59.967,59.968,59.947,59.947,45000000,1
1300779780000,1300779839000,59.947,59.957,59.939,59.957,40000000,1
1300779840000,1300779899000,59.957,59.957,59.928,59.933,33000000,1
1300779900000,1300779959000,59.929,59.947,59.929,59.947,61000000,1
1300779960000,1300780019000,59.94,59.957,59.937,59.947,119000000,1
1300780020000,1300780079000,59.947,59.947,59.936,59.946,95000000,1
1300780080000,1300780139000,59.946,59.957,59.936,59.938,104000000,1
1300780140000,1300780199000,59.938,59.961,59.938,59.956,113000000,1
1300780200000,1300780259000,59.956,59.956,59.94,59.943,78000000,1
1300780260000,1300780319000,59.943,59.948,59.927,59.937,176000000,1
1300780320000,1300780379000,59.937,59.947,59.926,59.946,72000000,1
1300780380000,1300780439000,59.946,59.956,59.906,59.906,134000000,1
1300780440000,1300780499000,59.91,59.927,59.91,59.916,81000000,1
1300780500000,1300780559000,59.916,59.931,59.909,59.926,145000000,1
1300780560000,1300780619000,59.926,59.936,59.916,59.923,110000000,1
1300780620000,1300780679000,59.928,59.937,59.928,59.936,46000000,1
1300780680000,1300780739000,59.937,59.948,59.928,59.948,59000000,1
1300780740000,1300780799000,59.948,59.966,59.938,59.966,73000000,1
1300780800000,1300780859000,59.966,59.976,59.956,59.976,90000000,1
1300780860000,1300780919000,59.976,59.976,59.958,59.959,42000000,1
1300780920000,1300780979000,59.959,59.966,59.939,59.957,81000000,1
1300780980000,1300781039000,59.957,59.958,59.946,59.947,58000000,1
1300781040000,1300781099000,59.947,59.967,59.94,59.966,167000000,1
1300781100000,1300781159000,59.966,59.966,59.948,59.956,49000000,1
1300781160000,1300781219000,59.957,59.987,59.953,59.987,115000000,1
1300781220000,1300781279000,59.987,59.988,59.976,59.986,85000000,1
1300781280000,1300781339000,59.986,59.986,59.976,59.977,43000000,1
1300781340000,1300781399000,59.98,59.98,59.972,59.978,22000000,1
1300781400000,1300781459000,59.978,59.996,59.978,59.991,72000000,1
1300781460000,1300781519000,59.991,59.993,59.967,59.977,83000000,1
1300781520000,1300781579000,59.977,59.977,59.967,59.977,32000000,1
1300781580000,1300781639000,59.977,59.987,59.967,59.967,40000000,1
1300781640000,1300781699000,59.969,60.016,59.967,60.016,111000000,1
1300781700000,1300781759000,60.016,60.027,59.996,60.007,117000000,1
1300781760000,1300781819000,60.007,60.007,59.99,60.006,81000000,1
1300781820000,1300781879000,60.005,60.024,60.005,60.024,137000000,1
1300781880000,1300781939000,60.029,60.031,60.017,60.028,107000000,1
1300781940000,1300781999000,60.027,60.027,60.026,60.026,22000000,1
1300782000000,1300782059000,60.026,60.047,60.025,60.027,99000000,1
1300782060000,1300782119000,60.028,60.029,60.008,60.008,89000000,1
1300782120000,1300782179000,60.006,60.006,59.987,59.994,69000000,1
1300782180000,1300782239000,59.997,60.007,59.996,59.996,60000000,1
1300782240000,1300782299000,59.996,60.007,59.988,60.007,61000000,1
1300782300000,1300782359000,60.008,60.008,59.986,59.987,67000000,1
1300782360000,1300782419000,59.988,59.997,59.988,59.997,28000000,1
1300782420000,1300782479000,59.997,59.997,59.996,59.997,20000000,1
1300782480000,1300782539000,59.997,59.997,59.977,59.99,61000000,1
1300782540000,1300782599000,59.987,59.997,59.987,59.996,40000000,1
1300782600000,1300782659000,59.996,60.019,59.996,60.017,89000000,1
1300782660000,1300782719000,60.017,60.033,60.014,60.017,69000000,1
1300782720000,1300782779000,60.017,60.036,60.008,60.028,113000000,1
1300782780000,1300782839000,60.037,60.048,60.028,60.038,101000000,1
1300782840000,1300782899000,60.047,60.097,60.043,60.097,130000000,1
1300782900000,1300782959000,60.088,60.096,60.078,60.096,176000000,1
1300782960000,1300783019000,60.096,60.097,60.068,60.091,168000000,1
1300783020000,1300783079000,60.091,60.112,60.078,60.108,195000000,1
1300783080000,1300783139000,60.108,60.117,60.093,60.107,193000000,1
1300783140000,1300783199000,60.107,60.108,60.089,60.106,159000000,1
1300783200000,1300783259000,60.11,60.121,60.102,60.117,112000000,1
1300783260000,1300783319000,60.116,60.127,60.109,60.117,87000000,1
1300783320000,1300783379000,60.117,60.117,60.1,60.102,79000000,1
1300783380000,1300783439000,60.099,60.15,60.099,60.148,126000000,1
1300783440000,1300783499000,60.148,60.188,60.146,60.171,173000000,1
1300783500000,1300783559000,60.168,60.182,60.145,60.167,189000000,1
1300783560000,1300783619000,60.16,60.178,60.157,60.161,86000000,1
1300783620000,1300783679000,60.162,60.251,60.162,60.251,237000000,1
1300783680000,1300783739000,60.251,60.251,60.217,60.236,248000000,1
1300783740000,1300783799000,60.245,60.248,60.216,60.231,268000000,1
1300783800000,1300783859000,60.229,60.247,60.217,60.226,171000000,1
1300783860000,1300783919000,60.226,60.241,60.205,60.207,246000000,1
1300783920000,1300783979000,60.207,60.214,60.201,60.208,144000000,1
1300783980000,1300784039000,60.208,60.211,60.19,60.19,140000000,1
1300784040000,1300784099000,60.188,60.198,60.169,60.184,141000000,1
1300784100000,1300784159000,60.181,60.183,60.177,60.18,78000000,1
1300784160000,1300784219000,60.179,60.206,60.175,60.202,90000000,1
1300784220000,1300784279000,60.204,60.227,60.2,60.227,149000000,1
1300784280000,1300784339000,60.217,60.227,60.208,60.227,109000000,1
1300784340000,1300784399000,60.227,60.227,60.213,60.222,45000000,1
1300784400000,1300784459000,60.218,60.227,60.196,60.22,134000000,1
1300784460000,1300784519000,60.218,60.227,60.206,60.218,82000000,1
1300784520000,1300784579000,60.217,60.217,60.189,60.196,81000000,1
1300784580000,1300784639000,60.196,60.198,60.177,60.187,141000000,1
1300784640000,1300784699000,60.187,60.197,60.176,60.176,69000000,1
1300784700000,1300784759000,60.177,60.18,60.15,60.177,142000000,1
1300784760000,1300784819000,60.167,60.167,60.146,60.147,151000000,1
1300784820000,1300784879000,60.146,60.159,60.146,60.148,75000000,1
1300784880000,1300784939000,60.148,60.167,60.148,60.164,104000000,1
1300784940000,1300784999000,60.162,60.177,60.158,60.176,37000000,1
1300785000000,1300785059000,60.176,60.186,60.169,60.169,66000000,1
1300785060000,1300785119000,60.167,60.187,60.167,60.186,78000000,1
1300785120000,1300785179000,60.186,60.238,60.178,60.238,132000000,1
1300785180000,1300785239000,60.239,60.248,60.227,60.237,118000000,1
1300785240000,1300785299000,60.237,60.251,60.228,60.228,81000000,1
1300785300000,1300785359000,60.228,60.251,60.228,60.238,152000000,1
1300785360000,1300785419000,60.238,60.238,60.21,60.227,103000000,1
1300785420000,1300785479000,60.227,60.235,60.227,60.234,40000000,1
1300785480000,1300785539000,60.235,60.235,60.213,60.213,52000000,1
1300785540000,1300785599000,60.212,60.229,60.211,60.218,82000000,1
1300785600000,1300785659000,60.218,60.244,60.208,60.232,167000000,1
1300785660000,1300785719000,60.232,60.238,60.226,60.238,88000000,1
1300785720000,1300785779000,60.238,60.238,60.222,60.227,65000000,1
1300785780000,1300785839000,60.227,60.238,60.205,60.205,131000000,1
1300785840000,1300785899000,60.206,60.219,60.203,60.217,106000000,1
1300785900000,1300785959000,60.217,60.251,60.216,60.247,108000000,1
1300785960000,1300786019000,60.247,60.257,60.246,60.246,52000000,1
1300786020000,1300786079000,60.25,60.268,60.246,60.268,94000000,1
1300786080000,1300786139000,60.273,60.282,60.247,60.257,100000000,1
1300786140000,1300786199000,60.257,60.258,60.237,60.258,119000000,1
1300786200000,1300786259000,60.258,60.278,60.247,60.269,191000000,1
1300786260000,1300786319000,60.267,60.269,60.256,60.267,144000000,1
1300786320000,1300786379000,60.267,60.268,60.217,60.219,177000000,1
1300786380000,1300786439000,60.217,60.217,60.2,60.208,100000000,1
1300786440000,1300786499000,60.208,60.217,60.195,60.206,185000000,1
1300786500000,1300786559000,60.206,60.208,60.197,60.198,94000000,1
1300786560000,1300786619000,60.198,60.209,60.197,60.209,130000000,1
1300786620000,1300786679000,60.212,60.228,60.212,60.218,79000000,1
1300786680000,1300786739000,60.218,60.218,60.208,60.208,38000000,1
1300786740000,1300786799000,60.207,60.228,60.207,60.217,88000000,1
1300786800000,1300786859000,60.217,60.217,60.188,60.2,191000000,1
1300786860000,1300786919000,60.199,60.217,60.186,60.207,106000000,1
1300786920000,1300786979000,60.207,60.228,60.207,60.226,123000000,1
1300786980000,1300787039000,60.226,60.237,60.226,60.236,104000000,1
1300787040000,1300787099000,60.237,60.248,60.237,60.237,65000000,1
1300787100000,1300787159000,60.236,60.252,60.236,60.248,66000000,1
1300787160000,1300787219000,60.247,60.247,60.245,60.247,22000000,1
1300787220000,1300787279000,60.247,60.247,60.238,60.241,26000000,1
1300787280000,1300787339000,60.242,60.242,60.217,60.226,94000000,1
1300787340000,1300787399000,60.226,60.238,60.216,60.236,102000000,1
1300787400000,1300787459000,60.236,60.25,60.227,60.25,81000000,1
1300787460000,1300787519000,60.257,60.267,60.246,60.256,149000000,1
1300787520000,1300787579000,60.256,60.257,60.239,60.247,77000000,1
1300787580000,1300787639000,60.247,60.249,60.247,60.247,29000000,1
1300787640000,1300787699000,60.247,60.257,60.227,60.248,187000000,1
1300787700000,1300787759000,60.248,60.249,60.227,60.238,174000000,1
1300787760000,1300787819000,60.238,60.247,60.208,60.208,84000000,1
1300787820000,1300787879000,60.208,60.222,60.208,60.222,48000000,1
1300787880000,1300787939000,60.223,60.28,60.223,60.276,180000000,1
1300787940000,1300787999000,60.278,60.286,60.244,60.277,270000000,1
1300788000000,1300788059000,60.277,60.289,60.247,60.276,321000000,1
1300788060000,1300788119000,60.276,60.278,60.264,60.277,139000000,1
1300788120000,1300788179000,60.277,60.279,60.257,60.268,111000000,1
1300788180000,1300788239000,60.268,60.278,60.268,60.276,61000000,1
1300788240000,1300788299000,60.276,60.278,60.266,60.269,74000000,1
1300788300000,1300788359000,60.269,60.303,60.269,60.301,117000000,1
1300788360000,1300788419000,60.301,60.301,60.246,60.247,123000000,1
1300788420000,1300788479000,60.236,60.248,60.236,60.247,73000000,1
1300788480000,1300788539000,60.247,60.256,60.206,60.206,77000000,1
1300788540000,1300788599000,60.206,60.228,60.197,60.227,115000000,1
1300788600000,1300788659000,60.228,60.239,60.221,60.236,78000000,1
1300788660000,1300788719000,60.236,60.238,60.236,60.238,21000000,1
1300788720000,1300788779000,60.238,60.247,60.236,60.236,23000000,1
1300788780000,1300788839000,60.236,60.246,60.236,60.237,74000000,1
1300788840000,1300788899000,60.236,60.257,60.228,60.238,62000000,1
1300788900000,1300788959000,60.246,60.246,60.236,60.236,49000000,1
1300788960000,1300789019000,60.227,60.259,60.227,60.258,121000000,1
1300789020000,1300789079000,60.267,60.277,60.259,60.268,79000000,1
1300789080000,1300789139000,60.268,60.268,60.256,60.267,93000000,1
1300789140000,1300789199000,60.267,60.267,60.246,60.247,49000000,1
1300789200000,1300789259000,60.247,60.249,60.245,60.247,33000000,1
1300789260000,1300789319000,60.247,60.247,60.237,60.246,60000000,1
1300789320000,1300789379000,60.246,60.278,60.246,60.268,52000000,1
1300789380000,1300789439000,60.266,60.277,60.266,60.277,44000000,1
1300789440000,1300789499000,60.277,60.277,60.267,60.277,51000000,1
1300789500000,1300789559000,60.277,60.297,60.277,60.288,65000000,1
1300789560000,1300789619000,60.288,60.296,60.286,60.287,54000000,1
1300789620000,1300789679000,60.287,60.307,60.287,60.307,70000000,1
1300789680000,1300789739000,60.298,60.301,60.288,60.288,66000000,1
1300789740000,1300789799000,60.288,60.3,60.278,60.298,67000000,1
1300789800000,1300789859000,60.296,60.302,60.287,60.297,155000000,1
1300789860000,1300789919000,60.297,60.328,60.296,60.327,199000000,1
1300789920000,1300789979000,60.327,60.331,60.317,60.326,196000000,1
1300789980000,1300790039000,60.326,60.339,60.317,60.337,365000000,1
1300790040000,1300790099000,60.337,60.351,60.326,60.337,149000000,1
1300790100000,1300790159000,60.337,60.356,60.329,60.348,131000000,1
1300790160000,1300790219000,60.347,60.375,60.338,60.367,187000000,1
1300790220000,1300790279000,60.368,60.379,60.346,60.347,112000000,1
1300790280000,1300790339000,60.346,60.358,60.331,60.338,123000000,1
1300790340000,1300790399000,60.338,60.339,60.327,60.328,71000000,1
1300790400000,1300790459000,60.328,60.328,60.292,60.308,125000000,1
1300790460000,1300790519000,60.308,60.309,60.306,60.308,46000000,1
1300790520000,1300790579000,60.308,60.308,60.277,60.278,137000000,1
1300790580000,1300790639000,60.278,60.287,60.267,60.267,86000000,1
1300790640000,1300790699000,60.267,60.268,60.257,60.258,45000000,1
1300790700000,1300790759000,60.258,60.277,60.258,60.268,60000000,1
1300790760000,1300790819000,60.277,60.277,60.237,60.256,143000000,1
1300790820000,1300790879000,60.257,60.259,60.236,60.257,140000000,1
1300790880000,1300790939000,60.257,60.258,60.209,60.228,144000000,1
1300790940000,1300790999000,60.226,60.247,60.207,60.208,100000000,1
1300791000000,1300791059000,60.207,60.228,60.197,60.226,90000000,1
1300791060000,1300791119000,60.226,60.247,60.226,60.227,117000000,1
1300791120000,1300791179000,60.227,60.228,60.217,60.22,120000000,1
1300791180000,1300791239000,60.22,60.227,60.188,60.197,81000000,1
1300791240000,1300791299000,60.197,60.198,60.178,60.18,74000000,1
1300791300000,1300791359000,60.178,60.198,60.171,60.186,68000000,1
1300791360000,1300791419000,60.186,60.2,60.186,60.197,65000000,1
1300791420000,1300791479000,60.197,60.197,60.163,60.163,126000000,1
1300791480000,1300791539000,60.163,60.187,60.157,60.187,116000000,1
1300791540000,1300791599000,60.187,60.187,60.167,60.177,103000000,1
1300791600000,1300791659000,60.177,60.208,60.166,60.207,112000000,1
1300791660000,1300791719000,60.206,60.207,60.197,60.198,45000000,1
1300791720000,1300791779000,60.198,60.206,60.196,60.197,46000000,1
1300791780000,1300791839000,60.198,60.22,60.198,60.218,80000000,1
1300791840000,1300791899000,60.218,60.228,60.206,60.226,109000000,1
1300791900000,1300791959000,60.228,60.257,60.226,60.248,145000000,1
1300791960000,1300792019000,60.248,60.269,60.238,60.267,79000000,1
1300792020000,1300792079000,60.267,60.279,60.245,60.251,135000000,1
1300792080000,1300792139000,60.257,60.267,60.249,60.267,32000000,1
1300792140000,1300792199000,60.267,60.267,60.256,60.258,72000000,1
1300792200000,1300792259000,60.258,60.268,60.258,60.266,67000000,1
1300792260000,1300792319000,60.267,60.302,60.258,60.298,86000000,1
1300792320000,1300792379000,60.296,60.307,60.268,60.286,127000000,1
1300792380000,1300792439000,60.287,60.308,60.286,60.307,116000000,1
1300792440000,1300792499000,60.307,60.307,60.289,60.289,70000000,1
1300792500000,1300792559000,60.289,60.311,60.289,60.298,117000000,1
1300792560000,1300792619000,60.298,60.32,60.298,60.32,73000000,1
1300792620000,1300792679000,60.317,60.317,60.297,60.297,67000000,1
1300792680000,1300792739000,60.297,60.317,60.297,60.317,32000000,1
1300792740000,1300792799000,60.317,60.317,60.308,60.308,30000000,1
1300792800000,1300792859000,60.31,60.31,60.296,60.296,34000000,1
1300792860000,1300792919000,60.296,60.296,60.286,60.288,103000000,1
1300792920000,1300792979000,60.288,60.308,60.288,60.297,97000000,1
1300792980000,1300793039000,60.3,60.308,60.297,60.307,65000000,1
1300793040000,1300793099000,60.307,60.31,60.306,60.306,62000000,1
1300793100000,1300793159000,60.306,60.307,60.265,60.288,87000000,1
1300793160000,1300793219000,60.287,60.291,60.286,60.289,65000000,1
1300793220000,1300793279000,60.287,60.299,60.284,60.296,79000000,1
1300793280000,1300793339000,60.298,60.308,60.298,60.307,48000000,1
1300793340000,1300793399000,60.307,60.307,60.278,60.279,60000000,1
1300793400000,1300793459000,60.282,60.298,60.279,60.297,34000000,1
1300793460000,1300793519000,60.296,60.307,60.287,60.298,75000000,1
1300793520000,1300793579000,60.297,60.308,60.291,60.297,82000000,1
1300793580000,1300793639000,60.298,60.298,60.269,60.269,77000000,1
1300793640000,1300793699000,60.269,60.279,60.256,60.268,122000000,1
1300793700000,1300793759000,60.272,60.287,60.264,60.276,105000000,1
1300793760000,1300793819000,60.276,60.279,60.266,60.268,142000000,1
1300793820000,1300793879000,60.268,60.27,60.268,60.268,41000000,1
1300793880000,1300793939000,60.268,60.28,60.266,60.277,50000000,1
1300793940000,1300793999000,60.277,60.28,60.249,60.249,103000000,1
1300794000000,1300794059000,60.249,60.256,60.241,60.249,67000000,1
1300794060000,1300794119000,60.248,60.268,60.248,60.261,65000000,1
1300794120000,1300794179000,60.262,60.267,60.256,60.267,53000000,1
1300794180000,1300794239000,60.267,60.269,60.261,60.268,52000000,1
1300794240000,1300794299000,60.278,60.278,60.267,60.267,45000000,1
1300794300000,1300794359000,60.267,60.268,60.26,60.267,93000000,1
1300794360000,1300794419000,60.263,60.263,60.248,60.258,61000000,1
1300794420000,1300794479000,60.258,60.258,60.247,60.247,58000000,1
1300794480000,1300794539000,60.247,60.248,60.237,60.248,111000000,1
1300794540000,1300794599000,60.247,60.248,60.229,60.236,63000000,1
1300794600000,1300794659000,60.236,60.24,60.227,60.227,109000000,1
1300794660000,1300794719000,60.227,60.237,60.217,60.219,91000000,1
1300794720000,1300794779000,60.219,60.227,60.218,60.218,45000000,1
1300794780000,1300794839000,60.22,60.228,60.218,60.218,101000000,1
1300794840000,1300794899000,60.219,60.251,60.219,60.251,62000000,1
1300794900000,1300794959000,60.257,60.257,60.247,60.249,8000000,1
1300794960000,1300795019000,60.247,60.247,60.217,60.218,76000000,1
1300795020000,1300795079000,60.217,60.217,60.197,60.206,134000000,1
1300795080000,1300795139000,60.208,60.21,60.186,60.197,157000000,1
1300795140000,1300795199000,60.197,60.208,60.196,60.208,72000000,1
1300795200000,1300795259000,60.211,60.227,60.207,60.216,110000000,1
1300795260000,1300795319000,60.209,60.227,60.208,60.218,141000000,1
1300795320000,1300795379000,60.217,60.218,60.208,60.218,44000000,1
1300795380000,1300795439000,60.218,60.218,60.197,60.208,94000000,1
1300795440000,1300795499000,60.208,60.217,60.187,60.188,151000000,1
1300795500000,1300795559000,60.196,60.197,60.196,60.196,32000000,1
1300795560000,1300795619000,60.196,60.197,60.187,60.187,68000000,1
1300795620000,1300795679000,60.196,60.198,60.196,60.197,22000000,1
1300795680000,1300795739000,60.197,60.197,60.187,60.187,91000000,1
1300795740000,1300795799000,60.188,60.192,60.186,60.192,62000000,1
1300795800000,1300795859000,60.189,60.198,60.184,60.19,103000000,1
1300795860000,1300795919000,60.188,60.188,60.176,60.188,36000000,1
1300795920000,1300795979000,60.187,60.198,60.177,60.197,74000000,1
1300795980000,1300796039000,60.197,60.197,60.178,60.19,101000000,1
1300796040000,1300796099000,60.189,60.189,60.182,60.186,53000000,1
1300796100000,1300796159000,60.187,60.188,60.177,60.181,61000000,1
1300796160000,1300796219000,60.181,60.191,60.17,60.187,65000000,1
1300796220000,1300796279000,60.188,60.207,60.188,60.207,82000000,1
1300796280000,1300796339000,60.207,60.207,60.197,60.207,62000000,1
1300796340000,1300796399000,60.198,60.217,60.197,60.206,75000000,1
1300796400000,1300796459000,60.206,60.208,60.206,60.208,32000000,1
1300796460000,1300796519000,60.208,60.217,60.207,60.217,33000000,1
1300796520000,1300796579000,60.216,60.218,60.198,60.216,120000000,1
1300796580000,1300796639000,60.216,60.222,60.211,60.218,38000000,1
1300796640000,1300796699000,60.217,60.238,60.216,60.237,66000000,1
1300796700000,1300796759000,60.237,60.256,60.228,60.228,75000000,1
1300796760000,1300796819000,60.228,60.242,60.187,60.187,227000000,1
1300796820000,1300796879000,60.177,60.197,60.156,60.187,233000000,1
1300796880000,1300796939000,60.187,60.187,60.167,60.167,110000000,1
1300796940000,1300796999000,60.167,60.217,60.167,60.217,156000000,1
1300797000000,1300797059000,60.218,60.227,60.176,60.207,137000000,1
1300797060000,1300797119000,60.207,60.217,60.187,60.216,105000000,1
1300797120000,1300797179000,60.217,60.237,60.197,60.228,162000000,1
1300797180000,1300797239000,60.228,60.238,60.206,60.216,140000000,1
1300797240000,1300797299000,60.216,60.227,60.207,60.226,86000000,1
1300797300000,1300797359000,60.226,60.237,60.216,60.226,103000000,1
1300797360000,1300797419000,60.226,60.226,60.215,60.217,111000000,1
1300797420000,1300797479000,60.218,60.218,60.207,60.217,119000000,1
1300797480000,1300797539000,60.216,60.236,60.216,60.236,60000000,1
1300797540000,1300797599000,60.227,60.228,60.207,60.226,94000000,1
1300797600000,1300797659000,60.226,60.227,60.187,60.198,129000000,1
1300797660000,1300797719000,60.199,60.208,60.196,60.207,49000000,1
1300797720000,1300797779000,60.207,60.208,60.206,60.207,17000000,1
1300797780000,1300797839000,60.208,60.217,60.196,60.217,90000000,1
1300797840000,1300797899000,60.217,60.217,60.197,60.208,67000000,1
1300797900000,1300797959000,60.216,60.216,60.206,60.208,58000000,1
1300797960000,1300798019000,60.208,60.228,60.201,60.227,125000000,1
1300798020000,1300798079000,60.227,60.227,60.208,60.217,66000000,1
1300798080000,1300798139000,60.217,60.227,60.208,60.227,106000000,1
1300798140000,1300798199000,60.227,60.247,60.22,60.237,79000000,1
1300798200000,1300798259000,60.237,60.247,60.227,60.239,114000000,1
1300798260000,1300798319000,60.238,60.246,60.227,60.246,75000000,1
1300798320000,1300798379000,60.246,60.247,60.228,60.228,86000000,1
1300798380000,1300798439000,60.228,60.238,60.22,60.22,115000000,1
1300798440000,1300798499000,60.227,60.239,60.217,60.228,117000000,1
1300798500000,1300798559000,60.228,60.238,60.217,60.229,110000000,1
1300798560000,1300798619000,60.229,60.258,60.22,60.258,71000000,1
1300798620000,1300798679000,60.257,60.257,60.224,60.227,146000000,1
1300798680000,1300798739000,60.226,60.248,60.218,60.248,102000000,1
1300798740000,1300798799000,60.248,60.248,60.218,60.227,133000000,1
1300798800000,1300798859000,60.23,60.238,60.191,60.207,142000000,1
1300798860000,1300798919000,60.207,60.218,60.199,60.208,94000000,1
1300798920000,1300798979000,60.208,60.209,60.197,60.209,63000000,1
1300798980000,1300799039000,60.209,60.227,60.199,60.218,163000000,1
1300799040000,1300799099000,60.216,60.216,60.197,60.198,101000000,1
1300799100000,1300799159000,60.2,60.208,60.168,60.188,156000000,1
1300799160000,1300799219000,60.192,60.208,60.189,60.197,153000000,1
1300799220000,1300799279000,60.197,60.204,60.187,60.192,127000000,1
1300799280000,1300799339000,60.194,60.202,60.19,60.2,84000000,1
1300799340000,1300799399000,60.197,60.199,60.177,60.187,148000000,1
1300799400000,1300799459000,60.187,60.188,60.169,60.17,113000000,1
1300799460000,1300799519000,60.178,60.187,60.167,60.167,94000000,1
1300799520000,1300799579000,60.167,60.17,60.158,60.168,113000000,1
1300799580000,1300799639000,60.168,60.199,60.168,60.198,83000000,1
1300799640000,1300799699000,60.198,60.21,60.178,60.21,134000000,1
1300799700000,1300799759000,60.207,60.217,60.207,60.207,109000000,1
1300799760000,1300799819000,60.207,60.218,60.207,60.216,48000000,1
1300799820000,1300799879000,60.216,60.218,60.179,60.197,171000000,1
1300799880000,1300799939000,60.198,60.198,60.18,60.188,85000000,1
1300799940000,1300799999000,60.182,60.188,60.175,60.178,93000000,1
1300800000000,1300800059000,60.179,60.182,60.17,60.177,97000000,1
1300800060000,1300800119000,60.177,60.197,60.167,60.188,128000000,1
1300800120000,1300800179000,60.186,60.186,60.168,60.178,85000000,1
1300800180000,1300800239000,60.176,60.18,60.168,60.176,48000000,1
1300800240000,1300800299000,60.176,60.178,60.167,60.177,78000000,1
1300800300000,1300800359000,60.177,60.178,60.177,60.178,11000000,1
1300800360000,1300800419000,60.178,60.178,60.167,60.178,91000000,1
1300800420000,1300800479000,60.179,60.187,60.167,60.177,69000000,1
1300800480000,1300800539000,60.177,60.177,60.166,60.166,98000000,1
1300800540000,1300800599000,60.166,60.179,60.166,60.167,95000000,1
1300800600000,1300800659000,60.167,60.178,60.157,60.167,87000000,1
1300800660000,1300800719000,60.167,60.177,60.147,60.152,103000000,1
1300800720000,1300800779000,60.149,60.157,60.147,60.157,96000000,1
1300800780000,1300800839000,60.157,60.188,60.157,60.178,113000000,1
1300800840000,1300800899000,60.178,60.178,60.167,60.167,86000000,1
1300800900000,1300800959000,60.178,60.178,60.128,60.163,128000000,1
1300800960000,1300801019000,60.164,60.164,60.137,60.137,116000000,1
1300801020000,1300801079000,60.137,60.146,60.123,60.137,133000000,1
1300801080000,1300801139000,60.147,60.148,60.136,60.148,79000000,1
1300801140000,1300801199000,60.148,60.165,60.147,60.161,99000000,1
1300801200000,1300801259000,60.161,60.168,60.147,60.156,87000000,1
1300801260000,1300801319000,60.147,60.158,60.136,60.147,163000000,1
1300801320000,1300801379000,60.147,60.147,60.107,60.107,116000000,1
1300801380000,1300801439000,60.107,60.117,60.097,60.098,108000000,1
1300801440000,1300801499000,60.098,60.117,60.096,60.107,152000000,1
1300801500000,1300801559000,60.107,60.118,60.098,60.106,145000000,1
1300801560000,1300801619000,60.106,60.118,60.098,60.108,58000000,1
1300801620000,1300801679000,60.108,60.108,60.047,60.056,145000000,1
1300801680000,1300801739000,60.056,60.084,60.048,60.066,82000000,1
1300801740000,1300801799000,60.058,60.072,60.056,60.058,144000000,1
1300801800000,1300801859000,60.061,60.086,60.051,60.068,116000000,1
1300801860000,1300801919000,60.068,60.068,60.036,60.04,124000000,1
1300801920000,1300801979000,60.037,60.048,60.029,60.033,130000000,1
1300801980000,1300802039000,60.036,60.05,60.026,60.033,91000000,1
1300802040000,1300802099000,60.033,60.039,60.018,60.033,179000000,1
1300802100000,1300802159000,60.032,60.057,60.031,60.056,110000000,1
1300802160000,1300802219000,60.056,60.076,60.056,60.067,128000000,1
1300802220000,1300802279000,60.067,60.067,60.039,60.046,85000000,1
1300802280000,1300802339000,60.046,60.057,60.028,60.028,125000000,1
1300802340000,1300802399000,60.028,60.057,60.027,60.048,84000000,1
1300802400000,1300802459000,60.046,60.057,60.028,60.046,146000000,1
1300802460000,1300802519000,60.046,60.051,60.033,60.043,160000000,1
1300802520000,1300802579000,60.042,60.053,60.037,60.053,153000000,1
1300802580000,1300802639000,60.056,60.069,60.046,60.057,216000000,1
1300802640000,1300802699000,60.056,60.101,60.056,60.091,136000000,1
1300802700000,1300802759000,60.091,60.091,60.07,60.085,84000000,1
1300802760000,1300802819000,60.085,60.086,60.077,60.082,70000000,1
1300802820000,1300802879000,60.08,60.098,60.074,60.086,128000000,1
1300802880000,1300802939000,60.087,60.087,60.056,60.074,140000000,1
1300802940000,1300802999000,60.077,60.077,60.066,60.066,121000000,1
1300803000000,1300803059000,60.066,60.067,60.026,60.036,152000000,1
1300803060000,1300803119000,60.036,60.047,60.026,60.047,108000000,1
1300803120000,1300803179000,60.047,60.047,59.995,60.026,190000000,1
1300803180000,1300803239000,60.017,60.047,60.017,60.041,108000000,1
1300803240000,1300803299000,60.046,60.057,60.036,60.047,130000000,1
1300803300000,1300803359000,60.047,60.047,60.021,60.027,179000000,1
1300803360000,1300803419000,60.03,60.036,59.997,59.998,140000000,1
1300803420000,1300803479000,59.998,60.0,59.971,59.987,164000000,1
1300803480000,1300803539000,59.987,59.994,59.98,59.987,69000000,1
1300803540000,1300803599000,59.986,60.008,59.986,60.007,122000000,1
1300803600000,1300803659000,60.007,60.017,59.998,60.016,142000000,1
1300803660000,1300803719000,60.017,60.017,60.006,60.017,93000000,1
1300803720000,1300803779000,60.016,60.017,60.0,60.007,75000000,1
1300803780000,1300803839000,60.007,60.017,59.986,59.988,157000000,1
1300803840000,1300803899000,59.988,59.997,59.976,59.996,157000000,1
1300803900000,1300803959000,59.996,60.007,59.967,59.977,137000000,1
1300803960000,1300804019000,59.976,59.987,59.966,59.979,100000000,1
1300804020000,1300804079000,59.987,60.026,59.987,60.017,108000000,1
1300804080000,1300804139000,60.016,60.061,60.016,60.058,172000000,1
1300804140000,1300804199000,60.059,60.07,60.038,60.041,210000000,1
1300804200000,1300804259000,60.041,60.046,60.027,60.038,103000000,1
1300804260000,1300804319000,60.035,60.047,60.035,60.038,123000000,1
1300804320000,1300804379000,60.038,60.049,60.038,60.049,75000000,1
1300804380000,1300804439000,60.048,60.048,60.027,60.038,154000000,1
1300804440000,1300804499000,60.041,60.05,60.037,60.039,119000000,1
1300804500000,1300804559000,60.04,60.057,60.04,60.048,132000000,1
1300804560000,1300804619000,60.048,60.058,60.043,60.048,161000000,1
1300804620000,1300804679000,60.053,60.07,60.053,60.066,130000000,1
1300804680000,1300804739000,60.066,60.086,60.049,60.084,153000000,1
1300804740000,1300804799000,60.081,60.1,60.08,60.098,142000000,1
1300804800000,1300804859000,60.1,60.127,60.1,60.122,132000000,1
1300804860000,1300804919000,60.12,60.156,60.12,60.136,93000000,1
1300804920000,1300804979000,60.135,60.135,60.088,60.091,168000000,1
1300804980000,1300805039000,60.091,60.091,60.077,60.086,164000000,1
1300805040000,1300805099000,60.082,60.083,60.056,60.067,168000000,1
1300805100000,1300805159000,60.058,60.068,60.054,60.066,152000000,1
1300805160000,1300805219000,60.063,60.065,60.043,60.058,135000000,1
1300805220000,1300805279000,60.05,60.058,60.038,60.041,87000000,1
1300805280000,1300805339000,60.048,60.048,60.028,60.039,104000000,1
1300805340000,1300805399000,60.039,60.048,60.038,60.042,68000000,1
1300805400000,1300805459000,60.044,60.048,60.036,60.047,118000000,1
1300805460000,1300805519000,60.047,60.057,60.034,60.057,93000000,1
1300805520000,1300805579000,60.057,60.068,60.05,60.058,107000000,1
1300805580000,1300805639000,60.064,60.068,60.047,60.047,203000000,1
1300805640000,1300805699000,60.047,60.058,60.041,60.049,95000000,1
1300805700000,1300805759000,60.05,60.05,60.036,60.043,59000000,1
1300805760000,1300805819000,60.043,60.044,60.031,60.031,55000000,1
1300805820000,1300805879000,60.031,60.047,60.004,60.047,177000000,1
1300805880000,1300805939000,60.044,60.048,60.036,60.037,71000000,1
1300805940000,1300805999000,60.04,60.04,60.007,60.013,199000000,1
1300806000000,1300806059000,60.011,60.013,59.987,59.998,232000000,1
1300806060000,1300806119000,59.998,60.011,59.982,60.008,178000000,1
1300806120000,1300806179000,60.008,60.018,59.997,60.007,204000000,1
1300806180000,1300806239000,60.007,60.047,59.997,60.037,165000000,1
1300806240000,1300806299000,60.037,60.048,60.002,60.011,206000000,1
1300806300000,1300806359000,60.011,60.027,60.007,60.016,154000000,1
1300806360000,1300806419000,60.016,60.016,59.999,60.002,91000000,1
1300806420000,1300806479000,60.002,60.008,59.997,60.002,122000000,1
1300806480000,1300806539000,60.002,60.002,59.986,59.988,162000000,1
1300806540000,1300806599000,59.986,60.006,59.98,59.997,198000000,1
1300806600000,1300806659000,59.997,59.997,59.977,59.977,69000000,1
1300806660000,1300806719000,59.977,60.008,59.977,59.995,120000000,1
1300806720000,1300806779000,59.993,59.998,59.977,59.977,120000000,1
1300806780000,1300806839000,59.977,59.977,59.948,59.949,128000000,1
1300806840000,1300806899000,59.949,59.956,59.937,59.938,128000000,1
1300806900000,1300806959000,59.936,59.938,59.92,59.927,173000000,1
1300806960000,1300807019000,59.927,59.937,59.911,59.934,152000000,1
1300807020000,1300807079000,59.933,59.948,59.933,59.948,124000000,1
1300807080000,1300807139000,59.948,59.959,59.948,59.958,143000000,1
1300807140000,1300807199000,59.959,60.013,59.959,60.008,142000000,1
1300807200000,1300807259000,60.008,60.009,59.964,59.967,127000000,1
1300807260000,1300807319000,59.969,59.972,59.936,59.936,145000000,1
1300807320000,1300807379000,59.936,59.949,59.931,59.948,207000000,1
1300807380000,1300807439000,59.946,59.948,59.918,59.918,150000000,1
1300807440000,1300807499000,59.918,59.94,59.915,59.928,106000000,1
1300807500000,1300807559000,59.927,59.948,59.927,59.928,119000000,1
1300807560000,1300807619000,59.926,59.936,59.897,59.902,94000000,1
1300807620000,1300807679000,59.9,59.908,59.886,59.897,138000000,1
1300807680000,1300807739000,59.899,59.916,59.892,59.897,98000000,1
1300807740000,1300807799000,59.898,59.918,59.886,59.911,175000000,1
1300807800000,1300807859000,59.913,59.937,59.907,59.928,117000000,1
1300807860000,1300807919000,59.934,59.957,59.93,59.948,175000000,1
1300807920000,1300807979000,59.946,59.968,59.938,59.966,130000000,1
1300807980000,1300808039000,59.966,59.967,59.938,59.938,101000000,1
1300808040000,1300808099000,59.938,59.944,59.932,59.944,74000000,1
1300808100000,1300808159000,59.939,59.958,59.934,59.948,206000000,1
1300808160000,1300808219000,59.957,59.977,59.948,59.972,215000000,1
1300808220000,1300808279000,59.974,59.979,59.964,59.978,100000000,1
1300808280000,1300808339000,59.977,59.986,59.971,59.976,83000000,1
1300808340000,1300808399000,59.978,59.999,59.977,59.998,67000000,1
1300808400000,1300808459000,59.999,59.999,59.967,59.971,110000000,1
1300808460000,1300808519000,59.972,59.976,59.938,59.942,123000000,1
1300808520000,1300808579000,59.94,59.977,59.94,59.977,62000000,1
1300808580000,1300808639000,59.967,59.967,59.938,59.957,112000000,1
1300808640000,1300808699000,59.948,59.957,59.947,59.948,115000000,1
1300808700000,1300808759000,59.956,59.957,59.931,59.957,113000000,1
1300808760000,1300808819000,59.957,59.977,59.957,59.977,148000000,1
1300808820000,1300808879000,59.977,59.987,59.976,59.986,95000000,1
1300808880000,1300808939000,59.986,60.0,59.976,60.0,105000000,1
1300808940000,1300808999000,60.0,60.017,59.997,60.016,92000000,1
1300809000000,1300809059000,60.016,60.023,60.004,60.007,150000000,1
1300809060000,1300809119000,60.01,60.036,60.007,60.027,186000000,1
1300809120000,1300809179000,60.027,60.027,60.009,60.009,121000000,1
1300809180000,1300809239000,60.011,60.011,60.002,60.004,42000000,1
1300809240000,1300809299000,60.004,60.004,59.994,60.002,47000000,1
1300809300000,1300809359000,59.999,59.999,59.977,59.977,86000000,1
1300809360000,1300809419000,59.98,60.002,59.977,59.984,80000000,1
1300809420000,1300809479000,59.985,59.985,59.97,59.97,43000000,1
1300809480000,1300809539000,59.978,59.991,59.963,59.986,166000000,1
1300809540000,1300809599000,59.987,60.048,59.982,60.038,197000000,1
1300809600000,1300809659000,60.04,60.046,60.018,60.028,126000000,1
1300809660000,1300809719000,60.028,60.037,60.021,60.028,116000000,1
1300809720000,1300809779000,60.027,60.028,60.006,60.012,53000000,1
1300809780000,1300809839000,60.01,60.017,59.998,59.998,106000000,1
1300809840000,1300809899000,59.999,60.008,59.99,60.008,124000000,1
1300809900000,1300809959000,60.008,60.019,59.997,60.007,183000000,1
1300809960000,1300810019000,60.007,60.012,59.986,59.997,216000000,1
1300810020000,1300810079000,59.997,59.997,59.977,59.988,117000000,1
1300810080000,1300810139000,59.986,59.986,59.968,59.976,106000000,1
1300810140000,1300810199000,59.976,59.997,59.972,59.987,210000000,1
1300810200000,1300810259000,59.987,59.997,59.976,59.978,254000000,1
1300810260000,1300810319000,59.978,59.988,59.973,59.978,238000000,1
1300810320000,1300810379000,59.978,59.979,59.947,59.95,244000000,1
1300810380000,1300810439000,59.949,59.967,59.947,59.949,183000000,1
1300810440000,1300810499000,59.947,59.966,59.947,59.966,92000000,1
1300810500000,1300810559000,59.966,59.986,59.96,59.967,84000000,1
1300810560000,1300810619000,59.967,59.986,59.966,59.986,54000000,1
1300810620000,1300810679000,59.986,59.986,59.966,59.969,61000000,1
1300810680000,1300810739000,59.969,59.982,59.966,59.981,43000000,1
1300810740000,1300810799000,59.984,59.987,59.973,59.982,73000000,1
1300810800000,1300810859000,59.979,59.986,59.978,59.981,80000000,1
1300810860000,1300810919000,59.98,59.987,59.98,59.986,20000000,1
1300810920000,1300810979000,59.986,59.997,59.983,59.993,51000000,1
1300810980000,1300811039000,59.991,60.01,59.987,60.003,182000000,1
1300811040000,1300811099000,60.0,60.018,59.986,59.989,185000000,1
1300811100000,1300811159000,59.987,59.998,59.977,59.993,212000000,1
1300811160000,1300811219000,59.99,59.994,59.982,59.992,89000000,1
1300811220000,1300811279000,59.992,59.994,59.974,59.987,121000000,1
1300811280000,1300811339000,59.987,59.987,59.978,59.981,45000000,1
1300811340000,1300811399000,59.982,59.988,59.979,59.981,39000000,1
1300811400000,1300811459000,59.98,59.983,59.978,59.981,76000000,1
1300811460000,1300811519000,59.982,59.982,59.957,59.957,68000000,1
1300811520000,1300811579000,59.957,59.968,59.956,59.956,79000000,1
1300811580000,1300811639000,59.957,59.957,59.937,59.938,94000000,1
1300811640000,1300811699000,59.937,59.948,59.937,59.947,96000000,1
1300811700000,1300811759000,59.947,59.954,59.934,59.95,100000000,1
1300811760000,1300811819000,59.95,59.953,59.947,59.947,69000000,1
1300811820000,1300811879000,59.947,59.948,59.918,59.927,58000000,1
1300811880000,1300811939000,59.927,59.927,59.882,59.892,137000000,1
1300811940000,1300811999000,59.896,59.906,59.876,59.906,111000000,1
1300812000000,1300812059000,59.906,59.907,59.897,59.907,25000000,1
1300812060000,1300812119000,59.896,59.906,59.896,59.899,31000000,1
1300812120000,1300812179000,59.9,59.906,59.899,59.9,19000000,1
1300812180000,1300812239000,59.9,59.906,59.891,59.906,73000000,1
1300812240000,1300812299000,59.906,59.907,59.906,59.907,24000000,1
1300812300000,1300812359000,59.907,59.923,59.906,59.917,41000000,1
1300812360000,1300812419000,59.916,59.947,59.916,59.927,62000000,1
1300812420000,1300812479000,59.927,59.927,59.926,59.926,26000000,1
1300812480000,1300812539000,59.926,59.952,59.926,59.946,58000000,1
1300812540000,1300812599000,59.946,59.957,59.946,59.947,23000000,1
1300812600000,1300812659000,59.947,59.957,59.946,59.957,45000000,1
1300812660000,1300812719000,59.956,59.967,59.947,59.957,47000000,1
1300812720000,1300812779000,59.958,59.958,59.949,59.958,14000000,1
1300812780000,1300812839000,59.957,59.967,59.956,59.956,54000000,1
1300812840000,1300812899000,59.956,59.967,59.954,59.967,45000000,1
1300812900000,1300812959000,59.967,59.968,59.957,59.967,43000000,1
1300812960000,1300813019000,59.967,59.978,59.967,59.978,35000000,1
1300813020000,1300813079000,59.979,59.997,59.977,59.997,115000000,1
1300813080000,1300813139000,59.997,60.023,59.997,60.017,82000000,1
1300813140000,1300813199000,60.009,60.009,59.996,60.007,61000000,1
1300813200000,1300813259000,60.007,60.017,60.007,60.016,32000000,1
1300813260000,1300813319000,60.016,60.037,60.016,60.037,56000000,1
1300813320000,1300813379000,60.037,60.037,60.007,60.007,23000000,1
1300813380000,1300813439000,60.007,60.007,59.996,59.996,26000000,1
1300813440000,1300813499000,59.996,59.996,59.986,59.987,30000000,1
1300813500000,1300813559000,59.987,59.987,59.976,59.978,40000000,1
1300813560000,1300813619000,59.978,59.981,59.957,59.966,58000000,1
1300813620000,1300813679000,59.966,59.967,59.957,59.967,29000000,1
1300813680000,1300813739000,59.967,59.997,59.967,59.997,33000000,1
1300813740000,1300813799000,59.997,60.006,59.986,59.997,36000000,1
1300813800000,1300813859000,59.997,60.007,59.987,59.996,38000000,1
1300813860000,1300813919000,59.996,60.017,59.996,60.016,62000000,1
1300813920000,1300813979000,60.017,60.017,59.996,59.996,23000000,1
1300813980000,1300814039000,59.996,59.997,59.986,59.996,19000000,1
1300814040000,1300814099000,59.996,59.997,59.996,59.997,4000000,1
1300814100000,1300814159000,59.996,59.997,59.996,59.997,14000000,1
1300814160000,1300814219000,59.997,60.006,59.996,60.006,16000000,1
1300814220000,1300814279000,60.007,60.007,59.997,59.999,30000000,1
1300814280000,1300814339000,59.999,60.007,59.999,60.0,23000000,1
1300814340000,1300814399000,60.0,60.008,59.976,59.978,41000000,1
1300814400000,1300814459000,59.978,59.978,59.956,59.962,57000000,1
1300814460000,1300814519000,59.963,59.987,59.963,59.987,57000000,1
1300814520000,1300814579000,59.986,59.987,59.977,59.986,40000000,1
1300814580000,1300814639000,59.986,59.988,59.977,59.988,33000000,1
1300814640000,1300814699000,59.988,59.997,59.987,59.997,20000000,1
1300814700000,1300814759000,59.997,60.007,59.961,59.966,63000000,1
1300814760000,1300814819000,59.966,59.967,59.957,59.967,32000000,1
1300814820000,1300814879000,59.967,59.987,59.967,59.977,46000000,1
1300814880000,1300814939000,59.977,59.977,59.977,59.977,18000000,1
1300814940000,1300814999000,59.977,59.978,59.977,59.977,45000000,1
1300815000000,1300815059000,59.976,59.977,59.956,59.956,21000000,1
1300815060000,1300815119000,59.948,59.957,59.948,59.956,18000000,1
1300815120000,1300815179000,59.956,59.966,59.956,59.956,23000000,1
1300815180000,1300815239000,59.957,59.957,59.956,59.957,12000000,1
1300815240000,1300815299000,59.956,59.957,59.956,59.956,25000000,1
1300815300000,1300815359000,59.956,59.967,59.956,59.957,30000000,1
1300815360000,1300815419000,59.957,59.976,59.957,59.976,31000000,1
1300815420000,1300815479000,59.976,59.977,59.966,59.976,35000000,1
1300815480000,1300815539000,59.976,59.976,59.966,59.967,19000000,1
1300815540000,1300815599000,59.967,59.967,59.956,59.956,33000000,1
1300815600000,1300815659000,59.956,59.957,59.956,59.957,9000000,1
1300815660000,1300815719000,59.957,59.957,59.936,59.936,34000000,1
1300815720000,1300815779000,59.936,59.936,59.926,59.926,18000000,1
1300815780000,1300815839000,59.926,59.927,59.926,59.926,12000000,1
1300815840000,1300815899000,59.926,59.927,59.926,59.926,14000000,1
1300815900000,1300815959000,59.927,59.928,59.927,59.927,8000000,1
1300815960000,1300816019000,59.927,59.947,59.917,59.927,88000000,1
1300816020000,1300816079000,59.927,59.937,59.926,59.937,30000000,1
1300816080000,1300816139000,59.937,59.938,59.937,59.937,7000000,1
1300816140000,1300816199000,59.936,59.938,59.936,59.938,9000000,1
1300816200000,1300816259000,59.938,59.978,59.937,59.978,53000000,1
1300816260000,1300816319000,59.976,59.977,59.976,59.977,5000000,1
1300816320000,1300816379000,59.976,59.978,59.976,59.978,9000000,1
1300816380000,1300816439000,59.977,59.977,59.976,59.976,22000000,1
1300816440000,1300816499000,59.976,59.978,59.976,59.978,20000000,1
1300816500000,1300816559000,59.978,59.997,59.977,59.987,50000000,1
1300816560000,1300816619000,59.986,59.991,59.986,59.986,16000000,1
1300816620000,1300816679000,59.987,60.007,59.987,59.997,32000000,1
1300816680000,1300816739000,59.997,59.997,59.996,59.996,19000000,1
1300816740000,1300816799000,59.996,59.997,59.976,59.98,86000000,1
1300816800000,1300816859000,59.978,59.986,59.976,59.976,37000000,1
1300816860000,1300816919000,59.976,59.986,59.976,59.978,18000000,1
1300816920000,1300816979000,59.977,59.987,59.976,59.978,46000000,1
1300816980000,1300817039000,59.978,59.978,59.977,59.977,11000000,1
1300817040000,1300817099000,59.977,59.977,59.967,59.967,20000000,1
1300817100000,1300817159000,59.968,59.977,59.967,59.967,24000000,1
1300817160000,1300817219000,59.968,59.968,59.947,59.948,39000000,1
1300817220000,1300817279000,59.948,59.948,59.917,59.917,48000000,1
1300817280000,1300817339000,59.92,59.942,59.92,59.936,45000000,1
1300817340000,1300817399000,59.937,59.947,59.937,59.937,27000000,1
1300817400000,1300817459000,59.936,59.948,59.936,59.948,23000000,1
1300817460000,1300817519000,59.948,59.957,59.947,59.948,21000000,1
1300817520000,1300817579000,59.948,59.948,59.946,59.947,30000000,1
1300817580000,1300817639000,59.946,59.956,59.937,59.937,25000000,1
1300817640000,1300817699000,59.937,59.946,59.926,59.946,43000000,1
1300817700000,1300817759000,59.946,59.957,59.937,59.956,28000000,1
1300817760000,1300817819000,59.956,59.967,59.956,59.956,24000000,1
1300817820000,1300817879000,59.956,59.958,59.947,59.957,20000000,1
1300817880000,1300817939000,59.957,59.957,59.926,59.927,24000000,1
1300817940000,1300817999000,59.927,59.958,59.916,59.956,74000000,1
1300818000000,1300818059000,59.956,59.966,59.937,59.966,30000000,1
1300818060000,1300818119000,59.966,59.971,59.966,59.967,30000000,1
1300818120000,1300818179000,59.971,59.978,59.971,59.978,37000000,1
1300818180000,1300818239000,59.977,59.987,59.977,59.987,22000000,1
1300818240000,1300818299000,59.987,59.987,59.976,59.986,22000000,1
1300818300000,1300818359000,59.987,60.007,59.981,59.987,48000000,1
1300818360000,1300818419000,59.996,59.997,59.976,59.976,40000000,1
1300818420000,1300818479000,59.976,59.976,59.966,59.966,28000000,1
1300818480000,1300818539000,59.968,59.977,59.966,59.967,17000000,1
1300818540000,1300818599000,59.969,59.976,59.969,59.976,4000000,1
1300818600000,1300818659000,59.977,60.007,59.976,59.987,96000000,1
1300818660000,1300818719000,59.988,59.996,59.986,59.996,27000000,1
1300818720000,1300818779000,59.996,60.026,59.996,60.016,40000000,1
1300818780000,1300818839000,60.016,60.026,59.986,59.996,71000000,1
1300818840000,1300818899000,59.996,59.997,59.986,59.986,15000000,1
1300818900000,1300818959000,59.987,59.987,59.986,59.986,4000000,1
1300818960000,1300819019000,59.987,59.987,59.98,59.987,15000000,1
1300819020000,1300819079000,59.977,59.986,59.967,59.967,56000000,1
1300819080000,1300819139000,59.969,59.977,59.966,59.967,54000000,1
1300819140000,1300819199000,59.969,59.969,59.95,59.95,19000000,1
1300819200000,1300819259000,59.956,59.966,59.956,59.966,12000000,1
1300819260000,1300819319000,59.966,59.967,59.966,59.966,5000000,1
1300819320000,1300819379000,59.967,59.969,59.962,59.969,15000000,1
1300819380000,1300819439000,59.977,59.977,59.976,59.976,10000000,1
1300819440000,1300819499000,59.977,59.977,59.976,59.977,7000000,1
1300819500000,1300819559000,59.976,59.977,59.976,59.977,4000000,1
1300819560000,1300819619000,59.976,59.977,59.976,59.977,4000000,1
1300819620000,1300819679000,59.977,59.977,59.966,59.966,13000000,1
1300819680000,1300819739000,59.966,59.966,59.956,59.966,18000000,1
1300819740000,1300819799000,59.967,59.967,59.966,59.967,6000000,1
1300819800000,1300819859000,59.966,59.967,59.966,59.967,8000000,1
1300819860000,1300819919000,59.966,59.967,59.966,59.966,11000000,1
1300819920000,1300819979000,59.966,59.977,59.966,59.976,46000000,1
1300819980000,1300820039000,59.976,59.976,59.956,59.976,44000000,1
1300820040000,1300820099000,59.976,59.976,59.966,59.966,13000000,1
1300820100000,1300820159000,59.966,59.977,59.966,59.977,34000000,1
1300820160000,1300820219000,59.976,59.997,59.976,59.997,27000000,1
1300820220000,1300820279000,59.997,60.016,59.976,59.977,56000000,1
1300820280000,1300820339000,59.977,59.987,59.976,59.986,27000000,1
1300820340000,1300820399000,59.987,59.997,59.968,59.984,59000000,1
1300820400000,1300820459000,59.987,59.996,59.946,59.983,98000000,1
1300820460000,1300820519000,59.981,60.007,59.976,59.976,43000000,1
1300820520000,1300820579000,59.973,59.993,59.966,59.977,63000000,1
1300820580000,1300820639000,59.977,59.986,59.976,59.977,27000000,1
1300820640000,1300820699000,59.976,59.977,59.966,59.967,31000000,1
1300820700000,1300820759000,59.966,59.967,59.966,59.967,7000000,1
1300820760000,1300820819000,59.966,59.976,59.966,59.976,17000000,1
1300820820000,1300820879000,59.977,59.987,59.969,59.977,30000000,1
1300820880000,1300820939000,59.977,59.977,59.976,59.976,15000000,1
1300820940000,1300820999000,59.976,59.976,59.966,59.966,15000000,1
1300821000000,1300821059000,59.966,59.967,59.947,59.957,48000000,1
1300821060000,1300821119000,59.957,59.967,59.957,59.967,13000000,1
1300821120000,1300821179000,59.967,59.977,59.96,59.967,25000000,1
1300821180000,1300821239000,59.966,59.977,59.966,59.976,18000000,1
1300821240000,1300821299000,59.976,59.987,59.976,59.987,18000000,1
1300821300000,1300821359000,59.987,59.987,59.976,59.976,6000000,1
1300821360000,1300821419000,59.977,59.977,59.966,59.967,20000000,1
1300821420000,1300821479000,59.966,59.967,59.966,59.966,13000000,1
1300821480000,1300821539000,59.967,59.967,59.966,59.966,9000000,1
1300821540000,1300821599000,59.967,59.967,59.957,59.957,7000000,1
1300821600000,1300821659000,59.959,59.966,59.956,59.966,26000000,1
1300821660000,1300821719000,59.967,59.969,59.963,59.969,12000000,1
1300821720000,1300821779000,59.97,59.976,59.966,59.966,9000000,1
1300821780000,1300821839000,59.97,59.971,59.97,59.971,6000000,1
1300821840000,1300821899000,59.971,59.971,59.966,59.967,13000000,1
1300821900000,1300821959000,59.967,59.967,59.967,59.967,4000000,1
1300821960000,1300822019000,59.967,59.977,59.967,59.977,16000000,1
1300822020000,1300822079000,59.976,59.976,59.976,59.976,4000000,1
1300822080000,1300822139000,59.976,59.976,59.969,59.971,10000000,1
1300822140000,1300822199000,59.977,59.983,59.967,59.967,47000000,1
1300822200000,1300822259000,59.963,59.968,59.963,59.966,11000000,1
1300822260000,1300822319000,59.966,59.977,59.966,59.976,31000000,1
1300822320000,1300822379000,59.977,59.987,59.976,59.987,11000000,1
1300822380000,1300822439000,59.986,59.988,59.966,59.977,34000000,1
1300822440000,1300822499000,59.966,59.977,59.966,59.969,65000000,1
1300822500000,1300822559000,59.976,59.977,59.966,59.969,23000000,1
1300822560000,1300822619000,59.971,59.987,59.968,59.977,52000000,1
1300822620000,1300822679000,59.976,59.986,59.969,59.969,34000000,1
1300822680000,1300822739000,59.977,59.979,59.967,59.967,38000000,1
1300822740000,1300822799000,59.967,59.967,59.946,59.947,46000000,1
1300822800000,1300822859000,59.949,59.952,59.936,59.937,17000000,1
1300822860000,1300822919000,59.938,59.957,59.938,59.957,22000000,1
1300822920000,1300822979000,59.956,59.966,59.956,59.958,16000000,1
1300822980000,1300823039000,59.957,59.957,59.937,59.956,29000000,1
1300823040000,1300823099000,59.956,59.958,59.948,59.957,23000000,1
1300823100000,1300823159000,59.957,59.97,59.956,59.966,26000000,1
1300823160000,1300823219000,59.966,59.967,59.956,59.958,32000000,1
1300823220000,1300823279000,59.958,59.967,59.958,59.959,20000000,1
1300823280000,1300823339000,59.959,59.967,59.946,59.947,28000000,1
1300823340000,1300823399000,59.947,59.966,59.947,59.966,29000000,1
1300823400000,1300823459000,59.966,59.966,59.956,59.957,15000000,1
1300823460000,1300823519000,59.956,59.966,59.956,59.966,14000000,1
1300823520000,1300823579000,59.967,59.977,59.966,59.966,19000000,1
1300823580000,1300823639000,59.967,59.978,59.926,59.927,78000000,1
1300823640000,1300823699000,59.929,59.929,59.916,59.916,30000000,1
1300823700000,1300823759000,59.916,59.917,59.906,59.917,27000000,1
1300823760000,1300823819000,59.918,59.926,59.917,59.917,14000000,1
1300823820000,1300823879000,59.926,59.937,59.926,59.937,17000000,1
1300823880000,1300823939000,59.936,59.946,59.927,59.936,19000000,1
1300823940000,1300823999000,59.936,59.936,59.888,59.917,69000000,1
1300824000000,1300824059000,59.926,59.937,59.916,59.916,70000000,1
1300824060000,1300824119000,59.917,59.927,59.906,59.906,28000000,1
1300824120000,1300824179000,59.906,59.946,59.906,59.946,43000000,1
1300824180000,1300824239000,59.947,59.967,59.945,59.966,25000000,1
1300824240000,1300824299000,59.967,59.967,59.967,59.967,7000000,1
1300824300000,1300824359000,59.967,59.977,59.956,59.976,49000000,1
1300824360000,1300824419000,59.977,59.977,59.966,59.967,11000000,1
1300824420000,1300824479000,59.967,59.967,59.926,59.926,18000000,1
1300824480000,1300824539000,59.926,59.927,59.906,59.906,31000000,1
1300824540000,1300824599000,59.907,59.907,59.896,59.897,22000000,1
1300824600000,1300824659000,59.896,59.897,59.896,59.897,11000000,1
1300824660000,1300824719000,59.897,59.917,59.896,59.906,28000000,1
1300824720000,1300824779000,59.906,59.917,59.906,59.916,13000000,1
1300824780000,1300824839000,59.917,59.927,59.907,59.927,36000000,1
1300824840000,1300824899000,59.927,59.927,59.916,59.917,31000000,1
1300824900000,1300824959000,59.916,59.917,59.916,59.916,17000000,1
1300824960000,1300825019000,59.917,59.956,59.917,59.956,26000000,1
1300825020000,1300825079000,59.947,59.957,59.916,59.916,21000000,1
1300825080000,1300825139000,59.916,59.927,59.916,59.927,8000000,1
1300825140000,1300825199000,59.916,59.937,59.916,59.927,36000000,1
1300825200000,1300825259000,59.927,59.937,59.926,59.926,19000000,1
1300825260000,1300825319000,59.927,59.927,59.926,59.926,5000000,1
1300825320000,1300825379000,59.926,59.937,59.926,59.927,19000000,1
1300825380000,1300825439000,59.928,59.928,59.899,59.926,47000000,1
1300825440000,1300825499000,59.926,59.926,59.896,59.896,41000000,1
1300825500000,1300825559000,59.896,59.907,59.896,59.896,33000000,1
1300825560000,1300825619000,59.898,59.907,59.896,59.907,60000000,1
1300825620000,1300825679000,59.896,59.907,59.89,59.897,30000000,1
1300825680000,1300825739000,59.897,59.917,59.897,59.916,13000000,1
1300825740000,1300825799000,59.916,59.917,59.907,59.907,5000000,1
1300825800000,1300825859000,59.909,59.917,59.906,59.907,63000000,1
1300825860000,1300825919000,59.906,59.916,59.906,59.907,10000000,1
1300825920000,1300825979000,59.907,59.917,59.906,59.916,23000000,1
1300825980000,1300826039000,59.917,59.917,59.916,59.916,11000000,1
1300826040000,1300826099000,59.917,59.917,59.916,59.916,4000000,1
1300826100000,1300826159000,59.916,59.937,59.916,59.927,32000000,1
1300826160000,1300826219000,59.926,59.927,59.917,59.926,14000000,1
1300826220000,1300826279000,59.927,59.927,59.926,59.926,11000000,1
1300826280000,1300826339000,59.927,59.927,59.927,59.927,2000000,1
1300826340000,1300826399000,59.926,59.928,59.897,59.897,36000000,1
1300826400000,1300826459000,59.898,59.898,59.896,59.896,31000000,1
1300826460000,1300826519000,59.896,59.896,59.896,59.896,14000000,1
1300826520000,1300826579000,59.86,59.89,59.86,59.888,17000000,1
1300826580000,1300826639000,59.897,59.897,59.877,59.877,15000000,1
1300826640000,1300826699000,59.877,59.907,59.866,59.867,53000000,1
1300826700000,1300826759000,59.86,59.868,59.856,59.866,41000000,1
1300826760000,1300826819000,59.857,59.857,59.777,59.817,64000000,1
1300826820000,1300826879000,59.806,59.846,59.806,59.837,70000000,1
1300826880000,1300826939000,59.826,59.847,59.817,59.817,56000000,1
1300826940000,1300826999000,59.816,59.817,59.806,59.816,30000000,1
1300827000000,1300827059000,59.816,59.817,59.776,59.787,46000000,1
1300827060000,1300827119000,59.776,59.826,59.776,59.806,56000000,1
1300827120000,1300827179000,59.797,59.828,59.797,59.828,60000000,1
1300827180000,1300827239000,59.828,59.837,59.826,59.837,51000000,1
1300827240000,1300827299000,59.838,59.847,59.836,59.846,23000000,1
1300827300000,1300827359000,59.847,59.847,59.846,59.846,8000000,1
1300827360000,1300827419000,59.847,59.867,59.846,59.867,25000000,1
1300827420000,1300827479000,59.857,59.896,59.857,59.886,49000000,1
1300827480000,1300827539000,59.888,59.907,59.886,59.896,24000000,1
1300827540000,1300827599000,59.907,59.907,59.896,59.906,6000000,1
1300827600000,1300827659000,59.906,59.906,59.833,59.857,85000000,1
1300827660000,1300827719000,59.861,59.866,59.843,59.858,46000000,1
1300827720000,1300827779000,59.858,59.928,59.858,59.928,49000000,1
1300827780000,1300827839000,59.918,59.918,59.907,59.918,19000000,1
1300827840000,1300827899000,59.907,59.918,59.898,59.898,42000000,1
1300827900000,1300827959000,59.898,59.898,59.887,59.897,79000000,1
1300827960000,1300828019000,59.897,59.928,59.897,59.908,95000000,1
1300828020000,1300828079000,59.908,59.928,59.908,59.916,32000000,1
1300828080000,1300828139000,59.914,59.938,59.914,59.933,43000000,1
1300828140000,1300828199000,59.928,59.931,59.928,59.93,15000000,1
1300828200000,1300828259000,59.945,60.002,59.934,60.002,36000000,1
1300828260000,1300828319000,60.002,60.029,59.978,59.987,112000000,1
1300828320000,1300828379000,59.987,59.992,59.98,59.992,56000000,1
1300828380000,1300828439000,59.98,59.987,59.979,59.981,11000000,1
1300828440000,1300828499000,59.98,59.983,59.929,59.961,55000000,1
1300828500000,1300828559000,59.964,59.987,59.961,59.977,24000000,1
1300828560000,1300828619000,59.976,59.987,59.976,59.987,11000000,1
1300828620000,1300828679000,59.976,59.997,59.976,59.987,13000000,1
1300828680000,1300828739000,59.986,59.987,59.976,59.977,9000000,1
1300828740000,1300828799000,59.977,59.997,59.976,59.977,19000000,1
1300828800000,1300828859000,59.976,59.996,59.976,59.977,21000000,1
1300828860000,1300828919000,59.976,59.976,59.956,59.957,28000000,1
1300828920000,1300828979000,59.956,59.997,59.956,59.966,35000000,1
1300828980000,1300829039000,59.967,59.976,59.956,59.976,12000000,1
1300829040000,1300829099000,59.977,59.977,59.976,59.976,4000000,1
1300829100000,1300829159000,59.977,59.977,59.976,59.976,4000000,1
1300829160000,1300829219000,59.977,59.997,59.977,59.996,8000000,1
1300829220000,1300829279000,59.987,59.987,59.976,59.976,12000000,1
1300829280000,1300829339000,59.977,59.977,59.977,59.977,4000000,1
1300829340000,1300829399000,59.976,59.977,59.966,59.966,13000000,1
1300829400000,1300829459000,59.967,59.967,59.967,59.967,2000000,1
1300829460000,1300829519000,59.976,59.977,59.976,59.976,6000000,1
1300829520000,1300829579000,59.977,59.997,59.977,59.997,9000000,1
1300829580000,1300829639000,59.996,60.007,59.97,59.987,27000000,1
1300829640000,1300829699000,59.986,59.986,59.976,59.976,10000000,1
1300829700000,1300829759000,59.977,59.996,59.976,59.986,10000000,1
1300829760000,1300829819000,59.987,59.997,59.986,59.986,9000000,1
1300829820000,1300829879000,59.987,59.987,59.986,59.986,4000000,1
1300829880000,1300829939000,59.976,59.977,59.976,59.976,6000000,1
1300829940000,1300829999000,59.976,59.997,59.976,59.987,34000000,1
1300830000000,1300830059000,59.986,59.997,59.986,59.997,10000000,1
1300830060000,1300830119000,59.996,59.997,59.996,59.997,4000000,1
1300830120000,1300830179000,59.996,59.996,59.996,59.996,2000000,1
1300830180000,1300830239000,59.997,60.006,59.996,59.996,8000000,1
1300830240000,1300830299000,59.997,60.037,59.986,60.037,23000000,1
1300830300000,1300830359000,60.037,60.047,59.844,59.897,175000000,1
1300830360000,1300830419000,59.897,59.906,59.886,59.906,51000000,1
1300830420000,1300830479000,59.906,59.907,59.906,59.907,4000000,1
1300830480000,1300830539000,59.906,59.967,59.906,59.967,50000000,1
1300830540000,1300830599000,59.957,59.987,59.957,59.957,27000000,1
1300830600000,1300830659000,59.956,59.956,59.946,59.956,7000000,1
1300830660000,1300830719000,59.957,59.957,59.946,59.947,9000000,1
1300830720000,1300830779000,59.946,59.956,59.946,59.956,11000000,1
1300830780000,1300830839000,59.946,59.957,59.946,59.957,13000000,1
1300830840000,1300830899000,59.956,59.957,59.946,59.957,13000000,1
1300830900000,1300830959000,59.946,59.947,59.936,59.947,44000000,1
1300830960000,1300831019000,59.956,59.966,59.956,59.956,17000000,1
1300831020000,1300831079000,59.966,59.967,59.966,59.967,8000000,1
1300831080000,1300831139000,59.956,59.957,59.926,59.946,99000000,1
1300831140000,1300831199000,59.946,59.957,59.936,59.946,22000000,1
1300831200000,1300831259000,59.941,59.967,59.941,59.967,19000000,1
1300831260000,1300831319000,59.956,59.957,59.946,59.957,16000000,1
1300831320000,1300831379000,59.956,59.957,59.956,59.956,8000000,1
1300831380000,1300831439000,59.956,59.957,59.946,59.946,16000000,1
1300831440000,1300831499000,59.957,59.957,59.956,59.957,7000000,1
1300831500000,1300831559000,59.956,59.957,59.956,59.956,6000000,1
1300831560000,1300831619000,59.957,59.957,59.956,59.956,8000000,1
1300831620000,1300831679000,59.957,59.957,59.956,59.956,8000000,1
1300831680000,1300831739000,59.957,59.967,59.956,59.967,12000000,1
1300831740000,1300831799000,59.957,59.967,59.956,59.957,12000000,1
1300831800000,1300831859000,59.956,59.966,59.956,59.966,17000000,1
1300831860000,1300831919000,59.956,59.976,59.956,59.967,35000000,1
1300831920000,1300831979000,59.966,59.967,59.966,59.967,4000000,1
1300831980000,1300832039000,59.966,59.977,59.957,59.976,18000000,1
1300832040000,1300832099000,59.976,59.987,59.976,59.987,18000000,1
1300832100000,1300832159000,59.986,59.987,59.986,59.987,40000000,1
1300832160000,1300832219000,59.987,59.987,59.976,59.987,23000000,1
1300832220000,1300832279000,59.977,59.977,59.977,59.977,3000000,1
1300832280000,1300832339000,59.967,59.967,59.966,59.967,10000000,1
1300832340000,1300832399000,59.966,59.977,59.96,59.977,16000000,1
1300832400000,1300832459000,59.977,59.977,59.966,59.966,7000000,1
1300832460000,1300832519000,59.967,59.967,59.967,59.967,4000000,1
1300832520000,1300832579000,59.957,59.966,59.956,59.957,19000000,1
1300832580000,1300832639000,59.956,59.957,59.956,59.957,12000000,1
1300832640000,1300832699000,59.956,59.956,59.956,59.956,10000000,1
1300832700000,1300832759000,59.956,59.957,59.956,59.957,11000000,1
1300832760000,1300832819000,59.957,59.957,59.956,59.957,6000000,1
1300832820000,1300832879000,59.956,59.956,59.956,59.956,4000000,1
1300832880000,1300832939000,59.956,59.956,59.906,59.906,50000000,1
1300832940000,1300832999000,59.917,59.936,59.907,59.936,24000000,1
1300833000000,1300833059000,59.937,59.937,59.926,59.926,4000000,1
1300833060000,1300833119000,59.926,59.927,59.916,59.917,29000000,1
1300833120000,1300833179000,59.916,59.916,59.896,59.897,15000000,1
1300833180000,1300833239000,59.896,59.916,59.896,59.916,21000000,1
1300833240000,1300833299000,59.917,59.917,59.906,59.907,20000000,1
1300833300000,1300833359000,59.906,59.917,59.896,59.917,36000000,1
1300833360000,1300833419000,59.907,59.917,59.907,59.916,6000000,1
1300833420000,1300833479000,59.916,59.926,59.886,59.916,67000000,1
1300833480000,1300833539000,59.916,59.927,59.916,59.917,8000000,1
1300833540000,1300833599000,59.917,59.927,59.916,59.916,11000000,1
1300833600000,1300833659000,59.916,59.957,59.916,59.957,42000000,1
1300833660000,1300833719000,59.957,59.967,59.946,59.967,46000000,1
1300833720000,1300833779000,59.956,59.957,59.946,59.946,15000000,1
1300833780000,1300833839000,59.947,59.947,59.946,59.947,6000000,1
1300833840000,1300833899000,59.946,59.957,59.926,59.926,23000000,1
1300833900000,1300833959000,59.927,59.937,59.926,59.926,24000000,1
1300833960000,1300834019000,59.926,59.937,59.926,59.937,20000000,1
1300834020000,1300834079000,59.937,59.967,59.936,59.967,19000000,1
1300834080000,1300834139000,59.966,59.967,59.966,59.966,6000000,1
1300834140000,1300834199000,59.966,59.967,59.938,59.946,20000000,1
1300834200000,1300834259000,59.947,59.957,59.937,59.947,14000000,1
1300834260000,1300834319000,59.946,59.947,59.936,59.936,19000000,1
1300834320000,1300834379000,59.928,59.937,59.926,59.927,51000000,1
1300834380000,1300834439000,59.927,59.937,59.916,59.927,50000000,1
1300834440000,1300834499000,59.926,59.956,59.926,59.956,62000000,1
1300834500000,1300834559000,59.956,59.967,59.956,59.956,22000000,1
1300834560000,1300834619000,59.956,59.957,59.956,59.957,3000000,1
1300834620000,1300834679000,59.956,59.957,59.947,59.947,12000000,1
1300834680000,1300834739000,59.946,59.947,59.946,59.947,6000000,1
1300834740000,1300834799000,59.946,59.966,59.946,59.966,15000000,1
1300834800000,1300834859000,59.966,59.966,59.956,59.956,11000000,1
1300834860000,1300834919000,59.966,59.967,59.956,59.958,20000000,1
1300834920000,1300834979000,59.957,59.967,59.957,59.966,14000000,1
1300834980000,1300835039000,59.966,59.966,59.946,59.947,17000000,1
1300835040000,1300835099000,59.948,59.948,59.937,59.947,34000000,1
1300835100000,1300835159000,59.936,59.937,59.926,59.926,21000000,1
1300835160000,1300835219000,59.926,59.927,59.904,59.916,37000000,1
1300835220000,1300835279000,59.916,59.917,59.906,59.906,22000000,1
1300835280000,1300835339000,59.906,59.907,59.897,59.906,55000000,1
1300835340000,1300835399000,59.907,59.917,59.907,59.907,24000000,1
1300835400000,1300835459000,59.907,59.907,59.906,59.907,14000000,1
1300835460000,1300835519000,59.907,59.917,59.907,59.917,14000000,1
1300835520000,1300835579000,59.916,59.917,59.916,59.917,7000000,1
1300835580000,1300835639000,59.916,59.917,59.916,59.916,5000000,1
1300835640000,1300835699000,59.88,59.919,59.88,59.903,54000000,1
1300835700000,1300835759000,59.916,59.917,59.916,59.917,4000000,1
1300835760000,1300835819000,59.918,59.918,59.912,59.917,16000000,1
1300835820000,1300835879000,59.917,59.918,59.908,59.917,23000000,1
1300835880000,1300835939000,59.916,59.917,59.916,59.916,8000000,1
1300835940000,1300835999000,59.916,59.916,59.908,59.909,21000000,1
1300836000000,1300836059000,59.909,59.917,59.909,59.916,12000000,1
1300836060000,1300836119000,59.916,59.917,59.916,59.917,7000000,1
1300836120000,1300836179000,59.918,59.918,59.918,59.918,14000000,1
1300836180000,1300836239000,59.918,59.926,59.917,59.926,19000000,1
1300836240000,1300836299000,59.927,59.927,59.927,59.927,5000000,1
1300836300000,1300836359000,59.926,59.926,59.907,59.907,41000000,1
1300836360000,1300836419000,59.907,59.917,59.907,59.917,27000000,1
1300836420000,1300836479000,59.917,59.918,59.908,59.916,32000000,1
1300836480000,1300836539000,59.918,59.927,59.917,59.917,25000000,1
1300836540000,1300836599000,59.916,59.916,59.907,59.907,8000000,1
1300836600000,1300836659000,59.907,59.927,59.907,59.927,31000000,1
1300836660000,1300836719000,59.917,59.917,59.906,59.916,30000000,1
1300836720000,1300836779000,59.917,59.918,59.907,59.918,13000000,1
1300836780000,1300836839000,59.918,59.918,59.906,59.906,13000000,1
1300836840000,1300836899000,59.906,59.908,59.906,59.906,21000000,1
1300836900000,1300836959000,59.906,59.916,59.906,59.907,71000000,1
1300836960000,1300837019000,59.906,59.917,59.906,59.917,28000000,1
1300837020000,1300837079000,59.917,59.917,59.876,59.877,64000000,1
1300837080000,1300837139000,59.886,59.897,59.886,59.897,22000000,1
1300837140000,1300837199000,59.897,59.897,59.886,59.886,15000000,1
1300837200000,1300837259000,59.886,59.888,59.878,59.886,23000000,1
1300837260000,1300837319000,59.887,59.897,59.886,59.897,19000000,1
1300837320000,1300837379000,59.896,59.897,59.89,59.896,18000000,1
1300837380000,1300837439000,59.897,59.907,59.897,59.907,45000000,1
1300837440000,1300837499000,59.907,59.917,59.898,59.917,109000000,1
1300837500000,1300837559000,59.917,59.917,59.887,59.887,127000000,1
1300837560000,1300837619000,59.887,59.888,59.877,59.887,50000000,1
1300837620000,1300837679000,59.887,59.887,59.877,59.877,29000000,1
1300837680000,1300837739000,59.877,59.888,59.877,59.888,23000000,1
1300837740000,1300837799000,59.888,59.906,59.888,59.906,43000000,1
1300837800000,1300837859000,59.898,59.907,59.897,59.897,45000000,1
1300837860000,1300837919000,59.897,59.906,59.888,59.906,62000000,1
1300837920000,1300837979000,59.887,59.888,59.875,59.886,38000000,1
1300837980000,1300838039000,59.886,59.89,59.878,59.887,53000000,1
1300838040000,1300838099000,59.888,59.907,59.886,59.907,55000000,1
1300838100000,1300838159000,59.907,59.911,59.897,59.911,33000000,1
1300838160000,1300838219000,59.912,59.926,59.912,59.926,37000000,1
1300838220000,1300838279000,59.927,59.927,59.906,59.907,32000000,1
1300838280000,1300838339000,59.907,59.907,59.898,59.906,19000000,1
1300838340000,1300838399000,59.906,59.917,59.906,59.916,75000000,1
1300838400000,1300838459000,59.916,59.917,59.888,59.888,52000000,1
1300838460000,1300838519000,59.888,59.91,59.886,59.907,137000000,1
1300838520000,1300838579000,59.908,59.915,59.899,59.91,40000000,1
1300838580000,1300838639000,59.914,59.914,59.896,59.897,75000000,1
1300838640000,1300838699000,59.896,59.9,59.89,59.897,98000000,1
1300838700000,1300838759000,59.897,59.898,59.881,59.888,68000000,1
1300838760000,1300838819000,59.888,59.904,59.888,59.889,43000000,1
1300838820000,1300838879000,59.887,59.891,59.88,59.886,47000000,1
1300838880000,1300838939000,59.886,59.887,59.879,59.881,23000000,1
1300838940000,1300838999000,59.882,59.887,59.876,59.876,54000000,1
1300839000000,1300839059000,59.876,59.876,59.866,59.866,24000000,1
1300839060000,1300839119000,59.866,59.867,59.849,59.849,18000000,1
1300839120000,1300839179000,59.849,59.857,59.846,59.846,78000000,1
1300839180000,1300839239000,59.847,59.847,59.808,59.817,93000000,1
1300839240000,1300839299000,59.817,59.817,59.789,59.789,39000000,1
1300839300000,1300839359000,59.788,59.788,59.751,59.756,141000000,1
1300839360000,1300839419000,59.756,59.757,59.746,59.746,69000000,1
1300839420000,1300839479000,59.746,59.757,59.746,59.757,77000000,1
1300839480000,1300839539000,59.757,59.757,59.746,59.756,91000000,1
1300839540000,1300839599000,59.756,59.757,59.747,59.757,93000000,1
1300839600000,1300839659000,59.757,59.758,59.748,59.757,75000000,1
1300839660000,1300839719000,59.756,59.758,59.747,59.747,47000000,1
1300839720000,1300839779000,59.748,59.748,59.74,59.747,43000000,1
1300839780000,1300839839000,59.737,59.737,59.727,59.736,28000000,1
1300839840000,1300839899000,59.736,59.737,59.717,59.737,59000000,1
1300839900000,1300839959000,59.737,59.747,59.736,59.736,44000000,1
1300839960000,1300840019000,59.737,59.737,59.736,59.737,23000000,1
1300840020000,1300840079000,59.726,59.736,59.706,59.706,85000000,1
1300840080000,1300840139000,59.706,59.728,59.706,59.726,70000000,1
1300840140000,1300840199000,59.726,59.729,59.707,59.707,77000000,1
1300840200000,1300840259000,59.701,59.717,59.688,59.707,103000000,1
1300840260000,1300840319000,59.711,59.726,59.711,59.726,25000000,1
1300840320000,1300840379000,59.726,59.726,59.709,59.716,44000000,1
1300840380000,1300840439000,59.717,59.717,59.708,59.717,34000000,1
1300840440000,1300840499000,59.717,59.718,59.702,59.707,59000000,1
1300840500000,1300840559000,59.706,59.706,59.649,59.687,75000000,1
1300840560000,1300840619000,59.687,59.71,59.681,59.706,89000000,1
1300840620000,1300840679000,59.706,59.707,59.696,59.696,62000000,1
1300840680000,1300840739000,59.698,59.707,59.648,59.648,120000000,1
1300840740000,1300840799000,59.648,59.658,59.646,59.648,111000000,1
1300840800000,1300840859000,59.657,59.666,59.656,59.657,48000000,1
1300840860000,1300840919000,59.657,59.666,59.656,59.666,28000000,1
1300840920000,1300840979000,59.666,59.676,59.666,59.676,58000000,1
1300840980000,1300841039000,59.677,59.726,59.677,59.718,149000000,1
1300841040000,1300841099000,59.716,59.741,59.716,59.738,67000000,1
1300841100000,1300841159000,59.741,59.757,59.737,59.756,47000000,1
1300841160000,1300841219000,59.747,59.847,59.747,59.826,190000000,1
1300841220000,1300841279000,59.826,59.838,59.796,59.796,124000000,1
1300841280000,1300841339000,59.796,59.847,59.796,59.847,142000000,1
1300841340000,1300841399000,59.837,59.848,59.827,59.836,110000000,1
1300841400000,1300841459000,59.837,59.857,59.836,59.836,41000000,1
1300841460000,1300841519000,59.836,59.856,59.827,59.827,45000000,1
1300841520000,1300841579000,59.816,59.857,59.806,59.836,53000000,1
1300841580000,1300841639000,59.836,59.842,59.808,59.808,77000000,1
1300841640000,1300841699000,59.808,59.838,59.778,59.778,160000000,1
1300841700000,1300841759000,59.782,59.807,59.777,59.777,119000000,1
1300841760000,1300841819000,59.778,59.778,59.757,59.757,93000000,1
1300841820000,1300841879000,59.757,59.778,59.757,59.777,58000000,1
1300841880000,1300841939000,59.777,59.787,59.777,59.787,27000000,1
1300841940000,1300841999000,59.788,59.788,59.767,59.777,122000000,1
1300842000000,1300842059000,59.777,59.778,59.758,59.758,50000000,1
1300842060000,1300842119000,59.761,59.768,59.757,59.758,33000000,1
1300842120000,1300842179000,59.758,59.777,59.758,59.768,93000000,1
1300842180000,1300842239000,59.768,59.776,59.747,59.758,53000000,1
1300842240000,1300842299000,59.757,59.767,59.757,59.766,25000000,1
1300842300000,1300842359000,59.766,59.788,59.766,59.788,61000000,1
1300842360000,1300842419000,59.788,59.818,59.788,59.818,57000000,1
1300842420000,1300842479000,59.818,59.818,59.797,59.807,66000000,1
1300842480000,1300842539000,59.806,59.817,59.806,59.817,34000000,1
1300842540000,1300842599000,59.817,59.817,59.807,59.807,19000000,1
1300842600000,1300842659000,59.807,59.807,59.796,59.797,24000000,1
1300842660000,1300842719000,59.797,59.799,59.791,59.796,41000000,1
1300842720000,1300842779000,59.797,59.807,59.796,59.807,28000000,1
1300842780000,1300842839000,59.806,59.807,59.796,59.796,30000000,1
1300842840000,1300842899000,59.797,59.797,59.78,59.78,24000000,1
1300842900000,1300842959000,59.781,59.79,59.781,59.787,74000000,1
1300842960000,1300843019000,59.788,59.797,59.768,59.768,35000000,1
1300843020000,1300843079000,59.772,59.78,59.769,59.778,52000000,1
1300843080000,1300843139000,59.777,59.797,59.777,59.787,42000000,1
1300843140000,1300843199000,59.786,59.797,59.786,59.787,44000000,1
1300843200000,1300843259000,59.786,59.797,59.786,59.797,50000000,1
1300843260000,1300843319000,59.796,59.797,59.79,59.797,20000000,1
1300843320000,1300843379000,59.796,59.798,59.796,59.797,9000000,1
1300843380000,1300843439000,59.798,59.806,59.796,59.798,19000000,1
1300843440000,1300843499000,59.798,59.807,59.798,59.799,20000000,1
1300843500000,1300843559000,59.81,59.812,59.797,59.797,30000000,1
1300843560000,1300843619000,59.798,59.798,59.786,59.786,29000000,1
1300843620000,1300843679000,59.786,59.788,59.779,59.788,36000000,1
1300843680000,1300843739000,59.789,59.797,59.787,59.787,27000000,1
1300843740000,1300843799000,59.787,59.787,59.786,59.786,6000000,1
1300843800000,1300843859000,59.786,59.787,59.772,59.777,51000000,1
1300843860000,1300843919000,59.777,59.788,59.761,59.767,97000000,1
1300843920000,1300843979000,59.766,59.767,59.748,59.757,60000000,1
1300843980000,1300844039000,59.757,59.758,59.757,59.757,38000000,1
1300844040000,1300844099000,59.756,59.758,59.75,59.75,20000000,1
1300844100000,1300844159000,59.75,59.758,59.75,59.757,27000000,1
1300844160000,1300844219000,59.757,59.767,59.756,59.76,55000000,1
1300844220000,1300844279000,59.757,59.777,59.748,59.773,66000000,1
1300844280000,1300844339000,59.772,59.778,59.741,59.777,74000000,1
1300844340000,1300844399000,59.77,59.778,59.77,59.778,39000000,1
1300844400000,1300844459000,59.778,59.781,59.768,59.769,29000000,1
1300844460000,1300844519000,59.771,59.797,59.77,59.797,111000000,1
1300844520000,1300844579000,59.797,59.797,59.777,59.779,98000000,1
1300844580000,1300844639000,59.781,59.799,59.779,59.796,96000000,1
1300844640000,1300844699000,59.796,59.817,59.796,59.816,67000000,1
1300844700000,1300844759000,59.816,59.817,59.796,59.796,26000000,1
1300844760000,1300844819000,59.796,59.797,59.791,59.797,21000000,1
1300844820000,1300844879000,59.797,59.808,59.796,59.808,34000000,1
1300844880000,1300844939000,59.809,59.827,59.809,59.818,82000000,1
1300844940000,1300844999000,59.818,59.821,59.818,59.818,24000000,1
1300845000000,1300845059000,59.818,59.818,59.818,59.818,9000000,1
1300845060000,1300845119000,59.817,59.817,59.816,59.817,17000000,1
1300845120000,1300845179000,59.817,59.817,59.803,59.809,25000000,1
1300845180000,1300845239000,59.809,59.817,59.807,59.81,58000000,1
1300845240000,1300845299000,59.81,59.81,59.798,59.8,45000000,1
1300845300000,1300845359000,59.8,59.804,59.798,59.804,25000000,1
1300845360000,1300845419000,59.807,59.807,59.797,59.8,54000000,1
1300845420000,1300845479000,59.8,59.807,59.799,59.807,28000000,1
1300845480000,1300845539000,59.807,59.807,59.799,59.807,26000000,1
1300845540000,1300845599000,59.807,59.808,59.802,59.802,35000000,1
1300845600000,1300845659000,59.802,59.813,59.788,59.807,30000000,1
1300845660000,1300845719000,59.807,59.807,59.787,59.797,29000000,1
1300845720000,1300845779000,59.797,59.798,59.797,59.797,14000000,1
1300845780000,1300845839000,59.796,59.796,59.786,59.786,30000000,1
1300845840000,1300845899000,59.786,59.792,59.786,59.788,39000000,1
1300845900000,1300845959000,59.787,59.792,59.787,59.787,13000000,1
1300845960000,1300846019000,59.787,59.796,59.787,59.787,59000000,1
1300846020000,1300846079000,59.787,59.817,59.787,59.807,88000000,1
1300846080000,1300846139000,59.807,59.808,59.797,59.798,85000000,1
1300846140000,1300846199000,59.798,59.807,59.796,59.796,53000000,1
1300846200000,1300846259000,59.796,59.797,59.776,59.797,190000000,1
1300846260000,1300846319000,59.798,59.807,59.786,59.787,58000000,1
1300846320000,1300846379000,59.787,59.796,59.771,59.777,83000000,1
1300846380000,1300846439000,59.777,59.777,59.766,59.767,45000000,1
1300846440000,1300846499000,59.766,59.769,59.766,59.769,57000000,1
1300846500000,1300846559000,59.768,59.768,59.766,59.767,29000000,1
1300846560000,1300846619000,59.767,59.767,59.767,59.767,18000000,1
1300846620000,1300846679000,59.767,59.771,59.767,59.768,26000000,1
1300846680000,1300846739000,59.768,59.777,59.767,59.768,56000000,1
1300846740000,1300846799000,59.768,59.777,59.768,59.768,49000000,1
1300846800000,1300846859000,59.768,59.776,59.768,59.776,30000000,1
1300846860000,1300846919000,59.776,59.787,59.768,59.786,122000000,1
1300846920000,1300846979000,59.786,59.787,59.776,59.776,62000000,1
1300846980000,1300847039000,59.776,59.778,59.771,59.771,58000000,1
1300847040000,1300847099000,59.771,59.777,59.771,59.777,13000000,1
1300847100000,1300847159000,59.777,59.777,59.777,59.777,6000000,1
1300847160000,1300847219000,59.776,59.779,59.776,59.777,11000000,1
1300847220000,1300847279000,59.777,59.78,59.776,59.777,45000000,1
1300847280000,1300847339000,59.777,59.777,59.766,59.767,22000000,1
1300847340000,1300847399000,59.767,59.767,59.757,59.757,51000000,1
1300847400000,1300847459000,59.757,59.766,59.757,59.766,53000000,1
1300847460000,1300847519000,59.766,59.766,59.756,59.766,33000000,1
1300847520000,1300847579000,59.767,59.767,59.757,59.758,47000000,1
1300847580000,1300847639000,59.757,59.758,59.757,59.758,6000000,1
1300847640000,1300847699000,59.758,59.758,59.756,59.756,20000000,1
1300847700000,1300847759000,59.746,59.746,59.718,59.736,88000000,1
1300847760000,1300847819000,59.736,59.737,59.728,59.736,42000000,1
1300847820000,1300847879000,59.737,59.737,59.726,59.727,23000000,1
1300847880000,1300847939000,59.726,59.737,59.726,59.727,34000000,1
1300847940000,1300847999000,59.726,59.738,59.726,59.728,82000000,1
1300848000000,1300848059000,59.728,59.739,59.728,59.737,78000000,1
1300848060000,1300848119000,59.738,59.747,59.738,59.746,18000000,1
1300848120000,1300848179000,59.746,59.758,59.746,59.757,76000000,1
1300848180000,1300848239000,59.757,59.766,59.737,59.747,88000000,1
1300848240000,1300848299000,59.747,59.747,59.737,59.74,17000000,1
1300848300000,1300848359000,59.737,59.757,59.737,59.757,43000000,1
1300848360000,1300848419000,59.756,59.758,59.749,59.757,49000000,1
1300848420000,1300848479000,59.757,59.757,59.748,59.757,27000000,1
1300848480000,1300848539000,59.748,59.748,59.746,59.746,26000000,1
1300848540000,1300848599000,59.746,59.756,59.733,59.756,55000000,1
1300848600000,1300848659000,59.756,59.767,59.756,59.767,38000000,1
1300848660000,1300848719000,59.767,59.778,59.767,59.778,45000000,1
1300848720000,1300848779000,59.778,59.778,59.777,59.777,29000000,1
1300848780000,1300848839000,59.776,59.808,59.776,59.806,45000000,1
1300848840000,1300848899000,59.806,59.806,59.788,59.796,49000000,1
1300848900000,1300848959000,59.796,59.807,59.788,59.806,77000000,1
1300848960000,1300849019000,59.808,59.818,59.797,59.818,48000000,1
1300849020000,1300849079000,59.818,59.818,59.808,59.818,31000000,1
1300849080000,1300849139000,59.818,59.828,59.816,59.827,75000000,1
1300849140000,1300849199000,59.827,59.848,59.807,59.847,115000000,1
1300849200000,1300849259000,59.846,59.847,59.837,59.837,20000000,1
1300849260000,1300849319000,59.837,59.847,59.836,59.837,41000000,1
1300849320000,1300849379000,59.837,59.848,59.827,59.848,101000000,1
1300849380000,1300849439000,59.848,59.877,59.848,59.877,50000000,1
1300849440000,1300849499000,59.877,59.897,59.876,59.897,104000000,1
1300849500000,1300849559000,59.897,59.907,59.897,59.898,29000000,1
1300849560000,1300849619000,59.898,59.901,59.896,59.896,40000000,1
1300849620000,1300849679000,59.896,59.907,59.888,59.888,42000000,1
1300849680000,1300849739000,59.887,59.887,59.866,59.866,43000000,1
1300849740000,1300849799000,59.867,59.867,59.846,59.846,27000000,1
1300849800000,1300849859000,59.847,59.867,59.84,59.867,48000000,1
1300849860000,1300849919000,59.867,59.876,59.856,59.876,37000000,1
1300849920000,1300849979000,59.877,59.877,59.876,59.877,6000000,1
1300849980000,1300850039000,59.877,59.877,59.857,59.867,18000000,1
1300850040000,1300850099000,59.867,59.867,59.856,59.856,32000000,1
1300850100000,1300850159000,59.857,59.86,59.856,59.856,20000000,1
1300850160000,1300850219000,59.856,59.877,59.856,59.866,34000000,1
1300850220000,1300850279000,59.866,59.867,59.856,59.856,12000000,1
1300850280000,1300850339000,59.856,59.866,59.856,59.856,19000000,1
1300850340000,1300850399000,59.858,59.867,59.846,59.846,70000000,1
1300850400000,1300850459000,59.846,59.847,59.836,59.847,66000000,1
1300850460000,1300850519000,59.846,59.867,59.846,59.867,46000000,1
1300850520000,1300850579000,59.867,59.887,59.862,59.866,68000000,1
1300850580000,1300850639000,59.866,59.866,59.847,59.847,36000000,1
1300850640000,1300850699000,59.847,59.847,59.836,59.846,72000000,1
1300850700000,1300850759000,59.846,59.857,59.846,59.857,15000000,1
1300850760000,1300850819000,59.857,59.857,59.836,59.837,63000000,1
1300850820000,1300850879000,59.837,59.847,59.836,59.846,33000000,1
1300850880000,1300850939000,59.846,59.867,59.837,59.867,90000000,1
1300850940000,1300850999000,59.867,59.867,59.856,59.857,52000000,1
1300851000000,1300851059000,59.857,59.877,59.857,59.876,34000000,1
1300851060000,1300851119000,59.876,59.877,59.857,59.877,33000000,1
1300851120000,1300851179000,59.877,59.896,59.877,59.886,84000000,1
1300851180000,1300851239000,59.886,59.896,59.878,59.896,55000000,1
1300851240000,1300851299000,59.896,59.896,59.877,59.887,35000000,1
1300851300000,1300851359000,59.887,59.887,59.868,59.876,59000000,1
1300851360000,1300851419000,59.876,59.887,59.868,59.886,69000000,1
1300851420000,1300851479000,59.887,59.898,59.877,59.897,116000000,1
1300851480000,1300851539000,59.897,59.898,59.886,59.896,85000000,1
1300851540000,1300851599000,59.897,59.917,59.897,59.907,32000000,1
1300851600000,1300851659000,59.907,59.916,59.906,59.906,18000000,1
1300851660000,1300851719000,59.916,59.916,59.906,59.906,10000000,1
1300851720000,1300851779000,59.906,59.917,59.906,59.916,25000000,1
1300851780000,1300851839000,59.916,59.917,59.906,59.917,15000000,1
1300851840000,1300851899000,59.917,59.917,59.916,59.917,9000000,1
1300851900000,1300851959000,59.916,59.918,59.916,59.917,36000000,1
1300851960000,1300852019000,59.917,59.917,59.907,59.917,28000000,1
1300852020000,1300852079000,59.916,59.917,59.916,59.917,8000000,1
1300852080000,1300852139000,59.917,59.917,59.907,59.917,29000000,1
1300852140000,1300852199000,59.917,59.917,59.916,59.916,4000000,1
1300852200000,1300852259000,59.916,59.941,59.916,59.936,124000000,1
1300852260000,1300852319000,59.936,59.937,59.906,59.907,34000000,1
1300852320000,1300852379000,59.907,59.938,59.906,59.937,65000000,1
1300852380000,1300852439000,59.937,59.937,59.931,59.937,27000000,1
1300852440000,1300852499000,59.937,59.957,59.927,59.957,96000000,1
1300852500000,1300852559000,59.957,59.987,59.957,59.987,146000000,1
1300852560000,1300852619000,59.977,59.977,59.956,59.956,66000000,1
1300852620000,1300852679000,59.956,59.966,59.946,59.966,128000000,1
1300852680000,1300852739000,59.967,59.967,59.957,59.967,42000000,1
1300852740000,1300852799000,59.967,59.967,59.956,59.966,49000000,1
1300852800000,1300852859000,59.966,59.967,59.966,59.967,17000000,1
1300852860000,1300852919000,59.967,59.968,59.966,59.966,28000000,1
1300852920000,1300852979000,59.966,59.968,59.947,59.957,53000000,1
1300852980000,1300853039000,59.957,59.957,59.947,59.947,40000000,1
1300853040000,1300853099000,59.947,59.958,59.947,59.958,36000000,1
1300853100000,1300853159000,59.958,59.967,59.956,59.957,65000000,1
1300853160000,1300853219000,59.957,59.967,59.948,59.948,64000000,1
1300853220000,1300853279000,59.948,59.957,59.937,59.946,107000000,1
1300853280000,1300853339000,59.946,59.968,59.946,59.967,67000000,1
1300853340000,1300853399000,59.967,59.976,59.958,59.967,66000000,1
1300853400000,1300853459000,59.966,59.989,59.958,59.988,53000000,1
1300853460000,1300853519000,59.988,59.998,59.977,59.986,50000000,1
1300853520000,1300853579000,59.986,60.001,59.986,59.996,36000000,1
1300853580000,1300853639000,59.997,60.037,59.996,60.008,189000000,1
1300853640000,1300853699000,60.017,60.048,59.997,60.006,166000000,1
1300853700000,1300853759000,60.006,60.037,60.006,60.008,114000000,1
1300853760000,1300853819000,60.008,60.008,59.987,60.006,67000000,1
1300853820000,1300853879000,60.006,60.008,60.006,60.007,59000000,1
1300853880000,1300853939000,60.007,60.016,60.007,60.007,39000000,1
1300853940000,1300853999000,60.007,60.007,59.996,59.998,45000000,1
1300854000000,1300854059000,59.996,59.998,59.977,59.987,27000000,1
1300854060000,1300854119000,59.987,60.007,59.977,60.007,94000000,1
1300854120000,1300854179000,60.007,60.017,59.998,60.007,29000000,1
1300854180000,1300854239000,60.008,60.027,60.007,60.017,48000000,1
1300854240000,1300854299000,60.017,60.017,59.996,60.006,76000000,1
1300854300000,1300854359000,60.007,60.018,59.996,60.006,125000000,1
1300854360000,1300854419000,60.007,60.009,60.006,60.008,39000000,1
1300854420000,1300854479000,60.008,60.027,60.008,60.026,75000000,1
1300854480000,1300854539000,60.026,60.028,60.017,60.026,42000000,1
1300854540000,1300854599000,60.027,60.028,60.026,60.026,35000000,1
1300854600000,1300854659000,60.026,60.027,60.017,60.026,68000000,1
1300854660000,1300854719000,60.027,60.036,60.027,60.028,29000000,1
1300854720000,1300854779000,60.028,60.033,60.006,60.006,48000000,1
1300854780000,1300854839000,59.997,60.008,59.996,60.0,79000000,1
1300854840000,1300854899000,59.997,60.016,59.997,60.016,33000000,1
1300854900000,1300854959000,60.017,60.017,60.017,60.017,29000000,1
1300854960000,1300855019000,60.018,60.026,60.007,60.007,79000000,1
1300855020000,1300855079000,60.008,60.017,60.007,60.009,19000000,1
1300855080000,1300855139000,60.011,60.017,60.011,60.017,15000000,1
1300855140000,1300855199000,60.017,60.017,60.007,60.008,19000000,1
1300855200000,1300855259000,60.008,60.008,59.997,59.997,50000000,1
1300855260000,1300855319000,59.997,60.006,59.995,59.998,38000000,1
1300855320000,1300855379000,59.998,60.006,59.997,59.997,14000000,1
1300855380000,1300855439000,59.996,59.997,59.996,59.997,4000000,1
1300855440000,1300855499000,59.997,60.008,59.997,60.006,70000000,1
1300855500000,1300855559000,60.006,60.017,59.996,59.999,71000000,1
1300855560000,1300855619000,60.007,60.008,60.006,60.006,33000000,1
1300855620000,1300855679000,60.006,60.016,59.988,59.997,82000000,1
1300855680000,1300855739000,59.987,59.998,59.987,59.988,58000000,1
1300855740000,1300855799000,59.988,59.988,59.978,59.978,46000000,1
1300855800000,1300855859000,59.988,59.988,59.978,59.988,25000000,1
1300855860000,1300855919000,59.988,59.988,59.988,59.988,13000000,1
1300855920000,1300855979000,59.988,59.988,59.988,59.988,9000000,1
1300855980000,1300856039000,59.988,59.988,59.976,59.977,17000000,1
1300856040000,1300856099000,59.977,59.988,59.967,59.988,43000000,1
1300856100000,1300856159000,59.988,59.988,59.978,59.978,18000000,1
1300856160000,1300856219000,59.987,59.987,59.978,59.987,29000000,1
1300856220000,1300856279000,59.987,59.987,59.986,59.986,23000000,1
1300856280000,1300856339000,59.987,59.987,59.977,59.977,9000000,1
1300856340000,1300856399000,59.977,59.987,59.977,59.987,22000000,1
1300856400000,1300856459000,59.986,59.988,59.986,59.987,12000000,1
1300856460000,1300856519000,59.978,59.987,59.976,59.987,41000000,1
1300856520000,1300856579000,59.987,59.988,59.978,59.987,63000000,1
1300856580000,1300856639000,59.987,59.987,59.987,59.987,64000000,1
1300856640000,1300856699000,59.987,60.008,59.987,59.998,115000000,1
1300856700000,1300856759000,59.999,60.007,59.988,59.996,62000000,1
1300856760000,1300856819000,59.996,59.999,59.988,59.997,33000000,1
1300856820000,1300856879000,60.004,60.007,59.996,60.0,24000000,1
1300856880000,1300856939000,59.999,60.006,59.996,59.996,51000000,1
1300856940000,1300856999000,59.996,59.997,59.996,59.997,13000000,1
1300857000000,1300857059000,59.996,59.998,59.996,59.997,45000000,1
1300857060000,1300857119000,59.996,59.998,59.986,59.986,78000000,1
1300857120000,1300857179000,59.987,59.988,59.977,59.977,45000000,1
1300857180000,1300857239000,59.977,59.987,59.977,59.986,44000000,1
1300857240000,1300857299000,59.987,59.997,59.987,59.99,46000000,1
1300857300000,1300857359000,59.997,59.997,59.977,59.977,48000000,1
1300857360000,1300857419000,59.977,59.987,59.977,59.977,17000000,1
1300857420000,1300857479000,59.977,59.978,59.977,59.978,22000000,1
1300857480000,1300857539000,59.987,59.988,59.978,59.987,30000000,1
1300857540000,1300857599000,59.987,59.999,59.986,59.998,57000000,1
1300857600000,1300857659000,59.998,59.998,59.978,59.978,40000000,1
1300857660000,1300857719000,59.978,59.978,59.976,59.976,22000000,1
1300857720000,1300857779000,59.977,59.977,59.968,59.968,16000000,1
1300857780000,1300857839000,59.968,59.977,59.967,59.968,33000000,1
1300857840000,1300857899000,59.968,59.977,59.967,59.967,20000000,1
1300857900000,1300857959000,59.967,59.976,59.957,59.968,85000000,1
1300857960000,1300858019000,59.968,59.968,59.956,59.958,93000000,1
1300858020000,1300858079000,59.958,59.958,59.936,59.946,159000000,1
1300858080000,1300858139000,59.946,59.947,59.926,59.926,58000000,1
1300858140000,1300858199000,59.926,59.929,59.907,59.927,134000000,1
1300858200000,1300858259000,59.928,59.947,59.926,59.928,107000000,1
1300858260000,1300858319000,59.928,59.937,59.916,59.917,110000000,1
1300858320000,1300858379000,59.917,59.918,59.888,59.899,112000000,1
1300858380000,1300858439000,59.899,59.907,59.886,59.886,102000000,1
1300858440000,1300858499000,59.887,59.887,59.877,59.878,74000000,1
1300858500000,1300858559000,59.878,59.887,59.876,59.887,45000000,1
1300858560000,1300858619000,59.893,59.896,59.886,59.887,21000000,1
1300858620000,1300858679000,59.887,59.898,59.884,59.893,77000000,1
1300858680000,1300858739000,59.89,59.89,59.856,59.856,58000000,1
1300858740000,1300858799000,59.847,59.877,59.837,59.877,91000000,1
1300858800000,1300858859000,59.877,59.877,59.836,59.847,122000000,1
1300858860000,1300858919000,59.847,59.858,59.846,59.846,102000000,1
1300858920000,1300858979000,59.846,59.847,59.816,59.826,101000000,1
1300858980000,1300859039000,59.826,59.836,59.796,59.809,165000000,1
1300859040000,1300859099000,59.806,59.837,59.806,59.837,61000000,1
1300859100000,1300859159000,59.829,59.848,59.816,59.816,105000000,1
1300859160000,1300859219000,59.816,59.827,59.816,59.826,83000000,1
1300859220000,1300859279000,59.826,59.827,59.817,59.817,16000000,1
1300859280000,1300859339000,59.817,59.827,59.807,59.827,22000000,1
1300859340000,1300859399000,59.826,59.826,59.817,59.817,14000000,1
1300859400000,1300859459000,59.817,59.848,59.817,59.847,60000000,1
1300859460000,1300859519000,59.846,59.847,59.846,59.847,29000000,1
1300859520000,1300859579000,59.847,59.857,59.847,59.857,28000000,1
1300859580000,1300859639000,59.857,59.866,59.856,59.866,34000000,1
1300859640000,1300859699000,59.858,59.876,59.857,59.876,70000000,1
1300859700000,1300859759000,59.876,59.888,59.876,59.887,55000000,1
1300859760000,1300859819000,59.887,59.887,59.869,59.876,99000000,1
1300859820000,1300859879000,59.876,59.878,59.848,59.876,105000000,1
1300859880000,1300859939000,59.876,59.876,59.836,59.856,105000000,1
1300859940000,1300859999000,59.857,59.857,59.846,59.846,59000000,1
1300860000000,1300860059000,59.846,59.856,59.846,59.856,31000000,1
1300860060000,1300860119000,59.856,59.857,59.846,59.848,57000000,1
1300860120000,1300860179000,59.856,59.867,59.846,59.866,98000000,1
1300860180000,1300860239000,59.866,59.877,59.866,59.866,87000000,1
1300860240000,1300860299000,59.867,59.867,59.847,59.856,48000000,1
1300860300000,1300860359000,59.857,59.858,59.847,59.857,31000000,1
1300860360000,1300860419000,59.857,59.857,59.848,59.856,22000000,1
1300860420000,1300860479000,59.857,59.857,59.857,59.857,10000000,1
1300860480000,1300860539000,59.867,59.867,59.867,59.867,3000000,1
1300860540000,1300860599000,59.867,59.877,59.854,59.866,102000000,1
1300860600000,1300860659000,59.866,59.876,59.856,59.867,71000000,1
1300860660000,1300860719000,59.867,59.867,59.848,59.848,69000000,1
1300860720000,1300860779000,59.857,59.857,59.856,59.857,6000000,1
1300860780000,1300860839000,59.857,59.858,59.856,59.857,26000000,1
1300860840000,1300860899000,59.866,59.866,59.856,59.856,62000000,1
1300860900000,1300860959000,59.856,59.867,59.856,59.867,86000000,1
1300860960000,1300861019000,59.867,59.867,59.856,59.856,94000000,1
1300861020000,1300861079000,59.857,59.867,59.856,59.867,66000000,1
1300861080000,1300861139000,59.867,59.868,59.856,59.867,45000000,1
1300861140000,1300861199000,59.866,59.877,59.861,59.877,37000000,1
1300861200000,1300861259000,59.877,59.877,59.866,59.877,25000000,1
1300861260000,1300861319000,59.877,59.877,59.857,59.867,39000000,1
1300861320000,1300861379000,59.867,59.867,59.867,59.867,8000000,1
1300861380000,1300861439000,59.867,59.876,59.857,59.866,78000000,1
1300861440000,1300861499000,59.866,59.877,59.857,59.866,82000000,1
1300861500000,1300861559000,59.866,59.877,59.848,59.867,122000000,1
1300861560000,1300861619000,59.867,59.887,59.866,59.877,68000000,1
1300861620000,1300861679000,59.877,59.887,59.876,59.876,25000000,1
1300861680000,1300861739000,59.876,59.897,59.876,59.897,70000000,1
1300861740000,1300861799000,59.897,59.897,59.876,59.877,65000000,1
1300861800000,1300861859000,59.878,59.887,59.848,59.857,171000000,1
1300861860000,1300861919000,59.858,59.858,59.853,59.856,27000000,1
1300861920000,1300861979000,59.856,59.866,59.856,59.857,38000000,1
1300861980000,1300862039000,59.858,59.858,59.836,59.847,69000000,1
1300862040000,1300862099000,59.847,59.866,59.847,59.86,56000000,1
1300862100000,1300862159000,59.865,59.877,59.865,59.867,59000000,1
1300862160000,1300862219000,59.867,59.877,59.866,59.871,59000000,1
1300862220000,1300862279000,59.877,59.877,59.866,59.867,50000000,1
1300862280000,1300862339000,59.867,59.877,59.866,59.876,20000000,1
1300862340000,1300862399000,59.877,59.897,59.876,59.897,52000000,1
1300862400000,1300862459000,59.897,59.897,59.886,59.896,31000000,1
1300862460000,1300862519000,59.896,59.907,59.896,59.907,54000000,1
1300862520000,1300862579000,59.907,59.907,59.896,59.896,59000000,1
1300862580000,1300862639000,59.897,59.906,59.896,59.906,34000000,1
1300862640000,1300862699000,59.906,59.917,59.897,59.897,67000000,1
1300862700000,1300862759000,59.897,59.897,59.886,59.886,17000000,1
1300862760000,1300862819000,59.886,59.887,59.886,59.887,8000000,1
1300862820000,1300862879000,59.887,59.887,59.876,59.887,21000000,1
1300862880000,1300862939000,59.877,59.878,59.876,59.876,14000000,1
1300862940000,1300862999000,59.877,59.887,59.877,59.886,42000000,1
1300863000000,1300863059000,59.886,59.898,59.886,59.897,109000000,1
1300863060000,1300863119000,59.897,59.907,59.896,59.906,21000000,1
1300863120000,1300863179000,59.897,59.897,59.886,59.888,37000000,1
1300863180000,1300863239000,59.886,59.887,59.866,59.877,29000000,1
1300863240000,1300863299000,59.876,59.876,59.856,59.858,20000000,1
1300863300000,1300863359000,59.858,59.867,59.847,59.856,36000000,1
1300863360000,1300863419000,59.849,59.856,59.832,59.847,94000000,1
1300863420000,1300863479000,59.846,59.848,59.806,59.827,129000000,1
1300863480000,1300863539000,59.837,59.86,59.837,59.857,112000000,1
1300863540000,1300863599000,59.856,59.868,59.856,59.866,75000000,1
1300863600000,1300863659000,59.866,59.906,59.859,59.896,67000000,1
1300863660000,1300863719000,59.896,59.907,59.896,59.897,70000000,1
1300863720000,1300863779000,59.897,59.905,59.888,59.896,82000000,1
1300863780000,1300863839000,59.896,59.896,59.866,59.867,71000000,1
1300863840000,1300863899000,59.877,59.897,59.867,59.867,108000000,1
1300863900000,1300863959000,59.867,59.867,59.847,59.848,92000000,1
1300863960000,1300864019000,59.848,59.867,59.846,59.857,127000000,1
1300864020000,1300864079000,59.857,59.866,59.847,59.857,84000000,1
1300864080000,1300864139000,59.857,59.866,59.847,59.856,78000000,1
1300864140000,1300864199000,59.856,59.877,59.856,59.877,87000000,1
1300864200000,1300864259000,59.877,59.878,59.876,59.877,42000000,1
1300864260000,1300864319000,59.868,59.877,59.868,59.876,43000000,1
1300864320000,1300864379000,59.876,59.877,59.876,59.877,28000000,1
1300864380000,1300864439000,59.876,59.886,59.876,59.877,16000000,1
1300864440000,1300864499000,59.877,59.877,59.876,59.876,13000000,1
1300864500000,1300864559000,59.876,59.888,59.857,59.866,36000000,1
1300864560000,1300864619000,59.866,59.877,59.866,59.866,46000000,1
1300864620000,1300864679000,59.866,59.867,59.848,59.856,46000000,1
1300864680000,1300864739000,59.856,59.858,59.837,59.837,63000000,1
1300864740000,1300864799000,59.837,59.847,59.828,59.837,17000000,1
1300864800000,1300864859000,59.837,59.837,59.837,59.837,6000000,1
1300864860000,1300864919000,59.846,59.847,59.837,59.846,16000000,1
1300864920000,1300864979000,59.846,59.857,59.846,59.847,20000000,1
1300864980000,1300865039000,59.847,59.847,59.846,59.847,5000000,1
1300865040000,1300865099000,59.847,59.85,59.836,59.85,38000000,1
1300865100000,1300865159000,59.85,59.867,59.846,59.856,47000000,1
1300865160000,1300865219000,59.848,59.866,59.846,59.846,79000000,1
1300865220000,1300865279000,59.846,59.877,59.836,59.837,100000000,1
1300865280000,1300865339000,59.837,59.839,59.816,59.816,70000000,1
1300865340000,1300865399000,59.816,59.827,59.806,59.806,70000000,1
1300865400000,1300865459000,59.806,59.828,59.8,59.826,75000000,1
1300865460000,1300865519000,59.826,59.828,59.807,59.816,86000000,1
1300865520000,1300865579000,59.808,59.808,59.78,59.788,70000000,1
1300865580000,1300865639000,59.789,59.793,59.779,59.792,40000000,1
1300865640000,1300865699000,59.792,59.793,59.758,59.766,140000000,1
1300865700000,1300865759000,59.769,59.806,59.769,59.786,100000000,1
1300865760000,1300865819000,59.786,59.797,59.786,59.787,79000000,1
1300865820000,1300865879000,59.789,59.797,59.776,59.786,31000000,1
1300865880000,1300865939000,59.777,59.787,59.777,59.777,32000000,1
1300865940000,1300865999000,59.777,59.787,59.776,59.777,78000000,1
1300866000000,1300866059000,59.778,59.778,59.753,59.756,132000000,1
1300866060000,1300866119000,59.756,59.758,59.716,59.716,131000000,1
1300866120000,1300866179000,59.716,59.717,59.677,59.696,150000000,1
1300866180000,1300866239000,59.696,59.736,59.696,59.728,128000000,1
1300866240000,1300866299000,59.731,59.738,59.706,59.707,81000000,1
1300866300000,1300866359000,59.708,59.716,59.693,59.697,32000000,1
1300866360000,1300866419000,59.697,59.708,59.687,59.699,107000000,1
1300866420000,1300866479000,59.698,59.717,59.698,59.713,113000000,1
1300866480000,1300866539000,59.713,59.717,59.678,59.686,77000000,1
1300866540000,1300866599000,59.687,59.707,59.676,59.707,96000000,1
1300866600000,1300866659000,59.707,59.717,59.656,59.667,214000000,1
1300866660000,1300866719000,59.667,59.687,59.657,59.677,95000000,1
1300866720000,1300866779000,59.677,59.677,59.656,59.657,98000000,1
1300866780000,1300866839000,59.657,59.686,59.657,59.686,51000000,1
1300866840000,1300866899000,59.686,59.707,59.686,59.707,46000000,1
1300866900000,1300866959000,59.707,59.727,59.686,59.716,64000000,1
1300866960000,1300867019000,59.716,59.726,59.696,59.726,49000000,1
1300867020000,1300867079000,59.726,59.746,59.72,59.746,40000000,1
1300867080000,1300867139000,59.746,59.756,59.706,59.706,66000000,1
1300867140000,1300867199000,59.706,59.707,59.687,59.697,58000000,1
1300867200000,1300867259000,59.706,59.746,59.667,59.746,138000000,1
1300867260000,1300867319000,59.746,59.75,59.736,59.75,69000000,1
1300867320000,1300867379000,59.758,59.758,59.736,59.737,68000000,1
1300867380000,1300867439000,59.737,59.758,59.736,59.758,80000000,1
1300867440000,1300867499000,59.758,59.758,59.728,59.728,120000000,1
1300867500000,1300867559000,59.727,59.767,59.727,59.766,56000000,1
1300867560000,1300867619000,59.768,59.776,59.746,59.746,111000000,1
1300867620000,1300867679000,59.746,59.747,59.736,59.747,67000000,1
1300867680000,1300867739000,59.746,59.748,59.736,59.747,93000000,1
1300867740000,1300867799000,59.747,59.757,59.737,59.746,89000000,1
1300867800000,1300867859000,59.746,59.786,59.736,59.777,159000000,1
1300867860000,1300867919000,59.777,59.827,59.777,59.816,134000000,1
1300867920000,1300867979000,59.816,59.827,59.806,59.816,119000000,1
1300867980000,1300868039000,59.816,59.829,59.81,59.817,92000000,1
1300868040000,1300868099000,59.817,59.837,59.817,59.829,48000000,1
1300868100000,1300868159000,59.827,59.877,59.827,59.849,196000000,1
1300868160000,1300868219000,59.857,59.857,59.806,59.808,91000000,1
1300868220000,1300868279000,59.809,59.856,59.808,59.846,179000000,1
1300868280000,1300868339000,59.847,59.849,59.827,59.837,103000000,1
1300868340000,1300868399000,59.837,59.856,59.836,59.848,69000000,1
1300868400000,1300868459000,59.848,59.848,59.827,59.827,110000000,1
1300868460000,1300868519000,59.828,59.837,59.818,59.827,133000000,1
1300868520000,1300868579000,59.827,59.846,59.826,59.826,44000000,1
1300868580000,1300868639000,59.826,59.837,59.816,59.837,39000000,1
1300868640000,1300868699000,59.838,59.877,59.838,59.859,82000000,1
1300868700000,1300868759000,59.867,59.867,59.847,59.847,72000000,1
1300868760000,1300868819000,59.848,59.858,59.847,59.856,41000000,1
1300868820000,1300868879000,59.857,59.877,59.856,59.867,82000000,1
1300868880000,1300868939000,59.867,59.876,59.849,59.849,43000000,1
1300868940000,1300868999000,59.849,59.849,59.846,59.847,25000000,1
1300869000000,1300869059000,59.847,59.876,59.847,59.867,70000000,1
1300869060000,1300869119000,59.867,59.868,59.846,59.857,63000000,1
1300869120000,1300869179000,59.857,59.857,59.837,59.853,81000000,1
1300869180000,1300869239000,59.853,59.854,59.838,59.838,73000000,1
1300869240000,1300869299000,59.838,59.848,59.834,59.837,55000000,1
1300869300000,1300869359000,59.837,59.84,59.836,59.84,40000000,1
1300869360000,1300869419000,59.842,59.868,59.84,59.847,68000000,1
1300869420000,1300869479000,59.848,59.856,59.847,59.847,42000000,1
1300869480000,1300869539000,59.847,59.858,59.847,59.847,53000000,1
1300869540000,1300869599000,59.847,59.858,59.847,59.858,38000000,1
1300869600000,1300869659000,59.857,59.857,59.856,59.857,27000000,1
1300869660000,1300869719000,59.856,59.861,59.852,59.856,34000000,1
1300869720000,1300869779000,59.856,59.856,59.839,59.839,19000000,1
1300869780000,1300869839000,59.837,59.837,59.826,59.828,144000000,1
1300869840000,1300869899000,59.828,59.828,59.79,59.798,107000000,1
1300869900000,1300869959000,59.798,59.824,59.778,59.794,200000000,1
1300869960000,1300870019000,59.793,59.806,59.793,59.802,65000000,1
1300870020000,1300870079000,59.798,59.818,59.794,59.808,144000000,1
1300870080000,1300870139000,59.807,59.808,59.796,59.807,52000000,1
1300870140000,1300870199000,59.807,59.807,59.777,59.793,94000000,1
1300870200000,1300870259000,59.793,59.794,59.777,59.779,53000000,1
1300870260000,1300870319000,59.778,59.787,59.769,59.786,52000000,1
1300870320000,1300870379000,59.786,59.807,59.777,59.786,112000000,1
1300870380000,1300870439000,59.789,59.806,59.787,59.796,67000000,1
1300870440000,1300870499000,59.797,59.797,59.787,59.796,25000000,1
1300870500000,1300870559000,59.797,59.807,59.787,59.796,48000000,1
1300870560000,1300870619000,59.796,59.796,59.783,59.786,43000000,1
1300870620000,1300870679000,59.785,59.797,59.776,59.776,67000000,1
1300870680000,1300870739000,59.778,59.796,59.778,59.786,42000000,1
1300870740000,1300870799000,59.786,59.798,59.786,59.798,44000000,1
1300870800000,1300870859000,59.798,59.806,59.787,59.787,47000000,1
1300870860000,1300870919000,59.787,59.796,59.786,59.791,38000000,1
1300870920000,1300870979000,59.79,59.79,59.757,59.757,101000000,1
1300870980000,1300871039000,59.757,59.767,59.748,59.767,72000000,1
1300871040000,1300871099000,59.767,59.788,59.767,59.787,51000000,1
1300871100000,1300871159000,59.788,59.788,59.768,59.768,47000000,1
1300871160000,1300871219000,59.768,59.797,59.768,59.797,43000000,1
1300871220000,1300871279000,59.797,59.806,59.788,59.8,91000000,1
1300871280000,1300871339000,59.8,59.808,59.8,59.806,23000000,1
1300871340000,1300871399000,59.807,59.807,59.806,59.806,11000000,1
1300871400000,1300871459000,59.807,59.807,59.758,59.767,65000000,1
1300871460000,1300871519000,59.767,59.767,59.756,59.758,28000000,1
1300871520000,1300871579000,59.757,59.767,59.756,59.767,34000000,1
1300871580000,1300871639000,59.767,59.767,59.766,59.766,9000000,1
1300871640000,1300871699000,59.763,59.766,59.739,59.746,59000000,1
1300871700000,1300871759000,59.746,59.767,59.74,59.767,50000000,1
1300871760000,1300871819000,59.767,59.777,59.757,59.777,56000000,1
1300871820000,1300871879000,59.778,59.778,59.776,59.777,14000000,1
1300871880000,1300871939000,59.778,59.787,59.768,59.777,36000000,1
1300871940000,1300871999000,59.768,59.807,59.767,59.807,71000000,1
1300872000000,1300872059000,59.797,59.806,59.797,59.806,13000000,1
1300872060000,1300872119000,59.806,59.807,59.786,59.786,39000000,1
1300872120000,1300872179000,59.787,59.804,59.783,59.786,55000000,1
1300872180000,1300872239000,59.787,59.797,59.786,59.787,61000000,1
1300872240000,1300872299000,59.79,59.808,59.789,59.808,37000000,1
1300872300000,1300872359000,59.808,59.808,59.788,59.798,83000000,1
1300872360000,1300872419000,59.798,59.808,59.787,59.787,100000000,1
1300872420000,1300872479000,59.788,59.817,59.788,59.816,85000000,1
1300872480000,1300872539000,59.816,59.846,59.806,59.836,106000000,1
1300872540000,1300872599000,59.838,59.838,59.827,59.827,37000000,1
1300872600000,1300872659000,59.827,59.868,59.816,59.857,110000000,1
1300872660000,1300872719000,59.858,59.858,59.846,59.853,62000000,1
1300872720000,1300872779000,59.853,59.854,59.836,59.836,40000000,1
1300872780000,1300872839000,59.836,59.838,59.807,59.821,110000000,1
1300872840000,1300872899000,59.827,59.838,59.818,59.837,66000000,1
1300872900000,1300872959000,59.837,59.846,59.82,59.838,101000000,1
1300872960000,1300873019000,59.838,59.878,59.838,59.868,122000000,1
1300873020000,1300873079000,59.868,59.897,59.868,59.889,111000000,1
1300873080000,1300873139000,59.892,59.896,59.866,59.876,64000000,1
1300873140000,1300873199000,59.876,59.878,59.866,59.87,80000000,1
1300873200000,1300873259000,59.87,59.87,59.847,59.847,79000000,1
1300873260000,1300873319000,59.85,59.856,59.806,59.816,98000000,1
1300873320000,1300873379000,59.817,59.837,59.816,59.837,156000000,1
1300873380000,1300873439000,59.84,59.849,59.828,59.828,51000000,1
1300873440000,1300873499000,59.827,59.836,59.806,59.807,100000000,1
1300873500000,1300873559000,59.806,59.826,59.806,59.826,170000000,1
1300873560000,1300873619000,59.826,59.828,59.798,59.826,90000000,1
1300873620000,1300873679000,59.826,59.826,59.801,59.807,41000000,1
1300873680000,1300873739000,59.807,59.827,59.8,59.808,116000000,1
1300873740000,1300873799000,59.808,59.826,59.807,59.809,83000000,1
1300873800000,1300873859000,59.811,59.819,59.806,59.817,84000000,1
1300873860000,1300873919000,59.818,59.828,59.817,59.828,97000000,1
1300873920000,1300873979000,59.827,59.83,59.826,59.826,24000000,1
1300873980000,1300874039000,59.826,59.827,59.816,59.826,56000000,1
1300874040000,1300874099000,59.826,59.847,59.819,59.837,70000000,1
1300874100000,1300874159000,59.826,59.86,59.826,59.856,168000000,1
1300874160000,1300874219000,59.856,59.858,59.846,59.85,89000000,1
1300874220000,1300874279000,59.847,59.896,59.847,59.889,128000000,1
1300874280000,1300874339000,59.887,59.916,59.887,59.901,92000000,1
1300874340000,1300874399000,59.899,59.9,59.826,59.857,141000000,1
1300874400000,1300874459000,59.851,59.879,59.847,59.868,89000000,1
1300874460000,1300874519000,59.868,59.927,59.868,59.888,140000000,1
1300874520000,1300874579000,59.89,59.92,59.857,59.92,202000000,1
1300874580000,1300874639000,59.924,59.93,59.898,59.907,152000000,1
1300874640000,1300874699000,59.907,59.918,59.878,59.891,155000000,1
1300874700000,1300874759000,59.887,59.897,59.882,59.887,95000000,1
1300874760000,1300874819000,59.89,59.927,59.886,59.919,122000000,1
1300874820000,1300874879000,59.918,59.949,59.917,59.947,84000000,1
1300874880000,1300874939000,59.947,59.947,59.927,59.938,73000000,1
1300874940000,1300874999000,59.936,59.949,59.936,59.947,112000000,1
1300875000000,1300875059000,59.947,59.949,59.936,59.936,87000000,1
1300875060000,1300875119000,59.936,59.957,59.927,59.937,120000000,1
1300875120000,1300875179000,59.936,59.941,59.927,59.932,61000000,1
1300875180000,1300875239000,59.936,59.939,59.916,59.937,99000000,1
1300875240000,1300875299000,59.937,59.947,59.927,59.936,85000000,1
1300875300000,1300875359000,59.937,59.937,59.928,59.937,7000000,1
1300875360000,1300875419000,59.928,59.937,59.926,59.928,46000000,1
1300875420000,1300875479000,59.928,59.937,59.923,59.928,94000000,1
1300875480000,1300875539000,59.928,59.937,59.927,59.931,89000000,1
1300875540000,1300875599000,59.931,59.957,59.926,59.957,102000000,1
1300875600000,1300875659000,59.957,59.957,59.936,59.937,41000000,1
1300875660000,1300875719000,59.936,59.946,59.936,59.946,25000000,1
1300875720000,1300875779000,59.948,59.948,59.946,59.947,38000000,1
1300875780000,1300875839000,59.947,59.949,59.931,59.931,22000000,1
1300875840000,1300875899000,59.929,59.929,59.92,59.923,58000000,1
1300875900000,1300875959000,59.923,59.927,59.91,59.91,50000000,1
1300875960000,1300876019000,59.91,59.927,59.904,59.927,56000000,1
1300876020000,1300876079000,59.928,59.941,59.928,59.936,74000000,1
1300876080000,1300876139000,59.936,59.937,59.929,59.93,19000000,1
1300876140000,1300876199000,59.931,59.942,59.929,59.936,81000000,1
1300876200000,1300876259000,59.936,59.948,59.928,59.938,81000000,1
1300876260000,1300876319000,59.935,59.938,59.927,59.936,65000000,1
1300876320000,1300876379000,59.937,59.943,59.936,59.938,59000000,1
1300876380000,1300876439000,59.941,59.958,59.941,59.956,32000000,1
1300876440000,1300876499000,59.956,59.957,59.947,59.948,38000000,1
1300876500000,1300876559000,59.947,59.949,59.939,59.949,26000000,1
1300876560000,1300876619000,59.949,59.961,59.946,59.952,79000000,1
1300876620000,1300876679000,59.95,59.957,59.947,59.947,19000000,1
1300876680000,1300876739000,59.947,59.95,59.937,59.939,73000000,1
1300876740000,1300876799000,59.937,59.948,59.937,59.946,48000000,1
1300876800000,1300876859000,59.939,59.941,59.939,59.939,19000000,1
1300876860000,1300876919000,59.938,59.958,59.938,59.957,61000000,1
1300876920000,1300876979000,59.958,59.967,59.956,59.958,56000000,1
1300876980000,1300877039000,59.957,59.971,59.957,59.966,37000000,1
1300877040000,1300877099000,59.966,59.967,59.948,59.956,41000000,1
1300877100000,1300877159000,59.96,59.961,59.948,59.948,51000000,1
1300877160000,1300877219000,59.954,59.958,59.946,59.946,61000000,1
1300877220000,1300877279000,59.946,59.947,59.928,59.937,51000000,1
1300877280000,1300877339000,59.937,59.937,59.907,59.907,58000000,1
1300877340000,1300877399000,59.907,59.915,59.897,59.897,62000000,1
1300877400000,1300877459000,59.896,59.896,59.877,59.878,56000000,1
1300877460000,1300877519000,59.878,59.894,59.871,59.887,54000000,1
1300877520000,1300877579000,59.887,59.887,59.865,59.869,37000000,1
1300877580000,1300877639000,59.877,59.877,59.876,59.877,6000000,1
1300877640000,1300877699000,59.876,59.878,59.876,59.876,23000000,1
1300877700000,1300877759000,59.877,59.878,59.876,59.876,23000000,1
1300877760000,1300877819000,59.868,59.868,59.838,59.867,73000000,1
1300877820000,1300877879000,59.867,59.887,59.867,59.886,26000000,1
1300877880000,1300877939000,59.886,59.887,59.886,59.886,23000000,1
1300877940000,1300877999000,59.886,59.886,59.849,59.856,55000000,1
1300878000000,1300878059000,59.848,59.857,59.846,59.847,65000000,1
1300878060000,1300878119000,59.847,59.857,59.847,59.857,26000000,1
1300878120000,1300878179000,59.851,59.863,59.826,59.847,60000000,1
1300878180000,1300878239000,59.846,59.857,59.846,59.847,26000000,1
1300878240000,1300878299000,59.847,59.847,59.836,59.837,13000000,1
1300878300000,1300878359000,59.836,59.838,59.827,59.827,55000000,1
1300878360000,1300878419000,59.827,59.837,59.827,59.837,15000000,1
1300878420000,1300878479000,59.837,59.837,59.826,59.826,21000000,1
1300878480000,1300878539000,59.827,59.838,59.827,59.836,41000000,1
1300878540000,1300878599000,59.842,59.867,59.842,59.867,46000000,1
1300878600000,1300878659000,59.867,59.867,59.836,59.847,56000000,1
1300878660000,1300878719000,59.847,59.857,59.847,59.857,29000000,1
1300878720000,1300878779000,59.857,59.866,59.847,59.866,50000000,1
1300878780000,1300878839000,59.866,59.866,59.848,59.856,29000000,1
1300878840000,1300878899000,59.856,59.876,59.856,59.867,27000000,1
1300878900000,1300878959000,59.856,59.866,59.848,59.848,16000000,1
1300878960000,1300879019000,59.848,59.857,59.837,59.837,71000000,1
1300879020000,1300879079000,59.838,59.856,59.836,59.848,40000000,1
1300879080000,1300879139000,59.847,59.857,59.826,59.836,41000000,1
1300879140000,1300879199000,59.836,59.857,59.836,59.857,36000000,1
1300879200000,1300879259000,59.856,59.866,59.836,59.836,38000000,1
1300879260000,1300879319000,59.846,59.848,59.84,59.848,20000000,1
1300879320000,1300879379000,59.847,59.857,59.838,59.85,38000000,1
1300879380000,1300879439000,59.856,59.867,59.856,59.856,34000000,1
1300879440000,1300879499000,59.858,59.858,59.858,59.858,13000000,1
1300879500000,1300879559000,59.858,59.858,59.856,59.857,19000000,1
1300879560000,1300879619000,59.846,59.856,59.837,59.837,31000000,1
1300879620000,1300879679000,59.838,59.838,59.796,59.802,49000000,1
1300879680000,1300879739000,59.807,59.807,59.786,59.797,53000000,1
1300879740000,1300879799000,59.797,59.818,59.788,59.816,40000000,1
1300879800000,1300879859000,59.817,59.826,59.807,59.818,46000000,1
1300879860000,1300879919000,59.817,59.817,59.8,59.807,40000000,1
1300879920000,1300879979000,59.797,59.797,59.758,59.768,75000000,1
1300879980000,1300880039000,59.768,59.807,59.758,59.807,119000000,1
1300880040000,1300880099000,59.807,59.808,59.806,59.807,19000000,1
1300880100000,1300880159000,59.807,59.807,59.767,59.787,67000000,1
1300880160000,1300880219000,59.787,59.796,59.767,59.788,80000000,1
1300880220000,1300880279000,59.788,59.797,59.787,59.797,22000000,1
1300880280000,1300880339000,59.797,59.807,59.796,59.807,26000000,1
1300880340000,1300880399000,59.798,59.828,59.797,59.827,49000000,1
1300880400000,1300880459000,59.827,59.836,59.826,59.836,19000000,1
1300880460000,1300880519000,59.836,59.836,59.806,59.808,33000000,1
1300880520000,1300880579000,59.808,59.83,59.807,59.827,35000000,1
1300880580000,1300880639000,59.829,59.846,59.829,59.838,19000000,1
1300880640000,1300880699000,59.848,59.858,59.837,59.847,73000000,1
1300880700000,1300880759000,59.848,59.848,59.837,59.847,40000000,1
1300880760000,1300880819000,59.846,59.846,59.807,59.807,51000000,1
1300880820000,1300880879000,59.807,59.807,59.787,59.797,49000000,1
1300880880000,1300880939000,59.797,59.808,59.791,59.798,107000000,1
1300880940000,1300880999000,59.807,59.807,59.796,59.807,19000000,1
1300881000000,1300881059000,59.807,59.807,59.777,59.777,85000000,1
1300881060000,1300881119000,59.777,59.802,59.767,59.802,101000000,1
1300881120000,1300881179000,59.803,59.826,59.796,59.807,86000000,1
1300881180000,1300881239000,59.807,59.818,59.807,59.817,31000000,1
1300881240000,1300881299000,59.817,59.817,59.802,59.816,86000000,1
1300881300000,1300881359000,59.816,59.828,59.807,59.828,64000000,1
1300881360000,1300881419000,59.828,59.828,59.798,59.798,70000000,1
1300881420000,1300881479000,59.799,59.808,59.797,59.807,62000000,1
1300881480000,1300881539000,59.807,59.821,59.777,59.777,91000000,1
1300881540000,1300881599000,59.777,59.777,59.746,59.767,187000000,1
1300881600000,1300881659000,59.767,59.797,59.766,59.787,113000000,1
1300881660000,1300881719000,59.797,59.816,59.786,59.796,100000000,1
1300881720000,1300881779000,59.787,59.787,59.786,59.786,31000000,1
1300881780000,1300881839000,59.786,59.807,59.776,59.807,81000000,1
1300881840000,1300881899000,59.807,59.817,59.801,59.806,55000000,1
1300881900000,1300881959000,59.807,59.818,59.807,59.808,52000000,1
1300881960000,1300882019000,59.808,59.818,59.807,59.816,58000000,1
1300882020000,1300882079000,59.816,59.839,59.812,59.837,51000000,1
1300882080000,1300882139000,59.838,59.838,59.829,59.834,25000000,1
1300882140000,1300882199000,59.833,59.839,59.828,59.837,40000000,1
1300882200000,1300882259000,59.836,59.836,59.817,59.821,58000000,1
1300882260000,1300882319000,59.821,59.827,59.817,59.827,45000000,1
1300882320000,1300882379000,59.827,59.834,59.827,59.827,29000000,1
1300882380000,1300882439000,59.819,59.847,59.817,59.847,35000000,1
1300882440000,1300882499000,59.838,59.838,59.823,59.828,18000000,1
1300882500000,1300882559000,59.826,59.828,59.818,59.828,56000000,1
1300882560000,1300882619000,59.828,59.837,59.823,59.837,45000000,1
1300882620000,1300882679000,59.837,59.837,59.816,59.817,29000000,1
1300882680000,1300882739000,59.818,59.827,59.786,59.786,55000000,1
1300882740000,1300882799000,59.787,59.794,59.787,59.794,50000000,1
1300882800000,1300882859000,59.794,59.826,59.794,59.817,85000000,1
1300882860000,1300882919000,59.817,59.817,59.769,59.769,62000000,1
1300882920000,1300882979000,59.767,59.777,59.738,59.746,115000000,1
1300882980000,1300883039000,59.742,59.749,59.737,59.737,81000000,1
1300883040000,1300883099000,59.738,59.747,59.73,59.747,38000000,1
1300883100000,1300883159000,59.747,59.747,59.73,59.737,42000000,1
1300883160000,1300883219000,59.737,59.791,59.737,59.778,103000000,1
1300883220000,1300883279000,59.778,59.789,59.767,59.786,61000000,1
1300883280000,1300883339000,59.786,59.808,59.786,59.806,61000000,1
1300883340000,1300883399000,59.808,59.827,59.807,59.816,50000000,1
1300883400000,1300883459000,59.816,59.816,59.777,59.789,69000000,1
1300883460000,1300883519000,59.788,59.788,59.771,59.777,100000000,1
1300883520000,1300883579000,59.777,59.778,59.769,59.777,20000000,1
1300883580000,1300883639000,59.777,59.787,59.776,59.787,21000000,1
1300883640000,1300883699000,59.787,59.797,59.778,59.797,40000000,1
1300883700000,1300883759000,59.798,59.817,59.787,59.787,68000000,1
1300883760000,1300883819000,59.787,59.788,59.77,59.777,64000000,1
1300883820000,1300883879000,59.777,59.788,59.767,59.776,84000000,1
1300883880000,1300883939000,59.776,59.783,59.767,59.778,55000000,1
1300883940000,1300883999000,59.776,59.798,59.776,59.787,90000000,1
1300884000000,1300884059000,59.787,59.789,59.766,59.768,35000000,1
1300884060000,1300884119000,59.768,59.811,59.768,59.807,137000000,1
1300884120000,1300884179000,59.809,59.827,59.776,59.827,181000000,1
1300884180000,1300884239000,59.827,59.831,59.807,59.817,93000000,1
1300884240000,1300884299000,59.816,59.818,59.806,59.808,83000000,1
1300884300000,1300884359000,59.808,59.824,59.797,59.824,62000000,1
1300884360000,1300884419000,59.827,59.829,59.827,59.827,8000000,1
1300884420000,1300884479000,59.827,59.857,59.827,59.838,93000000,1
1300884480000,1300884539000,59.838,59.848,59.836,59.838,44000000,1
1300884540000,1300884599000,59.837,59.838,59.77,59.78,244000000,1
1300884600000,1300884659000,59.773,59.808,59.766,59.798,199000000,1
1300884660000,1300884719000,59.798,59.798,59.757,59.778,74000000,1
1300884720000,1300884779000,59.777,59.808,59.777,59.808,84000000,1
1300884780000,1300884839000,59.808,59.808,59.768,59.768,61000000,1
1300884840000,1300884899000,59.771,59.787,59.771,59.787,29000000,1
1300884900000,1300884959000,59.787,59.827,59.787,59.819,151000000,1
1300884960000,1300885019000,59.819,59.858,59.817,59.858,144000000,1
1300885020000,1300885079000,59.858,59.86,59.82,59.846,105000000,1
1300885080000,1300885139000,59.837,59.868,59.837,59.867,134000000,1
1300885140000,1300885199000,59.867,59.888,59.847,59.857,124000000,1
1300885200000,1300885259000,59.857,59.887,59.857,59.887,93000000,1
1300885260000,1300885319000,59.887,59.887,59.867,59.867,98000000,1
1300885320000,1300885379000,59.878,59.879,59.857,59.857,108000000,1
1300885380000,1300885439000,59.858,59.869,59.844,59.869,91000000,1
1300885440000,1300885499000,59.878,59.888,59.878,59.887,62000000,1
1300885500000,1300885559000,59.888,59.898,59.887,59.898,47000000,1
1300885560000,1300885619000,59.898,59.898,59.876,59.876,60000000,1
1300885620000,1300885679000,59.869,59.869,59.858,59.861,68000000,1
1300885680000,1300885739000,59.868,59.868,59.849,59.858,38000000,1
1300885740000,1300885799000,59.858,59.858,59.846,59.848,22000000,1
1300885800000,1300885859000,59.846,59.847,59.838,59.838,30000000,1
1300885860000,1300885919000,59.843,59.867,59.843,59.867,49000000,1
1300885920000,1300885979000,59.872,59.888,59.866,59.868,60000000,1
1300885980000,1300886039000,59.868,59.897,59.85,59.879,74000000,1
1300886040000,1300886099000,59.878,59.901,59.868,59.878,156000000,1
1300886100000,1300886159000,59.878,59.896,59.869,59.896,86000000,1
1300886160000,1300886219000,59.896,59.898,59.881,59.881,37000000,1
1300886220000,1300886279000,59.886,59.888,59.867,59.886,73000000,1
1300886280000,1300886339000,59.878,59.878,59.857,59.857,98000000,1
1300886340000,1300886399000,59.856,59.859,59.839,59.839,66000000,1
1300886400000,1300886459000,59.843,59.86,59.843,59.857,88000000,1
1300886460000,1300886519000,59.857,59.877,59.857,59.867,44000000,1
1300886520000,1300886579000,59.867,59.896,59.866,59.896,205000000,1
1300886580000,1300886639000,59.896,59.917,59.894,59.909,127000000,1
1300886640000,1300886699000,59.909,59.917,59.877,59.88,206000000,1
1300886700000,1300886759000,59.88,59.886,59.862,59.881,121000000,1
1300886760000,1300886819000,59.889,59.897,59.881,59.887,88000000,1
1300886820000,1300886879000,59.889,59.893,59.868,59.87,99000000,1
1300886880000,1300886939000,59.87,59.876,59.866,59.867,39000000,1
1300886940000,1300886999000,59.867,59.872,59.856,59.867,83000000,1
1300887000000,1300887059000,59.867,59.879,59.861,59.879,91000000,1
1300887060000,1300887119000,59.879,59.89,59.867,59.868,94000000,1
1300887120000,1300887179000,59.868,59.887,59.868,59.886,103000000,1
1300887180000,1300887239000,59.878,59.887,59.867,59.878,122000000,1
1300887240000,1300887299000,59.876,59.89,59.868,59.89,86000000,1
1300887300000,1300887359000,59.889,59.891,59.869,59.879,81000000,1
1300887360000,1300887419000,59.878,59.913,59.878,59.912,118000000,1
1300887420000,1300887479000,59.912,59.928,59.857,59.857,144000000,1
1300887480000,1300887539000,59.857,59.888,59.837,59.888,144000000,1
1300887540000,1300887599000,59.888,59.888,59.868,59.877,74000000,1
1300887600000,1300887659000,59.877,59.877,59.828,59.836,142000000,1
1300887660000,1300887719000,59.83,59.867,59.823,59.867,152000000,1
1300887720000,1300887779000,59.859,59.87,59.857,59.868,72000000,1
1300887780000,1300887839000,59.867,59.877,59.847,59.867,148000000,1
1300887840000,1300887899000,59.866,59.868,59.823,59.841,233000000,1
1300887900000,1300887959000,59.841,59.85,59.831,59.837,137000000,1
1300887960000,1300888019000,59.837,59.872,59.836,59.869,146000000,1
1300888020000,1300888079000,59.857,59.877,59.847,59.851,168000000,1
1300888080000,1300888139000,59.849,59.858,59.847,59.848,58000000,1
1300888140000,1300888199000,59.848,59.848,59.817,59.817,61000000,1
1300888200000,1300888259000,59.819,59.848,59.817,59.848,100000000,1
1300888260000,1300888319000,59.848,59.857,59.842,59.85,93000000,1
1300888320000,1300888379000,59.852,59.858,59.838,59.838,114000000,1
1300888380000,1300888439000,59.838,59.838,59.817,59.827,99000000,1
1300888440000,1300888499000,59.827,59.868,59.826,59.86,128000000,1
1300888500000,1300888559000,59.86,59.898,59.86,59.897,131000000,1
1300888560000,1300888619000,59.899,59.908,59.878,59.878,95000000,1
1300888620000,1300888679000,59.878,59.893,59.867,59.877,143000000,1
1300888680000,1300888739000,59.877,59.877,59.848,59.857,139000000,1
1300888740000,1300888799000,59.857,59.897,59.838,59.864,154000000,1
1300888800000,1300888859000,59.864,59.864,59.769,59.818,328000000,1
1300888860000,1300888919000,59.817,59.837,59.806,59.827,116000000,1
1300888920000,1300888979000,59.827,59.827,59.787,59.798,226000000,1
1300888980000,1300889039000,59.797,59.81,59.767,59.778,170000000,1
1300889040000,1300889099000,59.778,59.797,59.766,59.778,201000000,1
1300889100000,1300889159000,59.781,59.788,59.758,59.766,147000000,1
1300889160000,1300889219000,59.766,59.79,59.766,59.79,97000000,1
1300889220000,1300889279000,59.79,59.806,59.787,59.796,109000000,1
1300889280000,1300889339000,59.796,59.808,59.796,59.808,65000000,1
1300889340000,1300889399000,59.808,59.808,59.787,59.797,86000000,1
1300889400000,1300889459000,59.796,59.817,59.787,59.808,116000000,1
1300889460000,1300889519000,59.808,59.826,59.786,59.819,67000000,1
1300889520000,1300889579000,59.82,59.821,59.796,59.798,126000000,1
1300889580000,1300889639000,59.799,59.8,59.791,59.793,71000000,1
1300889640000,1300889699000,59.793,59.81,59.793,59.802,107000000,1
1300889700000,1300889759000,59.807,59.808,59.797,59.808,72000000,1
1300889760000,1300889819000,59.808,59.808,59.794,59.802,64000000,1
1300889820000,1300889879000,59.804,59.817,59.804,59.808,46000000,1
1300889880000,1300889939000,59.808,59.808,59.793,59.798,61000000,1
1300889940000,1300889999000,59.798,59.808,59.787,59.787,136000000,1
1300890000000,1300890059000,59.787,59.788,59.778,59.786,88000000,1
1300890060000,1300890119000,59.786,59.799,59.779,59.798,96000000,1
1300890120000,1300890179000,59.8,59.818,59.8,59.818,102000000,1
1300890180000,1300890239000,59.818,59.827,59.817,59.817,96000000,1
1300890240000,1300890299000,59.817,59.838,59.797,59.828,117000000,1
1300890300000,1300890359000,59.828,59.828,59.816,59.816,41000000,1
1300890360000,1300890419000,59.816,59.817,59.798,59.801,59000000,1
1300890420000,1300890479000,59.801,59.808,59.797,59.806,56000000,1
1300890480000,1300890539000,59.806,59.827,59.806,59.807,93000000,1
1300890540000,1300890599000,59.807,59.816,59.798,59.816,49000000,1
1300890600000,1300890659000,59.816,59.838,59.808,59.837,88000000,1
1300890660000,1300890719000,59.833,59.887,59.833,59.877,172000000,1
1300890720000,1300890779000,59.877,59.877,59.836,59.847,197000000,1
1300890780000,1300890839000,59.839,59.848,59.827,59.829,70000000,1
1300890840000,1300890899000,59.829,59.829,59.807,59.808,108000000,1
1300890900000,1300890959000,59.808,59.82,59.799,59.819,124000000,1
1300890960000,1300891019000,59.817,59.818,59.77,59.778,126000000,1
1300891020000,1300891079000,59.778,59.788,59.717,59.757,296000000,1
1300891080000,1300891139000,59.757,59.767,59.737,59.748,237000000,1
1300891140000,1300891199000,59.748,59.748,59.727,59.737,109000000,1
1300891200000,1300891259000,59.737,59.748,59.727,59.737,80000000,1
1300891260000,1300891319000,59.737,59.748,59.728,59.747,104000000,1
1300891320000,1300891379000,59.747,59.767,59.747,59.767,73000000,1
1300891380000,1300891439000,59.767,59.768,59.747,59.747,69000000,1
1300891440000,1300891499000,59.747,59.748,59.737,59.747,55000000,1
1300891500000,1300891559000,59.747,59.757,59.746,59.757,29000000,1
1300891560000,1300891619000,59.757,59.757,59.708,59.717,115000000,1
1300891620000,1300891679000,59.708,59.737,59.698,59.736,109000000,1
1300891680000,1300891739000,59.736,59.767,59.736,59.748,71000000,1
1300891740000,1300891799000,59.748,59.757,59.747,59.756,53000000,1
1300891800000,1300891859000,59.756,59.786,59.756,59.78,80000000,1
1300891860000,1300891919000,59.78,59.807,59.776,59.797,89000000,1
1300891920000,1300891979000,59.797,59.797,59.786,59.796,28000000,1
1300891980000,1300892039000,59.796,59.808,59.788,59.798,94000000,1
1300892040000,1300892099000,59.807,59.816,59.797,59.797,84000000,1
1300892100000,1300892159000,59.797,59.808,59.787,59.787,80000000,1
1300892160000,1300892219000,59.786,59.787,59.778,59.787,13000000,1
1300892220000,1300892279000,59.786,59.787,59.767,59.778,61000000,1
1300892280000,1300892339000,59.777,59.798,59.777,59.798,36000000,1
1300892340000,1300892399000,59.796,59.807,59.787,59.797,72000000,1
1300892400000,1300892459000,59.797,59.807,59.786,59.797,153000000,1
1300892460000,1300892519000,59.798,59.808,59.797,59.807,99000000,1
1300892520000,1300892579000,59.803,59.82,59.796,59.816,142000000,1
1300892580000,1300892639000,59.828,59.828,59.808,59.816,171000000,1
1300892640000,1300892699000,59.817,59.837,59.815,59.836,119000000,1
1300892700000,1300892759000,59.836,59.838,59.827,59.838,115000000,1
1300892760000,1300892819000,59.837,59.857,59.827,59.857,105000000,1
1300892820000,1300892879000,59.857,59.857,59.816,59.817,107000000,1
1300892880000,1300892939000,59.817,59.826,59.805,59.826,60000000,1
1300892940000,1300892999000,59.826,59.867,59.817,59.852,138000000,1
1300893000000,1300893059000,59.848,59.848,59.836,59.837,71000000,1
1300893060000,1300893119000,59.837,59.848,59.826,59.847,106000000,1
1300893120000,1300893179000,59.848,59.857,59.847,59.857,54000000,1
1300893180000,1300893239000,59.857,59.857,59.827,59.846,108000000,1
1300893240000,1300893299000,59.846,59.857,59.837,59.856,101000000,1
1300893300000,1300893359000,59.857,59.857,59.818,59.821,72000000,1
1300893360000,1300893419000,59.826,59.826,59.806,59.807,51000000,1
1300893420000,1300893479000,59.81,59.846,59.806,59.846,96000000,1
1300893480000,1300893539000,59.846,59.848,59.827,59.847,55000000,1
1300893540000,1300893599000,59.851,59.851,59.818,59.827,53000000,1
1300893600000,1300893659000,59.827,59.837,59.826,59.826,51000000,1
1300893660000,1300893719000,59.826,59.84,59.82,59.837,40000000,1
1300893720000,1300893779000,59.838,59.848,59.821,59.821,103000000,1
1300893780000,1300893839000,59.827,59.827,59.816,59.816,23000000,1
1300893840000,1300893899000,59.816,59.817,59.806,59.816,28000000,1
1300893900000,1300893959000,59.816,59.821,59.811,59.821,29000000,1
1300893960000,1300894019000,59.818,59.849,59.816,59.848,140000000,1
1300894020000,1300894079000,59.848,59.858,59.839,59.851,51000000,1
1300894080000,1300894139000,59.848,59.848,59.827,59.836,53000000,1
1300894140000,1300894199000,59.836,59.836,59.821,59.827,35000000,1
1300894200000,1300894259000,59.827,59.858,59.827,59.858,36000000,1
1300894260000,1300894319000,59.857,59.868,59.847,59.868,46000000,1
1300894320000,1300894379000,59.866,59.867,59.857,59.862,51000000,1
1300894380000,1300894439000,59.867,59.867,59.857,59.867,34000000,1
1300894440000,1300894499000,59.867,59.877,59.857,59.873,52000000,1
1300894500000,1300894559000,59.877,59.908,59.877,59.907,86000000,1
1300894560000,1300894619000,59.907,59.907,59.894,59.896,53000000,1
1300894620000,1300894679000,59.896,59.898,59.876,59.878,77000000,1
1300894680000,1300894739000,59.878,59.887,59.876,59.885,53000000,1
1300894740000,1300894799000,59.886,59.887,59.877,59.887,39000000,1
1300894800000,1300894859000,59.886,59.897,59.867,59.877,81000000,1
1300894860000,1300894919000,59.877,59.877,59.856,59.858,94000000,1
1300894920000,1300894979000,59.857,59.857,59.838,59.847,72000000,1
1300894980000,1300895039000,59.847,59.847,59.837,59.837,75000000,1
1300895040000,1300895099000,59.837,59.848,59.817,59.827,97000000,1
1300895100000,1300895159000,59.827,59.846,59.827,59.836,62000000,1
1300895160000,1300895219000,59.838,59.838,59.818,59.836,70000000,1
1300895220000,1300895279000,59.837,59.857,59.837,59.848,97000000,1
1300895280000,1300895339000,59.849,59.857,59.847,59.849,108000000,1
1300895340000,1300895399000,59.85,59.857,59.848,59.856,61000000,1
1300895400000,1300895459000,59.857,59.876,59.857,59.86,101000000,1
1300895460000,1300895519000,59.867,59.868,59.856,59.857,131000000,1
1300895520000,1300895579000,59.858,59.881,59.858,59.878,68000000,1
1300895580000,1300895639000,59.878,59.888,59.878,59.88,40000000,1
1300895640000,1300895699000,59.882,59.888,59.878,59.88,97000000,1
1300895700000,1300895759000,59.878,59.888,59.877,59.879,148000000,1
1300895760000,1300895819000,59.877,59.898,59.868,59.888,132000000,1
1300895820000,1300895879000,59.888,59.888,59.874,59.877,132000000,1
1300895880000,1300895939000,59.877,59.877,59.847,59.847,83000000,1
1300895940000,1300895999000,59.847,59.857,59.808,59.846,249000000,1
1300896000000,1300896059000,59.847,59.926,59.846,59.907,302000000,1
1300896060000,1300896119000,59.907,59.927,59.896,59.897,166000000,1
1300896120000,1300896179000,59.897,59.898,59.886,59.887,81000000,1
1300896180000,1300896239000,59.886,59.908,59.886,59.897,65000000,1
1300896240000,1300896299000,59.898,59.928,59.898,59.927,73000000,1
1300896300000,1300896359000,59.928,59.928,59.91,59.927,125000000,1
1300896360000,1300896419000,59.927,59.947,59.926,59.947,101000000,1
1300896420000,1300896479000,59.947,59.948,59.936,59.937,61000000,1
1300896480000,1300896539000,59.937,59.937,59.907,59.909,116000000,1
1300896540000,1300896599000,59.908,59.917,59.906,59.908,51000000,1
1300896600000,1300896659000,59.909,59.921,59.908,59.917,63000000,1
1300896660000,1300896719000,59.917,59.917,59.916,59.917,18000000,1
1300896720000,1300896779000,59.92,59.927,59.906,59.906,32000000,1
1300896780000,1300896839000,59.908,59.917,59.897,59.897,38000000,1
1300896840000,1300896899000,59.896,59.907,59.871,59.877,78000000,1
1300896900000,1300896959000,59.877,59.897,59.867,59.887,113000000,1
1300896960000,1300897019000,59.887,59.927,59.887,59.917,52000000,1
1300897020000,1300897079000,59.927,59.936,59.926,59.926,49000000,1
1300897080000,1300897139000,59.926,59.926,59.892,59.897,110000000,1
1300897140000,1300897199000,59.897,59.908,59.888,59.906,104000000,1
1300897200000,1300897259000,59.9,59.916,59.898,59.907,70000000,1
1300897260000,1300897319000,59.907,59.937,59.898,59.937,75000000,1
1300897320000,1300897379000,59.937,59.94,59.927,59.938,62000000,1
1300897380000,1300897439000,59.938,59.94,59.927,59.937,47000000,1
1300897440000,1300897499000,59.938,59.956,59.937,59.937,107000000,1
1300897500000,1300897559000,59.937,59.967,59.937,59.967,120000000,1
1300897560000,1300897619000,59.969,59.987,59.956,59.957,117000000,1
1300897620000,1300897679000,59.957,59.988,59.957,59.978,92000000,1
1300897680000,1300897739000,59.977,59.987,59.977,59.977,69000000,1
1300897740000,1300897799000,59.979,59.987,59.976,59.977,69000000,1
1300897800000,1300897859000,59.977,59.998,59.967,59.998,75000000,1
1300897860000,1300897919000,59.998,60.008,59.986,60.0,78000000,1
1300897920000,1300897979000,59.998,60.017,59.977,60.012,120000000,1
1300897980000,1300898039000,60.011,60.018,59.999,60.007,63000000,1
1300898040000,1300898099000,60.007,60.008,59.997,59.998,46000000,1
1300898100000,1300898159000,59.996,59.997,59.986,59.986,31000000,1
1300898160000,1300898219000,59.986,59.988,59.977,59.978,56000000,1
1300898220000,1300898279000,59.978,59.986,59.977,59.977,33000000,1
1300898280000,1300898339000,59.977,59.987,59.95,59.956,45000000,1
1300898340000,1300898399000,59.956,59.956,59.947,59.947,34000000,1
1300898400000,1300898459000,59.948,59.967,59.948,59.966,68000000,1
1300898460000,1300898519000,59.957,59.977,59.947,59.976,82000000,1
1300898520000,1300898579000,59.976,59.977,59.966,59.976,51000000,1
1300898580000,1300898639000,59.976,59.977,59.967,59.977,51000000,1
1300898640000,1300898699000,59.978,59.988,59.978,59.987,16000000,1
1300898700000,1300898759000,59.988,59.998,59.986,59.997,56000000,1
1300898760000,1300898819000,59.997,60.008,59.967,59.967,63000000,1
1300898820000,1300898879000,59.968,59.977,59.966,59.967,67000000,1
1300898880000,1300898939000,59.967,59.977,59.957,59.967,96000000,1
1300898940000,1300898999000,59.967,59.977,59.966,59.967,33000000,1
1300899000000,1300899059000,59.968,59.978,59.966,59.967,60000000,1
1300899060000,1300899119000,59.967,59.977,59.964,59.966,53000000,1
1300899120000,1300899179000,59.966,59.968,59.966,59.966,10000000,1
1300899180000,1300899239000,59.967,59.967,59.966,59.967,18000000,1
1300899240000,1300899299000,59.967,59.967,59.938,59.938,88000000,1
1300899300000,1300899359000,59.937,59.947,59.927,59.927,42000000,1
1300899360000,1300899419000,59.922,59.923,59.906,59.916,76000000,1
1300899420000,1300899479000,59.916,59.927,59.916,59.927,52000000,1
1300899480000,1300899539000,59.927,59.927,59.916,59.917,39000000,1
1300899540000,1300899599000,59.916,59.917,59.906,59.907,52000000,1
1300899600000,1300899659000,59.906,59.92,59.898,59.906,81000000,1
1300899660000,1300899719000,59.907,59.917,59.906,59.916,63000000,1
1300899720000,1300899779000,59.916,59.927,59.916,59.927,68000000,1
1300899780000,1300899839000,59.927,59.927,59.907,59.907,23000000,1
1300899840000,1300899899000,59.907,59.917,59.896,59.897,82000000,1
1300899900000,1300899959000,59.887,59.889,59.877,59.889,43000000,1
1300899960000,1300900019000,59.888,59.888,59.886,59.886,23000000,1
1300900020000,1300900079000,59.886,59.899,59.886,59.897,54000000,1
1300900080000,1300900139000,59.907,59.918,59.896,59.917,35000000,1
1300900140000,1300900199000,59.916,59.916,59.916,59.916,6000000,1
1300900200000,1300900259000,59.918,59.928,59.916,59.926,33000000,1
1300900260000,1300900319000,59.926,59.927,59.926,59.927,18000000,1
1300900320000,1300900379000,59.927,59.927,59.916,59.926,46000000,1
1300900380000,1300900439000,59.926,59.937,59.926,59.937,24000000,1
1300900440000,1300900499000,59.937,59.937,59.936,59.937,32000000,1
1300900500000,1300900559000,59.936,59.936,59.927,59.936,29000000,1
1300900560000,1300900619000,59.937,59.938,59.927,59.928,29000000,1
1300900620000,1300900679000,59.928,59.936,59.927,59.936,10000000,1
1300900680000,1300900739000,59.937,59.947,59.931,59.947,50000000,1
1300900740000,1300900799000,59.947,59.957,59.937,59.937,66000000,1
1300900800000,1300900859000,59.937,59.947,59.937,59.939,38000000,1
1300900860000,1300900919000,59.946,59.956,59.936,59.936,71000000,1
1300900920000,1300900979000,59.927,59.938,59.926,59.936,54000000,1
1300900980000,1300901039000,59.936,59.937,59.926,59.928,28000000,1
1300901040000,1300901099000,59.936,59.937,59.926,59.927,50000000,1
1300901100000,1300901159000,59.928,59.928,59.917,59.927,35000000,1
1300901160000,1300901219000,59.928,59.937,59.926,59.927,19000000,1
1300901220000,1300901279000,59.936,59.946,59.928,59.928,45000000,1
1300901280000,1300901339000,59.928,59.931,59.919,59.928,58000000,1
1300901340000,1300901399000,59.927,59.938,59.926,59.926,49000000,1
1300901400000,1300901459000,59.923,59.928,59.917,59.922,75000000,1
1300901460000,1300901519000,59.921,59.946,59.917,59.946,54000000,1
1300901520000,1300901579000,59.946,59.949,59.919,59.946,90000000,1
1300901580000,1300901639000,59.948,59.949,59.91,59.91,60000000,1
1300901640000,1300901699000,59.916,59.956,59.916,59.956,84000000,1
1300901700000,1300901759000,59.956,59.956,59.938,59.938,79000000,1
1300901760000,1300901819000,59.946,59.946,59.921,59.936,62000000,1
1300901820000,1300901879000,59.936,59.937,59.917,59.917,77000000,1
1300901880000,1300901939000,59.917,59.927,59.917,59.924,54000000,1
1300901940000,1300901999000,59.933,59.934,59.917,59.918,93000000,1
1300902000000,1300902059000,59.918,59.92,59.91,59.918,81000000,1
1300902060000,1300902119000,59.914,59.919,59.905,59.919,64000000,1
1300902120000,1300902179000,59.927,59.947,59.917,59.927,82000000,1
1300902180000,1300902239000,59.926,59.928,59.92,59.92,57000000,1
1300902240000,1300902299000,59.92,59.946,59.917,59.917,61000000,1
1300902300000,1300902359000,59.916,59.946,59.911,59.917,97000000,1
1300902360000,1300902419000,59.917,59.927,59.907,59.916,115000000,1
1300902420000,1300902479000,59.918,59.936,59.914,59.922,69000000,1
1300902480000,1300902539000,59.923,59.937,59.902,59.907,90000000,1
1300902540000,1300902599000,59.91,59.919,59.901,59.901,46000000,1
1300902600000,1300902659000,59.901,59.946,59.901,59.938,104000000,1
1300902660000,1300902719000,59.937,59.937,59.928,59.928,98000000,1
1300902720000,1300902779000,59.928,59.936,59.928,59.928,69000000,1
1300902780000,1300902839000,59.928,59.93,59.927,59.928,50000000,1
1300902840000,1300902899000,59.93,59.937,59.912,59.915,96000000,1
1300902900000,1300902959000,59.918,59.936,59.902,59.928,117000000,1
1300902960000,1300903019000,59.928,59.939,59.927,59.931,74000000,1
1300903020000,1300903079000,59.93,59.938,59.929,59.938,28000000,1
1300903080000,1300903139000,59.938,59.966,59.938,59.959,55000000,1
1300903140000,1300903199000,59.967,59.968,59.958,59.968,74000000,1
1300903200000,1300903259000,59.967,59.967,59.949,59.949,48000000,1
1300903260000,1300903319000,59.947,59.947,59.93,59.938,61000000,1
1300903320000,1300903379000,59.942,59.947,59.887,59.891,93000000,1
1300903380000,1300903439000,59.894,59.917,59.891,59.916,43000000,1
1300903440000,1300903499000,59.91,59.922,59.898,59.908,133000000,1
1300903500000,1300903559000,59.909,59.916,59.897,59.897,56000000,1
1300903560000,1300903619000,59.896,59.927,59.896,59.926,78000000,1
1300903620000,1300903679000,59.926,59.927,59.926,59.927,7000000,1
1300903680000,1300903739000,59.928,59.936,59.928,59.936,15000000,1
1300903740000,1300903799000,59.936,59.936,59.896,59.907,116000000,1
1300903800000,1300903859000,59.911,59.924,59.902,59.918,51000000,1
1300903860000,1300903919000,59.918,59.918,59.901,59.901,30000000,1
1300903920000,1300903979000,59.904,59.918,59.904,59.918,12000000,1
1300903980000,1300904039000,59.921,59.941,59.921,59.931,24000000,1
1300904040000,1300904099000,59.929,59.938,59.928,59.938,32000000,1
1300904100000,1300904159000,59.938,59.941,59.928,59.938,53000000,1
1300904160000,1300904219000,59.938,59.938,59.938,59.938,9000000,1
1300904220000,1300904279000,59.936,59.937,59.932,59.933,8000000,1
1300904280000,1300904339000,59.936,59.948,59.928,59.938,45000000,1
1300904340000,1300904399000,59.938,59.947,59.936,59.947,16000000,1
1300904400000,1300904459000,59.947,59.947,59.933,59.937,19000000,1
1300904460000,1300904519000,59.936,59.946,59.931,59.936,19000000,1
1300904520000,1300904579000,59.936,59.946,59.93,59.937,45000000,1
1300904580000,1300904639000,59.936,59.937,59.927,59.929,54000000,1
1300904640000,1300904699000,59.928,59.937,59.924,59.927,52000000,1
1300904700000,1300904759000,59.927,59.937,59.927,59.937,33000000,1
1300904760000,1300904819000,59.936,59.948,59.936,59.942,38000000,1
1300904820000,1300904879000,59.939,59.942,59.931,59.936,24000000,1
1300904880000,1300904939000,59.937,59.937,59.936,59.936,8000000,1
1300904940000,1300904999000,59.936,59.94,59.936,59.938,67000000,1
1300905000000,1300905059000,59.936,59.941,59.936,59.937,57000000,1
1300905060000,1300905119000,59.938,59.947,59.938,59.946,18000000,1
1300905120000,1300905179000,59.947,59.957,59.937,59.942,96000000,1
1300905180000,1300905239000,59.943,59.967,59.919,59.934,115000000,1
1300905240000,1300905299000,59.932,59.938,59.93,59.934,91000000,1
1300905300000,1300905359000,59.934,59.959,59.926,59.941,192000000,1
1300905360000,1300905419000,59.941,59.958,59.935,59.942,112000000,1
1300905420000,1300905479000,59.941,59.947,59.922,59.922,70000000,1
1300905480000,1300905539000,59.92,59.936,59.92,59.931,26000000,1
1300905540000,1300905599000,59.934,59.938,59.931,59.938,34000000,1
1300905600000,1300905659000,59.938,59.938,59.929,59.937,36000000,1
1300905660000,1300905719000,59.938,59.972,59.938,59.948,42000000,1
1300905720000,1300905779000,59.947,59.969,59.947,59.967,29000000,1
1300905780000,1300905839000,59.967,59.967,59.951,59.957,40000000,1
1300905840000,1300905899000,59.957,59.958,59.957,59.957,17000000,1
1300905900000,1300905959000,59.957,59.966,59.957,59.959,35000000,1
1300905960000,1300906019000,59.959,59.966,59.957,59.958,31000000,1
1300906020000,1300906079000,59.958,59.958,59.958,59.958,8000000,1
1300906080000,1300906139000,59.956,59.958,59.956,59.956,17000000,1
1300906140000,1300906199000,59.956,59.957,59.949,59.957,20000000,1
1300906200000,1300906259000,59.954,59.983,59.954,59.978,72000000,1
1300906260000,1300906319000,59.978,59.986,59.951,59.955,57000000,1
1300906320000,1300906379000,59.951,59.977,59.943,59.975,105000000,1
1300906380000,1300906439000,59.974,59.997,59.974,59.977,61000000,1
1300906440000,1300906499000,59.976,59.976,59.97,59.971,17000000,1
1300906500000,1300906559000,59.97,59.97,59.951,59.951,32000000,1
1300906560000,1300906619000,59.952,59.979,59.952,59.976,41000000,1
1300906620000,1300906679000,59.976,59.983,59.976,59.98,106000000,1
1300906680000,1300906739000,59.977,59.994,59.964,59.986,94000000,1
1300906740000,1300906799000,59.978,60.007,59.978,60.007,94000000,1
1300906800000,1300906859000,60.007,60.017,59.986,60.017,55000000,1
1300906860000,1300906919000,60.006,60.006,59.986,59.986,23000000,1
1300906920000,1300906979000,59.987,59.997,59.986,59.997,91000000,1
1300906980000,1300907039000,59.997,59.998,59.996,59.996,35000000,1
1300907040000,1300907099000,59.996,60.006,59.977,59.986,52000000,1
1300907100000,1300907159000,59.976,59.977,59.957,59.967,78000000,1
1300907160000,1300907219000,59.967,59.977,59.966,59.968,39000000,1
1300907220000,1300907279000,59.968,59.977,59.966,59.976,68000000,1
1300907280000,1300907339000,59.976,59.977,59.966,59.97,60000000,1
1300907340000,1300907399000,59.97,59.977,59.969,59.977,34000000,1
1300907400000,1300907459000,59.976,59.977,59.976,59.977,17000000,1
1300907460000,1300907519000,59.977,60.006,59.976,59.997,44000000,1
1300907520000,1300907579000,59.996,59.997,59.99,59.997,11000000,1
1300907580000,1300907639000,59.997,60.032,59.995,60.023,98000000,1
1300907640000,1300907699000,60.021,60.046,60.007,60.007,132000000,1
1300907700000,1300907759000,60.006,60.037,60.0,60.009,237000000,1
1300907760000,1300907819000,60.01,60.054,60.007,60.041,159000000,1
1300907820000,1300907879000,60.038,60.047,60.016,60.026,86000000,1
1300907880000,1300907939000,60.026,60.046,60.026,60.036,47000000,1
1300907940000,1300907999000,60.036,60.065,60.036,60.047,68000000,1
1300908000000,1300908059000,60.047,60.047,60.027,60.037,66000000,1
1300908060000,1300908119000,60.037,60.047,60.037,60.044,62000000,1
1300908120000,1300908179000,60.046,60.069,60.044,60.06,60000000,1
1300908180000,1300908239000,60.057,60.068,60.048,60.048,33000000,1
1300908240000,1300908299000,60.046,60.057,60.046,60.056,16000000,1
1300908300000,1300908359000,60.056,60.057,60.023,60.039,68000000,1
1300908360000,1300908419000,60.039,60.047,60.039,60.046,17000000,1
1300908420000,1300908479000,60.047,60.047,60.028,60.028,30000000,1
1300908480000,1300908539000,60.028,60.046,60.028,60.046,32000000,1
1300908540000,1300908599000,60.047,60.056,60.046,60.048,66000000,1
1300908600000,1300908659000,60.047,60.049,60.039,60.047,46000000,1
1300908660000,1300908719000,60.047,60.068,60.04,60.061,44000000,1
1300908720000,1300908779000,60.058,60.068,60.058,60.06,55000000,1
1300908780000,1300908839000,60.058,60.08,60.058,60.078,57000000,1
1300908840000,1300908899000,60.078,60.098,60.056,60.07,119000000,1
1300908900000,1300908959000,60.067,60.077,60.067,60.077,19000000,1
1300908960000,1300909019000,60.073,60.073,60.06,60.06,23000000,1
1300909020000,1300909079000,60.06,60.071,60.057,60.071,55000000,1
1300909080000,1300909139000,60.07,60.077,60.061,60.068,45000000,1
1300909140000,1300909199000,60.072,60.072,60.058,60.065,46000000,1
1300909200000,1300909259000,60.066,60.073,60.065,60.068,21000000,1
1300909260000,1300909319000,60.067,60.069,60.025,60.063,95000000,1
1300909320000,1300909379000,60.063,60.088,60.063,60.081,71000000,1
1300909380000,1300909439000,60.08,60.089,60.071,60.089,42000000,1
1300909440000,1300909499000,60.087,60.108,60.085,60.097,90000000,1
1300909500000,1300909559000,60.096,60.106,60.091,60.096,60000000,1
1300909560000,1300909619000,60.097,60.097,60.076,60.085,104000000,1
1300909620000,1300909679000,60.085,60.086,60.067,60.075,46000000,1
1300909680000,1300909739000,60.075,60.075,60.062,60.066,41000000,1
1300909740000,1300909799000,60.068,60.077,60.061,60.067,30000000,1
1300909800000,1300909859000,60.068,60.086,60.067,60.079,30000000,1
1300909860000,1300909919000,60.077,60.079,60.076,60.079,11000000,1
1300909920000,1300909979000,60.079,60.09,60.077,60.086,29000000,1
1300909980000,1300910039000,60.085,60.085,60.076,60.079,36000000,1
1300910040000,1300910099000,60.076,60.077,60.067,60.067,49000000,1
1300910100000,1300910159000,60.067,60.067,60.049,60.054,36000000,1
1300910160000,1300910219000,60.054,60.057,60.045,60.052,35000000,1
1300910220000,1300910279000,60.052,60.057,60.036,60.037,58000000,1
1300910280000,1300910339000,60.031,60.037,59.967,59.998,218000000,1
1300910340000,1300910399000,59.998,60.012,59.963,59.993,170000000,1
1300910400000,1300910459000,59.993,60.026,59.988,59.997,113000000,1
1300910460000,1300910519000,59.987,60.0,59.98,59.996,80000000,1
1300910520000,1300910579000,59.996,60.027,59.996,60.022,45000000,1
1300910580000,1300910639000,60.027,60.028,59.986,59.997,77000000,1
1300910640000,1300910699000,59.997,60.008,59.997,60.007,31000000,1
1300910700000,1300910759000,60.007,60.007,59.98,59.98,35000000,1
1300910760000,1300910819000,59.982,59.998,59.945,59.993,171000000,1
1300910820000,1300910879000,59.992,59.996,59.968,59.968,59000000,1
1300910880000,1300910939000,59.968,59.968,59.942,59.966,37000000,1
1300910940000,1300910999000,59.96,59.978,59.96,59.972,14000000,1
1300911000000,1300911059000,59.973,59.978,59.971,59.978,13000000,1
1300911060000,1300911119000,59.977,59.977,59.947,59.948,80000000,1
1300911120000,1300911179000,59.951,59.976,59.948,59.971,53000000,1
1300911180000,1300911239000,59.968,59.968,59.967,59.967,17000000,1
1300911240000,1300911299000,59.967,59.967,59.967,59.967,6000000,1
1300911300000,1300911359000,59.966,59.973,59.96,59.969,40000000,1
1300911360000,1300911419000,59.976,59.976,59.956,59.956,31000000,1
1300911420000,1300911479000,59.957,59.957,59.956,59.957,20000000,1
1300911480000,1300911539000,59.957,59.967,59.938,59.938,67000000,1
1300911540000,1300911599000,59.938,59.938,59.938,59.938,15000000,1
1300911600000,1300911659000,59.938,59.938,59.938,59.938,9000000,1
1300911660000,1300911719000,59.938,59.946,59.938,59.94,24000000,1
1300911720000,1300911779000,59.94,59.94,59.938,59.938,13000000,1
1300911780000,1300911839000,59.938,59.938,59.938,59.938,12000000,1
1300911840000,1300911899000,59.938,59.938,59.898,59.898,61000000,1
1300911900000,1300911959000,59.898,59.907,59.898,59.907,32000000,1
1300911960000,1300912019000,59.907,59.918,59.907,59.918,77000000,1
1300912020000,1300912079000,59.918,59.921,59.917,59.918,47000000,1
1300912080000,1300912139000,59.918,59.928,59.918,59.928,51000000,1
1300912140000,1300912199000,59.928,59.928,59.917,59.917,15000000,1
1300912200000,1300912259000,59.927,59.928,59.917,59.919,39000000,1
1300912260000,1300912319000,59.919,59.928,59.917,59.918,52000000,1
1300912320000,1300912379000,59.92,59.92,59.911,59.912,10000000,1
1300912380000,1300912439000,59.912,59.912,59.908,59.91,34000000,1
1300912440000,1300912499000,59.91,59.91,59.91,59.91,1000000,1
1300912500000,1300912559000,59.91,59.91,59.901,59.901,17000000,1
1300912560000,1300912619000,59.899,59.918,59.899,59.907,22000000,1
1300912620000,1300912679000,59.907,59.907,59.907,59.907,2000000,1
1300912680000,1300912739000,59.902,59.918,59.9,59.918,23000000,1
1300912740000,1300912799000,59.908,59.918,59.898,59.9,28000000,1
1300912800000,1300912859000,59.907,59.917,59.907,59.917,28000000,1
1300912860000,1300912919000,59.917,59.928,59.917,59.928,17000000,1
1300912920000,1300912979000,59.928,59.928,59.89,59.891,50000000,1
1300912980000,1300913039000,59.894,59.898,59.887,59.889,57000000,1
1300913040000,1300913099000,59.888,59.897,59.868,59.877,133000000,1
1300913100000,1300913159000,59.877,59.917,59.836,59.907,96000000,1
1300913160000,1300913219000,59.906,59.916,59.824,59.844,153000000,1
1300913220000,1300913279000,59.837,59.887,59.827,59.827,100000000,1
1300913280000,1300913339000,59.827,59.867,59.811,59.848,119000000,1
1300913340000,1300913399000,59.848,59.857,59.816,59.818,100000000,1
1300913400000,1300913459000,59.818,59.828,59.817,59.828,38000000,1
1300913460000,1300913519000,59.828,59.828,59.828,59.828,30000000,1
1300913520000,1300913579000,59.818,59.836,59.817,59.836,40000000,1
1300913580000,1300913639000,59.837,59.837,59.819,59.837,34000000,1
1300913640000,1300913699000,59.837,59.858,59.819,59.837,73000000,1
1300913700000,1300913759000,59.828,59.877,59.828,59.868,77000000,1
1300913760000,1300913819000,59.876,59.887,59.876,59.877,54000000,1
1300913820000,1300913879000,59.868,59.888,59.868,59.888,46000000,1
1300913880000,1300913939000,59.888,59.898,59.887,59.898,21000000,1
1300913940000,1300913999000,59.887,59.908,59.887,59.908,50000000,1
1300914000000,1300914059000,59.896,59.911,59.887,59.896,6000000,1
1300914060000,1300914119000,59.886,59.886,59.829,59.831,66000000,1
1300914120000,1300914179000,59.83,59.882,59.83,59.877,40000000,1
1300914180000,1300914239000,59.877,59.882,59.858,59.858,28000000,1
1300914240000,1300914299000,59.858,59.867,59.857,59.867,39000000,1
1300914300000,1300914359000,59.867,59.868,59.861,59.867,28000000,1
1300914360000,1300914419000,59.867,59.872,59.867,59.872,11000000,1
1300914420000,1300914479000,59.867,59.867,59.866,59.866,2000000,1
1300914480000,1300914539000,59.868,59.868,59.868,59.868,2000000,1
1300914540000,1300914599000,59.868,59.872,59.868,59.872,12000000,1
1300914600000,1300914659000,59.878,59.878,59.852,59.868,14000000,1
1300914660000,1300914719000,59.877,59.877,59.871,59.871,1000000,1
1300914720000,1300914779000,59.867,59.888,59.867,59.888,45000000,1
1300914780000,1300914839000,59.888,59.909,59.887,59.898,81000000,1
1300914840000,1300914899000,59.898,59.908,59.889,59.901,64000000,1
1300914900000,1300914959000,59.901,59.901,59.877,59.878,214000000,1
1300914960000,1300915019000,59.886,59.888,59.872,59.888,91000000,1
1300915020000,1300915079000,59.888,59.899,59.877,59.898,19000000,1
1300915080000,1300915139000,59.901,59.91,59.901,59.909,21000000,1
1300915140000,1300915199000,59.909,59.917,59.89,59.89,95000000,1
1300915200000,1300915259000,59.89,59.911,59.882,59.887,21000000,1
1300915260000,1300915319000,59.887,59.887,59.872,59.877,24000000,1
1300915320000,1300915379000,59.872,59.877,59.862,59.862,31000000,1
1300915380000,1300915439000,59.858,59.865,59.847,59.847,74000000,1
1300915440000,1300915499000,59.847,59.876,59.847,59.876,34000000,1
1300915500000,1300915559000,59.876,59.877,59.876,59.877,31000000,1
1300915560000,1300915619000,59.877,59.877,59.877,59.877,16000000,1
1300915620000,1300915679000,59.877,59.887,59.877,59.887,14000000,1
1300915680000,1300915739000,59.887,59.887,59.887,59.887,12000000,1
1300915740000,1300915799000,59.887,59.887,59.887,59.887,4000000,1
1300915800000,1300915859000,59.887,59.898,59.868,59.877,81000000,1
1300915860000,1300915919000,59.877,59.878,59.868,59.877,26000000,1
1300915920000,1300915979000,59.877,59.897,59.877,59.897,47000000,1
1300915980000,1300916039000,59.897,59.907,59.897,59.907,35000000,1
1300916040000,1300916099000,59.907,59.907,59.906,59.906,16000000,1
1300916100000,1300916159000,59.906,59.908,59.906,59.908,17000000,1
1300916160000,1300916219000,59.908,59.917,59.907,59.908,22000000,1
1300916220000,1300916279000,59.908,59.908,59.889,59.898,45000000,1
1300916280000,1300916339000,59.898,59.967,59.888,59.957,38000000,1
1300916340000,1300916399000,59.957,59.976,59.872,59.872,127000000,1
1300916400000,1300916459000,59.872,59.958,59.872,59.886,107000000,1
1300916460000,1300916519000,59.886,59.927,59.881,59.886,37000000,1
1300916520000,1300916579000,59.886,59.934,59.876,59.887,49000000,1
1300916580000,1300916639000,59.887,59.887,59.866,59.866,81000000,1
1300916640000,1300916699000,59.866,59.876,59.843,59.843,77000000,1
1300916700000,1300916759000,59.847,60.027,59.847,60.026,137000000,1
1300916760000,1300916819000,60.028,60.087,60.026,60.086,176000000,1
1300916820000,1300916879000,60.086,60.088,60.057,60.076,95000000,1
1300916880000,1300916939000,60.076,60.097,60.069,60.076,131000000,1
1300916940000,1300916999000,60.076,60.088,60.028,60.085,154000000,1
1300917000000,1300917059000,60.086,60.096,60.086,60.086,23000000,1
1300917060000,1300917119000,60.087,60.107,60.087,60.106,53000000,1
1300917120000,1300917179000,60.106,60.107,60.106,60.107,16000000,1
1300917180000,1300917239000,60.107,60.111,60.087,60.088,127000000,1
1300917240000,1300917299000,60.088,60.107,60.078,60.078,98000000,1
1300917300000,1300917359000,60.078,60.092,60.078,60.087,43000000,1
1300917360000,1300917419000,60.087,60.098,60.015,60.057,192000000,1
1300917420000,1300917479000,60.058,60.078,60.028,60.067,288000000,1
1300917480000,1300917539000,60.058,60.098,60.037,60.088,123000000,1
1300917540000,1300917599000,60.087,60.087,60.087,60.087,4000000,1
1300917600000,1300917659000,60.086,60.102,60.073,60.073,19000000,1
1300917660000,1300917719000,60.077,60.096,60.077,60.091,14000000,1
1300917720000,1300917779000,60.092,60.092,60.087,60.091,4000000,1
1300917780000,1300917839000,60.088,60.088,60.067,60.071,19000000,1
1300917840000,1300917899000,60.071,60.097,60.067,60.082,29000000,1
1300917900000,1300917959000,60.077,60.087,60.077,60.087,12000000,1
1300917960000,1300918019000,60.086,60.091,60.068,60.083,19000000,1
1300918020000,1300918079000,60.087,60.087,60.083,60.086,3000000,1
1300918080000,1300918139000,60.081,60.091,60.069,60.077,13000000,1
1300918140000,1300918199000,60.077,60.101,60.076,60.078,15000000,1
1300918200000,1300918259000,60.078,60.081,60.067,60.081,23000000,1
1300918260000,1300918319000,60.077,60.095,60.049,60.094,59000000,1
1300918320000,1300918379000,60.094,60.094,60.084,60.087,7000000,1
1300918380000,1300918439000,60.086,60.087,60.082,60.087,6000000,1
1300918440000,1300918499000,60.087,60.087,60.079,60.079,6000000,1
1300918500000,1300918559000,60.082,60.096,60.057,60.057,11000000,1
1300918560000,1300918619000,60.063,60.095,60.056,60.095,76000000,1
1300918620000,1300918679000,60.099,60.13,60.092,60.107,22000000,1
1300918680000,1300918739000,60.107,60.114,60.091,60.105,16000000,1
1300918740000,1300918799000,60.108,60.12,60.104,60.104,20000000,1
1300918800000,1300918859000,60.104,60.104,60.067,60.077,12000000,1
1300918860000,1300918919000,60.084,60.086,60.079,60.079,8000000,1
1300918920000,1300918979000,60.077,60.087,60.062,60.066,14000000,1
1300918980000,1300919039000,60.066,60.08,60.063,60.063,9000000,1
1300919040000,1300919099000,60.062,60.066,60.059,60.059,5000000,1
1300919100000,1300919159000,60.058,60.061,60.058,60.061,11000000,1
1300919160000,1300919219000,60.06,60.075,60.056,60.071,27000000,1
1300919220000,1300919279000,60.071,60.094,60.071,60.094,16000000,1
1300919280000,1300919339000,60.087,60.087,60.082,60.082,3000000,1
1300919340000,1300919399000,60.086,60.087,60.086,60.087,9000000,1
1300919400000,1300919459000,60.087,60.1,60.086,60.091,18000000,1
1300919460000,1300919519000,60.091,60.091,60.086,60.087,10000000,1
1300919520000,1300919579000,60.086,60.097,60.086,60.088,16000000,1
1300919580000,1300919639000,60.086,60.086,60.077,60.077,13000000,1
1300919640000,1300919699000,60.077,60.087,60.077,60.087,9000000,1
1300919700000,1300919759000,60.086,60.087,60.086,60.086,12000000,1
1300919760000,1300919819000,60.086,60.087,60.086,60.087,16000000,1
1300919820000,1300919879000,60.087,60.087,60.086,60.087,6000000,1
1300919880000,1300919939000,60.087,60.087,60.076,60.076,11000000,1
1300919940000,1300919999000,60.077,60.091,60.077,60.088,20000000,1
1300920000000,1300920059000,60.087,60.087,60.078,60.078,6000000,1
1300920060000,1300920119000,60.078,60.078,60.077,60.077,6000000,1
1300920120000,1300920179000,60.077,60.082,60.07,60.077,23000000,1
1300920180000,1300920239000,60.085,60.085,60.077,60.081,8000000,1
1300920240000,1300920299000,60.084,60.097,60.084,60.086,27000000,1
1300920300000,1300920359000,60.086,60.086,60.078,60.078,17000000,1
1300920360000,1300920419000,60.078,60.078,60.076,60.076,6000000,1
1300920420000,1300920479000,60.077,60.077,60.076,60.076,4000000,1
1300920480000,1300920539000,60.077,60.077,60.077,60.077,2000000,1
1300920540000,1300920599000,60.076,60.076,60.076,60.076,5000000,1
1300920600000,1300920659000,60.077,60.077,60.076,60.077,6000000,1
1300920660000,1300920719000,60.076,60.086,60.074,60.074,21000000,1
1300920720000,1300920779000,60.08,60.09,60.076,60.09,45000000,1
1300920780000,1300920839000,60.09,60.09,60.086,60.086,9000000,1
1300920840000,1300920899000,60.094,60.094,60.086,60.086,10000000,1
1300920900000,1300920959000,60.087,60.088,60.077,60.077,28000000,1
1300920960000,1300921019000,60.077,60.087,60.076,60.086,44000000,1
1300921020000,1300921079000,60.087,60.087,60.081,60.086,11000000,1
1300921080000,1300921139000,60.077,60.087,60.076,60.086,14000000,1
1300921140000,1300921199000,60.086,60.1,60.086,60.096,10000000,1
1300921200000,1300921259000,60.096,60.096,60.086,60.089,17000000,1
1300921260000,1300921319000,60.087,60.087,60.087,60.087,22000000,1
1300921320000,1300921379000,60.086,60.089,60.086,60.089,6000000,1
1300921380000,1300921439000,60.089,60.089,60.087,60.087,6000000,1
1300921440000,1300921499000,60.086,60.088,60.086,60.088,11000000,1
1300921500000,1300921559000,60.088,60.092,60.088,60.092,13000000,1
1300921560000,1300921619000,60.092,60.101,60.086,60.09,30000000,1
1300921620000,1300921679000,60.087,60.092,60.078,60.086,70000000,1
1300921680000,1300921739000,60.081,60.081,60.073,60.076,22000000,1
1300921740000,1300921799000,60.076,60.086,60.076,60.077,23000000,1
1300921800000,1300921859000,60.077,60.077,60.076,60.077,11000000,1
1300921860000,1300921919000,60.076,60.086,60.067,60.07,27000000,1
1300921920000,1300921979000,60.076,60.089,60.076,60.085,46000000,1
1300921980000,1300922039000,60.085,60.111,60.081,60.111,66000000,1
1300922040000,1300922099000,60.111,60.117,60.096,60.117,143000000,1
1300922100000,1300922159000,60.117,60.148,60.1,60.148,62000000,1
1300922160000,1300922219000,60.148,60.158,60.137,60.137,75000000,1
1300922220000,1300922279000,60.137,60.137,60.137,60.137,5000000,1
1300922280000,1300922339000,60.137,60.147,60.129,60.138,133000000,1
1300922340000,1300922399000,60.138,60.168,60.137,60.158,107000000,1
1300922400000,1300922459000,60.158,60.168,60.147,60.167,243000000,1
1300922460000,1300922519000,60.167,60.179,60.167,60.177,36000000,1
1300922520000,1300922579000,60.177,60.177,60.177,60.177,23000000,1
1300922580000,1300922639000,60.177,60.182,60.167,60.177,90000000,1
1300922640000,1300922699000,60.173,60.189,60.158,60.176,134000000,1
1300922700000,1300922759000,60.17,60.181,60.168,60.176,111000000,1
1300922760000,1300922819000,60.176,60.2,60.172,60.192,97000000,1
1300922820000,1300922879000,60.196,60.206,60.186,60.198,67000000,1
1300922880000,1300922939000,60.198,60.198,60.187,60.187,46000000,1
1300922940000,1300922999000,60.188,60.197,60.188,60.197,34000000,1
1300923000000,1300923059000,60.197,60.199,60.189,60.189,61000000,1
1300923060000,1300923119000,60.189,60.191,60.183,60.183,28000000,1
1300923120000,1300923179000,60.183,60.187,60.178,60.178,16000000,1
1300923180000,1300923239000,60.183,60.187,60.167,60.178,55000000,1
1300923240000,1300923299000,60.177,60.179,60.17,60.17,30000000,1
1300923300000,1300923359000,60.171,60.182,60.166,60.182,20000000,1
1300923360000,1300923419000,60.184,60.208,60.179,60.208,152000000,1
1300923420000,1300923479000,60.208,60.221,60.204,60.216,46000000,1
1300923480000,1300923539000,60.217,60.228,60.207,60.227,97000000,1
1300923540000,1300923599000,60.227,60.236,60.217,60.22,75000000,1
1300923600000,1300923659000,60.217,60.226,60.217,60.217,27000000,1
1300923660000,1300923719000,60.216,60.222,60.211,60.218,17000000,1
1300923720000,1300923779000,60.217,60.217,60.192,60.196,45000000,1
1300923780000,1300923839000,60.197,60.207,60.193,60.202,66000000,1
1300923840000,1300923899000,60.201,60.219,60.201,60.204,64000000,1
1300923900000,1300923959000,60.199,60.216,60.197,60.213,112000000,1
1300923960000,1300924019000,60.217,60.217,60.207,60.208,115000000,1
1300924020000,1300924079000,60.207,60.207,60.203,60.203,3000000,1
1300924080000,1300924139000,60.2,60.208,60.198,60.204,41000000,1
1300924140000,1300924199000,60.204,60.204,60.198,60.199,71000000,1
1300924200000,1300924259000,60.197,60.197,60.187,60.196,49000000,1
1300924260000,1300924319000,60.192,60.206,60.192,60.193,29000000,1
1300924320000,1300924379000,60.193,60.203,60.177,60.186,179000000,1
1300924380000,1300924439000,60.179,60.188,60.179,60.188,26000000,1
1300924440000,1300924499000,60.187,60.196,60.167,60.179,90000000,1
1300924500000,1300924559000,60.177,60.178,60.166,60.168,62000000,1
1300924560000,1300924619000,60.176,60.177,60.172,60.177,43000000,1
1300924620000,1300924679000,60.177,60.194,60.149,60.162,101000000,1
1300924680000,1300924739000,60.167,60.167,60.137,60.138,70000000,1
1300924740000,1300924799000,60.137,60.138,60.096,60.112,98000000,1
1300924800000,1300924859000,60.112,60.159,60.098,60.159,439000000,1
1300924860000,1300924919000,60.159,60.175,60.148,60.168,397000000,1
1300924920000,1300924979000,60.168,60.169,60.137,60.15,175000000,1
1300924980000,1300925039000,60.151,60.158,60.148,60.148,44000000,1
1300925040000,1300925099000,60.148,60.16,60.148,60.16,24000000,1
1300925100000,1300925159000,60.163,60.181,60.163,60.177,45000000,1
1300925160000,1300925219000,60.183,60.219,60.18,60.219,214000000,1
1300925220000,1300925279000,60.218,60.227,60.187,60.212,396000000,1
1300925280000,1300925339000,60.217,60.217,60.2,60.207,126000000,1
1300925340000,1300925399000,60.207,60.218,60.207,60.213,49000000,1
1300925400000,1300925459000,60.213,60.218,60.209,60.211,29000000,1
1300925460000,1300925519000,60.211,60.211,60.208,60.208,57000000,1
1300925520000,1300925579000,60.208,60.208,60.201,60.201,42000000,1
1300925580000,1300925639000,60.197,60.197,60.187,60.196,25000000,1
1300925640000,1300925699000,60.187,60.19,60.187,60.188,37000000,1
1300925700000,1300925759000,60.188,60.197,60.188,60.188,72000000,1
1300925760000,1300925819000,60.188,60.198,60.178,60.188,60000000,1
1300925820000,1300925879000,60.188,60.191,60.178,60.191,53000000,1
1300925880000,1300925939000,60.194,60.194,60.182,60.189,31000000,1
1300925940000,1300925999000,60.189,60.191,60.181,60.181,44000000,1
1300926000000,1300926059000,60.181,60.198,60.181,60.196,88000000,1
1300926060000,1300926119000,60.199,60.208,60.198,60.202,62000000,1
1300926120000,1300926179000,60.202,60.203,60.192,60.192,16000000,1
1300926180000,1300926239000,60.196,60.197,60.196,60.197,8000000,1
1300926240000,1300926299000,60.197,60.209,60.197,60.2,31000000,1
1300926300000,1300926359000,60.199,60.199,60.188,60.188,18000000,1
1300926360000,1300926419000,60.188,60.188,60.183,60.183,11000000,1
1300926420000,1300926479000,60.183,60.19,60.183,60.189,23000000,1
1300926480000,1300926539000,60.189,60.189,60.183,60.183,29000000,1
1300926540000,1300926599000,60.182,60.194,60.181,60.181,32000000,1
1300926600000,1300926659000,60.181,60.182,60.181,60.182,10000000,1
1300926660000,1300926719000,60.182,60.185,60.168,60.184,109000000,1
1300926720000,1300926779000,60.184,60.188,60.166,60.188,69000000,1
1300926780000,1300926839000,60.187,60.188,60.181,60.182,30000000,1
1300926840000,1300926899000,60.186,60.203,60.186,60.203,57000000,1
1300926900000,1300926959000,60.203,60.211,60.203,60.21,72000000,1
1300926960000,1300927019000,60.21,60.217,60.206,60.215,97000000,1
1300927020000,1300927079000,60.215,60.221,60.188,60.202,97000000,1
1300927080000,1300927139000,60.202,60.207,60.192,60.201,137000000,1
1300927140000,1300927199000,60.2,60.208,60.2,60.206,28000000,1
1300927200000,1300927259000,60.202,60.207,60.188,60.201,69000000,1
1300927260000,1300927319000,60.201,60.22,60.188,60.218,130000000,1
1300927320000,1300927379000,60.218,60.227,60.206,60.218,186000000,1
1300927380000,1300927439000,60.218,60.22,60.217,60.218,49000000,1
1300927440000,1300927499000,60.218,60.218,60.199,60.209,117000000,1
1300927500000,1300927559000,60.209,60.246,60.206,60.24,120000000,1
1300927560000,1300927619000,60.238,60.258,60.238,60.248,126000000,1
1300927620000,1300927679000,60.248,60.266,60.237,60.266,120000000,1
1300927680000,1300927739000,60.263,60.278,60.256,60.258,128000000,1
1300927740000,1300927799000,60.258,60.277,60.246,60.271,186000000,1
1300927800000,1300927859000,60.277,60.277,60.24,60.24,107000000,1
1300927860000,1300927919000,60.24,60.254,60.238,60.252,69000000,1
1300927920000,1300927979000,60.259,60.288,60.257,60.287,119000000,1
1300927980000,1300928039000,60.287,60.298,60.27,60.292,90000000,1
1300928040000,1300928099000,60.288,60.3,60.266,60.267,172000000,1
1300928100000,1300928159000,60.28,60.28,60.238,60.251,114000000,1
1300928160000,1300928219000,60.251,60.266,60.25,60.257,55000000,1
1300928220000,1300928279000,60.254,60.254,60.242,60.253,120000000,1
1300928280000,1300928339000,60.254,60.259,60.249,60.249,43000000,1
1300928340000,1300928399000,60.249,60.264,60.249,60.257,94000000,1
1300928400000,1300928459000,60.257,60.257,60.247,60.247,53000000,1
1300928460000,1300928519000,60.246,60.25,60.238,60.25,78000000,1
1300928520000,1300928579000,60.25,60.269,60.247,60.261,72000000,1
1300928580000,1300928639000,60.261,60.299,60.261,60.298,162000000,1
1300928640000,1300928699000,60.297,60.328,60.286,60.31,255000000,1
1300928700000,1300928759000,60.31,60.318,60.307,60.308,173000000,1
1300928760000,1300928819000,60.308,60.327,60.297,60.297,237000000,1
1300928820000,1300928879000,60.299,60.301,60.289,60.29,51000000,1
1300928880000,1300928939000,60.29,60.29,60.258,60.268,105000000,1
1300928940000,1300928999000,60.269,60.269,60.258,60.267,135000000,1
1300929000000,1300929059000,60.268,60.277,60.259,60.274,50000000,1
1300929060000,1300929119000,60.271,60.279,60.268,60.278,58000000,1
1300929120000,1300929179000,60.278,60.28,60.277,60.279,38000000,1
1300929180000,1300929239000,60.279,60.28,60.271,60.276,25000000,1
1300929240000,1300929299000,60.277,60.278,60.267,60.277,66000000,1
1300929300000,1300929359000,60.276,60.277,60.27,60.277,8000000,1
1300929360000,1300929419000,60.277,60.277,60.268,60.268,38000000,1
1300929420000,1300929479000,60.257,60.289,60.257,60.289,126000000,1
1300929480000,1300929539000,60.288,60.297,60.277,60.297,101000000,1
1300929540000,1300929599000,60.291,60.308,60.287,60.3,273000000,1
1300929600000,1300929659000,60.302,60.306,60.267,60.287,129000000,1
1300929660000,1300929719000,60.287,60.289,60.273,60.287,137000000,1
1300929720000,1300929779000,60.286,60.299,60.286,60.295,62000000,1
1300929780000,1300929839000,60.296,60.297,60.279,60.288,67000000,1
1300929840000,1300929899000,60.288,60.288,60.273,60.279,55000000,1
1300929900000,1300929959000,60.278,60.3,60.278,60.298,34000000,1
1300929960000,1300930019000,60.298,60.298,60.288,60.288,46000000,1
1300930020000,1300930079000,60.288,60.298,60.274,60.274,91000000,1
1300930080000,1300930139000,60.276,60.287,60.272,60.287,33000000,1
1300930140000,1300930199000,60.287,60.287,60.257,60.257,83000000,1
1300930200000,1300930259000,60.261,60.269,60.256,60.259,176000000,1
1300930260000,1300930319000,60.259,60.274,60.259,60.273,68000000,1
1300930320000,1300930379000,60.273,60.288,60.273,60.281,62000000,1
1300930380000,1300930439000,60.288,60.297,60.288,60.297,26000000,1
1300930440000,1300930499000,60.297,60.297,60.274,60.274,42000000,1
1300930500000,1300930559000,60.273,60.274,60.256,60.268,94000000,1
1300930560000,1300930619000,60.268,60.277,60.261,60.267,80000000,1
1300930620000,1300930679000,60.267,60.277,60.266,60.277,83000000,1
1300930680000,1300930739000,60.277,60.287,60.277,60.278,79000000,1
1300930740000,1300930799000,60.278,60.287,60.277,60.277,45000000,1
1300930800000,1300930859000,60.277,60.278,60.268,60.276,73000000,1
1300930860000,1300930919000,60.276,60.287,60.268,60.278,43000000,1
1300930920000,1300930979000,60.276,60.277,60.276,60.276,8000000,1
1300930980000,1300931039000,60.274,60.277,60.266,60.267,71000000,1
1300931040000,1300931099000,60.267,60.289,60.267,60.287,70000000,1
1300931100000,1300931159000,60.287,60.288,60.278,60.288,42000000,1
1300931160000,1300931219000,60.288,60.288,60.278,60.288,22000000,1
1300931220000,1300931279000,60.288,60.307,60.288,60.307,89000000,1
1300931280000,1300931339000,60.307,60.307,60.307,60.307,84000000,1
1300931340000,1300931399000,60.307,60.308,60.288,60.297,104000000,1
1300931400000,1300931459000,60.298,60.298,60.288,60.297,94000000,1
1300931460000,1300931519000,60.297,60.297,60.288,60.288,14000000,1
1300931520000,1300931579000,60.288,60.299,60.288,60.289,35000000,1
1300931580000,1300931639000,60.289,60.297,60.289,60.297,22000000,1
1300931640000,1300931699000,60.297,60.311,60.297,60.298,85000000,1
1300931700000,1300931759000,60.3,60.309,60.3,60.3,88000000,1
1300931760000,1300931819000,60.3,60.333,60.3,60.333,60000000,1
1300931820000,1300931879000,60.334,60.334,60.327,60.328,15000000,1
1300931880000,1300931939000,60.328,60.328,60.267,60.277,136000000,1
1300931940000,1300931999000,60.283,60.295,60.283,60.288,57000000,1
1300932000000,1300932059000,60.288,60.295,60.278,60.29,84000000,1
1300932060000,1300932119000,60.288,60.29,60.267,60.279,77000000,1
1300932120000,1300932179000,60.279,60.287,60.272,60.272,96000000,1
1300932180000,1300932239000,60.272,60.277,60.253,60.277,63000000,1
1300932240000,1300932299000,60.276,60.283,60.276,60.28,53000000,1
1300932300000,1300932359000,60.279,60.287,60.267,60.276,142000000,1
1300932360000,1300932419000,60.272,60.286,60.256,60.268,82000000,1
1300932420000,1300932479000,60.268,60.268,60.247,60.268,127000000,1
1300932480000,1300932539000,60.267,60.28,60.261,60.279,135000000,1
1300932540000,1300932599000,60.278,60.287,60.271,60.273,77000000,1
1300932600000,1300932659000,60.273,60.279,60.258,60.27,87000000,1
1300932660000,1300932719000,60.269,60.278,60.268,60.268,60000000,1
1300932720000,1300932779000,60.268,60.271,60.267,60.267,76000000,1
1300932780000,1300932839000,60.267,60.28,60.267,60.277,105000000,1
1300932840000,1300932899000,60.271,60.278,60.271,60.271,58000000,1
1300932900000,1300932959000,60.271,60.271,60.267,60.267,16000000,1
1300932960000,1300933019000,60.267,60.267,60.257,60.26,35000000,1
1300933020000,1300933079000,60.26,60.26,60.237,60.258,109000000,1
1300933080000,1300933139000,60.26,60.268,60.257,60.259,56000000,1
1300933140000,1300933199000,60.258,60.268,60.257,60.268,49000000,1
1300933200000,1300933259000,60.268,60.288,60.258,60.277,74000000,1
1300933260000,1300933319000,60.279,60.303,60.279,60.3,73000000,1
1300933320000,1300933379000,60.298,60.301,60.288,60.29,74000000,1
1300933380000,1300933439000,60.29,60.29,60.289,60.289,12000000,1
1300933440000,1300933499000,60.288,60.288,60.281,60.281,15000000,1
1300933500000,1300933559000,60.281,60.293,60.277,60.289,161000000,1
1300933560000,1300933619000,60.291,60.299,60.288,60.288,56000000,1
1300933620000,1300933679000,60.288,60.296,60.288,60.292,35000000,1
1300933680000,1300933739000,60.288,60.296,60.287,60.288,59000000,1
1300933740000,1300933799000,60.288,60.307,60.288,60.296,109000000,1
1300933800000,1300933859000,60.297,60.297,60.288,60.29,31000000,1
1300933860000,1300933919000,60.29,60.339,60.29,60.336,138000000,1
1300933920000,1300933979000,60.332,60.337,60.303,60.317,164000000,1
1300933980000,1300934039000,60.311,60.327,60.308,60.318,178000000,1
1300934040000,1300934099000,60.318,60.327,60.318,60.326,142000000,1
1300934100000,1300934159000,60.326,60.337,60.318,60.337,159000000,1
1300934160000,1300934219000,60.337,60.337,60.32,60.32,82000000,1
1300934220000,1300934279000,60.32,60.327,60.317,60.317,118000000,1
1300934280000,1300934339000,60.317,60.327,60.316,60.317,48000000,1
1300934340000,1300934399000,60.317,60.32,60.308,60.32,29000000,1
1300934400000,1300934459000,60.32,60.326,60.317,60.326,53000000,1
1300934460000,1300934519000,60.326,60.342,60.326,60.341,37000000,1
1300934520000,1300934579000,60.34,60.39,60.34,60.387,154000000,1
1300934580000,1300934639000,60.387,60.39,60.368,60.39,86000000,1
1300934640000,1300934699000,60.39,60.39,60.375,60.375,35000000,1
1300934700000,1300934759000,60.373,60.38,60.367,60.378,123000000,1
1300934760000,1300934819000,60.378,60.398,60.367,60.396,106000000,1
1300934820000,1300934879000,60.396,60.427,60.392,60.41,136000000,1
1300934880000,1300934939000,60.409,60.411,60.386,60.388,79000000,1
1300934940000,1300934999000,60.398,60.41,60.398,60.409,54000000,1
1300935000000,1300935059000,60.412,60.418,60.409,60.409,37000000,1
1300935060000,1300935119000,60.407,60.407,60.405,60.405,4000000,1
1300935120000,1300935179000,60.402,60.416,60.398,60.416,74000000,1
1300935180000,1300935239000,60.416,60.42,60.407,60.411,33000000,1
1300935240000,1300935299000,60.408,60.417,60.4,60.406,60000000,1
1300935300000,1300935359000,60.407,60.407,60.398,60.401,93000000,1
1300935360000,1300935419000,60.401,60.418,60.399,60.399,58000000,1
1300935420000,1300935479000,60.398,60.399,60.398,60.398,37000000,1
1300935480000,1300935539000,60.398,60.399,60.398,60.398,57000000,1
1300935540000,1300935599000,60.398,60.399,60.398,60.398,79000000,1
1300935600000,1300935659000,60.398,60.41,60.398,60.41,97000000,1
1300935660000,1300935719000,60.408,60.409,60.384,60.384,67000000,1
1300935720000,1300935779000,60.382,60.392,60.38,60.389,40000000,1
1300935780000,1300935839000,60.388,60.392,60.368,60.375,67000000,1
1300935840000,1300935899000,60.375,60.388,60.375,60.388,21000000,1
1300935900000,1300935959000,60.389,60.397,60.389,60.397,17000000,1
1300935960000,1300936019000,60.387,60.388,60.377,60.378,78000000,1
1300936020000,1300936079000,60.378,60.387,60.366,60.367,72000000,1
1300936080000,1300936139000,60.367,60.368,60.341,60.358,110000000,1
1300936140000,1300936199000,60.358,60.376,60.358,60.366,68000000,1
1300936200000,1300936259000,60.361,60.361,60.348,60.355,27000000,1
1300936260000,1300936319000,60.355,60.367,60.351,60.359,59000000,1
1300936320000,1300936379000,60.359,60.359,60.352,60.356,34000000,1
1300936380000,1300936439000,60.357,60.357,60.35,60.35,15000000,1
1300936440000,1300936499000,60.35,60.35,60.341,60.348,41000000,1
1300936500000,1300936559000,60.348,60.349,60.34,60.347,22000000,1
1300936560000,1300936619000,60.348,60.348,60.347,60.347,10000000,1
1300936620000,1300936679000,60.348,60.358,60.348,60.358,17000000,1
1300936680000,1300936739000,60.359,60.367,60.358,60.358,37000000,1
1300936740000,1300936799000,60.358,60.377,60.358,60.377,48000000,1
1300936800000,1300936859000,60.376,60.388,60.376,60.378,93000000,1
1300936860000,1300936919000,60.379,60.498,60.378,60.448,305000000,1
1300936920000,1300936979000,60.447,60.447,60.431,60.44,127000000,1
1300936980000,1300937039000,60.437,60.437,60.427,60.428,60000000,1
1300937040000,1300937099000,60.429,60.431,60.408,60.417,129000000,1
1300937100000,1300937159000,60.417,60.428,60.417,60.417,66000000,1
1300937160000,1300937219000,60.417,60.427,60.409,60.417,216000000,1
1300937220000,1300937279000,60.42,60.424,60.412,60.421,67000000,1
1300937280000,1300937339000,60.42,60.428,60.418,60.423,36000000,1
1300937340000,1300937399000,60.428,60.428,60.412,60.428,194000000,1
1300937400000,1300937459000,60.428,60.434,60.42,60.423,71000000,1
1300937460000,1300937519000,60.425,60.425,60.398,60.406,52000000,1
1300937520000,1300937579000,60.406,60.406,60.373,60.388,85000000,1
1300937580000,1300937639000,60.388,60.398,60.388,60.392,41000000,1
1300937640000,1300937699000,60.397,60.397,60.381,60.387,45000000,1
1300937700000,1300937759000,60.387,60.398,60.379,60.388,71000000,1
1300937760000,1300937819000,60.388,60.391,60.375,60.388,113000000,1
1300937820000,1300937879000,60.388,60.397,60.377,60.377,120000000,1
1300937880000,1300937939000,60.377,60.377,60.368,60.368,62000000,1
1300937940000,1300937999000,60.368,60.368,60.358,60.361,43000000,1
1300938000000,1300938059000,60.366,60.366,60.355,60.358,46000000,1
1300938060000,1300938119000,60.358,60.358,60.353,60.357,32000000,1
1300938120000,1300938179000,60.357,60.357,60.357,60.357,43000000,1
1300938180000,1300938239000,60.357,60.369,60.348,60.36,93000000,1
1300938240000,1300938299000,60.359,60.361,60.357,60.359,33000000,1
1300938300000,1300938359000,60.359,60.368,60.357,60.368,26000000,1
1300938360000,1300938419000,60.368,60.368,60.349,60.362,123000000,1
1300938420000,1300938479000,60.368,60.378,60.353,60.368,161000000,1
1300938480000,1300938539000,60.368,60.368,60.359,60.368,129000000,1
1300938540000,1300938599000,60.377,60.377,60.361,60.367,35000000,1
1300938600000,1300938659000,60.367,60.373,60.367,60.367,45000000,1
1300938660000,1300938719000,60.367,60.386,60.367,60.378,46000000,1
1300938720000,1300938779000,60.378,60.378,60.373,60.374,24000000,1
1300938780000,1300938839000,60.376,60.378,60.367,60.377,37000000,1
1300938840000,1300938899000,60.367,60.367,60.358,60.367,46000000,1
1300938900000,1300938959000,60.366,60.368,60.358,60.368,49000000,1
1300938960000,1300939019000,60.368,60.382,60.367,60.382,34000000,1
1300939020000,1300939079000,60.38,60.383,60.38,60.381,10000000,1
1300939080000,1300939139000,60.381,60.381,60.378,60.378,3000000,1
1300939140000,1300939199000,60.378,60.387,60.377,60.377,22000000,1
1300939200000,1300939259000,60.377,60.377,60.367,60.367,89000000,1
1300939260000,1300939319000,60.367,60.368,60.359,60.367,40000000,1
1300939320000,1300939379000,60.367,60.368,60.359,60.36,46000000,1
1300939380000,1300939439000,60.36,60.38,60.357,60.379,59000000,1
1300939440000,1300939499000,60.378,60.379,60.359,60.36,35000000,1
1300939500000,1300939559000,60.36,60.366,60.359,60.36,15000000,1
1300939560000,1300939619000,60.36,60.366,60.354,60.366,28000000,1
1300939620000,1300939679000,60.366,60.388,60.366,60.386,81000000,1
1300939680000,1300939739000,60.389,60.389,60.386,60.386,14000000,1
1300939740000,1300939799000,60.387,60.404,60.379,60.397,115000000,1
1300939800000,1300939859000,60.397,60.417,60.397,60.4,99000000,1
1300939860000,1300939919000,60.4,60.41,60.399,60.41,25000000,1
1300939920000,1300939979000,60.41,60.426,60.41,60.423,41000000,1
1300939980000,1300940039000,60.422,60.428,60.42,60.427,36000000,1
1300940040000,1300940099000,60.427,60.43,60.427,60.43,24000000,1
1300940100000,1300940159000,60.43,60.437,60.428,60.436,39000000,1
1300940160000,1300940219000,60.436,60.438,60.429,60.437,56000000,1
1300940220000,1300940279000,60.439,60.456,60.438,60.438,65000000,1
1300940280000,1300940339000,60.438,60.458,60.438,60.438,85000000,1
1300940340000,1300940399000,60.436,60.438,60.434,60.437,23000000,1
1300940400000,1300940459000,60.437,60.437,60.429,60.437,29000000,1
1300940460000,1300940519000,60.43,60.43,60.419,60.419,70000000,1
1300940520000,1300940579000,60.42,60.428,60.418,60.418,15000000,1
1300940580000,1300940639000,60.42,60.429,60.419,60.427,35000000,1
1300940640000,1300940699000,60.427,60.428,60.397,60.397,46000000,1
1300940700000,1300940759000,60.4,60.41,60.399,60.405,50000000,1
1300940760000,1300940819000,60.404,60.419,60.404,60.407,37000000,1
1300940820000,1300940879000,60.409,60.409,60.397,60.402,57000000,1
1300940880000,1300940939000,60.402,60.407,60.347,60.378,108000000,1
1300940940000,1300940999000,60.374,60.379,60.367,60.378,100000000,1
1300941000000,1300941059000,60.377,60.382,60.377,60.377,30000000,1
1300941060000,1300941119000,60.377,60.401,60.371,60.377,103000000,1
1300941120000,1300941179000,60.378,60.38,60.378,60.378,13000000,1
1300941180000,1300941239000,60.378,60.388,60.359,60.367,50000000,1
1300941240000,1300941299000,60.367,60.378,60.361,60.361,54000000,1
1300941300000,1300941359000,60.357,60.367,60.356,60.356,49000000,1
1300941360000,1300941419000,60.356,60.368,60.352,60.368,23000000,1
1300941420000,1300941479000,60.368,60.368,60.368,60.368,7000000,1
1300941480000,1300941539000,60.368,60.381,60.368,60.371,47000000,1
1300941540000,1300941599000,60.368,60.368,60.368,60.368,18000000,1
1300941600000,1300941659000,60.37,60.378,60.369,60.378,19000000,1
1300941660000,1300941719000,60.377,60.391,60.371,60.387,49000000,1
1300941720000,1300941779000,60.387,60.387,60.377,60.377,23000000,1
1300941780000,1300941839000,60.377,60.377,60.377,60.377,4000000,1
1300941840000,1300941899000,60.377,60.377,60.377,60.377,12000000,1
1300941900000,1300941959000,60.377,60.378,60.371,60.378,19000000,1
1300941960000,1300942019000,60.378,60.378,60.378,60.378,6000000,1
1300942020000,1300942079000,60.378,60.392,60.378,60.39,44000000,1
1300942080000,1300942139000,60.389,60.397,60.381,60.388,37000000,1
1300942140000,1300942199000,60.388,60.389,60.388,60.389,9000000,1
1300942200000,1300942259000,60.39,60.398,60.389,60.389,19000000,1
1300942260000,1300942319000,60.389,60.398,60.389,60.394,21000000,1
1300942320000,1300942379000,60.39,60.397,60.387,60.387,30000000,1
1300942380000,1300942439000,60.387,60.388,60.372,60.377,37000000,1
1300942440000,1300942499000,60.379,60.388,60.379,60.388,19000000,1
1300942500000,1300942559000,60.388,60.388,60.378,60.378,6000000,1
1300942560000,1300942619000,60.378,60.388,60.378,60.388,17000000,1
1300942620000,1300942679000,60.388,60.388,60.388,60.388,2000000,1
1300942680000,1300942739000,60.388,60.397,60.388,60.397,19000000,1
1300942740000,1300942799000,60.391,60.397,60.388,60.397,11000000,1
1300942800000,1300942859000,60.391,60.397,60.388,60.391,35000000,1
1300942860000,1300942919000,60.388,60.388,60.377,60.377,18000000,1
1300942920000,1300942979000,60.377,60.377,60.377,60.377,2000000,1
1300942980000,1300943039000,60.377,60.377,60.368,60.369,16000000,1
1300943040000,1300943099000,60.373,60.373,60.368,60.368,13000000,1
1300943100000,1300943159000,60.368,60.371,60.368,60.371,14000000,1
1300943160000,1300943219000,60.371,60.378,60.367,60.378,24000000,1
1300943220000,1300943279000,60.37,60.385,60.37,60.374,27000000,1
1300943280000,1300943339000,60.378,60.382,60.378,60.381,15000000,1
1300943340000,1300943399000,60.377,60.388,60.367,60.37,88000000,1
1300943400000,1300943459000,60.381,60.388,60.369,60.37,41000000,1
1300943460000,1300943519000,60.369,60.388,60.368,60.388,24000000,1
1300943520000,1300943579000,60.388,60.388,60.367,60.368,48000000,1
1300943580000,1300943639000,60.37,60.376,60.369,60.371,19000000,1
1300943640000,1300943699000,60.375,60.382,60.375,60.381,19000000,1
1300943700000,1300943759000,60.38,60.389,60.378,60.38,22000000,1
1300943760000,1300943819000,60.385,60.385,60.373,60.373,14000000,1
1300943820000,1300943879000,60.377,60.378,60.371,60.374,24000000,1
1300943880000,1300943939000,60.368,60.377,60.362,60.363,53000000,1
1300943940000,1300943999000,60.363,60.367,60.358,60.358,26000000,1
1300944000000,1300944059000,60.356,60.356,60.33,60.343,102000000,1
1300944060000,1300944119000,60.341,60.349,60.329,60.336,90000000,1
1300944120000,1300944179000,60.331,60.338,60.331,60.338,28000000,1
1300944180000,1300944239000,60.34,60.346,60.316,60.316,32000000,1
1300944240000,1300944299000,60.316,60.32,60.316,60.32,24000000,1
1300944300000,1300944359000,60.32,60.32,60.307,60.317,37000000,1
1300944360000,1300944419000,60.316,60.317,60.311,60.317,16000000,1
1300944420000,1300944479000,60.311,60.312,60.302,60.31,21000000,1
1300944480000,1300944539000,60.31,60.31,60.306,60.306,14000000,1
1300944540000,1300944599000,60.31,60.317,60.308,60.311,22000000,1
1300944600000,1300944659000,60.314,60.318,60.31,60.317,21000000,1
1300944660000,1300944719000,60.317,60.317,60.311,60.317,8000000,1
1300944720000,1300944779000,60.32,60.338,60.32,60.338,35000000,1
1300944780000,1300944839000,60.339,60.346,60.339,60.346,13000000,1
1300944840000,1300944899000,60.346,60.347,60.338,60.338,76000000,1
1300944900000,1300944959000,60.338,60.341,60.338,60.341,31000000,1
1300944960000,1300945019000,60.338,60.347,60.338,60.346,9000000,1
1300945020000,1300945079000,60.347,60.347,60.327,60.328,95000000,1
1300945080000,1300945139000,60.328,60.33,60.298,60.319,147000000,1
1300945140000,1300945199000,60.321,60.327,60.314,60.318,47000000,1
1300945200000,1300945259000,60.318,60.318,60.317,60.317,12000000,1
1300945260000,1300945319000,60.317,60.317,60.31,60.317,24000000,1
1300945320000,1300945379000,60.319,60.319,60.312,60.318,14000000,1
1300945380000,1300945439000,60.318,60.355,60.318,60.327,136000000,1
1300945440000,1300945499000,60.329,60.337,60.32,60.32,73000000,1
1300945500000,1300945559000,60.322,60.327,60.308,60.313,60000000,1
1300945560000,1300945619000,60.312,60.319,60.312,60.319,6000000,1
1300945620000,1300945679000,60.323,60.327,60.32,60.32,29000000,1
1300945680000,1300945739000,60.32,60.328,60.32,60.326,69000000,1
1300945740000,1300945799000,60.327,60.327,60.309,60.321,44000000,1
1300945800000,1300945859000,60.321,60.321,60.316,60.318,38000000,1
1300945860000,1300945919000,60.318,60.318,60.312,60.316,9000000,1
1300945920000,1300945979000,60.312,60.318,60.307,60.307,34000000,1
1300945980000,1300946039000,60.308,60.314,60.307,60.307,31000000,1
1300946040000,1300946099000,60.307,60.318,60.307,60.318,51000000,1
1300946100000,1300946159000,60.318,60.318,60.318,60.318,14000000,1
1300946160000,1300946219000,60.322,60.323,60.308,60.317,196000000,1
1300946220000,1300946279000,60.317,60.318,60.307,60.309,61000000,1
1300946280000,1300946339000,60.307,60.313,60.302,60.31,35000000,1
1300946340000,1300946399000,60.308,60.327,60.306,60.322,94000000,1
1300946400000,1300946459000,60.329,60.35,60.312,60.346,98000000,1
1300946460000,1300946519000,60.34,60.347,60.328,60.338,67000000,1
1300946520000,1300946579000,60.338,60.338,60.316,60.317,64000000,1
1300946580000,1300946639000,60.317,60.329,60.31,60.316,170000000,1
1300946640000,1300946699000,60.317,60.319,60.31,60.318,41000000,1
1300946700000,1300946759000,60.317,60.32,60.313,60.317,23000000,1
1300946760000,1300946819000,60.317,60.331,60.317,60.331,31000000,1
1300946820000,1300946879000,60.331,60.331,60.331,60.331,5000000,1
1300946880000,1300946939000,60.331,60.345,60.33,60.339,41000000,1
1300946940000,1300946999000,60.339,60.347,60.334,60.337,77000000,1
1300947000000,1300947059000,60.337,60.347,60.327,60.337,73000000,1
1300947060000,1300947119000,60.337,60.358,60.334,60.356,107000000,1
1300947120000,1300947179000,60.356,60.356,60.346,60.347,55000000,1
1300947180000,1300947239000,60.347,60.349,60.341,60.346,44000000,1
1300947240000,1300947299000,60.347,60.358,60.343,60.348,77000000,1
1300947300000,1300947359000,60.348,60.36,60.348,60.353,54000000,1
1300947360000,1300947419000,60.354,60.357,60.351,60.354,21000000,1
1300947420000,1300947479000,60.348,60.351,60.342,60.347,35000000,1
1300947480000,1300947539000,60.347,60.358,60.347,60.358,34000000,1
1300947540000,1300947599000,60.358,60.366,60.352,60.364,33000000,1
1300947600000,1300947659000,60.364,60.364,60.355,60.356,19000000,1
1300947660000,1300947719000,60.356,60.356,60.352,60.352,12000000,1
1300947720000,1300947779000,60.351,60.357,60.351,60.356,20000000,1
1300947780000,1300947839000,60.351,60.367,60.351,60.362,40000000,1
1300947840000,1300947899000,60.367,60.367,60.363,60.364,12000000,1
1300947900000,1300947959000,60.366,60.367,60.36,60.367,15000000,1
1300947960000,1300948019000,60.367,60.368,60.362,60.367,36000000,1
1300948020000,1300948079000,60.366,60.366,60.357,60.357,8000000,1
1300948080000,1300948139000,60.357,60.366,60.356,60.357,15000000,1
1300948140000,1300948199000,60.356,60.356,60.356,60.356,4000000,1
1300948200000,1300948259000,60.356,60.356,60.346,60.346,13000000,1
1300948260000,1300948319000,60.347,60.383,60.347,60.373,62000000,1
1300948320000,1300948379000,60.377,60.379,60.363,60.363,31000000,1
1300948380000,1300948439000,60.359,60.375,60.356,60.367,116000000,1
1300948440000,1300948499000,60.367,60.378,60.359,60.373,91000000,1
1300948500000,1300948559000,60.378,60.38,60.364,60.368,43000000,1
1300948560000,1300948619000,60.366,60.377,60.357,60.371,81000000,1
1300948620000,1300948679000,60.371,60.386,60.371,60.376,31000000,1
1300948680000,1300948739000,60.377,60.379,60.371,60.376,36000000,1
1300948740000,1300948799000,60.376,60.396,60.376,60.378,21000000,1
1300948800000,1300948859000,60.378,60.4,60.377,60.378,116000000,1
1300948860000,1300948919000,60.378,60.387,60.378,60.38,22000000,1
1300948920000,1300948979000,60.382,60.391,60.382,60.388,19000000,1
1300948980000,1300949039000,60.388,60.408,60.387,60.399,78000000,1
1300949040000,1300949099000,60.398,60.417,60.398,60.412,20000000,1
1300949100000,1300949159000,60.412,60.428,60.408,60.418,17000000,1
1300949160000,1300949219000,60.418,60.418,60.401,60.408,23000000,1
1300949220000,1300949279000,60.406,60.408,60.381,60.388,115000000,1
1300949280000,1300949339000,60.387,60.39,60.381,60.388,62000000,1
1300949340000,1300949399000,60.388,60.39,60.362,60.367,62000000,1
1300949400000,1300949459000,60.367,60.378,60.337,60.357,164000000,1
1300949460000,1300949519000,60.35,60.371,60.35,60.363,75000000,1
1300949520000,1300949579000,60.363,60.372,60.36,60.372,82000000,1
1300949580000,1300949639000,60.368,60.368,60.368,60.368,3000000,1
1300949640000,1300949699000,60.368,60.368,60.368,60.368,8000000,1
1300949700000,1300949759000,60.368,60.368,60.358,60.358,22000000,1
1300949760000,1300949819000,60.357,60.358,60.348,60.356,28000000,1
1300949820000,1300949879000,60.357,60.361,60.343,60.347,89000000,1
1300949880000,1300949939000,60.348,60.357,60.337,60.35,55000000,1
1300949940000,1300949999000,60.35,60.35,60.337,60.343,37000000,1
1300950000000,1300950059000,60.339,60.348,60.337,60.338,75000000,1
1300950060000,1300950119000,60.347,60.348,60.337,60.337,69000000,1
1300950120000,1300950179000,60.337,60.338,60.328,60.338,42000000,1
1300950180000,1300950239000,60.338,60.347,60.328,60.331,25000000,1
1300950240000,1300950299000,60.33,60.338,60.314,60.317,51000000,1
1300950300000,1300950359000,60.316,60.316,60.287,60.288,61000000,1
1300950360000,1300950419000,60.288,60.297,60.286,60.297,28000000,1
1300950420000,1300950479000,60.288,60.296,60.287,60.296,29000000,1
1300950480000,1300950539000,60.287,60.306,60.287,60.304,55000000,1
1300950540000,1300950599000,60.312,60.328,60.306,60.308,113000000,1
1300950600000,1300950659000,60.316,60.317,60.286,60.286,67000000,1
1300950660000,1300950719000,60.278,60.288,60.278,60.278,26000000,1
1300950720000,1300950779000,60.278,60.298,60.278,60.298,22000000,1
1300950780000,1300950839000,60.298,60.298,60.286,60.287,34000000,1
1300950840000,1300950899000,60.287,60.287,60.238,60.256,62000000,1
1300950900000,1300950959000,60.256,60.316,60.228,60.306,148000000,1
1300950960000,1300951019000,60.306,60.348,60.306,60.339,171000000,1
1300951020000,1300951079000,60.338,60.348,60.327,60.347,78000000,1
1300951080000,1300951139000,60.349,60.376,60.326,60.36,175000000,1
1300951140000,1300951199000,60.358,60.378,60.336,60.37,148000000,1
1300951200000,1300951259000,60.369,60.441,60.369,60.427,198000000,1
1300951260000,1300951319000,60.427,60.428,60.387,60.397,146000000,1
1300951320000,1300951379000,60.397,60.418,60.397,60.418,103000000,1
1300951380000,1300951439000,60.417,60.417,60.397,60.397,67000000,1
1300951440000,1300951499000,60.397,60.428,60.397,60.42,87000000,1
1300951500000,1300951559000,60.427,60.441,60.423,60.427,98000000,1
1300951560000,1300951619000,60.427,60.44,60.425,60.44,130000000,1
1300951620000,1300951679000,60.448,60.448,60.427,60.437,108000000,1
1300951680000,1300951739000,60.437,60.438,60.397,60.417,231000000,1
1300951740000,1300951799000,60.417,60.417,60.386,60.396,74000000,1
1300951800000,1300951859000,60.391,60.408,60.388,60.392,97000000,1
1300951860000,1300951919000,60.397,60.398,60.374,60.379,74000000,1
1300951920000,1300951979000,60.379,60.388,60.369,60.369,66000000,1
1300951980000,1300952039000,60.38,60.404,60.373,60.388,136000000,1
1300952040000,1300952099000,60.388,60.388,60.361,60.368,128000000,1
1300952100000,1300952159000,60.368,60.376,60.36,60.366,38000000,1
1300952160000,1300952219000,60.366,60.377,60.357,60.357,59000000,1
1300952220000,1300952279000,60.358,60.358,60.343,60.348,79000000,1
1300952280000,1300952339000,60.347,60.366,60.329,60.363,148000000,1
1300952340000,1300952399000,60.358,60.358,60.337,60.337,69000000,1
1300952400000,1300952459000,60.337,60.368,60.327,60.348,151000000,1
1300952460000,1300952519000,60.347,60.347,60.299,60.317,140000000,1
1300952520000,1300952579000,60.317,60.359,60.317,60.358,112000000,1
1300952580000,1300952639000,60.358,60.362,60.351,60.359,83000000,1
1300952640000,1300952699000,60.359,60.37,60.359,60.368,40000000,1
1300952700000,1300952759000,60.368,60.387,60.367,60.375,101000000,1
1300952760000,1300952819000,60.378,60.388,60.361,60.376,100000000,1
1300952820000,1300952879000,60.376,60.388,60.357,60.357,72000000,1
1300952880000,1300952939000,60.357,60.357,60.327,60.327,90000000,1
1300952940000,1300952999000,60.327,60.377,60.327,60.376,140000000,1
1300953000000,1300953059000,60.376,60.376,60.356,60.357,34000000,1
1300953060000,1300953119000,60.357,60.358,60.338,60.351,77000000,1
1300953120000,1300953179000,60.351,60.369,60.338,60.358,115000000,1
1300953180000,1300953239000,60.358,60.367,60.348,60.367,40000000,1
1300953240000,1300953299000,60.366,60.389,60.366,60.387,52000000,1
1300953300000,1300953359000,60.387,60.388,60.367,60.367,72000000,1
1300953360000,1300953419000,60.367,60.367,60.347,60.358,72000000,1
1300953420000,1300953479000,60.358,60.377,60.357,60.377,113000000,1
1300953480000,1300953539000,60.377,60.377,60.347,60.355,124000000,1
1300953540000,1300953599000,60.357,60.386,60.357,60.376,70000000,1
1300953600000,1300953659000,60.376,60.378,60.358,60.366,84000000,1
1300953660000,1300953719000,60.366,60.367,60.366,60.366,15000000,1
1300953720000,1300953779000,60.367,60.377,60.36,60.377,68000000,1
1300953780000,1300953839000,60.377,60.378,60.376,60.377,25000000,1
1300953840000,1300953899000,60.376,60.398,60.368,60.397,68000000,1
1300953900000,1300953959000,60.397,60.398,60.377,60.387,80000000,1
1300953960000,1300954019000,60.386,60.407,60.382,60.407,41000000,1
1300954020000,1300954079000,60.407,60.407,60.378,60.378,108000000,1
1300954080000,1300954139000,60.378,60.387,60.377,60.386,50000000,1
1300954140000,1300954199000,60.386,60.428,60.386,60.428,92000000,1
1300954200000,1300954259000,60.428,60.438,60.426,60.433,70000000,1
1300954260000,1300954319000,60.436,60.437,60.416,60.416,81000000,1
1300954320000,1300954379000,60.418,60.418,60.39,60.407,85000000,1
1300954380000,1300954439000,60.408,60.408,60.397,60.397,51000000,1
1300954440000,1300954499000,60.408,60.426,60.408,60.418,31000000,1
1300954500000,1300954559000,60.418,60.438,60.407,60.407,99000000,1
1300954560000,1300954619000,60.407,60.408,60.387,60.397,67000000,1
1300954620000,1300954679000,60.398,60.402,60.387,60.391,60000000,1
1300954680000,1300954739000,60.387,60.396,60.368,60.373,97000000,1
1300954740000,1300954799000,60.377,60.387,60.371,60.382,65000000,1
1300954800000,1300954859000,60.381,60.388,60.376,60.376,32000000,1
1300954860000,1300954919000,60.376,60.378,60.36,60.376,82000000,1
1300954920000,1300954979000,60.377,60.377,60.359,60.359,24000000,1
1300954980000,1300955039000,60.361,60.391,60.361,60.391,57000000,1
1300955040000,1300955099000,60.392,60.407,60.386,60.388,62000000,1
1300955100000,1300955159000,60.388,60.418,60.388,60.416,131000000,1
1300955160000,1300955219000,60.408,60.427,60.397,60.397,98000000,1
1300955220000,1300955279000,60.387,60.408,60.386,60.408,98000000,1
1300955280000,1300955339000,60.407,60.407,60.389,60.389,34000000,1
1300955340000,1300955399000,60.388,60.388,60.376,60.376,73000000,1
1300955400000,1300955459000,60.376,60.388,60.376,60.387,53000000,1
1300955460000,1300955519000,60.38,60.397,60.368,60.376,125000000,1
1300955520000,1300955579000,60.377,60.397,60.376,60.376,79000000,1
1300955580000,1300955639000,60.376,60.376,60.357,60.357,76000000,1
1300955640000,1300955699000,60.357,60.378,60.357,60.37,57000000,1
1300955700000,1300955759000,60.367,60.381,60.367,60.378,78000000,1
1300955760000,1300955819000,60.378,60.378,60.367,60.367,22000000,1
1300955820000,1300955879000,60.367,60.377,60.361,60.376,46000000,1
1300955880000,1300955939000,60.376,60.378,60.367,60.376,82000000,1
1300955940000,1300955999000,60.376,60.381,60.366,60.366,72000000,1
1300956000000,1300956059000,60.366,60.387,60.356,60.367,187000000,1
1300956060000,1300956119000,60.371,60.376,60.366,60.376,77000000,1
1300956120000,1300956179000,60.378,60.404,60.371,60.396,67000000,1
1300956180000,1300956239000,60.393,60.396,60.377,60.378,70000000,1
1300956240000,1300956299000,60.377,60.387,60.367,60.367,60000000,1
1300956300000,1300956359000,60.367,60.376,60.356,60.366,87000000,1
1300956360000,1300956419000,60.366,60.377,60.366,60.377,31000000,1
1300956420000,1300956479000,60.377,60.377,60.367,60.377,78000000,1
1300956480000,1300956539000,60.377,60.406,60.377,60.386,126000000,1
1300956540000,1300956599000,60.377,60.377,60.346,60.368,191000000,1
1300956600000,1300956659000,60.367,60.377,60.357,60.358,122000000,1
1300956660000,1300956719000,60.358,60.358,60.34,60.346,109000000,1
1300956720000,1300956779000,60.346,60.349,60.337,60.349,71000000,1
1300956780000,1300956839000,60.353,60.388,60.353,60.376,117000000,1
1300956840000,1300956899000,60.376,60.379,60.367,60.379,65000000,1
1300956900000,1300956959000,60.379,60.379,60.368,60.376,73000000,1
1300956960000,1300957019000,60.376,60.399,60.373,60.376,156000000,1
1300957020000,1300957079000,60.376,60.378,60.357,60.368,107000000,1
1300957080000,1300957139000,60.368,60.379,60.356,60.356,108000000,1
1300957140000,1300957199000,60.358,60.368,60.347,60.366,90000000,1
1300957200000,1300957259000,60.367,60.379,60.358,60.36,90000000,1
1300957260000,1300957319000,60.363,60.387,60.359,60.376,70000000,1
1300957320000,1300957379000,60.378,60.378,60.367,60.377,57000000,1
1300957380000,1300957439000,60.377,60.407,60.377,60.407,123000000,1
1300957440000,1300957499000,60.408,60.418,60.399,60.407,62000000,1
1300957500000,1300957559000,60.402,60.406,60.377,60.388,74000000,1
1300957560000,1300957619000,60.388,60.388,60.377,60.377,41000000,1
1300957620000,1300957679000,60.377,60.377,60.336,60.336,108000000,1
1300957680000,1300957739000,60.336,60.356,60.336,60.347,67000000,1
1300957740000,1300957799000,60.348,60.368,60.347,60.368,99000000,1
1300957800000,1300957859000,60.368,60.372,60.363,60.371,45000000,1
1300957860000,1300957919000,60.369,60.372,60.356,60.367,47000000,1
1300957920000,1300957979000,60.366,60.371,60.366,60.367,22000000,1
1300957980000,1300958039000,60.367,60.367,60.348,60.349,60000000,1
1300958040000,1300958099000,60.349,60.349,60.347,60.347,9000000,1
1300958100000,1300958159000,60.347,60.369,60.347,60.367,95000000,1
1300958160000,1300958219000,60.367,60.372,60.338,60.348,108000000,1
1300958220000,1300958279000,60.347,60.347,60.347,60.347,7000000,1
1300958280000,1300958339000,60.347,60.349,60.326,60.349,48000000,1
1300958340000,1300958399000,60.346,60.356,60.336,60.336,51000000,1
1300958400000,1300958459000,60.336,60.338,60.33,60.337,77000000,1
1300958460000,1300958519000,60.337,60.349,60.337,60.348,37000000,1
1300958520000,1300958579000,60.348,60.348,60.328,60.336,40000000,1
1300958580000,1300958639000,60.336,60.338,60.307,60.328,123000000,1
1300958640000,1300958699000,60.33,60.343,60.327,60.327,70000000,1
1300958700000,1300958759000,60.327,60.328,60.317,60.318,43000000,1
1300958760000,1300958819000,60.318,60.332,60.316,60.328,85000000,1
1300958820000,1300958879000,60.328,60.339,60.328,60.329,38000000,1
1300958880000,1300958939000,60.329,60.329,60.316,60.316,75000000,1
1300958940000,1300958999000,60.316,60.337,60.316,60.317,71000000,1
1300959000000,1300959059000,60.316,60.338,60.306,60.337,110000000,1
1300959060000,1300959119000,60.337,60.338,60.326,60.326,36000000,1
1300959120000,1300959179000,60.326,60.328,60.316,60.326,62000000,1
1300959180000,1300959239000,60.326,60.327,60.316,60.316,23000000,1
1300959240000,1300959299000,60.317,60.327,60.317,60.326,41000000,1
1300959300000,1300959359000,60.326,60.337,60.318,60.337,51000000,1
1300959360000,1300959419000,60.337,60.348,60.336,60.336,111000000,1
1300959420000,1300959479000,60.339,60.366,60.336,60.366,87000000,1
1300959480000,1300959539000,60.366,60.376,60.359,60.359,42000000,1
1300959540000,1300959599000,60.364,60.368,60.356,60.356,74000000,1
1300959600000,1300959659000,60.356,60.366,60.346,60.356,87000000,1
1300959660000,1300959719000,60.356,60.378,60.338,60.376,148000000,1
1300959720000,1300959779000,60.376,60.39,60.376,60.388,86000000,1
1300959780000,1300959839000,60.396,60.426,60.38,60.398,72000000,1
1300959840000,1300959899000,60.397,60.427,60.392,60.418,168000000,1
1300959900000,1300959959000,60.424,60.449,60.424,60.448,128000000,1
1300959960000,1300960019000,60.448,60.517,60.448,60.517,186000000,1
1300960020000,1300960079000,60.517,60.528,60.497,60.507,112000000,1
1300960080000,1300960139000,60.507,60.507,60.486,60.486,113000000,1
1300960140000,1300960199000,60.486,60.532,60.486,60.528,86000000,1
1300960200000,1300960259000,60.527,60.53,60.507,60.507,101000000,1
1300960260000,1300960319000,60.508,60.527,60.498,60.517,226000000,1
1300960320000,1300960379000,60.517,60.526,60.516,60.517,176000000,1
1300960380000,1300960439000,60.517,60.541,60.515,60.538,126000000,1
1300960440000,1300960499000,60.54,60.549,60.523,60.523,138000000,1
1300960500000,1300960559000,60.522,60.531,60.516,60.516,78000000,1
1300960560000,1300960619000,60.518,60.518,60.477,60.487,172000000,1
1300960620000,1300960679000,60.49,60.496,60.478,60.487,38000000,1
1300960680000,1300960739000,60.487,60.487,60.477,60.477,81000000,1
1300960740000,1300960799000,60.477,60.477,60.456,60.466,25000000,1
1300960800000,1300960859000,60.466,60.498,60.466,60.498,65000000,1
1300960860000,1300960919000,60.491,60.498,60.488,60.498,70000000,1
1300960920000,1300960979000,60.497,60.517,60.497,60.51,79000000,1
1300960980000,1300961039000,60.51,60.517,60.498,60.501,60000000,1
1300961040000,1300961099000,60.5,60.509,60.493,60.493,50000000,1
1300961100000,1300961159000,60.491,60.508,60.489,60.496,143000000,1
1300961160000,1300961219000,60.496,60.5,60.487,60.489,70000000,1
1300961220000,1300961279000,60.49,60.507,60.486,60.491,94000000,1
1300961280000,1300961339000,60.486,60.487,60.459,60.459,84000000,1
1300961340000,1300961399000,60.457,60.478,60.452,60.478,85000000,1
1300961400000,1300961459000,60.476,60.487,60.465,60.487,50000000,1
1300961460000,1300961519000,60.487,60.516,60.484,60.506,96000000,1
1300961520000,1300961579000,60.506,60.516,60.503,60.51,48000000,1
1300961580000,1300961639000,60.508,60.536,60.508,60.536,49000000,1
1300961640000,1300961699000,60.536,60.538,60.517,60.527,95000000,1
1300961700000,1300961759000,60.528,60.537,60.519,60.537,70000000,1
1300961760000,1300961819000,60.537,60.537,60.516,60.521,106000000,1
1300961820000,1300961879000,60.521,60.536,60.519,60.526,46000000,1
1300961880000,1300961939000,60.526,60.527,60.52,60.526,55000000,1
1300961940000,1300961999000,60.526,60.548,60.526,60.537,92000000,1
1300962000000,1300962059000,60.537,60.549,60.531,60.531,159000000,1
1300962060000,1300962119000,60.532,60.543,60.527,60.539,137000000,1
1300962120000,1300962179000,60.538,60.538,60.527,60.53,63000000,1
1300962180000,1300962239000,60.53,60.539,60.527,60.528,79000000,1
1300962240000,1300962299000,60.528,60.537,60.528,60.537,31000000,1
1300962300000,1300962359000,60.537,60.537,60.516,60.517,30000000,1
1300962360000,1300962419000,60.518,60.519,60.51,60.518,53000000,1
1300962420000,1300962479000,60.517,60.517,60.517,60.517,25000000,1
1300962480000,1300962539000,60.517,60.54,60.516,60.528,82000000,1
1300962540000,1300962599000,60.528,60.537,60.528,60.537,36000000,1
1300962600000,1300962659000,60.528,60.55,60.528,60.546,118000000,1
1300962660000,1300962719000,60.546,60.56,60.538,60.554,67000000,1
1300962720000,1300962779000,60.551,60.561,60.548,60.554,41000000,1
1300962780000,1300962839000,60.558,60.558,60.526,60.526,53000000,1
1300962840000,1300962899000,60.527,60.527,60.516,60.518,62000000,1
1300962900000,1300962959000,60.518,60.527,60.498,60.506,40000000,1
1300962960000,1300963019000,60.498,60.513,60.488,60.498,58000000,1
1300963020000,1300963079000,60.498,60.498,60.488,60.498,49000000,1
1300963080000,1300963139000,60.504,60.508,60.498,60.508,59000000,1
1300963140000,1300963199000,60.508,60.508,60.506,60.507,53000000,1
1300963200000,1300963259000,60.507,60.517,60.507,60.517,22000000,1
1300963260000,1300963319000,60.517,60.527,60.516,60.519,38000000,1
1300963320000,1300963379000,60.519,60.519,60.506,60.517,67000000,1
1300963380000,1300963439000,60.517,60.517,60.508,60.517,21000000,1
1300963440000,1300963499000,60.517,60.528,60.517,60.528,72000000,1
1300963500000,1300963559000,60.528,60.563,60.526,60.547,78000000,1
1300963560000,1300963619000,60.548,60.55,60.537,60.537,36000000,1
1300963620000,1300963679000,60.536,60.547,60.536,60.537,66000000,1
1300963680000,1300963739000,60.537,60.537,60.518,60.532,61000000,1
1300963740000,1300963799000,60.536,60.537,60.527,60.528,77000000,1
1300963800000,1300963859000,60.528,60.528,60.523,60.527,8000000,1
1300963860000,1300963919000,60.527,60.527,60.506,60.506,34000000,1
1300963920000,1300963979000,60.506,60.508,60.498,60.508,65000000,1
1300963980000,1300964039000,60.508,60.511,60.508,60.511,25000000,1
1300964040000,1300964099000,60.511,60.521,60.511,60.521,24000000,1
1300964100000,1300964159000,60.522,60.522,60.508,60.508,37000000,1
1300964160000,1300964219000,60.507,60.507,60.506,60.506,13000000,1
1300964220000,1300964279000,60.506,60.506,60.5,60.506,41000000,1
1300964280000,1300964339000,60.5,60.5,60.478,60.491,101000000,1
1300964340000,1300964399000,60.489,60.494,60.468,60.468,122000000,1
1300964400000,1300964459000,60.468,60.492,60.468,60.492,85000000,1
1300964460000,1300964519000,60.491,60.497,60.491,60.493,21000000,1
1300964520000,1300964579000,60.522,60.522,60.507,60.508,63000000,1
1300964580000,1300964639000,60.508,60.517,60.498,60.506,44000000,1
1300964640000,1300964699000,60.506,60.506,60.477,60.477,71000000,1
1300964700000,1300964759000,60.477,60.488,60.477,60.488,50000000,1
1300964760000,1300964819000,60.488,60.488,60.488,60.488,27000000,1
1300964820000,1300964879000,60.488,60.489,60.488,60.489,15000000,1
1300964880000,1300964939000,60.488,60.502,60.488,60.497,58000000,1
1300964940000,1300964999000,60.49,60.51,60.49,60.508,52000000,1
1300965000000,1300965059000,60.508,60.527,60.508,60.519,51000000,1
1300965060000,1300965119000,60.519,60.527,60.502,60.502,56000000,1
1300965120000,1300965179000,60.503,60.507,60.487,60.487,86000000,1
1300965180000,1300965239000,60.487,60.51,60.487,60.507,72000000,1
1300965240000,1300965299000,60.51,60.516,60.508,60.509,24000000,1
1300965300000,1300965359000,60.509,60.513,60.509,60.509,10000000,1
1300965360000,1300965419000,60.509,60.518,60.506,60.518,48000000,1
1300965420000,1300965479000,60.518,60.518,60.506,60.51,36000000,1
1300965480000,1300965539000,60.517,60.52,60.51,60.52,35000000,1
1300965540000,1300965599000,60.52,60.52,60.514,60.517,25000000,1
1300965600000,1300965659000,60.519,60.519,60.507,60.507,43000000,1
1300965660000,1300965719000,60.507,60.55,60.507,60.541,74000000,1
1300965720000,1300965779000,60.542,60.558,60.542,60.557,43000000,1
1300965780000,1300965839000,60.557,60.558,60.545,60.551,54000000,1
1300965840000,1300965899000,60.551,60.557,60.54,60.543,52000000,1
1300965900000,1300965959000,60.543,60.558,60.539,60.558,48000000,1
1300965960000,1300966019000,60.558,60.59,60.558,60.577,157000000,1
1300966020000,1300966079000,60.577,60.587,60.566,60.578,84000000,1
1300966080000,1300966139000,60.578,60.578,60.557,60.564,43000000,1
1300966140000,1300966199000,60.564,60.59,60.564,60.586,103000000,1
1300966200000,1300966259000,60.581,60.582,60.569,60.573,54000000,1
1300966260000,1300966319000,60.573,60.587,60.558,60.587,78000000,1
1300966320000,1300966379000,60.581,60.588,60.578,60.588,49000000,1
1300966380000,1300966439000,60.588,60.588,60.571,60.578,48000000,1
1300966440000,1300966499000,60.578,60.58,60.567,60.571,29000000,1
1300966500000,1300966559000,60.571,60.588,60.571,60.583,19000000,1
1300966560000,1300966619000,60.581,60.581,60.57,60.58,86000000,1
1300966620000,1300966679000,60.58,60.588,60.58,60.583,11000000,1
1300966680000,1300966739000,60.582,60.584,60.567,60.573,70000000,1
1300966740000,1300966799000,60.571,60.576,60.554,60.558,53000000,1
1300966800000,1300966859000,60.561,60.567,60.545,60.556,147000000,1
1300966860000,1300966919000,60.553,60.57,60.553,60.567,58000000,1
1300966920000,1300966979000,60.567,60.567,60.551,60.551,31000000,1
1300966980000,1300967039000,60.551,60.558,60.55,60.558,43000000,1
1300967040000,1300967099000,60.558,60.568,60.558,60.568,24000000,1
1300967100000,1300967159000,60.568,60.568,60.558,60.558,42000000,1
1300967160000,1300967219000,60.558,60.567,60.558,60.56,92000000,1
1300967220000,1300967279000,60.562,60.581,60.562,60.581,33000000,1
1300967280000,1300967339000,60.581,60.587,60.57,60.579,65000000,1
1300967340000,1300967399000,60.579,60.579,60.577,60.577,73000000,1
1300967400000,1300967459000,60.577,60.578,60.568,60.568,84000000,1
1300967460000,1300967519000,60.568,60.569,60.557,60.557,58000000,1
1300967520000,1300967579000,60.562,60.568,60.562,60.568,50000000,1
1300967580000,1300967639000,60.568,60.568,60.559,60.559,44000000,1
1300967640000,1300967699000,60.559,60.568,60.559,60.567,62000000,1
1300967700000,1300967759000,60.568,60.571,60.557,60.567,84000000,1
1300967760000,1300967819000,60.569,60.577,60.567,60.568,61000000,1
1300967820000,1300967879000,60.567,60.577,60.557,60.557,63000000,1
1300967880000,1300967939000,60.558,60.568,60.548,60.56,50000000,1
1300967940000,1300967999000,60.568,60.597,60.566,60.589,82000000,1
1300968000000,1300968059000,60.588,60.598,60.582,60.588,84000000,1
1300968060000,1300968119000,60.597,60.632,60.593,60.632,108000000,1
1300968120000,1300968179000,60.632,60.668,60.627,60.657,154000000,1
1300968180000,1300968239000,60.657,60.658,60.641,60.647,81000000,1
1300968240000,1300968299000,60.647,60.647,60.637,60.639,46000000,1
1300968300000,1300968359000,60.642,60.642,60.636,60.638,47000000,1
1300968360000,1300968419000,60.641,60.641,60.628,60.641,53000000,1
1300968420000,1300968479000,60.641,60.647,60.617,60.617,116000000,1
1300968480000,1300968539000,60.617,60.62,60.617,60.62,48000000,1
1300968540000,1300968599000,60.619,60.627,60.618,60.626,27000000,1
1300968600000,1300968659000,60.626,60.627,60.606,60.606,58000000,1
1300968660000,1300968719000,60.607,60.607,60.597,60.606,31000000,1
1300968720000,1300968779000,60.606,60.607,60.606,60.606,5000000,1
1300968780000,1300968839000,60.607,60.607,60.597,60.597,43000000,1
1300968840000,1300968899000,60.597,60.612,60.597,60.612,17000000,1
1300968900000,1300968959000,60.608,60.617,60.607,60.617,40000000,1
1300968960000,1300969019000,60.617,60.618,60.611,60.617,34000000,1
1300969020000,1300969079000,60.619,60.619,60.606,60.608,57000000,1
1300969080000,1300969139000,60.608,60.608,60.594,60.597,60000000,1
1300969140000,1300969199000,60.593,60.608,60.593,60.598,46000000,1
1300969200000,1300969259000,60.598,60.64,60.598,60.618,158000000,1
1300969260000,1300969319000,60.62,60.65,60.618,60.646,129000000,1
1300969320000,1300969379000,60.645,60.651,60.644,60.646,59000000,1
1300969380000,1300969439000,60.646,60.647,60.627,60.636,82000000,1
1300969440000,1300969499000,60.637,60.638,60.626,60.628,115000000,1
1300969500000,1300969559000,60.628,60.638,60.625,60.637,122000000,1
1300969560000,1300969619000,60.637,60.65,60.637,60.648,92000000,1
1300969620000,1300969679000,60.648,60.656,60.612,60.616,101000000,1
1300969680000,1300969739000,60.616,60.637,60.607,60.637,72000000,1
1300969740000,1300969799000,60.63,60.638,60.567,60.581,136000000,1
1300969800000,1300969859000,60.574,60.589,60.554,60.566,209000000,1
1300969860000,1300969919000,60.567,60.587,60.567,60.578,173000000,1
1300969920000,1300969979000,60.578,60.598,60.576,60.578,169000000,1
1300969980000,1300970039000,60.578,60.598,60.576,60.578,170000000,1
1300970040000,1300970099000,60.578,60.607,60.578,60.597,90000000,1
1300970100000,1300970159000,60.598,60.607,60.59,60.591,80000000,1
1300970160000,1300970219000,60.59,60.59,60.577,60.587,62000000,1
1300970220000,1300970279000,60.586,60.598,60.586,60.596,88000000,1
1300970280000,1300970339000,60.596,60.598,60.586,60.587,79000000,1
1300970340000,1300970399000,60.587,60.587,60.552,60.556,89000000,1
1300970400000,1300970459000,60.56,60.568,60.559,60.567,62000000,1
1300970460000,1300970519000,60.566,60.567,60.557,60.567,70000000,1
1300970520000,1300970579000,60.567,60.567,60.547,60.557,71000000,1
1300970580000,1300970639000,60.557,60.557,60.528,60.549,94000000,1
1300970640000,1300970699000,60.547,60.561,60.547,60.557,57000000,1
1300970700000,1300970759000,60.557,60.577,60.556,60.567,133000000,1
1300970760000,1300970819000,60.567,60.588,60.567,60.586,84000000,1
1300970820000,1300970879000,60.577,60.587,60.567,60.568,87000000,1
1300970880000,1300970939000,60.568,60.578,60.558,60.568,77000000,1
1300970940000,1300970999000,60.567,60.578,60.56,60.578,91000000,1
1300971000000,1300971059000,60.578,60.578,60.568,60.569,41000000,1
1300971060000,1300971119000,60.569,60.577,60.566,60.577,49000000,1
1300971120000,1300971179000,60.577,60.577,60.55,60.558,87000000,1
1300971180000,1300971239000,60.558,60.558,60.537,60.538,81000000,1
1300971240000,1300971299000,60.538,60.539,60.51,60.517,65000000,1
1300971300000,1300971359000,60.517,60.521,60.498,60.498,94000000,1
1300971360000,1300971419000,60.498,60.509,60.497,60.508,94000000,1
1300971420000,1300971479000,60.508,60.517,60.498,60.517,49000000,1
1300971480000,1300971539000,60.524,60.528,60.518,60.518,75000000,1
1300971540000,1300971599000,60.518,60.528,60.511,60.527,102000000,1
1300971600000,1300971659000,60.52,60.548,60.518,60.518,107000000,1
1300971660000,1300971719000,60.518,60.528,60.507,60.527,118000000,1
1300971720000,1300971779000,60.527,60.528,60.517,60.527,40000000,1
1300971780000,1300971839000,60.527,60.528,60.497,60.498,118000000,1
1300971840000,1300971899000,60.498,60.518,60.488,60.517,113000000,1
1300971900000,1300971959000,60.517,60.518,60.508,60.516,86000000,1
1300971960000,1300972019000,60.516,60.517,60.514,60.517,29000000,1
1300972020000,1300972079000,60.523,60.538,60.51,60.537,81000000,1
1300972080000,1300972139000,60.537,60.537,60.508,60.518,71000000,1
1300972140000,1300972199000,60.518,60.528,60.511,60.516,81000000,1
1300972200000,1300972259000,60.516,60.518,60.5,60.507,94000000,1
1300972260000,1300972319000,60.507,60.51,60.496,60.506,100000000,1
1300972320000,1300972379000,60.506,60.508,60.487,60.488,60000000,1
1300972380000,1300972439000,60.489,60.507,60.488,60.497,46000000,1
1300972440000,1300972499000,60.496,60.519,60.496,60.506,140000000,1
1300972500000,1300972559000,60.508,60.508,60.487,60.502,104000000,1
1300972560000,1300972619000,60.499,60.507,60.486,60.496,138000000,1
1300972620000,1300972679000,60.493,60.497,60.487,60.49,70000000,1
1300972680000,1300972739000,60.492,60.498,60.487,60.49,93000000,1
1300972740000,1300972799000,60.489,60.508,60.487,60.498,145000000,1
1300972800000,1300972859000,60.491,60.538,60.488,60.538,120000000,1
1300972860000,1300972919000,60.538,60.542,60.509,60.52,127000000,1
1300972920000,1300972979000,60.52,60.528,60.502,60.528,109000000,1
1300972980000,1300973039000,60.528,60.537,60.518,60.527,102000000,1
1300973040000,1300973099000,60.527,60.538,60.518,60.526,105000000,1
1300973100000,1300973159000,60.526,60.529,60.517,60.527,72000000,1
1300973160000,1300973219000,60.527,60.54,60.518,60.528,100000000,1
1300973220000,1300973279000,60.528,60.551,60.526,60.548,77000000,1
1300973280000,1300973339000,60.55,60.557,60.541,60.547,57000000,1
1300973340000,1300973399000,60.551,60.557,60.548,60.557,31000000,1
1300973400000,1300973459000,60.559,60.567,60.55,60.55,94000000,1
1300973460000,1300973519000,60.556,60.567,60.538,60.547,91000000,1
1300973520000,1300973579000,60.547,60.553,60.525,60.546,191000000,1
1300973580000,1300973639000,60.546,60.548,60.537,60.548,110000000,1
1300973640000,1300973699000,60.548,60.548,60.535,60.537,101000000,1
1300973700000,1300973759000,60.537,60.538,60.486,60.488,116000000,1
1300973760000,1300973819000,60.488,60.528,60.488,60.518,112000000,1
1300973820000,1300973879000,60.519,60.528,60.519,60.519,36000000,1
1300973880000,1300973939000,60.519,60.519,60.498,60.507,71000000,1
1300973940000,1300973999000,60.507,60.519,60.497,60.497,133000000,1
1300974000000,1300974059000,60.498,60.498,60.467,60.467,106000000,1
1300974060000,1300974119000,60.46,60.508,60.458,60.486,204000000,1
1300974120000,1300974179000,60.483,60.492,60.477,60.483,164000000,1
1300974180000,1300974239000,60.488,60.497,60.47,60.488,287000000,1
1300974240000,1300974299000,60.48,60.499,60.48,60.49,154000000,1
1300974300000,1300974359000,60.497,60.508,60.476,60.497,130000000,1
1300974360000,1300974419000,60.497,60.498,60.471,60.498,63000000,1
1300974420000,1300974479000,60.498,60.508,60.488,60.497,68000000,1
1300974480000,1300974539000,60.496,60.512,60.496,60.508,68000000,1
1300974540000,1300974599000,60.508,60.508,60.486,60.497,88000000,1
1300974600000,1300974659000,60.486,60.506,60.478,60.498,117000000,1
1300974660000,1300974719000,60.496,60.529,60.487,60.51,115000000,1
1300974720000,1300974779000,60.507,60.508,60.467,60.477,120000000,1
1300974780000,1300974839000,60.478,60.526,60.478,60.517,143000000,1
1300974840000,1300974899000,60.517,60.528,60.516,60.528,65000000,1
1300974900000,1300974959000,60.528,60.537,60.507,60.518,100000000,1
1300974960000,1300975019000,60.518,60.558,60.518,60.556,246000000,1
1300975020000,1300975079000,60.551,60.551,60.506,60.508,142000000,1
1300975080000,1300975139000,60.508,60.508,60.488,60.498,121000000,1
1300975140000,1300975199000,60.499,60.51,60.488,60.507,183000000,1
1300975200000,1300975259000,60.504,60.54,60.497,60.517,218000000,1
1300975260000,1300975319000,60.517,60.528,60.499,60.499,93000000,1
1300975320000,1300975379000,60.497,60.507,60.497,60.507,40000000,1
1300975380000,1300975439000,60.512,60.531,60.512,60.527,82000000,1
1300975440000,1300975499000,60.527,60.553,60.522,60.553,116000000,1
1300975500000,1300975559000,60.553,60.583,60.552,60.568,168000000,1
1300975560000,1300975619000,60.577,60.579,60.574,60.576,50000000,1
1300975620000,1300975679000,60.572,60.581,60.56,60.567,124000000,1
1300975680000,1300975739000,60.567,60.569,60.557,60.566,102000000,1
1300975740000,1300975799000,60.568,60.577,60.552,60.557,93000000,1
1300975800000,1300975859000,60.557,60.564,60.536,60.537,216000000,1
1300975860000,1300975919000,60.537,60.557,60.536,60.537,111000000,1
1300975920000,1300975979000,60.537,60.57,60.537,60.566,84000000,1
1300975980000,1300976039000,60.566,60.576,60.566,60.567,34000000,1
1300976040000,1300976099000,60.567,60.567,60.548,60.556,72000000,1
1300976100000,1300976159000,60.556,60.612,60.556,60.611,141000000,1
1300976160000,1300976219000,60.608,60.61,60.597,60.599,94000000,1
1300976220000,1300976279000,60.599,60.599,60.582,60.598,56000000,1
1300976280000,1300976339000,60.598,60.618,60.586,60.612,122000000,1
1300976340000,1300976399000,60.613,60.63,60.595,60.613,132000000,1
1300976400000,1300976459000,60.617,60.632,60.617,60.627,50000000,1
1300976460000,1300976519000,60.627,60.627,60.609,60.609,26000000,1
1300976520000,1300976579000,60.607,60.631,60.597,60.628,105000000,1
1300976580000,1300976639000,60.622,60.648,60.611,60.611,182000000,1
1300976640000,1300976699000,60.611,60.618,60.596,60.613,167000000,1
1300976700000,1300976759000,60.617,60.619,60.587,60.587,132000000,1
1300976760000,1300976819000,60.588,60.608,60.588,60.608,69000000,1
1300976820000,1300976879000,60.608,60.622,60.607,60.618,66000000,1
1300976880000,1300976939000,60.618,60.618,60.587,60.598,94000000,1
1300976940000,1300976999000,60.597,60.608,60.597,60.597,69000000,1
1300977000000,1300977059000,60.597,60.638,60.597,60.608,155000000,1
1300977060000,1300977119000,60.607,60.607,60.588,60.598,102000000,1
1300977120000,1300977179000,60.598,60.598,60.577,60.588,166000000,1
1300977180000,1300977239000,60.587,60.597,60.587,60.588,80000000,1
1300977240000,1300977299000,60.591,60.608,60.583,60.608,78000000,1
1300977300000,1300977359000,60.608,60.638,60.606,60.638,103000000,1
1300977360000,1300977419000,60.637,60.644,60.63,60.643,119000000,1
1300977420000,1300977479000,60.642,60.647,60.639,60.639,35000000,1
1300977480000,1300977539000,60.639,60.641,60.628,60.639,76000000,1
1300977540000,1300977599000,60.636,60.636,60.619,60.62,114000000,1
1300977600000,1300977659000,60.624,60.629,60.618,60.628,93000000,1
1300977660000,1300977719000,60.63,60.657,60.63,60.647,97000000,1
1300977720000,1300977779000,60.647,60.658,60.638,60.638,106000000,1
1300977780000,1300977839000,60.638,60.642,60.628,60.637,113000000,1
1300977840000,1300977899000,60.637,60.664,60.629,60.664,126000000,1
1300977900000,1300977959000,60.666,60.666,60.636,60.646,200000000,1
1300977960000,1300978019000,60.648,60.648,60.638,60.641,123000000,1
1300978020000,1300978079000,60.641,60.648,60.628,60.637,67000000,1
1300978080000,1300978139000,60.637,60.648,60.631,60.638,126000000,1
1300978140000,1300978199000,60.638,60.647,60.627,60.627,82000000,1
1300978200000,1300978259000,60.627,60.639,60.627,60.636,104000000,1
1300978260000,1300978319000,60.636,60.66,60.632,60.66,136000000,1
1300978320000,1300978379000,60.667,60.673,60.654,60.666,159000000,1
1300978380000,1300978439000,60.666,60.677,60.657,60.668,98000000,1
1300978440000,1300978499000,60.667,60.677,60.637,60.648,169000000,1
1300978500000,1300978559000,60.648,60.668,60.638,60.667,109000000,1
1300978560000,1300978619000,60.667,60.667,60.64,60.645,72000000,1
1300978620000,1300978679000,60.645,60.657,60.64,60.647,110000000,1
1300978680000,1300978739000,60.647,60.683,60.647,60.68,124000000,1
1300978740000,1300978799000,60.68,60.68,60.656,60.667,126000000,1
1300978800000,1300978859000,60.668,60.687,60.656,60.667,135000000,1
1300978860000,1300978919000,60.667,60.696,60.661,60.696,134000000,1
1300978920000,1300978979000,60.696,60.707,60.687,60.697,75000000,1
1300978980000,1300979039000,60.697,60.697,60.677,60.68,49000000,1
1300979040000,1300979099000,60.681,60.71,60.677,60.697,189000000,1
1300979100000,1300979159000,60.693,60.707,60.689,60.696,107000000,1
1300979160000,1300979219000,60.694,60.707,60.686,60.707,71000000,1
1300979220000,1300979279000,60.707,60.747,60.696,60.747,164000000,1
1300979280000,1300979339000,60.743,60.748,60.706,60.707,167000000,1
1300979340000,1300979399000,60.697,60.708,60.666,60.667,214000000,1
1300979400000,1300979459000,60.67,60.689,60.666,60.686,106000000,1
1300979460000,1300979519000,60.686,60.698,60.686,60.697,71000000,1
1300979520000,1300979579000,60.697,60.708,60.677,60.677,123000000,1
1300979580000,1300979639000,60.677,60.677,60.658,60.658,65000000,1
1300979640000,1300979699000,60.656,60.667,60.648,60.653,80000000,1
1300979700000,1300979759000,60.65,60.698,60.646,60.686,119000000,1
1300979760000,1300979819000,60.695,60.697,60.666,60.667,57000000,1
1300979820000,1300979879000,60.668,60.671,60.658,60.669,114000000,1
1300979880000,1300979939000,60.668,60.688,60.668,60.679,119000000,1
1300979940000,1300979999000,60.678,60.678,60.666,60.677,86000000,1
1300980000000,1300980059000,60.677,60.697,60.677,60.686,67000000,1
1300980060000,1300980119000,60.686,60.698,60.677,60.688,58000000,1
1300980120000,1300980179000,60.688,60.707,60.677,60.697,96000000,1
1300980180000,1300980239000,60.698,60.728,60.687,60.707,154000000,1
1300980240000,1300980299000,60.707,60.709,60.707,60.708,39000000,1
1300980300000,1300980359000,60.708,60.728,60.701,60.726,112000000,1
1300980360000,1300980419000,60.718,60.719,60.687,60.694,97000000,1
1300980420000,1300980479000,60.697,60.708,60.697,60.699,22000000,1
1300980480000,1300980539000,60.697,60.7,60.694,60.698,31000000,1
1300980540000,1300980599000,60.698,60.698,60.687,60.697,38000000,1
1300980600000,1300980659000,60.697,60.698,60.696,60.697,16000000,1
1300980660000,1300980719000,60.697,60.71,60.676,60.688,96000000,1
1300980720000,1300980779000,60.689,60.689,60.677,60.687,79000000,1
1300980780000,1300980839000,60.687,60.698,60.687,60.696,73000000,1
1300980840000,1300980899000,60.696,60.697,60.689,60.697,7000000,1
1300980900000,1300980959000,60.697,60.708,60.697,60.708,18000000,1
1300980960000,1300981019000,60.707,60.711,60.707,60.708,69000000,1
1300981020000,1300981079000,60.708,60.717,60.706,60.717,34000000,1
1300981080000,1300981139000,60.718,60.718,60.708,60.708,15000000,1
1300981140000,1300981199000,60.708,60.768,60.708,60.766,95000000,1
1300981200000,1300981259000,60.766,60.787,60.761,60.787,104000000,1
1300981260000,1300981319000,60.78,60.787,60.776,60.777,47000000,1
1300981320000,1300981379000,60.771,60.777,60.771,60.777,37000000,1
1300981380000,1300981439000,60.777,60.777,60.776,60.777,10000000,1
1300981440000,1300981499000,60.776,60.787,60.751,60.756,69000000,1
1300981500000,1300981559000,60.756,60.758,60.747,60.747,64000000,1
1300981560000,1300981619000,60.749,60.757,60.746,60.746,49000000,1
1300981620000,1300981679000,60.747,60.757,60.737,60.748,116000000,1
1300981680000,1300981739000,60.75,60.779,60.75,60.777,104000000,1
1300981740000,1300981799000,60.777,60.778,60.764,60.77,77000000,1
1300981800000,1300981859000,60.77,60.777,60.751,60.766,133000000,1
1300981860000,1300981919000,60.758,60.767,60.751,60.751,57000000,1
1300981920000,1300981979000,60.751,60.767,60.747,60.757,98000000,1
1300981980000,1300982039000,60.758,60.771,60.756,60.768,141000000,1
1300982040000,1300982099000,60.768,60.777,60.766,60.768,48000000,1
1300982100000,1300982159000,60.767,60.777,60.759,60.777,49000000,1
1300982160000,1300982219000,60.777,60.777,60.758,60.767,58000000,1
1300982220000,1300982279000,60.767,60.769,60.757,60.758,70000000,1
1300982280000,1300982339000,60.767,60.796,60.749,60.796,82000000,1
1300982340000,1300982399000,60.791,60.791,60.717,60.726,195000000,1
1300982400000,1300982459000,60.726,60.737,60.708,60.726,233000000,1
1300982460000,1300982519000,60.726,60.741,60.717,60.74,126000000,1
1300982520000,1300982579000,60.744,60.768,60.744,60.768,148000000,1
1300982580000,1300982639000,60.76,60.768,60.748,60.758,77000000,1
1300982640000,1300982699000,60.758,60.758,60.727,60.747,120000000,1
1300982700000,1300982759000,60.75,60.758,60.736,60.737,78000000,1
1300982760000,1300982819000,60.728,60.757,60.727,60.757,89000000,1
1300982820000,1300982879000,60.757,60.758,60.737,60.747,135000000,1
1300982880000,1300982939000,60.738,60.758,60.727,60.756,150000000,1
1300982940000,1300982999000,60.756,60.756,60.727,60.728,78000000,1
1300983000000,1300983059000,60.728,60.738,60.717,60.726,90000000,1
1300983060000,1300983119000,60.726,60.726,60.718,60.718,38000000,1
1300983120000,1300983179000,60.718,60.718,60.697,60.697,31000000,1
1300983180000,1300983239000,60.696,60.708,60.696,60.707,78000000,1
1300983240000,1300983299000,60.706,60.708,60.686,60.708,92000000,1
1300983300000,1300983359000,60.698,60.718,60.698,60.717,77000000,1
1300983360000,1300983419000,60.71,60.718,60.697,60.698,32000000,1
1300983420000,1300983479000,60.7,60.702,60.698,60.702,18000000,1
1300983480000,1300983539000,60.702,60.702,60.696,60.699,28000000,1
1300983540000,1300983599000,60.706,60.707,60.687,60.687,47000000,1
1300983600000,1300983659000,60.687,60.697,60.667,60.667,141000000,1
1300983660000,1300983719000,60.667,60.688,60.658,60.686,95000000,1
1300983720000,1300983779000,60.687,60.697,60.687,60.687,72000000,1
1300983780000,1300983839000,60.688,60.688,60.661,60.678,78000000,1
1300983840000,1300983899000,60.677,60.688,60.677,60.687,45000000,1
1300983900000,1300983959000,60.692,60.709,60.692,60.709,60000000,1
1300983960000,1300984019000,60.708,60.738,60.708,60.738,70000000,1
1300984020000,1300984079000,60.738,60.738,60.737,60.738,30000000,1
1300984080000,1300984139000,60.738,60.738,60.73,60.737,28000000,1
1300984140000,1300984199000,60.737,60.738,60.736,60.736,31000000,1
1300984200000,1300984259000,60.736,60.763,60.728,60.748,81000000,1
1300984260000,1300984319000,60.748,60.748,60.707,60.707,120000000,1
1300984320000,1300984379000,60.701,60.717,60.687,60.708,148000000,1
1300984380000,1300984439000,60.707,60.718,60.688,60.697,98000000,1
1300984440000,1300984499000,60.697,60.708,60.697,60.698,78000000,1
1300984500000,1300984559000,60.697,60.698,60.686,60.686,49000000,1
1300984560000,1300984619000,60.679,60.707,60.679,60.698,102000000,1
1300984620000,1300984679000,60.699,60.717,60.697,60.708,62000000,1
1300984680000,1300984739000,60.708,60.708,60.688,60.697,43000000,1
1300984740000,1300984799000,60.697,60.697,60.688,60.694,43000000,1
1300984800000,1300984859000,60.691,60.696,60.682,60.687,90000000,1
1300984860000,1300984919000,60.687,60.707,60.687,60.707,60000000,1
1300984920000,1300984979000,60.707,60.717,60.698,60.717,38000000,1
1300984980000,1300985039000,60.717,60.717,60.697,60.697,32000000,1
1300985040000,1300985099000,60.697,60.698,60.688,60.688,23000000,1
1300985100000,1300985159000,60.69,60.707,60.69,60.707,50000000,1
1300985160000,1300985219000,60.707,60.707,60.698,60.706,17000000,1
1300985220000,1300985279000,60.706,60.716,60.706,60.716,40000000,1
1300985280000,1300985339000,60.717,60.717,60.707,60.707,21000000,1
1300985340000,1300985399000,60.707,60.71,60.706,60.708,26000000,1
1300985400000,1300985459000,60.706,60.707,60.696,60.707,58000000,1
1300985460000,1300985519000,60.707,60.708,60.696,60.697,87000000,1
1300985520000,1300985579000,60.697,60.706,60.686,60.687,44000000,1
1300985580000,1300985639000,60.688,60.688,60.657,60.676,95000000,1
1300985640000,1300985699000,60.678,60.678,60.667,60.677,39000000,1
1300985700000,1300985759000,60.668,60.687,60.668,60.678,31000000,1
1300985760000,1300985819000,60.678,60.687,60.677,60.686,40000000,1
1300985820000,1300985879000,60.686,60.688,60.686,60.686,30000000,1
1300985880000,1300985939000,60.688,60.69,60.677,60.687,58000000,1
1300985940000,1300985999000,60.687,60.699,60.668,60.699,85000000,1
1300986000000,1300986059000,60.699,60.71,60.695,60.708,189000000,1
1300986060000,1300986119000,60.708,60.718,60.688,60.688,127000000,1
1300986120000,1300986179000,60.683,60.708,60.682,60.707,84000000,1
1300986180000,1300986239000,60.707,60.707,60.699,60.707,41000000,1
1300986240000,1300986299000,60.707,60.717,60.698,60.711,52000000,1
1300986300000,1300986359000,60.712,60.717,60.69,60.69,60000000,1
1300986360000,1300986419000,60.689,60.708,60.688,60.703,58000000,1
1300986420000,1300986479000,60.698,60.708,60.69,60.708,49000000,1
1300986480000,1300986539000,60.708,60.708,60.688,60.689,40000000,1
1300986540000,1300986599000,60.69,60.708,60.688,60.688,45000000,1
1300986600000,1300986659000,60.688,60.711,60.687,60.708,100000000,1
1300986660000,1300986719000,60.708,60.718,60.698,60.703,61000000,1
1300986720000,1300986779000,60.703,60.703,60.698,60.702,14000000,1
1300986780000,1300986839000,60.702,60.702,60.7,60.7,30000000,1
1300986840000,1300986899000,60.7,60.701,60.7,60.701,11000000,1
1300986900000,1300986959000,60.7,60.721,60.7,60.718,47000000,1
1300986960000,1300987019000,60.718,60.718,60.717,60.718,19000000,1
1300987020000,1300987079000,60.715,60.715,60.688,60.697,52000000,1
1300987080000,1300987139000,60.697,60.698,60.688,60.697,75000000,1
1300987140000,1300987199000,60.698,60.707,60.687,60.687,151000000,1
1300987200000,1300987259000,60.687,60.687,60.667,60.679,99000000,1
1300987260000,1300987319000,60.687,60.698,60.673,60.687,82000000,1
1300987320000,1300987379000,60.687,60.707,60.681,60.684,76000000,1
1300987380000,1300987439000,60.682,60.689,60.678,60.689,48000000,1
1300987440000,1300987499000,60.697,60.697,60.697,60.697,6000000,1
1300987500000,1300987559000,60.697,60.707,60.678,60.697,118000000,1
1300987560000,1300987619000,60.697,60.708,60.697,60.7,47000000,1
1300987620000,1300987679000,60.702,60.718,60.697,60.698,121000000,1
1300987680000,1300987739000,60.698,60.698,60.67,60.688,44000000,1
1300987740000,1300987799000,60.688,60.689,60.677,60.68,72000000,1
1300987800000,1300987859000,60.685,60.729,60.685,60.723,105000000,1
1300987860000,1300987919000,60.722,60.722,60.717,60.717,32000000,1
1300987920000,1300987979000,60.717,60.727,60.717,60.727,19000000,1
1300987980000,1300988039000,60.728,60.737,60.718,60.728,46000000,1
1300988040000,1300988099000,60.728,60.728,60.703,60.71,35000000,1
1300988100000,1300988159000,60.712,60.717,60.702,60.702,27000000,1
1300988160000,1300988219000,60.702,60.708,60.697,60.697,29000000,1
1300988220000,1300988279000,60.697,60.697,60.679,60.679,47000000,1
1300988280000,1300988339000,60.68,60.682,60.675,60.675,45000000,1
1300988340000,1300988399000,60.675,60.676,60.663,60.663,40000000,1
1300988400000,1300988459000,60.662,60.671,60.662,60.671,20000000,1
1300988460000,1300988519000,60.671,60.687,60.669,60.687,59000000,1
1300988520000,1300988579000,60.687,60.688,60.66,60.66,83000000,1
1300988580000,1300988639000,60.658,60.678,60.658,60.678,61000000,1
1300988640000,1300988699000,60.675,60.677,60.675,60.677,15000000,1
1300988700000,1300988759000,60.678,60.679,60.658,60.667,120000000,1
1300988760000,1300988819000,60.664,60.668,60.627,60.627,221000000,1
1300988820000,1300988879000,60.627,60.638,60.623,60.637,142000000,1
1300988880000,1300988939000,60.638,60.645,60.628,60.634,142000000,1
1300988940000,1300988999000,60.633,60.636,60.621,60.624,105000000,1
1300989000000,1300989059000,60.624,60.651,60.624,60.637,93000000,1
1300989060000,1300989119000,60.637,60.638,60.637,60.637,17000000,1
1300989120000,1300989179000,60.637,60.642,60.633,60.633,22000000,1
1300989180000,1300989239000,60.638,60.639,60.629,60.638,34000000,1
1300989240000,1300989299000,60.641,60.658,60.638,60.657,40000000,1
1300989300000,1300989359000,60.659,60.66,60.65,60.651,28000000,1
1300989360000,1300989419000,60.657,60.657,60.629,60.638,37000000,1
1300989420000,1300989479000,60.638,60.638,60.617,60.618,45000000,1
1300989480000,1300989539000,60.617,60.637,60.617,60.618,120000000,1
1300989540000,1300989599000,60.618,60.618,60.607,60.607,51000000,1
1300989600000,1300989659000,60.607,60.609,60.598,60.607,62000000,1
1300989660000,1300989719000,60.607,60.62,60.607,60.608,88000000,1
1300989720000,1300989779000,60.608,60.616,60.608,60.616,15000000,1
1300989780000,1300989839000,60.616,60.618,60.607,60.618,73000000,1
1300989840000,1300989899000,60.618,60.637,60.618,60.628,104000000,1
1300989900000,1300989959000,60.632,60.649,60.63,60.648,53000000,1
1300989960000,1300990019000,60.646,60.652,60.64,60.652,108000000,1
1300990020000,1300990079000,60.651,60.658,60.647,60.647,59000000,1
1300990080000,1300990139000,60.652,60.652,60.643,60.65,69000000,1
1300990140000,1300990199000,60.65,60.658,60.644,60.652,73000000,1
1300990200000,1300990259000,60.65,60.678,60.65,60.652,49000000,1
1300990260000,1300990319000,60.652,60.658,60.648,60.658,32000000,1
1300990320000,1300990379000,60.658,60.662,60.652,60.659,38000000,1
1300990380000,1300990439000,60.659,60.661,60.648,60.657,53000000,1
1300990440000,1300990499000,60.658,60.659,60.653,60.657,40000000,1
1300990500000,1300990559000,60.657,60.658,60.647,60.647,43000000,1
1300990560000,1300990619000,60.647,60.657,60.639,60.639,56000000,1
1300990620000,1300990679000,60.638,60.638,60.632,60.637,45000000,1
1300990680000,1300990739000,60.631,60.631,60.631,60.631,9000000,1
1300990740000,1300990799000,60.631,60.638,60.624,60.635,36000000,1
1300990800000,1300990859000,60.634,60.641,60.626,60.628,37000000,1
1300990860000,1300990919000,60.628,60.644,60.628,60.64,22000000,1
1300990920000,1300990979000,60.646,60.658,60.646,60.657,25000000,1
1300990980000,1300991039000,60.657,60.675,60.657,60.675,67000000,1
1300991040000,1300991099000,60.673,60.697,60.671,60.697,40000000,1
1300991100000,1300991159000,60.697,60.726,60.684,60.707,101000000,1
1300991160000,1300991219000,60.711,60.711,60.687,60.688,104000000,1
1300991220000,1300991279000,60.69,60.69,60.676,60.679,39000000,1
1300991280000,1300991339000,60.678,60.682,60.641,60.641,69000000,1
1300991340000,1300991399000,60.645,60.668,60.645,60.668,35000000,1
1300991400000,1300991459000,60.668,60.669,60.667,60.668,29000000,1
1300991460000,1300991519000,60.667,60.668,60.667,60.668,14000000,1
1300991520000,1300991579000,60.667,60.669,60.667,60.668,12000000,1
1300991580000,1300991639000,60.667,60.67,60.667,60.667,40000000,1
1300991640000,1300991699000,60.668,60.677,60.659,60.659,40000000,1
1300991700000,1300991759000,60.664,60.691,60.658,60.685,53000000,1
1300991760000,1300991819000,60.686,60.686,60.685,60.685,11000000,1
1300991820000,1300991879000,60.677,60.687,60.675,60.678,25000000,1
1300991880000,1300991939000,60.676,60.677,60.676,60.677,4000000,1
1300991940000,1300991999000,60.676,60.684,60.675,60.684,33000000,1
1300992000000,1300992059000,60.682,60.688,60.676,60.688,30000000,1
1300992060000,1300992119000,60.688,60.688,60.682,60.683,11000000,1
1300992120000,1300992179000,60.683,60.686,60.683,60.684,14000000,1
1300992180000,1300992239000,60.684,60.705,60.684,60.7,32000000,1
1300992240000,1300992299000,60.7,60.701,60.691,60.692,58000000,1
1300992300000,1300992359000,60.69,60.702,60.69,60.695,40000000,1
1300992360000,1300992419000,60.695,60.7,60.695,60.698,32000000,1
1300992420000,1300992479000,60.697,60.699,60.695,60.699,25000000,1
1300992480000,1300992539000,60.699,60.702,60.693,60.699,32000000,1
1300992540000,1300992599000,60.698,60.698,60.68,60.692,53000000,1
1300992600000,1300992659000,60.689,60.708,60.689,60.705,61000000,1
1300992660000,1300992719000,60.699,60.707,60.693,60.703,70000000,1
1300992720000,1300992779000,60.702,60.708,60.686,60.703,55000000,1
1300992780000,1300992839000,60.703,60.74,60.7,60.74,111000000,1
1300992840000,1300992899000,60.736,60.738,60.712,60.717,56000000,1
1300992900000,1300992959000,60.717,60.721,60.711,60.711,20000000,1
1300992960000,1300993019000,60.711,60.727,60.711,60.727,61000000,1
1300993020000,1300993079000,60.723,60.723,60.716,60.718,37000000,1
1300993080000,1300993139000,60.727,60.727,60.711,60.723,79000000,1
1300993140000,1300993199000,60.727,60.73,60.686,60.717,117000000,1
1300993200000,1300993259000,60.716,60.738,60.702,60.726,114000000,1
1300993260000,1300993319000,60.717,60.737,60.716,60.73,70000000,1
1300993320000,1300993379000,60.727,60.728,60.708,60.721,58000000,1
1300993380000,1300993439000,60.725,60.728,60.719,60.72,32000000,1
1300993440000,1300993499000,60.72,60.722,60.705,60.714,39000000,1
1300993500000,1300993559000,60.722,60.739,60.722,60.738,69000000,1
1300993560000,1300993619000,60.736,60.736,60.727,60.727,11000000,1
1300993620000,1300993679000,60.727,60.728,60.722,60.722,22000000,1
1300993680000,1300993739000,60.725,60.743,60.722,60.74,71000000,1
1300993740000,1300993799000,60.738,60.738,60.713,60.721,71000000,1
1300993800000,1300993859000,60.724,60.729,60.707,60.708,33000000,1
1300993860000,1300993919000,60.708,60.71,60.696,60.709,21000000,1
1300993920000,1300993979000,60.71,60.713,60.707,60.709,34000000,1
1300993980000,1300994039000,60.708,60.718,60.708,60.717,19000000,1
1300994040000,1300994099000,60.718,60.727,60.707,60.727,78000000,1
1300994100000,1300994159000,60.728,60.738,60.708,60.708,69000000,1
1300994160000,1300994219000,60.707,60.707,60.704,60.707,8000000,1
1300994220000,1300994279000,60.707,60.726,60.699,60.718,42000000,1
1300994280000,1300994339000,60.718,60.743,60.71,60.743,99000000,1
1300994340000,1300994399000,60.743,60.758,60.736,60.758,95000000,1
1300994400000,1300994459000,60.758,60.762,60.747,60.747,81000000,1
1300994460000,1300994519000,60.747,60.761,60.742,60.748,127000000,1
1300994520000,1300994579000,60.747,60.751,60.729,60.739,47000000,1
1300994580000,1300994639000,60.74,60.742,60.729,60.736,54000000,1
1300994640000,1300994699000,60.733,60.758,60.733,60.758,69000000,1
1300994700000,1300994759000,60.759,60.759,60.736,60.743,51000000,1
1300994760000,1300994819000,60.741,60.748,60.729,60.739,51000000,1
1300994820000,1300994879000,60.74,60.747,60.728,60.731,50000000,1
1300994880000,1300994939000,60.731,60.756,60.729,60.737,27000000,1
1300994940000,1300994999000,60.74,60.759,60.74,60.753,45000000,1
1300995000000,1300995059000,60.758,60.762,60.746,60.748,74000000,1
1300995060000,1300995119000,60.748,60.752,60.74,60.743,24000000,1
1300995120000,1300995179000,60.749,60.751,60.741,60.747,70000000,1
1300995180000,1300995239000,60.748,60.751,60.747,60.748,34000000,1
1300995240000,1300995299000,60.748,60.753,60.744,60.744,10000000,1
1300995300000,1300995359000,60.748,60.754,60.738,60.749,99000000,1
1300995360000,1300995419000,60.752,60.763,60.746,60.757,130000000,1
1300995420000,1300995479000,60.757,60.757,60.74,60.74,146000000,1
1300995480000,1300995539000,60.743,60.748,60.729,60.729,157000000,1
1300995540000,1300995599000,60.73,60.73,60.729,60.729,6000000,1
1300995600000,1300995659000,60.728,60.729,60.728,60.728,10000000,1
1300995660000,1300995719000,60.729,60.751,60.727,60.751,43000000,1
1300995720000,1300995779000,60.751,60.751,60.732,60.735,20000000,1
1300995780000,1300995839000,60.737,60.747,60.734,60.734,20000000,1
1300995840000,1300995899000,60.731,60.733,60.721,60.725,72000000,1
1300995900000,1300995959000,60.721,60.725,60.695,60.695,45000000,1
1300995960000,1300996019000,60.697,60.697,60.68,60.688,24000000,1
1300996020000,1300996079000,60.688,60.703,60.688,60.695,23000000,1
1300996080000,1300996139000,60.694,60.694,60.67,60.678,39000000,1
1300996140000,1300996199000,60.678,60.687,60.662,60.667,34000000,1
1300996200000,1300996259000,60.665,60.688,60.665,60.688,65000000,1
1300996260000,1300996319000,60.689,60.692,60.667,60.675,87000000,1
1300996320000,1300996379000,60.678,60.692,60.678,60.679,22000000,1
1300996380000,1300996439000,60.683,60.696,60.679,60.687,47000000,1
1300996440000,1300996499000,60.683,60.696,60.681,60.681,45000000,1
1300996500000,1300996559000,60.682,60.687,60.673,60.673,39000000,1
1300996560000,1300996619000,60.673,60.683,60.667,60.683,30000000,1
1300996620000,1300996679000,60.683,60.683,60.664,60.672,29000000,1
1300996680000,1300996739000,60.672,60.682,60.666,60.682,22000000,1
1300996740000,1300996799000,60.677,60.689,60.67,60.689,74000000,1
1300996800000,1300996859000,60.689,60.705,60.678,60.701,49000000,1
1300996860000,1300996919000,60.713,60.724,60.7,60.708,108000000,1
1300996920000,1300996979000,60.707,60.723,60.706,60.717,62000000,1
1300996980000,1300997039000,60.717,60.718,60.706,60.706,46000000,1
1300997040000,1300997099000,60.706,60.706,60.672,60.672,50000000,1
1300997100000,1300997159000,60.668,60.668,60.666,60.668,27000000,1
1300997160000,1300997219000,60.667,60.667,60.667,60.667,37000000,1
1300997220000,1300997279000,60.667,60.667,60.653,60.653,48000000,1
1300997280000,1300997339000,60.646,60.648,60.638,60.648,66000000,1
1300997340000,1300997399000,60.648,60.656,60.606,60.638,75000000,1
1300997400000,1300997459000,60.638,60.648,60.638,60.648,30000000,1
1300997460000,1300997519000,60.648,60.65,60.648,60.649,7000000,1
1300997520000,1300997579000,60.647,60.647,60.647,60.647,74000000,1
1300997580000,1300997639000,60.649,60.658,60.647,60.658,27000000,1
1300997640000,1300997699000,60.658,60.658,60.647,60.658,52000000,1
1300997700000,1300997759000,60.658,60.666,60.657,60.666,19000000,1
1300997760000,1300997819000,60.661,60.661,60.631,60.631,42000000,1
1300997820000,1300997879000,60.637,60.638,60.574,60.574,89000000,1
1300997880000,1300997939000,60.567,60.628,60.561,60.618,103000000,1
1300997940000,1300997999000,60.617,60.627,60.588,60.608,61000000,1
1300998000000,1300998059000,60.608,60.608,60.608,60.608,25000000,1
1300998060000,1300998119000,60.608,60.617,60.59,60.608,40000000,1
1300998120000,1300998179000,60.608,60.617,60.588,60.588,31000000,1
1300998180000,1300998239000,60.598,60.608,60.598,60.598,23000000,1
1300998240000,1300998299000,60.598,60.598,60.598,60.598,4000000,1
1300998300000,1300998359000,60.598,60.617,60.598,60.6,15000000,1
1300998360000,1300998419000,60.598,60.608,60.598,60.608,11000000,1
1300998420000,1300998479000,60.598,60.608,60.586,60.606,28000000,1
1300998480000,1300998539000,60.608,60.608,60.607,60.607,29000000,1
1300998540000,1300998599000,60.606,60.606,60.596,60.596,17000000,1
1300998600000,1300998659000,60.607,60.617,60.599,60.609,45000000,1
1300998660000,1300998719000,60.611,60.613,60.602,60.612,51000000,1
1300998720000,1300998779000,60.601,60.607,60.601,60.607,26000000,1
1300998780000,1300998839000,60.611,60.624,60.581,60.601,68000000,1
1300998840000,1300998899000,60.605,60.605,60.605,60.605,2000000,1
1300998900000,1300998959000,60.601,60.617,60.601,60.605,45000000,1
1300998960000,1300999019000,60.602,60.61,60.597,60.61,32000000,1
1300999020000,1300999079000,60.61,60.617,60.6,60.6,13000000,1
1300999080000,1300999139000,60.597,60.641,60.597,60.603,68000000,1
1300999140000,1300999199000,60.598,60.598,60.593,60.597,40000000,1
1300999200000,1300999259000,60.597,60.607,60.596,60.606,36000000,1
1300999260000,1300999319000,60.607,60.607,60.586,60.586,28000000,1
1300999320000,1300999379000,60.586,60.602,60.525,60.568,96000000,1
1300999380000,1300999439000,60.568,60.583,60.536,60.543,105000000,1
1300999440000,1300999499000,60.536,60.579,60.536,60.545,34000000,1
1300999500000,1300999559000,60.544,60.553,60.529,60.529,32000000,1
1300999560000,1300999619000,60.531,60.558,60.531,60.558,43000000,1
1300999620000,1300999679000,60.558,60.572,60.547,60.558,115000000,1
1300999680000,1300999739000,60.558,60.585,60.557,60.578,89000000,1
1300999740000,1300999799000,60.578,60.597,60.578,60.587,46000000,1
1300999800000,1300999859000,60.596,60.597,60.553,60.586,44000000,1
1300999860000,1300999919000,60.586,60.59,60.575,60.586,77000000,1
1300999920000,1300999979000,60.586,60.588,60.567,60.588,33000000,1
1300999980000,1301000039000,60.588,60.588,60.565,60.565,28000000,1
1301000040000,1301000099000,60.565,60.568,60.562,60.567,34000000,1
1301000100000,1301000159000,60.567,60.607,60.566,60.607,91000000,1
1301000160000,1301000219000,60.607,60.607,60.567,60.568,74000000,1
1301000220000,1301000279000,60.568,60.598,60.567,60.587,52000000,1
1301000280000,1301000339000,60.587,60.598,60.587,60.598,21000000,1
1301000340000,1301000399000,60.598,60.616,60.597,60.602,69000000,1
1301000400000,1301000459000,60.592,60.61,60.562,60.581,83000000,1
1301000460000,1301000519000,60.581,60.599,60.581,60.599,12000000,1
1301000520000,1301000579000,60.584,60.584,60.577,60.577,21000000,1
1301000580000,1301000639000,60.608,60.627,60.587,60.607,45000000,1
1301000640000,1301000699000,60.607,60.607,60.597,60.597,28000000,1
1301000700000,1301000759000,60.597,60.607,60.597,60.607,31000000,1
1301000760000,1301000819000,60.607,60.607,60.597,60.597,11000000,1
1301000820000,1301000879000,60.597,60.6,60.588,60.598,59000000,1
1301000880000,1301000939000,60.598,60.598,60.597,60.597,18000000,1
1301000940000,1301000999000,60.588,60.598,60.588,60.588,33000000,1
1301001000000,1301001059000,60.588,60.598,60.587,60.598,90000000,1
1301001060000,1301001119000,60.598,60.608,60.572,60.572,53000000,1
1301001120000,1301001179000,60.568,60.578,60.568,60.572,33000000,1
1301001180000,1301001239000,60.567,60.578,60.567,60.578,10000000,1
1301001240000,1301001299000,60.578,60.588,60.571,60.577,51000000,1
1301001300000,1301001359000,60.577,60.607,60.577,60.607,74000000,1
1301001360000,1301001419000,60.607,60.618,60.597,60.607,36000000,1
1301001420000,1301001479000,60.607,60.618,60.607,60.607,74000000,1
1301001480000,1301001539000,60.617,60.617,60.598,60.607,31000000,1
1301001540000,1301001599000,60.607,60.607,60.607,60.607,4000000,1
1301001600000,1301001659000,60.615,60.628,60.607,60.607,19000000,1
1301001660000,1301001719000,60.607,60.608,60.607,60.607,34000000,1
1301001720000,1301001779000,60.607,60.608,60.607,60.608,36000000,1
1301001780000,1301001839000,60.608,60.608,60.607,60.607,35000000,1
1301001840000,1301001899000,60.607,60.608,60.607,60.608,19000000,1
1301001900000,1301001959000,60.608,60.618,60.608,60.617,16000000,1
1301001960000,1301002019000,60.617,60.637,60.597,60.617,72000000,1
1301002020000,1301002079000,60.617,60.638,60.617,60.627,43000000,1
1301002080000,1301002139000,60.627,60.637,60.627,60.637,15000000,1
1301002140000,1301002199000,60.636,60.646,60.627,60.627,21000000,1
1301002200000,1301002259000,60.627,60.649,60.627,60.646,42000000,1
1301002260000,1301002319000,60.647,60.657,60.646,60.657,17000000,1
1301002320000,1301002379000,60.657,60.657,60.647,60.656,15000000,1
1301002380000,1301002439000,60.657,60.677,60.646,60.677,42000000,1
1301002440000,1301002499000,60.676,60.677,60.666,60.667,15000000,1
1301002500000,1301002559000,60.667,60.668,60.636,60.647,83000000,1
1301002560000,1301002619000,60.647,60.687,60.647,60.677,50000000,1
1301002620000,1301002679000,60.677,60.687,60.677,60.687,51000000,1
1301002680000,1301002739000,60.687,60.717,60.687,60.717,54000000,1
1301002740000,1301002799000,60.718,60.726,60.718,60.726,14000000,1
1301002800000,1301002859000,60.727,60.727,60.726,60.727,6000000,1
1301002860000,1301002919000,60.726,60.727,60.726,60.727,4000000,1
1301002920000,1301002979000,60.717,60.717,60.708,60.716,9000000,1
1301002980000,1301003039000,60.717,60.717,60.716,60.716,9000000,1
1301003040000,1301003099000,60.716,60.716,60.716,60.716,2000000,1
1301003100000,1301003159000,60.716,60.717,60.716,60.717,4000000,1
1301003160000,1301003219000,60.717,60.717,60.697,60.707,21000000,1
1301003220000,1301003279000,60.707,60.707,60.706,60.706,9000000,1
1301003280000,1301003339000,60.698,60.698,60.687,60.698,13000000,1
1301003340000,1301003399000,60.698,60.698,60.687,60.687,21000000,1
1301003400000,1301003459000,60.687,60.698,60.687,60.698,13000000,1
1301003460000,1301003519000,60.692,60.708,60.686,60.691,17000000,1
1301003520000,1301003579000,60.696,60.697,60.687,60.687,17000000,1
1301003580000,1301003639000,60.687,60.698,60.687,60.697,27000000,1
1301003640000,1301003699000,60.697,60.697,60.688,60.688,7000000,1
1301003700000,1301003759000,60.688,60.698,60.688,60.698,7000000,1
1301003760000,1301003819000,60.698,60.708,60.696,60.697,34000000,1
1301003820000,1301003879000,60.697,60.707,60.697,60.707,9000000,1
1301003880000,1301003939000,60.706,60.717,60.706,60.717,10000000,1
1301003940000,1301003999000,60.716,60.717,60.708,60.708,7000000,1
1301004000000,1301004059000,60.708,60.717,60.708,60.717,23000000,1
1301004060000,1301004119000,60.716,60.717,60.716,60.717,13000000,1
1301004120000,1301004179000,60.717,60.717,60.697,60.698,24000000,1
1301004180000,1301004239000,60.698,60.702,60.697,60.698,37000000,1
1301004240000,1301004299000,60.698,60.698,60.688,60.696,28000000,1
1301004300000,1301004359000,60.696,60.697,60.686,60.687,57000000,1
1301004360000,1301004419000,60.687,60.687,60.676,60.676,52000000,1
1301004420000,1301004479000,60.676,60.697,60.676,60.697,27000000,1
1301004480000,1301004539000,60.687,60.697,60.687,60.688,18000000,1
1301004540000,1301004599000,60.688,60.688,60.678,60.687,20000000,1
1301004600000,1301004659000,60.687,60.687,60.686,60.687,26000000,1
1301004660000,1301004719000,60.687,60.697,60.687,60.697,4000000,1
1301004720000,1301004779000,60.688,60.697,60.686,60.686,32000000,1
1301004780000,1301004839000,60.686,60.708,60.686,60.708,77000000,1
1301004840000,1301004899000,60.716,60.716,60.708,60.708,10000000,1
1301004900000,1301004959000,60.716,60.717,60.707,60.717,22000000,1
1301004960000,1301005019000,60.707,60.717,60.707,60.716,23000000,1
1301005020000,1301005079000,60.717,60.727,60.716,60.718,92000000,1
1301005080000,1301005139000,60.727,60.727,60.717,60.717,71000000,1
1301005140000,1301005199000,60.717,60.717,60.707,60.707,14000000,1
1301005200000,1301005259000,60.707,60.727,60.707,60.718,57000000,1
1301005260000,1301005319000,60.716,60.726,60.709,60.718,35000000,1
1301005320000,1301005379000,60.718,60.718,60.697,60.707,37000000,1
1301005380000,1301005439000,60.707,60.707,60.697,60.707,44000000,1
1301005440000,1301005499000,60.707,60.707,60.687,60.697,73000000,1
1301005500000,1301005559000,60.699,60.699,60.696,60.696,11000000,1
1301005560000,1301005619000,60.697,60.707,60.692,60.707,53000000,1
1301005620000,1301005679000,60.707,60.707,60.698,60.698,30000000,1
1301005680000,1301005739000,60.697,60.698,60.697,60.698,22000000,1
1301005740000,1301005799000,60.698,60.708,60.696,60.708,35000000,1
1301005800000,1301005859000,60.708,60.709,60.7,60.706,63000000,1
1301005860000,1301005919000,60.707,60.707,60.707,60.707,8000000,1
1301005920000,1301005979000,60.717,60.717,60.706,60.706,45000000,1
1301005980000,1301006039000,60.707,60.707,60.707,60.707,17000000,1
1301006040000,1301006099000,60.707,60.707,60.707,60.707,34000000,1
1301006100000,1301006159000,60.707,60.707,60.707,60.707,35000000,1
1301006160000,1301006219000,60.707,60.718,60.706,60.717,38000000,1
1301006220000,1301006279000,60.717,60.727,60.716,60.727,27000000,1
1301006280000,1301006339000,60.726,60.736,60.726,60.736,33000000,1
1301006340000,1301006399000,60.736,60.739,60.727,60.737,46000000,1
1301006400000,1301006459000,60.741,60.747,60.741,60.747,20000000,1
1301006460000,1301006519000,60.748,60.752,60.743,60.743,14000000,1
1301006520000,1301006579000,60.741,60.747,60.741,60.747,7000000,1
1301006580000,1301006639000,60.746,60.747,60.746,60.746,15000000,1
1301006640000,1301006699000,60.747,60.749,60.736,60.749,27000000,1
1301006700000,1301006759000,60.747,60.767,60.746,60.757,92000000,1
1301006760000,1301006819000,60.757,60.757,60.736,60.741,46000000,1
1301006820000,1301006879000,60.747,60.748,60.747,60.748,30000000,1
1301006880000,1301006939000,60.748,60.769,60.748,60.761,39000000,1
1301006940000,1301006999000,60.767,60.778,60.761,60.778,100000000,1
1301007000000,1301007059000,60.778,60.796,60.761,60.79,103000000,1
1301007060000,1301007119000,60.787,60.798,60.787,60.798,111000000,1
1301007120000,1301007179000,60.798,60.808,60.797,60.807,123000000,1
1301007180000,1301007239000,60.807,60.817,60.807,60.816,80000000,1
1301007240000,1301007299000,60.816,60.827,60.813,60.817,56000000,1
1301007300000,1301007359000,60.813,60.823,60.813,60.823,25000000,1
1301007360000,1301007419000,60.823,60.843,60.817,60.838,40000000,1
1301007420000,1301007479000,60.838,60.851,60.837,60.847,48000000,1
1301007480000,1301007539000,60.847,60.867,60.838,60.847,76000000,1
1301007540000,1301007599000,60.846,60.847,60.836,60.84,67000000,1
1301007600000,1301007659000,60.84,60.856,60.84,60.853,33000000,1
1301007660000,1301007719000,60.855,60.857,60.855,60.857,11000000,1
1301007720000,1301007779000,60.856,60.856,60.856,60.856,6000000,1
1301007780000,1301007839000,60.856,60.857,60.848,60.848,34000000,1
1301007840000,1301007899000,60.852,60.857,60.848,60.857,15000000,1
1301007900000,1301007959000,60.866,60.866,60.866,60.866,4000000,1
1301007960000,1301008019000,60.86,60.867,60.848,60.856,29000000,1
1301008020000,1301008079000,60.856,60.859,60.847,60.856,19000000,1
1301008080000,1301008139000,60.856,60.857,60.848,60.857,30000000,1
1301008140000,1301008199000,60.857,60.867,60.856,60.867,52000000,1
1301008200000,1301008259000,60.867,60.887,60.867,60.878,51000000,1
1301008260000,1301008319000,60.884,60.907,60.884,60.901,145000000,1
1301008320000,1301008379000,60.897,60.918,60.887,60.888,161000000,1
1301008380000,1301008439000,60.897,60.897,60.876,60.877,97000000,1
1301008440000,1301008499000,60.877,60.877,60.848,60.849,89000000,1
1301008500000,1301008559000,60.849,60.849,60.826,60.826,85000000,1
1301008560000,1301008619000,60.826,60.837,60.826,60.832,38000000,1
1301008620000,1301008679000,60.832,60.857,60.832,60.856,66000000,1
1301008680000,1301008739000,60.856,60.856,60.826,60.826,53000000,1
1301008740000,1301008799000,60.827,60.827,60.817,60.818,50000000,1
1301008800000,1301008859000,60.817,60.822,60.807,60.81,70000000,1
1301008860000,1301008919000,60.81,60.81,60.807,60.807,7000000,1
1301008920000,1301008979000,60.807,60.808,60.797,60.798,48000000,1
1301008980000,1301009039000,60.798,60.817,60.798,60.807,45000000,1
1301009040000,1301009099000,60.807,60.817,60.787,60.79,53000000,1
1301009100000,1301009159000,60.79,60.802,60.787,60.787,38000000,1
1301009160000,1301009219000,60.787,60.787,60.77,60.77,76000000,1
1301009220000,1301009279000,60.77,60.787,60.769,60.787,61000000,1
1301009280000,1301009339000,60.787,60.787,60.77,60.786,39000000,1
1301009340000,1301009399000,60.782,60.782,60.77,60.777,69000000,1
1301009400000,1301009459000,60.777,60.787,60.767,60.772,87000000,1
1301009460000,1301009519000,60.771,60.771,60.769,60.769,9000000,1
1301009520000,1301009579000,60.777,60.777,60.757,60.777,27000000,1
1301009580000,1301009639000,60.777,60.786,60.776,60.777,22000000,1
1301009640000,1301009699000,60.777,60.778,60.777,60.777,17000000,1
1301009700000,1301009759000,60.777,60.806,60.777,60.806,33000000,1
1301009760000,1301009819000,60.806,60.807,60.791,60.796,31000000,1
1301009820000,1301009879000,60.797,60.827,60.797,60.818,101000000,1
1301009880000,1301009939000,60.818,60.818,60.812,60.812,10000000,1
1301009940000,1301009999000,60.809,60.81,60.769,60.769,36000000,1
1301010000000,1301010059000,60.768,60.787,60.768,60.787,35000000,1
1301010060000,1301010119000,60.787,60.807,60.786,60.801,50000000,1
1301010120000,1301010179000,60.801,60.817,60.801,60.81,30000000,1
1301010180000,1301010239000,60.81,60.817,60.808,60.816,37000000,1
1301010240000,1301010299000,60.816,60.817,60.799,60.807,30000000,1
1301010300000,1301010359000,60.807,60.816,60.796,60.796,47000000,1
1301010360000,1301010419000,60.797,60.797,60.789,60.79,25000000,1
1301010420000,1301010479000,60.79,60.798,60.781,60.787,61000000,1
1301010480000,1301010539000,60.791,60.858,60.787,60.842,220000000,1
1301010540000,1301010599000,60.842,60.846,60.826,60.836,37000000,1
1301010600000,1301010659000,60.836,60.841,60.83,60.837,43000000,1
1301010660000,1301010719000,60.836,60.837,60.818,60.826,33000000,1
1301010720000,1301010779000,60.826,60.837,60.818,60.837,35000000,1
1301010780000,1301010839000,60.837,60.837,60.837,60.837,2000000,1
1301010840000,1301010899000,60.837,60.853,60.837,60.838,29000000,1
1301010900000,1301010959000,60.846,60.856,60.837,60.838,319000000,1
1301010960000,1301011019000,60.838,60.84,60.832,60.832,93000000,1
1301011020000,1301011079000,60.828,60.846,60.828,60.839,45000000,1
1301011080000,1301011139000,60.838,60.838,60.814,60.814,28000000,1
1301011140000,1301011199000,60.817,60.828,60.817,60.822,30000000,1
1301011200000,1301011259000,60.817,60.822,60.808,60.808,218500000,1
1301011260000,1301011319000,60.808,60.808,60.788,60.788,39070000,1
1301011320000,1301011379000,60.796,60.807,60.795,60.807,37940000,1
1301011380000,1301011439000,60.807,60.807,60.788,60.789,28330000,1
1301011440000,1301011499000,60.787,60.787,60.762,60.762,31230000,1
1301011500000,1301011559000,60.762,60.769,60.756,60.756,34310000,1
1301011560000,1301011619000,60.757,60.757,60.743,60.747,51460000,1
1301011620000,1301011679000,60.747,60.747,60.73,60.739,59600000,1
1301011680000,1301011739000,60.746,60.762,60.743,60.756,44190000,1
1301011740000,1301011799000,60.756,60.767,60.738,60.756,54340000,1
1301011800000,1301011859000,60.756,60.757,60.737,60.747,36950000,1
1301011860000,1301011919000,60.746,60.75,60.745,60.745,42960000,1
1301011920000,1301011979000,60.741,60.747,60.736,60.742,35990000,1
1301011980000,1301012039000,60.746,60.747,60.727,60.727,34410000,1
1301012040000,1301012099000,60.727,60.746,60.721,60.723,72420000,1
1301012100000,1301012159000,60.723,60.736,60.721,60.721,33210000,1
1301012160000,1301012219000,60.727,60.737,60.724,60.737,82130000,1
1301012220000,1301012279000,60.737,60.738,60.729,60.729,40260000,1
1301012280000,1301012339000,60.729,60.729,60.716,60.727,39110000,1
1301012340000,1301012399000,60.726,60.727,60.707,60.707,46800000,1
1301012400000,1301012459000,60.707,60.707,60.707,60.707,31640000,1
1301012460000,1301012519000,60.707,60.717,60.706,60.706,54090000,1
1301012520000,1301012579000,60.707,60.707,60.696,60.706,33440000,1
1301012580000,1301012639000,60.707,60.716,60.706,60.716,40040000,1
1301012640000,1301012699000,60.717,60.717,60.696,60.707,65620000,1
1301012700000,1301012759000,60.707,60.707,60.702,60.706,43000000,1
1301012760000,1301012819000,60.706,60.707,60.696,60.706,32110000,1
1301012820000,1301012879000,60.706,60.707,60.696,60.696,66150000,1
1301012880000,1301012939000,60.697,60.707,60.696,60.696,45270000,1
1301012940000,1301012999000,60.696,60.697,60.686,60.688,53700000,1
1301013000000,1301013059000,60.688,60.697,60.687,60.697,23730000,1
1301013060000,1301013119000,60.697,60.697,60.692,60.696,18230000,1
1301013120000,1301013179000,60.697,60.707,60.688,60.697,85060000,1
1301013180000,1301013239000,60.697,60.712,60.689,60.707,62770000,1
1301013240000,1301013299000,60.707,60.717,60.698,60.717,68100000,1
1301013300000,1301013359000,60.717,60.726,60.707,60.708,88620000,1
1301013360000,1301013419000,60.717,60.742,60.717,60.736,63470000,1
1301013420000,1301013479000,60.729,60.742,60.729,60.737,79890000,1
1301013480000,1301013539000,60.736,60.746,60.736,60.737,33780000,1
1301013540000,1301013599000,60.737,60.739,60.736,60.737,45230000,1
1301013600000,1301013659000,60.737,60.746,60.736,60.746,32590000,1
1301013660000,1301013719000,60.747,60.757,60.746,60.747,28900000,1
1301013720000,1301013779000,60.756,60.757,60.746,60.757,59260000,1
1301013780000,1301013839000,60.757,60.757,60.748,60.756,76830000,1
1301013840000,1301013899000,60.756,60.767,60.751,60.751,52290000,1
1301013900000,1301013959000,60.752,60.752,60.739,60.739,37950000,1
1301013960000,1301014019000,60.739,60.758,60.739,60.758,48510000,1
1301014020000,1301014079000,60.758,60.769,60.758,60.762,22030000,1
1301014080000,1301014139000,60.762,60.777,60.762,60.776,45580000,1
1301014140000,1301014199000,60.777,60.777,60.766,60.766,27320000,1
1301014200000,1301014259000,60.767,60.767,60.758,60.766,13590000,1
1301014260000,1301014319000,60.766,60.767,60.758,60.767,33460000,1
1301014320000,1301014379000,60.767,60.767,60.754,60.757,43160000,1
1301014380000,1301014439000,60.756,60.767,60.756,60.757,78910000,1
1301014440000,1301014499000,60.757,60.777,60.757,60.768,81480000,1
1301014500000,1301014559000,60.776,60.776,60.74,60.761,115510000,1
1301014560000,1301014619000,60.761,60.762,60.754,60.76,34350000,1
1301014620000,1301014679000,60.76,60.776,60.756,60.771,201030000,1
1301014680000,1301014739000,60.771,60.779,60.763,60.777,37300000,1
1301014740000,1301014799000,60.777,60.777,60.766,60.774,80730000,1
1301014800000,1301014859000,60.777,60.787,60.769,60.771,50560000,1
1301014860000,1301014919000,60.776,60.787,60.761,60.768,27240000,1
1301014920000,1301014979000,60.767,60.777,60.765,60.777,23260000,1
1301014980000,1301015039000,60.777,60.787,60.771,60.771,147320000,1
1301015040000,1301015099000,60.778,60.784,60.769,60.771,77800000,1
1301015100000,1301015159000,60.769,60.79,60.769,60.79,45470000,1
1301015160000,1301015219000,60.79,60.799,60.778,60.784,90880000,1
1301015220000,1301015279000,60.784,60.791,60.778,60.789,40420000,1
1301015280000,1301015339000,60.789,60.789,60.782,60.782,23650000,1
1301015340000,1301015399000,60.777,60.777,60.732,60.737,78090000,1
1301015400000,1301015459000,60.737,60.748,60.729,60.729,17570000,1
1301015460000,1301015519000,60.728,60.728,60.719,60.722,35300000,1
1301015520000,1301015579000,60.722,60.735,60.721,60.721,26130000,1
1301015580000,1301015639000,60.721,60.75,60.719,60.746,32250000,1
1301015640000,1301015699000,60.744,60.748,60.741,60.747,47710000,1
1301015700000,1301015759000,60.746,60.756,60.741,60.742,29750000,1
1301015760000,1301015819000,60.742,60.771,60.742,60.768,50900000,1
1301015820000,1301015879000,60.768,60.768,60.758,60.766,53370000,1
1301015880000,1301015939000,60.758,60.764,60.729,60.729,109210000,1
1301015940000,1301015999000,60.736,60.736,60.722,60.725,25520000,1
1301016000000,1301016059000,60.723,60.723,60.719,60.719,20250000,1
1301016060000,1301016119000,60.731,60.731,60.713,60.716,59400000,1
1301016120000,1301016179000,60.721,60.727,60.719,60.719,44690000,1
1301016180000,1301016239000,60.717,60.718,60.705,60.711,60740000,1
1301016240000,1301016299000,60.711,60.715,60.706,60.71,25820000,1
1301016300000,1301016359000,60.707,60.707,60.707,60.707,1130000,1
1301016360000,1301016419000,60.707,60.719,60.707,60.717,21400000,1
1301016420000,1301016479000,60.717,60.732,60.717,60.727,54700000,1
1301016480000,1301016539000,60.727,60.727,60.716,60.726,38430000,1
1301016540000,1301016599000,60.727,60.737,60.723,60.737,50380000,1
1301016600000,1301016659000,60.738,60.747,60.732,60.736,88970000,1
1301016660000,1301016719000,60.735,60.737,60.721,60.721,41240000,1
1301016720000,1301016779000,60.727,60.727,60.707,60.707,71280000,1
1301016780000,1301016839000,60.707,60.709,60.707,60.709,8790000,1
1301016840000,1301016899000,60.707,60.717,60.702,60.713,52550000,1
1301016900000,1301016959000,60.716,60.722,60.708,60.716,73310000,1
1301016960000,1301017019000,60.717,60.717,60.707,60.708,16060000,1
1301017020000,1301017079000,60.707,60.711,60.706,60.711,24620000,1
1301017080000,1301017139000,60.711,60.718,60.707,60.718,65560000,1
1301017140000,1301017199000,60.718,60.727,60.718,60.727,21170000,1
1301017200000,1301017259000,60.722,60.727,60.708,60.717,84650000,1
1301017260000,1301017319000,60.714,60.717,60.707,60.708,58660000,1
1301017320000,1301017379000,60.711,60.711,60.704,60.707,72660000,1
1301017380000,1301017439000,60.707,60.721,60.707,60.718,63370000,1
1301017440000,1301017499000,60.712,60.722,60.712,60.716,33280000,1
1301017500000,1301017559000,60.713,60.715,60.697,60.708,152630000,1
1301017560000,1301017619000,60.708,60.708,60.707,60.707,37030000,1
1301017620000,1301017679000,60.707,60.708,60.696,60.7,103880000,1
1301017680000,1301017739000,60.7,60.709,60.697,60.707,77880000,1
1301017740000,1301017799000,60.707,60.71,60.697,60.697,59100000,1
1301017800000,1301017859000,60.697,60.713,60.697,60.711,66750000,1
1301017860000,1301017919000,60.713,60.717,60.709,60.709,23430000,1
1301017920000,1301017979000,60.711,60.718,60.697,60.718,95930000,1
1301017980000,1301018039000,60.718,60.721,60.716,60.717,160610000,1
1301018040000,1301018099000,60.717,60.718,60.7,60.7,43340000,1
1301018100000,1301018159000,60.7,60.726,60.7,60.718,66820000,1
1301018160000,1301018219000,60.718,60.731,60.711,60.726,89710000,1
1301018220000,1301018279000,60.726,60.737,60.723,60.729,53960000,1
1301018280000,1301018339000,60.732,60.746,60.726,60.738,69810000,1
1301018340000,1301018399000,60.738,60.741,60.731,60.732,31270000,1
1301018400000,1301018459000,60.734,60.746,60.734,60.745,28240000,1
1301018460000,1301018519000,60.745,60.748,60.736,60.744,85660000,1
1301018520000,1301018579000,60.745,60.745,60.739,60.739,50480000,1
1301018580000,1301018639000,60.739,60.745,60.722,60.735,116850000,1
1301018640000,1301018699000,60.737,60.737,60.717,60.72,78820000,1
1301018700000,1301018759000,60.726,60.739,60.718,60.718,32340000,1
1301018760000,1301018819000,60.718,60.72,60.716,60.718,39010000,1
1301018820000,1301018879000,60.718,60.718,60.708,60.708,39140000,1
1301018880000,1301018939000,60.708,60.717,60.707,60.716,51800000,1
1301018940000,1301018999000,60.716,60.729,60.716,60.718,78040000,1
1301019000000,1301019059000,60.718,60.727,60.702,60.723,170120000,1
1301019060000,1301019119000,60.726,60.726,60.717,60.726,53090000,1
1301019120000,1301019179000,60.727,60.727,60.726,60.726,48840000,1
1301019180000,1301019239000,60.726,60.729,60.719,60.724,37090000,1
1301019240000,1301019299000,60.724,60.727,60.716,60.723,39050000,1
1301019300000,1301019359000,60.723,60.724,60.708,60.722,54280000,1
1301019360000,1301019419000,60.722,60.727,60.718,60.718,22700000,1
1301019420000,1301019479000,60.718,60.718,60.717,60.717,12850000,1
1301019480000,1301019539000,60.717,60.717,60.717,60.717,7890000,1
1301019540000,1301019599000,60.722,60.728,60.714,60.714,42490000,1
1301019600000,1301019659000,60.717,60.717,60.709,60.709,35060000,1
1301019660000,1301019719000,60.709,60.713,60.707,60.708,25320000,1
1301019720000,1301019779000,60.706,60.708,60.685,60.691,60310000,1
1301019780000,1301019839000,60.696,60.699,60.695,60.699,24790000,1
1301019840000,1301019899000,60.699,60.707,60.696,60.702,75870000,1
1301019900000,1301019959000,60.701,60.707,60.698,60.7,29960000,1
1301019960000,1301020019000,60.709,60.712,60.706,60.707,48520000,1
1301020020000,1301020079000,60.707,60.707,60.705,60.705,21630000,1
1301020080000,1301020139000,60.706,60.707,60.706,60.707,8570000,1
1301020140000,1301020199000,60.707,60.707,60.707,60.707,8870000,1
1301020200000,1301020259000,60.706,60.711,60.697,60.697,58080000,1
1301020260000,1301020319000,60.697,60.697,60.689,60.691,40760000,1
1301020320000,1301020379000,60.691,60.693,60.677,60.689,104600000,1
1301020380000,1301020439000,60.686,60.689,60.678,60.68,57950000,1
1301020440000,1301020499000,60.68,60.688,60.654,60.667,67910000,1
1301020500000,1301020559000,60.667,60.674,60.619,60.637,163870000,1
1301020560000,1301020619000,60.66,60.665,60.65,60.664,32250000,1
1301020620000,1301020679000,60.666,60.667,60.661,60.666,14040000,1
1301020680000,1301020739000,60.666,60.667,60.657,60.667,12690000,1
1301020740000,1301020799000,60.668,60.67,60.661,60.667,56560000,1
1301020800000,1301020859000,60.664,60.664,60.653,60.653,14040000,1
1301020860000,1301020919000,60.655,60.658,60.646,60.646,27550000,1
1301020920000,1301020979000,60.648,60.678,60.648,60.667,62250000,1
1301020980000,1301021039000,60.671,60.679,60.667,60.677,33270000,1
1301021040000,1301021099000,60.676,60.686,60.673,60.682,23950000,1
1301021100000,1301021159000,60.682,60.692,60.682,60.683,8410000,1
1301021160000,1301021219000,60.681,60.683,60.678,60.678,22970000,1
1301021220000,1301021279000,60.681,60.688,60.678,60.688,26230000,1
1301021280000,1301021339000,60.688,60.693,60.682,60.684,14040000,1
1301021340000,1301021399000,60.682,60.682,60.68,60.68,5330000,1
1301021400000,1301021459000,60.678,60.681,60.668,60.668,32760000,1
1301021460000,1301021519000,60.669,60.669,60.668,60.669,9240000,1
1301021520000,1301021579000,60.671,60.671,60.671,60.671,2260000,1
1301021580000,1301021639000,60.669,60.676,60.659,60.667,13230000,1
1301021640000,1301021699000,60.668,60.677,60.668,60.677,6610000,1
1301021700000,1301021759000,60.676,60.677,60.669,60.677,15930000,1
1301021760000,1301021819000,60.677,60.677,60.669,60.67,18490000,1
1301021820000,1301021879000,60.669,60.677,60.669,60.677,9380000,1
1301021880000,1301021939000,60.676,60.691,60.674,60.691,39650000,1
1301021940000,1301021999000,60.69,60.691,60.686,60.691,18790000,1
1301022000000,1301022059000,60.691,60.691,60.688,60.688,39770000,1
1301022060000,1301022119000,60.688,60.693,60.687,60.688,66280000,1
1301022120000,1301022179000,60.693,60.703,60.69,60.703,30470000,1
1301022180000,1301022239000,60.697,60.697,60.693,60.693,13370000,1
1301022240000,1301022299000,60.693,60.697,60.688,60.688,42640000,1
1301022300000,1301022359000,60.686,60.687,60.677,60.687,25150000,1
1301022360000,1301022419000,60.687,60.687,60.677,60.686,24110000,1
1301022420000,1301022479000,60.682,60.686,60.679,60.686,13280000,1
1301022480000,1301022539000,60.686,60.689,60.686,60.686,9540000,1
1301022540000,1301022599000,60.686,60.687,60.686,60.686,5700000,1
1301022600000,1301022659000,60.686,60.688,60.686,60.687,15600000,1
1301022660000,1301022719000,60.686,60.689,60.686,60.686,14180000,1
1301022720000,1301022779000,60.686,60.687,60.686,60.687,3000000,1
1301022780000,1301022839000,60.686,60.687,60.686,60.686,9530000,1
1301022840000,1301022899000,60.687,60.687,60.687,60.687,4500000,1
1301022900000,1301022959000,60.686,60.688,60.686,60.688,15610000,1
1301022960000,1301023019000,60.687,60.687,60.678,60.68,28390000,1
1301023020000,1301023079000,60.687,60.689,60.68,60.687,25580000,1
1301023080000,1301023139000,60.681,60.681,60.676,60.676,15620000,1
1301023140000,1301023199000,60.68,60.688,60.676,60.687,20780000,1
1301023200000,1301023259000,60.687,60.687,60.686,60.687,7500000,1
1301023260000,1301023319000,60.682,60.682,60.681,60.681,3450000,1
1301023320000,1301023379000,60.677,60.68,60.677,60.677,17650000,1
1301023380000,1301023439000,60.677,60.677,60.677,60.677,25390000,1
1301023440000,1301023499000,60.677,60.68,60.674,60.677,25880000,1
1301023500000,1301023559000,60.677,60.677,60.677,60.677,1880000,1
1301023560000,1301023619000,60.654,60.664,60.652,60.664,14940000,1
1301023620000,1301023679000,60.677,60.677,60.673,60.673,10130000,1
1301023680000,1301023739000,60.673,60.673,60.673,60.673,33750000,1
1301023740000,1301023799000,60.673,60.674,60.647,60.651,48450000,1
1301023800000,1301023859000,60.651,60.666,60.651,60.661,15770000,1
1301023860000,1301023919000,60.66,60.663,60.653,60.653,62440000,1
1301023920000,1301023979000,60.653,60.654,60.653,60.653,18750000,1
1301023980000,1301024039000,60.653,60.653,60.653,60.653,15000000,1
1301024040000,1301024099000,60.654,60.654,60.654,60.654,11250000,1
1301024100000,1301024159000,60.653,60.654,60.653,60.654,30950000,1
1301024160000,1301024219000,60.654,60.654,60.653,60.654,21840000,1
1301024220000,1301024279000,60.654,60.654,60.654,60.654,8190000,1
1301024280000,1301024339000,60.654,60.654,60.654,60.654,2730000,1
1301024340000,1301024399000,60.654,60.654,60.654,60.654,5460000,1
1301024400000,1301024459000,60.654,60.654,60.654,60.654,2730000,1
1301024460000,1301024519000,60.654,60.654,60.654,60.654,5460000,1
1301024520000,1301024579000,60.654,60.654,60.654,60.654,5460000,1
1301024580000,1301024639000,60.654,60.654,60.654,60.654,10920000,1
1301024640000,1301024699000,60.654,60.654,60.654,60.654,10920000,1
1301024700000,1301024759000,60.654,60.654,60.653,60.653,13650000,1
1301024760000,1301024819000,60.653,60.653,60.653,60.653,13650000,1
1301024820000,1301024879000,60.628,60.635,60.618,60.618,19650000,1
1301024880000,1301024939000,60.654,60.654,60.632,60.638,50260000,1
1301024940000,1301024999000,60.638,60.647,60.633,60.64,31610000,1
1301025000000,1301025059000,60.64,60.641,60.638,60.638,24040000,1
1301025060000,1301025119000,60.638,60.638,60.637,60.637,26730000,1
1301025120000,1301025179000,60.634,60.641,60.628,60.631,36200000,1
1301025180000,1301025239000,60.631,60.631,60.631,60.631,1730000,1
1301025240000,1301025299000,60.63,60.637,60.628,60.628,28840000,1
1301025300000,1301025359000,60.628,60.64,60.628,60.637,22660000,1
1301025360000,1301025419000,60.637,60.647,60.637,60.646,20420000,1
1301025420000,1301025479000,60.647,60.647,60.638,60.646,19130000,1
1301025480000,1301025539000,60.642,60.646,60.637,60.637,31460000,1
1301025540000,1301025599000,60.637,60.638,60.629,60.638,9080000,1
1301025600000,1301025659000,60.594,60.622,60.594,60.621,66080000,1
1301025660000,1301025719000,60.638,60.648,60.638,60.64,16520000,1
1301025720000,1301025779000,60.647,60.648,60.632,60.637,48030000,1
1301025780000,1301025839000,60.637,60.642,60.637,60.642,32180000,1
1301025840000,1301025899000,60.642,60.658,60.642,60.657,49550000,1
1301025900000,1301025959000,60.657,60.657,60.648,60.648,32880000,1
1301025960000,1301026019000,60.648,60.658,60.648,60.648,24830000,1
1301026020000,1301026079000,60.648,60.648,60.638,60.64,32210000,1
1301026080000,1301026139000,60.644,60.657,60.644,60.657,15160000,1
1301026140000,1301026199000,60.657,60.657,60.643,60.65,28530000,1
1301026200000,1301026259000,60.652,60.668,60.646,60.657,93850000,1
1301026260000,1301026319000,60.657,60.659,60.657,60.659,98530000,1
1301026320000,1301026379000,60.659,60.68,60.659,60.678,68360000,1
1301026380000,1301026439000,60.674,60.68,60.674,60.678,16360000,1
1301026440000,1301026499000,60.681,60.714,60.676,60.688,170270000,1
1301026500000,1301026559000,60.688,60.693,60.687,60.689,630370000,1
1301026560000,1301026619000,60.69,60.698,60.687,60.688,464260000,1
1301026620000,1301026679000,60.688,60.692,60.688,60.688,290060000,1
1301026680000,1301026739000,60.698,60.698,60.687,60.687,21990000,1
1301026740000,1301026799000,60.687,60.687,60.687,60.687,12300000,1
1301026800000,1301026859000,60.687,60.712,60.687,60.709,39790000,1
1301026860000,1301026919000,60.709,60.709,60.687,60.688,48680000,1
1301026920000,1301026979000,60.655,60.685,60.655,60.677,29480000,1
1301026980000,1301027039000,60.696,60.704,60.693,60.698,34810000,1
1301027040000,1301027099000,60.698,60.7,60.698,60.698,16160000,1
1301027100000,1301027159000,60.698,60.698,60.691,60.691,31160000,1
1301027160000,1301027219000,60.691,60.698,60.691,60.697,31980000,1
1301027220000,1301027279000,60.696,60.698,60.696,60.698,17120000,1
1301027280000,1301027339000,60.698,60.698,60.687,60.697,36270000,1
1301027340000,1301027399000,60.696,60.701,60.696,60.699,26480000,1
1301027400000,1301027459000,60.698,60.702,60.698,60.702,26330000,1
1301027460000,1301027519000,60.702,60.703,60.699,60.699,10130000,1
1301027520000,1301027579000,60.698,60.699,60.698,60.698,9540000,1
1301027580000,1301027639000,60.699,60.707,60.697,60.704,55770000,1
1301027640000,1301027699000,60.708,60.708,60.7,60.7,10800000,1
1301027700000,1301027759000,60.702,60.729,60.702,60.727,104760000,1
1301027760000,1301027819000,60.727,60.738,60.727,60.738,47900000,1
1301027820000,1301027879000,60.738,60.738,60.728,60.738,48850000,1
1301027880000,1301027939000,60.738,60.738,60.738,60.738,2250000,1
1301027940000,1301027999000,60.738,60.738,60.738,60.738,4500000,1
1301028000000,1301028059000,60.738,60.738,60.73,60.737,23120000,1
1301028060000,1301028119000,60.737,60.737,60.737,60.737,9240000,1
1301028120000,1301028179000,60.737,60.737,60.732,60.732,18260000,1
1301028180000,1301028239000,60.732,60.736,60.73,60.735,32620000,1
1301028240000,1301028299000,60.732,60.737,60.732,60.737,19370000,1
1301028300000,1301028359000,60.737,60.737,60.732,60.732,13440000,1
1301028360000,1301028419000,60.736,60.736,60.727,60.728,26060000,1
1301028420000,1301028479000,60.727,60.727,60.727,60.727,3230000,1
1301028480000,1301028539000,60.727,60.727,60.727,60.727,3750000,1
1301028540000,1301028599000,60.727,60.727,60.722,60.722,14190000,1
1301028600000,1301028659000,60.721,60.726,60.721,60.726,4730000,1
1301028660000,1301028719000,60.726,60.727,60.726,60.727,7200000,1
1301028720000,1301028779000,60.726,60.727,60.726,60.727,5100000,1
1301028780000,1301028839000,60.728,60.737,60.728,60.728,35670000,1
1301028840000,1301028899000,60.728,60.728,60.726,60.726,12170000,1
1301028900000,1301028959000,60.728,60.732,60.727,60.732,18610000,1
1301028960000,1301029019000,60.732,60.732,60.727,60.727,22360000,1
1301029020000,1301029079000,60.727,60.728,60.726,60.728,8260000,1
1301029080000,1301029139000,60.728,60.728,60.726,60.726,13520000,1
1301029140000,1301029199000,60.727,60.727,60.726,60.727,4880000,1
1301029200000,1301029259000,60.726,60.728,60.718,60.718,80370000,1
1301029260000,1301029319000,60.727,60.728,60.727,60.728,9760000,1
1301029320000,1301029379000,60.67,60.72,60.67,60.72,51150000,1
1301029380000,1301029439000,60.728,60.728,60.713,60.717,97760000,1
1301029440000,1301029499000,60.717,60.717,60.707,60.708,106110000,1
1301029500000,1301029559000,60.708,60.717,60.708,60.717,22520000,1
1301029560000,1301029619000,60.718,60.718,60.71,60.71,12850000,1
1301029620000,1301029679000,60.71,60.71,60.709,60.709,15970000,1
1301029680000,1301029739000,60.709,60.709,60.708,60.708,8720000,1
1301029740000,1301029799000,60.712,60.727,60.709,60.718,79690000,1
1301029800000,1301029859000,60.718,60.728,60.713,60.723,58430000,1
1301029860000,1301029919000,60.723,60.726,60.723,60.726,10440000,1
1301029920000,1301029979000,60.727,60.728,60.726,60.726,18170000,1
1301029980000,1301030039000,60.726,60.728,60.724,60.728,35430000,1
1301030040000,1301030099000,60.728,60.737,60.728,60.737,18380000,1
1301030100000,1301030159000,60.737,60.737,60.727,60.732,46000000,1
1301030160000,1301030219000,60.732,60.732,60.721,60.721,42900000,1
1301030220000,1301030279000,60.727,60.727,60.721,60.727,19800000,1
1301030280000,1301030339000,60.727,60.727,60.727,60.727,5700000,1
1301030340000,1301030399000,60.726,60.727,60.726,60.726,7140000,1
1301030400000,1301030459000,60.727,60.727,60.727,60.727,1880000,1
1301030460000,1301030519000,60.726,60.728,60.726,60.728,6240000,1
1301030520000,1301030579000,60.728,60.728,60.726,60.727,20120000,1
1301030580000,1301030639000,60.727,60.736,60.727,60.736,29130000,1
1301030640000,1301030699000,60.738,60.739,60.737,60.738,55340000,1
1301030700000,1301030759000,60.738,60.739,60.737,60.737,32970000,1
1301030760000,1301030819000,60.737,60.743,60.729,60.737,46920000,1
1301030820000,1301030879000,60.737,60.737,60.737,60.737,6460000,1
1301030880000,1301030939000,60.687,60.724,60.687,60.717,27080000,1
1301030940000,1301030999000,60.737,60.737,60.737,60.737,8260000,1
1301031000000,1301031059000,60.736,60.737,60.736,60.736,9000000,1
1301031060000,1301031119000,60.736,60.738,60.728,60.731,33030000,1
1301031120000,1301031179000,60.73,60.737,60.728,60.737,29290000,1
1301031180000,1301031239000,60.733,60.733,60.729,60.732,9700000,1
1301031240000,1301031299000,60.732,60.732,60.728,60.73,9530000,1
1301031300000,1301031359000,60.731,60.742,60.731,60.742,100540000,1
1301031360000,1301031419000,60.742,60.742,60.741,60.741,24550000,1
1301031420000,1301031479000,60.746,60.748,60.74,60.746,39440000,1
1301031480000,1301031539000,60.747,60.747,60.747,60.747,11640000,1
1301031540000,1301031599000,60.747,60.747,60.747,60.747,25080000,1
1301031600000,1301031659000,60.747,60.747,60.738,60.738,20280000,1
1301031660000,1301031719000,60.738,60.738,60.738,60.738,15780000,1
1301031720000,1301031779000,60.738,60.738,60.738,60.738,2630000,1
1301031780000,1301031839000,60.738,60.738,60.734,60.737,9980000,1
1301031840000,1301031899000,60.736,60.736,60.735,60.735,6980000,1
1301031900000,1301031959000,60.737,60.737,60.736,60.737,10210000,1
1301031960000,1301032019000,60.737,60.757,60.737,60.748,76640000,1
1301032020000,1301032079000,60.757,60.757,60.757,60.757,7500000,1
1301032080000,1301032139000,60.757,60.768,60.757,60.758,34970000,1
1301032140000,1301032199000,60.758,60.767,60.758,60.76,21860000,1
1301032200000,1301032259000,60.766,60.777,60.76,60.777,23200000,1
1301032260000,1301032319000,60.776,60.807,60.776,60.807,66650000,1
1301032320000,1301032379000,60.807,60.807,60.798,60.802,38130000,1
1301032380000,1301032439000,60.802,60.819,60.799,60.817,114260000,1
1301032440000,1301032499000,60.817,60.817,60.811,60.817,37540000,1
1301032500000,1301032559000,60.817,60.828,60.801,60.813,121940000,1
1301032560000,1301032619000,60.817,60.817,60.8,60.8,27040000,1
1301032620000,1301032679000,60.8,60.802,60.8,60.8,10670000,1
1301032680000,1301032739000,60.799,60.808,60.797,60.797,110370000,1
1301032740000,1301032799000,60.8,60.81,60.797,60.81,38900000,1
1301032800000,1301032859000,60.81,60.82,60.787,60.787,85350000,1
1301032860000,1301032919000,60.789,60.791,60.78,60.79,95920000,1
1301032920000,1301032979000,60.787,60.798,60.782,60.798,23800000,1
1301032980000,1301033039000,60.798,60.814,60.798,60.808,28390000,1
1301033040000,1301033099000,60.812,60.812,60.787,60.787,48760000,1
1301033100000,1301033159000,60.787,60.787,60.787,60.787,13500000,1
1301033160000,1301033219000,60.787,60.787,60.787,60.787,10500000,1
1301033220000,1301033279000,60.787,60.828,60.787,60.811,110990000,1
1301033280000,1301033339000,60.817,60.829,60.809,60.81,83340000,1
1301033340000,1301033399000,60.81,60.822,60.81,60.818,25410000,1
1301033400000,1301033459000,60.821,60.821,60.818,60.818,17510000,1
1301033460000,1301033519000,60.818,60.818,60.818,60.818,14260000,1
1301033520000,1301033579000,60.818,60.818,60.797,60.807,301470000,1
1301033580000,1301033639000,60.807,60.807,60.807,60.807,29650000,1
1301033640000,1301033699000,60.807,60.817,60.807,60.816,35070000,1
1301033700000,1301033759000,60.813,60.818,60.813,60.816,23960000,1
1301033760000,1301033819000,60.817,60.818,60.793,60.797,148610000,1
1301033820000,1301033879000,60.793,60.798,60.792,60.794,288450000,1
1301033880000,1301033939000,60.797,60.81,60.792,60.792,286810000,1
1301033940000,1301033999000,60.792,60.797,60.79,60.79,314250000,1
1301034000000,1301034059000,60.789,60.803,60.789,60.8,287480000,1
1301034060000,1301034119000,60.799,60.808,60.797,60.808,38100000,1
1301034120000,1301034179000,60.812,60.818,60.8,60.8,18170000,1
1301034180000,1301034239000,60.8,60.8,60.798,60.798,11630000,1
1301034240000,1301034299000,60.792,60.792,60.79,60.79,12600000,1
1301034300000,1301034359000,60.789,60.808,60.789,60.803,15840000,1
1301034360000,1301034419000,60.799,60.814,60.799,60.814,15550000,1
1301034420000,1301034479000,60.814,60.826,60.814,60.817,15560000,1
1301034480000,1301034539000,60.818,60.827,60.818,60.827,8110000,1
1301034540000,1301034599000,60.827,60.827,60.816,60.816,26410000,1
1301034600000,1301034659000,60.818,60.827,60.818,60.818,61000000,1
1301034660000,1301034719000,60.818,60.818,60.809,60.809,34320000,1
1301034720000,1301034779000,60.809,60.825,60.809,60.82,47260000,1
1301034780000,1301034839000,60.817,60.826,60.816,60.826,31530000,1
1301034840000,1301034899000,60.826,60.827,60.826,60.827,22920000,1
1301034900000,1301034959000,60.807,60.816,60.804,60.808,17640000,1
1301034960000,1301035019000,60.827,60.827,60.817,60.827,49330000,1
1301035020000,1301035079000,60.817,60.827,60.817,60.821,54430000,1
1301035080000,1301035139000,60.821,60.827,60.817,60.821,36860000,1
1301035140000,1301035199000,60.817,60.827,60.817,60.822,46570000,1
1301035200000,1301035259000,60.827,60.837,60.82,60.821,109000000,1
1301035260000,1301035319000,60.823,60.828,60.816,60.818,71310000,1
1301035320000,1301035379000,60.817,60.826,60.816,60.826,33130000,1
1301035380000,1301035439000,60.828,60.828,60.817,60.817,36310000,1
1301035440000,1301035499000,60.817,60.819,60.813,60.819,11760000,1
1301035500000,1301035559000,60.819,60.829,60.819,60.829,64580000,1
1301035560000,1301035619000,60.833,60.838,60.833,60.838,18760000,1
1301035620000,1301035679000,60.838,60.857,60.799,60.803,82470000,1
1301035680000,1301035739000,60.807,60.818,60.807,60.817,40220000,1
1301035740000,1301035799000,60.817,60.828,60.817,60.827,27930000,1
1301035800000,1301035859000,60.827,60.827,60.82,60.82,24600000,1
1301035860000,1301035919000,60.819,60.819,60.81,60.817,43850000,1
1301035920000,1301035979000,60.811,60.818,60.811,60.818,36230000,1
1301035980000,1301036039000,60.818,60.818,60.8,60.814,62570000,1
1301036040000,1301036099000,60.813,60.818,60.807,60.811,33380000,1
1301036100000,1301036159000,60.812,60.829,60.808,60.818,53250000,1
1301036160000,1301036219000,60.815,60.822,60.807,60.817,37730000,1
1301036220000,1301036279000,60.817,60.827,60.817,60.819,30530000,1
1301036280000,1301036339000,60.822,60.827,60.809,60.809,48300000,1
1301036340000,1301036399000,60.809,60.812,60.807,60.807,26030000,1
1301036400000,1301036459000,60.816,60.817,60.807,60.817,26250000,1
1301036460000,1301036519000,60.816,60.817,60.816,60.816,4500000,1
1301036520000,1301036579000,60.817,60.817,60.806,60.816,43970000,1
1301036580000,1301036639000,60.816,60.817,60.816,60.817,9000000,1
1301036640000,1301036699000,60.816,60.816,60.806,60.807,6750000,1
1301036700000,1301036759000,60.806,60.806,60.786,60.797,28360000,1
1301036760000,1301036819000,60.796,60.808,60.796,60.808,16890000,1
1301036820000,1301036879000,60.808,60.817,60.808,60.817,14260000,1
1301036880000,1301036939000,60.816,60.816,60.798,60.808,61390000,1
1301036940000,1301036999000,60.808,60.808,60.806,60.806,33050000,1
1301037000000,1301037059000,60.806,60.807,60.797,60.806,38900000,1
1301037060000,1301037119000,60.806,60.806,60.786,60.787,43440000,1
1301037120000,1301037179000,60.777,60.787,60.777,60.787,32230000,1
1301037180000,1301037239000,60.787,60.787,60.767,60.776,44530000,1
1301037240000,1301037299000,60.776,60.777,60.737,60.737,43630000,1
1301037300000,1301037359000,60.736,60.798,60.736,60.798,101600000,1
1301037360000,1301037419000,60.808,60.809,60.8,60.806,36400000,1
1301037420000,1301037479000,60.807,60.807,60.796,60.796,40960000,1
1301037480000,1301037539000,60.797,60.797,60.793,60.793,9980000,1
1301037540000,1301037599000,60.797,60.798,60.796,60.797,56410000,1
1301037600000,1301037659000,60.796,60.818,60.796,60.808,34610000,1
1301037660000,1301037719000,60.817,60.847,60.817,60.838,114620000,1
1301037720000,1301037779000,60.846,60.846,60.839,60.839,9160000,1
1301037780000,1301037839000,60.837,60.876,60.837,60.857,68820000,1
1301037840000,1301037899000,60.857,60.858,60.847,60.848,53600000,1
1301037900000,1301037959000,60.847,60.852,60.828,60.828,93970000,1
1301037960000,1301038019000,60.828,60.829,60.817,60.82,64640000,1
1301038020000,1301038079000,60.818,60.827,60.818,60.824,29900000,1
1301038080000,1301038139000,60.823,60.837,60.822,60.837,33200000,1
1301038140000,1301038199000,60.83,60.837,60.828,60.837,24200000,1
1301038200000,1301038259000,60.837,60.838,60.835,60.835,19300000,1
1301038260000,1301038319000,60.835,60.848,60.828,60.848,55790000,1
1301038320000,1301038379000,60.848,60.858,60.842,60.849,48210000,1
1301038380000,1301038439000,60.85,60.853,60.848,60.848,19010000,1
1301038440000,1301038499000,60.848,60.876,60.845,60.868,99060000,1
1301038500000,1301038559000,60.868,60.897,60.864,60.896,130770000,1
1301038560000,1301038619000,60.896,60.926,60.896,60.92,125220000,1
1301038620000,1301038679000,60.92,60.946,60.917,60.946,117940000,1
1301038680000,1301038739000,60.937,60.95,60.923,60.927,52910000,1
1301038740000,1301038799000,60.928,60.945,60.922,60.931,96410000,1
1301038800000,1301038859000,60.926,60.946,60.919,60.946,119000000,1
1301038860000,1301038919000,60.937,60.938,60.928,60.938,104210000,1
1301038920000,1301038979000,60.949,60.949,60.936,60.947,67350000,1
1301038980000,1301039039000,60.947,60.968,60.947,60.956,109790000,1
1301039040000,1301039099000,60.956,60.966,60.95,60.966,49070000,1
1301039100000,1301039159000,60.957,60.957,60.946,60.946,47580000,1
1301039160000,1301039219000,60.946,60.948,60.903,60.918,114750000,1
1301039220000,1301039279000,60.918,60.959,60.918,60.948,158940000,1
1301039280000,1301039339000,60.948,60.958,60.94,60.949,67810000,1
1301039340000,1301039399000,60.949,60.966,60.949,60.966,131490000,1
1301039400000,1301039459000,60.97,60.977,60.956,60.97,147700000,1
1301039460000,1301039519000,60.976,61.002,60.958,60.986,137270000,1
1301039520000,1301039579000,60.987,61.004,60.976,60.976,136300000,1
1301039580000,1301039639000,60.976,60.978,60.976,60.976,64140000,1
1301039640000,1301039699000,60.976,60.977,60.967,60.977,30630000,1
1301039700000,1301039759000,60.977,60.983,60.959,60.971,100820000,1
1301039760000,1301039819000,60.967,60.969,60.925,60.927,78400000,1
1301039820000,1301039879000,60.927,60.937,60.916,60.921,96190000,1
1301039880000,1301039939000,60.918,60.93,60.916,60.926,66360000,1
1301039940000,1301039999000,60.928,60.944,60.917,60.936,114730000,1
1301040000000,1301040059000,60.938,60.941,60.926,60.937,81930000,1
1301040060000,1301040119000,60.937,60.937,60.914,60.926,76510000,1
1301040120000,1301040179000,60.926,60.939,60.918,60.926,97050000,1
1301040180000,1301040239000,60.926,60.926,60.916,60.916,36770000,1
1301040240000,1301040299000,60.917,60.917,60.907,60.912,62420000,1
1301040300000,1301040359000,60.91,60.91,60.866,60.866,80990000,1
1301040360000,1301040419000,60.866,60.897,60.859,60.888,98720000,1
1301040420000,1301040479000,60.89,60.896,60.886,60.887,29510000,1
1301040480000,1301040539000,60.887,60.906,60.886,60.897,66580000,1
1301040540000,1301040599000,60.897,60.899,60.896,60.897,36360000,1
1301040600000,1301040659000,60.897,60.897,60.879,60.886,88380000,1
1301040660000,1301040719000,60.886,60.897,60.884,60.896,37960000,1
1301040720000,1301040779000,60.896,60.897,60.887,60.89,40530000,1
1301040780000,1301040839000,60.895,60.927,60.895,60.917,73480000,1
1301040840000,1301040899000,60.917,60.928,60.917,60.926,26490000,1
1301040900000,1301040959000,60.927,60.937,60.926,60.936,33400000,1
1301040960000,1301041019000,60.936,60.946,60.927,60.946,49840000,1
1301041020000,1301041079000,60.946,60.947,60.936,60.937,21380000,1
1301041080000,1301041139000,60.946,60.946,60.925,60.925,36240000,1
1301041140000,1301041199000,60.931,60.931,60.908,60.93,85860000,1
1301041200000,1301041259000,60.928,60.928,60.917,60.917,60150000,1
1301041260000,1301041319000,60.917,60.936,60.916,60.936,38740000,1
1301041320000,1301041379000,60.936,60.936,60.927,60.927,59000000,1
1301041380000,1301041439000,60.927,60.927,60.917,60.917,27080000,1
1301041440000,1301041499000,60.918,60.928,60.917,60.926,79000000,1
1301041500000,1301041559000,60.927,60.928,60.926,60.926,23490000,1
1301041560000,1301041619000,60.927,60.927,60.927,60.927,4500000,1
1301041620000,1301041679000,60.927,60.938,60.927,60.937,56230000,1
1301041680000,1301041739000,60.937,60.937,60.928,60.928,63960000,1
1301041740000,1301041799000,60.928,60.947,60.926,60.929,79170000,1
1301041800000,1301041859000,60.928,60.936,60.917,60.926,80630000,1
1301041860000,1301041919000,60.928,60.93,60.916,60.916,98990000,1
1301041920000,1301041979000,60.916,60.927,60.916,60.92,113680000,1
1301041980000,1301042039000,60.919,60.925,60.897,60.909,111260000,1
1301042040000,1301042099000,60.909,60.917,60.899,60.899,48480000,1
1301042100000,1301042159000,60.902,60.918,60.886,60.889,181880000,1
1301042160000,1301042219000,60.887,60.897,60.876,60.897,65450000,1
1301042220000,1301042279000,60.897,60.897,60.883,60.887,53430000,1
1301042280000,1301042339000,60.887,60.918,60.878,60.918,65750000,1
1301042340000,1301042399000,60.918,60.918,60.899,60.907,41880000,1
1301042400000,1301042459000,60.907,60.911,60.896,60.907,77010000,1
1301042460000,1301042519000,60.906,60.909,60.901,60.908,77770000,1
1301042520000,1301042579000,60.907,60.907,60.897,60.907,69860000,1
1301042580000,1301042639000,60.907,60.908,60.886,60.887,139480000,1
1301042640000,1301042699000,60.889,60.917,60.888,60.917,77500000,1
1301042700000,1301042759000,60.909,60.918,60.89,60.917,98540000,1
1301042760000,1301042819000,60.917,60.917,60.907,60.907,81980000,1
1301042820000,1301042879000,60.907,60.916,60.896,60.909,130690000,1
1301042880000,1301042939000,60.911,60.932,60.908,60.92,106840000,1
1301042940000,1301042999000,60.918,60.958,60.918,60.951,134350000,1
1301043000000,1301043059000,60.952,60.952,60.918,60.928,126430000,1
1301043060000,1301043119000,60.927,60.959,60.927,60.947,135920000,1
1301043120000,1301043179000,60.947,60.948,60.921,60.929,111060000,1
1301043180000,1301043239000,60.93,60.949,60.926,60.948,94110000,1
1301043240000,1301043299000,60.951,60.957,60.937,60.937,106920000,1
1301043300000,1301043359000,60.937,60.947,60.926,60.927,58260000,1
1301043360000,1301043419000,60.927,60.939,60.922,60.939,56900000,1
1301043420000,1301043479000,60.938,60.938,60.936,60.937,32040000,1
1301043480000,1301043539000,60.937,60.937,60.917,60.927,64940000,1
1301043540000,1301043599000,60.926,60.946,60.926,60.946,54130000,1
1301043600000,1301043659000,60.946,60.977,60.946,60.957,105730000,1
1301043660000,1301043719000,60.957,60.997,60.948,60.978,110490000,1
1301043720000,1301043779000,60.979,60.987,60.967,60.977,98130000,1
1301043780000,1301043839000,60.977,60.986,60.957,60.97,132910000,1
1301043840000,1301043899000,60.985,60.99,60.976,60.976,111640000,1
1301043900000,1301043959000,60.98,61.001,60.98,60.997,125240000,1
1301043960000,1301044019000,60.997,61.008,60.997,60.997,78250000,1
1301044020000,1301044079000,60.997,61.007,60.987,60.987,46160000,1
1301044080000,1301044139000,60.986,60.987,60.986,60.987,7500000,1
1301044140000,1301044199000,60.986,60.987,60.977,60.987,23250000,1
1301044200000,1301044259000,60.986,61.007,60.986,60.986,57400000,1
1301044260000,1301044319000,60.986,60.988,60.972,60.986,78650000,1
1301044320000,1301044379000,60.986,60.998,60.986,60.996,101100000,1
1301044380000,1301044439000,60.996,60.997,60.986,60.987,85050000,1
1301044440000,1301044499000,60.986,60.992,60.973,60.976,85490000,1
1301044500000,1301044559000,60.978,60.978,60.952,60.958,76030000,1
1301044560000,1301044619000,60.96,60.971,60.956,60.969,80310000,1
1301044620000,1301044679000,60.969,60.988,60.968,60.987,62010000,1
1301044680000,1301044739000,60.987,61.006,60.977,60.977,87110000,1
1301044740000,1301044799000,60.977,61.007,60.977,60.997,146440000,1
1301044800000,1301044859000,60.997,61.019,60.996,61.008,71100000,1
1301044860000,1301044919000,61.008,61.018,61.006,61.011,110290000,1
1301044920000,1301044979000,61.013,61.029,60.998,61.018,104960000,1
1301044980000,1301045039000,61.018,61.027,61.006,61.027,79870000,1
1301045040000,1301045099000,61.027,61.027,60.997,61.016,120680000,1
1301045100000,1301045159000,61.016,61.098,60.997,61.077,99570000,1
1301045160000,1301045219000,61.077,61.108,61.053,61.098,110190000,1
1301045220000,1301045279000,61.106,61.106,61.032,61.038,134440000,1
1301045280000,1301045339000,61.038,61.081,61.038,61.058,121500000,1
1301045340000,1301045399000,61.058,61.102,61.026,61.037,227000000,1
1301045400000,1301045459000,61.03,61.04,60.998,61.01,103080000,1
1301045460000,1301045519000,61.011,61.018,61.007,61.014,37770000,1
1301045520000,1301045579000,61.014,61.024,60.998,60.998,93110000,1
1301045580000,1301045639000,61.001,61.027,60.998,61.027,82930000,1
1301045640000,1301045699000,61.027,61.031,61.019,61.027,92330000,1
1301045700000,1301045759000,61.027,61.027,61.011,61.019,35740000,1
1301045760000,1301045819000,61.027,61.027,60.995,60.999,31680000,1
1301045820000,1301045879000,60.999,61.009,60.996,60.996,93160000,1
1301045880000,1301045939000,60.996,60.997,60.996,60.996,36980000,1
1301045940000,1301045999000,60.996,60.998,60.987,60.998,64930000,1
1301046000000,1301046059000,60.997,60.997,60.987,60.987,46770000,1
1301046060000,1301046119000,60.987,60.997,60.987,60.996,28290000,1
1301046120000,1301046179000,60.996,61.006,60.989,61.006,34020000,1
1301046180000,1301046239000,61.006,61.007,60.997,61.007,54120000,1
1301046240000,1301046299000,61.007,61.008,61.006,61.006,41380000,1
1301046300000,1301046359000,61.007,61.03,61.002,61.03,33020000,1
1301046360000,1301046419000,61.023,61.037,61.017,61.026,84890000,1
1301046420000,1301046479000,61.026,61.037,61.017,61.037,53280000,1
1301046480000,1301046539000,61.037,61.038,61.036,61.036,29190000,1
1301046540000,1301046599000,61.037,61.048,61.028,61.039,107230000,1
1301046600000,1301046659000,61.039,61.039,61.033,61.036,55690000,1
1301046660000,1301046719000,61.037,61.057,61.037,61.057,56450000,1
1301046720000,1301046779000,61.057,61.068,61.049,61.066,65350000,1
1301046780000,1301046839000,61.067,61.097,61.067,61.097,80820000,1
1301046840000,1301046899000,61.106,61.106,61.096,61.098,24230000,1
1301046900000,1301046959000,61.098,61.107,61.077,61.087,125050000,1
1301046960000,1301047019000,61.087,61.087,61.055,61.078,54410000,1
1301047020000,1301047079000,61.078,61.086,61.062,61.078,102700000,1
1301047080000,1301047139000,61.078,61.098,61.078,61.098,60800000,1
1301047140000,1301047199000,61.096,61.099,61.087,61.099,153820000,1
1301047200000,1301047259000,61.099,61.108,61.087,61.098,163300000,1
1301047260000,1301047319000,61.098,61.127,61.092,61.111,129290000,1
1301047320000,1301047379000,61.115,61.147,61.115,61.137,88710000,1
1301047380000,1301047439000,61.127,61.157,61.117,61.149,146190000,1
1301047440000,1301047499000,61.149,61.177,61.149,61.176,168600000,1
1301047500000,1301047559000,61.168,61.178,61.147,61.167,121560000,1
1301047560000,1301047619000,61.167,61.178,61.157,61.157,112360000,1
1301047620000,1301047679000,61.161,61.17,61.159,61.159,79670000,1
1301047680000,1301047739000,61.159,61.166,61.137,61.147,103800000,1
1301047740000,1301047799000,61.147,61.168,61.147,61.167,101920000,1
1301047800000,1301047859000,61.167,61.178,61.156,61.166,76340000,1
1301047860000,1301047919000,61.166,61.181,61.152,61.181,72300000,1
1301047920000,1301047979000,61.187,61.188,61.161,61.169,83150000,1
1301047980000,1301048039000,61.172,61.177,61.158,61.159,55090000,1
1301048040000,1301048099000,61.163,61.168,61.133,61.137,135200000,1
1301048100000,1301048159000,61.137,61.148,61.136,61.138,87240000,1
1301048160000,1301048219000,61.138,61.138,61.118,61.126,93750000,1
1301048220000,1301048279000,61.126,61.137,61.126,61.126,52090000,1
1301048280000,1301048339000,61.121,61.149,61.118,61.149,108380000,1
1301048340000,1301048399000,61.148,61.168,61.147,61.157,149450000,1
1301048400000,1301048459000,61.157,61.185,61.157,61.179,94000000,1
1301048460000,1301048519000,61.179,61.187,61.139,61.147,108290000,1
1301048520000,1301048579000,61.142,61.158,61.138,61.14,119270000,1
1301048580000,1301048639000,61.137,61.137,61.127,61.131,33550000,1
1301048640000,1301048699000,61.133,61.138,61.12,61.128,96060000,1
1301048700000,1301048759000,61.128,61.138,61.127,61.138,33790000,1
1301048760000,1301048819000,61.137,61.137,61.118,61.118,37600000,1
1301048820000,1301048879000,61.119,61.119,61.116,61.116,32180000,1
1301048880000,1301048939000,61.117,61.127,61.117,61.117,31070000,1
1301048940000,1301048999000,61.117,61.117,61.107,61.117,46990000,1
1301049000000,1301049059000,61.108,61.108,61.101,61.108,26790000,1
1301049060000,1301049119000,61.114,61.117,61.097,61.117,67450000,1
1301049120000,1301049179000,61.117,61.117,61.097,61.107,34960000,1
1301049180000,1301049239000,61.102,61.116,61.102,61.107,60610000,1
1301049240000,1301049299000,61.107,61.107,61.096,61.096,35960000,1
1301049300000,1301049359000,61.098,61.098,61.096,61.098,16200000,1
1301049360000,1301049419000,61.098,61.098,61.097,61.097,27750000,1
1301049420000,1301049479000,61.097,61.098,61.088,61.09,33760000,1
1301049480000,1301049539000,61.093,61.097,61.089,61.089,33100000,1
1301049540000,1301049599000,61.091,61.107,61.09,61.101,82380000,1
1301049600000,1301049659000,61.101,61.101,61.087,61.087,43240000,1
1301049660000,1301049719000,61.087,61.087,61.058,61.067,109840000,1
1301049720000,1301049779000,61.068,61.087,61.068,61.069,50620000,1
1301049780000,1301049839000,61.068,61.077,61.067,61.072,61400000,1
1301049840000,1301049899000,61.068,61.071,61.067,61.067,33030000,1
1301049900000,1301049959000,61.067,61.067,61.05,61.05,40680000,1
1301049960000,1301050019000,61.05,61.058,61.05,61.056,37070000,1
1301050020000,1301050079000,61.057,61.057,61.048,61.048,4730000,1
1301050080000,1301050139000,61.048,61.064,61.048,61.064,29830000,1
1301050140000,1301050199000,61.066,61.066,61.037,61.037,74840000,1
1301050200000,1301050259000,61.037,61.038,61.027,61.037,44060000,1
1301050260000,1301050319000,61.037,61.058,61.037,61.057,73630000,1
1301050320000,1301050379000,61.047,61.077,61.047,61.077,76510000,1
1301050380000,1301050439000,61.077,61.087,61.066,61.067,40380000,1
1301050440000,1301050499000,61.068,61.077,61.066,61.067,23850000,1
1301050500000,1301050559000,61.062,61.087,61.056,61.087,60100000,1
1301050560000,1301050619000,61.087,61.087,61.077,61.077,8630000,1
1301050620000,1301050679000,61.077,61.087,61.077,61.086,22890000,1
1301050680000,1301050739000,61.078,61.098,61.076,61.098,46860000,1
1301050740000,1301050799000,61.098,61.106,61.087,61.098,65600000,1
1301050800000,1301050859000,61.099,61.099,61.087,61.087,86910000,1
1301050860000,1301050919000,61.089,61.098,61.087,61.087,53590000,1
1301050920000,1301050979000,61.087,61.088,61.077,61.087,56390000,1
1301050980000,1301051039000,61.087,61.097,61.087,61.097,36320000,1
1301051040000,1301051099000,61.098,61.117,61.097,61.109,65290000,1
1301051100000,1301051159000,61.11,61.118,61.106,61.106,26930000,1
1301051160000,1301051219000,61.107,61.128,61.107,61.127,45390000,1
1301051220000,1301051279000,61.127,61.129,61.126,61.127,49820000,1
1301051280000,1301051339000,61.127,61.127,61.127,61.127,44400000,1
1301051340000,1301051399000,61.127,61.128,61.126,61.128,42020000,1
1301051400000,1301051459000,61.129,61.137,61.117,61.126,81880000,1
1301051460000,1301051519000,61.127,61.127,61.117,61.126,36390000,1
1301051520000,1301051579000,61.117,61.126,61.096,61.096,71940000,1
1301051580000,1301051639000,61.096,61.096,61.077,61.078,69570000,1
1301051640000,1301051699000,61.078,61.088,61.048,61.058,88430000,1
1301051700000,1301051759000,61.058,61.071,61.058,61.07,75030000,1
1301051760000,1301051819000,61.071,61.088,61.071,61.088,43220000,1
1301051820000,1301051879000,61.088,61.116,61.088,61.107,38350000,1
1301051880000,1301051939000,61.107,61.109,61.107,61.109,12320000,1
1301051940000,1301051999000,61.106,61.107,61.099,61.107,30470000,1
1301052000000,1301052059000,61.108,61.128,61.108,61.128,45630000,1
1301052060000,1301052119000,61.127,61.148,61.126,61.138,61540000,1
1301052120000,1301052179000,61.138,61.138,61.137,61.138,17950000,1
1301052180000,1301052239000,61.138,61.138,61.137,61.138,41160000,1
1301052240000,1301052299000,61.138,61.188,61.137,61.188,169500000,1
1301052300000,1301052359000,61.188,61.191,61.168,61.187,99150000,1
1301052360000,1301052419000,61.18,61.19,61.177,61.178,79500000,1
1301052420000,1301052479000,61.183,61.202,61.183,61.197,148070000,1
1301052480000,1301052539000,61.197,61.199,61.183,61.198,100640000,1
1301052540000,1301052599000,61.198,61.198,61.174,61.183,78820000,1
1301052600000,1301052659000,61.183,61.184,61.158,61.172,135760000,1
1301052660000,1301052719000,61.177,61.183,61.163,61.178,60060000,1
1301052720000,1301052779000,61.178,61.203,61.178,61.193,95600000,1
1301052780000,1301052839000,61.193,61.227,61.188,61.197,158650000,1
1301052840000,1301052899000,61.196,61.197,61.176,61.178,36630000,1
1301052900000,1301052959000,61.178,61.197,61.176,61.186,52660000,1
1301052960000,1301053019000,61.186,61.197,61.186,61.187,50310000,1
1301053020000,1301053079000,61.188,61.188,61.188,61.188,31700000,1
1301053080000,1301053139000,61.187,61.191,61.167,61.168,80500000,1
1301053140000,1301053199000,61.168,61.188,61.168,61.186,60120000,1
1301053200000,1301053259000,61.187,61.192,61.177,61.188,70470000,1
1301053260000,1301053319000,61.189,61.198,61.187,61.198,42280000,1
1301053320000,1301053379000,61.198,61.198,61.188,61.198,49280000,1
1301053380000,1301053439000,61.198,61.208,61.198,61.207,41380000,1
1301053440000,1301053499000,61.198,61.198,61.167,61.167,98500000,1
1301053500000,1301053559000,61.167,61.178,61.167,61.171,44190000,1
1301053560000,1301053619000,61.169,61.17,61.158,61.162,48640000,1
1301053620000,1301053679000,61.162,61.172,61.159,61.169,45150000,1
1301053680000,1301053739000,61.169,61.177,61.162,61.167,68860000,1
1301053740000,1301053799000,61.17,61.177,61.157,61.167,62870000,1
1301053800000,1301053859000,61.167,61.178,61.167,61.178,46690000,1
1301053860000,1301053919000,61.178,61.178,61.167,61.168,114640000,1
1301053920000,1301053979000,61.17,61.181,61.17,61.179,28470000,1
1301053980000,1301054039000,61.179,61.179,61.176,61.178,22210000,1
1301054040000,1301054099000,61.178,61.178,61.176,61.177,34000000,1
1301054100000,1301054159000,61.177,61.177,61.153,61.157,93260000,1
1301054160000,1301054219000,61.157,61.158,61.118,61.118,86920000,1
1301054220000,1301054279000,61.117,61.128,61.117,61.128,73100000,1
1301054280000,1301054339000,61.137,61.147,61.127,61.13,68350000,1
1301054340000,1301054399000,61.132,61.178,61.132,61.178,97940000,1
1301054400000,1301054459000,61.178,61.187,61.158,61.16,109510000,1
1301054460000,1301054519000,61.16,61.176,61.14,61.144,143520000,1
1301054520000,1301054579000,61.144,61.148,61.14,61.148,42050000,1
1301054580000,1301054639000,61.146,61.147,61.117,61.126,132240000,1
1301054640000,1301054699000,61.126,61.129,61.116,61.119,75080000,1
1301054700000,1301054759000,61.119,61.147,61.117,61.137,65980000,1
1301054760000,1301054819000,61.137,61.137,61.088,61.108,224040000,1
1301054820000,1301054879000,61.117,61.117,61.106,61.108,74430000,1
1301054880000,1301054939000,61.108,61.108,61.066,61.066,55580000,1
1301054940000,1301054999000,61.059,61.066,61.026,61.037,188430000,1
1301055000000,1301055059000,61.037,61.057,61.026,61.048,186600000,1
1301055060000,1301055119000,61.048,61.048,60.997,61.008,317730000,1
1301055120000,1301055179000,61.008,61.008,60.94,60.978,412230000,1
1301055180000,1301055239000,60.978,61.026,60.977,61.017,173040000,1
1301055240000,1301055299000,61.017,61.043,60.988,61.039,255380000,1
1301055300000,1301055359000,61.039,61.039,60.967,60.971,210100000,1
1301055360000,1301055419000,60.966,61.008,60.959,61.008,145720000,1
1301055420000,1301055479000,61.008,61.008,60.977,61.006,134730000,1
1301055480000,1301055539000,61.006,61.047,61.006,61.047,142200000,1
1301055540000,1301055599000,61.048,61.057,61.027,61.046,135830000,1
1301055600000,1301055659000,61.047,61.057,61.036,61.038,61800000,1
1301055660000,1301055719000,61.038,61.038,61.007,61.018,128100000,1
1301055720000,1301055779000,61.018,61.028,61.017,61.028,109650000,1
1301055780000,1301055839000,61.027,61.048,61.027,61.038,112890000,1
1301055840000,1301055899000,61.046,61.058,61.028,61.039,126240000,1
1301055900000,1301055959000,61.038,61.052,61.026,61.026,158180000,1
1301055960000,1301056019000,61.026,61.057,61.007,61.047,113330000,1
1301056020000,1301056079000,61.047,61.047,61.026,61.036,146880000,1
1301056080000,1301056139000,61.041,61.066,61.017,61.057,141400000,1
1301056140000,1301056199000,61.056,61.067,60.981,60.986,231920000,1
1301056200000,1301056259000,60.986,61.055,60.986,61.016,217640000,1
1301056260000,1301056319000,61.016,61.036,61.006,61.017,196110000,1
1301056320000,1301056379000,61.009,61.043,61.008,61.04,185430000,1
1301056380000,1301056439000,61.038,61.091,61.038,61.088,170310000,1
1301056440000,1301056499000,61.087,61.106,61.083,61.088,170500000,1
1301056500000,1301056559000,61.09,61.108,61.09,61.103,152400000,1
1301056560000,1301056619000,61.103,61.118,61.102,61.102,172870000,1
1301056620000,1301056679000,61.102,61.12,61.095,61.106,192980000,1
1301056680000,1301056739000,61.106,61.136,61.098,61.108,212080000,1
1301056740000,1301056799000,61.107,61.111,61.074,61.09,190170000,1
1301056800000,1301056859000,61.09,61.107,61.077,61.077,106370000,1
1301056860000,1301056919000,61.073,61.074,61.036,61.039,152530000,1
1301056920000,1301056979000,61.038,61.078,61.036,61.078,114830000,1
1301056980000,1301057039000,61.077,61.081,61.061,61.081,124230000,1
1301057040000,1301057099000,61.081,61.089,61.079,61.088,103430000,1
1301057100000,1301057159000,61.089,61.099,61.069,61.083,143890000,1
1301057160000,1301057219000,61.081,61.128,61.081,61.119,174110000,1
1301057220000,1301057279000,61.119,61.128,61.109,61.117,111470000,1
1301057280000,1301057339000,61.117,61.127,61.107,61.12,121480000,1
1301057340000,1301057399000,61.12,61.133,61.117,61.13,120470000,1
1301057400000,1301057459000,61.128,61.13,61.119,61.128,129830000,1
1301057460000,1301057519000,61.129,61.138,61.125,61.129,102350000,1
1301057520000,1301057579000,61.129,61.132,61.109,61.128,150240000,1
1301057580000,1301057639000,61.129,61.129,61.108,61.118,123770000,1
1301057640000,1301057699000,61.11,61.119,61.093,61.093,74930000,1
1301057700000,1301057759000,61.094,61.094,61.086,61.092,68550000,1
1301057760000,1301057819000,61.091,61.092,61.077,61.077,106000000,1
1301057820000,1301057879000,61.077,61.088,61.068,61.072,141630000,1
1301057880000,1301057939000,61.072,61.078,61.065,61.067,96770000,1
1301057940000,1301057999000,61.067,61.067,61.058,61.058,47520000,1
1301058000000,1301058059000,61.058,61.077,61.05,61.067,223660000,1
1301058060000,1301058119000,61.067,61.086,61.067,61.077,225110000,1
1301058120000,1301058179000,61.077,61.077,61.063,61.068,183260000,1
1301058180000,1301058239000,61.068,61.09,61.068,61.081,129860000,1
1301058240000,1301058299000,61.083,61.104,61.083,61.102,111530000,1
1301058300000,1301058359000,61.1,61.1,61.087,61.097,119850000,1
1301058360000,1301058419000,61.097,61.128,61.097,61.127,167820000,1
1301058420000,1301058479000,61.127,61.127,61.103,61.107,199790000,1
1301058480000,1301058539000,61.108,61.128,61.108,61.128,132550000,1
1301058540000,1301058599000,61.137,61.137,61.091,61.108,160490000,1
1301058600000,1301058659000,61.107,61.144,61.107,61.141,183670000,1
1301058660000,1301058719000,61.14,61.146,61.122,61.124,143890000,1
1301058720000,1301058779000,61.123,61.127,61.107,61.127,171610000,1
1301058780000,1301058839000,61.127,61.127,61.102,61.107,109010000,1
1301058840000,1301058899000,61.104,61.117,61.083,61.094,200840000,1
1301058900000,1301058959000,61.092,61.109,61.092,61.102,114600000,1
1301058960000,1301059019000,61.102,61.102,61.087,61.092,142350000,1
1301059020000,1301059079000,61.093,61.123,61.08,61.118,173000000,1
1301059080000,1301059139000,61.118,61.119,61.108,61.108,93690000,1
1301059140000,1301059199000,61.108,61.127,61.099,61.107,106580000,1
1301059200000,1301059259000,61.106,61.109,61.098,61.098,88730000,1
1301059260000,1301059319000,61.098,61.111,61.098,61.108,59250000,1
1301059320000,1301059379000,61.106,61.108,61.097,61.106,141770000,1
1301059380000,1301059439000,61.108,61.108,61.097,61.097,92550000,1
1301059440000,1301059499000,61.098,61.1,61.087,61.09,113110000,1
1301059500000,1301059559000,61.093,61.101,61.088,61.096,140110000,1
1301059560000,1301059619000,61.095,61.095,61.078,61.087,138350000,1
1301059620000,1301059679000,61.081,61.098,61.081,61.094,116580000,1
1301059680000,1301059739000,61.094,61.104,61.091,61.097,87080000,1
1301059740000,1301059799000,61.097,61.097,61.078,61.089,134110000,1
1301059800000,1301059859000,61.098,61.101,61.081,61.092,145740000,1
1301059860000,1301059919000,61.098,61.114,61.091,61.111,66910000,1
1301059920000,1301059979000,61.115,61.128,61.113,61.119,122710000,1
1301059980000,1301060039000,61.118,61.124,61.108,61.111,190520000,1
1301060040000,1301060099000,61.11,61.12,61.098,61.118,103810000,1
1301060100000,1301060159000,61.117,61.117,61.087,61.088,150560000,1
1301060160000,1301060219000,61.088,61.118,61.077,61.107,201950000,1
1301060220000,1301060279000,61.111,61.118,61.097,61.112,81120000,1
1301060280000,1301060339000,61.115,61.118,61.107,61.107,150690000,1
1301060340000,1301060399000,61.107,61.127,61.097,61.117,181970000,1
1301060400000,1301060459000,61.117,61.117,61.097,61.106,137480000,1
1301060460000,1301060519000,61.106,61.119,61.106,61.117,99240000,1
1301060520000,1301060579000,61.117,61.118,61.106,61.106,135950000,1
1301060580000,1301060639000,61.106,61.108,61.097,61.099,110130000,1
1301060640000,1301060699000,61.102,61.114,61.096,61.106,110180000,1
1301060700000,1301060759000,61.107,61.13,61.107,61.116,140740000,1
1301060760000,1301060819000,61.116,61.128,61.106,61.128,121170000,1
1301060820000,1301060879000,61.127,61.127,61.09,61.09,132700000,1
1301060880000,1301060939000,61.09,61.101,61.086,61.096,161870000,1
1301060940000,1301060999000,61.096,61.1,61.087,61.098,112440000,1
1301061000000,1301061059000,61.098,61.108,61.097,61.101,196970000,1
1301061060000,1301061119000,61.101,61.104,61.094,61.102,118740000,1
1301061120000,1301061179000,61.104,61.109,61.098,61.1,60000000,1
1301061180000,1301061239000,61.1,61.108,61.094,61.098,72750000,1
1301061240000,1301061299000,61.096,61.107,61.072,61.097,113270000,1
1301061300000,1301061359000,61.088,61.098,61.077,61.096,75000000,1
1301061360000,1301061419000,61.099,61.101,61.087,61.087,97500000,1
1301061420000,1301061479000,61.083,61.099,61.083,61.099,112150000,1
1301061480000,1301061539000,61.101,61.124,61.085,61.118,119490000,1
1301061540000,1301061599000,61.122,61.128,61.107,61.114,136240000,1
1301061600000,1301061659000,61.111,61.158,61.106,61.141,211340000,1
1301061660000,1301061719000,61.142,61.156,61.137,61.139,116180000,1
1301061720000,1301061779000,61.139,61.151,61.121,61.128,161420000,1
1301061780000,1301061839000,61.129,61.152,61.129,61.15,136100000,1
1301061840000,1301061899000,61.151,61.187,61.15,61.187,161870000,1
1301061900000,1301061959000,61.187,61.208,61.187,61.197,185690000,1
1301061960000,1301062019000,61.197,61.208,61.188,61.198,192920000,1
1301062020000,1301062079000,61.198,61.222,61.198,61.217,159870000,1
1301062080000,1301062139000,61.217,61.228,61.209,61.217,169970000,1
1301062140000,1301062199000,61.218,61.233,61.207,61.213,129160000,1
1301062200000,1301062259000,61.214,61.216,61.206,61.208,115650000,1
1301062260000,1301062319000,61.201,61.211,61.198,61.198,139180000,1
1301062320000,1301062379000,61.203,61.218,61.2,61.218,153990000,1
1301062380000,1301062439000,61.218,61.221,61.214,61.216,132450000,1
1301062440000,1301062499000,61.218,61.23,61.213,61.223,120700000,1
1301062500000,1301062559000,61.227,61.236,61.222,61.232,109280000,1
1301062560000,1301062619000,61.233,61.237,61.213,61.236,139290000,1
1301062620000,1301062679000,61.236,61.238,61.227,61.228,89710000,1
1301062680000,1301062739000,61.228,61.228,61.198,61.201,96230000,1
1301062740000,1301062799000,61.203,61.213,61.202,61.208,117300000,1
1301062800000,1301062859000,61.208,61.212,61.203,61.203,97130000,1
1301062860000,1301062919000,61.203,61.228,61.203,61.218,97740000,1
1301062920000,1301062979000,61.218,61.234,61.218,61.232,84380000,1
1301062980000,1301063039000,61.233,61.242,61.23,61.238,107100000,1
1301063040000,1301063099000,61.239,61.26,61.238,61.259,175280000,1
1301063100000,1301063159000,61.261,61.278,61.257,61.262,158780000,1
1301063160000,1301063219000,61.264,61.272,61.25,61.255,138540000,1
1301063220000,1301063279000,61.253,61.283,61.248,61.277,98210000,1
1301063280000,1301063339000,61.28,61.3,61.273,61.277,145320000,1
1301063340000,1301063399000,61.277,61.297,61.266,61.287,180400000,1
1301063400000,1301063459000,61.287,61.298,61.276,61.291,106350000,1
1301063460000,1301063519000,61.293,61.312,61.293,61.294,143490000,1
1301063520000,1301063579000,61.294,61.337,61.28,61.283,230660000,1
1301063580000,1301063639000,61.281,61.332,61.281,61.305,199810000,1
1301063640000,1301063699000,61.307,61.335,61.303,61.333,116800000,1
1301063700000,1301063759000,61.335,61.339,61.316,61.328,190670000,1
1301063760000,1301063819000,61.329,61.346,61.299,61.312,110870000,1
1301063820000,1301063879000,61.316,61.342,61.315,61.34,160040000,1
1301063880000,1301063939000,61.342,61.42,61.341,61.402,187260000,1
1301063940000,1301063999000,61.4,61.404,61.378,61.378,99760000,1
1301064000000,1301064059000,61.381,61.407,61.381,61.404,121010000,1
1301064060000,1301064119000,61.405,61.427,61.405,61.41,160880000,1
1301064120000,1301064179000,61.408,61.411,61.396,61.397,95100000,1
1301064180000,1301064239000,61.397,61.418,61.397,61.41,128180000,1
1301064240000,1301064299000,61.408,61.413,61.397,61.397,129600000,1
1301064300000,1301064359000,61.4,61.4,61.365,61.385,153600000,1
1301064360000,1301064419000,61.38,61.38,61.336,61.336,157800000,1
1301064420000,1301064479000,61.337,61.368,61.335,61.357,115800000,1
1301064480000,1301064539000,61.358,61.388,61.358,61.388,64500000,1
1301064540000,1301064599000,61.387,61.403,61.386,61.403,85060000,1
1301064600000,1301064659000,61.402,61.418,61.4,61.403,111910000,1
1301064660000,1301064719000,61.41,61.428,61.407,61.416,159410000,1
1301064720000,1301064779000,61.416,61.446,61.409,61.43,170410000,1
1301064780000,1301064839000,61.43,61.448,61.417,61.427,245790000,1
1301064840000,1301064899000,61.427,61.463,61.416,61.438,134820000,1
1301064900000,1301064959000,61.438,61.438,61.404,61.411,155930000,1
1301064960000,1301065019000,61.409,61.43,61.409,61.428,119510000,1
1301065020000,1301065079000,61.429,61.431,61.411,61.418,115800000,1
1301065080000,1301065139000,61.418,61.43,61.418,61.427,113930000,1
1301065140000,1301065199000,61.429,61.429,61.393,61.398,182950000,1
1301065200000,1301065259000,61.398,61.427,61.398,61.421,170790000,1
1301065260000,1301065319000,61.419,61.43,61.407,61.427,150400000,1
1301065320000,1301065379000,61.427,61.437,61.419,61.434,125850000,1
1301065380000,1301065439000,61.431,61.438,61.407,61.409,160060000,1
1301065440000,1301065499000,61.408,61.417,61.391,61.399,111120000,1
1301065500000,1301065559000,61.398,61.402,61.377,61.383,163110000,1
1301065560000,1301065619000,61.384,61.394,61.376,61.391,90150000,1
1301065620000,1301065679000,61.391,61.418,61.391,61.393,117150000,1
1301065680000,1301065739000,61.393,61.405,61.375,61.383,131640000,1
1301065740000,1301065799000,61.384,61.384,61.348,61.356,143710000,1
1301065800000,1301065859000,61.358,61.361,61.321,61.332,154460000,1
1301065860000,1301065919000,61.332,61.377,61.332,61.374,108710000,1
1301065920000,1301065979000,61.373,61.379,61.372,61.377,98250000,1
1301065980000,1301066039000,61.377,61.378,61.365,61.365,72980000,1
1301066040000,1301066099000,61.368,61.388,61.365,61.385,125340000,1
1301066100000,1301066159000,61.388,61.398,61.385,61.397,125100000,1
1301066160000,1301066219000,61.397,61.398,61.389,61.39,50730000,1
1301066220000,1301066279000,61.39,61.408,61.383,61.408,140660000,1
1301066280000,1301066339000,61.408,61.434,61.404,61.418,135910000,1
1301066340000,1301066399000,61.419,61.427,61.407,61.423,124060000,1
1301066400000,1301066459000,61.422,61.422,61.4,61.408,94800000,1
1301066460000,1301066519000,61.409,61.411,61.394,61.394,98930000,1
1301066520000,1301066579000,61.395,61.402,61.375,61.381,130240000,1
1301066580000,1301066639000,61.378,61.387,61.376,61.376,122310000,1
1301066640000,1301066699000,61.376,61.378,61.368,61.37,98040000,1
1301066700000,1301066759000,61.37,61.37,61.359,61.359,62130000,1
1301066760000,1301066819000,61.36,61.371,61.357,61.36,63950000,1
1301066820000,1301066879000,61.359,61.368,61.342,61.348,110920000,1
1301066880000,1301066939000,61.348,61.35,61.338,61.348,116120000,1
1301066940000,1301066999000,61.348,61.358,61.348,61.356,118380000,1
1301067000000,1301067059000,61.356,61.356,61.347,61.354,81900000,1
1301067060000,1301067119000,61.353,61.358,61.347,61.356,95490000,1
1301067120000,1301067179000,61.351,61.368,61.351,61.364,93100000,1
1301067180000,1301067239000,61.365,61.369,61.36,61.366,62250000,1
1301067240000,1301067299000,61.366,61.369,61.354,61.357,108910000,1
1301067300000,1301067359000,61.357,61.365,61.353,61.357,58290000,1
1301067360000,1301067419000,61.357,61.367,61.356,61.361,108500000,1
1301067420000,1301067479000,61.361,61.361,61.34,61.341,82370000,1
1301067480000,1301067539000,61.339,61.351,61.337,61.342,81580000,1
1301067540000,1301067599000,61.339,61.341,61.334,61.336,94580000,1
1301067600000,1301067659000,61.336,61.336,61.305,61.319,97210000,1
1301067660000,1301067719000,61.319,61.328,61.319,61.326,48540000,1
1301067720000,1301067779000,61.324,61.338,61.32,61.324,78060000,1
1301067780000,1301067839000,61.327,61.327,61.297,61.297,72710000,1
1301067840000,1301067899000,61.297,61.312,61.286,61.288,163300000,1
1301067900000,1301067959000,61.287,61.322,61.287,61.318,146680000,1
1301067960000,1301068019000,61.318,61.33,61.317,61.32,97950000,1
1301068020000,1301068079000,61.321,61.323,61.318,61.318,45000000,1
1301068080000,1301068139000,61.318,61.318,61.306,61.306,70800000,1
1301068140000,1301068199000,61.31,61.34,61.31,61.317,91670000,1
1301068200000,1301068259000,61.317,61.345,61.316,61.333,144650000,1
1301068260000,1301068319000,61.332,61.355,61.332,61.352,69010000,1
1301068320000,1301068379000,61.349,61.37,61.349,61.364,66600000,1
1301068380000,1301068439000,61.365,61.374,61.361,61.367,64200000,1
1301068440000,1301068499000,61.367,61.381,61.363,61.365,84000000,1
1301068500000,1301068559000,61.365,61.37,61.331,61.331,93000000,1
1301068560000,1301068619000,61.331,61.336,61.317,61.317,91300000,1
1301068620000,1301068679000,61.319,61.323,61.307,61.313,54000000,1
1301068680000,1301068739000,61.311,61.315,61.299,61.301,65480000,1
1301068740000,1301068799000,61.298,61.307,61.259,61.267,271090000,1
1301068800000,1301068859000,61.267,61.279,61.251,61.266,172260000,1
1301068860000,1301068919000,61.265,61.302,61.263,61.286,112360000,1
1301068920000,1301068979000,61.284,61.296,61.278,61.278,83000000,1
1301068980000,1301069039000,61.278,61.309,61.277,61.3,108160000,1
1301069040000,1301069099000,61.299,61.312,61.289,61.307,106600000,1
1301069100000,1301069159000,61.308,61.346,61.308,61.344,124230000,1
1301069160000,1301069219000,61.347,61.359,61.343,61.354,107640000,1
1301069220000,1301069279000,61.354,61.377,61.346,61.367,175240000,1
1301069280000,1301069339000,61.367,61.387,61.367,61.381,142460000,1
1301069340000,1301069399000,61.382,61.416,61.38,61.415,173020000,1
1301069400000,1301069459000,61.418,61.446,61.418,61.427,152380000,1
1301069460000,1301069519000,61.427,61.427,61.388,61.397,98940000,1
1301069520000,1301069579000,61.397,61.397,61.377,61.377,71330000,1
1301069580000,1301069639000,61.377,61.382,61.356,61.356,87720000,1
1301069640000,1301069699000,61.354,61.359,61.346,61.359,83110000,1
1301069700000,1301069759000,61.359,61.4,61.359,61.397,128700000,1
1301069760000,1301069819000,61.397,61.428,61.396,61.407,249270000,1
1301069820000,1301069879000,61.407,61.418,61.4,61.412,95580000,1
1301069880000,1301069939000,61.412,61.423,61.382,61.399,126400000,1
1301069940000,1301069999000,61.399,61.449,61.399,61.443,173610000,1
1301070000000,1301070059000,61.445,61.46,61.438,61.45,236180000,1
1301070060000,1301070119000,61.45,61.454,61.418,61.427,165900000,1
1301070120000,1301070179000,61.427,61.437,61.417,61.427,197820000,1
1301070180000,1301070239000,61.427,61.446,61.426,61.437,154090000,1
1301070240000,1301070299000,61.44,61.457,61.436,61.457,161200000,1
1301070300000,1301070359000,61.457,61.476,61.457,61.466,96520000,1
1301070360000,1301070419000,61.466,61.479,61.427,61.477,187400000,1
1301070420000,1301070479000,61.477,61.497,61.476,61.477,217140000,1
1301070480000,1301070539000,61.476,61.497,61.476,61.486,174550000,1
1301070540000,1301070599000,61.486,61.497,61.446,61.446,225430000,1
1301070600000,1301070659000,61.446,61.476,61.435,61.476,117070000,1
1301070660000,1301070719000,61.476,61.496,61.469,61.469,103690000,1
1301070720000,1301070779000,61.469,61.5,61.457,61.476,151430000,1
1301070780000,1301070839000,61.467,61.469,61.448,61.468,182630000,1
1301070840000,1301070899000,61.469,61.487,61.451,61.451,178230000,1
1301070900000,1301070959000,61.457,61.466,61.436,61.446,162380000,1
1301070960000,1301071019000,61.446,61.458,61.427,61.437,61060000,1
1301071020000,1301071079000,61.438,61.438,61.397,61.398,100560000,1
1301071080000,1301071139000,61.407,61.418,61.397,61.407,97910000,1
1301071140000,1301071199000,61.407,61.407,61.386,61.397,153100000,1
1301071200000,1301071259000,61.407,61.417,61.396,61.397,95970000,1
1301071260000,1301071319000,61.397,61.417,61.388,61.406,46380000,1
1301071320000,1301071379000,61.408,61.426,61.408,61.418,61590000,1
1301071380000,1301071439000,61.418,61.437,61.416,61.426,110800000,1
1301071440000,1301071499000,61.417,61.426,61.408,61.416,172360000,1
1301071500000,1301071559000,61.416,61.438,61.411,61.437,99450000,1
1301071560000,1301071619000,61.437,61.456,61.426,61.456,164840000,1
1301071620000,1301071679000,61.456,61.476,61.447,61.467,131300000,1
1301071680000,1301071739000,61.467,61.487,61.457,61.487,48420000,1
1301071740000,1301071799000,61.486,61.497,61.467,61.488,104720000,1
1301071800000,1301071859000,61.488,61.496,61.477,61.486,103290000,1
1301071860000,1301071919000,61.486,61.486,61.467,61.477,71800000,1
1301071920000,1301071979000,61.477,61.487,61.466,61.467,50520000,1
1301071980000,1301072039000,61.467,61.467,61.448,61.45,59640000,1
1301072040000,1301072099000,61.456,61.487,61.448,61.487,130770000,1
1301072100000,1301072159000,61.488,61.488,61.467,61.477,85590000,1
1301072160000,1301072219000,61.478,61.491,61.466,61.477,249550000,1
1301072220000,1301072279000,61.477,61.488,61.462,61.476,158210000,1
1301072280000,1301072339000,61.47,61.478,61.456,61.467,80970000,1
1301072340000,1301072399000,61.467,61.468,61.427,61.446,68270000,1
1301072400000,1301072459000,61.447,61.447,61.428,61.438,135700000,1
1301072460000,1301072519000,61.438,61.448,61.428,61.437,114610000,1
1301072520000,1301072579000,61.437,61.45,61.437,61.447,89850000,1
1301072580000,1301072639000,61.447,61.448,61.431,61.431,64340000,1
1301072640000,1301072699000,61.435,61.435,61.418,61.427,70290000,1
1301072700000,1301072759000,61.428,61.437,61.417,61.417,112360000,1
1301072760000,1301072819000,61.418,61.428,61.397,61.397,362950000,1
1301072820000,1301072879000,61.397,61.408,61.386,61.396,92530000,1
1301072880000,1301072939000,61.397,61.427,61.378,61.418,237630000,1
1301072940000,1301072999000,61.427,61.437,61.414,61.414,106330000,1
1301073000000,1301073059000,61.414,61.418,61.39,61.398,123410000,1
1301073060000,1301073119000,61.398,61.417,61.398,61.408,134720000,1
1301073120000,1301073179000,61.407,61.421,61.407,61.418,116430000,1
1301073180000,1301073239000,61.419,61.428,61.419,61.421,194340000,1
1301073240000,1301073299000,61.422,61.424,61.407,61.412,142410000,1
1301073300000,1301073359000,61.412,61.417,61.388,61.397,83280000,1
1301073360000,1301073419000,61.397,61.406,61.386,61.386,47920000,1
1301073420000,1301073479000,61.387,61.397,61.386,61.393,99160000,1
1301073480000,1301073539000,61.391,61.403,61.388,61.403,53660000,1
1301073540000,1301073599000,61.398,61.398,61.379,61.397,96160000,1
1301073600000,1301073659000,61.397,61.4,61.382,61.398,68890000,1
1301073660000,1301073719000,61.4,61.402,61.386,61.397,66380000,1
1301073720000,1301073779000,61.39,61.397,61.363,61.363,65690000,1
1301073780000,1301073839000,61.359,61.365,61.347,61.356,55980000,1
1301073840000,1301073899000,61.356,61.373,61.356,61.373,92750000,1
1301073900000,1301073959000,61.373,61.373,61.366,61.368,27880000,1
1301073960000,1301074019000,61.372,61.377,61.368,61.368,63730000,1
1301074020000,1301074079000,61.367,61.377,61.367,61.377,106970000,1
1301074080000,1301074139000,61.377,61.377,61.366,61.368,97020000,1
1301074140000,1301074199000,61.368,61.387,61.368,61.387,80840000,1
1301074200000,1301074259000,61.387,61.387,61.377,61.387,74160000,1
1301074260000,1301074319000,61.382,61.388,61.378,61.381,54960000,1
1301074320000,1301074379000,61.387,61.388,61.377,61.377,48380000,1
1301074380000,1301074439000,61.377,61.379,61.377,61.379,48310000,1
1301074440000,1301074499000,61.379,61.379,61.377,61.377,78640000,1
1301074500000,1301074559000,61.377,61.377,61.341,61.348,328220000,1
1301074560000,1301074619000,61.347,61.368,61.347,61.357,92750000,1
1301074620000,1301074679000,61.356,61.369,61.347,61.368,103540000,1
1301074680000,1301074739000,61.368,61.398,61.367,61.377,122700000,1
1301074740000,1301074799000,61.377,61.38,61.367,61.368,160450000,1
1301074800000,1301074859000,61.368,61.382,61.367,61.377,89760000,1
1301074860000,1301074919000,61.377,61.378,61.366,61.377,147980000,1
1301074920000,1301074979000,61.377,61.388,61.372,61.387,54510000,1
1301074980000,1301075039000,61.386,61.387,61.376,61.38,28440000,1
1301075040000,1301075099000,61.384,61.387,61.357,61.357,71300000,1
1301075100000,1301075159000,61.357,61.368,61.357,61.359,18590000,1
1301075160000,1301075219000,61.358,61.371,61.358,61.359,48660000,1
1301075220000,1301075279000,61.358,61.358,61.352,61.357,38380000,1
1301075280000,1301075339000,61.357,61.358,61.348,61.348,173330000,1
1301075340000,1301075399000,61.348,61.368,61.347,61.367,73440000,1
1301075400000,1301075459000,61.366,61.377,61.361,61.377,50620000,1
1301075460000,1301075519000,61.377,61.398,61.377,61.377,99110000,1
1301075520000,1301075579000,61.387,61.387,61.377,61.387,25360000,1
1301075580000,1301075639000,61.377,61.377,61.368,61.368,15830000,1
1301075640000,1301075699000,61.368,61.388,61.367,61.371,115500000,1
1301075700000,1301075759000,61.371,61.371,61.368,61.368,35020000,1
1301075760000,1301075819000,61.367,61.368,61.358,61.367,229940000,1
1301075820000,1301075879000,61.367,61.367,61.367,61.367,20650000,1
1301075880000,1301075939000,61.367,61.408,61.367,61.4,129260000,1
1301075940000,1301075999000,61.4,61.4,61.39,61.39,103380000,1
1301076000000,1301076059000,61.388,61.391,61.368,61.368,186540000,1
1301076060000,1301076119000,61.368,61.368,61.352,61.357,94350000,1
1301076120000,1301076179000,61.357,61.36,61.357,61.358,19050000,1
1301076180000,1301076239000,61.358,61.372,61.353,61.368,85650000,1
1301076240000,1301076299000,61.371,61.377,61.338,61.338,58730000,1
1301076300000,1301076359000,61.347,61.374,61.338,61.368,73200000,1
1301076360000,1301076419000,61.372,61.372,61.367,61.368,33000000,1
1301076420000,1301076479000,61.368,61.381,61.367,61.377,37200000,1
1301076480000,1301076539000,61.377,61.377,61.36,61.368,34390000,1
1301076540000,1301076599000,61.367,61.367,61.367,61.367,7500000,1
1301076600000,1301076659000,61.367,61.368,61.367,61.367,18600000,1
1301076660000,1301076719000,61.367,61.378,61.367,61.37,18450000,1
1301076720000,1301076779000,61.388,61.408,61.387,61.398,24300000,1
1301076780000,1301076839000,61.408,61.408,61.408,61.408,18000000,1
1301076840000,1301076899000,61.407,61.408,61.407,61.407,19500000,1
1301076900000,1301076959000,61.407,61.408,61.401,61.407,32250000,1
1301076960000,1301077019000,61.407,61.418,61.397,61.407,318150000,1
1301077020000,1301077079000,61.407,61.408,61.398,61.408,37800000,1
1301077080000,1301077139000,61.417,61.428,61.408,61.417,27530000,1
1301077140000,1301077199000,61.417,61.417,61.396,61.396,48040000,1
1301077200000,1301077259000,61.398,61.417,61.398,61.411,27450000,1
1301077260000,1301077319000,61.417,61.427,61.414,61.418,52800000,1
1301077320000,1301077379000,61.416,61.417,61.399,61.406,66490000,1
1301077380000,1301077439000,61.411,61.411,61.406,61.406,9450000,1
1301077440000,1301077499000,61.406,61.407,61.406,61.407,15450000,1
1301077500000,1301077559000,61.409,61.417,61.404,61.407,51150000,1
1301077560000,1301077619000,61.407,61.407,61.389,61.397,30530000,1
1301077620000,1301077679000,61.398,61.402,61.388,61.402,24450000,1
1301077680000,1301077739000,61.397,61.397,61.391,61.396,25990000,1
1301077740000,1301077799000,61.397,61.397,61.387,61.387,49210000,1
1301077800000,1301077859000,61.387,61.387,61.378,61.378,25020000,1
1301077860000,1301077919000,61.378,61.378,61.378,61.378,27900000,1
1301077920000,1301077979000,61.377,61.377,61.369,61.376,45490000,1
1301077980000,1301078039000,61.374,61.384,61.347,61.347,37920000,1
1301078040000,1301078099000,61.347,61.347,61.346,61.346,8400000,1
1301078100000,1301078159000,61.346,61.352,61.346,61.352,15000000,1
1301078160000,1301078219000,61.356,61.356,61.339,61.347,25840000,1
1301078220000,1301078279000,61.347,61.347,61.337,61.337,29400000,1
1301078280000,1301078339000,61.337,61.347,61.337,61.338,26400000,1
1301078340000,1301078399000,61.338,61.342,61.338,61.34,8400000,1
1301078400000,1301078459000,61.336,61.336,61.336,61.336,1500000,1
1301078460000,1301078519000,61.336,61.337,61.328,61.337,24790000,1
1301078520000,1301078579000,61.337,61.337,61.314,61.316,44640000,1
1301078580000,1301078639000,61.316,61.327,61.31,61.327,41440000,1
1301078640000,1301078699000,61.327,61.327,61.309,61.313,24640000,1
1301078700000,1301078759000,61.308,61.317,61.308,61.312,17850000,1
1301078760000,1301078819000,61.312,61.312,61.3,61.301,25800000,1
1301078820000,1301078879000,61.301,61.333,61.299,61.328,51450000,1
1301078880000,1301078939000,61.328,61.343,61.328,61.328,127050000,1
1301078940000,1301078999000,61.328,61.339,61.328,61.338,26850000,1
1301079000000,1301079059000,61.338,61.34,61.338,61.34,37650000,1
1301079060000,1301079119000,61.338,61.36,61.337,61.354,90000000,1
1301079120000,1301079179000,61.35,61.358,61.348,61.358,34800000,1
1301079180000,1301079239000,61.358,61.358,61.353,61.357,16350000,1
1301079240000,1301079299000,61.357,61.367,61.357,61.359,63450000,1
1301079300000,1301079359000,61.361,61.368,61.355,61.368,59290000,1
1301079360000,1301079419000,61.368,61.368,61.348,61.348,81790000,1
1301079420000,1301079479000,61.348,61.358,61.346,61.357,113860000,1
1301079480000,1301079539000,61.357,61.357,61.347,61.348,50400000,1
1301079540000,1301079599000,61.348,61.37,61.337,61.337,237340000,1
1301079600000,1301079659000,61.337,61.357,61.337,61.353,243080000,1
1301079660000,1301079719000,61.35,61.357,61.348,61.356,56850000,1
1301079720000,1301079779000,61.356,61.367,61.35,61.36,63790000,1
1301079780000,1301079839000,61.367,61.371,61.358,61.358,50400000,1
1301079840000,1301079899000,61.354,61.368,61.354,61.368,50240000,1
1301079900000,1301079959000,61.368,61.377,61.347,61.347,59070000,1
1301079960000,1301080019000,61.351,61.387,61.351,61.383,59930000,1
1301080020000,1301080079000,61.385,61.39,61.366,61.366,24750000,1
1301080080000,1301080139000,61.366,61.366,61.352,61.356,25950000,1
1301080140000,1301080199000,61.356,61.367,61.356,61.367,34350000,1
1301080200000,1301080259000,61.366,61.367,61.366,61.366,38100000,1
1301080260000,1301080319000,61.366,61.38,61.366,61.369,53250000,1
1301080320000,1301080379000,61.369,61.379,61.368,61.368,54450000,1
1301080380000,1301080439000,61.371,61.387,61.369,61.383,33420000,1
1301080440000,1301080499000,61.392,61.392,61.367,61.367,42490000,1
1301080500000,1301080559000,61.367,61.378,61.366,61.377,75000000,1
1301080560000,1301080619000,61.372,61.377,61.367,61.376,48040000,1
1301080620000,1301080679000,61.372,61.378,61.367,61.368,28950000,1
1301080680000,1301080739000,61.368,61.378,61.367,61.377,33300000,1
1301080740000,1301080799000,61.377,61.383,61.372,61.372,33900000,1
1301080800000,1301080859000,61.372,61.38,61.367,61.377,38590000,1
1301080860000,1301080919000,61.375,61.375,61.36,61.367,31950000,1
1301080920000,1301080979000,61.366,61.368,61.366,61.366,12300000,1
1301080980000,1301081039000,61.367,61.367,61.357,61.358,54750000,1
1301081040000,1301081099000,61.358,61.358,61.358,61.358,17400000,1
1301081100000,1301081159000,61.357,61.368,61.357,61.368,23850000,1
1301081160000,1301081219000,61.368,61.368,61.357,61.368,54750000,1
1301081220000,1301081279000,61.366,61.378,61.366,61.378,12600000,1
1301081280000,1301081339000,61.377,61.377,61.358,61.358,42900000,1
1301081340000,1301081399000,61.358,61.358,61.356,61.356,28650000,1
1301081400000,1301081459000,61.357,61.367,61.356,61.367,30900000,1
1301081460000,1301081519000,61.366,61.374,61.366,61.367,31200000,1
1301081520000,1301081579000,61.366,61.368,61.366,61.367,9000000,1
1301081580000,1301081639000,61.367,61.368,61.366,61.367,64350000,1
1301081640000,1301081699000,61.367,61.368,61.356,61.356,31200000,1
1301081700000,1301081759000,61.356,61.357,61.348,61.356,13950000,1
1301081760000,1301081819000,61.358,61.358,61.358,61.358,19650000,1
1301081820000,1301081879000,61.356,61.357,61.356,61.356,10350000,1
1301081880000,1301081939000,61.357,61.357,61.357,61.357,8850000,1
1301081940000,1301081999000,61.358,61.358,61.347,61.347,40200000,1
1301082000000,1301082059000,61.347,61.358,61.347,61.357,36450000,1
1301082060000,1301082119000,61.358,61.367,61.358,61.367,31950000,1
1301082120000,1301082179000,61.367,61.367,61.327,61.327,65180000,1
1301082180000,1301082239000,61.336,61.348,61.33,61.338,49800000,1
1301082240000,1301082299000,61.337,61.337,61.327,61.327,71550000,1
1301082300000,1301082359000,61.328,61.337,61.328,61.336,44550000,1
1301082360000,1301082419000,61.336,61.337,61.277,61.277,105980000,1
1301082420000,1301082479000,61.274,61.274,61.248,61.263,58050000,1
1301082480000,1301082539000,61.264,61.274,61.258,61.264,36900000,1
1301082540000,1301082599000,61.263,61.279,61.258,61.274,35250000,1
1301082600000,1301082659000,61.268,61.269,61.257,61.268,93000000,1
1301082660000,1301082719000,61.268,61.277,61.232,61.254,96670000,1
1301082720000,1301082779000,61.257,61.279,61.254,61.258,71100000,1
1301082780000,1301082839000,61.258,61.281,61.258,61.276,81750000,1
1301082840000,1301082899000,61.276,61.278,61.267,61.267,88200000,1
1301082900000,1301082959000,61.271,61.297,61.271,61.287,107250000,1
1301082960000,1301083019000,61.288,61.311,61.287,61.298,101400000,1
1301083020000,1301083079000,61.298,61.307,61.289,61.297,119100000,1
1301083080000,1301083139000,61.297,61.318,61.287,61.297,138600000,1
1301083140000,1301083199000,61.297,61.332,61.297,61.329,219000000,1
1301083200000,1301083259000,61.33,61.338,61.301,61.308,76690000,1
1301083260000,1301083319000,61.308,61.317,61.287,61.317,31500000,1
1301083320000,1301083379000,61.317,61.34,61.317,61.331,55350000,1
1301083380000,1301083439000,61.337,61.337,61.336,61.336,20400000,1
1301083440000,1301083499000,61.336,61.346,61.287,61.287,61050000,1
1301083500000,1301083559000,61.287,61.327,61.287,61.326,32100000,1
1301083560000,1301083619000,61.326,61.337,61.326,61.326,23400000,1
1301083620000,1301083679000,61.337,61.337,61.287,61.287,66680000,1
1301083680000,1301083739000,61.287,61.317,61.287,61.317,19950000,1
1301083740000,1301083799000,61.317,61.328,61.317,61.328,64800000,1
1301083800000,1301083859000,61.328,61.328,61.287,61.287,16650000,1
1301083860000,1301083919000,61.287,61.287,61.287,61.287,18300000,1
1301083920000,1301083979000,61.287,61.287,61.278,61.278,15300000,1
1301083980000,1301084039000,61.278,61.308,61.278,61.308,50550000,1
1301084040000,1301084099000,61.297,61.297,61.297,61.297,31800000,1
1301084100000,1301084159000,61.297,61.297,61.288,61.288,16500000,1
1301084160000,1301084219000,61.288,61.297,61.287,61.288,52950000,1
1301084220000,1301084279000,61.296,61.296,61.288,61.288,5400000,1
1301084280000,1301084339000,61.297,61.297,61.288,61.297,12150000,1
1301084340000,1301084399000,61.297,61.298,61.287,61.287,55800000,1
1301084400000,1301084459000,61.287,61.287,61.287,61.287,53700000,1
1301084460000,1301084519000,61.287,61.287,61.287,61.287,3150000,1
1301084520000,1301084579000,61.287,61.288,61.287,61.287,29850000,1
1301084580000,1301084639000,61.288,61.308,61.288,61.302,39000000,1
1301084640000,1301084699000,61.307,61.308,61.297,61.298,67650000,1
1301084700000,1301084759000,61.298,61.298,61.277,61.277,32440000,1
1301084760000,1301084819000,61.279,61.287,61.276,61.277,28350000,1
1301084820000,1301084879000,61.286,61.287,61.276,61.287,13200000,1
1301084880000,1301084939000,61.286,61.287,61.276,61.277,11100000,1
1301084940000,1301084999000,61.276,61.287,61.276,61.286,39600000,1
1301085000000,1301085059000,61.286,61.287,61.276,61.286,30450000,1
1301085060000,1301085119000,61.287,61.297,61.276,61.297,60750000,1
1301085120000,1301085179000,61.297,61.297,61.266,61.278,157350000,1
1301085180000,1301085239000,61.281,61.286,61.281,61.281,32850000,1
1301085240000,1301085299000,61.284,61.297,61.284,61.296,32400000,1
1301085300000,1301085359000,61.292,61.292,61.266,61.281,37240000,1
1301085360000,1301085419000,61.278,61.287,61.277,61.277,20140000,1
1301085420000,1301085479000,61.277,61.277,61.246,61.266,144660000,1
1301085480000,1301085539000,61.266,61.297,61.266,61.297,33140000,1
1301085540000,1301085599000,61.297,61.297,61.278,61.286,20120000,1
1301085600000,1301085659000,61.286,61.327,61.266,61.307,177220000,1
1301085660000,1301085719000,61.307,61.307,61.259,61.275,161450000,1
1301085720000,1301085779000,61.275,61.275,61.246,61.261,140260000,1
1301085780000,1301085839000,61.261,61.304,61.258,61.281,123620000,1
1301085840000,1301085899000,61.281,61.281,61.247,61.249,97650000,1
1301085900000,1301085959000,61.249,61.259,61.176,61.249,70050000,1
1301085960000,1301086019000,61.249,61.256,61.189,61.253,24530000,1
1301086020000,1301086079000,61.253,61.259,61.216,61.256,55890000,1
1301086080000,1301086139000,61.256,61.267,61.246,61.257,41120000,1
1301086140000,1301086199000,61.246,61.296,61.236,61.296,71900000,1
1301086200000,1301086259000,61.279,61.306,61.235,61.235,47560000,1
1301086260000,1301086319000,61.204,61.257,61.204,61.257,30270000,1
1301086320000,1301086379000,61.256,61.257,61.226,61.227,40440000,1
1301086380000,1301086439000,61.227,61.237,61.216,61.226,30320000,1
1301086440000,1301086499000,61.216,61.236,61.206,61.226,41940000,1
1301086500000,1301086559000,61.227,61.237,61.217,61.217,22360000,1
1301086560000,1301086619000,61.226,61.237,61.217,61.237,27540000,1
1301086620000,1301086679000,61.237,61.246,61.237,61.246,13650000,1
1301086680000,1301086739000,61.246,61.246,61.217,61.226,11930000,1
1301086740000,1301086799000,61.251,61.291,61.196,61.217,48750000,1
1301086800000,1301086859000,61.217,61.217,61.217,61.217,0,1
1301086860000,1301086919000,61.217,61.217,61.217,61.217,0,1
1301086920000,1301086979000,61.217,61.217,61.217,61.217,0,1
1301086980000,1301087039000,61.217,61.217,61.217,61.217,0,1
1301087040000,1301087099000,61.217,61.217,61.217,61.217,0,1
1301087100000,1301087159000,61.217,61.217,61.217,61.217,0,1
1301087160000,1301087219000,61.217,61.217,61.217,61.217,0,1
1301087220000,1301087279000,61.217,61.217,61.217,61.217,0,1
1301087280000,1301087339000,61.217,61.217,61.217,61.217,0,1
1301087340000,1301087399000,61.217,61.217,61.217,61.217,0,1
1301087400000,1301087459000,61.217,61.217,61.217,61.217,0,1
1301087460000,1301087519000,61.217,61.217,61.217,61.217,0,1
1301087520000,1301087579000,61.217,61.217,61.217,61.217,0,1
1301087580000,1301087639000,61.217,61.217,61.217,61.217,0,1
1301087640000,1301087699000,61.217,61.217,61.217,61.217,0,1
1301087700000,1301087759000,61.217,61.217,61.217,61.217,0,1
1301087760000,1301087819000,61.217,61.217,61.217,61.217,0,1
1301087820000,1301087879000,61.217,61.217,61.217,61.217,0,1
1301087880000,1301087939000,61.217,61.217,61.217,61.217,0,1
1301087940000,1301087999000,61.217,61.217,61.217,61.217,0,1
1301088000000,1301088059000,61.217,61.217,61.217,61.217,0,1
1301088060000,1301088119000,61.217,61.217,61.217,61.217,0,1
1301088120000,1301088179000,61.217,61.217,61.217,61.217,0,1
1301088180000,1301088239000,61.217,61.217,61.217,61.217,0,1
1301088240000,1301088299000,61.217,61.217,61.217,61.217,0,1
1301088300000,1301088359000,61.217,61.217,61.217,61.217,0,1
1301088360000,1301088419000,61.217,61.217,61.217,61.217,0,1
1301088420000,1301088479000,61.217,61.217,61.217,61.217,0,1
1301088480000,1301088539000,61.217,61.217,61.217,61.217,0,1
1301088540000,1301088599000,61.217,61.217,61.217,61.217,0,1
1301088600000,1301088659000,61.217,61.217,61.217,61.217,0,1
1301088660000,1301088719000,61.217,61.217,61.217,61.217,0,1
1301088720000,1301088779000,61.217,61.217,61.217,61.217,0,1
1301088780000,1301088839000,61.217,61.217,61.217,61.217,0,1
1301088840000,1301088899000,61.217,61.217,61.217,61.217,0,1
1301088900000,1301088959000,61.217,61.217,61.217,61.217,0,1
1301088960000,1301089019000,61.217,61.217,61.217,61.217,0,1
1301089020000,1301089079000,61.217,61.217,61.217,61.217,0,1
1301089080000,1301089139000,61.217,61.217,61.217,61.217,0,1
1301089140000,1301089199000,61.217,61.217,61.217,61.217,0,1
1301089200000,1301089259000,61.217,61.217,61.217,61.217,0,1
1301089260000,1301089319000,61.217,61.217,61.217,61.217,0,1
1301089320000,1301089379000,61.217,61.217,61.217,61.217,0,1
1301089380000,1301089439000,61.217,61.217,61.217,61.217,0,1
1301089440000,1301089499000,61.217,61.217,61.217,61.217,0,1
1301089500000,1301089559000,61.217,61.217,61.217,61.217,0,1
1301089560000,1301089619000,61.217,61.217,61.217,61.217,0,1
1301089620000,1301089679000,61.217,61.217,61.217,61.217,0,1
1301089680000,1301089739000,61.217,61.217,61.217,61.217,0,1
1301089740000,1301089799000,61.217,61.217,61.217,61.217,0,1
1301089800000,1301089859000,61.217,61.217,61.217,61.217,0,1
1301089860000,1301089919000,61.217,61.217,61.217,61.217,0,1
1301089920000,1301089979000,61.217,61.217,61.217,61.217,0,1
1301089980000,1301090039000,61.217,61.217,61.217,61.217,0,1
1301090040000,1301090099000,61.217,61.217,61.217,61.217,0,1
1301090100000,1301090159000,61.217,61.217,61.217,61.217,0,1
1301090160000,1301090219000,61.217,61.217,61.217,61.217,0,1
1301090220000,1301090279000,61.217,61.217,61.217,61.217,0,1
1301090280000,1301090339000,61.217,61.217,61.217,61.217,0,1
1301090340000,1301090399000,61.217,61.217,61.217,61.217,0,1
1301090400000,1301090459000,61.217,61.217,61.217,61.217,0,1
1301090460000,1301090519000,61.217,61.217,61.217,61.217,0,1
1301090520000,1301090579000,61.217,61.217,61.217,61.217,0,1
1301090580000,1301090639000,61.217,61.217,61.217,61.217,0,1
1301090640000,1301090699000,61.217,61.217,61.217,61.217,0,1
1301090700000,1301090759000,61.217,61.217,61.217,61.217,0,1
1301090760000,1301090819000,61.217,61.217,61.217,61.217,0,1
1301090820000,1301090879000,61.217,61.217,61.217,61.217,0,1
1301090880000,1301090939000,61.217,61.217,61.217,61.217,0,1
1301090940000,1301090999000,61.217,61.217,61.217,61.217,0,1
1301091000000,1301091059000,61.217,61.217,61.217,61.217,0,1
1301091060000,1301091119000,61.217,61.217,61.217,61.217,0,1
1301091120000,1301091179000,61.217,61.217,61.217,61.217,0,1
1301091180000,1301091239000,61.217,61.217,61.217,61.217,0,1
1301091240000,1301091299000,61.217,61.217,61.217,61.217,0,1
1301091300000,1301091359000,61.217,61.217,61.217,61.217,0,1
1301091360000,1301091419000,61.217,61.217,61.217,61.217,0,1
1301091420000,1301091479000,61.217,61.217,61.217,61.217,0,1
1301091480000,1301091539000,61.217,61.217,61.217,61.217,0,1
1301091540000,1301091599000,61.217,61.217,61.217,61.217,0,1
1301091600000,1301091659000,61.217,61.217,61.217,61.217,0,1
1301091660000,1301091719000,61.217,61.217,61.217,61.217,0,1
1301091720000,1301091779000,61.217,61.217,61.217,61.217,0,1
1301091780000,1301091839000,61.217,61.217,61.217,61.217,0,1
1301091840000,1301091899000,61.217,61.217,61.217,61.217,0,1
1301091900000,1301091959000,61.217,61.217,61.217,61.217,0,1
1301091960000,1301092019000,61.217,61.217,61.217,61.217,0,1
1301092020000,1301092079000,61.217,61.217,61.217,61.217,0,1
1301092080000,1301092139000,61.217,61.217,61.217,61.217,0,1
1301092140000,1301092199000,61.217,61.217,61.217,61.217,0,1
1301092200000,1301092259000,61.217,61.217,61.217,61.217,0,1
1301092260000,1301092319000,61.217,61.217,61.217,61.217,0,1
1301092320000,1301092379000,61.217,61.217,61.217,61.217,0,1
1301092380000,1301092439000,61.217,61.217,61.217,61.217,0,1
1301092440000,1301092499000,61.217,61.217,61.217,61.217,0,1
1301092500000,1301092559000,61.217,61.217,61.217,61.217,0,1
1301092560000,1301092619000,61.217,61.217,61.217,61.217,0,1
1301092620000,1301092679000,61.217,61.217,61.217,61.217,0,1
1301092680000,1301092739000,61.217,61.217,61.217,61.217,0,1
1301092740000,1301092799000,61.217,61.217,61.217,61.217,0,1
1301092800000,1301092859000,61.217,61.217,61.217,61.217,0,1
1301092860000,1301092919000,61.217,61.217,61.217,61.217,0,1
1301092920000,1301092979000,61.217,61.217,61.217,61.217,0,1
1301092980000,1301093039000,61.217,61.217,61.217,61.217,0,1
1301093040000,1301093099000,61.217,61.217,61.217,61.217,0,1
1301093100000,1301093159000,61.217,61.217,61.217,61.217,0,1
1301093160000,1301093219000,61.217,61.217,61.217,61.217,0,1
1301093220000,1301093279000,61.217,61.217,61.217,61.217,0,1
1301093280000,1301093339000,61.217,61.217,61.217,61.217,0,1
1301093340000,1301093399000,61.217,61.217,61.217,61.217,0,1
1301093400000,1301093459000,61.217,61.217,61.217,61.217,0,1
1301093460000,1301093519000,61.217,61.217,61.217,61.217,0,1
1301093520000,1301093579000,61.217,61.217,61.217,61.217,0,1
1301093580000,1301093639000,61.217,61.217,61.217,61.217,0,1
1301093640000,1301093699000,61.217,61.217,61.217,61.217,0,1
1301093700000,1301093759000,61.217,61.217,61.217,61.217,0,1
1301093760000,1301093819000,61.217,61.217,61.217,61.217,0,1
1301093820000,1301093879000,61.217,61.217,61.217,61.217,0,1
1301093880000,1301093939000,61.217,61.217,61.217,61.217,0,1
1301093940000,1301093999000,61.217,61.217,61.217,61.217,0,1
1301094000000,1301094059000,61.217,61.217,61.217,61.217,0,1
1301094060000,1301094119000,61.217,61.217,61.217,61.217,0,1
1301094120000,1301094179000,61.217,61.217,61.217,61.217,0,1
1301094180000,1301094239000,61.217,61.217,61.217,61.217,0,1
1301094240000,1301094299000,61.217,61.217,61.217,61.217,0,1
1301094300000,1301094359000,61.217,61.217,61.217,61.217,0,1
1301094360000,1301094419000,61.217,61.217,61.217,61.217,0,1
1301094420000,1301094479000,61.217,61.217,61.217,61.217,0,1
1301094480000,1301094539000,61.217,61.217,61.217,61.217,0,1
1301094540000,1301094599000,61.217,61.217,61.217,61.217,0,1
1301094600000,1301094659000,61.217,61.217,61.217,61.217,0,1
1301094660000,1301094719000,61.217,61.217,61.217,61.217,0,1
1301094720000,1301094779000,61.217,61.217,61.217,61.217,0,1
1301094780000,1301094839000,61.217,61.217,61.217,61.217,0,1
1301094840000,1301094899000,61.217,61.217,61.217,61.217,0,1
1301094900000,1301094959000,61.217,61.217,61.217,61.217,0,1
1301094960000,1301095019000,61.217,61.217,61.217,61.217,0,1
1301095020000,1301095079000,61.217,61.217,61.217,61.217,0,1
1301095080000,1301095139000,61.217,61.217,61.217,61.217,0,1
1301095140000,1301095199000,61.217,61.217,61.217,61.217,0,1
1301095200000,1301095259000,61.217,61.217,61.217,61.217,0,1
1301095260000,1301095319000,61.217,61.217,61.217,61.217,0,1
1301095320000,1301095379000,61.217,61.217,61.217,61.217,0,1
1301095380000,1301095439000,61.217,61.217,61.217,61.217,0,1
1301095440000,1301095499000,61.217,61.217,61.217,61.217,0,1
1301095500000,1301095559000,61.217,61.217,61.217,61.217,0,1
1301095560000,1301095619000,61.217,61.217,61.217,61.217,0,1
1301095620000,1301095679000,61.217,61.217,61.217,61.217,0,1
1301095680000,1301095739000,61.217,61.217,61.217,61.217,0,1
1301095740000,1301095799000,61.217,61.217,61.217,61.217,0,1
1301095800000,1301095859000,61.217,61.217,61.217,61.217,0,1
1301095860000,1301095919000,61.217,61.217,61.217,61.217,0,1
1301095920000,1301095979000,61.217,61.217,61.217,61.217,0,1
1301095980000,1301096039000,61.217,61.217,61.217,61.217,0,1
1301096040000,1301096099000,61.217,61.217,61.217,61.217,0,1
1301096100000,1301096159000,61.217,61.217,61.217,61.217,0,1
1301096160000,1301096219000,61.217,61.217,61.217,61.217,0,1
1301096220000,1301096279000,61.217,61.217,61.217,61.217,0,1
1301096280000,1301096339000,61.217,61.217,61.217,61.217,0,1
1301096340000,1301096399000,61.217,61.217,61.217,61.217,0,1
1301096400000,1301096459000,61.217,61.217,61.217,61.217,0,1
1301096460000,1301096519000,61.217,61.217,61.217,61.217,0,1
1301096520000,1301096579000,61.217,61.217,61.217,61.217,0,1
1301096580000,1301096639000,61.217,61.217,61.217,61.217,0,1
1301096640000,1301096699000,61.217,61.217,61.217,61.217,0,1
1301096700000,1301096759000,61.217,61.217,61.217,61.217,0,1
1301096760000,1301096819000,61.217,61.217,61.217,61.217,0,1
1301096820000,1301096879000,61.217,61.217,61.217,61.217,0,1
1301096880000,1301096939000,61.217,61.217,61.217,61.217,0,1
1301096940000,1301096999000,61.217,61.217,61.217,61.217,0,1
1301097000000,1301097059000,61.217,61.217,61.217,61.217,0,1
1301097060000,1301097119000,61.217,61.217,61.217,61.217,0,1
1301097120000,1301097179000,61.217,61.217,61.217,61.217,0,1
1301097180000,1301097239000,61.217,61.217,61.217,61.217,0,1
1301097240000,1301097299000,61.217,61.217,61.217,61.217,0,1
1301097300000,1301097359000,61.217,61.217,61.217,61.217,0,1
1301097360000,1301097419000,61.217,61.217,61.217,61.217,0,1
1301097420000,1301097479000,61.217,61.217,61.217,61.217,0,1
1301097480000,1301097539000,61.217,61.217,61.217,61.217,0,1
1301097540000,1301097599000,61.217,61.217,61.217,61.217,0,1
1301259600000,1301259659000,61.227,61.227,61.219,61.221,13510000,1
1301259660000,1301259719000,61.221,61.242,61.221,61.238,24940000,1
1301259720000,1301259779000,61.238,61.258,61.213,61.237,64050000,1
1301259780000,1301259839000,61.237,61.253,61.214,61.214,30000000,1
1301259840000,1301259899000,61.123,61.187,61.123,61.187,2630000,1
1301259900000,1301259959000,61.193,61.235,61.193,61.216,29300000,1
1301259960000,1301260019000,61.217,61.217,61.217,61.217,2260000,1
1301260020000,1301260079000,61.217,61.24,61.217,61.227,6240000,1
1301260080000,1301260139000,61.227,61.232,61.227,61.227,11420000,1
1301260140000,1301260199000,61.236,61.236,61.23,61.232,12880000,1
1301260200000,1301260259000,61.232,61.262,61.231,61.237,18220000,1
1301260260000,1301260319000,61.231,61.246,61.231,61.231,7600000,1
1301260320000,1301260379000,61.237,61.249,61.231,61.249,11340000,1
1301260380000,1301260439000,61.247,61.249,61.247,61.249,2100000,1
1301260440000,1301260499000,61.247,61.247,61.166,61.166,12300000,1
1301260500000,1301260559000,61.17,61.181,61.16,61.167,25350000,1
1301260560000,1301260619000,61.167,61.185,61.16,61.166,69170000,1
1301260620000,1301260679000,61.167,61.167,61.167,61.167,5250000,1
1301260680000,1301260739000,61.168,61.174,61.166,61.174,14860000,1
1301260740000,1301260799000,61.166,61.176,61.166,61.169,11700000,1
1301260800000,1301260859000,61.169,61.17,61.156,61.166,35100000,1
1301260860000,1301260919000,61.166,61.172,61.16,61.161,18770000,1
1301260920000,1301260979000,61.152,61.152,61.149,61.15,4280000,1
1301260980000,1301261039000,61.152,61.152,61.152,61.152,1200000,1
1301261040000,1301261099000,61.151,61.153,61.139,61.152,9530000,1
1301261100000,1301261159000,61.149,61.149,61.149,61.149,1500000,1
1301261160000,1301261219000,61.15,61.15,61.148,61.15,4050000,1
1301261220000,1301261279000,61.15,61.151,61.15,61.151,2100000,1
1301261340000,1301261399000,61.152,61.152,61.134,61.138,5250000,1
1301261400000,1301261459000,61.138,61.138,61.085,61.092,114150000,1
1301261460000,1301261519000,61.091,61.1,61.084,61.094,59150000,1
1301261520000,1301261579000,61.096,61.1,61.073,61.1,31070000,1
1301261580000,1301261639000,61.099,61.106,61.099,61.106,6300000,1
1301261640000,1301261699000,61.106,61.109,61.106,61.109,5850000,1
1301261700000,1301261759000,61.112,61.13,61.112,61.117,83280000,1
1301261760000,1301261819000,61.121,61.121,61.059,61.062,18990000,1
1301261820000,1301261879000,61.063,61.07,61.063,61.07,5180000,1
1301261880000,1301261939000,61.075,61.088,61.075,61.088,8250000,1
1301261940000,1301261999000,61.093,61.101,61.088,61.092,21780000,1
1301262000000,1301262059000,61.101,61.118,61.101,61.114,10520000,1
1301262060000,1301262119000,61.114,61.114,61.114,61.114,9150000,1
1301262120000,1301262179000,61.11,61.127,61.105,61.127,32060000,1
1301262180000,1301262239000,61.131,61.142,61.126,61.142,28360000,1
1301262240000,1301262299000,61.146,61.149,61.133,61.137,21910000,1
1301262300000,1301262359000,61.13,61.139,61.097,61.115,59150000,1
1301262360000,1301262419000,61.115,61.116,61.081,61.097,52320000,1
1301262420000,1301262479000,61.106,61.11,61.095,61.106,38470000,1
1301262480000,1301262539000,61.103,61.106,61.059,61.068,27540000,1
1301262540000,1301262599000,61.082,61.091,61.078,61.08,29720000,1
1301262600000,1301262659000,61.086,61.1,61.086,61.092,41150000,1
1301262660000,1301262719000,61.115,61.119,61.109,61.115,35720000,1
1301262720000,1301262779000,61.111,61.116,61.096,61.097,30800000,1
1301262780000,1301262839000,61.097,61.112,61.096,61.112,11510000,1
1301262840000,1301262899000,61.107,61.107,61.096,61.1,15790000,1
1301262900000,1301262959000,61.1,61.101,61.097,61.097,9480000,1
1301262960000,1301263019000,61.105,61.12,61.105,61.12,19130000,1
1301263020000,1301263079000,61.12,61.127,61.103,61.103,16970000,1
1301263080000,1301263139000,61.101,61.121,61.099,61.121,10730000,1
1301263140000,1301263199000,61.117,61.12,61.115,61.12,13970000,1
1301263200000,1301263259000,61.117,61.137,61.117,61.136,40360000,1
1301263260000,1301263319000,61.136,61.137,61.087,61.126,54540000,1
1301263320000,1301263379000,61.126,61.127,61.126,61.127,24380000,1
1301263380000,1301263439000,61.127,61.127,61.113,61.113,21150000,1
1301263440000,1301263499000,61.117,61.126,61.117,61.126,27000000,1
1301263500000,1301263559000,61.126,61.156,61.126,61.151,39620000,1
1301263560000,1301263619000,61.173,61.197,61.173,61.186,40430000,1
1301263620000,1301263679000,61.187,61.209,61.177,61.186,61730000,1
1301263680000,1301263739000,61.187,61.196,61.186,61.196,15000000,1
1301263740000,1301263799000,61.196,61.196,61.186,61.187,15450000,1
1301263800000,1301263859000,61.188,61.196,61.186,61.186,20850000,1
1301263860000,1301263919000,61.186,61.197,61.186,61.197,10350000,1
1301263920000,1301263979000,61.197,61.197,61.186,61.196,42600000,1
1301263980000,1301264039000,61.196,61.198,61.188,61.196,26850000,1
1301264040000,1301264099000,61.196,61.207,61.196,61.198,53250000,1
1301264100000,1301264159000,61.196,61.206,61.196,61.197,39450000,1
1301264160000,1301264219000,61.196,61.207,61.196,61.196,57000000,1
1301264220000,1301264279000,61.196,61.207,61.167,61.183,73220000,1
1301264280000,1301264339000,61.187,61.187,61.17,61.187,54900000,1
1301264340000,1301264399000,61.187,61.194,61.17,61.186,92300000,1
1301264400000,1301264459000,61.186,61.187,61.176,61.176,63310000,1
1301264460000,1301264519000,61.176,61.194,61.176,61.182,81380000,1
1301264520000,1301264579000,61.18,61.198,61.179,61.198,33680000,1
1301264580000,1301264639000,61.188,61.188,61.188,61.188,9600000,1
1301264640000,1301264699000,61.188,61.188,61.177,61.177,28500000,1
1301264700000,1301264759000,61.187,61.187,61.177,61.178,22950000,1
1301264760000,1301264819000,61.178,61.187,61.178,61.187,10950000,1
1301264820000,1301264879000,61.185,61.185,61.185,61.185,6300000,1
1301264880000,1301264939000,61.186,61.186,61.148,61.157,38180000,1
1301264940000,1301264999000,61.157,61.157,61.128,61.138,90580000,1
1301265000000,1301265059000,61.138,61.148,61.128,61.138,108430000,1
1301265060000,1301265119000,61.138,61.147,61.106,61.108,110390000,1
1301265120000,1301265179000,61.108,61.129,61.108,61.128,52560000,1
1301265180000,1301265239000,61.128,61.128,61.117,61.128,58860000,1
1301265240000,1301265299000,61.128,61.149,61.126,61.138,86380000,1
1301265300000,1301265359000,61.144,61.144,61.132,61.132,25810000,1
1301265360000,1301265419000,61.132,61.147,61.126,61.126,29330000,1
1301265420000,1301265479000,61.126,61.126,61.126,61.126,10500000,1
1301265480000,1301265539000,61.127,61.137,61.127,61.136,7350000,1
1301265540000,1301265599000,61.137,61.137,61.126,61.137,26100000,1
1301265600000,1301265659000,61.137,61.137,61.116,61.117,41400000,1
1301265660000,1301265719000,61.117,61.117,61.071,61.086,125930000,1
1301265720000,1301265779000,61.086,61.087,61.076,61.087,55870000,1
1301265780000,1301265839000,61.088,61.106,61.087,61.106,17400000,1
1301265840000,1301265899000,61.106,61.127,61.101,61.108,45480000,1
1301265900000,1301265959000,61.108,61.117,61.101,61.117,61910000,1
1301265960000,1301266019000,61.117,61.127,61.107,61.127,137540000,1
1301266020000,1301266079000,61.127,61.127,61.107,61.117,54430000,1
1301266080000,1301266139000,61.117,61.118,61.116,61.116,27400000,1
1301266140000,1301266199000,61.117,61.137,61.117,61.126,26630000,1
1301266200000,1301266259000,61.137,61.147,61.126,61.136,36910000,1
1301266260000,1301266319000,61.146,61.147,61.136,61.137,36390000,1
1301266320000,1301266379000,61.147,61.147,61.126,61.137,70010000,1
1301266380000,1301266439000,61.137,61.147,61.117,61.126,50270000,1
1301266440000,1301266499000,61.126,61.136,61.106,61.117,67760000,1
1301266500000,1301266559000,61.116,61.117,61.106,61.116,23560000,1
1301266560000,1301266619000,61.116,61.117,61.107,61.117,13500000,1
1301266620000,1301266679000,61.116,61.159,61.116,61.147,79030000,1
1301266680000,1301266739000,61.147,61.148,61.137,61.138,59370000,1
1301266740000,1301266799000,61.138,61.148,61.127,61.128,56660000,1
1301266800000,1301266859000,61.137,61.147,61.117,61.118,59140000,1
1301266860000,1301266919000,61.127,61.137,61.117,61.137,34760000,1
1301266920000,1301266979000,61.137,61.156,61.137,61.147,33760000,1
1301266980000,1301267039000,61.147,61.156,61.137,61.147,46380000,1
1301267040000,1301267099000,61.138,61.157,61.136,61.147,64050000,1
1301267100000,1301267159000,61.147,61.158,61.116,61.116,77210000,1
1301267160000,1301267219000,61.119,61.177,61.119,61.138,58250000,1
1301267220000,1301267279000,61.138,61.157,61.137,61.154,55040000,1
1301267280000,1301267339000,61.157,61.157,61.138,61.157,82470000,1
1301267340000,1301267399000,61.157,61.187,61.157,61.178,42100000,1
1301267400000,1301267459000,61.187,61.208,61.178,61.183,58450000,1
1301267460000,1301267519000,61.199,61.2,61.168,61.168,99340000,1
1301267520000,1301267579000,61.168,61.168,61.152,61.152,72480000,1
1301267580000,1301267639000,61.152,61.166,61.152,61.162,61420000,1
1301267640000,1301267699000,61.162,61.175,61.162,61.169,90860000,1
1301267700000,1301267759000,61.169,61.188,61.157,61.159,69300000,1
1301267760000,1301267819000,61.16,61.187,61.158,61.177,51360000,1
1301267820000,1301267879000,61.177,61.198,61.177,61.177,48640000,1
1301267880000,1301267939000,61.187,61.188,61.177,61.187,23270000,1
1301268000000,1301268059000,61.187,61.188,61.178,61.188,12390000,1
1301268060000,1301268119000,61.188,61.188,61.188,61.188,4880000,1
1301268120000,1301268179000,61.188,61.188,61.178,61.178,21030000,1
1301268180000,1301268239000,61.178,61.178,61.168,61.168,22610000,1
1301268240000,1301268299000,61.168,61.178,61.167,61.178,91530000,1
1301268300000,1301268359000,61.177,61.178,61.177,61.178,52210000,1
1301268360000,1301268419000,61.179,61.208,61.179,61.197,41070000,1
1301268420000,1301268479000,61.197,61.208,61.197,61.198,16210000,1
1301268480000,1301268539000,61.198,61.217,61.198,61.207,15610000,1
1301268540000,1301268599000,61.207,61.207,61.197,61.207,28540000,1
1301268600000,1301268659000,61.218,61.237,61.218,61.228,52140000,1
1301268660000,1301268719000,61.229,61.238,61.208,61.227,69210000,1
1301268720000,1301268779000,61.227,61.229,61.226,61.227,31920000,1
1301268780000,1301268839000,61.227,61.228,61.227,61.227,26280000,1
1301268840000,1301268899000,61.227,61.238,61.227,61.238,44310000,1
1301268900000,1301268959000,61.238,61.248,61.237,61.247,74290000,1
1301268960000,1301269019000,61.247,61.247,61.237,61.237,37920000,1
1301269020000,1301269079000,61.238,61.248,61.238,61.247,37170000,1
1301269080000,1301269139000,61.247,61.258,61.247,61.257,48430000,1
1301269140000,1301269199000,61.257,61.277,61.247,61.277,94090000,1
1301269200000,1301269259000,61.277,61.298,61.277,61.298,132840000,1
1301269260000,1301269319000,61.298,61.308,61.297,61.298,80720000,1
1301269320000,1301269379000,61.298,61.308,61.297,61.308,82880000,1
1301269380000,1301269439000,61.308,61.328,61.307,61.328,52960000,1
1301269440000,1301269499000,61.328,61.328,61.327,61.328,38640000,1
1301269500000,1301269559000,61.328,61.328,61.308,61.318,55680000,1
1301269560000,1301269619000,61.318,61.318,61.308,61.308,70570000,1
1301269620000,1301269679000,61.308,61.328,61.307,61.328,56680000,1
1301269680000,1301269739000,61.327,61.328,61.308,61.318,86410000,1
1301269740000,1301269799000,61.318,61.327,61.317,61.327,48410000,1
1301269800000,1301269859000,61.327,61.327,61.318,61.318,16520000,1
1301269860000,1301269919000,61.318,61.328,61.318,61.327,36020000,1
1301269920000,1301269979000,61.327,61.327,61.327,61.327,10880000,1
1301269980000,1301270039000,61.327,61.327,61.308,61.311,37760000,1
1301270040000,1301270099000,61.311,61.317,61.292,61.297,46270000,1
1301270100000,1301270159000,61.289,61.296,61.277,61.287,82360000,1
1301270160000,1301270219000,61.286,61.287,61.267,61.267,77710000,1
1301270220000,1301270279000,61.267,61.268,61.258,61.268,50940000,1
1301270280000,1301270339000,61.268,61.287,61.268,61.287,39800000,1
1301270340000,1301270399000,61.287,61.318,61.287,61.318,59230000,1
1301270400000,1301270459000,61.318,61.318,61.287,61.297,86000000,1
1301270460000,1301270519000,61.307,61.337,61.302,61.328,130000000,1
1301270520000,1301270579000,61.328,61.348,61.328,61.348,139000000,1
1301270580000,1301270639000,61.348,61.348,61.337,61.348,80000000,1
1301270640000,1301270699000,61.348,61.37,61.348,61.37,99000000,1
1301270700000,1301270759000,61.367,61.378,61.327,61.327,96000000,1
1301270760000,1301270819000,61.327,61.327,61.318,61.318,51000000,1
1301270820000,1301270879000,61.318,61.318,61.318,61.318,24000000,1
1301270880000,1301270939000,61.318,61.318,61.287,61.307,87000000,1
1301270940000,1301270999000,61.307,61.318,61.307,61.317,66000000,1
1301271000000,1301271059000,61.317,61.318,61.308,61.308,23000000,1
1301271060000,1301271119000,61.308,61.308,61.298,61.307,54000000,1
1301271120000,1301271179000,61.302,61.308,61.289,61.292,66000000,1
1301271180000,1301271239000,61.296,61.308,61.296,61.307,68000000,1
1301271240000,1301271299000,61.307,61.318,61.307,61.308,28000000,1
1301271300000,1301271359000,61.308,61.318,61.307,61.308,26000000,1
1301271360000,1301271419000,61.307,61.328,61.307,61.317,79000000,1
1301271420000,1301271479000,61.317,61.317,61.317,61.317,7000000,1
1301271480000,1301271539000,61.317,61.317,61.307,61.307,23000000,1
1301271540000,1301271599000,61.307,61.328,61.307,61.317,74000000,1
1301271600000,1301271659000,61.308,61.328,61.308,61.327,57000000,1
1301271660000,1301271719000,61.327,61.338,61.317,61.338,87000000,1
1301271720000,1301271779000,61.338,61.338,61.327,61.328,79000000,1
1301271780000,1301271839000,61.328,61.337,61.327,61.328,26000000,1
1301271840000,1301271899000,61.328,61.328,61.317,61.317,25000000,1
1301271900000,1301271959000,61.317,61.318,61.298,61.308,33000000,1
1301271960000,1301272019000,61.307,61.318,61.298,61.308,64000000,1
1301272020000,1301272079000,61.308,61.308,61.299,61.307,23000000,1
1301272080000,1301272139000,61.307,61.307,61.307,61.307,7000000,1
1301272140000,1301272199000,61.307,61.307,61.297,61.306,39000000,1
1301272200000,1301272259000,61.299,61.308,61.297,61.307,56000000,1
1301272260000,1301272319000,61.307,61.307,61.278,61.288,66000000,1
1301272320000,1301272379000,61.288,61.298,61.287,61.287,52000000,1
1301272380000,1301272439000,61.287,61.288,61.258,61.27,188000000,1
1301272440000,1301272499000,61.269,61.288,61.268,61.281,79000000,1
1301272500000,1301272559000,61.281,61.287,61.268,61.271,101000000,1
1301272560000,1301272619000,61.268,61.288,61.268,61.288,67000000,1
1301272620000,1301272679000,61.288,61.288,61.278,61.288,54000000,1
1301272680000,1301272739000,61.297,61.298,61.277,61.279,99000000,1
1301272740000,1301272799000,61.279,61.288,61.249,61.257,97000000,1
1301272800000,1301272859000,61.257,61.258,61.238,61.248,119000000,1
1301272860000,1301272919000,61.248,61.249,61.247,61.248,45000000,1
1301272920000,1301272979000,61.248,61.258,61.247,61.247,83000000,1
1301272980000,1301273039000,61.247,61.257,61.247,61.249,44000000,1
1301273040000,1301273099000,61.249,61.257,61.247,61.248,72000000,1
1301273100000,1301273159000,61.248,61.249,61.248,61.248,30000000,1
1301273160000,1301273219000,61.249,61.267,61.249,61.262,80000000,1
1301273220000,1301273279000,61.261,61.268,61.238,61.248,118000000,1
1301273280000,1301273339000,61.239,61.247,61.228,61.237,70000000,1
1301273340000,1301273399000,61.237,61.258,61.237,61.258,72000000,1
1301273400000,1301273459000,61.257,61.268,61.247,61.261,131000000,1
1301273460000,1301273519000,61.259,61.271,61.257,61.259,75000000,1
1301273520000,1301273579000,61.259,61.268,61.247,61.256,111000000,1
1301273580000,1301273639000,61.248,61.248,61.227,61.227,95000000,1
1301273640000,1301273699000,61.227,61.279,61.218,61.258,167000000,1
1301273700000,1301273759000,61.276,61.276,61.247,61.257,201000000,1
1301273760000,1301273819000,61.257,61.276,61.257,61.276,37000000,1
1301273820000,1301273879000,61.278,61.288,61.267,61.287,90000000,1
1301273880000,1301273939000,61.287,61.287,61.286,61.287,29000000,1
1301273940000,1301273999000,61.287,61.287,61.278,61.286,32000000,1
1301274000000,1301274059000,61.286,61.288,61.278,61.288,32000000,1
1301274060000,1301274119000,61.288,61.297,61.287,61.288,42000000,1
1301274120000,1301274179000,61.288,61.288,61.279,61.284,75000000,1
1301274180000,1301274239000,61.286,61.287,61.278,61.287,27000000,1
1301274240000,1301274299000,61.287,61.288,61.278,61.278,35000000,1
1301274300000,1301274359000,61.278,61.298,61.276,61.288,93000000,1
1301274360000,1301274419000,61.288,61.288,61.267,61.267,61000000,1
1301274420000,1301274479000,61.267,61.282,61.257,61.282,69000000,1
1301274480000,1301274539000,61.282,61.29,61.282,61.287,62000000,1
1301274540000,1301274599000,61.286,61.308,61.286,61.297,109000000,1
1301274600000,1301274659000,61.297,61.308,61.291,61.297,28000000,1
1301274660000,1301274719000,61.297,61.297,61.297,61.297,17000000,1
1301274720000,1301274779000,61.297,61.298,61.297,61.298,22000000,1
1301274780000,1301274839000,61.298,61.318,61.297,61.316,100000000,1
1301274840000,1301274899000,61.308,61.323,61.277,61.288,170000000,1
1301274900000,1301274959000,61.288,61.288,61.277,61.278,78000000,1
1301274960000,1301275019000,61.278,61.278,61.26,61.277,79000000,1
1301275020000,1301275079000,61.271,61.297,61.271,61.288,75000000,1
1301275080000,1301275139000,61.288,61.288,61.257,61.268,150000000,1
1301275140000,1301275199000,61.268,61.278,61.257,61.278,67000000,1
1301275200000,1301275259000,61.278,61.307,61.278,61.307,54000000,1
1301275260000,1301275319000,61.307,61.307,61.287,61.298,40000000,1
1301275320000,1301275379000,61.298,61.3,61.297,61.298,39000000,1
1301275380000,1301275439000,61.298,61.298,61.298,61.298,2000000,1
1301275440000,1301275499000,61.298,61.298,61.271,61.278,59000000,1
1301275500000,1301275559000,61.272,61.285,61.271,61.28,70000000,1
1301275560000,1301275619000,61.28,61.287,61.264,61.268,107000000,1
1301275620000,1301275679000,61.268,61.277,61.268,61.268,54000000,1
1301275680000,1301275739000,61.268,61.272,61.26,61.268,51000000,1
1301275740000,1301275799000,61.268,61.268,61.256,61.266,33000000,1
1301275800000,1301275859000,61.27,61.277,61.264,61.27,31000000,1
1301275860000,1301275919000,61.274,61.274,61.259,61.267,49000000,1
1301275920000,1301275979000,61.261,61.268,61.261,61.267,21000000,1
1301275980000,1301276039000,61.267,61.267,61.253,61.257,26000000,1
1301276040000,1301276099000,61.257,61.262,61.251,61.258,29000000,1
1301276100000,1301276159000,61.258,61.258,61.258,61.258,2000000,1
1301276160000,1301276219000,61.258,61.259,61.257,61.258,44000000,1
1301276220000,1301276279000,61.258,61.268,61.257,61.258,69000000,1
1301276280000,1301276339000,61.268,61.268,61.258,61.267,34000000,1
1301276340000,1301276399000,61.267,61.268,61.258,61.258,40000000,1
1301276400000,1301276459000,61.258,61.298,61.257,61.288,76000000,1
1301276460000,1301276519000,61.288,61.288,61.288,61.288,2000000,1
1301276520000,1301276579000,61.288,61.297,61.268,61.268,42000000,1
1301276580000,1301276639000,61.268,61.277,61.268,61.277,26000000,1
1301276640000,1301276699000,61.28,61.288,61.271,61.278,47000000,1
1301276700000,1301276759000,61.267,61.268,61.257,61.257,73000000,1
1301276760000,1301276819000,61.257,61.257,61.257,61.257,20000000,1
1301276820000,1301276879000,61.257,61.261,61.253,61.253,46000000,1
1301276880000,1301276939000,61.253,61.258,61.253,61.258,46000000,1
1301276940000,1301276999000,61.257,61.258,61.251,61.253,66000000,1
1301277000000,1301277059000,61.252,61.253,61.244,61.244,33000000,1
1301277060000,1301277119000,61.244,61.248,61.243,61.248,36000000,1
1301277120000,1301277179000,61.248,61.248,61.243,61.248,19000000,1
1301277180000,1301277239000,61.249,61.277,61.247,61.268,92000000,1
1301277240000,1301277299000,61.27,61.278,61.267,61.278,63000000,1
1301277300000,1301277359000,61.278,61.278,61.268,61.271,19000000,1
1301277360000,1301277419000,61.277,61.288,61.272,61.288,60000000,1
1301277420000,1301277479000,61.288,61.297,61.288,61.297,44000000,1
1301277480000,1301277539000,61.297,61.297,61.287,61.29,26000000,1
1301277540000,1301277599000,61.288,61.29,61.287,61.29,9000000,1
1301277600000,1301277659000,61.289,61.298,61.289,61.298,15000000,1
1301277660000,1301277719000,61.298,61.298,61.277,61.277,29000000,1
1301277720000,1301277779000,61.277,61.288,61.277,61.288,24000000,1
1301277780000,1301277839000,61.288,61.297,61.288,61.288,27000000,1
1301277840000,1301277899000,61.288,61.298,61.287,61.298,62000000,1
1301277900000,1301277959000,61.298,61.298,61.297,61.298,26000000,1
1301277960000,1301278019000,61.298,61.308,61.298,61.298,30000000,1
1301278020000,1301278079000,61.298,61.298,61.298,61.298,34000000,1
1301278080000,1301278139000,61.298,61.308,61.287,61.297,66000000,1
1301278140000,1301278199000,61.297,61.298,61.288,61.288,31000000,1
1301278200000,1301278259000,61.288,61.297,61.288,61.297,25000000,1
1301278260000,1301278319000,61.297,61.307,61.289,61.289,16000000,1
1301278320000,1301278379000,61.289,61.289,61.288,61.288,20000000,1
1301278380000,1301278439000,61.288,61.297,61.288,61.296,9000000,1
1301278440000,1301278499000,61.288,61.298,61.288,61.298,31000000,1
1301278500000,1301278559000,61.298,61.317,61.298,61.308,79000000,1
1301278560000,1301278619000,61.308,61.317,61.307,61.316,95000000,1
1301278620000,1301278679000,61.31,61.318,61.308,61.317,110000000,1
1301278680000,1301278739000,61.317,61.318,61.31,61.318,64000000,1
1301278740000,1301278799000,61.318,61.32,61.31,61.317,79000000,1
1301278800000,1301278859000,61.317,61.329,61.317,61.329,52000000,1
1301278860000,1301278919000,61.325,61.338,61.325,61.336,40000000,1
1301278920000,1301278979000,61.337,61.337,61.326,61.328,56000000,1
1301278980000,1301279039000,61.328,61.338,61.327,61.338,42000000,1
1301279040000,1301279099000,61.34,61.356,61.34,61.348,30000000,1
1301279100000,1301279159000,61.348,61.348,61.337,61.348,56000000,1
1301279160000,1301279219000,61.348,61.357,61.347,61.357,77000000,1
1301279220000,1301279279000,61.357,61.358,61.347,61.347,61000000,1
1301279280000,1301279339000,61.347,61.357,61.346,61.347,34000000,1
1301279340000,1301279399000,61.347,61.357,61.337,61.356,114000000,1
1301279400000,1301279459000,61.357,61.357,61.349,61.357,20000000,1
1301279460000,1301279519000,61.357,61.359,61.357,61.358,50000000,1
1301279520000,1301279579000,61.359,61.359,61.348,61.348,29000000,1
1301279580000,1301279639000,61.348,61.368,61.348,61.36,25000000,1
1301279640000,1301279699000,61.36,61.36,61.358,61.359,8000000,1
1301279700000,1301279759000,61.357,61.359,61.351,61.357,21000000,1
1301279760000,1301279819000,61.357,61.357,61.347,61.347,51000000,1
1301279820000,1301279879000,61.347,61.348,61.347,61.348,37000000,1
1301279880000,1301279939000,61.349,61.37,61.349,61.35,53000000,1
1301279940000,1301279999000,61.35,61.358,61.348,61.348,35000000,1
1301280000000,1301280059000,61.347,61.378,61.347,61.377,92000000,1
1301280060000,1301280119000,61.376,61.377,61.376,61.377,9000000,1
1301280120000,1301280179000,61.376,61.382,61.376,61.379,19000000,1
1301280180000,1301280239000,61.383,61.384,61.379,61.381,9000000,1
1301280240000,1301280299000,61.387,61.387,61.378,61.383,17000000,1
1301280300000,1301280359000,61.383,61.383,61.383,61.383,19000000,1
1301280360000,1301280419000,61.383,61.384,61.383,61.384,69000000,1
1301280420000,1301280479000,61.384,61.387,61.383,61.384,49000000,1
1301280480000,1301280539000,61.384,61.384,61.383,61.383,24000000,1
1301280540000,1301280599000,61.383,61.383,61.351,61.357,78000000,1
1301280600000,1301280659000,61.357,61.357,61.327,61.327,84000000,1
1301280660000,1301280719000,61.327,61.348,61.327,61.338,35000000,1
1301280720000,1301280779000,61.339,61.348,61.337,61.338,60000000,1
1301280780000,1301280839000,61.338,61.338,61.337,61.337,39000000,1
1301280840000,1301280899000,61.337,61.338,61.319,61.328,66000000,1
1301280900000,1301280959000,61.328,61.348,61.322,61.348,72000000,1
1301280960000,1301281019000,61.348,61.358,61.338,61.348,114000000,1
1301281020000,1301281079000,61.347,61.35,61.347,61.348,34000000,1
1301281080000,1301281139000,61.348,61.348,61.347,61.348,25000000,1
1301281140000,1301281199000,61.348,61.36,61.347,61.358,70000000,1
1301281200000,1301281259000,61.358,61.358,61.357,61.357,27000000,1
1301281260000,1301281319000,61.357,61.358,61.357,61.358,9000000,1
1301281320000,1301281379000,61.356,61.358,61.352,61.356,15000000,1
1301281380000,1301281439000,61.357,61.357,61.346,61.349,22000000,1
1301281440000,1301281499000,61.349,61.349,61.348,61.348,6000000,1
1301281500000,1301281559000,61.349,61.35,61.347,61.347,31000000,1
1301281560000,1301281619000,61.348,61.348,61.348,61.348,8000000,1
1301281620000,1301281679000,61.348,61.358,61.347,61.347,48000000,1
1301281680000,1301281739000,61.35,61.358,61.347,61.358,49000000,1
1301281740000,1301281799000,61.358,61.368,61.357,61.357,33000000,1
1301281800000,1301281859000,61.357,61.358,61.347,61.357,34000000,1
1301281860000,1301281919000,61.357,61.357,61.348,61.348,30000000,1
1301281920000,1301281979000,61.348,61.358,61.337,61.337,39000000,1
1301281980000,1301282039000,61.337,61.348,61.329,61.338,44000000,1
1301282040000,1301282099000,61.338,61.348,61.329,61.348,66000000,1
1301282100000,1301282159000,61.347,61.348,61.329,61.338,85000000,1
1301282160000,1301282219000,61.337,61.338,61.318,61.33,92000000,1
1301282220000,1301282279000,61.328,61.337,61.317,61.327,137000000,1
1301282280000,1301282339000,61.327,61.337,61.318,61.327,73000000,1
1301282340000,1301282399000,61.327,61.328,61.327,61.327,37000000,1
1301282400000,1301282459000,61.327,61.328,61.326,61.328,19000000,1
1301282460000,1301282519000,61.328,61.328,61.328,61.328,9000000,1
1301282520000,1301282579000,61.328,61.329,61.328,61.328,22000000,1
1301282580000,1301282639000,61.337,61.349,61.329,61.337,148000000,1
1301282640000,1301282699000,61.337,61.348,61.337,61.347,64000000,1
1301282700000,1301282759000,61.347,61.349,61.338,61.347,29000000,1
1301282760000,1301282819000,61.338,61.338,61.327,61.33,40000000,1
1301282820000,1301282879000,61.33,61.347,61.33,61.342,49000000,1
1301282880000,1301282939000,61.342,61.35,61.342,61.348,35000000,1
1301282940000,1301282999000,61.349,61.357,61.347,61.357,36000000,1
1301283000000,1301283059000,61.357,61.357,61.348,61.356,46000000,1
1301283060000,1301283119000,61.356,61.356,61.347,61.347,64000000,1
1301283120000,1301283179000,61.347,61.358,61.347,61.35,57000000,1
1301283180000,1301283239000,61.349,61.358,61.347,61.358,31000000,1
1301283240000,1301283299000,61.358,61.368,61.357,61.358,69000000,1
1301283300000,1301283359000,61.358,61.358,61.347,61.348,59000000,1
1301283360000,1301283419000,61.348,61.348,61.338,61.347,72000000,1
1301283420000,1301283479000,61.347,61.368,61.347,61.358,59000000,1
1301283480000,1301283539000,61.358,61.367,61.357,61.358,55000000,1
1301283540000,1301283599000,61.358,61.368,61.357,61.368,58000000,1
1301283600000,1301283659000,61.368,61.368,61.348,61.368,90000000,1
1301283660000,1301283719000,61.368,61.372,61.368,61.37,26000000,1
1301283720000,1301283779000,61.378,61.378,61.358,61.358,87000000,1
1301283780000,1301283839000,61.358,61.368,61.357,61.357,37000000,1
1301283840000,1301283899000,61.357,61.368,61.357,61.368,27000000,1
1301283900000,1301283959000,61.367,61.368,61.367,61.368,19000000,1
1301283960000,1301284019000,61.368,61.378,61.367,61.367,61000000,1
1301284020000,1301284079000,61.367,61.368,61.367,61.368,8000000,1
1301284080000,1301284139000,61.367,61.368,61.367,61.368,16000000,1
1301284140000,1301284199000,61.368,61.368,61.359,61.367,37000000,1
1301284200000,1301284259000,61.367,61.367,61.353,61.358,72000000,1
1301284260000,1301284319000,61.358,61.361,61.358,61.361,28000000,1
1301284320000,1301284379000,61.358,61.358,61.358,61.358,9000000,1
1301284380000,1301284439000,61.359,61.361,61.359,61.361,16000000,1
1301284440000,1301284499000,61.361,61.368,61.36,61.368,21000000,1
1301284500000,1301284559000,61.36,61.377,61.36,61.363,29000000,1
1301284560000,1301284619000,61.367,61.377,61.367,61.369,57000000,1
1301284620000,1301284679000,61.369,61.369,61.368,61.369,20000000,1
1301284680000,1301284739000,61.367,61.372,61.367,61.368,63000000,1
1301284740000,1301284799000,61.37,61.378,61.369,61.378,54000000,1
1301284800000,1301284859000,61.378,61.378,61.368,61.368,38000000,1
1301284860000,1301284919000,61.368,61.377,61.368,61.377,25000000,1
1301284920000,1301284979000,61.377,61.387,61.37,61.377,37000000,1
1301284980000,1301285039000,61.378,61.378,61.368,61.377,38000000,1
1301285040000,1301285099000,61.377,61.377,61.368,61.377,28000000,1
1301285100000,1301285159000,61.377,61.378,61.377,61.377,40000000,1
1301285160000,1301285219000,61.377,61.378,61.377,61.378,17000000,1
1301285220000,1301285279000,61.379,61.388,61.379,61.379,20000000,1
1301285280000,1301285339000,61.379,61.379,61.378,61.379,8000000,1
1301285340000,1301285399000,61.386,61.388,61.378,61.378,44000000,1
1301285400000,1301285459000,61.378,61.397,61.377,61.387,98000000,1
1301285460000,1301285519000,61.387,61.388,61.377,61.378,33000000,1
1301285520000,1301285579000,61.378,61.388,61.378,61.388,64000000,1
1301285580000,1301285639000,61.388,61.389,61.388,61.389,6000000,1
1301285640000,1301285699000,61.393,61.402,61.393,61.398,50000000,1
1301285700000,1301285759000,61.398,61.398,61.398,61.398,9000000,1
1301285760000,1301285819000,61.398,61.417,61.398,61.417,23000000,1
1301285820000,1301285879000,61.417,61.417,61.404,61.404,13000000,1
1301285880000,1301285939000,61.401,61.417,61.401,61.401,13000000,1
1301285940000,1301285999000,61.403,61.408,61.397,61.397,25000000,1
1301286000000,1301286059000,61.397,61.418,61.379,61.379,50000000,1
1301286060000,1301286119000,61.378,61.378,61.378,61.378,16000000,1
1301286120000,1301286179000,61.378,61.388,61.377,61.378,58000000,1
1301286180000,1301286239000,61.378,61.388,61.378,61.388,45000000,1
1301286240000,1301286299000,61.388,61.388,61.38,61.38,67000000,1
1301286300000,1301286359000,61.387,61.388,61.379,61.381,16000000,1
1301286360000,1301286419000,61.38,61.38,61.377,61.378,31000000,1
1301286420000,1301286479000,61.368,61.368,61.368,61.368,28000000,1
1301286480000,1301286539000,61.368,61.377,61.368,61.377,25000000,1
1301286540000,1301286599000,61.377,61.378,61.367,61.377,72000000,1
1301286600000,1301286659000,61.377,61.377,61.373,61.377,21000000,1
1301286660000,1301286719000,61.377,61.378,61.361,61.367,50000000,1
1301286720000,1301286779000,61.359,61.368,61.347,61.347,80000000,1
1301286780000,1301286839000,61.347,61.35,61.338,61.339,68000000,1
1301286840000,1301286899000,61.339,61.358,61.339,61.35,58000000,1
1301286900000,1301286959000,61.35,61.357,61.348,61.357,45000000,1
1301286960000,1301287019000,61.356,61.357,61.351,61.357,12000000,1
1301287020000,1301287079000,61.357,61.357,61.348,61.348,25000000,1
1301287080000,1301287139000,61.349,61.357,61.347,61.351,26000000,1
1301287140000,1301287199000,61.351,61.353,61.348,61.353,17000000,1
1301287200000,1301287259000,61.358,61.359,61.357,61.357,25000000,1
1301287260000,1301287319000,61.357,61.368,61.357,61.367,18000000,1
1301287320000,1301287379000,61.367,61.367,61.367,61.367,20000000,1
1301287380000,1301287439000,61.367,61.367,61.367,61.367,12000000,1
1301287440000,1301287499000,61.366,61.367,61.358,61.367,55000000,1
1301287500000,1301287559000,61.367,61.367,61.359,61.366,21000000,1
1301287560000,1301287619000,61.366,61.368,61.358,61.368,12000000,1
1301287620000,1301287679000,61.368,61.368,61.359,61.367,10000000,1
1301287680000,1301287739000,61.367,61.377,61.367,61.377,35000000,1
1301287740000,1301287799000,61.377,61.377,61.377,61.377,12000000,1
1301287800000,1301287859000,61.377,61.388,61.377,61.378,25000000,1
1301287860000,1301287919000,61.378,61.378,61.377,61.378,17000000,1
1301287920000,1301287979000,61.378,61.388,61.378,61.379,17000000,1
1301287980000,1301288039000,61.379,61.388,61.377,61.387,46000000,1
1301288040000,1301288099000,61.387,61.399,61.387,61.399,13000000,1
1301288100000,1301288159000,61.398,61.398,61.398,61.398,2000000,1
1301288160000,1301288219000,61.398,61.4,61.387,61.388,85000000,1
1301288220000,1301288279000,61.388,61.388,61.387,61.387,16000000,1
1301288280000,1301288339000,61.387,61.387,61.387,61.387,4000000,1
1301288340000,1301288399000,61.387,61.387,61.379,61.379,10000000,1
1301288400000,1301288459000,61.379,61.379,61.377,61.377,11000000,1
1301288460000,1301288519000,61.377,61.388,61.377,61.388,33000000,1
1301288520000,1301288579000,61.388,61.388,61.377,61.388,41000000,1
1301288580000,1301288639000,61.381,61.381,61.379,61.379,10000000,1
1301288640000,1301288699000,61.384,61.384,61.38,61.38,23000000,1
1301288700000,1301288759000,61.378,61.388,61.378,61.388,46000000,1
1301288760000,1301288819000,61.388,61.388,61.386,61.387,29000000,1
1301288820000,1301288879000,61.387,61.389,61.382,61.388,28000000,1
1301288880000,1301288939000,61.388,61.388,61.388,61.388,8000000,1
1301288940000,1301288999000,61.388,61.398,61.388,61.398,42000000,1
1301289000000,1301289059000,61.398,61.398,61.398,61.398,2000000,1
1301289060000,1301289119000,61.398,61.398,61.388,61.388,33000000,1
1301289120000,1301289179000,61.388,61.408,61.388,61.397,30000000,1
1301289180000,1301289239000,61.397,61.407,61.397,61.407,9000000,1
1301289240000,1301289299000,61.399,61.408,61.397,61.408,36000000,1
1301289300000,1301289359000,61.408,61.408,61.408,61.408,5000000,1
1301289360000,1301289419000,61.409,61.438,61.409,61.428,87000000,1
1301289420000,1301289479000,61.428,61.438,61.407,61.407,128000000,1
1301289480000,1301289539000,61.407,61.408,61.399,61.401,102000000,1
1301289540000,1301289599000,61.407,61.408,61.407,61.408,35000000,1
1301289600000,1301289659000,61.408,61.418,61.408,61.418,61000000,1
1301289660000,1301289719000,61.417,61.427,61.408,61.417,63000000,1
1301289720000,1301289779000,61.417,61.427,61.417,61.418,42000000,1
1301289780000,1301289839000,61.418,61.419,61.418,61.419,8000000,1
1301289840000,1301289899000,61.417,61.428,61.417,61.427,85000000,1
1301289900000,1301289959000,61.427,61.427,61.408,61.408,37000000,1
1301289960000,1301290019000,61.408,61.408,61.4,61.408,32000000,1
1301290020000,1301290079000,61.403,61.407,61.392,61.407,59000000,1
1301290080000,1301290139000,61.407,61.409,61.397,61.401,80000000,1
1301290140000,1301290199000,61.401,61.401,61.39,61.39,92000000,1
1301290200000,1301290259000,61.398,61.398,61.387,61.388,88000000,1
1301290260000,1301290319000,61.387,61.398,61.387,61.388,95000000,1
1301290320000,1301290379000,61.395,61.407,61.395,61.407,78000000,1
1301290380000,1301290439000,61.407,61.408,61.387,61.398,80000000,1
1301290440000,1301290499000,61.397,61.407,61.387,61.397,122000000,1
1301290500000,1301290559000,61.397,61.407,61.397,61.398,65000000,1
1301290560000,1301290619000,61.398,61.398,61.388,61.388,61000000,1
1301290620000,1301290679000,61.389,61.408,61.388,61.397,70000000,1
1301290680000,1301290739000,61.397,61.398,61.388,61.398,55000000,1
1301290740000,1301290799000,61.378,61.4,61.378,61.4,51000000,1
1301290800000,1301290859000,61.398,61.398,61.387,61.397,47000000,1
1301290860000,1301290919000,61.397,61.397,61.387,61.387,46000000,1
1301290920000,1301290979000,61.388,61.417,61.388,61.398,151000000,1
1301290980000,1301291039000,61.398,61.398,61.387,61.388,64000000,1
1301291040000,1301291099000,61.388,61.388,61.368,61.377,68000000,1
1301291100000,1301291159000,61.369,61.388,61.369,61.378,44000000,1
1301291160000,1301291219000,61.378,61.378,61.359,61.359,45000000,1
1301291220000,1301291279000,61.36,61.368,61.357,61.368,70000000,1
1301291280000,1301291339000,61.368,61.388,61.368,61.368,15000000,1
1301291340000,1301291399000,61.369,61.377,61.369,61.377,14000000,1
1301291400000,1301291459000,61.377,61.388,61.367,61.387,79000000,1
1301291460000,1301291519000,61.388,61.398,61.387,61.387,36000000,1
1301291520000,1301291579000,61.387,61.407,61.387,61.397,68000000,1
1301291580000,1301291639000,61.397,61.41,61.397,61.398,56000000,1
1301291640000,1301291699000,61.398,61.398,61.397,61.397,16000000,1
1301291700000,1301291759000,61.397,61.397,61.397,61.397,4000000,1
1301291760000,1301291819000,61.397,61.397,61.397,61.397,2000000,1
1301291820000,1301291879000,61.397,61.398,61.387,61.398,34000000,1
1301291880000,1301291939000,61.388,61.397,61.371,61.371,28000000,1
1301291940000,1301291999000,61.368,61.397,61.368,61.388,61000000,1
1301292000000,1301292059000,61.388,61.388,61.358,61.388,103000000,1
1301292060000,1301292119000,61.388,61.398,61.379,61.387,54000000,1
1301292120000,1301292179000,61.387,61.387,61.377,61.378,21000000,1
1301292180000,1301292239000,61.378,61.387,61.378,61.387,10000000,1
1301292240000,1301292299000,61.388,61.397,61.367,61.387,50000000,1
1301292300000,1301292359000,61.387,61.387,61.377,61.378,13000000,1
1301292360000,1301292419000,61.378,61.387,61.376,61.376,25000000,1
1301292420000,1301292479000,61.377,61.378,61.367,61.368,25000000,1
1301292480000,1301292539000,61.368,61.377,61.357,61.357,26000000,1
1301292540000,1301292599000,61.357,61.397,61.357,61.387,113000000,1
1301292600000,1301292659000,61.386,61.388,61.368,61.388,57000000,1
1301292660000,1301292719000,61.388,61.398,61.387,61.387,22000000,1
1301292720000,1301292779000,61.392,61.404,61.391,61.396,13000000,1
1301292780000,1301292839000,61.396,61.397,61.396,61.396,7000000,1
1301292840000,1301292899000,61.396,61.407,61.396,61.407,10000000,1
1301292900000,1301292959000,61.406,61.418,61.387,61.418,24000000,1
1301292960000,1301293019000,61.418,61.418,61.408,61.416,69000000,1
1301293020000,1301293079000,61.416,61.417,61.398,61.408,67000000,1
1301293080000,1301293139000,61.408,61.408,61.387,61.398,130000000,1
1301293140000,1301293199000,61.398,61.398,61.388,61.392,31000000,1
1301293200000,1301293259000,61.392,61.392,61.368,61.373,69000000,1
1301293260000,1301293319000,61.378,61.378,61.367,61.367,49000000,1
1301293320000,1301293379000,61.367,61.37,61.348,61.356,53000000,1
1301293380000,1301293439000,61.356,61.366,61.356,61.357,61000000,1
1301293440000,1301293499000,61.357,61.358,61.346,61.347,44000000,1
1301293500000,1301293559000,61.347,61.358,61.346,61.358,67000000,1
1301293560000,1301293619000,61.358,61.358,61.356,61.356,14000000,1
1301293620000,1301293679000,61.357,61.357,61.356,61.356,10000000,1
1301293680000,1301293739000,61.356,61.367,61.356,61.367,39000000,1
1301293740000,1301293799000,61.367,61.37,61.356,61.369,56000000,1
1301293800000,1301293859000,61.377,61.407,61.377,61.404,103000000,1
1301293860000,1301293919000,61.399,61.408,61.396,61.408,110000000,1
1301293920000,1301293979000,61.407,61.427,61.398,61.427,100000000,1
1301293980000,1301294039000,61.427,61.447,61.417,61.437,83000000,1
1301294040000,1301294099000,61.438,61.438,61.417,61.427,111000000,1
1301294100000,1301294159000,61.427,61.436,61.407,61.427,140000000,1
1301294160000,1301294219000,61.428,61.437,61.416,61.417,119000000,1
1301294220000,1301294279000,61.417,61.436,61.406,61.418,131000000,1
1301294280000,1301294339000,61.418,61.428,61.418,61.418,21000000,1
1301294340000,1301294399000,61.418,61.438,61.417,61.417,59000000,1
1301294400000,1301294459000,61.417,61.438,61.408,61.438,57000000,1
1301294460000,1301294519000,61.438,61.457,61.428,61.446,76000000,1
1301294520000,1301294579000,61.446,61.448,61.421,61.428,92000000,1
1301294580000,1301294639000,61.43,61.43,61.428,61.428,5000000,1
1301294640000,1301294699000,61.428,61.428,61.417,61.418,48000000,1
1301294700000,1301294759000,61.418,61.427,61.407,61.416,72000000,1
1301294760000,1301294819000,61.416,61.417,61.406,61.407,40000000,1
1301294820000,1301294879000,61.406,61.417,61.398,61.406,58000000,1
1301294880000,1301294939000,61.406,61.409,61.397,61.406,22000000,1
1301294940000,1301294999000,61.406,61.418,61.398,61.407,46000000,1
1301295000000,1301295059000,61.407,61.418,61.397,61.416,107000000,1
1301295060000,1301295119000,61.408,61.427,61.406,61.417,127000000,1
1301295120000,1301295179000,61.417,61.426,61.407,61.408,189000000,1
1301295180000,1301295239000,61.408,61.438,61.408,61.428,56000000,1
1301295240000,1301295299000,61.428,61.438,61.418,61.427,61000000,1
1301295300000,1301295359000,61.427,61.458,61.417,61.457,102000000,1
1301295360000,1301295419000,61.447,61.458,61.445,61.445,99000000,1
1301295420000,1301295479000,61.448,61.448,61.437,61.437,59000000,1
1301295480000,1301295539000,61.437,61.437,61.422,61.437,83000000,1
1301295540000,1301295599000,61.427,61.447,61.417,61.447,114000000,1
1301295600000,1301295659000,61.447,61.448,61.441,61.447,39000000,1
1301295660000,1301295719000,61.447,61.447,61.417,61.417,48000000,1
1301295720000,1301295779000,61.417,61.417,61.407,61.407,62000000,1
1301295780000,1301295839000,61.407,61.427,61.399,61.406,90000000,1
1301295840000,1301295899000,61.397,61.418,61.387,61.401,95000000,1
1301295900000,1301295959000,61.4,61.418,61.397,61.417,65000000,1
1301295960000,1301296019000,61.412,61.428,61.412,61.428,49000000,1
1301296020000,1301296079000,61.427,61.428,61.397,61.409,123000000,1
1301296080000,1301296139000,61.407,61.418,61.381,61.408,160000000,1
1301296140000,1301296199000,61.401,61.401,61.377,61.398,130000000,1
1301296200000,1301296259000,61.398,61.408,61.39,61.396,47000000,1
1301296260000,1301296319000,61.397,61.399,61.367,61.387,69000000,1
1301296320000,1301296379000,61.387,61.388,61.367,61.367,54000000,1
1301296380000,1301296439000,61.367,61.395,61.361,61.389,117000000,1
1301296440000,1301296499000,61.391,61.408,61.378,61.399,151000000,1
1301296500000,1301296559000,61.397,61.412,61.397,61.408,124000000,1
1301296560000,1301296619000,61.408,61.418,61.407,61.417,70000000,1
1301296620000,1301296679000,61.421,61.427,61.417,61.421,28000000,1
1301296680000,1301296739000,61.421,61.428,61.4,61.408,84000000,1
1301296740000,1301296799000,61.408,61.414,61.398,61.406,50000000,1
1301296800000,1301296859000,61.406,61.408,61.387,61.408,54000000,1
1301296860000,1301296919000,61.408,61.451,61.398,61.45,87000000,1
1301296920000,1301296979000,61.45,61.468,61.437,61.437,47000000,1
1301296980000,1301297039000,61.439,61.447,61.437,61.447,32000000,1
1301297040000,1301297099000,61.447,61.447,61.427,61.428,74000000,1
1301297100000,1301297159000,61.428,61.428,61.418,61.427,57000000,1
1301297160000,1301297219000,61.427,61.428,61.417,61.427,55000000,1
1301297220000,1301297279000,61.427,61.428,61.419,61.428,19000000,1
1301297280000,1301297339000,61.428,61.438,61.427,61.427,61000000,1
1301297340000,1301297399000,61.427,61.445,61.427,61.437,102000000,1
1301297400000,1301297459000,61.438,61.442,61.416,61.417,71000000,1
1301297460000,1301297519000,61.417,61.417,61.407,61.408,69000000,1
1301297520000,1301297579000,61.408,61.41,61.39,61.398,113000000,1
1301297580000,1301297639000,61.397,61.423,61.397,61.409,79000000,1
1301297640000,1301297699000,61.41,61.417,61.397,61.408,106000000,1
1301297700000,1301297759000,61.408,61.458,61.408,61.458,207000000,1
1301297760000,1301297819000,61.458,61.478,61.447,61.478,105000000,1
1301297820000,1301297879000,61.478,61.479,61.458,61.462,126000000,1
1301297880000,1301297939000,61.46,61.498,61.458,61.467,176000000,1
1301297940000,1301297999000,61.468,61.492,61.451,61.477,176000000,1
1301298000000,1301298059000,61.477,61.478,61.447,61.447,123000000,1
1301298060000,1301298119000,61.447,61.447,61.427,61.447,110000000,1
1301298120000,1301298179000,61.446,61.448,61.427,61.448,132000000,1
1301298180000,1301298239000,61.44,61.459,61.436,61.448,119000000,1
1301298240000,1301298299000,61.448,61.468,61.447,61.468,147000000,1
1301298300000,1301298359000,61.468,61.468,61.448,61.467,134000000,1
1301298360000,1301298419000,61.458,61.478,61.458,61.467,79000000,1
1301298420000,1301298479000,61.466,61.488,61.461,61.481,100000000,1
1301298480000,1301298539000,61.481,61.488,61.466,61.466,77000000,1
1301298540000,1301298599000,61.466,61.483,61.458,61.483,60000000,1
1301298600000,1301298659000,61.489,61.507,61.489,61.498,84000000,1
1301298660000,1301298719000,61.499,61.527,61.499,61.518,89000000,1
1301298720000,1301298779000,61.517,61.529,61.508,61.519,102000000,1
1301298780000,1301298839000,61.518,61.527,61.507,61.508,113000000,1
1301298840000,1301298899000,61.513,61.518,61.507,61.508,50000000,1
1301298900000,1301298959000,61.508,61.518,61.498,61.518,127000000,1
1301298960000,1301299019000,61.518,61.519,61.508,61.518,45000000,1
1301299020000,1301299079000,61.518,61.528,61.514,61.526,102000000,1
1301299080000,1301299139000,61.519,61.527,61.507,61.507,113000000,1
1301299140000,1301299199000,61.507,61.528,61.507,61.526,87000000,1
1301299200000,1301299259000,61.527,61.536,61.518,61.518,102000000,1
1301299260000,1301299319000,61.521,61.525,61.503,61.507,84000000,1
1301299320000,1301299379000,61.507,61.517,61.507,61.517,49000000,1
1301299380000,1301299439000,61.518,61.528,61.499,61.507,97000000,1
1301299440000,1301299499000,61.507,61.548,61.498,61.528,109000000,1
1301299500000,1301299559000,61.528,61.531,61.509,61.518,175000000,1
1301299560000,1301299619000,61.518,61.561,61.518,61.558,120000000,1
1301299620000,1301299679000,61.559,61.569,61.537,61.537,108000000,1
1301299680000,1301299739000,61.537,61.547,61.533,61.533,92000000,1
1301299740000,1301299799000,61.529,61.537,61.52,61.527,37000000,1
1301299800000,1301299859000,61.527,61.527,61.516,61.516,60000000,1
1301299860000,1301299919000,61.508,61.508,61.506,61.507,23000000,1
1301299920000,1301299979000,61.506,61.51,61.488,61.507,66000000,1
1301299980000,1301300039000,61.508,61.517,61.498,61.509,70000000,1
1301300040000,1301300099000,61.507,61.51,61.486,61.488,101000000,1
1301300100000,1301300159000,61.488,61.497,61.467,61.467,54000000,1
1301300160000,1301300219000,61.468,61.48,61.466,61.478,97000000,1
1301300220000,1301300279000,61.477,61.488,61.468,61.488,117000000,1
1301300280000,1301300339000,61.489,61.518,61.486,61.496,166000000,1
1301300340000,1301300399000,61.488,61.488,61.476,61.488,92000000,1
1301300400000,1301300459000,61.488,61.508,61.487,61.492,82000000,1
1301300460000,1301300519000,61.487,61.497,61.477,61.478,119000000,1
1301300520000,1301300579000,61.478,61.487,61.459,61.477,105000000,1
1301300580000,1301300639000,61.477,61.478,61.469,61.477,73000000,1
1301300640000,1301300699000,61.48,61.487,61.471,61.477,89000000,1
1301300700000,1301300759000,61.476,61.478,61.476,61.478,19000000,1
1301300760000,1301300819000,61.478,61.478,61.477,61.477,13000000,1
1301300820000,1301300879000,61.477,61.497,61.477,61.497,66000000,1
1301300880000,1301300939000,61.497,61.497,61.477,61.493,144000000,1
1301300940000,1301300999000,61.498,61.498,61.477,61.488,94000000,1
1301301000000,1301301059000,61.488,61.508,61.487,61.508,47000000,1
1301301060000,1301301119000,61.506,61.506,61.457,61.476,120000000,1
1301301120000,1301301179000,61.476,61.478,61.468,61.478,56000000,1
1301301180000,1301301239000,61.478,61.486,61.475,61.477,79000000,1
1301301240000,1301301299000,61.477,61.488,61.468,61.468,60000000,1
1301301300000,1301301359000,61.466,61.478,61.458,61.477,65000000,1
1301301360000,1301301419000,61.477,61.488,61.476,61.486,53000000,1
1301301420000,1301301479000,61.486,61.486,61.467,61.471,41000000,1
1301301480000,1301301539000,61.471,61.471,61.456,61.457,54000000,1
1301301540000,1301301599000,61.457,61.457,61.437,61.448,118000000,1
1301301600000,1301301659000,61.456,61.458,61.436,61.436,72000000,1
1301301660000,1301301719000,61.436,61.438,61.409,61.417,91000000,1
1301301720000,1301301779000,61.407,61.417,61.406,61.408,87000000,1
1301301780000,1301301839000,61.411,61.411,61.39,61.407,102000000,1
1301301840000,1301301899000,61.406,61.407,61.368,61.379,115000000,1
1301301900000,1301301959000,61.379,61.394,61.376,61.393,71000000,1
1301301960000,1301302019000,61.393,61.398,61.382,61.394,117000000,1
1301302020000,1301302079000,61.394,61.407,61.394,61.407,46000000,1
1301302080000,1301302139000,61.407,61.437,61.398,61.416,119000000,1
1301302140000,1301302199000,61.416,61.417,61.406,61.408,25000000,1
1301302200000,1301302259000,61.409,61.417,61.396,61.396,60000000,1
1301302260000,1301302319000,61.396,61.397,61.37,61.377,103000000,1
1301302320000,1301302379000,61.377,61.388,61.367,61.367,164000000,1
1301302380000,1301302439000,61.37,61.377,61.348,61.353,87000000,1
1301302440000,1301302499000,61.353,61.378,61.347,61.367,178000000,1
1301302500000,1301302559000,61.368,61.368,61.307,61.317,137000000,1
1301302560000,1301302619000,61.311,61.32,61.277,61.317,163000000,1
1301302620000,1301302679000,61.317,61.317,61.288,61.288,43000000,1
1301302680000,1301302739000,61.288,61.288,61.2,61.225,146000000,1
1301302740000,1301302799000,61.226,61.248,61.225,61.226,169000000,1
1301302800000,1301302859000,61.218,61.279,61.216,61.279,206000000,1
1301302860000,1301302919000,61.286,61.288,61.267,61.267,77000000,1
1301302920000,1301302979000,61.267,61.306,61.267,61.3,53000000,1
1301302980000,1301303039000,61.306,61.307,61.277,61.286,73000000,1
1301303040000,1301303099000,61.286,61.316,61.286,61.316,60000000,1
1301303100000,1301303159000,61.307,61.328,61.298,61.308,118000000,1
1301303160000,1301303219000,61.306,61.338,61.299,61.338,71000000,1
1301303220000,1301303279000,61.338,61.338,61.318,61.328,115000000,1
1301303280000,1301303339000,61.328,61.348,61.327,61.348,94000000,1
1301303340000,1301303399000,61.348,61.358,61.347,61.348,75000000,1
1301303400000,1301303459000,61.348,61.388,61.337,61.38,164000000,1
1301303460000,1301303519000,61.378,61.397,61.377,61.378,96000000,1
1301303520000,1301303579000,61.378,61.378,61.357,61.368,49000000,1
1301303580000,1301303639000,61.368,61.369,61.348,61.348,57000000,1
1301303640000,1301303699000,61.35,61.368,61.35,61.368,58000000,1
1301303700000,1301303759000,61.368,61.388,61.318,61.339,215000000,1
1301303760000,1301303819000,61.344,61.369,61.344,61.367,103000000,1
1301303820000,1301303879000,61.367,61.368,61.346,61.351,95000000,1
1301303880000,1301303939000,61.351,61.377,61.338,61.371,114000000,1
1301303940000,1301303999000,61.368,61.387,61.346,61.346,155000000,1
1301304000000,1301304059000,61.346,61.348,61.337,61.346,70000000,1
1301304060000,1301304119000,61.346,61.356,61.329,61.356,71000000,1
1301304120000,1301304179000,61.357,61.358,61.346,61.348,37000000,1
1301304180000,1301304239000,61.348,61.358,61.337,61.337,79000000,1
1301304240000,1301304299000,61.337,61.347,61.337,61.347,25000000,1
1301304300000,1301304359000,61.347,61.359,61.347,61.348,117000000,1
1301304360000,1301304419000,61.348,61.348,61.342,61.347,31000000,1
1301304420000,1301304479000,61.339,61.347,61.308,61.308,72000000,1
1301304480000,1301304539000,61.308,61.318,61.301,61.316,109000000,1
1301304540000,1301304599000,61.316,61.338,61.316,61.319,111000000,1
1301304600000,1301304659000,61.317,61.328,61.308,61.328,72000000,1
1301304660000,1301304719000,61.328,61.328,61.3,61.307,55000000,1
1301304720000,1301304779000,61.306,61.318,61.297,61.307,85000000,1
1301304780000,1301304839000,61.307,61.319,61.307,61.316,57000000,1
1301304840000,1301304899000,61.316,61.316,61.287,61.287,89000000,1
1301304900000,1301304959000,61.287,61.29,61.277,61.281,98000000,1
1301304960000,1301305019000,61.281,61.297,61.276,61.278,116000000,1
1301305020000,1301305079000,61.278,61.308,61.278,61.307,96000000,1
1301305080000,1301305139000,61.307,61.327,61.298,61.327,178000000,1
1301305140000,1301305199000,61.327,61.328,61.287,61.298,165000000,1
1301305200000,1301305259000,61.298,61.298,61.268,61.268,116000000,1
1301305260000,1301305319000,61.267,61.287,61.258,61.278,120000000,1
1301305320000,1301305379000,61.278,61.278,61.247,61.248,116000000,1
1301305380000,1301305439000,61.248,61.269,61.248,61.268,102000000,1
1301305440000,1301305499000,61.264,61.277,61.257,61.257,93000000,1
1301305500000,1301305559000,61.257,61.26,61.247,61.258,82000000,1
1301305560000,1301305619000,61.261,61.265,61.257,61.259,63000000,1
1301305620000,1301305679000,61.258,61.277,61.258,61.271,56000000,1
1301305680000,1301305739000,61.277,61.293,61.259,61.267,101000000,1
1301305740000,1301305799000,61.267,61.268,61.257,61.267,62000000,1
1301305800000,1301305859000,61.267,61.278,61.257,61.277,105000000,1
1301305860000,1301305919000,61.277,61.288,61.277,61.277,86000000,1
1301305920000,1301305979000,61.277,61.288,61.267,61.268,55000000,1
1301305980000,1301306039000,61.268,61.268,61.257,61.268,69000000,1
1301306040000,1301306099000,61.268,61.268,61.238,61.258,87000000,1
1301306100000,1301306159000,61.258,61.258,61.247,61.258,63000000,1
1301306160000,1301306219000,61.257,61.268,61.246,61.257,82000000,1
1301306220000,1301306279000,61.257,61.258,61.237,61.246,128000000,1
1301306280000,1301306339000,61.246,61.268,61.246,61.268,110000000,1
1301306340000,1301306399000,61.276,61.298,61.276,61.298,104000000,1
1301306400000,1301306459000,61.298,61.298,61.256,61.258,190000000,1
1301306460000,1301306519000,61.26,61.26,61.237,61.237,80000000,1
1301306520000,1301306579000,61.247,61.248,61.237,61.246,62000000,1
1301306580000,1301306639000,61.247,61.261,61.236,61.246,69000000,1
1301306640000,1301306699000,61.246,61.246,61.227,61.237,78000000,1
1301306700000,1301306759000,61.237,61.237,61.216,61.218,102000000,1
1301306760000,1301306819000,61.218,61.227,61.198,61.208,74000000,1
1301306820000,1301306879000,61.208,61.238,61.208,61.238,79000000,1
1301306880000,1301306939000,61.238,61.267,61.238,61.267,84000000,1
1301306940000,1301306999000,61.267,61.278,61.267,61.278,56000000,1
1301307000000,1301307059000,61.277,61.278,61.276,61.278,13000000,1
1301307060000,1301307119000,61.277,61.278,61.257,61.257,72000000,1
1301307120000,1301307179000,61.256,61.268,61.254,61.259,73000000,1
1301307180000,1301307239000,61.258,61.267,61.258,61.267,29000000,1
1301307240000,1301307299000,61.267,61.267,61.256,61.257,22000000,1
1301307300000,1301307359000,61.257,61.257,61.247,61.247,16000000,1
1301307360000,1301307419000,61.246,61.248,61.238,61.248,87000000,1
1301307420000,1301307479000,61.248,61.248,61.236,61.248,38000000,1
1301307480000,1301307539000,61.24,61.271,61.238,61.27,99000000,1
1301307540000,1301307599000,61.27,61.297,61.257,61.268,105000000,1
1301307600000,1301307659000,61.268,61.288,61.248,61.248,100000000,1
1301307660000,1301307719000,61.247,61.268,61.247,61.26,93000000,1
1301307720000,1301307779000,61.258,61.271,61.257,61.257,56000000,1
1301307780000,1301307839000,61.266,61.266,61.247,61.247,76000000,1
1301307840000,1301307899000,61.24,61.24,61.236,61.238,69000000,1
1301307900000,1301307959000,61.238,61.247,61.227,61.241,40000000,1
1301307960000,1301308019000,61.24,61.247,61.237,61.238,98000000,1
1301308020000,1301308079000,61.238,61.268,61.237,61.267,83000000,1
1301308080000,1301308139000,61.267,61.278,61.267,61.278,57000000,1
1301308140000,1301308199000,61.278,61.278,61.247,61.249,83000000,1
1301308200000,1301308259000,61.247,61.25,61.237,61.237,65000000,1
1301308260000,1301308319000,61.237,61.247,61.23,61.244,44000000,1
1301308320000,1301308379000,61.247,61.248,61.24,61.247,45000000,1
1301308380000,1301308439000,61.247,61.249,61.237,61.237,70000000,1
1301308440000,1301308499000,61.237,61.268,61.237,61.261,35000000,1
1301308500000,1301308559000,61.263,61.298,61.262,61.287,71000000,1
1301308560000,1301308619000,61.288,61.288,61.271,61.281,164000000,1
1301308620000,1301308679000,61.278,61.282,61.27,61.27,62000000,1
1301308680000,1301308739000,61.27,61.291,61.269,61.288,75000000,1
1301308740000,1301308799000,61.287,61.29,61.267,61.267,33000000,1
1301308800000,1301308859000,61.267,61.278,61.241,61.277,91000000,1
1301308860000,1301308919000,61.277,61.278,61.257,61.257,116000000,1
1301308920000,1301308979000,61.267,61.278,61.267,61.267,94000000,1
1301308980000,1301309039000,61.267,61.277,61.257,61.257,56000000,1
1301309040000,1301309099000,61.257,61.269,61.257,61.257,109000000,1
1301309100000,1301309159000,61.257,61.258,61.256,61.258,25000000,1
1301309160000,1301309219000,61.268,61.268,61.238,61.247,69000000,1
1301309220000,1301309279000,61.249,61.258,61.247,61.258,18000000,1
1301309280000,1301309339000,61.258,61.268,61.243,61.258,87000000,1
1301309340000,1301309399000,61.258,61.271,61.247,61.268,84000000,1
1301309400000,1301309459000,61.27,61.27,61.267,61.267,57000000,1
1301309460000,1301309519000,61.267,61.268,61.267,61.267,29000000,1
1301309520000,1301309579000,61.267,61.288,61.266,61.27,56000000,1
1301309580000,1301309639000,61.269,61.287,61.267,61.268,47000000,1
1301309640000,1301309699000,61.268,61.288,61.268,61.269,51000000,1
1301309700000,1301309759000,61.269,61.288,61.269,61.278,60000000,1
1301309760000,1301309819000,61.277,61.288,61.277,61.278,64000000,1
1301309820000,1301309879000,61.281,61.288,61.266,61.268,99000000,1
1301309880000,1301309939000,61.267,61.269,61.258,61.26,62000000,1
1301309940000,1301309999000,61.26,61.278,61.258,61.261,67000000,1
1301310000000,1301310059000,61.261,61.277,61.259,61.266,107000000,1
1301310060000,1301310119000,61.266,61.298,61.266,61.296,85000000,1
1301310120000,1301310179000,61.297,61.307,61.272,61.307,126000000,1
1301310180000,1301310239000,61.307,61.318,61.298,61.307,98000000,1
1301310240000,1301310299000,61.315,61.318,61.298,61.298,87000000,1
1301310300000,1301310359000,61.298,61.318,61.298,61.318,46000000,1
1301310360000,1301310419000,61.308,61.328,61.306,61.317,63000000,1
1301310420000,1301310479000,61.317,61.328,61.317,61.323,24000000,1
1301310480000,1301310539000,61.322,61.328,61.297,61.297,94000000,1
1301310540000,1301310599000,61.296,61.317,61.296,61.307,57000000,1
1301310600000,1301310659000,61.307,61.317,61.306,61.317,43000000,1
1301310660000,1301310719000,61.323,61.338,61.317,61.338,88000000,1
1301310720000,1301310779000,61.338,61.338,61.328,61.328,24000000,1
1301310780000,1301310839000,61.33,61.348,61.33,61.348,62000000,1
1301310840000,1301310899000,61.348,61.348,61.306,61.307,96000000,1
1301310900000,1301310959000,61.307,61.308,61.306,61.308,8000000,1
1301310960000,1301311019000,61.306,61.307,61.297,61.306,56000000,1
1301311020000,1301311079000,61.298,61.307,61.288,61.307,49000000,1
1301311080000,1301311139000,61.306,61.308,61.278,61.308,117000000,1
1301311140000,1301311199000,61.308,61.317,61.301,61.306,60000000,1
1301311200000,1301311259000,61.297,61.314,61.286,61.286,79000000,1
1301311260000,1301311319000,61.286,61.287,61.277,61.287,53000000,1
1301311320000,1301311379000,61.287,61.287,61.276,61.277,46000000,1
1301311380000,1301311439000,61.276,61.288,61.276,61.287,60000000,1
1301311440000,1301311499000,61.286,61.286,61.257,61.257,77000000,1
1301311500000,1301311559000,61.257,61.267,61.257,61.257,38000000,1
1301311560000,1301311619000,61.257,61.278,61.257,61.267,85000000,1
1301311620000,1301311679000,61.256,61.268,61.246,61.256,96000000,1
1301311680000,1301311739000,61.256,61.308,61.256,61.299,147000000,1
1301311740000,1301311799000,61.303,61.318,61.303,61.316,41000000,1
1301311800000,1301311859000,61.316,61.339,61.298,61.333,94000000,1
1301311860000,1301311919000,61.334,61.347,61.328,61.337,55000000,1
1301311920000,1301311979000,61.336,61.336,61.328,61.328,29000000,1
1301311980000,1301312039000,61.328,61.328,61.301,61.301,66000000,1
1301312040000,1301312099000,61.301,61.308,61.287,61.292,70000000,1
1301312100000,1301312159000,61.291,61.3,61.291,61.3,71000000,1
1301312160000,1301312219000,61.3,61.309,61.279,61.279,95000000,1
1301312220000,1301312279000,61.286,61.286,61.267,61.267,42000000,1
1301312280000,1301312339000,61.267,61.269,61.25,61.263,116000000,1
1301312340000,1301312399000,61.268,61.278,61.259,61.269,67000000,1
1301312400000,1301312459000,61.271,61.297,61.257,61.257,170000000,1
1301312460000,1301312519000,61.258,61.268,61.258,61.268,34000000,1
1301312520000,1301312579000,61.272,61.288,61.272,61.278,67000000,1
1301312580000,1301312639000,61.278,61.287,61.277,61.287,38000000,1
1301312640000,1301312699000,61.288,61.294,61.287,61.29,25000000,1
1301312700000,1301312759000,61.289,61.289,61.248,61.248,61000000,1
1301312760000,1301312819000,61.247,61.249,61.246,61.249,18000000,1
1301312820000,1301312879000,61.249,61.249,61.248,61.248,23000000,1
1301312880000,1301312939000,61.248,61.267,61.247,61.248,56000000,1
1301312940000,1301312999000,61.248,61.259,61.237,61.238,61000000,1
1301313000000,1301313059000,61.238,61.254,61.236,61.253,29000000,1
1301313060000,1301313119000,61.253,61.254,61.253,61.253,39000000,1
1301313120000,1301313179000,61.253,61.257,61.248,61.249,55000000,1
1301313180000,1301313239000,61.249,61.256,61.233,61.248,79000000,1
1301313240000,1301313299000,61.248,61.258,61.248,61.252,42000000,1
1301313300000,1301313359000,61.253,61.265,61.253,61.259,44000000,1
1301313360000,1301313419000,61.258,61.277,61.258,61.267,48000000,1
1301313420000,1301313479000,61.267,61.278,61.257,61.258,68000000,1
1301313480000,1301313539000,61.258,61.268,61.257,61.258,70000000,1
1301313540000,1301313599000,61.258,61.268,61.257,61.267,73000000,1
1301313600000,1301313659000,61.26,61.276,61.238,61.247,108000000,1
1301313660000,1301313719000,61.247,61.247,61.229,61.229,55000000,1
1301313720000,1301313779000,61.229,61.24,61.227,61.237,80000000,1
1301313780000,1301313839000,61.237,61.238,61.231,61.238,28000000,1
1301313840000,1301313899000,61.238,61.248,61.237,61.237,29000000,1
1301313900000,1301313959000,61.237,61.237,61.216,61.218,62000000,1
1301313960000,1301314019000,61.218,61.228,61.217,61.228,48000000,1
1301314020000,1301314079000,61.228,61.238,61.227,61.238,54000000,1
1301314080000,1301314139000,61.238,61.248,61.238,61.241,53000000,1
1301314140000,1301314199000,61.242,61.248,61.235,61.248,60000000,1
1301314200000,1301314259000,61.249,61.259,61.248,61.249,80000000,1
1301314260000,1301314319000,61.247,61.247,61.237,61.237,62000000,1
1301314320000,1301314379000,61.236,61.236,61.217,61.218,91000000,1
1301314380000,1301314439000,61.218,61.218,61.217,61.218,17000000,1
1301314440000,1301314499000,61.208,61.238,61.208,61.237,78000000,1
1301314500000,1301314559000,61.237,61.238,61.217,61.238,67000000,1
1301314560000,1301314619000,61.238,61.238,61.237,61.238,12000000,1
1301314620000,1301314679000,61.238,61.247,61.227,61.247,77000000,1
1301314680000,1301314739000,61.247,61.258,61.246,61.258,45000000,1
1301314740000,1301314799000,61.258,61.26,61.247,61.247,33000000,1
1301314800000,1301314859000,61.246,61.289,61.246,61.288,160000000,1
1301314860000,1301314919000,61.287,61.298,61.267,61.267,119000000,1
1301314920000,1301314979000,61.267,61.287,61.267,61.277,72000000,1
1301314980000,1301315039000,61.277,61.278,61.267,61.267,38000000,1
1301315040000,1301315099000,61.267,61.268,61.252,61.257,109000000,1
1301315100000,1301315159000,61.259,61.268,61.247,61.267,108000000,1
1301315160000,1301315219000,61.268,61.307,61.268,61.307,86000000,1
1301315220000,1301315279000,61.307,61.309,61.307,61.307,56000000,1
1301315280000,1301315339000,61.307,61.32,61.287,61.287,114000000,1
1301315340000,1301315399000,61.288,61.298,61.277,61.296,44000000,1
1301315400000,1301315459000,61.296,61.307,61.269,61.295,156000000,1
1301315460000,1301315519000,61.295,61.306,61.288,61.294,110000000,1
1301315520000,1301315579000,61.295,61.325,61.292,61.325,139000000,1
1301315580000,1301315639000,61.325,61.342,61.317,61.339,155000000,1
1301315640000,1301315699000,61.338,61.347,61.325,61.33,195000000,1
1301315700000,1301315759000,61.328,61.352,61.328,61.346,146000000,1
1301315760000,1301315819000,61.342,61.348,61.339,61.347,58000000,1
1301315820000,1301315879000,61.348,61.348,61.317,61.325,129000000,1
1301315880000,1301315939000,61.32,61.337,61.318,61.33,108000000,1
1301315940000,1301315999000,61.328,61.332,61.315,61.316,115000000,1
1301316000000,1301316059000,61.316,61.335,61.307,61.335,153000000,1
1301316060000,1301316119000,61.336,61.336,61.307,61.31,105000000,1
1301316120000,1301316179000,61.315,61.345,61.312,61.344,111000000,1
1301316180000,1301316239000,61.343,61.367,61.333,61.355,126000000,1
1301316240000,1301316299000,61.356,61.374,61.347,61.347,79000000,1
1301316300000,1301316359000,61.346,61.357,61.342,61.346,99000000,1
1301316360000,1301316419000,61.346,61.354,61.346,61.349,104000000,1
1301316420000,1301316479000,61.35,61.386,61.35,61.384,110000000,1
1301316480000,1301316539000,61.385,61.401,61.357,61.357,177000000,1
1301316540000,1301316599000,61.352,61.362,61.338,61.347,112000000,1
1301316600000,1301316659000,61.349,61.359,61.346,61.356,68000000,1
1301316660000,1301316719000,61.356,61.366,61.356,61.357,86000000,1
1301316720000,1301316779000,61.358,61.368,61.358,61.367,54000000,1
1301316780000,1301316839000,61.367,61.372,61.356,61.367,137000000,1
1301316840000,1301316899000,61.367,61.386,61.361,61.362,115000000,1
1301316900000,1301316959000,61.361,61.367,61.352,61.366,100000000,1
1301316960000,1301317019000,61.357,61.36,61.34,61.347,66000000,1
1301317020000,1301317079000,61.341,61.361,61.336,61.336,170000000,1
1301317080000,1301317139000,61.336,61.368,61.336,61.359,181000000,1
1301317140000,1301317199000,61.361,61.386,61.361,61.374,134000000,1
1301317200000,1301317259000,61.376,61.39,61.376,61.387,126000000,1
1301317260000,1301317319000,61.388,61.391,61.386,61.391,72000000,1
1301317320000,1301317379000,61.391,61.408,61.383,61.398,127000000,1
1301317380000,1301317439000,61.398,61.398,61.369,61.377,84000000,1
1301317440000,1301317499000,61.377,61.384,61.352,61.361,66000000,1
1301317500000,1301317559000,61.359,61.361,61.337,61.341,107000000,1
1301317560000,1301317619000,61.342,61.367,61.337,61.346,118000000,1
1301317620000,1301317679000,61.345,61.347,61.338,61.347,61000000,1
1301317680000,1301317739000,61.347,61.351,61.342,61.344,84000000,1
1301317740000,1301317799000,61.343,61.343,61.326,61.331,62000000,1
1301317800000,1301317859000,61.33,61.358,61.33,61.356,174000000,1
1301317860000,1301317919000,61.355,61.362,61.346,61.35,131000000,1
1301317920000,1301317979000,61.35,61.352,61.343,61.347,68000000,1
1301317980000,1301318039000,61.349,61.353,61.345,61.35,76000000,1
1301318040000,1301318099000,61.353,61.367,61.352,61.364,58000000,1
1301318100000,1301318159000,61.363,61.363,61.356,61.357,44000000,1
1301318160000,1301318219000,61.363,61.365,61.34,61.342,29000000,1
1301318220000,1301318279000,61.348,61.349,61.34,61.344,54000000,1
1301318280000,1301318339000,61.342,61.349,61.337,61.34,72000000,1
1301318340000,1301318399000,61.338,61.343,61.333,61.34,66000000,1
1301318400000,1301318459000,61.339,61.347,61.339,61.342,46000000,1
1301318460000,1301318519000,61.34,61.344,61.327,61.332,49000000,1
1301318520000,1301318579000,61.338,61.342,61.33,61.339,96000000,1
1301318580000,1301318639000,61.336,61.338,61.329,61.335,72000000,1
1301318640000,1301318699000,61.332,61.341,61.329,61.341,41000000,1
1301318700000,1301318759000,61.34,61.342,61.323,61.327,70000000,1
1301318760000,1301318819000,61.327,61.337,61.317,61.317,85000000,1
1301318820000,1301318879000,61.319,61.324,61.309,61.317,135000000,1
1301318880000,1301318939000,61.317,61.324,61.308,61.309,84000000,1
1301318940000,1301318999000,61.308,61.323,61.297,61.308,206000000,1
1301319000000,1301319059000,61.308,61.32,61.298,61.32,199000000,1
1301319060000,1301319119000,61.321,61.326,61.311,61.317,133000000,1
1301319120000,1301319179000,61.317,61.338,61.308,61.326,112000000,1
1301319180000,1301319239000,61.326,61.337,61.317,61.326,81000000,1
1301319240000,1301319299000,61.324,61.337,61.321,61.336,89000000,1
1301319300000,1301319359000,61.336,61.346,61.331,61.338,96000000,1
1301319360000,1301319419000,61.338,61.346,61.333,61.338,64000000,1
1301319420000,1301319479000,61.337,61.346,61.333,61.34,68000000,1
1301319480000,1301319539000,61.347,61.359,61.338,61.358,84000000,1
1301319540000,1301319599000,61.358,61.368,61.345,61.357,158000000,1
1301319600000,1301319659000,61.361,61.37,61.356,61.37,150000000,1
1301319660000,1301319719000,61.369,61.376,61.367,61.376,94000000,1
1301319720000,1301319779000,61.378,61.379,61.368,61.37,78000000,1
1301319780000,1301319839000,61.366,61.397,61.366,61.397,133000000,1
1301319840000,1301319899000,61.397,61.397,61.376,61.385,176000000,1
1301319900000,1301319959000,61.384,61.39,61.376,61.388,88000000,1
1301319960000,1301320019000,61.386,61.389,61.369,61.378,108000000,1
1301320020000,1301320079000,61.378,61.383,61.367,61.367,123000000,1
1301320080000,1301320139000,61.367,61.368,61.351,61.351,91000000,1
1301320140000,1301320199000,61.352,61.355,61.319,61.319,110000000,1
1301320200000,1301320259000,61.32,61.323,61.307,61.321,63000000,1
1301320260000,1301320319000,61.318,61.324,61.306,61.317,98000000,1
1301320320000,1301320379000,61.318,61.328,61.309,61.316,79000000,1
1301320380000,1301320439000,61.308,61.335,61.288,61.32,119000000,1
1301320440000,1301320499000,61.319,61.33,61.307,61.313,123000000,1
1301320500000,1301320559000,61.31,61.31,61.29,61.308,134000000,1
1301320560000,1301320619000,61.308,61.324,61.306,61.319,140000000,1
1301320620000,1301320679000,61.317,61.331,61.311,61.319,119000000,1
1301320680000,1301320739000,61.32,61.329,61.299,61.326,172000000,1
1301320740000,1301320799000,61.326,61.344,61.317,61.317,80000000,1
1301320800000,1301320859000,61.317,61.347,61.317,61.326,79000000,1
1301320860000,1301320919000,61.324,61.334,61.307,61.307,137000000,1
1301320920000,1301320979000,61.308,61.308,61.292,61.303,77000000,1
1301320980000,1301321039000,61.304,61.326,61.301,61.326,122000000,1
1301321040000,1301321099000,61.327,61.338,61.321,61.327,131000000,1
1301321100000,1301321159000,61.327,61.328,61.317,61.317,83000000,1
1301321160000,1301321219000,61.318,61.337,61.318,61.327,88000000,1
1301321220000,1301321279000,61.328,61.34,61.326,61.327,117000000,1
1301321280000,1301321339000,61.332,61.342,61.32,61.333,165000000,1
1301321340000,1301321399000,61.335,61.337,61.306,61.337,113000000,1
1301321400000,1301321459000,61.338,61.342,61.33,61.342,59000000,1
1301321460000,1301321519000,61.342,61.352,61.336,61.342,107000000,1
1301321520000,1301321579000,61.344,61.344,61.307,61.319,128000000,1
1301321580000,1301321639000,61.32,61.362,61.297,61.351,171000000,1
1301321640000,1301321699000,61.35,61.393,61.346,61.392,132000000,1
1301321700000,1301321759000,61.391,61.415,61.383,61.402,179000000,1
1301321760000,1301321819000,61.403,61.403,61.369,61.39,152000000,1
1301321820000,1301321879000,61.391,61.393,61.376,61.387,161000000,1
1301321880000,1301321939000,61.385,61.415,61.375,61.407,134000000,1
1301321940000,1301321999000,61.409,61.413,61.397,61.406,94000000,1
1301322000000,1301322059000,61.404,61.414,61.388,61.412,130000000,1
1301322060000,1301322119000,61.41,61.41,61.392,61.396,79000000,1
1301322120000,1301322179000,61.395,61.417,61.391,61.398,159000000,1
1301322180000,1301322239000,61.398,61.398,61.371,61.375,51000000,1
1301322240000,1301322299000,61.374,61.38,61.36,61.369,131000000,1
1301322300000,1301322359000,61.368,61.38,61.367,61.38,122000000,1
1301322360000,1301322419000,61.382,61.4,61.378,61.381,140000000,1
1301322420000,1301322479000,61.383,61.387,61.37,61.373,85000000,1
1301322480000,1301322539000,61.374,61.378,61.343,61.347,150000000,1
1301322540000,1301322599000,61.349,61.357,61.329,61.347,122000000,1
1301322600000,1301322659000,61.347,61.347,61.306,61.317,202000000,1
1301322660000,1301322719000,61.317,61.34,61.311,61.323,191000000,1
1301322720000,1301322779000,61.323,61.351,61.319,61.344,147000000,1
1301322780000,1301322839000,61.346,61.368,61.343,61.348,179000000,1
1301322840000,1301322899000,61.347,61.356,61.34,61.343,148000000,1
1301322900000,1301322959000,61.346,61.36,61.339,61.349,129000000,1
1301322960000,1301323019000,61.352,61.372,61.348,61.357,112000000,1
1301323020000,1301323079000,61.357,61.387,61.357,61.378,200000000,1
1301323080000,1301323139000,61.381,61.388,61.358,61.358,98000000,1
1301323140000,1301323199000,61.359,61.359,61.339,61.341,111000000,1
1301323200000,1301323259000,61.342,61.368,61.342,61.359,123000000,1
1301323260000,1301323319000,61.361,61.364,61.34,61.356,117000000,1
1301323320000,1301323379000,61.358,61.366,61.35,61.353,83000000,1
1301323380000,1301323439000,61.353,61.357,61.338,61.34,89000000,1
1301323440000,1301323499000,61.348,61.367,61.344,61.363,73000000,1
1301323500000,1301323559000,61.363,61.375,61.353,61.374,145000000,1
1301323560000,1301323619000,61.372,61.383,61.37,61.374,117000000,1
1301323620000,1301323679000,61.372,61.378,61.368,61.374,131000000,1
1301323680000,1301323739000,61.37,61.379,61.361,61.375,166000000,1
1301323740000,1301323799000,61.375,61.388,61.368,61.377,187000000,1
1301323800000,1301323859000,61.377,61.389,61.368,61.383,228000000,1
1301323860000,1301323919000,61.379,61.388,61.37,61.374,223000000,1
1301323920000,1301323979000,61.372,61.372,61.348,61.35,169000000,1
1301323980000,1301324039000,61.351,61.353,61.338,61.343,185000000,1
1301324040000,1301324099000,61.342,61.348,61.326,61.335,110000000,1
1301324100000,1301324159000,61.335,61.348,61.33,61.348,153000000,1
1301324160000,1301324219000,61.35,61.357,61.336,61.347,126000000,1
1301324220000,1301324279000,61.348,61.403,61.347,61.403,125000000,1
1301324280000,1301324339000,61.407,61.42,61.397,61.418,161000000,1
1301324340000,1301324399000,61.417,61.467,61.407,61.457,262000000,1
1301324400000,1301324459000,61.457,61.478,61.457,61.476,279000000,1
1301324460000,1301324519000,61.474,61.476,61.433,61.451,158000000,1
1301324520000,1301324579000,61.449,61.461,61.436,61.457,155000000,1
1301324580000,1301324639000,61.457,61.487,61.454,61.476,118000000,1
1301324640000,1301324699000,61.472,61.482,61.469,61.475,101000000,1
1301324700000,1301324759000,61.47,61.475,61.462,61.464,124000000,1
1301324760000,1301324819000,61.462,61.472,61.461,61.463,67000000,1
1301324820000,1301324879000,61.464,61.466,61.457,61.465,61000000,1
1301324880000,1301324939000,61.467,61.471,61.441,61.463,132000000,1
1301324940000,1301324999000,61.462,61.467,61.458,61.465,66000000,1
1301325000000,1301325059000,61.466,61.471,61.458,61.458,103000000,1
1301325060000,1301325119000,61.461,61.465,61.456,61.463,59000000,1
1301325120000,1301325179000,61.473,61.511,61.46,61.496,148000000,1
1301325180000,1301325239000,61.499,61.548,61.49,61.538,135000000,1
1301325240000,1301325299000,61.539,61.556,61.538,61.55,110000000,1
1301325300000,1301325359000,61.562,61.565,61.548,61.559,119000000,1
1301325360000,1301325419000,61.561,61.599,61.56,61.57,151000000,1
1301325420000,1301325479000,61.57,61.574,61.541,61.547,138000000,1
1301325480000,1301325539000,61.539,61.542,61.517,61.529,158000000,1
1301325540000,1301325599000,61.531,61.559,61.531,61.544,133000000,1
1301325600000,1301325659000,61.546,61.587,61.541,61.587,226000000,1
1301325660000,1301325719000,61.589,61.61,61.587,61.589,135000000,1
1301325720000,1301325779000,61.589,61.64,61.588,61.627,228000000,1
1301325780000,1301325839000,61.621,61.626,61.61,61.623,102000000,1
1301325840000,1301325899000,61.621,61.624,61.615,61.616,62000000,1
1301325900000,1301325959000,61.617,61.625,61.606,61.623,64000000,1
1301325960000,1301326019000,61.624,61.624,61.595,61.595,85000000,1
1301326020000,1301326079000,61.594,61.594,61.574,61.586,98000000,1
1301326080000,1301326139000,61.587,61.592,61.587,61.592,42000000,1
1301326140000,1301326199000,61.595,61.605,61.589,61.605,52000000,1
1301326200000,1301326259000,61.603,61.605,61.593,61.603,46000000,1
1301326260000,1301326319000,61.601,61.61,61.596,61.608,41000000,1
1301326320000,1301326379000,61.607,61.619,61.601,61.611,73000000,1
1301326380000,1301326439000,61.615,61.668,61.615,61.667,140000000,1
1301326440000,1301326499000,61.664,61.69,61.654,61.68,252000000,1
1301326500000,1301326559000,61.68,61.682,61.636,61.647,159000000,1
1301326560000,1301326619000,61.647,61.674,61.627,61.639,171000000,1
1301326620000,1301326679000,61.64,61.643,61.627,61.627,123000000,1
1301326680000,1301326739000,61.63,61.649,61.616,61.629,95000000,1
1301326740000,1301326799000,61.631,61.641,61.618,61.618,66000000,1
1301326800000,1301326859000,61.62,61.622,61.604,61.618,81000000,1
1301326860000,1301326919000,61.615,61.621,61.609,61.616,68000000,1
1301326920000,1301326979000,61.616,61.647,61.616,61.636,85000000,1
1301326980000,1301327039000,61.638,61.639,61.615,61.623,87000000,1
1301327040000,1301327099000,61.624,61.624,61.608,61.612,111000000,1
1301327100000,1301327159000,61.614,61.614,61.596,61.604,92000000,1
1301327160000,1301327219000,61.603,61.603,61.577,61.595,97000000,1
1301327220000,1301327279000,61.594,61.595,61.566,61.577,87000000,1
1301327280000,1301327339000,61.577,61.596,61.576,61.589,101000000,1
1301327340000,1301327399000,61.591,61.604,61.572,61.572,93000000,1
1301327400000,1301327459000,61.569,61.58,61.551,61.58,110000000,1
1301327460000,1301327519000,61.578,61.593,61.575,61.587,115000000,1
1301327520000,1301327579000,61.587,61.602,61.586,61.598,91000000,1
1301327580000,1301327639000,61.599,61.602,61.598,61.602,52000000,1
1301327640000,1301327699000,61.602,61.606,61.588,61.589,85000000,1
1301327700000,1301327759000,61.595,61.6,61.593,61.597,49000000,1
1301327760000,1301327819000,61.597,61.611,61.591,61.597,99000000,1
1301327820000,1301327879000,61.597,61.599,61.585,61.599,52000000,1
1301327880000,1301327939000,61.599,61.599,61.579,61.58,95000000,1
1301327940000,1301327999000,61.58,61.594,61.579,61.594,85000000,1
1301328000000,1301328059000,61.592,61.596,61.584,61.593,75000000,1
1301328060000,1301328119000,61.594,61.61,61.587,61.608,121000000,1
1301328120000,1301328179000,61.61,61.62,61.604,61.618,38000000,1
1301328180000,1301328239000,61.618,61.647,61.617,61.647,115000000,1
1301328240000,1301328299000,61.652,61.678,61.639,61.642,136000000,1
1301328300000,1301328359000,61.64,61.646,61.633,61.633,124000000,1
1301328360000,1301328419000,61.639,61.641,61.607,61.608,101000000,1
1301328420000,1301328479000,61.608,61.617,61.606,61.607,49000000,1
1301328480000,1301328539000,61.607,61.607,61.577,61.587,44000000,1
1301328540000,1301328599000,61.587,61.603,61.58,61.602,76000000,1
1301328600000,1301328659000,61.602,61.617,61.601,61.617,65000000,1
1301328660000,1301328719000,61.617,61.617,61.611,61.617,24000000,1
1301328720000,1301328779000,61.617,61.618,61.609,61.609,35000000,1
1301328780000,1301328839000,61.608,61.626,61.603,61.612,52000000,1
1301328840000,1301328899000,61.612,61.625,61.612,61.625,25000000,1
1301328900000,1301328959000,61.628,61.629,61.625,61.625,17000000,1
1301328960000,1301329019000,61.627,61.627,61.626,61.626,12000000,1
1301329020000,1301329079000,61.627,61.629,61.626,61.627,12000000,1
1301329080000,1301329139000,61.626,61.628,61.626,61.628,11000000,1
1301329140000,1301329199000,61.628,61.634,61.628,61.634,21000000,1
1301329200000,1301329259000,61.635,61.639,61.624,61.629,58000000,1
1301329260000,1301329319000,61.63,61.63,61.62,61.621,38000000,1
1301329320000,1301329379000,61.621,61.638,61.621,61.638,46000000,1
1301329380000,1301329439000,61.638,61.638,61.628,61.631,44000000,1
1301329440000,1301329499000,61.633,61.66,61.633,61.656,71000000,1
1301329500000,1301329559000,61.654,61.668,61.646,61.658,80000000,1
1301329560000,1301329619000,61.658,61.658,61.654,61.657,26000000,1
1301329620000,1301329679000,61.651,61.652,61.638,61.643,41000000,1
1301329680000,1301329739000,61.643,61.646,61.638,61.642,25000000,1
1301329740000,1301329799000,61.646,61.646,61.636,61.637,20000000,1
1301329800000,1301329859000,61.638,61.648,61.636,61.647,31000000,1
1301329860000,1301329919000,61.646,61.66,61.646,61.66,19000000,1
1301329920000,1301329979000,61.657,61.658,61.652,61.653,31000000,1
1301329980000,1301330039000,61.654,61.654,61.647,61.653,20000000,1
1301330040000,1301330099000,61.655,61.656,61.628,61.637,55000000,1
1301330100000,1301330159000,61.632,61.647,61.629,61.647,41000000,1
1301330160000,1301330219000,61.647,61.647,61.631,61.646,50000000,1
1301330220000,1301330279000,61.647,61.657,61.647,61.652,44000000,1
1301330280000,1301330339000,61.652,61.652,61.637,61.64,62000000,1
1301330340000,1301330399000,61.64,61.641,61.627,61.636,36000000,1
1301330400000,1301330459000,61.635,61.638,61.627,61.627,18000000,1
1301330460000,1301330519000,61.628,61.63,61.623,61.627,25000000,1
1301330520000,1301330579000,61.627,61.629,61.626,61.629,21000000,1
1301330580000,1301330639000,61.628,61.628,61.612,61.612,23000000,1
1301330640000,1301330699000,61.612,61.612,61.609,61.609,4000000,1
1301330700000,1301330759000,61.609,61.609,61.609,61.609,4000000,1
1301330760000,1301330819000,61.612,61.612,61.612,61.612,2000000,1
1301330820000,1301330879000,61.61,61.612,61.599,61.599,22000000,1
1301330880000,1301330939000,61.603,61.609,61.603,61.609,43000000,1
1301330940000,1301330999000,61.613,61.627,61.612,61.623,51000000,1
1301331000000,1301331059000,61.628,61.628,61.607,61.623,71000000,1
1301331060000,1301331119000,61.622,61.623,61.607,61.611,32000000,1
1301331120000,1301331179000,61.608,61.614,61.607,61.613,31000000,1
1301331180000,1301331239000,61.613,61.623,61.613,61.618,33000000,1
1301331240000,1301331299000,61.617,61.618,61.616,61.616,13000000,1
1301331300000,1301331359000,61.616,61.628,61.616,61.623,72000000,1
1301331360000,1301331419000,61.624,61.635,61.62,61.631,86000000,1
1301331420000,1301331479000,61.629,61.629,61.575,61.575,131000000,1
1301331480000,1301331539000,61.575,61.575,61.553,61.558,76000000,1
1301331540000,1301331599000,61.558,61.567,61.536,61.537,85000000,1
1301331600000,1301331659000,61.537,61.563,61.519,61.537,187000000,1
1301331660000,1301331719000,61.557,61.558,61.528,61.553,149000000,1
1301331720000,1301331779000,61.548,61.558,61.534,61.538,112000000,1
1301331780000,1301331839000,61.537,61.55,61.528,61.546,72000000,1
1301331840000,1301331899000,61.547,61.547,61.521,61.536,110000000,1
1301331900000,1301331959000,61.536,61.557,61.536,61.556,89000000,1
1301331960000,1301332019000,61.547,61.567,61.543,61.566,59000000,1
1301332020000,1301332079000,61.562,61.577,61.556,61.574,93000000,1
1301332080000,1301332139000,61.575,61.576,61.567,61.576,36000000,1
1301332140000,1301332199000,61.577,61.577,61.567,61.567,36000000,1
1301332200000,1301332259000,61.571,61.589,61.57,61.589,57000000,1
1301332260000,1301332319000,61.591,61.594,61.575,61.578,78000000,1
1301332320000,1301332379000,61.577,61.579,61.576,61.579,32000000,1
1301332380000,1301332439000,61.578,61.582,61.575,61.575,36000000,1
1301332440000,1301332499000,61.578,61.591,61.578,61.589,74000000,1
1301332500000,1301332559000,61.588,61.588,61.574,61.579,94000000,1
1301332560000,1301332619000,61.579,61.581,61.568,61.578,78000000,1
1301332620000,1301332679000,61.578,61.581,61.574,61.579,54000000,1
1301332680000,1301332739000,61.578,61.58,61.573,61.576,38000000,1
1301332740000,1301332799000,61.573,61.577,61.569,61.569,39000000,1
1301332800000,1301332859000,61.568,61.577,61.568,61.576,32000000,1
1301332860000,1301332919000,61.577,61.581,61.56,61.581,52000000,1
1301332920000,1301332979000,61.578,61.578,61.578,61.578,6000000,1
1301332980000,1301333039000,61.582,61.582,61.582,61.582,11000000,1
1301333040000,1301333099000,61.577,61.58,61.577,61.58,26000000,1
1301333100000,1301333159000,61.578,61.578,61.572,61.572,8000000,1
1301333160000,1301333219000,61.573,61.574,61.567,61.568,49000000,1
1301333220000,1301333279000,61.569,61.577,61.568,61.577,29000000,1
1301333280000,1301333339000,61.577,61.577,61.577,61.577,8000000,1
1301333340000,1301333399000,61.577,61.583,61.561,61.583,35000000,1
1301333400000,1301333459000,61.585,61.586,61.557,61.576,93000000,1
1301333460000,1301333519000,61.577,61.587,61.576,61.576,18000000,1
1301333520000,1301333579000,61.588,61.589,61.567,61.567,51000000,1
1301333580000,1301333639000,61.566,61.571,61.566,61.568,47000000,1
1301333640000,1301333699000,61.57,61.59,61.565,61.589,134000000,1
1301333700000,1301333759000,61.589,61.589,61.564,61.564,79000000,1
1301333760000,1301333819000,61.564,61.564,61.557,61.562,15000000,1
1301333820000,1301333879000,61.563,61.579,61.563,61.579,44000000,1
1301333880000,1301333939000,61.577,61.577,61.577,61.577,9000000,1
1301333940000,1301333999000,61.577,61.578,61.577,61.577,16000000,1
1301334000000,1301334059000,61.578,61.586,61.578,61.579,45000000,1
1301334060000,1301334119000,61.579,61.587,61.576,61.587,55000000,1
1301334120000,1301334179000,61.587,61.589,61.579,61.58,64000000,1
1301334180000,1301334239000,61.578,61.587,61.576,61.576,21000000,1
1301334240000,1301334299000,61.577,61.587,61.567,61.572,49000000,1
1301334300000,1301334359000,61.572,61.572,61.553,61.558,41000000,1
1301334360000,1301334419000,61.557,61.559,61.529,61.529,67000000,1
1301334420000,1301334479000,61.529,61.547,61.528,61.542,50000000,1
1301334480000,1301334539000,61.539,61.547,61.538,61.546,11000000,1
1301334540000,1301334599000,61.547,61.547,61.547,61.547,2000000,1
1301334600000,1301334659000,61.546,61.546,61.521,61.527,46000000,1
1301334660000,1301334719000,61.522,61.533,61.5,61.525,71000000,1
1301334720000,1301334779000,61.527,61.537,61.526,61.526,37000000,1
1301334780000,1301334839000,61.527,61.528,61.51,61.512,86000000,1
1301334840000,1301334899000,61.517,61.517,61.51,61.516,16000000,1
1301334900000,1301334959000,61.517,61.517,61.508,61.517,32000000,1
1301334960000,1301335019000,61.516,61.517,61.51,61.517,10000000,1
1301335020000,1301335079000,61.516,61.516,61.472,61.48,67000000,1
1301335080000,1301335139000,61.477,61.485,61.466,61.466,121000000,1
1301335140000,1301335199000,61.467,61.469,61.439,61.466,79000000,1
1301335200000,1301335259000,61.467,61.479,61.459,61.459,107000000,1
1301335260000,1301335319000,61.458,61.489,61.457,61.488,88000000,1
1301335320000,1301335379000,61.487,61.489,61.468,61.469,57000000,1
1301335380000,1301335439000,61.469,61.469,61.469,61.469,14000000,1
1301335440000,1301335499000,61.469,61.478,61.469,61.477,16000000,1
1301335500000,1301335559000,61.477,61.478,61.476,61.476,10000000,1
1301335560000,1301335619000,61.477,61.484,61.477,61.478,14000000,1
1301335620000,1301335679000,61.478,61.479,61.476,61.479,19000000,1
1301335680000,1301335739000,61.479,61.479,61.477,61.477,6000000,1
1301335740000,1301335799000,61.476,61.477,61.461,61.461,19000000,1
1301335800000,1301335859000,61.467,61.467,61.466,61.467,7000000,1
1301335860000,1301335919000,61.466,61.47,61.457,61.47,28000000,1
1301335920000,1301335979000,61.469,61.47,61.464,61.464,21000000,1
1301335980000,1301336039000,61.469,61.47,61.462,61.468,33000000,1
1301336040000,1301336099000,61.468,61.483,61.468,61.483,43000000,1
1301336100000,1301336159000,61.483,61.497,61.478,61.487,61000000,1
1301336160000,1301336219000,61.489,61.489,61.487,61.488,11000000,1
1301336220000,1301336279000,61.488,61.497,61.478,61.486,41000000,1
1301336280000,1301336339000,61.487,61.487,61.482,61.487,16000000,1
1301336340000,1301336399000,61.487,61.487,61.477,61.48,75000000,1
1301336400000,1301336459000,61.478,61.485,61.477,61.477,47000000,1
1301336460000,1301336519000,61.477,61.49,61.476,61.485,45000000,1
1301336520000,1301336579000,61.486,61.487,61.479,61.481,27000000,1
1301336580000,1301336639000,61.478,61.478,61.478,61.478,2000000,1
1301336640000,1301336699000,61.478,61.48,61.474,61.476,63000000,1
1301336700000,1301336759000,61.476,61.486,61.47,61.479,35000000,1
1301336760000,1301336819000,61.479,61.488,61.475,61.477,104000000,1
1301336820000,1301336879000,61.477,61.487,61.477,61.487,17000000,1
1301336880000,1301336939000,61.486,61.493,61.486,61.487,47000000,1
1301336940000,1301336999000,61.486,61.487,61.48,61.486,43000000,1
1301337000000,1301337059000,61.483,61.487,61.471,61.479,49000000,1
1301337060000,1301337119000,61.481,61.488,61.48,61.48,23000000,1
1301337120000,1301337179000,61.479,61.487,61.479,61.487,66000000,1
1301337180000,1301337239000,61.487,61.496,61.486,61.487,23000000,1
1301337240000,1301337299000,61.487,61.497,61.486,61.486,15000000,1
1301337300000,1301337359000,61.487,61.496,61.487,61.496,7000000,1
1301337360000,1301337419000,61.497,61.497,61.487,61.487,11000000,1
1301337420000,1301337479000,61.486,61.498,61.486,61.487,24000000,1
1301337480000,1301337539000,61.496,61.498,61.496,61.497,14000000,1
1301337540000,1301337599000,61.497,61.506,61.492,61.506,15000000,1
1301337600000,1301337659000,61.503,61.517,61.503,61.517,18000000,1
1301337660000,1301337719000,61.517,61.527,61.516,61.519,24000000,1
1301337720000,1301337779000,61.519,61.528,61.519,61.527,38000000,1
1301337780000,1301337839000,61.528,61.531,61.517,61.528,40000000,1
1301337840000,1301337899000,61.528,61.528,61.52,61.52,5000000,1
1301337900000,1301337959000,61.518,61.518,61.517,61.517,21000000,1
1301337960000,1301338019000,61.517,61.524,61.511,61.517,34000000,1
1301338020000,1301338079000,61.518,61.527,61.517,61.517,22000000,1
1301338080000,1301338139000,61.517,61.528,61.517,61.528,24000000,1
1301338140000,1301338199000,61.527,61.528,61.517,61.522,23000000,1
1301338200000,1301338259000,61.518,61.522,61.508,61.517,41000000,1
1301338260000,1301338319000,61.518,61.518,61.51,61.512,92000000,1
1301338320000,1301338379000,61.512,61.518,61.512,61.517,25000000,1
1301338380000,1301338439000,61.517,61.518,61.513,61.518,49000000,1
1301338440000,1301338499000,61.509,61.509,61.507,61.507,9000000,1
1301338500000,1301338559000,61.507,61.507,61.5,61.5,40000000,1
1301338560000,1301338619000,61.5,61.5,61.493,61.493,43000000,1
1301338620000,1301338679000,61.493,61.499,61.493,61.499,51000000,1
1301338680000,1301338739000,61.502,61.509,61.498,61.509,28000000,1
1301338740000,1301338799000,61.507,61.516,61.486,61.497,102000000,1
1301338800000,1301338859000,61.501,61.507,61.496,61.497,56000000,1
1301338860000,1301338919000,61.497,61.515,61.497,61.508,61000000,1
1301338920000,1301338979000,61.516,61.537,61.516,61.528,75000000,1
1301338980000,1301339039000,61.53,61.537,61.529,61.537,15000000,1
1301339040000,1301339099000,61.53,61.538,61.528,61.537,51000000,1
1301339100000,1301339159000,61.536,61.54,61.527,61.532,47000000,1
1301339160000,1301339219000,61.532,61.542,61.528,61.53,23000000,1
1301339220000,1301339279000,61.529,61.544,61.527,61.537,73000000,1
1301339280000,1301339339000,61.536,61.538,61.528,61.538,108000000,1
1301339340000,1301339399000,61.538,61.548,61.53,61.548,64000000,1
1301339400000,1301339459000,61.543,61.557,61.537,61.547,83000000,1
1301339460000,1301339519000,61.546,61.548,61.546,61.547,16000000,1
1301339520000,1301339579000,61.546,61.557,61.546,61.547,19000000,1
1301339580000,1301339639000,61.546,61.547,61.546,61.547,12000000,1
1301339640000,1301339699000,61.546,61.547,61.546,61.546,11000000,1
1301339700000,1301339759000,61.547,61.547,61.538,61.538,30000000,1
1301339760000,1301339819000,61.538,61.55,61.538,61.55,19000000,1
1301339820000,1301339879000,61.557,61.557,61.55,61.557,10000000,1
1301339880000,1301339939000,61.556,61.557,61.556,61.556,8000000,1
1301339940000,1301339999000,61.557,61.567,61.556,61.567,8000000,1
1301340000000,1301340059000,61.557,61.557,61.556,61.556,4000000,1
1301340060000,1301340119000,61.556,61.557,61.556,61.557,8000000,1
1301340120000,1301340179000,61.556,61.557,61.556,61.557,7000000,1
1301340180000,1301340239000,61.557,61.557,61.557,61.557,2000000,1
1301340240000,1301340299000,61.556,61.556,61.556,61.556,2000000,1
1301340300000,1301340359000,61.557,61.557,61.556,61.557,9000000,1
1301340360000,1301340419000,61.556,61.556,61.546,61.556,33000000,1
1301340420000,1301340479000,61.557,61.557,61.546,61.546,7000000,1
1301340480000,1301340539000,61.547,61.557,61.546,61.557,25000000,1
1301340540000,1301340599000,61.551,61.567,61.551,61.566,33000000,1
1301340600000,1301340659000,61.567,61.567,61.546,61.556,31000000,1
1301340660000,1301340719000,61.548,61.566,61.546,61.555,49000000,1
1301340720000,1301340779000,61.555,61.557,61.555,61.557,22000000,1
1301340780000,1301340839000,61.556,61.567,61.556,61.56,27000000,1
1301340840000,1301340899000,61.557,61.597,61.557,61.589,52000000,1
1301340900000,1301340959000,61.589,61.593,61.583,61.583,42000000,1
1301340960000,1301341019000,61.586,61.587,61.559,61.559,56000000,1
1301341020000,1301341079000,61.566,61.567,61.557,61.558,32000000,1
1301341080000,1301341139000,61.567,61.567,61.556,61.566,24000000,1
1301341140000,1301341199000,61.566,61.588,61.566,61.577,63000000,1
1301341200000,1301341259000,61.585,61.585,61.561,61.561,32000000,1
1301341260000,1301341319000,61.562,61.567,61.539,61.547,141000000,1
1301341320000,1301341379000,61.547,61.553,61.546,61.552,168000000,1
1301341380000,1301341439000,61.552,61.556,61.546,61.549,210000000,1
1301341440000,1301341499000,61.556,61.556,61.546,61.549,37000000,1
1301341500000,1301341559000,61.548,61.549,61.539,61.539,64000000,1
1301341560000,1301341619000,61.539,61.539,61.521,61.523,98000000,1
1301341620000,1301341679000,61.521,61.536,61.519,61.527,71000000,1
1301341680000,1301341739000,61.527,61.532,61.517,61.527,145000000,1
1301341740000,1301341799000,61.527,61.527,61.494,61.506,76000000,1
1301341800000,1301341859000,61.506,61.507,61.477,61.483,60000000,1
1301341860000,1301341919000,61.489,61.526,61.489,61.526,77000000,1
1301341920000,1301341979000,61.526,61.537,61.526,61.527,32000000,1
1301341980000,1301342039000,61.527,61.536,61.526,61.536,13000000,1
1301342040000,1301342099000,61.528,61.537,61.525,61.525,59000000,1
1301342100000,1301342159000,61.526,61.527,61.515,61.517,37000000,1
1301342160000,1301342219000,61.516,61.517,61.491,61.497,77000000,1
1301342220000,1301342279000,61.498,61.505,61.497,61.501,61000000,1
1301342280000,1301342339000,61.503,61.506,61.473,61.477,193000000,1
1301342340000,1301342399000,61.476,61.477,61.446,61.466,219000000,1
1301342400000,1301342459000,61.464,61.479,61.454,61.456,128000000,1
1301342460000,1301342519000,61.453,61.453,61.354,61.397,83000000,1
1301342520000,1301342579000,61.396,61.417,61.333,61.356,72000000,1
1301342580000,1301342639000,61.356,61.357,61.339,61.356,29000000,1
1301342640000,1301342699000,61.367,61.404,61.367,61.404,77000000,1
1301342700000,1301342759000,61.398,61.417,61.39,61.397,66000000,1
1301342760000,1301342819000,61.396,61.406,61.358,61.377,47000000,1
1301342820000,1301342879000,61.377,61.407,61.376,61.406,77000000,1
1301342880000,1301342939000,61.406,61.406,61.395,61.397,29000000,1
1301342940000,1301342999000,61.397,61.397,61.397,61.397,111000000,1
1301343000000,1301343059000,61.397,61.397,61.397,61.397,31000000,1
1301343060000,1301343119000,61.397,61.407,61.397,61.407,46000000,1
1301343120000,1301343179000,61.407,61.416,61.394,61.394,56000000,1
1301343180000,1301343239000,61.397,61.397,61.387,61.387,20000000,1
1301343240000,1301343299000,61.387,61.387,61.387,61.387,32000000,1
1301343300000,1301343359000,61.387,61.396,61.387,61.396,28000000,1
1301343360000,1301343419000,61.397,61.416,61.397,61.403,21000000,1
1301343420000,1301343479000,61.404,61.407,61.396,61.396,15000000,1
1301343480000,1301343539000,61.398,61.407,61.37,61.396,34000000,1
1301343540000,1301343599000,61.389,61.397,61.387,61.397,16000000,1
1301343600000,1301343659000,61.398,61.403,61.398,61.398,20000000,1
1301343660000,1301343719000,61.397,61.398,61.396,61.398,12000000,1
1301343720000,1301343779000,61.407,61.407,61.392,61.392,19000000,1
1301343780000,1301343839000,61.386,61.387,61.386,61.387,4000000,1
1301343840000,1301343899000,61.387,61.387,61.376,61.378,34000000,1
1301343900000,1301343959000,61.377,61.377,61.376,61.376,16000000,1
1301343960000,1301344019000,61.377,61.377,61.376,61.377,12000000,1
1301344020000,1301344079000,61.377,61.377,61.377,61.377,6000000,1
1301344080000,1301344139000,61.38,61.38,61.376,61.376,27000000,1
1301344140000,1301344199000,61.376,61.394,61.372,61.382,56000000,1
1301344200000,1301344259000,61.376,61.397,61.366,61.391,61000000,1
1301344260000,1301344319000,61.391,61.391,61.386,61.387,15000000,1
1301344320000,1301344379000,61.387,61.397,61.387,61.391,22000000,1
1301344380000,1301344439000,61.387,61.387,61.351,61.351,82000000,1
1301344440000,1301344499000,61.351,61.351,61.338,61.338,34000000,1
1301344500000,1301344559000,61.338,61.346,61.338,61.339,25000000,1
1301344560000,1301344619000,61.339,61.346,61.339,61.346,9000000,1
1301344620000,1301344679000,61.357,61.368,61.346,61.35,37000000,1
1301344680000,1301344739000,61.35,61.368,61.35,61.368,12000000,1
1301344740000,1301344799000,61.368,61.386,61.368,61.377,38000000,1
1301344800000,1301344859000,61.376,61.387,61.357,61.357,25000000,1
1301344860000,1301344919000,61.357,61.358,61.357,61.358,10000000,1
1301344920000,1301344979000,61.358,61.358,61.358,61.358,27000000,1
1301344980000,1301345039000,61.358,61.368,61.333,61.353,55000000,1
1301345040000,1301345099000,61.368,61.381,61.347,61.347,51000000,1
1301345100000,1301345159000,61.348,61.377,61.347,61.347,28000000,1
1301345160000,1301345219000,61.347,61.357,61.347,61.357,27000000,1
1301345220000,1301345279000,61.354,61.357,61.347,61.357,15000000,1
1301345280000,1301345339000,61.34,61.378,61.34,61.366,18000000,1
1301345340000,1301345399000,61.357,61.359,61.356,61.357,24000000,1
1301345400000,1301345459000,61.357,61.371,61.353,61.371,34000000,1
1301345460000,1301345519000,61.371,61.371,61.356,61.368,44000000,1
1301345520000,1301345579000,61.368,61.368,61.358,61.358,32000000,1
1301345580000,1301345639000,61.359,61.368,61.336,61.336,48000000,1
1301345640000,1301345699000,61.347,61.357,61.346,61.347,24000000,1
1301345700000,1301345759000,61.346,61.347,61.337,61.347,16000000,1
1301345760000,1301345819000,61.348,61.356,61.336,61.336,21000000,1
1301345820000,1301345879000,61.326,61.347,61.299,61.346,52000000,1
1301345880000,1301345939000,61.337,61.347,61.337,61.347,80000000,1
1301345940000,1301345999000,61.347,61.347,61.347,61.347,38000000,1
1301346000000,1301346059000,61.346,61.346,61.313,61.314,246000000,1
1301346060000,1301346119000,61.322,61.327,61.315,61.315,18000000,1
1301346120000,1301346179000,61.315,61.358,61.315,61.347,13000000,1
1301346180000,1301346239000,61.347,61.348,61.347,61.348,19000000,1
1301346240000,1301346299000,61.347,61.347,61.338,61.347,26000000,1
1301346300000,1301346359000,61.347,61.358,61.347,61.348,22000000,1
1301346360000,1301346419000,61.348,61.358,61.337,61.347,30000000,1
1301346420000,1301346479000,61.348,61.348,61.338,61.348,21000000,1
1301346480000,1301346539000,61.348,61.357,61.338,61.338,39000000,1
1301346540000,1301346599000,61.338,61.347,61.298,61.317,54000000,1
1301346600000,1301346659000,61.317,61.317,61.317,61.317,3000000,1
1301346660000,1301346719000,61.317,61.328,61.316,61.328,29000000,1
1301346720000,1301346779000,61.332,61.332,61.332,61.332,9000000,1
1301346780000,1301346839000,61.332,61.338,61.327,61.327,44000000,1
1301346840000,1301346899000,61.337,61.337,61.337,61.337,34000000,1
1301346900000,1301346959000,61.337,61.337,61.337,61.337,26000000,1
1301346960000,1301347019000,61.337,61.347,61.337,61.346,10000000,1
1301347020000,1301347079000,61.346,61.347,61.336,61.346,14000000,1
1301347080000,1301347139000,61.346,61.346,61.336,61.337,13000000,1
1301347140000,1301347199000,61.337,61.347,61.337,61.347,10000000,1
1301347200000,1301347259000,61.348,61.357,61.337,61.347,68000000,1
1301347260000,1301347319000,61.347,61.357,61.334,61.357,45000000,1
1301347320000,1301347379000,61.357,61.357,61.337,61.348,40000000,1
1301347380000,1301347439000,61.347,61.347,61.337,61.342,36000000,1
1301347440000,1301347499000,61.342,61.346,61.336,61.346,24000000,1
1301347500000,1301347559000,61.347,61.357,61.346,61.357,14000000,1
1301347560000,1301347619000,61.363,61.366,61.357,61.366,31000000,1
1301347620000,1301347679000,61.356,61.356,61.356,61.356,9000000,1
1301347680000,1301347739000,61.357,61.367,61.356,61.367,10000000,1
1301347740000,1301347799000,61.366,61.366,61.366,61.366,3000000,1
1301347800000,1301347859000,61.366,61.377,61.356,61.356,25000000,1
1301347860000,1301347919000,61.356,61.356,61.356,61.356,4000000,1
1301347920000,1301347979000,61.374,61.377,61.356,61.356,12000000,1
1301347980000,1301348039000,61.356,61.357,61.356,61.356,8000000,1
1301348040000,1301348099000,61.357,61.367,61.356,61.366,17000000,1
1301348100000,1301348159000,61.367,61.376,61.356,61.356,19000000,1
1301348160000,1301348219000,61.358,61.367,61.347,61.347,23000000,1
1301348220000,1301348279000,61.347,61.347,61.346,61.346,19000000,1
1301348280000,1301348339000,61.337,61.347,61.337,61.347,13000000,1
1301348340000,1301348399000,61.347,61.347,61.317,61.337,71000000,1
1301348400000,1301348459000,61.337,61.337,61.317,61.326,31000000,1
1301348460000,1301348519000,61.317,61.327,61.316,61.318,57000000,1
1301348520000,1301348579000,61.317,61.327,61.317,61.326,17000000,1
1301348580000,1301348639000,61.326,61.327,61.317,61.326,27000000,1
1301348640000,1301348699000,61.326,61.327,61.291,61.291,37000000,1
1301348700000,1301348759000,61.291,61.326,61.291,61.326,22000000,1
1301348760000,1301348819000,61.327,61.328,61.326,61.327,16000000,1
1301348820000,1301348879000,61.326,61.346,61.326,61.346,17000000,1
1301348880000,1301348939000,61.346,61.346,61.336,61.337,26000000,1
1301348940000,1301348999000,61.337,61.347,61.337,61.339,10000000,1
1301349000000,1301349059000,61.338,61.338,61.337,61.337,14000000,1
1301349060000,1301349119000,61.337,61.337,61.326,61.327,31000000,1
1301349120000,1301349179000,61.327,61.327,61.307,61.326,44000000,1
1301349180000,1301349239000,61.326,61.338,61.326,61.338,18000000,1
1301349240000,1301349299000,61.347,61.376,61.318,61.326,84000000,1
1301349300000,1301349359000,61.327,61.337,61.326,61.326,34000000,1
1301349360000,1301349419000,61.326,61.328,61.326,61.327,22000000,1
1301349420000,1301349479000,61.326,61.326,61.326,61.326,4000000,1
1301349480000,1301349539000,61.327,61.327,61.327,61.327,4000000,1
1301349540000,1301349599000,61.336,61.337,61.326,61.337,21000000,1
1301349600000,1301349659000,61.337,61.346,61.306,61.337,59000000,1
1301349660000,1301349719000,61.337,61.347,61.326,61.346,19000000,1
1301349720000,1301349779000,61.346,61.357,61.346,61.346,15000000,1
1301349780000,1301349839000,61.347,61.347,61.346,61.347,7000000,1
1301349840000,1301349899000,61.337,61.347,61.337,61.346,23000000,1
1301349900000,1301349959000,61.347,61.357,61.347,61.356,32000000,1
1301349960000,1301350019000,61.356,61.357,61.347,61.357,12000000,1
1301350020000,1301350079000,61.356,61.357,61.356,61.357,20000000,1
1301350080000,1301350139000,61.357,61.357,61.356,61.356,12000000,1
1301350140000,1301350199000,61.357,61.366,61.357,61.366,7000000,1
1301350200000,1301350259000,61.367,61.367,61.366,61.366,9000000,1
1301350260000,1301350319000,61.367,61.367,61.366,61.367,12000000,1
1301350320000,1301350379000,61.367,61.367,61.366,61.366,10000000,1
1301350380000,1301350439000,61.366,61.377,61.366,61.377,23000000,1
1301350440000,1301350499000,61.377,61.377,61.368,61.377,15000000,1
1301350500000,1301350559000,61.376,61.377,61.376,61.376,6000000,1
1301350560000,1301350619000,61.376,61.377,61.376,61.376,7000000,1
1301350620000,1301350679000,61.376,61.387,61.376,61.386,53000000,1
1301350680000,1301350739000,61.386,61.397,61.376,61.376,61000000,1
1301350740000,1301350799000,61.377,61.386,61.376,61.386,11000000,1
1301350800000,1301350859000,61.387,61.396,61.387,61.396,7000000,1
1301350860000,1301350919000,61.397,61.397,61.396,61.396,9000000,1
1301350920000,1301350979000,61.396,61.396,61.386,61.386,13000000,1
1301350980000,1301351039000,61.386,61.396,61.376,61.386,21000000,1
1301351040000,1301351099000,61.386,61.387,61.386,61.387,23000000,1
1301351100000,1301351159000,61.387,61.397,61.387,61.396,13000000,1
1301351160000,1301351219000,61.387,61.387,61.387,61.387,2000000,1
1301351220000,1301351279000,61.387,61.406,61.387,61.396,18000000,1
1301351280000,1301351339000,61.397,61.407,61.397,61.406,10000000,1
1301351340000,1301351399000,61.407,61.417,61.396,61.396,18000000,1
1301351400000,1301351459000,61.396,61.397,61.386,61.396,31000000,1
1301351460000,1301351519000,61.397,61.397,61.396,61.397,18000000,1
1301351520000,1301351579000,61.397,61.397,61.386,61.389,41000000,1
1301351580000,1301351639000,61.386,61.397,61.386,61.396,31000000,1
1301351640000,1301351699000,61.396,61.406,61.386,61.406,28000000,1
1301351700000,1301351759000,61.406,61.407,61.406,61.407,3000000,1
1301351760000,1301351819000,61.406,61.406,61.396,61.397,11000000,1
1301351820000,1301351879000,61.396,61.407,61.396,61.396,6000000,1
1301351880000,1301351939000,61.396,61.407,61.386,61.4,58000000,1
1301351940000,1301351999000,61.4,61.4,61.377,61.386,56000000,1
1301352000000,1301352059000,61.387,61.397,61.387,61.388,21000000,1
1301352060000,1301352119000,61.388,61.388,61.388,61.388,2000000,1
1301352120000,1301352179000,61.388,61.388,61.388,61.388,6000000,1
1301352180000,1301352239000,61.388,61.388,61.386,61.387,42000000,1
1301352240000,1301352299000,61.387,61.387,61.378,61.387,19000000,1
1301352300000,1301352359000,61.386,61.387,61.386,61.387,9000000,1
1301352360000,1301352419000,61.387,61.387,61.386,61.386,7000000,1
1301352420000,1301352479000,61.387,61.387,61.377,61.377,6000000,1
1301352480000,1301352539000,61.376,61.376,61.376,61.376,8000000,1
1301352540000,1301352599000,61.377,61.377,61.377,61.377,2000000,1
1301352600000,1301352659000,61.36,61.388,61.36,61.388,29000000,1
1301352660000,1301352719000,61.376,61.377,61.376,61.377,7000000,1
1301352720000,1301352779000,61.377,61.388,61.377,61.388,15000000,1
1301352780000,1301352839000,61.386,61.386,61.386,61.386,5000000,1
1301352840000,1301352899000,61.386,61.397,61.386,61.396,11000000,1
1301352900000,1301352959000,61.396,61.397,61.387,61.387,9000000,1
1301352960000,1301353019000,61.387,61.387,61.38,61.386,13000000,1
1301353020000,1301353079000,61.386,61.387,61.377,61.377,11000000,1
1301353080000,1301353139000,61.377,61.386,61.377,61.386,6000000,1
1301353140000,1301353199000,61.386,61.387,61.379,61.387,17000000,1
1301353200000,1301353259000,61.377,61.377,61.347,61.347,43000000,1
1301353260000,1301353319000,61.347,61.347,61.347,61.347,11000000,1
1301353320000,1301353379000,61.347,61.347,61.347,61.347,4000000,1
1301353380000,1301353439000,61.347,61.347,61.326,61.327,17000000,1
1301353440000,1301353499000,61.327,61.338,61.327,61.337,23000000,1
1301353500000,1301353559000,61.337,61.337,61.326,61.326,17000000,1
1301353560000,1301353619000,61.326,61.326,61.318,61.318,42000000,1
1301353620000,1301353679000,61.318,61.328,61.308,61.327,52000000,1
1301353680000,1301353739000,61.327,61.358,61.316,61.356,93000000,1
1301353740000,1301353799000,61.357,61.358,61.348,61.348,18000000,1
1301353800000,1301353859000,61.347,61.35,61.341,61.341,10000000,1
1301353860000,1301353919000,61.338,61.338,61.337,61.337,6000000,1
1301353920000,1301353979000,61.337,61.338,61.325,61.325,14000000,1
1301353980000,1301354039000,61.327,61.357,61.327,61.341,50000000,1
1301354040000,1301354099000,61.348,61.348,61.317,61.317,63000000,1
1301354100000,1301354159000,61.317,61.317,61.307,61.317,45000000,1
1301354160000,1301354219000,61.317,61.317,61.307,61.307,38000000,1
1301354220000,1301354279000,61.307,61.308,61.297,61.307,30000000,1
1301354280000,1301354339000,61.307,61.308,61.297,61.307,16000000,1
1301354340000,1301354399000,61.298,61.298,61.286,61.288,53000000,1
1301354400000,1301354459000,61.288,61.288,61.267,61.277,49000000,1
1301354460000,1301354519000,61.278,61.287,61.278,61.287,17000000,1
1301354520000,1301354579000,61.288,61.288,61.287,61.287,16000000,1
1301354580000,1301354639000,61.287,61.308,61.287,61.298,26000000,1
1301354640000,1301354699000,61.298,61.318,61.298,61.318,16000000,1
1301354700000,1301354759000,61.318,61.318,61.298,61.298,13000000,1
1301354760000,1301354819000,61.292,61.298,61.287,61.298,10000000,1
1301354820000,1301354879000,61.288,61.308,61.288,61.308,14000000,1
1301354880000,1301354939000,61.308,61.308,61.308,61.308,2000000,1
1301354940000,1301354999000,61.308,61.308,61.308,61.308,13000000,1
1301355000000,1301355059000,61.308,61.308,61.281,61.288,63000000,1
1301355060000,1301355119000,61.288,61.297,61.288,61.296,13000000,1
1301355120000,1301355179000,61.296,61.299,61.288,61.298,19000000,1
1301355180000,1301355239000,61.298,61.312,61.297,61.307,69000000,1
1301355240000,1301355299000,61.307,61.307,61.298,61.303,17000000,1
1301355300000,1301355359000,61.308,61.308,61.297,61.298,56000000,1
1301355360000,1301355419000,61.296,61.307,61.289,61.297,69000000,1
1301355420000,1301355479000,61.307,61.309,61.297,61.308,19000000,1
1301355480000,1301355539000,61.308,61.317,61.308,61.308,27000000,1
1301355540000,1301355599000,61.317,61.317,61.307,61.308,39000000,1
1301355600000,1301355659000,61.298,61.298,61.257,61.267,50000000,1
1301355660000,1301355719000,61.258,61.268,61.258,61.266,25000000,1
1301355720000,1301355779000,61.265,61.287,61.265,61.282,15000000,1
1301355780000,1301355839000,61.277,61.307,61.277,61.307,55000000,1
1301355840000,1301355899000,61.299,61.307,61.297,61.307,17000000,1
1301355900000,1301355959000,61.298,61.298,61.271,61.287,88000000,1
1301355960000,1301356019000,61.287,61.287,61.239,61.248,60000000,1
1301356020000,1301356079000,61.248,61.266,61.24,61.266,47000000,1
1301356080000,1301356139000,61.266,61.267,61.247,61.247,53000000,1
1301356140000,1301356199000,61.247,61.278,61.241,61.278,64000000,1
1301356200000,1301356259000,61.278,61.278,61.272,61.277,6000000,1
1301356260000,1301356319000,61.28,61.287,61.277,61.281,43000000,1
1301356320000,1301356379000,61.278,61.286,61.278,61.286,10000000,1
1301356380000,1301356439000,61.287,61.287,61.278,61.278,12000000,1
1301356440000,1301356499000,61.278,61.278,61.278,61.278,8000000,1
1301356500000,1301356559000,61.278,61.278,61.276,61.278,13000000,1
1301356560000,1301356619000,61.278,61.278,61.276,61.276,11000000,1
1301356620000,1301356679000,61.268,61.277,61.257,61.268,89000000,1
1301356680000,1301356739000,61.276,61.276,61.276,61.276,4000000,1
1301356740000,1301356799000,61.277,61.277,61.267,61.277,35000000,1
1301356800000,1301356859000,61.27,61.277,61.266,61.267,32000000,1
1301356860000,1301356919000,61.267,61.307,61.267,61.307,90000000,1
1301356920000,1301356979000,61.307,61.309,61.307,61.307,16000000,1
1301356980000,1301357039000,61.307,61.308,61.297,61.297,77000000,1
1301357040000,1301357099000,61.307,61.308,61.297,61.298,81000000,1
1301357100000,1301357159000,61.298,61.299,61.297,61.299,21000000,1
1301357160000,1301357219000,61.299,61.299,61.292,61.298,15000000,1
1301357220000,1301357279000,61.297,61.298,61.287,61.297,36000000,1
1301357280000,1301357339000,61.297,61.299,61.287,61.297,63000000,1
1301357340000,1301357399000,61.297,61.299,61.296,61.299,27000000,1
1301357400000,1301357459000,61.307,61.307,61.299,61.302,52000000,1
1301357460000,1301357519000,61.302,61.302,61.296,61.297,50000000,1
1301357520000,1301357579000,61.297,61.297,61.287,61.287,32000000,1
1301357580000,1301357639000,61.286,61.289,61.285,61.287,41000000,1
1301357640000,1301357699000,61.287,61.287,61.282,61.287,24000000,1
1301357700000,1301357759000,61.279,61.287,61.279,61.287,15000000,1
1301357760000,1301357819000,61.286,61.304,61.286,61.304,24000000,1
1301357820000,1301357879000,61.306,61.306,61.286,61.288,42000000,1
1301357880000,1301357939000,61.288,61.289,61.287,61.287,19000000,1
1301357940000,1301357999000,61.287,61.295,61.287,61.291,36000000,1
1301358000000,1301358059000,61.292,61.308,61.287,61.297,36000000,1
1301358060000,1301358119000,61.297,61.298,61.289,61.289,11000000,1
1301358120000,1301358179000,61.287,61.288,61.287,61.288,28000000,1
1301358180000,1301358239000,61.288,61.288,61.286,61.288,12000000,1
1301358240000,1301358299000,61.288,61.292,61.288,61.292,43000000,1
1301358300000,1301358359000,61.291,61.3,61.288,61.289,45000000,1
1301358360000,1301358419000,61.291,61.298,61.291,61.296,27000000,1
1301358420000,1301358479000,61.29,61.296,61.267,61.269,107000000,1
1301358480000,1301358539000,61.269,61.277,61.248,61.249,103000000,1
1301358540000,1301358599000,61.248,61.248,61.237,61.238,52000000,1
1301358600000,1301358659000,61.247,61.248,61.233,61.238,63000000,1
1301358660000,1301358719000,61.236,61.239,61.219,61.219,40000000,1
1301358720000,1301358779000,61.217,61.22,61.209,61.218,50000000,1
1301358780000,1301358839000,61.218,61.218,61.188,61.189,118000000,1
1301358840000,1301358899000,61.187,61.187,61.166,61.166,49000000,1
1301358900000,1301358959000,61.166,61.168,61.137,61.137,59000000,1
1301358960000,1301359019000,61.14,61.14,61.117,61.127,177000000,1
1301359020000,1301359079000,61.127,61.131,61.117,61.126,87000000,1
1301359080000,1301359139000,61.127,61.159,61.127,61.159,126000000,1
1301359140000,1301359199000,61.159,61.189,61.157,61.189,73000000,1
1301359200000,1301359259000,61.189,61.189,61.181,61.181,89000000,1
1301359260000,1301359319000,61.183,61.188,61.181,61.188,129000000,1
1301359320000,1301359379000,61.188,61.197,61.187,61.188,100000000,1
1301359380000,1301359439000,61.19,61.196,61.19,61.191,34000000,1
1301359440000,1301359499000,61.192,61.207,61.188,61.203,43000000,1
1301359500000,1301359559000,61.198,61.2,61.196,61.196,34000000,1
1301359560000,1301359619000,61.196,61.196,61.179,61.179,71000000,1
1301359620000,1301359679000,61.188,61.188,61.173,61.173,53000000,1
1301359680000,1301359739000,61.177,61.178,61.172,61.178,27000000,1
1301359740000,1301359799000,61.176,61.181,61.176,61.181,41000000,1
1301359800000,1301359859000,61.186,61.196,61.181,61.196,22000000,1
1301359860000,1301359919000,61.197,61.2,61.183,61.188,53000000,1
1301359920000,1301359979000,61.188,61.203,61.18,61.203,32000000,1
1301359980000,1301360039000,61.207,61.218,61.197,61.218,48000000,1
1301360040000,1301360099000,61.217,61.238,61.216,61.237,100000000,1
1301360100000,1301360159000,61.264,61.264,61.228,61.247,169000000,1
1301360160000,1301360219000,61.245,61.267,61.245,61.263,70000000,1
1301360220000,1301360279000,61.259,61.266,61.253,61.258,49000000,1
1301360280000,1301360339000,61.257,61.281,61.257,61.279,89000000,1
1301360340000,1301360399000,61.277,61.286,61.274,61.274,30000000,1
1301360400000,1301360459000,61.28,61.28,61.247,61.257,74000000,1
1301360460000,1301360519000,61.257,61.257,61.24,61.246,29000000,1
1301360520000,1301360579000,61.247,61.247,61.242,61.246,14000000,1
1301360580000,1301360639000,61.242,61.242,61.228,61.237,14000000,1
1301360640000,1301360699000,61.237,61.249,61.237,61.248,93000000,1
1301360700000,1301360759000,61.248,61.257,61.238,61.248,35000000,1
1301360760000,1301360819000,61.248,61.248,61.248,61.248,5000000,1
1301360820000,1301360879000,61.248,61.248,61.228,61.228,52000000,1
1301360880000,1301360939000,61.227,61.228,61.218,61.218,38000000,1
1301360940000,1301360999000,61.218,61.231,61.218,61.231,41000000,1
1301361000000,1301361059000,61.229,61.258,61.228,61.248,52000000,1
1301361060000,1301361119000,61.248,61.262,61.244,61.248,92000000,1
1301361120000,1301361179000,61.247,61.267,61.235,61.239,66000000,1
1301361180000,1301361239000,61.247,61.259,61.238,61.259,28000000,1
1301361240000,1301361299000,61.257,61.261,61.238,61.24,90000000,1
1301361300000,1301361359000,61.246,61.252,61.241,61.249,35000000,1
1301361360000,1301361419000,61.248,61.248,61.238,61.248,60000000,1
1301361420000,1301361479000,61.248,61.257,61.247,61.257,26000000,1
1301361480000,1301361539000,61.248,61.257,61.247,61.256,44000000,1
1301361540000,1301361599000,61.248,61.257,61.248,61.249,38000000,1
1301361600000,1301361659000,61.248,61.248,61.231,61.237,28000000,1
1301361660000,1301361719000,61.236,61.238,61.236,61.238,21000000,1
1301361720000,1301361779000,61.241,61.277,61.238,61.27,71000000,1
1301361780000,1301361839000,61.268,61.271,61.268,61.271,6000000,1
1301361840000,1301361899000,61.268,61.268,61.256,61.256,36000000,1
1301361900000,1301361959000,61.258,61.259,61.258,61.258,18000000,1
1301361960000,1301362019000,61.258,61.258,61.258,61.258,4000000,1
1301362020000,1301362079000,61.258,61.258,61.25,61.257,31000000,1
1301362080000,1301362139000,61.25,61.27,61.248,61.268,29000000,1
1301362140000,1301362199000,61.269,61.286,61.269,61.286,45000000,1
1301362200000,1301362259000,61.286,61.287,61.257,61.267,69000000,1
1301362260000,1301362319000,61.265,61.268,61.261,61.261,8000000,1
1301362320000,1301362379000,61.267,61.267,61.267,61.267,7000000,1
1301362380000,1301362439000,61.267,61.282,61.267,61.273,62000000,1
1301362440000,1301362499000,61.273,61.28,61.272,61.277,37000000,1
1301362500000,1301362559000,61.277,61.277,61.269,61.269,32000000,1
1301362560000,1301362619000,61.267,61.267,61.258,61.258,40000000,1
1301362620000,1301362679000,61.26,61.277,61.258,61.266,32000000,1
1301362680000,1301362739000,61.266,61.267,61.258,61.266,31000000,1
1301362740000,1301362799000,61.261,61.277,61.258,61.265,23000000,1
1301362800000,1301362859000,61.266,61.267,61.258,61.266,23000000,1
1301362860000,1301362919000,61.266,61.266,61.257,61.258,34000000,1
1301362920000,1301362979000,61.258,61.268,61.257,61.268,42000000,1
1301362980000,1301363039000,61.268,61.268,61.268,61.268,2000000,1
1301363040000,1301363099000,61.268,61.268,61.267,61.267,15000000,1
1301363100000,1301363159000,61.273,61.273,61.267,61.267,27000000,1
1301363160000,1301363219000,61.267,61.274,61.267,61.274,34000000,1
1301363220000,1301363279000,61.277,61.278,61.276,61.278,8000000,1
1301363280000,1301363339000,61.277,61.286,61.277,61.286,11000000,1
1301363340000,1301363399000,61.286,61.288,61.278,61.288,39000000,1
1301363400000,1301363459000,61.284,61.288,61.284,61.288,20000000,1
1301363460000,1301363519000,61.288,61.288,61.286,61.286,12000000,1
1301363520000,1301363579000,61.287,61.289,61.278,61.289,45000000,1
1301363580000,1301363639000,61.289,61.306,61.289,61.306,37000000,1
1301363640000,1301363699000,61.307,61.307,61.299,61.3,27000000,1
1301363700000,1301363759000,61.298,61.306,61.297,61.298,28000000,1
1301363760000,1301363819000,61.299,61.307,61.298,61.307,11000000,1
1301363820000,1301363879000,61.306,61.307,61.306,61.307,8000000,1
1301363880000,1301363939000,61.306,61.307,61.301,61.307,13000000,1
1301363940000,1301363999000,61.307,61.316,61.301,61.307,49000000,1
1301364000000,1301364059000,61.303,61.308,61.301,61.301,9000000,1
1301364060000,1301364119000,61.307,61.312,61.307,61.309,37000000,1
1301364120000,1301364179000,61.309,61.316,61.297,61.297,50000000,1
1301364180000,1301364239000,61.307,61.316,61.307,61.308,68000000,1
1301364240000,1301364299000,61.308,61.319,61.308,61.319,59000000,1
1301364300000,1301364359000,61.321,61.328,61.319,61.327,23000000,1
1301364360000,1301364419000,61.326,61.327,61.326,61.327,8000000,1
1301364420000,1301364479000,61.326,61.327,61.326,61.327,4000000,1
1301364480000,1301364539000,61.327,61.327,61.317,61.318,38000000,1
1301364540000,1301364599000,61.318,61.318,61.313,61.317,11000000,1
1301364600000,1301364659000,61.317,61.318,61.317,61.317,48000000,1
1301364660000,1301364719000,61.316,61.317,61.308,61.309,21000000,1
1301364720000,1301364779000,61.309,61.309,61.308,61.308,8000000,1
1301364780000,1301364839000,61.301,61.301,61.291,61.298,19000000,1
1301364840000,1301364899000,61.29,61.318,61.29,61.307,62000000,1
1301364900000,1301364959000,61.307,61.317,61.307,61.308,62000000,1
1301364960000,1301365019000,61.308,61.308,61.308,61.308,12000000,1
1301365020000,1301365079000,61.299,61.299,61.281,61.288,53000000,1
1301365080000,1301365139000,61.289,61.289,61.287,61.287,42000000,1
1301365140000,1301365199000,61.287,61.293,61.287,61.288,122000000,1
1301365200000,1301365259000,61.289,61.289,61.289,61.289,12000000,1
1301365260000,1301365319000,61.288,61.288,61.288,61.288,9000000,1
1301365320000,1301365379000,61.288,61.288,61.269,61.269,41000000,1
1301365380000,1301365439000,61.278,61.278,61.278,61.278,19000000,1
1301365440000,1301365499000,61.278,61.287,61.268,61.268,39000000,1
1301365500000,1301365559000,61.268,61.278,61.268,61.271,26000000,1
1301365560000,1301365619000,61.267,61.267,61.248,61.258,43000000,1
1301365620000,1301365679000,61.258,61.268,61.258,61.267,29000000,1
1301365680000,1301365739000,61.267,61.278,61.267,61.27,24000000,1
1301365740000,1301365799000,61.268,61.268,61.257,61.26,56000000,1
1301365800000,1301365859000,61.26,61.27,61.26,61.27,16000000,1
1301365860000,1301365919000,61.27,61.278,61.27,61.276,10000000,1
1301365920000,1301365979000,61.276,61.279,61.276,61.279,19000000,1
1301365980000,1301366039000,61.278,61.288,61.278,61.287,35000000,1
1301366040000,1301366099000,61.28,61.28,61.267,61.268,64000000,1
1301366100000,1301366159000,61.268,61.268,61.267,61.267,13000000,1
1301366160000,1301366219000,61.269,61.271,61.268,61.271,11000000,1
1301366220000,1301366279000,61.272,61.272,61.268,61.268,28000000,1
1301366280000,1301366339000,61.268,61.275,61.267,61.275,27000000,1
1301366340000,1301366399000,61.272,61.277,61.271,61.277,10000000,1
1301366400000,1301366459000,61.282,61.288,61.277,61.277,39000000,1
1301366460000,1301366519000,61.277,61.277,61.277,61.277,4000000,1
1301366520000,1301366579000,61.277,61.278,61.277,61.278,13000000,1
1301366580000,1301366639000,61.278,61.278,61.278,61.278,20000000,1
1301366640000,1301366699000,61.278,61.278,61.273,61.277,15000000,1
1301366700000,1301366759000,61.277,61.277,61.268,61.273,30000000,1
1301366760000,1301366819000,61.273,61.273,61.267,61.271,11000000,1
1301366820000,1301366879000,61.267,61.277,61.267,61.268,25000000,1
1301366880000,1301366939000,61.267,61.277,61.267,61.277,25000000,1
1301366940000,1301366999000,61.27,61.271,61.268,61.268,15000000,1
1301367000000,1301367059000,61.268,61.268,61.267,61.268,24000000,1
1301367060000,1301367119000,61.268,61.268,61.267,61.267,19000000,1
1301367120000,1301367179000,61.267,61.267,61.267,61.267,25000000,1
1301367180000,1301367239000,61.269,61.27,61.269,61.27,3000000,1
1301367240000,1301367299000,61.276,61.276,61.267,61.267,9000000,1
1301367300000,1301367359000,61.267,61.278,61.267,61.278,12000000,1
1301367360000,1301367419000,61.267,61.288,61.267,61.288,37000000,1
1301367420000,1301367479000,61.288,61.308,61.287,61.3,186000000,1
1301367480000,1301367539000,61.303,61.318,61.298,61.318,46000000,1
1301367540000,1301367599000,61.309,61.309,61.287,61.308,78000000,1
1301367600000,1301367659000,61.308,61.318,61.3,61.307,110000000,1
1301367660000,1301367719000,61.309,61.318,61.298,61.318,84000000,1
1301367720000,1301367779000,61.318,61.319,61.317,61.317,24000000,1
1301367780000,1301367839000,61.317,61.317,61.308,61.317,21000000,1
1301367840000,1301367899000,61.317,61.317,61.307,61.307,33000000,1
1301367900000,1301367959000,61.307,61.308,61.307,61.308,8000000,1
1301367960000,1301368019000,61.308,61.308,61.307,61.308,15000000,1
1301368020000,1301368079000,61.308,61.308,61.308,61.308,5000000,1
1301368080000,1301368139000,61.308,61.308,61.308,61.308,31000000,1
1301368140000,1301368199000,61.308,61.317,61.308,61.316,23000000,1
1301368200000,1301368259000,61.316,61.318,61.307,61.307,38000000,1
1301368260000,1301368319000,61.307,61.308,61.297,61.308,35000000,1
1301368320000,1301368379000,61.308,61.31,61.308,61.308,16000000,1
1301368380000,1301368439000,61.308,61.308,61.298,61.298,33000000,1
1301368440000,1301368499000,61.298,61.298,61.288,61.288,11000000,1
1301368500000,1301368559000,61.287,61.307,61.287,61.307,21000000,1
1301368560000,1301368619000,61.308,61.308,61.308,61.308,21000000,1
1301368620000,1301368679000,61.312,61.318,61.312,61.318,24000000,1
1301368680000,1301368739000,61.32,61.327,61.317,61.327,24000000,1
1301368740000,1301368799000,61.324,61.327,61.321,61.327,28000000,1
1301368800000,1301368859000,61.327,61.328,61.318,61.326,34000000,1
1301368860000,1301368919000,61.326,61.347,61.326,61.346,33000000,1
1301368920000,1301368979000,61.338,61.347,61.33,61.33,35000000,1
1301368980000,1301369039000,61.328,61.331,61.328,61.331,5000000,1
1301369040000,1301369099000,61.328,61.337,61.327,61.327,20000000,1
1301369100000,1301369159000,61.327,61.327,61.327,61.327,14000000,1
1301369160000,1301369219000,61.327,61.338,61.327,61.337,40000000,1
1301369220000,1301369279000,61.337,61.338,61.337,61.338,24000000,1
1301369280000,1301369339000,61.338,61.348,61.337,61.346,43000000,1
1301369340000,1301369399000,61.346,61.346,61.33,61.33,20000000,1
1301369400000,1301369459000,61.336,61.338,61.33,61.332,22000000,1
1301369460000,1301369519000,61.328,61.328,61.328,61.328,2000000,1
1301369520000,1301369579000,61.328,61.338,61.328,61.33,8000000,1
1301369580000,1301369639000,61.328,61.338,61.328,61.338,9000000,1
1301369640000,1301369699000,61.338,61.347,61.338,61.347,9000000,1
1301369700000,1301369759000,61.347,61.347,61.337,61.338,34000000,1
1301369760000,1301369819000,61.338,61.348,61.337,61.347,43000000,1
1301369820000,1301369879000,61.347,61.347,61.337,61.347,11000000,1
1301369880000,1301369939000,61.346,61.347,61.337,61.337,13000000,1
1301369940000,1301369999000,61.338,61.347,61.338,61.347,6000000,1
1301370000000,1301370059000,61.342,61.342,61.338,61.338,10000000,1
1301370060000,1301370119000,61.332,61.337,61.327,61.328,29000000,1
1301370120000,1301370179000,61.328,61.338,61.328,61.338,30000000,1
1301370180000,1301370239000,61.338,61.338,61.338,61.338,5000000,1
1301370240000,1301370299000,61.338,61.338,61.338,61.338,36000000,1
1301370300000,1301370359000,61.338,61.338,61.338,61.338,8000000,1
1301370360000,1301370419000,61.338,61.338,61.33,61.33,16000000,1
1301370420000,1301370479000,61.329,61.337,61.327,61.328,38000000,1
1301370480000,1301370539000,61.331,61.339,61.327,61.339,28000000,1
1301370540000,1301370599000,61.337,61.338,61.32,61.327,56000000,1
1301370600000,1301370659000,61.32,61.328,61.3,61.308,116000000,1
1301370660000,1301370719000,61.308,61.321,61.308,61.314,65000000,1
1301370720000,1301370779000,61.318,61.318,61.312,61.312,31000000,1
1301370780000,1301370839000,61.317,61.318,61.317,61.318,9000000,1
1301370840000,1301370899000,61.318,61.338,61.317,61.338,72000000,1
1301370900000,1301370959000,61.338,61.338,61.328,61.338,29000000,1
1301370960000,1301371019000,61.347,61.348,61.347,61.348,7000000,1
1301371020000,1301371079000,61.348,61.348,61.331,61.337,38000000,1
1301371080000,1301371139000,61.337,61.337,61.337,61.337,17000000,1
1301371140000,1301371199000,61.337,61.337,61.337,61.337,11000000,1
1301371200000,1301371259000,61.337,61.337,61.337,61.337,15000000,1
1301371260000,1301371319000,61.327,61.359,61.327,61.347,68000000,1
1301371320000,1301371379000,61.357,61.357,61.34,61.348,32000000,1
1301371380000,1301371439000,61.348,61.348,61.348,61.348,2000000,1
1301371440000,1301371499000,61.348,61.349,61.338,61.338,54000000,1
1301371500000,1301371559000,61.338,61.358,61.338,61.347,45000000,1
1301371560000,1301371619000,61.347,61.351,61.347,61.351,23000000,1
1301371620000,1301371679000,61.348,61.367,61.348,61.367,19000000,1
1301371680000,1301371739000,61.367,61.387,61.362,61.368,86000000,1
1301371740000,1301371799000,61.37,61.378,61.367,61.368,88000000,1
1301371800000,1301371859000,61.367,61.37,61.367,61.367,42000000,1
1301371860000,1301371919000,61.367,61.367,61.337,61.347,70000000,1
1301371920000,1301371979000,61.348,61.348,61.341,61.347,29000000,1
1301371980000,1301372039000,61.347,61.35,61.347,61.35,10000000,1
1301372040000,1301372099000,61.349,61.351,61.346,61.347,13000000,1
1301372100000,1301372159000,61.347,61.352,61.347,61.348,14000000,1
1301372160000,1301372219000,61.349,61.349,61.347,61.348,19000000,1
1301372220000,1301372279000,61.351,61.356,61.347,61.347,37000000,1
1301372280000,1301372339000,61.347,61.347,61.347,61.347,36000000,1
1301372340000,1301372399000,61.347,61.347,61.329,61.337,53000000,1
1301372400000,1301372459000,61.336,61.359,61.336,61.351,34000000,1
1301372460000,1301372519000,61.351,61.351,61.347,61.347,13000000,1
1301372520000,1301372579000,61.342,61.347,61.338,61.347,25000000,1
1301372580000,1301372639000,61.347,61.347,61.337,61.347,24000000,1
1301372640000,1301372699000,61.347,61.348,61.337,61.337,21000000,1
1301372700000,1301372759000,61.337,61.348,61.337,61.348,20000000,1
1301372760000,1301372819000,61.348,61.348,61.348,61.348,4000000,1
1301372820000,1301372879000,61.348,61.348,61.341,61.348,29000000,1
1301372880000,1301372939000,61.348,61.356,61.343,61.343,28000000,1
1301372940000,1301372999000,61.337,61.337,61.337,61.337,9000000,1
1301373000000,1301373059000,61.337,61.351,61.337,61.341,49000000,1
1301373060000,1301373119000,61.338,61.342,61.338,61.342,7000000,1
1301373120000,1301373179000,61.347,61.35,61.347,61.35,23000000,1
1301373180000,1301373239000,61.347,61.368,61.347,61.347,70000000,1
1301373240000,1301373299000,61.347,61.358,61.347,61.357,18000000,1
1301373300000,1301373359000,61.356,61.357,61.356,61.357,9000000,1
1301373360000,1301373419000,61.357,61.358,61.357,61.358,4000000,1
1301373420000,1301373479000,61.358,61.358,61.349,61.357,44000000,1
1301373480000,1301373539000,61.356,61.358,61.348,61.349,19000000,1
1301373540000,1301373599000,61.357,61.357,61.348,61.349,45000000,1
1301373600000,1301373659000,61.349,61.367,61.348,61.357,60000000,1
1301373660000,1301373719000,61.357,61.357,61.35,61.357,14000000,1
1301373720000,1301373779000,61.357,61.357,61.356,61.357,25000000,1
1301373780000,1301373839000,61.357,61.358,61.347,61.356,78000000,1
1301373840000,1301373899000,61.357,61.357,61.347,61.356,19000000,1
1301373900000,1301373959000,61.356,61.358,61.352,61.356,17000000,1
1301373960000,1301374019000,61.349,61.366,61.349,61.366,25000000,1
1301374020000,1301374079000,61.366,61.366,61.358,61.358,16000000,1
1301374080000,1301374139000,61.362,61.368,61.362,61.367,24000000,1
1301374140000,1301374199000,61.366,61.367,61.359,61.366,26000000,1
1301374200000,1301374259000,61.368,61.368,61.366,61.366,19000000,1
1301374260000,1301374319000,61.366,61.368,61.359,61.367,12000000,1
1301374320000,1301374379000,61.367,61.367,61.358,61.366,16000000,1
1301374380000,1301374439000,61.367,61.367,61.357,61.366,35000000,1
1301374440000,1301374499000,61.367,61.381,61.367,61.378,33000000,1
1301374500000,1301374559000,61.378,61.388,61.366,61.368,64000000,1
1301374560000,1301374619000,61.368,61.37,61.358,61.367,59000000,1
1301374620000,1301374679000,61.367,61.368,61.358,61.358,40000000,1
1301374680000,1301374739000,61.358,61.377,61.357,61.368,88000000,1
1301374740000,1301374799000,61.368,61.378,61.368,61.377,24000000,1
1301374800000,1301374859000,61.377,61.388,61.371,61.371,42000000,1
1301374860000,1301374919000,61.367,61.368,61.367,61.368,7000000,1
1301374920000,1301374979000,61.368,61.377,61.367,61.377,27000000,1
1301374980000,1301375039000,61.376,61.376,61.367,61.367,23000000,1
1301375040000,1301375099000,61.367,61.368,61.357,61.367,45000000,1
1301375100000,1301375159000,61.367,61.376,61.367,61.376,34000000,1
1301375160000,1301375219000,61.376,61.376,61.358,61.358,28000000,1
1301375220000,1301375279000,61.367,61.367,61.356,61.358,22000000,1
1301375280000,1301375339000,61.358,61.358,61.358,61.358,7000000,1
1301375340000,1301375399000,61.359,61.367,61.359,61.367,39000000,1
1301375400000,1301375459000,61.369,61.377,61.369,61.376,24000000,1
1301375460000,1301375519000,61.377,61.379,61.376,61.379,11000000,1
1301375520000,1301375579000,61.379,61.379,61.378,61.378,12000000,1
1301375580000,1301375639000,61.377,61.378,61.373,61.373,12000000,1
1301375640000,1301375699000,61.377,61.377,61.377,61.377,12000000,1
1301375700000,1301375759000,61.377,61.38,61.377,61.38,27000000,1
1301375760000,1301375819000,61.387,61.404,61.379,61.397,40000000,1
1301375820000,1301375879000,61.407,61.407,61.397,61.402,21000000,1
1301375880000,1301375939000,61.401,61.401,61.398,61.398,9000000,1
1301375940000,1301375999000,61.397,61.401,61.391,61.391,16000000,1
1301376000000,1301376059000,61.388,61.397,61.388,61.397,25000000,1
1301376060000,1301376119000,61.397,61.397,61.395,61.396,26000000,1
1301376120000,1301376179000,61.397,61.408,61.396,61.408,24000000,1
1301376180000,1301376239000,61.407,61.409,61.404,61.407,27000000,1
1301376240000,1301376299000,61.397,61.409,61.397,61.399,13000000,1
1301376300000,1301376359000,61.409,61.409,61.4,61.4,12000000,1
1301376360000,1301376419000,61.407,61.408,61.4,61.406,32000000,1
1301376420000,1301376479000,61.407,61.407,61.397,61.4,12000000,1
1301376480000,1301376539000,61.399,61.406,61.392,61.396,33000000,1
1301376540000,1301376599000,61.396,61.397,61.38,61.393,47000000,1
1301376600000,1301376659000,61.396,61.396,61.378,61.387,37000000,1
1301376660000,1301376719000,61.387,61.387,61.378,61.379,14000000,1
1301376720000,1301376779000,61.386,61.386,61.378,61.383,15000000,1
1301376780000,1301376839000,61.378,61.387,61.377,61.387,128000000,1
1301376840000,1301376899000,61.388,61.388,61.377,61.377,25000000,1
1301376900000,1301376959000,61.377,61.377,61.368,61.368,12000000,1
1301376960000,1301377019000,61.368,61.378,61.367,61.367,40000000,1
1301377020000,1301377079000,61.367,61.367,61.367,61.367,15000000,1
1301377080000,1301377139000,61.367,61.37,61.367,61.368,26000000,1
1301377140000,1301377199000,61.367,61.368,61.357,61.368,63000000,1
1301377200000,1301377259000,61.367,61.368,61.367,61.368,5000000,1
1301377260000,1301377319000,61.369,61.378,61.369,61.374,28000000,1
1301377320000,1301377379000,61.37,61.408,61.368,61.408,78000000,1
1301377380000,1301377439000,61.408,61.418,61.407,61.418,35000000,1
1301377440000,1301377499000,61.418,61.418,61.407,61.408,41000000,1
1301377500000,1301377559000,61.408,61.408,61.398,61.4,44000000,1
1301377560000,1301377619000,61.398,61.407,61.398,61.405,21000000,1
1301377620000,1301377679000,61.405,61.412,61.398,61.405,36000000,1
1301377680000,1301377739000,61.404,61.409,61.404,61.408,33000000,1
1301377740000,1301377799000,61.408,61.418,61.397,61.401,48000000,1
1301377800000,1301377859000,61.401,61.409,61.4,61.401,158000000,1
1301377860000,1301377919000,61.406,61.407,61.406,61.407,13000000,1
1301377920000,1301377979000,61.407,61.408,61.391,61.398,81000000,1
1301377980000,1301378039000,61.398,61.402,61.398,61.399,39000000,1
1301378040000,1301378099000,61.399,61.406,61.396,61.396,13000000,1
1301378100000,1301378159000,61.396,61.407,61.396,61.407,26000000,1
1301378160000,1301378219000,61.398,61.408,61.367,61.368,68000000,1
1301378220000,1301378279000,61.368,61.377,61.368,61.368,10000000,1
1301378280000,1301378339000,61.368,61.378,61.367,61.367,39000000,1
1301378340000,1301378399000,61.368,61.418,61.367,61.417,120000000,1
1301378400000,1301378459000,61.407,61.417,61.407,61.408,39000000,1
1301378460000,1301378519000,61.408,61.408,61.388,61.397,48000000,1
1301378520000,1301378579000,61.398,61.408,61.398,61.398,39000000,1
1301378580000,1301378639000,61.398,61.398,61.396,61.396,25000000,1
1301378640000,1301378699000,61.396,61.397,61.386,61.396,46000000,1
1301378700000,1301378759000,61.387,61.397,61.387,61.396,39000000,1
1301378760000,1301378819000,61.396,61.397,61.387,61.387,38000000,1
1301378820000,1301378879000,61.387,61.398,61.387,61.398,26000000,1
1301378880000,1301378939000,61.397,61.397,61.396,61.397,37000000,1
1301378940000,1301378999000,61.397,61.397,61.397,61.397,19000000,1
1301379000000,1301379059000,61.397,61.397,61.386,61.387,29000000,1
1301379060000,1301379119000,61.386,61.388,61.386,61.387,27000000,1
1301379120000,1301379179000,61.387,61.387,61.367,61.367,40000000,1
1301379180000,1301379239000,61.367,61.369,61.357,61.369,37000000,1
1301379240000,1301379299000,61.367,61.378,61.367,61.378,75000000,1
1301379300000,1301379359000,61.376,61.377,61.367,61.377,39000000,1
1301379360000,1301379419000,61.372,61.372,61.347,61.347,78000000,1
1301379420000,1301379479000,61.347,61.35,61.347,61.348,39000000,1
1301379480000,1301379539000,61.348,61.368,61.347,61.358,105000000,1
1301379540000,1301379599000,61.358,61.358,61.326,61.326,106000000,1
1301379600000,1301379659000,61.326,61.338,61.317,61.327,132000000,1
1301379660000,1301379719000,61.327,61.368,61.327,61.368,116000000,1
1301379720000,1301379779000,61.368,61.368,61.327,61.338,165000000,1
1301379780000,1301379839000,61.338,61.348,61.316,61.326,84000000,1
1301379840000,1301379899000,61.326,61.327,61.308,61.316,31000000,1
1301379900000,1301379959000,61.308,61.318,61.308,61.317,38000000,1
1301379960000,1301380019000,61.317,61.327,61.298,61.306,109000000,1
1301380020000,1301380079000,61.306,61.308,61.288,61.297,79000000,1
1301380080000,1301380139000,61.308,61.328,61.303,61.327,124000000,1
1301380140000,1301380199000,61.327,61.348,61.327,61.347,80000000,1
1301380200000,1301380259000,61.347,61.358,61.347,61.348,146000000,1
1301380260000,1301380319000,61.354,61.361,61.341,61.357,75000000,1
1301380320000,1301380379000,61.358,61.358,61.338,61.348,64000000,1
1301380380000,1301380439000,61.364,61.365,61.347,61.347,110000000,1
1301380440000,1301380499000,61.347,61.35,61.347,61.347,34000000,1
1301380500000,1301380559000,61.347,61.368,61.342,61.347,128000000,1
1301380560000,1301380619000,61.347,61.357,61.347,61.347,40000000,1
1301380620000,1301380679000,61.347,61.35,61.337,61.346,91000000,1
1301380680000,1301380739000,61.347,61.347,61.346,61.347,15000000,1
1301380740000,1301380799000,61.347,61.387,61.347,61.377,122000000,1
1301380800000,1301380859000,61.378,61.378,61.367,61.377,64000000,1
1301380860000,1301380919000,61.377,61.377,61.366,61.367,101000000,1
1301380920000,1301380979000,61.367,61.367,61.358,61.358,38000000,1
1301380980000,1301381039000,61.358,61.368,61.346,61.358,86000000,1
1301381040000,1301381099000,61.358,61.367,61.337,61.338,78000000,1
1301381100000,1301381159000,61.341,61.377,61.336,61.377,100000000,1
1301381160000,1301381219000,61.377,61.387,61.367,61.387,55000000,1
1301381220000,1301381279000,61.387,61.388,61.367,61.387,82000000,1
1301381280000,1301381339000,61.387,61.408,61.367,61.398,185000000,1
1301381340000,1301381399000,61.398,61.418,61.396,61.417,155000000,1
1301381400000,1301381459000,61.41,61.468,61.41,61.457,137000000,1
1301381460000,1301381519000,61.457,61.458,61.443,61.443,130000000,1
1301381520000,1301381579000,61.437,61.457,61.418,61.448,138000000,1
1301381580000,1301381639000,61.437,61.447,61.427,61.438,96000000,1
1301381640000,1301381699000,61.438,61.438,61.416,61.427,87000000,1
1301381700000,1301381759000,61.427,61.437,61.426,61.436,54000000,1
1301381760000,1301381819000,61.436,61.437,61.408,61.417,51000000,1
1301381820000,1301381879000,61.417,61.427,61.416,61.418,43000000,1
1301381880000,1301381939000,61.418,61.418,61.377,61.407,123000000,1
1301381940000,1301381999000,61.407,61.407,61.358,61.361,83000000,1
1301382000000,1301382059000,61.367,61.377,61.362,61.377,48000000,1
1301382060000,1301382119000,61.371,61.397,61.371,61.396,64000000,1
1301382120000,1301382179000,61.396,61.407,61.386,61.406,45000000,1
1301382180000,1301382239000,61.406,61.406,61.387,61.387,41000000,1
1301382240000,1301382299000,61.387,61.398,61.387,61.397,40000000,1
1301382300000,1301382359000,61.398,61.424,61.397,61.423,40000000,1
1301382360000,1301382419000,61.424,61.429,61.423,61.427,72000000,1
1301382420000,1301382479000,61.427,61.429,61.423,61.428,65000000,1
1301382480000,1301382539000,61.428,61.448,61.427,61.447,93000000,1
1301382540000,1301382599000,61.438,61.439,61.433,61.439,32000000,1
1301382600000,1301382659000,61.437,61.448,61.428,61.448,93000000,1
1301382660000,1301382719000,61.448,61.457,61.443,61.457,51000000,1
1301382720000,1301382779000,61.457,61.478,61.457,61.468,113000000,1
1301382780000,1301382839000,61.473,61.488,61.459,61.488,153000000,1
1301382840000,1301382899000,61.487,61.509,61.487,61.507,204000000,1
1301382900000,1301382959000,61.507,61.507,61.488,61.501,125000000,1
1301382960000,1301383019000,61.498,61.505,61.49,61.49,152000000,1
1301383020000,1301383079000,61.488,61.519,61.47,61.517,175000000,1
1301383080000,1301383139000,61.517,61.527,61.507,61.518,105000000,1
1301383140000,1301383199000,61.518,61.52,61.507,61.518,89000000,1
1301383200000,1301383259000,61.518,61.568,61.518,61.549,177000000,1
1301383260000,1301383319000,61.55,61.55,61.537,61.546,153000000,1
1301383320000,1301383379000,61.548,61.548,61.517,61.517,128000000,1
1301383380000,1301383439000,61.517,61.529,61.517,61.528,103000000,1
1301383440000,1301383499000,61.528,61.54,61.513,61.519,113000000,1
1301383500000,1301383559000,61.522,61.527,61.491,61.523,151000000,1
1301383560000,1301383619000,61.527,61.527,61.507,61.51,94000000,1
1301383620000,1301383679000,61.51,61.51,61.5,61.5,51000000,1
1301383680000,1301383739000,61.5,61.518,61.5,61.511,49000000,1
1301383740000,1301383799000,61.511,61.511,61.498,61.502,54000000,1
1301383800000,1301383859000,61.502,61.51,61.496,61.498,62000000,1
1301383860000,1301383919000,61.497,61.499,61.487,61.497,86000000,1
1301383920000,1301383979000,61.497,61.501,61.488,61.498,59000000,1
1301383980000,1301384039000,61.497,61.498,61.487,61.498,63000000,1
1301384040000,1301384099000,61.489,61.498,61.457,61.467,69000000,1
1301384100000,1301384159000,61.467,61.468,61.438,61.438,191000000,1
1301384160000,1301384219000,61.437,61.459,61.437,61.459,88000000,1
1301384220000,1301384279000,61.458,61.458,61.453,61.454,56000000,1
1301384280000,1301384339000,61.453,61.454,61.427,61.43,75000000,1
1301384340000,1301384399000,61.428,61.437,61.418,61.421,76000000,1
1301384400000,1301384459000,61.422,61.434,61.418,61.427,78000000,1
1301384460000,1301384519000,61.428,61.439,61.427,61.437,83000000,1
1301384520000,1301384579000,61.436,61.444,61.415,61.44,108000000,1
1301384580000,1301384639000,61.441,61.447,61.441,61.441,43000000,1
1301384640000,1301384699000,61.443,61.443,61.437,61.437,35000000,1
1301384700000,1301384759000,61.437,61.438,61.397,61.41,101000000,1
1301384760000,1301384819000,61.407,61.409,61.4,61.402,63000000,1
1301384820000,1301384879000,61.403,61.428,61.399,61.428,144000000,1
1301384880000,1301384939000,61.428,61.429,61.416,61.417,77000000,1
1301384940000,1301384999000,61.417,61.427,61.407,61.417,74000000,1
1301385000000,1301385059000,61.417,61.419,61.406,61.406,106000000,1
1301385060000,1301385119000,61.407,61.407,61.388,61.398,92000000,1
1301385120000,1301385179000,61.398,61.409,61.394,61.407,98000000,1
1301385180000,1301385239000,61.407,61.418,61.397,61.417,48000000,1
1301385240000,1301385299000,61.417,61.418,61.416,61.416,11000000,1
1301385300000,1301385359000,61.407,61.428,61.407,61.417,62000000,1
1301385360000,1301385419000,61.417,61.426,61.416,61.426,24000000,1
1301385420000,1301385479000,61.426,61.429,61.418,61.429,50000000,1
1301385480000,1301385539000,61.43,61.434,61.43,61.43,23000000,1
1301385540000,1301385599000,61.432,61.448,61.432,61.438,76000000,1
1301385600000,1301385659000,61.437,61.438,61.418,61.427,76000000,1
1301385660000,1301385719000,61.428,61.43,61.421,61.427,53000000,1
1301385720000,1301385779000,61.427,61.437,61.427,61.437,67000000,1
1301385780000,1301385839000,61.437,61.454,61.437,61.438,39000000,1
1301385840000,1301385899000,61.438,61.457,61.438,61.449,57000000,1
1301385900000,1301385959000,61.448,61.458,61.437,61.446,105000000,1
1301385960000,1301386019000,61.448,61.468,61.446,61.468,76000000,1
1301386020000,1301386079000,61.468,61.478,61.466,61.478,70000000,1
1301386080000,1301386139000,61.476,61.478,61.476,61.478,18000000,1
1301386140000,1301386199000,61.476,61.477,61.459,61.459,92000000,1
1301386200000,1301386259000,61.457,61.457,61.431,61.436,44000000,1
1301386260000,1301386319000,61.436,61.436,61.417,61.431,106000000,1
1301386320000,1301386379000,61.43,61.458,61.43,61.436,93000000,1
1301386380000,1301386439000,61.437,61.458,61.436,61.457,63000000,1
1301386440000,1301386499000,61.457,61.457,61.438,61.448,50000000,1
1301386500000,1301386559000,61.448,61.45,61.447,61.448,52000000,1
1301386560000,1301386619000,61.449,61.451,61.437,61.437,121000000,1
1301386620000,1301386679000,61.436,61.436,61.41,61.419,112000000,1
1301386680000,1301386739000,61.419,61.431,61.417,61.427,148000000,1
1301386740000,1301386799000,61.427,61.438,61.427,61.438,50000000,1
1301386800000,1301386859000,61.438,61.438,61.427,61.428,67000000,1
1301386860000,1301386919000,61.427,61.437,61.423,61.428,69000000,1
1301386920000,1301386979000,61.428,61.428,61.423,61.425,22000000,1
1301386980000,1301387039000,61.429,61.429,61.413,61.418,106000000,1
1301387040000,1301387099000,61.417,61.417,61.407,61.417,65000000,1
1301387100000,1301387159000,61.417,61.42,61.407,61.42,93000000,1
1301387160000,1301387219000,61.419,61.428,61.417,61.418,111000000,1
1301387220000,1301387279000,61.418,61.427,61.417,61.418,91000000,1
1301387280000,1301387339000,61.418,61.421,61.417,61.418,42000000,1
1301387340000,1301387399000,61.419,61.427,61.417,61.417,86000000,1
1301387400000,1301387459000,61.417,61.434,61.417,61.434,47000000,1
1301387460000,1301387519000,61.433,61.434,61.417,61.428,120000000,1
1301387520000,1301387579000,61.428,61.447,61.427,61.447,94000000,1
1301387580000,1301387639000,61.448,61.468,61.448,61.459,54000000,1
1301387640000,1301387699000,61.46,61.478,61.46,61.477,80000000,1
1301387700000,1301387759000,61.477,61.516,61.477,61.512,75000000,1
1301387760000,1301387819000,61.513,61.537,61.513,61.53,115000000,1
1301387820000,1301387879000,61.53,61.53,61.509,61.509,115000000,1
1301387880000,1301387939000,61.509,61.527,61.501,61.517,102000000,1
1301387940000,1301387999000,61.517,61.518,61.508,61.508,58000000,1
1301388000000,1301388059000,61.508,61.518,61.508,61.517,79000000,1
1301388060000,1301388119000,61.517,61.517,61.498,61.498,126000000,1
1301388120000,1301388179000,61.498,61.519,61.498,61.507,100000000,1
1301388180000,1301388239000,61.507,61.508,61.497,61.498,81000000,1
1301388240000,1301388299000,61.498,61.517,61.491,61.507,101000000,1
1301388300000,1301388359000,61.507,61.548,61.507,61.538,113000000,1
1301388360000,1301388419000,61.542,61.558,61.537,61.537,105000000,1
1301388420000,1301388479000,61.537,61.548,61.537,61.538,51000000,1
1301388480000,1301388539000,61.537,61.567,61.537,61.557,74000000,1
1301388540000,1301388599000,61.557,61.567,61.556,61.556,60000000,1
1301388600000,1301388659000,61.556,61.568,61.55,61.559,116000000,1
1301388660000,1301388719000,61.558,61.558,61.54,61.548,63000000,1
1301388720000,1301388779000,61.548,61.548,61.548,61.548,21000000,1
1301388780000,1301388839000,61.548,61.554,61.543,61.548,57000000,1
1301388840000,1301388899000,61.554,61.556,61.553,61.556,16000000,1
1301388900000,1301388959000,61.556,61.558,61.547,61.547,75000000,1
1301388960000,1301389019000,61.547,61.548,61.526,61.536,118000000,1
1301389020000,1301389079000,61.536,61.536,61.507,61.508,77000000,1
1301389080000,1301389139000,61.508,61.527,61.498,61.518,77000000,1
1301389140000,1301389199000,61.518,61.527,61.507,61.509,62000000,1
1301389200000,1301389259000,61.51,61.518,61.496,61.517,132000000,1
1301389260000,1301389319000,61.517,61.536,61.498,61.528,227000000,1
1301389320000,1301389379000,61.527,61.537,61.509,61.518,162000000,1
1301389380000,1301389439000,61.518,61.518,61.492,61.496,94000000,1
1301389440000,1301389499000,61.496,61.496,61.457,61.467,123000000,1
1301389500000,1301389559000,61.467,61.478,61.457,61.466,61000000,1
1301389560000,1301389619000,61.471,61.471,61.448,61.466,71000000,1
1301389620000,1301389679000,61.466,61.467,61.449,61.458,64000000,1
1301389680000,1301389739000,61.463,61.477,61.463,61.477,114000000,1
1301389740000,1301389799000,61.469,61.469,61.437,61.44,145000000,1
1301389800000,1301389859000,61.438,61.459,61.437,61.457,65000000,1
1301389860000,1301389919000,61.457,61.459,61.427,61.447,194000000,1
1301389920000,1301389979000,61.446,61.448,61.427,61.428,96000000,1
1301389980000,1301390039000,61.431,61.433,61.408,61.417,39000000,1
1301390040000,1301390099000,61.417,61.431,61.404,61.407,128000000,1
1301390100000,1301390159000,61.406,61.438,61.398,61.436,100000000,1
1301390160000,1301390219000,61.439,61.439,61.427,61.427,82000000,1
1301390220000,1301390279000,61.427,61.438,61.427,61.427,68000000,1
1301390280000,1301390339000,61.427,61.44,61.418,61.418,63000000,1
1301390340000,1301390399000,61.418,61.428,61.407,61.408,66000000,1
1301390400000,1301390459000,61.408,61.428,61.408,61.417,38000000,1
1301390460000,1301390519000,61.417,61.428,61.408,61.428,94000000,1
1301390520000,1301390579000,61.428,61.448,61.427,61.447,61000000,1
1301390580000,1301390639000,61.439,61.448,61.407,61.428,111000000,1
1301390640000,1301390699000,61.428,61.431,61.417,61.417,119000000,1
1301390700000,1301390759000,61.417,61.418,61.403,61.417,96000000,1
1301390760000,1301390819000,61.417,61.419,61.417,61.419,12000000,1
1301390820000,1301390879000,61.419,61.458,61.419,61.457,99000000,1
1301390880000,1301390939000,61.457,61.467,61.456,61.456,48000000,1
1301390940000,1301390999000,61.456,61.457,61.456,61.457,17000000,1
1301391000000,1301391059000,61.457,61.484,61.428,61.477,172000000,1
1301391060000,1301391119000,61.477,61.52,61.477,61.497,225000000,1
1301391120000,1301391179000,61.491,61.498,61.478,61.478,131000000,1
1301391180000,1301391239000,61.478,61.48,61.447,61.467,122000000,1
1301391240000,1301391299000,61.467,61.48,61.449,61.449,218000000,1
1301391300000,1301391359000,61.449,61.496,61.449,61.49,172000000,1
1301391360000,1301391419000,61.488,61.521,61.488,61.521,103000000,1
1301391420000,1301391479000,61.52,61.53,61.518,61.527,132000000,1
1301391480000,1301391539000,61.527,61.527,61.507,61.517,143000000,1
1301391540000,1301391599000,61.511,61.518,61.487,61.498,129000000,1
1301391600000,1301391659000,61.498,61.498,61.468,61.468,90000000,1
1301391660000,1301391719000,61.469,61.484,61.465,61.48,90000000,1
1301391720000,1301391779000,61.48,61.488,61.48,61.487,65000000,1
1301391780000,1301391839000,61.487,61.528,61.487,61.528,67000000,1
1301391840000,1301391899000,61.528,61.528,61.497,61.507,76000000,1
1301391900000,1301391959000,61.499,61.518,61.497,61.507,183000000,1
1301391960000,1301392019000,61.507,61.537,61.507,61.518,175000000,1
1301392020000,1301392079000,61.518,61.527,61.497,61.507,146000000,1
1301392080000,1301392139000,61.508,61.517,61.507,61.517,88000000,1
1301392140000,1301392199000,61.518,61.528,61.517,61.527,57000000,1
1301392200000,1301392259000,61.517,61.528,61.505,61.527,143000000,1
1301392260000,1301392319000,61.527,61.528,61.517,61.517,119000000,1
1301392320000,1301392379000,61.518,61.538,61.518,61.528,59000000,1
1301392380000,1301392439000,61.528,61.558,61.528,61.547,57000000,1
1301392440000,1301392499000,61.549,61.558,61.547,61.55,108000000,1
1301392500000,1301392559000,61.552,61.558,61.539,61.548,54000000,1
1301392560000,1301392619000,61.541,61.56,61.527,61.528,118000000,1
1301392620000,1301392679000,61.527,61.531,61.517,61.517,73000000,1
1301392680000,1301392739000,61.517,61.522,61.517,61.517,139000000,1
1301392740000,1301392799000,61.517,61.528,61.517,61.518,72000000,1
1301392800000,1301392859000,61.523,61.557,61.518,61.557,152000000,1
1301392860000,1301392919000,61.557,61.567,61.547,61.558,110000000,1
1301392920000,1301392979000,61.558,61.577,61.557,61.577,60000000,1
1301392980000,1301393039000,61.577,61.588,61.577,61.577,147000000,1
1301393040000,1301393099000,61.577,61.578,61.574,61.578,45000000,1
1301393100000,1301393159000,61.578,61.588,61.567,61.587,83000000,1
1301393160000,1301393219000,61.587,61.59,61.578,61.59,75000000,1
1301393220000,1301393279000,61.591,61.597,61.577,61.586,103000000,1
1301393280000,1301393339000,61.587,61.587,61.577,61.586,28000000,1
1301393340000,1301393399000,61.586,61.588,61.578,61.579,53000000,1
1301393400000,1301393459000,61.579,61.587,61.571,61.572,46000000,1
1301393460000,1301393519000,61.573,61.577,61.567,61.568,47000000,1
1301393520000,1301393579000,61.571,61.6,61.571,61.597,85000000,1
1301393580000,1301393639000,61.597,61.597,61.58,61.581,44000000,1
1301393640000,1301393699000,61.582,61.588,61.57,61.578,107000000,1
1301393700000,1301393759000,61.579,61.581,61.569,61.577,69000000,1
1301393760000,1301393819000,61.578,61.578,61.567,61.577,51000000,1
1301393820000,1301393879000,61.577,61.578,61.558,61.567,59000000,1
1301393880000,1301393939000,61.567,61.567,61.567,61.567,7000000,1
1301393940000,1301393999000,61.567,61.578,61.567,61.578,60000000,1
1301394000000,1301394059000,61.578,61.587,61.578,61.587,18000000,1
1301394060000,1301394119000,61.585,61.588,61.577,61.577,86000000,1
1301394120000,1301394179000,61.569,61.578,61.558,61.571,50000000,1
1301394180000,1301394239000,61.567,61.578,61.567,61.577,70000000,1
1301394240000,1301394299000,61.577,61.578,61.577,61.578,19000000,1
1301394300000,1301394359000,61.578,61.578,61.578,61.578,16000000,1
1301394360000,1301394419000,61.578,61.578,61.539,61.546,79000000,1
1301394420000,1301394479000,61.548,61.548,61.52,61.528,107000000,1
1301394480000,1301394539000,61.528,61.556,61.528,61.556,57000000,1
1301394540000,1301394599000,61.556,61.557,61.546,61.548,34000000,1
1301394600000,1301394659000,61.557,61.558,61.537,61.548,65000000,1
1301394660000,1301394719000,61.547,61.548,61.531,61.537,113000000,1
1301394720000,1301394779000,61.537,61.557,61.528,61.557,70000000,1
1301394780000,1301394839000,61.56,61.576,61.547,61.569,97000000,1
1301394840000,1301394899000,61.569,61.59,61.569,61.59,87000000,1
1301394900000,1301394959000,61.59,61.597,61.587,61.597,66000000,1
1301394960000,1301395019000,61.596,61.6,61.587,61.597,80000000,1
1301395020000,1301395079000,61.597,61.608,61.587,61.588,65000000,1
1301395080000,1301395139000,61.588,61.588,61.568,61.58,117000000,1
1301395140000,1301395199000,61.579,61.588,61.576,61.588,51000000,1
1301395200000,1301395259000,61.588,61.597,61.584,61.597,56000000,1
1301395260000,1301395319000,61.588,61.591,61.577,61.588,99000000,1
1301395320000,1301395379000,61.588,61.588,61.567,61.569,60000000,1
1301395380000,1301395439000,61.568,61.568,61.547,61.547,52000000,1
1301395440000,1301395499000,61.558,61.568,61.558,61.567,34000000,1
1301395500000,1301395559000,61.567,61.577,61.558,61.566,60000000,1
1301395560000,1301395619000,61.566,61.568,61.559,61.568,23000000,1
1301395620000,1301395679000,61.568,61.578,61.567,61.567,66000000,1
1301395680000,1301395739000,61.567,61.569,61.561,61.567,53000000,1
1301395740000,1301395799000,61.57,61.57,61.567,61.567,15000000,1
1301395800000,1301395859000,61.566,61.567,61.566,61.567,9000000,1
1301395860000,1301395919000,61.568,61.568,61.558,61.567,25000000,1
1301395920000,1301395979000,61.567,61.577,61.547,61.547,67000000,1
1301395980000,1301396039000,61.549,61.557,61.547,61.547,19000000,1
1301396040000,1301396099000,61.547,61.548,61.539,61.547,38000000,1
1301396100000,1301396159000,61.546,61.548,61.543,61.547,12000000,1
1301396160000,1301396219000,61.547,61.58,61.542,61.567,202000000,1
1301396220000,1301396279000,61.568,61.576,61.552,61.557,82000000,1
1301396280000,1301396339000,61.56,61.574,61.558,61.558,64000000,1
1301396340000,1301396399000,61.558,61.559,61.548,61.548,43000000,1
1301396400000,1301396459000,61.548,61.588,61.538,61.588,212000000,1
1301396460000,1301396519000,61.588,61.638,61.587,61.607,217000000,1
1301396520000,1301396579000,61.607,61.648,61.607,61.648,171000000,1
1301396580000,1301396639000,61.648,61.648,61.628,61.647,112000000,1
1301396640000,1301396699000,61.647,61.648,61.616,61.616,84000000,1
1301396700000,1301396759000,61.617,61.636,61.607,61.626,106000000,1
1301396760000,1301396819000,61.626,61.637,61.626,61.628,75000000,1
1301396820000,1301396879000,61.627,61.638,61.627,61.638,89000000,1
1301396880000,1301396939000,61.638,61.666,61.636,61.666,133000000,1
1301396940000,1301396999000,61.669,61.688,61.668,61.678,165000000,1
1301397000000,1301397059000,61.678,61.687,61.668,61.676,102000000,1
1301397060000,1301397119000,61.676,61.687,61.658,61.668,102000000,1
1301397120000,1301397179000,61.667,61.668,61.647,61.647,140000000,1
1301397180000,1301397239000,61.642,61.648,61.637,61.637,59000000,1
1301397240000,1301397299000,61.637,61.668,61.637,61.667,84000000,1
1301397300000,1301397359000,61.667,61.668,61.647,61.658,100000000,1
1301397360000,1301397419000,61.658,61.669,61.646,61.666,74000000,1
1301397420000,1301397479000,61.667,61.672,61.66,61.66,72000000,1
1301397480000,1301397539000,61.666,61.666,61.636,61.647,147000000,1
1301397540000,1301397599000,61.647,61.666,61.632,61.662,243000000,1
1301397600000,1301397659000,61.661,61.668,61.617,61.627,140000000,1
1301397660000,1301397719000,61.627,61.659,61.607,61.648,159000000,1
1301397720000,1301397779000,61.648,61.65,61.636,61.636,147000000,1
1301397780000,1301397839000,61.636,61.658,61.636,61.658,122000000,1
1301397840000,1301397899000,61.658,61.678,61.656,61.668,106000000,1
1301397900000,1301397959000,61.676,61.677,61.668,61.677,73000000,1
1301397960000,1301398019000,61.676,61.677,61.668,61.668,44000000,1
1301398020000,1301398079000,61.668,61.668,61.649,61.656,121000000,1
1301398080000,1301398139000,61.658,61.698,61.651,61.677,236000000,1
1301398140000,1301398199000,61.677,61.718,61.668,61.698,219000000,1
1301398200000,1301398259000,61.698,61.719,61.689,61.692,162000000,1
1301398260000,1301398319000,61.691,61.692,61.669,61.677,145000000,1
1301398320000,1301398379000,61.676,61.678,61.669,61.67,46000000,1
1301398380000,1301398439000,61.669,61.7,61.669,61.687,77000000,1
1301398440000,1301398499000,61.686,61.686,61.667,61.677,75000000,1
1301398500000,1301398559000,61.677,61.688,61.666,61.677,152000000,1
1301398560000,1301398619000,61.676,61.679,61.659,61.666,86000000,1
1301398620000,1301398679000,61.668,61.688,61.668,61.688,70000000,1
1301398680000,1301398739000,61.687,61.688,61.677,61.681,57000000,1
1301398740000,1301398799000,61.68,61.68,61.661,61.678,50000000,1
1301398800000,1301398859000,61.669,61.687,61.667,61.672,108000000,1
1301398860000,1301398919000,61.675,61.679,61.666,61.673,117000000,1
1301398920000,1301398979000,61.675,61.678,61.658,61.658,152000000,1
1301398980000,1301399039000,61.658,61.658,61.637,61.637,97000000,1
1301399040000,1301399099000,61.637,61.638,61.618,61.618,189000000,1
1301399100000,1301399159000,61.619,61.643,61.618,61.631,106000000,1
1301399160000,1301399219000,61.636,61.64,61.617,61.627,96000000,1
1301399220000,1301399279000,61.627,61.638,61.606,61.627,107000000,1
1301399280000,1301399339000,61.627,61.637,61.617,61.618,98000000,1
1301399340000,1301399399000,61.619,61.638,61.618,61.638,55000000,1
1301399400000,1301399459000,61.648,61.671,61.648,61.668,99000000,1
1301399460000,1301399519000,61.668,61.687,61.667,61.668,105000000,1
1301399520000,1301399579000,61.668,61.697,61.668,61.687,123000000,1
1301399580000,1301399639000,61.688,61.702,61.688,61.697,103000000,1
1301399640000,1301399699000,61.698,61.708,61.698,61.708,45000000,1
1301399700000,1301399759000,61.708,61.708,61.688,61.688,56000000,1
1301399760000,1301399819000,61.688,61.7,61.687,61.699,56000000,1
1301399820000,1301399879000,61.698,61.708,61.697,61.708,64000000,1
1301399880000,1301399939000,61.708,61.708,61.697,61.708,47000000,1
1301399940000,1301399999000,61.707,61.729,61.699,61.729,134000000,1
1301400000000,1301400059000,61.729,61.729,61.691,61.708,149000000,1
1301400060000,1301400119000,61.707,61.714,61.686,61.686,113000000,1
1301400120000,1301400179000,61.686,61.693,61.679,61.686,99000000,1
1301400180000,1301400239000,61.686,61.686,61.673,61.676,114000000,1
1301400240000,1301400299000,61.676,61.677,61.669,61.67,57000000,1
1301400300000,1301400359000,61.669,61.687,61.667,61.677,87000000,1
1301400360000,1301400419000,61.677,61.687,61.667,61.668,85000000,1
1301400420000,1301400479000,61.668,61.682,61.668,61.68,72000000,1
1301400480000,1301400539000,61.681,61.718,61.678,61.698,100000000,1
1301400540000,1301400599000,61.698,61.707,61.683,61.686,73000000,1
1301400600000,1301400659000,61.686,61.708,61.678,61.699,138000000,1
1301400660000,1301400719000,61.697,61.698,61.667,61.671,119000000,1
1301400720000,1301400779000,61.671,61.687,61.671,61.678,52000000,1
1301400780000,1301400839000,61.678,61.698,61.678,61.696,75000000,1
1301400840000,1301400899000,61.697,61.718,61.691,61.718,115000000,1
1301400900000,1301400959000,61.718,61.718,61.67,61.689,151000000,1
1301400960000,1301401019000,61.698,61.718,61.697,61.718,125000000,1
1301401020000,1301401079000,61.718,61.729,61.716,61.729,87000000,1
1301401080000,1301401139000,61.732,61.759,61.727,61.736,160000000,1
1301401140000,1301401199000,61.728,61.757,61.728,61.747,82000000,1
1301401200000,1301401259000,61.747,61.767,61.737,61.757,171000000,1
1301401260000,1301401319000,61.757,61.768,61.757,61.767,101000000,1
1301401320000,1301401379000,61.767,61.778,61.756,61.758,162000000,1
1301401380000,1301401439000,61.758,61.788,61.757,61.788,173000000,1
1301401440000,1301401499000,61.78,61.817,61.777,61.816,207000000,1
1301401500000,1301401559000,61.817,61.828,61.808,61.816,199000000,1
1301401560000,1301401619000,61.816,61.828,61.816,61.818,146000000,1
1301401620000,1301401679000,61.818,61.847,61.818,61.846,204000000,1
1301401680000,1301401739000,61.846,61.859,61.836,61.836,163000000,1
1301401740000,1301401799000,61.836,61.84,61.817,61.817,142000000,1
1301401800000,1301401859000,61.821,61.826,61.797,61.798,148000000,1
1301401860000,1301401919000,61.799,61.806,61.787,61.806,156000000,1
1301401920000,1301401979000,61.806,61.807,61.788,61.797,85000000,1
1301401980000,1301402039000,61.788,61.797,61.787,61.797,84000000,1
1301402040000,1301402099000,61.794,61.807,61.785,61.786,91000000,1
1301402100000,1301402159000,61.787,61.798,61.778,61.798,116000000,1
1301402160000,1301402219000,61.798,61.798,61.787,61.789,117000000,1
1301402220000,1301402279000,61.787,61.792,61.786,61.787,76000000,1
1301402280000,1301402339000,61.787,61.796,61.779,61.779,48000000,1
1301402340000,1301402399000,61.783,61.788,61.746,61.757,124000000,1
1301402400000,1301402459000,61.758,61.776,61.758,61.772,92000000,1
1301402460000,1301402519000,61.777,61.777,61.758,61.777,74000000,1
1301402520000,1301402579000,61.777,61.786,61.747,61.757,146000000,1
1301402580000,1301402639000,61.765,61.796,61.765,61.787,195000000,1
1301402640000,1301402699000,61.787,61.827,61.778,61.82,210000000,1
1301402700000,1301402759000,61.822,61.829,61.801,61.806,212000000,1
1301402760000,1301402819000,61.807,61.818,61.807,61.818,106000000,1
1301402820000,1301402879000,61.817,61.844,61.807,61.839,130000000,1
1301402880000,1301402939000,61.839,61.878,61.839,61.868,189000000,1
1301402940000,1301402999000,61.87,61.877,61.857,61.868,100000000,1
1301403000000,1301403059000,61.868,61.888,61.867,61.878,86000000,1
1301403060000,1301403119000,61.878,61.886,61.876,61.877,88000000,1
1301403120000,1301403179000,61.878,61.898,61.869,61.896,143000000,1
1301403180000,1301403239000,61.889,61.898,61.887,61.887,121000000,1
1301403240000,1301403299000,61.883,61.891,61.858,61.858,147000000,1
1301403300000,1301403359000,61.858,61.866,61.838,61.857,137000000,1
1301403360000,1301403419000,61.857,61.866,61.847,61.848,85000000,1
1301403420000,1301403479000,61.848,61.871,61.847,61.867,153000000,1
1301403480000,1301403539000,61.867,61.878,61.857,61.869,127000000,1
1301403540000,1301403599000,61.867,61.887,61.866,61.866,123000000,1
1301403600000,1301403659000,61.866,61.879,61.858,61.879,160000000,1
1301403660000,1301403719000,61.877,61.888,61.848,61.858,121000000,1
1301403720000,1301403779000,61.858,61.877,61.847,61.877,198000000,1
1301403780000,1301403839000,61.871,61.891,61.871,61.877,166000000,1
1301403840000,1301403899000,61.878,61.89,61.861,61.864,292000000,1
1301403900000,1301403959000,61.859,61.889,61.859,61.872,236000000,1
1301403960000,1301404019000,61.868,61.877,61.859,61.87,147000000,1
1301404020000,1301404079000,61.87,61.876,61.855,61.876,159000000,1
1301404080000,1301404139000,61.868,61.887,61.864,61.879,152000000,1
1301404140000,1301404199000,61.877,61.878,61.848,61.859,123000000,1
1301404200000,1301404259000,61.859,61.903,61.859,61.903,110000000,1
1301404260000,1301404319000,61.906,61.906,61.877,61.904,124000000,1
1301404320000,1301404379000,61.907,61.907,61.886,61.902,123000000,1
1301404380000,1301404439000,61.897,61.897,61.876,61.878,107000000,1
1301404440000,1301404499000,61.878,61.878,61.836,61.836,138000000,1
1301404500000,1301404559000,61.836,61.851,61.836,61.846,97000000,1
1301404560000,1301404619000,61.846,61.857,61.838,61.857,80000000,1
1301404620000,1301404679000,61.857,61.86,61.84,61.843,103000000,1
1301404680000,1301404739000,61.843,61.857,61.827,61.833,91000000,1
1301404740000,1301404799000,61.833,61.851,61.833,61.837,153000000,1
1301404800000,1301404859000,61.838,61.846,61.826,61.837,113000000,1
1301404860000,1301404919000,61.836,61.857,61.836,61.848,71000000,1
1301404920000,1301404979000,61.849,61.849,61.808,61.818,110000000,1
1301404980000,1301405039000,61.818,61.818,61.777,61.777,139000000,1
1301405040000,1301405099000,61.781,61.808,61.778,61.787,163000000,1
1301405100000,1301405159000,61.787,61.797,61.787,61.796,38000000,1
1301405160000,1301405219000,61.788,61.798,61.787,61.798,66000000,1
1301405220000,1301405279000,61.798,61.798,61.757,61.759,102000000,1
1301405280000,1301405339000,61.759,61.788,61.758,61.78,188000000,1
1301405340000,1301405399000,61.779,61.783,61.77,61.772,63000000,1
1301405400000,1301405459000,61.771,61.784,61.767,61.771,132000000,1
1301405460000,1301405519000,61.771,61.778,61.756,61.768,200000000,1
1301405520000,1301405579000,61.768,61.772,61.738,61.742,121000000,1
1301405580000,1301405639000,61.74,61.746,61.718,61.728,184000000,1
1301405640000,1301405699000,61.728,61.747,61.708,61.727,237000000,1
1301405700000,1301405759000,61.727,61.77,61.723,61.746,211000000,1
1301405760000,1301405819000,61.745,61.797,61.741,61.766,204000000,1
1301405820000,1301405879000,61.766,61.786,61.756,61.786,124000000,1
1301405880000,1301405939000,61.785,61.786,61.739,61.746,127000000,1
1301405940000,1301405999000,61.744,61.771,61.741,61.75,159000000,1
1301406000000,1301406059000,61.751,61.758,61.736,61.747,179000000,1
1301406060000,1301406119000,61.743,61.744,61.698,61.699,107000000,1
1301406120000,1301406179000,61.698,61.731,61.693,61.719,121000000,1
1301406180000,1301406239000,61.718,61.726,61.709,61.709,117000000,1
1301406240000,1301406299000,61.708,61.71,61.694,61.707,170000000,1
1301406300000,1301406359000,61.706,61.71,61.687,61.69,138000000,1
1301406360000,1301406419000,61.691,61.703,61.684,61.7,149000000,1
1301406420000,1301406479000,61.701,61.724,61.688,61.721,186000000,1
1301406480000,1301406539000,61.722,61.748,61.72,61.738,180000000,1
1301406540000,1301406599000,61.743,61.763,61.731,61.757,193000000,1
1301406600000,1301406659000,61.758,61.777,61.757,61.764,165000000,1
1301406660000,1301406719000,61.763,61.792,61.759,61.787,182000000,1
1301406720000,1301406779000,61.788,61.802,61.785,61.795,135000000,1
1301406780000,1301406839000,61.795,61.798,61.787,61.798,59000000,1
1301406840000,1301406899000,61.797,61.812,61.79,61.808,76000000,1
1301406900000,1301406959000,61.809,61.815,61.793,61.803,135000000,1
1301406960000,1301407019000,61.805,61.808,61.787,61.787,102000000,1
1301407020000,1301407079000,61.79,61.794,61.772,61.78,110000000,1
1301407080000,1301407139000,61.782,61.8,61.78,61.8,94000000,1
1301407140000,1301407199000,61.8,61.818,61.757,61.757,150000000,1
1301407200000,1301407259000,61.767,61.828,61.758,61.828,247000000,1
1301407260000,1301407319000,61.819,61.858,61.817,61.84,189000000,1
1301407320000,1301407379000,61.842,61.842,61.806,61.832,138000000,1
1301407380000,1301407439000,61.83,61.857,61.828,61.838,165000000,1
1301407440000,1301407499000,61.837,61.867,61.837,61.857,137000000,1
1301407500000,1301407559000,61.857,61.883,61.857,61.87,158000000,1
1301407560000,1301407619000,61.871,61.871,61.848,61.864,120000000,1
1301407620000,1301407679000,61.867,61.877,61.848,61.868,125000000,1
1301407680000,1301407739000,61.868,61.868,61.856,61.866,88000000,1
1301407740000,1301407799000,61.866,61.911,61.856,61.897,159000000,1
1301407800000,1301407859000,61.899,61.957,61.899,61.937,198000000,1
1301407860000,1301407919000,61.937,61.977,61.937,61.977,173000000,1
1301407920000,1301407979000,61.98,61.988,61.918,61.918,233000000,1
1301407980000,1301408039000,61.918,61.95,61.918,61.947,153000000,1
1301408040000,1301408099000,61.956,61.977,61.938,61.938,158000000,1
1301408100000,1301408159000,61.937,61.96,61.927,61.947,170000000,1
1301408160000,1301408219000,61.947,61.948,61.936,61.936,80000000,1
1301408220000,1301408279000,61.936,61.958,61.929,61.956,123000000,1
1301408280000,1301408339000,61.956,61.958,61.939,61.947,78000000,1
1301408340000,1301408399000,61.947,62.001,61.94,61.997,151000000,1
1301408400000,1301408459000,61.99,62.018,61.984,61.997,233000000,1
1301408460000,1301408519000,61.997,61.997,61.961,61.962,102000000,1
1301408520000,1301408579000,61.963,61.976,61.944,61.974,113000000,1
1301408580000,1301408639000,61.973,61.975,61.946,61.95,86000000,1
1301408640000,1301408699000,61.949,61.976,61.949,61.974,104000000,1
1301408700000,1301408759000,61.976,61.987,61.968,61.977,88000000,1
1301408760000,1301408819000,61.97,61.978,61.952,61.958,110000000,1
1301408820000,1301408879000,61.958,61.978,61.952,61.967,96000000,1
1301408880000,1301408939000,61.967,61.968,61.958,61.967,82000000,1
1301408940000,1301408999000,61.97,61.97,61.938,61.947,85000000,1
1301409000000,1301409059000,61.949,61.958,61.939,61.941,112000000,1
1301409060000,1301409119000,61.945,61.948,61.938,61.942,111000000,1
1301409120000,1301409179000,61.941,61.959,61.941,61.953,97000000,1
1301409180000,1301409239000,61.957,61.962,61.948,61.948,46000000,1
1301409240000,1301409299000,61.948,61.96,61.939,61.947,56000000,1
1301409300000,1301409359000,61.954,61.962,61.949,61.961,63000000,1
1301409360000,1301409419000,61.957,61.958,61.939,61.941,85000000,1
1301409420000,1301409479000,61.938,61.94,61.927,61.931,51000000,1
1301409480000,1301409539000,61.94,61.94,61.899,61.914,157000000,1
1301409540000,1301409599000,61.908,61.917,61.903,61.912,103000000,1
1301409600000,1301409659000,61.911,61.911,61.898,61.908,80000000,1
1301409660000,1301409719000,61.907,61.909,61.906,61.907,85000000,1
1301409720000,1301409779000,61.907,61.929,61.907,61.92,87000000,1
1301409780000,1301409839000,61.919,61.921,61.914,61.921,61000000,1
1301409840000,1301409899000,61.921,61.922,61.913,61.915,75000000,1
1301409900000,1301409959000,61.916,61.951,61.914,61.95,131000000,1
1301409960000,1301410019000,61.95,61.978,61.94,61.977,165000000,1
1301410020000,1301410079000,61.974,62.0,61.974,61.996,114000000,1
1301410080000,1301410139000,61.996,62.037,61.982,61.998,239000000,1
1301410140000,1301410199000,61.996,62.01,61.968,61.984,160000000,1
1301410200000,1301410259000,61.992,62.008,61.979,61.994,94000000,1
1301410260000,1301410319000,61.993,62.017,61.993,62.008,156000000,1
1301410320000,1301410379000,62.02,62.02,61.987,62.006,88000000,1
1301410380000,1301410439000,62.0,62.012,61.997,62.001,93000000,1
1301410440000,1301410499000,62.001,62.017,62.0,62.015,71000000,1
1301410500000,1301410559000,62.014,62.03,62.011,62.03,92000000,1
1301410560000,1301410619000,62.033,62.048,62.027,62.044,103000000,1
1301410620000,1301410679000,62.043,62.058,62.037,62.047,146000000,1
1301410680000,1301410739000,62.048,62.078,62.047,62.077,155000000,1
1301410740000,1301410799000,62.077,62.108,62.077,62.1,171000000,1
1301410800000,1301410859000,62.106,62.111,62.088,62.088,240000000,1
1301410860000,1301410919000,62.081,62.088,62.058,62.078,149000000,1
1301410920000,1301410979000,62.077,62.078,62.057,62.077,121000000,1
1301410980000,1301411039000,62.077,62.088,62.069,62.082,142000000,1
1301411040000,1301411099000,62.082,62.089,62.066,62.08,212000000,1
1301411100000,1301411159000,62.079,62.088,62.076,62.08,80000000,1
1301411160000,1301411219000,62.077,62.078,62.057,62.071,103000000,1
1301411220000,1301411279000,62.068,62.068,62.057,62.061,181000000,1
1301411280000,1301411339000,62.058,62.098,62.049,62.092,139000000,1
1301411340000,1301411399000,62.098,62.098,62.072,62.078,145000000,1
1301411400000,1301411459000,62.078,62.088,62.077,62.088,135000000,1
1301411460000,1301411519000,62.079,62.079,62.058,62.058,110000000,1
1301411520000,1301411579000,62.058,62.063,62.037,62.047,162000000,1
1301411580000,1301411639000,62.047,62.054,62.04,62.046,86000000,1
1301411640000,1301411699000,62.039,62.05,62.037,62.037,89000000,1
1301411700000,1301411759000,62.04,62.091,62.032,62.087,150000000,1
1301411760000,1301411819000,62.089,62.091,62.067,62.078,105000000,1
1301411820000,1301411879000,62.078,62.098,62.077,62.088,141000000,1
1301411880000,1301411939000,62.088,62.088,62.067,62.067,51000000,1
1301411940000,1301411999000,62.068,62.079,62.058,62.062,57000000,1
1301412000000,1301412059000,62.062,62.088,62.062,62.077,86000000,1
1301412060000,1301412119000,62.077,62.086,62.07,62.077,96000000,1
1301412120000,1301412179000,62.077,62.1,62.066,62.07,171000000,1
1301412180000,1301412239000,62.07,62.1,62.07,62.086,163000000,1
1301412240000,1301412299000,62.086,62.098,62.067,62.097,196000000,1
1301412300000,1301412359000,62.097,62.157,62.097,62.148,215000000,1
1301412360000,1301412419000,62.148,62.148,62.127,62.128,89000000,1
1301412420000,1301412479000,62.128,62.157,62.126,62.153,119000000,1
1301412480000,1301412539000,62.149,62.167,62.149,62.157,96000000,1
1301412540000,1301412599000,62.157,62.17,62.147,62.147,148000000,1
1301412600000,1301412659000,62.147,62.167,62.136,62.167,229000000,1
1301412660000,1301412719000,62.167,62.177,62.148,62.157,164000000,1
1301412720000,1301412779000,62.157,62.157,62.126,62.156,110000000,1
1301412780000,1301412839000,62.156,62.156,62.114,62.12,139000000,1
1301412840000,1301412899000,62.12,62.131,62.098,62.117,130000000,1
1301412900000,1301412959000,62.114,62.122,62.098,62.107,104000000,1
1301412960000,1301413019000,62.107,62.118,62.099,62.105,102000000,1
1301413020000,1301413079000,62.106,62.153,62.103,62.15,194000000,1
1301413080000,1301413139000,62.15,62.16,62.137,62.137,107000000,1
1301413140000,1301413199000,62.14,62.187,62.138,62.183,155000000,1
1301413200000,1301413259000,62.182,62.208,62.179,62.199,256000000,1
1301413260000,1301413319000,62.2,62.225,62.184,62.218,213000000,1
1301413320000,1301413379000,62.215,62.229,62.186,62.19,171000000,1
1301413380000,1301413439000,62.19,62.216,62.189,62.196,95000000,1
1301413440000,1301413499000,62.196,62.22,62.196,62.206,86000000,1
1301413500000,1301413559000,62.217,62.226,62.201,62.211,115000000,1
1301413560000,1301413619000,62.21,62.227,62.208,62.216,72000000,1
1301413620000,1301413679000,62.218,62.241,62.213,62.236,111000000,1
1301413680000,1301413739000,62.237,62.276,62.226,62.267,220000000,1
1301413740000,1301413799000,62.276,62.278,62.216,62.251,190000000,1
1301413800000,1301413859000,62.256,62.267,62.226,62.238,186000000,1
1301413860000,1301413919000,62.239,62.239,62.217,62.227,167000000,1
1301413920000,1301413979000,62.229,62.236,62.196,62.203,105000000,1
1301413980000,1301414039000,62.201,62.221,62.177,62.178,139000000,1
1301414040000,1301414099000,62.177,62.193,62.177,62.193,37000000,1
1301414100000,1301414159000,62.192,62.219,62.181,62.218,99000000,1
1301414160000,1301414219000,62.218,62.218,62.18,62.197,104000000,1
1301414220000,1301414279000,62.197,62.203,62.186,62.187,84000000,1
1301414280000,1301414339000,62.198,62.226,62.191,62.203,170000000,1
1301414340000,1301414399000,62.201,62.239,62.196,62.238,90000000,1
1301414400000,1301414459000,62.235,62.261,62.226,62.23,168000000,1
1301414460000,1301414519000,62.231,62.24,62.224,62.229,101000000,1
1301414520000,1301414579000,62.237,62.237,62.208,62.225,98000000,1
1301414580000,1301414639000,62.23,62.246,62.23,62.246,22000000,1
1301414640000,1301414699000,62.246,62.273,62.246,62.267,74000000,1
1301414700000,1301414759000,62.266,62.266,62.252,62.258,49000000,1
1301414760000,1301414819000,62.258,62.275,62.25,62.275,59000000,1
1301414820000,1301414879000,62.275,62.282,62.258,62.266,70000000,1
1301414880000,1301414939000,62.266,62.278,62.259,62.26,121000000,1
1301414940000,1301414999000,62.26,62.269,62.237,62.253,124000000,1
1301415000000,1301415059000,62.253,62.253,62.237,62.247,105000000,1
1301415060000,1301415119000,62.247,62.259,62.237,62.248,92000000,1
1301415120000,1301415179000,62.248,62.257,62.248,62.255,63000000,1
1301415180000,1301415239000,62.254,62.258,62.243,62.258,40000000,1
1301415240000,1301415299000,62.25,62.269,62.231,62.269,121000000,1
1301415300000,1301415359000,62.267,62.268,62.237,62.238,106000000,1
1301415360000,1301415419000,62.238,62.25,62.227,62.243,90000000,1
1301415420000,1301415479000,62.241,62.242,62.227,62.242,72000000,1
1301415480000,1301415539000,62.241,62.25,62.238,62.241,114000000,1
1301415540000,1301415599000,62.241,62.258,62.239,62.244,56000000,1
1301415600000,1301415659000,62.244,62.25,62.236,62.248,81000000,1
1301415660000,1301415719000,62.248,62.248,62.248,62.248,18000000,1
1301415720000,1301415779000,62.248,62.248,62.237,62.238,86000000,1
1301415780000,1301415839000,62.237,62.267,62.233,62.248,203000000,1
1301415840000,1301415899000,62.249,62.257,62.242,62.251,78000000,1
1301415900000,1301415959000,62.251,62.277,62.247,62.266,113000000,1
1301415960000,1301416019000,62.267,62.27,62.253,62.257,171000000,1
1301416020000,1301416079000,62.257,62.26,62.256,62.258,42000000,1
1301416080000,1301416139000,62.257,62.27,62.24,62.267,130000000,1
1301416140000,1301416199000,62.267,62.274,62.249,62.267,186000000,1
1301416200000,1301416259000,62.267,62.268,62.231,62.238,126000000,1
1301416260000,1301416319000,62.232,62.248,62.231,62.247,246000000,1
1301416320000,1301416379000,62.247,62.269,62.247,62.258,165000000,1
1301416380000,1301416439000,62.258,62.258,62.247,62.257,196000000,1
1301416440000,1301416499000,62.257,62.258,62.24,62.247,227000000,1
1301416500000,1301416559000,62.247,62.271,62.237,62.248,152000000,1
1301416560000,1301416619000,62.249,62.255,62.247,62.254,43000000,1
1301416620000,1301416679000,62.252,62.256,62.25,62.252,29000000,1
1301416680000,1301416739000,62.252,62.258,62.238,62.258,59000000,1
1301416740000,1301416799000,62.258,62.259,62.25,62.25,41000000,1
1301416800000,1301416859000,62.25,62.283,62.25,62.271,64000000,1
1301416860000,1301416919000,62.27,62.283,62.268,62.274,81000000,1
1301416920000,1301416979000,62.274,62.282,62.259,62.26,94000000,1
1301416980000,1301417039000,62.268,62.268,62.258,62.258,29000000,1
1301417040000,1301417099000,62.255,62.26,62.241,62.26,73000000,1
1301417100000,1301417159000,62.26,62.277,62.258,62.267,74000000,1
1301417160000,1301417219000,62.268,62.268,62.258,62.266,38000000,1
1301417220000,1301417279000,62.26,62.277,62.257,62.272,82000000,1
1301417280000,1301417339000,62.272,62.277,62.271,62.271,37000000,1
1301417340000,1301417399000,62.271,62.271,62.266,62.267,34000000,1
1301417400000,1301417459000,62.263,62.268,62.262,62.267,31000000,1
1301417460000,1301417519000,62.266,62.277,62.264,62.267,66000000,1
1301417520000,1301417579000,62.267,62.267,62.24,62.24,80000000,1
1301417580000,1301417639000,62.236,62.251,62.222,62.251,68000000,1
1301417640000,1301417699000,62.249,62.258,62.24,62.252,52000000,1
1301417700000,1301417759000,62.258,62.286,62.229,62.28,108000000,1
1301417760000,1301417819000,62.278,62.284,62.251,62.26,43000000,1
1301417820000,1301417879000,62.259,62.268,62.258,62.267,51000000,1
1301417880000,1301417939000,62.267,62.291,62.263,62.286,56000000,1
1301417940000,1301417999000,62.286,62.288,62.271,62.278,39000000,1
1301418000000,1301418059000,62.28,62.299,62.279,62.298,100000000,1
1301418060000,1301418119000,62.298,62.309,62.289,62.308,78000000,1
1301418120000,1301418179000,62.312,62.32,62.304,62.309,62000000,1
1301418180000,1301418239000,62.315,62.316,62.305,62.305,33000000,1
1301418240000,1301418299000,62.306,62.318,62.304,62.308,87000000,1
1301418300000,1301418359000,62.308,62.308,62.299,62.303,16000000,1
1301418360000,1301418419000,62.302,62.302,62.285,62.289,36000000,1
1301418420000,1301418479000,62.29,62.292,62.282,62.282,37000000,1
1301418480000,1301418539000,62.281,62.282,62.27,62.272,59000000,1
1301418540000,1301418599000,62.272,62.29,62.268,62.288,79000000,1
1301418600000,1301418659000,62.285,62.293,62.28,62.287,32000000,1
1301418660000,1301418719000,62.284,62.291,62.28,62.289,44000000,1
1301418720000,1301418779000,62.29,62.305,62.289,62.3,33000000,1
1301418780000,1301418839000,62.297,62.306,62.297,62.305,21000000,1
1301418840000,1301418899000,62.304,62.312,62.29,62.295,59000000,1
1301418900000,1301418959000,62.295,62.3,62.287,62.29,44000000,1
1301418960000,1301419019000,62.29,62.298,62.284,62.288,33000000,1
1301419020000,1301419079000,62.294,62.307,62.291,62.305,77000000,1
1301419080000,1301419139000,62.308,62.323,62.297,62.305,99000000,1
1301419140000,1301419199000,62.305,62.314,62.301,62.304,50000000,1
1301419200000,1301419259000,62.304,62.31,62.301,62.31,26000000,1
1301419260000,1301419319000,62.312,62.312,62.307,62.309,25000000,1
1301419320000,1301419379000,62.309,62.319,62.307,62.312,49000000,1
1301419380000,1301419439000,62.313,62.334,62.313,62.333,98000000,1
1301419440000,1301419499000,62.333,62.333,62.313,62.313,34000000,1
1301419500000,1301419559000,62.318,62.331,62.312,62.313,56000000,1
1301419560000,1301419619000,62.313,62.32,62.285,62.32,58000000,1
1301419620000,1301419679000,62.32,62.321,62.3,62.301,41000000,1
1301419680000,1301419739000,62.303,62.328,62.293,62.327,67000000,1
1301419740000,1301419799000,62.328,62.334,62.311,62.329,89000000,1
1301419800000,1301419859000,62.335,62.342,62.333,62.338,98000000,1
1301419860000,1301419919000,62.338,62.342,62.332,62.342,34000000,1
1301419920000,1301419979000,62.343,62.361,62.341,62.359,31000000,1
1301419980000,1301420039000,62.357,62.357,62.327,62.338,63000000,1
1301420040000,1301420099000,62.349,62.358,62.343,62.345,34000000,1
1301420100000,1301420159000,62.346,62.352,62.33,62.348,58000000,1
1301420160000,1301420219000,62.349,62.365,62.342,62.365,50000000,1
1301420220000,1301420279000,62.365,62.368,62.361,62.368,27000000,1
1301420280000,1301420339000,62.367,62.37,62.364,62.365,45000000,1
1301420340000,1301420399000,62.365,62.365,62.346,62.347,135000000,1
1301420400000,1301420459000,62.348,62.348,62.317,62.338,59000000,1
1301420460000,1301420519000,62.338,62.345,62.327,62.329,37000000,1
1301420520000,1301420579000,62.331,62.334,62.331,62.331,22000000,1
1301420580000,1301420639000,62.331,62.341,62.322,62.341,57000000,1
1301420640000,1301420699000,62.342,62.367,62.342,62.363,39000000,1
1301420700000,1301420759000,62.364,62.373,62.361,62.373,63000000,1
1301420760000,1301420819000,62.372,62.374,62.366,62.366,49000000,1
1301420820000,1301420879000,62.367,62.375,62.364,62.368,26000000,1
1301420880000,1301420939000,62.367,62.432,62.367,62.432,84000000,1
1301420940000,1301420999000,62.437,62.448,62.418,62.422,193000000,1
1301421000000,1301421059000,62.426,62.437,62.413,62.417,124000000,1
1301421060000,1301421119000,62.417,62.42,62.392,62.4,74000000,1
1301421120000,1301421179000,62.4,62.416,62.4,62.4,92000000,1
1301421180000,1301421239000,62.398,62.426,62.391,62.426,65000000,1
1301421240000,1301421299000,62.423,62.434,62.409,62.431,69000000,1
1301421300000,1301421359000,62.428,62.44,62.419,62.43,105000000,1
1301421360000,1301421419000,62.429,62.429,62.422,62.422,22000000,1
1301421420000,1301421479000,62.414,62.422,62.414,62.415,79000000,1
1301421480000,1301421539000,62.416,62.418,62.415,62.418,26000000,1
1301421540000,1301421599000,62.418,62.432,62.417,62.429,64000000,1
1301421600000,1301421659000,62.427,62.43,62.415,62.418,111000000,1
1301421660000,1301421719000,62.417,62.422,62.399,62.399,124000000,1
1301421720000,1301421779000,62.4,62.411,62.399,62.411,73000000,1
1301421780000,1301421839000,62.412,62.426,62.404,62.417,74000000,1
1301421840000,1301421899000,62.417,62.427,62.409,62.427,86000000,1
1301421900000,1301421959000,62.427,62.427,62.41,62.411,42000000,1
1301421960000,1301422019000,62.409,62.425,62.409,62.414,101000000,1
1301422020000,1301422079000,62.414,62.417,62.407,62.415,38000000,1
1301422080000,1301422139000,62.416,62.43,62.406,62.417,67000000,1
1301422140000,1301422199000,62.418,62.432,62.406,62.425,78000000,1
1301422200000,1301422259000,62.424,62.452,62.424,62.442,48000000,1
1301422260000,1301422319000,62.442,62.445,62.427,62.427,12000000,1
1301422320000,1301422379000,62.427,62.427,62.388,62.392,53000000,1
1301422380000,1301422439000,62.392,62.401,62.388,62.397,27000000,1
1301422440000,1301422499000,62.397,62.397,62.387,62.395,19000000,1
1301422500000,1301422559000,62.397,62.397,62.388,62.388,32000000,1
1301422560000,1301422619000,62.387,62.396,62.387,62.396,30000000,1
1301422620000,1301422679000,62.398,62.408,62.39,62.392,35000000,1
1301422680000,1301422739000,62.391,62.392,62.376,62.376,22000000,1
1301422740000,1301422799000,62.382,62.386,62.355,62.364,54000000,1
1301422800000,1301422859000,62.363,62.367,62.357,62.357,22000000,1
1301422860000,1301422919000,62.357,62.357,62.332,62.347,49000000,1
1301422920000,1301422979000,62.348,62.35,62.343,62.348,44000000,1
1301422980000,1301423039000,62.348,62.359,62.343,62.345,31000000,1
1301423040000,1301423099000,62.345,62.345,62.34,62.341,23000000,1
1301423100000,1301423159000,62.344,62.347,62.335,62.338,40000000,1
1301423160000,1301423219000,62.338,62.365,62.333,62.364,99000000,1
1301423220000,1301423279000,62.363,62.363,62.357,62.359,42000000,1
1301423280000,1301423339000,62.357,62.359,62.343,62.345,43000000,1
1301423340000,1301423399000,62.345,62.361,62.338,62.358,72000000,1
1301423400000,1301423459000,62.357,62.363,62.357,62.36,33000000,1
1301423460000,1301423519000,62.365,62.382,62.365,62.375,27000000,1
1301423520000,1301423579000,62.375,62.375,62.366,62.371,22000000,1
1301423580000,1301423639000,62.37,62.393,62.365,62.384,42000000,1
1301423640000,1301423699000,62.385,62.385,62.375,62.376,48000000,1
1301423700000,1301423759000,62.377,62.384,62.374,62.374,84000000,1
1301423760000,1301423819000,62.375,62.376,62.365,62.366,46000000,1
1301423820000,1301423879000,62.368,62.368,62.36,62.365,46000000,1
1301423880000,1301423939000,62.363,62.372,62.361,62.37,53000000,1
1301423940000,1301423999000,62.371,62.373,62.368,62.371,18000000,1
1301424000000,1301424059000,62.372,62.381,62.372,62.381,36000000,1
1301424060000,1301424119000,62.381,62.393,62.377,62.386,69000000,1
1301424120000,1301424179000,62.385,62.397,62.384,62.396,17000000,1
1301424180000,1301424239000,62.398,62.4,62.381,62.381,62000000,1
1301424240000,1301424299000,62.384,62.385,62.381,62.385,20000000,1
1301424300000,1301424359000,62.386,62.388,62.386,62.386,11000000,1
1301424360000,1301424419000,62.39,62.39,62.378,62.378,43000000,1
1301424420000,1301424479000,62.377,62.379,62.376,62.379,17000000,1
1301424480000,1301424539000,62.378,62.379,62.371,62.379,38000000,1
1301424540000,1301424599000,62.379,62.379,62.365,62.368,74000000,1
1301424600000,1301424659000,62.368,62.384,62.368,62.378,26000000,1
1301424660000,1301424719000,62.376,62.41,62.376,62.407,43000000,1
1301424720000,1301424779000,62.407,62.407,62.399,62.399,26000000,1
1301424780000,1301424839000,62.4,62.402,62.398,62.4,26000000,1
1301424840000,1301424899000,62.402,62.418,62.4,62.407,52000000,1
1301424900000,1301424959000,62.412,62.42,62.408,62.414,38000000,1
1301424960000,1301425019000,62.413,62.422,62.413,62.418,30000000,1
1301425020000,1301425079000,62.414,62.418,62.413,62.417,20000000,1
1301425080000,1301425139000,62.417,62.434,62.413,62.415,60000000,1
1301425140000,1301425199000,62.414,62.425,62.414,62.424,36000000,1
1301425200000,1301425259000,62.42,62.42,62.398,62.404,53000000,1
1301425260000,1301425319000,62.403,62.404,62.39,62.401,30000000,1
1301425320000,1301425379000,62.401,62.405,62.401,62.405,16000000,1
1301425380000,1301425439000,62.4,62.404,62.4,62.404,7000000,1
1301425440000,1301425499000,62.406,62.414,62.405,62.407,43000000,1
1301425500000,1301425559000,62.409,62.414,62.399,62.4,19000000,1
1301425560000,1301425619000,62.401,62.409,62.381,62.382,28000000,1
1301425620000,1301425679000,62.382,62.382,62.358,62.358,42000000,1
1301425680000,1301425739000,62.361,62.364,62.347,62.353,41000000,1
1301425740000,1301425799000,62.35,62.357,62.347,62.35,30000000,1
1301425800000,1301425859000,62.349,62.349,62.346,62.348,16000000,1
1301425860000,1301425919000,62.349,62.382,62.348,62.366,40000000,1
1301425920000,1301425979000,62.366,62.366,62.355,62.362,6000000,1
1301425980000,1301426039000,62.361,62.362,62.361,62.362,7000000,1
1301426040000,1301426099000,62.362,62.373,62.349,62.373,24000000,1
1301426100000,1301426159000,62.371,62.392,62.371,62.392,54000000,1
1301426160000,1301426219000,62.39,62.395,62.377,62.393,69000000,1
1301426220000,1301426279000,62.393,62.397,62.372,62.393,36000000,1
1301426280000,1301426339000,62.395,62.4,62.393,62.399,19000000,1
1301426340000,1301426399000,62.399,62.399,62.389,62.389,16000000,1
1301426400000,1301426459000,62.391,62.41,62.389,62.406,37000000,1
1301426460000,1301426519000,62.397,62.397,62.366,62.368,39000000,1
1301426520000,1301426579000,62.367,62.376,62.366,62.366,20000000,1
1301426580000,1301426639000,62.368,62.369,62.36,62.362,22000000,1
1301426640000,1301426699000,62.364,62.367,62.364,62.366,16000000,1
1301426700000,1301426759000,62.366,62.381,62.361,62.376,28000000,1
1301426760000,1301426819000,62.373,62.373,62.362,62.363,13000000,1
1301426820000,1301426879000,62.363,62.371,62.363,62.369,18000000,1
1301426880000,1301426939000,62.369,62.369,62.352,62.354,13000000,1
1301426940000,1301426999000,62.355,62.358,62.355,62.358,12000000,1
1301427000000,1301427059000,62.355,62.376,62.354,62.365,26000000,1
1301427060000,1301427119000,62.37,62.387,62.368,62.385,21000000,1
1301427120000,1301427179000,62.385,62.388,62.373,62.387,77000000,1
1301427180000,1301427239000,62.387,62.396,62.383,62.39,36000000,1
1301427240000,1301427299000,62.39,62.399,62.387,62.391,29000000,1
1301427300000,1301427359000,62.392,62.406,62.39,62.406,20000000,1
1301427360000,1301427419000,62.402,62.406,62.394,62.396,29000000,1
1301427420000,1301427479000,62.399,62.399,62.356,62.359,89000000,1
1301427480000,1301427539000,62.36,62.38,62.36,62.378,70000000,1
1301427540000,1301427599000,62.377,62.389,62.376,62.379,38000000,1
1301427600000,1301427659000,62.378,62.39,62.377,62.39,35000000,1
1301427660000,1301427719000,62.388,62.389,62.375,62.383,39000000,1
1301427720000,1301427779000,62.383,62.387,62.373,62.373,38000000,1
1301427780000,1301427839000,62.374,62.375,62.373,62.374,16000000,1
1301427840000,1301427899000,62.372,62.374,62.369,62.371,43000000,1
1301427900000,1301427959000,62.37,62.381,62.37,62.377,30000000,1
1301427960000,1301428019000,62.378,62.388,62.377,62.387,24000000,1
1301428020000,1301428079000,62.388,62.413,62.385,62.413,60000000,1
1301428080000,1301428139000,62.411,62.411,62.396,62.407,72000000,1
1301428140000,1301428199000,62.407,62.42,62.405,62.408,59000000,1
1301428200000,1301428259000,62.408,62.416,62.404,62.408,34000000,1
1301428260000,1301428319000,62.409,62.434,62.409,62.424,44000000,1
1301428320000,1301428379000,62.425,62.43,62.407,62.407,45000000,1
1301428380000,1301428439000,62.411,62.437,62.411,62.427,34000000,1
1301428440000,1301428499000,62.429,62.429,62.422,62.425,23000000,1
1301428500000,1301428559000,62.423,62.429,62.414,62.416,44000000,1
1301428560000,1301428619000,62.417,62.432,62.417,62.42,33000000,1
1301428620000,1301428679000,62.422,62.422,62.4,62.4,51000000,1
1301428680000,1301428739000,62.401,62.42,62.397,62.409,146000000,1
1301428740000,1301428799000,62.41,62.473,62.408,62.458,250000000,1
1301428800000,1301428859000,62.458,62.468,62.458,62.458,76000000,1
1301428860000,1301428919000,62.46,62.477,62.447,62.468,85000000,1
1301428920000,1301428979000,62.468,62.468,62.448,62.458,55000000,1
1301428980000,1301429039000,62.458,62.469,62.458,62.469,56000000,1
1301429040000,1301429099000,62.469,62.508,62.459,62.488,121000000,1
1301429100000,1301429159000,62.497,62.508,62.477,62.488,48000000,1
1301429160000,1301429219000,62.488,62.488,62.477,62.478,43000000,1
1301429220000,1301429279000,62.478,62.487,62.477,62.487,50000000,1
1301429280000,1301429339000,62.487,62.497,62.487,62.497,40000000,1
1301429340000,1301429399000,62.497,62.497,62.477,62.487,82000000,1
1301429400000,1301429459000,62.487,62.487,62.471,62.471,44000000,1
1301429460000,1301429519000,62.475,62.478,62.458,62.46,87000000,1
1301429520000,1301429579000,62.46,62.468,62.457,62.467,24000000,1
1301429580000,1301429639000,62.466,62.477,62.466,62.477,23000000,1
1301429640000,1301429699000,62.477,62.487,62.467,62.478,41000000,1
1301429700000,1301429759000,62.478,62.478,62.477,62.478,26000000,1
1301429760000,1301429819000,62.478,62.482,62.478,62.478,30000000,1
1301429820000,1301429879000,62.478,62.478,62.468,62.478,62000000,1
1301429880000,1301429939000,62.478,62.491,62.467,62.468,54000000,1
1301429940000,1301429999000,62.459,62.468,62.457,62.468,30000000,1
1301430000000,1301430059000,62.468,62.471,62.448,62.458,85000000,1
1301430060000,1301430119000,62.451,62.458,62.438,62.441,39000000,1
1301430120000,1301430179000,62.432,62.437,62.427,62.437,22000000,1
1301430180000,1301430239000,62.438,62.438,62.428,62.428,11000000,1
1301430240000,1301430299000,62.428,62.428,62.422,62.422,17000000,1
1301430300000,1301430359000,62.428,62.428,62.417,62.427,23000000,1
1301430360000,1301430419000,62.421,62.428,62.417,62.417,46000000,1
1301430420000,1301430479000,62.425,62.437,62.413,62.417,39000000,1
1301430480000,1301430539000,62.417,62.428,62.408,62.428,29000000,1
1301430540000,1301430599000,62.427,62.427,62.407,62.418,79000000,1
1301430600000,1301430659000,62.418,62.428,62.408,62.408,39000000,1
1301430660000,1301430719000,62.408,62.428,62.408,62.428,46000000,1
1301430720000,1301430779000,62.428,62.437,62.408,62.418,60000000,1
1301430780000,1301430839000,62.418,62.418,62.418,62.418,3000000,1
1301430840000,1301430899000,62.418,62.418,62.409,62.409,8000000,1
1301430900000,1301430959000,62.409,62.417,62.377,62.388,44000000,1
1301430960000,1301431019000,62.398,62.398,62.398,62.398,5000000,1
1301431020000,1301431079000,62.397,62.398,62.387,62.397,41000000,1
1301431080000,1301431139000,62.397,62.397,62.397,62.397,10000000,1
1301431140000,1301431199000,62.397,62.397,62.391,62.391,7000000,1
1301431200000,1301431259000,62.396,62.397,62.387,62.387,18000000,1
1301431260000,1301431319000,62.387,62.396,62.386,62.396,17000000,1
1301431320000,1301431379000,62.387,62.398,62.387,62.389,64000000,1
1301431380000,1301431439000,62.392,62.397,62.391,62.396,14000000,1
1301431440000,1301431499000,62.393,62.398,62.39,62.391,22000000,1
1301431500000,1301431559000,62.391,62.397,62.388,62.397,20000000,1
1301431560000,1301431619000,62.397,62.398,62.387,62.398,37000000,1
1301431620000,1301431679000,62.398,62.398,62.39,62.39,32000000,1
1301431680000,1301431739000,62.397,62.397,62.396,62.397,6000000,1
1301431740000,1301431799000,62.396,62.397,62.396,62.396,17000000,1
1301431800000,1301431859000,62.397,62.397,62.387,62.396,21000000,1
1301431860000,1301431919000,62.397,62.397,62.397,62.397,13000000,1
1301431920000,1301431979000,62.397,62.398,62.387,62.397,33000000,1
1301431980000,1301432039000,62.396,62.402,62.386,62.386,33000000,1
1301432040000,1301432099000,62.379,62.379,62.371,62.376,9000000,1
1301432100000,1301432159000,62.369,62.369,62.358,62.359,27000000,1
1301432160000,1301432219000,62.358,62.367,62.358,62.366,19000000,1
1301432220000,1301432279000,62.366,62.377,62.366,62.377,28000000,1
1301432280000,1301432339000,62.377,62.382,62.367,62.367,38000000,1
1301432340000,1301432399000,62.367,62.368,62.328,62.347,71000000,1
1301432400000,1301432459000,62.341,62.367,62.331,62.356,5000000,1
1301432460000,1301432519000,62.341,62.347,62.341,62.346,1000000,1
1301432520000,1301432579000,62.356,62.382,62.347,62.357,38000000,1
1301432580000,1301432639000,62.372,62.372,62.363,62.368,13000000,1
1301432640000,1301432699000,62.362,62.368,62.351,62.368,15000000,1
1301432700000,1301432759000,62.368,62.388,62.358,62.387,117000000,1
1301432760000,1301432819000,62.387,62.387,62.377,62.382,10000000,1
1301432820000,1301432879000,62.397,62.438,62.397,62.437,5000000,1
1301432880000,1301432939000,62.438,62.438,62.427,62.437,24000000,1
1301432940000,1301432999000,62.432,62.438,62.427,62.432,19000000,1
1301433000000,1301433059000,62.427,62.428,62.419,62.428,9000000,1
1301433060000,1301433119000,62.424,62.428,62.42,62.421,10000000,1
1301433120000,1301433179000,62.424,62.428,62.424,62.428,8000000,1
1301433180000,1301433239000,62.428,62.428,62.428,62.428,4000000,1
1301433240000,1301433299000,62.428,62.435,62.426,62.426,7000000,1
1301433300000,1301433359000,62.437,62.437,62.427,62.437,12000000,1
1301433360000,1301433419000,62.428,62.476,62.428,62.433,19000000,1
1301433420000,1301433479000,62.429,62.487,62.417,62.456,51000000,1
1301433480000,1301433539000,62.457,62.457,62.456,62.456,15000000,1
1301433540000,1301433599000,62.447,62.447,62.446,62.447,9000000,1
1301433600000,1301433659000,62.446,62.457,62.427,62.427,12000000,1
1301433660000,1301433719000,62.419,62.427,62.407,62.423,18000000,1
1301433720000,1301433779000,62.423,62.423,62.406,62.407,18000000,1
1301433780000,1301433839000,62.407,62.437,62.406,62.437,21000000,1
1301433840000,1301433899000,62.437,62.437,62.397,62.417,29000000,1
1301433900000,1301433959000,62.408,62.417,62.408,62.417,4000000,1
1301433960000,1301434019000,62.416,62.417,62.416,62.417,9000000,1
1301434020000,1301434079000,62.416,62.416,62.406,62.416,9000000,1
1301434080000,1301434139000,62.416,62.437,62.406,62.437,8000000,1
1301434140000,1301434199000,62.437,62.437,62.414,62.414,5000000,1
1301434200000,1301434259000,62.406,62.407,62.406,62.406,12000000,1
1301434260000,1301434319000,62.414,62.422,62.414,62.422,2000000,1
1301434320000,1301434379000,62.417,62.43,62.417,62.427,10000000,1
1301434380000,1301434439000,62.428,62.428,62.4,62.4,12000000,1
1301434440000,1301434499000,62.426,62.427,62.426,62.426,6000000,1
1301434500000,1301434559000,62.427,62.427,62.427,62.427,2000000,1
1301434560000,1301434619000,62.426,62.427,62.426,62.427,4000000,1
1301434620000,1301434679000,62.426,62.426,62.426,62.426,2000000,1
1301434680000,1301434739000,62.427,62.427,62.426,62.426,4000000,1
1301434740000,1301434799000,62.427,62.427,62.416,62.426,27000000,1
1301434800000,1301434859000,62.427,62.436,62.427,62.436,7000000,1
1301434860000,1301434919000,62.437,62.437,62.426,62.426,10000000,1
1301434920000,1301434979000,62.427,62.436,62.426,62.427,17000000,1
1301434980000,1301435039000,62.426,62.427,62.426,62.427,8000000,1
1301435040000,1301435099000,62.426,62.436,62.426,62.436,13000000,1
1301435100000,1301435159000,62.437,62.437,62.406,62.406,44000000,1
1301435160000,1301435219000,62.407,62.407,62.366,62.397,44000000,1
1301435220000,1301435279000,62.397,62.407,62.386,62.406,32000000,1
1301435280000,1301435339000,62.406,62.417,62.406,62.406,23000000,1
1301435340000,1301435399000,62.406,62.407,62.406,62.407,14000000,1
1301435400000,1301435459000,62.398,62.407,62.396,62.406,21000000,1
1301435460000,1301435519000,62.406,62.407,62.397,62.406,23000000,1
1301435520000,1301435579000,62.406,62.407,62.406,62.406,15000000,1
1301435580000,1301435639000,62.406,62.406,62.386,62.397,14000000,1
1301435640000,1301435699000,62.398,62.406,62.386,62.386,18000000,1
1301435700000,1301435759000,62.387,62.398,62.386,62.397,20000000,1
1301435760000,1301435819000,62.397,62.397,62.386,62.386,67000000,1
1301435820000,1301435879000,62.386,62.406,62.386,62.387,34000000,1
1301435880000,1301435939000,62.387,62.397,62.387,62.397,10000000,1
1301435940000,1301435999000,62.387,62.387,62.386,62.386,21000000,1
1301436000000,1301436059000,62.386,62.409,62.376,62.387,72000000,1
1301436060000,1301436119000,62.387,62.387,62.379,62.387,33000000,1
1301436120000,1301436179000,62.386,62.397,62.377,62.387,94000000,1
1301436180000,1301436239000,62.378,62.397,62.378,62.387,55000000,1
1301436240000,1301436299000,62.387,62.387,62.376,62.387,17000000,1
1301436300000,1301436359000,62.386,62.387,62.376,62.377,18000000,1
1301436360000,1301436419000,62.376,62.377,62.367,62.377,20000000,1
1301436420000,1301436479000,62.376,62.386,62.376,62.386,18000000,1
1301436480000,1301436539000,62.387,62.387,62.376,62.386,36000000,1
1301436540000,1301436599000,62.387,62.396,62.386,62.387,19000000,1
1301436600000,1301436659000,62.387,62.387,62.386,62.386,22000000,1
1301436660000,1301436719000,62.387,62.387,62.386,62.387,8000000,1
1301436720000,1301436779000,62.387,62.387,62.366,62.367,34000000,1
1301436780000,1301436839000,62.367,62.367,62.366,62.366,15000000,1
1301436840000,1301436899000,62.376,62.376,62.328,62.347,23000000,1
1301436900000,1301436959000,62.346,62.347,62.346,62.347,7000000,1
1301436960000,1301437019000,62.346,62.347,62.346,62.346,6000000,1
1301437020000,1301437079000,62.346,62.347,62.339,62.347,9000000,1
1301437080000,1301437139000,62.336,62.347,62.336,62.337,71000000,1
1301437140000,1301437199000,62.336,62.347,62.336,62.347,23000000,1
1301437200000,1301437259000,62.347,62.347,62.337,62.337,10000000,1
1301437260000,1301437319000,62.337,62.337,62.327,62.327,42000000,1
1301437320000,1301437379000,62.327,62.337,62.326,62.336,58000000,1
1301437380000,1301437439000,62.327,62.337,62.326,62.327,35000000,1
1301437440000,1301437499000,62.326,62.327,62.326,62.327,13000000,1
1301437500000,1301437559000,62.326,62.326,62.306,62.306,28000000,1
1301437560000,1301437619000,62.307,62.307,62.306,62.307,26000000,1
1301437620000,1301437679000,62.306,62.306,62.286,62.286,35000000,1
1301437680000,1301437739000,62.297,62.297,62.287,62.287,9000000,1
1301437740000,1301437799000,62.287,62.287,62.264,62.264,26000000,1
1301437800000,1301437859000,62.269,62.277,62.263,62.277,40000000,1
1301437860000,1301437919000,62.271,62.277,62.271,62.276,18000000,1
1301437920000,1301437979000,62.276,62.276,62.276,62.276,17000000,1
1301437980000,1301438039000,62.277,62.286,62.267,62.276,30000000,1
1301438040000,1301438099000,62.278,62.287,62.277,62.286,41000000,1
1301438100000,1301438159000,62.277,62.297,62.277,62.296,80000000,1
1301438160000,1301438219000,62.296,62.296,62.286,62.286,41000000,1
1301438220000,1301438279000,62.286,62.287,62.278,62.287,27000000,1
1301438280000,1301438339000,62.286,62.287,62.286,62.287,11000000,1
1301438340000,1301438399000,62.287,62.287,62.287,62.287,12000000,1
1301438400000,1301438459000,62.286,62.287,62.277,62.287,18000000,1
1301438460000,1301438519000,62.287,62.288,62.277,62.277,40000000,1
1301438520000,1301438579000,62.277,62.277,62.258,62.258,13000000,1
1301438580000,1301438639000,62.258,62.267,62.257,62.267,28000000,1
1301438640000,1301438699000,62.267,62.267,62.266,62.267,23000000,1
1301438700000,1301438759000,62.257,62.276,62.257,62.276,24000000,1
1301438760000,1301438819000,62.276,62.276,62.261,62.263,27000000,1
1301438820000,1301438879000,62.263,62.276,62.263,62.275,28000000,1
1301438880000,1301438939000,62.271,62.271,62.266,62.269,8000000,1
1301438940000,1301438999000,62.267,62.267,62.267,62.267,6000000,1
1301439000000,1301439059000,62.267,62.267,62.266,62.267,5000000,1
1301439060000,1301439119000,62.266,62.266,62.266,62.266,2000000,1
1301439120000,1301439179000,62.267,62.267,62.267,62.267,2000000,1
1301439180000,1301439239000,62.267,62.267,62.267,62.267,9000000,1
1301439240000,1301439299000,62.269,62.277,62.269,62.272,19000000,1
1301439300000,1301439359000,62.272,62.282,62.272,62.282,11000000,1
1301439360000,1301439419000,62.286,62.307,62.286,62.307,65000000,1
1301439420000,1301439479000,62.307,62.318,62.307,62.311,27000000,1
1301439480000,1301439539000,62.316,62.317,62.316,62.317,4000000,1
1301439540000,1301439599000,62.316,62.316,62.307,62.307,17000000,1
1301439600000,1301439659000,62.307,62.317,62.307,62.307,20000000,1
1301439660000,1301439719000,62.307,62.317,62.297,62.316,72000000,1
1301439720000,1301439779000,62.316,62.316,62.298,62.308,17000000,1
1301439780000,1301439839000,62.309,62.324,62.309,62.324,24000000,1
1301439840000,1301439899000,62.324,62.35,62.324,62.348,56000000,1
1301439900000,1301439959000,62.348,62.377,62.348,62.377,49000000,1
1301439960000,1301440019000,62.377,62.377,62.357,62.36,37000000,1
1301440020000,1301440079000,62.36,62.368,62.356,62.357,37000000,1
1301440080000,1301440139000,62.33,62.368,62.33,62.358,22000000,1
1301440140000,1301440199000,62.357,62.357,62.342,62.347,30000000,1
1301440200000,1301440259000,62.342,62.347,62.328,62.328,51000000,1
1301440260000,1301440319000,62.326,62.337,62.326,62.336,38000000,1
1301440320000,1301440379000,62.336,62.337,62.336,62.337,20000000,1
1301440380000,1301440439000,62.337,62.338,62.332,62.336,37000000,1
1301440440000,1301440499000,62.336,62.337,62.327,62.327,30000000,1
1301440500000,1301440559000,62.327,62.33,62.327,62.33,18000000,1
1301440560000,1301440619000,62.33,62.336,62.328,62.328,26000000,1
1301440620000,1301440679000,62.328,62.328,62.328,62.328,3000000,1
1301440680000,1301440739000,62.328,62.336,62.328,62.336,7000000,1
1301440740000,1301440799000,62.336,62.347,62.336,62.341,29000000,1
1301440800000,1301440859000,62.346,62.387,62.341,62.387,119000000,1
1301440860000,1301440919000,62.387,62.387,62.387,62.387,60000000,1
1301440920000,1301440979000,62.387,62.388,62.377,62.388,107000000,1
1301440980000,1301441039000,62.388,62.388,62.377,62.377,51000000,1
1301441040000,1301441099000,62.377,62.377,62.371,62.376,32000000,1
1301441100000,1301441159000,62.377,62.388,62.376,62.388,37000000,1
1301441160000,1301441219000,62.393,62.407,62.393,62.407,57000000,1
1301441220000,1301441279000,62.416,62.419,62.407,62.417,88000000,1
1301441280000,1301441339000,62.408,62.418,62.408,62.417,32000000,1
1301441340000,1301441399000,62.416,62.428,62.407,62.418,133000000,1
1301441400000,1301441459000,62.418,62.418,62.406,62.411,105000000,1
1301441460000,1301441519000,62.411,62.416,62.407,62.407,17000000,1
1301441520000,1301441579000,62.408,62.427,62.407,62.427,35000000,1
1301441580000,1301441639000,62.427,62.437,62.427,62.437,24000000,1
1301441640000,1301441699000,62.436,62.439,62.428,62.428,43000000,1
1301441700000,1301441759000,62.428,62.437,62.428,62.428,16000000,1
1301441760000,1301441819000,62.434,62.438,62.434,62.438,16000000,1
1301441820000,1301441879000,62.438,62.442,62.434,62.434,55000000,1
1301441880000,1301441939000,62.434,62.456,62.429,62.438,88000000,1
1301441940000,1301441999000,62.438,62.447,62.437,62.44,52000000,1
1301442000000,1301442059000,62.441,62.457,62.441,62.448,37000000,1
1301442060000,1301442119000,62.448,62.448,62.448,62.448,29000000,1
1301442120000,1301442179000,62.452,62.468,62.452,62.467,69000000,1
1301442180000,1301442239000,62.467,62.478,62.465,62.473,47000000,1
1301442240000,1301442299000,62.473,62.473,62.468,62.468,12000000,1
1301442300000,1301442359000,62.472,62.491,62.472,62.483,101000000,1
1301442360000,1301442419000,62.483,62.487,62.477,62.478,55000000,1
1301442420000,1301442479000,62.48,62.48,62.468,62.478,69000000,1
1301442480000,1301442539000,62.478,62.483,62.478,62.483,20000000,1
1301442540000,1301442599000,62.482,62.518,62.482,62.512,134000000,1
1301442600000,1301442659000,62.512,62.518,62.508,62.508,128000000,1
1301442660000,1301442719000,62.508,62.51,62.502,62.508,110000000,1
1301442720000,1301442779000,62.508,62.517,62.507,62.517,119000000,1
1301442780000,1301442839000,62.518,62.529,62.518,62.528,69000000,1
1301442840000,1301442899000,62.517,62.548,62.517,62.538,103000000,1
1301442900000,1301442959000,62.538,62.538,62.508,62.508,112000000,1
1301442960000,1301443019000,62.505,62.508,62.478,62.478,47000000,1
1301443020000,1301443079000,62.479,62.479,62.451,62.458,77000000,1
1301443080000,1301443139000,62.463,62.489,62.457,62.489,103000000,1
1301443140000,1301443199000,62.49,62.497,62.477,62.477,50000000,1
1301443200000,1301443259000,62.477,62.488,62.451,62.451,120000000,1
1301443260000,1301443319000,62.45,62.477,62.449,62.452,91000000,1
1301443320000,1301443379000,62.449,62.449,62.423,62.423,89000000,1
1301443380000,1301443439000,62.426,62.433,62.424,62.427,109000000,1
1301443440000,1301443499000,62.427,62.428,62.423,62.428,54000000,1
1301443500000,1301443559000,62.428,62.447,62.419,62.447,79000000,1
1301443560000,1301443619000,62.447,62.45,62.426,62.426,115000000,1
1301443620000,1301443679000,62.427,62.438,62.427,62.438,64000000,1
1301443680000,1301443739000,62.438,62.447,62.43,62.447,61000000,1
1301443740000,1301443799000,62.447,62.448,62.436,62.447,101000000,1
1301443800000,1301443859000,62.447,62.447,62.437,62.439,62000000,1
1301443860000,1301443919000,62.441,62.457,62.44,62.449,146000000,1
1301443920000,1301443979000,62.448,62.448,62.438,62.447,85000000,1
1301443980000,1301444039000,62.447,62.449,62.428,62.429,46000000,1
1301444040000,1301444099000,62.431,62.444,62.431,62.442,68000000,1
1301444100000,1301444159000,62.442,62.446,62.442,62.444,29000000,1
1301444160000,1301444219000,62.448,62.452,62.442,62.442,43000000,1
1301444220000,1301444279000,62.437,62.444,62.43,62.437,55000000,1
1301444280000,1301444339000,62.438,62.446,62.428,62.44,106000000,1
1301444340000,1301444399000,62.437,62.448,62.431,62.434,138000000,1
1301444400000,1301444459000,62.434,62.458,62.43,62.43,157000000,1
1301444460000,1301444519000,62.432,62.458,62.432,62.448,88000000,1
1301444520000,1301444579000,62.446,62.449,62.427,62.448,86000000,1
1301444580000,1301444639000,62.448,62.449,62.438,62.447,68000000,1
1301444640000,1301444699000,62.444,62.447,62.437,62.44,47000000,1
1301444700000,1301444759000,62.439,62.439,62.427,62.429,29000000,1
1301444760000,1301444819000,62.431,62.432,62.411,62.417,24000000,1
1301444820000,1301444879000,62.417,62.417,62.398,62.402,56000000,1
1301444880000,1301444939000,62.402,62.417,62.398,62.414,48000000,1
1301444940000,1301444999000,62.416,62.416,62.401,62.401,26000000,1
1301445000000,1301445059000,62.401,62.422,62.401,62.417,43000000,1
1301445060000,1301445119000,62.418,62.427,62.408,62.408,44000000,1
1301445120000,1301445179000,62.406,62.406,62.388,62.388,61000000,1
1301445180000,1301445239000,62.388,62.388,62.369,62.376,70000000,1
1301445240000,1301445299000,62.37,62.377,62.37,62.376,34000000,1
1301445300000,1301445359000,62.377,62.399,62.375,62.391,52000000,1
1301445360000,1301445419000,62.391,62.418,62.387,62.416,78000000,1
1301445420000,1301445479000,62.418,62.441,62.417,62.435,104000000,1
1301445480000,1301445539000,62.434,62.448,62.428,62.442,68000000,1
1301445540000,1301445599000,62.438,62.438,62.411,62.411,49000000,1
1301445600000,1301445659000,62.408,62.408,62.398,62.398,60000000,1
1301445660000,1301445719000,62.401,62.427,62.399,62.417,63000000,1
1301445720000,1301445779000,62.417,62.427,62.408,62.412,72000000,1
1301445780000,1301445839000,62.416,62.419,62.416,62.416,27000000,1
1301445840000,1301445899000,62.416,62.421,62.41,62.416,64000000,1
1301445900000,1301445959000,62.418,62.427,62.418,62.427,31000000,1
1301445960000,1301446019000,62.427,62.427,62.408,62.416,78000000,1
1301446020000,1301446079000,62.416,62.421,62.413,62.417,101000000,1
1301446080000,1301446139000,62.417,62.417,62.388,62.392,75000000,1
1301446140000,1301446199000,62.39,62.407,62.388,62.402,106000000,1
1301446200000,1301446259000,62.402,62.417,62.394,62.398,73000000,1
1301446260000,1301446319000,62.398,62.398,62.388,62.393,41000000,1
1301446320000,1301446379000,62.39,62.397,62.381,62.396,55000000,1
1301446380000,1301446439000,62.396,62.397,62.379,62.382,49000000,1
1301446440000,1301446499000,62.379,62.38,62.368,62.378,118000000,1
1301446500000,1301446559000,62.377,62.388,62.371,62.387,110000000,1
1301446560000,1301446619000,62.388,62.397,62.387,62.388,50000000,1
1301446620000,1301446679000,62.388,62.392,62.382,62.391,41000000,1
1301446680000,1301446739000,62.391,62.391,62.388,62.388,45000000,1
1301446740000,1301446799000,62.388,62.388,62.347,62.348,87000000,1
1301446800000,1301446859000,62.347,62.378,62.347,62.374,57000000,1
1301446860000,1301446919000,62.368,62.368,62.358,62.36,35000000,1
1301446920000,1301446979000,62.36,62.377,62.358,62.377,87000000,1
1301446980000,1301447039000,62.371,62.377,62.356,62.357,65000000,1
1301447040000,1301447099000,62.357,62.377,62.357,62.377,66000000,1
1301447100000,1301447159000,62.377,62.377,62.356,62.356,90000000,1
1301447160000,1301447219000,62.356,62.368,62.337,62.368,135000000,1
1301447220000,1301447279000,62.368,62.37,62.357,62.368,98000000,1
1301447280000,1301447339000,62.367,62.369,62.357,62.366,38000000,1
1301447340000,1301447399000,62.366,62.367,62.357,62.367,51000000,1
1301447400000,1301447459000,62.367,62.367,62.366,62.367,9000000,1
1301447460000,1301447519000,62.367,62.378,62.36,62.377,57000000,1
1301447520000,1301447579000,62.377,62.378,62.376,62.377,35000000,1
1301447580000,1301447639000,62.377,62.378,62.377,62.378,34000000,1
1301447640000,1301447699000,62.377,62.386,62.377,62.378,13000000,1
1301447700000,1301447759000,62.379,62.379,62.377,62.378,27000000,1
1301447760000,1301447819000,62.378,62.387,62.378,62.386,32000000,1
1301447820000,1301447879000,62.381,62.388,62.379,62.388,52000000,1
1301447880000,1301447939000,62.388,62.397,62.379,62.387,67000000,1
1301447940000,1301447999000,62.387,62.387,62.377,62.387,34000000,1
1301448000000,1301448059000,62.388,62.389,62.387,62.389,46000000,1
1301448060000,1301448119000,62.396,62.397,62.387,62.389,35000000,1
1301448120000,1301448179000,62.388,62.396,62.386,62.388,28000000,1
1301448180000,1301448239000,62.397,62.397,62.386,62.386,92000000,1
1301448240000,1301448299000,62.386,62.397,62.386,62.39,67000000,1
1301448300000,1301448359000,62.39,62.429,62.39,62.428,124000000,1
1301448360000,1301448419000,62.43,62.467,62.43,62.467,81000000,1
1301448420000,1301448479000,62.467,62.477,62.458,62.47,126000000,1
1301448480000,1301448539000,62.47,62.488,62.467,62.481,57000000,1
1301448540000,1301448599000,62.487,62.487,62.478,62.487,29000000,1
1301448600000,1301448659000,62.486,62.486,62.465,62.466,48000000,1
1301448660000,1301448719000,62.466,62.468,62.458,62.458,50000000,1
1301448720000,1301448779000,62.457,62.458,62.457,62.457,25000000,1
1301448780000,1301448839000,62.459,62.459,62.457,62.458,10000000,1
1301448840000,1301448899000,62.457,62.468,62.457,62.467,73000000,1
1301448900000,1301448959000,62.467,62.476,62.459,62.459,77000000,1
1301448960000,1301449019000,62.461,62.481,62.461,62.481,59000000,1
1301449020000,1301449079000,62.478,62.496,62.466,62.496,145000000,1
1301449080000,1301449139000,62.496,62.506,62.477,62.488,170000000,1
1301449140000,1301449199000,62.488,62.498,62.477,62.498,232000000,1
1301449200000,1301449259000,62.488,62.498,62.487,62.497,96000000,1
1301449260000,1301449319000,62.497,62.507,62.468,62.498,106000000,1
1301449320000,1301449379000,62.507,62.507,62.49,62.496,132000000,1
1301449380000,1301449439000,62.496,62.517,62.491,62.508,192000000,1
1301449440000,1301449499000,62.505,62.517,62.477,62.487,213000000,1
1301449500000,1301449559000,62.487,62.497,62.478,62.492,122000000,1
1301449560000,1301449619000,62.489,62.526,62.489,62.516,105000000,1
1301449620000,1301449679000,62.516,62.516,62.477,62.484,167000000,1
1301449680000,1301449739000,62.486,62.486,62.457,62.468,85000000,1
1301449740000,1301449799000,62.468,62.478,62.459,62.477,115000000,1
1301449800000,1301449859000,62.478,62.487,62.467,62.468,104000000,1
1301449860000,1301449919000,62.469,62.508,62.468,62.499,118000000,1
1301449920000,1301449979000,62.506,62.536,62.495,62.536,156000000,1
1301449980000,1301450039000,62.531,62.536,62.518,62.518,76000000,1
1301450040000,1301450099000,62.518,62.537,62.518,62.527,85000000,1
1301450100000,1301450159000,62.523,62.527,62.517,62.526,48000000,1
1301450160000,1301450219000,62.528,62.528,62.509,62.511,104000000,1
1301450220000,1301450279000,62.511,62.537,62.511,62.527,118000000,1
1301450280000,1301450339000,62.527,62.564,62.526,62.564,162000000,1
1301450340000,1301450399000,62.564,62.59,62.564,62.57,171000000,1
1301450400000,1301450459000,62.577,62.578,62.551,62.578,145000000,1
1301450460000,1301450519000,62.568,62.588,62.557,62.579,199000000,1
1301450520000,1301450579000,62.579,62.579,62.549,62.568,211000000,1
1301450580000,1301450639000,62.568,62.578,62.557,62.577,131000000,1
1301450640000,1301450699000,62.572,62.578,62.568,62.578,145000000,1
1301450700000,1301450759000,62.572,62.589,62.567,62.567,142000000,1
1301450760000,1301450819000,62.567,62.568,62.557,62.568,91000000,1
1301450820000,1301450879000,62.568,62.568,62.538,62.538,180000000,1
1301450880000,1301450939000,62.538,62.558,62.538,62.538,143000000,1
1301450940000,1301450999000,62.538,62.538,62.527,62.533,99000000,1
1301451000000,1301451059000,62.536,62.537,62.525,62.536,105000000,1
1301451060000,1301451119000,62.536,62.552,62.536,62.547,43000000,1
1301451120000,1301451179000,62.547,62.548,62.539,62.542,35000000,1
1301451180000,1301451239000,62.542,62.556,62.54,62.55,92000000,1
1301451240000,1301451299000,62.553,62.553,62.537,62.548,44000000,1
1301451300000,1301451359000,62.548,62.56,62.538,62.555,166000000,1
1301451360000,1301451419000,62.557,62.557,62.529,62.548,177000000,1
1301451420000,1301451479000,62.548,62.548,62.527,62.528,124000000,1
1301451480000,1301451539000,62.528,62.547,62.518,62.54,117000000,1
1301451540000,1301451599000,62.54,62.54,62.518,62.53,69000000,1
1301451600000,1301451659000,62.528,62.548,62.527,62.548,147000000,1
1301451660000,1301451719000,62.548,62.557,62.537,62.537,65000000,1
1301451720000,1301451779000,62.531,62.538,62.527,62.527,69000000,1
1301451780000,1301451839000,62.528,62.538,62.518,62.537,106000000,1
1301451840000,1301451899000,62.537,62.538,62.537,62.538,22000000,1
1301451900000,1301451959000,62.538,62.538,62.518,62.518,80000000,1
1301451960000,1301452019000,62.518,62.518,62.488,62.488,31000000,1
1301452020000,1301452079000,62.489,62.507,62.479,62.486,82000000,1
1301452080000,1301452139000,62.487,62.497,62.467,62.468,146000000,1
1301452140000,1301452199000,62.468,62.478,62.466,62.473,72000000,1
1301452200000,1301452259000,62.469,62.49,62.467,62.488,128000000,1
1301452260000,1301452319000,62.487,62.488,62.478,62.481,79000000,1
1301452320000,1301452379000,62.482,62.488,62.477,62.477,123000000,1
1301452380000,1301452439000,62.477,62.488,62.448,62.45,151000000,1
1301452440000,1301452499000,62.448,62.482,62.448,62.478,64000000,1
1301452500000,1301452559000,62.478,62.507,62.477,62.506,116000000,1
1301452560000,1301452619000,62.506,62.508,62.487,62.496,95000000,1
1301452620000,1301452679000,62.497,62.498,62.477,62.497,192000000,1
1301452680000,1301452739000,62.497,62.497,62.478,62.488,101000000,1
1301452740000,1301452799000,62.488,62.508,62.488,62.507,113000000,1
1301452800000,1301452859000,62.496,62.496,62.475,62.479,49000000,1
1301452860000,1301452919000,62.479,62.494,62.471,62.479,59000000,1
1301452920000,1301452979000,62.478,62.482,62.478,62.481,18000000,1
1301452980000,1301453039000,62.486,62.507,62.486,62.501,37000000,1
1301453040000,1301453099000,62.503,62.506,62.488,62.499,80000000,1
1301453100000,1301453159000,62.498,62.498,62.496,62.498,55000000,1
1301453160000,1301453219000,62.498,62.513,62.489,62.507,97000000,1
1301453220000,1301453279000,62.507,62.548,62.507,62.538,217000000,1
1301453280000,1301453339000,62.538,62.568,62.538,62.568,223000000,1
1301453340000,1301453399000,62.568,62.58,62.561,62.573,180000000,1
1301453400000,1301453459000,62.578,62.579,62.557,62.557,67000000,1
1301453460000,1301453519000,62.55,62.561,62.548,62.558,71000000,1
1301453520000,1301453579000,62.558,62.562,62.558,62.562,17000000,1
1301453580000,1301453639000,62.557,62.568,62.551,62.557,95000000,1
1301453640000,1301453699000,62.557,62.557,62.538,62.538,59000000,1
1301453700000,1301453759000,62.539,62.548,62.538,62.542,61000000,1
1301453760000,1301453819000,62.547,62.547,62.536,62.547,47000000,1
1301453820000,1301453879000,62.547,62.567,62.547,62.567,63000000,1
1301453880000,1301453939000,62.568,62.587,62.567,62.578,87000000,1
1301453940000,1301453999000,62.578,62.597,62.577,62.588,109000000,1
1301454000000,1301454059000,62.588,62.617,62.588,62.607,97000000,1
1301454060000,1301454119000,62.606,62.608,62.588,62.596,116000000,1
1301454120000,1301454179000,62.593,62.598,62.593,62.597,76000000,1
1301454180000,1301454239000,62.597,62.603,62.592,62.601,90000000,1
1301454240000,1301454299000,62.601,62.607,62.577,62.588,133000000,1
1301454300000,1301454359000,62.588,62.597,62.578,62.597,84000000,1
1301454360000,1301454419000,62.592,62.592,62.58,62.588,51000000,1
1301454420000,1301454479000,62.588,62.598,62.588,62.598,33000000,1
1301454480000,1301454539000,62.598,62.608,62.593,62.608,83000000,1
1301454540000,1301454599000,62.608,62.618,62.607,62.607,85000000,1
1301454600000,1301454659000,62.607,62.615,62.6,62.607,80000000,1
1301454660000,1301454719000,62.607,62.607,62.598,62.601,59000000,1
1301454720000,1301454779000,62.607,62.652,62.6,62.631,211000000,1
1301454780000,1301454839000,62.631,62.638,62.631,62.638,74000000,1
1301454840000,1301454899000,62.638,62.638,62.618,62.618,44000000,1
1301454900000,1301454959000,62.618,62.64,62.618,62.63,81000000,1
1301454960000,1301455019000,62.63,62.63,62.626,62.626,20000000,1
1301455020000,1301455079000,62.627,62.629,62.618,62.629,52000000,1
1301455080000,1301455139000,62.632,62.632,62.617,62.631,69000000,1
1301455140000,1301455199000,62.631,62.648,62.63,62.647,70000000,1
1301455200000,1301455259000,62.647,62.648,62.641,62.647,39000000,1
1301455260000,1301455319000,62.641,62.646,62.638,62.638,27000000,1
1301455320000,1301455379000,62.638,62.638,62.627,62.631,30000000,1
1301455380000,1301455439000,62.631,62.647,62.631,62.647,30000000,1
1301455440000,1301455499000,62.647,62.657,62.647,62.656,66000000,1
1301455500000,1301455559000,62.656,62.687,62.648,62.676,147000000,1
1301455560000,1301455619000,62.669,62.692,62.667,62.692,135000000,1
1301455620000,1301455679000,62.693,62.698,62.682,62.682,92000000,1
1301455680000,1301455739000,62.681,62.684,62.671,62.682,107000000,1
1301455740000,1301455799000,62.681,62.683,62.671,62.677,75000000,1
1301455800000,1301455859000,62.677,62.718,62.667,62.716,194000000,1
1301455860000,1301455919000,62.708,62.708,62.691,62.707,59000000,1
1301455920000,1301455979000,62.706,62.748,62.699,62.748,144000000,1
1301455980000,1301456039000,62.738,62.738,62.727,62.73,111000000,1
1301456040000,1301456099000,62.73,62.738,62.73,62.738,60000000,1
1301456100000,1301456159000,62.738,62.744,62.729,62.74,74000000,1
1301456160000,1301456219000,62.743,62.758,62.742,62.758,74000000,1
1301456220000,1301456279000,62.758,62.772,62.75,62.762,177000000,1
1301456280000,1301456339000,62.758,62.777,62.752,62.757,94000000,1
1301456340000,1301456399000,62.752,62.763,62.747,62.758,96000000,1
1301456400000,1301456459000,62.758,62.758,62.746,62.756,68000000,1
1301456460000,1301456519000,62.756,62.76,62.747,62.751,42000000,1
1301456520000,1301456579000,62.751,62.757,62.748,62.748,20000000,1
1301456580000,1301456639000,62.749,62.766,62.746,62.766,48000000,1
1301456640000,1301456699000,62.766,62.769,62.76,62.766,35000000,1
1301456700000,1301456759000,62.768,62.768,62.743,62.756,91000000,1
1301456760000,1301456819000,62.757,62.763,62.75,62.756,60000000,1
1301456820000,1301456879000,62.756,62.758,62.75,62.757,41000000,1
1301456880000,1301456939000,62.757,62.758,62.748,62.753,36000000,1
1301456940000,1301456999000,62.757,62.776,62.748,62.768,86000000,1
1301457000000,1301457059000,62.777,62.778,62.767,62.777,94000000,1
1301457060000,1301457119000,62.777,62.798,62.767,62.797,143000000,1
1301457120000,1301457179000,62.797,62.812,62.794,62.797,78000000,1
1301457180000,1301457239000,62.797,62.827,62.778,62.827,137000000,1
1301457240000,1301457299000,62.827,62.868,62.819,62.868,152000000,1
1301457300000,1301457359000,62.868,62.888,62.86,62.879,164000000,1
1301457360000,1301457419000,62.879,62.888,62.872,62.878,139000000,1
1301457420000,1301457479000,62.88,62.898,62.877,62.889,194000000,1
1301457480000,1301457539000,62.891,62.898,62.887,62.896,90000000,1
1301457540000,1301457599000,62.898,62.927,62.897,62.91,121000000,1
1301457600000,1301457659000,62.911,62.917,62.883,62.888,80000000,1
1301457660000,1301457719000,62.887,62.907,62.887,62.902,162000000,1
1301457720000,1301457779000,62.902,62.918,62.899,62.907,84000000,1
1301457780000,1301457839000,62.907,62.911,62.902,62.908,53000000,1
1301457840000,1301457899000,62.908,62.908,62.898,62.901,69000000,1
1301457900000,1301457959000,62.901,62.949,62.897,62.949,110000000,1
1301457960000,1301458019000,62.948,62.948,62.933,62.948,69000000,1
1301458020000,1301458079000,62.948,62.989,62.948,62.957,165000000,1
1301458080000,1301458139000,62.957,62.967,62.948,62.958,95000000,1
1301458140000,1301458199000,62.958,62.978,62.958,62.976,107000000,1
1301458200000,1301458259000,62.969,62.977,62.957,62.968,92000000,1
1301458260000,1301458319000,62.967,62.975,62.953,62.968,86000000,1
1301458320000,1301458379000,62.968,62.992,62.967,62.967,169000000,1
1301458380000,1301458439000,62.967,62.978,62.967,62.971,28000000,1
1301458440000,1301458499000,62.969,62.969,62.927,62.928,127000000,1
1301458500000,1301458559000,62.928,62.936,62.927,62.927,52000000,1
1301458560000,1301458619000,62.921,62.928,62.899,62.907,87000000,1
1301458620000,1301458679000,62.907,62.908,62.878,62.888,165000000,1
1301458680000,1301458739000,62.888,62.897,62.868,62.878,115000000,1
1301458740000,1301458799000,62.878,62.878,62.86,62.867,52000000,1
1301458800000,1301458859000,62.867,62.867,62.852,62.857,124000000,1
1301458860000,1301458919000,62.856,62.857,62.847,62.848,65000000,1
1301458920000,1301458979000,62.848,62.858,62.847,62.857,80000000,1
1301458980000,1301459039000,62.857,62.868,62.847,62.868,75000000,1
1301459040000,1301459099000,62.871,62.878,62.864,62.868,39000000,1
1301459100000,1301459159000,62.868,62.888,62.868,62.887,93000000,1
1301459160000,1301459219000,62.882,62.898,62.879,62.887,102000000,1
1301459220000,1301459279000,62.887,62.93,62.887,62.927,129000000,1
1301459280000,1301459339000,62.927,62.928,62.907,62.916,80000000,1
1301459340000,1301459399000,62.916,62.927,62.898,62.922,61000000,1
1301459400000,1301459459000,62.922,62.923,62.917,62.917,96000000,1
1301459460000,1301459519000,62.918,62.919,62.918,62.918,14000000,1
1301459520000,1301459579000,62.92,62.922,62.919,62.922,21000000,1
1301459580000,1301459639000,62.922,62.928,62.907,62.917,99000000,1
1301459640000,1301459699000,62.918,62.92,62.91,62.911,74000000,1
1301459700000,1301459759000,62.91,62.913,62.91,62.911,31000000,1
1301459760000,1301459819000,62.911,62.916,62.899,62.908,63000000,1
1301459820000,1301459879000,62.908,62.917,62.898,62.906,75000000,1
1301459880000,1301459939000,62.909,62.912,62.891,62.898,190000000,1
1301459940000,1301459999000,62.898,62.901,62.887,62.901,97000000,1
1301460000000,1301460059000,62.9,62.928,62.9,62.912,152000000,1
1301460060000,1301460119000,62.917,62.93,62.916,62.927,56000000,1
1301460120000,1301460179000,62.927,62.936,62.917,62.918,78000000,1
1301460180000,1301460239000,62.92,62.951,62.92,62.947,48000000,1
1301460240000,1301460299000,62.947,62.957,62.934,62.955,42000000,1
1301460300000,1301460359000,62.952,62.952,62.947,62.948,87000000,1
1301460360000,1301460419000,62.948,62.948,62.917,62.923,111000000,1
1301460420000,1301460479000,62.924,62.924,62.9,62.907,154000000,1
1301460480000,1301460539000,62.907,62.909,62.888,62.888,137000000,1
1301460540000,1301460599000,62.888,62.898,62.887,62.891,77000000,1
1301460600000,1301460659000,62.888,62.917,62.886,62.916,40000000,1
1301460660000,1301460719000,62.916,62.917,62.9,62.91,96000000,1
1301460720000,1301460779000,62.917,62.957,62.913,62.928,152000000,1
1301460780000,1301460839000,62.928,62.938,62.917,62.917,71000000,1
1301460840000,1301460899000,62.918,62.93,62.913,62.93,30000000,1
1301460900000,1301460959000,62.928,62.947,62.926,62.938,63000000,1
1301460960000,1301461019000,62.938,62.94,62.93,62.94,36000000,1
1301461020000,1301461079000,62.94,62.94,62.929,62.932,42000000,1
1301461080000,1301461139000,62.927,62.948,62.926,62.948,85000000,1
1301461140000,1301461199000,62.949,62.995,62.949,62.977,153000000,1
1301461200000,1301461259000,62.979,62.98,62.966,62.967,79000000,1
1301461260000,1301461319000,62.967,62.967,62.956,62.962,33000000,1
1301461320000,1301461379000,62.96,62.962,62.952,62.956,55000000,1
1301461380000,1301461439000,62.956,62.956,62.947,62.947,24000000,1
1301461440000,1301461499000,62.947,62.947,62.937,62.941,37000000,1
1301461500000,1301461559000,62.941,62.947,62.937,62.944,68000000,1
1301461560000,1301461619000,62.944,62.95,62.943,62.947,22000000,1
1301461620000,1301461679000,62.946,62.946,62.939,62.943,27000000,1
1301461680000,1301461739000,62.947,62.947,62.937,62.937,50000000,1
1301461740000,1301461799000,62.937,62.951,62.937,62.947,134000000,1
1301461800000,1301461859000,62.947,62.947,62.931,62.94,76000000,1
1301461860000,1301461919000,62.94,62.944,62.939,62.939,47000000,1
1301461920000,1301461979000,62.94,62.947,62.94,62.947,13000000,1
1301461980000,1301462039000,62.94,62.964,62.94,62.956,107000000,1
1301462040000,1301462099000,62.957,62.959,62.949,62.955,94000000,1
1301462100000,1301462159000,62.956,62.961,62.949,62.961,63000000,1
1301462160000,1301462219000,62.961,62.962,62.946,62.947,67000000,1
1301462220000,1301462279000,62.946,62.946,62.917,62.918,99000000,1
1301462280000,1301462339000,62.918,62.928,62.918,62.928,21000000,1
1301462340000,1301462399000,62.926,62.926,62.916,62.916,52000000,1
1301462400000,1301462459000,62.917,62.927,62.917,62.919,37000000,1
1301462460000,1301462519000,62.92,62.922,62.915,62.922,29000000,1
1301462520000,1301462579000,62.922,62.925,62.902,62.906,63000000,1
1301462580000,1301462639000,62.902,62.907,62.874,62.877,110000000,1
1301462640000,1301462699000,62.876,62.888,62.863,62.878,128000000,1
1301462700000,1301462759000,62.878,62.887,62.869,62.869,71000000,1
1301462760000,1301462819000,62.871,62.881,62.852,62.866,130000000,1
1301462820000,1301462879000,62.866,62.877,62.866,62.87,36000000,1
1301462880000,1301462939000,62.871,62.874,62.859,62.864,63000000,1
1301462940000,1301462999000,62.863,62.871,62.86,62.871,40000000,1
1301463000000,1301463059000,62.873,62.886,62.872,62.881,60000000,1
1301463060000,1301463119000,62.888,62.921,62.886,62.919,98000000,1
1301463120000,1301463179000,62.918,62.918,62.907,62.908,73000000,1
1301463180000,1301463239000,62.908,62.91,62.877,62.877,70000000,1
1301463240000,1301463299000,62.877,62.918,62.877,62.918,66000000,1
1301463300000,1301463359000,62.918,62.929,62.917,62.929,81000000,1
1301463360000,1301463419000,62.928,62.931,62.914,62.921,82000000,1
1301463420000,1301463479000,62.92,62.928,62.897,62.927,130000000,1
1301463480000,1301463539000,62.927,62.927,62.917,62.917,100000000,1
1301463540000,1301463599000,62.92,62.935,62.913,62.917,70000000,1
1301463600000,1301463659000,62.917,62.962,62.911,62.957,122000000,1
1301463660000,1301463719000,62.957,62.957,62.94,62.947,66000000,1
1301463720000,1301463779000,62.948,62.958,62.947,62.958,59000000,1
1301463780000,1301463839000,62.958,62.958,62.952,62.956,19000000,1
1301463840000,1301463899000,62.953,62.957,62.933,62.933,40000000,1
1301463900000,1301463959000,62.936,62.938,62.92,62.92,79000000,1
1301463960000,1301464019000,62.921,62.929,62.921,62.929,13000000,1
1301464020000,1301464079000,62.929,62.933,62.928,62.929,43000000,1
1301464080000,1301464139000,62.929,62.931,62.921,62.921,75000000,1
1301464140000,1301464199000,62.92,62.943,62.919,62.941,215000000,1
1301464200000,1301464259000,62.947,62.993,62.947,62.993,149000000,1
1301464260000,1301464319000,62.993,63.01,62.988,63.01,186000000,1
1301464320000,1301464379000,63.009,63.009,62.997,62.997,120000000,1
1301464380000,1301464439000,62.997,63.008,62.991,63.007,137000000,1
1301464440000,1301464499000,63.007,63.01,62.992,63.01,82000000,1
1301464500000,1301464559000,63.007,63.008,62.997,63.007,83000000,1
1301464560000,1301464619000,62.999,63.03,62.996,63.017,71000000,1
1301464620000,1301464679000,63.017,63.038,63.017,63.028,92000000,1
1301464680000,1301464739000,63.029,63.058,63.029,63.057,69000000,1
1301464740000,1301464799000,63.05,63.077,63.047,63.067,214000000,1
1301464800000,1301464859000,63.061,63.073,63.047,63.061,187000000,1
1301464860000,1301464919000,63.061,63.068,63.042,63.047,190000000,1
1301464920000,1301464979000,63.047,63.056,63.04,63.046,110000000,1
1301464980000,1301465039000,63.046,63.057,63.037,63.048,163000000,1
1301465040000,1301465099000,63.056,63.059,63.047,63.057,72000000,1
1301465100000,1301465159000,63.057,63.067,63.037,63.048,129000000,1
1301465160000,1301465219000,63.04,63.048,63.005,63.011,116000000,1
1301465220000,1301465279000,63.017,63.038,63.007,63.027,204000000,1
1301465280000,1301465339000,63.038,63.038,62.997,62.998,181000000,1
1301465340000,1301465399000,62.997,62.997,62.967,62.981,164000000,1
1301465400000,1301465459000,62.981,62.981,62.957,62.978,144000000,1
1301465460000,1301465519000,62.978,62.978,62.947,62.957,111000000,1
1301465520000,1301465579000,62.957,62.968,62.947,62.958,114000000,1
1301465580000,1301465639000,62.959,62.967,62.947,62.948,116000000,1
1301465640000,1301465699000,62.948,62.968,62.946,62.957,95000000,1
1301465700000,1301465759000,62.948,62.957,62.93,62.948,103000000,1
1301465760000,1301465819000,62.948,62.948,62.918,62.936,148000000,1
1301465820000,1301465879000,62.93,62.93,62.879,62.879,125000000,1
1301465880000,1301465939000,62.879,62.888,62.868,62.877,150000000,1
1301465940000,1301465999000,62.877,62.887,62.861,62.878,139000000,1
1301466000000,1301466059000,62.878,62.892,62.877,62.888,83000000,1
1301466060000,1301466119000,62.888,62.889,62.867,62.877,124000000,1
1301466120000,1301466179000,62.877,62.898,62.877,62.887,84000000,1
1301466180000,1301466239000,62.888,62.898,62.887,62.889,56000000,1
1301466240000,1301466299000,62.887,62.887,62.867,62.871,73000000,1
1301466300000,1301466359000,62.871,62.888,62.871,62.888,20000000,1
1301466360000,1301466419000,62.881,62.918,62.878,62.898,59000000,1
1301466420000,1301466479000,62.899,62.918,62.897,62.903,104000000,1
1301466480000,1301466539000,62.901,62.902,62.887,62.891,102000000,1
1301466540000,1301466599000,62.892,62.9,62.866,62.876,179000000,1
1301466600000,1301466659000,62.869,62.892,62.869,62.879,67000000,1
1301466660000,1301466719000,62.879,62.879,62.857,62.861,67000000,1
1301466720000,1301466779000,62.859,62.867,62.831,62.837,92000000,1
1301466780000,1301466839000,62.837,62.868,62.832,62.85,45000000,1
1301466840000,1301466899000,62.854,62.878,62.854,62.878,58000000,1
1301466900000,1301466959000,62.878,62.888,62.878,62.888,32000000,1
1301466960000,1301467019000,62.881,62.908,62.879,62.88,82000000,1
1301467020000,1301467079000,62.887,62.918,62.887,62.918,43000000,1
1301467080000,1301467139000,62.91,62.918,62.901,62.901,64000000,1
1301467140000,1301467199000,62.9,62.907,62.893,62.897,15000000,1
1301467200000,1301467259000,62.898,62.938,62.898,62.928,124000000,1
1301467260000,1301467319000,62.928,62.928,62.917,62.927,65000000,1
1301467320000,1301467379000,62.927,62.938,62.927,62.93,59000000,1
1301467380000,1301467439000,62.928,62.94,62.905,62.913,188000000,1
1301467440000,1301467499000,62.907,62.91,62.878,62.897,77000000,1
1301467500000,1301467559000,62.897,62.907,62.88,62.898,160000000,1
1301467560000,1301467619000,62.898,62.918,62.898,62.918,70000000,1
1301467620000,1301467679000,62.918,62.938,62.907,62.938,127000000,1
1301467680000,1301467739000,62.93,62.938,62.914,62.938,132000000,1
1301467740000,1301467799000,62.938,62.948,62.928,62.929,169000000,1
1301467800000,1301467859000,62.929,62.948,62.928,62.948,98000000,1
1301467860000,1301467919000,62.948,62.958,62.917,62.937,165000000,1
1301467920000,1301467979000,62.938,62.968,62.938,62.968,142000000,1
1301467980000,1301468039000,62.968,62.968,62.947,62.959,114000000,1
1301468040000,1301468099000,62.96,62.968,62.957,62.958,138000000,1
1301468100000,1301468159000,62.958,62.958,62.929,62.931,155000000,1
1301468160000,1301468219000,62.937,62.947,62.927,62.938,165000000,1
1301468220000,1301468279000,62.938,62.948,62.908,62.918,155000000,1
1301468280000,1301468339000,62.918,62.928,62.911,62.927,128000000,1
1301468340000,1301468399000,62.927,62.937,62.921,62.926,102000000,1
1301468400000,1301468459000,62.927,62.937,62.916,62.927,134000000,1
1301468460000,1301468519000,62.927,62.929,62.906,62.907,144000000,1
1301468520000,1301468579000,62.906,62.937,62.899,62.937,96000000,1
1301468580000,1301468639000,62.937,62.938,62.93,62.938,76000000,1
1301468640000,1301468699000,62.938,62.954,62.934,62.941,124000000,1
1301468700000,1301468759000,62.937,62.946,62.926,62.927,123000000,1
1301468760000,1301468819000,62.927,62.944,62.927,62.928,73000000,1
1301468820000,1301468879000,62.928,62.959,62.927,62.958,103000000,1
1301468880000,1301468939000,62.958,62.978,62.956,62.976,155000000,1
1301468940000,1301468999000,62.978,62.978,62.968,62.977,47000000,1
1301469000000,1301469059000,62.977,62.977,62.959,62.963,38000000,1
1301469060000,1301469119000,62.964,62.98,62.963,62.969,177000000,1
1301469120000,1301469179000,62.971,62.988,62.971,62.987,110000000,1
1301469180000,1301469239000,62.987,63.006,62.979,63.006,93000000,1
1301469240000,1301469299000,63.006,63.017,63.006,63.008,79000000,1
1301469300000,1301469359000,63.008,63.017,62.996,63.006,136000000,1
1301469360000,1301469419000,62.998,63.016,62.997,63.007,114000000,1
1301469420000,1301469479000,63.007,63.029,63.002,63.019,117000000,1
1301469480000,1301469539000,63.018,63.043,63.017,63.038,189000000,1
1301469540000,1301469599000,63.038,63.067,63.038,63.047,116000000,1
1301469600000,1301469659000,63.047,63.051,63.037,63.039,139000000,1
1301469660000,1301469719000,63.041,63.078,63.038,63.068,165000000,1
1301469720000,1301469779000,63.067,63.096,63.067,63.077,202000000,1
1301469780000,1301469839000,63.077,63.087,63.057,63.087,126000000,1
1301469840000,1301469899000,63.088,63.099,63.08,63.096,227000000,1
1301469900000,1301469959000,63.096,63.097,63.067,63.078,178000000,1
1301469960000,1301470019000,63.078,63.089,63.078,63.088,89000000,1
1301470020000,1301470079000,63.087,63.097,63.078,63.088,130000000,1
1301470080000,1301470139000,63.09,63.108,63.09,63.091,128000000,1
1301470140000,1301470199000,63.09,63.117,63.09,63.097,163000000,1
1301470200000,1301470259000,63.097,63.116,63.095,63.107,166000000,1
1301470260000,1301470319000,63.107,63.128,63.107,63.107,151000000,1
1301470320000,1301470379000,63.108,63.117,63.086,63.1,88000000,1
1301470380000,1301470439000,63.1,63.1,63.086,63.091,60000000,1
1301470440000,1301470499000,63.092,63.105,63.079,63.08,125000000,1
1301470500000,1301470559000,63.078,63.081,63.064,63.064,88000000,1
1301470560000,1301470619000,63.066,63.088,63.066,63.077,105000000,1
1301470620000,1301470679000,63.078,63.087,63.06,63.07,112000000,1
1301470680000,1301470739000,63.07,63.071,63.048,63.056,126000000,1
1301470740000,1301470799000,63.057,63.092,63.057,63.087,136000000,1
1301470800000,1301470859000,63.095,63.109,63.095,63.098,119000000,1
1301470860000,1301470919000,63.098,63.107,63.096,63.106,65000000,1
1301470920000,1301470979000,63.106,63.107,63.096,63.099,104000000,1
1301470980000,1301471039000,63.101,63.108,63.096,63.097,89000000,1
1301471040000,1301471099000,63.097,63.128,63.09,63.118,103000000,1
1301471100000,1301471159000,63.118,63.118,63.096,63.097,104000000,1
1301471160000,1301471219000,63.097,63.108,63.097,63.099,112000000,1
1301471220000,1301471279000,63.097,63.112,63.097,63.106,42000000,1
1301471280000,1301471339000,63.106,63.11,63.086,63.087,135000000,1
1301471340000,1301471399000,63.088,63.098,63.077,63.078,140000000,1
1301471400000,1301471459000,63.078,63.082,63.059,63.067,68000000,1
1301471460000,1301471519000,63.067,63.067,63.037,63.058,161000000,1
1301471520000,1301471579000,63.056,63.073,63.043,63.073,135000000,1
1301471580000,1301471639000,63.069,63.076,63.052,63.076,88000000,1
1301471640000,1301471699000,63.071,63.088,63.067,63.069,80000000,1
1301471700000,1301471759000,63.069,63.069,63.056,63.056,43000000,1
1301471760000,1301471819000,63.057,63.059,63.057,63.058,52000000,1
1301471820000,1301471879000,63.058,63.058,63.038,63.046,39000000,1
1301471880000,1301471939000,63.038,63.057,63.038,63.057,48000000,1
1301471940000,1301471999000,63.057,63.057,63.028,63.028,70000000,1
1301472000000,1301472059000,63.034,63.034,62.999,63.008,106000000,1
1301472060000,1301472119000,63.012,63.021,63.006,63.018,109000000,1
1301472120000,1301472179000,63.016,63.026,63.008,63.018,85000000,1
1301472180000,1301472239000,63.018,63.031,63.008,63.027,92000000,1
1301472240000,1301472299000,63.027,63.028,63.016,63.026,127000000,1
1301472300000,1301472359000,63.018,63.028,63.017,63.027,64000000,1
1301472360000,1301472419000,63.026,63.038,63.026,63.038,54000000,1
1301472420000,1301472479000,63.037,63.048,63.028,63.036,87000000,1
1301472480000,1301472539000,63.039,63.058,63.039,63.057,88000000,1
1301472540000,1301472599000,63.057,63.078,63.046,63.068,118000000,1
1301472600000,1301472659000,63.068,63.088,63.057,63.087,146000000,1
1301472660000,1301472719000,63.087,63.088,63.07,63.077,88000000,1
1301472720000,1301472779000,63.076,63.087,63.066,63.066,63000000,1
1301472780000,1301472839000,63.066,63.087,63.057,63.078,93000000,1
1301472840000,1301472899000,63.078,63.078,63.048,63.056,86000000,1
1301472900000,1301472959000,63.058,63.098,63.057,63.088,126000000,1
1301472960000,1301473019000,63.088,63.11,63.077,63.088,80000000,1
1301473020000,1301473079000,63.088,63.088,63.037,63.047,133000000,1
1301473080000,1301473139000,63.047,63.067,63.047,63.067,60000000,1
1301473140000,1301473199000,63.067,63.088,63.067,63.088,115000000,1
1301473200000,1301473259000,63.088,63.107,63.087,63.097,76000000,1
1301473260000,1301473319000,63.089,63.118,63.088,63.116,116000000,1
1301473320000,1301473379000,63.116,63.126,63.098,63.107,40000000,1
1301473380000,1301473439000,63.098,63.108,63.098,63.108,35000000,1
1301473440000,1301473499000,63.107,63.108,63.1,63.108,24000000,1
1301473500000,1301473559000,63.106,63.118,63.106,63.116,47000000,1
1301473560000,1301473619000,63.116,63.127,63.116,63.127,113000000,1
1301473620000,1301473679000,63.127,63.136,63.117,63.118,157000000,1
1301473680000,1301473739000,63.118,63.158,63.118,63.148,176000000,1
1301473740000,1301473799000,63.147,63.157,63.129,63.136,133000000,1
1301473800000,1301473859000,63.136,63.139,63.132,63.139,57000000,1
1301473860000,1301473919000,63.139,63.153,63.137,63.149,69000000,1
1301473920000,1301473979000,63.152,63.156,63.119,63.127,72000000,1
1301473980000,1301474039000,63.128,63.137,63.118,63.137,73000000,1
1301474040000,1301474099000,63.137,63.143,63.128,63.143,62000000,1
1301474100000,1301474159000,63.146,63.148,63.136,63.136,83000000,1
1301474160000,1301474219000,63.138,63.138,63.116,63.117,53000000,1
1301474220000,1301474279000,63.117,63.117,63.107,63.107,40000000,1
1301474280000,1301474339000,63.106,63.108,63.097,63.106,52000000,1
1301474340000,1301474399000,63.106,63.108,63.087,63.097,133000000,1
1301474400000,1301474459000,63.097,63.099,63.087,63.089,75000000,1
1301474460000,1301474519000,63.089,63.107,63.088,63.098,73000000,1
1301474520000,1301474579000,63.098,63.128,63.098,63.127,62000000,1
1301474580000,1301474639000,63.127,63.147,63.121,63.137,59000000,1
1301474640000,1301474699000,63.137,63.147,63.119,63.121,97000000,1
1301474700000,1301474759000,63.127,63.141,63.119,63.138,88000000,1
1301474760000,1301474819000,63.138,63.148,63.116,63.116,105000000,1
1301474820000,1301474879000,63.117,63.119,63.1,63.108,129000000,1
1301474880000,1301474939000,63.109,63.118,63.089,63.097,82000000,1
1301474940000,1301474999000,63.097,63.121,63.094,63.11,117000000,1
1301475000000,1301475059000,63.117,63.127,63.106,63.108,135000000,1
1301475060000,1301475119000,63.108,63.118,63.098,63.111,97000000,1
1301475120000,1301475179000,63.117,63.118,63.098,63.103,73000000,1
1301475180000,1301475239000,63.103,63.104,63.079,63.087,62000000,1
1301475240000,1301475299000,63.087,63.097,63.087,63.097,40000000,1
1301475300000,1301475359000,63.098,63.107,63.098,63.1,57000000,1
1301475360000,1301475419000,63.101,63.117,63.098,63.108,93000000,1
1301475420000,1301475479000,63.103,63.103,63.083,63.088,82000000,1
1301475480000,1301475539000,63.088,63.09,63.078,63.088,63000000,1
1301475540000,1301475599000,63.088,63.088,63.037,63.037,165000000,1
1301475600000,1301475659000,63.038,63.087,63.038,63.076,141000000,1
1301475660000,1301475719000,63.077,63.088,63.057,63.06,133000000,1
1301475720000,1301475779000,63.058,63.091,63.057,63.091,157000000,1
1301475780000,1301475839000,63.096,63.098,63.087,63.09,76000000,1
1301475840000,1301475899000,63.087,63.097,63.077,63.088,80000000,1
1301475900000,1301475959000,63.087,63.088,63.077,63.088,50000000,1
1301475960000,1301476019000,63.088,63.088,63.06,63.066,108000000,1
1301476020000,1301476079000,63.066,63.078,63.057,63.077,76000000,1
1301476080000,1301476139000,63.077,63.079,63.067,63.079,123000000,1
1301476140000,1301476199000,63.079,63.091,63.073,63.082,75000000,1
1301476200000,1301476259000,63.082,63.088,63.069,63.072,132000000,1
1301476260000,1301476319000,63.074,63.078,63.047,63.048,63000000,1
1301476320000,1301476379000,63.048,63.058,63.047,63.047,40000000,1
1301476380000,1301476439000,63.047,63.047,63.039,63.039,17000000,1
1301476440000,1301476499000,63.042,63.048,63.028,63.036,40000000,1
1301476500000,1301476559000,63.037,63.041,63.027,63.037,58000000,1
1301476560000,1301476619000,63.037,63.067,63.037,63.06,192000000,1
1301476620000,1301476679000,63.06,63.078,63.036,63.036,178000000,1
1301476680000,1301476739000,63.036,63.058,63.028,63.058,98000000,1
1301476740000,1301476799000,63.058,63.068,63.048,63.058,165000000,1
1301476800000,1301476859000,63.059,63.077,63.058,63.066,149000000,1
1301476860000,1301476919000,63.066,63.077,63.047,63.047,106000000,1
1301476920000,1301476979000,63.047,63.058,63.037,63.048,155000000,1
1301476980000,1301477039000,63.046,63.058,63.042,63.046,81000000,1
1301477040000,1301477099000,63.046,63.048,63.017,63.018,96000000,1
1301477100000,1301477159000,63.018,63.027,63.006,63.017,118000000,1
1301477160000,1301477219000,63.017,63.038,63.017,63.037,60000000,1
1301477220000,1301477279000,63.03,63.03,63.027,63.028,73000000,1
1301477280000,1301477339000,63.027,63.027,63.017,63.018,50000000,1
1301477340000,1301477399000,63.018,63.078,63.018,63.058,141000000,1
1301477400000,1301477459000,63.056,63.061,63.047,63.048,74000000,1
1301477460000,1301477519000,63.048,63.056,63.026,63.028,71000000,1
1301477520000,1301477579000,63.027,63.028,63.017,63.018,75000000,1
1301477580000,1301477639000,63.018,63.027,63.017,63.027,29000000,1
1301477640000,1301477699000,63.026,63.029,63.018,63.027,31000000,1
1301477700000,1301477759000,63.027,63.048,63.018,63.048,109000000,1
1301477760000,1301477819000,63.048,63.058,63.037,63.048,73000000,1
1301477820000,1301477879000,63.038,63.049,63.038,63.048,86000000,1
1301477880000,1301477939000,63.048,63.048,63.037,63.048,79000000,1
1301477940000,1301477999000,63.041,63.048,63.037,63.047,50000000,1
1301478000000,1301478059000,63.048,63.051,63.047,63.051,30000000,1
1301478060000,1301478119000,63.048,63.068,63.048,63.066,74000000,1
1301478120000,1301478179000,63.066,63.068,63.047,63.053,173000000,1
1301478180000,1301478239000,63.053,63.078,63.053,63.07,80000000,1
1301478240000,1301478299000,63.071,63.095,63.07,63.087,86000000,1
1301478300000,1301478359000,63.087,63.097,63.085,63.097,63000000,1
1301478360000,1301478419000,63.097,63.097,63.077,63.077,41000000,1
1301478420000,1301478479000,63.077,63.087,63.06,63.06,135000000,1
1301478480000,1301478539000,63.062,63.092,63.062,63.077,93000000,1
1301478540000,1301478599000,63.077,63.098,63.07,63.07,133000000,1
1301478600000,1301478659000,63.068,63.077,63.047,63.058,139000000,1
1301478660000,1301478719000,63.058,63.061,63.037,63.043,191000000,1
1301478720000,1301478779000,63.048,63.058,63.037,63.058,114000000,1
1301478780000,1301478839000,63.058,63.074,63.055,63.068,94000000,1
1301478840000,1301478899000,63.071,63.107,63.071,63.087,164000000,1
1301478900000,1301478959000,63.081,63.087,63.067,63.068,111000000,1
1301478960000,1301479019000,63.068,63.098,63.068,63.089,161000000,1
1301479020000,1301479079000,63.086,63.088,63.076,63.077,83000000,1
1301479080000,1301479139000,63.068,63.07,63.066,63.068,45000000,1
1301479140000,1301479199000,63.068,63.079,63.068,63.078,63000000,1
1301479200000,1301479259000,63.078,63.118,63.067,63.107,114000000,1
1301479260000,1301479319000,63.107,63.109,63.087,63.088,66000000,1
1301479320000,1301479379000,63.088,63.096,63.078,63.094,90000000,1
1301479380000,1301479439000,63.095,63.096,63.077,63.077,52000000,1
1301479440000,1301479499000,63.077,63.078,63.065,63.077,47000000,1
1301479500000,1301479559000,63.079,63.098,63.079,63.092,52000000,1
1301479560000,1301479619000,63.095,63.095,63.077,63.086,82000000,1
1301479620000,1301479679000,63.082,63.082,63.05,63.064,99000000,1
1301479680000,1301479739000,63.063,63.068,63.057,63.057,78000000,1
1301479740000,1301479799000,63.057,63.064,63.046,63.047,112000000,1
1301479800000,1301479859000,63.047,63.058,63.047,63.058,32000000,1
1301479860000,1301479919000,63.064,63.07,63.052,63.058,43000000,1
1301479920000,1301479979000,63.058,63.068,63.055,63.066,52000000,1
1301479980000,1301480039000,63.071,63.078,63.07,63.078,40000000,1
1301480040000,1301480099000,63.078,63.097,63.078,63.086,76000000,1
1301480100000,1301480159000,63.083,63.093,63.082,63.088,95000000,1
1301480160000,1301480219000,63.088,63.088,63.069,63.077,95000000,1
1301480220000,1301480279000,63.077,63.098,63.074,63.087,120000000,1
1301480280000,1301480339000,63.08,63.087,63.079,63.082,21000000,1
1301480340000,1301480399000,63.078,63.097,63.078,63.097,17000000,1
1301480400000,1301480459000,63.097,63.108,63.087,63.097,132000000,1
1301480460000,1301480519000,63.087,63.108,63.085,63.087,160000000,1
1301480520000,1301480579000,63.087,63.098,63.087,63.098,46000000,1
1301480580000,1301480639000,63.107,63.107,63.097,63.106,78000000,1
1301480640000,1301480699000,63.106,63.118,63.091,63.107,95000000,1
1301480700000,1301480759000,63.097,63.107,63.086,63.087,62000000,1
1301480760000,1301480819000,63.087,63.096,63.078,63.087,60000000,1
1301480820000,1301480879000,63.078,63.078,63.056,63.056,106000000,1
1301480880000,1301480939000,63.056,63.068,63.056,63.068,122000000,1
1301480940000,1301480999000,63.068,63.096,63.068,63.087,44000000,1
1301481000000,1301481059000,63.087,63.092,63.087,63.092,12000000,1
1301481060000,1301481119000,63.088,63.094,63.087,63.089,38000000,1
1301481120000,1301481179000,63.094,63.117,63.08,63.08,64000000,1
1301481180000,1301481239000,63.081,63.107,63.081,63.097,119000000,1
1301481240000,1301481299000,63.097,63.11,63.089,63.099,135000000,1
1301481300000,1301481359000,63.098,63.109,63.09,63.106,148000000,1
1301481360000,1301481419000,63.106,63.12,63.101,63.11,70000000,1
1301481420000,1301481479000,63.108,63.117,63.087,63.098,113000000,1
1301481480000,1301481539000,63.1,63.118,63.097,63.117,63000000,1
1301481540000,1301481599000,63.117,63.118,63.098,63.107,61000000,1
1301481600000,1301481659000,63.107,63.128,63.107,63.118,155000000,1
1301481660000,1301481719000,63.118,63.129,63.116,63.116,142000000,1
1301481720000,1301481779000,63.117,63.118,63.099,63.107,62000000,1
1301481780000,1301481839000,63.107,63.119,63.107,63.117,76000000,1
1301481840000,1301481899000,63.118,63.128,63.097,63.097,96000000,1
1301481900000,1301481959000,63.087,63.09,63.076,63.078,94000000,1
1301481960000,1301482019000,63.086,63.118,63.086,63.11,98000000,1
1301482020000,1301482079000,63.11,63.118,63.107,63.117,60000000,1
1301482080000,1301482139000,63.117,63.118,63.096,63.096,63000000,1
1301482140000,1301482199000,63.098,63.118,63.098,63.112,66000000,1
1301482200000,1301482259000,63.117,63.118,63.103,63.107,98000000,1
1301482260000,1301482319000,63.108,63.147,63.106,63.136,132000000,1
1301482320000,1301482379000,63.138,63.168,63.136,63.168,192000000,1
1301482380000,1301482439000,63.168,63.177,63.137,63.148,143000000,1
1301482440000,1301482499000,63.149,63.177,63.149,63.167,127000000,1
1301482500000,1301482559000,63.167,63.167,63.157,63.167,78000000,1
1301482560000,1301482619000,63.167,63.168,63.148,63.148,36000000,1
1301482620000,1301482679000,63.148,63.148,63.127,63.128,76000000,1
1301482680000,1301482739000,63.128,63.138,63.126,63.138,108000000,1
1301482740000,1301482799000,63.138,63.158,63.128,63.147,147000000,1
1301482800000,1301482859000,63.157,63.158,63.123,63.144,157000000,1
1301482860000,1301482919000,63.145,63.157,63.128,63.128,112000000,1
1301482920000,1301482979000,63.128,63.153,63.125,63.14,92000000,1
1301482980000,1301483039000,63.14,63.148,63.128,63.148,70000000,1
1301483040000,1301483099000,63.147,63.157,63.137,63.157,118000000,1
1301483100000,1301483159000,63.158,63.163,63.137,63.137,182000000,1
1301483160000,1301483219000,63.137,63.167,63.137,63.156,79000000,1
1301483220000,1301483279000,63.155,63.157,63.137,63.147,133000000,1
1301483280000,1301483339000,63.147,63.151,63.138,63.148,72000000,1
1301483340000,1301483399000,63.148,63.167,63.148,63.167,46000000,1
1301483400000,1301483459000,63.167,63.167,63.157,63.163,51000000,1
1301483460000,1301483519000,63.162,63.163,63.158,63.158,48000000,1
1301483520000,1301483579000,63.159,63.164,63.15,63.156,78000000,1
1301483580000,1301483639000,63.158,63.162,63.149,63.162,59000000,1
1301483640000,1301483699000,63.163,63.167,63.147,63.151,56000000,1
1301483700000,1301483759000,63.152,63.168,63.15,63.161,50000000,1
1301483760000,1301483819000,63.162,63.167,63.148,63.158,87000000,1
1301483820000,1301483879000,63.157,63.168,63.148,63.167,88000000,1
1301483880000,1301483939000,63.167,63.18,63.151,63.169,114000000,1
1301483940000,1301483999000,63.168,63.177,63.167,63.177,95000000,1
1301484000000,1301484059000,63.177,63.177,63.164,63.167,101000000,1
1301484060000,1301484119000,63.167,63.168,63.16,63.162,62000000,1
1301484120000,1301484179000,63.16,63.176,63.158,63.172,46000000,1
1301484180000,1301484239000,63.177,63.178,63.167,63.17,70000000,1
1301484240000,1301484299000,63.172,63.172,63.162,63.162,56000000,1
1301484300000,1301484359000,63.164,63.165,63.141,63.151,115000000,1
1301484360000,1301484419000,63.15,63.159,63.146,63.157,99000000,1
1301484420000,1301484479000,63.157,63.162,63.157,63.16,14000000,1
1301484480000,1301484539000,63.161,63.161,63.149,63.157,52000000,1
1301484540000,1301484599000,63.157,63.157,63.127,63.127,34000000,1
1301484600000,1301484659000,63.127,63.157,63.126,63.157,71000000,1
1301484660000,1301484719000,63.157,63.167,63.148,63.148,36000000,1
1301484720000,1301484779000,63.156,63.156,63.136,63.138,61000000,1
1301484780000,1301484839000,63.147,63.15,63.138,63.147,27000000,1
1301484840000,1301484899000,63.149,63.15,63.137,63.138,87000000,1
1301484900000,1301484959000,63.138,63.147,63.138,63.146,53000000,1
1301484960000,1301485019000,63.147,63.147,63.142,63.142,14000000,1
1301485020000,1301485079000,63.147,63.149,63.127,63.147,87000000,1
1301485080000,1301485139000,63.148,63.158,63.147,63.158,56000000,1
1301485140000,1301485199000,63.158,63.178,63.156,63.178,70000000,1
1301485200000,1301485259000,63.178,63.188,63.173,63.181,114000000,1
1301485260000,1301485319000,63.181,63.183,63.177,63.177,77000000,1
1301485320000,1301485379000,63.175,63.179,63.168,63.168,55000000,1
1301485380000,1301485439000,63.167,63.188,63.167,63.188,53000000,1
1301485440000,1301485499000,63.188,63.188,63.177,63.178,54000000,1
1301485500000,1301485559000,63.178,63.178,63.157,63.157,96000000,1
1301485560000,1301485619000,63.156,63.168,63.147,63.157,105000000,1
1301485620000,1301485679000,63.151,63.159,63.151,63.158,63000000,1
1301485680000,1301485739000,63.158,63.163,63.158,63.16,27000000,1
1301485740000,1301485799000,63.159,63.168,63.15,63.157,81000000,1
1301485800000,1301485859000,63.157,63.168,63.156,63.157,104000000,1
1301485860000,1301485919000,63.157,63.167,63.138,63.138,48000000,1
1301485920000,1301485979000,63.142,63.158,63.137,63.147,192000000,1
1301485980000,1301486039000,63.147,63.158,63.13,63.148,111000000,1
1301486040000,1301486099000,63.153,63.167,63.147,63.147,96000000,1
1301486100000,1301486159000,63.147,63.152,63.133,63.133,57000000,1
1301486160000,1301486219000,63.13,63.158,63.127,63.149,86000000,1
1301486220000,1301486279000,63.15,63.163,63.148,63.157,99000000,1
1301486280000,1301486339000,63.157,63.17,63.154,63.168,62000000,1
1301486340000,1301486399000,63.168,63.178,63.159,63.167,97000000,1
1301486400000,1301486459000,63.168,63.198,63.156,63.171,128000000,1
1301486460000,1301486519000,63.171,63.173,63.156,63.157,95000000,1
1301486520000,1301486579000,63.153,63.158,63.137,63.139,97000000,1
1301486580000,1301486639000,63.139,63.156,63.134,63.15,199000000,1
1301486640000,1301486699000,63.148,63.149,63.128,63.128,184000000,1
1301486700000,1301486759000,63.131,63.133,63.108,63.118,81000000,1
1301486760000,1301486819000,63.119,63.135,63.118,63.133,91000000,1
1301486820000,1301486879000,63.135,63.142,63.11,63.122,110000000,1
1301486880000,1301486939000,63.122,63.136,63.117,63.127,97000000,1
1301486940000,1301486999000,63.127,63.127,63.104,63.117,67000000,1
1301487000000,1301487059000,63.117,63.127,63.116,63.116,85000000,1
1301487060000,1301487119000,63.116,63.116,63.086,63.092,84000000,1
1301487120000,1301487179000,63.096,63.099,63.07,63.077,139000000,1
1301487180000,1301487239000,63.077,63.087,63.076,63.078,133000000,1
1301487240000,1301487299000,63.078,63.087,63.023,63.023,124000000,1
1301487300000,1301487359000,63.037,63.098,63.034,63.097,196000000,1
1301487360000,1301487419000,63.097,63.097,63.072,63.083,142000000,1
1301487420000,1301487479000,63.085,63.093,63.061,63.061,153000000,1
1301487480000,1301487539000,63.066,63.068,63.035,63.037,159000000,1
1301487540000,1301487599000,63.036,63.038,63.015,63.033,160000000,1
1301487600000,1301487659000,63.037,63.052,63.019,63.052,173000000,1
1301487660000,1301487719000,63.054,63.078,63.05,63.072,166000000,1
1301487720000,1301487779000,63.069,63.088,63.068,63.078,138000000,1
1301487780000,1301487839000,63.074,63.119,63.073,63.087,170000000,1
1301487840000,1301487899000,63.086,63.106,63.08,63.103,115000000,1
1301487900000,1301487959000,63.102,63.112,63.071,63.071,152000000,1
1301487960000,1301488019000,63.076,63.098,63.075,63.089,103000000,1
1301488020000,1301488079000,63.088,63.106,63.083,63.097,156000000,1
1301488080000,1301488139000,63.097,63.125,63.096,63.098,147000000,1
1301488140000,1301488199000,63.101,63.102,63.077,63.078,132000000,1
1301488200000,1301488259000,63.077,63.098,63.076,63.089,205000000,1
1301488260000,1301488319000,63.088,63.112,63.087,63.094,114000000,1
1301488320000,1301488379000,63.096,63.124,63.096,63.114,114000000,1
1301488380000,1301488439000,63.117,63.129,63.103,63.114,94000000,1
1301488440000,1301488499000,63.117,63.142,63.106,63.133,196000000,1
1301488500000,1301488559000,63.139,63.197,63.133,63.197,216000000,1
1301488560000,1301488619000,63.196,63.208,63.169,63.176,177000000,1
1301488620000,1301488679000,63.176,63.189,63.148,63.156,206000000,1
1301488680000,1301488739000,63.156,63.186,63.152,63.157,103000000,1
1301488740000,1301488799000,63.147,63.17,63.147,63.167,99000000,1
1301488800000,1301488859000,63.168,63.186,63.156,63.159,106000000,1
1301488860000,1301488919000,63.161,63.166,63.118,63.126,173000000,1
1301488920000,1301488979000,63.127,63.138,63.108,63.132,132000000,1
1301488980000,1301489039000,63.132,63.141,63.118,63.128,147000000,1
1301489040000,1301489099000,63.128,63.168,63.128,63.137,161000000,1
1301489100000,1301489159000,63.137,63.148,63.117,63.138,174000000,1
1301489160000,1301489219000,63.137,63.14,63.129,63.139,67000000,1
1301489220000,1301489279000,63.139,63.178,63.137,63.158,174000000,1
1301489280000,1301489339000,63.158,63.177,63.157,63.177,80000000,1
1301489340000,1301489399000,63.177,63.177,63.154,63.167,81000000,1
1301489400000,1301489459000,63.168,63.168,63.15,63.156,64000000,1
1301489460000,1301489519000,63.156,63.167,63.137,63.137,101000000,1
1301489520000,1301489579000,63.137,63.157,63.131,63.156,88000000,1
1301489580000,1301489639000,63.156,63.158,63.138,63.138,131000000,1
1301489640000,1301489699000,63.138,63.148,63.133,63.137,51000000,1
1301489700000,1301489759000,63.137,63.147,63.127,63.145,129000000,1
1301489760000,1301489819000,63.146,63.157,63.136,63.157,120000000,1
1301489820000,1301489879000,63.157,63.158,63.137,63.146,81000000,1
1301489880000,1301489939000,63.146,63.161,63.146,63.158,68000000,1
1301489940000,1301489999000,63.16,63.188,63.158,63.158,135000000,1
1301490000000,1301490059000,63.158,63.169,63.157,63.168,120000000,1
1301490060000,1301490119000,63.169,63.198,63.161,63.188,138000000,1
1301490120000,1301490179000,63.186,63.208,63.179,63.188,145000000,1
1301490180000,1301490239000,63.188,63.208,63.18,63.208,102000000,1
1301490240000,1301490299000,63.208,63.22,63.202,63.207,97000000,1
1301490300000,1301490359000,63.202,63.223,63.198,63.223,74000000,1
1301490360000,1301490419000,63.224,63.234,63.224,63.227,71000000,1
1301490420000,1301490479000,63.218,63.238,63.218,63.236,77000000,1
1301490480000,1301490539000,63.236,63.239,63.227,63.227,97000000,1
1301490540000,1301490599000,63.227,63.249,63.223,63.231,127000000,1
1301490600000,1301490659000,63.229,63.248,63.227,63.238,146000000,1
1301490660000,1301490719000,63.239,63.246,63.228,63.238,71000000,1
1301490720000,1301490779000,63.239,63.252,63.227,63.246,97000000,1
1301490780000,1301490839000,63.247,63.257,63.247,63.252,62000000,1
1301490840000,1301490899000,63.254,63.276,63.251,63.257,119000000,1
1301490900000,1301490959000,63.258,63.258,63.24,63.25,111000000,1
1301490960000,1301491019000,63.25,63.256,63.235,63.256,96000000,1
1301491020000,1301491079000,63.249,63.249,63.231,63.237,57000000,1
1301491080000,1301491139000,63.237,63.238,63.2,63.208,80000000,1
1301491140000,1301491199000,63.206,63.226,63.206,63.217,111000000,1
1301491200000,1301491259000,63.216,63.229,63.216,63.227,62000000,1
1301491260000,1301491319000,63.227,63.254,63.225,63.254,90000000,1
1301491320000,1301491379000,63.254,63.254,63.216,63.221,122000000,1
1301491380000,1301491439000,63.219,63.242,63.218,63.226,132000000,1
1301491440000,1301491499000,63.226,63.227,63.193,63.216,180000000,1
1301491500000,1301491559000,63.218,63.218,63.188,63.188,82000000,1
1301491560000,1301491619000,63.188,63.201,63.184,63.188,129000000,1
1301491620000,1301491679000,63.189,63.197,63.185,63.186,57000000,1
1301491680000,1301491739000,63.186,63.191,63.156,63.188,109000000,1
1301491740000,1301491799000,63.189,63.217,63.187,63.209,148000000,1
1301491800000,1301491859000,63.218,63.237,63.217,63.219,141000000,1
1301491860000,1301491919000,63.222,63.227,63.197,63.197,124000000,1
1301491920000,1301491979000,63.197,63.234,63.187,63.224,202000000,1
1301491980000,1301492039000,63.221,63.227,63.217,63.22,95000000,1
1301492040000,1301492099000,63.225,63.246,63.206,63.237,188000000,1
1301492100000,1301492159000,63.237,63.3,63.237,63.279,231000000,1
1301492160000,1301492219000,63.276,63.299,63.258,63.282,203000000,1
1301492220000,1301492279000,63.282,63.288,63.27,63.282,97000000,1
1301492280000,1301492339000,63.285,63.296,63.27,63.278,153000000,1
1301492340000,1301492399000,63.277,63.292,63.268,63.292,175000000,1
1301492400000,1301492459000,63.296,63.296,63.277,63.289,166000000,1
1301492460000,1301492519000,63.287,63.288,63.277,63.287,147000000,1
1301492520000,1301492579000,63.287,63.29,63.268,63.278,129000000,1
1301492580000,1301492639000,63.278,63.278,63.256,63.26,124000000,1
1301492640000,1301492699000,63.261,63.268,63.257,63.257,126000000,1
1301492700000,1301492759000,63.26,63.268,63.247,63.247,126000000,1
1301492760000,1301492819000,63.247,63.258,63.241,63.248,205000000,1
1301492820000,1301492879000,63.248,63.267,63.244,63.259,197000000,1
1301492880000,1301492939000,63.259,63.266,63.236,63.247,181000000,1
1301492940000,1301492999000,63.247,63.258,63.236,63.257,79000000,1
1301493000000,1301493059000,63.257,63.276,63.256,63.267,101000000,1
1301493060000,1301493119000,63.268,63.268,63.244,63.247,70000000,1
1301493120000,1301493179000,63.247,63.247,63.23,63.247,121000000,1
1301493180000,1301493239000,63.247,63.247,63.229,63.24,81000000,1
1301493240000,1301493299000,63.24,63.257,63.234,63.246,121000000,1
1301493300000,1301493359000,63.246,63.247,63.216,63.22,99000000,1
1301493360000,1301493419000,63.218,63.236,63.217,63.236,82000000,1
1301493420000,1301493479000,63.236,63.247,63.226,63.239,199000000,1
1301493480000,1301493539000,63.24,63.27,63.24,63.247,142000000,1
1301493540000,1301493599000,63.252,63.268,63.246,63.257,141000000,1
1301493600000,1301493659000,63.261,63.28,63.261,63.269,139000000,1
1301493660000,1301493719000,63.267,63.267,63.247,63.255,115000000,1
1301493720000,1301493779000,63.253,63.258,63.245,63.248,88000000,1
1301493780000,1301493839000,63.249,63.268,63.248,63.266,92000000,1
1301493840000,1301493899000,63.266,63.27,63.256,63.27,60000000,1
1301493900000,1301493959000,63.272,63.272,63.257,63.267,57000000,1
1301493960000,1301494019000,63.266,63.267,63.257,63.257,49000000,1
1301494020000,1301494079000,63.259,63.267,63.255,63.262,86000000,1
1301494080000,1301494139000,63.262,63.262,63.228,63.233,138000000,1
1301494140000,1301494199000,63.235,63.245,63.227,63.227,107000000,1
1301494200000,1301494259000,63.23,63.24,63.217,63.239,149000000,1
1301494260000,1301494319000,63.239,63.257,63.237,63.237,119000000,1
1301494320000,1301494379000,63.247,63.25,63.228,63.239,113000000,1
1301494380000,1301494439000,63.24,63.241,63.217,63.241,141000000,1
1301494440000,1301494499000,63.242,63.251,63.217,63.238,185000000,1
1301494500000,1301494559000,63.238,63.254,63.232,63.247,133000000,1
1301494560000,1301494619000,63.249,63.262,63.247,63.249,127000000,1
1301494620000,1301494679000,63.253,63.277,63.247,63.268,122000000,1
1301494680000,1301494739000,63.267,63.297,63.259,63.287,178000000,1
1301494740000,1301494799000,63.29,63.297,63.272,63.272,147000000,1
1301494800000,1301494859000,63.273,63.293,63.272,63.276,116000000,1
1301494860000,1301494919000,63.273,63.29,63.267,63.268,95000000,1
1301494920000,1301494979000,63.267,63.299,63.263,63.299,72000000,1
1301494980000,1301495039000,63.306,63.316,63.306,63.306,73000000,1
1301495040000,1301495099000,63.307,63.349,63.306,63.338,178000000,1
1301495100000,1301495159000,63.337,63.36,63.311,63.347,240000000,1
1301495160000,1301495219000,63.347,63.348,63.336,63.337,73000000,1
1301495220000,1301495279000,63.337,63.348,63.326,63.327,105000000,1
1301495280000,1301495339000,63.327,63.331,63.298,63.3,198000000,1
1301495340000,1301495399000,63.305,63.307,63.283,63.297,117000000,1
1301495400000,1301495459000,63.286,63.297,63.271,63.276,183000000,1
1301495460000,1301495519000,63.276,63.297,63.273,63.273,83000000,1
1301495520000,1301495579000,63.276,63.277,63.247,63.266,225000000,1
1301495580000,1301495639000,63.266,63.266,63.25,63.256,107000000,1
1301495640000,1301495699000,63.256,63.258,63.237,63.248,142000000,1
1301495700000,1301495759000,63.248,63.248,63.226,63.24,92000000,1
1301495760000,1301495819000,63.243,63.268,63.238,63.238,125000000,1
1301495820000,1301495879000,63.237,63.239,63.209,63.209,127000000,1
1301495880000,1301495939000,63.214,63.232,63.208,63.232,126000000,1
1301495940000,1301495999000,63.236,63.251,63.228,63.246,227000000,1
1301496000000,1301496059000,63.246,63.258,63.238,63.25,92000000,1
1301496060000,1301496119000,63.249,63.269,63.239,63.267,176000000,1
1301496120000,1301496179000,63.267,63.267,63.241,63.26,100000000,1
1301496180000,1301496239000,63.259,63.281,63.252,63.268,118000000,1
1301496240000,1301496299000,63.268,63.281,63.261,63.281,131000000,1
1301496300000,1301496359000,63.283,63.307,63.277,63.278,124000000,1
1301496360000,1301496419000,63.279,63.288,63.269,63.277,70000000,1
1301496420000,1301496479000,63.277,63.282,63.268,63.268,107000000,1
1301496480000,1301496539000,63.275,63.31,63.259,63.306,133000000,1
1301496540000,1301496599000,63.317,63.317,63.3,63.3,102000000,1
1301496600000,1301496659000,63.303,63.312,63.298,63.308,111000000,1
1301496660000,1301496719000,63.307,63.31,63.287,63.304,151000000,1
1301496720000,1301496779000,63.305,63.305,63.286,63.292,92000000,1
1301496780000,1301496839000,63.292,63.293,63.282,63.284,100000000,1
1301496840000,1301496899000,63.28,63.297,63.278,63.285,66000000,1
1301496900000,1301496959000,63.287,63.307,63.287,63.289,94000000,1
1301496960000,1301497019000,63.288,63.288,63.249,63.264,116000000,1
1301497020000,1301497079000,63.266,63.272,63.236,63.256,120000000,1
1301497080000,1301497139000,63.256,63.258,63.214,63.247,187000000,1
1301497140000,1301497199000,63.247,63.271,63.199,63.229,232000000,1
1301497200000,1301497259000,63.236,63.25,63.217,63.237,248000000,1
1301497260000,1301497319000,63.237,63.247,63.228,63.237,106000000,1
1301497320000,1301497379000,63.237,63.237,63.191,63.196,156000000,1
1301497380000,1301497439000,63.197,63.217,63.178,63.208,126000000,1
1301497440000,1301497499000,63.208,63.216,63.197,63.207,152000000,1
1301497500000,1301497559000,63.207,63.218,63.197,63.206,117000000,1
1301497560000,1301497619000,63.199,63.228,63.199,63.207,169000000,1
1301497620000,1301497679000,63.207,63.208,63.197,63.208,104000000,1
1301497680000,1301497739000,63.208,63.218,63.198,63.207,65000000,1
1301497740000,1301497799000,63.207,63.209,63.187,63.198,89000000,1
1301497800000,1301497859000,63.199,63.2,63.184,63.193,59000000,1
1301497860000,1301497919000,63.188,63.192,63.184,63.185,79000000,1
1301497920000,1301497979000,63.184,63.198,63.168,63.19,175000000,1
1301497980000,1301498039000,63.183,63.188,63.172,63.177,142000000,1
1301498040000,1301498099000,63.177,63.177,63.149,63.158,99000000,1
1301498100000,1301498159000,63.158,63.177,63.157,63.158,90000000,1
1301498160000,1301498219000,63.157,63.189,63.157,63.184,96000000,1
1301498220000,1301498279000,63.188,63.208,63.179,63.198,99000000,1
1301498280000,1301498339000,63.198,63.2,63.18,63.187,80000000,1
1301498340000,1301498399000,63.188,63.218,63.187,63.217,117000000,1
1301498400000,1301498459000,63.217,63.217,63.177,63.188,163000000,1
1301498460000,1301498519000,63.188,63.191,63.177,63.177,105000000,1
1301498520000,1301498579000,63.177,63.186,63.173,63.177,105000000,1
1301498580000,1301498639000,63.177,63.177,63.158,63.177,103000000,1
1301498640000,1301498699000,63.177,63.187,63.157,63.158,177000000,1
1301498700000,1301498759000,63.157,63.168,63.157,63.166,108000000,1
1301498760000,1301498819000,63.166,63.167,63.157,63.157,112000000,1
1301498820000,1301498879000,63.157,63.188,63.156,63.187,162000000,1
1301498880000,1301498939000,63.187,63.207,63.177,63.207,133000000,1
1301498940000,1301498999000,63.207,63.208,63.181,63.207,109000000,1
1301499000000,1301499059000,63.207,63.207,63.188,63.206,143000000,1
1301499060000,1301499119000,63.206,63.211,63.197,63.198,71000000,1
1301499120000,1301499179000,63.198,63.206,63.178,63.206,80000000,1
1301499180000,1301499239000,63.206,63.224,63.197,63.224,81000000,1
1301499240000,1301499299000,63.218,63.238,63.207,63.228,108000000,1
1301499300000,1301499359000,63.228,63.236,63.21,63.216,40000000,1
1301499360000,1301499419000,63.216,63.218,63.186,63.197,107000000,1
1301499420000,1301499479000,63.187,63.197,63.18,63.188,29000000,1
1301499480000,1301499539000,63.197,63.197,63.178,63.178,38000000,1
1301499540000,1301499599000,63.182,63.188,63.177,63.188,67000000,1
1301499600000,1301499659000,63.188,63.207,63.177,63.206,50000000,1
1301499660000,1301499719000,63.202,63.228,63.202,63.228,77000000,1
1301499720000,1301499779000,63.219,63.236,63.219,63.236,49000000,1
1301499780000,1301499839000,63.237,63.237,63.227,63.228,46000000,1
1301499840000,1301499899000,63.229,63.229,63.228,63.228,12000000,1
1301499900000,1301499959000,63.228,63.237,63.226,63.226,90000000,1
1301499960000,1301500019000,63.228,63.266,63.228,63.261,93000000,1
1301500020000,1301500079000,63.267,63.267,63.239,63.239,35000000,1
1301500080000,1301500139000,63.246,63.247,63.246,63.247,16000000,1
1301500140000,1301500199000,63.248,63.248,63.216,63.216,73000000,1
1301500200000,1301500259000,63.216,63.216,63.187,63.187,75000000,1
1301500260000,1301500319000,63.187,63.187,63.187,63.187,12000000,1
1301500320000,1301500379000,63.187,63.197,63.187,63.197,19000000,1
1301500380000,1301500439000,63.196,63.206,63.196,63.197,48000000,1
1301500440000,1301500499000,63.198,63.218,63.197,63.218,73000000,1
1301500500000,1301500559000,63.21,63.219,63.199,63.219,86000000,1
1301500560000,1301500619000,63.219,63.219,63.208,63.209,79000000,1
1301500620000,1301500679000,63.216,63.218,63.203,63.209,49000000,1
1301500680000,1301500739000,63.206,63.222,63.206,63.218,18000000,1
1301500740000,1301500799000,63.216,63.218,63.216,63.217,15000000,1
1301500800000,1301500859000,63.217,63.219,63.208,63.218,59000000,1
1301500860000,1301500919000,63.218,63.219,63.218,63.218,76000000,1
1301500920000,1301500979000,63.218,63.219,63.218,63.218,78000000,1
1301500980000,1301501039000,63.218,63.219,63.218,63.218,72000000,1
1301501040000,1301501099000,63.219,63.219,63.218,63.218,56000000,1
1301501100000,1301501159000,63.218,63.219,63.218,63.218,60000000,1
1301501160000,1301501219000,63.218,63.219,63.198,63.206,102000000,1
1301501220000,1301501279000,63.206,63.206,63.183,63.187,110000000,1
1301501280000,1301501339000,63.181,63.192,63.181,63.186,69000000,1
1301501340000,1301501399000,63.186,63.187,63.167,63.187,53000000,1
1301501400000,1301501459000,63.187,63.206,63.177,63.197,72000000,1
1301501460000,1301501519000,63.199,63.208,63.191,63.198,65000000,1
1301501520000,1301501579000,63.198,63.199,63.196,63.197,89000000,1
1301501580000,1301501639000,63.198,63.199,63.196,63.196,38000000,1
1301501640000,1301501699000,63.196,63.198,63.196,63.196,28000000,1
1301501700000,1301501759000,63.196,63.218,63.194,63.216,83000000,1
1301501760000,1301501819000,63.218,63.228,63.217,63.227,56000000,1
1301501820000,1301501879000,63.227,63.238,63.227,63.237,20000000,1
1301501880000,1301501939000,63.237,63.247,63.237,63.238,61000000,1
1301501940000,1301501999000,63.238,63.257,63.238,63.246,47000000,1
1301502000000,1301502059000,63.246,63.246,63.236,63.237,33000000,1
1301502060000,1301502119000,63.237,63.237,63.236,63.236,15000000,1
1301502120000,1301502179000,63.236,63.247,63.207,63.207,105000000,1
1301502180000,1301502239000,63.207,63.217,63.207,63.216,77000000,1
1301502240000,1301502299000,63.216,63.216,63.199,63.207,142000000,1
1301502300000,1301502359000,63.207,63.207,63.178,63.178,98000000,1
1301502360000,1301502419000,63.181,63.197,63.167,63.186,113000000,1
1301502420000,1301502479000,63.191,63.192,63.183,63.187,49000000,1
1301502480000,1301502539000,63.187,63.206,63.18,63.201,74000000,1
1301502540000,1301502599000,63.2,63.214,63.174,63.177,157000000,1
1301502600000,1301502659000,63.177,63.189,63.169,63.188,169000000,1
1301502660000,1301502719000,63.188,63.197,63.167,63.189,148000000,1
1301502720000,1301502779000,63.189,63.225,63.189,63.225,93000000,1
1301502780000,1301502839000,63.225,63.229,63.189,63.217,138000000,1
1301502840000,1301502899000,63.217,63.218,63.189,63.198,97000000,1
1301502900000,1301502959000,63.196,63.236,63.196,63.22,114000000,1
1301502960000,1301503019000,63.226,63.247,63.218,63.227,142000000,1
1301503020000,1301503079000,63.229,63.247,63.226,63.238,59000000,1
1301503080000,1301503139000,63.238,63.247,63.207,63.216,121000000,1
1301503140000,1301503199000,63.21,63.226,63.198,63.219,73000000,1
1301503200000,1301503259000,63.219,63.227,63.219,63.226,33000000,1
1301503260000,1301503319000,63.226,63.237,63.226,63.236,24000000,1
1301503320000,1301503379000,63.227,63.236,63.207,63.228,57000000,1
1301503380000,1301503439000,63.228,63.229,63.226,63.227,40000000,1
1301503440000,1301503499000,63.227,63.249,63.218,63.237,119000000,1
1301503500000,1301503559000,63.237,63.247,63.225,63.227,101000000,1
1301503560000,1301503619000,63.227,63.227,63.187,63.217,156000000,1
1301503620000,1301503679000,63.216,63.216,63.178,63.186,71000000,1
1301503680000,1301503739000,63.186,63.227,63.186,63.211,105000000,1
1301503740000,1301503799000,63.216,63.237,63.216,63.236,64000000,1
1301503800000,1301503859000,63.236,63.237,63.207,63.208,104000000,1
1301503860000,1301503919000,63.208,63.227,63.208,63.216,62000000,1
1301503920000,1301503979000,63.216,63.218,63.206,63.207,85000000,1
1301503980000,1301504039000,63.207,63.217,63.197,63.197,51000000,1
1301504040000,1301504099000,63.196,63.206,63.196,63.198,52000000,1
1301504100000,1301504159000,63.198,63.207,63.196,63.207,80000000,1
1301504160000,1301504219000,63.207,63.208,63.197,63.207,86000000,1
1301504220000,1301504279000,63.207,63.218,63.197,63.207,56000000,1
1301504280000,1301504339000,63.207,63.207,63.186,63.188,91000000,1
1301504340000,1301504399000,63.188,63.188,63.183,63.187,52000000,1
1301504400000,1301504459000,63.187,63.188,63.176,63.176,128000000,1
1301504460000,1301504519000,63.176,63.255,63.176,63.228,243000000,1
1301504520000,1301504579000,63.226,63.228,63.217,63.218,108000000,1
1301504580000,1301504639000,63.217,63.218,63.2,63.207,115000000,1
1301504640000,1301504699000,63.207,63.231,63.207,63.208,104000000,1
1301504700000,1301504759000,63.208,63.238,63.207,63.229,106000000,1
1301504760000,1301504819000,63.228,63.247,63.217,63.239,181000000,1
1301504820000,1301504879000,63.246,63.266,63.238,63.258,112000000,1
1301504880000,1301504939000,63.257,63.258,63.243,63.25,102000000,1
1301504940000,1301504999000,63.247,63.251,63.247,63.251,33000000,1
1301505000000,1301505059000,63.247,63.251,63.231,63.232,69000000,1
1301505060000,1301505119000,63.231,63.239,63.231,63.239,27000000,1
1301505120000,1301505179000,63.237,63.248,63.237,63.248,47000000,1
1301505180000,1301505239000,63.242,63.248,63.237,63.237,38000000,1
1301505240000,1301505299000,63.237,63.237,63.217,63.227,76000000,1
1301505300000,1301505359000,63.227,63.23,63.226,63.226,79000000,1
1301505360000,1301505419000,63.224,63.23,63.204,63.207,73000000,1
1301505420000,1301505479000,63.207,63.207,63.179,63.195,93000000,1
1301505480000,1301505539000,63.193,63.193,63.185,63.187,30000000,1
1301505540000,1301505599000,63.188,63.231,63.183,63.211,105000000,1
1301505600000,1301505659000,63.211,63.222,63.202,63.209,62000000,1
1301505660000,1301505719000,63.209,63.213,63.209,63.213,27000000,1
1301505720000,1301505779000,63.212,63.215,63.212,63.213,15000000,1
1301505780000,1301505839000,63.211,63.215,63.211,63.213,17000000,1
1301505840000,1301505899000,63.211,63.215,63.211,63.212,23000000,1
1301505900000,1301505959000,63.218,63.229,63.218,63.227,20000000,1
1301505960000,1301506019000,63.225,63.225,63.21,63.211,35000000,1
1301506020000,1301506079000,63.217,63.229,63.197,63.197,60000000,1
1301506080000,1301506139000,63.197,63.198,63.177,63.198,102000000,1
1301506140000,1301506199000,63.198,63.219,63.198,63.219,91000000,1
1301506200000,1301506259000,63.218,63.234,63.19,63.197,134000000,1
1301506260000,1301506319000,63.198,63.219,63.198,63.217,66000000,1
1301506320000,1301506379000,63.233,63.239,63.218,63.229,111000000,1
1301506380000,1301506439000,63.228,63.228,63.213,63.213,48000000,1
1301506440000,1301506499000,63.213,63.227,63.213,63.217,54000000,1
1301506500000,1301506559000,63.219,63.222,63.217,63.217,23000000,1
1301506560000,1301506619000,63.221,63.256,63.221,63.229,68000000,1
1301506620000,1301506679000,63.228,63.232,63.224,63.232,28000000,1
1301506680000,1301506739000,63.233,63.238,63.231,63.232,22000000,1
1301506740000,1301506799000,63.232,63.232,63.232,63.232,2000000,1
1301506800000,1301506859000,63.227,63.228,63.225,63.227,11000000,1
1301506860000,1301506919000,63.227,63.228,63.213,63.228,44000000,1
1301506920000,1301506979000,63.228,63.228,63.213,63.213,52000000,1
1301506980000,1301507039000,63.213,63.218,63.213,63.213,12000000,1
1301507040000,1301507099000,63.213,63.214,63.213,63.213,43000000,1
1301507100000,1301507159000,63.213,63.214,63.213,63.213,46000000,1
1301507160000,1301507219000,63.213,63.213,63.197,63.197,12000000,1
1301507220000,1301507279000,63.193,63.198,63.183,63.19,37000000,1
1301507280000,1301507339000,63.189,63.194,63.189,63.191,8000000,1
1301507340000,1301507399000,63.192,63.192,63.17,63.171,24000000,1
1301507400000,1301507459000,63.178,63.184,63.162,63.162,73000000,1
1301507460000,1301507519000,63.16,63.169,63.149,63.168,40000000,1
1301507520000,1301507579000,63.169,63.169,63.137,63.147,79000000,1
1301507580000,1301507639000,63.148,63.157,63.148,63.148,20000000,1
1301507640000,1301507699000,63.148,63.158,63.139,63.139,30000000,1
1301507700000,1301507759000,63.138,63.168,63.138,63.167,83000000,1
1301507760000,1301507819000,63.167,63.167,63.157,63.157,22000000,1
1301507820000,1301507879000,63.157,63.157,63.14,63.147,26000000,1
1301507880000,1301507939000,63.147,63.158,63.147,63.158,48000000,1
1301507940000,1301507999000,63.152,63.158,63.138,63.138,20000000,1
1301508000000,1301508059000,63.138,63.154,63.117,63.12,84000000,1
1301508060000,1301508119000,63.12,63.154,63.12,63.147,93000000,1
1301508120000,1301508179000,63.146,63.154,63.143,63.15,41000000,1
1301508180000,1301508239000,63.15,63.151,63.143,63.151,30000000,1
1301508240000,1301508299000,63.156,63.158,63.152,63.157,48000000,1
1301508300000,1301508359000,63.156,63.16,63.129,63.129,126000000,1
1301508360000,1301508419000,63.129,63.139,62.516,63.086,102000000,1
1301508420000,1301508479000,63.093,63.113,63.093,63.113,31000000,1
1301508480000,1301508539000,63.107,63.113,63.1,63.109,25000000,1
1301508540000,1301508599000,63.109,63.119,63.098,63.116,77000000,1
1301508600000,1301508659000,63.117,63.133,63.117,63.128,90000000,1
1301508660000,1301508719000,63.129,63.136,63.12,63.125,30000000,1
1301508720000,1301508779000,63.127,63.132,63.115,63.118,30000000,1
1301508780000,1301508839000,63.12,63.12,63.117,63.118,55000000,1
1301508840000,1301508899000,63.118,63.118,63.109,63.113,23000000,1
1301508900000,1301508959000,63.113,63.119,63.11,63.117,77000000,1
1301508960000,1301509019000,63.117,63.12,63.117,63.119,114000000,1
1301509020000,1301509079000,63.121,63.129,63.121,63.129,37000000,1
1301509080000,1301509139000,63.128,63.148,63.128,63.147,97000000,1
1301509140000,1301509199000,63.155,63.168,63.147,63.158,138000000,1
1301509200000,1301509259000,63.158,63.17,63.147,63.151,145000000,1
1301509260000,1301509319000,63.152,63.192,63.152,63.169,72000000,1
1301509320000,1301509379000,63.173,63.2,63.173,63.198,40000000,1
1301509380000,1301509439000,63.197,63.207,63.197,63.202,56000000,1
1301509440000,1301509499000,63.2,63.204,63.179,63.201,82000000,1
1301509500000,1301509559000,63.199,63.205,63.179,63.183,63000000,1
1301509560000,1301509619000,63.186,63.192,63.168,63.185,39000000,1
1301509620000,1301509679000,63.186,63.199,63.177,63.199,91000000,1
1301509680000,1301509739000,63.198,63.199,63.181,63.195,53000000,1
1301509740000,1301509799000,63.195,63.199,63.187,63.19,29000000,1
1301509800000,1301509859000,63.19,63.194,63.188,63.19,39000000,1
1301509860000,1301509919000,63.19,63.194,63.178,63.179,64000000,1
1301509920000,1301509979000,63.181,63.188,63.173,63.177,47000000,1
1301509980000,1301510039000,63.175,63.186,63.173,63.185,26000000,1
1301510040000,1301510099000,63.183,63.183,63.167,63.177,27000000,1
1301510100000,1301510159000,63.172,63.175,63.171,63.173,19000000,1
1301510160000,1301510219000,63.173,63.198,63.171,63.198,43000000,1
1301510220000,1301510279000,63.198,63.199,63.195,63.197,18000000,1
1301510280000,1301510339000,63.197,63.198,63.189,63.192,28000000,1
1301510340000,1301510399000,63.192,63.195,63.186,63.188,23000000,1
1301510400000,1301510459000,63.185,63.186,63.182,63.186,19000000,1
1301510460000,1301510519000,63.185,63.186,63.185,63.186,4000000,1
1301510520000,1301510579000,63.178,63.185,63.178,63.182,15000000,1
1301510580000,1301510639000,63.183,63.187,63.18,63.183,36000000,1
1301510640000,1301510699000,63.182,63.182,63.167,63.168,27000000,1
1301510700000,1301510759000,63.168,63.178,63.168,63.178,13000000,1
1301510760000,1301510819000,63.177,63.181,63.172,63.177,43000000,1
1301510820000,1301510879000,63.177,63.182,63.174,63.182,40000000,1
1301510880000,1301510939000,63.182,63.208,63.182,63.191,71000000,1
1301510940000,1301510999000,63.193,63.196,63.189,63.191,41000000,1
1301511000000,1301511059000,63.191,63.211,63.191,63.202,96000000,1
1301511060000,1301511119000,63.202,63.215,63.193,63.208,156000000,1
1301511120000,1301511179000,63.208,63.218,63.199,63.206,90000000,1
1301511180000,1301511239000,63.204,63.213,63.198,63.202,93000000,1
1301511240000,1301511299000,63.202,63.208,63.197,63.2,26000000,1
1301511300000,1301511359000,63.202,63.216,63.178,63.186,96000000,1
1301511360000,1301511419000,63.183,63.199,63.179,63.194,98000000,1
1301511420000,1301511479000,63.194,63.194,63.181,63.184,88000000,1
1301511480000,1301511539000,63.184,63.194,63.184,63.193,59000000,1
1301511540000,1301511599000,63.193,63.193,63.163,63.171,161000000,1
1301511600000,1301511659000,63.167,63.189,63.167,63.184,61000000,1
1301511660000,1301511719000,63.185,63.198,63.182,63.184,22000000,1
1301511720000,1301511779000,63.185,63.206,63.184,63.206,59000000,1
1301511780000,1301511839000,63.206,63.206,63.188,63.189,19000000,1
1301511840000,1301511899000,63.195,63.204,63.195,63.204,12000000,1
1301511900000,1301511959000,63.196,63.201,63.196,63.201,6000000,1
1301511960000,1301512019000,63.199,63.199,63.181,63.183,34000000,1
1301512020000,1301512079000,63.183,63.191,63.178,63.191,40000000,1
1301512080000,1301512139000,63.188,63.208,63.176,63.187,39000000,1
1301512140000,1301512199000,63.186,63.199,63.179,63.199,23000000,1
1301512200000,1301512259000,63.196,63.196,63.189,63.191,12000000,1
1301512260000,1301512319000,63.191,63.195,63.187,63.195,17000000,1
1301512320000,1301512379000,63.197,63.197,63.188,63.188,19000000,1
1301512380000,1301512439000,63.191,63.217,63.191,63.213,33000000,1
1301512440000,1301512499000,63.217,63.217,63.21,63.21,13000000,1
1301512500000,1301512559000,63.21,63.225,63.21,63.225,68000000,1
1301512560000,1301512619000,63.225,63.233,63.225,63.233,48000000,1
1301512620000,1301512679000,63.233,63.234,63.23,63.23,40000000,1
1301512680000,1301512739000,63.23,63.23,63.216,63.216,76000000,1
1301512740000,1301512799000,63.216,63.216,63.202,63.21,50000000,1
1301512800000,1301512859000,63.21,63.21,63.209,63.209,5000000,1
1301512860000,1301512919000,63.209,63.209,63.201,63.208,17000000,1
1301512920000,1301512979000,63.21,63.21,63.208,63.209,13000000,1
1301512980000,1301513039000,63.21,63.225,63.209,63.215,31000000,1
1301513040000,1301513099000,63.215,63.219,63.214,63.214,11000000,1
1301513100000,1301513159000,63.217,63.218,63.212,63.212,19000000,1
1301513160000,1301513219000,63.211,63.214,63.211,63.212,18000000,1
1301513220000,1301513279000,63.212,63.217,63.201,63.201,31000000,1
1301513280000,1301513339000,63.201,63.205,63.189,63.202,37000000,1
1301513340000,1301513399000,63.201,63.202,63.194,63.202,26000000,1
1301513400000,1301513459000,63.203,63.203,63.201,63.202,12000000,1
1301513460000,1301513519000,63.201,63.208,63.199,63.206,30000000,1
1301513520000,1301513579000,63.207,63.207,63.206,63.207,23000000,1
1301513580000,1301513639000,63.208,63.211,63.204,63.208,116000000,1
1301513640000,1301513699000,63.214,63.222,63.21,63.214,25000000,1
1301513700000,1301513759000,63.213,63.218,63.213,63.214,21000000,1
1301513760000,1301513819000,63.213,63.213,63.208,63.21,15000000,1
1301513820000,1301513879000,63.209,63.209,63.201,63.203,34000000,1
1301513880000,1301513939000,63.203,63.212,63.203,63.211,36000000,1
1301513940000,1301513999000,63.212,63.213,63.208,63.213,20000000,1
1301514000000,1301514059000,63.21,63.21,63.21,63.21,10000000,1
1301514060000,1301514119000,63.209,63.209,63.208,63.209,10000000,1
1301514120000,1301514179000,63.209,63.211,63.2,63.211,36000000,1
1301514180000,1301514239000,63.209,63.213,63.203,63.212,76000000,1
1301514240000,1301514299000,63.215,63.219,63.214,63.218,67000000,1
1301514300000,1301514359000,63.239,63.239,63.221,63.233,102000000,1
1301514360000,1301514419000,63.232,63.232,63.201,63.215,112000000,1
1301514420000,1301514479000,63.21,63.21,63.204,63.207,20000000,1
1301514480000,1301514539000,63.208,63.21,63.208,63.208,36000000,1
1301514540000,1301514599000,63.209,63.209,63.187,63.199,112000000,1
1301514600000,1301514659000,63.198,63.198,63.186,63.19,101000000,1
1301514660000,1301514719000,63.19,63.198,63.19,63.198,22000000,1
1301514720000,1301514779000,63.2,63.202,63.198,63.2,59000000,1
1301514780000,1301514839000,63.198,63.202,63.198,63.202,8000000,1
1301514840000,1301514899000,63.202,63.202,63.201,63.202,7000000,1
1301514900000,1301514959000,63.202,63.207,63.202,63.207,22000000,1
1301514960000,1301515019000,63.223,63.223,63.2,63.208,48000000,1
1301515020000,1301515079000,63.205,63.205,63.205,63.205,8000000,1
1301515080000,1301515139000,63.204,63.208,63.203,63.203,21000000,1
1301515140000,1301515199000,63.212,63.215,63.199,63.199,39000000,1
1301515200000,1301515259000,63.198,63.198,63.173,63.182,72000000,1
1301515260000,1301515319000,63.181,63.188,63.178,63.187,39000000,1
1301515320000,1301515379000,63.187,63.215,63.187,63.215,62000000,1
1301515380000,1301515439000,63.212,63.218,63.198,63.218,90000000,1
1301515440000,1301515499000,63.213,63.231,63.2,63.225,69000000,1
1301515500000,1301515559000,63.224,63.224,63.216,63.216,13000000,1
1301515560000,1301515619000,63.216,63.216,63.212,63.213,24000000,1
1301515620000,1301515679000,63.213,63.233,63.21,63.213,44000000,1
1301515680000,1301515739000,63.209,63.221,63.207,63.219,77000000,1
1301515740000,1301515799000,63.219,63.219,63.211,63.211,10000000,1
1301515800000,1301515859000,63.208,63.211,63.204,63.208,38000000,1
1301515860000,1301515919000,63.208,63.208,63.171,63.179,37000000,1
1301515920000,1301515979000,63.178,63.188,63.178,63.182,23000000,1
1301515980000,1301516039000,63.186,63.188,63.186,63.187,12000000,1
1301516040000,1301516099000,63.187,63.187,63.187,63.187,3000000,1
1301516100000,1301516159000,63.187,63.187,63.187,63.187,9000000,1
1301516160000,1301516219000,63.188,63.188,63.188,63.188,6000000,1
1301516220000,1301516279000,63.188,63.189,63.177,63.179,58000000,1
1301516280000,1301516339000,63.183,63.197,63.183,63.197,14000000,1
1301516340000,1301516399000,63.197,63.2,63.197,63.197,40000000,1
1301516400000,1301516459000,63.201,63.202,63.201,63.201,3000000,1
1301516460000,1301516519000,63.201,63.207,63.201,63.203,7000000,1
1301516520000,1301516579000,63.203,63.207,63.198,63.207,17000000,1
1301516580000,1301516639000,63.207,63.207,63.199,63.201,13000000,1
1301516640000,1301516699000,63.201,63.201,63.187,63.187,19000000,1
1301516700000,1301516759000,63.187,63.188,63.182,63.188,25000000,1
1301516760000,1301516819000,63.188,63.188,63.177,63.177,41000000,1
1301516820000,1301516879000,63.177,63.177,63.177,63.177,4000000,1
1301516880000,1301516939000,63.187,63.187,63.187,63.187,8000000,1
1301516940000,1301516999000,63.187,63.198,63.187,63.198,30000000,1
1301517000000,1301517059000,63.198,63.198,63.177,63.198,69000000,1
1301517060000,1301517119000,63.197,63.198,63.188,63.192,25000000,1
1301517120000,1301517179000,63.19,63.198,63.177,63.188,54000000,1
1301517180000,1301517239000,63.188,63.188,63.178,63.178,41000000,1
1301517240000,1301517299000,63.172,63.178,63.167,63.177,70000000,1
1301517300000,1301517359000,63.177,63.178,63.167,63.167,31000000,1
1301517360000,1301517419000,63.167,63.174,63.164,63.167,31000000,1
1301517420000,1301517479000,63.169,63.188,63.169,63.177,50000000,1
1301517480000,1301517539000,63.183,63.183,63.18,63.18,3000000,1
1301517540000,1301517599000,63.177,63.179,63.17,63.17,10000000,1
1301517600000,1301517659000,63.178,63.178,63.17,63.17,6000000,1
1301517660000,1301517719000,63.171,63.177,63.168,63.168,11000000,1
1301517720000,1301517779000,63.168,63.178,63.168,63.178,13000000,1
1301517780000,1301517839000,63.178,63.189,63.171,63.171,80000000,1
1301517840000,1301517899000,63.177,63.188,63.171,63.178,62000000,1
1301517900000,1301517959000,63.177,63.188,63.177,63.188,15000000,1
1301517960000,1301518019000,63.188,63.188,63.178,63.179,27000000,1
1301518020000,1301518079000,63.178,63.178,63.157,63.162,34000000,1
1301518080000,1301518139000,63.162,63.162,63.153,63.158,13000000,1
1301518140000,1301518199000,63.168,63.168,63.148,63.15,57000000,1
1301518200000,1301518259000,63.149,63.158,63.116,63.117,89000000,1
1301518260000,1301518319000,63.118,63.129,63.117,63.121,39000000,1
1301518320000,1301518379000,63.118,63.126,63.118,63.126,7000000,1
1301518380000,1301518439000,63.126,63.142,63.126,63.137,59000000,1
1301518440000,1301518499000,63.135,63.147,63.133,63.147,51000000,1
1301518500000,1301518559000,63.155,63.158,63.137,63.137,37000000,1
1301518560000,1301518619000,63.143,63.158,63.121,63.158,45000000,1
1301518620000,1301518679000,63.148,63.158,63.137,63.137,60000000,1
1301518680000,1301518739000,63.137,63.137,63.137,63.137,6000000,1
1301518740000,1301518799000,63.137,63.157,63.127,63.157,55000000,1
1301518800000,1301518859000,63.124,63.124,63.092,63.109,136000000,1
1301518860000,1301518919000,63.101,63.11,63.087,63.104,49000000,1
1301518920000,1301518979000,63.104,63.116,63.104,63.104,39000000,1
1301518980000,1301519039000,63.104,63.104,63.104,63.104,3000000,1
1301519040000,1301519099000,63.126,63.141,63.121,63.127,3000000,1
1301519100000,1301519159000,63.132,63.132,63.114,63.114,9000000,1
1301519160000,1301519219000,63.115,63.12,63.112,63.12,10000000,1
1301519220000,1301519279000,63.123,63.131,63.111,63.12,10000000,1
1301519280000,1301519339000,63.12,63.12,63.116,63.117,5000000,1
1301519340000,1301519399000,63.117,63.127,63.116,63.118,4000000,1
1301519400000,1301519459000,63.118,63.122,63.107,63.107,4000000,1
1301519460000,1301519519000,63.111,63.111,63.107,63.111,2000000,1
1301519520000,1301519579000,63.111,63.122,63.111,63.118,4000000,1
1301519580000,1301519639000,63.117,63.117,63.108,63.111,5000000,1
1301519640000,1301519699000,63.108,63.108,63.108,63.108,3000000,1
1301519700000,1301519759000,63.107,63.117,63.107,63.117,8000000,1
1301519760000,1301519819000,63.116,63.127,63.116,63.117,9000000,1
1301519820000,1301519879000,63.121,63.131,63.111,63.117,10000000,1
1301519880000,1301519939000,63.117,63.126,63.117,63.126,4000000,1
1301519940000,1301519999000,63.127,63.127,63.121,63.127,12000000,1
1301520000000,1301520059000,63.122,63.127,63.116,63.126,8000000,1
1301520060000,1301520119000,63.122,63.135,63.122,63.131,19000000,1
1301520120000,1301520179000,63.131,63.137,63.127,63.132,4000000,1
1301520180000,1301520239000,63.126,63.127,63.126,63.127,4000000,1
1301520240000,1301520299000,63.126,63.137,63.126,63.137,10000000,1
1301520300000,1301520359000,63.136,63.137,63.136,63.136,6000000,1
1301520360000,1301520419000,63.137,63.137,63.127,63.127,7000000,1
1301520420000,1301520479000,63.126,63.127,63.126,63.127,6000000,1
1301520480000,1301520539000,63.127,63.127,63.126,63.127,9000000,1
1301520540000,1301520599000,63.127,63.132,63.127,63.127,4000000,1
1301520600000,1301520659000,63.117,63.131,63.109,63.122,8000000,1
1301520660000,1301520719000,63.116,63.122,63.116,63.122,5000000,1
1301520720000,1301520779000,63.117,63.117,63.101,63.107,4000000,1
1301520780000,1301520839000,63.116,63.117,63.116,63.117,1000000,1
1301520840000,1301520899000,63.127,63.137,63.126,63.131,5000000,1
1301520900000,1301520959000,63.137,63.147,63.136,63.137,14000000,1
1301520960000,1301521019000,63.141,63.147,63.136,63.146,10000000,1
1301521020000,1301521079000,63.145,63.146,63.136,63.146,11000000,1
1301521080000,1301521139000,63.147,63.167,63.136,63.167,29000000,1
1301521140000,1301521199000,63.167,63.177,63.137,63.153,47000000,1
1301521200000,1301521259000,63.156,63.167,63.156,63.166,15000000,1
1301521260000,1301521319000,63.167,63.177,63.159,63.176,23000000,1
1301521320000,1301521379000,63.176,63.176,63.167,63.167,5000000,1
1301521380000,1301521439000,63.172,63.173,63.172,63.173,1000000,1
1301521440000,1301521499000,63.173,63.176,63.173,63.176,2000000,1
1301521500000,1301521559000,63.176,63.177,63.167,63.167,20000000,1
1301521560000,1301521619000,63.167,63.177,63.151,63.162,25000000,1
1301521620000,1301521679000,63.162,63.177,63.161,63.177,12000000,1
1301521680000,1301521739000,63.177,63.177,63.156,63.168,16000000,1
1301521740000,1301521799000,63.168,63.168,63.168,63.168,2000000,1
1301521800000,1301521859000,63.167,63.177,63.156,63.157,27000000,1
1301521860000,1301521919000,63.146,63.157,63.098,63.127,29000000,1
1301521920000,1301521979000,63.117,63.127,63.107,63.126,44000000,1
1301521980000,1301522039000,63.126,63.146,63.126,63.146,20000000,1
1301522040000,1301522099000,63.147,63.156,63.146,63.156,10000000,1
1301522100000,1301522159000,63.146,63.146,63.101,63.136,32000000,1
1301522160000,1301522219000,63.146,63.147,63.146,63.147,10000000,1
1301522220000,1301522279000,63.147,63.147,63.14,63.147,25000000,1
1301522280000,1301522339000,63.147,63.157,63.136,63.147,15000000,1
1301522340000,1301522399000,63.147,63.147,63.146,63.147,29000000,1
1301522400000,1301522459000,63.157,63.166,63.13,63.156,78000000,1
1301522460000,1301522519000,63.157,63.177,63.156,63.176,15000000,1
1301522520000,1301522579000,63.167,63.183,63.167,63.176,30000000,1
1301522580000,1301522639000,63.176,63.177,63.176,63.177,8000000,1
1301522640000,1301522699000,63.177,63.177,63.177,63.177,14000000,1
1301522700000,1301522759000,63.177,63.199,63.176,63.187,22000000,1
1301522760000,1301522819000,63.187,63.217,63.176,63.217,62000000,1
1301522820000,1301522879000,63.217,63.227,63.216,63.227,22000000,1
1301522880000,1301522939000,63.227,63.256,63.226,63.237,43000000,1
1301522940000,1301522999000,63.237,63.277,63.237,63.266,67000000,1
1301523000000,1301523059000,63.266,63.287,63.266,63.277,49000000,1
1301523060000,1301523119000,63.276,63.287,63.276,63.287,13000000,1
1301523120000,1301523179000,63.286,63.297,63.286,63.296,27000000,1
1301523180000,1301523239000,63.296,63.338,63.296,63.307,133000000,1
1301523240000,1301523299000,63.307,63.326,63.306,63.317,31000000,1
1301523300000,1301523359000,63.317,63.337,63.316,63.316,38000000,1
1301523360000,1301523419000,63.316,63.317,63.297,63.307,53000000,1
1301523420000,1301523479000,63.317,63.317,63.286,63.3,35000000,1
1301523480000,1301523539000,63.3,63.327,63.3,63.327,54000000,1
1301523540000,1301523599000,63.327,63.327,63.3,63.307,32000000,1
1301523600000,1301523659000,63.306,63.317,63.306,63.306,22000000,1
1301523660000,1301523719000,63.316,63.327,63.308,63.316,26000000,1
1301523720000,1301523779000,63.319,63.319,63.301,63.301,36000000,1
1301523780000,1301523839000,63.301,63.327,63.301,63.317,103000000,1
1301523840000,1301523899000,63.307,63.327,63.306,63.317,65000000,1
1301523900000,1301523959000,63.317,63.317,63.316,63.316,6000000,1
1301523960000,1301524019000,63.316,63.317,63.307,63.317,18000000,1
1301524020000,1301524079000,63.316,63.327,63.307,63.307,25000000,1
1301524080000,1301524139000,63.307,63.317,63.297,63.317,39000000,1
1301524140000,1301524199000,63.317,63.317,63.296,63.317,30000000,1
1301524200000,1301524259000,63.306,63.306,63.266,63.296,56000000,1
1301524260000,1301524319000,63.296,63.297,63.296,63.296,8000000,1
1301524320000,1301524379000,63.296,63.307,63.287,63.287,35000000,1
1301524380000,1301524439000,63.287,63.298,63.286,63.298,15000000,1
1301524440000,1301524499000,63.297,63.297,63.276,63.286,53000000,1
1301524500000,1301524559000,63.286,63.287,63.286,63.286,18000000,1
1301524560000,1301524619000,63.286,63.297,63.286,63.286,21000000,1
1301524620000,1301524679000,63.286,63.296,63.286,63.296,33000000,1
1301524680000,1301524739000,63.296,63.307,63.287,63.306,46000000,1
1301524740000,1301524799000,63.306,63.307,63.286,63.296,78000000,1
1301524800000,1301524859000,63.296,63.317,63.296,63.296,78000000,1
1301524860000,1301524919000,63.286,63.297,63.286,63.297,23000000,1
1301524920000,1301524979000,63.297,63.317,63.296,63.307,49000000,1
1301524980000,1301525039000,63.307,63.317,63.306,63.317,41000000,1
1301525040000,1301525099000,63.306,63.337,63.296,63.3,126000000,1
1301525100000,1301525159000,63.306,63.317,63.296,63.316,77000000,1
1301525160000,1301525219000,63.316,63.327,63.316,63.327,122000000,1
1301525220000,1301525279000,63.327,63.327,63.306,63.307,81000000,1
1301525280000,1301525339000,63.307,63.316,63.306,63.309,55000000,1
1301525340000,1301525399000,63.309,63.327,63.309,63.316,59000000,1
1301525400000,1301525459000,63.316,63.327,63.316,63.327,16000000,1
1301525460000,1301525519000,63.327,63.337,63.326,63.337,68000000,1
1301525520000,1301525579000,63.337,63.337,63.306,63.307,68000000,1
1301525580000,1301525639000,63.306,63.327,63.306,63.327,19000000,1
1301525640000,1301525699000,63.327,63.329,63.31,63.326,92000000,1
1301525700000,1301525759000,63.326,63.327,63.316,63.326,48000000,1
1301525760000,1301525819000,63.326,63.327,63.316,63.317,62000000,1
1301525820000,1301525879000,63.317,63.317,63.31,63.31,48000000,1
1301525880000,1301525939000,63.31,63.336,63.3,63.326,115000000,1
1301525940000,1301525999000,63.326,63.337,63.322,63.336,96000000,1
1301526000000,1301526059000,63.336,63.357,63.326,63.357,165000000,1
1301526060000,1301526119000,63.357,63.357,63.336,63.357,158000000,1
1301526120000,1301526179000,63.357,63.357,63.347,63.356,43000000,1
1301526180000,1301526239000,63.356,63.356,63.346,63.346,54000000,1
1301526240000,1301526299000,63.347,63.347,63.337,63.337,60000000,1
1301526300000,1301526359000,63.337,63.347,63.337,63.341,16000000,1
1301526360000,1301526419000,63.341,63.346,63.326,63.332,83000000,1
1301526420000,1301526479000,63.327,63.337,63.327,63.327,37000000,1
1301526480000,1301526539000,63.327,63.327,63.319,63.327,46000000,1
1301526540000,1301526599000,63.327,63.327,63.311,63.316,38000000,1
1301526600000,1301526659000,63.317,63.329,63.312,63.327,91000000,1
1301526660000,1301526719000,63.327,63.337,63.316,63.317,85000000,1
1301526720000,1301526779000,63.307,63.327,63.306,63.317,50000000,1
1301526780000,1301526839000,63.317,63.317,63.307,63.317,26000000,1
1301526840000,1301526899000,63.317,63.327,63.316,63.327,24000000,1
1301526900000,1301526959000,63.327,63.347,63.326,63.341,47000000,1
1301526960000,1301527019000,63.337,63.337,63.326,63.336,34000000,1
1301527020000,1301527079000,63.337,63.337,63.327,63.328,9000000,1
1301527080000,1301527139000,63.336,63.337,63.326,63.327,38000000,1
1301527140000,1301527199000,63.323,63.357,63.323,63.347,117000000,1
1301527200000,1301527259000,63.347,63.347,63.337,63.337,35000000,1
1301527260000,1301527319000,63.337,63.35,63.337,63.347,28000000,1
1301527320000,1301527379000,63.347,63.347,63.337,63.347,22000000,1
1301527380000,1301527439000,63.347,63.347,63.336,63.336,22000000,1
1301527440000,1301527499000,63.337,63.347,63.337,63.337,19000000,1
1301527500000,1301527559000,63.337,63.347,63.337,63.347,18000000,1
1301527560000,1301527619000,63.336,63.35,63.336,63.347,74000000,1
1301527620000,1301527679000,63.346,63.36,63.339,63.356,60000000,1
1301527680000,1301527739000,63.356,63.361,63.339,63.35,68000000,1
1301527740000,1301527799000,63.35,63.367,63.347,63.347,78000000,1
1301527800000,1301527859000,63.356,63.357,63.348,63.357,26000000,1
1301527860000,1301527919000,63.357,63.357,63.342,63.342,21000000,1
1301527920000,1301527979000,63.342,63.351,63.341,63.343,45000000,1
1301527980000,1301528039000,63.339,63.357,63.338,63.347,72000000,1
1301528040000,1301528099000,63.347,63.347,63.347,63.347,9000000,1
1301528100000,1301528159000,63.347,63.347,63.34,63.347,10000000,1
1301528160000,1301528219000,63.346,63.347,63.339,63.347,16000000,1
1301528220000,1301528279000,63.342,63.367,63.338,63.354,124000000,1
1301528280000,1301528339000,63.356,63.367,63.356,63.366,73000000,1
1301528340000,1301528399000,63.366,63.366,63.356,63.358,94000000,1
1301528400000,1301528459000,63.358,63.383,63.358,63.367,103000000,1
1301528460000,1301528519000,63.368,63.369,63.36,63.366,62000000,1
1301528520000,1301528579000,63.366,63.367,63.356,63.357,46000000,1
1301528580000,1301528639000,63.359,63.366,63.356,63.366,46000000,1
1301528640000,1301528699000,63.357,63.367,63.337,63.337,88000000,1
1301528700000,1301528759000,63.337,63.349,63.336,63.346,44000000,1
1301528760000,1301528819000,63.346,63.347,63.336,63.34,132000000,1
1301528820000,1301528879000,63.338,63.347,63.316,63.337,90000000,1
1301528880000,1301528939000,63.337,63.337,63.317,63.317,36000000,1
1301528940000,1301528999000,63.318,63.318,63.309,63.317,45000000,1
1301529000000,1301529059000,63.316,63.327,63.309,63.317,44000000,1
1301529060000,1301529119000,63.317,63.317,63.296,63.297,52000000,1
1301529120000,1301529179000,63.297,63.314,63.297,63.314,46000000,1
1301529180000,1301529239000,63.314,63.322,63.314,63.317,34000000,1
1301529240000,1301529299000,63.316,63.319,63.306,63.306,53000000,1
1301529300000,1301529359000,63.306,63.313,63.303,63.303,27000000,1
1301529360000,1301529419000,63.305,63.317,63.304,63.317,66000000,1
1301529420000,1301529479000,63.317,63.317,63.317,63.317,19000000,1
1301529480000,1301529539000,63.315,63.316,63.307,63.307,65000000,1
1301529540000,1301529599000,63.307,63.307,63.286,63.296,44000000,1
1301529600000,1301529659000,63.296,63.316,63.296,63.316,98000000,1
1301529660000,1301529719000,63.316,63.319,63.307,63.317,113000000,1
1301529720000,1301529779000,63.317,63.317,63.308,63.308,20000000,1
1301529780000,1301529839000,63.308,63.318,63.306,63.318,72000000,1
1301529840000,1301529899000,63.318,63.322,63.318,63.318,78000000,1
1301529900000,1301529959000,63.318,63.319,63.296,63.296,52000000,1
1301529960000,1301530019000,63.296,63.307,63.286,63.286,58000000,1
1301530020000,1301530079000,63.287,63.287,63.287,63.287,19000000,1
1301530080000,1301530139000,63.287,63.288,63.277,63.277,70000000,1
1301530140000,1301530199000,63.277,63.287,63.276,63.276,69000000,1
1301530200000,1301530259000,63.277,63.287,63.276,63.287,50000000,1
1301530260000,1301530319000,63.286,63.286,63.24,63.246,79000000,1
1301530320000,1301530379000,63.246,63.268,63.237,63.251,101000000,1
1301530380000,1301530439000,63.249,63.249,63.227,63.236,97000000,1
1301530440000,1301530499000,63.236,63.256,63.236,63.248,70000000,1
1301530500000,1301530559000,63.248,63.257,63.246,63.257,59000000,1
1301530560000,1301530619000,63.257,63.257,63.237,63.247,56000000,1
1301530620000,1301530679000,63.247,63.247,63.236,63.236,46000000,1
1301530680000,1301530739000,63.236,63.241,63.229,63.229,67000000,1
1301530740000,1301530799000,63.231,63.237,63.221,63.227,72000000,1
1301530800000,1301530859000,63.227,63.227,63.195,63.198,87000000,1
1301530860000,1301530919000,63.203,63.227,63.187,63.218,178000000,1
1301530920000,1301530979000,63.218,63.236,63.206,63.219,98000000,1
1301530980000,1301531039000,63.219,63.236,63.219,63.233,84000000,1
1301531040000,1301531099000,63.233,63.234,63.2,63.208,103000000,1
1301531100000,1301531159000,63.208,63.227,63.193,63.227,105000000,1
1301531160000,1301531219000,63.227,63.249,63.222,63.226,120000000,1
1301531220000,1301531279000,63.227,63.237,63.226,63.234,83000000,1
1301531280000,1301531339000,63.234,63.274,63.233,63.259,128000000,1
1301531340000,1301531399000,63.259,63.26,63.199,63.246,116000000,1
1301531400000,1301531459000,63.244,63.266,63.236,63.259,109000000,1
1301531460000,1301531519000,63.264,63.307,63.264,63.306,113000000,1
1301531520000,1301531579000,63.306,63.327,63.297,63.297,130000000,1
1301531580000,1301531639000,63.297,63.317,63.297,63.316,65000000,1
1301531640000,1301531699000,63.311,63.317,63.289,63.289,89000000,1
1301531700000,1301531759000,63.288,63.297,63.278,63.287,105000000,1
1301531760000,1301531819000,63.287,63.298,63.272,63.288,79000000,1
1301531820000,1301531879000,63.297,63.307,63.278,63.298,151000000,1
1301531880000,1301531939000,63.298,63.298,63.288,63.298,78000000,1
1301531940000,1301531999000,63.298,63.302,63.287,63.289,138000000,1
1301532000000,1301532059000,63.29,63.307,63.288,63.288,97000000,1
1301532060000,1301532119000,63.288,63.298,63.288,63.294,39000000,1
1301532120000,1301532179000,63.288,63.298,63.287,63.295,115000000,1
1301532180000,1301532239000,63.296,63.307,63.296,63.301,59000000,1
1301532240000,1301532299000,63.301,63.319,63.301,63.316,121000000,1
1301532300000,1301532359000,63.312,63.322,63.293,63.293,144000000,1
1301532360000,1301532419000,63.291,63.31,63.289,63.31,59000000,1
1301532420000,1301532479000,63.309,63.318,63.306,63.308,127000000,1
1301532480000,1301532539000,63.308,63.338,63.308,63.328,112000000,1
1301532540000,1301532599000,63.328,63.341,63.328,63.329,108000000,1
1301532600000,1301532659000,63.336,63.338,63.327,63.33,105000000,1
1301532660000,1301532719000,63.328,63.34,63.328,63.34,105000000,1
1301532720000,1301532779000,63.34,63.371,63.336,63.367,165000000,1
1301532780000,1301532839000,63.377,63.377,63.342,63.347,145000000,1
1301532840000,1301532899000,63.347,63.356,63.332,63.347,131000000,1
1301532900000,1301532959000,63.342,63.348,63.246,63.247,337000000,1
1301532960000,1301533019000,63.247,63.288,63.239,63.277,192000000,1
1301533020000,1301533079000,63.271,63.316,63.269,63.298,112000000,1
1301533080000,1301533139000,63.298,63.31,63.281,63.307,157000000,1
1301533140000,1301533199000,63.303,63.32,63.301,63.307,126000000,1
1301533200000,1301533259000,63.309,63.328,63.309,63.326,85000000,1
1301533260000,1301533319000,63.327,63.329,63.317,63.318,106000000,1
1301533320000,1301533379000,63.317,63.337,63.316,63.316,109000000,1
1301533380000,1301533439000,63.316,63.328,63.297,63.297,102000000,1
1301533440000,1301533499000,63.297,63.297,63.267,63.288,118000000,1
1301533500000,1301533559000,63.288,63.298,63.278,63.278,185000000,1
1301533560000,1301533619000,63.278,63.279,63.249,63.257,114000000,1
1301533620000,1301533679000,63.257,63.258,63.237,63.248,92000000,1
1301533680000,1301533739000,63.248,63.254,63.247,63.248,44000000,1
1301533740000,1301533799000,63.248,63.257,63.217,63.228,123000000,1
1301533800000,1301533859000,63.232,63.238,63.228,63.228,42000000,1
1301533860000,1301533919000,63.23,63.237,63.222,63.237,66000000,1
1301533920000,1301533979000,63.23,63.238,63.226,63.232,71000000,1
1301533980000,1301534039000,63.237,63.277,63.237,63.277,83000000,1
1301534040000,1301534099000,63.277,63.297,63.27,63.296,90000000,1
1301534100000,1301534159000,63.297,63.297,63.279,63.287,35000000,1
1301534160000,1301534219000,63.287,63.287,63.248,63.248,49000000,1
1301534220000,1301534279000,63.239,63.247,63.237,63.246,50000000,1
1301534280000,1301534339000,63.246,63.247,63.227,63.227,47000000,1
1301534340000,1301534399000,63.227,63.228,63.216,63.219,89000000,1
1301534400000,1301534459000,63.219,63.236,63.198,63.198,175000000,1
1301534460000,1301534519000,63.198,63.218,63.191,63.207,109000000,1
1301534520000,1301534579000,63.207,63.207,63.171,63.187,122000000,1
1301534580000,1301534639000,63.187,63.187,63.131,63.138,217000000,1
1301534640000,1301534699000,63.137,63.162,63.13,63.148,157000000,1
1301534700000,1301534759000,63.148,63.168,63.137,63.168,59000000,1
1301534760000,1301534819000,63.168,63.168,63.148,63.158,43000000,1
1301534820000,1301534879000,63.158,63.166,63.156,63.157,70000000,1
1301534880000,1301534939000,63.158,63.168,63.149,63.167,93000000,1
1301534940000,1301534999000,63.167,63.188,63.162,63.178,116000000,1
1301535000000,1301535059000,63.181,63.19,63.171,63.177,111000000,1
1301535060000,1301535119000,63.177,63.177,63.162,63.167,69000000,1
1301535120000,1301535179000,63.169,63.178,63.168,63.178,74000000,1
1301535180000,1301535239000,63.178,63.178,63.17,63.177,24000000,1
1301535240000,1301535299000,63.169,63.187,63.169,63.187,45000000,1
1301535300000,1301535359000,63.187,63.187,63.176,63.177,17000000,1
1301535360000,1301535419000,63.177,63.177,63.177,63.177,12000000,1
1301535420000,1301535479000,63.172,63.178,63.167,63.178,45000000,1
1301535480000,1301535539000,63.178,63.196,63.166,63.166,102000000,1
1301535540000,1301535599000,63.166,63.176,63.166,63.167,28000000,1
1301535600000,1301535659000,63.169,63.187,63.157,63.168,100000000,1
1301535660000,1301535719000,63.167,63.178,63.157,63.159,73000000,1
1301535720000,1301535779000,63.166,63.167,63.147,63.157,88000000,1
1301535780000,1301535839000,63.157,63.157,63.126,63.157,66000000,1
1301535840000,1301535899000,63.157,63.157,63.146,63.146,45000000,1
1301535900000,1301535959000,63.146,63.147,63.129,63.139,74000000,1
1301535960000,1301536019000,63.139,63.146,63.128,63.131,96000000,1
1301536020000,1301536079000,63.128,63.143,63.126,63.126,161000000,1
1301536080000,1301536139000,63.128,63.137,63.128,63.128,78000000,1
1301536140000,1301536199000,63.128,63.128,63.106,63.106,153000000,1
1301536200000,1301536259000,63.106,63.107,63.077,63.096,210000000,1
1301536260000,1301536319000,63.087,63.098,63.087,63.098,162000000,1
1301536320000,1301536379000,63.098,63.107,63.09,63.107,91000000,1
1301536380000,1301536439000,63.107,63.117,63.103,63.117,63000000,1
1301536440000,1301536499000,63.118,63.126,63.107,63.126,93000000,1
1301536500000,1301536559000,63.118,63.127,63.117,63.127,47000000,1
1301536560000,1301536619000,63.127,63.137,63.106,63.108,170000000,1
1301536620000,1301536679000,63.108,63.117,63.082,63.086,134000000,1
1301536680000,1301536739000,63.086,63.089,63.077,63.087,46000000,1
1301536740000,1301536799000,63.087,63.1,63.086,63.1,71000000,1
1301536800000,1301536859000,63.1,63.1,63.059,63.071,125000000,1
1301536860000,1301536919000,63.082,63.088,63.073,63.087,135000000,1
1301536920000,1301536979000,63.087,63.092,63.073,63.088,115000000,1
1301536980000,1301537039000,63.088,63.094,63.077,63.08,141000000,1
1301537040000,1301537099000,63.08,63.089,63.068,63.068,73000000,1
1301537100000,1301537159000,63.068,63.068,63.051,63.066,72000000,1
1301537160000,1301537219000,63.067,63.067,63.037,63.046,90000000,1
1301537220000,1301537279000,63.041,63.041,62.977,62.986,225000000,1
1301537280000,1301537339000,62.986,62.998,62.976,62.998,57000000,1
1301537340000,1301537399000,62.998,62.998,62.981,62.988,73000000,1
1301537400000,1301537459000,62.988,63.019,62.988,63.012,181000000,1
1301537460000,1301537519000,63.017,63.019,62.998,63.019,62000000,1
1301537520000,1301537579000,63.019,63.038,63.019,63.038,94000000,1
1301537580000,1301537639000,63.038,63.052,63.033,63.037,73000000,1
1301537640000,1301537699000,63.037,63.042,63.02,63.02,68000000,1
1301537700000,1301537759000,63.02,63.036,63.018,63.018,70000000,1
1301537760000,1301537819000,63.018,63.019,63.008,63.019,97000000,1
1301537820000,1301537879000,63.018,63.023,63.01,63.013,47000000,1
1301537880000,1301537939000,63.013,63.013,62.98,62.989,87000000,1
1301537940000,1301537999000,62.989,63.004,62.989,62.998,83000000,1
1301538000000,1301538059000,62.998,63.008,62.996,62.999,70000000,1
1301538060000,1301538119000,63.001,63.017,62.997,63.004,100000000,1
1301538120000,1301538179000,63.007,63.017,63.006,63.006,49000000,1
1301538180000,1301538239000,63.006,63.017,62.998,63.006,65000000,1
1301538240000,1301538299000,63.006,63.007,62.988,62.998,80000000,1
1301538300000,1301538359000,62.998,62.999,62.973,62.982,130000000,1
1301538360000,1301538419000,62.982,62.987,62.96,62.967,126000000,1
1301538420000,1301538479000,62.967,62.977,62.957,62.96,100000000,1
1301538480000,1301538539000,62.958,62.97,62.938,62.947,83000000,1
1301538540000,1301538599000,62.946,62.947,62.926,62.936,104000000,1
1301538600000,1301538659000,62.936,62.938,62.926,62.928,156000000,1
1301538660000,1301538719000,62.928,62.938,62.924,62.927,150000000,1
1301538720000,1301538779000,62.926,62.926,62.901,62.901,87000000,1
1301538780000,1301538839000,62.901,62.918,62.886,62.89,182000000,1
1301538840000,1301538899000,62.89,62.89,62.869,62.887,128000000,1
1301538900000,1301538959000,62.887,62.897,62.869,62.889,115000000,1
1301538960000,1301539019000,62.891,62.916,62.857,62.916,184000000,1
1301539020000,1301539079000,62.916,62.918,62.895,62.918,146000000,1
1301539080000,1301539139000,62.917,62.937,62.914,62.931,119000000,1
1301539140000,1301539199000,62.936,62.936,62.903,62.924,124000000,1
1301539200000,1301539259000,62.928,62.936,62.909,62.936,110000000,1
1301539260000,1301539319000,62.936,62.937,62.927,62.927,31000000,1
1301539320000,1301539379000,62.926,62.927,62.926,62.927,5000000,1
1301539380000,1301539439000,62.926,62.927,62.926,62.926,35000000,1
1301539440000,1301539499000,62.926,62.936,62.926,62.926,50000000,1
1301539500000,1301539559000,62.927,62.941,62.927,62.938,145000000,1
1301539560000,1301539619000,62.938,62.948,62.938,62.947,73000000,1
1301539620000,1301539679000,62.947,62.947,62.947,62.947,33000000,1
1301539680000,1301539739000,62.947,62.956,62.943,62.947,87000000,1
1301539740000,1301539799000,62.947,62.957,62.938,62.941,66000000,1
1301539800000,1301539859000,62.937,62.937,62.937,62.937,20000000,1
1301539860000,1301539919000,62.938,62.948,62.937,62.938,71000000,1
1301539920000,1301539979000,62.938,62.948,62.929,62.929,76000000,1
1301539980000,1301540039000,62.928,62.928,62.917,62.918,71000000,1
1301540040000,1301540099000,62.918,62.928,62.917,62.928,58000000,1
1301540100000,1301540159000,62.928,62.928,62.917,62.928,71000000,1
1301540160000,1301540219000,62.928,62.938,62.928,62.938,48000000,1
1301540220000,1301540279000,62.932,62.958,62.927,62.947,54000000,1
1301540280000,1301540339000,62.947,62.947,62.947,62.947,30000000,1
1301540340000,1301540399000,62.947,62.948,62.939,62.942,38000000,1
1301540400000,1301540459000,62.942,62.947,62.938,62.947,66000000,1
1301540460000,1301540519000,62.947,62.948,62.94,62.947,38000000,1
1301540520000,1301540579000,62.947,62.951,62.938,62.95,72000000,1
1301540580000,1301540639000,62.95,62.95,62.937,62.946,47000000,1
1301540640000,1301540699000,62.946,62.948,62.946,62.948,16000000,1
1301540700000,1301540759000,62.948,62.949,62.938,62.949,61000000,1
1301540760000,1301540819000,62.948,62.949,62.941,62.947,49000000,1
1301540820000,1301540879000,62.947,62.947,62.938,62.938,34000000,1
1301540880000,1301540939000,62.938,62.938,62.909,62.916,63000000,1
1301540940000,1301540999000,62.916,62.926,62.897,62.906,63000000,1
1301541000000,1301541059000,62.907,62.907,62.891,62.897,24000000,1
1301541060000,1301541119000,62.897,62.916,62.889,62.907,64000000,1
1301541120000,1301541179000,62.907,62.907,62.906,62.906,14000000,1
1301541180000,1301541239000,62.907,62.917,62.907,62.916,22000000,1
1301541240000,1301541299000,62.911,62.921,62.911,62.919,37000000,1
1301541300000,1301541359000,62.917,62.921,62.897,62.901,46000000,1
1301541360000,1301541419000,62.901,62.907,62.874,62.878,134000000,1
1301541420000,1301541479000,62.878,62.893,62.878,62.888,19000000,1
1301541480000,1301541539000,62.888,62.888,62.877,62.877,34000000,1
1301541540000,1301541599000,62.877,62.903,62.877,62.897,61000000,1
1301541600000,1301541659000,62.897,62.897,62.887,62.897,21000000,1
1301541660000,1301541719000,62.897,62.897,62.887,62.889,43000000,1
1301541720000,1301541779000,62.889,62.897,62.887,62.897,35000000,1
1301541780000,1301541839000,62.896,62.896,62.891,62.891,6000000,1
1301541840000,1301541899000,62.897,62.897,62.883,62.889,60000000,1
1301541900000,1301541959000,62.89,62.895,62.858,62.881,152000000,1
1301541960000,1301542019000,62.879,62.879,62.857,62.858,115000000,1
1301542020000,1301542079000,62.867,62.876,62.856,62.867,94000000,1
1301542080000,1301542139000,62.867,62.867,62.837,62.857,69000000,1
1301542140000,1301542199000,62.857,62.857,62.84,62.853,44000000,1
1301542200000,1301542259000,62.853,62.856,62.846,62.846,48000000,1
1301542260000,1301542319000,62.846,62.847,62.824,62.824,53000000,1
1301542320000,1301542379000,62.826,62.827,62.817,62.819,72000000,1
1301542380000,1301542439000,62.817,62.819,62.792,62.792,137000000,1
1301542440000,1301542499000,62.792,62.81,62.782,62.798,98000000,1
1301542500000,1301542559000,62.798,62.827,62.798,62.827,33000000,1
1301542560000,1301542619000,62.827,62.827,62.816,62.818,52000000,1
1301542620000,1301542679000,62.827,62.827,62.816,62.817,68000000,1
1301542680000,1301542739000,62.817,62.817,62.798,62.807,73000000,1
1301542740000,1301542799000,62.8,62.816,62.8,62.806,33000000,1
1301542800000,1301542859000,62.806,62.807,62.797,62.797,59000000,1
1301542860000,1301542919000,62.803,62.817,62.799,62.816,79000000,1
1301542920000,1301542979000,62.816,62.828,62.816,62.819,50000000,1
1301542980000,1301543039000,62.819,62.826,62.801,62.807,78000000,1
1301543040000,1301543099000,62.806,62.806,62.786,62.792,53000000,1
1301543100000,1301543159000,62.797,62.797,62.788,62.796,43000000,1
1301543160000,1301543219000,62.787,62.797,62.786,62.79,67000000,1
1301543220000,1301543279000,62.787,62.792,62.776,62.777,77000000,1
1301543280000,1301543339000,62.777,62.787,62.77,62.776,84000000,1
1301543340000,1301543399000,62.776,62.776,62.747,62.753,71000000,1
1301543400000,1301543459000,62.757,62.757,62.741,62.752,61000000,1
1301543460000,1301543519000,62.752,62.759,62.746,62.757,107000000,1
1301543520000,1301543579000,62.757,62.757,62.727,62.747,69000000,1
1301543580000,1301543639000,62.746,62.767,62.746,62.767,67000000,1
1301543640000,1301543699000,62.767,62.767,62.749,62.757,59000000,1
1301543700000,1301543759000,62.758,62.758,62.752,62.757,36000000,1
1301543760000,1301543819000,62.757,62.757,62.749,62.756,25000000,1
1301543820000,1301543879000,62.756,62.756,62.727,62.727,75000000,1
1301543880000,1301543939000,62.725,62.728,62.7,62.708,200000000,1
1301543940000,1301543999000,62.709,62.712,62.688,62.707,115000000,1
1301544000000,1301544059000,62.708,62.708,62.68,62.688,162000000,1
1301544060000,1301544119000,62.688,62.699,62.671,62.698,120000000,1
1301544120000,1301544179000,62.698,62.701,62.687,62.687,76000000,1
1301544180000,1301544239000,62.687,62.691,62.671,62.671,113000000,1
1301544240000,1301544299000,62.671,62.687,62.667,62.687,152000000,1
1301544300000,1301544359000,62.682,62.689,62.657,62.671,194000000,1
1301544360000,1301544419000,62.678,62.678,62.661,62.668,111000000,1
1301544420000,1301544479000,62.667,62.672,62.657,62.667,171000000,1
1301544480000,1301544539000,62.668,62.694,62.667,62.682,127000000,1
1301544540000,1301544599000,62.679,62.681,62.67,62.677,77000000,1
1301544600000,1301544659000,62.682,62.693,62.682,62.689,54000000,1
1301544660000,1301544719000,62.688,62.728,62.686,62.724,121000000,1
1301544720000,1301544779000,62.727,62.727,62.717,62.726,34000000,1
1301544780000,1301544839000,62.721,62.728,62.717,62.718,84000000,1
1301544840000,1301544899000,62.722,62.722,62.712,62.718,56000000,1
1301544900000,1301544959000,62.718,62.718,62.707,62.717,48000000,1
1301544960000,1301545019000,62.717,62.726,62.709,62.726,56000000,1
1301545020000,1301545079000,62.727,62.737,62.719,62.737,53000000,1
1301545080000,1301545139000,62.737,62.747,62.731,62.738,102000000,1
1301545140000,1301545199000,62.738,62.738,62.729,62.736,23000000,1
1301545200000,1301545259000,62.737,62.737,62.726,62.726,38000000,1
1301545260000,1301545319000,62.728,62.737,62.718,62.718,117000000,1
1301545320000,1301545379000,62.718,62.727,62.7,62.707,134000000,1
1301545380000,1301545439000,62.707,62.728,62.707,62.716,124000000,1
1301545440000,1301545499000,62.717,62.718,62.71,62.718,58000000,1
1301545500000,1301545559000,62.718,62.728,62.714,62.717,181000000,1
1301545560000,1301545619000,62.718,62.718,62.707,62.715,76000000,1
1301545620000,1301545679000,62.715,62.718,62.708,62.718,64000000,1
1301545680000,1301545739000,62.718,62.72,62.71,62.72,61000000,1
1301545740000,1301545799000,62.72,62.727,62.716,62.726,78000000,1
1301545800000,1301545859000,62.728,62.728,62.721,62.728,73000000,1
1301545860000,1301545919000,62.728,62.73,62.722,62.729,61000000,1
1301545920000,1301545979000,62.729,62.736,62.718,62.726,40000000,1
1301545980000,1301546039000,62.721,62.721,62.714,62.716,119000000,1
1301546040000,1301546099000,62.717,62.738,62.716,62.737,120000000,1
1301546100000,1301546159000,62.738,62.769,62.733,62.767,127000000,1
1301546160000,1301546219000,62.769,62.778,62.767,62.778,62000000,1
1301546220000,1301546279000,62.778,62.808,62.778,62.808,87000000,1
1301546280000,1301546339000,62.808,62.81,62.802,62.81,74000000,1
1301546340000,1301546399000,62.81,62.817,62.809,62.817,56000000,1
1301546400000,1301546459000,62.817,62.817,62.817,62.817,69000000,1
1301546460000,1301546519000,62.817,62.819,62.817,62.819,99000000,1
1301546520000,1301546579000,62.819,62.846,62.818,62.842,57000000,1
1301546580000,1301546639000,62.839,62.852,62.837,62.846,130000000,1
1301546640000,1301546699000,62.846,62.878,62.846,62.868,96000000,1
1301546700000,1301546759000,62.863,62.869,62.859,62.867,175000000,1
1301546760000,1301546819000,62.867,62.878,62.867,62.878,151000000,1
1301546820000,1301546879000,62.878,62.878,62.867,62.877,94000000,1
1301546880000,1301546939000,62.876,62.887,62.856,62.862,91000000,1
1301546940000,1301546999000,62.862,62.868,62.86,62.866,19000000,1
1301547000000,1301547059000,62.868,62.877,62.857,62.867,88000000,1
1301547060000,1301547119000,62.863,62.877,62.856,62.856,101000000,1
1301547120000,1301547179000,62.857,62.868,62.857,62.866,62000000,1
1301547180000,1301547239000,62.867,62.897,62.867,62.897,57000000,1
1301547240000,1301547299000,62.896,62.921,62.887,62.91,174000000,1
1301547300000,1301547359000,62.913,62.929,62.913,62.926,68000000,1
1301547360000,1301547419000,62.927,62.928,62.915,62.915,75000000,1
1301547420000,1301547479000,62.916,62.946,62.916,62.939,74000000,1
1301547480000,1301547539000,62.946,62.986,62.946,62.967,183000000,1
1301547540000,1301547599000,62.961,62.968,62.958,62.968,86000000,1
1301547600000,1301547659000,62.968,62.968,62.957,62.967,71000000,1
1301547660000,1301547719000,62.966,62.966,62.952,62.958,37000000,1
1301547720000,1301547779000,62.966,62.966,62.941,62.947,78000000,1
1301547780000,1301547839000,62.947,62.947,62.917,62.919,85000000,1
1301547840000,1301547899000,62.919,62.919,62.892,62.9,76000000,1
1301547900000,1301547959000,62.898,62.898,62.888,62.892,64000000,1
1301547960000,1301548019000,62.897,62.897,62.88,62.881,30000000,1
1301548020000,1301548079000,62.886,62.892,62.886,62.892,13000000,1
1301548080000,1301548139000,62.892,62.906,62.889,62.906,52000000,1
1301548140000,1301548199000,62.897,62.907,62.897,62.906,15000000,1
1301548200000,1301548259000,62.897,62.927,62.897,62.918,82000000,1
1301548260000,1301548319000,62.917,62.927,62.917,62.927,36000000,1
1301548320000,1301548379000,62.921,62.947,62.918,62.946,51000000,1
1301548380000,1301548439000,62.946,62.947,62.926,62.926,36000000,1
1301548440000,1301548499000,62.918,62.92,62.914,62.917,29000000,1
1301548500000,1301548559000,62.917,62.917,62.908,62.912,29000000,1
1301548560000,1301548619000,62.913,62.922,62.913,62.922,19000000,1
1301548620000,1301548679000,62.917,62.929,62.912,62.927,31000000,1
1301548680000,1301548739000,62.927,62.927,62.918,62.919,25000000,1
1301548740000,1301548799000,62.921,62.934,62.917,62.934,36000000,1
1301548800000,1301548859000,62.936,62.987,62.935,62.978,116000000,1
1301548860000,1301548919000,62.978,62.99,62.977,62.986,67000000,1
1301548920000,1301548979000,62.986,62.997,62.981,62.981,83000000,1
1301548980000,1301549039000,62.986,62.986,62.968,62.968,98000000,1
1301549040000,1301549099000,62.968,62.978,62.958,62.958,72000000,1
1301549100000,1301549159000,62.957,62.978,62.957,62.967,77000000,1
1301549160000,1301549219000,62.959,62.966,62.946,62.946,41000000,1
1301549220000,1301549279000,62.942,62.953,62.938,62.949,41000000,1
1301549280000,1301549339000,62.949,62.949,62.911,62.911,47000000,1
1301549340000,1301549399000,62.911,62.928,62.91,62.928,108000000,1
1301549400000,1301549459000,62.926,62.948,62.926,62.946,66000000,1
1301549460000,1301549519000,62.948,62.948,62.926,62.926,46000000,1
1301549520000,1301549579000,62.926,62.942,62.919,62.938,73000000,1
1301549580000,1301549639000,62.938,62.938,62.932,62.938,55000000,1
1301549640000,1301549699000,62.938,62.938,62.931,62.931,14000000,1
1301549700000,1301549759000,62.929,62.957,62.929,62.957,94000000,1
1301549760000,1301549819000,62.957,62.961,62.951,62.951,57000000,1
1301549820000,1301549879000,62.952,62.968,62.952,62.96,76000000,1
1301549880000,1301549939000,62.96,62.97,62.957,62.958,93000000,1
1301549940000,1301549999000,62.958,62.968,62.957,62.957,92000000,1
1301550000000,1301550059000,62.957,62.97,62.954,62.957,62000000,1
1301550060000,1301550119000,62.957,62.957,62.938,62.944,74000000,1
1301550120000,1301550179000,62.948,62.957,62.948,62.953,63000000,1
1301550180000,1301550239000,62.957,62.967,62.949,62.967,115000000,1
1301550240000,1301550299000,62.967,62.973,62.959,62.965,104000000,1
1301550300000,1301550359000,62.964,62.977,62.962,62.969,54000000,1
1301550360000,1301550419000,62.97,62.987,62.969,62.979,84000000,1
1301550420000,1301550479000,62.978,62.978,62.952,62.958,92000000,1
1301550480000,1301550539000,62.958,62.968,62.958,62.96,53000000,1
1301550540000,1301550599000,62.96,62.966,62.954,62.957,34000000,1
1301550600000,1301550659000,62.954,62.958,62.947,62.958,35000000,1
1301550660000,1301550719000,62.958,62.965,62.946,62.956,59000000,1
1301550720000,1301550779000,62.957,62.969,62.957,62.965,62000000,1
1301550780000,1301550839000,62.969,62.988,62.969,62.987,55000000,1
1301550840000,1301550899000,62.987,62.987,62.986,62.986,30000000,1
1301550900000,1301550959000,62.986,62.988,62.981,62.981,29000000,1
1301550960000,1301551019000,62.981,62.997,62.977,62.977,74000000,1
1301551020000,1301551079000,62.979,62.987,62.977,62.977,16000000,1
1301551080000,1301551139000,62.978,63.008,62.978,62.992,66000000,1
1301551140000,1301551199000,62.993,63.017,62.991,62.993,98000000,1
1301551200000,1301551259000,62.993,63.017,62.961,62.966,235000000,1
1301551260000,1301551319000,62.966,62.967,62.941,62.95,124000000,1
1301551320000,1301551379000,62.95,62.95,62.918,62.931,133000000,1
1301551380000,1301551439000,62.931,62.937,62.897,62.917,216000000,1
1301551440000,1301551499000,62.917,62.917,62.897,62.897,107000000,1
1301551500000,1301551559000,62.897,62.911,62.886,62.89,96000000,1
1301551560000,1301551619000,62.89,62.903,62.878,62.881,140000000,1
1301551620000,1301551679000,62.887,62.931,62.887,62.928,126000000,1
1301551680000,1301551739000,62.928,62.928,62.889,62.903,175000000,1
1301551740000,1301551799000,62.899,62.921,62.893,62.893,75000000,1
1301551800000,1301551859000,62.898,62.914,62.88,62.881,70000000,1
1301551860000,1301551919000,62.881,62.887,62.876,62.878,40000000,1
1301551920000,1301551979000,62.87,62.878,62.857,62.858,73000000,1
1301551980000,1301552039000,62.859,62.881,62.857,62.86,63000000,1
1301552040000,1301552099000,62.858,62.858,62.822,62.827,73000000,1
1301552100000,1301552159000,62.832,62.838,62.808,62.809,108000000,1
1301552160000,1301552219000,62.818,62.85,62.817,62.838,106000000,1
1301552220000,1301552279000,62.838,62.838,62.816,62.82,118000000,1
1301552280000,1301552339000,62.819,62.82,62.788,62.788,250000000,1
1301552340000,1301552399000,62.788,62.802,62.78,62.781,125000000,1
1301552400000,1301552459000,62.778,62.799,62.777,62.799,146000000,1
1301552460000,1301552519000,62.798,62.817,62.782,62.808,190000000,1
1301552520000,1301552579000,62.81,62.867,62.808,62.867,157000000,1
1301552580000,1301552639000,62.867,62.878,62.866,62.869,114000000,1
1301552640000,1301552699000,62.868,62.898,62.858,62.883,160000000,1
1301552700000,1301552759000,62.887,62.896,62.859,62.877,137000000,1
1301552760000,1301552819000,62.877,62.877,62.848,62.852,65000000,1
1301552820000,1301552879000,62.852,62.852,62.839,62.848,127000000,1
1301552880000,1301552939000,62.848,62.87,62.835,62.866,103000000,1
1301552940000,1301552999000,62.868,62.908,62.863,62.908,196000000,1
1301553000000,1301553059000,62.908,62.908,62.883,62.888,191000000,1
1301553060000,1301553119000,62.889,62.908,62.875,62.897,142000000,1
1301553120000,1301553179000,62.892,62.892,62.879,62.888,85000000,1
1301553180000,1301553239000,62.883,62.92,62.882,62.92,121000000,1
1301553240000,1301553299000,62.92,62.938,62.904,62.938,206000000,1
1301553300000,1301553359000,62.938,62.939,62.933,62.933,129000000,1
1301553360000,1301553419000,62.933,62.934,62.917,62.92,84000000,1
1301553420000,1301553479000,62.918,62.921,62.898,62.918,90000000,1
1301553480000,1301553539000,62.917,62.917,62.882,62.882,101000000,1
1301553540000,1301553599000,62.88,62.889,62.86,62.889,120000000,1
1301553600000,1301553659000,62.892,62.898,62.877,62.878,43000000,1
1301553660000,1301553719000,62.877,62.877,62.864,62.877,131000000,1
1301553720000,1301553779000,62.877,62.879,62.877,62.879,24000000,1
1301553780000,1301553839000,62.88,62.88,62.856,62.858,43000000,1
1301553840000,1301553899000,62.857,62.858,62.837,62.847,120000000,1
1301553900000,1301553959000,62.847,62.868,62.847,62.857,48000000,1
1301553960000,1301554019000,62.858,62.858,62.858,62.858,32000000,1
1301554020000,1301554079000,62.858,62.88,62.854,62.867,87000000,1
1301554080000,1301554139000,62.869,62.87,62.867,62.867,94000000,1
1301554140000,1301554199000,62.867,62.889,62.867,62.868,90000000,1
1301554200000,1301554259000,62.871,62.888,62.871,62.878,54000000,1
1301554260000,1301554319000,62.878,62.897,62.878,62.897,43000000,1
1301554320000,1301554379000,62.897,62.92,62.894,62.917,109000000,1
1301554380000,1301554439000,62.917,62.921,62.909,62.914,53000000,1
1301554440000,1301554499000,62.917,62.958,62.917,62.958,171000000,1
1301554500000,1301554559000,62.958,62.965,62.94,62.955,184000000,1
1301554560000,1301554619000,62.959,62.968,62.945,62.967,163000000,1
1301554620000,1301554679000,62.967,62.986,62.967,62.971,123000000,1
1301554680000,1301554739000,62.971,62.977,62.958,62.966,113000000,1
1301554740000,1301554799000,62.966,62.966,62.947,62.947,142000000,1
1301554800000,1301554859000,62.956,62.966,62.926,62.936,95000000,1
1301554860000,1301554919000,62.936,62.939,62.926,62.937,59000000,1
1301554920000,1301554979000,62.937,62.938,62.906,62.916,75000000,1
1301554980000,1301555039000,62.916,62.981,62.916,62.98,100000000,1
1301555040000,1301555099000,62.98,62.997,62.98,62.99,91000000,1
1301555100000,1301555159000,62.997,62.997,62.986,62.996,75000000,1
1301555160000,1301555219000,62.994,62.994,62.977,62.987,71000000,1
1301555220000,1301555279000,62.987,62.99,62.968,62.977,119000000,1
1301555280000,1301555339000,62.977,62.998,62.949,62.957,158000000,1
1301555340000,1301555399000,62.957,62.957,62.929,62.936,109000000,1
1301555400000,1301555459000,62.936,62.964,62.936,62.962,60000000,1
1301555460000,1301555519000,62.962,62.978,62.961,62.977,71000000,1
1301555520000,1301555579000,62.979,62.987,62.977,62.987,66000000,1
1301555580000,1301555639000,62.987,63.007,62.98,62.998,83000000,1
1301555640000,1301555699000,62.998,63.001,62.986,62.988,108000000,1
1301555700000,1301555759000,62.988,62.993,62.982,62.982,84000000,1
1301555760000,1301555819000,62.98,62.986,62.98,62.98,22000000,1
1301555820000,1301555879000,62.978,62.978,62.959,62.959,89000000,1
1301555880000,1301555939000,62.961,62.977,62.959,62.972,98000000,1
1301555940000,1301555999000,62.969,62.987,62.969,62.981,124000000,1
1301556000000,1301556059000,62.981,62.987,62.954,62.957,171000000,1
1301556060000,1301556119000,62.958,62.958,62.938,62.939,137000000,1
1301556120000,1301556179000,62.941,62.941,62.901,62.91,134000000,1
1301556180000,1301556239000,62.91,62.921,62.9,62.917,117000000,1
1301556240000,1301556299000,62.917,62.925,62.876,62.876,90000000,1
1301556300000,1301556359000,62.873,62.877,62.866,62.867,110000000,1
1301556360000,1301556419000,62.867,62.897,62.866,62.897,71000000,1
1301556420000,1301556479000,62.897,62.909,62.886,62.897,100000000,1
1301556480000,1301556539000,62.897,62.937,62.897,62.937,116000000,1
1301556540000,1301556599000,62.927,62.937,62.927,62.937,37000000,1
1301556600000,1301556659000,62.937,62.955,62.936,62.936,73000000,1
1301556660000,1301556719000,62.938,62.977,62.938,62.977,150000000,1
1301556720000,1301556779000,62.977,62.991,62.977,62.989,164000000,1
1301556780000,1301556839000,62.989,62.996,62.986,62.99,101000000,1
1301556840000,1301556899000,62.991,62.998,62.986,62.998,64000000,1
1301556900000,1301556959000,62.998,63.007,62.996,63.006,96000000,1
1301556960000,1301557019000,63.006,63.017,62.992,63.007,96000000,1
1301557020000,1301557079000,63.009,63.017,63.004,63.012,55000000,1
1301557080000,1301557139000,63.009,63.021,63.006,63.017,94000000,1
1301557140000,1301557199000,63.022,63.026,63.003,63.013,137000000,1
1301557200000,1301557259000,63.014,63.027,63.013,63.027,74000000,1
1301557260000,1301557319000,63.028,63.028,63.006,63.017,85000000,1
1301557320000,1301557379000,63.016,63.018,63.006,63.018,52000000,1
1301557380000,1301557439000,63.026,63.033,63.018,63.027,143000000,1
1301557440000,1301557499000,63.026,63.04,63.021,63.028,85000000,1
1301557500000,1301557559000,63.028,63.037,63.017,63.027,78000000,1
1301557560000,1301557619000,63.027,63.027,62.998,62.998,126000000,1
1301557620000,1301557679000,62.997,63.008,62.997,63.008,50000000,1
1301557680000,1301557739000,63.008,63.008,62.987,62.987,64000000,1
1301557740000,1301557799000,62.987,62.999,62.978,62.995,98000000,1
1301557800000,1301557859000,62.997,62.998,62.987,62.995,89000000,1
1301557860000,1301557919000,62.998,63.036,62.998,63.028,165000000,1
1301557920000,1301557979000,63.029,63.041,63.024,63.041,76000000,1
1301557980000,1301558039000,63.033,63.068,63.033,63.039,126000000,1
1301558040000,1301558099000,63.042,63.042,63.025,63.041,105000000,1
1301558100000,1301558159000,63.041,63.048,63.038,63.047,42000000,1
1301558160000,1301558219000,63.044,63.048,63.033,63.033,90000000,1
1301558220000,1301558279000,63.037,63.055,63.037,63.053,65000000,1
1301558280000,1301558339000,63.052,63.068,63.048,63.068,130000000,1
1301558340000,1301558399000,63.068,63.07,63.062,63.068,40000000,1
1301558400000,1301558459000,63.068,63.068,63.044,63.058,101000000,1
1301558460000,1301558519000,63.058,63.068,63.047,63.058,83000000,1
1301558520000,1301558579000,63.058,63.058,63.027,63.037,134000000,1
1301558580000,1301558639000,63.037,63.039,63.036,63.036,51000000,1
1301558640000,1301558699000,63.036,63.037,63.02,63.03,66000000,1
1301558700000,1301558759000,63.028,63.028,63.016,63.02,74000000,1
1301558760000,1301558819000,63.022,63.029,63.008,63.011,128000000,1
1301558820000,1301558879000,63.009,63.012,62.998,62.998,60000000,1
1301558880000,1301558939000,62.997,63.007,62.987,62.998,120000000,1
1301558940000,1301558999000,62.997,63.007,62.996,63.006,109000000,1
1301559000000,1301559059000,63.006,63.008,63.006,63.008,26000000,1
1301559060000,1301559119000,63.008,63.008,62.986,62.988,103000000,1
1301559120000,1301559179000,62.988,62.998,62.986,62.996,68000000,1
1301559180000,1301559239000,62.996,63.007,62.99,63.0,63000000,1
1301559240000,1301559299000,63.002,63.011,63.002,63.011,29000000,1
1301559300000,1301559359000,63.011,63.019,63.008,63.018,80000000,1
1301559360000,1301559419000,63.018,63.018,63.007,63.009,57000000,1
1301559420000,1301559479000,63.007,63.016,63.002,63.002,125000000,1
1301559480000,1301559539000,63.005,63.016,62.986,63.016,113000000,1
1301559540000,1301559599000,63.015,63.017,62.992,62.998,87000000,1
1301559600000,1301559659000,62.998,62.998,62.97,62.987,95000000,1
1301559660000,1301559719000,62.987,62.987,62.977,62.978,83000000,1
1301559720000,1301559779000,62.976,62.976,62.948,62.948,131000000,1
1301559780000,1301559839000,62.949,62.96,62.949,62.958,64000000,1
1301559840000,1301559899000,62.958,62.967,62.939,62.958,90000000,1
1301559900000,1301559959000,62.958,62.98,62.958,62.977,91000000,1
1301559960000,1301560019000,62.977,62.997,62.976,62.997,64000000,1
1301560020000,1301560079000,62.997,63.007,62.989,63.007,74000000,1
1301560080000,1301560139000,63.001,63.008,62.987,62.997,89000000,1
1301560140000,1301560199000,62.997,63.007,62.987,62.987,112000000,1
1301560200000,1301560259000,62.987,62.998,62.977,62.994,116000000,1
1301560260000,1301560319000,62.994,63.003,62.986,63.003,95000000,1
1301560320000,1301560379000,63.004,63.006,62.989,62.996,92000000,1
1301560380000,1301560439000,62.997,63.036,62.997,63.029,140000000,1
1301560440000,1301560499000,63.031,63.033,63.008,63.016,77000000,1
1301560500000,1301560559000,63.016,63.019,63.006,63.006,97000000,1
1301560560000,1301560619000,63.006,63.016,62.998,63.016,60000000,1
1301560620000,1301560679000,63.017,63.027,63.007,63.011,80000000,1
1301560680000,1301560739000,63.012,63.016,62.999,63.016,76000000,1
1301560740000,1301560799000,63.016,63.018,63.016,63.018,30000000,1
1301560800000,1301560859000,63.018,63.036,63.016,63.016,66000000,1
1301560860000,1301560919000,63.016,63.017,62.996,63.017,86000000,1
1301560920000,1301560979000,63.017,63.03,63.016,63.018,82000000,1
1301560980000,1301561039000,63.017,63.037,63.017,63.037,68000000,1
1301561040000,1301561099000,63.037,63.037,63.006,63.006,64000000,1
1301561100000,1301561159000,63.006,63.026,63.0,63.009,133000000,1
1301561160000,1301561219000,63.008,63.017,63.007,63.017,35000000,1
1301561220000,1301561279000,63.017,63.017,62.999,63.009,95000000,1
1301561280000,1301561339000,63.007,63.017,63.006,63.009,30000000,1
1301561340000,1301561399000,63.013,63.021,63.007,63.017,88000000,1
1301561400000,1301561459000,63.017,63.027,63.006,63.026,49000000,1
1301561460000,1301561519000,63.026,63.068,63.026,63.058,103000000,1
1301561520000,1301561579000,63.061,63.068,63.057,63.067,108000000,1
1301561580000,1301561639000,63.067,63.068,63.039,63.057,90000000,1
1301561640000,1301561699000,63.057,63.07,63.036,63.036,79000000,1
1301561700000,1301561759000,63.033,63.038,63.006,63.007,117000000,1
1301561760000,1301561819000,63.01,63.026,62.998,63.006,77000000,1
1301561820000,1301561879000,63.006,63.007,62.993,63.007,70000000,1
1301561880000,1301561939000,63.005,63.026,62.987,62.99,75000000,1
1301561940000,1301561999000,62.987,63.027,62.987,63.018,116000000,1
1301562000000,1301562059000,63.018,63.029,63.007,63.017,154000000,1
1301562060000,1301562119000,63.017,63.022,63.008,63.016,77000000,1
1301562120000,1301562179000,63.017,63.051,63.013,63.046,168000000,1
1301562180000,1301562239000,63.04,63.051,63.027,63.047,149000000,1
1301562240000,1301562299000,63.047,63.07,63.046,63.051,136000000,1
1301562300000,1301562359000,63.057,63.058,63.037,63.042,209000000,1
1301562360000,1301562419000,63.044,63.058,63.02,63.057,171000000,1
1301562420000,1301562479000,63.052,63.067,63.046,63.058,107000000,1
1301562480000,1301562539000,63.059,63.059,63.042,63.047,58000000,1
1301562540000,1301562599000,63.047,63.077,63.047,63.068,101000000,1
1301562600000,1301562659000,63.068,63.076,63.058,63.076,80000000,1
1301562660000,1301562719000,63.076,63.118,63.059,63.118,131000000,1
1301562720000,1301562779000,63.107,63.117,63.088,63.097,161000000,1
1301562780000,1301562839000,63.097,63.11,63.087,63.097,83000000,1
1301562840000,1301562899000,63.096,63.098,63.087,63.088,64000000,1
1301562900000,1301562959000,63.088,63.088,63.058,63.076,106000000,1
1301562960000,1301563019000,63.076,63.079,63.066,63.078,89000000,1
1301563020000,1301563079000,63.078,63.078,63.059,63.068,53000000,1
1301563080000,1301563139000,63.068,63.076,63.051,63.057,172000000,1
1301563140000,1301563199000,63.057,63.067,63.057,63.067,73000000,1
1301563200000,1301563259000,63.067,63.128,63.067,63.127,143000000,1
1301563260000,1301563319000,63.127,63.148,63.118,63.139,111000000,1
1301563320000,1301563379000,63.139,63.157,63.132,63.156,156000000,1
1301563380000,1301563439000,63.156,63.167,63.146,63.167,98000000,1
1301563440000,1301563499000,63.166,63.176,63.137,63.157,198000000,1
1301563500000,1301563559000,63.16,63.167,63.147,63.167,84000000,1
1301563560000,1301563619000,63.168,63.168,63.146,63.148,68000000,1
1301563620000,1301563679000,63.148,63.164,63.147,63.158,85000000,1
1301563680000,1301563739000,63.158,63.191,63.157,63.168,144000000,1
1301563740000,1301563799000,63.167,63.171,63.147,63.148,79000000,1
1301563800000,1301563859000,63.156,63.172,63.147,63.152,121000000,1
1301563860000,1301563919000,63.152,63.179,63.152,63.179,50000000,1
1301563920000,1301563979000,63.179,63.187,63.164,63.176,105000000,1
1301563980000,1301564039000,63.176,63.205,63.176,63.189,120000000,1
1301564040000,1301564099000,63.189,63.253,63.189,63.237,136000000,1
1301564100000,1301564159000,63.243,63.243,63.208,63.208,109000000,1
1301564160000,1301564219000,63.211,63.226,63.211,63.226,31000000,1
1301564220000,1301564279000,63.226,63.229,63.216,63.221,131000000,1
1301564280000,1301564339000,63.218,63.223,63.201,63.209,73000000,1
1301564340000,1301564399000,63.208,63.211,63.206,63.206,33000000,1
1301564400000,1301564459000,63.207,63.207,63.158,63.178,148000000,1
1301564460000,1301564519000,63.176,63.182,63.159,63.16,92000000,1
1301564520000,1301564579000,63.16,63.167,63.157,63.158,48000000,1
1301564580000,1301564639000,63.158,63.167,63.153,63.162,93000000,1
1301564640000,1301564699000,63.165,63.172,63.142,63.142,116000000,1
1301564700000,1301564759000,63.141,63.142,63.127,63.128,50000000,1
1301564760000,1301564819000,63.128,63.158,63.121,63.158,98000000,1
1301564820000,1301564879000,63.157,63.158,63.133,63.133,61000000,1
1301564880000,1301564939000,63.133,63.133,63.126,63.126,21000000,1
1301564940000,1301564999000,63.122,63.127,63.107,63.116,59000000,1
1301565000000,1301565059000,63.11,63.136,63.107,63.116,74000000,1
1301565060000,1301565119000,63.118,63.136,63.117,63.127,39000000,1
1301565120000,1301565179000,63.127,63.147,63.126,63.129,54000000,1
1301565180000,1301565239000,63.129,63.162,63.128,63.147,78000000,1
1301565240000,1301565299000,63.147,63.157,63.143,63.147,66000000,1
1301565300000,1301565359000,63.147,63.167,63.147,63.16,40000000,1
1301565360000,1301565419000,63.16,63.171,63.156,63.159,77000000,1
1301565420000,1301565479000,63.157,63.167,63.149,63.156,41000000,1
1301565480000,1301565539000,63.156,63.186,63.156,63.186,53000000,1
1301565540000,1301565599000,63.186,63.187,63.166,63.177,92000000,1
1301565600000,1301565659000,63.177,63.187,63.177,63.187,60000000,1
1301565660000,1301565719000,63.186,63.196,63.178,63.196,69000000,1
1301565720000,1301565779000,63.196,63.207,63.188,63.207,80000000,1
1301565780000,1301565839000,63.206,63.21,63.196,63.203,99000000,1
1301565840000,1301565899000,63.2,63.227,63.198,63.22,120000000,1
1301565900000,1301565959000,63.218,63.227,63.217,63.227,95000000,1
1301565960000,1301566019000,63.227,63.232,63.212,63.217,102000000,1
1301566020000,1301566079000,63.217,63.217,63.187,63.187,92000000,1
1301566080000,1301566139000,63.187,63.197,63.187,63.197,39000000,1
1301566140000,1301566199000,63.197,63.197,63.196,63.197,17000000,1
1301566200000,1301566259000,63.196,63.197,63.178,63.187,78000000,1
1301566260000,1301566319000,63.187,63.188,63.167,63.17,81000000,1
1301566320000,1301566379000,63.177,63.189,63.166,63.168,128000000,1
1301566380000,1301566439000,63.169,63.178,63.168,63.176,50000000,1
1301566440000,1301566499000,63.177,63.177,63.146,63.15,79000000,1
1301566500000,1301566559000,63.157,63.158,63.149,63.157,34000000,1
1301566560000,1301566619000,63.156,63.218,63.156,63.218,125000000,1
1301566620000,1301566679000,63.217,63.217,63.189,63.196,46000000,1
1301566680000,1301566739000,63.198,63.207,63.197,63.206,62000000,1
1301566740000,1301566799000,63.206,63.207,63.187,63.19,46000000,1
1301566800000,1301566859000,63.186,63.188,63.186,63.187,43000000,1
1301566860000,1301566919000,63.192,63.192,63.187,63.189,28000000,1
1301566920000,1301566979000,63.191,63.199,63.19,63.199,23000000,1
1301566980000,1301567039000,63.197,63.206,63.197,63.2,46000000,1
1301567040000,1301567099000,63.2,63.208,63.197,63.207,69000000,1
1301567100000,1301567159000,63.203,63.207,63.179,63.187,39000000,1
1301567160000,1301567219000,63.188,63.2,63.188,63.196,37000000,1
1301567220000,1301567279000,63.197,63.202,63.187,63.196,33000000,1
1301567280000,1301567339000,63.196,63.197,63.187,63.189,46000000,1
1301567340000,1301567399000,63.191,63.199,63.186,63.196,102000000,1
1301567400000,1301567459000,63.196,63.196,63.168,63.177,91000000,1
1301567460000,1301567519000,63.177,63.187,63.166,63.179,99000000,1
1301567520000,1301567579000,63.18,63.206,63.18,63.206,45000000,1
1301567580000,1301567639000,63.206,63.208,63.193,63.194,72000000,1
1301567640000,1301567699000,63.196,63.196,63.173,63.186,70000000,1
1301567700000,1301567759000,63.186,63.187,63.178,63.178,50000000,1
1301567760000,1301567819000,63.178,63.18,63.176,63.176,55000000,1
1301567820000,1301567879000,63.177,63.186,63.172,63.178,49000000,1
1301567880000,1301567939000,63.178,63.19,63.173,63.187,61000000,1
1301567940000,1301567999000,63.191,63.191,63.166,63.166,54000000,1
1301568000000,1301568059000,63.166,63.185,63.166,63.18,56000000,1
1301568060000,1301568119000,63.18,63.188,63.18,63.186,23000000,1
1301568120000,1301568179000,63.186,63.186,63.157,63.162,55000000,1
1301568180000,1301568239000,63.161,63.176,63.156,63.156,64000000,1
1301568240000,1301568299000,63.156,63.158,63.156,63.156,44000000,1
1301568300000,1301568359000,63.157,63.167,63.156,63.167,70000000,1
1301568360000,1301568419000,63.168,63.188,63.168,63.186,40000000,1
1301568420000,1301568479000,63.186,63.191,63.148,63.15,80000000,1
1301568480000,1301568539000,63.156,63.202,63.146,63.198,101000000,1
1301568540000,1301568599000,63.198,63.209,63.177,63.187,72000000,1
1301568600000,1301568659000,63.191,63.2,63.188,63.198,39000000,1
1301568660000,1301568719000,63.196,63.198,63.186,63.186,46000000,1
1301568720000,1301568779000,63.179,63.208,63.177,63.206,95000000,1
1301568780000,1301568839000,63.203,63.239,63.203,63.238,86000000,1
1301568840000,1301568899000,63.238,63.238,63.213,63.217,45000000,1
1301568900000,1301568959000,63.217,63.232,63.217,63.218,79000000,1
1301568960000,1301569019000,63.218,63.227,63.212,63.212,39000000,1
1301569020000,1301569079000,63.207,63.227,63.204,63.217,116000000,1
1301569080000,1301569139000,63.217,63.219,63.207,63.211,72000000,1
1301569140000,1301569199000,63.209,63.211,63.198,63.207,100000000,1
1301569200000,1301569259000,63.207,63.217,63.169,63.173,109000000,1
1301569260000,1301569319000,63.174,63.181,63.167,63.181,96000000,1
1301569320000,1301569379000,63.181,63.188,63.179,63.188,36000000,1
1301569380000,1301569439000,63.188,63.188,63.182,63.187,21000000,1
1301569440000,1301569499000,63.189,63.227,63.189,63.226,76000000,1
1301569500000,1301569559000,63.223,63.236,63.201,63.208,99000000,1
1301569560000,1301569619000,63.208,63.212,63.186,63.186,109000000,1
1301569620000,1301569679000,63.191,63.217,63.191,63.212,57000000,1
1301569680000,1301569739000,63.208,63.226,63.208,63.218,56000000,1
1301569740000,1301569799000,63.218,63.227,63.206,63.211,79000000,1
1301569800000,1301569859000,63.207,63.231,63.207,63.227,91000000,1
1301569860000,1301569919000,63.217,63.227,63.207,63.217,48000000,1
1301569920000,1301569979000,63.216,63.216,63.204,63.207,44000000,1
1301569980000,1301570039000,63.207,63.207,63.196,63.197,47000000,1
1301570040000,1301570099000,63.197,63.217,63.197,63.217,88000000,1
1301570100000,1301570159000,63.217,63.227,63.197,63.197,51000000,1
1301570160000,1301570219000,63.198,63.207,63.186,63.196,36000000,1
1301570220000,1301570279000,63.197,63.218,63.197,63.218,44000000,1
1301570280000,1301570339000,63.218,63.231,63.218,63.23,40000000,1
1301570340000,1301570399000,63.231,63.248,63.231,63.239,92000000,1
1301570400000,1301570459000,63.24,63.242,63.223,63.228,89000000,1
1301570460000,1301570519000,63.228,63.238,63.228,63.228,32000000,1
1301570520000,1301570579000,63.228,63.228,63.209,63.218,28000000,1
1301570580000,1301570639000,63.218,63.231,63.218,63.228,36000000,1
1301570640000,1301570699000,63.228,63.243,63.222,63.243,61000000,1
1301570700000,1301570759000,63.248,63.259,63.247,63.247,55000000,1
1301570760000,1301570819000,63.247,63.248,63.238,63.238,87000000,1
1301570820000,1301570879000,63.238,63.259,63.238,63.248,56000000,1
1301570880000,1301570939000,63.246,63.247,63.24,63.24,6000000,1
1301570940000,1301570999000,63.24,63.24,63.238,63.239,32000000,1
1301571000000,1301571059000,63.239,63.248,63.232,63.238,109000000,1
1301571060000,1301571119000,63.238,63.248,63.238,63.239,41000000,1
1301571120000,1301571179000,63.243,63.249,63.243,63.247,34000000,1
1301571180000,1301571239000,63.247,63.247,63.227,63.237,77000000,1
1301571240000,1301571299000,63.239,63.266,63.239,63.266,61000000,1
1301571300000,1301571359000,63.267,63.316,63.261,63.312,193000000,1
1301571360000,1301571419000,63.307,63.313,63.281,63.285,97000000,1
1301571420000,1301571479000,63.279,63.304,63.277,63.297,102000000,1
1301571480000,1301571539000,63.297,63.304,63.293,63.298,66000000,1
1301571540000,1301571599000,63.299,63.302,63.288,63.297,54000000,1
1301571600000,1301571659000,63.297,63.303,63.28,63.286,82000000,1
1301571660000,1301571719000,63.286,63.297,63.282,63.282,46000000,1
1301571720000,1301571779000,63.282,63.297,63.282,63.297,46000000,1
1301571780000,1301571839000,63.297,63.307,63.289,63.293,58000000,1
1301571840000,1301571899000,63.293,63.317,63.29,63.317,67000000,1
1301571900000,1301571959000,63.318,63.318,63.308,63.317,47000000,1
1301571960000,1301572019000,63.317,63.32,63.311,63.32,20000000,1
1301572020000,1301572079000,63.319,63.325,63.318,63.322,31000000,1
1301572080000,1301572139000,63.32,63.321,63.309,63.314,18000000,1
1301572140000,1301572199000,63.314,63.318,63.3,63.302,38000000,1
1301572200000,1301572259000,63.297,63.301,63.278,63.288,59000000,1
1301572260000,1301572319000,63.287,63.289,63.284,63.287,37000000,1
1301572320000,1301572379000,63.287,63.296,63.268,63.269,39000000,1
1301572380000,1301572439000,63.27,63.28,63.266,63.266,83000000,1
1301572440000,1301572499000,63.268,63.288,63.266,63.282,104000000,1
1301572500000,1301572559000,63.282,63.298,63.282,63.296,64000000,1
1301572560000,1301572619000,63.296,63.299,63.287,63.294,59000000,1
1301572620000,1301572679000,63.294,63.297,63.268,63.277,94000000,1
1301572680000,1301572739000,63.27,63.283,63.268,63.281,37000000,1
1301572740000,1301572799000,63.281,63.287,63.276,63.277,62000000,1
1301572800000,1301572859000,63.277,63.282,63.265,63.277,83000000,1
1301572860000,1301572919000,63.279,63.279,63.249,63.257,66000000,1
1301572920000,1301572979000,63.257,63.258,63.243,63.245,61000000,1
1301572980000,1301573039000,63.245,63.248,63.216,63.216,88000000,1
1301573040000,1301573099000,63.213,63.216,63.201,63.207,107000000,1
1301573100000,1301573159000,63.207,63.217,63.207,63.209,65000000,1
1301573160000,1301573219000,63.207,63.21,63.192,63.198,123000000,1
1301573220000,1301573279000,63.197,63.208,63.197,63.208,75000000,1
1301573280000,1301573339000,63.208,63.211,63.202,63.209,55000000,1
1301573340000,1301573399000,63.212,63.217,63.207,63.207,54000000,1
1301573400000,1301573459000,63.207,63.238,63.207,63.236,103000000,1
1301573460000,1301573519000,63.238,63.239,63.227,63.228,75000000,1
1301573520000,1301573579000,63.227,63.228,63.2,63.201,70000000,1
1301573580000,1301573639000,63.207,63.218,63.207,63.217,53000000,1
1301573640000,1301573699000,63.217,63.228,63.21,63.228,101000000,1
1301573700000,1301573759000,63.228,63.228,63.206,63.206,47000000,1
1301573760000,1301573819000,63.208,63.227,63.202,63.226,99000000,1
1301573820000,1301573879000,63.226,63.237,63.217,63.236,76000000,1
1301573880000,1301573939000,63.236,63.238,63.217,63.232,121000000,1
1301573940000,1301573999000,63.24,63.247,63.228,63.228,81000000,1
1301574000000,1301574059000,63.236,63.251,63.236,63.247,90000000,1
1301574060000,1301574119000,63.239,63.256,63.237,63.246,92000000,1
1301574120000,1301574179000,63.246,63.26,63.246,63.258,94000000,1
1301574180000,1301574239000,63.257,63.29,63.257,63.289,140000000,1
1301574240000,1301574299000,63.29,63.317,63.287,63.317,103000000,1
1301574300000,1301574359000,63.317,63.317,63.295,63.298,87000000,1
1301574360000,1301574419000,63.296,63.304,63.287,63.287,59000000,1
1301574420000,1301574479000,63.288,63.298,63.287,63.298,76000000,1
1301574480000,1301574539000,63.297,63.3,63.281,63.287,90000000,1
1301574540000,1301574599000,63.287,63.298,63.236,63.237,77000000,1
1301574600000,1301574659000,63.236,63.288,63.204,63.269,133000000,1
1301574660000,1301574719000,63.27,63.281,63.258,63.281,130000000,1
1301574720000,1301574779000,63.282,63.29,63.275,63.278,62000000,1
1301574780000,1301574839000,63.277,63.285,63.261,63.261,95000000,1
1301574840000,1301574899000,63.261,63.268,63.257,63.261,137000000,1
1301574900000,1301574959000,63.262,63.262,63.247,63.247,111000000,1
1301574960000,1301575019000,63.247,63.251,63.23,63.23,132000000,1
1301575020000,1301575079000,63.23,63.235,63.208,63.208,143000000,1
1301575080000,1301575139000,63.209,63.209,63.179,63.187,160000000,1
1301575140000,1301575199000,63.185,63.185,63.161,63.172,130000000,1
1301575200000,1301575259000,63.176,63.177,63.151,63.154,94000000,1
1301575260000,1301575319000,63.156,63.158,63.134,63.135,163000000,1
1301575320000,1301575379000,63.134,63.139,63.121,63.135,173000000,1
1301575380000,1301575439000,63.136,63.139,63.111,63.116,193000000,1
1301575440000,1301575499000,63.116,63.136,63.115,63.119,159000000,1
1301575500000,1301575559000,63.117,63.117,63.098,63.1,157000000,1
1301575560000,1301575619000,63.099,63.107,63.053,63.057,225000000,1
1301575620000,1301575679000,63.055,63.073,63.03,63.038,271000000,1
1301575680000,1301575739000,63.038,63.038,63.017,63.028,203000000,1
1301575740000,1301575799000,63.028,63.058,63.028,63.043,180000000,1
1301575800000,1301575859000,63.043,63.044,63.037,63.037,78000000,1
1301575860000,1301575919000,63.027,63.037,63.012,63.037,158000000,1
1301575920000,1301575979000,63.035,63.058,63.023,63.026,208000000,1
1301575980000,1301576039000,63.028,63.06,63.027,63.057,153000000,1
1301576040000,1301576099000,63.058,63.078,63.049,63.078,141000000,1
1301576100000,1301576159000,63.077,63.082,63.03,63.037,183000000,1
1301576160000,1301576219000,63.04,63.058,63.038,63.044,115000000,1
1301576220000,1301576279000,63.044,63.056,63.028,63.029,140000000,1
1301576280000,1301576339000,63.028,63.047,63.018,63.027,115000000,1
1301576340000,1301576399000,63.026,63.028,63.008,63.008,63000000,1
1301576400000,1301576459000,63.008,63.016,62.988,62.988,202000000,1
1301576460000,1301576519000,62.976,63.0,62.961,62.968,195000000,1
1301576520000,1301576579000,62.967,62.978,62.953,62.976,154000000,1
1301576580000,1301576639000,62.976,63.001,62.973,62.992,144000000,1
1301576640000,1301576699000,62.991,63.021,62.99,63.006,187000000,1
1301576700000,1301576759000,63.004,63.031,62.998,63.012,136000000,1
1301576760000,1301576819000,63.007,63.012,62.987,62.987,144000000,1
1301576820000,1301576879000,62.989,62.99,62.96,62.986,154000000,1
1301576880000,1301576939000,62.985,62.991,62.976,62.986,122000000,1
1301576940000,1301576999000,62.985,62.988,62.976,62.98,153000000,1
1301577000000,1301577059000,62.982,62.992,62.964,62.97,147000000,1
1301577060000,1301577119000,62.968,63.004,62.966,63.002,97000000,1
1301577120000,1301577179000,62.998,63.018,62.997,63.007,78000000,1
1301577180000,1301577239000,63.007,63.02,62.995,62.996,91000000,1
1301577240000,1301577299000,62.995,63.023,62.995,63.019,84000000,1
1301577300000,1301577359000,63.019,63.028,63.016,63.017,83000000,1
1301577360000,1301577419000,63.019,63.028,63.006,63.008,135000000,1
1301577420000,1301577479000,63.009,63.027,63.007,63.012,100000000,1
1301577480000,1301577539000,63.013,63.022,63.003,63.018,111000000,1
1301577540000,1301577599000,63.017,63.028,63.016,63.028,95000000,1
1301577600000,1301577659000,63.027,63.039,63.02,63.038,162000000,1
1301577660000,1301577719000,63.041,63.061,63.037,63.061,70000000,1
1301577720000,1301577779000,63.061,63.07,63.054,63.058,133000000,1
1301577780000,1301577839000,63.061,63.062,63.05,63.059,84000000,1
1301577840000,1301577899000,63.058,63.063,63.053,63.056,136000000,1
1301577900000,1301577959000,63.057,63.059,63.034,63.051,159000000,1
1301577960000,1301578019000,63.052,63.086,63.052,63.057,132000000,1
1301578020000,1301578079000,63.057,63.059,63.028,63.037,139000000,1
1301578080000,1301578139000,63.037,63.05,63.037,63.046,67000000,1
1301578140000,1301578199000,63.046,63.06,63.046,63.06,129000000,1
1301578200000,1301578259000,63.059,63.081,63.059,63.077,108000000,1
1301578260000,1301578319000,63.079,63.109,63.074,63.107,139000000,1
1301578320000,1301578379000,63.107,63.127,63.107,63.127,84000000,1
1301578380000,1301578439000,63.127,63.128,63.111,63.117,115000000,1
1301578440000,1301578499000,63.116,63.132,63.112,63.13,70000000,1
1301578500000,1301578559000,63.13,63.132,63.122,63.132,92000000,1
1301578560000,1301578619000,63.133,63.147,63.127,63.147,116000000,1
1301578620000,1301578679000,63.147,63.186,63.144,63.186,157000000,1
1301578680000,1301578739000,63.186,63.229,63.186,63.191,232000000,1
1301578740000,1301578799000,63.189,63.207,63.187,63.207,86000000,1
1301578800000,1301578859000,63.208,63.213,63.187,63.187,96000000,1
1301578860000,1301578919000,63.186,63.188,63.178,63.179,61000000,1
1301578920000,1301578979000,63.182,63.243,63.182,63.203,180000000,1
1301578980000,1301579039000,63.204,63.212,63.182,63.189,138000000,1
1301579040000,1301579099000,63.189,63.229,63.189,63.206,112000000,1
1301579100000,1301579159000,63.199,63.201,63.177,63.197,105000000,1
1301579160000,1301579219000,63.197,63.207,63.187,63.198,110000000,1
1301579220000,1301579279000,63.198,63.206,63.177,63.177,123000000,1
1301579280000,1301579339000,63.177,63.197,63.17,63.186,142000000,1
1301579340000,1301579399000,63.186,63.197,63.177,63.197,83000000,1
1301579400000,1301579459000,63.195,63.207,63.177,63.179,140000000,1
1301579460000,1301579519000,63.176,63.176,63.166,63.175,73000000,1
1301579520000,1301579579000,63.175,63.177,63.146,63.156,109000000,1
1301579580000,1301579639000,63.157,63.162,63.137,63.138,107000000,1
1301579640000,1301579699000,63.14,63.17,63.138,63.166,103000000,1
1301579700000,1301579759000,63.166,63.192,63.166,63.192,143000000,1
1301579760000,1301579819000,63.192,63.207,63.17,63.197,113000000,1
1301579820000,1301579879000,63.196,63.218,63.196,63.207,108000000,1
1301579880000,1301579939000,63.207,63.215,63.188,63.197,160000000,1
1301579940000,1301579999000,63.197,63.199,63.138,63.138,153000000,1
1301580000000,1301580059000,63.138,63.187,63.137,63.177,173000000,1
1301580060000,1301580119000,63.177,63.199,63.177,63.197,109000000,1
1301580120000,1301580179000,63.196,63.196,63.167,63.168,118000000,1
1301580180000,1301580239000,63.167,63.177,63.137,63.158,204000000,1
1301580240000,1301580299000,63.158,63.174,63.139,63.155,130000000,1
1301580300000,1301580359000,63.152,63.169,63.148,63.156,172000000,1
1301580360000,1301580419000,63.156,63.158,63.126,63.127,114000000,1
1301580420000,1301580479000,63.127,63.154,63.122,63.154,67000000,1
1301580480000,1301580539000,63.154,63.168,63.153,63.168,60000000,1
1301580540000,1301580599000,63.167,63.197,63.167,63.177,166000000,1
1301580600000,1301580659000,63.177,63.18,63.159,63.161,89000000,1
1301580660000,1301580719000,63.164,63.193,63.163,63.186,144000000,1
1301580720000,1301580779000,63.187,63.192,63.177,63.182,106000000,1
1301580780000,1301580839000,63.186,63.216,63.186,63.197,124000000,1
1301580840000,1301580899000,63.197,63.213,63.197,63.206,125000000,1
1301580900000,1301580959000,63.207,63.217,63.205,63.217,85000000,1
1301580960000,1301581019000,63.218,63.231,63.216,63.227,80000000,1
1301581020000,1301581079000,63.227,63.245,63.223,63.233,183000000,1
1301581080000,1301581139000,63.234,63.236,63.207,63.207,68000000,1
1301581140000,1301581199000,63.208,63.224,63.208,63.217,86000000,1
1301581200000,1301581259000,63.216,63.226,63.213,63.216,77000000,1
1301581260000,1301581319000,63.216,63.237,63.216,63.227,124000000,1
1301581320000,1301581379000,63.227,63.243,63.218,63.241,86000000,1
1301581380000,1301581439000,63.241,63.268,63.241,63.262,69000000,1
1301581440000,1301581499000,63.265,63.268,63.256,63.257,108000000,1
1301581500000,1301581559000,63.257,63.267,63.238,63.239,153000000,1
1301581560000,1301581619000,63.239,63.281,63.239,63.278,126000000,1
1301581620000,1301581679000,63.281,63.282,63.262,63.277,108000000,1
1301581680000,1301581739000,63.271,63.289,63.258,63.287,150000000,1
1301581740000,1301581799000,63.286,63.288,63.273,63.277,95000000,1
1301581800000,1301581859000,63.275,63.283,63.266,63.283,161000000,1
1301581860000,1301581919000,63.283,63.298,63.28,63.286,136000000,1
1301581920000,1301581979000,63.286,63.293,63.273,63.276,90000000,1
1301581980000,1301582039000,63.28,63.287,63.26,63.262,71000000,1
1301582040000,1301582099000,63.26,63.261,63.217,63.227,110000000,1
1301582100000,1301582159000,63.227,63.239,63.217,63.238,132000000,1
1301582160000,1301582219000,63.238,63.259,63.238,63.247,123000000,1
1301582220000,1301582279000,63.247,63.267,63.237,63.266,155000000,1
1301582280000,1301582339000,63.266,63.278,63.241,63.247,187000000,1
1301582340000,1301582399000,63.24,63.252,63.217,63.223,118000000,1
1301582400000,1301582459000,63.221,63.285,63.213,63.285,190000000,1
1301582460000,1301582519000,63.284,63.292,63.279,63.281,86000000,1
1301582520000,1301582579000,63.287,63.307,63.268,63.282,144000000,1
1301582580000,1301582639000,63.282,63.307,63.273,63.296,109000000,1
1301582640000,1301582699000,63.296,63.299,63.286,63.297,179000000,1
1301582700000,1301582759000,63.297,63.327,63.297,63.31,134000000,1
1301582760000,1301582819000,63.308,63.314,63.276,63.277,195000000,1
1301582820000,1301582879000,63.277,63.282,63.237,63.248,224000000,1
1301582880000,1301582939000,63.248,63.278,63.248,63.276,163000000,1
1301582940000,1301582999000,63.276,63.288,63.271,63.271,105000000,1
1301583000000,1301583059000,63.27,63.274,63.243,63.247,205000000,1
1301583060000,1301583119000,63.25,63.267,63.239,63.247,120000000,1
1301583120000,1301583179000,63.249,63.27,63.247,63.266,118000000,1
1301583180000,1301583239000,63.266,63.288,63.248,63.288,98000000,1
1301583240000,1301583299000,63.288,63.307,63.288,63.299,110000000,1
1301583300000,1301583359000,63.299,63.299,63.283,63.286,58000000,1
1301583360000,1301583419000,63.288,63.298,63.255,63.258,173000000,1
1301583420000,1301583479000,63.259,63.266,63.238,63.263,181000000,1
1301583480000,1301583539000,63.267,63.269,63.227,63.227,142000000,1
1301583540000,1301583599000,63.227,63.228,63.17,63.201,234000000,1
1301583600000,1301583659000,63.205,63.237,63.204,63.216,205000000,1
1301583660000,1301583719000,63.216,63.237,63.201,63.209,160000000,1
1301583720000,1301583779000,63.213,63.237,63.206,63.207,116000000,1
1301583780000,1301583839000,63.216,63.237,63.206,63.218,155000000,1
1301583840000,1301583899000,63.217,63.247,63.216,63.218,146000000,1
1301583900000,1301583959000,63.223,63.237,63.223,63.236,81000000,1
1301583960000,1301584019000,63.228,63.249,63.2,63.207,128000000,1
1301584020000,1301584079000,63.206,63.227,63.198,63.203,153000000,1
1301584080000,1301584139000,63.206,63.228,63.197,63.222,116000000,1
1301584140000,1301584199000,63.222,63.247,63.212,63.216,116000000,1
1301584200000,1301584259000,63.218,63.24,63.208,63.24,132000000,1
1301584260000,1301584319000,63.237,63.242,63.237,63.238,64000000,1
1301584320000,1301584379000,63.237,63.243,63.216,63.238,164000000,1
1301584380000,1301584439000,63.238,63.246,63.228,63.228,80000000,1
1301584440000,1301584499000,63.227,63.258,63.226,63.247,68000000,1
1301584500000,1301584559000,63.247,63.259,63.239,63.256,71000000,1
1301584560000,1301584619000,63.256,63.267,63.237,63.246,102000000,1
1301584620000,1301584679000,63.249,63.276,63.246,63.267,97000000,1
1301584680000,1301584739000,63.256,63.267,63.248,63.267,77000000,1
1301584740000,1301584799000,63.258,63.277,63.256,63.266,77000000,1
1301584800000,1301584859000,63.257,63.277,63.256,63.256,87000000,1
1301584860000,1301584919000,63.256,63.276,63.256,63.276,53000000,1
1301584920000,1301584979000,63.276,63.278,63.258,63.277,63000000,1
1301584980000,1301585039000,63.277,63.277,63.216,63.216,114000000,1
1301585040000,1301585099000,63.218,63.236,63.218,63.236,36000000,1
1301585100000,1301585159000,63.236,63.237,63.209,63.216,109000000,1
1301585160000,1301585219000,63.217,63.238,63.217,63.237,122000000,1
1301585220000,1301585279000,63.237,63.237,63.212,63.217,72000000,1
1301585280000,1301585339000,63.213,63.238,63.209,63.237,101000000,1
1301585340000,1301585399000,63.236,63.246,63.228,63.236,113000000,1
1301585400000,1301585459000,63.236,63.257,63.232,63.246,177000000,1
1301585460000,1301585519000,63.246,63.246,63.206,63.206,145000000,1
1301585520000,1301585579000,63.211,63.218,63.197,63.217,120000000,1
1301585580000,1301585639000,63.218,63.218,63.197,63.206,80000000,1
1301585640000,1301585699000,63.206,63.207,63.189,63.198,104000000,1
1301585700000,1301585759000,63.198,63.198,63.156,63.168,143000000,1
1301585760000,1301585819000,63.168,63.168,63.147,63.166,77000000,1
1301585820000,1301585879000,63.166,63.17,63.147,63.17,144000000,1
1301585880000,1301585939000,63.172,63.177,63.157,63.165,89000000,1
1301585940000,1301585999000,63.167,63.168,63.127,63.136,135000000,1
1301586000000,1301586059000,63.136,63.137,63.107,63.117,130000000,1
1301586060000,1301586119000,63.115,63.117,63.097,63.107,147000000,1
1301586120000,1301586179000,63.107,63.136,63.097,63.127,127000000,1
1301586180000,1301586239000,63.127,63.127,63.099,63.117,102000000,1
1301586240000,1301586299000,63.117,63.117,63.099,63.109,101000000,1
1301586300000,1301586359000,63.11,63.116,63.097,63.097,82000000,1
1301586360000,1301586419000,63.097,63.108,63.088,63.108,71000000,1
1301586420000,1301586479000,63.108,63.138,63.107,63.137,146000000,1
1301586480000,1301586539000,63.137,63.168,63.128,63.158,140000000,1
1301586540000,1301586599000,63.147,63.158,63.137,63.148,121000000,1
1301586600000,1301586659000,63.149,63.159,63.148,63.157,117000000,1
1301586660000,1301586719000,63.157,63.177,63.157,63.167,75000000,1
1301586720000,1301586779000,63.167,63.197,63.159,63.187,99000000,1
1301586780000,1301586839000,63.186,63.191,63.176,63.19,110000000,1
1301586840000,1301586899000,63.191,63.198,63.176,63.198,92000000,1
1301586900000,1301586959000,63.198,63.201,63.187,63.201,92000000,1
1301586960000,1301587019000,63.201,63.218,63.196,63.208,73000000,1
1301587020000,1301587079000,63.217,63.226,63.207,63.226,107000000,1
1301587080000,1301587139000,63.226,63.227,63.197,63.197,112000000,1
1301587140000,1301587199000,63.197,63.203,63.167,63.203,224000000,1
1301587200000,1301587259000,63.203,63.247,63.203,63.217,191000000,1
1301587260000,1301587319000,63.218,63.247,63.217,63.238,106000000,1
1301587320000,1301587379000,63.238,63.247,63.227,63.247,91000000,1
1301587380000,1301587439000,63.247,63.256,63.239,63.246,43000000,1
1301587440000,1301587499000,63.247,63.258,63.246,63.258,54000000,1
1301587500000,1301587559000,63.258,63.258,63.249,63.258,82000000,1
1301587560000,1301587619000,63.258,63.268,63.256,63.267,101000000,1
1301587620000,1301587679000,63.267,63.267,63.237,63.247,92000000,1
1301587680000,1301587739000,63.254,63.256,63.236,63.242,77000000,1
1301587740000,1301587799000,63.242,63.242,63.233,63.239,52000000,1
1301587800000,1301587859000,63.24,63.261,63.24,63.249,42000000,1
1301587860000,1301587919000,63.247,63.247,63.228,63.237,32000000,1
1301587920000,1301587979000,63.237,63.237,63.22,63.236,48000000,1
1301587980000,1301588039000,63.229,63.24,63.217,63.24,81000000,1
1301588040000,1301588099000,63.239,63.247,63.232,63.237,55000000,1
1301588100000,1301588159000,63.237,63.248,63.227,63.248,154000000,1
1301588160000,1301588219000,63.241,63.258,63.238,63.247,103000000,1
1301588220000,1301588279000,63.241,63.26,63.238,63.258,55000000,1
1301588280000,1301588339000,63.259,63.271,63.257,63.267,38000000,1
1301588340000,1301588399000,63.267,63.287,63.257,63.287,76000000,1
1301588400000,1301588459000,63.281,63.281,63.267,63.277,54000000,1
1301588460000,1301588519000,63.277,63.277,63.277,63.277,11000000,1
1301588520000,1301588579000,63.278,63.288,63.277,63.288,21000000,1
1301588580000,1301588639000,63.288,63.296,63.287,63.292,41000000,1
1301588640000,1301588699000,63.291,63.297,63.287,63.288,47000000,1
1301588700000,1301588759000,63.281,63.307,63.281,63.307,40000000,1
1301588760000,1301588819000,63.307,63.318,63.307,63.317,18000000,1
1301588820000,1301588879000,63.318,63.328,63.317,63.317,43000000,1
1301588880000,1301588939000,63.317,63.328,63.317,63.317,44000000,1
1301588940000,1301588999000,63.317,63.328,63.312,63.328,23000000,1
1301589000000,1301589059000,63.318,63.329,63.318,63.328,37000000,1
1301589060000,1301589119000,63.328,63.329,63.328,63.328,64000000,1
1301589120000,1301589179000,63.328,63.338,63.328,63.337,69000000,1
1301589180000,1301589239000,63.337,63.338,63.328,63.328,84000000,1
1301589240000,1301589299000,63.328,63.33,63.328,63.329,138000000,1
1301589300000,1301589359000,63.328,63.337,63.328,63.328,100000000,1
1301589360000,1301589419000,63.328,63.338,63.328,63.33,45000000,1
1301589420000,1301589479000,63.33,63.337,63.328,63.328,29000000,1
1301589480000,1301589539000,63.328,63.338,63.328,63.328,64000000,1
1301589540000,1301589599000,63.328,63.329,63.297,63.297,79000000,1
1301589600000,1301589659000,63.296,63.297,63.27,63.278,42000000,1
1301589660000,1301589719000,63.278,63.301,63.278,63.3,79000000,1
1301589720000,1301589779000,63.3,63.318,63.3,63.318,27000000,1
1301589780000,1301589839000,63.318,63.319,63.318,63.319,29000000,1
1301589840000,1301589899000,63.318,63.319,63.318,63.319,68000000,1
1301589900000,1301589959000,63.318,63.319,63.318,63.318,43000000,1
1301589960000,1301590019000,63.318,63.319,63.302,63.308,58000000,1
1301590020000,1301590079000,63.312,63.318,63.307,63.317,23000000,1
1301590080000,1301590139000,63.317,63.328,63.308,63.308,58000000,1
1301590140000,1301590199000,63.308,63.318,63.298,63.3,32000000,1
1301590200000,1301590259000,63.298,63.318,63.298,63.303,52000000,1
1301590260000,1301590319000,63.303,63.308,63.297,63.297,61000000,1
1301590320000,1301590379000,63.297,63.298,63.287,63.287,45000000,1
1301590380000,1301590439000,63.29,63.298,63.287,63.298,60000000,1
1301590440000,1301590499000,63.298,63.308,63.286,63.286,42000000,1
1301590500000,1301590559000,63.286,63.298,63.267,63.278,142000000,1
1301590560000,1301590619000,63.278,63.288,63.277,63.288,31000000,1
1301590620000,1301590679000,63.288,63.288,63.266,63.277,57000000,1
1301590680000,1301590739000,63.277,63.278,63.276,63.278,31000000,1
1301590740000,1301590799000,63.268,63.278,63.249,63.267,116000000,1
1301590800000,1301590859000,63.267,63.279,63.267,63.279,45000000,1
1301590860000,1301590919000,63.278,63.279,63.257,63.257,83000000,1
1301590920000,1301590979000,63.257,63.258,63.25,63.257,26000000,1
1301590980000,1301591039000,63.259,63.268,63.257,63.268,26000000,1
1301591040000,1301591099000,63.269,63.278,63.267,63.267,35000000,1
1301591100000,1301591159000,63.267,63.298,63.267,63.298,64000000,1
1301591160000,1301591219000,63.294,63.298,63.288,63.29,31000000,1
1301591220000,1301591279000,63.292,63.308,63.292,63.292,30000000,1
1301591280000,1301591339000,63.294,63.298,63.293,63.298,18000000,1
1301591340000,1301591399000,63.296,63.302,63.295,63.302,9000000,1
1301591400000,1301591459000,63.302,63.302,63.269,63.272,25000000,1
1301591460000,1301591519000,63.278,63.278,63.27,63.277,28000000,1
1301591520000,1301591579000,63.277,63.278,63.268,63.277,16000000,1
1301591580000,1301591639000,63.281,63.29,63.275,63.288,74000000,1
1301591640000,1301591699000,63.288,63.297,63.288,63.292,34000000,1
1301591700000,1301591759000,63.292,63.297,63.284,63.292,44000000,1
1301591760000,1301591819000,63.285,63.286,63.285,63.286,5000000,1
1301591820000,1301591879000,63.285,63.297,63.285,63.285,25000000,1
1301591880000,1301591939000,63.285,63.292,63.285,63.287,24000000,1
1301591940000,1301591999000,63.287,63.291,63.286,63.291,8000000,1
1301592000000,1301592059000,63.289,63.289,63.271,63.271,105000000,1
1301592060000,1301592119000,63.278,63.287,63.269,63.28,69000000,1
1301592120000,1301592179000,63.284,63.288,63.277,63.287,53000000,1
1301592180000,1301592239000,63.287,63.297,63.278,63.293,78000000,1
1301592240000,1301592299000,63.293,63.298,63.278,63.297,54000000,1
1301592300000,1301592359000,63.297,63.298,63.293,63.293,83000000,1
1301592360000,1301592419000,63.293,63.302,63.293,63.301,47000000,1
1301592420000,1301592479000,63.301,63.31,63.297,63.307,48000000,1
1301592480000,1301592539000,63.307,63.318,63.307,63.313,17000000,1
1301592540000,1301592599000,63.311,63.313,63.307,63.309,33000000,1
1301592600000,1301592659000,63.309,63.319,63.308,63.318,23000000,1
1301592660000,1301592719000,63.318,63.319,63.318,63.318,47000000,1
1301592720000,1301592779000,63.298,63.299,63.297,63.297,28000000,1
1301592780000,1301592839000,63.297,63.298,63.297,63.297,23000000,1
1301592840000,1301592899000,63.298,63.308,63.297,63.306,19000000,1
1301592900000,1301592959000,63.308,63.317,63.297,63.307,80000000,1
1301592960000,1301593019000,63.317,63.347,63.307,63.347,66000000,1
1301593020000,1301593079000,63.339,63.357,63.339,63.347,56000000,1
1301593080000,1301593139000,63.347,63.357,63.347,63.351,46000000,1
1301593140000,1301593199000,63.351,63.351,63.348,63.348,7000000,1
1301593200000,1301593259000,63.358,63.368,63.348,63.357,63000000,1
1301593260000,1301593319000,63.358,63.378,63.357,63.367,73000000,1
1301593320000,1301593379000,63.367,63.368,63.357,63.367,46000000,1
1301593380000,1301593439000,63.361,63.368,63.358,63.358,20000000,1
1301593440000,1301593499000,63.358,63.358,63.355,63.355,12000000,1
1301593500000,1301593559000,63.356,63.358,63.351,63.351,47000000,1
1301593560000,1301593619000,63.348,63.358,63.348,63.352,19000000,1
1301593620000,1301593679000,63.357,63.378,63.357,63.376,63000000,1
1301593680000,1301593739000,63.369,63.376,63.368,63.369,49000000,1
1301593740000,1301593799000,63.369,63.38,63.368,63.379,33000000,1
1301593800000,1301593859000,63.379,63.387,63.378,63.378,15000000,1
1301593860000,1301593919000,63.378,63.387,63.377,63.377,29000000,1
1301593920000,1301593979000,63.377,63.387,63.377,63.387,15000000,1
1301593980000,1301594039000,63.387,63.397,63.377,63.377,27000000,1
1301594040000,1301594099000,63.377,63.377,63.326,63.33,32000000,1
1301594100000,1301594159000,63.332,63.332,63.319,63.328,81000000,1
1301594160000,1301594219000,63.329,63.353,63.329,63.353,41000000,1
1301594220000,1301594279000,63.353,63.357,63.353,63.353,78000000,1
1301594280000,1301594339000,63.353,63.353,63.334,63.342,68000000,1
1301594340000,1301594399000,63.339,63.368,63.339,63.368,67000000,1
1301594400000,1301594459000,63.369,63.371,63.363,63.363,46000000,1
1301594460000,1301594519000,63.365,63.376,63.358,63.368,54000000,1
1301594520000,1301594579000,63.368,63.371,63.349,63.349,47000000,1
1301594580000,1301594639000,63.348,63.349,63.34,63.349,36000000,1
1301594640000,1301594699000,63.354,63.369,63.349,63.349,94000000,1
1301594700000,1301594759000,63.349,63.349,63.346,63.346,21000000,1
1301594760000,1301594819000,63.342,63.353,63.34,63.34,29000000,1
1301594820000,1301594879000,63.339,63.339,63.321,63.338,35000000,1
1301594880000,1301594939000,63.338,63.343,63.327,63.327,53000000,1
1301594940000,1301594999000,63.328,63.328,63.323,63.323,19000000,1
1301595000000,1301595059000,63.321,63.338,63.321,63.33,61000000,1
1301595060000,1301595119000,63.33,63.35,63.33,63.35,43000000,1
1301595120000,1301595179000,63.348,63.358,63.348,63.357,55000000,1
1301595180000,1301595239000,63.357,63.361,63.349,63.361,48000000,1
1301595240000,1301595299000,63.358,63.358,63.348,63.349,34000000,1
1301595300000,1301595359000,63.348,63.35,63.344,63.349,36000000,1
1301595360000,1301595419000,63.349,63.349,63.34,63.348,32000000,1
1301595420000,1301595479000,63.35,63.364,63.348,63.364,21000000,1
1301595480000,1301595539000,63.364,63.37,63.353,63.358,42000000,1
1301595540000,1301595599000,63.358,63.358,63.35,63.352,38000000,1
1301595600000,1301595659000,63.351,63.364,63.351,63.359,50000000,1
1301595660000,1301595719000,63.359,63.364,63.359,63.361,20000000,1
1301595720000,1301595779000,63.361,63.365,63.357,63.36,72000000,1
1301595780000,1301595839000,63.362,63.369,63.36,63.361,47000000,1
1301595840000,1301595899000,63.362,63.364,63.348,63.354,44000000,1
1301595900000,1301595959000,63.357,63.367,63.348,63.358,71000000,1
1301595960000,1301596019000,63.358,63.368,63.354,63.354,50000000,1
1301596020000,1301596079000,63.35,63.351,63.327,63.328,103000000,1
1301596080000,1301596139000,63.329,63.34,63.329,63.34,16000000,1
1301596140000,1301596199000,63.338,63.346,63.324,63.328,40000000,1
1301596200000,1301596259000,63.331,63.331,63.324,63.324,48000000,1
1301596260000,1301596319000,63.323,63.331,63.32,63.331,59000000,1
1301596320000,1301596379000,63.331,63.331,63.326,63.329,34000000,1
1301596380000,1301596439000,63.328,63.33,63.303,63.306,70000000,1
1301596440000,1301596499000,63.305,63.305,63.295,63.303,22000000,1
1301596500000,1301596559000,63.302,63.307,63.298,63.298,35000000,1
1301596560000,1301596619000,63.298,63.298,63.291,63.291,32000000,1
1301596620000,1301596679000,63.291,63.316,63.287,63.307,81000000,1
1301596680000,1301596739000,63.305,63.323,63.304,63.318,66000000,1
1301596740000,1301596799000,63.318,63.329,63.318,63.328,115000000,1
1301596800000,1301596859000,63.329,63.333,63.318,63.328,62000000,1
1301596860000,1301596919000,63.319,63.341,63.318,63.338,98000000,1
1301596920000,1301596979000,63.339,63.339,63.325,63.334,37000000,1
1301596980000,1301597039000,63.334,63.338,63.323,63.323,20000000,1
1301597040000,1301597099000,63.324,63.329,63.321,63.321,24000000,1
1301597100000,1301597159000,63.321,63.333,63.31,63.328,123000000,1
1301597160000,1301597219000,63.331,63.338,63.326,63.338,54000000,1
1301597220000,1301597279000,63.34,63.34,63.337,63.337,16000000,1
1301597280000,1301597339000,63.337,63.347,63.337,63.342,35000000,1
1301597340000,1301597399000,63.34,63.348,63.338,63.348,27000000,1
1301597400000,1301597459000,63.348,63.348,63.334,63.337,62000000,1
1301597460000,1301597519000,63.337,63.358,63.337,63.355,98000000,1
1301597520000,1301597579000,63.357,63.369,63.35,63.369,126000000,1
1301597580000,1301597639000,63.371,63.379,63.367,63.377,78000000,1
1301597640000,1301597699000,63.377,63.378,63.37,63.377,72000000,1
1301597700000,1301597759000,63.374,63.387,63.361,63.368,166000000,1
1301597760000,1301597819000,63.368,63.381,63.364,63.377,147000000,1
1301597820000,1301597879000,63.377,63.387,63.371,63.378,119000000,1
1301597880000,1301597939000,63.381,63.398,63.381,63.398,94000000,1
1301597940000,1301597999000,63.398,63.408,63.39,63.408,107000000,1
1301598000000,1301598059000,63.408,63.418,63.38,63.382,94000000,1
1301598060000,1301598119000,63.381,63.39,63.368,63.384,80000000,1
1301598120000,1301598179000,63.387,63.409,63.387,63.398,74000000,1
1301598180000,1301598239000,63.399,63.413,63.398,63.412,62000000,1
1301598240000,1301598299000,63.411,63.431,63.411,63.413,33000000,1
1301598300000,1301598359000,63.413,63.428,63.413,63.418,42000000,1
1301598360000,1301598419000,63.42,63.42,63.413,63.413,15000000,1
1301598420000,1301598479000,63.415,63.415,63.408,63.408,26000000,1
1301598480000,1301598539000,63.409,63.411,63.404,63.409,41000000,1
1301598540000,1301598599000,63.411,63.411,63.401,63.408,45000000,1
1301598600000,1301598659000,63.405,63.409,63.4,63.409,63000000,1
1301598660000,1301598719000,63.406,63.409,63.404,63.406,51000000,1
1301598720000,1301598779000,63.406,63.42,63.406,63.419,45000000,1
1301598780000,1301598839000,63.42,63.426,63.419,63.419,19000000,1
1301598840000,1301598899000,63.417,63.421,63.417,63.419,23000000,1
1301598900000,1301598959000,63.417,63.421,63.417,63.421,27000000,1
1301598960000,1301599019000,63.427,63.428,63.414,63.421,54000000,1
1301599020000,1301599079000,63.421,63.421,63.419,63.419,13000000,1
1301599080000,1301599139000,63.418,63.418,63.414,63.414,47000000,1
1301599140000,1301599199000,63.414,63.417,63.41,63.416,22000000,1
1301599200000,1301599259000,63.414,63.418,63.408,63.41,50000000,1
1301599260000,1301599319000,63.408,63.408,63.408,63.408,8000000,1
1301599320000,1301599379000,63.408,63.411,63.408,63.408,30000000,1
1301599380000,1301599439000,63.406,63.408,63.402,63.407,17000000,1
1301599440000,1301599499000,63.406,63.408,63.401,63.408,16000000,1
1301599500000,1301599559000,63.408,63.408,63.399,63.407,19000000,1
1301599560000,1301599619000,63.41,63.41,63.407,63.41,18000000,1
1301599620000,1301599679000,63.41,63.41,63.407,63.408,13000000,1
1301599680000,1301599739000,63.407,63.408,63.406,63.407,19000000,1
1301599740000,1301599799000,63.408,63.408,63.407,63.408,11000000,1
1301599800000,1301599859000,63.408,63.41,63.408,63.41,9000000,1
1301599860000,1301599919000,63.403,63.409,63.391,63.394,51000000,1
1301599920000,1301599979000,63.397,63.397,63.389,63.396,26000000,1
1301599980000,1301600039000,63.389,63.396,63.388,63.389,35000000,1
1301600040000,1301600099000,63.389,63.389,63.388,63.388,13000000,1
1301600100000,1301600159000,63.388,63.39,63.382,63.388,24000000,1
1301600160000,1301600219000,63.39,63.398,63.389,63.389,25000000,1
1301600220000,1301600279000,63.389,63.39,63.388,63.389,18000000,1
1301600280000,1301600339000,63.389,63.39,63.379,63.38,30000000,1
1301600340000,1301600399000,63.379,63.382,63.379,63.379,6000000,1
1301600400000,1301600459000,63.377,63.378,63.377,63.377,7000000,1
1301600460000,1301600519000,63.371,63.381,63.363,63.374,37000000,1
1301600520000,1301600579000,63.374,63.383,63.366,63.367,58000000,1
1301600580000,1301600639000,63.367,63.37,63.367,63.37,43000000,1
1301600640000,1301600699000,63.37,63.4,63.37,63.4,52000000,1
1301600700000,1301600759000,63.405,63.408,63.394,63.408,63000000,1
1301600760000,1301600819000,63.406,63.428,63.406,63.418,57000000,1
1301600820000,1301600879000,63.418,63.418,63.408,63.408,10000000,1
1301600880000,1301600939000,63.408,63.422,63.408,63.422,67000000,1
1301600940000,1301600999000,63.42,63.421,63.41,63.417,27000000,1
1301601000000,1301601059000,63.417,63.418,63.413,63.417,12000000,1
1301601060000,1301601119000,63.413,63.418,63.41,63.414,41000000,1
1301601120000,1301601179000,63.414,63.428,63.414,63.428,93000000,1
1301601180000,1301601239000,63.433,63.466,63.433,63.451,164000000,1
1301601240000,1301601299000,63.457,63.46,63.45,63.452,92000000,1
1301601300000,1301601359000,63.454,63.469,63.446,63.462,91000000,1
1301601360000,1301601419000,63.465,63.494,63.463,63.479,98000000,1
1301601420000,1301601479000,63.476,63.483,63.45,63.45,92000000,1
1301601480000,1301601539000,63.45,63.454,63.439,63.447,87000000,1
1301601540000,1301601599000,63.448,63.468,63.447,63.449,116000000,1
1301601600000,1301601659000,63.447,63.447,63.427,63.435,95000000,1
1301601660000,1301601719000,63.435,63.447,63.414,63.414,93000000,1
1301601720000,1301601779000,63.416,63.422,63.408,63.422,70000000,1
1301601780000,1301601839000,63.421,63.437,63.408,63.417,51000000,1
1301601840000,1301601899000,63.417,63.428,63.412,63.412,32000000,1
1301601900000,1301601959000,63.412,63.412,63.4,63.4,28000000,1
1301601960000,1301602019000,63.398,63.408,63.397,63.408,88000000,1
1301602020000,1301602079000,63.408,63.417,63.407,63.407,53000000,1
1301602080000,1301602139000,63.407,63.408,63.401,63.407,60000000,1
1301602140000,1301602199000,63.407,63.414,63.407,63.409,56000000,1
1301602200000,1301602259000,63.411,63.411,63.324,63.356,80000000,1
1301602260000,1301602319000,63.356,63.374,63.356,63.374,55000000,1
1301602320000,1301602379000,63.37,63.374,63.369,63.369,11000000,1
1301602380000,1301602439000,63.369,63.369,63.342,63.367,44000000,1
1301602440000,1301602499000,63.376,63.376,63.337,63.337,94000000,1
1301602500000,1301602559000,63.337,63.348,63.337,63.342,49000000,1
1301602560000,1301602619000,63.345,63.37,63.337,63.36,51000000,1
1301602620000,1301602679000,63.368,63.369,63.357,63.366,99000000,1
1301602680000,1301602739000,63.367,63.367,63.324,63.328,65000000,1
1301602740000,1301602799000,63.327,63.336,63.307,63.326,145000000,1
1301602800000,1301602859000,63.326,63.361,63.32,63.353,70000000,1
1301602860000,1301602919000,63.35,63.35,63.298,63.321,134000000,1
1301602920000,1301602979000,63.321,63.321,63.315,63.318,17000000,1
1301602980000,1301603039000,63.317,63.324,63.308,63.308,78000000,1
1301603040000,1301603099000,63.31,63.31,63.3,63.3,30000000,1
1301603100000,1301603159000,63.3,63.3,63.251,63.273,83000000,1
1301603160000,1301603219000,63.278,63.329,63.266,63.317,135000000,1
1301603220000,1301603279000,63.328,63.347,63.318,63.336,113000000,1
1301603280000,1301603339000,63.336,63.338,63.319,63.338,51000000,1
1301603340000,1301603399000,63.338,63.348,63.329,63.348,49000000,1
1301603400000,1301603459000,63.348,63.358,63.338,63.348,68000000,1
1301603460000,1301603519000,63.347,63.357,63.329,63.339,96000000,1
1301603520000,1301603579000,63.341,63.348,63.341,63.344,35000000,1
1301603580000,1301603639000,63.344,63.344,63.327,63.327,44000000,1
1301603640000,1301603699000,63.327,63.358,63.327,63.342,81000000,1
1301603700000,1301603759000,63.347,63.367,63.33,63.362,114000000,1
1301603760000,1301603819000,63.363,63.368,63.338,63.368,61000000,1
1301603820000,1301603879000,63.367,63.368,63.361,63.368,22000000,1
1301603880000,1301603939000,63.362,63.368,63.362,63.368,16000000,1
1301603940000,1301603999000,63.368,63.368,63.357,63.367,34000000,1
1301604000000,1301604059000,63.367,63.367,63.358,63.363,40000000,1
1301604060000,1301604119000,63.369,63.369,63.361,63.361,9000000,1
1301604120000,1301604179000,63.36,63.36,63.348,63.348,49000000,1
1301604180000,1301604239000,63.348,63.348,63.336,63.338,70000000,1
1301604240000,1301604299000,63.338,63.348,63.301,63.317,115000000,1
1301604300000,1301604359000,63.317,63.327,63.298,63.31,70000000,1
1301604360000,1301604419000,63.316,63.317,63.297,63.308,114000000,1
1301604420000,1301604479000,63.307,63.309,63.307,63.308,33000000,1
1301604480000,1301604539000,63.308,63.327,63.296,63.327,77000000,1
1301604540000,1301604599000,63.327,63.337,63.318,63.318,64000000,1
1301604600000,1301604659000,63.318,63.322,63.307,63.307,44000000,1
1301604660000,1301604719000,63.307,63.314,63.3,63.301,79000000,1
1301604720000,1301604779000,63.301,63.318,63.298,63.308,53000000,1
1301604780000,1301604839000,63.308,63.328,63.308,63.327,83000000,1
1301604840000,1301604899000,63.328,63.338,63.323,63.327,98000000,1
1301604900000,1301604959000,63.338,63.338,63.327,63.328,46000000,1
1301604960000,1301605019000,63.328,63.338,63.318,63.328,31000000,1
1301605020000,1301605079000,63.328,63.328,63.328,63.328,14000000,1
1301605080000,1301605139000,63.328,63.328,63.317,63.328,46000000,1
1301605140000,1301605199000,63.328,63.328,63.238,63.288,81000000,1
1301605200000,1301605259000,63.276,63.279,63.229,63.262,110000000,1
1301605260000,1301605319000,63.262,63.298,63.251,63.287,62000000,1
1301605320000,1301605379000,63.278,63.288,63.247,63.257,52000000,1
1301605380000,1301605439000,63.257,63.266,63.256,63.262,9000000,1
1301605440000,1301605499000,63.266,63.272,63.261,63.272,0,1
1301605500000,1301605559000,63.253,63.282,63.247,63.281,5000000,1
1301605560000,1301605619000,63.281,63.281,63.261,63.274,5000000,1
1301605620000,1301605679000,63.274,63.276,63.273,63.273,3000000,1
1301605680000,1301605739000,63.273,63.295,63.248,63.248,8000000,1
1301605740000,1301605799000,63.248,63.277,63.248,63.266,4000000,1
1301605800000,1301605859000,63.272,63.286,63.266,63.283,6000000,1
1301605860000,1301605919000,63.283,63.287,63.277,63.286,4000000,1
1301605920000,1301605979000,63.286,63.297,63.286,63.297,0,1
1301605980000,1301606039000,63.297,63.297,63.288,63.288,0,1
1301606040000,1301606099000,63.307,63.307,63.293,63.306,6000000,1
1301606100000,1301606159000,63.306,63.326,63.306,63.326,8000000,1
1301606160000,1301606219000,63.326,63.327,63.297,63.316,40000000,1
1301606220000,1301606279000,63.311,63.337,63.302,63.318,24000000,1
1301606280000,1301606339000,63.319,63.322,63.307,63.311,28000000,1
1301606340000,1301606399000,63.327,63.337,63.326,63.337,8000000,1
1301606400000,1301606459000,63.328,63.362,63.327,63.334,25000000,1
1301606460000,1301606519000,63.334,63.351,63.334,63.342,59000000,1
1301606520000,1301606579000,63.338,63.358,63.322,63.347,58000000,1
1301606580000,1301606639000,63.356,63.356,63.338,63.347,22000000,1
1301606640000,1301606699000,63.346,63.352,63.346,63.351,16000000,1
1301606700000,1301606759000,63.351,63.356,63.351,63.356,2000000,1
1301606760000,1301606819000,63.347,63.367,63.347,63.357,23000000,1
1301606820000,1301606879000,63.357,63.366,63.353,63.353,16000000,1
1301606880000,1301606939000,63.347,63.347,63.338,63.347,16000000,1
1301606940000,1301606999000,63.346,63.355,63.346,63.347,11000000,1
1301607000000,1301607059000,63.346,63.35,63.346,63.347,11000000,1
1301607060000,1301607119000,63.347,63.356,63.336,63.337,17000000,1
1301607120000,1301607179000,63.337,63.357,63.337,63.357,29000000,1
1301607180000,1301607239000,63.362,63.367,63.357,63.361,9000000,1
1301607240000,1301607299000,63.361,63.361,63.356,63.357,5000000,1
1301607300000,1301607359000,63.356,63.357,63.351,63.357,4000000,1
1301607360000,1301607419000,63.353,63.366,63.348,63.366,7000000,1
1301607420000,1301607479000,63.358,63.366,63.345,63.347,21000000,1
1301607480000,1301607539000,63.352,63.367,63.346,63.348,24000000,1
1301607540000,1301607599000,63.347,63.347,63.297,63.324,24000000,1
1301607600000,1301607659000,63.317,63.337,63.316,63.337,6000000,1
1301607660000,1301607719000,63.326,63.326,63.322,63.322,2000000,1
1301607720000,1301607779000,63.322,63.336,63.311,63.313,16000000,1
1301607780000,1301607839000,63.307,63.317,63.307,63.317,5000000,1
1301607840000,1301607899000,63.306,63.317,63.299,63.302,17000000,1
1301607900000,1301607959000,63.319,63.327,63.296,63.311,13000000,1
1301607960000,1301608019000,63.311,63.32,63.311,63.312,7000000,1
1301608020000,1301608079000,63.311,63.314,63.304,63.307,10000000,1
1301608080000,1301608139000,63.307,63.307,63.3,63.307,15000000,1
1301608140000,1301608199000,63.307,63.307,63.286,63.297,36000000,1
1301608200000,1301608259000,63.297,63.317,63.286,63.316,53000000,1
1301608260000,1301608319000,63.306,63.306,63.306,63.306,4000000,1
1301608320000,1301608379000,63.306,63.307,63.296,63.296,17000000,1
1301608380000,1301608439000,63.297,63.297,63.296,63.297,11000000,1
1301608440000,1301608499000,63.296,63.297,63.296,63.296,8000000,1
1301608500000,1301608559000,63.297,63.297,63.296,63.296,4000000,1
1301608560000,1301608619000,63.297,63.297,63.296,63.297,6000000,1
1301608620000,1301608679000,63.296,63.307,63.296,63.307,9000000,1
1301608680000,1301608739000,63.307,63.307,63.296,63.296,28000000,1
1301608740000,1301608799000,63.296,63.307,63.296,63.296,11000000,1
1301608800000,1301608859000,63.296,63.297,63.286,63.297,73000000,1
1301608860000,1301608919000,63.286,63.287,63.276,63.276,51000000,1
1301608920000,1301608979000,63.287,63.297,63.219,63.266,47000000,1
1301608980000,1301609039000,63.267,63.287,63.266,63.287,41000000,1
1301609040000,1301609099000,63.287,63.287,63.278,63.278,44000000,1
1301609100000,1301609159000,63.278,63.278,63.266,63.276,59000000,1
1301609160000,1301609219000,63.276,63.277,63.266,63.267,38000000,1
1301609220000,1301609279000,63.266,63.276,63.266,63.276,23000000,1
1301609280000,1301609339000,63.267,63.287,63.266,63.287,74000000,1
1301609340000,1301609399000,63.277,63.297,63.276,63.296,69000000,1
1301609400000,1301609459000,63.296,63.296,63.276,63.277,65000000,1
1301609460000,1301609519000,63.277,63.286,63.276,63.286,31000000,1
1301609520000,1301609579000,63.286,63.287,63.278,63.287,7000000,1
1301609580000,1301609639000,63.286,63.297,63.286,63.296,29000000,1
1301609640000,1301609699000,63.297,63.307,63.296,63.306,27000000,1
1301609700000,1301609759000,63.306,63.306,63.286,63.287,62000000,1
1301609760000,1301609819000,63.287,63.287,63.287,63.287,2000000,1
1301609820000,1301609879000,63.287,63.306,63.286,63.306,49000000,1
1301609880000,1301609939000,63.306,63.317,63.298,63.317,33000000,1
1301609940000,1301609999000,63.317,63.327,63.316,63.316,49000000,1
1301610000000,1301610059000,63.316,63.327,63.316,63.318,14000000,1
1301610060000,1301610119000,63.317,63.317,63.308,63.317,27000000,1
1301610120000,1301610179000,63.317,63.327,63.316,63.326,22000000,1
1301610180000,1301610239000,63.326,63.336,63.326,63.327,31000000,1
1301610240000,1301610299000,63.327,63.327,63.317,63.317,12000000,1
1301610300000,1301610359000,63.317,63.327,63.317,63.326,12000000,1
1301610360000,1301610419000,63.326,63.337,63.317,63.336,22000000,1
1301610420000,1301610479000,63.337,63.346,63.326,63.336,19000000,1
1301610480000,1301610539000,63.337,63.337,63.336,63.336,10000000,1
1301610540000,1301610599000,63.336,63.347,63.326,63.326,21000000,1
1301610600000,1301610659000,63.327,63.347,63.327,63.346,40000000,1
1301610660000,1301610719000,63.346,63.357,63.336,63.347,64000000,1
1301610720000,1301610779000,63.347,63.357,63.346,63.356,58000000,1
1301610780000,1301610839000,63.356,63.367,63.356,63.366,44000000,1
1301610840000,1301610899000,63.366,63.367,63.356,63.356,28000000,1
1301610900000,1301610959000,63.356,63.377,63.356,63.366,43000000,1
1301610960000,1301611019000,63.367,63.386,63.36,63.367,160000000,1
1301611020000,1301611079000,63.366,63.377,63.358,63.368,114000000,1
1301611080000,1301611139000,63.368,63.377,63.358,63.367,54000000,1
1301611140000,1301611199000,63.367,63.377,63.359,63.376,74000000,1
1301611200000,1301611259000,63.376,63.376,63.356,63.359,79000000,1
1301611260000,1301611319000,63.357,63.368,63.357,63.358,46000000,1
1301611320000,1301611379000,63.357,63.387,63.357,63.387,79000000,1
1301611380000,1301611439000,63.377,63.397,63.376,63.386,107000000,1
1301611440000,1301611499000,63.387,63.387,63.342,63.38,126000000,1
1301611500000,1301611559000,63.377,63.387,63.376,63.379,49000000,1
1301611560000,1301611619000,63.377,63.388,63.377,63.387,109000000,1
1301611620000,1301611679000,63.387,63.387,63.366,63.367,66000000,1
1301611680000,1301611739000,63.376,63.387,63.367,63.378,73000000,1
1301611740000,1301611799000,63.376,63.387,63.376,63.377,44000000,1
1301611800000,1301611859000,63.387,63.387,63.376,63.377,47000000,1
1301611860000,1301611919000,63.378,63.378,63.377,63.377,35000000,1
1301611920000,1301611979000,63.377,63.378,63.377,63.377,45000000,1
1301611980000,1301612039000,63.377,63.377,63.377,63.377,40000000,1
1301612040000,1301612099000,63.377,63.378,63.376,63.376,76000000,1
1301612100000,1301612159000,63.368,63.378,63.368,63.378,46000000,1
1301612160000,1301612219000,63.387,63.387,63.377,63.378,57000000,1
1301612220000,1301612279000,63.378,63.387,63.376,63.381,57000000,1
1301612280000,1301612339000,63.381,63.387,63.369,63.386,44000000,1
1301612340000,1301612399000,63.386,63.407,63.386,63.407,49000000,1
1301612400000,1301612459000,63.401,63.419,63.4,63.413,29000000,1
1301612460000,1301612519000,63.41,63.417,63.386,63.406,82000000,1
1301612520000,1301612579000,63.406,63.41,63.4,63.403,44000000,1
1301612580000,1301612639000,63.403,63.436,63.401,63.426,52000000,1
1301612640000,1301612699000,63.426,63.427,63.417,63.417,36000000,1
1301612700000,1301612759000,63.417,63.43,63.417,63.426,46000000,1
1301612760000,1301612819000,63.43,63.436,63.426,63.436,60000000,1
1301612820000,1301612879000,63.437,63.439,63.428,63.436,50000000,1
1301612880000,1301612939000,63.436,63.447,63.436,63.436,59000000,1
1301612940000,1301612999000,63.436,63.446,63.432,63.432,39000000,1
1301613000000,1301613059000,63.429,63.437,63.39,63.397,52000000,1
1301613060000,1301613119000,63.397,63.417,63.397,63.407,39000000,1
1301613120000,1301613179000,63.407,63.407,63.391,63.406,61000000,1
1301613180000,1301613239000,63.406,63.427,63.406,63.427,46000000,1
1301613240000,1301613299000,63.417,63.427,63.417,63.426,15000000,1
1301613300000,1301613359000,63.426,63.428,63.416,63.428,20000000,1
1301613360000,1301613419000,63.428,63.428,63.406,63.407,29000000,1
1301613420000,1301613479000,63.407,63.408,63.397,63.407,57000000,1
1301613480000,1301613539000,63.407,63.408,63.398,63.407,30000000,1
1301613540000,1301613599000,63.417,63.417,63.397,63.397,40000000,1
1301613600000,1301613659000,63.397,63.397,63.396,63.396,34000000,1
1301613660000,1301613719000,63.396,63.397,63.388,63.388,9000000,1
1301613720000,1301613779000,63.388,63.397,63.368,63.378,80000000,1
1301613780000,1301613839000,63.378,63.378,63.377,63.377,45000000,1
1301613840000,1301613899000,63.377,63.378,63.368,63.378,46000000,1
1301613900000,1301613959000,63.378,63.378,63.36,63.368,28000000,1
1301613960000,1301614019000,63.368,63.368,63.347,63.348,52000000,1
1301614020000,1301614079000,63.348,63.348,63.337,63.338,92000000,1
1301614080000,1301614139000,63.338,63.34,63.337,63.337,87000000,1
1301614140000,1301614199000,63.338,63.348,63.327,63.328,65000000,1
1301614200000,1301614259000,63.328,63.328,63.327,63.328,53000000,1
1301614260000,1301614319000,63.331,63.337,63.327,63.33,71000000,1
1301614320000,1301614379000,63.33,63.337,63.33,63.33,19000000,1
1301614380000,1301614439000,63.332,63.333,63.327,63.327,31000000,1
1301614440000,1301614499000,63.326,63.331,63.285,63.292,56000000,1
1301614500000,1301614559000,63.295,63.297,63.264,63.264,36000000,1
1301614560000,1301614619000,63.268,63.276,63.263,63.27,45000000,1
1301614620000,1301614679000,63.276,63.28,63.276,63.28,18000000,1
1301614680000,1301614739000,63.28,63.307,63.28,63.298,38000000,1
1301614740000,1301614799000,63.298,63.307,63.298,63.301,27000000,1
1301614800000,1301614859000,63.301,63.303,63.284,63.284,53000000,1
1301614860000,1301614919000,63.285,63.298,63.285,63.294,27000000,1
1301614920000,1301614979000,63.298,63.307,63.293,63.307,22000000,1
1301614980000,1301615039000,63.307,63.324,63.306,63.317,44000000,1
1301615040000,1301615099000,63.317,63.318,63.309,63.318,57000000,1
1301615100000,1301615159000,63.318,63.327,63.317,63.317,40000000,1
1301615160000,1301615219000,63.316,63.32,63.316,63.318,28000000,1
1301615220000,1301615279000,63.318,63.327,63.318,63.318,38000000,1
1301615280000,1301615339000,63.318,63.327,63.318,63.327,26000000,1
1301615340000,1301615399000,63.326,63.327,63.321,63.322,21000000,1
1301615400000,1301615459000,63.319,63.319,63.317,63.317,25000000,1
1301615460000,1301615519000,63.317,63.334,63.317,63.329,99000000,1
1301615520000,1301615579000,63.329,63.368,63.328,63.368,123000000,1
1301615580000,1301615639000,63.36,63.373,63.359,63.37,124000000,1
1301615640000,1301615699000,63.374,63.376,63.368,63.37,38000000,1
1301615700000,1301615759000,63.37,63.379,63.359,63.371,71000000,1
1301615760000,1301615819000,63.371,63.377,63.367,63.376,52000000,1
1301615820000,1301615879000,63.376,63.378,63.341,63.351,125000000,1
1301615880000,1301615939000,63.351,63.351,63.329,63.331,99000000,1
1301615940000,1301615999000,63.331,63.337,63.312,63.317,43000000,1
